name,gcode,vgenus,jk_poly_normed,en_poly_normed,is_cc,is_ac,bsMtxNoSrt,primMatrix,isPrim,phi,phi_sym,inPoly,inv_phi,bar_phi,invbar_phi,matrix_sym_type,fillings,alg_genus,arrowpoly,reverse,mirror_img,rev_mir_img,diag_sym_type,r3_orbit,r3_orbit_length,namelink,outPoly,uPoly,cable_arr_poly,slice
8.975501,O1O2O3U2O4O5U6U4O7U1U7O8U5U8O6U3,4,2z^3+26z^2+105z+123,2w^4z^3+26w^3z^2+105w^2z+123w,False,False,"[[ 0 -2 -1  2  0  2 -3  1  1],[ 2  0  0  3  0  3 -1  1  1],[ 1  0  0  1  0  0  1  0  0],[-2 -3 -1  0  0  1 -4  0  1],[ 0  0  0  0  0  1 -1  0  1],[-2 -3  0 -1 -1  0 -3  0  1],[ 3  1 -1  4  1  3  0  1  1],[-1 -1  0  0  0  0 -1  0  0],[-1 -1  0 -1 -1 -1 -1  0  0]]","[[ 0  2  2  1  1  0 -1 -2 -3],[-2  0  1  1  0  0 -1 -3 -4],[-2 -1  0  1  0 -1  0 -3 -3],[-1 -1 -1  0  0 -1  0 -1 -1],[-1  0  0  0  0  0  0 -1 -1],[ 0  0  1  1  0  0  0  0 -1],[ 1  1  0  0  0  0  0  0  1],[ 2  3  3  1  1  0  0  0 -1],[ 3  4  3  1  1  1 -1  1  0]]",True,"[-2,-2,-1,-1,0,1,2,3,-1,-1,0,0,1,3,4,-1,0,1,0,3,3,0,1,0,1,1,0,0,1,1,0,0,1,0,-1,1]","[-3,-2,-1,0,1,1,2,2,0,3,2,3,3,1,2,1,2,2,2,1,1,1,2,2,2,3,0,1,2,1,0,2,2,1,1,-1]",t^8+56t^6+126t^4+46t^2+1,"[-3,-2,-1,0,1,1,2,2,0,3,2,3,3,1,2,1,2,2,2,1,1,1,2,2,2,3,0,1,2,1,0,2,2,1,1,-1]","[-2,-2,-1,-1,0,1,2,3,-1,1,2,1,3,1,2,1,2,2,2,1,1,0,1,2,2,3,0,2,2,3,1,2,2,1,3,0]","[-3,-2,-1,0,1,1,2,2,1,-1,1,1,1,3,4,0,0,1,1,3,3,0,0,0,0,1,0,1,1,0,0,0,0,-1,-1,-1]",c,"[[{8, 1}, {2, 7}, {3, 6}, {4, 5}], [{8, 1}, {2, 7}, {4, 6}, {3, 5}], [{8, 1}, {2, 7}, {5, 6}, {3, 4}], [{8, 1}, {3, 7}, {2, 6}, {4, 5}], [{8, 1}, {3, 7}, {4, 6}, {2, 5}], [{8, 1}, {3, 7}, {5, 6}, {2, 4}], [{8, 1}, {3, 7}, {5, 6}, {4}, {2}], [{8, 1}, {3, 7}, {6}, {5}, {2, 4}], [{8, 1}, {4, 7}, {2, 6}, {3, 5}], [{8, 1}, {4, 7}, {3, 6}, {2, 5}], [{8, 1}, {4, 7}, {5, 6}, {2, 3}], [{8, 1}, {5, 7}, {2, 6}, {3, 4}], [{8, 1}, {5, 7}, {3, 6}, {2, 4}], [{8, 1}, {5, 7}, {3, 6}, {4}, {2}], [{8, 1}, {5, 7}, {4, 6}, {2, 3}], [{8, 1}, {5, 7}, {6}, {2, 4}, {3}], [{8, 1}, {6, 7}, {2, 5}, {3, 4}], [{8, 1}, {6, 7}, {2, 5}, {4}, {3}], [{8, 1}, {6, 7}, {3, 5}, {2, 4}], [{8, 1}, {6, 7}, {4, 5}, {2, 3}], [{8, 1}, {6, 7}, {4, 5}, {3}, {2}], [{8, 1}, {6, 7}, {5}, {2, 4}, {3}], [{8, 1}, {7}, {3, 6}, {5}, {2, 4}], [{8, 1}, {7}, {5, 6}, {2, 4}, {3}], [{8, 1}, {7}, {6}, {3, 5}, {2, 4}], [{8, 1}, {7}, {6}, {5}, {2, 4}, {3}], [{8, 2}, {1, 7}, {3, 6}, {4, 5}], [{8, 2}, {1, 7}, {4, 6}, {3, 5}], [{8, 2}, {1, 7}, {5, 6}, {3, 4}], [{8, 2}, {1, 7}, {6}, {5}, {3, 4}], [{8, 2}, {3, 7}, {1, 6}, {4, 5}], [{8, 2}, {3, 7}, {4, 6}, {1, 5}], [{8, 2}, {3, 7}, {5, 6}, {1, 4}], [{8, 2}, {3, 7}, {6}, {5}, {1, 4}], [{8, 2}, {4, 7}, {1, 6}, {3, 5}], [{8, 2}, {4, 7}, {3, 6}, {1, 5}], [{8, 2}, {4, 7}, {5, 6}, {1, 3}], [{8, 2}, {4, 7}, {6}, {3, 5}, {1}], [{8, 2}, {5, 7}, {1, 6}, {3, 4}], [{8, 2}, {5, 7}, {3, 6}, {1, 4}], [{8, 2}, {5, 7}, {4, 6}, {1, 3}], [{8, 2}, {5, 7}, {6}, {4}, {1, 3}], [{8, 2}, {6, 7}, {1, 5}, {3, 4}], [{8, 2}, {6, 7}, {3, 5}, {1, 4}], [{8, 2}, {6, 7}, {4, 5}, {1, 3}], [{8, 2}, {6, 7}, {5}, {4}, {1, 3}], [{8, 2}, {7}, {5, 6}, {4}, {1, 3}], [{8, 3}, {1, 7}, {2, 6}, {4, 5}], [{8, 3}, {1, 7}, {2, 6}, {5}, {4}], [{8, 3}, {1, 7}, {4, 6}, {2, 5}], [{8, 3}, {1, 7}, {4, 6}, {5}, {2}], [{8, 3}, {1, 7}, {5, 6}, {2, 4}], [{8, 3}, {1, 7}, {5, 6}, {4}, {2}], [{8, 3}, {1, 7}, {6}, {2, 5}, {4}], [{8, 3}, {1, 7}, {6}, {4, 5}, {2}], [{8, 3}, {1, 7}, {6}, {5}, {2, 4}], [{8, 3}, {1, 7}, {6}, {5}, {4}, {2}], [{8, 3}, {2, 7}, {1, 6}, {4, 5}], [{8, 3}, {2, 7}, {4, 6}, {1, 5}], [{8, 3}, {2, 7}, {5, 6}, {1, 4}], [{8, 3}, {4, 7}, {1, 6}, {2, 5}], [{8, 3}, {4, 7}, {2, 6}, {1, 5}], [{8, 3}, {4, 7}, {5, 6}, {1, 2}], [{8, 3}, {5, 7}, {1, 6}, {2, 4}], [{8, 3}, {5, 7}, {2, 6}, {1, 4}], [{8, 3}, {5, 7}, {4, 6}, {1, 2}], [{8, 3}, {6, 7}, {1, 5}, {2, 4}], [{8, 3}, {6, 7}, {2, 5}, {1, 4}], [{8, 3}, {6, 7}, {4, 5}, {1, 2}], [{8, 3}, {7}, {2, 6}, {4, 5}, {1}], [{8, 3}, {7}, {5, 6}, {2, 4}, {1}], [{8, 4}, {1, 7}, {2, 6}, {3, 5}], [{8, 4}, {1, 7}, {3, 6}, {2, 5}], [{8, 4}, {1, 7}, {5, 6}, {2, 3}], [{8, 4}, {1, 7}, {6}, {5}, {2, 3}], [{8, 4}, {2, 7}, {1, 6}, {3, 5}], [{8, 4}, {2, 7}, {3, 6}, {1, 5}], [{8, 4}, {2, 7}, {5, 6}, {1, 3}], [{8, 4}, {2, 7}, {6}, {5}, {1, 3}], [{8, 4}, {3, 7}, {1, 6}, {2, 5}], [{8, 4}, {3, 7}, {2, 6}, {1, 5}], [{8, 4}, {3, 7}, {5, 6}, {1, 2}], [{8, 4}, {5, 7}, {1, 6}, {2, 3}], [{8, 4}, {5, 7}, {2, 6}, {1, 3}], [{8, 4}, {5, 7}, {3, 6}, {1, 2}], [{8, 4}, {6, 7}, {1, 5}, {2, 3}], [{8, 4}, {6, 7}, {2, 5}, {1, 3}], [{8, 4}, {6, 7}, {3, 5}, {1, 2}], [{8, 4}, {6, 7}, {5}, {3}, {1, 2}], [{8, 4}, {7}, {2, 6}, {1, 5}, {3}], [{8, 4}, {7}, {5, 6}, {1, 3}, {2}], [{8, 5}, {1, 7}, {2, 6}, {3, 4}], [{8, 5}, {1, 7}, {3, 6}, {2, 4}], [{8, 5}, {1, 7}, {4, 6}, {2, 3}], [{8, 5}, {1, 7}, {6}, {2, 4}, {3}], [{8, 5}, {2, 7}, {1, 6}, {3, 4}], [{8, 5}, {2, 7}, {3, 6}, {1, 4}], [{8, 5}, {2, 7}, {4, 6}, {1, 3}], [{8, 5}, {2, 7}, {6}, {4}, {1, 3}], [{8, 5}, {3, 7}, {1, 6}, {2, 4}], [{8, 5}, {3, 7}, {2, 6}, {1, 4}], [{8, 5}, {3, 7}, {4, 6}, {1, 2}], [{8, 5}, {4, 7}, {1, 6}, {2, 3}], [{8, 5}, {4, 7}, {2, 6}, {1, 3}], [{8, 5}, {4, 7}, {3, 6}, {1, 2}], [{8, 5}, {6, 7}, {1, 4}, {2, 3}], [{8, 5}, {6, 7}, {2, 4}, {1, 3}], [{8, 5}, {6, 7}, {2, 4}, {3}, {1}], [{8, 5}, {6, 7}, {3, 4}, {1, 2}], [{8, 5}, {7}, {1, 6}, {2, 4}, {3}], [{8, 5}, {7}, {4, 6}, {1, 3}, {2}], [{8, 6}, {1, 7}, {2, 5}, {3, 4}], [{8, 6}, {1, 7}, {3, 5}, {2, 4}], [{8, 6}, {1, 7}, {4, 5}, {2, 3}], [{8, 6}, {1, 7}, {5}, {2, 4}, {3}], [{8, 6}, {2, 7}, {1, 5}, {3, 4}], [{8, 6}, {2, 7}, {3, 5}, {1, 4}], [{8, 6}, {2, 7}, {4, 5}, {1, 3}], [{8, 6}, {2, 7}, {5}, {4}, {1, 3}], [{8, 6}, {3, 7}, {1, 5}, {2, 4}], [{8, 6}, {3, 7}, {2, 5}, {1, 4}], [{8, 6}, {3, 7}, {2, 5}, {4}, {1}], [{8, 6}, {3, 7}, {4, 5}, {1, 2}], [{8, 6}, {4, 7}, {1, 5}, {2, 3}], [{8, 6}, {4, 7}, {2, 5}, {1, 3}], [{8, 6}, {4, 7}, {3, 5}, {1, 2}], [{8, 6}, {4, 7}, {5}, {3}, {1, 2}], [{8, 6}, {5, 7}, {1, 4}, {2, 3}], [{8, 6}, {5, 7}, {2, 4}, {1, 3}], [{8, 6}, {5, 7}, {2, 4}, {3}, {1}], [{8, 6}, {5, 7}, {3, 4}, {1, 2}], [{8, 6}, {7}, {1, 5}, {2, 4}, {3}], [{8, 6}, {7}, {3, 5}, {4}, {1, 2}], [{8, 6}, {7}, {4, 5}, {1, 3}, {2}], [{8, 7}, {1, 6}, {2, 5}, {3, 4}], [{8, 7}, {1, 6}, {3, 5}, {2, 4}], [{8, 7}, {1, 6}, {4, 5}, {2, 3}], [{8, 7}, {1, 6}, {5}, {2, 4}, {3}], [{8, 7}, {2, 6}, {1, 5}, {3, 4}], [{8, 7}, {2, 6}, {1, 5}, {4}, {3}], [{8, 7}, {2, 6}, {3, 5}, {1, 4}], [{8, 7}, {2, 6}, {4, 5}, {1, 3}], [{8, 7}, {2, 6}, {5}, {3, 4}, {1}], [{8, 7}, {3, 6}, {1, 5}, {2, 4}], [{8, 7}, {3, 6}, {1, 5}, {4}, {2}], [{8, 7}, {3, 6}, {2, 5}, {1, 4}], [{8, 7}, {3, 6}, {4, 5}, {1, 2}], [{8, 7}, {3, 6}, {5}, {2, 4}, {1}], [{8, 7}, {4, 6}, {1, 5}, {2, 3}], [{8, 7}, {4, 6}, {1, 5}, {3}, {2}], [{8, 7}, {4, 6}, {2, 5}, {1, 3}], [{8, 7}, {4, 6}, {3, 5}, {1, 2}], [{8, 7}, {4, 6}, {5}, {2, 3}, {1}], [{8, 7}, {5, 6}, {1, 4}, {2, 3}], [{8, 7}, {5, 6}, {2, 4}, {1, 3}], [{8, 7}, {5, 6}, {2, 4}, {3}, {1}], [{8, 7}, {5, 6}, {3, 4}, {1, 2}], [{8, 7}, {5, 6}, {4}, {1, 3}, {2}], [{8, 7}, {6}, {1, 5}, {2, 4}, {3}], [{8, 7}, {6}, {1, 5}, {3, 4}, {2}], [{8, 7}, {6}, {1, 5}, {4}, {2, 3}], [{8, 7}, {6}, {3, 5}, {1, 4}, {2}], [{8, 7}, {6}, {3, 5}, {2, 4}, {1}], [{8, 7}, {6}, {3, 5}, {4}, {1, 2}], [{8, 7}, {6}, {5}, {2, 4}, {1, 3}], [{8, 7}, {6}, {5}, {2, 4}, {3}, {1}], [{8}, {1, 7}, {3, 6}, {5}, {2, 4}], [{8}, {1, 7}, {5, 6}, {2, 4}, {3}], [{8}, {1, 7}, {6}, {3, 5}, {2, 4}], [{8}, {1, 7}, {6}, {5}, {2, 4}, {3}], [{8}, {2, 7}, {4, 6}, {5}, {1, 3}], [{8}, {2, 7}, {5, 6}, {4}, {1, 3}], [{8}, {2, 7}, {6}, {4, 5}, {1, 3}], [{8}, {3, 7}, {5, 6}, {2, 4}, {1}], [{8}, {4, 7}, {1, 6}, {2, 5}, {3}], [{8}, {4, 7}, {1, 6}, {3, 5}, {2}], [{8}, {4, 7}, {1, 6}, {5}, {2, 3}], [{8}, {4, 7}, {2, 6}, {1, 5}, {3}], [{8}, {4, 7}, {5, 6}, {1, 3}, {2}], [{8}, {5, 7}, {1, 6}, {2, 4}, {3}], [{8}, {6, 7}, {1, 5}, {2, 4}, {3}], [{8}, {6, 7}, {3, 5}, {4}, {1, 2}], [{8}, {6, 7}, {4, 5}, {2, 3}, {1}], [{8}, {7}, {5, 6}, {1, 4}, {2, 3}], [{8}, {7}, {5, 6}, {2, 4}, {1, 3}], [{8}, {7}, {5, 6}, {2, 4}, {3}, {1}], [{8}, {7}, {5, 6}, {3, 4}, {1, 2}], [{8}, {7}, {5, 6}, {4}, {1, 3}, {2}]]",2,- 18 K_1^2 - 2 K_1 K_2 + K_1 + 9 K_2 + K_3 + 10,O1O2O3U1O4U5U6O5U7U3O7U8U4O6O8U2,O1O2U3O4O3U5O6O5U1O7U4U8U7O8U2U6,O1O2U1O3O4U3O5O6U2U5O7U8U7U4O8U6,c,{'O1O2O3U2O4O5U6U4O7U1U7O8U5U8O6U3'},1,"<a href=""/flatknot/8.975501"">8.975501</a>",t^9-60t^7-136t^6+73t^5+322t^4+126t^3-76t^2-37t,t^3-t^2-t,,
8.975502,O1O2O3U2O4O5U6U4O7U3U5O8U1U8O6U7,4,19z^2+104z+133,19w^3z^2+104w^2z+133w,False,False,"[[ 0 -1 -1  0  0  2 -3  2  1],[ 1  0 -1  0 -1  2 -3  3  1],[ 1  1  0  1  0  1  0  1  0],[ 0  0 -1  0  0  2 -2  1  0],[ 0  1  0  0  0  1 -1  0  0],[-2 -2 -1 -2 -1  0 -2  0  0],[ 3  3  0  2  1  2  0  2  1],[-2 -3 -1 -1  0  0 -2  0  0],[-1 -1  0  0  0  0 -1  0  0]]","[[ 0  2  2  1  0  0 -1 -1 -3],[-2  0  0  0  0 -1 -1 -3 -2],[-2  0  0  0 -1 -2 -1 -2 -2],[-1  0  0  0  0  0  0 -1 -1],[ 0  0  1  0  0  0  0  1 -1],[ 0  1  2  0  0  0 -1  0 -2],[ 1  1  1  0  0  1  0  1  0],[ 1  3  2  1 -1  0 -1  0 -3],[ 3  2  2  1  1  2  0  3  0]]",True,"[-2,-2,-1,0,0,1,1,3,0,0,0,1,1,3,2,0,1,2,1,2,2,0,0,0,1,1,0,0,-1,1,1,0,2,-1,0,3]","[-3,-1,-1,0,0,1,2,2,-1,2,1,2,3,3,3,1,1,2,1,0,1,0,1,2,2,2,0,1,1,0,1,2,1,1,1,0]",t^8+48t^6+132t^4+56t^2,"[-3,-1,-1,0,0,1,2,2,-1,2,1,2,3,3,3,1,1,2,1,0,1,0,1,2,2,2,0,1,1,0,1,2,1,1,1,0]","[-2,-2,-1,0,0,1,1,3,0,1,0,1,1,2,3,1,1,2,0,2,3,1,1,1,2,3,0,1,0,1,2,1,2,-1,-1,2]","[-3,-1,-1,0,0,1,2,2,0,3,1,2,1,2,2,1,0,1,0,1,1,-1,0,1,2,3,0,0,1,0,0,2,1,0,0,0]",c,"[[{8, 1}, {2, 7}, {3, 6}, {4, 5}], [{8, 1}, {2, 7}, {4, 6}, {3, 5}], [{8, 1}, {2, 7}, {5, 6}, {3, 4}], [{8, 1}, {2, 7}, {5, 6}, {4}, {3}], [{8, 1}, {3, 7}, {2, 6}, {4, 5}], [{8, 1}, {3, 7}, {4, 6}, {2, 5}], [{8, 1}, {3, 7}, {4, 6}, {5}, {2}], [{8, 1}, {3, 7}, {5, 6}, {2, 4}], [{8, 1}, {3, 7}, {6}, {2, 5}, {4}], [{8, 1}, {4, 7}, {2, 6}, {3, 5}], [{8, 1}, {4, 7}, {3, 6}, {2, 5}], [{8, 1}, {4, 7}, {5, 6}, {2, 3}], [{8, 1}, {5, 7}, {2, 6}, {3, 4}], [{8, 1}, {5, 7}, {2, 6}, {4}, {3}], [{8, 1}, {5, 7}, {3, 6}, {2, 4}], [{8, 1}, {5, 7}, {4, 6}, {2, 3}], [{8, 1}, {6, 7}, {2, 5}, {3, 4}], [{8, 1}, {6, 7}, {2, 5}, {4}, {3}], [{8, 1}, {6, 7}, {3, 5}, {2, 4}], [{8, 1}, {6, 7}, {4, 5}, {2, 3}], [{8, 1}, {6, 7}, {4, 5}, {3}, {2}], [{8, 1}, {6, 7}, {5}, {2, 4}, {3}], [{8, 1}, {7}, {2, 6}, {5}, {3, 4}], [{8, 1}, {7}, {3, 6}, {2, 5}, {4}], [{8, 1}, {7}, {6}, {4, 5}, {2, 3}], [{8, 2}, {1, 7}, {3, 6}, {4, 5}], [{8, 2}, {1, 7}, {4, 6}, {3, 5}], [{8, 2}, {1, 7}, {5, 6}, {3, 4}], [{8, 2}, {3, 7}, {1, 6}, {4, 5}], [{8, 2}, {3, 7}, {4, 6}, {1, 5}], [{8, 2}, {3, 7}, {5, 6}, {1, 4}], [{8, 2}, {4, 7}, {1, 6}, {3, 5}], [{8, 2}, {4, 7}, {1, 6}, {5}, {3}], [{8, 2}, {4, 7}, {3, 6}, {1, 5}], [{8, 2}, {4, 7}, {3, 6}, {5}, {1}], [{8, 2}, {4, 7}, {5, 6}, {1, 3}], [{8, 2}, {4, 7}, {6}, {5}, {1, 3}], [{8, 2}, {5, 7}, {1, 6}, {3, 4}], [{8, 2}, {5, 7}, {3, 6}, {1, 4}], [{8, 2}, {5, 7}, {4, 6}, {1, 3}], [{8, 2}, {6, 7}, {1, 5}, {3, 4}], [{8, 2}, {6, 7}, {3, 5}, {1, 4}], [{8, 2}, {6, 7}, {4, 5}, {1, 3}], [{8, 2}, {6, 7}, {5}, {1, 4}, {3}], [{8, 2}, {7}, {5, 6}, {3, 4}, {1}], [{8, 2}, {7}, {6}, {3, 5}, {1, 4}], [{8, 3}, {1, 7}, {2, 6}, {4, 5}], [{8, 3}, {1, 7}, {2, 6}, {5}, {4}], [{8, 3}, {1, 7}, {4, 6}, {2, 5}], [{8, 3}, {1, 7}, {4, 6}, {5}, {2}], [{8, 3}, {1, 7}, {5, 6}, {2, 4}], [{8, 3}, {1, 7}, {6}, {5}, {2, 4}], [{8, 3}, {2, 7}, {1, 6}, {4, 5}], [{8, 3}, {2, 7}, {1, 6}, {5}, {4}], [{8, 3}, {2, 7}, {4, 6}, {1, 5}], [{8, 3}, {2, 7}, {5, 6}, {1, 4}], [{8, 3}, {2, 7}, {5, 6}, {4}, {1}], [{8, 3}, {2, 7}, {6}, {1, 5}, {4}], [{8, 3}, {4, 7}, {1, 6}, {2, 5}], [{8, 3}, {4, 7}, {1, 6}, {5}, {2}], [{8, 3}, {4, 7}, {2, 6}, {1, 5}], [{8, 3}, {4, 7}, {5, 6}, {1, 2}], [{8, 3}, {4, 7}, {5, 6}, {2}, {1}], [{8, 3}, {4, 7}, {6}, {1, 5}, {2}], [{8, 3}, {5, 7}, {1, 6}, {2, 4}], [{8, 3}, {5, 7}, {2, 6}, {1, 4}], [{8, 3}, {5, 7}, {4, 6}, {1, 2}], [{8, 3}, {5, 7}, {6}, {2, 4}, {1}], [{8, 3}, {6, 7}, {1, 5}, {2, 4}], [{8, 3}, {6, 7}, {2, 5}, {1, 4}], [{8, 3}, {6, 7}, {2, 5}, {4}, {1}], [{8, 3}, {6, 7}, {4, 5}, {1, 2}], [{8, 3}, {6, 7}, {4, 5}, {2}, {1}], [{8, 3}, {6, 7}, {5}, {2, 4}, {1}], [{8, 3}, {7}, {1, 6}, {5}, {2, 4}], [{8, 3}, {7}, {5, 6}, {2, 4}, {1}], [{8, 3}, {7}, {6}, {1, 5}, {2, 4}], [{8, 3}, {7}, {6}, {5}, {2, 4}, {1}], [{8, 4}, {1, 7}, {2, 6}, {3, 5}], [{8, 4}, {1, 7}, {3, 6}, {2, 5}], [{8, 4}, {1, 7}, {5, 6}, {2, 3}], [{8, 4}, {2, 7}, {1, 6}, {3, 5}], [{8, 4}, {2, 7}, {3, 6}, {1, 5}], [{8, 4}, {2, 7}, {5, 6}, {1, 3}], [{8, 4}, {2, 7}, {5, 6}, {3}, {1}], [{8, 4}, {3, 7}, {1, 6}, {2, 5}], [{8, 4}, {3, 7}, {2, 6}, {1, 5}], [{8, 4}, {3, 7}, {5, 6}, {1, 2}], [{8, 4}, {5, 7}, {1, 6}, {2, 3}], [{8, 4}, {5, 7}, {2, 6}, {1, 3}], [{8, 4}, {5, 7}, {2, 6}, {3}, {1}], [{8, 4}, {5, 7}, {3, 6}, {1, 2}], [{8, 4}, {6, 7}, {1, 5}, {2, 3}], [{8, 4}, {6, 7}, {1, 5}, {3}, {2}], [{8, 4}, {6, 7}, {2, 5}, {1, 3}], [{8, 4}, {6, 7}, {2, 5}, {3}, {1}], [{8, 4}, {6, 7}, {3, 5}, {1, 2}], [{8, 4}, {6, 7}, {5}, {3}, {1, 2}], [{8, 4}, {7}, {1, 6}, {3, 5}, {2}], [{8, 5}, {1, 7}, {2, 6}, {3, 4}], [{8, 5}, {1, 7}, {3, 6}, {2, 4}], [{8, 5}, {1, 7}, {4, 6}, {2, 3}], [{8, 5}, {1, 7}, {6}, {3, 4}, {2}], [{8, 5}, {2, 7}, {1, 6}, {3, 4}], [{8, 5}, {2, 7}, {3, 6}, {1, 4}], [{8, 5}, {2, 7}, {4, 6}, {1, 3}], [{8, 5}, {3, 7}, {1, 6}, {2, 4}], [{8, 5}, {3, 7}, {2, 6}, {1, 4}], [{8, 5}, {3, 7}, {4, 6}, {1, 2}], [{8, 5}, {3, 7}, {6}, {2, 4}, {1}], [{8, 5}, {4, 7}, {1, 6}, {2, 3}], [{8, 5}, {4, 7}, {1, 6}, {3}, {2}], [{8, 5}, {4, 7}, {2, 6}, {1, 3}], [{8, 5}, {4, 7}, {3, 6}, {1, 2}], [{8, 5}, {4, 7}, {3, 6}, {2}, {1}], [{8, 5}, {4, 7}, {6}, {1, 3}, {2}], [{8, 5}, {6, 7}, {1, 4}, {2, 3}], [{8, 5}, {6, 7}, {1, 4}, {3}, {2}], [{8, 5}, {6, 7}, {2, 4}, {1, 3}], [{8, 5}, {6, 7}, {3, 4}, {1, 2}], [{8, 5}, {7}, {6}, {1, 4}, {2, 3}], [{8, 6}, {1, 7}, {2, 5}, {3, 4}], [{8, 6}, {1, 7}, {2, 5}, {4}, {3}], [{8, 6}, {1, 7}, {3, 5}, {2, 4}], [{8, 6}, {1, 7}, {4, 5}, {2, 3}], [{8, 6}, {1, 7}, {4, 5}, {3}, {2}], [{8, 6}, {1, 7}, {5}, {2, 4}, {3}], [{8, 6}, {2, 7}, {1, 5}, {3, 4}], [{8, 6}, {2, 7}, {3, 5}, {1, 4}], [{8, 6}, {2, 7}, {4, 5}, {1, 3}], [{8, 6}, {3, 7}, {1, 5}, {2, 4}], [{8, 6}, {3, 7}, {2, 5}, {1, 4}], [{8, 6}, {3, 7}, {4, 5}, {1, 2}], [{8, 6}, {3, 7}, {5}, {1, 4}, {2}], [{8, 6}, {4, 7}, {1, 5}, {2, 3}], [{8, 6}, {4, 7}, {2, 5}, {1, 3}], [{8, 6}, {4, 7}, {3, 5}, {1, 2}], [{8, 6}, {5, 7}, {1, 4}, {2, 3}], [{8, 6}, {5, 7}, {2, 4}, {1, 3}], [{8, 6}, {5, 7}, {3, 4}, {1, 2}], [{8, 6}, {5, 7}, {4}, {2, 3}, {1}], [{8, 6}, {7}, {1, 5}, {3, 4}, {2}], [{8, 6}, {7}, {3, 5}, {4}, {1, 2}], [{8, 7}, {1, 6}, {2, 5}, {3, 4}], [{8, 7}, {1, 6}, {3, 5}, {2, 4}], [{8, 7}, {1, 6}, {3, 5}, {4}, {2}], [{8, 7}, {1, 6}, {4, 5}, {2, 3}], [{8, 7}, {2, 6}, {1, 5}, {3, 4}], [{8, 7}, {2, 6}, {3, 5}, {1, 4}], [{8, 7}, {2, 6}, {4, 5}, {1, 3}], [{8, 7}, {3, 6}, {1, 5}, {2, 4}], [{8, 7}, {3, 6}, {2, 5}, {1, 4}], [{8, 7}, {3, 6}, {4, 5}, {1, 2}], [{8, 7}, {4, 6}, {1, 5}, {2, 3}], [{8, 7}, {4, 6}, {2, 5}, {1, 3}], [{8, 7}, {4, 6}, {3, 5}, {1, 2}], [{8, 7}, {4, 6}, {5}, {1, 3}, {2}], [{8, 7}, {5, 6}, {1, 4}, {2, 3}], [{8, 7}, {5, 6}, {2, 4}, {1, 3}], [{8, 7}, {5, 6}, {3, 4}, {1, 2}], [{8, 7}, {5, 6}, {3, 4}, {2}, {1}], [{8, 7}, {6}, {1, 5}, {4}, {2, 3}], [{8, 7}, {6}, {3, 5}, {2, 4}, {1}], [{8}, {1, 7}, {3, 6}, {5}, {2, 4}], [{8}, {1, 7}, {5, 6}, {4}, {2, 3}], [{8}, {2, 7}, {5, 6}, {1, 4}, {3}], [{8}, {2, 7}, {5, 6}, {3, 4}, {1}], [{8}, {2, 7}, {5, 6}, {4}, {1, 3}], [{8}, {2, 7}, {5, 6}, {4}, {3}, {1}], [{8}, {3, 7}, {5, 6}, {4}, {1, 2}], [{8}, {4, 7}, {1, 6}, {2, 5}, {3}], [{8}, {4, 7}, {1, 6}, {3, 5}, {2}], [{8}, {4, 7}, {1, 6}, {5}, {2, 3}], [{8}, {4, 7}, {1, 6}, {5}, {3}, {2}], [{8}, {4, 7}, {2, 6}, {3, 5}, {1}], [{8}, {4, 7}, {3, 6}, {2, 5}, {1}], [{8}, {4, 7}, {6}, {2, 5}, {1, 3}], [{8}, {4, 7}, {6}, {3, 5}, {1, 2}], [{8}, {5, 7}, {2, 6}, {1, 4}, {3}], [{8}, {6, 7}, {2, 5}, {1, 4}, {3}], [{8}, {6, 7}, {2, 5}, {3, 4}, {1}], [{8}, {6, 7}, {2, 5}, {4}, {1, 3}], [{8}, {6, 7}, {4, 5}, {1, 3}, {2}], [{8}, {6, 7}, {5}, {2, 4}, {1, 3}], [{8}, {7}, {4, 6}, {2, 5}, {1, 3}]]",2,4 K_1^3 - 16 K_1^2 - 6 K_1 K_2 + 8 K_2 + 2 K_3 + 9,O1O2O3U4O5U6U3O6U7U1O4U8U5O7O8U2,O1O2U3O4O5U6O7O6U1O3U7U8U4O8U2U5,O1O2U1O3O4U5O6O7U3U6O8U4U8U2O5U7,c,{'O1O2O3U2O4O5U6U4O7U3U5O8U1U8O6U7'},1,"<a href=""/flatknot/8.975502"">8.975502</a>",t^9-50t^7-140t^6+70t^5+278t^4-7t^3-54t^2-25t-6,t^3-2t^2+t,,
8.975503,O1O2O3U2O4O5U6U4O7U3U5O8U7U1O6U8,4,27z^2+112z+117,27w^3z^2+112w^2z+117w,False,False,"[[ 0  0 -1  0  0  2 -3  1  1],[ 0  0 -1 -1 -1  1 -3  2  1],[ 1  1  0  1  0  1  0  1  0],[ 0  1 -1  0  0  2 -3  2  0],[ 0  1  0  0  0  1 -1  1 -1],[-2 -1 -1 -2 -1  0 -3  1  0],[ 3  3  0  3  1  3  0  1  0],[-1 -2 -1 -2 -1 -1 -1  0  1],[-1 -1  0  0  1  0  0 -1  0]]","[[ 0  2  1  1  0  0  0 -1 -3],[-2  0  1  0 -1 -1 -2 -1 -3],[-1 -1  0  1 -1 -2 -2 -1 -1],[-1  0 -1  0  1 -1  0  0  0],[ 0  1  1 -1  0  1  0  0 -1],[ 0  1  2  1 -1  0 -1 -1 -3],[ 0  2  2  0  0  1  0 -1 -3],[ 1  1  1  0  0  1  1  0  0],[ 3  3  1  0  1  3  3  0  0]]",True,"[-2,-1,-1,0,0,0,1,3,-1,0,1,1,2,1,3,-1,1,2,2,1,1,-1,1,0,0,0,-1,0,0,1,1,1,3,1,3,0]","[-3,-1,0,0,0,1,1,2,0,1,3,3,0,1,3,0,1,1,0,1,1,0,1,-1,1,1,1,0,2,2,1,2,1,-1,0,-1]",t^8+54t^6+154t^4+32t^2+1,"[-3,-1,0,0,0,1,1,2,2,0,0,2,3,4,2,0,0,1,1,2,2,-1,0,-1,1,0,1,-1,0,1,0,2,1,-1,2,1]","[-2,-1,-1,0,0,0,1,3,1,2,0,1,1,2,2,-1,1,0,2,2,4,-1,-1,0,1,3,1,0,0,0,-1,0,0,1,2,2]","[-3,-1,0,0,0,1,1,2,0,1,3,3,0,1,3,0,1,1,0,1,1,0,1,-1,1,1,1,0,2,2,1,2,1,-1,0,-1]",c,"[[{8, 1}, {2, 7}, {3, 6}, {4, 5}], [{8, 1}, {2, 7}, {4, 6}, {3, 5}], [{8, 1}, {2, 7}, {5, 6}, {3, 4}], [{8, 1}, {2, 7}, {5, 6}, {4}, {3}], [{8, 1}, {3, 7}, {2, 6}, {4, 5}], [{8, 1}, {3, 7}, {4, 6}, {2, 5}], [{8, 1}, {3, 7}, {5, 6}, {2, 4}], [{8, 1}, {3, 7}, {5, 6}, {4}, {2}], [{8, 1}, {4, 7}, {2, 6}, {3, 5}], [{8, 1}, {4, 7}, {2, 6}, {5}, {3}], [{8, 1}, {4, 7}, {3, 6}, {2, 5}], [{8, 1}, {4, 7}, {3, 6}, {5}, {2}], [{8, 1}, {4, 7}, {5, 6}, {2, 3}], [{8, 1}, {4, 7}, {5, 6}, {3}, {2}], [{8, 1}, {4, 7}, {6}, {2, 5}, {3}], [{8, 1}, {4, 7}, {6}, {3, 5}, {2}], [{8, 1}, {4, 7}, {6}, {5}, {2, 3}], [{8, 1}, {4, 7}, {6}, {5}, {3}, {2}], [{8, 1}, {5, 7}, {2, 6}, {3, 4}], [{8, 1}, {5, 7}, {3, 6}, {2, 4}], [{8, 1}, {5, 7}, {4, 6}, {2, 3}], [{8, 1}, {5, 7}, {4, 6}, {3}, {2}], [{8, 1}, {6, 7}, {2, 5}, {3, 4}], [{8, 1}, {6, 7}, {3, 5}, {2, 4}], [{8, 1}, {6, 7}, {4, 5}, {2, 3}], [{8, 1}, {6, 7}, {4, 5}, {3}, {2}], [{8, 1}, {7}, {5, 6}, {2, 4}, {3}], [{8, 1}, {7}, {5, 6}, {3, 4}, {2}], [{8, 1}, {7}, {5, 6}, {4}, {2, 3}], [{8, 1}, {7}, {5, 6}, {4}, {3}, {2}], [{8, 2}, {1, 7}, {3, 6}, {4, 5}], [{8, 2}, {1, 7}, {4, 6}, {3, 5}], [{8, 2}, {1, 7}, {5, 6}, {3, 4}], [{8, 2}, {1, 7}, {5, 6}, {4}, {3}], [{8, 2}, {3, 7}, {1, 6}, {4, 5}], [{8, 2}, {3, 7}, {4, 6}, {1, 5}], [{8, 2}, {3, 7}, {5, 6}, {1, 4}], [{8, 2}, {4, 7}, {1, 6}, {3, 5}], [{8, 2}, {4, 7}, {1, 6}, {5}, {3}], [{8, 2}, {4, 7}, {3, 6}, {1, 5}], [{8, 2}, {4, 7}, {5, 6}, {1, 3}], [{8, 2}, {5, 7}, {1, 6}, {3, 4}], [{8, 2}, {5, 7}, {1, 6}, {4}, {3}], [{8, 2}, {5, 7}, {3, 6}, {1, 4}], [{8, 2}, {5, 7}, {4, 6}, {1, 3}], [{8, 2}, {6, 7}, {1, 5}, {3, 4}], [{8, 2}, {6, 7}, {1, 5}, {4}, {3}], [{8, 2}, {6, 7}, {3, 5}, {1, 4}], [{8, 2}, {6, 7}, {4, 5}, {1, 3}], [{8, 2}, {7}, {1, 6}, {4, 5}, {3}], [{8, 3}, {1, 7}, {2, 6}, {4, 5}], [{8, 3}, {1, 7}, {4, 6}, {2, 5}], [{8, 3}, {1, 7}, {5, 6}, {2, 4}], [{8, 3}, {2, 7}, {1, 6}, {4, 5}], [{8, 3}, {2, 7}, {4, 6}, {1, 5}], [{8, 3}, {2, 7}, {5, 6}, {1, 4}], [{8, 3}, {2, 7}, {5, 6}, {4}, {1}], [{8, 3}, {4, 7}, {1, 6}, {2, 5}], [{8, 3}, {4, 7}, {1, 6}, {5}, {2}], [{8, 3}, {4, 7}, {2, 6}, {1, 5}], [{8, 3}, {4, 7}, {5, 6}, {1, 2}], [{8, 3}, {5, 7}, {1, 6}, {2, 4}], [{8, 3}, {5, 7}, {2, 6}, {1, 4}], [{8, 3}, {5, 7}, {4, 6}, {1, 2}], [{8, 3}, {6, 7}, {1, 5}, {2, 4}], [{8, 3}, {6, 7}, {2, 5}, {1, 4}], [{8, 3}, {6, 7}, {4, 5}, {1, 2}], [{8, 3}, {7}, {6}, {1, 5}, {2, 4}], [{8, 4}, {1, 7}, {2, 6}, {3, 5}], [{8, 4}, {1, 7}, {3, 6}, {2, 5}], [{8, 4}, {1, 7}, {3, 6}, {5}, {2}], [{8, 4}, {1, 7}, {5, 6}, {2, 3}], [{8, 4}, {2, 7}, {1, 6}, {3, 5}], [{8, 4}, {2, 7}, {3, 6}, {1, 5}], [{8, 4}, {2, 7}, {5, 6}, {1, 3}], [{8, 4}, {2, 7}, {5, 6}, {3}, {1}], [{8, 4}, {3, 7}, {1, 6}, {2, 5}], [{8, 4}, {3, 7}, {2, 6}, {1, 5}], [{8, 4}, {3, 7}, {5, 6}, {1, 2}], [{8, 4}, {5, 7}, {1, 6}, {2, 3}], [{8, 4}, {5, 7}, {2, 6}, {1, 3}], [{8, 4}, {5, 7}, {3, 6}, {1, 2}], [{8, 4}, {6, 7}, {1, 5}, {2, 3}], [{8, 4}, {6, 7}, {1, 5}, {3}, {2}], [{8, 4}, {6, 7}, {2, 5}, {1, 3}], [{8, 4}, {6, 7}, {3, 5}, {1, 2}], [{8, 4}, {6, 7}, {3, 5}, {2}, {1}], [{8, 4}, {6, 7}, {5}, {1, 3}, {2}], [{8, 4}, {7}, {3, 6}, {2, 5}, {1}], [{8, 5}, {1, 7}, {2, 6}, {3, 4}], [{8, 5}, {1, 7}, {3, 6}, {2, 4}], [{8, 5}, {1, 7}, {4, 6}, {2, 3}], [{8, 5}, {1, 7}, {4, 6}, {3}, {2}], [{8, 5}, {2, 7}, {1, 6}, {3, 4}], [{8, 5}, {2, 7}, {1, 6}, {4}, {3}], [{8, 5}, {2, 7}, {3, 6}, {1, 4}], [{8, 5}, {2, 7}, {3, 6}, {4}, {1}], [{8, 5}, {2, 7}, {4, 6}, {1, 3}], [{8, 5}, {2, 7}, {4, 6}, {3}, {1}], [{8, 5}, {2, 7}, {6}, {1, 4}, {3}], [{8, 5}, {2, 7}, {6}, {3, 4}, {1}], [{8, 5}, {2, 7}, {6}, {4}, {1, 3}], [{8, 5}, {2, 7}, {6}, {4}, {3}, {1}], [{8, 5}, {3, 7}, {1, 6}, {2, 4}], [{8, 5}, {3, 7}, {2, 6}, {1, 4}], [{8, 5}, {3, 7}, {4, 6}, {1, 2}], [{8, 5}, {4, 7}, {1, 6}, {2, 3}], [{8, 5}, {4, 7}, {1, 6}, {3}, {2}], [{8, 5}, {4, 7}, {2, 6}, {1, 3}], [{8, 5}, {4, 7}, {3, 6}, {1, 2}], [{8, 5}, {6, 7}, {1, 4}, {2, 3}], [{8, 5}, {6, 7}, {2, 4}, {1, 3}], [{8, 5}, {6, 7}, {3, 4}, {1, 2}], [{8, 5}, {7}, {1, 6}, {2, 4}, {3}], [{8, 5}, {7}, {4, 6}, {3}, {1, 2}], [{8, 6}, {1, 7}, {2, 5}, {3, 4}], [{8, 6}, {1, 7}, {3, 5}, {2, 4}], [{8, 6}, {1, 7}, {4, 5}, {2, 3}], [{8, 6}, {1, 7}, {5}, {2, 4}, {3}], [{8, 6}, {2, 7}, {1, 5}, {3, 4}], [{8, 6}, {2, 7}, {1, 5}, {4}, {3}], [{8, 6}, {2, 7}, {3, 5}, {1, 4}], [{8, 6}, {2, 7}, {3, 5}, {4}, {1}], [{8, 6}, {2, 7}, {4, 5}, {1, 3}], [{8, 6}, {2, 7}, {4, 5}, {3}, {1}], [{8, 6}, {2, 7}, {5}, {1, 4}, {3}], [{8, 6}, {2, 7}, {5}, {3, 4}, {1}], [{8, 6}, {2, 7}, {5}, {4}, {1, 3}], [{8, 6}, {2, 7}, {5}, {4}, {3}, {1}], [{8, 6}, {3, 7}, {1, 5}, {2, 4}], [{8, 6}, {3, 7}, {2, 5}, {1, 4}], [{8, 6}, {3, 7}, {4, 5}, {1, 2}], [{8, 6}, {3, 7}, {5}, {2, 4}, {1}], [{8, 6}, {4, 7}, {1, 5}, {2, 3}], [{8, 6}, {4, 7}, {1, 5}, {3}, {2}], [{8, 6}, {4, 7}, {2, 5}, {1, 3}], [{8, 6}, {4, 7}, {2, 5}, {3}, {1}], [{8, 6}, {4, 7}, {3, 5}, {1, 2}], [{8, 6}, {4, 7}, {3, 5}, {2}, {1}], [{8, 6}, {4, 7}, {5}, {1, 3}, {2}], [{8, 6}, {4, 7}, {5}, {2, 3}, {1}], [{8, 6}, {4, 7}, {5}, {3}, {1, 2}], [{8, 6}, {4, 7}, {5}, {3}, {2}, {1}], [{8, 6}, {5, 7}, {1, 4}, {2, 3}], [{8, 6}, {5, 7}, {2, 4}, {1, 3}], [{8, 6}, {5, 7}, {2, 4}, {3}, {1}], [{8, 6}, {5, 7}, {3, 4}, {1, 2}], [{8, 6}, {7}, {1, 5}, {2, 4}, {3}], [{8, 6}, {7}, {3, 5}, {2, 4}, {1}], [{8, 6}, {7}, {5}, {2, 4}, {1, 3}], [{8, 6}, {7}, {5}, {2, 4}, {3}, {1}], [{8, 7}, {1, 6}, {2, 5}, {3, 4}], [{8, 7}, {1, 6}, {3, 5}, {2, 4}], [{8, 7}, {1, 6}, {4, 5}, {2, 3}], [{8, 7}, {2, 6}, {1, 5}, {3, 4}], [{8, 7}, {2, 6}, {3, 5}, {1, 4}], [{8, 7}, {2, 6}, {4, 5}, {1, 3}], [{8, 7}, {2, 6}, {5}, {1, 4}, {3}], [{8, 7}, {2, 6}, {5}, {3, 4}, {1}], [{8, 7}, {2, 6}, {5}, {4}, {1, 3}], [{8, 7}, {3, 6}, {1, 5}, {2, 4}], [{8, 7}, {3, 6}, {2, 5}, {1, 4}], [{8, 7}, {3, 6}, {4, 5}, {1, 2}], [{8, 7}, {4, 6}, {1, 5}, {2, 3}], [{8, 7}, {4, 6}, {2, 5}, {1, 3}], [{8, 7}, {4, 6}, {3, 5}, {1, 2}], [{8, 7}, {5, 6}, {1, 4}, {2, 3}], [{8, 7}, {5, 6}, {2, 4}, {1, 3}], [{8, 7}, {5, 6}, {3, 4}, {1, 2}], [{8, 7}, {5, 6}, {4}, {3}, {1, 2}], [{8, 7}, {6}, {1, 5}, {2, 4}, {3}], [{8}, {1, 7}, {6}, {3, 5}, {2, 4}], [{8}, {2, 7}, {5, 6}, {1, 4}, {3}], [{8}, {2, 7}, {5, 6}, {3, 4}, {1}], [{8}, {2, 7}, {5, 6}, {4}, {1, 3}], [{8}, {2, 7}, {5, 6}, {4}, {3}, {1}], [{8}, {3, 7}, {6}, {1, 5}, {2, 4}], [{8}, {4, 7}, {1, 6}, {2, 5}, {3}], [{8}, {4, 7}, {1, 6}, {3, 5}, {2}], [{8}, {4, 7}, {1, 6}, {5}, {2, 3}], [{8}, {4, 7}, {1, 6}, {5}, {3}, {2}], [{8}, {5, 7}, {6}, {2, 4}, {1, 3}], [{8}, {6, 7}, {1, 5}, {2, 4}, {3}], [{8}, {6, 7}, {2, 5}, {1, 4}, {3}], [{8}, {6, 7}, {2, 5}, {3, 4}, {1}], [{8}, {6, 7}, {2, 5}, {4}, {1, 3}], [{8}, {7}, {3, 6}, {1, 5}, {2, 4}], [{8}, {7}, {6}, {1, 5}, {2, 4}, {3}]]",2,4 K_1^3 - 6 K_1^2 - 2 K_1 K_2 - 2 K_1 + 3 K_2 + 4,O1O2O3U4O5U3U6O4U7U1O6U8U5O7O8U2,O1O2U3O4O5U6O3O7U1O6U7U8U4O8U2U5,O1O2U3O4O5U2O6O7U4U6O8U5U8U1O3U7,c,{'O1O2O3U2O4O5U6U4O7U3U5O8U7U1O6U8'},1,"<a href=""/flatknot/8.975503"">8.975503</a>",t^9-58t^7-168t^6+3t^5+438t^4+485t^3+132t^2-104t-66,t^3-t^2-t,,
8.975504,O1O2O3U2O4O5U6U4O7U5U1O8U7U8O6U3,3,12z^2+85z+123,12w^3z^2+85w^2z+123w,False,False,"[[ 0 -1 -1  2  0  1 -3  1  1],[ 1  0  0  2 -1  1 -2  2  1],[ 1  0  0  1  0  0  1  0  0],[-2 -2 -1  0  0  1 -4  0  1],[ 0  1  0  0  0  1 -1  1  0],[-1 -1  0 -1 -1  0 -2  1  1],[ 3  2 -1  4  1  2  0  2  0],[-1 -2  0  0 -1 -1 -2  0  1],[-1 -1  0 -1  0 -1  0 -1  0]]","[[ 0  2  1  1  1  0 -1 -1 -3],[-2  0  1  1  0  0 -1 -2 -4],[-1 -1  0  1  1 -1  0 -1 -2],[-1 -1 -1  0 -1  0  0 -1  0],[-1  0 -1  1  0 -1  0 -2 -2],[ 0  0  1  0  1  0  0  1 -1],[ 1  1  0  0  0  0  0  0  1],[ 1  2  1  1  2 -1  0  0 -2],[ 3  4  2  0  2  1 -1  2  0]]",True,"[-2,-1,-1,-1,0,1,1,3,-1,-1,0,0,1,2,4,-1,-1,1,0,1,2,1,0,0,1,0,1,0,2,2,0,-1,1,0,-1,2]","[-3,-1,-1,0,1,1,1,2,-1,2,1,0,2,2,4,0,0,0,0,0,1,-1,1,1,2,2,0,1,1,0,-1,-1,-1,1,-1,0]",t^8+49t^6+227t^4+56t^2,"[-3,-1,-1,0,1,1,1,2,0,3,2,2,2,4,1,0,2,0,1,1,1,1,2,2,2,2,0,0,1,2,1,-1,1,-1,2,2]","[-2,-1,-1,-1,0,1,1,3,1,2,2,2,1,2,1,-1,1,0,0,2,2,1,0,1,2,2,1,1,2,4,2,1,2,0,0,3]","[-3,-1,-1,0,1,1,1,2,-1,2,1,0,2,2,4,0,0,0,0,0,1,-1,1,1,2,2,0,1,1,0,-1,-1,-1,1,-1,0]",c,"[[{8, 3}, {4, 7}, {2, 6}, {1, 5}], [{8, 6}, {4, 7}, {1, 5}, {2, 3}]]",1,4 K_1^3 - 14 K_1^2 - 2 K_1 K_2 - 2 K_1 + 7 K_2 + 8,O1O2O3U1O4U5U6O5U3U7O6U8U4O7O8U2,O1O2U3O4O5U6O3O6U1O7U5U8U7O8U2U4,O1O2U1O3O4U2O5O6U4U5O7U8U7U3O8U6,c,{'O1O2O3U2O4O5U6U4O7U5U1O8U7U8O6U3'},1,"<a href=""/flatknot/8.975504"">8.975504</a>",t^9-53t^7-134t^6+66t^5+432t^4+443t^3+276t^2+136t+32,t^3-t^2-t,,
8.975505,O1O2O3U2O4O5U6U4O7U5U3O8U7U1O6U8,3,13z^2+77z+103,13w^3z^2-2w^3z+79w^2z+103w,False,False,"[[ 0  0 -1  1  0  1 -3  1  1],[ 0  0 -1  0 -1  0 -3  2  1],[ 1  1  0  1  0  0  0  1  0],[-1  0 -1  0 -1  1 -4  2  0],[ 0  1  0  1  0  1 -1  1 -1],[-1  0  0 -1 -1  0 -2  1  0],[ 3  3  0  4  1  2  0  1  0],[-1 -2 -1 -2 -1 -1 -1  0  1],[-1 -1  0  0  1  0  0 -1  0]]","[[ 0  1  1  1  1  0  0 -1 -3],[-1  0  2  1  0  0 -1 -1 -4],[-1 -2  0 -1  1 -2 -1 -1 -1],[-1 -1  1  0  0  0 -1  0 -2],[-1  0 -1  0  0 -1  1  0  0],[ 0  0  2  0  1  0 -1 -1 -3],[ 0  1  1  1 -1  1  0  0 -1],[ 1  1  1  0  0  1  0  0  0],[ 3  4  1  2  0  3  1  0  0]]",True,"[-1,-1,-1,-1,0,0,1,3,-2,-1,0,0,1,1,4,1,-1,2,1,1,1,0,0,1,0,2,1,-1,0,0,1,1,3,0,1,0]","[-3,-1,0,0,1,1,1,1,0,1,3,0,1,2,4,0,1,0,1,0,1,1,-1,1,1,1,1,2,0,0,-1,0,0,-1,-2,-1]",t^8+51t^6+167t^4+56t^2,"[-3,-1,0,0,1,1,1,1,2,0,2,0,2,3,4,0,1,1,2,1,2,1,1,1,-1,0,0,0,0,2,-1,-2,0,-1,0,-1]","[-1,-1,-1,-1,0,0,1,3,-2,-1,1,-1,0,1,3,1,0,1,0,1,0,0,1,0,2,2,0,2,2,4,-1,0,0,1,2,2]","[-3,-1,0,0,1,1,1,1,0,1,3,0,1,2,4,0,1,0,1,0,1,1,-1,1,1,1,1,2,0,0,-1,0,0,-1,-2,-1]",c,"[[{8, 3}, {6, 7}, {2, 5}, {1, 4}], [{8, 5}, {6, 7}, {1, 4}, {2, 3}], [{8, 6}, {3, 7}, {1, 5}, {2, 4}], [{8, 6}, {3, 7}, {2, 5}, {1, 4}], [{8, 6}, {4, 7}, {1, 5}, {2, 3}], [{8, 6}, {4, 7}, {2, 5}, {1, 3}], [{8, 6}, {5, 7}, {1, 4}, {2, 3}], [{8, 6}, {5, 7}, {2, 4}, {1, 3}], [{8, 7}, {3, 6}, {2, 5}, {1, 4}], [{8, 7}, {5, 6}, {1, 4}, {2, 3}]]",1,4 K_1^3 - 20 K_1^2 - 2 K_1 K_2 - 2 K_1 + 10 K_2 + 11,O1O2O3U4O5U3U6O4U1U7O6U8U5O7O8U2,O1O2U3O4O5U6O3O7U1O6U7U8U5O8U2U4,O1O2U3O4O5U2O6O7U5U6O8U4U8U1O3U7,c,{'O1O2O3U2O4O5U6U4O7U5U3O8U7U1O6U8'},1,"<a href=""/flatknot/8.975505"">8.975505</a>",t^9-57t^7-90t^6+175t^5+336t^4+48t^3-136t^2-92t-32,t^3-3t,,
8.975506,O1O2O3U2O4O5U6U4O7U8U1O8U5U3O6U7,3,13z^2+68z+85,13w^3z^2+68w^2z+85w,False,False,"[[ 0 -1 -1  2  0  2 -3  2 -1],[ 1  0  0  2  0  1 -1  1  1],[ 1  0  0  1  0  0  0  1  1],[-2 -2 -1  0 -1  1 -4  1 -2],[ 0  0  0  1  0  1 -1  0  0],[-2 -1  0 -1 -1  0 -2  0 -2],[ 3  1  0  4  1  2  0  2  2],[-2 -1 -1 -1  0  0 -2  0 -2],[ 1 -1 -1  2  0  2 -2  2  0]]","[[ 0  2  2  2  0 -1 -1 -1 -3],[-2  0  1  1 -1 -1 -2 -2 -4],[-2 -1  0  0  0 -1 -1 -2 -2],[-2 -1  0  0 -1  0 -1 -2 -2],[ 0  1  0  1  0  0  0  0 -1],[ 1  1  1  0  0  0  0  1  0],[ 1  2  1  1  0  0  0  1 -1],[ 1  2  2  2  0 -1 -1  0 -2],[ 3  4  2  2  1  0  1  2  0]]",True,"[-2,-2,-2,0,1,1,1,3,-1,-1,1,1,2,2,4,0,0,1,1,2,2,1,0,1,2,2,0,0,0,1,0,-1,0,-1,1,2]","[-3,-1,-1,-1,0,2,2,2,0,1,2,1,2,2,4,0,1,0,0,1,1,1,0,1,1,2,0,2,2,2,1,0,1,0,-1,-1]",t^8+56t^6+102t^4+32t^2,"[-3,-1,-1,-1,0,2,2,2,0,1,2,2,1,3,3,1,1,1,1,1,1,0,1,1,2,2,1,2,2,3,1,2,1,-1,-1,0]","[-2,-2,-2,0,1,1,1,3,-1,0,1,1,2,3,3,1,1,1,1,2,1,2,1,2,2,3,1,1,1,2,-1,-1,0,0,1,2]","[-3,-1,-1,-1,0,2,2,2,0,1,2,1,2,2,4,0,1,0,0,1,1,1,0,1,1,2,0,2,2,2,1,0,1,0,-1,-1]",c,"[[{8, 5}, {6, 7}, {1, 4}, {2, 3}], [{8, 6}, {5, 7}, {3, 4}, {1, 2}], [{8, 7}, {5, 6}, {1, 4}, {2, 3}]]",1,- 10 K_1^2 - 2 K_1 K_2 + K_1 + 5 K_2 + K_3 + 6,O1O2O3U4O5U1U6O7U3U7O4U8U5O6O8U2,O1O2U3O4O5U4O6O7U1O3U5U8U7O8U2U6,O1O2U3O4O3U5O6O7U2U6O8U1U8U4O5U7,c,{'O1O2O3U2O4O5U6U4O7U8U1O8U5U3O6U7'},1,"<a href=""/flatknot/8.975506"">8.975506</a>",t^9-56t^7-194t^6-147t^5+190t^4+327t^3+176t^2+36t,t^3-3t^2+3t,,
8.975507,O1O2O3U2O4O5U6U4O7U8U3O8U5U1O6U7,4,17z^2+86z+105,17w^3z^2+86w^2z+105w,False,False,"[[ 0  0 -1  1  0  2 -3  2 -1],[ 0  0 -1  1 -1  2 -3  2 -1],[ 1  1  0  1  0  1  0  1  0],[-1 -1 -1  0  0  1 -2  0 -1],[ 0  1  0  0  0  1 -1  0  0],[-2 -2 -1 -1 -1  0 -2  0 -2],[ 3  3  0  2  1  2  0  2  2],[-2 -2 -1  0  0  0 -2  0 -2],[ 1  1  0  1  0  2 -2  2  0]]","[[ 0  2  2  1  0  0 -1 -1 -3],[-2  0  0  0  0 -2 -1 -2 -2],[-2  0  0 -1 -1 -2 -1 -2 -2],[-1  0  1  0  0 -1 -1 -1 -2],[ 0  0  1  0  0  1  0  0 -1],[ 0  2  2  1 -1  0 -1 -1 -3],[ 1  1  1  1  0  1  0  0  0],[ 1  2  2  1  0  1  0  0 -2],[ 3  2  2  2  1  3  0  2  0]]",True,"[-2,-2,-1,0,0,1,1,3,0,0,0,2,1,2,2,1,1,2,1,2,2,0,1,1,1,2,-1,0,0,1,1,1,3,0,0,2]","[-3,-1,-1,0,0,1,2,2,0,2,0,2,2,3,3,0,0,1,1,1,1,0,1,1,2,2,1,0,0,0,1,1,2,0,1,0]",t^8+52t^6+112t^4+48t^2+4,"[-3,-1,-1,0,0,1,2,2,0,2,0,2,2,3,3,0,0,1,1,1,1,0,1,1,2,2,1,0,0,0,1,1,2,0,1,0]","[-2,-2,-1,0,0,1,1,3,0,0,0,1,1,2,3,1,0,2,1,2,3,0,1,1,1,2,-1,0,0,0,1,1,2,0,0,2]","[-3,-1,-1,0,0,1,2,2,0,2,1,3,2,2,2,0,0,1,1,1,1,0,1,1,2,2,1,0,0,1,1,2,2,0,1,0]",c,"[[{8, 3}, {2, 7}, {5, 6}, {1, 4}], [{8, 3}, {4, 7}, {5, 6}, {1, 2}], [{8, 3}, {5, 7}, {2, 6}, {1, 4}], [{8, 3}, {6, 7}, {2, 5}, {1, 4}], [{8, 4}, {6, 7}, {1, 5}, {2, 3}], [{8, 5}, {6, 7}, {1, 4}, {2, 3}], [{8, 5}, {6, 7}, {2, 4}, {1, 3}], [{8, 6}, {5, 7}, {1, 4}, {2, 3}], [{8, 7}, {5, 6}, {1, 4}, {2, 3}], [{8, 7}, {5, 6}, {3, 4}, {1, 2}]]",1,4 K_1^3 - 16 K_1^2 - 2 K_1 K_2 - 2 K_1 + 8 K_2 + 9,O1O2O3U4O5U3U6O7U1U7O4U8U5O6O8U2,O1O2U3O4O5U4O6O7U1O3U7U8U5O8U2U6,O1O2U3O4O3U5O6O7U2U6O8U4U8U1O5U7,c,{'O1O2O3U2O4O5U6U4O7U8U3O8U5U1O6U7'},1,"<a href=""/flatknot/8.975507"">8.975507</a>",t^9-54t^7-180t^6-60t^5+196t^4+20t^3-50t^2+8t+4,t^3-2t^2+t,,
8.975508,O1O2O3U2O4O5U6U4O7U8U5O8U1U3O6U7,3,14z^2+83z+111,14w^3z^2+83w^2z+111w,False,False,"[[ 0 -1 -1  2  0  2 -3  2 -1],[ 1  0  0  2 -1  2 -2  2  0],[ 1  0  0  1  0  0  0  1  1],[-2 -2 -1  0 -1  2 -4  1 -3],[ 0  1  0  1  0  1 -1  0 -1],[-2 -2  0 -2 -1  0 -1 -1 -2],[ 3  2  0  4  1  1  0  2  2],[-2 -2 -1 -1  0  1 -2  0 -2],[ 1  0 -1  3  1  2 -2  2  0]]","[[ 0  2  2  2  0 -1 -1 -1 -3],[-2  0  2  1 -1 -1 -2 -3 -4],[-2 -2  0 -1 -1  0 -2 -2 -1],[-2 -1  1  0  0 -1 -2 -2 -2],[ 0  1  1  0  0  0  1 -1 -1],[ 1  1  0  1  0  0  0  1  0],[ 1  2  2  2 -1  0  0  0 -2],[ 1  3  2  2  1 -1  0  0 -2],[ 3  4  1  2  1  0  2  2  0]]",True,"[-2,-2,-2,0,1,1,1,3,-2,-1,1,1,2,3,4,1,1,0,2,2,1,0,1,2,2,2,0,-1,1,1,0,-1,0,0,2,2]","[-3,-1,-1,-1,0,2,2,2,0,0,2,2,1,3,4,0,0,2,1,1,1,1,0,0,1,1,1,2,2,3,1,2,1,-1,-2,-1]",t^8+72t^6+243t^4+48t^2,"[-3,-1,-1,-1,0,2,2,2,0,0,2,2,1,3,4,0,0,2,1,1,1,1,0,0,1,1,1,2,2,3,1,2,1,-1,-2,-1]","[-2,-2,-2,0,1,1,1,3,-2,-1,1,1,1,3,4,1,1,0,1,2,1,2,1,1,2,3,0,2,1,2,0,-1,0,0,0,2]","[-3,-1,-1,-1,0,2,2,2,0,2,2,1,1,2,4,0,1,0,0,1,1,0,-1,2,2,2,1,2,2,3,1,0,1,-1,-2,-1]",c,"[[{8, 1}, {2, 7}, {3, 6}, {4, 5}], [{8, 1}, {5, 7}, {3, 6}, {2, 4}], [{8, 3}, {4, 7}, {5, 6}, {1, 2}], [{8, 3}, {4, 7}, {5, 6}, {2}, {1}], [{8, 5}, {1, 7}, {3, 6}, {2, 4}], [{8, 5}, {2, 7}, {3, 6}, {1, 4}]]",1,- 18 K_1^2 - 6 K_1 K_2 + 3 K_1 + 9 K_2 + 3 K_3 + 10,O1O2O3U4O5U1U3O6U7U6O4U8U5O7O8U2,O1O2U3O4O5U4O6O7U1O3U6U8U7O8U2U5,O1O2U3O4O3U5O6O7U4U6O8U1U8U2O5U7,c,{'O1O2O3U2O4O5U6U4O7U8U5O8U1U3O6U7'},1,"<a href=""/flatknot/8.975508"">8.975508</a>",t^9-72t^7-290t^6-222t^5+300t^4+371t^3+36t^2-24t+32,t^3-3t^2+3t,,
8.975509,O1O2O3U2O4O5U6U4O7U8U5O8U1U7O6U3,4,7z^2+76z+125,7w^3z^2+76w^2z+125w,False,False,"[[ 0 -1 -1  2  0  2 -3  2 -1],[ 1  0  0  2 -1  2 -2  2  0],[ 1  0  0  1  0  0  1  0  1],[-2 -2 -1  0  0  2 -4  1 -3],[ 0  1  0  0  0  1 -1  1 -1],[-2 -2  0 -2 -1  0 -2  0 -2],[ 3  2 -1  4  1  2  0  2  2],[-2 -2  0 -1 -1  0 -2  0 -2],[ 1  0 -1  3  1  2 -2  2  0]]","[[ 0  2  2  2  0 -1 -1 -1 -3],[-2  0  2  1  0 -1 -2 -3 -4],[-2 -2  0  0 -1  0 -2 -2 -2],[-2 -1  0  0 -1  0 -2 -2 -2],[ 0  0  1  1  0  0  1 -1 -1],[ 1  1  0  0  0  0  0  1  1],[ 1  2  2  2 -1  0  0  0 -2],[ 1  3  2  2  1 -1  0  0 -2],[ 3  4  2  2  1 -1  2  2  0]]",True,"[-2,-2,-2,0,1,1,1,3,-2,-1,0,1,2,3,4,0,1,0,2,2,2,1,0,2,2,2,0,-1,1,1,0,-1,-1,0,2,2]","[-3,-1,-1,-1,0,2,2,2,-1,2,2,1,2,2,4,0,1,0,0,0,1,0,-1,2,2,2,1,2,2,3,1,1,0,0,-2,-1]",t^8+74t^6+264t^4+71t^2+4,"[-3,-1,-1,-1,0,2,2,2,0,0,3,2,1,3,3,0,0,2,1,1,1,1,0,0,1,1,1,2,3,3,2,1,1,-2,-1,0]","[-2,-2,-2,0,1,1,1,3,-2,0,1,1,1,3,3,1,2,0,1,2,1,1,1,1,3,3,0,2,1,2,0,-1,0,0,0,3]","[-3,-1,-1,-1,0,2,2,2,-1,2,2,1,2,2,4,0,1,0,0,0,1,0,-1,2,2,2,1,2,2,3,1,1,0,0,-2,-1]",c,"[[{8, 1}, {6, 7}, {4, 5}, {2, 3}], [{8, 2}, {6, 7}, {3, 5}, {1, 4}], [{8, 5}, {6, 7}, {1, 4}, {2, 3}], [{8, 5}, {6, 7}, {2, 4}, {1, 3}], [{8, 7}, {5, 6}, {3, 4}, {1, 2}]]",1,- 30 K_1^2 - 6 K_1 K_2 + 3 K_1 + 15 K_2 + 3 K_3 + 16,O1O2O3U1O4U5U3O6U7U6O5U8U4O7O8U2,O1O2U3O4O5U4O6O3U1O7U6U8U7O8U2U5,O1O2U3O4O3U1O5O6U4U5O7U8U7U2O8U6,c,{'O1O2O3U2O4O5U6U4O7U8U5O8U1U7O6U3'},1,"<a href=""/flatknot/8.975509"">8.975509</a>",t^9-74t^7-310t^6-211t^5+590t^4+669t^3+10t^2-64t+12,t^3-3t^2+3t,,
8.975510,O1O2O3U2O4O5U6U5O7U1U3O8U4U7O6U8,4,3z^3+36z^2+112z+105,3w^4z^3+36w^3z^2+112w^2z+105w,False,False,"[[ 0 -2 -1  1  1  1 -3  2  1],[ 2  0  0  2  2  0 -2  3  1],[ 1  0  0  1  1  0  0  1  0],[-1 -2 -1  0  1  0 -4  2  1],[-1 -2 -1 -1  0  0 -3  1  1],[-1  0  0  0  0  0 -1  0 -1],[ 3  2  0  4  3  1  0  2  0],[-2 -3 -1 -2 -1  0 -2  0  1],[-1 -1  0 -1 -1  1  0 -1  0]]","[[ 0  2  1  1  1  1 -1 -2 -3],[-2  0  1  0 -1 -2 -1 -3 -2],[-1 -1  0  1 -1 -1  0 -1  0],[-1  0 -1  0  0  0  0  0 -1],[-1  1  1  0  0 -1 -1 -2 -3],[-1  2  1  0  1  0 -1 -2 -4],[ 1  1  0  0  1  1  0  0  0],[ 2  3  1  0  2  2  0  0 -2],[ 3  2  0  1  3  4  0  2  0]]",True,"[-2,-1,-1,-1,-1,1,2,3,-1,0,1,2,1,3,2,-1,1,1,0,1,0,0,0,0,0,1,1,1,2,3,1,2,4,0,0,2]","[-3,-2,-1,1,1,1,1,2,-1,2,0,1,3,4,3,1,1,1,3,2,1,1,1,2,2,2,-1,0,-1,-1,0,-1,0,1,1,2]",t^8+65t^6+173t^4+66t^2+1,"[-3,-2,-1,1,1,1,1,2,-1,2,0,1,3,4,3,1,1,1,3,2,1,1,1,2,2,2,-1,0,-1,-1,0,-1,0,1,1,2]","[-2,-1,-1,-1,-1,1,2,3,-1,0,1,2,2,1,3,1,0,1,1,1,0,0,1,1,1,1,-1,2,3,3,2,2,4,1,2,-1]","[-3,-2,-1,1,1,1,1,2,2,0,0,1,3,4,2,0,1,0,2,2,3,0,0,1,1,1,1,-1,-1,-1,0,0,0,-1,1,2]",c,"[[{8, 2}, {6, 7}, {1, 5}, {3, 4}]]",1,24 K_1^3 - 20 K_1^2 - 30 K_1 K_2 - 3 K_1 + 10 K_2 + 9 K_3 + 11,O1O2O3U4O5U6U7O4U1U3O6U8U5O8O7U2,O1O2U3O4O5U6O7O3U1O6U4U8U5O8U7U2,O1O2U3O4O5U1O6O7U6U2O8U4U8U5O3U7,c,{'O1O2O3U2O4O5U6U5O7U1U3O8U4U7O6U8'},1,"<a href=""/flatknot/8.975510"">8.975510</a>",t^9-71t^7-226t^6-65t^5+48t^4-298t^3-126t^2+50t,t^3-3t,,
8.975511,O1O2O3U2O4O5U6U5O7U1U3O8U7U4O6U8,4,6z^3+48z^2+115z+87,6w^4z^3+48w^3z^2+115w^2z+87w,False,False,"[[ 0 -2 -1  1  2  1 -3  1  1],[ 2  0  0  2  3  0 -2  2  1],[ 1  0  0  1  1  0  0  1  0],[-1 -2 -1  0  2  0 -4  1  1],[-2 -3 -1 -2  0  0 -3  0  1],[-1  0  0  0  0  0 -1  0 -1],[ 3  2  0  4  3  1  0  1  0],[-1 -2 -1 -1  0  0 -1  0  1],[-1 -1  0 -1 -1  1  0 -1  0]]","[[ 0  2  1  1  1  1 -1 -2 -3],[-2  0  1  0  0 -2 -1 -3 -3],[-1 -1  0  1 -1 -1  0 -1  0],[-1  0 -1  0  0  0  0  0 -1],[-1  0  1  0  0 -1 -1 -2 -1],[-1  2  1  0  1  0 -1 -2 -4],[ 1  1  0  0  1  1  0  0  0],[ 2  3  1  0  2  2  0  0 -2],[ 3  3  0  1  1  4  0  2  0]]",True,"[-2,-1,-1,-1,-1,1,2,3,-1,0,0,2,1,3,3,-1,1,1,0,1,0,0,0,0,0,1,1,1,2,1,1,2,4,0,0,2]","[-3,-2,-1,1,1,1,1,2,-1,2,0,3,3,4,2,1,1,1,3,2,1,1,1,2,2,2,-1,0,-1,-1,0,-1,1,1,1,2]",t^8+61t^6+191t^4+79t^2,"[-3,-2,-1,1,1,1,1,2,-1,2,0,3,3,4,2,1,1,1,3,2,1,1,1,2,2,2,-1,0,-1,-1,0,-1,1,1,1,2]","[-2,-1,-1,-1,-1,1,2,3,-1,1,1,2,2,1,2,0,1,1,1,1,0,0,-1,2,3,3,1,1,1,3,2,2,4,1,2,-1]","[-3,-2,-1,1,1,1,1,2,2,0,0,1,1,4,3,0,1,0,2,2,3,0,0,1,1,1,1,-1,-1,-1,0,0,0,-1,0,2]",c,"[[{8, 1}, {5, 7}, {4, 6}, {2, 3}], [{8, 2}, {4, 7}, {3, 6}, {1, 5}], [{8}, {5, 7}, {4, 6}, {2, 3}, {1}]]",1,8 K_1^3 - 4 K_1^2 - 6 K_1 K_2 - 3 K_1 + 2 K_2 + K_3 + 3,O1O2O3U4O5U6U7O4U1U3O7U8U5O8O6U2,O1O2U3O4O5U6O3O7U1O6U4U8U5O8U7U2,O1O2U3O4O5U2O6O7U6U1O8U4U8U5O3U7,c,{'O1O2O3U2O4O5U6U5O7U1U3O8U7U4O6U8'},1,"<a href=""/flatknot/8.975511"">8.975511</a>",t^9-67t^7-194t^6+63t^5+196t^4-309t^3-28t^2+159t+6,t^3-3t,,
8.975512,O1O2O3U2O4O5U6U5O7U1U3O8U7U8O6U4,3,13z^2+82z+113,13w^3z^2+82w^2z+113w,False,False,"[[ 0 -2 -1  1  2  1 -3  1  1],[ 2  0  0  2  2  0 -1  2  1],[ 1  0  0  1  1  0  0  1  0],[-1 -2 -1  0  1  0 -3  1  1],[-2 -2 -1 -1  0  1 -3 -1  1],[-1  0  0  0 -1  0 -1  0  0],[ 3  1  0  3  3  1  0  2  0],[-1 -2 -1 -1  1  0 -2  0  1],[-1 -1  0 -1 -1  0  0 -1  0]]","[[ 0  2  1  1  1  1 -1 -2 -3],[-2  0  1  1 -1 -1 -1 -2 -3],[-1 -1  0  0  0  0  0  0 -1],[-1 -1  0  0 -1 -1  0 -1  0],[-1  1  0  1  0  1 -1 -2 -3],[-1  1  0  1 -1  0 -1 -2 -2],[ 1  1  0  0  1  1  0  0  0],[ 2  2  0  1  2  2  0  0 -1],[ 3  3  1  0  3  2  0  1  0]]",True,"[-2,-1,-1,-1,-1,1,2,3,-1,-1,1,1,1,2,3,0,0,0,0,0,1,1,1,0,1,0,-1,1,2,3,1,2,2,0,0,1]","[-3,-2,-1,1,1,1,1,2,0,2,1,2,3,4,2,1,1,1,3,2,2,1,1,2,2,2,-1,0,-1,0,0,-1,0,0,2,2]",t^8+47t^6+119t^4+36t^2,"[-3,-2,-1,1,1,1,1,2,0,2,1,2,3,4,2,1,1,1,3,2,2,1,1,2,2,2,-1,0,-1,0,0,-1,0,0,2,2]","[-2,-1,-1,-1,-1,1,2,3,0,0,2,2,2,2,2,-1,0,1,1,1,2,0,1,1,1,1,0,2,3,3,2,2,4,1,2,0]","[-3,-2,-1,1,1,1,1,2,1,0,0,1,2,3,3,0,1,0,2,2,2,0,0,1,1,1,0,-1,-1,-1,0,0,-1,-1,1,1]",c,"[[{8, 5}, {6, 7}, {1, 4}, {2, 3}], [{8, 5}, {6, 7}, {2, 4}, {1, 3}], [{8, 5}, {6, 7}, {3, 4}, {1, 2}], [{8, 5}, {6, 7}, {4}, {1, 3}, {2}], [{8, 6}, {5, 7}, {1, 4}, {2, 3}], [{8, 6}, {5, 7}, {1, 4}, {3}, {2}], [{8, 6}, {5, 7}, {2, 4}, {1, 3}], [{8, 6}, {5, 7}, {2, 4}, {3}, {1}], [{8, 6}, {5, 7}, {3, 4}, {1, 2}], [{8, 6}, {5, 7}, {3, 4}, {2}, {1}], [{8, 6}, {5, 7}, {4}, {1, 3}, {2}], [{8, 6}, {5, 7}, {4}, {2, 3}, {1}], [{8, 6}, {5, 7}, {4}, {3}, {1, 2}], [{8, 6}, {5, 7}, {4}, {3}, {2}, {1}], [{8, 7}, {5, 6}, {1, 4}, {2, 3}]]",1,24 K_1^3 - 32 K_1^2 - 38 K_1 K_2 + K_1 + 16 K_2 + 13 K_3 + 17,O1O2O3U4O5U6U7O6U1U3O7U8U5O8O4U2,O1O2U3O4O5U6O3O6U1O7U4U8U5O8U7U2,O1O2U1O3O4U2O5O6U5U7O8U3U8U4O7U6,c,{'O1O2O3U2O4O5U6U5O7U1U3O8U7U8O6U4'},1,"<a href=""/flatknot/8.975512"">8.975512</a>",t^9-53t^7-120t^6-5t^5+88t^4-16t^3+18t^2+48t-8,t^3-3t,,
8.975513,O1O2O3U2O4O5U6U5O7U1U4O8U3U7O6U8,4,2z^3+19z^2+82z+105,2w^4z^3+19w^3z^2+82w^2z+105w,False,False,"[[ 0 -2 -1  1  1  1 -3  2  1],[ 2  0  0  3  1  0 -2  3  1],[ 1  0  0  1  0  0  0  1  1],[-1 -3 -1  0  0  0 -4  2  1],[-1 -1  0  0  0  0 -3  1  0],[-1  0  0  0  0  0 -1  0 -1],[ 3  2  0  4  3  1  0  2  0],[-2 -3 -1 -2 -1  0 -2  0  1],[-1 -1 -1 -1  0  1  0 -1  0]]","[[ 0  2  1  1  1  1 -1 -2 -3],[-2  0  1  0 -1 -2 -1 -3 -2],[-1 -1  0  1  0 -1 -1 -1  0],[-1  0 -1  0  0  0  0  0 -1],[-1  1  0  0  0  0  0 -1 -3],[-1  2  1  0  0  0 -1 -3 -4],[ 1  1  1  0  0  1  0  0  0],[ 2  3  1  0  1  3  0  0 -2],[ 3  2  0  1  3  4  0  2  0]]",True,"[-2,-1,-1,-1,-1,1,2,3,-1,0,1,2,1,3,2,-1,0,1,1,1,0,0,0,0,0,1,0,0,1,3,1,3,4,0,0,2]","[-3,-2,-1,1,1,1,1,2,-1,2,0,1,3,4,3,1,0,2,3,2,1,1,2,2,1,2,0,0,-1,-1,0,0,0,1,1,2]",t^8+65t^6+289t^4+64t^2,"[-3,-2,-1,1,1,1,1,2,-1,2,0,1,3,4,3,1,0,2,3,2,1,1,2,2,1,2,0,0,-1,-1,0,0,0,1,1,2]","[-2,-1,-1,-1,-1,1,2,3,-1,0,1,2,2,1,3,0,0,1,1,0,0,0,0,2,2,1,-1,2,3,3,1,2,4,1,2,-1]","[-3,-2,-1,1,1,1,1,2,2,0,0,1,3,4,2,0,1,0,1,3,3,1,0,0,1,1,1,0,-1,-1,0,0,0,0,1,2]",c,"[[{8, 2}, {6, 7}, {1, 5}, {3, 4}], [{8, 3}, {6, 7}, {1, 5}, {2, 4}]]",1,8 K_1^3 - 16 K_1^2 - 6 K_1 K_2 - 3 K_1 + 8 K_2 + K_3 + 9,O1O2O3U4O5U6U1O4U7U3O6U8U5O8O7U2,O1O2U3O4O5U6O7O3U1O6U4U8U7O8U5U2,O1O2U3O4O5U1O6O7U6U4O8U2U8U5O3U7,c,{'O1O2O3U2O4O5U6U5O7U1U4O8U3U7O6U8'},1,"<a href=""/flatknot/8.975513"">8.975513</a>",t^9-71t^7-198t^6+121t^5+406t^4-42t^3+196t^2+348t+76,t^3-3t,,
8.975514,O1O2O3U2O4O5U6U5O7U1U4O8U7U3O6U8,4,2z^3+27z^2+106z+121,2w^4z^3+27w^3z^2+106w^2z+121w,False,False,"[[ 0 -2 -1  2  1  1 -3  1  1],[ 2  0  0  4  1  0 -2  2  1],[ 1  0  0  1  0  0  0  0  1],[-2 -4 -1  0 -1  0 -4  1  1],[-1 -1  0  1  0  0 -3  1  0],[-1  0  0  0  0  0 -1  0 -1],[ 3  2  0  4  3  1  0  1  0],[-1 -2  0 -1 -1  0 -1  0  1],[-1 -1 -1 -1  0  1  0 -1  0]]","[[ 0  2  1  1  1  1 -1 -2 -3],[-2  0  1  1  0 -1 -1 -4 -4],[-1 -1  0  1  0 -1  0 -2 -1],[-1 -1 -1  0  1  0 -1 -1  0],[-1  0  0 -1  0  0  0  0 -1],[-1  1  1  0  0  0  0 -1 -3],[ 1  1  0  1  0  0  0  0  0],[ 2  4  2  1  0  1  0  0 -2],[ 3  4  1  0  1  3  0  2  0]]",True,"[-2,-1,-1,-1,-1,1,2,3,-1,-1,0,1,1,4,4,-1,0,1,0,2,1,-1,0,1,1,0,0,0,0,1,0,1,3,0,0,2]","[-3,-2,-1,1,1,1,1,2,-1,2,1,3,3,4,1,1,2,1,3,2,0,2,2,2,1,2,-1,0,0,0,0,-1,2,1,1,2]",t^8+61t^6+276t^4+99t^2+4,"[-3,-2,-1,1,1,1,1,2,-1,2,1,3,3,4,1,1,2,1,3,2,0,2,2,2,1,2,-1,0,0,0,0,-1,2,1,1,2]","[-2,-1,-1,-1,-1,1,2,3,0,1,2,2,2,0,1,0,0,1,2,2,1,-1,0,2,3,3,-1,1,2,4,2,1,3,1,2,-1]","[-3,-2,-1,1,1,1,1,2,2,0,0,1,1,3,4,0,1,0,2,1,4,1,0,0,0,1,1,-1,0,-1,0,0,0,-1,-1,1]",c,"[[{8, 1}, {4, 7}, {3, 6}, {2, 5}], [{8, 6}, {3, 7}, {1, 5}, {2, 4}]]",1,4 K_1^3 - 20 K_1^2 - 6 K_1 K_2 + 10 K_2 + 2 K_3 + 11,O1O2O3U4O5U1U6O4U7U3O6U8U5O8O7U2,O1O2U3O4O5U6O3O7U1O6U4U8U7O8U5U2,O1O2U3O4O5U2O6O7U6U4O8U1U8U5O3U7,c,{'O1O2O3U2O4O5U6U5O7U1U4O8U7U3O6U8'},1,"<a href=""/flatknot/8.975514"">8.975514</a>",t^9-67t^7-174t^6+186t^5+400t^4-419t^3-180t^2+179t+50,t^3-3t,,
8.975515,O1O2O3U2O4O5U6U5O7U1U4O8U7U8O6U3,2,36z+73,-8w^3z+44w^2z+73w,False,False,"[[ 0 -2 -1  2  1  1 -3  1  1],[ 2  0  0  3  1  0 -1  2  1],[ 1  0  0  1  0  0  1  0  0],[-2 -3 -1  0  0  1 -4  0  1],[-1 -1  0  0  0  0 -3  1  1],[-1  0  0 -1  0  0 -1  0  0],[ 3  1 -1  4  3  1  0  2  0],[-1 -2  0  0 -1  0 -2  0  1],[-1 -1  0 -1 -1  0  0 -1  0]]","[[ 0  2  1  1  1  1 -1 -2 -3],[-2  0  1  1  0  0 -1 -3 -4],[-1 -1  0  0  0  0  0  0 -1],[-1 -1  0  0 -1 -1  0 -1  0],[-1  0  0  1  0  1  0 -1 -3],[-1  0  0  1 -1  0  0 -2 -2],[ 1  1  0  0  0  0  0  0  1],[ 2  3  0  1  1  2  0  0 -1],[ 3  4  1  0  3  2 -1  1  0]]",True,"[-2,-1,-1,-1,-1,1,2,3,-1,-1,0,0,1,3,4,0,0,0,0,0,1,1,1,0,1,0,-1,0,1,3,0,2,2,0,-1,1]","[-3,-2,-1,1,1,1,1,2,0,3,1,2,3,4,1,1,2,1,3,2,1,2,2,2,2,2,-1,0,-1,1,0,-1,1,0,2,2]",t^8+53t^6+185t^4,"[-3,-2,-1,1,1,1,1,2,0,3,1,2,3,4,1,1,2,1,3,2,1,2,2,2,2,2,-1,0,-1,1,0,-1,1,0,2,2]","[-2,-1,-1,-1,-1,1,2,3,1,1,2,2,2,1,1,-1,0,1,2,1,2,0,1,2,2,1,0,2,3,3,2,2,4,1,3,0]","[-3,-2,-1,1,1,1,1,2,1,-1,0,1,2,3,4,0,1,0,2,1,3,0,0,0,0,1,0,-1,-1,-1,0,0,-1,-1,0,0]",c,"[[{8, 4}, {5, 7}, {2, 6}, {1, 3}], [{8, 4}, {5, 7}, {2, 6}, {3}, {1}], [{8, 4}, {6, 7}, {2, 5}, {1, 3}], [{8, 4}, {6, 7}, {2, 5}, {3}, {1}], [{8, 5}, {4, 7}, {2, 6}, {1, 3}], [{8, 5}, {4, 7}, {2, 6}, {3}, {1}], [{8, 5}, {6, 7}, {2, 4}, {1, 3}], [{8, 5}, {6, 7}, {2, 4}, {3}, {1}], [{8, 6}, {4, 7}, {2, 5}, {1, 3}], [{8, 6}, {4, 7}, {2, 5}, {3}, {1}], [{8, 6}, {5, 7}, {2, 4}, {1, 3}], [{8, 6}, {5, 7}, {2, 4}, {3}, {1}], [{8, 7}, {3, 6}, {1, 5}, {2, 4}], [{8, 7}, {3, 6}, {2, 5}, {1, 4}], [{8, 7}, {4, 6}, {1, 5}, {2, 3}], [{8, 7}, {4, 6}, {2, 5}, {1, 3}], [{8, 7}, {5, 6}, {1, 4}, {2, 3}], [{8, 7}, {5, 6}, {2, 4}, {1, 3}], [{8}, {7}, {3, 6}, {1, 5}, {2, 4}], [{8}, {7}, {3, 6}, {2, 5}, {1, 4}], [{8}, {7}, {4, 6}, {1, 5}, {2, 3}], [{8}, {7}, {4, 6}, {2, 5}, {1, 3}], [{8}, {7}, {5, 6}, {1, 4}, {2, 3}], [{8}, {7}, {5, 6}, {2, 4}, {1, 3}]]",1,8 K_1^3 - 24 K_1^2 - 6 K_1 K_2 - 3 K_1 + 12 K_2 + K_3 + 13,O1O2O3U1O4U5U6O5U7U3O6U8U4O8O7U2,O1O2U3O4O5U6O3O6U1O7U4U8U7O8U5U2,O1O2U1O3O4U2O5O6U5U3O7U8U7U4O8U6,c,{'O1O2O3U2O4O5U6U5O7U1U4O8U7U8O6U3'},1,"<a href=""/flatknot/8.975515"">8.975515</a>",t^9-59t^7-88t^6+177t^5+210t^4+28t^3-24t^2-32t,t^3-3t,,
8.975516,O1O2O3U2O4O5U6U5O7U1U7O8U3U8O6U4,4,4z^3+38z^2+111z+103,4w^4z^3+38w^3z^2+111w^2z+103w,False,False,"[[ 0 -2 -1  1  2  1 -3  1  1],[ 2  0  0  3  2  0 -1  1  1],[ 1  0  0  1  1  0  0  0  1],[-1 -3 -1  0  1  0 -3  0  1],[-2 -2 -1 -1  0  1 -3  0  0],[-1  0  0  0 -1  0 -1  0  0],[ 3  1  0  3  3  1  0  1  1],[-1 -1  0  0  0  0 -1  0  0],[-1 -1 -1 -1  0  0 -1  0  0]]","[[ 0  2  1  1  1  1 -1 -2 -3],[-2  0  1  0  0 -1 -1 -2 -3],[-1 -1  0  0  0  0  0  0 -1],[-1  0  0  0  0  0  0 -1 -1],[-1  0  0  0  0 -1 -1 -1 -1],[-1  1  0  0  1  0 -1 -3 -3],[ 1  1  0  0  1  1  0  0  0],[ 2  2  0  1  1  3  0  0 -1],[ 3  3  1  1  1  3  0  1  0]]",True,"[-2,-1,-1,-1,-1,1,2,3,-1,0,0,1,1,2,3,0,0,0,0,0,1,0,0,0,1,1,1,1,1,1,1,3,3,0,0,1]","[-3,-2,-1,1,1,1,1,2,0,2,1,3,3,3,2,1,0,2,2,3,2,1,1,2,2,2,-1,0,0,0,0,0,1,0,1,2]",t^8+43t^6+107t^4+38t^2,"[-3,-2,-1,1,1,1,1,2,0,2,1,3,3,3,2,1,0,2,2,3,2,1,1,2,2,2,-1,0,0,0,0,0,1,0,1,2]","[-2,-1,-1,-1,-1,1,2,3,0,1,1,2,2,2,2,0,1,0,1,0,1,0,0,2,2,3,0,1,2,3,2,3,3,1,2,0]","[-3,-2,-1,1,1,1,1,2,1,0,1,1,1,3,3,0,0,1,1,3,2,0,0,1,1,1,0,0,0,-1,0,0,0,-1,0,1]",c,"[[{8, 1}, {2, 7}, {3, 6}, {4, 5}], [{8, 1}, {2, 7}, {4, 6}, {3, 5}], [{8, 1}, {2, 7}, {5, 6}, {3, 4}], [{8, 1}, {2, 7}, {5, 6}, {4}, {3}], [{8, 1}, {3, 7}, {2, 6}, {4, 5}], [{8, 1}, {3, 7}, {4, 6}, {2, 5}], [{8, 1}, {3, 7}, {4, 6}, {5}, {2}], [{8, 1}, {3, 7}, {5, 6}, {2, 4}], [{8, 1}, {4, 7}, {2, 6}, {3, 5}], [{8, 1}, {4, 7}, {3, 6}, {2, 5}], [{8, 1}, {4, 7}, {3, 6}, {5}, {2}], [{8, 1}, {4, 7}, {5, 6}, {2, 3}], [{8, 1}, {5, 7}, {2, 6}, {3, 4}], [{8, 1}, {5, 7}, {3, 6}, {2, 4}], [{8, 1}, {5, 7}, {4, 6}, {2, 3}], [{8, 1}, {5, 7}, {4, 6}, {3}, {2}], [{8, 1}, {6, 7}, {2, 5}, {3, 4}], [{8, 1}, {6, 7}, {3, 5}, {2, 4}], [{8, 1}, {6, 7}, {4, 5}, {2, 3}], [{8, 1}, {6, 7}, {5}, {4}, {2, 3}], [{8, 1}, {7}, {2, 6}, {3, 5}, {4}], [{8, 1}, {7}, {4, 6}, {3, 5}, {2}], [{8, 1}, {7}, {6}, {3, 5}, {2, 4}], [{8, 2}, {1, 7}, {3, 6}, {4, 5}], [{8, 2}, {1, 7}, {4, 6}, {3, 5}], [{8, 2}, {1, 7}, {4, 6}, {5}, {3}], [{8, 2}, {1, 7}, {5, 6}, {3, 4}], [{8, 2}, {1, 7}, {5, 6}, {4}, {3}], [{8, 2}, {1, 7}, {6}, {4, 5}, {3}], [{8, 2}, {3, 7}, {1, 6}, {4, 5}], [{8, 2}, {3, 7}, {1, 6}, {5}, {4}], [{8, 2}, {3, 7}, {4, 6}, {1, 5}], [{8, 2}, {3, 7}, {5, 6}, {1, 4}], [{8, 2}, {4, 7}, {1, 6}, {3, 5}], [{8, 2}, {4, 7}, {3, 6}, {1, 5}], [{8, 2}, {4, 7}, {5, 6}, {1, 3}], [{8, 2}, {4, 7}, {6}, {1, 5}, {3}], [{8, 2}, {4, 7}, {6}, {3, 5}, {1}], [{8, 2}, {4, 7}, {6}, {5}, {1, 3}], [{8, 2}, {5, 7}, {1, 6}, {3, 4}], [{8, 2}, {5, 7}, {3, 6}, {1, 4}], [{8, 2}, {5, 7}, {3, 6}, {4}, {1}], [{8, 2}, {5, 7}, {4, 6}, {1, 3}], [{8, 2}, {6, 7}, {1, 5}, {3, 4}], [{8, 2}, {6, 7}, {3, 5}, {1, 4}], [{8, 2}, {6, 7}, {4, 5}, {1, 3}], [{8, 2}, {6, 7}, {5}, {3, 4}, {1}], [{8, 2}, {7}, {3, 6}, {5}, {1, 4}], [{8, 3}, {1, 7}, {2, 6}, {4, 5}], [{8, 3}, {1, 7}, {4, 6}, {2, 5}], [{8, 3}, {1, 7}, {4, 6}, {5}, {2}], [{8, 3}, {1, 7}, {5, 6}, {2, 4}], [{8, 3}, {2, 7}, {1, 6}, {4, 5}], [{8, 3}, {2, 7}, {4, 6}, {1, 5}], [{8, 3}, {2, 7}, {5, 6}, {1, 4}], [{8, 3}, {4, 7}, {1, 6}, {2, 5}], [{8, 3}, {4, 7}, {2, 6}, {1, 5}], [{8, 3}, {4, 7}, {5, 6}, {1, 2}], [{8, 3}, {4, 7}, {6}, {2, 5}, {1}], [{8, 3}, {5, 7}, {1, 6}, {2, 4}], [{8, 3}, {5, 7}, {2, 6}, {1, 4}], [{8, 3}, {5, 7}, {4, 6}, {1, 2}], [{8, 3}, {6, 7}, {1, 5}, {2, 4}], [{8, 3}, {6, 7}, {2, 5}, {1, 4}], [{8, 3}, {6, 7}, {4, 5}, {1, 2}], [{8, 3}, {6, 7}, {4, 5}, {2}, {1}], [{8, 3}, {7}, {2, 6}, {5}, {1, 4}], [{8, 3}, {7}, {5, 6}, {4}, {1, 2}], [{8, 4}, {1, 7}, {2, 6}, {3, 5}], [{8, 4}, {1, 7}, {2, 6}, {5}, {3}], [{8, 4}, {1, 7}, {3, 6}, {2, 5}], [{8, 4}, {1, 7}, {3, 6}, {5}, {2}], [{8, 4}, {1, 7}, {5, 6}, {2, 3}], [{8, 4}, {1, 7}, {6}, {5}, {2, 3}], [{8, 4}, {2, 7}, {1, 6}, {3, 5}], [{8, 4}, {2, 7}, {3, 6}, {1, 5}], [{8, 4}, {2, 7}, {5, 6}, {1, 3}], [{8, 4}, {2, 7}, {6}, {3, 5}, {1}], [{8, 4}, {3, 7}, {1, 6}, {2, 5}], [{8, 4}, {3, 7}, {2, 6}, {1, 5}], [{8, 4}, {3, 7}, {5, 6}, {1, 2}], [{8, 4}, {3, 7}, {6}, {1, 5}, {2}], [{8, 4}, {5, 7}, {1, 6}, {2, 3}], [{8, 4}, {5, 7}, {2, 6}, {1, 3}], [{8, 4}, {5, 7}, {3, 6}, {1, 2}], [{8, 4}, {6, 7}, {1, 5}, {2, 3}], [{8, 4}, {6, 7}, {2, 5}, {1, 3}], [{8, 4}, {6, 7}, {2, 5}, {3}, {1}], [{8, 4}, {6, 7}, {3, 5}, {1, 2}], [{8, 4}, {7}, {5, 6}, {3}, {1, 2}], [{8, 5}, {1, 7}, {2, 6}, {3, 4}], [{8, 5}, {1, 7}, {3, 6}, {2, 4}], [{8, 5}, {1, 7}, {4, 6}, {2, 3}], [{8, 5}, {1, 7}, {4, 6}, {3}, {2}], [{8, 5}, {2, 7}, {1, 6}, {3, 4}], [{8, 5}, {2, 7}, {3, 6}, {1, 4}], [{8, 5}, {2, 7}, {3, 6}, {4}, {1}], [{8, 5}, {2, 7}, {4, 6}, {1, 3}], [{8, 5}, {3, 7}, {1, 6}, {2, 4}], [{8, 5}, {3, 7}, {2, 6}, {1, 4}], [{8, 5}, {3, 7}, {2, 6}, {4}, {1}], [{8, 5}, {3, 7}, {4, 6}, {1, 2}], [{8, 5}, {3, 7}, {6}, {1, 4}, {2}], [{8, 5}, {4, 7}, {1, 6}, {2, 3}], [{8, 5}, {4, 7}, {2, 6}, {1, 3}], [{8, 5}, {4, 7}, {3, 6}, {1, 2}], [{8, 5}, {6, 7}, {1, 4}, {2, 3}], [{8, 5}, {6, 7}, {1, 4}, {3}, {2}], [{8, 5}, {6, 7}, {2, 4}, {1, 3}], [{8, 5}, {6, 7}, {3, 4}, {1, 2}], [{8, 5}, {6, 7}, {4}, {2, 3}, {1}], [{8, 5}, {7}, {3, 6}, {1, 4}, {2}], [{8, 6}, {1, 7}, {2, 5}, {3, 4}], [{8, 6}, {1, 7}, {3, 5}, {2, 4}], [{8, 6}, {1, 7}, {4, 5}, {2, 3}], [{8, 6}, {1, 7}, {5}, {4}, {2, 3}], [{8, 6}, {2, 7}, {1, 5}, {3, 4}], [{8, 6}, {2, 7}, {3, 5}, {1, 4}], [{8, 6}, {2, 7}, {4, 5}, {1, 3}], [{8, 6}, {3, 7}, {1, 5}, {2, 4}], [{8, 6}, {3, 7}, {2, 5}, {1, 4}], [{8, 6}, {3, 7}, {4, 5}, {1, 2}], [{8, 6}, {3, 7}, {5}, {2, 4}, {1}], [{8, 6}, {4, 7}, {1, 5}, {2, 3}], [{8, 6}, {4, 7}, {2, 5}, {1, 3}], [{8, 6}, {4, 7}, {3, 5}, {1, 2}], [{8, 6}, {4, 7}, {5}, {2, 3}, {1}], [{8, 6}, {5, 7}, {1, 4}, {2, 3}], [{8, 6}, {5, 7}, {2, 4}, {1, 3}], [{8, 6}, {5, 7}, {2, 4}, {3}, {1}], [{8, 6}, {5, 7}, {3, 4}, {1, 2}], [{8, 6}, {7}, {2, 5}, {3, 4}, {1}], [{8, 6}, {7}, {3, 5}, {2, 4}, {1}], [{8, 6}, {7}, {5}, {1, 4}, {2, 3}], [{8, 7}, {1, 6}, {2, 5}, {3, 4}], [{8, 7}, {1, 6}, {3, 5}, {2, 4}], [{8, 7}, {1, 6}, {3, 5}, {4}, {2}], [{8, 7}, {1, 6}, {4, 5}, {2, 3}], [{8, 7}, {2, 6}, {1, 5}, {3, 4}], [{8, 7}, {2, 6}, {3, 5}, {1, 4}], [{8, 7}, {2, 6}, {3, 5}, {4}, {1}], [{8, 7}, {2, 6}, {4, 5}, {1, 3}], [{8, 7}, {3, 6}, {1, 5}, {2, 4}], [{8, 7}, {3, 6}, {1, 5}, {4}, {2}], [{8, 7}, {3, 6}, {2, 5}, {1, 4}], [{8, 7}, {3, 6}, {2, 5}, {4}, {1}], [{8, 7}, {3, 6}, {4, 5}, {1, 2}], [{8, 7}, {3, 6}, {4, 5}, {2}, {1}], [{8, 7}, {3, 6}, {5}, {1, 4}, {2}], [{8, 7}, {3, 6}, {5}, {2, 4}, {1}], [{8, 7}, {3, 6}, {5}, {4}, {1, 2}], [{8, 7}, {3, 6}, {5}, {4}, {2}, {1}], [{8, 7}, {4, 6}, {1, 5}, {2, 3}], [{8, 7}, {4, 6}, {2, 5}, {1, 3}], [{8, 7}, {4, 6}, {3, 5}, {1, 2}], [{8, 7}, {4, 6}, {3, 5}, {2}, {1}], [{8, 7}, {5, 6}, {1, 4}, {2, 3}], [{8, 7}, {5, 6}, {1, 4}, {3}, {2}], [{8, 7}, {5, 6}, {2, 4}, {1, 3}], [{8, 7}, {5, 6}, {2, 4}, {3}, {1}], [{8, 7}, {5, 6}, {3, 4}, {1, 2}], [{8, 7}, {5, 6}, {3, 4}, {2}, {1}], [{8, 7}, {5, 6}, {4}, {1, 3}, {2}], [{8, 7}, {5, 6}, {4}, {2, 3}, {1}], [{8, 7}, {5, 6}, {4}, {3}, {1, 2}], [{8, 7}, {5, 6}, {4}, {3}, {2}, {1}], [{8, 7}, {6}, {3, 5}, {1, 4}, {2}], [{8, 7}, {6}, {3, 5}, {2, 4}, {1}], [{8, 7}, {6}, {3, 5}, {4}, {1, 2}], [{8, 7}, {6}, {3, 5}, {4}, {2}, {1}], [{8}, {1, 7}, {2, 6}, {3, 5}, {4}], [{8}, {1, 7}, {4, 6}, {2, 5}, {3}], [{8}, {1, 7}, {4, 6}, {3, 5}, {2}], [{8}, {1, 7}, {4, 6}, {5}, {2, 3}], [{8}, {1, 7}, {6}, {3, 5}, {2, 4}], [{8}, {2, 7}, {3, 6}, {5}, {1, 4}], [{8}, {2, 7}, {6}, {1, 5}, {3, 4}], [{8}, {3, 7}, {4, 6}, {2, 5}, {1}], [{8}, {3, 7}, {5, 6}, {4}, {1, 2}], [{8}, {4, 7}, {5, 6}, {3}, {1, 2}], [{8}, {5, 7}, {3, 6}, {1, 4}, {2}], [{8}, {6, 7}, {1, 5}, {2, 4}, {3}], [{8}, {6, 7}, {1, 5}, {3, 4}, {2}], [{8}, {6, 7}, {1, 5}, {4}, {2, 3}], [{8}, {6, 7}, {3, 5}, {2, 4}, {1}], [{8}, {6, 7}, {5}, {2, 4}, {1, 3}], [{8}, {7}, {1, 6}, {3, 5}, {2, 4}], [{8}, {7}, {1, 6}, {4, 5}, {2, 3}], [{8}, {7}, {2, 6}, {1, 5}, {3, 4}], [{8}, {7}, {3, 6}, {2, 5}, {1, 4}], [{8}, {7}, {3, 6}, {5}, {1, 4}, {2}], [{8}, {7}, {4, 6}, {2, 5}, {1, 3}], [{8}, {7}, {5, 6}, {3, 4}, {1, 2}], [{8}, {7}, {5, 6}, {4}, {3}, {1, 2}], [{8}, {7}, {6}, {3, 5}, {2, 4}, {1}]]",2,16 K_1^3 - 12 K_1^2 - 10 K_1 K_2 - 7 K_1 + 6 K_2 + K_3 + 7,O1O2O3U4O5U6U1O6U7U3O7U8U5O8O4U2,O1O2U3O4O3U5O6O5U1O7U4U8U6O8U7U2,O1O2U1O3O4U3O5O6U5U7O8U2U8U4O7U6,c,{'O1O2O3U2O4O5U6U5O7U1U7O8U3U8O6U4'},1,"<a href=""/flatknot/8.975516"">8.975516</a>",t^9-49t^7-88t^6+21t^5+38t^4-23t^3+56t^2+14t-18,t^3-3t,,
8.975517,O1O2O3U2O4O5U6U5O7U1U7O8U4U3O6U8,4,z^3+23z^2+105z+127,w^4z^3+23w^3z^2+105w^2z+127w,False,False,"[[ 0 -2 -1  2  1  1 -3  1  1],[ 2  0  0  4  2  0 -2  1  1],[ 1  0  0  1  0  0  0  0  1],[-2 -4 -1  0  0  0 -4  0  1],[-1 -2  0  0  0  0 -2  0  0],[-1  0  0  0  0  0 -1  0 -1],[ 3  2  0  4  2  1  0  1  1],[-1 -1  0  0  0  0 -1  0  0],[-1 -1 -1 -1  0  1 -1  0  0]]","[[ 0  2  1  1  1  1 -1 -2 -3],[-2  0  1  0  0  0 -1 -4 -4],[-1 -1  0  1  0  0 -1 -1 -1],[-1  0 -1  0  0  0  0  0 -1],[-1  0  0  0  0  0  0 -1 -1],[-1  0  0  0  0  0  0 -2 -2],[ 1  1  1  0  0  0  0  0  0],[ 2  4  1  0  1  2  0  0 -2],[ 3  4  1  1  1  2  0  2  0]]",True,"[-2,-1,-1,-1,-1,1,2,3,-1,0,0,0,1,4,4,-1,0,0,1,1,1,0,0,0,0,1,0,0,1,1,0,2,2,0,0,2]","[-3,-2,-1,1,1,1,1,2,-1,2,2,3,3,3,1,1,1,2,2,3,0,2,1,2,2,2,0,0,0,1,0,-1,2,0,1,1]",t^8+53t^6+144t^4+26t^2,"[-3,-2,-1,1,1,1,1,2,-1,2,2,3,3,3,1,1,1,2,2,3,0,2,1,2,2,2,0,0,0,1,0,-1,2,0,1,1]","[-2,-1,-1,-1,-1,1,2,3,1,1,1,2,2,0,1,0,0,-1,2,3,3,0,0,2,1,2,0,2,2,3,1,2,3,1,2,-1]","[-3,-2,-1,1,1,1,1,2,2,0,1,1,1,2,4,0,0,1,1,2,4,0,0,1,0,1,0,-1,0,0,0,0,0,0,-1,0]",c,"[[{8, 1}, {2, 7}, {3, 6}, {4, 5}], [{8, 1}, {4, 7}, {3, 6}, {2, 5}]]",1,8 K_1^3 - 20 K_1^2 - 18 K_1 K_2 + 3 K_1 + 10 K_2 + 7 K_3 + 11,O1O2O3U4O5U1U6O4U7U3O7U8U5O8O6U2,O1O2U3O4O3U5O6O7U1O5U4U8U7O8U6U2,O1O2U3O4O5U4O6O7U6U2O8U1U8U5O3U7,c,{'O1O2O3U2O4O5U6U5O7U1U7O8U4U3O6U8'},1,"<a href=""/flatknot/8.975517"">8.975517</a>",t^9-59t^7-126t^6+76t^5+126t^4-88t^3+96t^2+46t-6,t^3-3t,,
8.975518,O1O2O3U2O4O5U6U5O7U1U7O8U4U8O6U3,3,13z^2+97z+143,13w^3z^2+97w^2z+143w,False,False,"[[ 0 -2 -1  2  1  1 -3  1  1],[ 2  0  0  3  2  0 -1  1  1],[ 1  0  0  1  0  0  1  0  0],[-2 -3 -1  0  0  1 -4  0  1],[-1 -2  0  0  0  0 -3  0  1],[-1  0  0 -1  0  0 -1  0  0],[ 3  1 -1  4  3  1  0  1  1],[-1 -1  0  0  0  0 -1  0  0],[-1 -1  0 -1 -1  0 -1  0  0]]","[[ 0  2  1  1  1  1 -1 -2 -3],[-2  0  1  1  0  0 -1 -3 -4],[-1 -1  0  0  0  0  0  0 -1],[-1 -1  0  0  0 -1  0 -1 -1],[-1  0  0  0  0  0  0 -1 -1],[-1  0  0  1  0  0  0 -2 -3],[ 1  1  0  0  0  0  0  0  1],[ 2  3  0  1  1  2  0  0 -1],[ 3  4  1  1  1  3 -1  1  0]]",True,"[-2,-1,-1,-1,-1,1,2,3,-1,-1,0,0,1,3,4,0,0,0,0,0,1,0,1,0,1,1,0,0,1,1,0,2,3,0,-1,1]","[-3,-2,-1,1,1,1,1,2,0,3,1,3,3,3,1,1,1,2,2,3,1,2,2,2,2,2,-1,0,0,1,0,0,2,0,1,2]",t^8+49t^6+89t^4+12t^2,"[-3,-2,-1,1,1,1,1,2,0,3,1,3,3,3,1,1,1,2,2,3,1,2,2,2,2,2,-1,0,0,1,0,0,2,0,1,2]","[-2,-1,-1,-1,-1,1,2,3,1,1,2,2,2,1,1,0,0,0,2,2,3,0,1,2,1,1,0,2,3,3,2,2,3,1,3,0]","[-3,-2,-1,1,1,1,1,2,1,-1,1,1,1,3,4,0,0,1,1,2,3,0,0,0,0,1,0,0,0,-1,0,-1,-1,0,0,0]",c,"[[{8, 4}, {1, 7}, {3, 6}, {2, 5}], [{8, 4}, {2, 7}, {5, 6}, {1, 3}], [{8, 4}, {6, 7}, {1, 5}, {2, 3}], [{8, 4}, {6, 7}, {2, 5}, {1, 3}], [{8, 5}, {2, 7}, {4, 6}, {1, 3}], [{8, 5}, {4, 7}, {2, 6}, {1, 3}], [{8, 6}, {2, 7}, {4, 5}, {1, 3}], [{8, 6}, {4, 7}, {2, 5}, {1, 3}], [{8, 6}, {4, 7}, {2, 5}, {3}, {1}], [{8, 7}, {2, 6}, {4, 5}, {1, 3}], [{8, 7}, {4, 6}, {2, 5}, {1, 3}], [{8, 7}, {4, 6}, {2, 5}, {3}, {1}], [{8}, {1, 7}, {3, 6}, {2, 5}, {4}], [{8}, {2, 7}, {5, 6}, {4}, {1, 3}], [{8}, {6, 7}, {1, 5}, {4}, {2, 3}], [{8}, {6, 7}, {2, 5}, {4}, {1, 3}]]",1,12 K_1^3 - 32 K_1^2 - 26 K_1 K_2 + 4 K_1 + 16 K_2 + 10 K_3 + 17,O1O2O3U1O4U5U6O5U7U3O7U8U4O8O6U2,O1O2U3O4O3U5O6O5U1O7U4U8U7O8U6U2,O1O2U1O3O4U3O5O6U5U2O7U8U7U4O8U6,c,{'O1O2O3U2O4O5U6U5O7U1U7O8U4U8O6U3'},1,"<a href=""/flatknot/8.975518"">8.975518</a>",t^9-55t^7-88t^6+41t^5+78t^4+32t^3-4t^2,t^3-3t,,
8.975519,O1O2O3U2O4O5U6U5O7U3U7O8U1U8O6U4,4,4z^3+37z^2+110z+105,4w^4z^3+37w^3z^2+110w^2z+105w,False,False,"[[ 0 -1 -1  0  2  1 -3  1  1],[ 1  0 -1  0  2  0 -2  1  1],[ 1  1  0  1  1  0  0  1  0],[ 0  0 -1  0  1  0 -2  1  0],[-2 -2 -1 -1  0  1 -3  0  0],[-1  0  0  0 -1  0 -1  0  0],[ 3  2  0  2  3  1  0  1  1],[-1 -1 -1 -1  0  0 -1  0  0],[-1 -1  0  0  0  0 -1  0  0]]","[[ 0  2  1  1  1  0 -1 -1 -3],[-2  0  1  0  0 -1 -1 -2 -3],[-1 -1  0  0  0  0  0  0 -1],[-1  0  0  0  0  0  0 -1 -1],[-1  0  0  0  0 -1 -1 -1 -1],[ 0  1  0  0  1  0 -1  0 -2],[ 1  1  0  0  1  1  0  1  0],[ 1  2  0  1  1  0 -1  0 -2],[ 3  3  1  1  1  2  0  2  0]]",True,"[-2,-1,-1,-1,0,1,1,3,-1,0,0,1,1,2,3,0,0,0,0,0,1,0,0,0,1,1,1,1,1,1,1,0,2,-1,0,2]","[-3,-1,-1,0,1,1,1,2,0,2,1,3,3,3,2,1,1,1,1,2,1,0,1,2,2,2,0,1,1,1,0,0,1,0,1,2]",t^8+33t^6+76t^4+33t^2+1,"[-3,-1,-1,0,1,1,1,2,0,2,1,3,3,3,2,1,1,1,1,2,1,0,1,2,2,2,0,1,1,1,0,0,1,0,1,2]","[-2,-1,-1,-1,0,1,1,3,1,1,2,1,1,2,2,0,0,0,1,1,3,0,1,1,2,3,1,2,2,3,1,0,1,-1,0,2]","[-3,-1,-1,0,1,1,1,2,0,2,2,1,1,1,3,1,1,0,0,1,1,0,0,1,1,2,0,0,1,1,0,0,-1,0,0,0]",c,"[[{8, 1}, {2, 7}, {3, 6}, {4, 5}], [{8, 1}, {2, 7}, {4, 6}, {3, 5}], [{8, 1}, {2, 7}, {4, 6}, {5}, {3}], [{8, 1}, {2, 7}, {5, 6}, {3, 4}], [{8, 1}, {2, 7}, {5, 6}, {4}, {3}], [{8, 1}, {2, 7}, {6}, {4, 5}, {3}], [{8, 1}, {3, 7}, {2, 6}, {4, 5}], [{8, 1}, {3, 7}, {4, 6}, {2, 5}], [{8, 1}, {3, 7}, {5, 6}, {2, 4}], [{8, 1}, {3, 7}, {6}, {2, 5}, {4}], [{8, 1}, {4, 7}, {2, 6}, {3, 5}], [{8, 1}, {4, 7}, {3, 6}, {2, 5}], [{8, 1}, {4, 7}, {5, 6}, {2, 3}], [{8, 1}, {4, 7}, {6}, {2, 5}, {3}], [{8, 1}, {5, 7}, {2, 6}, {3, 4}], [{8, 1}, {5, 7}, {3, 6}, {2, 4}], [{8, 1}, {5, 7}, {4, 6}, {2, 3}], [{8, 1}, {5, 7}, {4, 6}, {3}, {2}], [{8, 1}, {6, 7}, {2, 5}, {3, 4}], [{8, 1}, {6, 7}, {2, 5}, {4}, {3}], [{8, 1}, {6, 7}, {3, 5}, {2, 4}], [{8, 1}, {6, 7}, {4, 5}, {2, 3}], [{8, 1}, {7}, {2, 6}, {3, 5}, {4}], [{8, 1}, {7}, {3, 6}, {2, 5}, {4}], [{8, 1}, {7}, {4, 6}, {2, 5}, {3}], [{8, 1}, {7}, {6}, {2, 5}, {3, 4}], [{8, 2}, {1, 7}, {3, 6}, {4, 5}], [{8, 2}, {1, 7}, {4, 6}, {3, 5}], [{8, 2}, {1, 7}, {4, 6}, {5}, {3}], [{8, 2}, {1, 7}, {5, 6}, {3, 4}], [{8, 2}, {1, 7}, {5, 6}, {4}, {3}], [{8, 2}, {1, 7}, {6}, {4, 5}, {3}], [{8, 2}, {3, 7}, {1, 6}, {4, 5}], [{8, 2}, {3, 7}, {4, 6}, {1, 5}], [{8, 2}, {3, 7}, {5, 6}, {1, 4}], [{8, 2}, {4, 7}, {1, 6}, {3, 5}], [{8, 2}, {4, 7}, {3, 6}, {1, 5}], [{8, 2}, {4, 7}, {5, 6}, {1, 3}], [{8, 2}, {5, 7}, {1, 6}, {3, 4}], [{8, 2}, {5, 7}, {1, 6}, {4}, {3}], [{8, 2}, {5, 7}, {3, 6}, {1, 4}], [{8, 2}, {5, 7}, {4, 6}, {1, 3}], [{8, 2}, {6, 7}, {1, 5}, {3, 4}], [{8, 2}, {6, 7}, {3, 5}, {1, 4}], [{8, 2}, {6, 7}, {4, 5}, {1, 3}], [{8, 2}, {6, 7}, {5}, {1, 4}, {3}], [{8, 2}, {7}, {6}, {3, 5}, {1, 4}], [{8, 3}, {1, 7}, {2, 6}, {4, 5}], [{8, 3}, {1, 7}, {4, 6}, {2, 5}], [{8, 3}, {1, 7}, {5, 6}, {2, 4}], [{8, 3}, {2, 7}, {1, 6}, {4, 5}], [{8, 3}, {2, 7}, {4, 6}, {1, 5}], [{8, 3}, {2, 7}, {4, 6}, {5}, {1}], [{8, 3}, {2, 7}, {5, 6}, {1, 4}], [{8, 3}, {4, 7}, {1, 6}, {2, 5}], [{8, 3}, {4, 7}, {2, 6}, {1, 5}], [{8, 3}, {4, 7}, {5, 6}, {1, 2}], [{8, 3}, {4, 7}, {6}, {1, 5}, {2}], [{8, 3}, {5, 7}, {1, 6}, {2, 4}], [{8, 3}, {5, 7}, {2, 6}, {1, 4}], [{8, 3}, {5, 7}, {4, 6}, {1, 2}], [{8, 3}, {5, 7}, {4, 6}, {2}, {1}], [{8, 3}, {6, 7}, {1, 5}, {2, 4}], [{8, 3}, {6, 7}, {2, 5}, {1, 4}], [{8, 3}, {6, 7}, {4, 5}, {1, 2}], [{8, 3}, {6, 7}, {5}, {1, 4}, {2}], [{8, 3}, {7}, {1, 6}, {2, 5}, {4}], [{8, 3}, {7}, {4, 6}, {2, 5}, {1}], [{8, 3}, {7}, {5, 6}, {4}, {1, 2}], [{8, 3}, {7}, {6}, {2, 5}, {1, 4}], [{8, 4}, {1, 7}, {2, 6}, {3, 5}], [{8, 4}, {1, 7}, {3, 6}, {2, 5}], [{8, 4}, {1, 7}, {5, 6}, {2, 3}], [{8, 4}, {1, 7}, {6}, {5}, {2, 3}], [{8, 4}, {2, 7}, {1, 6}, {3, 5}], [{8, 4}, {2, 7}, {3, 6}, {1, 5}], [{8, 4}, {2, 7}, {5, 6}, {1, 3}], [{8, 4}, {2, 7}, {6}, {1, 5}, {3}], [{8, 4}, {3, 7}, {1, 6}, {2, 5}], [{8, 4}, {3, 7}, {1, 6}, {5}, {2}], [{8, 4}, {3, 7}, {2, 6}, {1, 5}], [{8, 4}, {3, 7}, {5, 6}, {1, 2}], [{8, 4}, {5, 7}, {1, 6}, {2, 3}], [{8, 4}, {5, 7}, {2, 6}, {1, 3}], [{8, 4}, {5, 7}, {3, 6}, {1, 2}], [{8, 4}, {5, 7}, {3, 6}, {2}, {1}], [{8, 4}, {6, 7}, {1, 5}, {2, 3}], [{8, 4}, {6, 7}, {2, 5}, {1, 3}], [{8, 4}, {6, 7}, {2, 5}, {3}, {1}], [{8, 4}, {6, 7}, {3, 5}, {1, 2}], [{8, 4}, {7}, {2, 6}, {5}, {1, 3}], [{8, 4}, {7}, {5, 6}, {3}, {1, 2}], [{8, 5}, {1, 7}, {2, 6}, {3, 4}], [{8, 5}, {1, 7}, {2, 6}, {4}, {3}], [{8, 5}, {1, 7}, {3, 6}, {2, 4}], [{8, 5}, {1, 7}, {4, 6}, {2, 3}], [{8, 5}, {1, 7}, {6}, {3, 4}, {2}], [{8, 5}, {2, 7}, {1, 6}, {3, 4}], [{8, 5}, {2, 7}, {3, 6}, {1, 4}], [{8, 5}, {2, 7}, {4, 6}, {1, 3}], [{8, 5}, {2, 7}, {4, 6}, {3}, {1}], [{8, 5}, {3, 7}, {1, 6}, {2, 4}], [{8, 5}, {3, 7}, {2, 6}, {1, 4}], [{8, 5}, {3, 7}, {4, 6}, {1, 2}], [{8, 5}, {4, 7}, {1, 6}, {2, 3}], [{8, 5}, {4, 7}, {2, 6}, {1, 3}], [{8, 5}, {4, 7}, {3, 6}, {1, 2}], [{8, 5}, {6, 7}, {1, 4}, {2, 3}], [{8, 5}, {6, 7}, {1, 4}, {3}, {2}], [{8, 5}, {6, 7}, {2, 4}, {1, 3}], [{8, 5}, {6, 7}, {2, 4}, {3}, {1}], [{8, 5}, {6, 7}, {3, 4}, {1, 2}], [{8, 5}, {6, 7}, {4}, {3}, {1, 2}], [{8, 5}, {7}, {2, 6}, {3, 4}, {1}], [{8, 6}, {1, 7}, {2, 5}, {3, 4}], [{8, 6}, {1, 7}, {3, 5}, {2, 4}], [{8, 6}, {1, 7}, {4, 5}, {2, 3}], [{8, 6}, {1, 7}, {5}, {2, 4}, {3}], [{8, 6}, {2, 7}, {1, 5}, {3, 4}], [{8, 6}, {2, 7}, {1, 5}, {4}, {3}], [{8, 6}, {2, 7}, {3, 5}, {1, 4}], [{8, 6}, {2, 7}, {4, 5}, {1, 3}], [{8, 6}, {3, 7}, {1, 5}, {2, 4}], [{8, 6}, {3, 7}, {2, 5}, {1, 4}], [{8, 6}, {3, 7}, {4, 5}, {1, 2}], [{8, 6}, {3, 7}, {5}, {2, 4}, {1}], [{8, 6}, {4, 7}, {1, 5}, {2, 3}], [{8, 6}, {4, 7}, {1, 5}, {3}, {2}], [{8, 6}, {4, 7}, {2, 5}, {1, 3}], [{8, 6}, {4, 7}, {3, 5}, {1, 2}], [{8, 6}, {5, 7}, {1, 4}, {2, 3}], [{8, 6}, {5, 7}, {1, 4}, {3}, {2}], [{8, 6}, {5, 7}, {2, 4}, {1, 3}], [{8, 6}, {5, 7}, {2, 4}, {3}, {1}], [{8, 6}, {5, 7}, {3, 4}, {1, 2}], [{8, 6}, {5, 7}, {4}, {3}, {1, 2}], [{8, 6}, {7}, {1, 5}, {2, 4}, {3}], [{8, 6}, {7}, {3, 5}, {2, 4}, {1}], [{8, 6}, {7}, {5}, {2, 4}, {1, 3}], [{8, 6}, {7}, {5}, {2, 4}, {3}, {1}], [{8, 7}, {1, 6}, {2, 5}, {3, 4}], [{8, 7}, {1, 6}, {3, 5}, {2, 4}], [{8, 7}, {1, 6}, {4, 5}, {2, 3}], [{8, 7}, {1, 6}, {5}, {4}, {2, 3}], [{8, 7}, {2, 6}, {1, 5}, {3, 4}], [{8, 7}, {2, 6}, {3, 5}, {1, 4}], [{8, 7}, {2, 6}, {4, 5}, {1, 3}], [{8, 7}, {3, 6}, {1, 5}, {2, 4}], [{8, 7}, {3, 6}, {2, 5}, {1, 4}], [{8, 7}, {3, 6}, {4, 5}, {1, 2}], [{8, 7}, {4, 6}, {1, 5}, {2, 3}], [{8, 7}, {4, 6}, {2, 5}, {1, 3}], [{8, 7}, {4, 6}, {3, 5}, {1, 2}], [{8, 7}, {5, 6}, {1, 4}, {2, 3}], [{8, 7}, {5, 6}, {1, 4}, {3}, {2}], [{8, 7}, {5, 6}, {2, 4}, {1, 3}], [{8, 7}, {5, 6}, {2, 4}, {3}, {1}], [{8, 7}, {5, 6}, {3, 4}, {1, 2}], [{8, 7}, {5, 6}, {3, 4}, {2}, {1}], [{8, 7}, {5, 6}, {4}, {1, 3}, {2}], [{8, 7}, {5, 6}, {4}, {2, 3}, {1}], [{8, 7}, {5, 6}, {4}, {3}, {1, 2}], [{8, 7}, {5, 6}, {4}, {3}, {2}, {1}], [{8, 7}, {6}, {1, 5}, {4}, {2, 3}], [{8}, {2, 7}, {1, 6}, {5}, {3, 4}], [{8}, {2, 7}, {3, 6}, {5}, {1, 4}], [{8}, {2, 7}, {4, 6}, {1, 5}, {3}], [{8}, {2, 7}, {4, 6}, {3, 5}, {1}], [{8}, {2, 7}, {4, 6}, {5}, {1, 3}], [{8}, {3, 7}, {2, 6}, {5}, {1, 4}], [{8}, {3, 7}, {5, 6}, {4}, {1, 2}], [{8}, {4, 7}, {1, 6}, {3, 5}, {2}], [{8}, {4, 7}, {3, 6}, {1, 5}, {2}], [{8}, {4, 7}, {5, 6}, {3}, {1, 2}], [{8}, {5, 7}, {4, 6}, {1, 3}, {2}], [{8}, {6, 7}, {1, 5}, {3, 4}, {2}], [{8}, {6, 7}, {2, 5}, {1, 4}, {3}], [{8}, {6, 7}, {3, 5}, {1, 4}, {2}], [{8}, {6, 7}, {4, 5}, {1, 3}, {2}], [{8}, {6, 7}, {5}, {1, 4}, {2, 3}], [{8}, {6, 7}, {5}, {1, 4}, {3}, {2}], [{8}, {7}, {1, 6}, {4, 5}, {2, 3}], [{8}, {7}, {4, 6}, {2, 5}, {1, 3}], [{8}, {7}, {5, 6}, {3, 4}, {1, 2}], [{8}, {7}, {5, 6}, {4}, {3}, {1, 2}]]",2,16 K_1^3 - 18 K_1^2 - 14 K_1 K_2 - 5 K_1 + 9 K_2 + 3 K_3 + 10,O1O2O3U4O5U6U3O6U7U1O7U8U5O8O4U2,O1O2U3O4O3U5O6O5U1O7U6U8U4O8U7U2,O1O2U1O3O4U3O5O6U5U7O8U4U8U2O7U6,c,{'O1O2O3U2O4O5U6U5O7U3U7O8U1U8O6U4'},1,"<a href=""/flatknot/8.975519"">8.975519</a>",t^9-37t^7-74t^6+27t^5+50t^4+33t^3+12t^2-23t-4,t^3-t^2-t,,
8.975520,O1O2O3U2O4O5U6U5O7U3U7O8U4U1O6U8,4,4z^3+35z^2+108z+109,4w^4z^3+35w^3z^2+108w^2z+109w,False,False,"[[ 0  0 -1  0  1  1 -3  1  1],[ 0  0 -1 -1  1  0 -3  1  1],[ 1  1  0  1  1  0  0  1  0],[ 0  1 -1  0  2  0 -3  1  0],[-1 -1 -1 -2  0  0 -2  0  0],[-1  0  0  0  0  0 -1  0 -1],[ 3  3  0  3  2  1  0  1  1],[-1 -1 -1 -1  0  0 -1  0  0],[-1 -1  0  0  0  1 -1  0  0]]","[[ 0  1  1  1  1  0  0 -1 -3],[-1  0  1  0  0  0 -1  0 -1],[-1 -1  0  0  0  0  0  0 -1],[-1  0  0  0  0 -1 -1 -1 -1],[-1  0  0  0  0 -2 -1 -1 -2],[ 0  0  0  1  2  0  1 -1 -3],[ 0  1  0  1  1 -1  0 -1 -3],[ 1  0  0  1  1  1  1  0  0],[ 3  1  1  1  2  3  3  0  0]]",True,"[-1,-1,-1,-1,0,0,1,3,-1,0,0,0,1,0,1,0,0,0,0,0,1,0,1,1,1,1,2,1,1,2,-1,1,3,1,3,0]","[-3,-1,0,0,1,1,1,1,0,3,3,1,1,1,2,1,1,0,0,1,1,-1,0,1,1,1,0,0,1,2,-1,0,0,0,0,0]",t^8+39t^6+105t^4+51t^2+4,"[-3,-1,0,0,1,1,1,1,2,0,0,2,3,3,3,0,0,1,1,2,2,-1,-1,0,1,1,0,0,0,1,0,0,0,0,0,-1]","[-1,-1,-1,-1,0,0,1,3,-1,0,0,1,1,2,3,0,0,0,1,2,3,0,0,-1,1,2,0,0,1,3,-1,0,0,0,0,2]","[-3,-1,0,0,1,1,1,1,0,3,3,1,1,1,2,1,1,0,0,1,1,-1,0,1,1,1,0,0,1,2,-1,0,0,0,0,0]",c,"[[{8, 1}, {2, 7}, {3, 6}, {4, 5}], [{8, 1}, {2, 7}, {4, 6}, {3, 5}], [{8, 1}, {2, 7}, {4, 6}, {5}, {3}], [{8, 1}, {2, 7}, {5, 6}, {3, 4}], [{8, 1}, {2, 7}, {5, 6}, {4}, {3}], [{8, 1}, {2, 7}, {6}, {4, 5}, {3}], [{8, 1}, {3, 7}, {2, 6}, {4, 5}], [{8, 1}, {3, 7}, {4, 6}, {2, 5}], [{8, 1}, {3, 7}, {4, 6}, {5}, {2}], [{8, 1}, {3, 7}, {5, 6}, {2, 4}], [{8, 1}, {4, 7}, {2, 6}, {3, 5}], [{8, 1}, {4, 7}, {3, 6}, {2, 5}], [{8, 1}, {4, 7}, {5, 6}, {2, 3}], [{8, 1}, {5, 7}, {2, 6}, {3, 4}], [{8, 1}, {5, 7}, {3, 6}, {2, 4}], [{8, 1}, {5, 7}, {4, 6}, {2, 3}], [{8, 1}, {5, 7}, {6}, {4}, {2, 3}], [{8, 1}, {6, 7}, {2, 5}, {3, 4}], [{8, 1}, {6, 7}, {3, 5}, {2, 4}], [{8, 1}, {6, 7}, {3, 5}, {4}, {2}], [{8, 1}, {6, 7}, {4, 5}, {2, 3}], [{8, 1}, {6, 7}, {4, 5}, {3}, {2}], [{8, 1}, {6, 7}, {5}, {3, 4}, {2}], [{8, 1}, {7}, {2, 6}, {4, 5}, {3}], [{8, 1}, {7}, {4, 6}, {5}, {2, 3}], [{8, 1}, {7}, {6}, {3, 5}, {2, 4}], [{8, 2}, {1, 7}, {3, 6}, {4, 5}], [{8, 2}, {1, 7}, {4, 6}, {3, 5}], [{8, 2}, {1, 7}, {5, 6}, {3, 4}], [{8, 2}, {1, 7}, {5, 6}, {4}, {3}], [{8, 2}, {3, 7}, {1, 6}, {4, 5}], [{8, 2}, {3, 7}, {4, 6}, {1, 5}], [{8, 2}, {3, 7}, {5, 6}, {1, 4}], [{8, 2}, {3, 7}, {6}, {5}, {1, 4}], [{8, 2}, {4, 7}, {1, 6}, {3, 5}], [{8, 2}, {4, 7}, {3, 6}, {1, 5}], [{8, 2}, {4, 7}, {5, 6}, {1, 3}], [{8, 2}, {5, 7}, {1, 6}, {3, 4}], [{8, 2}, {5, 7}, {3, 6}, {1, 4}], [{8, 2}, {5, 7}, {4, 6}, {1, 3}], [{8, 2}, {6, 7}, {1, 5}, {3, 4}], [{8, 2}, {6, 7}, {3, 5}, {1, 4}], [{8, 2}, {6, 7}, {4, 5}, {1, 3}], [{8, 2}, {7}, {1, 6}, {4, 5}, {3}], [{8, 2}, {7}, {3, 6}, {1, 5}, {4}], [{8, 2}, {7}, {4, 6}, {1, 5}, {3}], [{8, 2}, {7}, {6}, {1, 5}, {3, 4}], [{8, 3}, {1, 7}, {2, 6}, {4, 5}], [{8, 3}, {1, 7}, {4, 6}, {2, 5}], [{8, 3}, {1, 7}, {5, 6}, {2, 4}], [{8, 3}, {1, 7}, {5, 6}, {4}, {2}], [{8, 3}, {2, 7}, {1, 6}, {4, 5}], [{8, 3}, {2, 7}, {4, 6}, {1, 5}], [{8, 3}, {2, 7}, {4, 6}, {5}, {1}], [{8, 3}, {2, 7}, {5, 6}, {1, 4}], [{8, 3}, {4, 7}, {1, 6}, {2, 5}], [{8, 3}, {4, 7}, {1, 6}, {5}, {2}], [{8, 3}, {4, 7}, {2, 6}, {1, 5}], [{8, 3}, {4, 7}, {5, 6}, {1, 2}], [{8, 3}, {4, 7}, {6}, {2, 5}, {1}], [{8, 3}, {5, 7}, {1, 6}, {2, 4}], [{8, 3}, {5, 7}, {2, 6}, {1, 4}], [{8, 3}, {5, 7}, {4, 6}, {1, 2}], [{8, 3}, {5, 7}, {6}, {4}, {1, 2}], [{8, 3}, {6, 7}, {1, 5}, {2, 4}], [{8, 3}, {6, 7}, {2, 5}, {1, 4}], [{8, 3}, {6, 7}, {4, 5}, {1, 2}], [{8, 3}, {6, 7}, {5}, {1, 4}, {2}], [{8, 4}, {1, 7}, {2, 6}, {3, 5}], [{8, 4}, {1, 7}, {3, 6}, {2, 5}], [{8, 4}, {1, 7}, {3, 6}, {5}, {2}], [{8, 4}, {1, 7}, {5, 6}, {2, 3}], [{8, 4}, {2, 7}, {1, 6}, {3, 5}], [{8, 4}, {2, 7}, {1, 6}, {5}, {3}], [{8, 4}, {2, 7}, {3, 6}, {1, 5}], [{8, 4}, {2, 7}, {5, 6}, {1, 3}], [{8, 4}, {2, 7}, {5, 6}, {3}, {1}], [{8, 4}, {2, 7}, {6}, {1, 5}, {3}], [{8, 4}, {3, 7}, {1, 6}, {2, 5}], [{8, 4}, {3, 7}, {1, 6}, {5}, {2}], [{8, 4}, {3, 7}, {2, 6}, {1, 5}], [{8, 4}, {3, 7}, {5, 6}, {1, 2}], [{8, 4}, {5, 7}, {1, 6}, {2, 3}], [{8, 4}, {5, 7}, {2, 6}, {1, 3}], [{8, 4}, {5, 7}, {3, 6}, {1, 2}], [{8, 4}, {5, 7}, {6}, {1, 3}, {2}], [{8, 4}, {6, 7}, {1, 5}, {2, 3}], [{8, 4}, {6, 7}, {1, 5}, {3}, {2}], [{8, 4}, {6, 7}, {2, 5}, {1, 3}], [{8, 4}, {6, 7}, {2, 5}, {3}, {1}], [{8, 4}, {6, 7}, {3, 5}, {1, 2}], [{8, 4}, {6, 7}, {5}, {3}, {1, 2}], [{8, 4}, {7}, {1, 6}, {5}, {2, 3}], [{8, 4}, {7}, {2, 6}, {1, 5}, {3}], [{8, 4}, {7}, {2, 6}, {3, 5}, {1}], [{8, 4}, {7}, {2, 6}, {5}, {1, 3}], [{8, 5}, {1, 7}, {2, 6}, {3, 4}], [{8, 5}, {1, 7}, {2, 6}, {4}, {3}], [{8, 5}, {1, 7}, {3, 6}, {2, 4}], [{8, 5}, {1, 7}, {4, 6}, {2, 3}], [{8, 5}, {2, 7}, {1, 6}, {3, 4}], [{8, 5}, {2, 7}, {1, 6}, {4}, {3}], [{8, 5}, {2, 7}, {3, 6}, {1, 4}], [{8, 5}, {2, 7}, {4, 6}, {1, 3}], [{8, 5}, {2, 7}, {4, 6}, {3}, {1}], [{8, 5}, {2, 7}, {6}, {1, 4}, {3}], [{8, 5}, {3, 7}, {1, 6}, {2, 4}], [{8, 5}, {3, 7}, {2, 6}, {1, 4}], [{8, 5}, {3, 7}, {4, 6}, {1, 2}], [{8, 5}, {4, 7}, {1, 6}, {2, 3}], [{8, 5}, {4, 7}, {2, 6}, {1, 3}], [{8, 5}, {4, 7}, {3, 6}, {1, 2}], [{8, 5}, {6, 7}, {1, 4}, {2, 3}], [{8, 5}, {6, 7}, {2, 4}, {1, 3}], [{8, 5}, {6, 7}, {2, 4}, {3}, {1}], [{8, 5}, {6, 7}, {3, 4}, {1, 2}], [{8, 6}, {1, 7}, {2, 5}, {3, 4}], [{8, 6}, {1, 7}, {2, 5}, {4}, {3}], [{8, 6}, {1, 7}, {3, 5}, {2, 4}], [{8, 6}, {1, 7}, {4, 5}, {2, 3}], [{8, 6}, {1, 7}, {4, 5}, {3}, {2}], [{8, 6}, {1, 7}, {5}, {2, 4}, {3}], [{8, 6}, {2, 7}, {1, 5}, {3, 4}], [{8, 6}, {2, 7}, {1, 5}, {4}, {3}], [{8, 6}, {2, 7}, {3, 5}, {1, 4}], [{8, 6}, {2, 7}, {4, 5}, {1, 3}], [{8, 6}, {2, 7}, {4, 5}, {3}, {1}], [{8, 6}, {2, 7}, {5}, {1, 4}, {3}], [{8, 6}, {3, 7}, {1, 5}, {2, 4}], [{8, 6}, {3, 7}, {2, 5}, {1, 4}], [{8, 6}, {3, 7}, {4, 5}, {1, 2}], [{8, 6}, {3, 7}, {5}, {2, 4}, {1}], [{8, 6}, {4, 7}, {1, 5}, {2, 3}], [{8, 6}, {4, 7}, {1, 5}, {3}, {2}], [{8, 6}, {4, 7}, {2, 5}, {1, 3}], [{8, 6}, {4, 7}, {2, 5}, {3}, {1}], [{8, 6}, {4, 7}, {3, 5}, {1, 2}], [{8, 6}, {4, 7}, {5}, {3}, {1, 2}], [{8, 6}, {5, 7}, {1, 4}, {2, 3}], [{8, 6}, {5, 7}, {1, 4}, {3}, {2}], [{8, 6}, {5, 7}, {2, 4}, {1, 3}], [{8, 6}, {5, 7}, {2, 4}, {3}, {1}], [{8, 6}, {5, 7}, {3, 4}, {1, 2}], [{8, 6}, {5, 7}, {3, 4}, {2}, {1}], [{8, 6}, {5, 7}, {4}, {1, 3}, {2}], [{8, 6}, {5, 7}, {4}, {2, 3}, {1}], [{8, 6}, {5, 7}, {4}, {3}, {1, 2}], [{8, 6}, {5, 7}, {4}, {3}, {2}, {1}], [{8, 6}, {7}, {1, 5}, {2, 4}, {3}], [{8, 6}, {7}, {2, 5}, {1, 4}, {3}], [{8, 6}, {7}, {3, 5}, {2, 4}, {1}], [{8, 6}, {7}, {4, 5}, {3}, {1, 2}], [{8, 6}, {7}, {5}, {2, 4}, {1, 3}], [{8, 6}, {7}, {5}, {2, 4}, {3}, {1}], [{8, 7}, {1, 6}, {2, 5}, {3, 4}], [{8, 7}, {1, 6}, {3, 5}, {2, 4}], [{8, 7}, {1, 6}, {4, 5}, {2, 3}], [{8, 7}, {1, 6}, {4, 5}, {3}, {2}], [{8, 7}, {2, 6}, {1, 5}, {3, 4}], [{8, 7}, {2, 6}, {3, 5}, {1, 4}], [{8, 7}, {2, 6}, {4, 5}, {1, 3}], [{8, 7}, {3, 6}, {1, 5}, {2, 4}], [{8, 7}, {3, 6}, {2, 5}, {1, 4}], [{8, 7}, {3, 6}, {4, 5}, {1, 2}], [{8, 7}, {4, 6}, {1, 5}, {2, 3}], [{8, 7}, {4, 6}, {1, 5}, {3}, {2}], [{8, 7}, {4, 6}, {2, 5}, {1, 3}], [{8, 7}, {4, 6}, {2, 5}, {3}, {1}], [{8, 7}, {4, 6}, {3, 5}, {1, 2}], [{8, 7}, {4, 6}, {5}, {3}, {1, 2}], [{8, 7}, {5, 6}, {1, 4}, {2, 3}], [{8, 7}, {5, 6}, {2, 4}, {1, 3}], [{8, 7}, {5, 6}, {2, 4}, {3}, {1}], [{8, 7}, {5, 6}, {3, 4}, {1, 2}], [{8}, {1, 7}, {5, 6}, {4}, {2, 3}], [{8}, {2, 7}, {1, 6}, {4, 5}, {3}], [{8}, {2, 7}, {4, 6}, {1, 5}, {3}], [{8}, {2, 7}, {4, 6}, {3, 5}, {1}], [{8}, {2, 7}, {4, 6}, {5}, {1, 3}], [{8}, {2, 7}, {5, 6}, {1, 4}, {3}], [{8}, {3, 7}, {5, 6}, {4}, {1, 2}], [{8}, {3, 7}, {6}, {1, 5}, {2, 4}], [{8}, {4, 7}, {3, 6}, {2, 5}, {1}], [{8}, {5, 7}, {1, 6}, {4}, {2, 3}], [{8}, {5, 7}, {3, 6}, {4}, {1, 2}], [{8}, {5, 7}, {4, 6}, {1, 3}, {2}], [{8}, {7}, {1, 6}, {3, 5}, {2, 4}], [{8}, {7}, {4, 6}, {2, 5}, {1, 3}]]",2,4 K_1^3 - 16 K_1^2 - 6 K_1 K_2 + 8 K_2 + 2 K_3 + 9,O1O2O3U4O5U3U6O4U7U1O7U8U5O8O6U2,O1O2U3O4O3U5O6O7U1O5U7U8U4O8U6U2,O1O2U3O4O5U4O6O7U6U2O8U5U8U1O3U7,c,{'O1O2O3U2O4O5U6U5O7U3U7O8U4U1O6U8'},1,"<a href=""/flatknot/8.975520"">8.975520</a>",t^9-45t^7-90t^6+37t^5+68t^4-54t^3+60t^2+51t-4,t^3-3t,,
8.975521,O1O2O3U2O4O5U6U5O7U4U1O8U3U8O6U7,4,4z^3+40z^2+113z+99,4w^4z^3+40w^3z^2+113w^2z+99w,False,False,"[[ 0 -1 -1  1  0  1 -3  2  1],[ 1  0  0  2  0  0 -2  2  1],[ 1  0  0  1  0  0  0  1  1],[-1 -2 -1  0  0  0 -4  2  1],[ 0  0  0  0  0  0 -1  0  0],[-1  0  0  0  0  0 -1 -1  0],[ 3  2  0  4  1  1  0  2  1],[-2 -2 -1 -2  0  1 -2  0  0],[-1 -1 -1 -1  0  0 -1  0  0]]","[[ 0  2  1  1  1  0 -1 -1 -3],[-2  0  1  0 -2  0 -1 -2 -2],[-1 -1  0  0  0  0  0  0 -1],[-1  0  0  0 -1  0 -1 -1 -1],[-1  2  0  1  0  0 -1 -2 -4],[ 0  0  0  0  0  0  0  0 -1],[ 1  1  0  1  1  0  0  0  0],[ 1  2  0  1  2  0  0  0 -2],[ 3  2  1  1  4  1  0  2  0]]",True,"[-2,-1,-1,-1,0,1,1,3,-1,0,2,0,1,2,2,0,0,0,0,0,1,1,0,1,1,1,0,1,2,4,0,0,1,0,0,2]","[-3,-1,-1,0,1,1,1,2,0,2,1,1,1,4,2,0,0,0,1,1,1,0,0,1,2,2,0,0,0,0,0,0,-1,-1,0,2]",t^8+45t^6+117t^4+42t^2+1,"[-3,-1,-1,0,1,1,1,2,0,2,2,0,3,3,3,0,1,0,1,2,1,1,1,1,2,2,1,1,1,2,-1,0,-1,0,1,2]","[-2,-1,-1,-1,0,1,1,3,-1,1,2,2,1,2,3,1,0,1,0,1,0,0,1,1,1,3,1,2,2,3,1,1,2,0,0,2]","[-3,-1,-1,0,1,1,1,2,0,2,1,1,1,4,2,0,0,0,1,1,1,0,0,1,2,2,0,0,0,0,0,0,-1,-1,0,2]",c,"[[{8, 1}, {2, 7}, {3, 6}, {4, 5}], [{8, 1}, {2, 7}, {4, 6}, {3, 5}], [{8, 1}, {2, 7}, {5, 6}, {3, 4}], [{8, 1}, {2, 7}, {5, 6}, {4}, {3}], [{8, 1}, {2, 7}, {6}, {5}, {3, 4}], [{8, 1}, {3, 7}, {2, 6}, {4, 5}], [{8, 1}, {3, 7}, {4, 6}, {2, 5}], [{8, 1}, {3, 7}, {4, 6}, {5}, {2}], [{8, 1}, {3, 7}, {5, 6}, {2, 4}], [{8, 1}, {3, 7}, {5, 6}, {4}, {2}], [{8, 1}, {3, 7}, {6}, {4, 5}, {2}], [{8, 1}, {4, 7}, {2, 6}, {3, 5}], [{8, 1}, {4, 7}, {3, 6}, {2, 5}], [{8, 1}, {4, 7}, {5, 6}, {2, 3}], [{8, 1}, {4, 7}, {6}, {3, 5}, {2}], [{8, 1}, {5, 7}, {2, 6}, {3, 4}], [{8, 1}, {5, 7}, {3, 6}, {2, 4}], [{8, 1}, {5, 7}, {4, 6}, {2, 3}], [{8, 1}, {5, 7}, {6}, {4}, {2, 3}], [{8, 1}, {6, 7}, {2, 5}, {3, 4}], [{8, 1}, {6, 7}, {3, 5}, {2, 4}], [{8, 1}, {6, 7}, {4, 5}, {2, 3}], [{8, 1}, {6, 7}, {4, 5}, {3}, {2}], [{8, 1}, {6, 7}, {5}, {4}, {2, 3}], [{8, 1}, {7}, {3, 6}, {4, 5}, {2}], [{8, 1}, {7}, {4, 6}, {2, 5}, {3}], [{8, 1}, {7}, {5, 6}, {4}, {2, 3}], [{8, 2}, {1, 7}, {3, 6}, {4, 5}], [{8, 2}, {1, 7}, {3, 6}, {5}, {4}], [{8, 2}, {1, 7}, {4, 6}, {3, 5}], [{8, 2}, {1, 7}, {5, 6}, {3, 4}], [{8, 2}, {1, 7}, {5, 6}, {4}, {3}], [{8, 2}, {1, 7}, {6}, {3, 5}, {4}], [{8, 2}, {3, 7}, {1, 6}, {4, 5}], [{8, 2}, {3, 7}, {4, 6}, {1, 5}], [{8, 2}, {3, 7}, {4, 6}, {5}, {1}], [{8, 2}, {3, 7}, {5, 6}, {1, 4}], [{8, 2}, {4, 7}, {1, 6}, {3, 5}], [{8, 2}, {4, 7}, {3, 6}, {1, 5}], [{8, 2}, {4, 7}, {5, 6}, {1, 3}], [{8, 2}, {4, 7}, {5, 6}, {3}, {1}], [{8, 2}, {4, 7}, {6}, {5}, {1, 3}], [{8, 2}, {5, 7}, {1, 6}, {3, 4}], [{8, 2}, {5, 7}, {3, 6}, {1, 4}], [{8, 2}, {5, 7}, {4, 6}, {1, 3}], [{8, 2}, {5, 7}, {6}, {1, 4}, {3}], [{8, 2}, {6, 7}, {1, 5}, {3, 4}], [{8, 2}, {6, 7}, {3, 5}, {1, 4}], [{8, 2}, {6, 7}, {4, 5}, {1, 3}], [{8, 2}, {6, 7}, {5}, {1, 4}, {3}], [{8, 2}, {7}, {1, 6}, {5}, {3, 4}], [{8, 2}, {7}, {4, 6}, {1, 5}, {3}], [{8, 2}, {7}, {5, 6}, {1, 4}, {3}], [{8, 3}, {1, 7}, {2, 6}, {4, 5}], [{8, 3}, {1, 7}, {4, 6}, {2, 5}], [{8, 3}, {1, 7}, {5, 6}, {2, 4}], [{8, 3}, {1, 7}, {6}, {4, 5}, {2}], [{8, 3}, {2, 7}, {1, 6}, {4, 5}], [{8, 3}, {2, 7}, {4, 6}, {1, 5}], [{8, 3}, {2, 7}, {5, 6}, {1, 4}], [{8, 3}, {4, 7}, {1, 6}, {2, 5}], [{8, 3}, {4, 7}, {2, 6}, {1, 5}], [{8, 3}, {4, 7}, {5, 6}, {1, 2}], [{8, 3}, {5, 7}, {1, 6}, {2, 4}], [{8, 3}, {5, 7}, {2, 6}, {1, 4}], [{8, 3}, {5, 7}, {4, 6}, {1, 2}], [{8, 3}, {5, 7}, {6}, {2, 4}, {1}], [{8, 3}, {6, 7}, {1, 5}, {2, 4}], [{8, 3}, {6, 7}, {2, 5}, {1, 4}], [{8, 3}, {6, 7}, {4, 5}, {1, 2}], [{8, 3}, {6, 7}, {4, 5}, {2}, {1}], [{8, 3}, {7}, {1, 6}, {4, 5}, {2}], [{8, 3}, {7}, {4, 6}, {2, 5}, {1}], [{8, 3}, {7}, {5, 6}, {4}, {1, 2}], [{8, 4}, {1, 7}, {2, 6}, {3, 5}], [{8, 4}, {1, 7}, {3, 6}, {2, 5}], [{8, 4}, {1, 7}, {5, 6}, {2, 3}], [{8, 4}, {1, 7}, {6}, {3, 5}, {2}], [{8, 4}, {2, 7}, {1, 6}, {3, 5}], [{8, 4}, {2, 7}, {3, 6}, {1, 5}], [{8, 4}, {2, 7}, {5, 6}, {1, 3}], [{8, 4}, {3, 7}, {1, 6}, {2, 5}], [{8, 4}, {3, 7}, {2, 6}, {1, 5}], [{8, 4}, {3, 7}, {5, 6}, {1, 2}], [{8, 4}, {5, 7}, {1, 6}, {2, 3}], [{8, 4}, {5, 7}, {2, 6}, {1, 3}], [{8, 4}, {5, 7}, {3, 6}, {1, 2}], [{8, 4}, {5, 7}, {6}, {3}, {1, 2}], [{8, 4}, {6, 7}, {1, 5}, {2, 3}], [{8, 4}, {6, 7}, {2, 5}, {1, 3}], [{8, 4}, {6, 7}, {3, 5}, {1, 2}], [{8, 4}, {6, 7}, {5}, {1, 3}, {2}], [{8, 4}, {7}, {3, 6}, {2, 5}, {1}], [{8, 5}, {1, 7}, {2, 6}, {3, 4}], [{8, 5}, {1, 7}, {3, 6}, {2, 4}], [{8, 5}, {1, 7}, {4, 6}, {2, 3}], [{8, 5}, {1, 7}, {6}, {4}, {2, 3}], [{8, 5}, {2, 7}, {1, 6}, {3, 4}], [{8, 5}, {2, 7}, {3, 6}, {1, 4}], [{8, 5}, {2, 7}, {4, 6}, {1, 3}], [{8, 5}, {3, 7}, {1, 6}, {2, 4}], [{8, 5}, {3, 7}, {2, 6}, {1, 4}], [{8, 5}, {3, 7}, {4, 6}, {1, 2}], [{8, 5}, {3, 7}, {4, 6}, {2}, {1}], [{8, 5}, {4, 7}, {1, 6}, {2, 3}], [{8, 5}, {4, 7}, {2, 6}, {1, 3}], [{8, 5}, {4, 7}, {3, 6}, {1, 2}], [{8, 5}, {4, 7}, {3, 6}, {2}, {1}], [{8, 5}, {6, 7}, {1, 4}, {2, 3}], [{8, 5}, {6, 7}, {1, 4}, {3}, {2}], [{8, 5}, {6, 7}, {2, 4}, {1, 3}], [{8, 5}, {6, 7}, {3, 4}, {1, 2}], [{8, 5}, {6, 7}, {3, 4}, {2}, {1}], [{8, 5}, {6, 7}, {4}, {1, 3}, {2}], [{8, 5}, {7}, {3, 6}, {4}, {1, 2}], [{8, 5}, {7}, {4, 6}, {3}, {1, 2}], [{8, 5}, {7}, {6}, {3, 4}, {1, 2}], [{8, 6}, {1, 7}, {2, 5}, {3, 4}], [{8, 6}, {1, 7}, {3, 5}, {2, 4}], [{8, 6}, {1, 7}, {3, 5}, {4}, {2}], [{8, 6}, {1, 7}, {4, 5}, {2, 3}], [{8, 6}, {1, 7}, {4, 5}, {3}, {2}], [{8, 6}, {1, 7}, {5}, {3, 4}, {2}], [{8, 6}, {2, 7}, {1, 5}, {3, 4}], [{8, 6}, {2, 7}, {3, 5}, {1, 4}], [{8, 6}, {2, 7}, {4, 5}, {1, 3}], [{8, 6}, {2, 7}, {5}, {1, 4}, {3}], [{8, 6}, {3, 7}, {1, 5}, {2, 4}], [{8, 6}, {3, 7}, {2, 5}, {1, 4}], [{8, 6}, {3, 7}, {4, 5}, {1, 2}], [{8, 6}, {3, 7}, {4, 5}, {2}, {1}], [{8, 6}, {4, 7}, {1, 5}, {2, 3}], [{8, 6}, {4, 7}, {1, 5}, {3}, {2}], [{8, 6}, {4, 7}, {2, 5}, {1, 3}], [{8, 6}, {4, 7}, {3, 5}, {1, 2}], [{8, 6}, {5, 7}, {1, 4}, {2, 3}], [{8, 6}, {5, 7}, {2, 4}, {1, 3}], [{8, 6}, {5, 7}, {2, 4}, {3}, {1}], [{8, 6}, {5, 7}, {3, 4}, {1, 2}], [{8, 6}, {7}, {2, 5}, {3, 4}, {1}], [{8, 6}, {7}, {4, 5}, {1, 3}, {2}], [{8, 7}, {1, 6}, {2, 5}, {3, 4}], [{8, 7}, {1, 6}, {3, 5}, {2, 4}], [{8, 7}, {1, 6}, {4, 5}, {2, 3}], [{8, 7}, {1, 6}, {4, 5}, {3}, {2}], [{8, 7}, {2, 6}, {1, 5}, {3, 4}], [{8, 7}, {2, 6}, {3, 5}, {1, 4}], [{8, 7}, {2, 6}, {4, 5}, {1, 3}], [{8, 7}, {2, 6}, {4, 5}, {3}, {1}], [{8, 7}, {3, 6}, {1, 5}, {2, 4}], [{8, 7}, {3, 6}, {2, 5}, {1, 4}], [{8, 7}, {3, 6}, {4, 5}, {1, 2}], [{8, 7}, {3, 6}, {4, 5}, {2}, {1}], [{8, 7}, {4, 6}, {1, 5}, {2, 3}], [{8, 7}, {4, 6}, {2, 5}, {1, 3}], [{8, 7}, {4, 6}, {2, 5}, {3}, {1}], [{8, 7}, {4, 6}, {3, 5}, {1, 2}], [{8, 7}, {5, 6}, {1, 4}, {2, 3}], [{8, 7}, {5, 6}, {2, 4}, {1, 3}], [{8, 7}, {5, 6}, {2, 4}, {3}, {1}], [{8, 7}, {5, 6}, {3, 4}, {1, 2}], [{8, 7}, {6}, {4, 5}, {1, 3}, {2}], [{8, 7}, {6}, {4, 5}, {2, 3}, {1}], [{8, 7}, {6}, {4, 5}, {3}, {1, 2}], [{8, 7}, {6}, {4, 5}, {3}, {2}, {1}], [{8}, {1, 7}, {2, 6}, {3, 5}, {4}], [{8}, {1, 7}, {3, 6}, {4, 5}, {2}], [{8}, {1, 7}, {4, 6}, {2, 5}, {3}], [{8}, {1, 7}, {4, 6}, {3, 5}, {2}], [{8}, {1, 7}, {4, 6}, {5}, {2, 3}], [{8}, {1, 7}, {6}, {3, 5}, {2, 4}], [{8}, {2, 7}, {3, 6}, {1, 5}, {4}], [{8}, {3, 7}, {1, 6}, {4, 5}, {2}], [{8}, {3, 7}, {2, 6}, {1, 5}, {4}], [{8}, {3, 7}, {4, 6}, {1, 5}, {2}], [{8}, {3, 7}, {4, 6}, {2, 5}, {1}], [{8}, {3, 7}, {4, 6}, {5}, {1, 2}], [{8}, {3, 7}, {6}, {1, 5}, {2, 4}], [{8}, {4, 7}, {1, 6}, {2, 5}, {3}], [{8}, {4, 7}, {2, 6}, {3, 5}, {1}], [{8}, {4, 7}, {6}, {1, 5}, {2, 3}], [{8}, {5, 7}, {2, 6}, {3, 4}, {1}], [{8}, {5, 7}, {3, 6}, {2, 4}, {1}], [{8}, {6, 7}, {2, 5}, {1, 4}, {3}], [{8}, {6, 7}, {3, 5}, {2, 4}, {1}], [{8}, {6, 7}, {4, 5}, {1, 3}, {2}], [{8}, {7}, {1, 6}, {3, 5}, {2, 4}], [{8}, {7}, {2, 6}, {3, 5}, {1, 4}], [{8}, {7}, {4, 6}, {2, 5}, {1, 3}], [{8}, {7}, {4, 6}, {2, 5}, {3}, {1}]]",2,4 K_1^3 - 6 K_1^2 - 2 K_1 K_2 - 2 K_1 + 3 K_2 + 4,O1O2O3U4O5U6U1O6U3U7O4U8U5O8O7U2,O1O2U3O4O5U6O7O6U1O3U5U8U7O8U4U2,O1O2U1O3O4U5O6O7U6U4O8U2U8U3O5U7,c,{'O1O2O3U2O4O5U6U5O7U4U1O8U3U8O6U7'},1,"<a href=""/flatknot/8.975521"">8.975521</a>",t^9-49t^7-120t^6-16t^5-14t^4-87t^3+98t^2+52t-6,t^3-t^2-t,,
8.975522,O1O2O3U2O4O5U6U5O7U4U1O8U7U8O6U3,3,15z^2+84z+109,15w^3z^2+84w^2z+109w,False,False,"[[ 0 -1 -1  2  0  1 -3  1  1],[ 1  0  0  2  0  0 -2  2  1],[ 1  0  0  1  0  0  1  0  0],[-2 -2 -1  0  0  1 -4  0  1],[ 0  0  0  0  0  0 -2  1  1],[-1  0  0 -1  0  0 -1  0  0],[ 3  2 -1  4  2  1  0  2  0],[-1 -2  0  0 -1  0 -2  0  1],[-1 -1  0 -1 -1  0  0 -1  0]]","[[ 0  2  1  1  1  0 -1 -1 -3],[-2  0  1  1  0  0 -1 -2 -4],[-1 -1  0  0  0  0  0  0 -1],[-1 -1  0  0 -1 -1  0 -1  0],[-1  0  0  1  0 -1  0 -2 -2],[ 0  0  0  1  1  0  0  0 -2],[ 1  1  0  0  0  0  0  0  1],[ 1  2  0  1  2  0  0  0 -2],[ 3  4  1  0  2  2 -1  2  0]]",True,"[-2,-1,-1,-1,0,1,1,3,-1,-1,0,0,1,2,4,0,0,0,0,0,1,1,1,0,1,0,1,0,2,2,0,0,2,0,-1,2]","[-3,-1,-1,0,1,1,1,2,-1,2,2,0,1,2,4,0,0,0,0,0,1,0,1,0,2,2,1,0,1,0,0,-1,-1,0,-1,0]",t^8+45t^6+156t^4+18t^2,"[-3,-1,-1,0,1,1,1,2,0,3,1,2,3,4,1,0,1,0,2,1,1,1,2,2,2,2,0,1,0,2,0,-1,1,0,2,2]","[-2,-1,-1,-1,0,1,1,3,1,2,2,2,1,2,1,0,1,0,0,2,2,0,1,2,2,3,0,1,2,4,1,1,1,0,0,3]","[-3,-1,-1,0,1,1,1,2,-1,2,2,0,1,2,4,0,0,0,0,0,1,0,1,0,2,2,1,0,1,0,0,-1,-1,0,-1,0]",c,"[[{8, 3}, {6, 7}, {2, 5}, {1, 4}], [{8, 5}, {6, 7}, {1, 4}, {2, 3}], [{8, 6}, {3, 7}, {2, 5}, {1, 4}], [{8, 6}, {5, 7}, {1, 4}, {2, 3}]]",1,4 K_1^3 - 18 K_1^2 - 10 K_1 K_2 + 2 K_1 + 9 K_2 + 4 K_3 + 10,O1O2O3U1O4U5U6O5U3U7O6U8U4O8O7U2,O1O2U3O4O5U6O3O6U1O7U5U8U7O8U4U2,O1O2U1O3O4U2O5O6U5U4O7U8U7U3O8U6,c,{'O1O2O3U2O4O5U6U5O7U4U1O8U7U8O6U3'},1,"<a href=""/flatknot/8.975522"">8.975522</a>",t^9-49t^7-90t^6+111t^5+214t^4+163t^3+58t^2-32t,t^3-t^2-t,,
8.975523,O1O2O3U2O4O5U6U5O7U4U3O8U1U8O6U7,4,2z^3+25z^2+104z+125,2w^4z^3+25w^3z^2+104w^2z+125w,False,False,"[[ 0 -1 -1  1  0  1 -3  2  1],[ 1  0 -1  1  0  0 -3  3  1],[ 1  1  0  1  0  0  0  1  0],[-1 -1 -1  0  0  0 -3  1  0],[ 0  0  0  0  0  0 -1  0  0],[-1  0  0  0  0  0 -1 -1  0],[ 3  3  0  3  1  1  0  2  1],[-2 -3 -1 -1  0  1 -2  0  0],[-1 -1  0  0  0  0 -1  0  0]]","[[ 0  2  1  1  1  0 -1 -1 -3],[-2  0  1  0 -1  0 -1 -3 -2],[-1 -1  0  0  0  0  0  0 -1],[-1  0  0  0  0  0  0 -1 -1],[-1  1  0  0  0  0 -1 -1 -3],[ 0  0  0  0  0  0  0  0 -1],[ 1  1  0  0  1  0  0  1  0],[ 1  3  0  1  1  0 -1  0 -3],[ 3  2  1  1  3  1  0  3  0]]",True,"[-2,-1,-1,-1,0,1,1,3,-1,0,1,0,1,3,2,0,0,0,0,0,1,0,0,0,1,1,0,1,1,3,0,0,1,-1,0,3]","[-3,-1,-1,0,1,1,1,2,-1,2,2,1,3,3,3,1,1,1,1,2,0,1,1,2,2,2,1,1,1,2,0,0,0,0,1,2]",t^8+41t^6+109t^4+29t^2+1,"[-3,-1,-1,0,1,1,1,2,-1,2,2,1,3,3,3,1,1,1,1,2,0,1,1,2,2,2,1,1,1,2,0,0,0,0,1,2]","[-2,-1,-1,-1,0,1,1,3,0,1,2,2,0,2,3,0,0,1,1,1,1,0,1,1,2,3,1,2,2,3,1,1,2,-1,-1,2]","[-3,-1,-1,0,1,1,1,2,0,3,1,1,1,3,2,1,0,0,0,1,1,0,0,1,1,3,0,0,0,0,0,0,-1,0,0,1]",c,"[[{8, 1}, {2, 7}, {3, 6}, {4, 5}], [{8, 1}, {2, 7}, {4, 6}, {3, 5}], [{8, 1}, {2, 7}, {5, 6}, {3, 4}], [{8, 1}, {3, 7}, {2, 6}, {4, 5}], [{8, 1}, {3, 7}, {4, 6}, {2, 5}], [{8, 1}, {3, 7}, {5, 6}, {2, 4}], [{8, 1}, {3, 7}, {6}, {4, 5}, {2}], [{8, 1}, {4, 7}, {2, 6}, {3, 5}], [{8, 1}, {4, 7}, {3, 6}, {2, 5}], [{8, 1}, {4, 7}, {3, 6}, {5}, {2}], [{8, 1}, {4, 7}, {5, 6}, {2, 3}], [{8, 1}, {4, 7}, {6}, {2, 5}, {3}], [{8, 1}, {5, 7}, {2, 6}, {3, 4}], [{8, 1}, {5, 7}, {2, 6}, {4}, {3}], [{8, 1}, {5, 7}, {3, 6}, {2, 4}], [{8, 1}, {5, 7}, {3, 6}, {4}, {2}], [{8, 1}, {5, 7}, {4, 6}, {2, 3}], [{8, 1}, {5, 7}, {6}, {4}, {2, 3}], [{8, 1}, {6, 7}, {2, 5}, {3, 4}], [{8, 1}, {6, 7}, {3, 5}, {2, 4}], [{8, 1}, {6, 7}, {4, 5}, {2, 3}], [{8, 1}, {6, 7}, {4, 5}, {3}, {2}], [{8, 1}, {6, 7}, {5}, {4}, {2, 3}], [{8, 1}, {7}, {3, 6}, {4, 5}, {2}], [{8, 1}, {7}, {4, 6}, {3, 5}, {2}], [{8, 1}, {7}, {5, 6}, {4}, {2, 3}], [{8, 2}, {1, 7}, {3, 6}, {4, 5}], [{8, 2}, {1, 7}, {4, 6}, {3, 5}], [{8, 2}, {1, 7}, {4, 6}, {5}, {3}], [{8, 2}, {1, 7}, {5, 6}, {3, 4}], [{8, 2}, {1, 7}, {5, 6}, {4}, {3}], [{8, 2}, {1, 7}, {6}, {4, 5}, {3}], [{8, 2}, {3, 7}, {1, 6}, {4, 5}], [{8, 2}, {3, 7}, {4, 6}, {1, 5}], [{8, 2}, {3, 7}, {5, 6}, {1, 4}], [{8, 2}, {3, 7}, {6}, {1, 5}, {4}], [{8, 2}, {4, 7}, {1, 6}, {3, 5}], [{8, 2}, {4, 7}, {3, 6}, {1, 5}], [{8, 2}, {4, 7}, {5, 6}, {1, 3}], [{8, 2}, {4, 7}, {5, 6}, {3}, {1}], [{8, 2}, {5, 7}, {1, 6}, {3, 4}], [{8, 2}, {5, 7}, {3, 6}, {1, 4}], [{8, 2}, {5, 7}, {4, 6}, {1, 3}], [{8, 2}, {5, 7}, {6}, {3, 4}, {1}], [{8, 2}, {6, 7}, {1, 5}, {3, 4}], [{8, 2}, {6, 7}, {1, 5}, {4}, {3}], [{8, 2}, {6, 7}, {3, 5}, {1, 4}], [{8, 2}, {6, 7}, {4, 5}, {1, 3}], [{8, 2}, {7}, {1, 6}, {3, 5}, {4}], [{8, 2}, {7}, {3, 6}, {1, 5}, {4}], [{8, 2}, {7}, {5, 6}, {1, 4}, {3}], [{8, 3}, {1, 7}, {2, 6}, {4, 5}], [{8, 3}, {1, 7}, {4, 6}, {2, 5}], [{8, 3}, {1, 7}, {4, 6}, {5}, {2}], [{8, 3}, {1, 7}, {5, 6}, {2, 4}], [{8, 3}, {2, 7}, {1, 6}, {4, 5}], [{8, 3}, {2, 7}, {4, 6}, {1, 5}], [{8, 3}, {2, 7}, {5, 6}, {1, 4}], [{8, 3}, {2, 7}, {6}, {1, 5}, {4}], [{8, 3}, {4, 7}, {1, 6}, {2, 5}], [{8, 3}, {4, 7}, {1, 6}, {5}, {2}], [{8, 3}, {4, 7}, {2, 6}, {1, 5}], [{8, 3}, {4, 7}, {5, 6}, {1, 2}], [{8, 3}, {5, 7}, {1, 6}, {2, 4}], [{8, 3}, {5, 7}, {1, 6}, {4}, {2}], [{8, 3}, {5, 7}, {2, 6}, {1, 4}], [{8, 3}, {5, 7}, {4, 6}, {1, 2}], [{8, 3}, {5, 7}, {6}, {2, 4}, {1}], [{8, 3}, {6, 7}, {1, 5}, {2, 4}], [{8, 3}, {6, 7}, {1, 5}, {4}, {2}], [{8, 3}, {6, 7}, {2, 5}, {1, 4}], [{8, 3}, {6, 7}, {4, 5}, {1, 2}], [{8, 3}, {7}, {1, 6}, {4, 5}, {2}], [{8, 3}, {7}, {2, 6}, {1, 5}, {4}], [{8, 4}, {1, 7}, {2, 6}, {3, 5}], [{8, 4}, {1, 7}, {3, 6}, {2, 5}], [{8, 4}, {1, 7}, {5, 6}, {2, 3}], [{8, 4}, {1, 7}, {6}, {2, 5}, {3}], [{8, 4}, {2, 7}, {1, 6}, {3, 5}], [{8, 4}, {2, 7}, {3, 6}, {1, 5}], [{8, 4}, {2, 7}, {5, 6}, {1, 3}], [{8, 4}, {2, 7}, {6}, {1, 5}, {3}], [{8, 4}, {3, 7}, {1, 6}, {2, 5}], [{8, 4}, {3, 7}, {2, 6}, {1, 5}], [{8, 4}, {3, 7}, {5, 6}, {1, 2}], [{8, 4}, {3, 7}, {6}, {5}, {1, 2}], [{8, 4}, {5, 7}, {1, 6}, {2, 3}], [{8, 4}, {5, 7}, {2, 6}, {1, 3}], [{8, 4}, {5, 7}, {3, 6}, {1, 2}], [{8, 4}, {5, 7}, {6}, {3}, {1, 2}], [{8, 4}, {6, 7}, {1, 5}, {2, 3}], [{8, 4}, {6, 7}, {2, 5}, {1, 3}], [{8, 4}, {6, 7}, {3, 5}, {1, 2}], [{8, 4}, {6, 7}, {5}, {3}, {1, 2}], [{8, 4}, {7}, {1, 6}, {3, 5}, {2}], [{8, 4}, {7}, {2, 6}, {3, 5}, {1}], [{8, 4}, {7}, {3, 6}, {5}, {1, 2}], [{8, 4}, {7}, {5, 6}, {3}, {1, 2}], [{8, 4}, {7}, {6}, {3, 5}, {1, 2}], [{8, 4}, {7}, {6}, {5}, {3}, {1, 2}], [{8, 5}, {1, 7}, {2, 6}, {3, 4}], [{8, 5}, {1, 7}, {3, 6}, {2, 4}], [{8, 5}, {1, 7}, {4, 6}, {2, 3}], [{8, 5}, {1, 7}, {4, 6}, {3}, {2}], [{8, 5}, {2, 7}, {1, 6}, {3, 4}], [{8, 5}, {2, 7}, {3, 6}, {1, 4}], [{8, 5}, {2, 7}, {4, 6}, {1, 3}], [{8, 5}, {3, 7}, {1, 6}, {2, 4}], [{8, 5}, {3, 7}, {2, 6}, {1, 4}], [{8, 5}, {3, 7}, {4, 6}, {1, 2}], [{8, 5}, {4, 7}, {1, 6}, {2, 3}], [{8, 5}, {4, 7}, {2, 6}, {1, 3}], [{8, 5}, {4, 7}, {2, 6}, {3}, {1}], [{8, 5}, {4, 7}, {3, 6}, {1, 2}], [{8, 5}, {4, 7}, {6}, {1, 3}, {2}], [{8, 5}, {6, 7}, {1, 4}, {2, 3}], [{8, 5}, {6, 7}, {2, 4}, {1, 3}], [{8, 5}, {6, 7}, {2, 4}, {3}, {1}], [{8, 5}, {6, 7}, {3, 4}, {1, 2}], [{8, 5}, {6, 7}, {3, 4}, {2}, {1}], [{8, 5}, {6, 7}, {4}, {2, 3}, {1}], [{8, 6}, {1, 7}, {2, 5}, {3, 4}], [{8, 6}, {1, 7}, {2, 5}, {4}, {3}], [{8, 6}, {1, 7}, {3, 5}, {2, 4}], [{8, 6}, {1, 7}, {4, 5}, {2, 3}], [{8, 6}, {2, 7}, {1, 5}, {3, 4}], [{8, 6}, {2, 7}, {1, 5}, {4}, {3}], [{8, 6}, {2, 7}, {3, 5}, {1, 4}], [{8, 6}, {2, 7}, {4, 5}, {1, 3}], [{8, 6}, {3, 7}, {1, 5}, {2, 4}], [{8, 6}, {3, 7}, {1, 5}, {4}, {2}], [{8, 6}, {3, 7}, {2, 5}, {1, 4}], [{8, 6}, {3, 7}, {4, 5}, {1, 2}], [{8, 6}, {4, 7}, {1, 5}, {2, 3}], [{8, 6}, {4, 7}, {1, 5}, {3}, {2}], [{8, 6}, {4, 7}, {2, 5}, {1, 3}], [{8, 6}, {4, 7}, {3, 5}, {1, 2}], [{8, 6}, {4, 7}, {5}, {2, 3}, {1}], [{8, 6}, {5, 7}, {1, 4}, {2, 3}], [{8, 6}, {5, 7}, {2, 4}, {1, 3}], [{8, 6}, {5, 7}, {3, 4}, {1, 2}], [{8, 6}, {5, 7}, {4}, {3}, {1, 2}], [{8, 6}, {7}, {1, 5}, {2, 4}, {3}], [{8, 6}, {7}, {1, 5}, {3, 4}, {2}], [{8, 6}, {7}, {1, 5}, {4}, {2, 3}], [{8, 6}, {7}, {1, 5}, {4}, {3}, {2}], [{8, 6}, {7}, {3, 5}, {1, 4}, {2}], [{8, 6}, {7}, {4, 5}, {1, 3}, {2}], [{8, 7}, {1, 6}, {2, 5}, {3, 4}], [{8, 7}, {1, 6}, {3, 5}, {2, 4}], [{8, 7}, {1, 6}, {4, 5}, {2, 3}], [{8, 7}, {1, 6}, {5}, {3, 4}, {2}], [{8, 7}, {2, 6}, {1, 5}, {3, 4}], [{8, 7}, {2, 6}, {1, 5}, {4}, {3}], [{8, 7}, {2, 6}, {3, 5}, {1, 4}], [{8, 7}, {2, 6}, {4, 5}, {1, 3}], [{8, 7}, {2, 6}, {4, 5}, {3}, {1}], [{8, 7}, {2, 6}, {5}, {1, 4}, {3}], [{8, 7}, {3, 6}, {1, 5}, {2, 4}], [{8, 7}, {3, 6}, {1, 5}, {4}, {2}], [{8, 7}, {3, 6}, {2, 5}, {1, 4}], [{8, 7}, {3, 6}, {4, 5}, {1, 2}], [{8, 7}, {4, 6}, {1, 5}, {2, 3}], [{8, 7}, {4, 6}, {2, 5}, {1, 3}], [{8, 7}, {4, 6}, {3, 5}, {1, 2}], [{8, 7}, {4, 6}, {3, 5}, {2}, {1}], [{8, 7}, {5, 6}, {1, 4}, {2, 3}], [{8, 7}, {5, 6}, {2, 4}, {1, 3}], [{8, 7}, {5, 6}, {3, 4}, {1, 2}], [{8, 7}, {6}, {1, 5}, {4}, {2, 3}], [{8}, {1, 7}, {2, 6}, {5}, {3, 4}], [{8}, {1, 7}, {3, 6}, {5}, {2, 4}], [{8}, {1, 7}, {4, 6}, {2, 5}, {3}], [{8}, {1, 7}, {4, 6}, {3, 5}, {2}], [{8}, {1, 7}, {4, 6}, {5}, {2, 3}], [{8}, {1, 7}, {4, 6}, {5}, {3}, {2}], [{8}, {2, 7}, {3, 6}, {1, 5}, {4}], [{8}, {2, 7}, {4, 6}, {1, 5}, {3}], [{8}, {2, 7}, {6}, {1, 5}, {3, 4}], [{8}, {2, 7}, {6}, {1, 5}, {4}, {3}], [{8}, {3, 7}, {1, 6}, {5}, {2, 4}], [{8}, {3, 7}, {2, 6}, {1, 5}, {4}], [{8}, {5, 7}, {1, 6}, {2, 4}, {3}], [{8}, {5, 7}, {4, 6}, {3}, {1, 2}], [{8}, {6, 7}, {1, 5}, {4}, {2, 3}], [{8}, {6, 7}, {2, 5}, {1, 4}, {3}], [{8}, {6, 7}, {3, 5}, {4}, {1, 2}], [{8}, {6, 7}, {5}, {2, 4}, {1, 3}], [{8}, {7}, {1, 6}, {3, 5}, {2, 4}]]",2,8 K_1^3 - 22 K_1^2 - 18 K_1 K_2 + 3 K_1 + 11 K_2 + 7 K_3 + 12,O1O2O3U4O5U6U3O6U1U7O4U8U5O8O7U2,O1O2U3O4O5U6O7O6U1O3U7U8U5O8U4U2,O1O2U1O3O4U5O6O7U6U4O8U3U8U2O5U7,c,{'O1O2O3U2O4O5U6U5O7U4U3O8U1U8O6U7'},1,"<a href=""/flatknot/8.975523"">8.975523</a>",t^9-45t^7-104t^6-2t^5-26t^4+11t^3+28t^2-2,t^3-t^2-t,,
8.975524,O1O2O3U2O4O5U6U5O7U4U3O8U7U1O6U8,4,15z^2+100z+141,15w^3z^2+100w^2z+141w,False,False,"[[ 0  0 -1  1  0  1 -3  1  1],[ 0  0 -1  0 -1  0 -3  2  1],[ 1  1  0  1  0  0  0  1  0],[-1  0 -1  0  0  0 -4  2  0],[ 0  1  0  0  0  0 -2  1  0],[-1  0  0  0  0  0 -1  0 -1],[ 3  3  0  4  2  1  0  1  0],[-1 -2 -1 -2 -1  0 -1  0  1],[-1 -1  0  0  0  1  0 -1  0]]","[[ 0  1  1  1  1  0  0 -1 -3],[-1  0  2  0  0  0  0 -1 -4],[-1 -2  0  1  0 -1 -2 -1 -1],[-1  0 -1  0  1  0 -1  0  0],[-1  0  0 -1  0  0  0  0 -1],[ 0  0  1  0  0  0  1  0 -2],[ 0  0  2  1  0 -1  0 -1 -3],[ 1  1  1  0  0  0  1  0  0],[ 3  4  1  0  1  2  3  0  0]]",True,"[-1,-1,-1,-1,0,0,1,3,-2,0,0,0,0,1,4,-1,0,1,2,1,1,-1,0,1,0,0,0,0,0,1,-1,0,2,1,3,0]","[-3,-1,0,0,1,1,1,1,0,2,3,0,1,1,4,0,1,0,0,1,1,1,0,0,1,0,1,0,2,0,1,-1,0,0,0,-2]",t^8+47t^6+172t^4+84t^2+4,"[-3,-1,0,0,1,1,1,1,2,0,1,0,3,3,4,0,1,1,1,2,2,1,1,-1,1,0,1,0,1,1,-2,0,0,0,-1,1]","[-1,-1,-1,-1,0,0,1,3,-2,0,1,-1,0,1,3,0,0,1,1,1,0,-1,1,1,2,3,0,1,2,4,-1,0,0,1,1,2]","[-3,-1,0,0,1,1,1,1,0,2,3,0,1,1,4,0,1,0,0,1,1,1,0,0,1,0,1,0,2,0,1,-1,0,0,0,-2]",c,"[[{8, 1}, {2, 7}, {3, 6}, {4, 5}], [{8, 1}, {2, 7}, {4, 6}, {3, 5}], [{8, 1}, {2, 7}, {5, 6}, {3, 4}], [{8, 1}, {3, 7}, {2, 6}, {4, 5}], [{8, 1}, {3, 7}, {4, 6}, {2, 5}], [{8, 1}, {3, 7}, {5, 6}, {2, 4}], [{8, 1}, {4, 7}, {2, 6}, {3, 5}], [{8, 1}, {4, 7}, {3, 6}, {2, 5}], [{8, 1}, {4, 7}, {3, 6}, {5}, {2}], [{8, 1}, {4, 7}, {5, 6}, {2, 3}], [{8, 1}, {4, 7}, {5, 6}, {3}, {2}], [{8, 1}, {4, 7}, {6}, {3, 5}, {2}], [{8, 1}, {5, 7}, {2, 6}, {3, 4}], [{8, 1}, {5, 7}, {3, 6}, {2, 4}], [{8, 1}, {5, 7}, {4, 6}, {2, 3}], [{8, 1}, {5, 7}, {4, 6}, {3}, {2}], [{8, 1}, {5, 7}, {6}, {4}, {2, 3}], [{8, 1}, {6, 7}, {2, 5}, {3, 4}], [{8, 1}, {6, 7}, {3, 5}, {2, 4}], [{8, 1}, {6, 7}, {4, 5}, {2, 3}], [{8, 1}, {6, 7}, {4, 5}, {3}, {2}], [{8, 1}, {6, 7}, {5}, {4}, {2, 3}], [{8, 1}, {7}, {3, 6}, {2, 5}, {4}], [{8, 1}, {7}, {5, 6}, {4}, {2, 3}], [{8, 2}, {1, 7}, {3, 6}, {4, 5}], [{8, 2}, {1, 7}, {4, 6}, {3, 5}], [{8, 2}, {1, 7}, {5, 6}, {3, 4}], [{8, 2}, {3, 7}, {1, 6}, {4, 5}], [{8, 2}, {3, 7}, {4, 6}, {1, 5}], [{8, 2}, {3, 7}, {5, 6}, {1, 4}], [{8, 2}, {4, 7}, {1, 6}, {3, 5}], [{8, 2}, {4, 7}, {3, 6}, {1, 5}], [{8, 2}, {4, 7}, {3, 6}, {5}, {1}], [{8, 2}, {4, 7}, {5, 6}, {1, 3}], [{8, 2}, {4, 7}, {5, 6}, {3}, {1}], [{8, 2}, {4, 7}, {6}, {3, 5}, {1}], [{8, 2}, {5, 7}, {1, 6}, {3, 4}], [{8, 2}, {5, 7}, {3, 6}, {1, 4}], [{8, 2}, {5, 7}, {4, 6}, {1, 3}], [{8, 2}, {6, 7}, {1, 5}, {3, 4}], [{8, 2}, {6, 7}, {3, 5}, {1, 4}], [{8, 2}, {6, 7}, {4, 5}, {1, 3}], [{8, 2}, {6, 7}, {5}, {1, 4}, {3}], [{8, 2}, {7}, {3, 6}, {1, 5}, {4}], [{8, 2}, {7}, {5, 6}, {4}, {1, 3}], [{8, 3}, {1, 7}, {2, 6}, {4, 5}], [{8, 3}, {1, 7}, {2, 6}, {5}, {4}], [{8, 3}, {1, 7}, {4, 6}, {2, 5}], [{8, 3}, {1, 7}, {5, 6}, {2, 4}], [{8, 3}, {2, 7}, {1, 6}, {4, 5}], [{8, 3}, {2, 7}, {1, 6}, {5}, {4}], [{8, 3}, {2, 7}, {4, 6}, {1, 5}], [{8, 3}, {2, 7}, {5, 6}, {1, 4}], [{8, 3}, {4, 7}, {1, 6}, {2, 5}], [{8, 3}, {4, 7}, {1, 6}, {5}, {2}], [{8, 3}, {4, 7}, {2, 6}, {1, 5}], [{8, 3}, {4, 7}, {5, 6}, {1, 2}], [{8, 3}, {5, 7}, {1, 6}, {2, 4}], [{8, 3}, {5, 7}, {2, 6}, {1, 4}], [{8, 3}, {5, 7}, {4, 6}, {1, 2}], [{8, 3}, {6, 7}, {1, 5}, {2, 4}], [{8, 3}, {6, 7}, {2, 5}, {1, 4}], [{8, 3}, {6, 7}, {4, 5}, {1, 2}], [{8, 3}, {6, 7}, {5}, {4}, {1, 2}], [{8, 3}, {7}, {1, 6}, {5}, {2, 4}], [{8, 4}, {1, 7}, {2, 6}, {3, 5}], [{8, 4}, {1, 7}, {3, 6}, {2, 5}], [{8, 4}, {1, 7}, {5, 6}, {2, 3}], [{8, 4}, {2, 7}, {1, 6}, {3, 5}], [{8, 4}, {2, 7}, {3, 6}, {1, 5}], [{8, 4}, {2, 7}, {5, 6}, {1, 3}], [{8, 4}, {2, 7}, {5, 6}, {3}, {1}], [{8, 4}, {3, 7}, {1, 6}, {2, 5}], [{8, 4}, {3, 7}, {2, 6}, {1, 5}], [{8, 4}, {3, 7}, {5, 6}, {1, 2}], [{8, 4}, {3, 7}, {6}, {1, 5}, {2}], [{8, 4}, {5, 7}, {1, 6}, {2, 3}], [{8, 4}, {5, 7}, {1, 6}, {3}, {2}], [{8, 4}, {5, 7}, {2, 6}, {1, 3}], [{8, 4}, {5, 7}, {3, 6}, {1, 2}], [{8, 4}, {5, 7}, {6}, {2, 3}, {1}], [{8, 4}, {6, 7}, {1, 5}, {2, 3}], [{8, 4}, {6, 7}, {2, 5}, {1, 3}], [{8, 4}, {6, 7}, {3, 5}, {1, 2}], [{8, 4}, {6, 7}, {5}, {1, 3}, {2}], [{8, 4}, {7}, {2, 6}, {3, 5}, {1}], [{8, 5}, {1, 7}, {2, 6}, {3, 4}], [{8, 5}, {1, 7}, {3, 6}, {2, 4}], [{8, 5}, {1, 7}, {4, 6}, {2, 3}], [{8, 5}, {1, 7}, {6}, {4}, {2, 3}], [{8, 5}, {2, 7}, {1, 6}, {3, 4}], [{8, 5}, {2, 7}, {3, 6}, {1, 4}], [{8, 5}, {2, 7}, {4, 6}, {1, 3}], [{8, 5}, {2, 7}, {4, 6}, {3}, {1}], [{8, 5}, {3, 7}, {1, 6}, {2, 4}], [{8, 5}, {3, 7}, {2, 6}, {1, 4}], [{8, 5}, {3, 7}, {4, 6}, {1, 2}], [{8, 5}, {4, 7}, {1, 6}, {2, 3}], [{8, 5}, {4, 7}, {1, 6}, {3}, {2}], [{8, 5}, {4, 7}, {2, 6}, {1, 3}], [{8, 5}, {4, 7}, {3, 6}, {1, 2}], [{8, 5}, {6, 7}, {1, 4}, {2, 3}], [{8, 5}, {6, 7}, {2, 4}, {1, 3}], [{8, 5}, {6, 7}, {3, 4}, {1, 2}], [{8, 5}, {6, 7}, {4}, {2, 3}, {1}], [{8, 5}, {7}, {1, 6}, {4}, {2, 3}], [{8, 5}, {7}, {6}, {2, 4}, {1, 3}], [{8, 6}, {1, 7}, {2, 5}, {3, 4}], [{8, 6}, {1, 7}, {3, 5}, {2, 4}], [{8, 6}, {1, 7}, {4, 5}, {2, 3}], [{8, 6}, {1, 7}, {5}, {2, 4}, {3}], [{8, 6}, {1, 7}, {5}, {3, 4}, {2}], [{8, 6}, {1, 7}, {5}, {4}, {2, 3}], [{8, 6}, {2, 7}, {1, 5}, {3, 4}], [{8, 6}, {2, 7}, {3, 5}, {1, 4}], [{8, 6}, {2, 7}, {4, 5}, {1, 3}], [{8, 6}, {2, 7}, {5}, {1, 4}, {3}], [{8, 6}, {2, 7}, {5}, {3, 4}, {1}], [{8, 6}, {2, 7}, {5}, {4}, {1, 3}], [{8, 6}, {3, 7}, {1, 5}, {2, 4}], [{8, 6}, {3, 7}, {2, 5}, {1, 4}], [{8, 6}, {3, 7}, {4, 5}, {1, 2}], [{8, 6}, {3, 7}, {4, 5}, {2}, {1}], [{8, 6}, {4, 7}, {1, 5}, {2, 3}], [{8, 6}, {4, 7}, {2, 5}, {1, 3}], [{8, 6}, {4, 7}, {3, 5}, {1, 2}], [{8, 6}, {4, 7}, {3, 5}, {2}, {1}], [{8, 6}, {5, 7}, {1, 4}, {2, 3}], [{8, 6}, {5, 7}, {1, 4}, {3}, {2}], [{8, 6}, {5, 7}, {2, 4}, {1, 3}], [{8, 6}, {5, 7}, {2, 4}, {3}, {1}], [{8, 6}, {5, 7}, {3, 4}, {1, 2}], [{8, 6}, {5, 7}, {3, 4}, {2}, {1}], [{8, 6}, {5, 7}, {4}, {1, 3}, {2}], [{8, 6}, {5, 7}, {4}, {2, 3}, {1}], [{8, 6}, {5, 7}, {4}, {3}, {1, 2}], [{8, 6}, {5, 7}, {4}, {3}, {2}, {1}], [{8, 6}, {7}, {1, 5}, {2, 4}, {3}], [{8, 6}, {7}, {1, 5}, {3, 4}, {2}], [{8, 6}, {7}, {1, 5}, {4}, {2, 3}], [{8, 6}, {7}, {2, 5}, {1, 4}, {3}], [{8, 6}, {7}, {2, 5}, {3, 4}, {1}], [{8, 6}, {7}, {2, 5}, {4}, {1, 3}], [{8, 6}, {7}, {5}, {3, 4}, {1, 2}], [{8, 6}, {7}, {5}, {3, 4}, {2}, {1}], [{8, 7}, {1, 6}, {2, 5}, {3, 4}], [{8, 7}, {1, 6}, {3, 5}, {2, 4}], [{8, 7}, {1, 6}, {4, 5}, {2, 3}], [{8, 7}, {1, 6}, {4, 5}, {3}, {2}], [{8, 7}, {1, 6}, {5}, {4}, {2, 3}], [{8, 7}, {2, 6}, {1, 5}, {3, 4}], [{8, 7}, {2, 6}, {1, 5}, {4}, {3}], [{8, 7}, {2, 6}, {3, 5}, {1, 4}], [{8, 7}, {2, 6}, {3, 5}, {4}, {1}], [{8, 7}, {2, 6}, {4, 5}, {1, 3}], [{8, 7}, {2, 6}, {5}, {4}, {1, 3}], [{8, 7}, {3, 6}, {1, 5}, {2, 4}], [{8, 7}, {3, 6}, {1, 5}, {4}, {2}], [{8, 7}, {3, 6}, {2, 5}, {1, 4}], [{8, 7}, {3, 6}, {4, 5}, {1, 2}], [{8, 7}, {4, 6}, {1, 5}, {2, 3}], [{8, 7}, {4, 6}, {2, 5}, {1, 3}], [{8, 7}, {4, 6}, {3, 5}, {1, 2}], [{8, 7}, {4, 6}, {5}, {1, 3}, {2}], [{8, 7}, {5, 6}, {1, 4}, {2, 3}], [{8, 7}, {5, 6}, {2, 4}, {1, 3}], [{8, 7}, {5, 6}, {3, 4}, {1, 2}], [{8, 7}, {5, 6}, {4}, {2, 3}, {1}], [{8, 7}, {6}, {1, 5}, {4}, {2, 3}], [{8, 7}, {6}, {2, 5}, {3, 4}, {1}], [{8, 7}, {6}, {5}, {2, 4}, {1, 3}], [{8}, {1, 7}, {4, 6}, {3, 5}, {2}], [{8}, {1, 7}, {5, 6}, {4}, {2, 3}], [{8}, {2, 7}, {3, 6}, {1, 5}, {4}], [{8}, {4, 7}, {1, 6}, {3, 5}, {2}], [{8}, {4, 7}, {2, 6}, {3, 5}, {1}], [{8}, {4, 7}, {3, 6}, {5}, {1, 2}], [{8}, {4, 7}, {5, 6}, {3}, {1, 2}], [{8}, {4, 7}, {6}, {3, 5}, {1, 2}], [{8}, {4, 7}, {6}, {3, 5}, {2}, {1}], [{8}, {5, 7}, {1, 6}, {4}, {2, 3}], [{8}, {5, 7}, {4, 6}, {2, 3}, {1}], [{8}, {5, 7}, {6}, {1, 4}, {2, 3}], [{8}, {5, 7}, {6}, {2, 4}, {1, 3}], [{8}, {6, 7}, {1, 5}, {4}, {2, 3}], [{8}, {6, 7}, {2, 5}, {3, 4}, {1}], [{8}, {6, 7}, {3, 5}, {1, 4}, {2}]]",2,8 K_1^3 - 28 K_1^2 - 18 K_1 K_2 + 3 K_1 + 14 K_2 + 7 K_3 + 15,O1O2O3U4O5U3U6O4U1U7O6U8U5O8O7U2,O1O2U3O4O5U6O3O7U1O6U7U8U5O8U4U2,O1O2U3O4O5U2O6O7U6U5O8U4U8U1O3U7,c,{'O1O2O3U2O4O5U6U5O7U4U3O8U7U1O6U8'},1,"<a href=""/flatknot/8.975524"">8.975524</a>",t^9-53t^7-52t^6+160t^5-20t^4-181t^3+220t^2+74t-124,t^3-3t,,
8.975525,O1O2O3U2O4O5U6U5O7U4U7O8U1U8O6U3,3,14z^2+95z+135,14w^3z^2+95w^2z+135w,False,False,"[[ 0 -1 -1  2  0  1 -3  1  1],[ 1  0  0  2 -1  0 -2  1  1],[ 1  0  0  1  0  0  1  0  0],[-2 -2 -1  0  0  1 -4  1  0],[ 0  1  0  0  0  0 -2  1  0],[-1  0  0 -1  0  0 -1  0  0],[ 3  2 -1  4  2  1  0  1  1],[-1 -1  0 -1 -1  0 -1  0  0],[-1 -1  0  0  0  0 -1  0  0]]","[[ 0  2  1  1  1  0 -1 -1 -3],[-2  0  1  1  0  0 -1 -2 -4],[-1 -1  0  0  0  0  0  0 -1],[-1 -1  0  0  0 -1  0 -1 -1],[-1  0  0  0  0  0  0 -1 -1],[ 0  0  0  1  0  0  0  1 -2],[ 1  1  0  0  0  0  0  0  1],[ 1  2  0  1  1 -1  0  0 -2],[ 3  4  1  1  1  2 -1  2  0]]",True,"[-2,-1,-1,-1,0,1,1,3,-1,-1,0,0,1,2,4,0,0,0,0,0,1,0,1,0,1,1,0,0,1,1,0,-1,2,0,-1,2]","[-3,-1,-1,0,1,1,1,2,-1,2,2,1,1,1,4,0,0,0,0,0,1,-1,0,1,1,2,0,0,1,0,0,0,-1,0,0,-1]",t^8+39t^6+153t^4+35t^2,"[-3,-1,-1,0,1,1,1,2,0,3,1,3,3,3,1,0,2,1,1,2,1,1,2,2,2,2,0,1,1,2,0,0,2,0,1,2]","[-2,-1,-1,-1,0,1,1,3,1,2,2,2,1,2,1,0,0,1,1,2,3,0,0,1,2,3,1,2,2,3,2,1,1,0,0,3]","[-3,-1,-1,0,1,1,1,2,-1,2,2,1,1,1,4,0,0,0,0,0,1,-1,0,1,1,2,0,0,1,0,0,0,-1,0,0,-1]",c,"[[{8, 2}, {4, 7}, {5, 6}, {1, 3}], [{8, 2}, {7}, {5, 6}, {4}, {1, 3}], [{8, 6}, {4, 7}, {2, 5}, {1, 3}], [{8, 6}, {7}, {2, 5}, {4}, {1, 3}]]",1,16 K_1^3 - 30 K_1^2 - 22 K_1 K_2 - K_1 + 15 K_2 + 7 K_3 + 16,O1O2O3U1O4U5U3O5U6U7O6U8U4O8O7U2,O1O2U3O4O3U5O6O5U1O7U6U8U7O8U4U2,O1O2U1O3O4U3O5O6U5U4O7U8U7U2O8U6,c,{'O1O2O3U2O4O5U6U5O7U4U7O8U1U8O6U3'},1,"<a href=""/flatknot/8.975525"">8.975525</a>",t^9-43t^7-92t^6-22t^5+38t^4+63t^3+18t^2-8t,t^3-t^2-t,,
8.975526,O1O2O3U2O4O5U6U5O7U8U1O8U3U7O6U4,4,6z^3+41z^2+108z+101,6w^4z^3+41w^3z^2+108w^2z+101w,False,False,"[[ 0 -1 -1  1  2  1 -3  2 -1],[ 1  0  0  1  1  0 -1  1  1],[ 1  0  0  1  1  0  0  1  1],[-1 -1 -1  0  1  0 -3  1 -1],[-2 -1 -1 -1  0  1 -3  0 -2],[-1  0  0  0 -1  0 -1  0 -1],[ 3  1  0  3  3  1  0  2  2],[-2 -1 -1 -1  0  0 -2  0 -2],[ 1 -1 -1  1  2  1 -2  2  0]]","[[ 0  2  2  1  1 -1 -1 -1 -3],[-2  0  0  1 -1 -1 -1 -2 -3],[-2  0  0  0 -1 -1 -1 -2 -2],[-1 -1  0  0  0  0  0 -1 -1],[-1  1  1  0  0 -1 -1 -1 -3],[ 1  1  1  0  1  0  0  1  0],[ 1  1  1  0  1  0  0  1 -1],[ 1  2  2  1  1 -1 -1  0 -2],[ 3  3  2  1  3  0  1  2  0]]",True,"[-2,-2,-1,-1,1,1,1,3,0,-1,1,1,1,2,3,0,1,1,1,2,2,0,0,0,1,1,1,1,1,3,0,-1,0,-1,1,2]","[-3,-1,-1,-1,1,1,2,2,0,1,2,1,3,2,3,0,1,0,1,1,1,1,0,1,1,1,1,1,2,2,0,0,-1,1,1,0]",t^8+49t^6+95t^4+35t^2,"[-3,-1,-1,-1,1,1,2,2,0,1,2,1,3,2,3,1,1,1,1,1,1,0,1,2,2,2,1,2,2,2,0,0,0,2,1,0]","[-2,-2,-1,-1,1,1,1,3,0,0,1,1,2,2,3,0,2,1,2,2,2,0,1,1,1,1,1,2,2,3,-1,-1,0,0,1,2]","[-3,-1,-1,-1,1,1,2,2,0,1,2,1,3,2,3,0,1,0,1,1,1,1,0,1,1,1,1,1,2,2,0,0,-1,1,1,0]",c,"[[{8, 1}, {2, 7}, {3, 6}, {4, 5}], [{8, 1}, {2, 7}, {4, 6}, {3, 5}], [{8, 1}, {2, 7}, {5, 6}, {3, 4}], [{8, 1}, {2, 7}, {6}, {4, 5}, {3}], [{8, 1}, {3, 7}, {2, 6}, {4, 5}], [{8, 1}, {3, 7}, {4, 6}, {2, 5}], [{8, 1}, {3, 7}, {5, 6}, {2, 4}], [{8, 1}, {4, 7}, {2, 6}, {3, 5}], [{8, 1}, {4, 7}, {3, 6}, {2, 5}], [{8, 1}, {4, 7}, {5, 6}, {2, 3}], [{8, 1}, {5, 7}, {2, 6}, {3, 4}], [{8, 1}, {5, 7}, {3, 6}, {2, 4}], [{8, 1}, {5, 7}, {4, 6}, {2, 3}], [{8, 1}, {5, 7}, {6}, {3, 4}, {2}], [{8, 1}, {6, 7}, {2, 5}, {3, 4}], [{8, 1}, {6, 7}, {3, 5}, {2, 4}], [{8, 1}, {6, 7}, {3, 5}, {4}, {2}], [{8, 1}, {6, 7}, {4, 5}, {2, 3}], [{8, 1}, {7}, {4, 6}, {2, 5}, {3}], [{8, 1}, {7}, {5, 6}, {4}, {2, 3}], [{8, 2}, {1, 7}, {3, 6}, {4, 5}], [{8, 2}, {1, 7}, {4, 6}, {3, 5}], [{8, 2}, {1, 7}, {4, 6}, {5}, {3}], [{8, 2}, {1, 7}, {5, 6}, {3, 4}], [{8, 2}, {1, 7}, {5, 6}, {4}, {3}], [{8, 2}, {1, 7}, {6}, {4, 5}, {3}], [{8, 2}, {3, 7}, {1, 6}, {4, 5}], [{8, 2}, {3, 7}, {4, 6}, {1, 5}], [{8, 2}, {3, 7}, {4, 6}, {5}, {1}], [{8, 2}, {3, 7}, {5, 6}, {1, 4}], [{8, 2}, {3, 7}, {5, 6}, {4}, {1}], [{8, 2}, {3, 7}, {6}, {4, 5}, {1}], [{8, 2}, {4, 7}, {1, 6}, {3, 5}], [{8, 2}, {4, 7}, {3, 6}, {1, 5}], [{8, 2}, {4, 7}, {3, 6}, {5}, {1}], [{8, 2}, {4, 7}, {5, 6}, {1, 3}], [{8, 2}, {4, 7}, {5, 6}, {3}, {1}], [{8, 2}, {4, 7}, {6}, {3, 5}, {1}], [{8, 2}, {5, 7}, {1, 6}, {3, 4}], [{8, 2}, {5, 7}, {3, 6}, {1, 4}], [{8, 2}, {5, 7}, {3, 6}, {4}, {1}], [{8, 2}, {5, 7}, {4, 6}, {1, 3}], [{8, 2}, {5, 7}, {4, 6}, {3}, {1}], [{8, 2}, {5, 7}, {6}, {3, 4}, {1}], [{8, 2}, {6, 7}, {1, 5}, {3, 4}], [{8, 2}, {6, 7}, {3, 5}, {1, 4}], [{8, 2}, {6, 7}, {3, 5}, {4}, {1}], [{8, 2}, {6, 7}, {4, 5}, {1, 3}], [{8, 2}, {6, 7}, {4, 5}, {3}, {1}], [{8, 2}, {6, 7}, {5}, {3, 4}, {1}], [{8, 2}, {7}, {1, 6}, {4, 5}, {3}], [{8, 2}, {7}, {3, 6}, {4, 5}, {1}], [{8, 2}, {7}, {4, 6}, {1, 5}, {3}], [{8, 2}, {7}, {4, 6}, {3, 5}, {1}], [{8, 2}, {7}, {4, 6}, {5}, {1, 3}], [{8, 2}, {7}, {4, 6}, {5}, {3}, {1}], [{8, 2}, {7}, {5, 6}, {1, 4}, {3}], [{8, 2}, {7}, {5, 6}, {3, 4}, {1}], [{8, 2}, {7}, {5, 6}, {4}, {1, 3}], [{8, 2}, {7}, {5, 6}, {4}, {3}, {1}], [{8, 2}, {7}, {6}, {4, 5}, {1, 3}], [{8, 2}, {7}, {6}, {4, 5}, {3}, {1}], [{8, 3}, {1, 7}, {2, 6}, {4, 5}], [{8, 3}, {1, 7}, {4, 6}, {2, 5}], [{8, 3}, {1, 7}, {5, 6}, {2, 4}], [{8, 3}, {1, 7}, {6}, {4, 5}, {2}], [{8, 3}, {2, 7}, {1, 6}, {4, 5}], [{8, 3}, {2, 7}, {4, 6}, {1, 5}], [{8, 3}, {2, 7}, {5, 6}, {1, 4}], [{8, 3}, {4, 7}, {1, 6}, {2, 5}], [{8, 3}, {4, 7}, {2, 6}, {1, 5}], [{8, 3}, {4, 7}, {2, 6}, {5}, {1}], [{8, 3}, {4, 7}, {5, 6}, {1, 2}], [{8, 3}, {5, 7}, {1, 6}, {2, 4}], [{8, 3}, {5, 7}, {1, 6}, {4}, {2}], [{8, 3}, {5, 7}, {2, 6}, {1, 4}], [{8, 3}, {5, 7}, {4, 6}, {1, 2}], [{8, 3}, {6, 7}, {1, 5}, {2, 4}], [{8, 3}, {6, 7}, {2, 5}, {1, 4}], [{8, 3}, {6, 7}, {4, 5}, {1, 2}], [{8, 3}, {6, 7}, {5}, {2, 4}, {1}], [{8, 3}, {7}, {4, 6}, {2, 5}, {1}], [{8, 3}, {7}, {5, 6}, {4}, {1, 2}], [{8, 4}, {1, 7}, {2, 6}, {3, 5}], [{8, 4}, {1, 7}, {2, 6}, {5}, {3}], [{8, 4}, {1, 7}, {3, 6}, {2, 5}], [{8, 4}, {1, 7}, {3, 6}, {5}, {2}], [{8, 4}, {1, 7}, {5, 6}, {2, 3}], [{8, 4}, {1, 7}, {5, 6}, {3}, {2}], [{8, 4}, {1, 7}, {6}, {2, 5}, {3}], [{8, 4}, {1, 7}, {6}, {3, 5}, {2}], [{8, 4}, {1, 7}, {6}, {5}, {2, 3}], [{8, 4}, {1, 7}, {6}, {5}, {3}, {2}], [{8, 4}, {2, 7}, {1, 6}, {3, 5}], [{8, 4}, {2, 7}, {3, 6}, {1, 5}], [{8, 4}, {2, 7}, {5, 6}, {1, 3}], [{8, 4}, {3, 7}, {1, 6}, {2, 5}], [{8, 4}, {3, 7}, {1, 6}, {5}, {2}], [{8, 4}, {3, 7}, {2, 6}, {1, 5}], [{8, 4}, {3, 7}, {5, 6}, {1, 2}], [{8, 4}, {5, 7}, {1, 6}, {2, 3}], [{8, 4}, {5, 7}, {2, 6}, {1, 3}], [{8, 4}, {5, 7}, {3, 6}, {1, 2}], [{8, 4}, {6, 7}, {1, 5}, {2, 3}], [{8, 4}, {6, 7}, {2, 5}, {1, 3}], [{8, 4}, {6, 7}, {3, 5}, {1, 2}], [{8, 4}, {6, 7}, {5}, {1, 3}, {2}], [{8, 5}, {1, 7}, {2, 6}, {3, 4}], [{8, 5}, {1, 7}, {2, 6}, {4}, {3}], [{8, 5}, {1, 7}, {3, 6}, {2, 4}], [{8, 5}, {1, 7}, {3, 6}, {4}, {2}], [{8, 5}, {1, 7}, {4, 6}, {2, 3}], [{8, 5}, {1, 7}, {4, 6}, {3}, {2}], [{8, 5}, {1, 7}, {6}, {2, 4}, {3}], [{8, 5}, {1, 7}, {6}, {3, 4}, {2}], [{8, 5}, {1, 7}, {6}, {4}, {2, 3}], [{8, 5}, {1, 7}, {6}, {4}, {3}, {2}], [{8, 5}, {2, 7}, {1, 6}, {3, 4}], [{8, 5}, {2, 7}, {3, 6}, {1, 4}], [{8, 5}, {2, 7}, {3, 6}, {4}, {1}], [{8, 5}, {2, 7}, {4, 6}, {1, 3}], [{8, 5}, {2, 7}, {4, 6}, {3}, {1}], [{8, 5}, {2, 7}, {6}, {3, 4}, {1}], [{8, 5}, {3, 7}, {1, 6}, {2, 4}], [{8, 5}, {3, 7}, {2, 6}, {1, 4}], [{8, 5}, {3, 7}, {4, 6}, {1, 2}], [{8, 5}, {3, 7}, {4, 6}, {2}, {1}], [{8, 5}, {4, 7}, {1, 6}, {2, 3}], [{8, 5}, {4, 7}, {1, 6}, {3}, {2}], [{8, 5}, {4, 7}, {2, 6}, {1, 3}], [{8, 5}, {4, 7}, {3, 6}, {1, 2}], [{8, 5}, {4, 7}, {6}, {2, 3}, {1}], [{8, 5}, {6, 7}, {1, 4}, {2, 3}], [{8, 5}, {6, 7}, {1, 4}, {3}, {2}], [{8, 5}, {6, 7}, {2, 4}, {1, 3}], [{8, 5}, {6, 7}, {3, 4}, {1, 2}], [{8, 5}, {6, 7}, {4}, {2, 3}, {1}], [{8, 5}, {7}, {1, 6}, {4}, {2, 3}], [{8, 5}, {7}, {3, 6}, {4}, {1, 2}], [{8, 5}, {7}, {4, 6}, {1, 3}, {2}], [{8, 5}, {7}, {4, 6}, {2, 3}, {1}], [{8, 5}, {7}, {4, 6}, {3}, {1, 2}], [{8, 5}, {7}, {4, 6}, {3}, {2}, {1}], [{8, 5}, {7}, {6}, {1, 4}, {2, 3}], [{8, 5}, {7}, {6}, {3, 4}, {1, 2}], [{8, 6}, {1, 7}, {2, 5}, {3, 4}], [{8, 6}, {1, 7}, {2, 5}, {4}, {3}], [{8, 6}, {1, 7}, {3, 5}, {2, 4}], [{8, 6}, {1, 7}, {4, 5}, {2, 3}], [{8, 6}, {1, 7}, {4, 5}, {3}, {2}], [{8, 6}, {1, 7}, {5}, {2, 4}, {3}], [{8, 6}, {2, 7}, {1, 5}, {3, 4}], [{8, 6}, {2, 7}, {3, 5}, {1, 4}], [{8, 6}, {2, 7}, {4, 5}, {1, 3}], [{8, 6}, {3, 7}, {1, 5}, {2, 4}], [{8, 6}, {3, 7}, {2, 5}, {1, 4}], [{8, 6}, {3, 7}, {4, 5}, {1, 2}], [{8, 6}, {3, 7}, {5}, {1, 4}, {2}], [{8, 6}, {3, 7}, {5}, {2, 4}, {1}], [{8, 6}, {3, 7}, {5}, {4}, {1, 2}], [{8, 6}, {4, 7}, {1, 5}, {2, 3}], [{8, 6}, {4, 7}, {2, 5}, {1, 3}], [{8, 6}, {4, 7}, {3, 5}, {1, 2}], [{8, 6}, {5, 7}, {1, 4}, {2, 3}], [{8, 6}, {5, 7}, {1, 4}, {3}, {2}], [{8, 6}, {5, 7}, {2, 4}, {1, 3}], [{8, 6}, {5, 7}, {2, 4}, {3}, {1}], [{8, 6}, {5, 7}, {3, 4}, {1, 2}], [{8, 6}, {5, 7}, {4}, {3}, {1, 2}], [{8, 6}, {7}, {1, 5}, {2, 4}, {3}], [{8, 6}, {7}, {1, 5}, {3, 4}, {2}], [{8, 6}, {7}, {1, 5}, {4}, {2, 3}], [{8, 6}, {7}, {3, 5}, {1, 4}, {2}], [{8, 6}, {7}, {3, 5}, {2, 4}, {1}], [{8, 6}, {7}, {3, 5}, {4}, {1, 2}], [{8, 6}, {7}, {5}, {2, 4}, {1, 3}], [{8, 6}, {7}, {5}, {2, 4}, {3}, {1}], [{8, 7}, {1, 6}, {2, 5}, {3, 4}], [{8, 7}, {1, 6}, {3, 5}, {2, 4}], [{8, 7}, {1, 6}, {4, 5}, {2, 3}], [{8, 7}, {1, 6}, {5}, {3, 4}, {2}], [{8, 7}, {2, 6}, {1, 5}, {3, 4}], [{8, 7}, {2, 6}, {3, 5}, {1, 4}], [{8, 7}, {2, 6}, {4, 5}, {1, 3}], [{8, 7}, {2, 6}, {5}, {3, 4}, {1}], [{8, 7}, {3, 6}, {1, 5}, {2, 4}], [{8, 7}, {3, 6}, {2, 5}, {1, 4}], [{8, 7}, {3, 6}, {4, 5}, {1, 2}], [{8, 7}, {3, 6}, {5}, {2, 4}, {1}], [{8, 7}, {4, 6}, {1, 5}, {2, 3}], [{8, 7}, {4, 6}, {2, 5}, {1, 3}], [{8, 7}, {4, 6}, {2, 5}, {3}, {1}], [{8, 7}, {4, 6}, {3, 5}, {1, 2}], [{8, 7}, {5, 6}, {1, 4}, {2, 3}], [{8, 7}, {5, 6}, {1, 4}, {3}, {2}], [{8, 7}, {5, 6}, {2, 4}, {1, 3}], [{8, 7}, {5, 6}, {3, 4}, {1, 2}], [{8, 7}, {6}, {3, 5}, {4}, {1, 2}], [{8, 7}, {6}, {4, 5}, {3}, {1, 2}], [{8, 7}, {6}, {5}, {1, 4}, {2, 3}], [{8, 7}, {6}, {5}, {3, 4}, {1, 2}], [{8}, {1, 7}, {2, 6}, {4, 5}, {3}], [{8}, {1, 7}, {3, 6}, {4, 5}, {2}], [{8}, {1, 7}, {4, 6}, {2, 5}, {3}], [{8}, {1, 7}, {5, 6}, {2, 4}, {3}], [{8}, {1, 7}, {6}, {4, 5}, {2, 3}], [{8}, {1, 7}, {6}, {4, 5}, {3}, {2}], [{8}, {2, 7}, {5, 6}, {1, 4}, {3}], [{8}, {3, 7}, {4, 6}, {2, 5}, {1}], [{8}, {5, 7}, {6}, {1, 4}, {2, 3}], [{8}, {5, 7}, {6}, {3, 4}, {1, 2}], [{8}, {6, 7}, {3, 5}, {4}, {1, 2}], [{8}, {7}, {4, 6}, {2, 5}, {1, 3}], [{8}, {7}, {4, 6}, {2, 5}, {3}, {1}]]",2,4 K_1^3 - 12 K_1^2 - 2 K_1 K_2 - 2 K_1 + 6 K_2 + 7,O1O2O3U4O5U6U1O7U3U7O6U8U5O8O4U2,O1O2U3O4O5U4O6O3U1O7U5U8U6O8U7U2,O1O2U3O4O3U1O5O6U5U7O8U2U8U4O7U6,c,{'O1O2O3U2O4O5U6U5O7U8U1O8U3U7O6U4'},1,"<a href=""/flatknot/8.975526"">8.975526</a>",t^9-51t^7-162t^6-123t^5+58t^4+94t^3+42t^2+t-2,t^3-2t^2+t,,
8.975527,O1O2O3U2O4O5U6U5O7U8U1O8U4U3O6U7,4,3z^3+30z^2+106z+117,3w^4z^3+30w^3z^2+106w^2z+117w,False,False,"[[ 0 -1 -1  2  1  1 -3  2 -1],[ 1  0  0  2  0  0 -1  1  1],[ 1  0  0  1  0  0  0  1  1],[-2 -2 -1  0  0  0 -4  1 -2],[-1  0  0  0  0  0 -2  0 -1],[-1  0  0  0  0  0 -1 -1 -1],[ 3  1  0  4  2  1  0  2  2],[-2 -1 -1 -1  0  1 -2  0 -2],[ 1 -1 -1  2  1  1 -2  2  0]]","[[ 0  2  2  1  1 -1 -1 -1 -3],[-2  0  1  0  0 -1 -2 -2 -4],[-2 -1  0  1  0 -1 -1 -2 -2],[-1  0 -1  0  0  0  0 -1 -1],[-1  0  0  0  0  0  0 -1 -2],[ 1  1  1  0  0  0  0  1  0],[ 1  2  1  0  0  0  0  1 -1],[ 1  2  2  1  1 -1 -1  0 -2],[ 3  4  2  1  2  0  1  2  0]]",True,"[-2,-2,-1,-1,1,1,1,3,-1,0,0,1,2,2,4,-1,0,1,1,2,2,0,0,0,1,1,0,0,1,2,0,-1,0,-1,1,2]","[-3,-1,-1,-1,1,1,2,2,0,1,2,1,2,2,4,0,1,0,0,1,1,1,0,0,1,2,1,1,2,2,0,-1,0,0,0,-1]",t^8+51t^6+158t^4+50t^2,"[-3,-1,-1,-1,1,1,2,2,0,1,2,2,3,1,3,1,1,1,1,1,1,0,2,2,1,2,2,2,2,2,0,1,1,1,2,-1]","[-2,-2,-1,-1,1,1,1,3,-1,1,2,1,2,2,3,1,1,1,1,2,1,0,1,2,2,2,1,2,2,3,-1,-1,0,0,1,2]","[-3,-1,-1,-1,1,1,2,2,0,1,2,1,2,2,4,0,1,0,0,1,1,1,0,0,1,2,1,1,2,2,0,-1,0,0,0,-1]",c,"[[{8, 3}, {6, 7}, {1, 5}, {2, 4}], [{8, 3}, {6, 7}, {2, 5}, {1, 4}], [{8, 6}, {3, 7}, {1, 5}, {2, 4}], [{8, 6}, {3, 7}, {2, 5}, {1, 4}], [{8, 7}, {3, 6}, {1, 5}, {2, 4}], [{8, 7}, {3, 6}, {2, 5}, {1, 4}]]",1,8 K_1^3 - 20 K_1^2 - 18 K_1 K_2 + 3 K_1 + 10 K_2 + 7 K_3 + 11,O1O2O3U4O5U1U6O7U3U7O4U8U5O8O6U2,O1O2U3O4O5U4O6O7U1O3U5U8U7O8U6U2,O1O2U3O4O3U5O6O7U6U2O8U1U8U4O5U7,c,{'O1O2O3U2O4O5U6U5O7U8U1O8U4U3O6U7'},1,"<a href=""/flatknot/8.975527"">8.975527</a>",t^9-53t^7-152t^6-58t^5+158t^4+82t^3-50t^2-2t+4,t^3-2t^2+t,,
8.975528,O1O2O3U2O4O5U6U5O7U8U1O8U4U7O6U3,3,20z^2+101z+123,20w^3z^2-4w^3z+105w^2z+123w,False,False,"[[ 0 -1 -1  2  1  1 -3  2 -1],[ 1  0  0  2  0  0 -1  1  1],[ 1  0  0  1  0  0  1  0  1],[-2 -2 -1  0  0  1 -4  1 -2],[-1  0  0  0  0  0 -3  1 -1],[-1  0  0 -1  0  0 -1  0 -1],[ 3  1 -1  4  3  1  0  2  2],[-2 -1  0 -1 -1  0 -2  0 -2],[ 1 -1 -1  2  1  1 -2  2  0]]","[[ 0  2  2  1  1 -1 -1 -1 -3],[-2  0  1  1  0 -1 -2 -2 -4],[-2 -1  0  0 -1  0 -1 -2 -2],[-1 -1  0  0  0  0  0 -1 -1],[-1  0  1  0  0  0  0 -1 -3],[ 1  1  0  0  0  0  0  1  1],[ 1  2  1  0  0  0  0  1 -1],[ 1  2  2  1  1 -1 -1  0 -2],[ 3  4  2  1  3 -1  1  2  0]]",True,"[-2,-2,-1,-1,1,1,1,3,-1,-1,0,1,2,2,4,0,1,0,1,2,2,0,0,0,1,1,0,0,1,3,0,-1,-1,-1,1,2]","[-3,-1,-1,-1,1,1,2,2,-1,1,2,1,3,2,4,0,1,0,0,0,1,1,0,0,1,2,1,1,2,2,0,0,-1,1,0,-1]",t^8+57t^6+164t^4+32t^2,"[-3,-1,-1,-1,1,1,2,2,0,1,3,1,3,1,3,1,1,1,1,1,1,0,2,2,1,2,2,2,2,3,0,1,0,2,1,-1]","[-2,-2,-1,-1,1,1,1,3,-1,0,1,1,2,3,3,1,2,1,1,2,1,0,1,2,2,1,1,2,2,3,-1,-1,0,0,1,3]","[-3,-1,-1,-1,1,1,2,2,-1,1,2,1,3,2,4,0,1,0,0,0,1,1,0,0,1,2,1,1,2,2,0,0,-1,1,0,-1]",c,"[[{8, 3}, {6, 7}, {1, 5}, {2, 4}], [{8, 3}, {6, 7}, {2, 5}, {1, 4}], [{8, 6}, {3, 7}, {1, 5}, {2, 4}], [{8, 6}, {3, 7}, {2, 5}, {1, 4}], [{8, 6}, {7}, {1, 5}, {2, 4}, {3}], [{8, 6}, {7}, {2, 5}, {1, 4}, {3}], [{8, 7}, {3, 6}, {1, 5}, {2, 4}], [{8, 7}, {3, 6}, {2, 5}, {1, 4}]]",1,12 K_1^3 - 20 K_1^2 - 18 K_1 K_2 + 10 K_2 + 6 K_3 + 11,O1O2O3U1O4U5U6O7U3U7O5U8U4O8O6U2,O1O2U3O4O5U4O6O3U1O7U5U8U7O8U6U2,O1O2U3O4O3U1O5O6U5U2O7U8U7U4O8U6,c,{'O1O2O3U2O4O5U6U5O7U8U1O8U4U7O6U3'},1,"<a href=""/flatknot/8.975528"">8.975528</a>",t^9-59t^7-184t^6-90t^5+208t^4+188t^3-40t^2-32t,t^3-2t^2+t,,
8.975529,O1O2O3U2O4O5U6U5O7U8U3O8U1U4O6U7,4,7z^3+44z^2+92z+65,-4w^5z^3+11w^4z^3-8w^4z^2+52w^3z^2-4w^3z+96w^2z+65w,False,False,"[[ 0 -1 -1  1  2  1 -3  2 -1],[ 1  0 -1  2  2  0 -2  2  0],[ 1  1  0  1  1  0  0  1  0],[-1 -2 -1  0  0  0 -2  0 -1],[-2 -2 -1  0  0  0 -3  0 -2],[-1  0  0  0  0  0 -1 -1 -1],[ 3  2  0  2  3  1  0  2  2],[-2 -2 -1  0  0  1 -2  0 -2],[ 1  0  0  1  2  1 -2  2  0]]","[[ 0  2  2  1  1 -1 -1 -1 -3],[-2  0  0  1  0 -1 -2 -2 -2],[-2  0  0  0  0 -1 -2 -2 -3],[-1 -1  0  0  0  0  0 -1 -1],[-1  0  0  0  0 -1 -2 -1 -2],[ 1  1  1  0  1  0  1  0  0],[ 1  2  2  0  2 -1  0  0 -2],[ 1  2  2  1  1  0  0  0 -2],[ 3  2  3  1  2  0  2  2  0]]",True,"[-2,-2,-1,-1,1,1,1,3,0,-1,0,1,2,2,2,0,0,1,2,2,3,0,0,0,1,1,1,2,1,2,-1,0,0,0,2,2]","[-3,-1,-1,-1,1,1,2,2,0,0,2,2,3,2,3,0,0,1,1,1,1,1,0,2,1,1,1,2,2,2,0,1,1,1,2,0]",t^8+53t^6+142t^4+83t^2+1,"[-3,-1,-1,-1,1,1,2,2,0,0,2,2,3,2,3,0,0,1,1,1,1,1,0,2,1,1,1,2,2,2,0,1,1,1,2,0]","[-2,-2,-1,-1,1,1,1,3,0,1,1,1,1,2,2,1,2,1,1,2,3,0,0,1,1,2,2,1,2,3,0,-1,0,0,0,2]","[-3,-1,-1,-1,1,1,2,2,0,2,2,1,2,2,3,0,1,0,1,1,1,0,1,1,2,2,0,2,2,2,0,-1,0,0,0,0]",c,"[[{8, 2}, {3, 7}, {4, 6}, {1, 5}], [{8, 4}, {3, 7}, {2, 6}, {1, 5}], [{8, 6}, {3, 7}, {1, 5}, {2, 4}], [{8}, {3, 7}, {2, 6}, {1, 5}, {4}]]",1,8 K_1^3 - 4 K_1^2 - 6 K_1 K_2 - 3 K_1 + 2 K_2 + K_3 + 3,O1O2O3U4O5U6U3O7U1U7O4U8U5O8O6U2,O1O2U3O4O5U4O6O7U1O3U6U8U5O8U7U2,O1O2U3O4O3U5O6O7U6U1O8U4U8U2O5U7,c,{'O1O2O3U2O4O5U6U5O7U8U3O8U1U4O6U7'},1,"<a href=""/flatknot/8.975529"">8.975529</a>",t^9-55t^7-150t^6+80t^5+280t^4+76t^3-22t^2-3t-10,t^3-2t^2+t,,
8.975530,O1O2O3U2O4O5U6U5O7U8U3O8U1U7O6U4,4,6z^3+48z^2+115z+87,6w^4z^3+48w^3z^2+115w^2z+87w,False,False,"[[ 0 -1 -1  1  2  1 -3  2 -1],[ 1  0 -1  2  2  0 -2  2  0],[ 1  1  0  1  1  0  0  1  0],[-1 -2 -1  0  0  0 -2  0 -1],[-2 -2 -1  0  0  1 -3  0 -2],[-1  0  0  0 -1  0 -1  0 -1],[ 3  2  0  2  3  1  0  2  2],[-2 -2 -1  0  0  0 -2  0 -2],[ 1  0  0  1  2  1 -2  2  0]]","[[ 0  2  2  1  1 -1 -1 -1 -3],[-2  0  0  1  0 -1 -2 -2 -3],[-2  0  0  0  0 -1 -2 -2 -2],[-1 -1  0  0  0  0  0 -1 -1],[-1  0  0  0  0 -1 -2 -1 -2],[ 1  1  1  0  1  0  1  0  0],[ 1  2  2  0  2 -1  0  0 -2],[ 1  2  2  1  1  0  0  0 -2],[ 3  3  2  1  2  0  2  2  0]]",True,"[-2,-2,-1,-1,1,1,1,3,0,-1,0,1,2,2,3,0,0,1,2,2,2,0,0,0,1,1,1,2,1,2,-1,0,0,0,2,2]","[-3,-1,-1,-1,1,1,2,2,0,0,2,2,3,2,3,0,0,1,1,1,1,1,0,2,1,1,1,2,2,2,0,1,1,2,1,0]",t^8+53t^6+133t^4+56t^2,"[-3,-1,-1,-1,1,1,2,2,0,0,2,2,3,2,3,0,0,1,1,1,1,1,0,2,1,1,1,2,2,2,0,1,1,2,1,0]","[-2,-2,-1,-1,1,1,1,3,0,1,1,1,1,2,3,1,2,1,1,2,2,0,0,1,1,2,2,1,2,3,0,-1,0,0,0,2]","[-3,-1,-1,-1,1,1,2,2,0,2,2,1,2,2,3,0,1,0,1,1,1,0,1,1,2,2,0,2,2,2,0,0,-1,0,0,0]",c,"[[{8, 1}, {2, 7}, {3, 6}, {4, 5}], [{8, 1}, {2, 7}, {3, 6}, {5}, {4}], [{8, 1}, {2, 7}, {4, 6}, {3, 5}], [{8, 1}, {2, 7}, {5, 6}, {3, 4}], [{8, 1}, {3, 7}, {2, 6}, {4, 5}], [{8, 1}, {3, 7}, {4, 6}, {2, 5}], [{8, 1}, {3, 7}, {5, 6}, {2, 4}], [{8, 1}, {4, 7}, {2, 6}, {3, 5}], [{8, 1}, {4, 7}, {3, 6}, {2, 5}], [{8, 1}, {4, 7}, {5, 6}, {2, 3}], [{8, 1}, {5, 7}, {2, 6}, {3, 4}], [{8, 1}, {5, 7}, {3, 6}, {2, 4}], [{8, 1}, {5, 7}, {3, 6}, {4}, {2}], [{8, 1}, {5, 7}, {4, 6}, {2, 3}], [{8, 1}, {6, 7}, {2, 5}, {3, 4}], [{8, 1}, {6, 7}, {3, 5}, {2, 4}], [{8, 1}, {6, 7}, {4, 5}, {2, 3}], [{8, 1}, {6, 7}, {5}, {2, 4}, {3}], [{8, 1}, {7}, {2, 6}, {3, 5}, {4}], [{8, 1}, {7}, {3, 6}, {2, 5}, {4}], [{8, 1}, {7}, {4, 6}, {3, 5}, {2}], [{8, 1}, {7}, {5, 6}, {4}, {2, 3}], [{8, 1}, {7}, {6}, {3, 5}, {2, 4}], [{8, 2}, {1, 7}, {3, 6}, {4, 5}], [{8, 2}, {1, 7}, {4, 6}, {3, 5}], [{8, 2}, {1, 7}, {5, 6}, {3, 4}], [{8, 2}, {1, 7}, {5, 6}, {4}, {3}], [{8, 2}, {3, 7}, {1, 6}, {4, 5}], [{8, 2}, {3, 7}, {1, 6}, {5}, {4}], [{8, 2}, {3, 7}, {4, 6}, {1, 5}], [{8, 2}, {3, 7}, {4, 6}, {5}, {1}], [{8, 2}, {3, 7}, {5, 6}, {1, 4}], [{8, 2}, {3, 7}, {5, 6}, {4}, {1}], [{8, 2}, {3, 7}, {6}, {1, 5}, {4}], [{8, 2}, {3, 7}, {6}, {4, 5}, {1}], [{8, 2}, {3, 7}, {6}, {5}, {1, 4}], [{8, 2}, {3, 7}, {6}, {5}, {4}, {1}], [{8, 2}, {4, 7}, {1, 6}, {3, 5}], [{8, 2}, {4, 7}, {1, 6}, {5}, {3}], [{8, 2}, {4, 7}, {3, 6}, {1, 5}], [{8, 2}, {4, 7}, {5, 6}, {1, 3}], [{8, 2}, {4, 7}, {5, 6}, {3}, {1}], [{8, 2}, {4, 7}, {6}, {1, 5}, {3}], [{8, 2}, {5, 7}, {1, 6}, {3, 4}], [{8, 2}, {5, 7}, {3, 6}, {1, 4}], [{8, 2}, {5, 7}, {3, 6}, {4}, {1}], [{8, 2}, {5, 7}, {4, 6}, {1, 3}], [{8, 2}, {5, 7}, {6}, {1, 4}, {3}], [{8, 2}, {6, 7}, {1, 5}, {3, 4}], [{8, 2}, {6, 7}, {3, 5}, {1, 4}], [{8, 2}, {6, 7}, {3, 5}, {4}, {1}], [{8, 2}, {6, 7}, {4, 5}, {1, 3}], [{8, 2}, {6, 7}, {5}, {1, 4}, {3}], [{8, 2}, {7}, {1, 6}, {5}, {3, 4}], [{8, 2}, {7}, {3, 6}, {5}, {1, 4}], [{8, 2}, {7}, {5, 6}, {1, 4}, {3}], [{8, 2}, {7}, {5, 6}, {3, 4}, {1}], [{8, 2}, {7}, {5, 6}, {4}, {1, 3}], [{8, 2}, {7}, {5, 6}, {4}, {3}, {1}], [{8, 2}, {7}, {6}, {1, 5}, {3, 4}], [{8, 2}, {7}, {6}, {3, 5}, {1, 4}], [{8, 3}, {1, 7}, {2, 6}, {4, 5}], [{8, 3}, {1, 7}, {4, 6}, {2, 5}], [{8, 3}, {1, 7}, {5, 6}, {2, 4}], [{8, 3}, {2, 7}, {1, 6}, {4, 5}], [{8, 3}, {2, 7}, {4, 6}, {1, 5}], [{8, 3}, {2, 7}, {5, 6}, {1, 4}], [{8, 3}, {4, 7}, {1, 6}, {2, 5}], [{8, 3}, {4, 7}, {2, 6}, {1, 5}], [{8, 3}, {4, 7}, {5, 6}, {1, 2}], [{8, 3}, {4, 7}, {6}, {1, 5}, {2}], [{8, 3}, {5, 7}, {1, 6}, {2, 4}], [{8, 3}, {5, 7}, {1, 6}, {4}, {2}], [{8, 3}, {5, 7}, {2, 6}, {1, 4}], [{8, 3}, {5, 7}, {4, 6}, {1, 2}], [{8, 3}, {6, 7}, {1, 5}, {2, 4}], [{8, 3}, {6, 7}, {2, 5}, {1, 4}], [{8, 3}, {6, 7}, {4, 5}, {1, 2}], [{8, 3}, {6, 7}, {5}, {2, 4}, {1}], [{8, 3}, {7}, {5, 6}, {4}, {1, 2}], [{8, 3}, {7}, {6}, {2, 5}, {1, 4}], [{8, 4}, {1, 7}, {2, 6}, {3, 5}], [{8, 4}, {1, 7}, {3, 6}, {2, 5}], [{8, 4}, {1, 7}, {5, 6}, {2, 3}], [{8, 4}, {2, 7}, {1, 6}, {3, 5}], [{8, 4}, {2, 7}, {3, 6}, {1, 5}], [{8, 4}, {2, 7}, {3, 6}, {5}, {1}], [{8, 4}, {2, 7}, {5, 6}, {1, 3}], [{8, 4}, {2, 7}, {5, 6}, {3}, {1}], [{8, 4}, {2, 7}, {6}, {3, 5}, {1}], [{8, 4}, {3, 7}, {1, 6}, {2, 5}], [{8, 4}, {3, 7}, {2, 6}, {1, 5}], [{8, 4}, {3, 7}, {2, 6}, {5}, {1}], [{8, 4}, {3, 7}, {5, 6}, {1, 2}], [{8, 4}, {3, 7}, {6}, {1, 5}, {2}], [{8, 4}, {5, 7}, {1, 6}, {2, 3}], [{8, 4}, {5, 7}, {2, 6}, {1, 3}], [{8, 4}, {5, 7}, {3, 6}, {1, 2}], [{8, 4}, {5, 7}, {3, 6}, {2}, {1}], [{8, 4}, {6, 7}, {1, 5}, {2, 3}], [{8, 4}, {6, 7}, {2, 5}, {1, 3}], [{8, 4}, {6, 7}, {3, 5}, {1, 2}], [{8, 4}, {6, 7}, {5}, {2, 3}, {1}], [{8, 4}, {7}, {3, 6}, {2, 5}, {1}], [{8, 5}, {1, 7}, {2, 6}, {3, 4}], [{8, 5}, {1, 7}, {3, 6}, {2, 4}], [{8, 5}, {1, 7}, {4, 6}, {2, 3}], [{8, 5}, {2, 7}, {1, 6}, {3, 4}], [{8, 5}, {2, 7}, {3, 6}, {1, 4}], [{8, 5}, {2, 7}, {4, 6}, {1, 3}], [{8, 5}, {3, 7}, {1, 6}, {2, 4}], [{8, 5}, {3, 7}, {2, 6}, {1, 4}], [{8, 5}, {3, 7}, {4, 6}, {1, 2}], [{8, 5}, {4, 7}, {1, 6}, {2, 3}], [{8, 5}, {4, 7}, {2, 6}, {1, 3}], [{8, 5}, {4, 7}, {3, 6}, {1, 2}], [{8, 5}, {6, 7}, {1, 4}, {2, 3}], [{8, 5}, {6, 7}, {2, 4}, {1, 3}], [{8, 5}, {6, 7}, {3, 4}, {1, 2}], [{8, 5}, {6, 7}, {4}, {2, 3}, {1}], [{8, 5}, {7}, {3, 6}, {1, 4}, {2}], [{8, 5}, {7}, {3, 6}, {2, 4}, {1}], [{8, 5}, {7}, {3, 6}, {4}, {1, 2}], [{8, 6}, {1, 7}, {2, 5}, {3, 4}], [{8, 6}, {1, 7}, {3, 5}, {2, 4}], [{8, 6}, {1, 7}, {4, 5}, {2, 3}], [{8, 6}, {2, 7}, {1, 5}, {3, 4}], [{8, 6}, {2, 7}, {3, 5}, {1, 4}], [{8, 6}, {2, 7}, {4, 5}, {1, 3}], [{8, 6}, {3, 7}, {1, 5}, {2, 4}], [{8, 6}, {3, 7}, {1, 5}, {4}, {2}], [{8, 6}, {3, 7}, {2, 5}, {1, 4}], [{8, 6}, {3, 7}, {4, 5}, {1, 2}], [{8, 6}, {3, 7}, {5}, {2, 4}, {1}], [{8, 6}, {4, 7}, {1, 5}, {2, 3}], [{8, 6}, {4, 7}, {1, 5}, {3}, {2}], [{8, 6}, {4, 7}, {2, 5}, {1, 3}], [{8, 6}, {4, 7}, {3, 5}, {1, 2}], [{8, 6}, {5, 7}, {1, 4}, {2, 3}], [{8, 6}, {5, 7}, {2, 4}, {1, 3}], [{8, 6}, {5, 7}, {3, 4}, {1, 2}], [{8, 6}, {5, 7}, {4}, {1, 3}, {2}], [{8, 6}, {7}, {1, 5}, {3, 4}, {2}], [{8, 6}, {7}, {2, 5}, {1, 4}, {3}], [{8, 6}, {7}, {3, 5}, {4}, {1, 2}], [{8, 7}, {1, 6}, {2, 5}, {3, 4}], [{8, 7}, {1, 6}, {3, 5}, {2, 4}], [{8, 7}, {1, 6}, {4, 5}, {2, 3}], [{8, 7}, {2, 6}, {1, 5}, {3, 4}], [{8, 7}, {2, 6}, {3, 5}, {1, 4}], [{8, 7}, {2, 6}, {3, 5}, {4}, {1}], [{8, 7}, {2, 6}, {4, 5}, {1, 3}], [{8, 7}, {2, 6}, {5}, {1, 4}, {3}], [{8, 7}, {3, 6}, {1, 5}, {2, 4}], [{8, 7}, {3, 6}, {2, 5}, {1, 4}], [{8, 7}, {3, 6}, {4, 5}, {1, 2}], [{8, 7}, {3, 6}, {5}, {1, 4}, {2}], [{8, 7}, {3, 6}, {5}, {2, 4}, {1}], [{8, 7}, {3, 6}, {5}, {4}, {1, 2}], [{8, 7}, {4, 6}, {1, 5}, {2, 3}], [{8, 7}, {4, 6}, {2, 5}, {1, 3}], [{8, 7}, {4, 6}, {3, 5}, {1, 2}], [{8, 7}, {4, 6}, {3, 5}, {2}, {1}], [{8, 7}, {5, 6}, {1, 4}, {2, 3}], [{8, 7}, {5, 6}, {2, 4}, {1, 3}], [{8, 7}, {5, 6}, {2, 4}, {3}, {1}], [{8, 7}, {5, 6}, {3, 4}, {1, 2}], [{8, 7}, {6}, {1, 5}, {3, 4}, {2}], [{8, 7}, {6}, {3, 5}, {2, 4}, {1}], [{8, 7}, {6}, {5}, {1, 4}, {2, 3}], [{8}, {1, 7}, {2, 6}, {3, 5}, {4}], [{8}, {1, 7}, {2, 6}, {4, 5}, {3}], [{8}, {1, 7}, {2, 6}, {5}, {3, 4}], [{8}, {1, 7}, {3, 6}, {4, 5}, {2}], [{8}, {1, 7}, {4, 6}, {3, 5}, {2}], [{8}, {1, 7}, {5, 6}, {3, 4}, {2}], [{8}, {1, 7}, {6}, {2, 5}, {3, 4}], [{8}, {1, 7}, {6}, {3, 5}, {2, 4}], [{8}, {1, 7}, {6}, {4, 5}, {2, 3}], [{8}, {2, 7}, {3, 6}, {5}, {1, 4}], [{8}, {2, 7}, {6}, {1, 5}, {3, 4}], [{8}, {3, 7}, {2, 6}, {1, 5}, {4}], [{8}, {3, 7}, {4, 6}, {1, 5}, {2}], [{8}, {3, 7}, {5, 6}, {1, 4}, {2}], [{8}, {3, 7}, {6}, {1, 5}, {2, 4}], [{8}, {4, 7}, {2, 6}, {1, 5}, {3}], [{8}, {4, 7}, {3, 6}, {1, 5}, {2}], [{8}, {4, 7}, {6}, {1, 5}, {2, 3}], [{8}, {5, 7}, {2, 6}, {3, 4}, {1}], [{8}, {5, 7}, {3, 6}, {1, 4}, {2}], [{8}, {5, 7}, {3, 6}, {2, 4}, {1}], [{8}, {5, 7}, {3, 6}, {4}, {1, 2}], [{8}, {5, 7}, {3, 6}, {4}, {2}, {1}], [{8}, {5, 7}, {4, 6}, {2, 3}, {1}], [{8}, {6, 7}, {1, 5}, {3, 4}, {2}], [{8}, {6, 7}, {3, 5}, {1, 4}, {2}], [{8}, {6, 7}, {4, 5}, {2, 3}, {1}], [{8}, {6, 7}, {5}, {2, 4}, {1, 3}], [{8}, {7}, {1, 6}, {4, 5}, {2, 3}], [{8}, {7}, {2, 6}, {1, 5}, {3, 4}], [{8}, {7}, {3, 6}, {2, 5}, {1, 4}], [{8}, {7}, {3, 6}, {5}, {1, 4}, {2}]]",2,24 K_1^3 - 8 K_1^2 - 26 K_1 K_2 - 5 K_1 + 4 K_2 + 7 K_3 + 5,O1O2O3U4O5U6U3O7U1U7O6U8U5O8O4U2,O1O2U3O4O5U4O6O3U1O7U6U8U5O8U7U2,O1O2U3O4O3U1O5O6U5U7O8U4U8U2O7U6,c,{'O1O2O3U2O4O5U6U5O7U8U3O8U1U7O6U4'},1,"<a href=""/flatknot/8.975530"">8.975530</a>",t^9-55t^7-152t^6+71t^5+296t^4+163t^3+60t^2+10t-10,t^3-2t^2+t,,
8.975531,O1O2O3U2O4O5U6U5O7U8U3O8U4U1O6U7,4,4z^3+40z^2+113z+99,4w^4z^3+40w^3z^2+113w^2z+99w,False,False,"[[ 0  0 -1  1  1  1 -3  2 -1],[ 0  0 -1  1  1  0 -3  2 -1],[ 1  1  0  1  1  0  0  1  0],[-1 -1 -1  0  0  0 -2  0 -1],[-1 -1 -1  0  0  0 -2  0 -1],[-1  0  0  0  0  0 -1 -1 -1],[ 3  3  0  2  2  1  0  2  2],[-2 -2 -1  0  0  1 -2  0 -2],[ 1  1  0  1  1  1 -2  2  0]]","[[ 0  2  1  1  1  0 -1 -1 -3],[-2  0  1  0  0 -2 -1 -2 -2],[-1 -1  0  0  0  0  0 -1 -1],[-1  0  0  0  0 -1 -1 -1 -2],[-1  0  0  0  0 -1 -1 -1 -2],[ 0  2  0  1  1  0 -1 -1 -3],[ 1  1  0  1  1  1  0  0  0],[ 1  2  1  1  1  1  0  0 -2],[ 3  2  1  2  2  3  0  2  0]]",True,"[-2,-1,-1,-1,0,1,1,3,-1,0,0,2,1,2,2,0,0,0,0,1,1,0,1,1,1,2,1,1,1,2,1,1,3,0,0,2]","[-3,-1,-1,0,1,1,1,2,0,2,0,2,2,3,3,0,0,1,1,1,1,0,1,1,2,2,0,0,1,0,0,0,1,0,1,2]",t^8+45t^6+113t^4+66t^2,"[-3,-1,-1,0,1,1,1,2,0,2,0,2,2,3,3,0,0,1,1,1,1,0,1,1,2,2,0,0,1,0,0,0,1,0,1,2]","[-2,-1,-1,-1,0,1,1,3,1,1,2,0,1,2,3,0,0,0,1,1,2,0,0,1,1,2,1,1,2,3,0,0,0,0,0,2]","[-3,-1,-1,0,1,1,1,2,0,2,3,1,2,2,2,0,1,0,1,1,1,1,1,1,1,2,0,1,1,2,0,0,-1,0,0,0]",c,"[[{8, 1}, {2, 7}, {3, 6}, {4, 5}], [{8, 1}, {2, 7}, {4, 6}, {3, 5}], [{8, 1}, {2, 7}, {5, 6}, {3, 4}], [{8, 1}, {2, 7}, {5, 6}, {4}, {3}], [{8, 1}, {3, 7}, {2, 6}, {4, 5}], [{8, 1}, {3, 7}, {4, 6}, {2, 5}], [{8, 1}, {3, 7}, {5, 6}, {2, 4}], [{8, 1}, {3, 7}, {6}, {2, 5}, {4}], [{8, 1}, {3, 7}, {6}, {4, 5}, {2}], [{8, 1}, {3, 7}, {6}, {5}, {2, 4}], [{8, 1}, {4, 7}, {2, 6}, {3, 5}], [{8, 1}, {4, 7}, {3, 6}, {2, 5}], [{8, 1}, {4, 7}, {5, 6}, {2, 3}], [{8, 1}, {4, 7}, {6}, {2, 5}, {3}], [{8, 1}, {4, 7}, {6}, {3, 5}, {2}], [{8, 1}, {4, 7}, {6}, {5}, {2, 3}], [{8, 1}, {5, 7}, {2, 6}, {3, 4}], [{8, 1}, {5, 7}, {2, 6}, {4}, {3}], [{8, 1}, {5, 7}, {3, 6}, {2, 4}], [{8, 1}, {5, 7}, {4, 6}, {2, 3}], [{8, 1}, {6, 7}, {2, 5}, {3, 4}], [{8, 1}, {6, 7}, {2, 5}, {4}, {3}], [{8, 1}, {6, 7}, {3, 5}, {2, 4}], [{8, 1}, {6, 7}, {4, 5}, {2, 3}], [{8, 1}, {7}, {3, 6}, {2, 5}, {4}], [{8, 1}, {7}, {4, 6}, {2, 5}, {3}], [{8, 1}, {7}, {6}, {2, 5}, {3, 4}], [{8, 1}, {7}, {6}, {2, 5}, {4}, {3}], [{8, 2}, {1, 7}, {3, 6}, {4, 5}], [{8, 2}, {1, 7}, {4, 6}, {3, 5}], [{8, 2}, {1, 7}, {5, 6}, {3, 4}], [{8, 2}, {1, 7}, {5, 6}, {4}, {3}], [{8, 2}, {3, 7}, {1, 6}, {4, 5}], [{8, 2}, {3, 7}, {1, 6}, {5}, {4}], [{8, 2}, {3, 7}, {4, 6}, {1, 5}], [{8, 2}, {3, 7}, {5, 6}, {1, 4}], [{8, 2}, {4, 7}, {1, 6}, {3, 5}], [{8, 2}, {4, 7}, {1, 6}, {5}, {3}], [{8, 2}, {4, 7}, {3, 6}, {1, 5}], [{8, 2}, {4, 7}, {5, 6}, {1, 3}], [{8, 2}, {5, 7}, {1, 6}, {3, 4}], [{8, 2}, {5, 7}, {1, 6}, {4}, {3}], [{8, 2}, {5, 7}, {3, 6}, {1, 4}], [{8, 2}, {5, 7}, {3, 6}, {4}, {1}], [{8, 2}, {5, 7}, {4, 6}, {1, 3}], [{8, 2}, {5, 7}, {4, 6}, {3}, {1}], [{8, 2}, {5, 7}, {6}, {1, 4}, {3}], [{8, 2}, {5, 7}, {6}, {3, 4}, {1}], [{8, 2}, {5, 7}, {6}, {4}, {1, 3}], [{8, 2}, {5, 7}, {6}, {4}, {3}, {1}], [{8, 2}, {6, 7}, {1, 5}, {3, 4}], [{8, 2}, {6, 7}, {1, 5}, {4}, {3}], [{8, 2}, {6, 7}, {3, 5}, {1, 4}], [{8, 2}, {6, 7}, {4, 5}, {1, 3}], [{8, 2}, {7}, {1, 6}, {3, 5}, {4}], [{8, 2}, {7}, {1, 6}, {4, 5}, {3}], [{8, 2}, {7}, {1, 6}, {5}, {3, 4}], [{8, 2}, {7}, {1, 6}, {5}, {4}, {3}], [{8, 3}, {1, 7}, {2, 6}, {4, 5}], [{8, 3}, {1, 7}, {2, 6}, {5}, {4}], [{8, 3}, {1, 7}, {4, 6}, {2, 5}], [{8, 3}, {1, 7}, {5, 6}, {2, 4}], [{8, 3}, {1, 7}, {6}, {4, 5}, {2}], [{8, 3}, {2, 7}, {1, 6}, {4, 5}], [{8, 3}, {2, 7}, {1, 6}, {5}, {4}], [{8, 3}, {2, 7}, {4, 6}, {1, 5}], [{8, 3}, {2, 7}, {5, 6}, {1, 4}], [{8, 3}, {2, 7}, {5, 6}, {4}, {1}], [{8, 3}, {2, 7}, {6}, {1, 5}, {4}], [{8, 3}, {4, 7}, {1, 6}, {2, 5}], [{8, 3}, {4, 7}, {2, 6}, {1, 5}], [{8, 3}, {4, 7}, {5, 6}, {1, 2}], [{8, 3}, {4, 7}, {5, 6}, {2}, {1}], [{8, 3}, {5, 7}, {1, 6}, {2, 4}], [{8, 3}, {5, 7}, {2, 6}, {1, 4}], [{8, 3}, {5, 7}, {4, 6}, {1, 2}], [{8, 3}, {5, 7}, {6}, {2, 4}, {1}], [{8, 3}, {6, 7}, {1, 5}, {2, 4}], [{8, 3}, {6, 7}, {2, 5}, {1, 4}], [{8, 3}, {6, 7}, {4, 5}, {1, 2}], [{8, 3}, {6, 7}, {5}, {2, 4}, {1}], [{8, 3}, {7}, {4, 6}, {1, 5}, {2}], [{8, 3}, {7}, {5, 6}, {2, 4}, {1}], [{8, 4}, {1, 7}, {2, 6}, {3, 5}], [{8, 4}, {1, 7}, {2, 6}, {5}, {3}], [{8, 4}, {1, 7}, {3, 6}, {2, 5}], [{8, 4}, {1, 7}, {5, 6}, {2, 3}], [{8, 4}, {1, 7}, {6}, {3, 5}, {2}], [{8, 4}, {2, 7}, {1, 6}, {3, 5}], [{8, 4}, {2, 7}, {1, 6}, {5}, {3}], [{8, 4}, {2, 7}, {3, 6}, {1, 5}], [{8, 4}, {2, 7}, {5, 6}, {1, 3}], [{8, 4}, {2, 7}, {5, 6}, {3}, {1}], [{8, 4}, {2, 7}, {6}, {1, 5}, {3}], [{8, 4}, {3, 7}, {1, 6}, {2, 5}], [{8, 4}, {3, 7}, {2, 6}, {1, 5}], [{8, 4}, {3, 7}, {5, 6}, {1, 2}], [{8, 4}, {3, 7}, {5, 6}, {2}, {1}], [{8, 4}, {5, 7}, {1, 6}, {2, 3}], [{8, 4}, {5, 7}, {2, 6}, {1, 3}], [{8, 4}, {5, 7}, {3, 6}, {1, 2}], [{8, 4}, {5, 7}, {6}, {2, 3}, {1}], [{8, 4}, {6, 7}, {1, 5}, {2, 3}], [{8, 4}, {6, 7}, {2, 5}, {1, 3}], [{8, 4}, {6, 7}, {3, 5}, {1, 2}], [{8, 4}, {6, 7}, {5}, {2, 3}, {1}], [{8, 4}, {7}, {3, 6}, {1, 5}, {2}], [{8, 4}, {7}, {5, 6}, {2, 3}, {1}], [{8, 5}, {1, 7}, {2, 6}, {3, 4}], [{8, 5}, {1, 7}, {2, 6}, {4}, {3}], [{8, 5}, {1, 7}, {3, 6}, {2, 4}], [{8, 5}, {1, 7}, {4, 6}, {2, 3}], [{8, 5}, {2, 7}, {1, 6}, {3, 4}], [{8, 5}, {2, 7}, {1, 6}, {4}, {3}], [{8, 5}, {2, 7}, {3, 6}, {1, 4}], [{8, 5}, {2, 7}, {4, 6}, {1, 3}], [{8, 5}, {3, 7}, {1, 6}, {2, 4}], [{8, 5}, {3, 7}, {2, 6}, {1, 4}], [{8, 5}, {3, 7}, {4, 6}, {1, 2}], [{8, 5}, {3, 7}, {6}, {2, 4}, {1}], [{8, 5}, {4, 7}, {1, 6}, {2, 3}], [{8, 5}, {4, 7}, {2, 6}, {1, 3}], [{8, 5}, {4, 7}, {3, 6}, {1, 2}], [{8, 5}, {4, 7}, {6}, {2, 3}, {1}], [{8, 5}, {6, 7}, {1, 4}, {2, 3}], [{8, 5}, {6, 7}, {1, 4}, {3}, {2}], [{8, 5}, {6, 7}, {2, 4}, {1, 3}], [{8, 5}, {6, 7}, {2, 4}, {3}, {1}], [{8, 5}, {6, 7}, {3, 4}, {1, 2}], [{8, 5}, {6, 7}, {3, 4}, {2}, {1}], [{8, 5}, {6, 7}, {4}, {1, 3}, {2}], [{8, 5}, {6, 7}, {4}, {2, 3}, {1}], [{8, 5}, {6, 7}, {4}, {3}, {1, 2}], [{8, 5}, {6, 7}, {4}, {3}, {2}, {1}], [{8, 5}, {7}, {3, 6}, {2, 4}, {1}], [{8, 5}, {7}, {4, 6}, {2, 3}, {1}], [{8, 6}, {1, 7}, {2, 5}, {3, 4}], [{8, 6}, {1, 7}, {2, 5}, {4}, {3}], [{8, 6}, {1, 7}, {3, 5}, {2, 4}], [{8, 6}, {1, 7}, {4, 5}, {2, 3}], [{8, 6}, {2, 7}, {1, 5}, {3, 4}], [{8, 6}, {2, 7}, {1, 5}, {4}, {3}], [{8, 6}, {2, 7}, {3, 5}, {1, 4}], [{8, 6}, {2, 7}, {4, 5}, {1, 3}], [{8, 6}, {3, 7}, {1, 5}, {2, 4}], [{8, 6}, {3, 7}, {2, 5}, {1, 4}], [{8, 6}, {3, 7}, {4, 5}, {1, 2}], [{8, 6}, {4, 7}, {1, 5}, {2, 3}], [{8, 6}, {4, 7}, {2, 5}, {1, 3}], [{8, 6}, {4, 7}, {3, 5}, {1, 2}], [{8, 6}, {5, 7}, {1, 4}, {2, 3}], [{8, 6}, {5, 7}, {2, 4}, {1, 3}], [{8, 6}, {5, 7}, {3, 4}, {1, 2}], [{8, 6}, {5, 7}, {4}, {3}, {1, 2}], [{8, 6}, {7}, {5}, {1, 4}, {2, 3}], [{8, 6}, {7}, {5}, {2, 4}, {1, 3}], [{8, 7}, {1, 6}, {2, 5}, {3, 4}], [{8, 7}, {1, 6}, {2, 5}, {4}, {3}], [{8, 7}, {1, 6}, {3, 5}, {2, 4}], [{8, 7}, {1, 6}, {3, 5}, {4}, {2}], [{8, 7}, {1, 6}, {4, 5}, {2, 3}], [{8, 7}, {1, 6}, {4, 5}, {3}, {2}], [{8, 7}, {1, 6}, {5}, {2, 4}, {3}], [{8, 7}, {1, 6}, {5}, {3, 4}, {2}], [{8, 7}, {1, 6}, {5}, {4}, {2, 3}], [{8, 7}, {1, 6}, {5}, {4}, {3}, {2}], [{8, 7}, {2, 6}, {1, 5}, {3, 4}], [{8, 7}, {2, 6}, {1, 5}, {4}, {3}], [{8, 7}, {2, 6}, {3, 5}, {1, 4}], [{8, 7}, {2, 6}, {4, 5}, {1, 3}], [{8, 7}, {3, 6}, {1, 5}, {2, 4}], [{8, 7}, {3, 6}, {2, 5}, {1, 4}], [{8, 7}, {3, 6}, {4, 5}, {1, 2}], [{8, 7}, {3, 6}, {4, 5}, {2}, {1}], [{8, 7}, {4, 6}, {1, 5}, {2, 3}], [{8, 7}, {4, 6}, {2, 5}, {1, 3}], [{8, 7}, {4, 6}, {3, 5}, {1, 2}], [{8, 7}, {4, 6}, {3, 5}, {2}, {1}], [{8, 7}, {5, 6}, {1, 4}, {2, 3}], [{8, 7}, {5, 6}, {2, 4}, {1, 3}], [{8, 7}, {5, 6}, {3, 4}, {1, 2}], [{8, 7}, {5, 6}, {4}, {3}, {1, 2}], [{8, 7}, {6}, {3, 5}, {1, 4}, {2}], [{8, 7}, {6}, {4, 5}, {1, 3}, {2}], [{8}, {1, 7}, {2, 6}, {3, 5}, {4}], [{8}, {1, 7}, {2, 6}, {4, 5}, {3}], [{8}, {1, 7}, {2, 6}, {5}, {3, 4}], [{8}, {1, 7}, {2, 6}, {5}, {4}, {3}], [{8}, {1, 7}, {3, 6}, {5}, {2, 4}], [{8}, {1, 7}, {4, 6}, {5}, {2, 3}], [{8}, {2, 7}, {1, 6}, {3, 5}, {4}], [{8}, {2, 7}, {1, 6}, {4, 5}, {3}], [{8}, {2, 7}, {1, 6}, {5}, {3, 4}], [{8}, {2, 7}, {1, 6}, {5}, {4}, {3}], [{8}, {2, 7}, {3, 6}, {1, 5}, {4}], [{8}, {2, 7}, {4, 6}, {1, 5}, {3}], [{8}, {2, 7}, {5, 6}, {1, 4}, {3}], [{8}, {2, 7}, {5, 6}, {3, 4}, {1}], [{8}, {2, 7}, {5, 6}, {4}, {1, 3}], [{8}, {2, 7}, {5, 6}, {4}, {3}, {1}], [{8}, {2, 7}, {6}, {1, 5}, {3, 4}], [{8}, {2, 7}, {6}, {1, 5}, {4}, {3}], [{8}, {3, 7}, {2, 6}, {4, 5}, {1}], [{8}, {3, 7}, {4, 6}, {5}, {1, 2}], [{8}, {3, 7}, {6}, {1, 5}, {2, 4}], [{8}, {4, 7}, {2, 6}, {3, 5}, {1}], [{8}, {4, 7}, {3, 6}, {5}, {1, 2}], [{8}, {4, 7}, {6}, {1, 5}, {2, 3}], [{8}, {6, 7}, {3, 5}, {2, 4}, {1}], [{8}, {6, 7}, {4, 5}, {2, 3}, {1}], [{8}, {7}, {2, 6}, {3, 5}, {1, 4}], [{8}, {7}, {2, 6}, {4, 5}, {1, 3}]]",2,8 K_1^3 - 10 K_1^2 - 10 K_1 K_2 - K_1 + 5 K_2 + 3 K_3 + 6,O1O2O3U4O5U3U6O7U1U7O4U8U5O8O6U2,O1O2U3O4O5U4O6O7U1O3U7U8U5O8U6U2,O1O2U3O4O3U5O6O7U6U2O8U4U8U1O5U7,c,{'O1O2O3U2O4O5U6U5O7U8U3O8U4U1O6U7'},1,"<a href=""/flatknot/8.975531"">8.975531</a>",t^9-49t^7-132t^6-18t^5+84t^4+8t^3+36t^2+6t,t^3-t^2-t,,
8.975532,O1O2O3U2O4O5U6U5O7U8U4O8U1U3O6U7,4,2z^3+26z^2+105z+123,2w^4z^3+26w^3z^2+105w^2z+123w,False,False,"[[ 0 -1 -1  2  1  1 -3  2 -1],[ 1  0  0  2  1  0 -2  2  0],[ 1  0  0  1  0  0  0  1  1],[-2 -2 -1  0  1  0 -4  1 -3],[-1 -1  0 -1  0  0 -1 -1 -1],[-1  0  0  0  0  0 -1 -1 -1],[ 3  2  0  4  1  1  0  2  2],[-2 -2 -1 -1  1  1 -2  0 -2],[ 1  0 -1  3  1  1 -2  2  0]]","[[ 0  2  2  1  1 -1 -1 -1 -3],[-2  0  1  1  0 -1 -2 -3 -4],[-2 -1  0  1  1 -1 -2 -2 -2],[-1 -1 -1  0  0  0 -1 -1 -1],[-1  0 -1  0  0  0  0 -1 -1],[ 1  1  1  0  0  0  0  1  0],[ 1  2  2  1  0  0  0  0 -2],[ 1  3  2  1  1 -1  0  0 -2],[ 3  4  2  1  1  0  2  2  0]]",True,"[-2,-2,-1,-1,1,1,1,3,-1,-1,0,1,2,3,4,-1,-1,1,2,2,2,0,0,1,1,1,0,0,1,1,0,-1,0,0,2,2]","[-3,-1,-1,-1,1,1,2,2,0,0,2,3,3,1,3,0,0,1,2,1,1,1,1,1,0,1,2,2,2,2,0,2,2,1,2,-1]",t^8+61t^6+167t^4+61t^2,"[-3,-1,-1,-1,1,1,2,2,0,0,2,3,3,1,3,0,0,1,2,1,1,1,1,1,0,1,2,2,2,2,0,2,2,1,2,-1]","[-2,-2,-1,-1,1,1,1,3,-1,2,2,1,1,2,3,1,2,0,1,2,1,0,1,2,2,3,1,1,2,3,0,-1,0,0,0,2]","[-3,-1,-1,-1,1,1,2,2,0,2,2,1,1,2,4,0,1,0,0,1,1,0,0,1,2,2,1,1,2,3,0,-1,0,-1,-1,-1]",c,"[[{8, 1}, {2, 7}, {3, 6}, {4, 5}], [{8, 1}, {2, 7}, {3, 6}, {5}, {4}], [{8, 1}, {2, 7}, {4, 6}, {3, 5}], [{8, 1}, {2, 7}, {5, 6}, {3, 4}], [{8, 1}, {3, 7}, {2, 6}, {4, 5}], [{8, 1}, {3, 7}, {4, 6}, {2, 5}], [{8, 1}, {3, 7}, {5, 6}, {2, 4}], [{8, 1}, {3, 7}, {5, 6}, {4}, {2}], [{8, 1}, {4, 7}, {2, 6}, {3, 5}], [{8, 1}, {4, 7}, {2, 6}, {5}, {3}], [{8, 1}, {4, 7}, {3, 6}, {2, 5}], [{8, 1}, {4, 7}, {3, 6}, {5}, {2}], [{8, 1}, {4, 7}, {5, 6}, {2, 3}], [{8, 1}, {4, 7}, {6}, {5}, {2, 3}], [{8, 1}, {5, 7}, {2, 6}, {3, 4}], [{8, 1}, {5, 7}, {2, 6}, {4}, {3}], [{8, 1}, {5, 7}, {3, 6}, {2, 4}], [{8, 1}, {5, 7}, {3, 6}, {4}, {2}], [{8, 1}, {5, 7}, {4, 6}, {2, 3}], [{8, 1}, {5, 7}, {4, 6}, {3}, {2}], [{8, 1}, {5, 7}, {6}, {2, 4}, {3}], [{8, 1}, {5, 7}, {6}, {3, 4}, {2}], [{8, 1}, {5, 7}, {6}, {4}, {2, 3}], [{8, 1}, {5, 7}, {6}, {4}, {3}, {2}], [{8, 1}, {6, 7}, {2, 5}, {3, 4}], [{8, 1}, {6, 7}, {3, 5}, {2, 4}], [{8, 1}, {6, 7}, {3, 5}, {4}, {2}], [{8, 1}, {6, 7}, {4, 5}, {2, 3}], [{8, 1}, {7}, {2, 6}, {4, 5}, {3}], [{8, 1}, {7}, {3, 6}, {2, 5}, {4}], [{8, 1}, {7}, {3, 6}, {4, 5}, {2}], [{8, 1}, {7}, {3, 6}, {5}, {2, 4}], [{8, 1}, {7}, {3, 6}, {5}, {4}, {2}], [{8, 1}, {7}, {6}, {4, 5}, {2, 3}], [{8, 2}, {1, 7}, {3, 6}, {4, 5}], [{8, 2}, {1, 7}, {4, 6}, {3, 5}], [{8, 2}, {1, 7}, {5, 6}, {3, 4}], [{8, 2}, {1, 7}, {6}, {5}, {3, 4}], [{8, 2}, {3, 7}, {1, 6}, {4, 5}], [{8, 2}, {3, 7}, {4, 6}, {1, 5}], [{8, 2}, {3, 7}, {5, 6}, {1, 4}], [{8, 2}, {4, 7}, {1, 6}, {3, 5}], [{8, 2}, {4, 7}, {3, 6}, {1, 5}], [{8, 2}, {4, 7}, {3, 6}, {5}, {1}], [{8, 2}, {4, 7}, {5, 6}, {1, 3}], [{8, 2}, {4, 7}, {6}, {1, 5}, {3}], [{8, 2}, {5, 7}, {1, 6}, {3, 4}], [{8, 2}, {5, 7}, {3, 6}, {1, 4}], [{8, 2}, {5, 7}, {4, 6}, {1, 3}], [{8, 2}, {5, 7}, {6}, {4}, {1, 3}], [{8, 2}, {6, 7}, {1, 5}, {3, 4}], [{8, 2}, {6, 7}, {3, 5}, {1, 4}], [{8, 2}, {6, 7}, {4, 5}, {1, 3}], [{8, 2}, {7}, {1, 6}, {4, 5}, {3}], [{8, 2}, {7}, {4, 6}, {3, 5}, {1}], [{8, 2}, {7}, {5, 6}, {1, 4}, {3}], [{8, 3}, {1, 7}, {2, 6}, {4, 5}], [{8, 3}, {1, 7}, {4, 6}, {2, 5}], [{8, 3}, {1, 7}, {4, 6}, {5}, {2}], [{8, 3}, {1, 7}, {5, 6}, {2, 4}], [{8, 3}, {2, 7}, {1, 6}, {4, 5}], [{8, 3}, {2, 7}, {4, 6}, {1, 5}], [{8, 3}, {2, 7}, {5, 6}, {1, 4}], [{8, 3}, {2, 7}, {6}, {1, 5}, {4}], [{8, 3}, {4, 7}, {1, 6}, {2, 5}], [{8, 3}, {4, 7}, {2, 6}, {1, 5}], [{8, 3}, {4, 7}, {2, 6}, {5}, {1}], [{8, 3}, {4, 7}, {5, 6}, {1, 2}], [{8, 3}, {4, 7}, {6}, {1, 5}, {2}], [{8, 3}, {5, 7}, {1, 6}, {2, 4}], [{8, 3}, {5, 7}, {2, 6}, {1, 4}], [{8, 3}, {5, 7}, {4, 6}, {1, 2}], [{8, 3}, {5, 7}, {6}, {4}, {1, 2}], [{8, 3}, {6, 7}, {1, 5}, {2, 4}], [{8, 3}, {6, 7}, {2, 5}, {1, 4}], [{8, 3}, {6, 7}, {4, 5}, {1, 2}], [{8, 3}, {7}, {1, 6}, {4, 5}, {2}], [{8, 3}, {7}, {4, 6}, {2, 5}, {1}], [{8, 3}, {7}, {6}, {1, 5}, {2, 4}], [{8, 4}, {1, 7}, {2, 6}, {3, 5}], [{8, 4}, {1, 7}, {3, 6}, {2, 5}], [{8, 4}, {1, 7}, {3, 6}, {5}, {2}], [{8, 4}, {1, 7}, {5, 6}, {2, 3}], [{8, 4}, {2, 7}, {1, 6}, {3, 5}], [{8, 4}, {2, 7}, {3, 6}, {1, 5}], [{8, 4}, {2, 7}, {5, 6}, {1, 3}], [{8, 4}, {2, 7}, {6}, {1, 5}, {3}], [{8, 4}, {3, 7}, {1, 6}, {2, 5}], [{8, 4}, {3, 7}, {2, 6}, {1, 5}], [{8, 4}, {3, 7}, {5, 6}, {1, 2}], [{8, 4}, {5, 7}, {1, 6}, {2, 3}], [{8, 4}, {5, 7}, {2, 6}, {1, 3}], [{8, 4}, {5, 7}, {3, 6}, {1, 2}], [{8, 4}, {5, 7}, {6}, {2, 3}, {1}], [{8, 4}, {6, 7}, {1, 5}, {2, 3}], [{8, 4}, {6, 7}, {2, 5}, {1, 3}], [{8, 4}, {6, 7}, {3, 5}, {1, 2}], [{8, 4}, {7}, {3, 6}, {2, 5}, {1}], [{8, 5}, {1, 7}, {2, 6}, {3, 4}], [{8, 5}, {1, 7}, {3, 6}, {2, 4}], [{8, 5}, {1, 7}, {4, 6}, {2, 3}], [{8, 5}, {1, 7}, {4, 6}, {3}, {2}], [{8, 5}, {2, 7}, {1, 6}, {3, 4}], [{8, 5}, {2, 7}, {3, 6}, {1, 4}], [{8, 5}, {2, 7}, {3, 6}, {4}, {1}], [{8, 5}, {2, 7}, {4, 6}, {1, 3}], [{8, 5}, {3, 7}, {1, 6}, {2, 4}], [{8, 5}, {3, 7}, {1, 6}, {4}, {2}], [{8, 5}, {3, 7}, {2, 6}, {1, 4}], [{8, 5}, {3, 7}, {4, 6}, {1, 2}], [{8, 5}, {3, 7}, {4, 6}, {2}, {1}], [{8, 5}, {3, 7}, {6}, {1, 4}, {2}], [{8, 5}, {4, 7}, {1, 6}, {2, 3}], [{8, 5}, {4, 7}, {2, 6}, {1, 3}], [{8, 5}, {4, 7}, {2, 6}, {3}, {1}], [{8, 5}, {4, 7}, {3, 6}, {1, 2}], [{8, 5}, {4, 7}, {3, 6}, {2}, {1}], [{8, 5}, {4, 7}, {6}, {2, 3}, {1}], [{8, 5}, {6, 7}, {1, 4}, {2, 3}], [{8, 5}, {6, 7}, {2, 4}, {1, 3}], [{8, 5}, {6, 7}, {3, 4}, {1, 2}], [{8, 5}, {7}, {3, 6}, {2, 4}, {1}], [{8, 5}, {7}, {4, 6}, {1, 3}, {2}], [{8, 6}, {1, 7}, {2, 5}, {3, 4}], [{8, 6}, {1, 7}, {3, 5}, {2, 4}], [{8, 6}, {1, 7}, {4, 5}, {2, 3}], [{8, 6}, {1, 7}, {5}, {3, 4}, {2}], [{8, 6}, {2, 7}, {1, 5}, {3, 4}], [{8, 6}, {2, 7}, {1, 5}, {4}, {3}], [{8, 6}, {2, 7}, {3, 5}, {1, 4}], [{8, 6}, {2, 7}, {4, 5}, {1, 3}], [{8, 6}, {3, 7}, {1, 5}, {2, 4}], [{8, 6}, {3, 7}, {2, 5}, {1, 4}], [{8, 6}, {3, 7}, {4, 5}, {1, 2}], [{8, 6}, {4, 7}, {1, 5}, {2, 3}], [{8, 6}, {4, 7}, {1, 5}, {3}, {2}], [{8, 6}, {4, 7}, {2, 5}, {1, 3}], [{8, 6}, {4, 7}, {3, 5}, {1, 2}], [{8, 6}, {4, 7}, {5}, {2, 3}, {1}], [{8, 6}, {5, 7}, {1, 4}, {2, 3}], [{8, 6}, {5, 7}, {2, 4}, {1, 3}], [{8, 6}, {5, 7}, {3, 4}, {1, 2}], [{8, 6}, {5, 7}, {4}, {2, 3}, {1}], [{8, 6}, {7}, {1, 5}, {2, 4}, {3}], [{8, 6}, {7}, {2, 5}, {3, 4}, {1}], [{8, 6}, {7}, {3, 5}, {1, 4}, {2}], [{8, 6}, {7}, {4, 5}, {2, 3}, {1}], [{8, 7}, {1, 6}, {2, 5}, {3, 4}], [{8, 7}, {1, 6}, {3, 5}, {2, 4}], [{8, 7}, {1, 6}, {4, 5}, {2, 3}], [{8, 7}, {2, 6}, {1, 5}, {3, 4}], [{8, 7}, {2, 6}, {3, 5}, {1, 4}], [{8, 7}, {2, 6}, {4, 5}, {1, 3}], [{8, 7}, {3, 6}, {1, 5}, {2, 4}], [{8, 7}, {3, 6}, {2, 5}, {1, 4}], [{8, 7}, {3, 6}, {2, 5}, {4}, {1}], [{8, 7}, {3, 6}, {4, 5}, {1, 2}], [{8, 7}, {3, 6}, {5}, {1, 4}, {2}], [{8, 7}, {4, 6}, {1, 5}, {2, 3}], [{8, 7}, {4, 6}, {2, 5}, {1, 3}], [{8, 7}, {4, 6}, {3, 5}, {1, 2}], [{8, 7}, {5, 6}, {1, 4}, {2, 3}], [{8, 7}, {5, 6}, {2, 4}, {1, 3}], [{8, 7}, {5, 6}, {3, 4}, {1, 2}], [{8, 7}, {6}, {1, 5}, {2, 4}, {3}], [{8, 7}, {6}, {4, 5}, {2, 3}, {1}], [{8}, {1, 7}, {2, 6}, {5}, {3, 4}], [{8}, {1, 7}, {3, 6}, {2, 5}, {4}], [{8}, {1, 7}, {4, 6}, {3, 5}, {2}], [{8}, {1, 7}, {5, 6}, {2, 4}, {3}], [{8}, {1, 7}, {6}, {4, 5}, {2, 3}], [{8}, {2, 7}, {3, 6}, {1, 5}, {4}], [{8}, {2, 7}, {4, 6}, {1, 5}, {3}], [{8}, {2, 7}, {6}, {1, 5}, {3, 4}], [{8}, {2, 7}, {6}, {4, 5}, {1, 3}], [{8}, {3, 7}, {1, 6}, {5}, {2, 4}], [{8}, {3, 7}, {2, 6}, {5}, {1, 4}], [{8}, {3, 7}, {5, 6}, {2, 4}, {1}], [{8}, {3, 7}, {6}, {1, 5}, {2, 4}], [{8}, {3, 7}, {6}, {4, 5}, {1, 2}], [{8}, {4, 7}, {1, 6}, {5}, {2, 3}], [{8}, {4, 7}, {2, 6}, {1, 5}, {3}], [{8}, {4, 7}, {2, 6}, {3, 5}, {1}], [{8}, {4, 7}, {2, 6}, {5}, {1, 3}], [{8}, {4, 7}, {2, 6}, {5}, {3}, {1}], [{8}, {4, 7}, {3, 6}, {1, 5}, {2}], [{8}, {4, 7}, {3, 6}, {2, 5}, {1}], [{8}, {4, 7}, {3, 6}, {5}, {1, 2}], [{8}, {4, 7}, {3, 6}, {5}, {2}, {1}], [{8}, {4, 7}, {5, 6}, {2, 3}, {1}], [{8}, {4, 7}, {6}, {1, 5}, {2, 3}], [{8}, {4, 7}, {6}, {5}, {2, 3}, {1}], [{8}, {5, 7}, {1, 6}, {4}, {2, 3}], [{8}, {5, 7}, {4, 6}, {2, 3}, {1}], [{8}, {5, 7}, {6}, {1, 4}, {2, 3}], [{8}, {5, 7}, {6}, {4}, {2, 3}, {1}], [{8}, {6, 7}, {1, 5}, {2, 4}, {3}], [{8}, {6, 7}, {4, 5}, {2, 3}, {1}], [{8}, {6, 7}, {5}, {3, 4}, {1, 2}], [{8}, {7}, {1, 6}, {4, 5}, {2, 3}], [{8}, {7}, {3, 6}, {1, 5}, {2, 4}], [{8}, {7}, {3, 6}, {2, 5}, {1, 4}], [{8}, {7}, {5, 6}, {2, 4}, {1, 3}], [{8}, {7}, {6}, {4, 5}, {2, 3}, {1}]]",2,4 K_1^3 - 20 K_1^2 - 6 K_1 K_2 + 10 K_2 + 2 K_3 + 11,O1O2O3U4O5U1U3O6U7U6O4U8U5O8O7U2,O1O2U3O4O5U4O6O7U1O3U6U8U7O8U5U2,O1O2U3O4O3U5O6O7U6U4O8U1U8U2O5U7,c,{'O1O2O3U2O4O5U6U5O7U8U4O8U1U3O6U7'},1,"<a href=""/flatknot/8.975532"">8.975532</a>",t^9-63t^7-218t^6-77t^5+238t^4-44t^3-30t^2+73t+2,t^3-2t^2+t,,
8.975533,O1O2O3U2O4O5U6U5O7U8U4O8U1U7O6U3,4,13z^2+98z+145,13w^3z^2+98w^2z+145w,False,False,"[[ 0 -1 -1  2  1  1 -3  2 -1],[ 1  0  0  2  1  0 -2  2  0],[ 1  0  0  1  0  0  1  0  1],[-2 -2 -1  0  1  1 -4  1 -3],[-1 -1  0 -1  0  0 -2  0 -1],[-1  0  0 -1  0  0 -1  0 -1],[ 3  2 -1  4  2  1  0  2  2],[-2 -2  0 -1  0  0 -2  0 -2],[ 1  0 -1  3  1  1 -2  2  0]]","[[ 0  2  2  1  1 -1 -1 -1 -3],[-2  0  1  1  1 -1 -2 -3 -4],[-2 -1  0  0  0  0 -2 -2 -2],[-1 -1  0  0  0  0  0 -1 -1],[-1 -1  0  0  0  0 -1 -1 -2],[ 1  1  0  0  0  0  0  1  1],[ 1  2  2  0  1  0  0  0 -2],[ 1  3  2  1  1 -1  0  0 -2],[ 3  4  2  1  2 -1  2  2  0]]",True,"[-2,-2,-1,-1,1,1,1,3,-1,-1,-1,1,2,3,4,0,0,0,2,2,2,0,0,0,1,1,0,1,1,2,0,-1,-1,0,2,2]","[-3,-1,-1,-1,1,1,2,2,-1,2,2,1,2,2,4,0,1,0,0,0,1,0,0,1,2,2,1,1,2,3,0,0,-1,0,-1,-1]",t^8+63t^6+131t^4+36t^2,"[-3,-1,-1,-1,1,1,2,2,0,0,3,2,3,1,3,0,0,1,2,1,1,1,1,1,0,1,2,2,2,3,0,2,1,2,1,-1]","[-2,-2,-1,-1,1,1,1,3,-1,1,1,1,1,3,3,2,2,0,1,2,1,0,1,1,2,2,1,2,2,3,0,-1,0,0,0,3]","[-3,-1,-1,-1,1,1,2,2,-1,2,2,1,2,2,4,0,1,0,0,0,1,0,0,1,2,2,1,1,2,3,0,0,-1,0,-1,-1]",c,"[[{8, 1}, {3, 7}, {4, 6}, {2, 5}], [{8, 1}, {7}, {4, 6}, {2, 5}, {3}], [{8, 6}, {1, 7}, {2, 5}, {3, 4}], [{8, 6}, {4, 7}, {1, 5}, {2, 3}], [{8, 6}, {4, 7}, {2, 5}, {1, 3}], [{8}, {1, 7}, {6}, {2, 5}, {3, 4}]]",1,4 K_1^3 - 28 K_1^2 - 10 K_1 K_2 + 2 K_1 + 14 K_2 + 4 K_3 + 15,O1O2O3U1O4U5U3O6U7U6O5U8U4O8O7U2,O1O2U3O4O5U4O6O3U1O7U6U8U7O8U5U2,O1O2U3O4O3U1O5O6U5U4O7U8U7U2O8U6,c,{'O1O2O3U2O4O5U6U5O7U8U4O8U1U7O6U3'},1,"<a href=""/flatknot/8.975533"">8.975533</a>",t^9-65t^7-242t^6-131t^5+332t^4+215t^3-74t^2+30t,t^3-2t^2+t,,
8.975534,O1O2O3U2O4O5U6U7O8U1U3O7U5U8O6U4,4,z^3+21z^2+103z+131,w^4z^3+21w^3z^2+103w^2z+131w,False,False,"[[ 0 -2 -1  1  2  2 -3 -1  2],[ 2  0  0  2  2  1  0  1  2],[ 1  0  0  1  1  1  0  0  1],[-1 -2 -1  0  1  0 -2 -1  1],[-2 -2 -1 -1  0  0 -3 -1  0],[-2 -1 -1  0  0  0 -3 -2  0],[ 3  0  0  2  3  3  0  1  3],[ 1 -1  0  1  1  2 -1  0  2],[-2 -2 -1 -1  0  0 -3 -2  0]]","[[ 0  2  2  2  1 -1 -1 -2 -3],[-2  0  0  0  0 -1 -2 -1 -3],[-2  0  0  0 -1 -1 -1 -2 -3],[-2  0  0  0 -1 -1 -2 -2 -3],[-1  0  1  1  0 -1 -1 -2 -2],[ 1  1  1  1  1  0  0  0  0],[ 1  2  1  2  1  0  0 -1 -1],[ 2  1  2  2  2  0  1  0  0],[ 3  3  3  3  2  0  1  0  0]]",True,"[-2,-2,-2,-1,1,1,2,3,0,0,0,1,2,1,3,0,1,1,1,2,3,1,1,2,2,3,1,1,2,2,0,0,0,1,1,0]","[-3,-2,-1,-1,1,2,2,2,0,0,1,2,3,3,3,0,1,2,1,2,2,0,1,1,1,1,1,2,1,2,0,1,1,0,0,0]",t^8+62t^6+148t^4+64t^2+1,"[-3,-2,-1,-1,1,2,2,2,1,1,2,2,2,2,2,0,1,1,2,2,3,0,1,1,2,1,1,2,2,2,0,0,1,0,0,0]","[-2,-2,-2,-1,1,1,2,3,0,0,0,1,2,2,2,0,0,2,2,2,2,1,1,2,3,2,1,1,1,2,0,0,1,1,2,1]","[-3,-2,-1,-1,1,2,2,2,0,0,1,2,3,3,3,0,1,2,1,2,2,0,1,1,1,1,1,2,1,2,0,1,1,0,0,0]",c,"[[{8, 5}, {1, 7}, {2, 6}, {3, 4}], [{8, 5}, {6, 7}, {1, 4}, {2, 3}], [{8, 6}, {5, 7}, {1, 4}, {2, 3}], [{8, 7}, {5, 6}, {1, 4}, {2, 3}]]",1,24 K_1^3 - 28 K_1^2 - 34 K_1 K_2 - K_1 + 14 K_2 + 11 K_3 + 15,O1O2O3U4O5U6U7O8U1U3O6U8U5O7O4U2,O1O2U3O4O5U2O6O3U1O7U4U8U5O8U7U6,O1O2U3O4O5U1O3O6U2U7O8U4U8U5O7U6,c,{'O1O2O3U2O4O5U6U7O8U1U3O7U5U8O6U4'},1,"<a href=""/flatknot/8.975534"">8.975534</a>",t^9-64t^7-106t^6+116t^5+174t^4-47t^3-16t^2+12t,t^3-2t^2+t,,
8.975535,O1O2O3U2O4O5U6U7O8U1U4O7U5U8O6U3,3,12z^2+81z+115,12w^3z^2+81w^2z+115w,False,False,"[[ 0 -2 -1  2  1  2 -3 -1  2],[ 2  0  0  3  1  1  0  1  2],[ 1  0  0  1  0  0  1  1  0],[-2 -3 -1  0  0  1 -4 -2  1],[-1 -1  0  0  0  0 -2 -1  1],[-2 -1  0 -1  0  0 -3 -2  0],[ 3  0 -1  4  2  3  0  1  3],[ 1 -1 -1  2  1  2 -1  0  2],[-2 -2  0 -1 -1  0 -3 -2  0]]","[[ 0  2  2  2  1 -1 -1 -2 -3],[-2  0  1  1  0 -1 -2 -3 -4],[-2 -1  0  0  0  0 -2 -1 -3],[-2 -1  0  0 -1  0 -2 -2 -3],[-1  0  0  1  0  0 -1 -1 -2],[ 1  1  0  0  0  0  1  0  1],[ 1  2  2  2  1 -1  0 -1 -1],[ 2  3  1  2  1  0  1  0  0],[ 3  4  3  3  2 -1  1  0  0]]",True,"[-2,-2,-2,-1,1,1,2,3,-1,-1,0,1,2,3,4,0,0,0,2,1,3,1,0,2,2,3,0,1,1,2,-1,0,-1,1,1,0]","[-3,-2,-1,-1,1,2,2,2,0,-1,1,2,3,3,4,0,1,1,1,2,3,1,0,0,0,1,1,2,2,2,0,1,0,0,-1,-1]",t^8+74t^6+153t^4+36t^2,"[-3,-2,-1,-1,1,2,2,2,1,1,3,2,1,2,2,0,1,2,1,2,3,1,1,1,1,1,2,2,3,3,1,0,1,-1,-1,0]","[-2,-2,-2,-1,1,1,2,3,-1,0,0,1,3,2,2,1,1,1,2,1,1,1,1,3,3,2,1,2,2,2,-1,0,1,1,3,1]","[-3,-2,-1,-1,1,2,2,2,0,-1,1,2,3,3,4,0,1,1,1,2,3,1,0,0,0,1,1,2,2,2,0,1,0,0,-1,-1]",c,"[[{8, 4}, {1, 7}, {3, 6}, {2, 5}], [{8, 4}, {7}, {3, 6}, {2, 5}, {1}], [{8, 5}, {6, 7}, {2, 4}, {1, 3}], [{8, 6}, {5, 7}, {2, 4}, {1, 3}], [{8, 6}, {5, 7}, {4}, {1, 3}, {2}], [{8, 7}, {5, 6}, {1, 4}, {2, 3}], [{8, 7}, {5, 6}, {2, 4}, {1, 3}]]",1,4 K_1^3 - 20 K_1^2 - 2 K_1 K_2 - 2 K_1 + 10 K_2 + 11,O1O2O3U1O4U5U6O7U8U3O5U7U4O6O8U2,O1O2U3O4O5U2O6O3U1O7U4U8U7O8U5U6,O1O2U3O4O5U1O3O6U2U4O7U8U7U5O8U6,c,{'O1O2O3U2O4O5U6U7O8U1U4O7U5U8O6U3'},1,"<a href=""/flatknot/8.975535"">8.975535</a>",t^9-76t^7-184t^6+87t^5+236t^4-60t^3-36t^2+32t-8,t^3-2t^2+t,,
8.975536,O1O2O3U2O4O5U6U7O8U1U5O7U3U8O6U4,3,16z^2+85z+107,16w^3z^2+85w^2z+107w,False,False,"[[ 0 -2 -1  1  2  2 -3 -1  2],[ 2  0  0  2  2  1  0  1  2],[ 1  0  0  1  1  0  0  1  1],[-1 -2 -1  0  1  1 -3 -2  1],[-2 -2 -1 -1  0  1 -3 -2  0],[-2 -1  0 -1 -1  0 -2 -2  0],[ 3  0  0  3  3  2  0  1  3],[ 1 -1 -1  2  2  2 -1  0  2],[-2 -2 -1 -1  0  0 -3 -2  0]]","[[ 0  2  2  1 -1 -1 -3],[-2  0  0 -1  0 -2 -2],[-2  0  0 -1 -1 -2 -3],[-1  1  1  0 -1 -2 -3],[ 1  0  1  1  0  1  0],[ 1  2  2  2 -1  0 -1],[ 3  2  3  3  0  1  0]]",False,"[-2,-2,-1,1,1,3,0,1,0,2,2,1,1,2,3,1,2,3,-1,0,1]","[-3,-1,-1,1,2,2,0,1,3,2,3,1,1,0,1,2,2,2,1,1,0]",t^6+40t^4+34t^2,"[-3,-1,-1,1,2,2,1,2,1,2,3,1,0,1,1,1,2,3,0,0,0]","[-2,-2,-1,1,1,3,0,0,1,2,2,0,1,3,3,0,1,1,-1,1,2]","[-3,-1,-1,1,2,2,0,1,3,2,3,1,1,0,1,2,2,2,1,1,0]",c,"[[{8, 2}, {3, 7}, {5, 6}, {1, 4}], [{8, 5}, {3, 7}, {2, 6}, {1, 4}], [{8, 5}, {3, 7}, {2, 6}, {4}, {1}], [{8, 6}, {3, 7}, {2, 5}, {1, 4}], [{8, 6}, {4, 7}, {2, 5}, {1, 3}], [{8, 7}, {2, 6}, {3, 5}, {1, 4}], [{8, 7}, {2, 6}, {3, 5}, {4}, {1}]]",1,12 K_1^3 - 24 K_1^2 - 14 K_1 K_2 - 2 K_1 + 12 K_2 + 4 K_3 + 13,O1O2O3U4O5U6U1O7U8U3O6U7U5O8O4U2,O1O2U3O4O5U2O6O3U1O7U4U8U6O8U7U5,O1O2U3O4O5U1O3O6U4U7O8U2U8U5O7U6,c,{'O1O2O3U2O4O5U6U7O8U1U5O7U3U8O6U4'},1,"<a href=""/flatknot/8.975536"">8.975536</a>",t^7-42t^5-88t^4-8t^3+32t^2-10t-8,t^3-2t^2+t,,
8.975537,O1O2O3U2O4O5U6U7O8U1U5O7U4U8O6U3,4,16z^2+101z+139,16w^3z^2+101w^2z+139w,False,False,"[[ 0 -2 -1  2  1  2 -3 -1  2],[ 2  0  0  3  1  1  0  1  2],[ 1  0  0  1  0  0  1  1  0],[-2 -3 -1  0  0  1 -4 -2  1],[-1 -1  0  0  0  1 -3 -2  1],[-2 -1  0 -1 -1  0 -2 -2  0],[ 3  0 -1  4  3  2  0  1  3],[ 1 -1 -1  2  2  2 -1  0  2],[-2 -2  0 -1 -1  0 -3 -2  0]]","[[ 0  2  2  2  1 -1 -1 -2 -3],[-2  0  1  1  0 -1 -2 -3 -4],[-2 -1  0  0 -1  0 -2 -1 -2],[-2 -1  0  0 -1  0 -2 -2 -3],[-1  0  1  1  0  0 -2 -1 -3],[ 1  1  0  0  0  0  1  0  1],[ 1  2  2  2  2 -1  0 -1 -1],[ 2  3  1  2  1  0  1  0  0],[ 3  4  2  3  3 -1  1  0  0]]",True,"[-2,-2,-2,-1,1,1,2,3,-1,-1,0,1,2,3,4,0,1,0,2,1,2,1,0,2,2,3,0,2,1,3,-1,0,-1,1,1,0]","[-3,-2,-1,-1,1,2,2,2,0,-1,1,3,2,3,4,0,1,1,1,2,3,1,0,0,0,1,2,2,2,2,1,1,0,0,-1,-1]",t^8+78t^6+183t^4+37t^2+1,"[-3,-2,-1,-1,1,2,2,2,1,1,3,1,1,2,3,0,1,2,1,2,3,1,0,1,1,1,2,2,3,3,1,0,0,-1,-1,0]","[-2,-2,-2,-1,1,1,2,3,-1,0,0,1,3,2,2,1,1,1,2,1,1,0,1,3,3,3,0,2,2,1,-1,0,1,1,3,1]","[-3,-2,-1,-1,1,2,2,2,0,-1,1,3,2,3,4,0,1,1,1,2,3,1,0,0,0,1,2,2,2,2,1,1,0,0,-1,-1]",c,"[[{8, 5}, {2, 7}, {1, 6}, {3, 4}], [{8, 7}, {1, 6}, {2, 5}, {3, 4}]]",1,8 K_1^3 - 28 K_1^2 - 22 K_1 K_2 + 5 K_1 + 14 K_2 + 9 K_3 + 15,O1O2O3U1O4U5U6O7U8U3O5U7U4O8O6U2,O1O2U3O4O5U2O6O3U1O7U4U8U7O8U6U5,O1O2U3O4O5U1O3O6U4U2O7U8U7U5O8U6,c,{'O1O2O3U2O4O5U6U7O8U1U5O7U4U8O6U3'},1,"<a href=""/flatknot/8.975537"">8.975537</a>",t^9-80t^7-210t^6+71t^5+382t^4+72t^3-84t^2-85t+12,t^3-2t^2+t,,
8.975538,O1O2O3U2O4O5U6U7O8U3U5O7U1U4O6U8,4,2z^3+29z^2+108z+117,2w^4z^3+29w^3z^2+108w^2z+117w,False,False,"[[ 0 -1 -1  0  2  2 -3 -1  2],[ 1  0 -1  1  2  2 -2 -1  2],[ 1  1  0  1  1  1  0  0  1],[ 0 -1 -1  0  1  1 -1 -1  1],[-2 -2 -1 -1  0  1 -3 -3  0],[-2 -2 -1 -1 -1  0 -1 -2 -1],[ 3  2  0  1  3  1  0  2  3],[ 1  1  0  1  3  2 -2  0  2],[-2 -2 -1 -1  0  1 -3 -2  0]]","[[ 0  2  2  2  0 -1 -1 -1 -3],[-2  0  1  0 -1 -1 -2 -2 -3],[-2 -1  0 -1 -1 -1 -2 -2 -1],[-2  0  1  0 -1 -1 -2 -3 -3],[ 0  1  1  1  0 -1 -1 -1 -1],[ 1  1  1  1  1  0  1  0  0],[ 1  2  2  2  1 -1  0 -1 -2],[ 1  2  2  3  1  0  1  0 -2],[ 3  3  1  3  1  0  2  2  0]]",True,"[-2,-2,-2,0,1,1,1,3,-1,0,1,1,2,2,3,1,1,1,2,2,1,1,1,2,3,3,1,1,1,1,-1,0,0,1,2,2]","[-3,-1,-1,-1,0,2,2,2,0,0,2,2,2,2,4,-1,0,0,0,1,1,1,0,1,1,1,0,2,2,2,1,1,1,0,-1,-1]",t^8+70t^6+144t^4+36t^2+1,"[-3,-1,-1,-1,0,2,2,2,0,0,2,2,2,2,4,-1,0,0,0,1,1,1,0,1,1,1,0,2,2,2,1,1,1,0,-1,-1]","[-2,-2,-2,0,1,1,1,3,-1,-1,1,1,1,2,4,0,1,0,1,2,2,1,1,1,2,2,0,0,0,2,1,0,0,-1,0,2]","[-3,-1,-1,-1,0,2,2,2,0,2,2,1,1,3,3,0,1,1,1,1,1,1,1,2,2,3,1,2,2,2,1,1,1,-1,-1,0]",c,"[[{8, 1}, {2, 7}, {3, 6}, {4, 5}], [{8, 1}, {2, 7}, {4, 6}, {3, 5}], [{8, 1}, {2, 7}, {5, 6}, {3, 4}], [{8, 1}, {2, 7}, {6}, {5}, {3, 4}], [{8, 1}, {3, 7}, {2, 6}, {4, 5}], [{8, 1}, {3, 7}, {4, 6}, {2, 5}], [{8, 1}, {3, 7}, {4, 6}, {5}, {2}], [{8, 1}, {3, 7}, {5, 6}, {2, 4}], [{8, 1}, {3, 7}, {6}, {2, 5}, {4}], [{8, 1}, {4, 7}, {2, 6}, {3, 5}], [{8, 1}, {4, 7}, {3, 6}, {2, 5}], [{8, 1}, {4, 7}, {5, 6}, {2, 3}], [{8, 1}, {4, 7}, {6}, {2, 5}, {3}], [{8, 1}, {5, 7}, {2, 6}, {3, 4}], [{8, 1}, {5, 7}, {3, 6}, {2, 4}], [{8, 1}, {5, 7}, {4, 6}, {2, 3}], [{8, 1}, {5, 7}, {6}, {3, 4}, {2}], [{8, 1}, {6, 7}, {2, 5}, {3, 4}], [{8, 1}, {6, 7}, {3, 5}, {2, 4}], [{8, 1}, {6, 7}, {4, 5}, {2, 3}], [{8, 1}, {6, 7}, {5}, {2, 4}, {3}], [{8, 1}, {6, 7}, {5}, {3, 4}, {2}], [{8, 1}, {6, 7}, {5}, {4}, {2, 3}], [{8, 1}, {7}, {2, 6}, {5}, {3, 4}], [{8, 1}, {7}, {3, 6}, {4, 5}, {2}], [{8, 1}, {7}, {5, 6}, {3, 4}, {2}], [{8, 1}, {7}, {6}, {2, 5}, {3, 4}], [{8, 2}, {1, 7}, {3, 6}, {4, 5}], [{8, 2}, {1, 7}, {4, 6}, {3, 5}], [{8, 2}, {1, 7}, {4, 6}, {5}, {3}], [{8, 2}, {1, 7}, {5, 6}, {3, 4}], [{8, 2}, {1, 7}, {6}, {3, 5}, {4}], [{8, 2}, {3, 7}, {1, 6}, {4, 5}], [{8, 2}, {3, 7}, {4, 6}, {1, 5}], [{8, 2}, {3, 7}, {5, 6}, {1, 4}], [{8, 2}, {3, 7}, {5, 6}, {4}, {1}], [{8, 2}, {3, 7}, {6}, {5}, {1, 4}], [{8, 2}, {4, 7}, {1, 6}, {3, 5}], [{8, 2}, {4, 7}, {1, 6}, {5}, {3}], [{8, 2}, {4, 7}, {3, 6}, {1, 5}], [{8, 2}, {4, 7}, {5, 6}, {1, 3}], [{8, 2}, {4, 7}, {5, 6}, {3}, {1}], [{8, 2}, {4, 7}, {6}, {1, 5}, {3}], [{8, 2}, {5, 7}, {1, 6}, {3, 4}], [{8, 2}, {5, 7}, {3, 6}, {1, 4}], [{8, 2}, {5, 7}, {4, 6}, {1, 3}], [{8, 2}, {6, 7}, {1, 5}, {3, 4}], [{8, 2}, {6, 7}, {3, 5}, {1, 4}], [{8, 2}, {6, 7}, {4, 5}, {1, 3}], [{8, 2}, {7}, {3, 6}, {4, 5}, {1}], [{8, 2}, {7}, {5, 6}, {3, 4}, {1}], [{8, 3}, {1, 7}, {2, 6}, {4, 5}], [{8, 3}, {1, 7}, {2, 6}, {5}, {4}], [{8, 3}, {1, 7}, {4, 6}, {2, 5}], [{8, 3}, {1, 7}, {4, 6}, {5}, {2}], [{8, 3}, {1, 7}, {5, 6}, {2, 4}], [{8, 3}, {1, 7}, {6}, {5}, {2, 4}], [{8, 3}, {2, 7}, {1, 6}, {4, 5}], [{8, 3}, {2, 7}, {1, 6}, {5}, {4}], [{8, 3}, {2, 7}, {4, 6}, {1, 5}], [{8, 3}, {2, 7}, {4, 6}, {5}, {1}], [{8, 3}, {2, 7}, {5, 6}, {1, 4}], [{8, 3}, {2, 7}, {6}, {5}, {1, 4}], [{8, 3}, {4, 7}, {1, 6}, {2, 5}], [{8, 3}, {4, 7}, {1, 6}, {5}, {2}], [{8, 3}, {4, 7}, {2, 6}, {1, 5}], [{8, 3}, {4, 7}, {2, 6}, {5}, {1}], [{8, 3}, {4, 7}, {5, 6}, {1, 2}], [{8, 3}, {4, 7}, {6}, {5}, {1, 2}], [{8, 3}, {5, 7}, {1, 6}, {2, 4}], [{8, 3}, {5, 7}, {2, 6}, {1, 4}], [{8, 3}, {5, 7}, {4, 6}, {1, 2}], [{8, 3}, {5, 7}, {4, 6}, {2}, {1}], [{8, 3}, {6, 7}, {1, 5}, {2, 4}], [{8, 3}, {6, 7}, {2, 5}, {1, 4}], [{8, 3}, {6, 7}, {4, 5}, {1, 2}], [{8, 3}, {6, 7}, {5}, {1, 4}, {2}], [{8, 3}, {6, 7}, {5}, {2, 4}, {1}], [{8, 3}, {6, 7}, {5}, {4}, {1, 2}], [{8, 3}, {7}, {1, 6}, {5}, {2, 4}], [{8, 3}, {7}, {2, 6}, {5}, {1, 4}], [{8, 3}, {7}, {4, 6}, {1, 5}, {2}], [{8, 3}, {7}, {4, 6}, {2, 5}, {1}], [{8, 3}, {7}, {4, 6}, {5}, {1, 2}], [{8, 3}, {7}, {4, 6}, {5}, {2}, {1}], [{8, 4}, {1, 7}, {2, 6}, {3, 5}], [{8, 4}, {1, 7}, {2, 6}, {5}, {3}], [{8, 4}, {1, 7}, {3, 6}, {2, 5}], [{8, 4}, {1, 7}, {5, 6}, {2, 3}], [{8, 4}, {1, 7}, {6}, {3, 5}, {2}], [{8, 4}, {2, 7}, {1, 6}, {3, 5}], [{8, 4}, {2, 7}, {1, 6}, {5}, {3}], [{8, 4}, {2, 7}, {3, 6}, {1, 5}], [{8, 4}, {2, 7}, {5, 6}, {1, 3}], [{8, 4}, {3, 7}, {1, 6}, {2, 5}], [{8, 4}, {3, 7}, {2, 6}, {1, 5}], [{8, 4}, {3, 7}, {5, 6}, {1, 2}], [{8, 4}, {3, 7}, {5, 6}, {2}, {1}], [{8, 4}, {5, 7}, {1, 6}, {2, 3}], [{8, 4}, {5, 7}, {2, 6}, {1, 3}], [{8, 4}, {5, 7}, {3, 6}, {1, 2}], [{8, 4}, {6, 7}, {1, 5}, {2, 3}], [{8, 4}, {6, 7}, {2, 5}, {1, 3}], [{8, 4}, {6, 7}, {3, 5}, {1, 2}], [{8, 5}, {1, 7}, {2, 6}, {3, 4}], [{8, 5}, {1, 7}, {2, 6}, {4}, {3}], [{8, 5}, {1, 7}, {3, 6}, {2, 4}], [{8, 5}, {1, 7}, {4, 6}, {2, 3}], [{8, 5}, {1, 7}, {4, 6}, {3}, {2}], [{8, 5}, {1, 7}, {6}, {2, 4}, {3}], [{8, 5}, {2, 7}, {1, 6}, {3, 4}], [{8, 5}, {2, 7}, {1, 6}, {4}, {3}], [{8, 5}, {2, 7}, {3, 6}, {1, 4}], [{8, 5}, {2, 7}, {4, 6}, {1, 3}], [{8, 5}, {3, 7}, {1, 6}, {2, 4}], [{8, 5}, {3, 7}, {2, 6}, {1, 4}], [{8, 5}, {3, 7}, {4, 6}, {1, 2}], [{8, 5}, {4, 7}, {1, 6}, {2, 3}], [{8, 5}, {4, 7}, {1, 6}, {3}, {2}], [{8, 5}, {4, 7}, {2, 6}, {1, 3}], [{8, 5}, {4, 7}, {3, 6}, {1, 2}], [{8, 5}, {6, 7}, {1, 4}, {2, 3}], [{8, 5}, {6, 7}, {2, 4}, {1, 3}], [{8, 5}, {6, 7}, {2, 4}, {3}, {1}], [{8, 5}, {6, 7}, {3, 4}, {1, 2}], [{8, 5}, {7}, {1, 6}, {2, 4}, {3}], [{8, 6}, {1, 7}, {2, 5}, {3, 4}], [{8, 6}, {1, 7}, {3, 5}, {2, 4}], [{8, 6}, {1, 7}, {3, 5}, {4}, {2}], [{8, 6}, {1, 7}, {4, 5}, {2, 3}], [{8, 6}, {1, 7}, {5}, {2, 4}, {3}], [{8, 6}, {2, 7}, {1, 5}, {3, 4}], [{8, 6}, {2, 7}, {3, 5}, {1, 4}], [{8, 6}, {2, 7}, {4, 5}, {1, 3}], [{8, 6}, {2, 7}, {5}, {3, 4}, {1}], [{8, 6}, {3, 7}, {1, 5}, {2, 4}], [{8, 6}, {3, 7}, {2, 5}, {1, 4}], [{8, 6}, {3, 7}, {4, 5}, {1, 2}], [{8, 6}, {3, 7}, {4, 5}, {2}, {1}], [{8, 6}, {4, 7}, {1, 5}, {2, 3}], [{8, 6}, {4, 7}, {2, 5}, {1, 3}], [{8, 6}, {4, 7}, {2, 5}, {3}, {1}], [{8, 6}, {4, 7}, {3, 5}, {1, 2}], [{8, 6}, {5, 7}, {1, 4}, {2, 3}], [{8, 6}, {5, 7}, {2, 4}, {1, 3}], [{8, 6}, {5, 7}, {3, 4}, {1, 2}], [{8, 6}, {7}, {1, 5}, {3, 4}, {2}], [{8, 7}, {1, 6}, {2, 5}, {3, 4}], [{8, 7}, {1, 6}, {3, 5}, {2, 4}], [{8, 7}, {1, 6}, {4, 5}, {2, 3}], [{8, 7}, {1, 6}, {5}, {2, 4}, {3}], [{8, 7}, {2, 6}, {1, 5}, {3, 4}], [{8, 7}, {2, 6}, {3, 5}, {1, 4}], [{8, 7}, {2, 6}, {4, 5}, {1, 3}], [{8, 7}, {2, 6}, {5}, {3, 4}, {1}], [{8, 7}, {3, 6}, {1, 5}, {2, 4}], [{8, 7}, {3, 6}, {2, 5}, {1, 4}], [{8, 7}, {3, 6}, {4, 5}, {1, 2}], [{8, 7}, {4, 6}, {1, 5}, {2, 3}], [{8, 7}, {4, 6}, {2, 5}, {1, 3}], [{8, 7}, {4, 6}, {3, 5}, {1, 2}], [{8, 7}, {4, 6}, {5}, {1, 3}, {2}], [{8, 7}, {5, 6}, {1, 4}, {2, 3}], [{8, 7}, {5, 6}, {2, 4}, {1, 3}], [{8, 7}, {5, 6}, {3, 4}, {1, 2}], [{8, 7}, {5, 6}, {4}, {1, 3}, {2}], [{8, 7}, {6}, {1, 5}, {4}, {2, 3}], [{8, 7}, {6}, {4, 5}, {1, 3}, {2}], [{8}, {1, 7}, {2, 6}, {3, 5}, {4}], [{8}, {1, 7}, {2, 6}, {4, 5}, {3}], [{8}, {1, 7}, {2, 6}, {5}, {3, 4}], [{8}, {1, 7}, {2, 6}, {5}, {4}, {3}], [{8}, {1, 7}, {3, 6}, {5}, {2, 4}], [{8}, {1, 7}, {4, 6}, {2, 5}, {3}], [{8}, {1, 7}, {4, 6}, {3, 5}, {2}], [{8}, {1, 7}, {4, 6}, {5}, {2, 3}], [{8}, {1, 7}, {4, 6}, {5}, {3}, {2}], [{8}, {1, 7}, {5, 6}, {2, 4}, {3}], [{8}, {1, 7}, {6}, {3, 5}, {2, 4}], [{8}, {1, 7}, {6}, {5}, {2, 4}, {3}], [{8}, {2, 7}, {1, 6}, {3, 5}, {4}], [{8}, {2, 7}, {1, 6}, {4, 5}, {3}], [{8}, {2, 7}, {1, 6}, {5}, {3, 4}], [{8}, {2, 7}, {1, 6}, {5}, {4}, {3}], [{8}, {3, 7}, {1, 6}, {5}, {2, 4}], [{8}, {3, 7}, {5, 6}, {2, 4}, {1}], [{8}, {3, 7}, {6}, {1, 5}, {2, 4}], [{8}, {4, 7}, {1, 6}, {2, 5}, {3}], [{8}, {4, 7}, {1, 6}, {3, 5}, {2}], [{8}, {4, 7}, {1, 6}, {5}, {2, 3}], [{8}, {4, 7}, {1, 6}, {5}, {3}, {2}], [{8}, {5, 7}, {1, 6}, {2, 4}, {3}], [{8}, {5, 7}, {3, 6}, {2, 4}, {1}], [{8}, {5, 7}, {6}, {2, 4}, {1, 3}], [{8}, {6, 7}, {1, 5}, {2, 4}, {3}], [{8}, {6, 7}, {3, 5}, {2, 4}, {1}], [{8}, {6, 7}, {5}, {2, 4}, {1, 3}], [{8}, {6, 7}, {5}, {2, 4}, {3}, {1}], [{8}, {7}, {1, 6}, {3, 5}, {2, 4}], [{8}, {7}, {1, 6}, {5}, {2, 4}, {3}], [{8}, {7}, {3, 6}, {1, 5}, {2, 4}], [{8}, {7}, {3, 6}, {4, 5}, {1, 2}], [{8}, {7}, {5, 6}, {2, 4}, {1, 3}], [{8}, {7}, {5, 6}, {3, 4}, {1, 2}]]",2,4 K_1^3 - 10 K_1^2 - 2 K_1 K_2 - 2 K_1 + 5 K_2 + 6,O1O2O3U4O5U6U3O7U8U1O4U7U5O8O6U2,O1O2U3O4O5U2O6O7U1O3U6U8U4O8U7U5,O1O2U3O4O5U6O3O7U4U1O8U5U8U2O6U7,c,{'O1O2O3U2O4O5U6U7O8U3U5O7U1U4O6U8'},1,"<a href=""/flatknot/8.975538"">8.975538</a>",t^9-70t^7-298t^6-315t^5+234t^4+521t^3+130t^2-92t-38,t^3-3t^2+3t,,
8.975539,O1O2O3U2O4O5U6U7O8U3U5O7U1U8O6U4,4,16z^2+101z+139,16w^3z^2+101w^2z+139w,False,False,"[[ 0 -1 -1  0  2  2 -3 -1  2],[ 1  0 -1  1  2  2 -2 -1  2],[ 1  1  0  1  1  1  0  0  1],[ 0 -1 -1  0  1  1 -1 -1  1],[-2 -2 -1 -1  0  1 -3 -2  0],[-2 -2 -1 -1 -1  0 -2 -2  0],[ 3  2  0  1  3  2  0  1  3],[ 1  1  0  1  2  2 -1  0  2],[-2 -2 -1 -1  0  0 -3 -2  0]]","[[ 0  2  2  2  0 -1 -1 -1 -3],[-2  0  1  0 -1 -1 -2 -2 -3],[-2 -1  0  0 -1 -1 -2 -2 -2],[-2  0  0  0 -1 -1 -2 -2 -3],[ 0  1  1  1  0 -1 -1 -1 -1],[ 1  1  1  1  1  0  1  0  0],[ 1  2  2  2  1 -1  0 -1 -2],[ 1  2  2  2  1  0  1  0 -1],[ 3  3  2  3  1  0  2  1  0]]",True,"[-2,-2,-2,0,1,1,1,3,-1,0,1,1,2,2,3,0,1,1,2,2,2,1,1,2,2,3,1,1,1,1,-1,0,0,1,2,1]","[-3,-1,-1,-1,0,2,2,2,0,1,2,1,2,3,3,0,1,1,1,1,1,1,1,2,2,2,1,2,2,2,1,1,1,-1,0,0]",t^8+64t^6+95t^4+31t^2+1,"[-3,-1,-1,-1,0,2,2,2,0,1,2,2,2,2,3,1,1,0,1,1,1,0,0,1,1,1,0,2,2,2,1,1,1,0,-1,0]","[-2,-2,-2,0,1,1,1,3,-1,0,1,1,1,2,3,0,1,1,1,2,2,1,1,1,2,2,0,0,0,2,-1,-1,0,0,1,2]","[-3,-1,-1,-1,0,2,2,2,0,1,2,1,2,3,3,0,1,1,1,1,1,1,1,2,2,2,1,2,2,2,1,1,1,-1,0,0]",c,"[[{8, 1}, {2, 7}, {3, 6}, {4, 5}], [{8, 1}, {2, 7}, {4, 6}, {3, 5}], [{8, 1}, {2, 7}, {5, 6}, {3, 4}], [{8, 1}, {3, 7}, {2, 6}, {4, 5}], [{8, 1}, {3, 7}, {4, 6}, {2, 5}], [{8, 1}, {3, 7}, {5, 6}, {2, 4}], [{8, 1}, {3, 7}, {6}, {5}, {2, 4}], [{8, 1}, {4, 7}, {2, 6}, {3, 5}], [{8, 1}, {4, 7}, {3, 6}, {2, 5}], [{8, 1}, {4, 7}, {3, 6}, {5}, {2}], [{8, 1}, {4, 7}, {5, 6}, {2, 3}], [{8, 1}, {5, 7}, {2, 6}, {3, 4}], [{8, 1}, {5, 7}, {3, 6}, {2, 4}], [{8, 1}, {5, 7}, {4, 6}, {2, 3}], [{8, 1}, {6, 7}, {2, 5}, {3, 4}], [{8, 1}, {6, 7}, {2, 5}, {4}, {3}], [{8, 1}, {6, 7}, {3, 5}, {2, 4}], [{8, 1}, {6, 7}, {4, 5}, {2, 3}], [{8, 1}, {7}, {2, 6}, {3, 5}, {4}], [{8, 2}, {1, 7}, {3, 6}, {4, 5}], [{8, 2}, {1, 7}, {4, 6}, {3, 5}], [{8, 2}, {1, 7}, {4, 6}, {5}, {3}], [{8, 2}, {1, 7}, {5, 6}, {3, 4}], [{8, 2}, {1, 7}, {6}, {3, 5}, {4}], [{8, 2}, {3, 7}, {1, 6}, {4, 5}], [{8, 2}, {3, 7}, {4, 6}, {1, 5}], [{8, 2}, {3, 7}, {5, 6}, {1, 4}], [{8, 2}, {3, 7}, {6}, {1, 5}, {4}], [{8, 2}, {4, 7}, {1, 6}, {3, 5}], [{8, 2}, {4, 7}, {3, 6}, {1, 5}], [{8, 2}, {4, 7}, {5, 6}, {1, 3}], [{8, 2}, {5, 7}, {1, 6}, {3, 4}], [{8, 2}, {5, 7}, {1, 6}, {4}, {3}], [{8, 2}, {5, 7}, {3, 6}, {1, 4}], [{8, 2}, {5, 7}, {3, 6}, {4}, {1}], [{8, 2}, {5, 7}, {4, 6}, {1, 3}], [{8, 2}, {5, 7}, {6}, {4}, {1, 3}], [{8, 2}, {6, 7}, {1, 5}, {3, 4}], [{8, 2}, {6, 7}, {3, 5}, {1, 4}], [{8, 2}, {6, 7}, {4, 5}, {1, 3}], [{8, 2}, {7}, {5, 6}, {1, 4}, {3}], [{8, 3}, {1, 7}, {2, 6}, {4, 5}], [{8, 3}, {1, 7}, {4, 6}, {2, 5}], [{8, 3}, {1, 7}, {4, 6}, {5}, {2}], [{8, 3}, {1, 7}, {5, 6}, {2, 4}], [{8, 3}, {1, 7}, {5, 6}, {4}, {2}], [{8, 3}, {1, 7}, {6}, {4, 5}, {2}], [{8, 3}, {2, 7}, {1, 6}, {4, 5}], [{8, 3}, {2, 7}, {4, 6}, {1, 5}], [{8, 3}, {2, 7}, {5, 6}, {1, 4}], [{8, 3}, {2, 7}, {5, 6}, {4}, {1}], [{8, 3}, {4, 7}, {1, 6}, {2, 5}], [{8, 3}, {4, 7}, {2, 6}, {1, 5}], [{8, 3}, {4, 7}, {5, 6}, {1, 2}], [{8, 3}, {4, 7}, {5, 6}, {2}, {1}], [{8, 3}, {5, 7}, {1, 6}, {2, 4}], [{8, 3}, {5, 7}, {2, 6}, {1, 4}], [{8, 3}, {5, 7}, {4, 6}, {1, 2}], [{8, 3}, {5, 7}, {6}, {1, 4}, {2}], [{8, 3}, {6, 7}, {1, 5}, {2, 4}], [{8, 3}, {6, 7}, {2, 5}, {1, 4}], [{8, 3}, {6, 7}, {4, 5}, {1, 2}], [{8, 3}, {6, 7}, {5}, {1, 4}, {2}], [{8, 3}, {7}, {5, 6}, {1, 4}, {2}], [{8, 3}, {7}, {5, 6}, {2, 4}, {1}], [{8, 3}, {7}, {5, 6}, {4}, {1, 2}], [{8, 3}, {7}, {5, 6}, {4}, {2}, {1}], [{8, 4}, {1, 7}, {2, 6}, {3, 5}], [{8, 4}, {1, 7}, {2, 6}, {5}, {3}], [{8, 4}, {1, 7}, {3, 6}, {2, 5}], [{8, 4}, {1, 7}, {3, 6}, {5}, {2}], [{8, 4}, {1, 7}, {5, 6}, {2, 3}], [{8, 4}, {1, 7}, {5, 6}, {3}, {2}], [{8, 4}, {1, 7}, {6}, {2, 5}, {3}], [{8, 4}, {1, 7}, {6}, {3, 5}, {2}], [{8, 4}, {1, 7}, {6}, {5}, {2, 3}], [{8, 4}, {1, 7}, {6}, {5}, {3}, {2}], [{8, 4}, {2, 7}, {1, 6}, {3, 5}], [{8, 4}, {2, 7}, {1, 6}, {5}, {3}], [{8, 4}, {2, 7}, {3, 6}, {1, 5}], [{8, 4}, {2, 7}, {5, 6}, {1, 3}], [{8, 4}, {3, 7}, {1, 6}, {2, 5}], [{8, 4}, {3, 7}, {2, 6}, {1, 5}], [{8, 4}, {3, 7}, {5, 6}, {1, 2}], [{8, 4}, {3, 7}, {6}, {2, 5}, {1}], [{8, 4}, {5, 7}, {1, 6}, {2, 3}], [{8, 4}, {5, 7}, {2, 6}, {1, 3}], [{8, 4}, {5, 7}, {3, 6}, {1, 2}], [{8, 4}, {6, 7}, {1, 5}, {2, 3}], [{8, 4}, {6, 7}, {2, 5}, {1, 3}], [{8, 4}, {6, 7}, {3, 5}, {1, 2}], [{8, 4}, {6, 7}, {5}, {3}, {1, 2}], [{8, 4}, {7}, {6}, {2, 5}, {1, 3}], [{8, 5}, {1, 7}, {2, 6}, {3, 4}], [{8, 5}, {1, 7}, {3, 6}, {2, 4}], [{8, 5}, {1, 7}, {3, 6}, {4}, {2}], [{8, 5}, {1, 7}, {4, 6}, {2, 3}], [{8, 5}, {1, 7}, {4, 6}, {3}, {2}], [{8, 5}, {1, 7}, {6}, {3, 4}, {2}], [{8, 5}, {2, 7}, {1, 6}, {3, 4}], [{8, 5}, {2, 7}, {3, 6}, {1, 4}], [{8, 5}, {2, 7}, {3, 6}, {4}, {1}], [{8, 5}, {2, 7}, {4, 6}, {1, 3}], [{8, 5}, {3, 7}, {1, 6}, {2, 4}], [{8, 5}, {3, 7}, {2, 6}, {1, 4}], [{8, 5}, {3, 7}, {4, 6}, {1, 2}], [{8, 5}, {4, 7}, {1, 6}, {2, 3}], [{8, 5}, {4, 7}, {2, 6}, {1, 3}], [{8, 5}, {4, 7}, {3, 6}, {1, 2}], [{8, 5}, {4, 7}, {3, 6}, {2}, {1}], [{8, 5}, {6, 7}, {1, 4}, {2, 3}], [{8, 5}, {6, 7}, {2, 4}, {1, 3}], [{8, 5}, {6, 7}, {3, 4}, {1, 2}], [{8, 5}, {7}, {3, 6}, {1, 4}, {2}], [{8, 5}, {7}, {3, 6}, {2, 4}, {1}], [{8, 5}, {7}, {3, 6}, {4}, {1, 2}], [{8, 5}, {7}, {3, 6}, {4}, {2}, {1}], [{8, 6}, {1, 7}, {2, 5}, {3, 4}], [{8, 6}, {1, 7}, {2, 5}, {4}, {3}], [{8, 6}, {1, 7}, {3, 5}, {2, 4}], [{8, 6}, {1, 7}, {3, 5}, {4}, {2}], [{8, 6}, {1, 7}, {4, 5}, {2, 3}], [{8, 6}, {1, 7}, {4, 5}, {3}, {2}], [{8, 6}, {1, 7}, {5}, {2, 4}, {3}], [{8, 6}, {1, 7}, {5}, {3, 4}, {2}], [{8, 6}, {1, 7}, {5}, {4}, {2, 3}], [{8, 6}, {1, 7}, {5}, {4}, {3}, {2}], [{8, 6}, {2, 7}, {1, 5}, {3, 4}], [{8, 6}, {2, 7}, {3, 5}, {1, 4}], [{8, 6}, {2, 7}, {4, 5}, {1, 3}], [{8, 6}, {2, 7}, {5}, {3, 4}, {1}], [{8, 6}, {3, 7}, {1, 5}, {2, 4}], [{8, 6}, {3, 7}, {2, 5}, {1, 4}], [{8, 6}, {3, 7}, {4, 5}, {1, 2}], [{8, 6}, {3, 7}, {5}, {1, 4}, {2}], [{8, 6}, {4, 7}, {1, 5}, {2, 3}], [{8, 6}, {4, 7}, {2, 5}, {1, 3}], [{8, 6}, {4, 7}, {3, 5}, {1, 2}], [{8, 6}, {4, 7}, {5}, {1, 3}, {2}], [{8, 6}, {5, 7}, {1, 4}, {2, 3}], [{8, 6}, {5, 7}, {2, 4}, {1, 3}], [{8, 6}, {5, 7}, {3, 4}, {1, 2}], [{8, 6}, {5, 7}, {3, 4}, {2}, {1}], [{8, 6}, {7}, {1, 5}, {3, 4}, {2}], [{8, 6}, {7}, {2, 5}, {3, 4}, {1}], [{8, 6}, {7}, {5}, {3, 4}, {1, 2}], [{8, 6}, {7}, {5}, {3, 4}, {2}, {1}], [{8, 7}, {1, 6}, {2, 5}, {3, 4}], [{8, 7}, {1, 6}, {3, 5}, {2, 4}], [{8, 7}, {1, 6}, {4, 5}, {2, 3}], [{8, 7}, {1, 6}, {5}, {4}, {2, 3}], [{8, 7}, {2, 6}, {1, 5}, {3, 4}], [{8, 7}, {2, 6}, {3, 5}, {1, 4}], [{8, 7}, {2, 6}, {3, 5}, {4}, {1}], [{8, 7}, {2, 6}, {4, 5}, {1, 3}], [{8, 7}, {2, 6}, {5}, {1, 4}, {3}], [{8, 7}, {3, 6}, {1, 5}, {2, 4}], [{8, 7}, {3, 6}, {2, 5}, {1, 4}], [{8, 7}, {3, 6}, {2, 5}, {4}, {1}], [{8, 7}, {3, 6}, {4, 5}, {1, 2}], [{8, 7}, {4, 6}, {1, 5}, {2, 3}], [{8, 7}, {4, 6}, {2, 5}, {1, 3}], [{8, 7}, {4, 6}, {3, 5}, {1, 2}], [{8, 7}, {5, 6}, {1, 4}, {2, 3}], [{8, 7}, {5, 6}, {2, 4}, {1, 3}], [{8, 7}, {5, 6}, {2, 4}, {3}, {1}], [{8, 7}, {5, 6}, {3, 4}, {1, 2}], [{8, 7}, {6}, {4, 5}, {1, 3}, {2}], [{8}, {1, 7}, {2, 6}, {3, 5}, {4}], [{8}, {1, 7}, {3, 6}, {4, 5}, {2}], [{8}, {1, 7}, {4, 6}, {2, 5}, {3}], [{8}, {1, 7}, {4, 6}, {3, 5}, {2}], [{8}, {1, 7}, {4, 6}, {5}, {2, 3}], [{8}, {1, 7}, {4, 6}, {5}, {3}, {2}], [{8}, {1, 7}, {5, 6}, {3, 4}, {2}], [{8}, {1, 7}, {6}, {3, 5}, {2, 4}], [{8}, {1, 7}, {6}, {3, 5}, {4}, {2}], [{8}, {2, 7}, {4, 6}, {5}, {1, 3}], [{8}, {2, 7}, {6}, {1, 5}, {3, 4}], [{8}, {3, 7}, {1, 6}, {4, 5}, {2}], [{8}, {3, 7}, {4, 6}, {5}, {1, 2}], [{8}, {3, 7}, {5, 6}, {2, 4}, {1}], [{8}, {4, 7}, {1, 6}, {2, 5}, {3}], [{8}, {4, 7}, {3, 6}, {1, 5}, {2}], [{8}, {6, 7}, {1, 5}, {2, 4}, {3}], [{8}, {6, 7}, {4, 5}, {2, 3}, {1}], [{8}, {7}, {5, 6}, {1, 4}, {2, 3}]]",2,4 K_1^3 - 30 K_1^2 - 10 K_1 K_2 + 2 K_1 + 15 K_2 + 4 K_3 + 16,O1O2O3U4O5U6U3O7U8U1O6U7U5O8O4U2,O1O2U3O4O5U2O6O3U1O7U6U8U4O8U7U5,O1O2U3O4O5U1O3O6U4U7O8U5U8U2O7U6,c,{'O1O2O3U2O4O5U6U7O8U3U5O7U1U8O6U4'},1,"<a href=""/flatknot/8.975539"">8.975539</a>",t^9-64t^7-238t^6-220t^5+136t^4+239t^3+4t^2-45t+10,t^3-3t^2+3t,,
8.975540,O1O2O3U2O4O5U6U7O8U3U5O7U4U1O6U8,4,22z^2+107z+127,22w^3z^2+107w^2z+127w,False,False,"[[ 0  0 -1  0  1  2 -3 -1  2],[ 0  0 -1  0  1  2 -3 -2  2],[ 1  1  0  1  1  1  0  0  1],[ 0  0 -1  0  1  1 -1 -1  1],[-1 -1 -1 -1  0  1 -2 -2  0],[-2 -2 -1 -1 -1  0 -1 -2 -1],[ 3  3  0  1  2  1  0  2  3],[ 1  2  0  1  2  2 -2  0  2],[-2 -2 -1 -1  0  1 -3 -2  0]]","[[ 0  2  2  1  0  0 -1 -1 -3],[-2  0  1  0 -1 -2 -1 -2 -3],[-2 -1  0 -1 -1 -2 -1 -2 -1],[-1  0  1  0 -1 -1 -1 -2 -2],[ 0  1  1  1  0  0 -1 -1 -1],[ 0  2  2  1  0  0 -1 -2 -3],[ 1  1  1  1  1  1  0  0  0],[ 1  2  2  2  1  2  0  0 -2],[ 3  3  1  2  1  3  0  2  0]]",True,"[-2,-2,-1,0,0,1,1,3,-1,0,1,2,1,2,3,1,1,2,1,2,1,1,1,1,2,2,0,1,1,1,1,2,3,0,0,2]","[-3,-1,-1,0,0,1,2,2,0,2,0,2,2,2,4,0,-1,0,0,1,1,0,0,1,2,2,0,0,0,0,0,1,1,1,0,-1]",t^8+64t^6+114t^4+35t^2+1,"[-3,-1,-1,0,0,1,2,2,0,2,0,2,2,2,4,0,-1,0,0,1,1,0,0,1,2,2,0,0,0,0,0,1,1,1,0,-1]","[-2,-2,-1,0,0,1,1,3,-1,0,0,1,1,2,4,1,0,1,1,2,2,0,0,0,1,2,0,-1,0,0,0,0,2,0,0,2]","[-3,-1,-1,0,0,1,2,2,0,2,1,3,2,1,3,0,1,1,1,1,1,1,2,2,2,2,0,1,1,1,1,2,2,1,0,-1]",c,"[[{8, 1}, {2, 7}, {3, 6}, {4, 5}], [{8, 1}, {2, 7}, {4, 6}, {3, 5}], [{8, 1}, {2, 7}, {4, 6}, {5}, {3}], [{8, 1}, {2, 7}, {5, 6}, {3, 4}], [{8, 1}, {2, 7}, {5, 6}, {4}, {3}], [{8, 1}, {2, 7}, {6}, {4, 5}, {3}], [{8, 1}, {3, 7}, {2, 6}, {4, 5}], [{8, 1}, {3, 7}, {4, 6}, {2, 5}], [{8, 1}, {3, 7}, {5, 6}, {2, 4}], [{8, 1}, {3, 7}, {5, 6}, {4}, {2}], [{8, 1}, {4, 7}, {2, 6}, {3, 5}], [{8, 1}, {4, 7}, {2, 6}, {5}, {3}], [{8, 1}, {4, 7}, {3, 6}, {2, 5}], [{8, 1}, {4, 7}, {5, 6}, {2, 3}], [{8, 1}, {5, 7}, {2, 6}, {3, 4}], [{8, 1}, {5, 7}, {3, 6}, {2, 4}], [{8, 1}, {5, 7}, {4, 6}, {2, 3}], [{8, 1}, {6, 7}, {2, 5}, {3, 4}], [{8, 1}, {6, 7}, {3, 5}, {2, 4}], [{8, 1}, {6, 7}, {4, 5}, {2, 3}], [{8, 1}, {6, 7}, {5}, {2, 4}, {3}], [{8, 1}, {7}, {2, 6}, {3, 5}, {4}], [{8, 1}, {7}, {5, 6}, {4}, {2, 3}], [{8, 1}, {7}, {6}, {2, 5}, {3, 4}], [{8, 2}, {1, 7}, {3, 6}, {4, 5}], [{8, 2}, {1, 7}, {3, 6}, {5}, {4}], [{8, 2}, {1, 7}, {4, 6}, {3, 5}], [{8, 2}, {1, 7}, {4, 6}, {5}, {3}], [{8, 2}, {1, 7}, {5, 6}, {3, 4}], [{8, 2}, {1, 7}, {5, 6}, {4}, {3}], [{8, 2}, {1, 7}, {6}, {3, 5}, {4}], [{8, 2}, {1, 7}, {6}, {4, 5}, {3}], [{8, 2}, {1, 7}, {6}, {5}, {3, 4}], [{8, 2}, {1, 7}, {6}, {5}, {4}, {3}], [{8, 2}, {3, 7}, {1, 6}, {4, 5}], [{8, 2}, {3, 7}, {4, 6}, {1, 5}], [{8, 2}, {3, 7}, {5, 6}, {1, 4}], [{8, 2}, {4, 7}, {1, 6}, {3, 5}], [{8, 2}, {4, 7}, {3, 6}, {1, 5}], [{8, 2}, {4, 7}, {5, 6}, {1, 3}], [{8, 2}, {4, 7}, {5, 6}, {3}, {1}], [{8, 2}, {5, 7}, {1, 6}, {3, 4}], [{8, 2}, {5, 7}, {3, 6}, {1, 4}], [{8, 2}, {5, 7}, {4, 6}, {1, 3}], [{8, 2}, {5, 7}, {4, 6}, {3}, {1}], [{8, 2}, {6, 7}, {1, 5}, {3, 4}], [{8, 2}, {6, 7}, {3, 5}, {1, 4}], [{8, 2}, {6, 7}, {3, 5}, {4}, {1}], [{8, 2}, {6, 7}, {4, 5}, {1, 3}], [{8, 2}, {7}, {1, 6}, {3, 5}, {4}], [{8, 2}, {7}, {4, 6}, {1, 5}, {3}], [{8, 2}, {7}, {5, 6}, {1, 4}, {3}], [{8, 3}, {1, 7}, {2, 6}, {4, 5}], [{8, 3}, {1, 7}, {4, 6}, {2, 5}], [{8, 3}, {1, 7}, {5, 6}, {2, 4}], [{8, 3}, {2, 7}, {1, 6}, {4, 5}], [{8, 3}, {2, 7}, {4, 6}, {1, 5}], [{8, 3}, {2, 7}, {5, 6}, {1, 4}], [{8, 3}, {4, 7}, {1, 6}, {2, 5}], [{8, 3}, {4, 7}, {2, 6}, {1, 5}], [{8, 3}, {4, 7}, {2, 6}, {5}, {1}], [{8, 3}, {4, 7}, {5, 6}, {1, 2}], [{8, 3}, {5, 7}, {1, 6}, {2, 4}], [{8, 3}, {5, 7}, {1, 6}, {4}, {2}], [{8, 3}, {5, 7}, {2, 6}, {1, 4}], [{8, 3}, {5, 7}, {4, 6}, {1, 2}], [{8, 3}, {6, 7}, {1, 5}, {2, 4}], [{8, 3}, {6, 7}, {1, 5}, {4}, {2}], [{8, 3}, {6, 7}, {2, 5}, {1, 4}], [{8, 3}, {6, 7}, {4, 5}, {1, 2}], [{8, 4}, {1, 7}, {2, 6}, {3, 5}], [{8, 4}, {1, 7}, {3, 6}, {2, 5}], [{8, 4}, {1, 7}, {5, 6}, {2, 3}], [{8, 4}, {2, 7}, {1, 6}, {3, 5}], [{8, 4}, {2, 7}, {3, 6}, {1, 5}], [{8, 4}, {2, 7}, {5, 6}, {1, 3}], [{8, 4}, {2, 7}, {6}, {5}, {1, 3}], [{8, 4}, {3, 7}, {1, 6}, {2, 5}], [{8, 4}, {3, 7}, {2, 6}, {1, 5}], [{8, 4}, {3, 7}, {2, 6}, {5}, {1}], [{8, 4}, {3, 7}, {5, 6}, {1, 2}], [{8, 4}, {5, 7}, {1, 6}, {2, 3}], [{8, 4}, {5, 7}, {2, 6}, {1, 3}], [{8, 4}, {5, 7}, {3, 6}, {1, 2}], [{8, 4}, {5, 7}, {6}, {1, 3}, {2}], [{8, 4}, {6, 7}, {1, 5}, {2, 3}], [{8, 4}, {6, 7}, {2, 5}, {1, 3}], [{8, 4}, {6, 7}, {3, 5}, {1, 2}], [{8, 4}, {6, 7}, {5}, {2, 3}, {1}], [{8, 4}, {7}, {3, 6}, {1, 5}, {2}], [{8, 4}, {7}, {6}, {2, 5}, {1, 3}], [{8, 5}, {1, 7}, {2, 6}, {3, 4}], [{8, 5}, {1, 7}, {2, 6}, {4}, {3}], [{8, 5}, {1, 7}, {3, 6}, {2, 4}], [{8, 5}, {1, 7}, {4, 6}, {2, 3}], [{8, 5}, {2, 7}, {1, 6}, {3, 4}], [{8, 5}, {2, 7}, {1, 6}, {4}, {3}], [{8, 5}, {2, 7}, {3, 6}, {1, 4}], [{8, 5}, {2, 7}, {4, 6}, {1, 3}], [{8, 5}, {3, 7}, {1, 6}, {2, 4}], [{8, 5}, {3, 7}, {2, 6}, {1, 4}], [{8, 5}, {3, 7}, {4, 6}, {1, 2}], [{8, 5}, {4, 7}, {1, 6}, {2, 3}], [{8, 5}, {4, 7}, {2, 6}, {1, 3}], [{8, 5}, {4, 7}, {2, 6}, {3}, {1}], [{8, 5}, {4, 7}, {3, 6}, {1, 2}], [{8, 5}, {6, 7}, {1, 4}, {2, 3}], [{8, 5}, {6, 7}, {2, 4}, {1, 3}], [{8, 5}, {6, 7}, {2, 4}, {3}, {1}], [{8, 5}, {6, 7}, {3, 4}, {1, 2}], [{8, 5}, {7}, {2, 6}, {1, 4}, {3}], [{8, 6}, {1, 7}, {2, 5}, {3, 4}], [{8, 6}, {1, 7}, {2, 5}, {4}, {3}], [{8, 6}, {1, 7}, {3, 5}, {2, 4}], [{8, 6}, {1, 7}, {4, 5}, {2, 3}], [{8, 6}, {2, 7}, {1, 5}, {3, 4}], [{8, 6}, {2, 7}, {1, 5}, {4}, {3}], [{8, 6}, {2, 7}, {3, 5}, {1, 4}], [{8, 6}, {2, 7}, {4, 5}, {1, 3}], [{8, 6}, {2, 7}, {5}, {3, 4}, {1}], [{8, 6}, {3, 7}, {1, 5}, {2, 4}], [{8, 6}, {3, 7}, {2, 5}, {1, 4}], [{8, 6}, {3, 7}, {4, 5}, {1, 2}], [{8, 6}, {3, 7}, {5}, {2, 4}, {1}], [{8, 6}, {4, 7}, {1, 5}, {2, 3}], [{8, 6}, {4, 7}, {2, 5}, {1, 3}], [{8, 6}, {4, 7}, {2, 5}, {3}, {1}], [{8, 6}, {4, 7}, {3, 5}, {1, 2}], [{8, 6}, {5, 7}, {1, 4}, {2, 3}], [{8, 6}, {5, 7}, {2, 4}, {1, 3}], [{8, 6}, {5, 7}, {2, 4}, {3}, {1}], [{8, 6}, {5, 7}, {3, 4}, {1, 2}], [{8, 6}, {7}, {1, 5}, {3, 4}, {2}], [{8, 6}, {7}, {2, 5}, {1, 4}, {3}], [{8, 6}, {7}, {3, 5}, {2, 4}, {1}], [{8, 6}, {7}, {4, 5}, {1, 3}, {2}], [{8, 7}, {1, 6}, {2, 5}, {3, 4}], [{8, 7}, {1, 6}, {3, 5}, {2, 4}], [{8, 7}, {1, 6}, {4, 5}, {2, 3}], [{8, 7}, {2, 6}, {1, 5}, {3, 4}], [{8, 7}, {2, 6}, {3, 5}, {1, 4}], [{8, 7}, {2, 6}, {4, 5}, {1, 3}], [{8, 7}, {2, 6}, {5}, {3, 4}, {1}], [{8, 7}, {3, 6}, {1, 5}, {2, 4}], [{8, 7}, {3, 6}, {2, 5}, {1, 4}], [{8, 7}, {3, 6}, {4, 5}, {1, 2}], [{8, 7}, {4, 6}, {1, 5}, {2, 3}], [{8, 7}, {4, 6}, {2, 5}, {1, 3}], [{8, 7}, {4, 6}, {2, 5}, {3}, {1}], [{8, 7}, {4, 6}, {3, 5}, {1, 2}], [{8, 7}, {4, 6}, {5}, {1, 3}, {2}], [{8, 7}, {5, 6}, {1, 4}, {2, 3}], [{8, 7}, {5, 6}, {2, 4}, {1, 3}], [{8, 7}, {5, 6}, {2, 4}, {3}, {1}], [{8, 7}, {5, 6}, {3, 4}, {1, 2}], [{8, 7}, {5, 6}, {4}, {1, 3}, {2}], [{8, 7}, {6}, {1, 5}, {4}, {2, 3}], [{8, 7}, {6}, {4, 5}, {1, 3}, {2}], [{8}, {3, 7}, {4, 6}, {1, 5}, {2}], [{8}, {3, 7}, {6}, {4, 5}, {1, 2}], [{8}, {4, 7}, {1, 6}, {3, 5}, {2}], [{8}, {4, 7}, {2, 6}, {1, 5}, {3}], [{8}, {4, 7}, {2, 6}, {3, 5}, {1}], [{8}, {4, 7}, {2, 6}, {5}, {1, 3}], [{8}, {4, 7}, {2, 6}, {5}, {3}, {1}], [{8}, {4, 7}, {6}, {3, 5}, {1, 2}], [{8}, {5, 7}, {6}, {3, 4}, {1, 2}], [{8}, {6, 7}, {1, 5}, {2, 4}, {3}], [{8}, {6, 7}, {4, 5}, {1, 3}, {2}], [{8}, {6, 7}, {5}, {3, 4}, {1, 2}], [{8}, {7}, {1, 6}, {4, 5}, {2, 3}], [{8}, {7}, {5, 6}, {2, 4}, {1, 3}], [{8}, {7}, {5, 6}, {3, 4}, {1, 2}]]",2,4 K_1^3 - 16 K_1^2 - 6 K_1 K_2 + 8 K_2 + 2 K_3 + 9,O1O2O3U4O5U3U6O7U8U1O4U7U5O8O6U2,O1O2U3O4O5U2O6O7U1O3U7U8U4O8U6U5,O1O2U3O4O5U6O3O7U4U2O8U5U8U1O6U7,c,{'O1O2O3U2O4O5U6U7O8U3U5O7U4U1O6U8'},1,"<a href=""/flatknot/8.975540"">8.975540</a>",t^9-66t^7-262t^6-248t^5+230t^4+376t^3+48t^2-2t+10,t^3-2t^2+t,,
8.975541,O1O2O3U2O4O5U6U7O8U4U1O7U5U8O6U3,4,3z^3+29z^2+105z+119,3w^4z^3+29w^3z^2+105w^2z+119w,False,False,"[[ 0 -1 -1  2  0  2 -3 -1  2],[ 1  0  0  2  0  1 -1  0  2],[ 1  0  0  1  0  0  1  1  0],[-2 -2 -1  0  0  1 -4 -2  1],[ 0  0  0  0  0  0 -1  0  1],[-2 -1  0 -1  0  0 -3 -2  0],[ 3  1 -1  4  1  3  0  1  3],[ 1  0 -1  2  0  2 -1  0  2],[-2 -2  0 -1 -1  0 -3 -2  0]]","[[ 0  2  2  2  0 -1 -1 -1 -3],[-2  0  1  1  0 -1 -2 -2 -4],[-2 -1  0  0  0  0 -1 -2 -3],[-2 -1  0  0 -1  0 -2 -2 -3],[ 0  0  0  1  0  0  0  0 -1],[ 1  1  0  0  0  0  0  1  1],[ 1  2  1  2  0  0  0  0 -1],[ 1  2  2  2  0 -1  0  0 -1],[ 3  4  3  3  1 -1  1  1  0]]",True,"[-2,-2,-2,0,1,1,1,3,-1,-1,0,1,2,2,4,0,0,0,1,2,3,1,0,2,2,3,0,0,0,1,0,-1,-1,0,1,1]","[-3,-1,-1,-1,0,2,2,2,-1,1,1,1,3,3,4,0,1,0,0,0,1,0,0,1,2,2,0,2,2,2,0,1,0,0,-1,-1]",t^8+64t^6+126t^4+48t^2+1,"[-3,-1,-1,-1,0,2,2,2,1,1,3,2,1,2,2,0,0,1,1,1,2,1,1,1,1,1,1,2,3,3,2,1,2,-1,-1,0]","[-2,-2,-2,0,1,1,1,3,-1,0,1,1,1,3,2,1,2,1,1,2,1,2,1,2,3,2,1,1,1,2,0,-1,1,0,1,3]","[-3,-1,-1,-1,0,2,2,2,-1,1,1,1,3,3,4,0,1,0,0,0,1,0,0,1,2,2,0,2,2,2,0,1,0,0,-1,-1]",c,"[[{8, 3}, {1, 7}, {4, 6}, {2, 5}], [{8, 3}, {7}, {4, 6}, {2, 5}, {1}], [{8, 6}, {5, 7}, {2, 4}, {1, 3}], [{8, 6}, {5, 7}, {4}, {1, 3}, {2}]]",1,- 14 K_1^2 - 2 K_1 K_2 + K_1 + 7 K_2 + K_3 + 8,O1O2O3U1O4U5U6O7U3U8O5U7U4O6O8U2,O1O2U3O4O5U2O6O3U1O7U5U8U7O8U4U6,O1O2U3O4O5U1O3O6U2U5O7U8U7U4O8U6,c,{'O1O2O3U2O4O5U6U7O8U4U1O7U5U8O6U3'},1,"<a href=""/flatknot/8.975541"">8.975541</a>",t^9-64t^7-174t^6+29t^5+286t^4+22t^3-54t^2+28t-2,t^3-3t^2+3t,,
8.975542,O1O2O3U2O4O5U6U7O8U4U3O7U5U1O6U8,4,z^3+17z^2+99z+139,w^4z^3+17w^3z^2+99w^2z+139w,False,False,"[[ 0  0 -1  1  0  2 -3 -1  2],[ 0  0 -1  1  0  2 -3 -2  2],[ 1  1  0  1  0  1  0  0  1],[-1 -1 -1  0  0  1 -2 -2  1],[ 0  0  0  0  0  0  0  0  0],[-2 -2 -1 -1  0  0 -2 -2 -1],[ 3  3  0  2  0  2  0  2  3],[ 1  2  0  2  0  2 -2  0  2],[-2 -2 -1 -1  0  1 -3 -2  0]]","[[ 0  2  2  1  0 -1 -1 -3],[-2  0  1 -1 -2 -1 -2 -3],[-2 -1  0 -1 -2 -1 -2 -2],[-1  1  1  0 -1 -1 -2 -2],[ 0  2  2  1  0 -1 -2 -3],[ 1  1  1  1  1  0  0  0],[ 1  2  2  2  2  0  0 -2],[ 3  3  2  2  3  0  2  0]]",False,"[-2,-2,-1,0,1,1,3,-1,1,2,1,2,3,1,2,1,2,2,1,1,2,2,1,2,3,0,0,2]","[-3,-1,-1,0,1,2,2,0,2,0,2,2,3,0,-1,0,1,1,0,1,2,2,0,0,0,0,0,-1]",t^7+62t^5+78t^3+9t,"[-3,-1,-1,0,1,2,2,0,2,0,2,2,3,0,-1,0,1,1,0,1,2,2,0,0,0,0,0,-1]","[-2,-2,-1,0,1,1,3,-1,0,0,1,2,3,0,0,1,2,2,0,0,1,2,-1,0,0,0,0,2]","[-3,-1,-1,0,1,2,2,0,2,3,2,2,3,0,1,1,1,1,2,2,2,2,1,2,2,1,1,-1]",c,"[[{8, 1}, {6, 7}, {4, 5}, {2, 3}], [{8, 1}, {6, 7}, {5}, {4}, {2, 3}]]",1,8 K_1^3 - 28 K_1^2 - 18 K_1 K_2 + 3 K_1 + 14 K_2 + 7 K_3 + 15,O1O2O3U4O5U3U6O7U1U8O4U7U5O6O8U2,O1O2U3O4O5U2O6O7U1O3U7U8U5O8U4U6,O1O2U3O4O5U6O3O7U2U5O8U4U8U1O6U7,c,{'O1O2O3U2O4O5U6U7O8U4U3O7U5U1O6U8'},1,"<a href=""/flatknot/8.975542"">8.975542</a>",t^8-64t^6-278t^5-440t^4-264t^3-30t^2-6t-11,t^3-2t^2+t,,
8.975543,O1O2O3U2O4O5U6U7O8U4U5O7U1U3O6U8,4,5z^3+41z^2+111z+99,5w^4z^3+41w^3z^2+111w^2z+99w,False,False,"[[ 0 -1 -1  2  0  2 -3 -1  2],[ 1  0  0  2  0  2 -2 -1  2],[ 1  0  0  1  0  0  0  1  1],[-2 -2 -1  0  0  2 -4 -4  1],[ 0  0  0  0  0  1  0 -1  0],[-2 -2  0 -2 -1  0 -1 -2 -1],[ 3  2  0  4  0  1  0  2  3],[ 1  1 -1  4  1  2 -2  0  2],[-2 -2 -1 -1  0  1 -3 -2  0]]","[[ 0  2  2  2  0 -1 -1 -1 -3],[-2  0  2  1  0 -1 -2 -4 -4],[-2 -2  0 -1 -1  0 -2 -2 -1],[-2 -1  1  0  0 -1 -2 -2 -3],[ 0  0  1  0  0  0  0 -1  0],[ 1  1  0  1  0  0  0  1  0],[ 1  2  2  2  0  0  0 -1 -2],[ 1  4  2  2  1 -1  1  0 -2],[ 3  4  1  3  0  0  2  2  0]]",True,"[-2,-2,-2,0,1,1,1,3,-2,-1,0,1,2,4,4,1,1,0,2,2,1,0,1,2,2,3,0,0,1,0,0,-1,0,1,2,2]","[-3,-1,-1,-1,0,2,2,2,0,0,2,3,1,2,4,-1,1,0,-1,1,1,0,1,1,1,1,1,2,2,3,2,2,1,-1,-2,-1]",t^8+82t^6+235t^4+98t^2+9,"[-3,-1,-1,-1,0,2,2,2,0,0,2,3,1,2,4,-1,1,0,-1,1,1,0,1,1,1,1,1,2,2,3,2,2,1,-1,-2,-1]","[-2,-2,-2,0,1,1,1,3,-2,-1,1,1,1,3,4,1,2,-1,1,2,1,2,1,1,2,2,0,1,1,3,1,-1,0,0,0,2]","[-3,-1,-1,-1,0,2,2,2,0,2,2,0,1,3,4,0,1,0,0,1,1,-1,0,2,2,2,1,2,2,4,1,0,0,-1,-2,-1]",c,"[[{8, 1}, {2, 7}, {3, 6}, {4, 5}], [{8, 1}, {2, 7}, {4, 6}, {3, 5}], [{8, 1}, {2, 7}, {5, 6}, {3, 4}], [{8, 1}, {2, 7}, {6}, {5}, {3, 4}], [{8, 1}, {3, 7}, {2, 6}, {4, 5}], [{8, 1}, {3, 7}, {4, 6}, {2, 5}], [{8, 1}, {3, 7}, {5, 6}, {2, 4}], [{8, 1}, {4, 7}, {2, 6}, {3, 5}], [{8, 1}, {4, 7}, {3, 6}, {2, 5}], [{8, 1}, {4, 7}, {5, 6}, {2, 3}], [{8, 1}, {4, 7}, {5, 6}, {3}, {2}], [{8, 1}, {5, 7}, {2, 6}, {3, 4}], [{8, 1}, {5, 7}, {2, 6}, {4}, {3}], [{8, 1}, {5, 7}, {3, 6}, {2, 4}], [{8, 1}, {5, 7}, {3, 6}, {4}, {2}], [{8, 1}, {5, 7}, {4, 6}, {2, 3}], [{8, 1}, {5, 7}, {6}, {4}, {2, 3}], [{8, 1}, {6, 7}, {2, 5}, {3, 4}], [{8, 1}, {6, 7}, {3, 5}, {2, 4}], [{8, 1}, {6, 7}, {4, 5}, {2, 3}], [{8, 1}, {6, 7}, {5}, {2, 4}, {3}], [{8, 1}, {6, 7}, {5}, {3, 4}, {2}], [{8, 1}, {6, 7}, {5}, {4}, {2, 3}], [{8, 1}, {7}, {2, 6}, {5}, {3, 4}], [{8, 1}, {7}, {5, 6}, {4}, {2, 3}], [{8, 2}, {1, 7}, {3, 6}, {4, 5}], [{8, 2}, {1, 7}, {4, 6}, {3, 5}], [{8, 2}, {1, 7}, {4, 6}, {5}, {3}], [{8, 2}, {1, 7}, {5, 6}, {3, 4}], [{8, 2}, {3, 7}, {1, 6}, {4, 5}], [{8, 2}, {3, 7}, {4, 6}, {1, 5}], [{8, 2}, {3, 7}, {4, 6}, {5}, {1}], [{8, 2}, {3, 7}, {5, 6}, {1, 4}], [{8, 2}, {4, 7}, {1, 6}, {3, 5}], [{8, 2}, {4, 7}, {3, 6}, {1, 5}], [{8, 2}, {4, 7}, {5, 6}, {1, 3}], [{8, 2}, {4, 7}, {5, 6}, {3}, {1}], [{8, 2}, {4, 7}, {6}, {5}, {1, 3}], [{8, 2}, {5, 7}, {1, 6}, {3, 4}], [{8, 2}, {5, 7}, {1, 6}, {4}, {3}], [{8, 2}, {5, 7}, {3, 6}, {1, 4}], [{8, 2}, {5, 7}, {3, 6}, {4}, {1}], [{8, 2}, {5, 7}, {4, 6}, {1, 3}], [{8, 2}, {5, 7}, {4, 6}, {3}, {1}], [{8, 2}, {5, 7}, {6}, {1, 4}, {3}], [{8, 2}, {5, 7}, {6}, {3, 4}, {1}], [{8, 2}, {5, 7}, {6}, {4}, {1, 3}], [{8, 2}, {5, 7}, {6}, {4}, {3}, {1}], [{8, 2}, {6, 7}, {1, 5}, {3, 4}], [{8, 2}, {6, 7}, {3, 5}, {1, 4}], [{8, 2}, {6, 7}, {4, 5}, {1, 3}], [{8, 2}, {6, 7}, {4, 5}, {3}, {1}], [{8, 2}, {6, 7}, {5}, {4}, {1, 3}], [{8, 2}, {7}, {4, 6}, {1, 5}, {3}], [{8, 2}, {7}, {4, 6}, {3, 5}, {1}], [{8, 2}, {7}, {4, 6}, {5}, {1, 3}], [{8, 2}, {7}, {4, 6}, {5}, {3}, {1}], [{8, 2}, {7}, {5, 6}, {4}, {1, 3}], [{8, 2}, {7}, {6}, {4, 5}, {1, 3}], [{8, 3}, {1, 7}, {2, 6}, {4, 5}], [{8, 3}, {1, 7}, {4, 6}, {2, 5}], [{8, 3}, {1, 7}, {5, 6}, {2, 4}], [{8, 3}, {1, 7}, {6}, {2, 5}, {4}], [{8, 3}, {2, 7}, {1, 6}, {4, 5}], [{8, 3}, {2, 7}, {4, 6}, {1, 5}], [{8, 3}, {2, 7}, {4, 6}, {5}, {1}], [{8, 3}, {2, 7}, {5, 6}, {1, 4}], [{8, 3}, {2, 7}, {6}, {1, 5}, {4}], [{8, 3}, {4, 7}, {1, 6}, {2, 5}], [{8, 3}, {4, 7}, {1, 6}, {5}, {2}], [{8, 3}, {4, 7}, {2, 6}, {1, 5}], [{8, 3}, {4, 7}, {5, 6}, {1, 2}], [{8, 3}, {4, 7}, {5, 6}, {2}, {1}], [{8, 3}, {4, 7}, {6}, {1, 5}, {2}], [{8, 3}, {5, 7}, {1, 6}, {2, 4}], [{8, 3}, {5, 7}, {1, 6}, {4}, {2}], [{8, 3}, {5, 7}, {2, 6}, {1, 4}], [{8, 3}, {5, 7}, {2, 6}, {4}, {1}], [{8, 3}, {5, 7}, {4, 6}, {1, 2}], [{8, 3}, {5, 7}, {6}, {4}, {1, 2}], [{8, 3}, {6, 7}, {1, 5}, {2, 4}], [{8, 3}, {6, 7}, {2, 5}, {1, 4}], [{8, 3}, {6, 7}, {4, 5}, {1, 2}], [{8, 3}, {7}, {1, 6}, {4, 5}, {2}], [{8, 3}, {7}, {6}, {1, 5}, {2, 4}], [{8, 4}, {1, 7}, {2, 6}, {3, 5}], [{8, 4}, {1, 7}, {3, 6}, {2, 5}], [{8, 4}, {1, 7}, {5, 6}, {2, 3}], [{8, 4}, {2, 7}, {1, 6}, {3, 5}], [{8, 4}, {2, 7}, {3, 6}, {1, 5}], [{8, 4}, {2, 7}, {5, 6}, {1, 3}], [{8, 4}, {2, 7}, {6}, {3, 5}, {1}], [{8, 4}, {3, 7}, {1, 6}, {2, 5}], [{8, 4}, {3, 7}, {2, 6}, {1, 5}], [{8, 4}, {3, 7}, {2, 6}, {5}, {1}], [{8, 4}, {3, 7}, {5, 6}, {1, 2}], [{8, 4}, {3, 7}, {5, 6}, {2}, {1}], [{8, 4}, {3, 7}, {6}, {2, 5}, {1}], [{8, 4}, {5, 7}, {1, 6}, {2, 3}], [{8, 4}, {5, 7}, {2, 6}, {1, 3}], [{8, 4}, {5, 7}, {3, 6}, {1, 2}], [{8, 4}, {5, 7}, {6}, {1, 3}, {2}], [{8, 4}, {6, 7}, {1, 5}, {2, 3}], [{8, 4}, {6, 7}, {2, 5}, {1, 3}], [{8, 4}, {6, 7}, {3, 5}, {1, 2}], [{8, 4}, {7}, {3, 6}, {1, 5}, {2}], [{8, 5}, {1, 7}, {2, 6}, {3, 4}], [{8, 5}, {1, 7}, {3, 6}, {2, 4}], [{8, 5}, {1, 7}, {4, 6}, {2, 3}], [{8, 5}, {1, 7}, {6}, {2, 4}, {3}], [{8, 5}, {2, 7}, {1, 6}, {3, 4}], [{8, 5}, {2, 7}, {3, 6}, {1, 4}], [{8, 5}, {2, 7}, {4, 6}, {1, 3}], [{8, 5}, {3, 7}, {1, 6}, {2, 4}], [{8, 5}, {3, 7}, {2, 6}, {1, 4}], [{8, 5}, {3, 7}, {4, 6}, {1, 2}], [{8, 5}, {4, 7}, {1, 6}, {2, 3}], [{8, 5}, {4, 7}, {2, 6}, {1, 3}], [{8, 5}, {4, 7}, {3, 6}, {1, 2}], [{8, 5}, {4, 7}, {6}, {2, 3}, {1}], [{8, 5}, {6, 7}, {1, 4}, {2, 3}], [{8, 5}, {6, 7}, {2, 4}, {1, 3}], [{8, 5}, {6, 7}, {3, 4}, {1, 2}], [{8, 6}, {1, 7}, {2, 5}, {3, 4}], [{8, 6}, {1, 7}, {2, 5}, {4}, {3}], [{8, 6}, {1, 7}, {3, 5}, {2, 4}], [{8, 6}, {1, 7}, {4, 5}, {2, 3}], [{8, 6}, {1, 7}, {4, 5}, {3}, {2}], [{8, 6}, {1, 7}, {5}, {2, 4}, {3}], [{8, 6}, {2, 7}, {1, 5}, {3, 4}], [{8, 6}, {2, 7}, {1, 5}, {4}, {3}], [{8, 6}, {2, 7}, {3, 5}, {1, 4}], [{8, 6}, {2, 7}, {4, 5}, {1, 3}], [{8, 6}, {2, 7}, {5}, {3, 4}, {1}], [{8, 6}, {3, 7}, {1, 5}, {2, 4}], [{8, 6}, {3, 7}, {2, 5}, {1, 4}], [{8, 6}, {3, 7}, {4, 5}, {1, 2}], [{8, 6}, {3, 7}, {5}, {1, 4}, {2}], [{8, 6}, {4, 7}, {1, 5}, {2, 3}], [{8, 6}, {4, 7}, {2, 5}, {1, 3}], [{8, 6}, {4, 7}, {3, 5}, {1, 2}], [{8, 6}, {4, 7}, {5}, {2, 3}, {1}], [{8, 6}, {5, 7}, {1, 4}, {2, 3}], [{8, 6}, {5, 7}, {2, 4}, {1, 3}], [{8, 6}, {5, 7}, {3, 4}, {1, 2}], [{8, 6}, {5, 7}, {4}, {1, 3}, {2}], [{8, 6}, {5, 7}, {4}, {2, 3}, {1}], [{8, 6}, {5, 7}, {4}, {3}, {1, 2}], [{8, 6}, {7}, {4, 5}, {2, 3}, {1}], [{8, 7}, {1, 6}, {2, 5}, {3, 4}], [{8, 7}, {1, 6}, {3, 5}, {2, 4}], [{8, 7}, {1, 6}, {4, 5}, {2, 3}], [{8, 7}, {1, 6}, {4, 5}, {3}, {2}], [{8, 7}, {2, 6}, {1, 5}, {3, 4}], [{8, 7}, {2, 6}, {3, 5}, {1, 4}], [{8, 7}, {2, 6}, {4, 5}, {1, 3}], [{8, 7}, {2, 6}, {5}, {3, 4}, {1}], [{8, 7}, {3, 6}, {1, 5}, {2, 4}], [{8, 7}, {3, 6}, {2, 5}, {1, 4}], [{8, 7}, {3, 6}, {4, 5}, {1, 2}], [{8, 7}, {3, 6}, {5}, {1, 4}, {2}], [{8, 7}, {4, 6}, {1, 5}, {2, 3}], [{8, 7}, {4, 6}, {2, 5}, {1, 3}], [{8, 7}, {4, 6}, {3, 5}, {1, 2}], [{8, 7}, {4, 6}, {5}, {2, 3}, {1}], [{8, 7}, {5, 6}, {1, 4}, {2, 3}], [{8, 7}, {5, 6}, {2, 4}, {1, 3}], [{8, 7}, {5, 6}, {3, 4}, {1, 2}], [{8, 7}, {5, 6}, {3, 4}, {2}, {1}], [{8, 7}, {6}, {1, 5}, {2, 4}, {3}], [{8, 7}, {6}, {2, 5}, {3, 4}, {1}], [{8}, {1, 7}, {2, 6}, {5}, {3, 4}], [{8}, {1, 7}, {3, 6}, {2, 5}, {4}], [{8}, {1, 7}, {4, 6}, {3, 5}, {2}], [{8}, {1, 7}, {5, 6}, {2, 4}, {3}], [{8}, {1, 7}, {6}, {4, 5}, {2, 3}], [{8}, {2, 7}, {1, 6}, {5}, {3, 4}], [{8}, {2, 7}, {3, 6}, {1, 5}, {4}], [{8}, {2, 7}, {5, 6}, {1, 4}, {3}], [{8}, {3, 7}, {1, 6}, {4, 5}, {2}], [{8}, {3, 7}, {6}, {1, 5}, {2, 4}], [{8}, {4, 7}, {5, 6}, {1, 3}, {2}], [{8}, {4, 7}, {5, 6}, {2, 3}, {1}], [{8}, {4, 7}, {5, 6}, {3}, {1, 2}], [{8}, {4, 7}, {5, 6}, {3}, {2}, {1}], [{8}, {5, 7}, {1, 6}, {4}, {2, 3}], [{8}, {5, 7}, {2, 6}, {4}, {1, 3}], [{8}, {5, 7}, {3, 6}, {4}, {1, 2}], [{8}, {5, 7}, {4, 6}, {1, 3}, {2}], [{8}, {5, 7}, {6}, {2, 4}, {1, 3}], [{8}, {5, 7}, {6}, {4}, {1, 3}, {2}], [{8}, {6, 7}, {4, 5}, {1, 3}, {2}]]",2,12 K_1^3 - 14 K_1^2 - 18 K_1 K_2 + 7 K_2 + 6 K_3 + 8,O1O2O3U4O5U1U3O6U7U8O4U6U5O7O8U2,O1O2U3O4O5U2O6O7U1O3U6U8U7O8U4U5,O1O2U3O4O5U6O3O7U4U5O8U1U8U2O6U7,c,{'O1O2O3U2O4O5U6U7O8U4U5O7U1U3O6U8'},1,"<a href=""/flatknot/8.975543"">8.975543</a>",t^9-82t^7-352t^6-306t^5+550t^4+897t^3+214t^2-195t-102,t^3-3t^2+3t,,
8.975544,O1O2O3U2O4O5U6U7O8U4U5O7U1U8O6U3,4,z^3+20z^2+86z+101,w^4z^3-4w^4z^2+24w^3z^2-12w^3z+98w^2z+101w,False,False,"[[ 0 -1 -1  2  0  2 -3 -1  2],[ 1  0  0  2  0  2 -2 -1  2],[ 1  0  0  1  0  0  1  1  0],[-2 -2 -1  0  0  2 -4 -3  1],[ 0  0  0  0  0  1 -1 -1  1],[-2 -2  0 -2 -1  0 -2 -2  0],[ 3  2 -1  4  1  2  0  1  3],[ 1  1 -1  3  1  2 -1  0  2],[-2 -2  0 -1 -1  0 -3 -2  0]]","[[ 0  2  2  2  0 -1 -1 -1 -3],[-2  0  2  1  0 -1 -2 -3 -4],[-2 -2  0  0 -1  0 -2 -2 -2],[-2 -1  0  0 -1  0 -2 -2 -3],[ 0  0  1  1  0  0  0 -1 -1],[ 1  1  0  0  0  0  0  1  1],[ 1  2  2  2  0  0  0 -1 -2],[ 1  3  2  2  1 -1  1  0 -1],[ 3  4  2  3  1 -1  2  1  0]]",True,"[-2,-2,-2,0,1,1,1,3,-2,-1,0,1,2,3,4,0,1,0,2,2,2,1,0,2,2,3,0,0,1,1,0,-1,-1,1,2,1]","[-3,-1,-1,-1,0,2,2,2,-1,1,2,1,2,3,4,1,0,0,0,0,1,1,1,2,2,3,0,2,2,2,1,1,0,0,-2,-1]",t^8+76t^6+147t^4+55t^2,"[-3,-1,-1,-1,0,2,2,2,0,1,3,2,1,2,3,1,0,1,1,1,1,1,0,0,1,1,1,2,3,3,2,1,1,-1,-2,0]","[-2,-2,-2,0,1,1,1,3,-2,0,1,1,1,3,3,1,2,0,1,2,1,1,1,1,3,2,0,1,1,2,1,-1,1,0,0,3]","[-3,-1,-1,-1,0,2,2,2,-1,1,2,1,2,3,4,1,0,0,0,0,1,1,1,2,2,3,0,2,2,2,1,1,0,0,-2,-1]",c,"[[{8, 1}, {2, 7}, {3, 6}, {4, 5}], [{8, 1}, {2, 7}, {4, 6}, {3, 5}], [{8, 1}, {2, 7}, {4, 6}, {5}, {3}], [{8, 1}, {2, 7}, {5, 6}, {3, 4}], [{8, 1}, {3, 7}, {2, 6}, {4, 5}], [{8, 1}, {3, 7}, {2, 6}, {5}, {4}], [{8, 1}, {3, 7}, {4, 6}, {2, 5}], [{8, 1}, {3, 7}, {5, 6}, {2, 4}], [{8, 1}, {3, 7}, {5, 6}, {4}, {2}], [{8, 1}, {3, 7}, {6}, {2, 5}, {4}], [{8, 1}, {4, 7}, {2, 6}, {3, 5}], [{8, 1}, {4, 7}, {3, 6}, {2, 5}], [{8, 1}, {4, 7}, {5, 6}, {2, 3}], [{8, 1}, {5, 7}, {2, 6}, {3, 4}], [{8, 1}, {5, 7}, {3, 6}, {2, 4}], [{8, 1}, {5, 7}, {4, 6}, {2, 3}], [{8, 1}, {6, 7}, {2, 5}, {3, 4}], [{8, 1}, {6, 7}, {2, 5}, {4}, {3}], [{8, 1}, {6, 7}, {3, 5}, {2, 4}], [{8, 1}, {6, 7}, {4, 5}, {2, 3}], [{8, 1}, {7}, {3, 6}, {2, 5}, {4}], [{8, 2}, {1, 7}, {3, 6}, {4, 5}], [{8, 2}, {1, 7}, {4, 6}, {3, 5}], [{8, 2}, {1, 7}, {5, 6}, {3, 4}], [{8, 2}, {3, 7}, {1, 6}, {4, 5}], [{8, 2}, {3, 7}, {1, 6}, {5}, {4}], [{8, 2}, {3, 7}, {4, 6}, {1, 5}], [{8, 2}, {3, 7}, {4, 6}, {5}, {1}], [{8, 2}, {3, 7}, {5, 6}, {1, 4}], [{8, 2}, {3, 7}, {5, 6}, {4}, {1}], [{8, 2}, {3, 7}, {6}, {1, 5}, {4}], [{8, 2}, {3, 7}, {6}, {4, 5}, {1}], [{8, 2}, {3, 7}, {6}, {5}, {1, 4}], [{8, 2}, {3, 7}, {6}, {5}, {4}, {1}], [{8, 2}, {4, 7}, {1, 6}, {3, 5}], [{8, 2}, {4, 7}, {3, 6}, {1, 5}], [{8, 2}, {4, 7}, {5, 6}, {1, 3}], [{8, 2}, {4, 7}, {5, 6}, {3}, {1}], [{8, 2}, {5, 7}, {1, 6}, {3, 4}], [{8, 2}, {5, 7}, {3, 6}, {1, 4}], [{8, 2}, {5, 7}, {4, 6}, {1, 3}], [{8, 2}, {6, 7}, {1, 5}, {3, 4}], [{8, 2}, {6, 7}, {1, 5}, {4}, {3}], [{8, 2}, {6, 7}, {3, 5}, {1, 4}], [{8, 2}, {6, 7}, {4, 5}, {1, 3}], [{8, 2}, {7}, {3, 6}, {1, 5}, {4}], [{8, 2}, {7}, {5, 6}, {3, 4}, {1}], [{8, 3}, {1, 7}, {2, 6}, {4, 5}], [{8, 3}, {1, 7}, {4, 6}, {2, 5}], [{8, 3}, {1, 7}, {5, 6}, {2, 4}], [{8, 3}, {1, 7}, {5, 6}, {4}, {2}], [{8, 3}, {2, 7}, {1, 6}, {4, 5}], [{8, 3}, {2, 7}, {4, 6}, {1, 5}], [{8, 3}, {2, 7}, {5, 6}, {1, 4}], [{8, 3}, {2, 7}, {5, 6}, {4}, {1}], [{8, 3}, {4, 7}, {1, 6}, {2, 5}], [{8, 3}, {4, 7}, {2, 6}, {1, 5}], [{8, 3}, {4, 7}, {5, 6}, {1, 2}], [{8, 3}, {5, 7}, {1, 6}, {2, 4}], [{8, 3}, {5, 7}, {2, 6}, {1, 4}], [{8, 3}, {5, 7}, {4, 6}, {1, 2}], [{8, 3}, {6, 7}, {1, 5}, {2, 4}], [{8, 3}, {6, 7}, {2, 5}, {1, 4}], [{8, 3}, {6, 7}, {4, 5}, {1, 2}], [{8, 3}, {6, 7}, {5}, {1, 4}, {2}], [{8, 3}, {7}, {1, 6}, {4, 5}, {2}], [{8, 3}, {7}, {5, 6}, {4}, {1, 2}], [{8, 4}, {1, 7}, {2, 6}, {3, 5}], [{8, 4}, {1, 7}, {2, 6}, {5}, {3}], [{8, 4}, {1, 7}, {3, 6}, {2, 5}], [{8, 4}, {1, 7}, {5, 6}, {2, 3}], [{8, 4}, {2, 7}, {1, 6}, {3, 5}], [{8, 4}, {2, 7}, {1, 6}, {5}, {3}], [{8, 4}, {2, 7}, {3, 6}, {1, 5}], [{8, 4}, {2, 7}, {5, 6}, {1, 3}], [{8, 4}, {3, 7}, {1, 6}, {2, 5}], [{8, 4}, {3, 7}, {2, 6}, {1, 5}], [{8, 4}, {3, 7}, {5, 6}, {1, 2}], [{8, 4}, {3, 7}, {6}, {1, 5}, {2}], [{8, 4}, {5, 7}, {1, 6}, {2, 3}], [{8, 4}, {5, 7}, {2, 6}, {1, 3}], [{8, 4}, {5, 7}, {2, 6}, {3}, {1}], [{8, 4}, {5, 7}, {3, 6}, {1, 2}], [{8, 4}, {6, 7}, {1, 5}, {2, 3}], [{8, 4}, {6, 7}, {2, 5}, {1, 3}], [{8, 4}, {6, 7}, {3, 5}, {1, 2}], [{8, 4}, {7}, {2, 6}, {1, 5}, {3}], [{8, 5}, {1, 7}, {2, 6}, {3, 4}], [{8, 5}, {1, 7}, {3, 6}, {2, 4}], [{8, 5}, {1, 7}, {4, 6}, {2, 3}], [{8, 5}, {2, 7}, {1, 6}, {3, 4}], [{8, 5}, {2, 7}, {3, 6}, {1, 4}], [{8, 5}, {2, 7}, {4, 6}, {1, 3}], [{8, 5}, {2, 7}, {4, 6}, {3}, {1}], [{8, 5}, {3, 7}, {1, 6}, {2, 4}], [{8, 5}, {3, 7}, {1, 6}, {4}, {2}], [{8, 5}, {3, 7}, {2, 6}, {1, 4}], [{8, 5}, {3, 7}, {2, 6}, {4}, {1}], [{8, 5}, {3, 7}, {4, 6}, {1, 2}], [{8, 5}, {3, 7}, {6}, {4}, {1, 2}], [{8, 5}, {4, 7}, {1, 6}, {2, 3}], [{8, 5}, {4, 7}, {2, 6}, {1, 3}], [{8, 5}, {4, 7}, {2, 6}, {3}, {1}], [{8, 5}, {4, 7}, {3, 6}, {1, 2}], [{8, 5}, {6, 7}, {1, 4}, {2, 3}], [{8, 5}, {6, 7}, {1, 4}, {3}, {2}], [{8, 5}, {6, 7}, {2, 4}, {1, 3}], [{8, 5}, {6, 7}, {3, 4}, {1, 2}], [{8, 5}, {7}, {2, 6}, {3, 4}, {1}], [{8, 5}, {7}, {4, 6}, {1, 3}, {2}], [{8, 6}, {1, 7}, {2, 5}, {3, 4}], [{8, 6}, {1, 7}, {3, 5}, {2, 4}], [{8, 6}, {1, 7}, {3, 5}, {4}, {2}], [{8, 6}, {1, 7}, {4, 5}, {2, 3}], [{8, 6}, {1, 7}, {4, 5}, {3}, {2}], [{8, 6}, {1, 7}, {5}, {3, 4}, {2}], [{8, 6}, {2, 7}, {1, 5}, {3, 4}], [{8, 6}, {2, 7}, {3, 5}, {1, 4}], [{8, 6}, {2, 7}, {3, 5}, {4}, {1}], [{8, 6}, {2, 7}, {4, 5}, {1, 3}], [{8, 6}, {3, 7}, {1, 5}, {2, 4}], [{8, 6}, {3, 7}, {1, 5}, {4}, {2}], [{8, 6}, {3, 7}, {2, 5}, {1, 4}], [{8, 6}, {3, 7}, {2, 5}, {4}, {1}], [{8, 6}, {3, 7}, {4, 5}, {1, 2}], [{8, 6}, {3, 7}, {5}, {4}, {1, 2}], [{8, 6}, {4, 7}, {1, 5}, {2, 3}], [{8, 6}, {4, 7}, {2, 5}, {1, 3}], [{8, 6}, {4, 7}, {3, 5}, {1, 2}], [{8, 6}, {4, 7}, {5}, {2, 3}, {1}], [{8, 6}, {5, 7}, {1, 4}, {2, 3}], [{8, 6}, {5, 7}, {2, 4}, {1, 3}], [{8, 6}, {5, 7}, {3, 4}, {1, 2}], [{8, 6}, {5, 7}, {4}, {1, 3}, {2}], [{8, 6}, {5, 7}, {4}, {2, 3}, {1}], [{8, 6}, {5, 7}, {4}, {3}, {1, 2}], [{8, 6}, {7}, {1, 5}, {2, 4}, {3}], [{8, 6}, {7}, {3, 5}, {4}, {1, 2}], [{8, 6}, {7}, {4, 5}, {2, 3}, {1}], [{8, 7}, {1, 6}, {2, 5}, {3, 4}], [{8, 7}, {1, 6}, {3, 5}, {2, 4}], [{8, 7}, {1, 6}, {4, 5}, {2, 3}], [{8, 7}, {1, 6}, {5}, {2, 4}, {3}], [{8, 7}, {2, 6}, {1, 5}, {3, 4}], [{8, 7}, {2, 6}, {3, 5}, {1, 4}], [{8, 7}, {2, 6}, {4, 5}, {1, 3}], [{8, 7}, {3, 6}, {1, 5}, {2, 4}], [{8, 7}, {3, 6}, {2, 5}, {1, 4}], [{8, 7}, {3, 6}, {4, 5}, {1, 2}], [{8, 7}, {4, 6}, {1, 5}, {2, 3}], [{8, 7}, {4, 6}, {2, 5}, {1, 3}], [{8, 7}, {4, 6}, {3, 5}, {1, 2}], [{8, 7}, {5, 6}, {1, 4}, {2, 3}], [{8, 7}, {5, 6}, {2, 4}, {1, 3}], [{8, 7}, {5, 6}, {3, 4}, {1, 2}], [{8, 7}, {5, 6}, {4}, {1, 3}, {2}], [{8, 7}, {5, 6}, {4}, {2, 3}, {1}], [{8, 7}, {5, 6}, {4}, {3}, {1, 2}], [{8, 7}, {6}, {2, 5}, {3, 4}, {1}], [{8}, {1, 7}, {3, 6}, {5}, {2, 4}], [{8}, {2, 7}, {3, 6}, {5}, {1, 4}], [{8}, {2, 7}, {4, 6}, {1, 5}, {3}], [{8}, {2, 7}, {5, 6}, {1, 4}, {3}], [{8}, {2, 7}, {6}, {3, 5}, {1, 4}], [{8}, {3, 7}, {1, 6}, {2, 5}, {4}], [{8}, {3, 7}, {2, 6}, {1, 5}, {4}], [{8}, {3, 7}, {4, 6}, {1, 5}, {2}], [{8}, {3, 7}, {5, 6}, {4}, {1, 2}], [{8}, {3, 7}, {6}, {1, 5}, {2, 4}], [{8}, {3, 7}, {6}, {1, 5}, {4}, {2}], [{8}, {4, 7}, {3, 6}, {5}, {1, 2}], [{8}, {5, 7}, {1, 6}, {3, 4}, {2}], [{8}, {5, 7}, {6}, {1, 4}, {2, 3}], [{8}, {6, 7}, {3, 5}, {1, 4}, {2}], [{8}, {7}, {2, 6}, {3, 5}, {1, 4}], [{8}, {7}, {4, 6}, {1, 5}, {2, 3}], [{8}, {7}, {5, 6}, {2, 4}, {1, 3}]]",2,24 K_1^3 - 26 K_1^2 - 26 K_1 K_2 - 5 K_1 + 13 K_2 + 7 K_3 + 14,O1O2O3U1O4U5U3O6U7U8O5U6U4O7O8U2,O1O2U3O4O5U2O6O3U1O7U6U8U7O8U4U5,O1O2U3O4O5U1O3O6U4U5O7U8U7U2O8U6,c,{'O1O2O3U2O4O5U6U7O8U4U5O7U1U8O6U3'},1,"<a href=""/flatknot/8.975544"">8.975544</a>",t^9-76t^7-304t^6-200t^5+560t^4+510t^3-332t^2-112t+48,t^3-3t^2+3t,,
8.975545,O1O2O3U2O4O5U6U7O8U5U1O7U3U8O6U4,3,8z^2+61z+91,8w^3z^2+61w^2z+91w,False,False,"[[ 0 -1 -1  1  2  1 -3 -1  2],[ 1  0  0  1  1  0 -1  0  2],[ 1  0  0  1  1  0  0  1  1],[-1 -1 -1  0  1  1 -3 -2  1],[-2 -1 -1 -1  0  1 -3 -2  0],[-1  0  0 -1 -1  0 -1 -1  0],[ 3  1  0  3  3  1  0  1  3],[ 1  0 -1  2  2  1 -1  0  2],[-2 -2 -1 -1  0  0 -3 -2  0]]","[[ 0  2  2  1 -1 -1 -3],[-2  0  0  1 -1 -2 -3],[-2  0  0  0 -2 -2 -3],[-1 -1  0  0  0 -1 -1],[ 1  1  2  0  0  0 -1],[ 1  2  2  1  0  0 -1],[ 3  3  3  1  1  1  0]]",False,"[-2,-2,-1,1,1,3,0,-1,1,2,3,0,2,2,3,0,1,1,0,1,1]","[-3,-1,-1,1,2,2,1,1,1,3,3,0,0,1,2,1,2,2,-1,0,0]",t^6+36t^4+46t^2+1,"[-3,-1,-1,1,2,2,1,1,3,2,2,0,1,1,1,2,1,2,1,2,0]","[-2,-2,-1,1,1,3,0,1,1,1,2,2,1,2,2,1,2,3,0,1,1]","[-3,-1,-1,1,2,2,1,1,1,3,3,0,0,1,2,1,2,2,-1,0,0]",c,"[[{8, 4}, {1, 7}, {2, 6}, {3, 5}], [{8, 4}, {1, 7}, {5, 6}, {2, 3}], [{8, 7}, {5, 6}, {1, 4}, {2, 3}], [{8, 7}, {6}, {5}, {1, 4}, {2, 3}]]",1,- 12 K_1^2 - 2 K_1 K_2 + K_1 + 6 K_2 + K_3 + 7,O1O2O3U4O5U6U1O7U3U8O6U7U5O8O4U2,O1O2U3O4O5U2O6O3U1O7U5U8U6O8U7U4,O1O2U3O4O5U1O3O6U5U7O8U2U8U4O7U6,c,"{'O1O2O3U2O4O5U6U7O8U5U1O7U3U8O6U4', 'O1O2U3O4O5U4O6O3U1U7O8U2U6O7U5U8'}",2,"<a href=""/flatknot/8.975545"">8.975545</a>",t^7-38t^5-62t^4+46t^3+90t^2+12t-10,t^3-2t^2+t,,
8.975546,O1O2O3U2O4O5U6U7O8U5U1O7U4U8O6U3,4,25z^2+110z+121,25w^3z^2+110w^2z+121w,False,False,"[[ 0 -1 -1  2  1  1 -3 -1  2],[ 1  0  0  2  0  0 -1  0  2],[ 1  0  0  1  0  0  1  1  0],[-2 -2 -1  0  0  1 -4 -2  1],[-1  0  0  0  0  1 -3 -2  1],[-1  0  0 -1 -1  0 -1 -1  0],[ 3  1 -1  4  3  1  0  1  3],[ 1  0 -1  2  2  1 -1  0  2],[-2 -2  0 -1 -1  0 -3 -2  0]]","[[ 0  2  2  1  1 -1 -1 -1 -3],[-2  0  1  1  0 -1 -2 -2 -4],[-2 -1  0  0 -1  0 -2 -2 -3],[-1 -1  0  0 -1  0  0 -1 -1],[-1  0  1  1  0  0  0 -2 -3],[ 1  1  0  0  0  0  0  1  1],[ 1  2  2  0  0  0  0  0 -1],[ 1  2  2  1  2 -1  0  0 -1],[ 3  4  3  1  3 -1  1  1  0]]",True,"[-2,-2,-1,-1,1,1,1,3,-1,-1,0,1,2,2,4,0,1,0,2,2,3,1,0,0,1,1,0,0,2,3,0,-1,-1,0,1,1]","[-3,-1,-1,-1,1,1,2,2,-1,1,1,1,3,3,4,0,1,0,0,0,1,0,0,0,2,2,1,2,2,2,-1,0,-1,1,0,-1]",t^8+65t^6+210t^4+63t^2+1,"[-3,-1,-1,-1,1,1,2,2,1,1,3,1,3,1,2,0,0,2,2,1,1,1,0,1,1,1,2,2,2,3,-1,1,0,2,1,-1]","[-2,-2,-1,-1,1,1,1,3,-1,0,1,1,1,3,2,1,2,1,1,2,1,1,0,2,2,1,1,2,2,3,0,-1,1,0,1,3]","[-3,-1,-1,-1,1,1,2,2,-1,1,1,1,3,3,4,0,1,0,0,0,1,0,0,0,2,2,1,2,2,2,-1,0,-1,1,0,-1]",c,"[[{8, 3}, {1, 7}, {5, 6}, {2, 4}]]",1,4 K_1^3 - 16 K_1^2 - 2 K_1 K_2 - 2 K_1 + 8 K_2 + 9,O1O2O3U1O4U5U6O7U3U8O5U7U4O8O6U2,O1O2U3O4O5U2O6O3U1O7U5U8U7O8U6U4,O1O2U3O4O5U1O3O6U5U2O7U8U7U4O8U6,c,{'O1O2O3U2O4O5U6U7O8U5U1O7U4U8O6U3'},1,"<a href=""/flatknot/8.975546"">8.975546</a>",t^9-67t^7-174t^6+132t^5+594t^4+97t^3-372t^2-52t-26,t^3-2t^2+t,,
8.975547,O1O2O3U2O4O5U6U7O8U5U3O7U1U8O6U4,4,17z^2+102z+137,17w^3z^2+102w^2z+137w,False,False,"[[ 0 -1 -1  1  2  1 -3 -1  2],[ 1  0 -1  2  2  1 -2 -1  2],[ 1  1  0  1  1  0  0  0  1],[-1 -2 -1  0  0  0 -2 -2  1],[-2 -2 -1  0  0  1 -3 -2  0],[-1 -1  0  0 -1  0 -1 -1  0],[ 3  2  0  2  3  1  0  1  3],[ 1  1  0  2  2  1 -1  0  2],[-2 -2 -1 -1  0  0 -3 -2  0]]","[[ 0  2  2  1  1 -1 -1 -1 -3],[-2  0  0  1  0 -1 -2 -2 -3],[-2  0  0  0 -1 -1 -2 -2 -3],[-1 -1  0  0  0  0 -1 -1 -1],[-1  0  1  0  0 -1 -2 -2 -2],[ 1  1  1  0  1  0  1  0  0],[ 1  2  2  1  2 -1  0 -1 -2],[ 1  2  2  1  2  0  1  0 -1],[ 3  3  3  1  2  0  2  1  0]]",True,"[-2,-2,-1,-1,1,1,1,3,0,-1,0,1,2,2,3,0,1,1,2,2,3,0,0,1,1,1,1,2,2,2,-1,0,0,1,2,1]","[-3,-1,-1,-1,1,1,2,2,0,1,2,1,2,3,3,0,1,0,1,1,1,1,1,2,2,2,1,2,2,2,0,-1,0,0,1,0]",t^8+61t^6+115t^4+41t^2+1,"[-3,-1,-1,-1,1,1,2,2,0,1,2,2,3,2,2,1,1,0,1,1,1,0,0,1,1,1,1,2,2,2,0,0,1,1,2,0]","[-2,-2,-1,-1,1,1,1,3,0,0,1,1,1,2,2,1,2,1,1,2,2,0,0,0,1,2,1,1,2,3,-1,-1,0,0,1,2]","[-3,-1,-1,-1,1,1,2,2,0,1,2,1,2,3,3,0,1,0,1,1,1,1,1,2,2,2,1,2,2,2,0,-1,0,0,1,0]",c,"[[{8, 2}, {1, 7}, {4, 6}, {3, 5}]]",1,8 K_1^3 - 28 K_1^2 - 18 K_1 K_2 + 3 K_1 + 14 K_2 + 7 K_3 + 15,O1O2O3U4O5U6U3O7U1U8O6U7U5O8O4U2,O1O2U3O4O5U2O6O3U1O7U6U8U5O8U7U4,O1O2U3O4O5U1O3O6U5U7O8U4U8U2O7U6,c,{'O1O2O3U2O4O5U6U7O8U5U3O7U1U8O6U4'},1,"<a href=""/flatknot/8.975547"">8.975547</a>",t^9-63t^7-202t^6-85t^5+250t^4+179t^3-102t^2-75t+10,t^3-2t^2+t,,
8.975548,O1O2O3U2O4O5U6U7O8U5U4O7U1U8O6U3,4,13z^2+66z+81,-10w^4z^2+23w^3z^2-22w^3z+88w^2z+81w,False,False,"[[ 0 -1 -1  2  1  1 -3 -1  2],[ 1  0  0  2  1  1 -2 -1  2],[ 1  0  0  1  0  0  1  1  0],[-2 -2 -1  0  1  1 -4 -3  1],[-1 -1  0 -1  0  0 -2 -2  1],[-1 -1  0 -1  0  0 -1 -1  0],[ 3  2 -1  4  2  1  0  1  3],[ 1  1 -1  3  2  1 -1  0  2],[-2 -2  0 -1 -1  0 -3 -2  0]]","[[ 0  2  2  1  1 -1 -1 -1 -3],[-2  0  1  1  1 -1 -2 -3 -4],[-2 -1  0  0 -1  0 -2 -2 -3],[-1 -1  0  0  0  0 -1 -1 -1],[-1 -1  1  0  0  0 -1 -2 -2],[ 1  1  0  0  0  0  0  1  1],[ 1  2  2  1  1  0  0 -1 -2],[ 1  3  2  1  2 -1  1  0 -1],[ 3  4  3  1  2 -1  2  1  0]]",True,"[-2,-2,-1,-1,1,1,1,3,-1,-1,-1,1,2,3,4,0,1,0,2,2,3,0,0,1,1,1,0,1,2,2,0,-1,-1,1,2,1]","[-3,-1,-1,-1,1,1,2,2,-1,1,2,1,2,3,4,1,0,0,0,0,1,1,1,2,2,3,1,1,2,2,0,0,-1,1,-1,-1]",t^8+71t^6+141t^4+46t^2+1,"[-3,-1,-1,-1,1,1,2,2,0,1,3,2,3,1,2,1,0,1,1,1,1,1,0,1,0,1,2,2,2,3,0,2,0,2,1,-1]","[-2,-2,-1,-1,1,1,1,3,-1,0,1,1,1,3,2,2,2,0,1,2,1,0,0,1,2,2,1,1,2,3,1,-1,1,0,0,3]","[-3,-1,-1,-1,1,1,2,2,-1,1,2,1,2,3,4,1,0,0,0,0,1,1,1,2,2,3,1,1,2,2,0,0,-1,1,-1,-1]",c,"[[{8, 1}, {2, 7}, {3, 6}, {4, 5}], [{8, 1}, {2, 7}, {3, 6}, {5}, {4}], [{8, 1}, {2, 7}, {4, 6}, {3, 5}], [{8, 1}, {2, 7}, {4, 6}, {5}, {3}], [{8, 1}, {2, 7}, {5, 6}, {3, 4}], [{8, 1}, {2, 7}, {6}, {5}, {3, 4}], [{8, 1}, {3, 7}, {2, 6}, {4, 5}], [{8, 1}, {3, 7}, {4, 6}, {2, 5}], [{8, 1}, {3, 7}, {5, 6}, {2, 4}], [{8, 1}, {3, 7}, {6}, {5}, {2, 4}], [{8, 1}, {4, 7}, {2, 6}, {3, 5}], [{8, 1}, {4, 7}, {3, 6}, {2, 5}], [{8, 1}, {4, 7}, {3, 6}, {5}, {2}], [{8, 1}, {4, 7}, {5, 6}, {2, 3}], [{8, 1}, {4, 7}, {6}, {2, 5}, {3}], [{8, 1}, {5, 7}, {2, 6}, {3, 4}], [{8, 1}, {5, 7}, {3, 6}, {2, 4}], [{8, 1}, {5, 7}, {4, 6}, {2, 3}], [{8, 1}, {6, 7}, {2, 5}, {3, 4}], [{8, 1}, {6, 7}, {3, 5}, {2, 4}], [{8, 1}, {6, 7}, {4, 5}, {2, 3}], [{8, 1}, {6, 7}, {5}, {2, 4}, {3}], [{8, 1}, {7}, {3, 6}, {5}, {2, 4}], [{8, 2}, {1, 7}, {3, 6}, {4, 5}], [{8, 2}, {1, 7}, {4, 6}, {3, 5}], [{8, 2}, {1, 7}, {5, 6}, {3, 4}], [{8, 2}, {1, 7}, {6}, {5}, {3, 4}], [{8, 2}, {3, 7}, {1, 6}, {4, 5}], [{8, 2}, {3, 7}, {4, 6}, {1, 5}], [{8, 2}, {3, 7}, {5, 6}, {1, 4}], [{8, 2}, {3, 7}, {6}, {1, 5}, {4}], [{8, 2}, {3, 7}, {6}, {4, 5}, {1}], [{8, 2}, {3, 7}, {6}, {5}, {1, 4}], [{8, 2}, {4, 7}, {1, 6}, {3, 5}], [{8, 2}, {4, 7}, {3, 6}, {1, 5}], [{8, 2}, {4, 7}, {5, 6}, {1, 3}], [{8, 2}, {4, 7}, {5, 6}, {3}, {1}], [{8, 2}, {5, 7}, {1, 6}, {3, 4}], [{8, 2}, {5, 7}, {3, 6}, {1, 4}], [{8, 2}, {5, 7}, {4, 6}, {1, 3}], [{8, 2}, {6, 7}, {1, 5}, {3, 4}], [{8, 2}, {6, 7}, {3, 5}, {1, 4}], [{8, 2}, {6, 7}, {4, 5}, {1, 3}], [{8, 2}, {6, 7}, {5}, {4}, {1, 3}], [{8, 2}, {7}, {4, 6}, {3, 5}, {1}], [{8, 3}, {1, 7}, {2, 6}, {4, 5}], [{8, 3}, {1, 7}, {4, 6}, {2, 5}], [{8, 3}, {1, 7}, {5, 6}, {2, 4}], [{8, 3}, {1, 7}, {6}, {5}, {2, 4}], [{8, 3}, {2, 7}, {1, 6}, {4, 5}], [{8, 3}, {2, 7}, {4, 6}, {1, 5}], [{8, 3}, {2, 7}, {5, 6}, {1, 4}], [{8, 3}, {2, 7}, {5, 6}, {4}, {1}], [{8, 3}, {2, 7}, {6}, {5}, {1, 4}], [{8, 3}, {4, 7}, {1, 6}, {2, 5}], [{8, 3}, {4, 7}, {2, 6}, {1, 5}], [{8, 3}, {4, 7}, {5, 6}, {1, 2}], [{8, 3}, {4, 7}, {6}, {5}, {1, 2}], [{8, 3}, {5, 7}, {1, 6}, {2, 4}], [{8, 3}, {5, 7}, {2, 6}, {1, 4}], [{8, 3}, {5, 7}, {2, 6}, {4}, {1}], [{8, 3}, {5, 7}, {4, 6}, {1, 2}], [{8, 3}, {6, 7}, {1, 5}, {2, 4}], [{8, 3}, {6, 7}, {2, 5}, {1, 4}], [{8, 3}, {6, 7}, {4, 5}, {1, 2}], [{8, 3}, {6, 7}, {5}, {1, 4}, {2}], [{8, 3}, {7}, {1, 6}, {4, 5}, {2}], [{8, 3}, {7}, {2, 6}, {5}, {1, 4}], [{8, 4}, {1, 7}, {2, 6}, {3, 5}], [{8, 4}, {1, 7}, {3, 6}, {2, 5}], [{8, 4}, {1, 7}, {5, 6}, {2, 3}], [{8, 4}, {2, 7}, {1, 6}, {3, 5}], [{8, 4}, {2, 7}, {3, 6}, {1, 5}], [{8, 4}, {2, 7}, {5, 6}, {1, 3}], [{8, 4}, {2, 7}, {6}, {3, 5}, {1}], [{8, 4}, {3, 7}, {1, 6}, {2, 5}], [{8, 4}, {3, 7}, {1, 6}, {5}, {2}], [{8, 4}, {3, 7}, {2, 6}, {1, 5}], [{8, 4}, {3, 7}, {5, 6}, {1, 2}], [{8, 4}, {5, 7}, {1, 6}, {2, 3}], [{8, 4}, {5, 7}, {2, 6}, {1, 3}], [{8, 4}, {5, 7}, {2, 6}, {3}, {1}], [{8, 4}, {5, 7}, {3, 6}, {1, 2}], [{8, 4}, {6, 7}, {1, 5}, {2, 3}], [{8, 4}, {6, 7}, {2, 5}, {1, 3}], [{8, 4}, {6, 7}, {3, 5}, {1, 2}], [{8, 4}, {7}, {3, 6}, {5}, {1, 2}], [{8, 5}, {1, 7}, {2, 6}, {3, 4}], [{8, 5}, {1, 7}, {3, 6}, {2, 4}], [{8, 5}, {1, 7}, {4, 6}, {2, 3}], [{8, 5}, {2, 7}, {1, 6}, {3, 4}], [{8, 5}, {2, 7}, {3, 6}, {1, 4}], [{8, 5}, {2, 7}, {3, 6}, {4}, {1}], [{8, 5}, {2, 7}, {4, 6}, {1, 3}], [{8, 5}, {2, 7}, {4, 6}, {3}, {1}], [{8, 5}, {2, 7}, {6}, {3, 4}, {1}], [{8, 5}, {3, 7}, {1, 6}, {2, 4}], [{8, 5}, {3, 7}, {2, 6}, {1, 4}], [{8, 5}, {3, 7}, {4, 6}, {1, 2}], [{8, 5}, {4, 7}, {1, 6}, {2, 3}], [{8, 5}, {4, 7}, {2, 6}, {1, 3}], [{8, 5}, {4, 7}, {2, 6}, {3}, {1}], [{8, 5}, {4, 7}, {3, 6}, {1, 2}], [{8, 5}, {6, 7}, {1, 4}, {2, 3}], [{8, 5}, {6, 7}, {2, 4}, {1, 3}], [{8, 5}, {6, 7}, {3, 4}, {1, 2}], [{8, 5}, {7}, {1, 6}, {2, 4}, {3}], [{8, 5}, {7}, {4, 6}, {1, 3}, {2}], [{8, 6}, {1, 7}, {2, 5}, {3, 4}], [{8, 6}, {1, 7}, {2, 5}, {4}, {3}], [{8, 6}, {1, 7}, {3, 5}, {2, 4}], [{8, 6}, {1, 7}, {3, 5}, {4}, {2}], [{8, 6}, {1, 7}, {4, 5}, {2, 3}], [{8, 6}, {1, 7}, {4, 5}, {3}, {2}], [{8, 6}, {1, 7}, {5}, {2, 4}, {3}], [{8, 6}, {1, 7}, {5}, {3, 4}, {2}], [{8, 6}, {1, 7}, {5}, {4}, {2, 3}], [{8, 6}, {1, 7}, {5}, {4}, {3}, {2}], [{8, 6}, {2, 7}, {1, 5}, {3, 4}], [{8, 6}, {2, 7}, {3, 5}, {1, 4}], [{8, 6}, {2, 7}, {4, 5}, {1, 3}], [{8, 6}, {2, 7}, {5}, {4}, {1, 3}], [{8, 6}, {3, 7}, {1, 5}, {2, 4}], [{8, 6}, {3, 7}, {2, 5}, {1, 4}], [{8, 6}, {3, 7}, {4, 5}, {1, 2}], [{8, 6}, {3, 7}, {5}, {4}, {1, 2}], [{8, 6}, {4, 7}, {1, 5}, {2, 3}], [{8, 6}, {4, 7}, {2, 5}, {1, 3}], [{8, 6}, {4, 7}, {3, 5}, {1, 2}], [{8, 6}, {4, 7}, {5}, {2, 3}, {1}], [{8, 6}, {5, 7}, {1, 4}, {2, 3}], [{8, 6}, {5, 7}, {2, 4}, {1, 3}], [{8, 6}, {5, 7}, {3, 4}, {1, 2}], [{8, 6}, {5, 7}, {4}, {2, 3}, {1}], [{8, 6}, {7}, {1, 5}, {4}, {2, 3}], [{8, 6}, {7}, {4, 5}, {2, 3}, {1}], [{8, 6}, {7}, {5}, {1, 4}, {2, 3}], [{8, 6}, {7}, {5}, {4}, {2, 3}, {1}], [{8, 7}, {1, 6}, {2, 5}, {3, 4}], [{8, 7}, {1, 6}, {3, 5}, {2, 4}], [{8, 7}, {1, 6}, {4, 5}, {2, 3}], [{8, 7}, {2, 6}, {1, 5}, {3, 4}], [{8, 7}, {2, 6}, {3, 5}, {1, 4}], [{8, 7}, {2, 6}, {4, 5}, {1, 3}], [{8, 7}, {3, 6}, {1, 5}, {2, 4}], [{8, 7}, {3, 6}, {2, 5}, {1, 4}], [{8, 7}, {3, 6}, {4, 5}, {1, 2}], [{8, 7}, {3, 6}, {5}, {2, 4}, {1}], [{8, 7}, {4, 6}, {1, 5}, {2, 3}], [{8, 7}, {4, 6}, {2, 5}, {1, 3}], [{8, 7}, {4, 6}, {3, 5}, {1, 2}], [{8, 7}, {4, 6}, {5}, {1, 3}, {2}], [{8, 7}, {5, 6}, {1, 4}, {2, 3}], [{8, 7}, {5, 6}, {2, 4}, {1, 3}], [{8, 7}, {5, 6}, {3, 4}, {1, 2}], [{8, 7}, {6}, {5}, {3, 4}, {1, 2}], [{8}, {1, 7}, {2, 6}, {5}, {3, 4}], [{8}, {1, 7}, {3, 6}, {5}, {2, 4}], [{8}, {2, 7}, {3, 6}, {1, 5}, {4}], [{8}, {2, 7}, {4, 6}, {1, 5}, {3}], [{8}, {2, 7}, {5, 6}, {1, 4}, {3}], [{8}, {2, 7}, {6}, {1, 5}, {3, 4}], [{8}, {4, 7}, {1, 6}, {3, 5}, {2}], [{8}, {4, 7}, {5, 6}, {1, 3}, {2}], [{8}, {4, 7}, {6}, {1, 5}, {2, 3}], [{8}, {5, 7}, {2, 6}, {3, 4}, {1}], [{8}, {5, 7}, {4, 6}, {1, 3}, {2}], [{8}, {6, 7}, {1, 5}, {3, 4}, {2}], [{8}, {6, 7}, {2, 5}, {1, 4}, {3}], [{8}, {7}, {2, 6}, {1, 5}, {3, 4}]]",2,- 4 K_1^2 - 2 K_1 K_2 + K_1 + 2 K_2 + K_3 + 3,O1O2O3U1O4U5U3O6U7U8O5U6U4O8O7U2,O1O2U3O4O5U2O6O3U1O7U6U8U7O8U5U4,O1O2U3O4O5U1O3O6U5U4O7U8U7U2O8U6,c,{'O1O2O3U2O4O5U6U7O8U5U4O7U1U8O6U3'},1,"<a href=""/flatknot/8.975548"">8.975548</a>",t^9-73t^7-288t^6-271t^5+296t^4+486t^3-62t^2-164t+42,t^3-2t^2+t,,
8.975549,O1O2O3U4O5O4U1U2O6U7U3O7U8U6O8U5,4,5z^3+38z^2+108z+105,5w^4z^3+38w^3z^2+108w^2z+105w,False,False,"[[ 0 -3 -1  1  1  2  2 -1 -1],[ 3  0  1  2  3  2  1  2  3],[ 1 -1  0  1  1  1  1  0  1],[-1 -2 -1  0 -1  0  0 -1 -2],[-1 -3 -1  1  0  2  2 -2 -2],[-2 -2 -1  0 -2  0  1 -2 -3],[-2 -1 -1  0 -2 -1  0 -2 -2],[ 1 -2  0  1  2  2  2  0  0],[ 1 -3 -1  2  2  3  2  0  0]]","[[ 0  2  2  1  1 -1 -1 -1 -3],[-2  0  1  0 -2 -1 -2 -3 -2],[-2 -1  0  0 -2 -1 -2 -2 -1],[-1  0  0  0 -1 -1 -1 -2 -2],[-1  2  2  1  0 -1 -2 -2 -3],[ 1  1  1  1  1  0  0  1 -1],[ 1  2  2  1  2  0  0  0 -2],[ 1  3  2  2  2 -1  0  0 -3],[ 3  2  1  2  3  1  2  3  0]]",True,"[-2,-2,-1,-1,1,1,1,3,-1,0,2,1,2,3,2,0,2,1,2,2,1,1,1,1,2,2,1,2,2,3,0,-1,1,0,2,3]","[-3,-1,-1,-1,1,1,2,2,-1,0,1,1,2,3,4,0,1,0,0,0,1,0,0,1,1,1,1,1,2,2,-1,-1,-1,1,1,-1]",t^8+81t^6+150t^4+55t^2+4,"[-3,-1,-1,-1,1,1,2,2,-1,0,1,1,2,3,4,0,1,0,0,0,1,0,0,1,1,1,1,1,2,2,-1,-1,-1,1,1,-1]","[-2,-2,-1,-1,1,1,1,3,-1,-1,1,1,1,2,4,-1,1,0,1,2,3,1,0,0,1,1,0,1,1,2,0,-1,-1,0,0,1]","[-3,-1,-1,-1,1,1,2,2,1,2,3,2,3,1,2,0,1,1,1,1,1,0,1,2,2,2,2,2,2,3,-1,0,0,2,2,-1]",c,"[[{8, 1}, {2, 7}, {3, 6}, {4, 5}], [{8, 1}, {2, 7}, {4, 6}, {3, 5}], [{8, 1}, {2, 7}, {5, 6}, {3, 4}], [{8, 1}, {3, 7}, {2, 6}, {4, 5}], [{8, 1}, {3, 7}, {2, 6}, {5}, {4}], [{8, 1}, {3, 7}, {4, 6}, {2, 5}], [{8, 1}, {3, 7}, {4, 6}, {5}, {2}], [{8, 1}, {3, 7}, {5, 6}, {2, 4}], [{8, 1}, {3, 7}, {6}, {5}, {2, 4}], [{8, 1}, {4, 7}, {2, 6}, {3, 5}], [{8, 1}, {4, 7}, {3, 6}, {2, 5}], [{8, 1}, {4, 7}, {5, 6}, {2, 3}], [{8, 1}, {4, 7}, {6}, {5}, {2, 3}], [{8, 1}, {5, 7}, {2, 6}, {3, 4}], [{8, 1}, {5, 7}, {3, 6}, {2, 4}], [{8, 1}, {5, 7}, {4, 6}, {2, 3}], [{8, 1}, {6, 7}, {2, 5}, {3, 4}], [{8, 1}, {6, 7}, {3, 5}, {2, 4}], [{8, 1}, {6, 7}, {4, 5}, {2, 3}], [{8, 1}, {6, 7}, {4, 5}, {3}, {2}], [{8, 2}, {1, 7}, {3, 6}, {4, 5}], [{8, 2}, {1, 7}, {4, 6}, {3, 5}], [{8, 2}, {1, 7}, {5, 6}, {3, 4}], [{8, 2}, {1, 7}, {5, 6}, {4}, {3}], [{8, 2}, {1, 7}, {6}, {5}, {3, 4}], [{8, 2}, {3, 7}, {1, 6}, {4, 5}], [{8, 2}, {3, 7}, {4, 6}, {1, 5}], [{8, 2}, {3, 7}, {5, 6}, {1, 4}], [{8, 2}, {3, 7}, {5, 6}, {4}, {1}], [{8, 2}, {3, 7}, {6}, {5}, {1, 4}], [{8, 2}, {4, 7}, {1, 6}, {3, 5}], [{8, 2}, {4, 7}, {3, 6}, {1, 5}], [{8, 2}, {4, 7}, {5, 6}, {1, 3}], [{8, 2}, {4, 7}, {5, 6}, {3}, {1}], [{8, 2}, {4, 7}, {6}, {5}, {1, 3}], [{8, 2}, {5, 7}, {1, 6}, {3, 4}], [{8, 2}, {5, 7}, {3, 6}, {1, 4}], [{8, 2}, {5, 7}, {4, 6}, {1, 3}], [{8, 2}, {5, 7}, {6}, {3, 4}, {1}], [{8, 2}, {6, 7}, {1, 5}, {3, 4}], [{8, 2}, {6, 7}, {3, 5}, {1, 4}], [{8, 2}, {6, 7}, {4, 5}, {1, 3}], [{8, 2}, {6, 7}, {5}, {3, 4}, {1}], [{8, 2}, {7}, {1, 6}, {5}, {3, 4}], [{8, 2}, {7}, {3, 6}, {4, 5}, {1}], [{8, 2}, {7}, {4, 6}, {3, 5}, {1}], [{8, 2}, {7}, {5, 6}, {1, 4}, {3}], [{8, 2}, {7}, {5, 6}, {3, 4}, {1}], [{8, 2}, {7}, {5, 6}, {4}, {1, 3}], [{8, 2}, {7}, {5, 6}, {4}, {3}, {1}], [{8, 2}, {7}, {6}, {1, 5}, {3, 4}], [{8, 2}, {7}, {6}, {5}, {3, 4}, {1}], [{8, 3}, {1, 7}, {2, 6}, {4, 5}], [{8, 3}, {1, 7}, {4, 6}, {2, 5}], [{8, 3}, {1, 7}, {5, 6}, {2, 4}], [{8, 3}, {2, 7}, {1, 6}, {4, 5}], [{8, 3}, {2, 7}, {4, 6}, {1, 5}], [{8, 3}, {2, 7}, {5, 6}, {1, 4}], [{8, 3}, {4, 7}, {1, 6}, {2, 5}], [{8, 3}, {4, 7}, {2, 6}, {1, 5}], [{8, 3}, {4, 7}, {5, 6}, {1, 2}], [{8, 3}, {4, 7}, {6}, {1, 5}, {2}], [{8, 3}, {5, 7}, {1, 6}, {2, 4}], [{8, 3}, {5, 7}, {1, 6}, {4}, {2}], [{8, 3}, {5, 7}, {2, 6}, {1, 4}], [{8, 3}, {5, 7}, {4, 6}, {1, 2}], [{8, 3}, {6, 7}, {1, 5}, {2, 4}], [{8, 3}, {6, 7}, {2, 5}, {1, 4}], [{8, 3}, {6, 7}, {4, 5}, {1, 2}], [{8, 3}, {6, 7}, {4, 5}, {2}, {1}], [{8, 3}, {7}, {1, 6}, {5}, {2, 4}], [{8, 3}, {7}, {2, 6}, {1, 5}, {4}], [{8, 3}, {7}, {6}, {2, 5}, {1, 4}], [{8, 4}, {1, 7}, {2, 6}, {3, 5}], [{8, 4}, {1, 7}, {3, 6}, {2, 5}], [{8, 4}, {1, 7}, {5, 6}, {2, 3}], [{8, 4}, {2, 7}, {1, 6}, {3, 5}], [{8, 4}, {2, 7}, {3, 6}, {1, 5}], [{8, 4}, {2, 7}, {5, 6}, {1, 3}], [{8, 4}, {3, 7}, {1, 6}, {2, 5}], [{8, 4}, {3, 7}, {2, 6}, {1, 5}], [{8, 4}, {3, 7}, {5, 6}, {1, 2}], [{8, 4}, {3, 7}, {5, 6}, {2}, {1}], [{8, 4}, {5, 7}, {1, 6}, {2, 3}], [{8, 4}, {5, 7}, {2, 6}, {1, 3}], [{8, 4}, {5, 7}, {3, 6}, {1, 2}], [{8, 4}, {6, 7}, {1, 5}, {2, 3}], [{8, 4}, {6, 7}, {2, 5}, {1, 3}], [{8, 4}, {6, 7}, {3, 5}, {1, 2}], [{8, 4}, {6, 7}, {5}, {1, 3}, {2}], [{8, 4}, {7}, {1, 6}, {3, 5}, {2}], [{8, 4}, {7}, {2, 6}, {1, 5}, {3}], [{8, 4}, {7}, {3, 6}, {5}, {1, 2}], [{8, 5}, {1, 7}, {2, 6}, {3, 4}], [{8, 5}, {1, 7}, {3, 6}, {2, 4}], [{8, 5}, {1, 7}, {4, 6}, {2, 3}], [{8, 5}, {1, 7}, {6}, {3, 4}, {2}], [{8, 5}, {2, 7}, {1, 6}, {3, 4}], [{8, 5}, {2, 7}, {1, 6}, {4}, {3}], [{8, 5}, {2, 7}, {3, 6}, {1, 4}], [{8, 5}, {2, 7}, {4, 6}, {1, 3}], [{8, 5}, {3, 7}, {1, 6}, {2, 4}], [{8, 5}, {3, 7}, {2, 6}, {1, 4}], [{8, 5}, {3, 7}, {4, 6}, {1, 2}], [{8, 5}, {3, 7}, {6}, {2, 4}, {1}], [{8, 5}, {4, 7}, {1, 6}, {2, 3}], [{8, 5}, {4, 7}, {2, 6}, {1, 3}], [{8, 5}, {4, 7}, {3, 6}, {1, 2}], [{8, 5}, {6, 7}, {1, 4}, {2, 3}], [{8, 5}, {6, 7}, {1, 4}, {3}, {2}], [{8, 5}, {6, 7}, {2, 4}, {1, 3}], [{8, 5}, {6, 7}, {3, 4}, {1, 2}], [{8, 5}, {6, 7}, {3, 4}, {2}, {1}], [{8, 5}, {6, 7}, {4}, {1, 3}, {2}], [{8, 5}, {7}, {1, 6}, {3, 4}, {2}], [{8, 6}, {1, 7}, {2, 5}, {3, 4}], [{8, 6}, {1, 7}, {3, 5}, {2, 4}], [{8, 6}, {1, 7}, {4, 5}, {2, 3}], [{8, 6}, {2, 7}, {1, 5}, {3, 4}], [{8, 6}, {2, 7}, {1, 5}, {4}, {3}], [{8, 6}, {2, 7}, {3, 5}, {1, 4}], [{8, 6}, {2, 7}, {4, 5}, {1, 3}], [{8, 6}, {3, 7}, {1, 5}, {2, 4}], [{8, 6}, {3, 7}, {2, 5}, {1, 4}], [{8, 6}, {3, 7}, {4, 5}, {1, 2}], [{8, 6}, {3, 7}, {5}, {2, 4}, {1}], [{8, 6}, {4, 7}, {1, 5}, {2, 3}], [{8, 6}, {4, 7}, {2, 5}, {1, 3}], [{8, 6}, {4, 7}, {3, 5}, {1, 2}], [{8, 6}, {5, 7}, {1, 4}, {2, 3}], [{8, 6}, {5, 7}, {2, 4}, {1, 3}], [{8, 6}, {5, 7}, {3, 4}, {1, 2}], [{8, 6}, {5, 7}, {4}, {2, 3}, {1}], [{8, 6}, {7}, {1, 5}, {3, 4}, {2}], [{8, 6}, {7}, {2, 5}, {1, 4}, {3}], [{8, 6}, {7}, {3, 5}, {1, 4}, {2}], [{8, 6}, {7}, {5}, {1, 4}, {2, 3}], [{8, 7}, {1, 6}, {2, 5}, {3, 4}], [{8, 7}, {1, 6}, {3, 5}, {2, 4}], [{8, 7}, {1, 6}, {4, 5}, {2, 3}], [{8, 7}, {1, 6}, {5}, {2, 4}, {3}], [{8, 7}, {2, 6}, {1, 5}, {3, 4}], [{8, 7}, {2, 6}, {3, 5}, {1, 4}], [{8, 7}, {2, 6}, {4, 5}, {1, 3}], [{8, 7}, {2, 6}, {5}, {1, 4}, {3}], [{8, 7}, {3, 6}, {1, 5}, {2, 4}], [{8, 7}, {3, 6}, {1, 5}, {4}, {2}], [{8, 7}, {3, 6}, {2, 5}, {1, 4}], [{8, 7}, {3, 6}, {2, 5}, {4}, {1}], [{8, 7}, {3, 6}, {4, 5}, {1, 2}], [{8, 7}, {3, 6}, {4, 5}, {2}, {1}], [{8, 7}, {3, 6}, {5}, {1, 4}, {2}], [{8, 7}, {3, 6}, {5}, {2, 4}, {1}], [{8, 7}, {3, 6}, {5}, {4}, {1, 2}], [{8, 7}, {3, 6}, {5}, {4}, {2}, {1}], [{8, 7}, {4, 6}, {1, 5}, {2, 3}], [{8, 7}, {4, 6}, {2, 5}, {1, 3}], [{8, 7}, {4, 6}, {3, 5}, {1, 2}], [{8, 7}, {4, 6}, {3, 5}, {2}, {1}], [{8, 7}, {5, 6}, {1, 4}, {2, 3}], [{8, 7}, {5, 6}, {2, 4}, {1, 3}], [{8, 7}, {5, 6}, {3, 4}, {1, 2}], [{8, 7}, {5, 6}, {3, 4}, {2}, {1}], [{8, 7}, {6}, {5}, {1, 4}, {2, 3}], [{8, 7}, {6}, {5}, {2, 4}, {1, 3}], [{8}, {1, 7}, {6}, {2, 5}, {3, 4}], [{8}, {1, 7}, {6}, {3, 5}, {2, 4}], [{8}, {2, 7}, {3, 6}, {4, 5}, {1}], [{8}, {2, 7}, {4, 6}, {3, 5}, {1}], [{8}, {2, 7}, {5, 6}, {3, 4}, {1}], [{8}, {3, 7}, {1, 6}, {2, 5}, {4}], [{8}, {3, 7}, {1, 6}, {4, 5}, {2}], [{8}, {3, 7}, {1, 6}, {5}, {2, 4}], [{8}, {3, 7}, {5, 6}, {2, 4}, {1}], [{8}, {3, 7}, {6}, {1, 5}, {2, 4}], [{8}, {4, 7}, {1, 6}, {2, 5}, {3}], [{8}, {4, 7}, {3, 6}, {5}, {1, 2}], [{8}, {5, 7}, {2, 6}, {4}, {1, 3}], [{8}, {6, 7}, {1, 5}, {2, 4}, {3}], [{8}, {6, 7}, {2, 5}, {3, 4}, {1}], [{8}, {6, 7}, {3, 5}, {4}, {1, 2}], [{8}, {6, 7}, {4, 5}, {1, 3}, {2}], [{8}, {6, 7}, {5}, {1, 4}, {2, 3}], [{8}, {7}, {1, 6}, {2, 5}, {3, 4}], [{8}, {7}, {2, 6}, {1, 5}, {3, 4}], [{8}, {7}, {3, 6}, {1, 5}, {2, 4}], [{8}, {7}, {3, 6}, {2, 5}, {1, 4}], [{8}, {7}, {4, 6}, {1, 5}, {2, 3}], [{8}, {7}, {4, 6}, {2, 5}, {1, 3}]]",2,8 K_1^3 - 12 K_1^2 - 10 K_1 K_2 - K_1 + 6 K_2 + 3 K_3 + 7,O1O2O3U4O5U6U5O7U1U7O6U2U3O8O4U8,O1O2U3O4O5U4O6O3U6O7U1U2U5O8U7U8,O1O2U3O4O3U1O5O6U7U8O7U4U5U6O8U2,c,{'O1O2O3U4O5O4U1U2O6U7U3O7U8U6O8U5'},1,"<a href=""/flatknot/8.975549"">8.975549</a>",t^9-83t^7-392t^6-420t^5+360t^4+466t^3-180t^2-64t+26,t^3-2t^2+t,,
8.975550,O1O2O3U4O5O4U1U2O6U7U5O7U8U6O8U3,4,12z^3+62z^2+107z+63,-4w^5z^3+16w^4z^3-4w^4z^2+66w^3z^2+107w^2z+63w,False,False,"[[ 0 -3 -1  2  1  1  2 -1 -1],[ 3  0  1  3  3  1  1  2  3],[ 1 -1  0  2  1  0  1  0  1],[-2 -3 -2  0 -1 -1  2 -3 -3],[-1 -3 -1  1  0  1  1 -1 -2],[-1 -1  0  1 -1  0  0 -1 -2],[-2 -1 -1 -2 -1  0  0 -2 -2],[ 1 -2  0  3  1  1  2  0  0],[ 1 -3 -1  3  2  2  2  0  0]]","[[ 0  2  2  1  1 -1 -1 -1 -3],[-2  0  2 -1 -1 -2 -3 -3 -3],[-2 -2  0  0 -1 -1 -2 -2 -1],[-1  1  0  0 -1  0 -1 -2 -1],[-1  1  1  1  0 -1 -1 -2 -3],[ 1  2  1  0  1  0  0  1 -1],[ 1  3  2  1  1  0  0  0 -2],[ 1  3  2  2  2 -1  0  0 -3],[ 3  3  1  1  3  1  2  3  0]]",True,"[-2,-2,-1,-1,1,1,1,3,-2,1,1,2,3,3,3,0,1,1,2,2,1,1,0,1,2,1,1,1,2,3,0,-1,1,0,2,3]","[-3,-1,-1,-1,1,1,2,2,-1,0,1,1,3,2,4,0,1,0,0,0,1,0,1,1,0,1,1,2,1,2,-1,0,0,0,1,-2]",t^8+85t^6+363t^4+159t^2+16,"[-3,-1,-1,-1,1,1,2,2,-1,0,1,1,3,2,4,0,1,0,0,0,1,0,1,1,0,1,1,2,1,2,-1,0,0,0,1,-2]","[-2,-2,-1,-1,1,1,1,3,-2,0,1,1,1,2,4,0,0,0,0,1,2,1,0,1,1,1,0,1,2,3,0,-1,-1,0,0,1]","[-3,-1,-1,-1,1,1,2,2,1,2,3,1,3,1,3,0,1,0,1,1,2,0,1,1,2,3,2,2,2,3,-1,0,1,1,1,-2]",c,"[[{8, 7}, {1, 6}, {2, 5}, {3, 4}], [{8, 7}, {2, 6}, {1, 5}, {3, 4}], [{8, 7}, {2, 6}, {3, 5}, {1, 4}], [{8, 7}, {3, 6}, {2, 5}, {1, 4}], [{8}, {7}, {3, 6}, {2, 5}, {1, 4}]]",1,4 K_1^3 - 2 K_1 K_2 - 2 K_1 + 1,O1O2O3U1O4U5U4O6U7U6O5U2U3O8O7U8,O1O2U3O4O5U4O6O3U6O7U1U2U7O8U5U8,O1O2U3O4O3U1O5O6U7U4O7U8U5U6O8U2,c,{'O1O2O3U4O5O4U1U2O6U7U5O7U8U6O8U3'},1,"<a href=""/flatknot/8.975550"">8.975550</a>",t^9-87t^7-402t^6-361t^5+480t^4+379t^3-448t^2-188t+106,t^3-2t^2+t,,
8.975551,O1O2O3U4O5O4U1U2O6U7U8O7U5U3O8U6,4,4z^3+36z^2+109z+107,4w^4z^3+36w^3z^2+109w^2z+107w,False,False,"[[ 0 -3 -1  2  1  1  2 -1 -1],[ 3  0  1  3  3  1  2  3  1],[ 1 -1  0  2  1  0  2  1 -1],[-2 -3 -2  0 -1 -1  1 -2 -2],[-1 -3 -1  1  0  1  1 -2 -1],[-1 -1  0  1 -1  0  0 -1  0],[-2 -2 -2 -1 -1  0  0 -3 -1],[ 1 -3 -1  2  2  1  3  0 -1],[ 1 -1  1  2  1  0  1  1  0]]","[[ 0  2  2  1  1 -1 -1 -1 -3],[-2  0  1 -1 -1 -2 -2 -2 -3],[-2 -1  0  0 -1 -1 -2 -3 -2],[-1  1  0  0 -1  0  0 -1 -1],[-1  1  1  1  0 -1 -1 -2 -3],[ 1  2  1  0  1  0  1  1 -1],[ 1  2  2  0  1 -1  0  1 -1],[ 1  2  3  1  2 -1 -1  0 -3],[ 3  3  2  1  3  1  1  3  0]]",True,"[-2,-2,-1,-1,1,1,1,3,-1,1,1,2,2,2,3,0,1,1,2,3,2,1,0,0,1,1,1,1,2,3,-1,-1,1,-1,1,3]","[-3,-1,-1,-1,1,1,2,2,-1,1,1,1,3,2,3,1,1,0,1,1,0,-1,1,2,1,2,1,2,1,1,-1,0,0,0,1,-1]",t^8+75t^6+317t^4+146t^2+9,"[-3,-1,-1,-1,1,1,2,2,-1,1,1,1,3,2,3,1,1,0,1,1,0,-1,1,2,1,2,1,2,1,1,-1,0,0,0,1,-1]","[-2,-2,-1,-1,1,1,1,3,-1,0,1,0,1,2,3,0,0,1,1,1,2,1,0,1,1,1,1,2,2,3,-1,-1,-1,-1,1,1]","[-3,-1,-1,-1,1,1,2,2,1,1,3,1,3,2,3,-1,1,0,1,2,2,1,0,1,1,2,1,2,3,2,-1,0,1,1,1,-1]",c,"[[{8, 1}, {2, 7}, {3, 6}, {4, 5}], [{8, 1}, {2, 7}, {4, 6}, {3, 5}], [{8, 1}, {2, 7}, {5, 6}, {3, 4}], [{8, 1}, {3, 7}, {2, 6}, {4, 5}], [{8, 1}, {3, 7}, {4, 6}, {2, 5}], [{8, 1}, {3, 7}, {5, 6}, {2, 4}], [{8, 1}, {4, 7}, {2, 6}, {3, 5}], [{8, 1}, {4, 7}, {3, 6}, {2, 5}], [{8, 1}, {4, 7}, {5, 6}, {2, 3}], [{8, 1}, {5, 7}, {2, 6}, {3, 4}], [{8, 1}, {5, 7}, {2, 6}, {4}, {3}], [{8, 1}, {5, 7}, {3, 6}, {2, 4}], [{8, 1}, {5, 7}, {4, 6}, {2, 3}], [{8, 1}, {5, 7}, {4, 6}, {3}, {2}], [{8, 1}, {5, 7}, {6}, {2, 4}, {3}], [{8, 1}, {6, 7}, {2, 5}, {3, 4}], [{8, 1}, {6, 7}, {3, 5}, {2, 4}], [{8, 1}, {6, 7}, {4, 5}, {2, 3}], [{8, 1}, {6, 7}, {4, 5}, {3}, {2}], [{8, 1}, {7}, {5, 6}, {4}, {2, 3}], [{8, 2}, {1, 7}, {3, 6}, {4, 5}], [{8, 2}, {1, 7}, {4, 6}, {3, 5}], [{8, 2}, {1, 7}, {5, 6}, {3, 4}], [{8, 2}, {3, 7}, {1, 6}, {4, 5}], [{8, 2}, {3, 7}, {4, 6}, {1, 5}], [{8, 2}, {3, 7}, {5, 6}, {1, 4}], [{8, 2}, {3, 7}, {6}, {1, 5}, {4}], [{8, 2}, {4, 7}, {1, 6}, {3, 5}], [{8, 2}, {4, 7}, {3, 6}, {1, 5}], [{8, 2}, {4, 7}, {5, 6}, {1, 3}], [{8, 2}, {5, 7}, {1, 6}, {3, 4}], [{8, 2}, {5, 7}, {3, 6}, {1, 4}], [{8, 2}, {5, 7}, {4, 6}, {1, 3}], [{8, 2}, {5, 7}, {6}, {1, 4}, {3}], [{8, 2}, {5, 7}, {6}, {3, 4}, {1}], [{8, 2}, {5, 7}, {6}, {4}, {1, 3}], [{8, 2}, {6, 7}, {1, 5}, {3, 4}], [{8, 2}, {6, 7}, {3, 5}, {1, 4}], [{8, 2}, {6, 7}, {4, 5}, {1, 3}], [{8, 2}, {7}, {1, 6}, {4, 5}, {3}], [{8, 3}, {1, 7}, {2, 6}, {4, 5}], [{8, 3}, {1, 7}, {4, 6}, {2, 5}], [{8, 3}, {1, 7}, {5, 6}, {2, 4}], [{8, 3}, {1, 7}, {6}, {2, 5}, {4}], [{8, 3}, {2, 7}, {1, 6}, {4, 5}], [{8, 3}, {2, 7}, {1, 6}, {5}, {4}], [{8, 3}, {2, 7}, {4, 6}, {1, 5}], [{8, 3}, {2, 7}, {5, 6}, {1, 4}], [{8, 3}, {4, 7}, {1, 6}, {2, 5}], [{8, 3}, {4, 7}, {1, 6}, {5}, {2}], [{8, 3}, {4, 7}, {2, 6}, {1, 5}], [{8, 3}, {4, 7}, {5, 6}, {1, 2}], [{8, 3}, {4, 7}, {5, 6}, {2}, {1}], [{8, 3}, {4, 7}, {6}, {1, 5}, {2}], [{8, 3}, {5, 7}, {1, 6}, {2, 4}], [{8, 3}, {5, 7}, {1, 6}, {4}, {2}], [{8, 3}, {5, 7}, {2, 6}, {1, 4}], [{8, 3}, {5, 7}, {2, 6}, {4}, {1}], [{8, 3}, {5, 7}, {4, 6}, {1, 2}], [{8, 3}, {5, 7}, {6}, {4}, {1, 2}], [{8, 3}, {6, 7}, {1, 5}, {2, 4}], [{8, 3}, {6, 7}, {2, 5}, {1, 4}], [{8, 3}, {6, 7}, {2, 5}, {4}, {1}], [{8, 3}, {6, 7}, {4, 5}, {1, 2}], [{8, 3}, {7}, {1, 6}, {2, 5}, {4}], [{8, 3}, {7}, {1, 6}, {4, 5}, {2}], [{8, 3}, {7}, {1, 6}, {5}, {2, 4}], [{8, 3}, {7}, {1, 6}, {5}, {4}, {2}], [{8, 4}, {1, 7}, {2, 6}, {3, 5}], [{8, 4}, {1, 7}, {3, 6}, {2, 5}], [{8, 4}, {1, 7}, {5, 6}, {2, 3}], [{8, 4}, {2, 7}, {1, 6}, {3, 5}], [{8, 4}, {2, 7}, {3, 6}, {1, 5}], [{8, 4}, {2, 7}, {5, 6}, {1, 3}], [{8, 4}, {3, 7}, {1, 6}, {2, 5}], [{8, 4}, {3, 7}, {2, 6}, {1, 5}], [{8, 4}, {3, 7}, {5, 6}, {1, 2}], [{8, 4}, {5, 7}, {1, 6}, {2, 3}], [{8, 4}, {5, 7}, {2, 6}, {1, 3}], [{8, 4}, {5, 7}, {2, 6}, {3}, {1}], [{8, 4}, {5, 7}, {3, 6}, {1, 2}], [{8, 4}, {6, 7}, {1, 5}, {2, 3}], [{8, 4}, {6, 7}, {2, 5}, {1, 3}], [{8, 4}, {6, 7}, {3, 5}, {1, 2}], [{8, 4}, {7}, {2, 6}, {5}, {1, 3}], [{8, 4}, {7}, {6}, {3, 5}, {1, 2}], [{8, 5}, {1, 7}, {2, 6}, {3, 4}], [{8, 5}, {1, 7}, {3, 6}, {2, 4}], [{8, 5}, {1, 7}, {4, 6}, {2, 3}], [{8, 5}, {1, 7}, {6}, {2, 4}, {3}], [{8, 5}, {1, 7}, {6}, {3, 4}, {2}], [{8, 5}, {1, 7}, {6}, {4}, {2, 3}], [{8, 5}, {2, 7}, {1, 6}, {3, 4}], [{8, 5}, {2, 7}, {3, 6}, {1, 4}], [{8, 5}, {2, 7}, {4, 6}, {1, 3}], [{8, 5}, {2, 7}, {6}, {1, 4}, {3}], [{8, 5}, {3, 7}, {1, 6}, {2, 4}], [{8, 5}, {3, 7}, {1, 6}, {4}, {2}], [{8, 5}, {3, 7}, {2, 6}, {1, 4}], [{8, 5}, {3, 7}, {2, 6}, {4}, {1}], [{8, 5}, {3, 7}, {4, 6}, {1, 2}], [{8, 5}, {3, 7}, {6}, {4}, {1, 2}], [{8, 5}, {4, 7}, {1, 6}, {2, 3}], [{8, 5}, {4, 7}, {2, 6}, {1, 3}], [{8, 5}, {4, 7}, {3, 6}, {1, 2}], [{8, 5}, {6, 7}, {1, 4}, {2, 3}], [{8, 5}, {6, 7}, {2, 4}, {1, 3}], [{8, 5}, {6, 7}, {3, 4}, {1, 2}], [{8, 5}, {6, 7}, {4}, {1, 3}, {2}], [{8, 6}, {1, 7}, {2, 5}, {3, 4}], [{8, 6}, {1, 7}, {3, 5}, {2, 4}], [{8, 6}, {1, 7}, {4, 5}, {2, 3}], [{8, 6}, {1, 7}, {5}, {4}, {2, 3}], [{8, 6}, {2, 7}, {1, 5}, {3, 4}], [{8, 6}, {2, 7}, {1, 5}, {4}, {3}], [{8, 6}, {2, 7}, {3, 5}, {1, 4}], [{8, 6}, {2, 7}, {4, 5}, {1, 3}], [{8, 6}, {2, 7}, {4, 5}, {3}, {1}], [{8, 6}, {2, 7}, {5}, {1, 4}, {3}], [{8, 6}, {3, 7}, {1, 5}, {2, 4}], [{8, 6}, {3, 7}, {2, 5}, {1, 4}], [{8, 6}, {3, 7}, {2, 5}, {4}, {1}], [{8, 6}, {3, 7}, {4, 5}, {1, 2}], [{8, 6}, {4, 7}, {1, 5}, {2, 3}], [{8, 6}, {4, 7}, {2, 5}, {1, 3}], [{8, 6}, {4, 7}, {3, 5}, {1, 2}], [{8, 6}, {5, 7}, {1, 4}, {2, 3}], [{8, 6}, {5, 7}, {1, 4}, {3}, {2}], [{8, 6}, {5, 7}, {2, 4}, {1, 3}], [{8, 6}, {5, 7}, {3, 4}, {1, 2}], [{8, 6}, {5, 7}, {3, 4}, {2}, {1}], [{8, 6}, {5, 7}, {4}, {1, 3}, {2}], [{8, 6}, {7}, {2, 5}, {1, 4}, {3}], [{8, 6}, {7}, {3, 5}, {4}, {1, 2}], [{8, 6}, {7}, {5}, {2, 4}, {1, 3}], [{8, 7}, {1, 6}, {2, 5}, {3, 4}], [{8, 7}, {1, 6}, {3, 5}, {2, 4}], [{8, 7}, {1, 6}, {3, 5}, {4}, {2}], [{8, 7}, {1, 6}, {4, 5}, {2, 3}], [{8, 7}, {2, 6}, {1, 5}, {3, 4}], [{8, 7}, {2, 6}, {3, 5}, {1, 4}], [{8, 7}, {2, 6}, {3, 5}, {4}, {1}], [{8, 7}, {2, 6}, {4, 5}, {1, 3}], [{8, 7}, {3, 6}, {1, 5}, {2, 4}], [{8, 7}, {3, 6}, {2, 5}, {1, 4}], [{8, 7}, {3, 6}, {4, 5}, {1, 2}], [{8, 7}, {3, 6}, {5}, {4}, {1, 2}], [{8, 7}, {4, 6}, {1, 5}, {2, 3}], [{8, 7}, {4, 6}, {2, 5}, {1, 3}], [{8, 7}, {4, 6}, {3, 5}, {1, 2}], [{8, 7}, {4, 6}, {5}, {3}, {1, 2}], [{8, 7}, {5, 6}, {1, 4}, {2, 3}], [{8, 7}, {5, 6}, {2, 4}, {1, 3}], [{8, 7}, {5, 6}, {3, 4}, {1, 2}], [{8, 7}, {5, 6}, {4}, {1, 3}, {2}], [{8, 7}, {5, 6}, {4}, {2, 3}, {1}], [{8, 7}, {5, 6}, {4}, {3}, {1, 2}], [{8, 7}, {6}, {1, 5}, {2, 4}, {3}], [{8, 7}, {6}, {2, 5}, {1, 4}, {3}], [{8, 7}, {6}, {3, 5}, {4}, {1, 2}], [{8, 7}, {6}, {4, 5}, {3}, {1, 2}], [{8, 7}, {6}, {5}, {3, 4}, {1, 2}], [{8, 7}, {6}, {5}, {4}, {3}, {1, 2}], [{8}, {1, 7}, {2, 6}, {4, 5}, {3}], [{8}, {1, 7}, {5, 6}, {4}, {2, 3}], [{8}, {2, 7}, {5, 6}, {1, 4}, {3}], [{8}, {4, 7}, {2, 6}, {1, 5}, {3}], [{8}, {4, 7}, {6}, {2, 5}, {1, 3}], [{8}, {4, 7}, {6}, {3, 5}, {1, 2}], [{8}, {5, 7}, {2, 6}, {1, 4}, {3}], [{8}, {5, 7}, {2, 6}, {3, 4}, {1}], [{8}, {5, 7}, {2, 6}, {4}, {1, 3}], [{8}, {5, 7}, {2, 6}, {4}, {3}, {1}], [{8}, {6, 7}, {2, 5}, {1, 4}, {3}], [{8}, {6, 7}, {3, 5}, {4}, {1, 2}], [{8}, {7}, {1, 6}, {4, 5}, {2, 3}], [{8}, {7}, {4, 6}, {3, 5}, {1, 2}], [{8}, {7}, {6}, {3, 5}, {4}, {1, 2}]]",2,12 K_1^3 - 16 K_1^2 - 14 K_1 K_2 - 2 K_1 + 8 K_2 + 4 K_3 + 9,O1O2O3U4O5U1U6O7U5U7O4U2U3O8O6U8,O1O2U3O4O5U4O6O7U5O3U1U2U7O8U6U8,O1O2U3O4O3U5O6O7U8U2O8U1U6U7O5U4,c,{'O1O2O3U4O5O4U1U2O6U7U8O7U5U3O8U6'},1,"<a href=""/flatknot/8.975551"">8.975551</a>",t^9-77t^7-372t^6-557t^5-50t^4+458t^3+290t^2+58t-10,t^3-2t^2+t,,
8.975552,O1O2O3U4O5O4U1U2O6U7U8O7U5U6O8U3,4,8z^3+55z^2+116z+77,8w^4z^3+55w^3z^2+116w^2z+77w,False,False,"[[ 0 -3 -1  2  1  1  2 -1 -1],[ 3  0  1  3  3  1  1  3  2],[ 1 -1  0  2  1  0  1  1  0],[-2 -3 -2  0 -1 -1  2 -3 -3],[-1 -3 -1  1  0  1  1 -2 -1],[-1 -1  0  1 -1  0  1 -1 -1],[-2 -1 -1 -2 -1 -1  0 -2 -1],[ 1 -3 -1  3  2  1  2  0 -1],[ 1 -2  0  3  1  1  1  1  0]]","[[ 0  2  2  1  1 -1 -1 -1 -3],[-2  0  2 -1 -1 -2 -3 -3 -3],[-2 -2  0 -1 -1 -1 -1 -2 -1],[-1  1  1  0  1 -1 -1 -2 -3],[-1  1  1 -1  0  0 -1 -1 -1],[ 1  2  1  1  0  0  0  1 -1],[ 1  3  1  1  1  0  0  1 -2],[ 1  3  2  2  1 -1 -1  0 -3],[ 3  3  1  3  1  1  2  3  0]]",True,"[-2,-2,-1,-1,1,1,1,3,-2,1,1,2,3,3,3,1,1,1,1,2,1,-1,1,1,2,3,0,1,1,1,0,-1,1,-1,2,3]","[-3,-1,-1,-1,1,1,2,2,-1,0,1,1,3,2,4,1,1,0,1,0,1,0,1,1,0,2,1,2,1,2,-1,0,0,0,0,-2]",t^8+81t^6+277t^4+121t^2+1,"[-3,-1,-1,-1,1,1,2,2,-1,0,1,1,3,2,4,1,1,0,1,0,1,0,1,1,0,2,1,2,1,2,-1,0,0,0,0,-2]","[-2,-2,-1,-1,1,1,1,3,-2,0,0,1,2,2,4,0,0,0,0,1,2,-1,1,1,2,3,0,1,1,1,-1,-1,-1,0,0,1]","[-3,-1,-1,-1,1,1,2,2,1,2,3,1,3,1,3,0,1,0,1,1,2,1,1,1,1,3,1,2,2,3,-1,1,1,1,1,-2]",c,"[[{8, 1}, {2, 7}, {3, 6}, {4, 5}], [{8, 1}, {2, 7}, {4, 6}, {3, 5}], [{8, 1}, {2, 7}, {5, 6}, {3, 4}], [{8, 1}, {3, 7}, {2, 6}, {4, 5}], [{8, 1}, {3, 7}, {4, 6}, {2, 5}], [{8, 1}, {3, 7}, {5, 6}, {2, 4}], [{8, 1}, {4, 7}, {2, 6}, {3, 5}], [{8, 1}, {4, 7}, {3, 6}, {2, 5}], [{8, 1}, {4, 7}, {5, 6}, {2, 3}], [{8, 1}, {4, 7}, {5, 6}, {3}, {2}], [{8, 1}, {5, 7}, {2, 6}, {3, 4}], [{8, 1}, {5, 7}, {3, 6}, {2, 4}], [{8, 1}, {5, 7}, {4, 6}, {2, 3}], [{8, 1}, {5, 7}, {4, 6}, {3}, {2}], [{8, 1}, {6, 7}, {2, 5}, {3, 4}], [{8, 1}, {6, 7}, {3, 5}, {2, 4}], [{8, 1}, {6, 7}, {4, 5}, {2, 3}], [{8, 1}, {6, 7}, {4, 5}, {3}, {2}], [{8, 1}, {7}, {2, 6}, {5}, {3, 4}], [{8, 2}, {1, 7}, {3, 6}, {4, 5}], [{8, 2}, {1, 7}, {4, 6}, {3, 5}], [{8, 2}, {1, 7}, {5, 6}, {3, 4}], [{8, 2}, {1, 7}, {6}, {3, 5}, {4}], [{8, 2}, {3, 7}, {1, 6}, {4, 5}], [{8, 2}, {3, 7}, {4, 6}, {1, 5}], [{8, 2}, {3, 7}, {5, 6}, {1, 4}], [{8, 2}, {4, 7}, {1, 6}, {3, 5}], [{8, 2}, {4, 7}, {3, 6}, {1, 5}], [{8, 2}, {4, 7}, {5, 6}, {1, 3}], [{8, 2}, {5, 7}, {1, 6}, {3, 4}], [{8, 2}, {5, 7}, {3, 6}, {1, 4}], [{8, 2}, {5, 7}, {4, 6}, {1, 3}], [{8, 2}, {5, 7}, {6}, {4}, {1, 3}], [{8, 2}, {6, 7}, {1, 5}, {3, 4}], [{8, 2}, {6, 7}, {3, 5}, {1, 4}], [{8, 2}, {6, 7}, {4, 5}, {1, 3}], [{8, 2}, {6, 7}, {5}, {4}, {1, 3}], [{8, 2}, {7}, {5, 6}, {4}, {1, 3}], [{8, 2}, {7}, {6}, {1, 5}, {3, 4}], [{8, 3}, {1, 7}, {2, 6}, {4, 5}], [{8, 3}, {1, 7}, {4, 6}, {2, 5}], [{8, 3}, {1, 7}, {4, 6}, {5}, {2}], [{8, 3}, {1, 7}, {5, 6}, {2, 4}], [{8, 3}, {2, 7}, {1, 6}, {4, 5}], [{8, 3}, {2, 7}, {4, 6}, {1, 5}], [{8, 3}, {2, 7}, {4, 6}, {5}, {1}], [{8, 3}, {2, 7}, {5, 6}, {1, 4}], [{8, 3}, {4, 7}, {1, 6}, {2, 5}], [{8, 3}, {4, 7}, {2, 6}, {1, 5}], [{8, 3}, {4, 7}, {5, 6}, {1, 2}], [{8, 3}, {4, 7}, {5, 6}, {2}, {1}], [{8, 3}, {5, 7}, {1, 6}, {2, 4}], [{8, 3}, {5, 7}, {2, 6}, {1, 4}], [{8, 3}, {5, 7}, {4, 6}, {1, 2}], [{8, 3}, {5, 7}, {4, 6}, {2}, {1}], [{8, 3}, {6, 7}, {1, 5}, {2, 4}], [{8, 3}, {6, 7}, {2, 5}, {1, 4}], [{8, 3}, {6, 7}, {4, 5}, {1, 2}], [{8, 3}, {6, 7}, {4, 5}, {2}, {1}], [{8, 3}, {7}, {4, 6}, {1, 5}, {2}], [{8, 3}, {7}, {4, 6}, {2, 5}, {1}], [{8, 3}, {7}, {4, 6}, {5}, {1, 2}], [{8, 3}, {7}, {4, 6}, {5}, {2}, {1}], [{8, 4}, {1, 7}, {2, 6}, {3, 5}], [{8, 4}, {1, 7}, {3, 6}, {2, 5}], [{8, 4}, {1, 7}, {5, 6}, {2, 3}], [{8, 4}, {2, 7}, {1, 6}, {3, 5}], [{8, 4}, {2, 7}, {3, 6}, {1, 5}], [{8, 4}, {2, 7}, {5, 6}, {1, 3}], [{8, 4}, {3, 7}, {1, 6}, {2, 5}], [{8, 4}, {3, 7}, {2, 6}, {1, 5}], [{8, 4}, {3, 7}, {5, 6}, {1, 2}], [{8, 4}, {5, 7}, {1, 6}, {2, 3}], [{8, 4}, {5, 7}, {2, 6}, {1, 3}], [{8, 4}, {5, 7}, {3, 6}, {1, 2}], [{8, 4}, {5, 7}, {6}, {1, 3}, {2}], [{8, 4}, {6, 7}, {1, 5}, {2, 3}], [{8, 4}, {6, 7}, {2, 5}, {1, 3}], [{8, 4}, {6, 7}, {3, 5}, {1, 2}], [{8, 4}, {6, 7}, {5}, {1, 3}, {2}], [{8, 4}, {7}, {3, 6}, {1, 5}, {2}], [{8, 4}, {7}, {5, 6}, {1, 3}, {2}], [{8, 5}, {1, 7}, {2, 6}, {3, 4}], [{8, 5}, {1, 7}, {3, 6}, {2, 4}], [{8, 5}, {1, 7}, {4, 6}, {2, 3}], [{8, 5}, {2, 7}, {1, 6}, {3, 4}], [{8, 5}, {2, 7}, {3, 6}, {1, 4}], [{8, 5}, {2, 7}, {4, 6}, {1, 3}], [{8, 5}, {2, 7}, {6}, {1, 4}, {3}], [{8, 5}, {3, 7}, {1, 6}, {2, 4}], [{8, 5}, {3, 7}, {2, 6}, {1, 4}], [{8, 5}, {3, 7}, {4, 6}, {1, 2}], [{8, 5}, {4, 7}, {1, 6}, {2, 3}], [{8, 5}, {4, 7}, {2, 6}, {1, 3}], [{8, 5}, {4, 7}, {3, 6}, {1, 2}], [{8, 5}, {6, 7}, {1, 4}, {2, 3}], [{8, 5}, {6, 7}, {2, 4}, {1, 3}], [{8, 5}, {6, 7}, {3, 4}, {1, 2}], [{8, 5}, {6, 7}, {4}, {1, 3}, {2}], [{8, 5}, {7}, {3, 6}, {1, 4}, {2}], [{8, 5}, {7}, {6}, {2, 4}, {1, 3}], [{8, 6}, {1, 7}, {2, 5}, {3, 4}], [{8, 6}, {1, 7}, {3, 5}, {2, 4}], [{8, 6}, {1, 7}, {3, 5}, {4}, {2}], [{8, 6}, {1, 7}, {4, 5}, {2, 3}], [{8, 6}, {2, 7}, {1, 5}, {3, 4}], [{8, 6}, {2, 7}, {3, 5}, {1, 4}], [{8, 6}, {2, 7}, {4, 5}, {1, 3}], [{8, 6}, {3, 7}, {1, 5}, {2, 4}], [{8, 6}, {3, 7}, {1, 5}, {4}, {2}], [{8, 6}, {3, 7}, {2, 5}, {1, 4}], [{8, 6}, {3, 7}, {4, 5}, {1, 2}], [{8, 6}, {3, 7}, {4, 5}, {2}, {1}], [{8, 6}, {3, 7}, {5}, {1, 4}, {2}], [{8, 6}, {4, 7}, {1, 5}, {2, 3}], [{8, 6}, {4, 7}, {2, 5}, {1, 3}], [{8, 6}, {4, 7}, {3, 5}, {1, 2}], [{8, 6}, {5, 7}, {1, 4}, {2, 3}], [{8, 6}, {5, 7}, {2, 4}, {1, 3}], [{8, 6}, {5, 7}, {3, 4}, {1, 2}], [{8, 6}, {5, 7}, {4}, {1, 3}, {2}], [{8, 6}, {5, 7}, {4}, {2, 3}, {1}], [{8, 6}, {5, 7}, {4}, {3}, {1, 2}], [{8, 6}, {7}, {5}, {2, 4}, {1, 3}], [{8, 7}, {1, 6}, {2, 5}, {3, 4}], [{8, 7}, {1, 6}, {3, 5}, {2, 4}], [{8, 7}, {1, 6}, {3, 5}, {4}, {2}], [{8, 7}, {1, 6}, {4, 5}, {2, 3}], [{8, 7}, {2, 6}, {1, 5}, {3, 4}], [{8, 7}, {2, 6}, {3, 5}, {1, 4}], [{8, 7}, {2, 6}, {4, 5}, {1, 3}], [{8, 7}, {3, 6}, {1, 5}, {2, 4}], [{8, 7}, {3, 6}, {1, 5}, {4}, {2}], [{8, 7}, {3, 6}, {2, 5}, {1, 4}], [{8, 7}, {3, 6}, {4, 5}, {1, 2}], [{8, 7}, {4, 6}, {1, 5}, {2, 3}], [{8, 7}, {4, 6}, {2, 5}, {1, 3}], [{8, 7}, {4, 6}, {3, 5}, {1, 2}], [{8, 7}, {5, 6}, {1, 4}, {2, 3}], [{8, 7}, {5, 6}, {1, 4}, {3}, {2}], [{8, 7}, {5, 6}, {2, 4}, {1, 3}], [{8, 7}, {5, 6}, {3, 4}, {1, 2}], [{8, 7}, {5, 6}, {3, 4}, {2}, {1}], [{8, 7}, {5, 6}, {4}, {1, 3}, {2}], [{8, 7}, {6}, {5}, {2, 4}, {1, 3}], [{8}, {1, 7}, {2, 6}, {3, 5}, {4}], [{8}, {1, 7}, {3, 6}, {4, 5}, {2}], [{8}, {2, 7}, {5, 6}, {4}, {1, 3}], [{8}, {4, 7}, {2, 6}, {1, 5}, {3}], [{8}, {4, 7}, {3, 6}, {1, 5}, {2}], [{8}, {4, 7}, {5, 6}, {1, 3}, {2}], [{8}, {4, 7}, {6}, {1, 5}, {2, 3}], [{8}, {5, 7}, {2, 6}, {4}, {1, 3}], [{8}, {5, 7}, {4, 6}, {1, 3}, {2}], [{8}, {5, 7}, {6}, {2, 4}, {1, 3}], [{8}, {5, 7}, {6}, {4}, {1, 3}, {2}], [{8}, {6, 7}, {2, 5}, {1, 4}, {3}], [{8}, {6, 7}, {2, 5}, {3, 4}, {1}], [{8}, {6, 7}, {2, 5}, {4}, {1, 3}], [{8}, {6, 7}, {4, 5}, {1, 3}, {2}], [{8}, {6, 7}, {5}, {2, 4}, {1, 3}], [{8}, {6, 7}, {5}, {4}, {1, 3}, {2}], [{8}, {7}, {1, 6}, {4, 5}, {2, 3}], [{8}, {7}, {5, 6}, {2, 4}, {1, 3}], [{8}, {7}, {5, 6}, {4}, {1, 3}, {2}]]",2,4 K_1^3 - 4 K_1^2 - 2 K_1 K_2 - 2 K_1 + 2 K_2 + 3,O1O2O3U1O4U5U6O7U4U7O5U2U3O8O6U8,O1O2U3O4O5U4O6O3U5O7U1U2U7O8U6U8,O1O2U3O4O3U1O5O6U7U2O7U8U5U6O8U4,c,{'O1O2O3U4O5O4U1U2O6U7U8O7U5U6O8U3'},1,"<a href=""/flatknot/8.975552"">8.975552</a>",t^9-83t^7-420t^6-711t^5-458t^4-228t^3-78t^2+134t+8,t^3-2t^2+t,,
8.975553,O1O2O3U4O5O4U1U2O6U7U3O8U6U8O7U5,4,6z^3+42z^2+105z+91,-2w^5z^3+8w^4z^3-6w^4z^2+48w^3z^2+105w^2z+91w,False,False,"[[ 0 -3 -1  1  1  2  1 -2  1],[ 3  0  1  2  3  2  1  2  0],[ 1 -1  0  1  1  1  1  0  0],[-1 -2 -1  0 -1  0  1 -2  1],[-1 -3 -1  1  0  2  1 -3  1],[-2 -2 -1  0 -2  0  0 -3  1],[-1 -1 -1 -1 -1  0  0 -2  1],[ 2 -2  0  2  3  3  2  0  1],[-1  0  0 -1 -1 -1 -1 -1  0]]","[[ 0  2  1  1  1  1 -1 -2 -3],[-2  0  1  0  0 -2 -1 -3 -2],[-1 -1  0 -1 -1 -1  0 -1  0],[-1  0  1  0  1 -1 -1 -2 -2],[-1  0  1 -1  0 -1 -1 -2 -1],[-1  2  1  1  1  0 -1 -3 -3],[ 1  1  0  1  1  1  0  0 -1],[ 2  3  1  2  2  3  0  0 -2],[ 3  2  0  2  1  3  1  2  0]]",True,"[-2,-1,-1,-1,-1,1,2,3,-1,0,0,2,1,3,2,1,1,1,0,1,0,-1,1,1,2,2,1,1,2,1,1,3,3,0,1,2]","[-3,-2,-1,1,1,1,1,2,-1,1,1,2,3,4,3,1,0,1,1,2,1,1,1,1,2,2,-1,-1,-1,-1,-1,-1,1,-1,1,2]",t^8+65t^6+98t^4+23t^2,"[-3,-2,-1,1,1,1,1,2,-1,1,1,2,3,4,3,1,0,1,1,2,1,1,1,1,2,2,-1,-1,-1,-1,-1,-1,1,-1,1,2]","[-2,-1,-1,-1,-1,1,2,3,-1,1,1,2,2,1,3,1,1,1,1,0,1,-1,1,1,1,3,1,1,1,2,2,2,4,1,1,-1]","[-3,-2,-1,1,1,1,1,2,2,1,0,1,2,3,2,0,1,2,2,3,3,0,1,1,1,1,-1,-1,-1,-1,-1,-1,0,-1,0,2]",c,"[[{8, 1}, {2, 7}, {3, 6}, {4, 5}], [{8, 1}, {2, 7}, {4, 6}, {3, 5}], [{8, 1}, {2, 7}, {5, 6}, {3, 4}], [{8, 1}, {3, 7}, {2, 6}, {4, 5}], [{8, 1}, {3, 7}, {4, 6}, {2, 5}], [{8, 1}, {3, 7}, {5, 6}, {2, 4}], [{8, 1}, {3, 7}, {6}, {5}, {2, 4}], [{8, 1}, {4, 7}, {2, 6}, {3, 5}], [{8, 1}, {4, 7}, {3, 6}, {2, 5}], [{8, 1}, {4, 7}, {5, 6}, {2, 3}], [{8, 1}, {4, 7}, {5, 6}, {3}, {2}], [{8, 1}, {5, 7}, {2, 6}, {3, 4}], [{8, 1}, {5, 7}, {2, 6}, {4}, {3}], [{8, 1}, {5, 7}, {3, 6}, {2, 4}], [{8, 1}, {5, 7}, {4, 6}, {2, 3}], [{8, 1}, {5, 7}, {4, 6}, {3}, {2}], [{8, 1}, {5, 7}, {6}, {2, 4}, {3}], [{8, 1}, {6, 7}, {2, 5}, {3, 4}], [{8, 1}, {6, 7}, {2, 5}, {4}, {3}], [{8, 1}, {6, 7}, {3, 5}, {2, 4}], [{8, 1}, {6, 7}, {4, 5}, {2, 3}], [{8, 1}, {7}, {6}, {3, 5}, {2, 4}], [{8, 2}, {1, 7}, {3, 6}, {4, 5}], [{8, 2}, {1, 7}, {3, 6}, {5}, {4}], [{8, 2}, {1, 7}, {4, 6}, {3, 5}], [{8, 2}, {1, 7}, {5, 6}, {3, 4}], [{8, 2}, {3, 7}, {1, 6}, {4, 5}], [{8, 2}, {3, 7}, {4, 6}, {1, 5}], [{8, 2}, {3, 7}, {5, 6}, {1, 4}], [{8, 2}, {3, 7}, {5, 6}, {4}, {1}], [{8, 2}, {4, 7}, {1, 6}, {3, 5}], [{8, 2}, {4, 7}, {3, 6}, {1, 5}], [{8, 2}, {4, 7}, {3, 6}, {5}, {1}], [{8, 2}, {4, 7}, {5, 6}, {1, 3}], [{8, 2}, {4, 7}, {5, 6}, {3}, {1}], [{8, 2}, {4, 7}, {6}, {3, 5}, {1}], [{8, 2}, {5, 7}, {1, 6}, {3, 4}], [{8, 2}, {5, 7}, {1, 6}, {4}, {3}], [{8, 2}, {5, 7}, {3, 6}, {1, 4}], [{8, 2}, {5, 7}, {4, 6}, {1, 3}], [{8, 2}, {6, 7}, {1, 5}, {3, 4}], [{8, 2}, {6, 7}, {3, 5}, {1, 4}], [{8, 2}, {6, 7}, {4, 5}, {1, 3}], [{8, 2}, {7}, {3, 6}, {5}, {1, 4}], [{8, 2}, {7}, {4, 6}, {5}, {1, 3}], [{8, 2}, {7}, {5, 6}, {3, 4}, {1}], [{8, 3}, {1, 7}, {2, 6}, {4, 5}], [{8, 3}, {1, 7}, {4, 6}, {2, 5}], [{8, 3}, {1, 7}, {5, 6}, {2, 4}], [{8, 3}, {2, 7}, {1, 6}, {4, 5}], [{8, 3}, {2, 7}, {4, 6}, {1, 5}], [{8, 3}, {2, 7}, {5, 6}, {1, 4}], [{8, 3}, {4, 7}, {1, 6}, {2, 5}], [{8, 3}, {4, 7}, {1, 6}, {5}, {2}], [{8, 3}, {4, 7}, {2, 6}, {1, 5}], [{8, 3}, {4, 7}, {5, 6}, {1, 2}], [{8, 3}, {5, 7}, {1, 6}, {2, 4}], [{8, 3}, {5, 7}, {1, 6}, {4}, {2}], [{8, 3}, {5, 7}, {2, 6}, {1, 4}], [{8, 3}, {5, 7}, {4, 6}, {1, 2}], [{8, 3}, {6, 7}, {1, 5}, {2, 4}], [{8, 3}, {6, 7}, {2, 5}, {1, 4}], [{8, 3}, {6, 7}, {4, 5}, {1, 2}], [{8, 3}, {6, 7}, {5}, {4}, {1, 2}], [{8, 3}, {7}, {1, 6}, {4, 5}, {2}], [{8, 3}, {7}, {2, 6}, {5}, {1, 4}], [{8, 3}, {7}, {5, 6}, {1, 4}, {2}], [{8, 3}, {7}, {6}, {2, 5}, {1, 4}], [{8, 4}, {1, 7}, {2, 6}, {3, 5}], [{8, 4}, {1, 7}, {3, 6}, {2, 5}], [{8, 4}, {1, 7}, {5, 6}, {2, 3}], [{8, 4}, {2, 7}, {1, 6}, {3, 5}], [{8, 4}, {2, 7}, {3, 6}, {1, 5}], [{8, 4}, {2, 7}, {5, 6}, {1, 3}], [{8, 4}, {2, 7}, {6}, {5}, {1, 3}], [{8, 4}, {3, 7}, {1, 6}, {2, 5}], [{8, 4}, {3, 7}, {2, 6}, {1, 5}], [{8, 4}, {3, 7}, {5, 6}, {1, 2}], [{8, 4}, {5, 7}, {1, 6}, {2, 3}], [{8, 4}, {5, 7}, {2, 6}, {1, 3}], [{8, 4}, {5, 7}, {3, 6}, {1, 2}], [{8, 4}, {6, 7}, {1, 5}, {2, 3}], [{8, 4}, {6, 7}, {2, 5}, {1, 3}], [{8, 4}, {6, 7}, {2, 5}, {3}, {1}], [{8, 4}, {6, 7}, {3, 5}, {1, 2}], [{8, 4}, {6, 7}, {5}, {1, 3}, {2}], [{8, 4}, {7}, {1, 6}, {5}, {2, 3}], [{8, 4}, {7}, {2, 6}, {5}, {1, 3}], [{8, 4}, {7}, {3, 6}, {1, 5}, {2}], [{8, 5}, {1, 7}, {2, 6}, {3, 4}], [{8, 5}, {1, 7}, {3, 6}, {2, 4}], [{8, 5}, {1, 7}, {4, 6}, {2, 3}], [{8, 5}, {2, 7}, {1, 6}, {3, 4}], [{8, 5}, {2, 7}, {3, 6}, {1, 4}], [{8, 5}, {2, 7}, {4, 6}, {1, 3}], [{8, 5}, {2, 7}, {6}, {4}, {1, 3}], [{8, 5}, {3, 7}, {1, 6}, {2, 4}], [{8, 5}, {3, 7}, {2, 6}, {1, 4}], [{8, 5}, {3, 7}, {4, 6}, {1, 2}], [{8, 5}, {3, 7}, {6}, {2, 4}, {1}], [{8, 5}, {4, 7}, {1, 6}, {2, 3}], [{8, 5}, {4, 7}, {2, 6}, {1, 3}], [{8, 5}, {4, 7}, {3, 6}, {1, 2}], [{8, 5}, {6, 7}, {1, 4}, {2, 3}], [{8, 5}, {6, 7}, {2, 4}, {1, 3}], [{8, 5}, {6, 7}, {3, 4}, {1, 2}], [{8, 5}, {6, 7}, {4}, {1, 3}, {2}], [{8, 5}, {7}, {2, 6}, {4}, {1, 3}], [{8, 5}, {7}, {3, 6}, {1, 4}, {2}], [{8, 6}, {1, 7}, {2, 5}, {3, 4}], [{8, 6}, {1, 7}, {3, 5}, {2, 4}], [{8, 6}, {1, 7}, {4, 5}, {2, 3}], [{8, 6}, {1, 7}, {5}, {2, 4}, {3}], [{8, 6}, {2, 7}, {1, 5}, {3, 4}], [{8, 6}, {2, 7}, {3, 5}, {1, 4}], [{8, 6}, {2, 7}, {4, 5}, {1, 3}], [{8, 6}, {2, 7}, {5}, {1, 4}, {3}], [{8, 6}, {2, 7}, {5}, {3, 4}, {1}], [{8, 6}, {2, 7}, {5}, {4}, {1, 3}], [{8, 6}, {3, 7}, {1, 5}, {2, 4}], [{8, 6}, {3, 7}, {1, 5}, {4}, {2}], [{8, 6}, {3, 7}, {2, 5}, {1, 4}], [{8, 6}, {3, 7}, {4, 5}, {1, 2}], [{8, 6}, {4, 7}, {1, 5}, {2, 3}], [{8, 6}, {4, 7}, {2, 5}, {1, 3}], [{8, 6}, {4, 7}, {3, 5}, {1, 2}], [{8, 6}, {4, 7}, {3, 5}, {2}, {1}], [{8, 6}, {5, 7}, {1, 4}, {2, 3}], [{8, 6}, {5, 7}, {1, 4}, {3}, {2}], [{8, 6}, {5, 7}, {2, 4}, {1, 3}], [{8, 6}, {5, 7}, {3, 4}, {1, 2}], [{8, 6}, {5, 7}, {3, 4}, {2}, {1}], [{8, 6}, {5, 7}, {4}, {1, 3}, {2}], [{8, 6}, {7}, {2, 5}, {1, 4}, {3}], [{8, 6}, {7}, {2, 5}, {3, 4}, {1}], [{8, 6}, {7}, {2, 5}, {4}, {1, 3}], [{8, 7}, {1, 6}, {2, 5}, {3, 4}], [{8, 7}, {1, 6}, {2, 5}, {4}, {3}], [{8, 7}, {1, 6}, {3, 5}, {2, 4}], [{8, 7}, {1, 6}, {4, 5}, {2, 3}], [{8, 7}, {1, 6}, {4, 5}, {3}, {2}], [{8, 7}, {1, 6}, {5}, {2, 4}, {3}], [{8, 7}, {2, 6}, {1, 5}, {3, 4}], [{8, 7}, {2, 6}, {3, 5}, {1, 4}], [{8, 7}, {2, 6}, {4, 5}, {1, 3}], [{8, 7}, {2, 6}, {5}, {3, 4}, {1}], [{8, 7}, {3, 6}, {1, 5}, {2, 4}], [{8, 7}, {3, 6}, {2, 5}, {1, 4}], [{8, 7}, {3, 6}, {4, 5}, {1, 2}], [{8, 7}, {3, 6}, {5}, {4}, {1, 2}], [{8, 7}, {4, 6}, {1, 5}, {2, 3}], [{8, 7}, {4, 6}, {2, 5}, {1, 3}], [{8, 7}, {4, 6}, {2, 5}, {3}, {1}], [{8, 7}, {4, 6}, {3, 5}, {1, 2}], [{8, 7}, {4, 6}, {5}, {1, 3}, {2}], [{8, 7}, {5, 6}, {1, 4}, {2, 3}], [{8, 7}, {5, 6}, {2, 4}, {1, 3}], [{8, 7}, {5, 6}, {3, 4}, {1, 2}], [{8, 7}, {5, 6}, {4}, {2, 3}, {1}], [{8, 7}, {6}, {1, 5}, {3, 4}, {2}], [{8, 7}, {6}, {2, 5}, {1, 4}, {3}], [{8, 7}, {6}, {3, 5}, {1, 4}, {2}], [{8, 7}, {6}, {5}, {1, 4}, {2, 3}], [{8}, {1, 7}, {2, 6}, {4, 5}, {3}], [{8}, {1, 7}, {4, 6}, {3, 5}, {2}], [{8}, {2, 7}, {1, 6}, {3, 5}, {4}], [{8}, {2, 7}, {3, 6}, {1, 5}, {4}], [{8}, {2, 7}, {4, 6}, {5}, {1, 3}], [{8}, {2, 7}, {5, 6}, {4}, {1, 3}], [{8}, {2, 7}, {6}, {4, 5}, {1, 3}], [{8}, {2, 7}, {6}, {5}, {4}, {1, 3}], [{8}, {3, 7}, {1, 6}, {4, 5}, {2}], [{8}, {3, 7}, {2, 6}, {4, 5}, {1}], [{8}, {3, 7}, {6}, {1, 5}, {2, 4}], [{8}, {3, 7}, {6}, {2, 5}, {1, 4}], [{8}, {3, 7}, {6}, {4, 5}, {1, 2}], [{8}, {4, 7}, {2, 6}, {3, 5}, {1}], [{8}, {4, 7}, {5, 6}, {3}, {1, 2}], [{8}, {5, 7}, {1, 6}, {4}, {2, 3}], [{8}, {6, 7}, {2, 5}, {1, 4}, {3}], [{8}, {6, 7}, {4, 5}, {1, 3}, {2}], [{8}, {7}, {2, 6}, {1, 5}, {3, 4}], [{8}, {7}, {2, 6}, {4, 5}, {1, 3}], [{8}, {7}, {3, 6}, {2, 5}, {1, 4}], [{8}, {7}, {6}, {2, 5}, {1, 4}, {3}]]",2,8 K_1^3 - 12 K_1^2 - 10 K_1 K_2 - K_1 + 6 K_2 + 3 K_3 + 7,O1O2O3U4O5U6U7O6U1U5O7U2U3O8O4U8,O1O2U3O4O5U6O3O6U4O7U1U2U5O8U7U8,O1O2U1O3O4U2O5O6U7U8O7U3U5U6O8U4,c,{'O1O2O3U4O5O4U1U2O6U7U3O8U6U8O7U5'},1,"<a href=""/flatknot/8.975553"">8.975553</a>",t^9-71t^7-262t^6-90t^5+548t^4+402t^3-152t^2-186t-56,t^3-3t,,
8.975554,O1O2O3U4O5O4U1U2O6U7U5O8U6U8O7U3,4,8z^3+55z^2+116z+77,8w^4z^3+55w^3z^2+116w^2z+77w,False,False,"[[ 0 -3 -1  2  1  1  1 -2  1],[ 3  0  1  3  3  1  1  2  0],[ 1 -1  0  2  1  0  1  0  0],[-2 -3 -2  0 -1 -1  1 -4  1],[-1 -3 -1  1  0  1  0 -2  1],[-1 -1  0  1 -1  0  1 -2  1],[-1 -1 -1 -1  0 -1  0 -2  1],[ 2 -2  0  4  2  2  2  0  1],[-1  0  0 -1 -1 -1 -1 -1  0]]","[[ 0  2  1  1  1  1 -1 -2 -3],[-2  0  1  1 -1 -1 -2 -4 -3],[-1 -1  0  1  0 -1 -1 -2 -1],[-1 -1 -1  0 -1 -1  0 -1  0],[-1  1  0  1  0  1 -1 -2 -3],[-1  1  1  1 -1  0  0 -2 -1],[ 1  2  1  0  1  0  0  0 -1],[ 2  4  2  1  2  2  0  0 -2],[ 3  3  1  0  3  1  1  2  0]]",True,"[-2,-1,-1,-1,-1,1,2,3,-1,-1,1,1,2,4,3,-1,0,1,1,2,1,1,1,0,1,0,-1,1,2,3,0,2,1,0,1,2]","[-3,-2,-1,1,1,1,1,2,-1,1,1,3,3,4,2,1,1,1,1,2,0,1,1,2,2,1,0,-1,-1,0,1,-1,2,-1,0,2]",t^8+69t^6+283t^4+219t^2+4,"[-3,-2,-1,1,1,1,1,2,-1,1,1,3,3,4,2,1,1,1,1,2,0,1,1,2,2,1,0,-1,-1,0,1,-1,2,-1,0,2]","[-2,-1,-1,-1,-1,1,2,3,0,0,2,2,1,0,2,-1,1,1,2,1,3,0,1,1,1,1,1,1,1,3,2,2,4,1,1,-1]","[-3,-2,-1,1,1,1,1,2,2,1,0,1,1,3,3,0,1,2,2,2,4,0,0,1,1,2,-1,-1,-1,-1,1,-1,1,0,-1,1]",c,"[[{8, 1}, {2, 7}, {3, 6}, {4, 5}], [{8, 1}, {2, 7}, {4, 6}, {3, 5}], [{8, 1}, {2, 7}, {5, 6}, {3, 4}], [{8, 1}, {3, 7}, {2, 6}, {4, 5}], [{8, 1}, {3, 7}, {4, 6}, {2, 5}], [{8, 1}, {3, 7}, {5, 6}, {2, 4}], [{8, 1}, {3, 7}, {5, 6}, {4}, {2}], [{8, 1}, {4, 7}, {2, 6}, {3, 5}], [{8, 1}, {4, 7}, {3, 6}, {2, 5}], [{8, 1}, {4, 7}, {5, 6}, {2, 3}], [{8, 1}, {4, 7}, {5, 6}, {3}, {2}], [{8, 1}, {5, 7}, {2, 6}, {3, 4}], [{8, 1}, {5, 7}, {3, 6}, {2, 4}], [{8, 1}, {5, 7}, {4, 6}, {2, 3}], [{8, 1}, {5, 7}, {4, 6}, {3}, {2}], [{8, 1}, {6, 7}, {2, 5}, {3, 4}], [{8, 1}, {6, 7}, {3, 5}, {2, 4}], [{8, 1}, {6, 7}, {4, 5}, {2, 3}], [{8, 1}, {7}, {5, 6}, {3, 4}, {2}], [{8, 2}, {1, 7}, {3, 6}, {4, 5}], [{8, 2}, {1, 7}, {4, 6}, {3, 5}], [{8, 2}, {1, 7}, {5, 6}, {3, 4}], [{8, 2}, {3, 7}, {1, 6}, {4, 5}], [{8, 2}, {3, 7}, {1, 6}, {5}, {4}], [{8, 2}, {3, 7}, {4, 6}, {1, 5}], [{8, 2}, {3, 7}, {5, 6}, {1, 4}], [{8, 2}, {4, 7}, {1, 6}, {3, 5}], [{8, 2}, {4, 7}, {3, 6}, {1, 5}], [{8, 2}, {4, 7}, {5, 6}, {1, 3}], [{8, 2}, {5, 7}, {1, 6}, {3, 4}], [{8, 2}, {5, 7}, {3, 6}, {1, 4}], [{8, 2}, {5, 7}, {4, 6}, {1, 3}], [{8, 2}, {5, 7}, {6}, {4}, {1, 3}], [{8, 2}, {6, 7}, {1, 5}, {3, 4}], [{8, 2}, {6, 7}, {3, 5}, {1, 4}], [{8, 2}, {6, 7}, {4, 5}, {1, 3}], [{8, 2}, {7}, {4, 6}, {1, 5}, {3}], [{8, 2}, {7}, {5, 6}, {1, 4}, {3}], [{8, 3}, {1, 7}, {2, 6}, {4, 5}], [{8, 3}, {1, 7}, {4, 6}, {2, 5}], [{8, 3}, {1, 7}, {5, 6}, {2, 4}], [{8, 3}, {1, 7}, {5, 6}, {4}, {2}], [{8, 3}, {2, 7}, {1, 6}, {4, 5}], [{8, 3}, {2, 7}, {4, 6}, {1, 5}], [{8, 3}, {2, 7}, {5, 6}, {1, 4}], [{8, 3}, {4, 7}, {1, 6}, {2, 5}], [{8, 3}, {4, 7}, {2, 6}, {1, 5}], [{8, 3}, {4, 7}, {5, 6}, {1, 2}], [{8, 3}, {5, 7}, {1, 6}, {2, 4}], [{8, 3}, {5, 7}, {2, 6}, {1, 4}], [{8, 3}, {5, 7}, {4, 6}, {1, 2}], [{8, 3}, {5, 7}, {4, 6}, {2}, {1}], [{8, 3}, {6, 7}, {1, 5}, {2, 4}], [{8, 3}, {6, 7}, {2, 5}, {1, 4}], [{8, 3}, {6, 7}, {4, 5}, {1, 2}], [{8, 3}, {7}, {2, 6}, {4, 5}, {1}], [{8, 4}, {1, 7}, {2, 6}, {3, 5}], [{8, 4}, {1, 7}, {3, 6}, {2, 5}], [{8, 4}, {1, 7}, {5, 6}, {2, 3}], [{8, 4}, {2, 7}, {1, 6}, {3, 5}], [{8, 4}, {2, 7}, {3, 6}, {1, 5}], [{8, 4}, {2, 7}, {5, 6}, {1, 3}], [{8, 4}, {3, 7}, {1, 6}, {2, 5}], [{8, 4}, {3, 7}, {2, 6}, {1, 5}], [{8, 4}, {3, 7}, {5, 6}, {1, 2}], [{8, 4}, {3, 7}, {5, 6}, {2}, {1}], [{8, 4}, {5, 7}, {1, 6}, {2, 3}], [{8, 4}, {5, 7}, {2, 6}, {1, 3}], [{8, 4}, {5, 7}, {3, 6}, {1, 2}], [{8, 4}, {5, 7}, {6}, {1, 3}, {2}], [{8, 4}, {6, 7}, {1, 5}, {2, 3}], [{8, 4}, {6, 7}, {2, 5}, {1, 3}], [{8, 4}, {6, 7}, {3, 5}, {1, 2}], [{8, 4}, {7}, {2, 6}, {3, 5}, {1}], [{8, 4}, {7}, {3, 6}, {5}, {1, 2}], [{8, 5}, {1, 7}, {2, 6}, {3, 4}], [{8, 5}, {1, 7}, {3, 6}, {2, 4}], [{8, 5}, {1, 7}, {3, 6}, {4}, {2}], [{8, 5}, {1, 7}, {4, 6}, {2, 3}], [{8, 5}, {2, 7}, {1, 6}, {3, 4}], [{8, 5}, {2, 7}, {3, 6}, {1, 4}], [{8, 5}, {2, 7}, {4, 6}, {1, 3}], [{8, 5}, {2, 7}, {4, 6}, {3}, {1}], [{8, 5}, {2, 7}, {6}, {4}, {1, 3}], [{8, 5}, {3, 7}, {1, 6}, {2, 4}], [{8, 5}, {3, 7}, {1, 6}, {4}, {2}], [{8, 5}, {3, 7}, {2, 6}, {1, 4}], [{8, 5}, {3, 7}, {4, 6}, {1, 2}], [{8, 5}, {4, 7}, {1, 6}, {2, 3}], [{8, 5}, {4, 7}, {2, 6}, {1, 3}], [{8, 5}, {4, 7}, {2, 6}, {3}, {1}], [{8, 5}, {4, 7}, {3, 6}, {1, 2}], [{8, 5}, {4, 7}, {6}, {1, 3}, {2}], [{8, 5}, {6, 7}, {1, 4}, {2, 3}], [{8, 5}, {6, 7}, {2, 4}, {1, 3}], [{8, 5}, {6, 7}, {3, 4}, {1, 2}], [{8, 5}, {6, 7}, {4}, {1, 3}, {2}], [{8, 5}, {7}, {2, 6}, {4}, {1, 3}], [{8, 5}, {7}, {4, 6}, {1, 3}, {2}], [{8, 5}, {7}, {6}, {2, 4}, {1, 3}], [{8, 5}, {7}, {6}, {4}, {1, 3}, {2}], [{8, 6}, {1, 7}, {2, 5}, {3, 4}], [{8, 6}, {1, 7}, {3, 5}, {2, 4}], [{8, 6}, {1, 7}, {4, 5}, {2, 3}], [{8, 6}, {2, 7}, {1, 5}, {3, 4}], [{8, 6}, {2, 7}, {3, 5}, {1, 4}], [{8, 6}, {2, 7}, {4, 5}, {1, 3}], [{8, 6}, {3, 7}, {1, 5}, {2, 4}], [{8, 6}, {3, 7}, {2, 5}, {1, 4}], [{8, 6}, {3, 7}, {4, 5}, {1, 2}], [{8, 6}, {4, 7}, {1, 5}, {2, 3}], [{8, 6}, {4, 7}, {2, 5}, {1, 3}], [{8, 6}, {4, 7}, {3, 5}, {1, 2}], [{8, 6}, {4, 7}, {5}, {3}, {1, 2}], [{8, 6}, {5, 7}, {1, 4}, {2, 3}], [{8, 6}, {5, 7}, {1, 4}, {3}, {2}], [{8, 6}, {5, 7}, {2, 4}, {1, 3}], [{8, 6}, {5, 7}, {3, 4}, {1, 2}], [{8, 6}, {5, 7}, {3, 4}, {2}, {1}], [{8, 6}, {5, 7}, {4}, {1, 3}, {2}], [{8, 6}, {7}, {3, 5}, {4}, {1, 2}], [{8, 6}, {7}, {5}, {2, 4}, {1, 3}], [{8, 7}, {1, 6}, {2, 5}, {3, 4}], [{8, 7}, {1, 6}, {3, 5}, {2, 4}], [{8, 7}, {1, 6}, {4, 5}, {2, 3}], [{8, 7}, {2, 6}, {1, 5}, {3, 4}], [{8, 7}, {2, 6}, {3, 5}, {1, 4}], [{8, 7}, {2, 6}, {4, 5}, {1, 3}], [{8, 7}, {2, 6}, {5}, {4}, {1, 3}], [{8, 7}, {3, 6}, {1, 5}, {2, 4}], [{8, 7}, {3, 6}, {2, 5}, {1, 4}], [{8, 7}, {3, 6}, {4, 5}, {1, 2}], [{8, 7}, {4, 6}, {1, 5}, {2, 3}], [{8, 7}, {4, 6}, {2, 5}, {1, 3}], [{8, 7}, {4, 6}, {3, 5}, {1, 2}], [{8, 7}, {4, 6}, {5}, {1, 3}, {2}], [{8, 7}, {5, 6}, {1, 4}, {2, 3}], [{8, 7}, {5, 6}, {2, 4}, {1, 3}], [{8, 7}, {5, 6}, {3, 4}, {1, 2}], [{8, 7}, {5, 6}, {4}, {1, 3}, {2}], [{8, 7}, {6}, {2, 5}, {1, 4}, {3}], [{8, 7}, {6}, {2, 5}, {3, 4}, {1}], [{8, 7}, {6}, {2, 5}, {4}, {1, 3}], [{8, 7}, {6}, {4, 5}, {1, 3}, {2}], [{8, 7}, {6}, {5}, {2, 4}, {1, 3}], [{8, 7}, {6}, {5}, {4}, {1, 3}, {2}], [{8}, {1, 7}, {2, 6}, {5}, {3, 4}], [{8}, {1, 7}, {6}, {3, 5}, {2, 4}], [{8}, {2, 7}, {5, 6}, {3, 4}, {1}], [{8}, {3, 7}, {1, 6}, {2, 5}, {4}], [{8}, {3, 7}, {2, 6}, {1, 5}, {4}], [{8}, {3, 7}, {4, 6}, {1, 5}, {2}], [{8}, {3, 7}, {5, 6}, {1, 4}, {2}], [{8}, {3, 7}, {6}, {1, 5}, {2, 4}], [{8}, {4, 7}, {3, 6}, {1, 5}, {2}], [{8}, {5, 7}, {2, 6}, {4}, {1, 3}], [{8}, {5, 7}, {4, 6}, {1, 3}, {2}], [{8}, {5, 7}, {6}, {2, 4}, {1, 3}], [{8}, {5, 7}, {6}, {4}, {1, 3}, {2}], [{8}, {6, 7}, {5}, {2, 4}, {1, 3}], [{8}, {7}, {3, 6}, {2, 5}, {1, 4}], [{8}, {7}, {5, 6}, {2, 4}, {1, 3}]]",2,4 K_1^3 - 2 K_1 K_2 - 2 K_1 + 1,O1O2O3U1O4U5U6O5U7U4O6U2U3O8O7U8,O1O2U3O4O5U6O3O6U4O7U1U2U7O8U5U8,O1O2U1O3O4U2O5O6U7U3O7U8U5U6O8U4,c,{'O1O2O3U4O5O4U1U2O6U7U5O8U6U8O7U3'},1,"<a href=""/flatknot/8.975554"">8.975554</a>",t^9-75t^7-256t^6+25t^5+778t^4+567t^3-136t^2-106t+8,t^3-3t,,
8.975555,O1O2O3U4O5O4U1U2O6U7U6O8U3U8O7U5,4,5z^3+38z^2+108z+105,5w^4z^3+38w^3z^2+108w^2z+105w,False,False,"[[ 0 -3 -1  1  1  2  1 -2  1],[ 3  0  1  2  3  2  0  2  1],[ 1 -1  0  1  1  1  0  0  1],[-1 -2 -1  0 -1  0  0 -3  1],[-1 -3 -1  1  0  2  1 -3  1],[-2 -2 -1  0 -2  0  1 -3  0],[-1  0  0  0 -1 -1  0 -1  0],[ 2 -2  0  3  3  3  1  0  1],[-1 -1 -1 -1 -1  0  0 -1  0]]","[[ 0  2  1  1  1  1 -1 -2 -3],[-2  0  1  0  0 -2 -1 -3 -2],[-1 -1  0  0  0 -1  0 -1  0],[-1  0  0  0  1 -1 -1 -3 -2],[-1  0  0 -1  0 -1 -1 -1 -1],[-1  2  1  1  1  0 -1 -3 -3],[ 1  1  0  1  1  1  0  0 -1],[ 2  3  1  3  1  3  0  0 -2],[ 3  2  0  2  1  3  1  2  0]]",True,"[-2,-1,-1,-1,-1,1,2,3,-1,0,0,2,1,3,2,0,0,1,0,1,0,-1,1,1,3,2,1,1,1,1,1,3,3,0,1,2]","[-3,-2,-1,1,1,1,1,2,-1,1,1,2,3,4,3,1,0,0,2,2,1,1,1,1,2,2,-1,-1,-1,-1,-1,0,1,0,1,2]",t^8+65t^6+126t^4+23t^2,"[-3,-2,-1,1,1,1,1,2,-1,1,1,2,3,4,3,1,0,0,2,2,1,1,1,1,2,2,-1,-1,-1,-1,-1,0,1,0,1,2]","[-2,-1,-1,-1,-1,1,2,3,-1,1,1,2,2,1,3,1,1,1,1,0,1,-1,0,1,2,3,0,1,0,2,2,2,4,1,1,-1]","[-3,-2,-1,1,1,1,1,2,2,1,0,1,2,3,2,0,1,1,3,3,3,0,1,1,1,1,0,0,-1,-1,-1,-1,0,-1,0,2]",c,"[[{8, 1}, {3, 7}, {2, 6}, {4, 5}], [{8, 1}, {3, 7}, {6}, {4, 5}, {2}], [{8, 5}, {2, 7}, {1, 6}, {3, 4}], [{8, 7}, {1, 6}, {2, 5}, {3, 4}]]",1,- 16 K_1^2 - 2 K_1 K_2 + K_1 + 8 K_2 + K_3 + 9,O1O2O3U4O5U6U1O6U7U5O7U2U3O8O4U8,O1O2U3O4O3U5O6O5U4O7U1U2U6O8U7U8,O1O2U1O3O4U3O5O6U7U8O7U2U5U6O8U4,c,{'O1O2O3U4O5O4U1U2O6U7U6O8U3U8O7U5'},1,"<a href=""/flatknot/8.975555"">8.975555</a>",t^9-71t^7-254t^6-68t^5+498t^4+243t^3-226t^2-48t+30,t^3-3t,,
8.975556,O1O2O3U4O5O4U1U2O6U7U6O8U5U3O7U8,3,16z^2+72z+81,16w^3z^2+72w^2z+81w,False,False,"[[ 0 -3 -1  2  1  1  1 -2  1],[ 3  0  1  3  3  1  0  1  2],[ 1 -1  0  2  1  0  0 -1  2],[-2 -3 -2  0 -1 -1  0 -4  1],[-1 -3 -1  1  0  1  1 -2  0],[-1 -1  0  1 -1  0  0 -2  0],[-1  0  0  0 -1  0  0 -1 -1],[ 2 -1  1  4  2  2  1  0  1],[-1 -2 -2 -1  0  0  1 -1  0]]","[[ 0  2  1  1  1  1 -1 -2 -3],[-2  0  1  0 -1 -1 -2 -4 -3],[-1 -1  0  1  0  0 -2 -1 -2],[-1  0 -1  0  0 -1  0 -1  0],[-1  1  0  0  0 -1  0 -2 -1],[-1  1  0  1  1  0 -1 -2 -3],[ 1  2  2  0  0  1  0 -1 -1],[ 2  4  1  1  2  2  1  0 -1],[ 3  3  2  0  1  3  1  1  0]]",True,"[-2,-1,-1,-1,-1,1,2,3,-1,0,1,1,2,4,3,-1,0,0,2,1,2,0,1,0,1,0,1,0,2,1,1,2,3,1,1,1]","[-3,-2,-1,1,1,1,1,2,0,1,1,2,3,4,2,0,1,2,1,2,0,1,0,2,2,1,0,-1,-1,0,0,-1,2,0,0,1]",t^8+67t^6+441t^4+96t^2,"[-3,-2,-1,1,1,1,1,2,0,1,1,2,3,4,2,0,1,2,1,2,0,1,0,2,2,1,0,-1,-1,0,0,-1,2,0,0,1]","[-2,-1,-1,-1,-1,1,2,3,0,0,1,2,1,0,2,-1,0,0,2,1,3,1,0,1,1,1,-1,2,2,4,0,2,2,0,1,0]","[-3,-2,-1,1,1,1,1,2,1,1,0,1,2,3,3,1,1,2,1,2,4,0,0,2,1,2,0,-1,-1,0,0,-1,1,0,-1,1]",c,"[[{8, 1}, {3, 7}, {2, 6}, {4, 5}], [{8, 1}, {3, 7}, {2, 6}, {5}, {4}], [{8, 1}, {3, 7}, {4, 6}, {2, 5}], [{8, 1}, {3, 7}, {4, 6}, {5}, {2}], [{8, 1}, {3, 7}, {5, 6}, {2, 4}], [{8, 1}, {3, 7}, {5, 6}, {4}, {2}], [{8, 1}, {3, 7}, {6}, {2, 5}, {4}], [{8, 1}, {3, 7}, {6}, {4, 5}, {2}], [{8, 1}, {3, 7}, {6}, {5}, {2, 4}], [{8, 1}, {3, 7}, {6}, {5}, {4}, {2}], [{8, 4}, {3, 7}, {1, 6}, {2, 5}], [{8, 4}, {3, 7}, {2, 6}, {1, 5}], [{8, 5}, {3, 7}, {1, 6}, {2, 4}], [{8, 5}, {3, 7}, {2, 6}, {1, 4}], [{8, 6}, {3, 7}, {1, 5}, {2, 4}], [{8, 6}, {3, 7}, {2, 5}, {1, 4}]]",1,12 K_1^3 - 16 K_1^2 - 14 K_1 K_2 - 2 K_1 + 8 K_2 + 4 K_3 + 9,O1O2O3U4O5U1U6O4U7U5O7U2U3O8O6U8,O1O2U3O4O3U5O6O7U4O5U1U2U7O8U6U8,O1O2U3O4O5U4O6O7U8U2O8U1U6U7O3U5,c,{'O1O2O3U4O5O4U1U2O6U7U6O8U5U3O7U8'},1,"<a href=""/flatknot/8.975556"">8.975556</a>",t^9-73t^7-210t^6+151t^5+592t^4-96t^3-312t^2+152t+48,t^3-3t,,
8.975557,O1O2O3U4O5O4U1U2O6U7U6O8U5U8O7U3,4,12z^3+62z^2+107z+63,-4w^5z^3+16w^4z^3-4w^4z^2+66w^3z^2+107w^2z+63w,False,False,"[[ 0 -3 -1  2  1  1  1 -2  1],[ 3  0  1  3  3  1  0  2  1],[ 1 -1  0  2  1  0  0  0  1],[-2 -3 -2  0 -1 -1  1 -4  1],[-1 -3 -1  1  0  1  1 -2  0],[-1 -1  0  1 -1  0  0 -3  1],[-1  0  0 -1 -1  0  0 -1  0],[ 2 -2  0  4  2  3  1  0  1],[-1 -1 -1 -1  0 -1  0 -1  0]]","[[ 0  2  1  1  1  1 -1 -2 -3],[-2  0  1  1 -1 -1 -2 -4 -3],[-1 -1  0  0  0 -1  0 -1  0],[-1 -1  0  0 -1  0 -1 -1 -1],[-1  1  0  1  0 -1  0 -3 -1],[-1  1  1  0  1  0 -1 -2 -3],[ 1  2  0  1  0  1  0  0 -1],[ 2  4  1  1  3  2  0  0 -2],[ 3  3  0  1  1  3  1  2  0]]",True,"[-2,-1,-1,-1,-1,1,2,3,-1,-1,1,1,2,4,3,0,0,1,0,1,0,1,0,1,1,1,1,0,3,1,1,2,3,0,1,2]","[-3,-2,-1,1,1,1,1,2,-1,1,1,3,3,4,2,1,1,0,2,2,0,1,2,1,2,1,-1,0,-1,0,-1,0,0,0,2,2]",t^8+69t^6+351t^4+138t^2+9,"[-3,-2,-1,1,1,1,1,2,-1,1,1,3,3,4,2,1,1,0,2,2,0,1,2,1,2,1,-1,0,-1,0,-1,0,0,0,2,2]","[-2,-1,-1,-1,-1,1,2,3,0,0,2,2,1,0,2,-1,0,1,2,0,3,1,0,1,1,1,0,2,2,4,1,2,3,1,1,-1]","[-3,-2,-1,1,1,1,1,2,2,1,0,1,1,3,3,0,1,1,3,2,4,0,1,0,1,2,0,0,-1,-1,-1,0,-1,-1,1,1]",c,"[[{8, 1}, {3, 7}, {2, 6}, {4, 5}], [{8, 1}, {3, 7}, {4, 6}, {2, 5}], [{8, 4}, {1, 7}, {3, 6}, {2, 5}], [{8, 4}, {3, 7}, {1, 6}, {2, 5}], [{8, 4}, {3, 7}, {2, 6}, {1, 5}], [{8, 5}, {2, 7}, {1, 6}, {3, 4}], [{8, 5}, {3, 7}, {2, 6}, {1, 4}], [{8, 6}, {1, 7}, {2, 5}, {3, 4}], [{8, 6}, {2, 7}, {1, 5}, {3, 4}], [{8, 6}, {2, 7}, {3, 5}, {1, 4}], [{8, 6}, {3, 7}, {2, 5}, {1, 4}], [{8, 7}, {1, 6}, {2, 5}, {3, 4}], [{8, 7}, {3, 6}, {2, 5}, {1, 4}]]",1,4 K_1^3 - 4 K_1^2 - 2 K_1 K_2 - 2 K_1 + 2 K_2 + 3,O1O2O3U1O4U5U6O5U7U4O7U2U3O8O6U8,O1O2U3O4O3U5O6O5U4O7U1U2U7O8U6U8,O1O2U1O3O4U3O5O6U7U2O7U8U5U6O8U4,c,{'O1O2O3U4O5O4U1U2O6U7U6O8U5U8O7U3'},1,"<a href=""/flatknot/8.975557"">8.975557</a>",t^9-75t^7-246t^6+85t^5+630t^4+28t^3-260t^2+47t-48,t^3-3t,,
8.975558,O1O2O3U4O5O4U1U3O6U7U2O7U8U6O8U5,4,2z^3+26z^2+105z+123,2w^4z^3+26w^3z^2+105w^2z+123w,False,False,"[[ 0 -3  0  0  1  2  2 -1 -1],[ 3  0  2  1  3  2  1  2  3],[ 0 -2  0  0  0  1  0  0 -1],[ 0 -1  0  0  0  0  0  0  0],[-1 -3  0  0  0  2  2 -2 -2],[-2 -2 -1  0 -2  0  1 -2 -3],[-2 -1  0  0 -2 -1  0 -2 -2],[ 1 -2  0  0  2  2  2  0  0],[ 1 -3  1  0  2  3  2  0  0]]","[[ 0  2  2  1  0  0 -1 -1 -3],[-2  0  1 -2  0 -1 -2 -3 -2],[-2 -1  0 -2  0  0 -2 -2 -1],[-1  2  2  0  0  0 -2 -2 -3],[ 0  0  0  0  0  0  0  0 -1],[ 0  1  0  0  0  0  0 -1 -2],[ 1  2  2  2  0  0  0  0 -2],[ 1  3  2  2  0  1  0  0 -3],[ 3  2  1  3  1  2  2  3  0]]",True,"[-2,-2,-1,0,0,1,1,3,-1,2,0,1,2,3,2,2,0,0,2,2,1,0,0,2,2,3,0,0,0,1,0,1,2,0,2,3]","[-3,-1,-1,0,0,1,2,2,-1,0,1,2,1,3,4,0,0,1,0,0,1,1,1,0,1,1,0,1,1,2,1,2,2,-1,-1,-1]",t^8+72t^6+188t^4+78t^2+4,"[-3,-1,-1,0,0,1,2,2,-1,0,1,2,1,3,4,0,0,1,0,0,1,1,1,0,1,1,0,1,1,2,1,2,2,-1,-1,-1]","[-2,-2,-1,0,0,1,1,3,-1,-1,2,2,1,1,4,-1,1,2,0,1,3,1,1,0,0,1,0,0,1,1,1,1,2,0,-1,0]","[-3,-1,-1,0,0,1,2,2,2,3,1,2,3,1,2,0,0,0,2,2,2,0,1,2,2,3,0,0,0,0,0,0,1,2,2,-1]",c,"[[{8, 3}, {6, 7}, {4, 5}, {1, 2}]]",1,4 K_1^3 - 16 K_1^2 - 10 K_1 K_2 + 2 K_1 + 8 K_2 + 4 K_3 + 9,O1O2O3U4O5U6U5O7U2U7O6U1U3O8O4U8,O1O2U3O4O5U4O6O3U6O7U1U5U2O8U7U8,O1O2U3O4O3U1O5O6U7U8O7U5U4U6O8U2,c,{'O1O2O3U4O5O4U1U3O6U7U2O7U8U6O8U5'},1,"<a href=""/flatknot/8.975558"">8.975558</a>",t^9-74t^7-304t^6-202t^5+420t^4+250t^3-366t^2-179t,t^3-2t^2+t,,
8.975559,O1O2O3U4O5O4U1U3O6U7U5O7U8U6O8U2,4,6z^3+43z^2+110z+97,6w^4z^3+43w^3z^2+110w^2z+97w,False,False,"[[ 0 -3  1  0  1  1  2 -1 -1],[ 3  0  3  1  3  1  1  2  3],[-1 -3  0 -1  0  0  2 -2 -2],[ 0 -1  1  0  0  0  1 -1  0],[-1 -3  0  0  0  1  1 -1 -2],[-1 -1  0  0 -1  0  0 -1 -2],[-2 -1 -2 -1 -1  0  0 -2 -2],[ 1 -2  2  1  1  1  2  0  0],[ 1 -3  2  0  2  2  2  0  0]]","[[ 0  2  1  1  1  0 -1 -1 -3],[-2  0  0 -1 -2 -1 -2 -2 -1],[-1  0  0 -1  0  0 -1 -2 -1],[-1  1  1  0  0  0 -1 -2 -3],[-1  2  0  0  0 -1 -2 -2 -3],[ 0  1  0  0  1  0 -1  0 -1],[ 1  2  1  1  2  1  0  0 -2],[ 1  2  2  2  2  0  0  0 -3],[ 3  1  1  3  3  1  2  3  0]]",True,"[-2,-1,-1,-1,0,1,1,3,0,1,2,1,2,2,1,1,0,0,1,2,1,0,0,1,2,3,1,2,2,3,1,0,1,0,2,3]","[-3,-1,-1,0,1,1,1,2,-1,0,2,1,1,3,4,0,1,0,0,0,1,0,0,1,1,1,0,1,1,1,0,0,-1,-1,0,1]",t^8+69t^6+219t^4+102t^2+9,"[-3,-1,-1,0,1,1,1,2,-1,0,2,1,1,3,4,0,1,0,0,0,1,0,0,1,1,1,0,1,1,1,0,0,-1,-1,0,1]","[-2,-1,-1,-1,0,1,1,3,-1,0,1,1,1,1,4,0,0,0,0,0,1,1,1,0,1,1,1,0,1,3,1,0,2,0,-1,0]","[-3,-1,-1,0,1,1,1,2,2,3,1,1,3,3,1,0,1,1,1,2,2,0,2,2,2,2,0,0,1,1,-1,0,0,0,1,2]",c,"[[{8, 3}, {5, 7}, {1, 6}, {2, 4}], [{8, 3}, {7}, {1, 6}, {5}, {2, 4}], [{8, 5}, {6, 7}, {3, 4}, {1, 2}], [{8, 5}, {6, 7}, {4}, {3}, {1, 2}], [{8, 7}, {2, 6}, {3, 5}, {1, 4}], [{8}, {7}, {2, 6}, {3, 5}, {1, 4}]]",1,8 K_1^3 - 14 K_1^2 - 10 K_1 K_2 - K_1 + 7 K_2 + 3 K_3 + 8,O1O2O3U2O4U5U4O6U7U6O5U1U3O8O7U8,O1O2U3O4O5U4O6O3U6O7U1U7U2O8U5U8,O1O2U3O4O3U1O5O6U7U4O7U5U8U6O8U2,c,{'O1O2O3U4O5O4U1U3O6U7U5O7U8U6O8U2'},1,"<a href=""/flatknot/8.975559"">8.975559</a>",t^9-73t^7-262t^6+28t^5+896t^4+1175t^3+662t^2+176t+18,t^3-t^2-t,,
8.975560,O1O2O3U4O5O4U1U3O6U7U8O7U2U5O8U6,4,14z^2+99z+143,14w^3z^2+99w^2z+143w,False,False,"[[ 0 -3  0  0  1  2  2 -1 -1],[ 3  0  2  1  3  2  2  3  1],[ 0 -2  0  0  0  1  1  0  0],[ 0 -1  0  0  0  0  1  0 -1],[-1 -3  0  0  0  2  1 -2 -1],[-2 -2 -1  0 -2  0  0 -2 -1],[-2 -2 -1 -1 -1  0  0 -3 -1],[ 1 -3  0  0  2  2  3  0 -1],[ 1 -1  0  1  1  1  1  1  0]]","[[ 0  2  2  1  0  0 -1 -1 -3],[-2  0  0 -1 -1 -1 -1 -3 -2],[-2  0  0 -2  0 -1 -1 -2 -2],[-1  1  2  0  0  0 -1 -2 -3],[ 0  1  0  0  0  0 -1  0 -1],[ 0  1  1  0  0  0  0  0 -2],[ 1  1  1  1  1  0  0  1 -1],[ 1  3  2  2  0  0 -1  0 -3],[ 3  2  2  3  1  2  1  3  0]]",True,"[-2,-2,-1,0,0,1,1,3,0,1,1,1,1,3,2,2,0,1,1,2,2,0,0,1,2,3,0,1,0,1,0,0,2,-1,1,3]","[-3,-1,-1,0,0,1,2,2,-1,1,1,2,1,3,3,1,1,1,0,0,1,1,0,1,2,2,0,1,1,1,1,1,2,0,-1,0]",t^8+62t^6+183t^4+95t^2+4,"[-3,-1,-1,0,0,1,2,2,-1,1,1,2,1,3,3,1,1,1,0,0,1,1,0,1,2,2,0,1,1,1,1,1,2,0,-1,0]","[-2,-2,-1,0,0,1,1,3,0,-1,1,2,1,2,3,0,1,1,0,2,3,1,1,0,1,1,0,1,1,1,1,0,2,-1,-1,1]","[-3,-1,-1,0,0,1,2,2,1,3,1,2,3,2,2,1,1,0,1,1,1,0,0,2,2,3,0,0,0,1,0,1,1,2,1,0]",c,"[[{8, 1}, {4, 7}, {2, 6}, {3, 5}], [{8, 1}, {4, 7}, {6}, {3, 5}, {2}]]",1,- 20 K_1^2 - 6 K_1 K_2 + 3 K_1 + 10 K_2 + 3 K_3 + 11,O1O2O3U4O5U6U2O7U5U7O4U1U3O8O6U8,O1O2U3O4O5U4O6O7U5O3U1U6U2O8U7U8,O1O2U3O4O3U5O6O7U8U1O8U6U2U7O5U4,c,{'O1O2O3U4O5O4U1U3O6U7U8O7U2U5O8U6'},1,"<a href=""/flatknot/8.975560"">8.975560</a>",t^9-64t^7-238t^6-115t^5+368t^4+208t^3-142t^2-8t,t^3-2t^2+t,,
8.975561,O1O2O3U4O5O4U1U3O6U7U8O7U2U6O8U5,4,2z^3+27z^2+106z+121,2w^4z^3+27w^3z^2+106w^2z+121w,False,False,"[[ 0 -3  0  0  1  2  2 -1 -1],[ 3  0  2  1  3  2  1  3  2],[ 0 -2  0  0  0  1  1  0  0],[ 0 -1  0  0  0  0  0  0  0],[-1 -3  0  0  0  2  2 -2 -2],[-2 -2 -1  0 -2  0  1 -3 -2],[-2 -1 -1  0 -2 -1  0 -2 -1],[ 1 -3  0  0  2  3  2  0 -1],[ 1 -2  0  0  2  2  1  1  0]]","[[ 0  2  2  1  0  0 -1 -1 -3],[-2  0  1 -2  0 -1 -2 -3 -2],[-2 -1  0 -2  0 -1 -1 -2 -1],[-1  2  2  0  0  0 -2 -2 -3],[ 0  0  0  0  0  0  0  0 -1],[ 0  1  1  0  0  0  0  0 -2],[ 1  2  1  2  0  0  0  1 -2],[ 1  3  2  2  0  0 -1  0 -3],[ 3  2  1  3  1  2  2  3  0]]",True,"[-2,-2,-1,0,0,1,1,3,-1,2,0,1,2,3,2,2,0,1,1,2,1,0,0,2,2,3,0,0,0,1,0,0,2,-1,2,3]","[-3,-1,-1,0,0,1,2,2,-1,0,1,2,1,3,4,1,1,1,0,0,1,1,1,0,1,2,0,1,1,1,1,2,2,-1,-1,-1]",t^8+70t^6+147t^4+24t^2,"[-3,-1,-1,0,0,1,2,2,-1,0,1,2,1,3,4,1,1,1,0,0,1,1,1,0,1,2,0,1,1,1,1,2,2,-1,-1,-1]","[-2,-2,-1,0,0,1,1,3,-1,-1,1,2,1,2,4,-1,1,2,0,1,3,1,1,0,0,1,0,1,1,1,1,1,2,-1,-1,0]","[-3,-1,-1,0,0,1,2,2,2,3,1,2,3,1,2,1,0,0,2,1,2,0,0,2,2,3,0,0,0,0,0,1,1,2,2,-1]",c,"[[{8, 1}, {2, 7}, {3, 6}, {4, 5}], [{8, 1}, {2, 7}, {4, 6}, {3, 5}], [{8, 1}, {2, 7}, {5, 6}, {3, 4}], [{8, 1}, {2, 7}, {6}, {3, 5}, {4}], [{8, 1}, {2, 7}, {6}, {4, 5}, {3}], [{8, 1}, {2, 7}, {6}, {5}, {3, 4}], [{8, 1}, {3, 7}, {2, 6}, {4, 5}], [{8, 1}, {3, 7}, {4, 6}, {2, 5}], [{8, 1}, {3, 7}, {4, 6}, {5}, {2}], [{8, 1}, {3, 7}, {5, 6}, {2, 4}], [{8, 1}, {4, 7}, {2, 6}, {3, 5}], [{8, 1}, {4, 7}, {3, 6}, {2, 5}], [{8, 1}, {4, 7}, {3, 6}, {5}, {2}], [{8, 1}, {4, 7}, {5, 6}, {2, 3}], [{8, 1}, {4, 7}, {5, 6}, {3}, {2}], [{8, 1}, {4, 7}, {6}, {3, 5}, {2}], [{8, 1}, {5, 7}, {2, 6}, {3, 4}], [{8, 1}, {5, 7}, {2, 6}, {4}, {3}], [{8, 1}, {5, 7}, {3, 6}, {2, 4}], [{8, 1}, {5, 7}, {3, 6}, {4}, {2}], [{8, 1}, {5, 7}, {4, 6}, {2, 3}], [{8, 1}, {5, 7}, {6}, {4}, {2, 3}], [{8, 1}, {6, 7}, {2, 5}, {3, 4}], [{8, 1}, {6, 7}, {3, 5}, {2, 4}], [{8, 1}, {6, 7}, {4, 5}, {2, 3}], [{8, 1}, {6, 7}, {5}, {3, 4}, {2}], [{8, 1}, {7}, {2, 6}, {5}, {3, 4}], [{8, 1}, {7}, {3, 6}, {4, 5}, {2}], [{8, 1}, {7}, {6}, {3, 5}, {2, 4}], [{8, 2}, {1, 7}, {3, 6}, {4, 5}], [{8, 2}, {1, 7}, {4, 6}, {3, 5}], [{8, 2}, {1, 7}, {5, 6}, {3, 4}], [{8, 2}, {1, 7}, {6}, {5}, {3, 4}], [{8, 2}, {3, 7}, {1, 6}, {4, 5}], [{8, 2}, {3, 7}, {4, 6}, {1, 5}], [{8, 2}, {3, 7}, {5, 6}, {1, 4}], [{8, 2}, {3, 7}, {6}, {5}, {1, 4}], [{8, 2}, {4, 7}, {1, 6}, {3, 5}], [{8, 2}, {4, 7}, {3, 6}, {1, 5}], [{8, 2}, {4, 7}, {5, 6}, {1, 3}], [{8, 2}, {5, 7}, {1, 6}, {3, 4}], [{8, 2}, {5, 7}, {3, 6}, {1, 4}], [{8, 2}, {5, 7}, {4, 6}, {1, 3}], [{8, 2}, {5, 7}, {6}, {3, 4}, {1}], [{8, 2}, {6, 7}, {1, 5}, {3, 4}], [{8, 2}, {6, 7}, {3, 5}, {1, 4}], [{8, 2}, {6, 7}, {4, 5}, {1, 3}], [{8, 2}, {6, 7}, {5}, {3, 4}, {1}], [{8, 2}, {7}, {1, 6}, {5}, {3, 4}], [{8, 2}, {7}, {5, 6}, {3, 4}, {1}], [{8, 2}, {7}, {6}, {1, 5}, {3, 4}], [{8, 3}, {1, 7}, {2, 6}, {4, 5}], [{8, 3}, {1, 7}, {4, 6}, {2, 5}], [{8, 3}, {1, 7}, {5, 6}, {2, 4}], [{8, 3}, {1, 7}, {5, 6}, {4}, {2}], [{8, 3}, {2, 7}, {1, 6}, {4, 5}], [{8, 3}, {2, 7}, {4, 6}, {1, 5}], [{8, 3}, {2, 7}, {5, 6}, {1, 4}], [{8, 3}, {2, 7}, {6}, {5}, {1, 4}], [{8, 3}, {4, 7}, {1, 6}, {2, 5}], [{8, 3}, {4, 7}, {1, 6}, {5}, {2}], [{8, 3}, {4, 7}, {2, 6}, {1, 5}], [{8, 3}, {4, 7}, {5, 6}, {1, 2}], [{8, 3}, {4, 7}, {5, 6}, {2}, {1}], [{8, 3}, {4, 7}, {6}, {1, 5}, {2}], [{8, 3}, {5, 7}, {1, 6}, {2, 4}], [{8, 3}, {5, 7}, {1, 6}, {4}, {2}], [{8, 3}, {5, 7}, {2, 6}, {1, 4}], [{8, 3}, {5, 7}, {4, 6}, {1, 2}], [{8, 3}, {6, 7}, {1, 5}, {2, 4}], [{8, 3}, {6, 7}, {1, 5}, {4}, {2}], [{8, 3}, {6, 7}, {2, 5}, {1, 4}], [{8, 3}, {6, 7}, {2, 5}, {4}, {1}], [{8, 3}, {6, 7}, {4, 5}, {1, 2}], [{8, 3}, {6, 7}, {5}, {4}, {1, 2}], [{8, 3}, {7}, {1, 6}, {4, 5}, {2}], [{8, 3}, {7}, {4, 6}, {1, 5}, {2}], [{8, 3}, {7}, {5, 6}, {1, 4}, {2}], [{8, 4}, {1, 7}, {2, 6}, {3, 5}], [{8, 4}, {1, 7}, {3, 6}, {2, 5}], [{8, 4}, {1, 7}, {3, 6}, {5}, {2}], [{8, 4}, {1, 7}, {5, 6}, {2, 3}], [{8, 4}, {1, 7}, {5, 6}, {3}, {2}], [{8, 4}, {1, 7}, {6}, {3, 5}, {2}], [{8, 4}, {2, 7}, {1, 6}, {3, 5}], [{8, 4}, {2, 7}, {3, 6}, {1, 5}], [{8, 4}, {2, 7}, {5, 6}, {1, 3}], [{8, 4}, {3, 7}, {1, 6}, {2, 5}], [{8, 4}, {3, 7}, {2, 6}, {1, 5}], [{8, 4}, {3, 7}, {5, 6}, {1, 2}], [{8, 4}, {5, 7}, {1, 6}, {2, 3}], [{8, 4}, {5, 7}, {1, 6}, {3}, {2}], [{8, 4}, {5, 7}, {2, 6}, {1, 3}], [{8, 4}, {5, 7}, {3, 6}, {1, 2}], [{8, 4}, {6, 7}, {1, 5}, {2, 3}], [{8, 4}, {6, 7}, {1, 5}, {3}, {2}], [{8, 4}, {6, 7}, {2, 5}, {1, 3}], [{8, 4}, {6, 7}, {2, 5}, {3}, {1}], [{8, 4}, {6, 7}, {3, 5}, {1, 2}], [{8, 4}, {6, 7}, {5}, {3}, {1, 2}], [{8, 5}, {1, 7}, {2, 6}, {3, 4}], [{8, 5}, {1, 7}, {3, 6}, {2, 4}], [{8, 5}, {1, 7}, {4, 6}, {2, 3}], [{8, 5}, {1, 7}, {6}, {4}, {2, 3}], [{8, 5}, {2, 7}, {1, 6}, {3, 4}], [{8, 5}, {2, 7}, {3, 6}, {1, 4}], [{8, 5}, {2, 7}, {4, 6}, {1, 3}], [{8, 5}, {2, 7}, {6}, {4}, {1, 3}], [{8, 5}, {3, 7}, {1, 6}, {2, 4}], [{8, 5}, {3, 7}, {2, 6}, {1, 4}], [{8, 5}, {3, 7}, {4, 6}, {1, 2}], [{8, 5}, {3, 7}, {6}, {4}, {1, 2}], [{8, 5}, {4, 7}, {1, 6}, {2, 3}], [{8, 5}, {4, 7}, {1, 6}, {3}, {2}], [{8, 5}, {4, 7}, {2, 6}, {1, 3}], [{8, 5}, {4, 7}, {2, 6}, {3}, {1}], [{8, 5}, {4, 7}, {3, 6}, {1, 2}], [{8, 5}, {4, 7}, {3, 6}, {2}, {1}], [{8, 5}, {4, 7}, {6}, {1, 3}, {2}], [{8, 5}, {4, 7}, {6}, {2, 3}, {1}], [{8, 5}, {4, 7}, {6}, {3}, {1, 2}], [{8, 5}, {6, 7}, {1, 4}, {2, 3}], [{8, 5}, {6, 7}, {1, 4}, {3}, {2}], [{8, 5}, {6, 7}, {2, 4}, {1, 3}], [{8, 5}, {6, 7}, {2, 4}, {3}, {1}], [{8, 5}, {6, 7}, {3, 4}, {1, 2}], [{8, 5}, {6, 7}, {3, 4}, {2}, {1}], [{8, 5}, {6, 7}, {4}, {1, 3}, {2}], [{8, 5}, {6, 7}, {4}, {2, 3}, {1}], [{8, 5}, {6, 7}, {4}, {3}, {1, 2}], [{8, 5}, {7}, {1, 6}, {4}, {2, 3}], [{8, 5}, {7}, {2, 6}, {4}, {1, 3}], [{8, 5}, {7}, {3, 6}, {4}, {1, 2}], [{8, 5}, {7}, {4, 6}, {1, 3}, {2}], [{8, 5}, {7}, {4, 6}, {2, 3}, {1}], [{8, 5}, {7}, {4, 6}, {3}, {1, 2}], [{8, 5}, {7}, {6}, {1, 4}, {2, 3}], [{8, 5}, {7}, {6}, {2, 4}, {1, 3}], [{8, 5}, {7}, {6}, {3, 4}, {1, 2}], [{8, 5}, {7}, {6}, {4}, {1, 3}, {2}], [{8, 5}, {7}, {6}, {4}, {2, 3}, {1}], [{8, 5}, {7}, {6}, {4}, {3}, {1, 2}], [{8, 6}, {1, 7}, {2, 5}, {3, 4}], [{8, 6}, {1, 7}, {3, 5}, {2, 4}], [{8, 6}, {1, 7}, {4, 5}, {2, 3}], [{8, 6}, {1, 7}, {5}, {2, 4}, {3}], [{8, 6}, {2, 7}, {1, 5}, {3, 4}], [{8, 6}, {2, 7}, {1, 5}, {4}, {3}], [{8, 6}, {2, 7}, {3, 5}, {1, 4}], [{8, 6}, {2, 7}, {4, 5}, {1, 3}], [{8, 6}, {3, 7}, {1, 5}, {2, 4}], [{8, 6}, {3, 7}, {2, 5}, {1, 4}], [{8, 6}, {3, 7}, {4, 5}, {1, 2}], [{8, 6}, {4, 7}, {1, 5}, {2, 3}], [{8, 6}, {4, 7}, {1, 5}, {3}, {2}], [{8, 6}, {4, 7}, {2, 5}, {1, 3}], [{8, 6}, {4, 7}, {3, 5}, {1, 2}], [{8, 6}, {4, 7}, {3, 5}, {2}, {1}], [{8, 6}, {4, 7}, {5}, {1, 3}, {2}], [{8, 6}, {5, 7}, {1, 4}, {2, 3}], [{8, 6}, {5, 7}, {1, 4}, {3}, {2}], [{8, 6}, {5, 7}, {2, 4}, {1, 3}], [{8, 6}, {5, 7}, {2, 4}, {3}, {1}], [{8, 6}, {5, 7}, {3, 4}, {1, 2}], [{8, 6}, {5, 7}, {4}, {3}, {1, 2}], [{8, 6}, {7}, {1, 5}, {2, 4}, {3}], [{8, 7}, {1, 6}, {2, 5}, {3, 4}], [{8, 7}, {1, 6}, {3, 5}, {2, 4}], [{8, 7}, {1, 6}, {4, 5}, {2, 3}], [{8, 7}, {2, 6}, {1, 5}, {3, 4}], [{8, 7}, {2, 6}, {3, 5}, {1, 4}], [{8, 7}, {2, 6}, {4, 5}, {1, 3}], [{8, 7}, {3, 6}, {1, 5}, {2, 4}], [{8, 7}, {3, 6}, {2, 5}, {1, 4}], [{8, 7}, {3, 6}, {4, 5}, {1, 2}], [{8, 7}, {3, 6}, {5}, {1, 4}, {2}], [{8, 7}, {4, 6}, {1, 5}, {2, 3}], [{8, 7}, {4, 6}, {2, 5}, {1, 3}], [{8, 7}, {4, 6}, {3, 5}, {1, 2}], [{8, 7}, {5, 6}, {1, 4}, {2, 3}], [{8, 7}, {5, 6}, {2, 4}, {1, 3}], [{8, 7}, {5, 6}, {3, 4}, {1, 2}], [{8, 7}, {5, 6}, {4}, {3}, {1, 2}], [{8, 7}, {6}, {1, 5}, {4}, {2, 3}], [{8, 7}, {6}, {2, 5}, {1, 4}, {3}], [{8}, {1, 7}, {4, 6}, {2, 5}, {3}], [{8}, {1, 7}, {5, 6}, {3, 4}, {2}], [{8}, {2, 7}, {4, 6}, {5}, {1, 3}], [{8}, {2, 7}, {5, 6}, {1, 4}, {3}], [{8}, {3, 7}, {1, 6}, {5}, {2, 4}], [{8}, {4, 7}, {1, 6}, {3, 5}, {2}], [{8}, {4, 7}, {3, 6}, {1, 5}, {2}], [{8}, {4, 7}, {5, 6}, {1, 3}, {2}], [{8}, {5, 7}, {1, 6}, {3, 4}, {2}], [{8}, {6, 7}, {1, 5}, {3, 4}, {2}], [{8}, {6, 7}, {2, 5}, {3, 4}, {1}], [{8}, {6, 7}, {3, 5}, {4}, {1, 2}], [{8}, {6, 7}, {4, 5}, {3}, {1, 2}], [{8}, {6, 7}, {5}, {1, 4}, {2, 3}], [{8}, {6, 7}, {5}, {2, 4}, {1, 3}], [{8}, {6, 7}, {5}, {3, 4}, {1, 2}], [{8}, {6, 7}, {5}, {3, 4}, {2}, {1}], [{8}, {6, 7}, {5}, {4}, {3}, {1, 2}], [{8}, {7}, {2, 6}, {3, 5}, {1, 4}], [{8}, {7}, {3, 6}, {2, 5}, {1, 4}]]",2,4 K_1^3 - 16 K_1^2 - 10 K_1 K_2 + 2 K_1 + 8 K_2 + 4 K_3 + 9,O1O2O3U4O5U6U2O7U5U7O6U1U3O8O4U8,O1O2U3O4O5U4O6O3U5O7U1U6U2O8U7U8,O1O2U3O4O3U1O5O6U7U8O7U5U2U6O8U4,c,{'O1O2O3U4O5O4U1U3O6U7U8O7U2U6O8U5'},1,"<a href=""/flatknot/8.975561"">8.975561</a>",t^9-72t^7-314t^6-401t^5-52t^4+133t^3+90t^2+48t-4,t^3-2t^2+t,,
8.975562,O1O2O3U4O5O4U1U3O6U7U8O7U5U2O8U6,4,15z^2+100z+141,15w^3z^2+100w^2z+141w,False,False,"[[ 0 -3  1  0  1  1  2 -1 -1],[ 3  0  3  1  3  1  2  3  1],[-1 -3  0 -1  0  0  1 -1 -1],[ 0 -1  1  0  0  0  1  0 -1],[-1 -3  0  0  0  1  1 -2 -1],[-1 -1  0  0 -1  0  0 -1  0],[-2 -2 -1 -1 -1  0  0 -3 -1],[ 1 -3  1  0  2  1  3  0 -1],[ 1 -1  1  1  1  0  1  1  0]]","[[ 0  2  1  1  1  0 -1 -1 -3],[-2  0  0 -1 -1 -1 -1 -3 -2],[-1  0  0  0 -1  0  0 -1 -1],[-1  1  0  0  0 -1 -1 -1 -3],[-1  1  1  0  0  0 -1 -2 -3],[ 0  1  0  1  0  0 -1  0 -1],[ 1  1  0  1  1  1  0  1 -1],[ 1  3  1  1  2  0 -1  0 -3],[ 3  2  1  3  3  1  1  3  0]]",True,"[-2,-1,-1,-1,0,1,1,3,0,1,1,1,1,3,2,0,1,0,0,1,1,0,1,1,1,3,0,1,2,3,1,0,1,-1,1,3]","[-3,-1,-1,0,1,1,1,2,-1,1,2,1,1,3,3,1,1,0,1,1,0,0,1,1,2,2,1,0,1,1,0,-1,0,0,0,1]",t^8+59t^6+158t^4+111t^2+16,"[-3,-1,-1,0,1,1,1,2,-1,1,2,1,1,3,3,1,1,0,1,1,0,0,1,1,2,2,1,0,1,1,0,-1,0,0,0,1]","[-2,-1,-1,-1,0,1,1,3,0,0,1,1,0,2,3,0,0,0,1,1,1,1,1,0,1,1,1,1,2,3,1,0,2,-1,-1,1]","[-3,-1,-1,0,1,1,1,2,1,3,1,1,3,3,2,1,1,0,1,1,1,0,1,1,2,3,0,1,0,1,0,-1,0,0,1,1]",c,"[[{8, 4}, {5, 7}, {1, 6}, {2, 3}], [{8, 4}, {5, 7}, {2, 6}, {1, 3}], [{8, 4}, {5, 7}, {3, 6}, {1, 2}]]",1,8 K_1^3 - 18 K_1^2 - 14 K_1 K_2 + K_1 + 9 K_2 + 5 K_3 + 10,O1O2O3U4O5U2U6O7U5U7O4U1U3O8O6U8,O1O2U3O4O5U4O6O7U5O3U1U7U2O8U6U8,O1O2U3O4O3U5O6O7U8U2O8U6U1U7O5U4,c,{'O1O2O3U4O5O4U1U3O6U7U8O7U5U2O8U6'},1,"<a href=""/flatknot/8.975562"">8.975562</a>",t^9-63t^7-220t^6-95t^5+370t^4+442t^3+142t^2-4,t^3-t^2-t,,
8.975563,O1O2O3U4O5O4U1U3O6U7U8O7U5U6O8U2,4,z^3+29z^2+111z+115,w^4z^3+29w^3z^2+111w^2z+115w,False,False,"[[ 0 -3  1  0  1  1  2 -1 -1],[ 3  0  3  1  3  1  1  3  2],[-1 -3  0 -1  0  0  2 -2 -2],[ 0 -1  1  0  0  0  1  0 -1],[-1 -3  0  0  0  1  1 -2 -1],[-1 -1  0  0 -1  0  1 -1 -1],[-2 -1 -2 -1 -1 -1  0 -2 -1],[ 1 -3  2  0  2  1  2  0 -1],[ 1 -2  2  1  1  1  1  1  0]]","[[ 0  2  1  1  1  0 -1 -1 -3],[-2  0 -1 -1 -2 -1 -1 -2 -1],[-1  1  0  1  0  0 -1 -2 -3],[-1  1 -1  0  0  0 -1 -1 -1],[-1  2  0  0  0 -1 -2 -2 -3],[ 0  1  0  0  1  0 -1  0 -1],[ 1  1  1  1  2  1  0  1 -2],[ 1  2  2  1  2  0 -1  0 -3],[ 3  1  3  1  3  1  2  3  0]]",True,"[-2,-1,-1,-1,0,1,1,3,1,1,2,1,1,2,1,-1,0,0,1,2,3,0,0,1,1,1,1,2,2,3,1,0,1,-1,2,3]","[-3,-1,-1,0,1,1,1,2,-1,0,2,1,1,3,4,1,1,0,0,1,1,0,0,1,1,2,0,1,1,1,0,0,-1,-1,0,0]",t^8+65t^6+189t^4+73t^2+1,"[-3,-1,-1,0,1,1,1,2,-1,0,2,1,1,3,4,1,1,0,0,1,1,0,0,1,1,2,0,1,1,1,0,0,-1,-1,0,0]","[-2,-1,-1,-1,0,1,1,3,-1,0,0,1,1,2,4,0,0,0,0,0,1,-1,1,1,1,3,1,0,1,1,1,0,2,-1,-1,0]","[-3,-1,-1,0,1,1,1,2,2,3,1,1,3,3,1,1,1,1,1,2,1,0,1,2,2,2,0,0,1,1,-1,0,1,0,1,2]",c,"[[{8, 6}, {5, 7}, {3, 4}, {1, 2}], [{8, 6}, {5, 7}, {4}, {3}, {1, 2}]]",1,16 K_1^3 - 18 K_1^2 - 26 K_1 K_2 + K_1 + 9 K_2 + 9 K_3 + 10,O1O2O3U2O4U5U6O7U4U7O5U1U3O8O6U8,O1O2U3O4O5U4O6O3U5O7U1U7U2O8U6U8,O1O2U3O4O3U1O5O6U7U2O7U5U8U6O8U4,c,{'O1O2O3U4O5O4U1U3O6U7U8O7U5U6O8U2'},1,"<a href=""/flatknot/8.975563"">8.975563</a>",t^9-69t^7-274t^6-258t^5+202t^4+482t^3+570t^2+384t+60,t^3-t^2-t,,
8.975564,O1O2O3U4O5O4U1U3O6U7U2O8U6U8O7U5,3,15z^2+84z+109,15w^3z^2+84w^2z+109w,False,False,"[[ 0 -3  0  0  1  2  1 -2  1],[ 3  0  2  1  3  2  1  2  0],[ 0 -2  0  0  0  1  1 -1  1],[ 0 -1  0  0  0  0  0  0  0],[-1 -3  0  0  0  2  1 -3  1],[-2 -2 -1  0 -2  0  0 -3  1],[-1 -1 -1  0 -1  0  0 -2  1],[ 2 -2  1  0  3  3  2  0  1],[-1  0 -1  0 -1 -1 -1 -1  0]]","[[ 0  2  1  1  1  0  0 -2 -3],[-2  0  1  0 -2  0 -1 -3 -2],[-1 -1  0 -1 -1  0 -1 -1  0],[-1  0  1  0 -1  0 -1 -2 -1],[-1  2  1  1  0  0  0 -3 -3],[ 0  0  0  0  0  0  0  0 -1],[ 0  1  1  1  0  0  0 -1 -2],[ 2  3  1  2  3  0  1  0 -2],[ 3  2  0  1  3  1  2  2  0]]",True,"[-2,-1,-1,-1,0,0,2,3,-1,0,2,0,1,3,2,1,1,0,1,1,0,1,0,1,2,1,0,0,3,3,0,0,1,1,2,2]","[-3,-2,0,0,1,1,1,2,-1,1,2,1,3,4,3,1,2,0,1,2,1,0,1,0,0,1,1,1,1,2,-1,-1,-1,-1,1,2]",t^8+58t^6+89t^4+32t^2,"[-3,-2,0,0,1,1,1,2,-1,1,2,1,3,4,3,1,2,0,1,2,1,0,1,0,0,1,1,1,1,2,-1,-1,-1,-1,1,2]","[-2,-1,-1,-1,0,0,2,3,-1,1,2,1,2,1,3,1,1,1,1,0,1,1,0,1,1,3,0,1,2,4,0,1,1,2,2,-1]","[-3,-2,0,0,1,1,1,2,2,1,2,0,1,3,2,0,1,1,2,3,3,0,0,0,0,0,1,1,0,1,-1,-1,-1,-1,0,2]",c,"[[{8, 4}, {3, 7}, {1, 6}, {2, 5}], [{8, 4}, {3, 7}, {1, 6}, {5}, {2}]]",1,4 K_1^3 - 16 K_1^2 - 10 K_1 K_2 + 2 K_1 + 8 K_2 + 4 K_3 + 9,O1O2O3U4O5U6U7O6U2U5O7U1U3O8O4U8,O1O2U3O4O5U6O3O6U4O7U1U5U2O8U7U8,O1O2U1O3O4U2O5O6U7U8O7U5U3U6O8U4,c,{'O1O2O3U4O5O4U1U3O6U7U2O8U6U8O7U5'},1,"<a href=""/flatknot/8.975564"">8.975564</a>",t^9-64t^7-210t^6-9t^5+394t^4+128t^3-40t^2-12t,t^3-3t,,
8.975565,O1O2O3U4O5O4U1U3O6U7U5O8U6U8O7U2,4,z^3+29z^2+111z+115,w^4z^3+29w^3z^2+111w^2z+115w,False,False,"[[ 0 -3  1  0  1  1  1 -2  1],[ 3  0  3  1  3  1  1  2  0],[-1 -3  0 -1  0  0  1 -3  1],[ 0 -1  1  0  0  0  1 -1  0],[-1 -3  0  0  0  1  0 -2  1],[-1 -1  0  0 -1  0  1 -2  1],[-1 -1 -1 -1  0 -1  0 -2  1],[ 2 -2  3  1  2  2  2  0  1],[-1  0 -1  0 -1 -1 -1 -1  0]]","[[ 0  1  1  1  1  1  0 -2 -3],[-1  0  1  1  0  0  0 -2 -3],[-1 -1  0  1  1  0  0 -2 -1],[-1 -1 -1  0 -1 -1  0 -1  0],[-1  0 -1  1  0 -1 -1 -2 -1],[-1  0  0  1  1  0 -1 -3 -3],[ 0  0  0  0  1  1  0 -1 -1],[ 2  2  2  1  2  3  1  0 -2],[ 3  3  1  0  1  3  1  2  0]]",True,"[-1,-1,-1,-1,-1,0,2,3,-1,-1,0,0,0,2,3,-1,-1,0,0,2,1,1,1,0,1,0,1,1,2,1,1,3,3,1,1,2]","[-3,-2,0,1,1,1,1,1,-1,2,1,1,3,3,4,1,0,1,1,1,2,0,1,0,1,1,0,-1,0,-1,0,-1,-1,1,-1,-1]",t^8+57t^6+210t^4+137t^2,"[-3,-2,0,1,1,1,1,1,-1,2,1,1,3,3,4,1,0,1,1,1,2,0,1,0,1,1,0,-1,0,-1,0,-1,-1,1,-1,-1]","[-1,-1,-1,-1,-1,0,2,3,-1,-1,-1,-1,1,2,4,-1,-1,0,0,1,3,0,-1,1,1,3,0,0,0,1,1,1,1,1,2,-1]","[-3,-2,0,1,1,1,1,1,2,1,0,1,1,3,3,1,1,2,2,2,3,0,0,1,0,1,-1,-1,-1,-1,1,-1,0,0,-1,0]",c,"[[{8, 1}, {2, 7}, {3, 6}, {4, 5}], [{8, 1}, {2, 7}, {4, 6}, {3, 5}], [{8, 1}, {2, 7}, {5, 6}, {3, 4}], [{8, 1}, {2, 7}, {6}, {3, 5}, {4}], [{8, 1}, {3, 7}, {2, 6}, {4, 5}], [{8, 1}, {3, 7}, {4, 6}, {2, 5}], [{8, 1}, {3, 7}, {4, 6}, {5}, {2}], [{8, 1}, {3, 7}, {5, 6}, {2, 4}], [{8, 1}, {4, 7}, {2, 6}, {3, 5}], [{8, 1}, {4, 7}, {3, 6}, {2, 5}], [{8, 1}, {4, 7}, {5, 6}, {2, 3}], [{8, 1}, {4, 7}, {6}, {3, 5}, {2}], [{8, 1}, {5, 7}, {2, 6}, {3, 4}], [{8, 1}, {5, 7}, {3, 6}, {2, 4}], [{8, 1}, {5, 7}, {4, 6}, {2, 3}], [{8, 1}, {6, 7}, {2, 5}, {3, 4}], [{8, 1}, {6, 7}, {3, 5}, {2, 4}], [{8, 1}, {6, 7}, {4, 5}, {2, 3}], [{8, 1}, {7}, {3, 6}, {5}, {2, 4}], [{8, 1}, {7}, {4, 6}, {2, 5}, {3}], [{8, 1}, {7}, {5, 6}, {2, 4}, {3}], [{8, 1}, {7}, {6}, {3, 5}, {2, 4}], [{8, 2}, {1, 7}, {3, 6}, {4, 5}], [{8, 2}, {1, 7}, {4, 6}, {3, 5}], [{8, 2}, {1, 7}, {5, 6}, {3, 4}], [{8, 2}, {3, 7}, {1, 6}, {4, 5}], [{8, 2}, {3, 7}, {4, 6}, {1, 5}], [{8, 2}, {3, 7}, {5, 6}, {1, 4}], [{8, 2}, {4, 7}, {1, 6}, {3, 5}], [{8, 2}, {4, 7}, {3, 6}, {1, 5}], [{8, 2}, {4, 7}, {5, 6}, {1, 3}], [{8, 2}, {5, 7}, {1, 6}, {3, 4}], [{8, 2}, {5, 7}, {1, 6}, {4}, {3}], [{8, 2}, {5, 7}, {3, 6}, {1, 4}], [{8, 2}, {5, 7}, {4, 6}, {1, 3}], [{8, 2}, {6, 7}, {1, 5}, {3, 4}], [{8, 2}, {6, 7}, {3, 5}, {1, 4}], [{8, 2}, {6, 7}, {4, 5}, {1, 3}], [{8, 2}, {7}, {3, 6}, {1, 5}, {4}], [{8, 2}, {7}, {4, 6}, {1, 5}, {3}], [{8, 2}, {7}, {5, 6}, {1, 4}, {3}], [{8, 2}, {7}, {6}, {1, 5}, {3, 4}], [{8, 2}, {7}, {6}, {4, 5}, {1, 3}], [{8, 3}, {1, 7}, {2, 6}, {4, 5}], [{8, 3}, {1, 7}, {4, 6}, {2, 5}], [{8, 3}, {1, 7}, {5, 6}, {2, 4}], [{8, 3}, {1, 7}, {6}, {5}, {2, 4}], [{8, 3}, {2, 7}, {1, 6}, {4, 5}], [{8, 3}, {2, 7}, {4, 6}, {1, 5}], [{8, 3}, {2, 7}, {5, 6}, {1, 4}], [{8, 3}, {4, 7}, {1, 6}, {2, 5}], [{8, 3}, {4, 7}, {2, 6}, {1, 5}], [{8, 3}, {4, 7}, {5, 6}, {1, 2}], [{8, 3}, {5, 7}, {1, 6}, {2, 4}], [{8, 3}, {5, 7}, {2, 6}, {1, 4}], [{8, 3}, {5, 7}, {4, 6}, {1, 2}], [{8, 3}, {5, 7}, {6}, {2, 4}, {1}], [{8, 3}, {6, 7}, {1, 5}, {2, 4}], [{8, 3}, {6, 7}, {2, 5}, {1, 4}], [{8, 3}, {6, 7}, {4, 5}, {1, 2}], [{8, 3}, {6, 7}, {5}, {4}, {1, 2}], [{8, 3}, {7}, {2, 6}, {1, 5}, {4}], [{8, 3}, {7}, {4, 6}, {1, 5}, {2}], [{8, 3}, {7}, {6}, {1, 5}, {2, 4}], [{8, 4}, {1, 7}, {2, 6}, {3, 5}], [{8, 4}, {1, 7}, {3, 6}, {2, 5}], [{8, 4}, {1, 7}, {5, 6}, {2, 3}], [{8, 4}, {2, 7}, {1, 6}, {3, 5}], [{8, 4}, {2, 7}, {1, 6}, {5}, {3}], [{8, 4}, {2, 7}, {3, 6}, {1, 5}], [{8, 4}, {2, 7}, {5, 6}, {1, 3}], [{8, 4}, {2, 7}, {5, 6}, {3}, {1}], [{8, 4}, {2, 7}, {6}, {1, 5}, {3}], [{8, 4}, {3, 7}, {1, 6}, {2, 5}], [{8, 4}, {3, 7}, {2, 6}, {1, 5}], [{8, 4}, {3, 7}, {5, 6}, {1, 2}], [{8, 4}, {3, 7}, {6}, {1, 5}, {2}], [{8, 4}, {3, 7}, {6}, {2, 5}, {1}], [{8, 4}, {3, 7}, {6}, {5}, {1, 2}], [{8, 4}, {5, 7}, {1, 6}, {2, 3}], [{8, 4}, {5, 7}, {2, 6}, {1, 3}], [{8, 4}, {5, 7}, {3, 6}, {1, 2}], [{8, 4}, {6, 7}, {1, 5}, {2, 3}], [{8, 4}, {6, 7}, {1, 5}, {3}, {2}], [{8, 4}, {6, 7}, {2, 5}, {1, 3}], [{8, 4}, {6, 7}, {2, 5}, {3}, {1}], [{8, 4}, {6, 7}, {3, 5}, {1, 2}], [{8, 4}, {6, 7}, {5}, {3}, {1, 2}], [{8, 4}, {7}, {2, 6}, {1, 5}, {3}], [{8, 4}, {7}, {3, 6}, {1, 5}, {2}], [{8, 4}, {7}, {3, 6}, {2, 5}, {1}], [{8, 4}, {7}, {3, 6}, {5}, {1, 2}], [{8, 4}, {7}, {6}, {1, 5}, {2, 3}], [{8, 4}, {7}, {6}, {1, 5}, {3}, {2}], [{8, 5}, {1, 7}, {2, 6}, {3, 4}], [{8, 5}, {1, 7}, {3, 6}, {2, 4}], [{8, 5}, {1, 7}, {4, 6}, {2, 3}], [{8, 5}, {1, 7}, {6}, {4}, {2, 3}], [{8, 5}, {2, 7}, {1, 6}, {3, 4}], [{8, 5}, {2, 7}, {1, 6}, {4}, {3}], [{8, 5}, {2, 7}, {3, 6}, {1, 4}], [{8, 5}, {2, 7}, {4, 6}, {1, 3}], [{8, 5}, {3, 7}, {1, 6}, {2, 4}], [{8, 5}, {3, 7}, {2, 6}, {1, 4}], [{8, 5}, {3, 7}, {2, 6}, {4}, {1}], [{8, 5}, {3, 7}, {4, 6}, {1, 2}], [{8, 5}, {4, 7}, {1, 6}, {2, 3}], [{8, 5}, {4, 7}, {2, 6}, {1, 3}], [{8, 5}, {4, 7}, {3, 6}, {1, 2}], [{8, 5}, {6, 7}, {1, 4}, {2, 3}], [{8, 5}, {6, 7}, {2, 4}, {1, 3}], [{8, 5}, {6, 7}, {3, 4}, {1, 2}], [{8, 5}, {6, 7}, {4}, {3}, {1, 2}], [{8, 5}, {7}, {3, 6}, {2, 4}, {1}], [{8, 5}, {7}, {4, 6}, {1, 3}, {2}], [{8, 6}, {1, 7}, {2, 5}, {3, 4}], [{8, 6}, {1, 7}, {3, 5}, {2, 4}], [{8, 6}, {1, 7}, {4, 5}, {2, 3}], [{8, 6}, {2, 7}, {1, 5}, {3, 4}], [{8, 6}, {2, 7}, {3, 5}, {1, 4}], [{8, 6}, {2, 7}, {4, 5}, {1, 3}], [{8, 6}, {3, 7}, {1, 5}, {2, 4}], [{8, 6}, {3, 7}, {2, 5}, {1, 4}], [{8, 6}, {3, 7}, {4, 5}, {1, 2}], [{8, 6}, {3, 7}, {5}, {1, 4}, {2}], [{8, 6}, {4, 7}, {1, 5}, {2, 3}], [{8, 6}, {4, 7}, {2, 5}, {1, 3}], [{8, 6}, {4, 7}, {3, 5}, {1, 2}], [{8, 6}, {4, 7}, {5}, {1, 3}, {2}], [{8, 6}, {5, 7}, {1, 4}, {2, 3}], [{8, 6}, {5, 7}, {2, 4}, {1, 3}], [{8, 6}, {5, 7}, {3, 4}, {1, 2}], [{8, 6}, {5, 7}, {4}, {3}, {1, 2}], [{8, 6}, {7}, {1, 5}, {2, 4}, {3}], [{8, 6}, {7}, {1, 5}, {3, 4}, {2}], [{8, 6}, {7}, {1, 5}, {4}, {2, 3}], [{8, 6}, {7}, {2, 5}, {1, 4}, {3}], [{8, 7}, {1, 6}, {2, 5}, {3, 4}], [{8, 7}, {1, 6}, {2, 5}, {4}, {3}], [{8, 7}, {1, 6}, {3, 5}, {2, 4}], [{8, 7}, {1, 6}, {4, 5}, {2, 3}], [{8, 7}, {2, 6}, {1, 5}, {3, 4}], [{8, 7}, {2, 6}, {3, 5}, {1, 4}], [{8, 7}, {2, 6}, {4, 5}, {1, 3}], [{8, 7}, {2, 6}, {5}, {3, 4}, {1}], [{8, 7}, {3, 6}, {1, 5}, {2, 4}], [{8, 7}, {3, 6}, {1, 5}, {4}, {2}], [{8, 7}, {3, 6}, {2, 5}, {1, 4}], [{8, 7}, {3, 6}, {4, 5}, {1, 2}], [{8, 7}, {4, 6}, {1, 5}, {2, 3}], [{8, 7}, {4, 6}, {2, 5}, {1, 3}], [{8, 7}, {4, 6}, {3, 5}, {1, 2}], [{8, 7}, {5, 6}, {1, 4}, {2, 3}], [{8, 7}, {5, 6}, {2, 4}, {1, 3}], [{8, 7}, {5, 6}, {3, 4}, {1, 2}], [{8, 7}, {5, 6}, {3, 4}, {2}, {1}], [{8, 7}, {5, 6}, {4}, {3}, {1, 2}], [{8, 7}, {6}, {2, 5}, {3, 4}, {1}], [{8, 7}, {6}, {3, 5}, {1, 4}, {2}], [{8, 7}, {6}, {5}, {2, 4}, {1, 3}], [{8}, {1, 7}, {3, 6}, {4, 5}, {2}], [{8}, {2, 7}, {1, 6}, {4, 5}, {3}], [{8}, {2, 7}, {3, 6}, {1, 5}, {4}], [{8}, {2, 7}, {4, 6}, {3, 5}, {1}], [{8}, {3, 7}, {5, 6}, {2, 4}, {1}], [{8}, {4, 7}, {3, 6}, {1, 5}, {2}], [{8}, {5, 7}, {2, 6}, {4}, {1, 3}], [{8}, {5, 7}, {3, 6}, {1, 4}, {2}], [{8}, {6, 7}, {3, 5}, {4}, {1, 2}], [{8}, {6, 7}, {4, 5}, {3}, {1, 2}], [{8}, {6, 7}, {5}, {3, 4}, {1, 2}], [{8}, {6, 7}, {5}, {4}, {3}, {1, 2}], [{8}, {7}, {1, 6}, {2, 5}, {3, 4}], [{8}, {7}, {2, 6}, {1, 5}, {3, 4}], [{8}, {7}, {2, 6}, {3, 5}, {1, 4}], [{8}, {7}, {3, 6}, {1, 5}, {2, 4}], [{8}, {7}, {3, 6}, {1, 5}, {4}, {2}], [{8}, {7}, {4, 6}, {1, 5}, {2, 3}]]",2,8 K_1^3 - 14 K_1^2 - 10 K_1 K_2 - K_1 + 7 K_2 + 3 K_3 + 8,O1O2O3U2O4U5U6O5U7U4O6U1U3O8O7U8,O1O2U3O4O5U6O3O6U4O7U1U7U2O8U5U8,O1O2U1O3O4U2O5O6U7U3O7U5U8U6O8U4,c,{'O1O2O3U4O5O4U1U3O6U7U5O8U6U8O7U2'},1,"<a href=""/flatknot/8.975565"">8.975565</a>",t^9-65t^7-176t^6+135t^5+594t^4+28t^3-548t^2-216t-12,t^3+t^2-5t,,
8.975566,O1O2O3U4O5O4U1U3O6U7U6O8U2U5O7U8,4,z^3+18z^2+100z+137,w^4z^3+18w^3z^2+100w^2z+137w,False,False,"[[ 0 -3  0  0  1  2  1 -2  1],[ 3  0  2  1  3  2  0  1  2],[ 0 -2  0  0  0  1  0 -2  1],[ 0 -1  0  0  0  0  0 -1  1],[-1 -3  0  0  0  2  1 -2  0],[-2 -2 -1  0 -2  0  0 -3  0],[-1  0  0  0 -1  0  0 -1 -1],[ 2 -1  2  1  2  3  1  0  1],[-1 -2 -1 -1  0  0  1 -1  0]]","[[ 0  2  1  1  1  0  0 -2 -3],[-2  0  0  0 -2  0 -1 -3 -2],[-1  0  0  1  0 -1 -1 -1 -2],[-1  0 -1  0 -1  0  0 -1  0],[-1  2  0  1  0  0  0 -2 -3],[ 0  0  1  0  0  0  0 -1 -1],[ 0  1  1  0  0  0  0 -2 -2],[ 2  3  1  1  2  1  2  0 -1],[ 3  2  2  0  3  1  2  1  0]]",True,"[-2,-1,-1,-1,0,0,2,3,0,0,2,0,1,3,2,-1,0,1,1,1,2,1,0,0,1,0,0,0,2,3,0,1,1,2,2,1]","[-3,-2,0,0,1,1,1,2,0,1,2,1,2,4,3,0,1,1,2,2,1,0,1,0,1,1,1,0,1,2,0,-1,-1,-1,1,1]",t^8+52t^6+206t^4+43t^2+1,"[-3,-2,0,0,1,1,1,2,0,1,2,1,2,4,3,0,1,1,2,2,1,0,1,0,1,1,1,0,1,2,0,-1,-1,-1,1,1]","[-2,-1,-1,-1,0,0,2,3,-1,1,1,1,2,1,3,0,1,1,1,1,1,1,0,0,2,2,1,1,2,4,0,0,1,1,2,0]","[-3,-2,0,0,1,1,1,2,1,1,2,0,2,3,2,1,2,1,1,2,3,0,0,1,0,0,0,1,0,1,-1,-1,0,0,0,2]",c,"[[{8, 1}, {2, 7}, {3, 6}, {4, 5}], [{8, 1}, {2, 7}, {3, 6}, {5}, {4}], [{8, 1}, {2, 7}, {4, 6}, {3, 5}], [{8, 1}, {2, 7}, {4, 6}, {5}, {3}], [{8, 1}, {2, 7}, {5, 6}, {3, 4}], [{8, 1}, {2, 7}, {5, 6}, {4}, {3}], [{8, 1}, {2, 7}, {6}, {3, 5}, {4}], [{8, 1}, {2, 7}, {6}, {4, 5}, {3}], [{8, 1}, {2, 7}, {6}, {5}, {3, 4}], [{8, 1}, {2, 7}, {6}, {5}, {4}, {3}], [{8, 1}, {3, 7}, {2, 6}, {4, 5}], [{8, 1}, {3, 7}, {4, 6}, {2, 5}], [{8, 1}, {3, 7}, {5, 6}, {2, 4}], [{8, 1}, {3, 7}, {6}, {4, 5}, {2}], [{8, 1}, {4, 7}, {2, 6}, {3, 5}], [{8, 1}, {4, 7}, {2, 6}, {5}, {3}], [{8, 1}, {4, 7}, {3, 6}, {2, 5}], [{8, 1}, {4, 7}, {5, 6}, {2, 3}], [{8, 1}, {5, 7}, {2, 6}, {3, 4}], [{8, 1}, {5, 7}, {3, 6}, {2, 4}], [{8, 1}, {5, 7}, {4, 6}, {2, 3}], [{8, 1}, {5, 7}, {6}, {3, 4}, {2}], [{8, 1}, {6, 7}, {2, 5}, {3, 4}], [{8, 1}, {6, 7}, {3, 5}, {2, 4}], [{8, 1}, {6, 7}, {4, 5}, {2, 3}], [{8, 1}, {6, 7}, {5}, {2, 4}, {3}], [{8, 1}, {7}, {6}, {2, 5}, {3, 4}], [{8, 1}, {7}, {6}, {4, 5}, {2, 3}], [{8, 2}, {1, 7}, {3, 6}, {4, 5}], [{8, 2}, {1, 7}, {4, 6}, {3, 5}], [{8, 2}, {1, 7}, {5, 6}, {3, 4}], [{8, 2}, {1, 7}, {6}, {4, 5}, {3}], [{8, 2}, {3, 7}, {1, 6}, {4, 5}], [{8, 2}, {3, 7}, {1, 6}, {5}, {4}], [{8, 2}, {3, 7}, {4, 6}, {1, 5}], [{8, 2}, {3, 7}, {5, 6}, {1, 4}], [{8, 2}, {4, 7}, {1, 6}, {3, 5}], [{8, 2}, {4, 7}, {3, 6}, {1, 5}], [{8, 2}, {4, 7}, {5, 6}, {1, 3}], [{8, 2}, {5, 7}, {1, 6}, {3, 4}], [{8, 2}, {5, 7}, {3, 6}, {1, 4}], [{8, 2}, {5, 7}, {4, 6}, {1, 3}], [{8, 2}, {6, 7}, {1, 5}, {3, 4}], [{8, 2}, {6, 7}, {3, 5}, {1, 4}], [{8, 2}, {6, 7}, {4, 5}, {1, 3}], [{8, 2}, {6, 7}, {5}, {1, 4}, {3}], [{8, 2}, {7}, {6}, {3, 5}, {1, 4}], [{8, 3}, {1, 7}, {2, 6}, {4, 5}], [{8, 3}, {1, 7}, {4, 6}, {2, 5}], [{8, 3}, {1, 7}, {5, 6}, {2, 4}], [{8, 3}, {2, 7}, {1, 6}, {4, 5}], [{8, 3}, {2, 7}, {4, 6}, {1, 5}], [{8, 3}, {2, 7}, {5, 6}, {1, 4}], [{8, 3}, {2, 7}, {6}, {4, 5}, {1}], [{8, 3}, {4, 7}, {1, 6}, {2, 5}], [{8, 3}, {4, 7}, {2, 6}, {1, 5}], [{8, 3}, {4, 7}, {5, 6}, {1, 2}], [{8, 3}, {5, 7}, {1, 6}, {2, 4}], [{8, 3}, {5, 7}, {2, 6}, {1, 4}], [{8, 3}, {5, 7}, {4, 6}, {1, 2}], [{8, 3}, {6, 7}, {1, 5}, {2, 4}], [{8, 3}, {6, 7}, {2, 5}, {1, 4}], [{8, 3}, {6, 7}, {4, 5}, {1, 2}], [{8, 3}, {7}, {1, 6}, {2, 5}, {4}], [{8, 3}, {7}, {1, 6}, {4, 5}, {2}], [{8, 3}, {7}, {1, 6}, {5}, {2, 4}], [{8, 3}, {7}, {5, 6}, {2, 4}, {1}], [{8, 3}, {7}, {6}, {1, 5}, {2, 4}], [{8, 4}, {1, 7}, {2, 6}, {3, 5}], [{8, 4}, {1, 7}, {3, 6}, {2, 5}], [{8, 4}, {1, 7}, {5, 6}, {2, 3}], [{8, 4}, {2, 7}, {1, 6}, {3, 5}], [{8, 4}, {2, 7}, {3, 6}, {1, 5}], [{8, 4}, {2, 7}, {3, 6}, {5}, {1}], [{8, 4}, {2, 7}, {5, 6}, {1, 3}], [{8, 4}, {3, 7}, {1, 6}, {2, 5}], [{8, 4}, {3, 7}, {1, 6}, {5}, {2}], [{8, 4}, {3, 7}, {2, 6}, {1, 5}], [{8, 4}, {3, 7}, {2, 6}, {5}, {1}], [{8, 4}, {3, 7}, {5, 6}, {1, 2}], [{8, 4}, {3, 7}, {6}, {5}, {1, 2}], [{8, 4}, {5, 7}, {1, 6}, {2, 3}], [{8, 4}, {5, 7}, {2, 6}, {1, 3}], [{8, 4}, {5, 7}, {3, 6}, {1, 2}], [{8, 4}, {5, 7}, {6}, {3}, {1, 2}], [{8, 4}, {6, 7}, {1, 5}, {2, 3}], [{8, 4}, {6, 7}, {2, 5}, {1, 3}], [{8, 4}, {6, 7}, {3, 5}, {1, 2}], [{8, 4}, {7}, {1, 6}, {2, 5}, {3}], [{8, 4}, {7}, {6}, {3, 5}, {1, 2}], [{8, 5}, {1, 7}, {2, 6}, {3, 4}], [{8, 5}, {1, 7}, {3, 6}, {2, 4}], [{8, 5}, {1, 7}, {4, 6}, {2, 3}], [{8, 5}, {1, 7}, {4, 6}, {3}, {2}], [{8, 5}, {2, 7}, {1, 6}, {3, 4}], [{8, 5}, {2, 7}, {3, 6}, {1, 4}], [{8, 5}, {2, 7}, {4, 6}, {1, 3}], [{8, 5}, {2, 7}, {4, 6}, {3}, {1}], [{8, 5}, {3, 7}, {1, 6}, {2, 4}], [{8, 5}, {3, 7}, {2, 6}, {1, 4}], [{8, 5}, {3, 7}, {4, 6}, {1, 2}], [{8, 5}, {3, 7}, {4, 6}, {2}, {1}], [{8, 5}, {4, 7}, {1, 6}, {2, 3}], [{8, 5}, {4, 7}, {1, 6}, {3}, {2}], [{8, 5}, {4, 7}, {2, 6}, {1, 3}], [{8, 5}, {4, 7}, {2, 6}, {3}, {1}], [{8, 5}, {4, 7}, {3, 6}, {1, 2}], [{8, 5}, {4, 7}, {3, 6}, {2}, {1}], [{8, 5}, {4, 7}, {6}, {1, 3}, {2}], [{8, 5}, {4, 7}, {6}, {2, 3}, {1}], [{8, 5}, {4, 7}, {6}, {3}, {1, 2}], [{8, 5}, {4, 7}, {6}, {3}, {2}, {1}], [{8, 5}, {6, 7}, {1, 4}, {2, 3}], [{8, 5}, {6, 7}, {1, 4}, {3}, {2}], [{8, 5}, {6, 7}, {2, 4}, {1, 3}], [{8, 5}, {6, 7}, {2, 4}, {3}, {1}], [{8, 5}, {6, 7}, {3, 4}, {1, 2}], [{8, 5}, {6, 7}, {3, 4}, {2}, {1}], [{8, 5}, {6, 7}, {4}, {1, 3}, {2}], [{8, 5}, {6, 7}, {4}, {2, 3}, {1}], [{8, 5}, {6, 7}, {4}, {3}, {1, 2}], [{8, 5}, {6, 7}, {4}, {3}, {2}, {1}], [{8, 5}, {7}, {4, 6}, {1, 3}, {2}], [{8, 5}, {7}, {4, 6}, {2, 3}, {1}], [{8, 5}, {7}, {4, 6}, {3}, {1, 2}], [{8, 5}, {7}, {4, 6}, {3}, {2}, {1}], [{8, 6}, {1, 7}, {2, 5}, {3, 4}], [{8, 6}, {1, 7}, {3, 5}, {2, 4}], [{8, 6}, {1, 7}, {4, 5}, {2, 3}], [{8, 6}, {2, 7}, {1, 5}, {3, 4}], [{8, 6}, {2, 7}, {3, 5}, {1, 4}], [{8, 6}, {2, 7}, {4, 5}, {1, 3}], [{8, 6}, {2, 7}, {5}, {3, 4}, {1}], [{8, 6}, {3, 7}, {1, 5}, {2, 4}], [{8, 6}, {3, 7}, {1, 5}, {4}, {2}], [{8, 6}, {3, 7}, {2, 5}, {1, 4}], [{8, 6}, {3, 7}, {4, 5}, {1, 2}], [{8, 6}, {4, 7}, {1, 5}, {2, 3}], [{8, 6}, {4, 7}, {2, 5}, {1, 3}], [{8, 6}, {4, 7}, {3, 5}, {1, 2}], [{8, 6}, {5, 7}, {1, 4}, {2, 3}], [{8, 6}, {5, 7}, {2, 4}, {1, 3}], [{8, 6}, {5, 7}, {3, 4}, {1, 2}], [{8, 6}, {5, 7}, {3, 4}, {2}, {1}], [{8, 6}, {5, 7}, {4}, {3}, {1, 2}], [{8, 6}, {7}, {1, 5}, {2, 4}, {3}], [{8, 6}, {7}, {2, 5}, {1, 4}, {3}], [{8, 6}, {7}, {2, 5}, {3, 4}, {1}], [{8, 6}, {7}, {2, 5}, {4}, {1, 3}], [{8, 6}, {7}, {3, 5}, {1, 4}, {2}], [{8, 6}, {7}, {5}, {1, 4}, {2, 3}], [{8, 7}, {1, 6}, {2, 5}, {3, 4}], [{8, 7}, {1, 6}, {3, 5}, {2, 4}], [{8, 7}, {1, 6}, {3, 5}, {4}, {2}], [{8, 7}, {1, 6}, {4, 5}, {2, 3}], [{8, 7}, {1, 6}, {5}, {2, 4}, {3}], [{8, 7}, {2, 6}, {1, 5}, {3, 4}], [{8, 7}, {2, 6}, {3, 5}, {1, 4}], [{8, 7}, {2, 6}, {4, 5}, {1, 3}], [{8, 7}, {2, 6}, {5}, {3, 4}, {1}], [{8, 7}, {3, 6}, {1, 5}, {2, 4}], [{8, 7}, {3, 6}, {1, 5}, {4}, {2}], [{8, 7}, {3, 6}, {2, 5}, {1, 4}], [{8, 7}, {3, 6}, {4, 5}, {1, 2}], [{8, 7}, {4, 6}, {1, 5}, {2, 3}], [{8, 7}, {4, 6}, {2, 5}, {1, 3}], [{8, 7}, {4, 6}, {3, 5}, {1, 2}], [{8, 7}, {4, 6}, {5}, {3}, {1, 2}], [{8, 7}, {5, 6}, {1, 4}, {2, 3}], [{8, 7}, {5, 6}, {2, 4}, {1, 3}], [{8, 7}, {5, 6}, {2, 4}, {3}, {1}], [{8, 7}, {5, 6}, {3, 4}, {1, 2}], [{8, 7}, {6}, {1, 5}, {2, 4}, {3}], [{8, 7}, {6}, {2, 5}, {1, 4}, {3}], [{8}, {1, 7}, {3, 6}, {2, 5}, {4}], [{8}, {1, 7}, {3, 6}, {4, 5}, {2}], [{8}, {1, 7}, {3, 6}, {5}, {2, 4}], [{8}, {2, 7}, {1, 6}, {5}, {3, 4}], [{8}, {2, 7}, {3, 6}, {5}, {1, 4}], [{8}, {2, 7}, {4, 6}, {1, 5}, {3}], [{8}, {2, 7}, {6}, {4, 5}, {1, 3}], [{8}, {3, 7}, {1, 6}, {5}, {2, 4}], [{8}, {3, 7}, {5, 6}, {1, 4}, {2}], [{8}, {3, 7}, {5, 6}, {2, 4}, {1}], [{8}, {3, 7}, {5, 6}, {4}, {1, 2}], [{8}, {3, 7}, {6}, {1, 5}, {2, 4}], [{8}, {4, 7}, {1, 6}, {5}, {2, 3}], [{8}, {4, 7}, {2, 6}, {1, 5}, {3}], [{8}, {4, 7}, {3, 6}, {5}, {1, 2}], [{8}, {5, 7}, {1, 6}, {3, 4}, {2}], [{8}, {5, 7}, {2, 6}, {4}, {1, 3}], [{8}, {5, 7}, {3, 6}, {2, 4}, {1}], [{8}, {5, 7}, {4, 6}, {3}, {1, 2}], [{8}, {5, 7}, {6}, {1, 4}, {2, 3}], [{8}, {6, 7}, {1, 5}, {2, 4}, {3}], [{8}, {6, 7}, {2, 5}, {1, 4}, {3}], [{8}, {7}, {1, 6}, {2, 5}, {3, 4}], [{8}, {7}, {2, 6}, {3, 5}, {1, 4}], [{8}, {7}, {3, 6}, {1, 5}, {2, 4}], [{8}, {7}, {6}, {1, 5}, {2, 4}, {3}]]",2,- 20 K_1^2 - 6 K_1 K_2 + 3 K_1 + 10 K_2 + 3 K_3 + 11,O1O2O3U4O5U6U2O4U7U5O7U1U3O8O6U8,O1O2U3O4O3U5O6O7U4O5U1U6U2O8U7U8,O1O2U3O4O5U4O6O7U8U1O8U6U2U7O3U5,c,{'O1O2O3U4O5O4U1U3O6U7U6O8U2U5O7U8'},1,"<a href=""/flatknot/8.975566"">8.975566</a>",t^9-58t^7-130t^6+140t^5+210t^4-171t^3+132t^2+121t+10,t^3-3t,,
8.975567,O1O2O3U4O5O4U1U3O6U7U6O8U2U8O7U5,4,2z^3+26z^2+105z+123,2w^4z^3+26w^3z^2+105w^2z+123w,False,False,"[[ 0 -3  0  0  1  2  1 -2  1],[ 3  0  2  1  3  2  0  2  1],[ 0 -2  0  0  0  1  0 -2  1],[ 0 -1  0  0  0  0  0  0  0],[-1 -3  0  0  0  2  1 -3  1],[-2 -2 -1  0 -2  0  1 -3  0],[-1  0  0  0 -1 -1  0 -1  0],[ 2 -2  2  0  3  3  1  0  1],[-1 -1 -1  0 -1  0  0 -1  0]]","[[ 0  2  1  1  1  0  0 -2 -3],[-2  0  1  0 -2  0 -1 -3 -2],[-1 -1  0  0 -1  0  0 -1  0],[-1  0  0  0 -1  0 -1 -1 -1],[-1  2  1  1  0  0  0 -3 -3],[ 0  0  0  0  0  0  0  0 -1],[ 0  1  0  1  0  0  0 -2 -2],[ 2  3  1  1  3  0  2  0 -2],[ 3  2  0  1  3  1  2  2  0]]",True,"[-2,-1,-1,-1,0,0,2,3,-1,0,2,0,1,3,2,0,1,0,0,1,0,1,0,1,1,1,0,0,3,3,0,0,1,2,2,2]","[-3,-2,0,0,1,1,1,2,-1,1,2,1,3,4,3,0,2,0,2,2,1,0,1,0,1,1,1,1,1,2,-1,-1,-1,0,1,2]",t^8+56t^6+94t^4+36t^2,"[-3,-2,0,0,1,1,1,2,-1,1,2,1,3,4,3,0,2,0,2,2,1,0,1,0,1,1,1,1,1,2,-1,-1,-1,0,1,2]","[-2,-1,-1,-1,0,0,2,3,-1,1,2,1,2,1,3,1,1,1,1,0,1,0,0,1,2,3,1,1,2,4,0,0,1,2,2,-1]","[-3,-2,0,0,1,1,1,2,2,1,2,0,1,3,2,0,2,1,1,3,3,0,0,0,0,0,0,1,0,1,0,-1,-1,-1,0,2]",c,"[[{8, 7}, {1, 6}, {3, 5}, {2, 4}]]",1,4 K_1^3 - 16 K_1^2 - 10 K_1 K_2 + 2 K_1 + 8 K_2 + 4 K_3 + 9,O1O2O3U4O5U6U2O6U7U5O7U1U3O8O4U8,O1O2U3O4O3U5O6O5U4O7U1U6U2O8U7U8,O1O2U1O3O4U3O5O6U7U8O7U5U2U6O8U4,c,{'O1O2O3U4O5O4U1U3O6U7U6O8U2U8O7U5'},1,"<a href=""/flatknot/8.975567"">8.975567</a>",t^9-62t^7-204t^6-80t^5+200t^4-53t^3-122t^2-12t-6,t^3-3t,,
8.975568,O1O2O3U4O5O4U1U3O6U7U6O8U5U2O7U8,4,z^3+14z^2+80z+113,w^4z^3+14w^3z^2+80w^2z+113w,False,False,"[[ 0 -3  1  0  1  1  1 -2  1],[ 3  0  3  1  3  1  0  1  2],[-1 -3  0 -1  0  0  0 -3  1],[ 0 -1  1  0  0  0  0 -1  1],[-1 -3  0  0  0  1  1 -2  0],[-1 -1  0  0 -1  0  0 -2  0],[-1  0  0  0 -1  0  0 -1 -1],[ 2 -1  3  1  2  2  1  0  1],[-1 -2 -1 -1  0  0  1 -1  0]]","[[ 0  1  1  1  1  1  0 -2 -3],[-1  0  1  1  0  0  0 -2 -3],[-1 -1  0  0  0  0  0 -2 -1],[-1 -1  0  0  0 -1  0 -1  0],[-1  0  0  0  0  1 -1 -3 -3],[-1  0  0  1 -1  0 -1 -1 -2],[ 0  0  0  0  1  1  0 -1 -1],[ 2  2  2  1  3  1  1  0 -1],[ 3  3  1  0  3  2  1  1  0]]",True,"[-1,-1,-1,-1,-1,0,2,3,-1,-1,0,0,0,2,3,0,0,0,0,2,1,0,1,0,1,0,-1,1,3,3,1,1,2,1,1,1]","[-3,-2,0,1,1,1,1,1,0,2,1,1,2,3,4,1,0,1,2,1,2,0,1,0,1,1,0,-1,0,0,0,-1,-1,0,-1,0]",t^8+51t^6+224t^4+80t^2+4,"[-3,-2,0,1,1,1,1,1,0,2,1,1,2,3,4,1,0,1,2,1,2,0,1,0,1,1,0,-1,0,0,0,-1,-1,0,-1,0]","[-1,-1,-1,-1,-1,0,2,3,-1,-1,0,0,1,2,4,0,-1,0,0,2,2,0,1,1,1,1,0,0,0,1,1,1,3,1,2,0]","[-3,-2,0,1,1,1,1,1,1,1,0,1,2,3,3,1,1,2,1,2,3,0,0,1,0,1,0,-1,-1,0,0,-1,0,0,-1,0]",c,"[[{8, 1}, {2, 7}, {3, 6}, {4, 5}], [{8, 1}, {2, 7}, {3, 6}, {5}, {4}], [{8, 1}, {2, 7}, {4, 6}, {3, 5}], [{8, 1}, {2, 7}, {4, 6}, {5}, {3}], [{8, 1}, {2, 7}, {5, 6}, {3, 4}], [{8, 1}, {2, 7}, {5, 6}, {4}, {3}], [{8, 1}, {2, 7}, {6}, {3, 5}, {4}], [{8, 1}, {2, 7}, {6}, {4, 5}, {3}], [{8, 1}, {2, 7}, {6}, {5}, {3, 4}], [{8, 1}, {2, 7}, {6}, {5}, {4}, {3}], [{8, 1}, {3, 7}, {2, 6}, {4, 5}], [{8, 1}, {3, 7}, {2, 6}, {5}, {4}], [{8, 1}, {3, 7}, {4, 6}, {2, 5}], [{8, 1}, {3, 7}, {5, 6}, {2, 4}], [{8, 1}, {3, 7}, {6}, {4, 5}, {2}], [{8, 1}, {4, 7}, {2, 6}, {3, 5}], [{8, 1}, {4, 7}, {3, 6}, {2, 5}], [{8, 1}, {4, 7}, {5, 6}, {2, 3}], [{8, 1}, {4, 7}, {5, 6}, {3}, {2}], [{8, 1}, {5, 7}, {2, 6}, {3, 4}], [{8, 1}, {5, 7}, {3, 6}, {2, 4}], [{8, 1}, {5, 7}, {4, 6}, {2, 3}], [{8, 1}, {5, 7}, {6}, {3, 4}, {2}], [{8, 1}, {6, 7}, {2, 5}, {3, 4}], [{8, 1}, {6, 7}, {3, 5}, {2, 4}], [{8, 1}, {6, 7}, {4, 5}, {2, 3}], [{8, 1}, {6, 7}, {4, 5}, {3}, {2}], [{8, 1}, {6, 7}, {5}, {4}, {2, 3}], [{8, 1}, {7}, {2, 6}, {4, 5}, {3}], [{8, 1}, {7}, {3, 6}, {4, 5}, {2}], [{8, 1}, {7}, {5, 6}, {2, 4}, {3}], [{8, 1}, {7}, {6}, {2, 5}, {3, 4}], [{8, 1}, {7}, {6}, {4, 5}, {2, 3}], [{8, 2}, {1, 7}, {3, 6}, {4, 5}], [{8, 2}, {1, 7}, {4, 6}, {3, 5}], [{8, 2}, {1, 7}, {5, 6}, {3, 4}], [{8, 2}, {3, 7}, {1, 6}, {4, 5}], [{8, 2}, {3, 7}, {1, 6}, {5}, {4}], [{8, 2}, {3, 7}, {4, 6}, {1, 5}], [{8, 2}, {3, 7}, {5, 6}, {1, 4}], [{8, 2}, {4, 7}, {1, 6}, {3, 5}], [{8, 2}, {4, 7}, {3, 6}, {1, 5}], [{8, 2}, {4, 7}, {5, 6}, {1, 3}], [{8, 2}, {4, 7}, {6}, {3, 5}, {1}], [{8, 2}, {5, 7}, {1, 6}, {3, 4}], [{8, 2}, {5, 7}, {1, 6}, {4}, {3}], [{8, 2}, {5, 7}, {3, 6}, {1, 4}], [{8, 2}, {5, 7}, {4, 6}, {1, 3}], [{8, 2}, {5, 7}, {4, 6}, {3}, {1}], [{8, 2}, {5, 7}, {6}, {1, 4}, {3}], [{8, 2}, {6, 7}, {1, 5}, {3, 4}], [{8, 2}, {6, 7}, {3, 5}, {1, 4}], [{8, 2}, {6, 7}, {4, 5}, {1, 3}], [{8, 2}, {7}, {1, 6}, {3, 5}, {4}], [{8, 2}, {7}, {6}, {4, 5}, {1, 3}], [{8, 3}, {1, 7}, {2, 6}, {4, 5}], [{8, 3}, {1, 7}, {4, 6}, {2, 5}], [{8, 3}, {1, 7}, {5, 6}, {2, 4}], [{8, 3}, {2, 7}, {1, 6}, {4, 5}], [{8, 3}, {2, 7}, {4, 6}, {1, 5}], [{8, 3}, {2, 7}, {5, 6}, {1, 4}], [{8, 3}, {2, 7}, {6}, {1, 5}, {4}], [{8, 3}, {4, 7}, {1, 6}, {2, 5}], [{8, 3}, {4, 7}, {2, 6}, {1, 5}], [{8, 3}, {4, 7}, {5, 6}, {1, 2}], [{8, 3}, {4, 7}, {6}, {2, 5}, {1}], [{8, 3}, {5, 7}, {1, 6}, {2, 4}], [{8, 3}, {5, 7}, {2, 6}, {1, 4}], [{8, 3}, {5, 7}, {2, 6}, {4}, {1}], [{8, 3}, {5, 7}, {4, 6}, {1, 2}], [{8, 3}, {5, 7}, {6}, {1, 4}, {2}], [{8, 3}, {6, 7}, {1, 5}, {2, 4}], [{8, 3}, {6, 7}, {2, 5}, {1, 4}], [{8, 3}, {6, 7}, {4, 5}, {1, 2}], [{8, 3}, {7}, {1, 6}, {2, 5}, {4}], [{8, 3}, {7}, {5, 6}, {4}, {1, 2}], [{8, 4}, {1, 7}, {2, 6}, {3, 5}], [{8, 4}, {1, 7}, {3, 6}, {2, 5}], [{8, 4}, {1, 7}, {5, 6}, {2, 3}], [{8, 4}, {2, 7}, {1, 6}, {3, 5}], [{8, 4}, {2, 7}, {3, 6}, {1, 5}], [{8, 4}, {2, 7}, {3, 6}, {5}, {1}], [{8, 4}, {2, 7}, {5, 6}, {1, 3}], [{8, 4}, {2, 7}, {6}, {1, 5}, {3}], [{8, 4}, {3, 7}, {1, 6}, {2, 5}], [{8, 4}, {3, 7}, {1, 6}, {5}, {2}], [{8, 4}, {3, 7}, {2, 6}, {1, 5}], [{8, 4}, {3, 7}, {2, 6}, {5}, {1}], [{8, 4}, {3, 7}, {5, 6}, {1, 2}], [{8, 4}, {3, 7}, {5, 6}, {2}, {1}], [{8, 4}, {3, 7}, {6}, {1, 5}, {2}], [{8, 4}, {3, 7}, {6}, {2, 5}, {1}], [{8, 4}, {3, 7}, {6}, {5}, {1, 2}], [{8, 4}, {3, 7}, {6}, {5}, {2}, {1}], [{8, 4}, {5, 7}, {1, 6}, {2, 3}], [{8, 4}, {5, 7}, {2, 6}, {1, 3}], [{8, 4}, {5, 7}, {3, 6}, {1, 2}], [{8, 4}, {6, 7}, {1, 5}, {2, 3}], [{8, 4}, {6, 7}, {1, 5}, {3}, {2}], [{8, 4}, {6, 7}, {2, 5}, {1, 3}], [{8, 4}, {6, 7}, {3, 5}, {1, 2}], [{8, 4}, {6, 7}, {5}, {2, 3}, {1}], [{8, 4}, {7}, {1, 6}, {2, 5}, {3}], [{8, 4}, {7}, {2, 6}, {1, 5}, {3}], [{8, 4}, {7}, {3, 6}, {1, 5}, {2}], [{8, 4}, {7}, {6}, {1, 5}, {2, 3}], [{8, 5}, {1, 7}, {2, 6}, {3, 4}], [{8, 5}, {1, 7}, {3, 6}, {2, 4}], [{8, 5}, {1, 7}, {4, 6}, {2, 3}], [{8, 5}, {2, 7}, {1, 6}, {3, 4}], [{8, 5}, {2, 7}, {1, 6}, {4}, {3}], [{8, 5}, {2, 7}, {3, 6}, {1, 4}], [{8, 5}, {2, 7}, {3, 6}, {4}, {1}], [{8, 5}, {2, 7}, {4, 6}, {1, 3}], [{8, 5}, {2, 7}, {4, 6}, {3}, {1}], [{8, 5}, {2, 7}, {6}, {1, 4}, {3}], [{8, 5}, {2, 7}, {6}, {3, 4}, {1}], [{8, 5}, {2, 7}, {6}, {4}, {1, 3}], [{8, 5}, {2, 7}, {6}, {4}, {3}, {1}], [{8, 5}, {3, 7}, {1, 6}, {2, 4}], [{8, 5}, {3, 7}, {2, 6}, {1, 4}], [{8, 5}, {3, 7}, {2, 6}, {4}, {1}], [{8, 5}, {3, 7}, {4, 6}, {1, 2}], [{8, 5}, {3, 7}, {6}, {1, 4}, {2}], [{8, 5}, {4, 7}, {1, 6}, {2, 3}], [{8, 5}, {4, 7}, {1, 6}, {3}, {2}], [{8, 5}, {4, 7}, {2, 6}, {1, 3}], [{8, 5}, {4, 7}, {3, 6}, {1, 2}], [{8, 5}, {6, 7}, {1, 4}, {2, 3}], [{8, 5}, {6, 7}, {1, 4}, {3}, {2}], [{8, 5}, {6, 7}, {2, 4}, {1, 3}], [{8, 5}, {6, 7}, {3, 4}, {1, 2}], [{8, 5}, {6, 7}, {4}, {2, 3}, {1}], [{8, 5}, {7}, {1, 6}, {2, 4}, {3}], [{8, 5}, {7}, {2, 6}, {1, 4}, {3}], [{8, 5}, {7}, {3, 6}, {1, 4}, {2}], [{8, 5}, {7}, {4, 6}, {1, 3}, {2}], [{8, 5}, {7}, {6}, {1, 4}, {2, 3}], [{8, 6}, {1, 7}, {2, 5}, {3, 4}], [{8, 6}, {1, 7}, {3, 5}, {2, 4}], [{8, 6}, {1, 7}, {4, 5}, {2, 3}], [{8, 6}, {2, 7}, {1, 5}, {3, 4}], [{8, 6}, {2, 7}, {1, 5}, {4}, {3}], [{8, 6}, {2, 7}, {3, 5}, {1, 4}], [{8, 6}, {2, 7}, {4, 5}, {1, 3}], [{8, 6}, {2, 7}, {5}, {3, 4}, {1}], [{8, 6}, {3, 7}, {1, 5}, {2, 4}], [{8, 6}, {3, 7}, {2, 5}, {1, 4}], [{8, 6}, {3, 7}, {4, 5}, {1, 2}], [{8, 6}, {4, 7}, {1, 5}, {2, 3}], [{8, 6}, {4, 7}, {1, 5}, {3}, {2}], [{8, 6}, {4, 7}, {2, 5}, {1, 3}], [{8, 6}, {4, 7}, {3, 5}, {1, 2}], [{8, 6}, {5, 7}, {1, 4}, {2, 3}], [{8, 6}, {5, 7}, {2, 4}, {1, 3}], [{8, 6}, {5, 7}, {3, 4}, {1, 2}], [{8, 6}, {5, 7}, {3, 4}, {2}, {1}], [{8, 6}, {7}, {1, 5}, {2, 4}, {3}], [{8, 6}, {7}, {2, 5}, {1, 4}, {3}], [{8, 6}, {7}, {2, 5}, {3, 4}, {1}], [{8, 6}, {7}, {2, 5}, {4}, {1, 3}], [{8, 6}, {7}, {3, 5}, {1, 4}, {2}], [{8, 6}, {7}, {5}, {1, 4}, {2, 3}], [{8, 7}, {1, 6}, {2, 5}, {3, 4}], [{8, 7}, {1, 6}, {3, 5}, {2, 4}], [{8, 7}, {1, 6}, {4, 5}, {2, 3}], [{8, 7}, {2, 6}, {1, 5}, {3, 4}], [{8, 7}, {2, 6}, {3, 5}, {1, 4}], [{8, 7}, {2, 6}, {4, 5}, {1, 3}], [{8, 7}, {2, 6}, {5}, {4}, {1, 3}], [{8, 7}, {3, 6}, {1, 5}, {2, 4}], [{8, 7}, {3, 6}, {2, 5}, {1, 4}], [{8, 7}, {3, 6}, {2, 5}, {4}, {1}], [{8, 7}, {3, 6}, {4, 5}, {1, 2}], [{8, 7}, {4, 6}, {1, 5}, {2, 3}], [{8, 7}, {4, 6}, {2, 5}, {1, 3}], [{8, 7}, {4, 6}, {3, 5}, {1, 2}], [{8, 7}, {4, 6}, {5}, {3}, {1, 2}], [{8, 7}, {5, 6}, {1, 4}, {2, 3}], [{8, 7}, {5, 6}, {2, 4}, {1, 3}], [{8, 7}, {5, 6}, {3, 4}, {1, 2}], [{8, 7}, {5, 6}, {4}, {3}, {1, 2}], [{8, 7}, {6}, {4, 5}, {3}, {1, 2}], [{8, 7}, {6}, {5}, {1, 4}, {2, 3}], [{8}, {1, 7}, {2, 6}, {5}, {3, 4}], [{8}, {1, 7}, {3, 6}, {5}, {2, 4}], [{8}, {1, 7}, {4, 6}, {5}, {2, 3}], [{8}, {2, 7}, {1, 6}, {5}, {3, 4}], [{8}, {2, 7}, {3, 6}, {1, 5}, {4}], [{8}, {2, 7}, {3, 6}, {4, 5}, {1}], [{8}, {2, 7}, {3, 6}, {5}, {1, 4}], [{8}, {2, 7}, {4, 6}, {1, 5}, {3}], [{8}, {2, 7}, {5, 6}, {3, 4}, {1}], [{8}, {2, 7}, {6}, {1, 5}, {3, 4}], [{8}, {2, 7}, {6}, {1, 5}, {4}, {3}], [{8}, {3, 7}, {1, 6}, {5}, {2, 4}], [{8}, {3, 7}, {2, 6}, {1, 5}, {4}], [{8}, {3, 7}, {2, 6}, {4, 5}, {1}], [{8}, {3, 7}, {2, 6}, {5}, {1, 4}], [{8}, {3, 7}, {5, 6}, {4}, {1, 2}], [{8}, {4, 7}, {1, 6}, {5}, {2, 3}], [{8}, {5, 7}, {1, 6}, {3, 4}, {2}], [{8}, {5, 7}, {3, 6}, {4}, {1, 2}], [{8}, {5, 7}, {6}, {1, 4}, {2, 3}], [{8}, {5, 7}, {6}, {2, 4}, {1, 3}], [{8}, {6, 7}, {1, 5}, {4}, {2, 3}], [{8}, {6, 7}, {4, 5}, {2, 3}, {1}], [{8}, {6, 7}, {5}, {1, 4}, {2, 3}], [{8}, {6, 7}, {5}, {4}, {2, 3}, {1}], [{8}, {7}, {1, 6}, {2, 5}, {3, 4}], [{8}, {7}, {5, 6}, {1, 4}, {2, 3}], [{8}, {7}, {6}, {5}, {1, 4}, {2, 3}]]",2,8 K_1^3 - 18 K_1^2 - 14 K_1 K_2 + K_1 + 9 K_2 + 5 K_3 + 10,O1O2O3U4O5U2U6O4U7U5O7U1U3O8O6U8,O1O2U3O4O3U5O6O7U4O5U1U7U2O8U6U8,O1O2U3O4O5U4O6O7U8U2O8U6U1U7O3U5,c,{'O1O2O3U4O5O4U1U3O6U7U6O8U5U2O7U8'},1,"<a href=""/flatknot/8.975568"">8.975568</a>",t^9-59t^7-102t^6+183t^5+184t^4-129t^3-40t^2+84t+22,t^3+t^2-5t,,
8.975569,O1O2O3U4O5O4U1U3O6U7U6O8U5U8O7U2,4,6z^3+43z^2+110z+97,6w^4z^3+43w^3z^2+110w^2z+97w,False,False,"[[ 0 -3  1  0  1  1  1 -2  1],[ 3  0  3  1  3  1  0  2  1],[-1 -3  0 -1  0  0  1 -3  1],[ 0 -1  1  0  0  0  0 -1  1],[-1 -3  0  0  0  1  1 -2  0],[-1 -1  0  0 -1  0  0 -3  1],[-1  0 -1  0 -1  0  0 -1  0],[ 2 -2  3  1  2  3  1  0  1],[-1 -1 -1 -1  0 -1  0 -1  0]]","[[ 0  1  1  1  1  1  0 -2 -3],[-1  0  1  1  0  0  0 -2 -3],[-1 -1  0  0  1  0  0 -3 -1],[-1 -1  0  0  0 -1  0 -1  0],[-1  0 -1  0  0 -1 -1 -1 -1],[-1  0  0  1  1  0 -1 -3 -3],[ 0  0  0  0  1  1  0 -1 -1],[ 2  2  3  1  1  3  1  0 -2],[ 3  3  1  0  1  3  1  2  0]]",True,"[-1,-1,-1,-1,-1,0,2,3,-1,-1,0,0,0,2,3,0,-1,0,0,3,1,0,1,0,1,0,1,1,1,1,1,3,3,1,1,2]","[-3,-2,0,1,1,1,1,1,-1,2,1,1,3,3,4,1,0,1,0,2,2,0,1,1,0,1,0,0,-1,-1,-1,0,-1,-1,0,0]",t^8+57t^6+252t^4+83t^2+4,"[-3,-2,0,1,1,1,1,1,-1,2,1,1,3,3,4,1,0,1,0,2,2,0,1,1,0,1,0,0,-1,-1,-1,0,-1,-1,0,0]","[-1,-1,-1,-1,-1,0,2,3,-1,-1,0,0,0,2,3,0,-1,0,1,0,3,0,1,0,0,1,1,1,1,1,1,2,4,1,2,-1]","[-3,-2,0,1,1,1,1,1,2,1,0,1,1,3,3,1,1,1,3,2,3,0,1,0,0,1,0,0,-1,-1,-1,0,-1,-1,0,0]",c,"[[{8, 4}, {1, 7}, {2, 6}, {3, 5}], [{8, 6}, {2, 7}, {3, 5}, {1, 4}], [{8, 7}, {1, 6}, {3, 5}, {2, 4}], [{8, 7}, {2, 6}, {3, 5}, {1, 4}]]",1,16 K_1^3 - 18 K_1^2 - 26 K_1 K_2 + K_1 + 9 K_2 + 9 K_3 + 10,O1O2O3U2O4U5U6O5U7U4O7U1U3O8O6U8,O1O2U3O4O3U5O6O5U4O7U1U7U2O8U6U8,O1O2U1O3O4U3O5O6U7U2O7U5U8U6O8U4,c,{'O1O2O3U4O5O4U1U3O6U7U6O8U5U8O7U2'},1,"<a href=""/flatknot/8.975569"">8.975569</a>",t^9-65t^7-160t^6+187t^5+356t^4-97t^3-240t^2+2t+36,t^3+t^2-5t,,
8.975570,O1O2O3U4O5O4U1U5O6U7U2O7U8U6O8U3,4,19z^2+104z+133,19w^3z^2+104w^2z+133w,False,False,"[[ 0 -3  0  2  1  0  2 -1 -1],[ 3  0  2  3  3  0  1  2  3],[ 0 -2  0  1  1 -1  0  0 -1],[-2 -3 -1  0 -1 -1  1 -2 -3],[-1 -3 -1  1  0  0  2 -2 -2],[ 0  0  1  1  0  0  0  0  0],[-2 -1  0 -1 -2  0  0 -2 -2],[ 1 -2  0  2  2  0  2  0  0],[ 1 -3  1  3  2  0  2  0  0]]","[[ 0  2  2  1  0  0 -1 -1 -3],[-2  0  1 -1 -1 -1 -2 -3 -3],[-2 -1  0 -2  0  0 -2 -2 -1],[-1  1  2  0  0 -1 -2 -2 -3],[ 0  1  0  0  0  1  0  0  0],[ 0  1  0  1 -1  0  0 -1 -2],[ 1  2  2  2  0  0  0  0 -2],[ 1  3  2  2  0  1  0  0 -3],[ 3  3  1  3  0  2  2  3  0]]",True,"[-2,-2,-1,0,0,1,1,3,-1,1,1,1,2,3,3,2,0,0,2,2,1,0,1,2,2,3,-1,0,0,0,0,1,2,0,2,3]","[-3,-1,-1,0,0,1,2,2,-1,0,1,3,1,2,4,0,0,1,0,0,1,1,1,0,1,1,1,0,1,2,1,1,2,0,-1,-1]",t^8+76t^6+265t^4+74t^2+4,"[-3,-1,-1,0,0,1,2,2,-1,0,1,3,1,2,4,0,0,1,0,0,1,1,1,0,1,1,1,0,1,2,1,1,2,0,-1,-1]","[-2,-2,-1,0,0,1,1,3,-1,-1,2,2,1,1,4,0,1,1,0,1,2,0,1,0,0,1,-1,0,1,1,1,1,3,0,-1,0]","[-3,-1,-1,0,0,1,2,2,2,3,0,2,3,1,3,0,0,0,2,2,2,0,1,2,2,3,1,0,0,1,1,0,1,2,1,-1]",c,"[[{8, 4}, {1, 7}, {3, 6}, {2, 5}], [{8, 4}, {3, 7}, {1, 6}, {2, 5}], [{8, 4}, {5, 7}, {1, 6}, {2, 3}], [{8, 4}, {6, 7}, {2, 5}, {1, 3}], [{8, 4}, {6, 7}, {3, 5}, {1, 2}], [{8, 4}, {7}, {6}, {2, 5}, {1, 3}], [{8, 7}, {3, 6}, {2, 5}, {1, 4}]]",1,- 12 K_1^2 - 2 K_1 K_2 + K_1 + 6 K_2 + K_3 + 7,O1O2O3U1O4U5U4O6U2U6O5U7U3O8O7U8,O1O2U3O4O5U4O6O3U6O7U1U5U7O8U2U8,O1O2U3O4O3U1O5O6U7U5O7U8U4U6O8U2,c,{'O1O2O3U4O5O4U1U5O6U7U2O7U8U6O8U3'},1,"<a href=""/flatknot/8.975570"">8.975570</a>",t^9-78t^7-330t^6-205t^5+554t^4+368t^3-106t^2+78t-8,t^3-2t^2+t,,
8.975571,O1O2O3U4O5O4U1U5O6U7U3O7U8U6O8U2,4,16z^2+101z+139,16w^3z^2+101w^2z+139w,False,False,"[[ 0 -3  1  1  1  0  2 -1 -1],[ 3  0  3  2  3  0  1  2  3],[-1 -3  0  0  0 -1  2 -2 -2],[-1 -2  0  0  0 -1  0 -1 -2],[-1 -3  0  0  0  0  2 -2 -2],[ 0  0  1  1  0  0  0  0  0],[-2 -1 -2  0 -2  0  0 -2 -2],[ 1 -2  2  1  2  0  2  0  0],[ 1 -3  2  2  2  0  2  0  0]]","[[ 0  2  1  1  1  0 -1 -1 -3],[-2  0  0 -2 -2  0 -2 -2 -1],[-1  0  0  0  0 -1 -1 -2 -2],[-1  2  0  0  0  0 -2 -2 -3],[-1  2  0  0  0 -1 -2 -2 -3],[ 0  0  1  0  1  0  0  0  0],[ 1  2  1  2  2  0  0  0 -2],[ 1  2  2  2  2  0  0  0 -3],[ 3  1  2  3  3  0  2  3  0]]",True,"[-2,-1,-1,-1,0,1,1,3,0,2,2,0,2,2,1,0,0,1,1,2,2,0,0,2,2,3,1,2,2,3,0,0,0,0,2,3]","[-3,-1,-1,0,1,1,1,2,-1,0,3,1,1,2,4,0,1,0,0,0,1,1,0,0,1,1,0,1,0,2,0,0,-1,0,-1,1]",t^8+75t^6+220t^4+115t^2+4,"[-3,-1,-1,0,1,1,1,2,-1,0,3,1,1,2,4,0,1,0,0,0,1,1,0,0,1,1,0,1,0,2,0,0,-1,0,-1,1]","[-2,-1,-1,-1,0,1,1,3,-1,-1,1,2,1,1,4,0,0,0,0,0,1,0,1,0,0,1,0,0,1,2,1,1,3,0,-1,0]","[-3,-1,-1,0,1,1,1,2,2,3,0,2,3,3,1,0,0,1,2,2,2,0,2,2,2,2,1,0,1,0,0,0,0,0,2,2]",c,"[[{8, 4}, {6, 7}, {2, 5}, {1, 3}], [{8, 4}, {6, 7}, {3, 5}, {1, 2}], [{8, 6}, {4, 7}, {2, 5}, {1, 3}]]",1,8 K_1^3 - 22 K_1^2 - 10 K_1 K_2 - K_1 + 11 K_2 + 3 K_3 + 12,O1O2O3U2O4U5U4O6U1U6O5U7U3O8O7U8,O1O2U3O4O5U4O6O3U6O7U1U7U5O8U2U8,O1O2U3O4O3U1O5O6U7U5O7U4U8U6O8U2,c,{'O1O2O3U4O5O4U1U5O6U7U3O7U8U6O8U2'},1,"<a href=""/flatknot/8.975571"">8.975571</a>",t^9-79t^7-274t^6+83t^5+758t^4+236t^3-448t^2-148t,t^3-t^2-t,,
8.975572,O1O2O3U4O5O4U1U5O6U7U8O7U2U3O8U6,4,6z^3+47z^2+114z+89,6w^4z^3+47w^3z^2+114w^2z+89w,False,False,"[[ 0 -3  0  2  1  0  2 -1 -1],[ 3  0  2  3  3  0  2  3  1],[ 0 -2  0  1  1 -1  1  0  0],[-2 -3 -1  0 -1 -1  0 -2 -1],[-1 -3 -1  1  0  0  2 -2 -2],[ 0  0  1  1  0  0  0  0  0],[-2 -2 -1  0 -2  0  0 -3 -1],[ 1 -3  0  2  2  0  3  0 -1],[ 1 -1  0  1  2  0  1  1  0]]","[[ 0  2  2  1  0  0 -1 -1 -3],[-2  0  0 -1 -1 -1 -1 -2 -3],[-2  0  0 -2  0 -1 -1 -3 -2],[-1  1  2  0  0 -1 -2 -2 -3],[ 0  1  0  0  0  1  0  0  0],[ 0  1  1  1 -1  0  0  0 -2],[ 1  1  1  2  0  0  0  1 -1],[ 1  2  3  2  0  0 -1  0 -3],[ 3  3  2  3  0  2  1  3  0]]",True,"[-2,-2,-1,0,0,1,1,3,0,1,1,1,1,2,3,2,0,1,1,3,2,0,1,2,2,3,-1,0,0,0,0,0,2,-1,1,3]","[-3,-1,-1,0,0,1,2,2,-1,1,1,3,1,2,3,1,1,1,0,1,0,1,1,0,2,2,1,0,1,1,1,1,2,0,-1,0]",t^8+70t^6+245t^4+76t^2+4,"[-3,-1,-1,0,0,1,2,2,-1,1,1,3,1,2,3,1,1,1,0,1,0,1,1,0,2,2,1,0,1,1,1,1,2,0,-1,0]","[-2,-2,-1,0,0,1,1,3,0,-1,1,2,0,2,3,0,1,1,1,2,2,0,1,0,0,1,-1,1,1,1,1,1,3,-1,-1,1]","[-3,-1,-1,0,0,1,2,2,1,3,0,2,3,2,3,1,0,0,2,1,1,0,0,2,3,2,1,0,0,1,1,1,1,2,1,0]",c,"[[{8, 6}, {5, 7}, {2, 4}, {1, 3}], [{8, 6}, {5, 7}, {4}, {1, 3}, {2}]]",1,8 K_1^3 - 12 K_1^2 - 6 K_1 K_2 - 3 K_1 + 6 K_2 + K_3 + 7,O1O2O3U4O5U1U2O6U5U6O4U7U3O8O7U8,O1O2U3O4O5U4O6O7U5O3U1U6U7O8U2U8,O1O2U3O4O3U5O6O7U8U6O8U1U2U7O5U4,c,{'O1O2O3U4O5O4U1U5O6U7U8O7U2U3O8U6'},1,"<a href=""/flatknot/8.975572"">8.975572</a>",t^9-72t^7-294t^6-157t^5+708t^4+784t^3+24t^2-172t-34,t^3-2t^2+t,,
8.975573,O1O2O3U4O5O4U1U5O6U7U8O7U2U6O8U3,4,3z^3+27z^2+99z+115,3w^4z^3+27w^3z^2+99w^2z+115w,False,False,"[[ 0 -3  0  2  1  0  2 -1 -1],[ 3  0  2  3  3  0  1  3  2],[ 0 -2  0  1  1 -1  1  0  0],[-2 -3 -1  0 -1 -1  1 -3 -2],[-1 -3 -1  1  0  0  2 -2 -2],[ 0  0  1  1  0  0  0  0  0],[-2 -1 -1 -1 -2  0  0 -2 -1],[ 1 -3  0  3  2  0  2  0 -1],[ 1 -2  0  2  2  0  1  1  0]]","[[ 0  2  2  1  0  0 -1 -1 -3],[-2  0  1 -1 -1 -1 -2 -3 -3],[-2 -1  0 -2  0 -1 -1 -2 -1],[-1  1  2  0  0 -1 -2 -2 -3],[ 0  1  0  0  0  1  0  0  0],[ 0  1  1  1 -1  0  0  0 -2],[ 1  2  1  2  0  0  0  1 -2],[ 1  3  2  2  0  0 -1  0 -3],[ 3  3  1  3  0  2  2  3  0]]",True,"[-2,-2,-1,0,0,1,1,3,-1,1,1,1,2,3,3,2,0,1,1,2,1,0,1,2,2,3,-1,0,0,0,0,0,2,-1,2,3]","[-3,-1,-1,0,0,1,2,2,-1,0,1,3,1,2,4,1,1,1,0,0,1,1,1,0,1,2,1,0,1,1,1,1,2,0,-1,-1]",t^8+74t^6+180t^4+64t^2+1,"[-3,-1,-1,0,0,1,2,2,-1,0,1,3,1,2,4,1,1,1,0,0,1,1,1,0,1,2,1,0,1,1,1,1,2,0,-1,-1]","[-2,-2,-1,0,0,1,1,3,-1,-1,1,2,1,2,4,0,1,1,0,1,2,0,1,0,0,1,-1,1,1,1,1,1,3,-1,-1,0]","[-3,-1,-1,0,0,1,2,2,2,3,0,2,3,1,3,1,0,0,2,1,2,0,0,2,2,3,1,0,0,1,1,1,1,2,1,-1]",c,"[[{8, 1}, {2, 7}, {3, 6}, {4, 5}], [{8, 1}, {2, 7}, {3, 6}, {5}, {4}], [{8, 1}, {2, 7}, {4, 6}, {3, 5}], [{8, 1}, {2, 7}, {4, 6}, {5}, {3}], [{8, 1}, {2, 7}, {5, 6}, {3, 4}], [{8, 1}, {2, 7}, {5, 6}, {4}, {3}], [{8, 1}, {2, 7}, {6}, {3, 5}, {4}], [{8, 1}, {2, 7}, {6}, {4, 5}, {3}], [{8, 1}, {2, 7}, {6}, {5}, {3, 4}], [{8, 1}, {2, 7}, {6}, {5}, {4}, {3}], [{8, 1}, {3, 7}, {2, 6}, {4, 5}], [{8, 1}, {3, 7}, {4, 6}, {2, 5}], [{8, 1}, {3, 7}, {5, 6}, {2, 4}], [{8, 1}, {4, 7}, {2, 6}, {3, 5}], [{8, 1}, {4, 7}, {3, 6}, {2, 5}], [{8, 1}, {4, 7}, {3, 6}, {5}, {2}], [{8, 1}, {4, 7}, {5, 6}, {2, 3}], [{8, 1}, {4, 7}, {6}, {2, 5}, {3}], [{8, 1}, {5, 7}, {2, 6}, {3, 4}], [{8, 1}, {5, 7}, {3, 6}, {2, 4}], [{8, 1}, {5, 7}, {3, 6}, {4}, {2}], [{8, 1}, {5, 7}, {4, 6}, {2, 3}], [{8, 1}, {5, 7}, {6}, {2, 4}, {3}], [{8, 1}, {6, 7}, {2, 5}, {3, 4}], [{8, 1}, {6, 7}, {3, 5}, {2, 4}], [{8, 1}, {6, 7}, {3, 5}, {4}, {2}], [{8, 1}, {6, 7}, {4, 5}, {2, 3}], [{8, 1}, {7}, {2, 6}, {3, 5}, {4}], [{8, 1}, {7}, {3, 6}, {2, 5}, {4}], [{8, 1}, {7}, {3, 6}, {4, 5}, {2}], [{8, 1}, {7}, {3, 6}, {5}, {2, 4}], [{8, 1}, {7}, {5, 6}, {3, 4}, {2}], [{8, 2}, {1, 7}, {3, 6}, {4, 5}], [{8, 2}, {1, 7}, {4, 6}, {3, 5}], [{8, 2}, {1, 7}, {5, 6}, {3, 4}], [{8, 2}, {1, 7}, {6}, {5}, {3, 4}], [{8, 2}, {3, 7}, {1, 6}, {4, 5}], [{8, 2}, {3, 7}, {4, 6}, {1, 5}], [{8, 2}, {3, 7}, {5, 6}, {1, 4}], [{8, 2}, {3, 7}, {6}, {5}, {1, 4}], [{8, 2}, {4, 7}, {1, 6}, {3, 5}], [{8, 2}, {4, 7}, {3, 6}, {1, 5}], [{8, 2}, {4, 7}, {5, 6}, {1, 3}], [{8, 2}, {5, 7}, {1, 6}, {3, 4}], [{8, 2}, {5, 7}, {3, 6}, {1, 4}], [{8, 2}, {5, 7}, {4, 6}, {1, 3}], [{8, 2}, {6, 7}, {1, 5}, {3, 4}], [{8, 2}, {6, 7}, {3, 5}, {1, 4}], [{8, 2}, {6, 7}, {4, 5}, {1, 3}], [{8, 2}, {6, 7}, {5}, {4}, {1, 3}], [{8, 3}, {1, 7}, {2, 6}, {4, 5}], [{8, 3}, {1, 7}, {4, 6}, {2, 5}], [{8, 3}, {1, 7}, {5, 6}, {2, 4}], [{8, 3}, {2, 7}, {1, 6}, {4, 5}], [{8, 3}, {2, 7}, {4, 6}, {1, 5}], [{8, 3}, {2, 7}, {5, 6}, {1, 4}], [{8, 3}, {2, 7}, {5, 6}, {4}, {1}], [{8, 3}, {2, 7}, {6}, {5}, {1, 4}], [{8, 3}, {4, 7}, {1, 6}, {2, 5}], [{8, 3}, {4, 7}, {1, 6}, {5}, {2}], [{8, 3}, {4, 7}, {2, 6}, {1, 5}], [{8, 3}, {4, 7}, {2, 6}, {5}, {1}], [{8, 3}, {4, 7}, {5, 6}, {1, 2}], [{8, 3}, {4, 7}, {6}, {5}, {1, 2}], [{8, 3}, {5, 7}, {1, 6}, {2, 4}], [{8, 3}, {5, 7}, {1, 6}, {4}, {2}], [{8, 3}, {5, 7}, {2, 6}, {1, 4}], [{8, 3}, {5, 7}, {2, 6}, {4}, {1}], [{8, 3}, {5, 7}, {4, 6}, {1, 2}], [{8, 3}, {5, 7}, {6}, {4}, {1, 2}], [{8, 3}, {6, 7}, {1, 5}, {2, 4}], [{8, 3}, {6, 7}, {1, 5}, {4}, {2}], [{8, 3}, {6, 7}, {2, 5}, {1, 4}], [{8, 3}, {6, 7}, {4, 5}, {1, 2}], [{8, 3}, {7}, {1, 6}, {4, 5}, {2}], [{8, 3}, {7}, {2, 6}, {4, 5}, {1}], [{8, 3}, {7}, {4, 6}, {2, 5}, {1}], [{8, 3}, {7}, {5, 6}, {1, 4}, {2}], [{8, 3}, {7}, {6}, {4, 5}, {1, 2}], [{8, 4}, {1, 7}, {2, 6}, {3, 5}], [{8, 4}, {1, 7}, {3, 6}, {2, 5}], [{8, 4}, {1, 7}, {5, 6}, {2, 3}], [{8, 4}, {1, 7}, {6}, {5}, {2, 3}], [{8, 4}, {2, 7}, {1, 6}, {3, 5}], [{8, 4}, {2, 7}, {3, 6}, {1, 5}], [{8, 4}, {2, 7}, {5, 6}, {1, 3}], [{8, 4}, {2, 7}, {5, 6}, {3}, {1}], [{8, 4}, {2, 7}, {6}, {5}, {1, 3}], [{8, 4}, {3, 7}, {1, 6}, {2, 5}], [{8, 4}, {3, 7}, {2, 6}, {1, 5}], [{8, 4}, {3, 7}, {5, 6}, {1, 2}], [{8, 4}, {5, 7}, {1, 6}, {2, 3}], [{8, 4}, {5, 7}, {2, 6}, {1, 3}], [{8, 4}, {5, 7}, {3, 6}, {1, 2}], [{8, 4}, {5, 7}, {3, 6}, {2}, {1}], [{8, 4}, {6, 7}, {1, 5}, {2, 3}], [{8, 4}, {6, 7}, {2, 5}, {1, 3}], [{8, 4}, {6, 7}, {3, 5}, {1, 2}], [{8, 4}, {6, 7}, {3, 5}, {2}, {1}], [{8, 4}, {7}, {1, 6}, {2, 5}, {3}], [{8, 4}, {7}, {2, 6}, {1, 5}, {3}], [{8, 4}, {7}, {5, 6}, {1, 3}, {2}], [{8, 5}, {1, 7}, {2, 6}, {3, 4}], [{8, 5}, {1, 7}, {2, 6}, {4}, {3}], [{8, 5}, {1, 7}, {3, 6}, {2, 4}], [{8, 5}, {1, 7}, {4, 6}, {2, 3}], [{8, 5}, {2, 7}, {1, 6}, {3, 4}], [{8, 5}, {2, 7}, {3, 6}, {1, 4}], [{8, 5}, {2, 7}, {4, 6}, {1, 3}], [{8, 5}, {2, 7}, {4, 6}, {3}, {1}], [{8, 5}, {3, 7}, {1, 6}, {2, 4}], [{8, 5}, {3, 7}, {1, 6}, {4}, {2}], [{8, 5}, {3, 7}, {2, 6}, {1, 4}], [{8, 5}, {3, 7}, {4, 6}, {1, 2}], [{8, 5}, {4, 7}, {1, 6}, {2, 3}], [{8, 5}, {4, 7}, {1, 6}, {3}, {2}], [{8, 5}, {4, 7}, {2, 6}, {1, 3}], [{8, 5}, {4, 7}, {3, 6}, {1, 2}], [{8, 5}, {4, 7}, {6}, {2, 3}, {1}], [{8, 5}, {6, 7}, {1, 4}, {2, 3}], [{8, 5}, {6, 7}, {2, 4}, {1, 3}], [{8, 5}, {6, 7}, {3, 4}, {1, 2}], [{8, 5}, {6, 7}, {4}, {1, 3}, {2}], [{8, 5}, {7}, {1, 6}, {3, 4}, {2}], [{8, 5}, {7}, {3, 6}, {1, 4}, {2}], [{8, 5}, {7}, {3, 6}, {2, 4}, {1}], [{8, 5}, {7}, {3, 6}, {4}, {1, 2}], [{8, 6}, {1, 7}, {2, 5}, {3, 4}], [{8, 6}, {1, 7}, {2, 5}, {4}, {3}], [{8, 6}, {1, 7}, {3, 5}, {2, 4}], [{8, 6}, {1, 7}, {4, 5}, {2, 3}], [{8, 6}, {2, 7}, {1, 5}, {3, 4}], [{8, 6}, {2, 7}, {3, 5}, {1, 4}], [{8, 6}, {2, 7}, {3, 5}, {4}, {1}], [{8, 6}, {2, 7}, {4, 5}, {1, 3}], [{8, 6}, {3, 7}, {1, 5}, {2, 4}], [{8, 6}, {3, 7}, {1, 5}, {4}, {2}], [{8, 6}, {3, 7}, {2, 5}, {1, 4}], [{8, 6}, {3, 7}, {4, 5}, {1, 2}], [{8, 6}, {4, 7}, {1, 5}, {2, 3}], [{8, 6}, {4, 7}, {2, 5}, {1, 3}], [{8, 6}, {4, 7}, {3, 5}, {1, 2}], [{8, 6}, {4, 7}, {5}, {1, 3}, {2}], [{8, 6}, {5, 7}, {1, 4}, {2, 3}], [{8, 6}, {5, 7}, {2, 4}, {1, 3}], [{8, 6}, {5, 7}, {2, 4}, {3}, {1}], [{8, 6}, {5, 7}, {3, 4}, {1, 2}], [{8, 6}, {5, 7}, {4}, {1, 3}, {2}], [{8, 6}, {7}, {4, 5}, {1, 3}, {2}], [{8, 7}, {1, 6}, {2, 5}, {3, 4}], [{8, 7}, {1, 6}, {3, 5}, {2, 4}], [{8, 7}, {1, 6}, {4, 5}, {2, 3}], [{8, 7}, {1, 6}, {5}, {4}, {2, 3}], [{8, 7}, {2, 6}, {1, 5}, {3, 4}], [{8, 7}, {2, 6}, {3, 5}, {1, 4}], [{8, 7}, {2, 6}, {4, 5}, {1, 3}], [{8, 7}, {3, 6}, {1, 5}, {2, 4}], [{8, 7}, {3, 6}, {2, 5}, {1, 4}], [{8, 7}, {3, 6}, {4, 5}, {1, 2}], [{8, 7}, {3, 6}, {5}, {1, 4}, {2}], [{8, 7}, {4, 6}, {1, 5}, {2, 3}], [{8, 7}, {4, 6}, {2, 5}, {1, 3}], [{8, 7}, {4, 6}, {2, 5}, {3}, {1}], [{8, 7}, {4, 6}, {3, 5}, {1, 2}], [{8, 7}, {5, 6}, {1, 4}, {2, 3}], [{8, 7}, {5, 6}, {2, 4}, {1, 3}], [{8, 7}, {5, 6}, {3, 4}, {1, 2}], [{8, 7}, {5, 6}, {4}, {2, 3}, {1}], [{8, 7}, {6}, {1, 5}, {4}, {2, 3}], [{8, 7}, {6}, {5}, {2, 4}, {1, 3}], [{8}, {1, 7}, {4, 6}, {3, 5}, {2}], [{8}, {1, 7}, {5, 6}, {2, 4}, {3}], [{8}, {2, 7}, {1, 6}, {3, 5}, {4}], [{8}, {2, 7}, {4, 6}, {1, 5}, {3}], [{8}, {2, 7}, {5, 6}, {1, 4}, {3}], [{8}, {2, 7}, {5, 6}, {3, 4}, {1}], [{8}, {2, 7}, {5, 6}, {4}, {1, 3}], [{8}, {3, 7}, {1, 6}, {5}, {2, 4}], [{8}, {3, 7}, {4, 6}, {2, 5}, {1}], [{8}, {3, 7}, {5, 6}, {4}, {1, 2}], [{8}, {4, 7}, {1, 6}, {3, 5}, {2}], [{8}, {5, 7}, {1, 6}, {2, 4}, {3}], [{8}, {5, 7}, {3, 6}, {1, 4}, {2}], [{8}, {6, 7}, {2, 5}, {1, 4}, {3}], [{8}, {6, 7}, {2, 5}, {3, 4}, {1}], [{8}, {6, 7}, {2, 5}, {4}, {1, 3}], [{8}, {6, 7}, {3, 5}, {1, 4}, {2}], [{8}, {6, 7}, {4, 5}, {3}, {1, 2}], [{8}, {6, 7}, {5}, {1, 4}, {2, 3}], [{8}, {7}, {1, 6}, {3, 5}, {2, 4}], [{8}, {7}, {3, 6}, {1, 5}, {2, 4}]]",2,- 12 K_1^2 - 2 K_1 K_2 + K_1 + 6 K_2 + K_3 + 7,O1O2O3U1O4U5U2O6U4U6O5U7U3O8O7U8,O1O2U3O4O5U4O6O3U5O7U1U6U7O8U2U8,O1O2U3O4O3U1O5O6U7U5O7U8U2U6O8U4,c,{'O1O2O3U4O5O4U1U5O6U7U8O7U2U6O8U3'},1,"<a href=""/flatknot/8.975573"">8.975573</a>",t^9-76t^7-340t^6-388t^5+178t^4+549t^3+374t^2+69t-42,t^3-2t^2+t,,
8.975574,O1O2O3U4O5O4U1U5O6U7U8O7U3U2O8U6,4,6z^3+48z^2+115z+87,6w^4z^3+48w^3z^2+115w^2z+87w,False,False,"[[ 0 -3  1  1  1  0  2 -1 -1],[ 3  0  3  2  3  0  2  3  1],[-1 -3  0  0  0 -1  1 -1 -1],[-1 -2  0  0  0 -1  0 -1  0],[-1 -3  0  0  0  0  2 -2 -2],[ 0  0  1  1  0  0  0  0  0],[-2 -2 -1  0 -2  0  0 -3 -1],[ 1 -3  1  1  2  0  3  0 -1],[ 1 -1  1  0  2  0  1  1  0]]","[[ 0  2  1  1  1  0 -1 -1 -3],[-2  0  0 -1 -2  0 -1 -3 -2],[-1  0  0  0  0 -1  0 -1 -2],[-1  1  0  0  0 -1 -1 -1 -3],[-1  2  0  0  0  0 -2 -2 -3],[ 0  0  1  1  0  0  0  0  0],[ 1  1  0  1  2  0  0  1 -1],[ 1  3  1  1  2  0 -1  0 -3],[ 3  2  2  3  3  0  1  3  0]]",True,"[-2,-1,-1,-1,0,1,1,3,0,1,2,0,1,3,2,0,0,1,0,1,2,0,1,1,1,3,0,2,2,3,0,0,0,-1,1,3]","[-3,-1,-1,0,1,1,1,2,-1,1,3,1,1,2,3,1,1,0,1,1,0,1,0,1,2,2,1,0,0,2,0,0,-1,0,0,1]",t^8+65t^6+241t^4+96t^2+4,"[-3,-1,-1,0,1,1,1,2,-1,1,3,1,1,2,3,1,1,0,1,1,0,1,0,1,2,2,1,0,0,2,0,0,-1,0,0,1]","[-2,-1,-1,-1,0,1,1,3,-1,0,1,2,0,2,3,0,0,1,0,0,1,0,0,1,1,1,0,1,2,2,1,1,3,-1,-1,1]","[-3,-1,-1,0,1,1,1,2,1,3,0,2,3,3,2,1,0,0,1,2,1,0,1,1,2,3,1,1,0,0,0,0,0,0,1,2]",c,"[[{8, 6}, {5, 7}, {2, 4}, {1, 3}], [{8, 6}, {5, 7}, {4}, {1, 3}, {2}]]",1,4 K_1^3 - 2 K_1^2 - 2 K_1 K_2 - 2 K_1 + K_2 + 2,O1O2O3U4O5U2U1O6U5U6O4U7U3O8O7U8,O1O2U3O4O5U4O6O7U5O3U1U7U6O8U2U8,O1O2U3O4O3U5O6O7U8U6O8U2U1U7O5U4,c,{'O1O2O3U4O5O4U1U5O6U7U8O7U3U2O8U6'},1,"<a href=""/flatknot/8.975574"">8.975574</a>",t^9-69t^7-236t^6-16t^5+684t^4+522t^3-156t^2-32t+14,t^3-t^2-t,,
8.975575,O1O2O3U4O5O4U1U5O6U7U8O7U3U6O8U2,4,11z^2+80z+117,11w^3z^2+80w^2z+117w,False,False,"[[ 0 -3  1  1  1  0  2 -1 -1],[ 3  0  3  2  3  0  1  3  2],[-1 -3  0  0  0 -1  2 -2 -2],[-1 -2  0  0  0 -1  1 -1 -1],[-1 -3  0  0  0  0  2 -2 -2],[ 0  0  1  1  0  0  0  0  0],[-2 -1 -2 -1 -2  0  0 -2 -1],[ 1 -3  2  1  2  0  2  0 -1],[ 1 -2  2  1  2  0  1  1  0]]","[[ 0  2  1  1  1  0 -1 -1 -3],[-2  0 -1 -2 -2  0 -1 -2 -1],[-1  1  0  0  0 -1 -1 -1 -2],[-1  2  0  0  0  0 -2 -2 -3],[-1  2  0  0  0 -1 -2 -2 -3],[ 0  0  1  0  1  0  0  0  0],[ 1  1  1  2  2  0  0  1 -2],[ 1  2  1  2  2  0 -1  0 -3],[ 3  1  2  3  3  0  2  3  0]]",True,"[-2,-1,-1,-1,0,1,1,3,1,2,2,0,1,2,1,0,0,1,1,1,2,0,0,2,2,3,1,2,2,3,0,0,0,-1,2,3]","[-3,-1,-1,0,1,1,1,2,-1,0,3,1,1,2,4,1,1,0,0,1,1,1,0,0,1,2,0,1,0,2,0,0,-1,0,-1,0]",t^8+71t^6+126t^4+47t^2,"[-3,-1,-1,0,1,1,1,2,-1,0,3,1,1,2,4,1,1,0,0,1,1,1,0,0,1,2,0,1,0,2,0,0,-1,0,-1,0]","[-2,-1,-1,-1,0,1,1,3,-1,-1,0,2,1,2,4,0,0,0,0,0,1,0,1,0,0,1,0,1,1,2,1,1,3,-1,-1,0]","[-3,-1,-1,0,1,1,1,2,2,3,0,2,3,3,1,1,0,1,2,2,1,0,1,2,2,2,1,0,1,0,0,0,1,0,2,2]",c,"[[{8, 1}, {2, 7}, {3, 6}, {4, 5}], [{8, 1}, {2, 7}, {4, 6}, {3, 5}], [{8, 1}, {2, 7}, {5, 6}, {3, 4}], [{8, 1}, {3, 7}, {2, 6}, {4, 5}], [{8, 1}, {3, 7}, {4, 6}, {2, 5}], [{8, 1}, {3, 7}, {5, 6}, {2, 4}], [{8, 1}, {3, 7}, {6}, {2, 5}, {4}], [{8, 1}, {4, 7}, {2, 6}, {3, 5}], [{8, 1}, {4, 7}, {3, 6}, {2, 5}], [{8, 1}, {4, 7}, {5, 6}, {2, 3}], [{8, 1}, {5, 7}, {2, 6}, {3, 4}], [{8, 1}, {5, 7}, {3, 6}, {2, 4}], [{8, 1}, {5, 7}, {4, 6}, {2, 3}], [{8, 1}, {6, 7}, {2, 5}, {3, 4}], [{8, 1}, {6, 7}, {3, 5}, {2, 4}], [{8, 1}, {6, 7}, {4, 5}, {2, 3}], [{8, 1}, {7}, {2, 6}, {3, 5}, {4}], [{8, 2}, {1, 7}, {3, 6}, {4, 5}], [{8, 2}, {1, 7}, {4, 6}, {3, 5}], [{8, 2}, {1, 7}, {5, 6}, {3, 4}], [{8, 2}, {1, 7}, {6}, {4, 5}, {3}], [{8, 2}, {3, 7}, {1, 6}, {4, 5}], [{8, 2}, {3, 7}, {1, 6}, {5}, {4}], [{8, 2}, {3, 7}, {4, 6}, {1, 5}], [{8, 2}, {3, 7}, {4, 6}, {5}, {1}], [{8, 2}, {3, 7}, {5, 6}, {1, 4}], [{8, 2}, {3, 7}, {5, 6}, {4}, {1}], [{8, 2}, {3, 7}, {6}, {1, 5}, {4}], [{8, 2}, {3, 7}, {6}, {4, 5}, {1}], [{8, 2}, {3, 7}, {6}, {5}, {1, 4}], [{8, 2}, {4, 7}, {1, 6}, {3, 5}], [{8, 2}, {4, 7}, {1, 6}, {5}, {3}], [{8, 2}, {4, 7}, {3, 6}, {1, 5}], [{8, 2}, {4, 7}, {3, 6}, {5}, {1}], [{8, 2}, {4, 7}, {5, 6}, {1, 3}], [{8, 2}, {4, 7}, {6}, {5}, {1, 3}], [{8, 2}, {5, 7}, {1, 6}, {3, 4}], [{8, 2}, {5, 7}, {1, 6}, {4}, {3}], [{8, 2}, {5, 7}, {3, 6}, {1, 4}], [{8, 2}, {5, 7}, {3, 6}, {4}, {1}], [{8, 2}, {5, 7}, {4, 6}, {1, 3}], [{8, 2}, {5, 7}, {6}, {4}, {1, 3}], [{8, 2}, {6, 7}, {1, 5}, {3, 4}], [{8, 2}, {6, 7}, {3, 5}, {1, 4}], [{8, 2}, {6, 7}, {4, 5}, {1, 3}], [{8, 2}, {6, 7}, {4, 5}, {3}, {1}], [{8, 2}, {7}, {1, 6}, {3, 5}, {4}], [{8, 2}, {7}, {1, 6}, {4, 5}, {3}], [{8, 2}, {7}, {1, 6}, {5}, {3, 4}], [{8, 2}, {7}, {1, 6}, {5}, {4}, {3}], [{8, 2}, {7}, {3, 6}, {4, 5}, {1}], [{8, 2}, {7}, {4, 6}, {1, 5}, {3}], [{8, 2}, {7}, {5, 6}, {1, 4}, {3}], [{8, 2}, {7}, {6}, {4, 5}, {1, 3}], [{8, 2}, {7}, {6}, {4, 5}, {3}, {1}], [{8, 3}, {1, 7}, {2, 6}, {4, 5}], [{8, 3}, {1, 7}, {4, 6}, {2, 5}], [{8, 3}, {1, 7}, {5, 6}, {2, 4}], [{8, 3}, {2, 7}, {1, 6}, {4, 5}], [{8, 3}, {2, 7}, {1, 6}, {5}, {4}], [{8, 3}, {2, 7}, {4, 6}, {1, 5}], [{8, 3}, {2, 7}, {4, 6}, {5}, {1}], [{8, 3}, {2, 7}, {5, 6}, {1, 4}], [{8, 3}, {2, 7}, {6}, {5}, {1, 4}], [{8, 3}, {4, 7}, {1, 6}, {2, 5}], [{8, 3}, {4, 7}, {2, 6}, {1, 5}], [{8, 3}, {4, 7}, {5, 6}, {1, 2}], [{8, 3}, {5, 7}, {1, 6}, {2, 4}], [{8, 3}, {5, 7}, {1, 6}, {4}, {2}], [{8, 3}, {5, 7}, {2, 6}, {1, 4}], [{8, 3}, {5, 7}, {4, 6}, {1, 2}], [{8, 3}, {5, 7}, {6}, {2, 4}, {1}], [{8, 3}, {6, 7}, {1, 5}, {2, 4}], [{8, 3}, {6, 7}, {1, 5}, {4}, {2}], [{8, 3}, {6, 7}, {2, 5}, {1, 4}], [{8, 3}, {6, 7}, {4, 5}, {1, 2}], [{8, 3}, {6, 7}, {5}, {2, 4}, {1}], [{8, 3}, {7}, {1, 6}, {2, 5}, {4}], [{8, 3}, {7}, {5, 6}, {1, 4}, {2}], [{8, 3}, {7}, {5, 6}, {2, 4}, {1}], [{8, 3}, {7}, {5, 6}, {4}, {1, 2}], [{8, 4}, {1, 7}, {2, 6}, {3, 5}], [{8, 4}, {1, 7}, {3, 6}, {2, 5}], [{8, 4}, {1, 7}, {5, 6}, {2, 3}], [{8, 4}, {1, 7}, {6}, {5}, {2, 3}], [{8, 4}, {2, 7}, {1, 6}, {3, 5}], [{8, 4}, {2, 7}, {3, 6}, {1, 5}], [{8, 4}, {2, 7}, {5, 6}, {1, 3}], [{8, 4}, {3, 7}, {1, 6}, {2, 5}], [{8, 4}, {3, 7}, {1, 6}, {5}, {2}], [{8, 4}, {3, 7}, {2, 6}, {1, 5}], [{8, 4}, {3, 7}, {2, 6}, {5}, {1}], [{8, 4}, {3, 7}, {5, 6}, {1, 2}], [{8, 4}, {3, 7}, {6}, {5}, {1, 2}], [{8, 4}, {5, 7}, {1, 6}, {2, 3}], [{8, 4}, {5, 7}, {2, 6}, {1, 3}], [{8, 4}, {5, 7}, {3, 6}, {1, 2}], [{8, 4}, {6, 7}, {1, 5}, {2, 3}], [{8, 4}, {6, 7}, {1, 5}, {3}, {2}], [{8, 4}, {6, 7}, {2, 5}, {1, 3}], [{8, 4}, {6, 7}, {3, 5}, {1, 2}], [{8, 4}, {6, 7}, {3, 5}, {2}, {1}], [{8, 4}, {6, 7}, {5}, {1, 3}, {2}], [{8, 5}, {1, 7}, {2, 6}, {3, 4}], [{8, 5}, {1, 7}, {3, 6}, {2, 4}], [{8, 5}, {1, 7}, {4, 6}, {2, 3}], [{8, 5}, {2, 7}, {1, 6}, {3, 4}], [{8, 5}, {2, 7}, {1, 6}, {4}, {3}], [{8, 5}, {2, 7}, {3, 6}, {1, 4}], [{8, 5}, {2, 7}, {4, 6}, {1, 3}], [{8, 5}, {3, 7}, {1, 6}, {2, 4}], [{8, 5}, {3, 7}, {1, 6}, {4}, {2}], [{8, 5}, {3, 7}, {2, 6}, {1, 4}], [{8, 5}, {3, 7}, {4, 6}, {1, 2}], [{8, 5}, {4, 7}, {1, 6}, {2, 3}], [{8, 5}, {4, 7}, {2, 6}, {1, 3}], [{8, 5}, {4, 7}, {3, 6}, {1, 2}], [{8, 5}, {4, 7}, {6}, {3}, {1, 2}], [{8, 5}, {6, 7}, {1, 4}, {2, 3}], [{8, 5}, {6, 7}, {2, 4}, {1, 3}], [{8, 5}, {6, 7}, {3, 4}, {1, 2}], [{8, 5}, {6, 7}, {4}, {3}, {1, 2}], [{8, 5}, {7}, {1, 6}, {4}, {2, 3}], [{8, 5}, {7}, {2, 6}, {4}, {1, 3}], [{8, 5}, {7}, {4, 6}, {3}, {1, 2}], [{8, 6}, {1, 7}, {2, 5}, {3, 4}], [{8, 6}, {1, 7}, {3, 5}, {2, 4}], [{8, 6}, {1, 7}, {4, 5}, {2, 3}], [{8, 6}, {2, 7}, {1, 5}, {3, 4}], [{8, 6}, {2, 7}, {1, 5}, {4}, {3}], [{8, 6}, {2, 7}, {3, 5}, {1, 4}], [{8, 6}, {2, 7}, {4, 5}, {1, 3}], [{8, 6}, {3, 7}, {1, 5}, {2, 4}], [{8, 6}, {3, 7}, {2, 5}, {1, 4}], [{8, 6}, {3, 7}, {2, 5}, {4}, {1}], [{8, 6}, {3, 7}, {4, 5}, {1, 2}], [{8, 6}, {4, 7}, {1, 5}, {2, 3}], [{8, 6}, {4, 7}, {1, 5}, {3}, {2}], [{8, 6}, {4, 7}, {2, 5}, {1, 3}], [{8, 6}, {4, 7}, {3, 5}, {1, 2}], [{8, 6}, {5, 7}, {1, 4}, {2, 3}], [{8, 6}, {5, 7}, {2, 4}, {1, 3}], [{8, 6}, {5, 7}, {3, 4}, {1, 2}], [{8, 6}, {5, 7}, {4}, {1, 3}, {2}], [{8, 6}, {7}, {1, 5}, {2, 4}, {3}], [{8, 7}, {1, 6}, {2, 5}, {3, 4}], [{8, 7}, {1, 6}, {2, 5}, {4}, {3}], [{8, 7}, {1, 6}, {3, 5}, {2, 4}], [{8, 7}, {1, 6}, {3, 5}, {4}, {2}], [{8, 7}, {1, 6}, {4, 5}, {2, 3}], [{8, 7}, {1, 6}, {5}, {4}, {2, 3}], [{8, 7}, {2, 6}, {1, 5}, {3, 4}], [{8, 7}, {2, 6}, {3, 5}, {1, 4}], [{8, 7}, {2, 6}, {4, 5}, {1, 3}], [{8, 7}, {2, 6}, {5}, {1, 4}, {3}], [{8, 7}, {2, 6}, {5}, {3, 4}, {1}], [{8, 7}, {2, 6}, {5}, {4}, {1, 3}], [{8, 7}, {3, 6}, {1, 5}, {2, 4}], [{8, 7}, {3, 6}, {2, 5}, {1, 4}], [{8, 7}, {3, 6}, {4, 5}, {1, 2}], [{8, 7}, {4, 6}, {1, 5}, {2, 3}], [{8, 7}, {4, 6}, {2, 5}, {1, 3}], [{8, 7}, {4, 6}, {2, 5}, {3}, {1}], [{8, 7}, {4, 6}, {3, 5}, {1, 2}], [{8, 7}, {5, 6}, {1, 4}, {2, 3}], [{8, 7}, {5, 6}, {1, 4}, {3}, {2}], [{8, 7}, {5, 6}, {2, 4}, {1, 3}], [{8, 7}, {5, 6}, {3, 4}, {1, 2}], [{8, 7}, {5, 6}, {4}, {2, 3}, {1}], [{8, 7}, {6}, {1, 5}, {4}, {2, 3}], [{8, 7}, {6}, {2, 5}, {1, 4}, {3}], [{8}, {1, 7}, {4, 6}, {3, 5}, {2}], [{8}, {1, 7}, {6}, {2, 5}, {3, 4}], [{8}, {2, 7}, {1, 6}, {3, 5}, {4}], [{8}, {2, 7}, {5, 6}, {1, 4}, {3}], [{8}, {2, 7}, {5, 6}, {3, 4}, {1}], [{8}, {2, 7}, {5, 6}, {4}, {1, 3}], [{8}, {3, 7}, {1, 6}, {2, 5}, {4}], [{8}, {3, 7}, {1, 6}, {4, 5}, {2}], [{8}, {3, 7}, {1, 6}, {5}, {2, 4}], [{8}, {3, 7}, {1, 6}, {5}, {4}, {2}], [{8}, {3, 7}, {4, 6}, {1, 5}, {2}], [{8}, {3, 7}, {5, 6}, {1, 4}, {2}], [{8}, {5, 7}, {1, 6}, {4}, {2, 3}], [{8}, {5, 7}, {2, 6}, {4}, {1, 3}], [{8}, {5, 7}, {4, 6}, {2, 3}, {1}], [{8}, {5, 7}, {6}, {1, 4}, {2, 3}], [{8}, {5, 7}, {6}, {3, 4}, {1, 2}], [{8}, {6, 7}, {1, 5}, {3, 4}, {2}], [{8}, {6, 7}, {2, 5}, {4}, {1, 3}], [{8}, {6, 7}, {5}, {1, 4}, {2, 3}], [{8}, {7}, {5, 6}, {1, 4}, {2, 3}], [{8}, {7}, {5, 6}, {1, 4}, {3}, {2}]]",2,- 18 K_1^2 - 2 K_1 K_2 + K_1 + 9 K_2 + K_3 + 10,O1O2O3U2O4U5U1O6U4U6O5U7U3O8O7U8,O1O2U3O4O5U4O6O3U5O7U1U7U6O8U2U8,O1O2U3O4O3U1O5O6U7U5O7U2U8U6O8U4,c,{'O1O2O3U4O5O4U1U5O6U7U8O7U3U6O8U2'},1,"<a href=""/flatknot/8.975575"">8.975575</a>",t^9-75t^7-284t^6-251t^5+120t^4+311t^3+204t^2+48t-14,t^3-t^2-t,,
8.975576,O1O2O3U4O5O4U1U5O6U7U3O8U6U8O7U2,4,2z^3+21z^2+92z+117,2w^4z^3+21w^3z^2+92w^2z+117w,False,False,"[[ 0 -3  1  1  1  0  1 -2  1],[ 3  0  3  2  3  0  1  2  0],[-1 -3  0  0  0 -1  1 -3  1],[-1 -2  0  0  0 -1  1 -2  1],[-1 -3  0  0  0  0  1 -3  1],[ 0  0  1  1  0  0  0  0  0],[-1 -1 -1 -1 -1  0  0 -2  1],[ 2 -2  3  2  3  0  2  0  1],[-1  0 -1 -1 -1  0 -1 -1  0]]","[[ 0  1  1  1  1  1  0 -2 -3],[-1  0  1  1  0  0  0 -3 -3],[-1 -1  0  1 -1 -1  0 -2 -1],[-1 -1 -1  0 -1 -1  0 -1  0],[-1  0  1  1  0  0 -1 -2 -2],[-1  0  1  1  0  0 -1 -3 -3],[ 0  0  0  0  1  1  0  0  0],[ 2  3  2  1  2  3  0  0 -2],[ 3  3  1  0  2  3  0  2  0]]",True,"[-1,-1,-1,-1,-1,0,2,3,-1,-1,0,0,0,3,3,-1,1,1,0,2,1,1,1,0,1,0,0,1,2,2,1,3,3,0,0,2]","[-3,-2,0,1,1,1,1,1,-1,3,1,1,2,3,4,2,0,0,1,1,2,0,1,0,1,1,0,0,-1,-1,0,-1,-1,-1,-1,-1]",t^8+63t^6+95t^4+30t^2,"[-3,-2,0,1,1,1,1,1,-1,3,1,1,2,3,4,2,0,0,1,1,2,0,1,0,1,1,0,0,-1,-1,0,-1,-1,-1,-1,-1]","[-1,-1,-1,-1,-1,0,2,3,-1,-1,-1,-1,1,2,4,-1,-1,-1,1,1,3,0,0,0,0,1,0,0,1,2,1,0,1,2,3,-1]","[-3,-2,0,1,1,1,1,1,2,0,0,1,2,3,3,0,1,2,2,3,3,0,0,1,0,1,-1,-1,-1,-1,-1,-1,-1,0,0,0]",c,"[[{8, 1}, {2, 7}, {3, 6}, {4, 5}], [{8, 1}, {2, 7}, {3, 6}, {5}, {4}], [{8, 1}, {2, 7}, {4, 6}, {3, 5}], [{8, 1}, {2, 7}, {5, 6}, {3, 4}], [{8, 1}, {3, 7}, {2, 6}, {4, 5}], [{8, 1}, {3, 7}, {4, 6}, {2, 5}], [{8, 1}, {3, 7}, {5, 6}, {2, 4}], [{8, 1}, {3, 7}, {6}, {2, 5}, {4}], [{8, 1}, {4, 7}, {2, 6}, {3, 5}], [{8, 1}, {4, 7}, {3, 6}, {2, 5}], [{8, 1}, {4, 7}, {5, 6}, {2, 3}], [{8, 1}, {5, 7}, {2, 6}, {3, 4}], [{8, 1}, {5, 7}, {3, 6}, {2, 4}], [{8, 1}, {5, 7}, {4, 6}, {2, 3}], [{8, 1}, {5, 7}, {6}, {3, 4}, {2}], [{8, 1}, {6, 7}, {2, 5}, {3, 4}], [{8, 1}, {6, 7}, {3, 5}, {2, 4}], [{8, 1}, {6, 7}, {4, 5}, {2, 3}], [{8, 1}, {6, 7}, {5}, {3, 4}, {2}], [{8, 1}, {7}, {2, 6}, {3, 5}, {4}], [{8, 1}, {7}, {5, 6}, {3, 4}, {2}], [{8, 2}, {1, 7}, {3, 6}, {4, 5}], [{8, 2}, {1, 7}, {3, 6}, {5}, {4}], [{8, 2}, {1, 7}, {4, 6}, {3, 5}], [{8, 2}, {1, 7}, {5, 6}, {3, 4}], [{8, 2}, {3, 7}, {1, 6}, {4, 5}], [{8, 2}, {3, 7}, {4, 6}, {1, 5}], [{8, 2}, {3, 7}, {5, 6}, {1, 4}], [{8, 2}, {3, 7}, {6}, {1, 5}, {4}], [{8, 2}, {4, 7}, {1, 6}, {3, 5}], [{8, 2}, {4, 7}, {3, 6}, {1, 5}], [{8, 2}, {4, 7}, {3, 6}, {5}, {1}], [{8, 2}, {4, 7}, {5, 6}, {1, 3}], [{8, 2}, {5, 7}, {1, 6}, {3, 4}], [{8, 2}, {5, 7}, {3, 6}, {1, 4}], [{8, 2}, {5, 7}, {4, 6}, {1, 3}], [{8, 2}, {6, 7}, {1, 5}, {3, 4}], [{8, 2}, {6, 7}, {3, 5}, {1, 4}], [{8, 2}, {6, 7}, {4, 5}, {1, 3}], [{8, 2}, {7}, {3, 6}, {5}, {1, 4}], [{8, 2}, {7}, {4, 6}, {5}, {1, 3}], [{8, 2}, {7}, {5, 6}, {1, 4}, {3}], [{8, 2}, {7}, {5, 6}, {3, 4}, {1}], [{8, 2}, {7}, {5, 6}, {4}, {1, 3}], [{8, 2}, {7}, {6}, {3, 5}, {1, 4}], [{8, 2}, {7}, {6}, {4, 5}, {1, 3}], [{8, 3}, {1, 7}, {2, 6}, {4, 5}], [{8, 3}, {1, 7}, {4, 6}, {2, 5}], [{8, 3}, {1, 7}, {5, 6}, {2, 4}], [{8, 3}, {2, 7}, {1, 6}, {4, 5}], [{8, 3}, {2, 7}, {4, 6}, {1, 5}], [{8, 3}, {2, 7}, {5, 6}, {1, 4}], [{8, 3}, {4, 7}, {1, 6}, {2, 5}], [{8, 3}, {4, 7}, {1, 6}, {5}, {2}], [{8, 3}, {4, 7}, {2, 6}, {1, 5}], [{8, 3}, {4, 7}, {5, 6}, {1, 2}], [{8, 3}, {5, 7}, {1, 6}, {2, 4}], [{8, 3}, {5, 7}, {1, 6}, {4}, {2}], [{8, 3}, {5, 7}, {2, 6}, {1, 4}], [{8, 3}, {5, 7}, {4, 6}, {1, 2}], [{8, 3}, {6, 7}, {1, 5}, {2, 4}], [{8, 3}, {6, 7}, {1, 5}, {4}, {2}], [{8, 3}, {6, 7}, {2, 5}, {1, 4}], [{8, 3}, {6, 7}, {2, 5}, {4}, {1}], [{8, 3}, {6, 7}, {4, 5}, {1, 2}], [{8, 3}, {6, 7}, {5}, {4}, {1, 2}], [{8, 3}, {7}, {1, 6}, {4, 5}, {2}], [{8, 3}, {7}, {2, 6}, {5}, {1, 4}], [{8, 3}, {7}, {5, 6}, {1, 4}, {2}], [{8, 3}, {7}, {6}, {2, 5}, {1, 4}], [{8, 4}, {1, 7}, {2, 6}, {3, 5}], [{8, 4}, {1, 7}, {3, 6}, {2, 5}], [{8, 4}, {1, 7}, {5, 6}, {2, 3}], [{8, 4}, {2, 7}, {1, 6}, {3, 5}], [{8, 4}, {2, 7}, {1, 6}, {5}, {3}], [{8, 4}, {2, 7}, {3, 6}, {1, 5}], [{8, 4}, {2, 7}, {5, 6}, {1, 3}], [{8, 4}, {3, 7}, {1, 6}, {2, 5}], [{8, 4}, {3, 7}, {2, 6}, {1, 5}], [{8, 4}, {3, 7}, {5, 6}, {1, 2}], [{8, 4}, {5, 7}, {1, 6}, {2, 3}], [{8, 4}, {5, 7}, {2, 6}, {1, 3}], [{8, 4}, {5, 7}, {3, 6}, {1, 2}], [{8, 4}, {6, 7}, {1, 5}, {2, 3}], [{8, 4}, {6, 7}, {2, 5}, {1, 3}], [{8, 4}, {6, 7}, {3, 5}, {1, 2}], [{8, 4}, {7}, {2, 6}, {5}, {1, 3}], [{8, 4}, {7}, {5, 6}, {1, 3}, {2}], [{8, 4}, {7}, {6}, {2, 5}, {1, 3}], [{8, 5}, {1, 7}, {2, 6}, {3, 4}], [{8, 5}, {1, 7}, {3, 6}, {2, 4}], [{8, 5}, {1, 7}, {3, 6}, {4}, {2}], [{8, 5}, {1, 7}, {4, 6}, {2, 3}], [{8, 5}, {2, 7}, {1, 6}, {3, 4}], [{8, 5}, {2, 7}, {1, 6}, {4}, {3}], [{8, 5}, {2, 7}, {3, 6}, {1, 4}], [{8, 5}, {2, 7}, {3, 6}, {4}, {1}], [{8, 5}, {2, 7}, {4, 6}, {1, 3}], [{8, 5}, {2, 7}, {4, 6}, {3}, {1}], [{8, 5}, {2, 7}, {6}, {1, 4}, {3}], [{8, 5}, {2, 7}, {6}, {3, 4}, {1}], [{8, 5}, {2, 7}, {6}, {4}, {1, 3}], [{8, 5}, {2, 7}, {6}, {4}, {3}, {1}], [{8, 5}, {3, 7}, {1, 6}, {2, 4}], [{8, 5}, {3, 7}, {2, 6}, {1, 4}], [{8, 5}, {3, 7}, {4, 6}, {1, 2}], [{8, 5}, {4, 7}, {1, 6}, {2, 3}], [{8, 5}, {4, 7}, {1, 6}, {3}, {2}], [{8, 5}, {4, 7}, {2, 6}, {1, 3}], [{8, 5}, {4, 7}, {3, 6}, {1, 2}], [{8, 5}, {6, 7}, {1, 4}, {2, 3}], [{8, 5}, {6, 7}, {2, 4}, {1, 3}], [{8, 5}, {6, 7}, {3, 4}, {1, 2}], [{8, 5}, {7}, {1, 6}, {2, 4}, {3}], [{8, 5}, {7}, {3, 6}, {4}, {1, 2}], [{8, 6}, {1, 7}, {2, 5}, {3, 4}], [{8, 6}, {1, 7}, {3, 5}, {2, 4}], [{8, 6}, {1, 7}, {4, 5}, {2, 3}], [{8, 6}, {2, 7}, {1, 5}, {3, 4}], [{8, 6}, {2, 7}, {3, 5}, {1, 4}], [{8, 6}, {2, 7}, {4, 5}, {1, 3}], [{8, 6}, {2, 7}, {5}, {1, 4}, {3}], [{8, 6}, {2, 7}, {5}, {3, 4}, {1}], [{8, 6}, {2, 7}, {5}, {4}, {1, 3}], [{8, 6}, {3, 7}, {1, 5}, {2, 4}], [{8, 6}, {3, 7}, {2, 5}, {1, 4}], [{8, 6}, {3, 7}, {4, 5}, {1, 2}], [{8, 6}, {3, 7}, {5}, {4}, {1, 2}], [{8, 6}, {4, 7}, {1, 5}, {2, 3}], [{8, 6}, {4, 7}, {2, 5}, {1, 3}], [{8, 6}, {4, 7}, {3, 5}, {1, 2}], [{8, 6}, {5, 7}, {1, 4}, {2, 3}], [{8, 6}, {5, 7}, {2, 4}, {1, 3}], [{8, 6}, {5, 7}, {3, 4}, {1, 2}], [{8, 7}, {1, 6}, {2, 5}, {3, 4}], [{8, 7}, {1, 6}, {3, 5}, {2, 4}], [{8, 7}, {1, 6}, {4, 5}, {2, 3}], [{8, 7}, {1, 6}, {5}, {3, 4}, {2}], [{8, 7}, {2, 6}, {1, 5}, {3, 4}], [{8, 7}, {2, 6}, {3, 5}, {1, 4}], [{8, 7}, {2, 6}, {4, 5}, {1, 3}], [{8, 7}, {2, 6}, {5}, {4}, {1, 3}], [{8, 7}, {3, 6}, {1, 5}, {2, 4}], [{8, 7}, {3, 6}, {2, 5}, {1, 4}], [{8, 7}, {3, 6}, {4, 5}, {1, 2}], [{8, 7}, {4, 6}, {1, 5}, {2, 3}], [{8, 7}, {4, 6}, {2, 5}, {1, 3}], [{8, 7}, {4, 6}, {3, 5}, {1, 2}], [{8, 7}, {4, 6}, {3, 5}, {2}, {1}], [{8, 7}, {5, 6}, {1, 4}, {2, 3}], [{8, 7}, {5, 6}, {1, 4}, {3}, {2}], [{8, 7}, {5, 6}, {2, 4}, {1, 3}], [{8, 7}, {5, 6}, {3, 4}, {1, 2}], [{8, 7}, {5, 6}, {3, 4}, {2}, {1}], [{8, 7}, {5, 6}, {4}, {1, 3}, {2}], [{8, 7}, {6}, {1, 5}, {3, 4}, {2}], [{8, 7}, {6}, {2, 5}, {4}, {1, 3}], [{8, 7}, {6}, {5}, {1, 4}, {2, 3}], [{8}, {1, 7}, {3, 6}, {2, 5}, {4}], [{8}, {1, 7}, {5, 6}, {3, 4}, {2}], [{8}, {2, 7}, {1, 6}, {4, 5}, {3}], [{8}, {2, 7}, {3, 6}, {1, 5}, {4}], [{8}, {2, 7}, {5, 6}, {1, 4}, {3}], [{8}, {2, 7}, {5, 6}, {3, 4}, {1}], [{8}, {2, 7}, {5, 6}, {4}, {1, 3}], [{8}, {3, 7}, {1, 6}, {5}, {2, 4}], [{8}, {3, 7}, {4, 6}, {2, 5}, {1}], [{8}, {3, 7}, {5, 6}, {1, 4}, {2}], [{8}, {4, 7}, {1, 6}, {3, 5}, {2}], [{8}, {4, 7}, {2, 6}, {1, 5}, {3}], [{8}, {4, 7}, {2, 6}, {3, 5}, {1}], [{8}, {4, 7}, {2, 6}, {5}, {1, 3}], [{8}, {4, 7}, {3, 6}, {1, 5}, {2}], [{8}, {4, 7}, {5, 6}, {1, 3}, {2}], [{8}, {4, 7}, {6}, {1, 5}, {2, 3}], [{8}, {4, 7}, {6}, {2, 5}, {1, 3}], [{8}, {4, 7}, {6}, {3, 5}, {1, 2}], [{8}, {7}, {3, 6}, {1, 5}, {2, 4}], [{8}, {7}, {5, 6}, {1, 4}, {2, 3}], [{8}, {7}, {5, 6}, {1, 4}, {3}, {2}], [{8}, {7}, {5, 6}, {2, 4}, {1, 3}], [{8}, {7}, {5, 6}, {3, 4}, {1, 2}], [{8}, {7}, {5, 6}, {3, 4}, {2}, {1}], [{8}, {7}, {5, 6}, {4}, {1, 3}, {2}]]",2,8 K_1^3 - 22 K_1^2 - 10 K_1 K_2 - K_1 + 11 K_2 + 3 K_3 + 12,O1O2O3U2O4U5U6O5U1U4O6U7U3O8O7U8,O1O2U3O4O5U6O3O6U4O7U1U7U5O8U2U8,O1O2U1O3O4U2O5O6U7U5O7U3U8U6O8U4,c,{'O1O2O3U4O5O4U1U5O6U7U3O8U6U8O7U2'},1,"<a href=""/flatknot/8.975576"">8.975576</a>",t^9-71t^7-180t^6+98t^5+430t^4+45t^3-222t^2-43t+12,t^3+t^2-5t,,
8.975577,O1O2O3U4O5O4U1U5O6U7U6O8U2U3O7U8,4,2z^3+36z^2+115z+103,2w^4z^3+36w^3z^2+115w^2z+103w,False,False,"[[ 0 -3  0  2  1  0  1 -2  1],[ 3  0  2  3  3  0  0  1  2],[ 0 -2  0  1  1 -1  0 -2  1],[-2 -3 -1  0 -1 -1  0 -3  0],[-1 -3 -1  1  0  0  1 -3  1],[ 0  0  1  1  0  0  0  0  0],[-1  0  0  0 -1  0  0 -1 -1],[ 2 -1  2  3  3  0  1  0  1],[-1 -2 -1  0 -1  0  1 -1  0]]","[[ 0  2  1  1  1  0  0 -2 -3],[-2  0  0  0 -1 -1 -1 -3 -3],[-1  0  0  1 -1  0 -1 -1 -2],[-1  0 -1  0 -1  0  0 -1  0],[-1  1  1  1  0  0 -1 -3 -3],[ 0  1  0  0  0  0  1  0  0],[ 0  1  1  0  1 -1  0 -2 -2],[ 2  3  1  1  3  0  2  0 -1],[ 3  3  2  0  3  0  2  1  0]]",True,"[-2,-1,-1,-1,0,0,2,3,0,0,1,1,1,3,3,-1,1,0,1,1,2,1,0,0,1,0,0,1,3,3,-1,0,0,2,2,1]","[-3,-2,0,0,1,1,1,2,0,1,3,1,2,4,2,0,2,0,2,2,1,1,0,0,1,1,1,1,1,1,-1,-1,0,-1,1,1]",t^8+60t^6+208t^4+127t^2+4,"[-3,-2,0,0,1,1,1,2,0,1,3,1,2,4,2,0,2,0,2,2,1,1,0,0,1,1,1,1,1,1,-1,-1,0,-1,1,1]","[-2,-1,-1,-1,0,0,2,3,0,1,1,1,1,1,2,1,1,0,1,0,1,-1,1,1,2,4,0,1,2,2,-1,0,1,2,3,0]","[-3,-2,0,0,1,1,1,2,1,0,2,0,2,3,3,0,2,1,1,3,3,1,0,0,0,1,0,1,1,1,-1,-1,0,-1,0,1]",c,"[[{8, 1}, {3, 7}, {4, 6}, {2, 5}], [{8, 4}, {3, 7}, {1, 6}, {2, 5}], [{8, 6}, {2, 7}, {3, 5}, {1, 4}], [{8, 6}, {3, 7}, {2, 5}, {1, 4}]]",1,8 K_1^3 - 12 K_1^2 - 6 K_1 K_2 - 3 K_1 + 6 K_2 + K_3 + 7,O1O2O3U4O5U1U2O4U6U5O6U7U3O8O7U8,O1O2U3O4O3U5O6O7U4O5U1U6U7O8U2U8,O1O2U3O4O5U4O6O7U8U6O8U1U2U7O3U5,c,{'O1O2O3U4O5O4U1U5O6U7U6O8U2U3O7U8'},1,"<a href=""/flatknot/8.975577"">8.975577</a>",t^9-66t^7-180t^6-4t^5+284t^4+160t^3-64t^2-126t+18,t^3-3t,,
8.975578,O1O2O3U4O5O4U1U5O6U7U6O8U2U8O7U3,4,19z^2+104z+133,19w^3z^2+104w^2z+133w,False,False,"[[ 0 -3  0  2  1  0  1 -2  1],[ 3  0  2  3  3  0  0  2  1],[ 0 -2  0  1  1 -1  0 -2  1],[-2 -3 -1  0 -1 -1  1 -3  0],[-1 -3 -1  1  0  0  1 -3  1],[ 0  0  1  1  0  0  0  0  0],[-1  0  0 -1 -1  0  0 -1  0],[ 2 -2  2  3  3  0  1  0  1],[-1 -1 -1  0 -1  0  0 -1  0]]","[[ 0  2  1  1  1  0  0 -2 -3],[-2  0  1  0 -1 -1 -1 -3 -3],[-1 -1  0  0 -1  0  0 -1  0],[-1  0  0  0 -1  0 -1 -1 -1],[-1  1  1  1  0  0 -1 -3 -3],[ 0  1  0  0  0  0  1  0  0],[ 0  1  0  1  1 -1  0 -2 -2],[ 2  3  1  1  3  0  2  0 -2],[ 3  3  0  1  3  0  2  2  0]]",True,"[-2,-1,-1,-1,0,0,2,3,-1,0,1,1,1,3,3,0,1,0,0,1,0,1,0,1,1,1,0,1,3,3,-1,0,0,2,2,2]","[-3,-2,0,0,1,1,1,2,-1,1,3,1,3,4,2,0,2,0,2,2,1,1,0,0,1,1,1,1,1,1,-1,-1,0,0,1,2]",t^8+60t^6+147t^4+88t^2+4,"[-3,-2,0,0,1,1,1,2,-1,1,3,1,3,4,2,0,2,0,2,2,1,1,0,0,1,1,1,1,1,1,-1,-1,0,0,1,2]","[-2,-1,-1,-1,0,0,2,3,0,1,2,1,1,1,2,1,1,0,1,0,1,0,0,1,2,3,1,1,2,4,-1,0,1,2,3,-1]","[-3,-2,0,0,1,1,1,2,2,0,2,0,1,3,3,0,2,1,1,3,3,1,0,0,0,1,0,1,1,1,0,-1,-1,-1,0,1]",c,"[[{8, 1}, {3, 7}, {4, 6}, {2, 5}], [{8, 3}, {4, 7}, {1, 6}, {2, 5}], [{8, 4}, {3, 7}, {1, 6}, {2, 5}], [{8, 4}, {7}, {1, 6}, {2, 5}, {3}], [{8, 6}, {3, 7}, {2, 5}, {1, 4}], [{8, 7}, {1, 6}, {2, 5}, {3, 4}], [{8, 7}, {1, 6}, {2, 5}, {4}, {3}], [{8}, {4, 7}, {1, 6}, {2, 5}, {3}]]",1,- 12 K_1^2 - 2 K_1 K_2 + K_1 + 6 K_2 + K_3 + 7,O1O2O3U1O4U5U2O5U6U4O6U7U3O8O7U8,O1O2U3O4O3U5O6O5U4O7U1U6U7O8U2U8,O1O2U1O3O4U3O5O6U7U5O7U8U2U6O8U4,c,{'O1O2O3U4O5O4U1U5O6U7U6O8U2U8O7U3'},1,"<a href=""/flatknot/8.975578"">8.975578</a>",t^9-66t^7-228t^6-157t^5+178t^4+105t^3-172t^2-47t+98,t^3-3t,,
8.975579,O1O2O3U4O5O4U1U5O6U7U6O8U3U2O7U8,4,3z^3+40z^2+116z+97,3w^4z^3+40w^3z^2+116w^2z+97w,False,False,"[[ 0 -3  1  1  1  0  1 -2  1],[ 3  0  3  2  3  0  0  1  2],[-1 -3  0  0  0 -1  0 -3  1],[-1 -2  0  0  0 -1  0 -2  0],[-1 -3  0  0  0  0  1 -3  1],[ 0  0  1  1  0  0  0  0  0],[-1  0  0  0 -1  0  0 -1 -1],[ 2 -1  3  2  3  0  1  0  1],[-1 -2 -1  0 -1  0  1 -1  0]]","[[ 0  1  1  1  1  1  0 -2 -3],[-1  0  1  1  0  0  0 -3 -3],[-1 -1  0  1  0 -1  0 -1 -2],[-1 -1 -1  0  0  0  0 -1  0],[-1  0  0  0  0  0 -1 -2 -2],[-1  0  1  0  0  0 -1 -3 -3],[ 0  0  0  0  1  1  0  0  0],[ 2  3  1  1  2  3  0  0 -1],[ 3  3  2  0  2  3  0  1  0]]",True,"[-1,-1,-1,-1,-1,0,2,3,-1,-1,0,0,0,3,3,-1,0,1,0,1,2,0,0,0,1,0,0,1,2,2,1,3,3,0,0,1]","[-3,-2,0,1,1,1,1,1,0,3,1,1,2,2,4,2,0,0,1,2,2,0,1,0,1,1,0,0,-1,0,0,-1,-1,0,0,-1]",t^8+57t^6+199t^4+127t^2,"[-3,-2,0,1,1,1,1,1,0,3,1,1,2,2,4,2,0,0,1,2,2,0,1,0,1,1,0,0,-1,0,0,-1,-1,0,0,-1]","[-1,-1,-1,-1,-1,0,2,3,-1,-1,0,0,1,2,4,-1,-1,0,1,2,2,0,0,1,0,1,0,0,0,1,0,1,2,2,3,0]","[-3,-2,0,1,1,1,1,1,1,0,0,2,2,3,3,0,1,1,2,3,3,0,0,1,0,1,-1,0,-1,0,0,-1,-1,0,0,0]",c,"[[{8, 1}, {2, 7}, {3, 6}, {4, 5}], [{8, 1}, {2, 7}, {4, 6}, {3, 5}], [{8, 1}, {2, 7}, {5, 6}, {3, 4}], [{8, 1}, {2, 7}, {6}, {3, 5}, {4}], [{8, 1}, {3, 7}, {2, 6}, {4, 5}], [{8, 1}, {3, 7}, {4, 6}, {2, 5}], [{8, 1}, {3, 7}, {5, 6}, {2, 4}], [{8, 1}, {4, 7}, {2, 6}, {3, 5}], [{8, 1}, {4, 7}, {3, 6}, {2, 5}], [{8, 1}, {4, 7}, {5, 6}, {2, 3}], [{8, 1}, {4, 7}, {6}, {2, 5}, {3}], [{8, 1}, {5, 7}, {2, 6}, {3, 4}], [{8, 1}, {5, 7}, {3, 6}, {2, 4}], [{8, 1}, {5, 7}, {4, 6}, {2, 3}], [{8, 1}, {6, 7}, {2, 5}, {3, 4}], [{8, 1}, {6, 7}, {3, 5}, {2, 4}], [{8, 1}, {6, 7}, {4, 5}, {2, 3}], [{8, 1}, {7}, {2, 6}, {5}, {3, 4}], [{8, 1}, {7}, {3, 6}, {2, 5}, {4}], [{8, 2}, {1, 7}, {3, 6}, {4, 5}], [{8, 2}, {1, 7}, {4, 6}, {3, 5}], [{8, 2}, {1, 7}, {5, 6}, {3, 4}], [{8, 2}, {3, 7}, {1, 6}, {4, 5}], [{8, 2}, {3, 7}, {4, 6}, {1, 5}], [{8, 2}, {3, 7}, {5, 6}, {1, 4}], [{8, 2}, {3, 7}, {6}, {4, 5}, {1}], [{8, 2}, {4, 7}, {1, 6}, {3, 5}], [{8, 2}, {4, 7}, {3, 6}, {1, 5}], [{8, 2}, {4, 7}, {3, 6}, {5}, {1}], [{8, 2}, {4, 7}, {5, 6}, {1, 3}], [{8, 2}, {5, 7}, {1, 6}, {3, 4}], [{8, 2}, {5, 7}, {3, 6}, {1, 4}], [{8, 2}, {5, 7}, {4, 6}, {1, 3}], [{8, 2}, {5, 7}, {6}, {3, 4}, {1}], [{8, 2}, {6, 7}, {1, 5}, {3, 4}], [{8, 2}, {6, 7}, {3, 5}, {1, 4}], [{8, 2}, {6, 7}, {3, 5}, {4}, {1}], [{8, 2}, {6, 7}, {4, 5}, {1, 3}], [{8, 2}, {7}, {1, 6}, {4, 5}, {3}], [{8, 2}, {7}, {4, 6}, {1, 5}, {3}], [{8, 3}, {1, 7}, {2, 6}, {4, 5}], [{8, 3}, {1, 7}, {2, 6}, {5}, {4}], [{8, 3}, {1, 7}, {4, 6}, {2, 5}], [{8, 3}, {1, 7}, {5, 6}, {2, 4}], [{8, 3}, {1, 7}, {5, 6}, {4}, {2}], [{8, 3}, {1, 7}, {6}, {2, 5}, {4}], [{8, 3}, {2, 7}, {1, 6}, {4, 5}], [{8, 3}, {2, 7}, {4, 6}, {1, 5}], [{8, 3}, {2, 7}, {5, 6}, {1, 4}], [{8, 3}, {4, 7}, {1, 6}, {2, 5}], [{8, 3}, {4, 7}, {1, 6}, {5}, {2}], [{8, 3}, {4, 7}, {2, 6}, {1, 5}], [{8, 3}, {4, 7}, {5, 6}, {1, 2}], [{8, 3}, {5, 7}, {1, 6}, {2, 4}], [{8, 3}, {5, 7}, {2, 6}, {1, 4}], [{8, 3}, {5, 7}, {4, 6}, {1, 2}], [{8, 3}, {5, 7}, {4, 6}, {2}, {1}], [{8, 3}, {5, 7}, {6}, {4}, {1, 2}], [{8, 3}, {6, 7}, {1, 5}, {2, 4}], [{8, 3}, {6, 7}, {2, 5}, {1, 4}], [{8, 3}, {6, 7}, {4, 5}, {1, 2}], [{8, 4}, {1, 7}, {2, 6}, {3, 5}], [{8, 4}, {1, 7}, {3, 6}, {2, 5}], [{8, 4}, {1, 7}, {5, 6}, {2, 3}], [{8, 4}, {1, 7}, {5, 6}, {3}, {2}], [{8, 4}, {2, 7}, {1, 6}, {3, 5}], [{8, 4}, {2, 7}, {3, 6}, {1, 5}], [{8, 4}, {2, 7}, {5, 6}, {1, 3}], [{8, 4}, {2, 7}, {6}, {1, 5}, {3}], [{8, 4}, {2, 7}, {6}, {3, 5}, {1}], [{8, 4}, {2, 7}, {6}, {5}, {1, 3}], [{8, 4}, {3, 7}, {1, 6}, {2, 5}], [{8, 4}, {3, 7}, {2, 6}, {1, 5}], [{8, 4}, {3, 7}, {2, 6}, {5}, {1}], [{8, 4}, {3, 7}, {5, 6}, {1, 2}], [{8, 4}, {5, 7}, {1, 6}, {2, 3}], [{8, 4}, {5, 7}, {2, 6}, {1, 3}], [{8, 4}, {5, 7}, {3, 6}, {1, 2}], [{8, 4}, {6, 7}, {1, 5}, {2, 3}], [{8, 4}, {6, 7}, {2, 5}, {1, 3}], [{8, 4}, {6, 7}, {3, 5}, {1, 2}], [{8, 4}, {6, 7}, {5}, {3}, {1, 2}], [{8, 4}, {7}, {3, 6}, {1, 5}, {2}], [{8, 5}, {1, 7}, {2, 6}, {3, 4}], [{8, 5}, {1, 7}, {3, 6}, {2, 4}], [{8, 5}, {1, 7}, {4, 6}, {2, 3}], [{8, 5}, {2, 7}, {1, 6}, {3, 4}], [{8, 5}, {2, 7}, {3, 6}, {1, 4}], [{8, 5}, {2, 7}, {4, 6}, {1, 3}], [{8, 5}, {2, 7}, {6}, {4}, {1, 3}], [{8, 5}, {3, 7}, {1, 6}, {2, 4}], [{8, 5}, {3, 7}, {2, 6}, {1, 4}], [{8, 5}, {3, 7}, {4, 6}, {1, 2}], [{8, 5}, {3, 7}, {6}, {4}, {1, 2}], [{8, 5}, {4, 7}, {1, 6}, {2, 3}], [{8, 5}, {4, 7}, {2, 6}, {1, 3}], [{8, 5}, {4, 7}, {3, 6}, {1, 2}], [{8, 5}, {4, 7}, {6}, {1, 3}, {2}], [{8, 5}, {6, 7}, {1, 4}, {2, 3}], [{8, 5}, {6, 7}, {2, 4}, {1, 3}], [{8, 5}, {6, 7}, {3, 4}, {1, 2}], [{8, 5}, {7}, {2, 6}, {3, 4}, {1}], [{8, 5}, {7}, {6}, {2, 4}, {1, 3}], [{8, 6}, {1, 7}, {2, 5}, {3, 4}], [{8, 6}, {1, 7}, {2, 5}, {4}, {3}], [{8, 6}, {1, 7}, {3, 5}, {2, 4}], [{8, 6}, {1, 7}, {4, 5}, {2, 3}], [{8, 6}, {2, 7}, {1, 5}, {3, 4}], [{8, 6}, {2, 7}, {1, 5}, {4}, {3}], [{8, 6}, {2, 7}, {3, 5}, {1, 4}], [{8, 6}, {2, 7}, {4, 5}, {1, 3}], [{8, 6}, {2, 7}, {4, 5}, {3}, {1}], [{8, 6}, {2, 7}, {5}, {1, 4}, {3}], [{8, 6}, {3, 7}, {1, 5}, {2, 4}], [{8, 6}, {3, 7}, {2, 5}, {1, 4}], [{8, 6}, {3, 7}, {4, 5}, {1, 2}], [{8, 6}, {3, 7}, {5}, {1, 4}, {2}], [{8, 6}, {4, 7}, {1, 5}, {2, 3}], [{8, 6}, {4, 7}, {2, 5}, {1, 3}], [{8, 6}, {4, 7}, {2, 5}, {3}, {1}], [{8, 6}, {4, 7}, {3, 5}, {1, 2}], [{8, 6}, {5, 7}, {1, 4}, {2, 3}], [{8, 6}, {5, 7}, {1, 4}, {3}, {2}], [{8, 6}, {5, 7}, {2, 4}, {1, 3}], [{8, 6}, {5, 7}, {3, 4}, {1, 2}], [{8, 6}, {7}, {2, 5}, {1, 4}, {3}], [{8, 6}, {7}, {3, 5}, {1, 4}, {2}], [{8, 6}, {7}, {5}, {1, 4}, {2, 3}], [{8, 6}, {7}, {5}, {1, 4}, {3}, {2}], [{8, 6}, {7}, {5}, {2, 4}, {1, 3}], [{8, 6}, {7}, {5}, {3, 4}, {1, 2}], [{8, 7}, {1, 6}, {2, 5}, {3, 4}], [{8, 7}, {1, 6}, {3, 5}, {2, 4}], [{8, 7}, {1, 6}, {4, 5}, {2, 3}], [{8, 7}, {1, 6}, {5}, {2, 4}, {3}], [{8, 7}, {2, 6}, {1, 5}, {3, 4}], [{8, 7}, {2, 6}, {1, 5}, {4}, {3}], [{8, 7}, {2, 6}, {3, 5}, {1, 4}], [{8, 7}, {2, 6}, {4, 5}, {1, 3}], [{8, 7}, {3, 6}, {1, 5}, {2, 4}], [{8, 7}, {3, 6}, {2, 5}, {1, 4}], [{8, 7}, {3, 6}, {2, 5}, {4}, {1}], [{8, 7}, {3, 6}, {4, 5}, {1, 2}], [{8, 7}, {4, 6}, {1, 5}, {2, 3}], [{8, 7}, {4, 6}, {1, 5}, {3}, {2}], [{8, 7}, {4, 6}, {2, 5}, {1, 3}], [{8, 7}, {4, 6}, {3, 5}, {1, 2}], [{8, 7}, {5, 6}, {1, 4}, {2, 3}], [{8, 7}, {5, 6}, {2, 4}, {1, 3}], [{8, 7}, {5, 6}, {2, 4}, {3}, {1}], [{8, 7}, {5, 6}, {3, 4}, {1, 2}], [{8, 7}, {5, 6}, {4}, {1, 3}, {2}], [{8, 7}, {6}, {1, 5}, {2, 4}, {3}], [{8}, {1, 7}, {2, 6}, {4, 5}, {3}], [{8}, {1, 7}, {3, 6}, {2, 5}, {4}], [{8}, {1, 7}, {4, 6}, {3, 5}, {2}], [{8}, {1, 7}, {5, 6}, {3, 4}, {2}], [{8}, {2, 7}, {1, 6}, {5}, {3, 4}], [{8}, {2, 7}, {4, 6}, {1, 5}, {3}], [{8}, {2, 7}, {6}, {3, 5}, {1, 4}], [{8}, {2, 7}, {6}, {4, 5}, {1, 3}], [{8}, {3, 7}, {1, 6}, {2, 5}, {4}], [{8}, {3, 7}, {4, 6}, {2, 5}, {1}], [{8}, {3, 7}, {6}, {2, 5}, {1, 4}], [{8}, {4, 7}, {1, 6}, {2, 5}, {3}], [{8}, {4, 7}, {2, 6}, {3, 5}, {1}], [{8}, {4, 7}, {6}, {1, 5}, {2, 3}], [{8}, {5, 7}, {1, 6}, {3, 4}, {2}], [{8}, {5, 7}, {6}, {1, 4}, {2, 3}], [{8}, {6, 7}, {2, 5}, {4}, {1, 3}], [{8}, {7}, {1, 6}, {2, 5}, {3, 4}], [{8}, {7}, {2, 6}, {1, 5}, {3, 4}], [{8}, {7}, {5, 6}, {2, 4}, {1, 3}]]",2,4 K_1^3 - 2 K_1^2 - 2 K_1 K_2 - 2 K_1 + K_2 + 2,O1O2O3U4O5U2U1O4U6U5O6U7U3O8O7U8,O1O2U3O4O3U5O6O7U4O5U1U7U6O8U2U8,O1O2U3O4O5U4O6O7U8U6O8U2U1U7O3U5,c,{'O1O2O3U4O5O4U1U5O6U7U6O8U3U2O7U8'},1,"<a href=""/flatknot/8.975579"">8.975579</a>",t^9-65t^7-98t^6+174t^5+186t^4-65t^3-66t^2-t+10,t^3+t^2-5t,,
8.975580,O1O2O3U4O5O4U1U5O6U7U6O8U3U8O7U2,4,16z^2+101z+139,16w^3z^2+101w^2z+139w,False,False,"[[ 0 -3  1  1  1  0  1 -2  1],[ 3  0  3  2  3  0  0  2  1],[-1 -3  0  0  0 -1  1 -3  1],[-1 -2  0  0  0 -1  0 -3  1],[-1 -3  0  0  0  0  1 -3  1],[ 0  0  1  1  0  0  0  0  0],[-1  0 -1  0 -1  0  0 -1  0],[ 2 -2  3  3  3  0  1  0  1],[-1 -1 -1 -1 -1  0  0 -1  0]]","[[ 0  1  1  1  1  1  0 -2 -3],[-1  0  1  1  0  0  0 -3 -3],[-1 -1  0  0  0 -1  0 -1  0],[-1 -1  0  0 -1 -1  0 -1 -1],[-1  0  0  1  0  0 -1 -3 -2],[-1  0  1  1  0  0 -1 -3 -3],[ 0  0  0  0  1  1  0  0  0],[ 2  3  1  1  3  3  0  0 -2],[ 3  3  0  1  2  3  0  2  0]]",True,"[-1,-1,-1,-1,-1,0,2,3,-1,-1,0,0,0,3,3,0,0,1,0,1,0,1,1,0,1,1,0,1,3,2,1,3,3,0,0,2]","[-3,-2,0,1,1,1,1,1,-1,3,1,1,2,3,4,2,0,0,0,2,2,0,1,0,1,1,0,0,-1,-1,0,-1,-1,-1,0,0]",t^8+63t^6+131t^4+50t^2+4,"[-3,-2,0,1,1,1,1,1,-1,3,1,1,2,3,4,2,0,0,0,2,2,0,1,0,1,1,0,0,-1,-1,0,-1,-1,-1,0,0]","[-1,-1,-1,-1,-1,0,2,3,-1,-1,-1,0,1,2,3,0,0,0,0,0,2,0,1,0,0,1,1,1,0,1,1,2,4,2,3,-1]","[-3,-2,0,1,1,1,1,1,2,0,0,1,2,3,3,0,1,1,3,3,3,0,0,1,0,1,0,0,-1,-1,-1,-1,-1,0,0,0]",c,"[[{8, 1}, {2, 7}, {3, 6}, {4, 5}], [{8, 1}, {2, 7}, {3, 6}, {5}, {4}], [{8, 1}, {2, 7}, {4, 6}, {3, 5}], [{8, 1}, {2, 7}, {5, 6}, {3, 4}], [{8, 1}, {3, 7}, {2, 6}, {4, 5}], [{8, 1}, {3, 7}, {4, 6}, {2, 5}], [{8, 1}, {3, 7}, {5, 6}, {2, 4}], [{8, 1}, {3, 7}, {6}, {2, 5}, {4}], [{8, 1}, {3, 7}, {6}, {4, 5}, {2}], [{8, 1}, {3, 7}, {6}, {5}, {2, 4}], [{8, 1}, {4, 7}, {2, 6}, {3, 5}], [{8, 1}, {4, 7}, {2, 6}, {5}, {3}], [{8, 1}, {4, 7}, {3, 6}, {2, 5}], [{8, 1}, {4, 7}, {5, 6}, {2, 3}], [{8, 1}, {4, 7}, {5, 6}, {3}, {2}], [{8, 1}, {4, 7}, {6}, {2, 5}, {3}], [{8, 1}, {5, 7}, {2, 6}, {3, 4}], [{8, 1}, {5, 7}, {3, 6}, {2, 4}], [{8, 1}, {5, 7}, {4, 6}, {2, 3}], [{8, 1}, {6, 7}, {2, 5}, {3, 4}], [{8, 1}, {6, 7}, {3, 5}, {2, 4}], [{8, 1}, {6, 7}, {4, 5}, {2, 3}], [{8, 1}, {7}, {2, 6}, {3, 5}, {4}], [{8, 1}, {7}, {6}, {2, 5}, {3, 4}], [{8, 2}, {1, 7}, {3, 6}, {4, 5}], [{8, 2}, {1, 7}, {4, 6}, {3, 5}], [{8, 2}, {1, 7}, {5, 6}, {3, 4}], [{8, 2}, {3, 7}, {1, 6}, {4, 5}], [{8, 2}, {3, 7}, {4, 6}, {1, 5}], [{8, 2}, {3, 7}, {5, 6}, {1, 4}], [{8, 2}, {4, 7}, {1, 6}, {3, 5}], [{8, 2}, {4, 7}, {1, 6}, {5}, {3}], [{8, 2}, {4, 7}, {3, 6}, {1, 5}], [{8, 2}, {4, 7}, {5, 6}, {1, 3}], [{8, 2}, {4, 7}, {5, 6}, {3}, {1}], [{8, 2}, {4, 7}, {6}, {1, 5}, {3}], [{8, 2}, {5, 7}, {1, 6}, {3, 4}], [{8, 2}, {5, 7}, {3, 6}, {1, 4}], [{8, 2}, {5, 7}, {4, 6}, {1, 3}], [{8, 2}, {5, 7}, {6}, {1, 4}, {3}], [{8, 2}, {6, 7}, {1, 5}, {3, 4}], [{8, 2}, {6, 7}, {3, 5}, {1, 4}], [{8, 2}, {6, 7}, {3, 5}, {4}, {1}], [{8, 2}, {6, 7}, {4, 5}, {1, 3}], [{8, 2}, {7}, {3, 6}, {1, 5}, {4}], [{8, 3}, {1, 7}, {2, 6}, {4, 5}], [{8, 3}, {1, 7}, {2, 6}, {5}, {4}], [{8, 3}, {1, 7}, {4, 6}, {2, 5}], [{8, 3}, {1, 7}, {5, 6}, {2, 4}], [{8, 3}, {1, 7}, {5, 6}, {4}, {2}], [{8, 3}, {1, 7}, {6}, {2, 5}, {4}], [{8, 3}, {2, 7}, {1, 6}, {4, 5}], [{8, 3}, {2, 7}, {4, 6}, {1, 5}], [{8, 3}, {2, 7}, {5, 6}, {1, 4}], [{8, 3}, {2, 7}, {6}, {1, 5}, {4}], [{8, 3}, {4, 7}, {1, 6}, {2, 5}], [{8, 3}, {4, 7}, {1, 6}, {5}, {2}], [{8, 3}, {4, 7}, {2, 6}, {1, 5}], [{8, 3}, {4, 7}, {2, 6}, {5}, {1}], [{8, 3}, {4, 7}, {5, 6}, {1, 2}], [{8, 3}, {4, 7}, {5, 6}, {2}, {1}], [{8, 3}, {4, 7}, {6}, {1, 5}, {2}], [{8, 3}, {4, 7}, {6}, {2, 5}, {1}], [{8, 3}, {4, 7}, {6}, {5}, {1, 2}], [{8, 3}, {5, 7}, {1, 6}, {2, 4}], [{8, 3}, {5, 7}, {2, 6}, {1, 4}], [{8, 3}, {5, 7}, {4, 6}, {1, 2}], [{8, 3}, {6, 7}, {1, 5}, {2, 4}], [{8, 3}, {6, 7}, {2, 5}, {1, 4}], [{8, 3}, {6, 7}, {4, 5}, {1, 2}], [{8, 3}, {6, 7}, {5}, {4}, {1, 2}], [{8, 3}, {7}, {2, 6}, {5}, {1, 4}], [{8, 3}, {7}, {4, 6}, {5}, {1, 2}], [{8, 3}, {7}, {5, 6}, {1, 4}, {2}], [{8, 3}, {7}, {6}, {1, 5}, {2, 4}], [{8, 3}, {7}, {6}, {2, 5}, {1, 4}], [{8, 4}, {1, 7}, {2, 6}, {3, 5}], [{8, 4}, {1, 7}, {3, 6}, {2, 5}], [{8, 4}, {1, 7}, {5, 6}, {2, 3}], [{8, 4}, {1, 7}, {6}, {2, 5}, {3}], [{8, 4}, {2, 7}, {1, 6}, {3, 5}], [{8, 4}, {2, 7}, {1, 6}, {5}, {3}], [{8, 4}, {2, 7}, {3, 6}, {1, 5}], [{8, 4}, {2, 7}, {5, 6}, {1, 3}], [{8, 4}, {3, 7}, {1, 6}, {2, 5}], [{8, 4}, {3, 7}, {1, 6}, {5}, {2}], [{8, 4}, {3, 7}, {2, 6}, {1, 5}], [{8, 4}, {3, 7}, {5, 6}, {1, 2}], [{8, 4}, {3, 7}, {6}, {2, 5}, {1}], [{8, 4}, {5, 7}, {1, 6}, {2, 3}], [{8, 4}, {5, 7}, {1, 6}, {3}, {2}], [{8, 4}, {5, 7}, {2, 6}, {1, 3}], [{8, 4}, {5, 7}, {3, 6}, {1, 2}], [{8, 4}, {6, 7}, {1, 5}, {2, 3}], [{8, 4}, {6, 7}, {2, 5}, {1, 3}], [{8, 4}, {6, 7}, {2, 5}, {3}, {1}], [{8, 4}, {6, 7}, {3, 5}, {1, 2}], [{8, 4}, {7}, {1, 6}, {2, 5}, {3}], [{8, 4}, {7}, {1, 6}, {3, 5}, {2}], [{8, 4}, {7}, {1, 6}, {5}, {2, 3}], [{8, 4}, {7}, {1, 6}, {5}, {3}, {2}], [{8, 4}, {7}, {2, 6}, {1, 5}, {3}], [{8, 4}, {7}, {2, 6}, {3, 5}, {1}], [{8, 4}, {7}, {2, 6}, {5}, {1, 3}], [{8, 4}, {7}, {3, 6}, {1, 5}, {2}], [{8, 4}, {7}, {3, 6}, {2, 5}, {1}], [{8, 4}, {7}, {3, 6}, {5}, {1, 2}], [{8, 4}, {7}, {5, 6}, {1, 3}, {2}], [{8, 4}, {7}, {5, 6}, {2, 3}, {1}], [{8, 4}, {7}, {5, 6}, {3}, {1, 2}], [{8, 4}, {7}, {6}, {1, 5}, {2, 3}], [{8, 4}, {7}, {6}, {2, 5}, {1, 3}], [{8, 4}, {7}, {6}, {2, 5}, {3}, {1}], [{8, 4}, {7}, {6}, {3, 5}, {1, 2}], [{8, 5}, {1, 7}, {2, 6}, {3, 4}], [{8, 5}, {1, 7}, {2, 6}, {4}, {3}], [{8, 5}, {1, 7}, {3, 6}, {2, 4}], [{8, 5}, {1, 7}, {4, 6}, {2, 3}], [{8, 5}, {2, 7}, {1, 6}, {3, 4}], [{8, 5}, {2, 7}, {3, 6}, {1, 4}], [{8, 5}, {2, 7}, {3, 6}, {4}, {1}], [{8, 5}, {2, 7}, {4, 6}, {1, 3}], [{8, 5}, {3, 7}, {1, 6}, {2, 4}], [{8, 5}, {3, 7}, {2, 6}, {1, 4}], [{8, 5}, {3, 7}, {4, 6}, {1, 2}], [{8, 5}, {3, 7}, {6}, {4}, {1, 2}], [{8, 5}, {4, 7}, {1, 6}, {2, 3}], [{8, 5}, {4, 7}, {1, 6}, {3}, {2}], [{8, 5}, {4, 7}, {2, 6}, {1, 3}], [{8, 5}, {4, 7}, {2, 6}, {3}, {1}], [{8, 5}, {4, 7}, {3, 6}, {1, 2}], [{8, 5}, {4, 7}, {6}, {3}, {1, 2}], [{8, 5}, {6, 7}, {1, 4}, {2, 3}], [{8, 5}, {6, 7}, {2, 4}, {1, 3}], [{8, 5}, {6, 7}, {3, 4}, {1, 2}], [{8, 5}, {7}, {2, 6}, {1, 4}, {3}], [{8, 5}, {7}, {6}, {3, 4}, {1, 2}], [{8, 6}, {1, 7}, {2, 5}, {3, 4}], [{8, 6}, {1, 7}, {3, 5}, {2, 4}], [{8, 6}, {1, 7}, {4, 5}, {2, 3}], [{8, 6}, {2, 7}, {1, 5}, {3, 4}], [{8, 6}, {2, 7}, {1, 5}, {4}, {3}], [{8, 6}, {2, 7}, {3, 5}, {1, 4}], [{8, 6}, {2, 7}, {3, 5}, {4}, {1}], [{8, 6}, {2, 7}, {4, 5}, {1, 3}], [{8, 6}, {2, 7}, {4, 5}, {3}, {1}], [{8, 6}, {2, 7}, {5}, {1, 4}, {3}], [{8, 6}, {2, 7}, {5}, {3, 4}, {1}], [{8, 6}, {2, 7}, {5}, {4}, {1, 3}], [{8, 6}, {3, 7}, {1, 5}, {2, 4}], [{8, 6}, {3, 7}, {2, 5}, {1, 4}], [{8, 6}, {3, 7}, {4, 5}, {1, 2}], [{8, 6}, {3, 7}, {5}, {1, 4}, {2}], [{8, 6}, {4, 7}, {1, 5}, {2, 3}], [{8, 6}, {4, 7}, {1, 5}, {3}, {2}], [{8, 6}, {4, 7}, {2, 5}, {1, 3}], [{8, 6}, {4, 7}, {2, 5}, {3}, {1}], [{8, 6}, {4, 7}, {3, 5}, {1, 2}], [{8, 6}, {4, 7}, {5}, {3}, {1, 2}], [{8, 6}, {5, 7}, {1, 4}, {2, 3}], [{8, 6}, {5, 7}, {2, 4}, {1, 3}], [{8, 6}, {5, 7}, {3, 4}, {1, 2}], [{8, 6}, {5, 7}, {4}, {1, 3}, {2}], [{8, 6}, {7}, {1, 5}, {2, 4}, {3}], [{8, 6}, {7}, {2, 5}, {4}, {1, 3}], [{8, 6}, {7}, {5}, {1, 4}, {2, 3}], [{8, 7}, {1, 6}, {2, 5}, {3, 4}], [{8, 7}, {1, 6}, {2, 5}, {4}, {3}], [{8, 7}, {1, 6}, {3, 5}, {2, 4}], [{8, 7}, {1, 6}, {3, 5}, {4}, {2}], [{8, 7}, {1, 6}, {4, 5}, {2, 3}], [{8, 7}, {1, 6}, {4, 5}, {3}, {2}], [{8, 7}, {1, 6}, {5}, {2, 4}, {3}], [{8, 7}, {1, 6}, {5}, {3, 4}, {2}], [{8, 7}, {1, 6}, {5}, {4}, {2, 3}], [{8, 7}, {1, 6}, {5}, {4}, {3}, {2}], [{8, 7}, {2, 6}, {1, 5}, {3, 4}], [{8, 7}, {2, 6}, {1, 5}, {4}, {3}], [{8, 7}, {2, 6}, {3, 5}, {1, 4}], [{8, 7}, {2, 6}, {3, 5}, {4}, {1}], [{8, 7}, {2, 6}, {4, 5}, {1, 3}], [{8, 7}, {2, 6}, {5}, {4}, {1, 3}], [{8, 7}, {3, 6}, {1, 5}, {2, 4}], [{8, 7}, {3, 6}, {1, 5}, {4}, {2}], [{8, 7}, {3, 6}, {2, 5}, {1, 4}], [{8, 7}, {3, 6}, {2, 5}, {4}, {1}], [{8, 7}, {3, 6}, {4, 5}, {1, 2}], [{8, 7}, {3, 6}, {5}, {4}, {1, 2}], [{8, 7}, {4, 6}, {1, 5}, {2, 3}], [{8, 7}, {4, 6}, {2, 5}, {1, 3}], [{8, 7}, {4, 6}, {2, 5}, {3}, {1}], [{8, 7}, {4, 6}, {3, 5}, {1, 2}], [{8, 7}, {4, 6}, {3, 5}, {2}, {1}], [{8, 7}, {4, 6}, {5}, {2, 3}, {1}], [{8, 7}, {5, 6}, {1, 4}, {2, 3}], [{8, 7}, {5, 6}, {2, 4}, {1, 3}], [{8, 7}, {5, 6}, {3, 4}, {1, 2}], [{8, 7}, {5, 6}, {4}, {1, 3}, {2}], [{8, 7}, {5, 6}, {4}, {2, 3}, {1}], [{8, 7}, {5, 6}, {4}, {3}, {1, 2}], [{8, 7}, {6}, {1, 5}, {4}, {2, 3}], [{8, 7}, {6}, {2, 5}, {1, 4}, {3}], [{8, 7}, {6}, {2, 5}, {3, 4}, {1}], [{8, 7}, {6}, {2, 5}, {4}, {1, 3}], [{8, 7}, {6}, {2, 5}, {4}, {3}, {1}], [{8, 7}, {6}, {3, 5}, {1, 4}, {2}], [{8, 7}, {6}, {3, 5}, {2, 4}, {1}], [{8, 7}, {6}, {3, 5}, {4}, {1, 2}], [{8, 7}, {6}, {3, 5}, {4}, {2}, {1}], [{8, 7}, {6}, {4, 5}, {2, 3}, {1}], [{8, 7}, {6}, {5}, {1, 4}, {2, 3}], [{8, 7}, {6}, {5}, {4}, {2, 3}, {1}], [{8}, {1, 7}, {2, 6}, {3, 5}, {4}], [{8}, {1, 7}, {6}, {2, 5}, {3, 4}], [{8}, {2, 7}, {3, 6}, {1, 5}, {4}], [{8}, {3, 7}, {2, 6}, {4, 5}, {1}], [{8}, {3, 7}, {4, 6}, {1, 5}, {2}], [{8}, {3, 7}, {6}, {2, 5}, {1, 4}], [{8}, {4, 7}, {1, 6}, {2, 5}, {3}], [{8}, {4, 7}, {1, 6}, {3, 5}, {2}], [{8}, {4, 7}, {1, 6}, {5}, {2, 3}], [{8}, {4, 7}, {1, 6}, {5}, {3}, {2}], [{8}, {4, 7}, {2, 6}, {1, 5}, {3}], [{8}, {4, 7}, {2, 6}, {3, 5}, {1}], [{8}, {4, 7}, {2, 6}, {5}, {1, 3}], [{8}, {4, 7}, {2, 6}, {5}, {3}, {1}], [{8}, {4, 7}, {3, 6}, {1, 5}, {2}], [{8}, {4, 7}, {3, 6}, {2, 5}, {1}], [{8}, {4, 7}, {3, 6}, {5}, {1, 2}], [{8}, {4, 7}, {5, 6}, {1, 3}, {2}], [{8}, {4, 7}, {5, 6}, {2, 3}, {1}], [{8}, {4, 7}, {5, 6}, {3}, {1, 2}], [{8}, {4, 7}, {5, 6}, {3}, {2}, {1}], [{8}, {4, 7}, {6}, {1, 5}, {2, 3}], [{8}, {4, 7}, {6}, {1, 5}, {3}, {2}], [{8}, {4, 7}, {6}, {2, 5}, {1, 3}], [{8}, {4, 7}, {6}, {2, 5}, {3}, {1}], [{8}, {4, 7}, {6}, {3, 5}, {1, 2}], [{8}, {4, 7}, {6}, {5}, {3}, {1, 2}], [{8}, {5, 7}, {2, 6}, {3, 4}, {1}], [{8}, {6, 7}, {1, 5}, {3, 4}, {2}], [{8}, {6, 7}, {2, 5}, {4}, {1, 3}], [{8}, {6, 7}, {5}, {1, 4}, {2, 3}], [{8}, {7}, {2, 6}, {3, 5}, {1, 4}], [{8}, {7}, {2, 6}, {3, 5}, {4}, {1}], [{8}, {7}, {3, 6}, {1, 5}, {2, 4}], [{8}, {7}, {3, 6}, {1, 5}, {4}, {2}], [{8}, {7}, {4, 6}, {2, 5}, {1, 3}], [{8}, {7}, {6}, {2, 5}, {4}, {1, 3}]]",2,- 18 K_1^2 - 2 K_1 K_2 + K_1 + 9 K_2 + K_3 + 10,O1O2O3U2O4U5U1O5U6U4O6U7U3O8O7U8,O1O2U3O4O3U5O6O5U4O7U1U7U6O8U2U8,O1O2U1O3O4U3O5O6U7U5O7U2U8U6O8U4,c,{'O1O2O3U4O5O4U1U5O6U7U6O8U3U8O7U2'},1,"<a href=""/flatknot/8.975580"">8.975580</a>",t^9-71t^7-160t^6+116t^5+254t^4-41t^3-96t^2-t+6,t^3+t^2-5t,,
8.975581,O1O2O3U4O5O4U1U6O7U2U3O6U8U5O8U7,4,6z^3+43z^2+102z+81,6w^4z^3-4w^4z^2+47w^3z^2-4w^3z+106w^2z+81w,False,False,"[[ 0 -3 -1  1  1  2 -1  2 -1],[ 3  0  1  2  3  2  1  3  2],[ 1 -1  0  1  1  0  0  2  0],[-1 -2 -1  0 -1 -1 -1  1 -2],[-1 -3 -1  1  0  2 -2  1 -1],[-2 -2  0  1 -2  0 -2 -1 -2],[ 1 -1  0  1  2  2  0  2  0],[-2 -3 -2 -1 -1  1 -2  0 -2],[ 1 -2  0  2  1  2  0  2  0]]","[[ 0  2  2  1  1 -1 -1 -1 -3],[-2  0  1 -1 -1 -2 -2 -2 -3],[-2 -1  0  1 -2  0 -2 -2 -2],[-1  1 -1  0 -1 -1 -1 -2 -2],[-1  1  2  1  0 -1 -2 -1 -3],[ 1  2  0  1  1  0  0  0 -1],[ 1  2  2  1  2  0  0  0 -1],[ 1  2  2  2  1  0  0  0 -2],[ 3  3  2  2  3  1  1  2  0]]",True,"[-2,-2,-1,-1,1,1,1,3,-1,1,1,2,2,2,3,-1,2,0,2,2,2,1,1,1,2,2,1,2,1,3,0,0,1,0,1,2]","[-3,-1,-1,-1,1,1,2,2,0,1,1,1,2,2,3,0,0,1,0,1,1,0,0,1,1,1,1,1,1,3,-1,0,-1,0,2,-1]",t^8+73t^6+423t^4+207t^2+4,"[-3,-1,-1,-1,1,1,2,2,0,1,1,1,2,2,3,0,0,1,0,1,1,0,0,1,1,1,1,1,1,3,-1,0,-1,0,2,-1]","[-2,-2,-1,-1,1,1,1,3,-1,-1,2,1,1,3,3,0,0,1,1,1,2,1,0,1,1,1,1,0,1,2,0,0,1,0,0,1]","[-3,-1,-1,-1,1,1,2,2,1,1,2,2,3,2,3,0,0,1,1,0,2,0,1,2,2,2,2,1,2,2,-1,-1,1,2,1,-1]",c,"[[{8, 1}, {2, 7}, {3, 6}, {4, 5}], [{8, 1}, {2, 7}, {4, 6}, {3, 5}], [{8, 1}, {2, 7}, {5, 6}, {3, 4}], [{8, 1}, {3, 7}, {2, 6}, {4, 5}], [{8, 1}, {3, 7}, {4, 6}, {2, 5}], [{8, 1}, {3, 7}, {5, 6}, {2, 4}], [{8, 1}, {3, 7}, {6}, {4, 5}, {2}], [{8, 1}, {4, 7}, {2, 6}, {3, 5}], [{8, 1}, {4, 7}, {3, 6}, {2, 5}], [{8, 1}, {4, 7}, {5, 6}, {2, 3}], [{8, 1}, {5, 7}, {2, 6}, {3, 4}], [{8, 1}, {5, 7}, {3, 6}, {2, 4}], [{8, 1}, {5, 7}, {4, 6}, {2, 3}], [{8, 1}, {5, 7}, {4, 6}, {3}, {2}], [{8, 1}, {6, 7}, {2, 5}, {3, 4}], [{8, 1}, {6, 7}, {3, 5}, {2, 4}], [{8, 1}, {6, 7}, {4, 5}, {2, 3}], [{8, 1}, {6, 7}, {5}, {2, 4}, {3}], [{8, 1}, {7}, {2, 6}, {5}, {3, 4}], [{8, 2}, {1, 7}, {3, 6}, {4, 5}], [{8, 2}, {1, 7}, {4, 6}, {3, 5}], [{8, 2}, {1, 7}, {5, 6}, {3, 4}], [{8, 2}, {3, 7}, {1, 6}, {4, 5}], [{8, 2}, {3, 7}, {4, 6}, {1, 5}], [{8, 2}, {3, 7}, {5, 6}, {1, 4}], [{8, 2}, {4, 7}, {1, 6}, {3, 5}], [{8, 2}, {4, 7}, {3, 6}, {1, 5}], [{8, 2}, {4, 7}, {5, 6}, {1, 3}], [{8, 2}, {5, 7}, {1, 6}, {3, 4}], [{8, 2}, {5, 7}, {1, 6}, {4}, {3}], [{8, 2}, {5, 7}, {3, 6}, {1, 4}], [{8, 2}, {5, 7}, {4, 6}, {1, 3}], [{8, 2}, {6, 7}, {1, 5}, {3, 4}], [{8, 2}, {6, 7}, {3, 5}, {1, 4}], [{8, 2}, {6, 7}, {4, 5}, {1, 3}], [{8, 2}, {6, 7}, {5}, {1, 4}, {3}], [{8, 2}, {6, 7}, {5}, {3, 4}, {1}], [{8, 2}, {6, 7}, {5}, {4}, {1, 3}], [{8, 2}, {7}, {3, 6}, {1, 5}, {4}], [{8, 2}, {7}, {4, 6}, {3, 5}, {1}], [{8, 2}, {7}, {6}, {4, 5}, {1, 3}], [{8, 3}, {1, 7}, {2, 6}, {4, 5}], [{8, 3}, {1, 7}, {4, 6}, {2, 5}], [{8, 3}, {1, 7}, {5, 6}, {2, 4}], [{8, 3}, {1, 7}, {6}, {2, 5}, {4}], [{8, 3}, {1, 7}, {6}, {4, 5}, {2}], [{8, 3}, {1, 7}, {6}, {5}, {2, 4}], [{8, 3}, {2, 7}, {1, 6}, {4, 5}], [{8, 3}, {2, 7}, {4, 6}, {1, 5}], [{8, 3}, {2, 7}, {5, 6}, {1, 4}], [{8, 3}, {4, 7}, {1, 6}, {2, 5}], [{8, 3}, {4, 7}, {2, 6}, {1, 5}], [{8, 3}, {4, 7}, {5, 6}, {1, 2}], [{8, 3}, {5, 7}, {1, 6}, {2, 4}], [{8, 3}, {5, 7}, {2, 6}, {1, 4}], [{8, 3}, {5, 7}, {2, 6}, {4}, {1}], [{8, 3}, {5, 7}, {4, 6}, {1, 2}], [{8, 3}, {5, 7}, {4, 6}, {2}, {1}], [{8, 3}, {5, 7}, {6}, {2, 4}, {1}], [{8, 3}, {6, 7}, {1, 5}, {2, 4}], [{8, 3}, {6, 7}, {2, 5}, {1, 4}], [{8, 3}, {6, 7}, {4, 5}, {1, 2}], [{8, 3}, {6, 7}, {5}, {2, 4}, {1}], [{8, 3}, {7}, {1, 6}, {5}, {2, 4}], [{8, 3}, {7}, {5, 6}, {2, 4}, {1}], [{8, 3}, {7}, {6}, {1, 5}, {2, 4}], [{8, 4}, {1, 7}, {2, 6}, {3, 5}], [{8, 4}, {1, 7}, {2, 6}, {5}, {3}], [{8, 4}, {1, 7}, {3, 6}, {2, 5}], [{8, 4}, {1, 7}, {5, 6}, {2, 3}], [{8, 4}, {1, 7}, {5, 6}, {3}, {2}], [{8, 4}, {1, 7}, {6}, {2, 5}, {3}], [{8, 4}, {2, 7}, {1, 6}, {3, 5}], [{8, 4}, {2, 7}, {3, 6}, {1, 5}], [{8, 4}, {2, 7}, {3, 6}, {5}, {1}], [{8, 4}, {2, 7}, {5, 6}, {1, 3}], [{8, 4}, {3, 7}, {1, 6}, {2, 5}], [{8, 4}, {3, 7}, {2, 6}, {1, 5}], [{8, 4}, {3, 7}, {5, 6}, {1, 2}], [{8, 4}, {3, 7}, {6}, {5}, {1, 2}], [{8, 4}, {5, 7}, {1, 6}, {2, 3}], [{8, 4}, {5, 7}, {2, 6}, {1, 3}], [{8, 4}, {5, 7}, {3, 6}, {1, 2}], [{8, 4}, {6, 7}, {1, 5}, {2, 3}], [{8, 4}, {6, 7}, {1, 5}, {3}, {2}], [{8, 4}, {6, 7}, {2, 5}, {1, 3}], [{8, 4}, {6, 7}, {3, 5}, {1, 2}], [{8, 4}, {6, 7}, {3, 5}, {2}, {1}], [{8, 4}, {6, 7}, {5}, {1, 3}, {2}], [{8, 4}, {7}, {1, 6}, {5}, {2, 3}], [{8, 5}, {1, 7}, {2, 6}, {3, 4}], [{8, 5}, {1, 7}, {3, 6}, {2, 4}], [{8, 5}, {1, 7}, {3, 6}, {4}, {2}], [{8, 5}, {1, 7}, {4, 6}, {2, 3}], [{8, 5}, {2, 7}, {1, 6}, {3, 4}], [{8, 5}, {2, 7}, {3, 6}, {1, 4}], [{8, 5}, {2, 7}, {4, 6}, {1, 3}], [{8, 5}, {2, 7}, {6}, {3, 4}, {1}], [{8, 5}, {3, 7}, {1, 6}, {2, 4}], [{8, 5}, {3, 7}, {1, 6}, {4}, {2}], [{8, 5}, {3, 7}, {2, 6}, {1, 4}], [{8, 5}, {3, 7}, {4, 6}, {1, 2}], [{8, 5}, {4, 7}, {1, 6}, {2, 3}], [{8, 5}, {4, 7}, {2, 6}, {1, 3}], [{8, 5}, {4, 7}, {3, 6}, {1, 2}], [{8, 5}, {6, 7}, {1, 4}, {2, 3}], [{8, 5}, {6, 7}, {1, 4}, {3}, {2}], [{8, 5}, {6, 7}, {2, 4}, {1, 3}], [{8, 5}, {6, 7}, {3, 4}, {1, 2}], [{8, 5}, {6, 7}, {3, 4}, {2}, {1}], [{8, 5}, {6, 7}, {4}, {1, 3}, {2}], [{8, 5}, {7}, {1, 6}, {2, 4}, {3}], [{8, 5}, {7}, {2, 6}, {3, 4}, {1}], [{8, 6}, {1, 7}, {2, 5}, {3, 4}], [{8, 6}, {1, 7}, {3, 5}, {2, 4}], [{8, 6}, {1, 7}, {4, 5}, {2, 3}], [{8, 6}, {1, 7}, {5}, {2, 4}, {3}], [{8, 6}, {2, 7}, {1, 5}, {3, 4}], [{8, 6}, {2, 7}, {3, 5}, {1, 4}], [{8, 6}, {2, 7}, {3, 5}, {4}, {1}], [{8, 6}, {2, 7}, {4, 5}, {1, 3}], [{8, 6}, {2, 7}, {5}, {1, 4}, {3}], [{8, 6}, {3, 7}, {1, 5}, {2, 4}], [{8, 6}, {3, 7}, {2, 5}, {1, 4}], [{8, 6}, {3, 7}, {2, 5}, {4}, {1}], [{8, 6}, {3, 7}, {4, 5}, {1, 2}], [{8, 6}, {3, 7}, {5}, {1, 4}, {2}], [{8, 6}, {4, 7}, {1, 5}, {2, 3}], [{8, 6}, {4, 7}, {1, 5}, {3}, {2}], [{8, 6}, {4, 7}, {2, 5}, {1, 3}], [{8, 6}, {4, 7}, {3, 5}, {1, 2}], [{8, 6}, {5, 7}, {1, 4}, {2, 3}], [{8, 6}, {5, 7}, {1, 4}, {3}, {2}], [{8, 6}, {5, 7}, {2, 4}, {1, 3}], [{8, 6}, {5, 7}, {3, 4}, {1, 2}], [{8, 6}, {5, 7}, {4}, {2, 3}, {1}], [{8, 6}, {7}, {2, 5}, {1, 4}, {3}], [{8, 6}, {7}, {3, 5}, {1, 4}, {2}], [{8, 6}, {7}, {4, 5}, {1, 3}, {2}], [{8, 6}, {7}, {5}, {1, 4}, {2, 3}], [{8, 7}, {1, 6}, {2, 5}, {3, 4}], [{8, 7}, {1, 6}, {3, 5}, {2, 4}], [{8, 7}, {1, 6}, {4, 5}, {2, 3}], [{8, 7}, {1, 6}, {4, 5}, {3}, {2}], [{8, 7}, {2, 6}, {1, 5}, {3, 4}], [{8, 7}, {2, 6}, {3, 5}, {1, 4}], [{8, 7}, {2, 6}, {4, 5}, {1, 3}], [{8, 7}, {2, 6}, {4, 5}, {3}, {1}], [{8, 7}, {3, 6}, {1, 5}, {2, 4}], [{8, 7}, {3, 6}, {2, 5}, {1, 4}], [{8, 7}, {3, 6}, {4, 5}, {1, 2}], [{8, 7}, {3, 6}, {4, 5}, {2}, {1}], [{8, 7}, {4, 6}, {1, 5}, {2, 3}], [{8, 7}, {4, 6}, {2, 5}, {1, 3}], [{8, 7}, {4, 6}, {3, 5}, {1, 2}], [{8, 7}, {5, 6}, {1, 4}, {2, 3}], [{8, 7}, {5, 6}, {2, 4}, {1, 3}], [{8, 7}, {5, 6}, {3, 4}, {1, 2}], [{8, 7}, {6}, {1, 5}, {2, 4}, {3}], [{8, 7}, {6}, {2, 5}, {1, 4}, {3}], [{8, 7}, {6}, {4, 5}, {1, 3}, {2}], [{8, 7}, {6}, {4, 5}, {2, 3}, {1}], [{8, 7}, {6}, {4, 5}, {3}, {1, 2}], [{8, 7}, {6}, {4, 5}, {3}, {2}, {1}], [{8}, {1, 7}, {3, 6}, {5}, {2, 4}], [{8}, {1, 7}, {6}, {2, 5}, {3, 4}], [{8}, {2, 7}, {1, 6}, {5}, {3, 4}], [{8}, {2, 7}, {4, 6}, {1, 5}, {3}], [{8}, {2, 7}, {6}, {4, 5}, {1, 3}], [{8}, {3, 7}, {6}, {1, 5}, {2, 4}], [{8}, {4, 7}, {5, 6}, {1, 3}, {2}], [{8}, {5, 7}, {1, 6}, {3, 4}, {2}], [{8}, {5, 7}, {4, 6}, {1, 3}, {2}], [{8}, {6, 7}, {2, 5}, {1, 4}, {3}], [{8}, {6, 7}, {2, 5}, {3, 4}, {1}], [{8}, {6, 7}, {2, 5}, {4}, {1, 3}], [{8}, {6, 7}, {4, 5}, {1, 3}, {2}], [{8}, {6, 7}, {5}, {2, 4}, {1, 3}], [{8}, {6, 7}, {5}, {4}, {1, 3}, {2}], [{8}, {7}, {1, 6}, {2, 5}, {3, 4}], [{8}, {7}, {1, 6}, {3, 5}, {2, 4}], [{8}, {7}, {2, 6}, {1, 5}, {3, 4}], [{8}, {7}, {2, 6}, {4, 5}, {1, 3}], [{8}, {7}, {5, 6}, {3, 4}, {1, 2}], [{8}, {7}, {6}, {4, 5}, {1, 3}, {2}]]",2,8 K_1^3 - 8 K_1^2 - 6 K_1 K_2 - 3 K_1 + 4 K_2 + K_3 + 5,O1O2O3U4O5U6U5O7U1U2O4U7U3O8O6U8,O1O2U3O4O5U2O6O7U6O3U1U4U5O8U7U8,O1O2U3O4O5U6O3O7U8U1O8U4U5U7O6U2,c,{'O1O2O3U4O5O4U1U6O7U2U3O6U8U5O8U7'},1,"<a href=""/flatknot/8.975581"">8.975581</a>",t^9-75t^7-312t^6-217t^5+632t^4+754t^3-202t^2-295t+44,t^3-2t^2+t,,
8.975582,O1O2O3U4O5O4U1U6O7U2U3O6U8U7O8U5,4,3z^3+39z^2+115z+99,3w^4z^3+39w^3z^2+115w^2z+99w,False,False,"[[ 0 -3 -1  1  1  2 -1  2 -1],[ 3  0  1  2  3  2  1  2  3],[ 1 -1  0  1  1  1  0  1  0],[-1 -2 -1  0 -1  0 -1  0 -2],[-1 -3 -1  1  0  2 -2  2 -2],[-2 -2 -1  0 -2  0 -1  0 -3],[ 1 -1  0  1  2  1  0  2  1],[-2 -2 -1  0 -2  0 -2  0 -2],[ 1 -3  0  2  2  3 -1  2  0]]","[[ 0  2  2  1  1 -1 -1 -1 -3],[-2  0  0  0 -2 -1 -1 -3 -2],[-2  0  0  0 -2 -1 -2 -2 -2],[-1  0  0  0 -1 -1 -1 -2 -2],[-1  2  2  1  0 -1 -2 -2 -3],[ 1  1  1  1  1  0  0  0 -1],[ 1  1  2  1  2  0  0  1 -1],[ 1  3  2  2  2  0 -1  0 -3],[ 3  2  2  2  3  1  1  3  0]]",True,"[-2,-2,-1,-1,1,1,1,3,0,0,2,1,1,3,2,0,2,1,2,2,2,1,1,1,2,2,1,2,2,3,0,0,1,-1,1,3]","[-3,-1,-1,-1,1,1,2,2,-1,1,1,1,2,3,3,0,1,0,0,0,1,0,1,1,2,2,0,1,2,1,-1,-1,-1,1,1,0]",t^8+77t^6+130t^4+49t^2+1,"[-3,-1,-1,-1,1,1,2,2,-1,1,1,1,2,3,3,0,1,0,0,0,1,0,1,1,2,2,0,1,2,1,-1,-1,-1,1,1,0]","[-2,-2,-1,-1,1,1,1,3,0,-1,1,0,2,2,3,-1,1,1,1,2,3,1,0,0,1,1,0,1,1,2,-1,0,-1,0,1,1]","[-3,-1,-1,-1,1,1,2,2,1,1,3,2,3,2,2,0,0,1,1,1,1,1,1,2,1,2,2,2,3,2,-1,0,0,2,2,0]",c,"[[{8, 1}, {2, 7}, {3, 6}, {4, 5}], [{8, 1}, {2, 7}, {4, 6}, {3, 5}], [{8, 1}, {2, 7}, {5, 6}, {3, 4}], [{8, 1}, {2, 7}, {5, 6}, {4}, {3}], [{8, 1}, {3, 7}, {2, 6}, {4, 5}], [{8, 1}, {3, 7}, {4, 6}, {2, 5}], [{8, 1}, {3, 7}, {5, 6}, {2, 4}], [{8, 1}, {3, 7}, {5, 6}, {4}, {2}], [{8, 1}, {4, 7}, {2, 6}, {3, 5}], [{8, 1}, {4, 7}, {3, 6}, {2, 5}], [{8, 1}, {4, 7}, {5, 6}, {2, 3}], [{8, 1}, {5, 7}, {2, 6}, {3, 4}], [{8, 1}, {5, 7}, {3, 6}, {2, 4}], [{8, 1}, {5, 7}, {4, 6}, {2, 3}], [{8, 1}, {5, 7}, {4, 6}, {3}, {2}], [{8, 1}, {6, 7}, {2, 5}, {3, 4}], [{8, 1}, {6, 7}, {3, 5}, {2, 4}], [{8, 1}, {6, 7}, {3, 5}, {4}, {2}], [{8, 1}, {6, 7}, {4, 5}, {2, 3}], [{8, 1}, {7}, {3, 6}, {5}, {2, 4}], [{8, 1}, {7}, {5, 6}, {4}, {2, 3}], [{8, 2}, {1, 7}, {3, 6}, {4, 5}], [{8, 2}, {1, 7}, {3, 6}, {5}, {4}], [{8, 2}, {1, 7}, {4, 6}, {3, 5}], [{8, 2}, {1, 7}, {5, 6}, {3, 4}], [{8, 2}, {1, 7}, {5, 6}, {4}, {3}], [{8, 2}, {1, 7}, {6}, {3, 5}, {4}], [{8, 2}, {3, 7}, {1, 6}, {4, 5}], [{8, 2}, {3, 7}, {4, 6}, {1, 5}], [{8, 2}, {3, 7}, {5, 6}, {1, 4}], [{8, 2}, {3, 7}, {5, 6}, {4}, {1}], [{8, 2}, {4, 7}, {1, 6}, {3, 5}], [{8, 2}, {4, 7}, {3, 6}, {1, 5}], [{8, 2}, {4, 7}, {5, 6}, {1, 3}], [{8, 2}, {5, 7}, {1, 6}, {3, 4}], [{8, 2}, {5, 7}, {1, 6}, {4}, {3}], [{8, 2}, {5, 7}, {3, 6}, {1, 4}], [{8, 2}, {5, 7}, {4, 6}, {1, 3}], [{8, 2}, {6, 7}, {1, 5}, {3, 4}], [{8, 2}, {6, 7}, {3, 5}, {1, 4}], [{8, 2}, {6, 7}, {4, 5}, {1, 3}], [{8, 2}, {6, 7}, {5}, {3, 4}, {1}], [{8, 2}, {7}, {5, 6}, {4}, {1, 3}], [{8, 2}, {7}, {6}, {1, 5}, {3, 4}], [{8, 3}, {1, 7}, {2, 6}, {4, 5}], [{8, 3}, {1, 7}, {2, 6}, {5}, {4}], [{8, 3}, {1, 7}, {4, 6}, {2, 5}], [{8, 3}, {1, 7}, {5, 6}, {2, 4}], [{8, 3}, {1, 7}, {5, 6}, {4}, {2}], [{8, 3}, {1, 7}, {6}, {2, 5}, {4}], [{8, 3}, {2, 7}, {1, 6}, {4, 5}], [{8, 3}, {2, 7}, {4, 6}, {1, 5}], [{8, 3}, {2, 7}, {4, 6}, {5}, {1}], [{8, 3}, {2, 7}, {5, 6}, {1, 4}], [{8, 3}, {2, 7}, {5, 6}, {4}, {1}], [{8, 3}, {2, 7}, {6}, {4, 5}, {1}], [{8, 3}, {4, 7}, {1, 6}, {2, 5}], [{8, 3}, {4, 7}, {2, 6}, {1, 5}], [{8, 3}, {4, 7}, {5, 6}, {1, 2}], [{8, 3}, {5, 7}, {1, 6}, {2, 4}], [{8, 3}, {5, 7}, {2, 6}, {1, 4}], [{8, 3}, {5, 7}, {4, 6}, {1, 2}], [{8, 3}, {6, 7}, {1, 5}, {2, 4}], [{8, 3}, {6, 7}, {1, 5}, {4}, {2}], [{8, 3}, {6, 7}, {2, 5}, {1, 4}], [{8, 3}, {6, 7}, {4, 5}, {1, 2}], [{8, 3}, {7}, {1, 6}, {5}, {2, 4}], [{8, 3}, {7}, {5, 6}, {4}, {1, 2}], [{8, 4}, {1, 7}, {2, 6}, {3, 5}], [{8, 4}, {1, 7}, {3, 6}, {2, 5}], [{8, 4}, {1, 7}, {5, 6}, {2, 3}], [{8, 4}, {1, 7}, {6}, {5}, {2, 3}], [{8, 4}, {2, 7}, {1, 6}, {3, 5}], [{8, 4}, {2, 7}, {3, 6}, {1, 5}], [{8, 4}, {2, 7}, {5, 6}, {1, 3}], [{8, 4}, {2, 7}, {6}, {1, 5}, {3}], [{8, 4}, {3, 7}, {1, 6}, {2, 5}], [{8, 4}, {3, 7}, {2, 6}, {1, 5}], [{8, 4}, {3, 7}, {5, 6}, {1, 2}], [{8, 4}, {5, 7}, {1, 6}, {2, 3}], [{8, 4}, {5, 7}, {2, 6}, {1, 3}], [{8, 4}, {5, 7}, {3, 6}, {1, 2}], [{8, 4}, {6, 7}, {1, 5}, {2, 3}], [{8, 4}, {6, 7}, {2, 5}, {1, 3}], [{8, 4}, {6, 7}, {3, 5}, {1, 2}], [{8, 4}, {6, 7}, {5}, {1, 3}, {2}], [{8, 4}, {7}, {3, 6}, {2, 5}, {1}], [{8, 5}, {1, 7}, {2, 6}, {3, 4}], [{8, 5}, {1, 7}, {3, 6}, {2, 4}], [{8, 5}, {1, 7}, {3, 6}, {4}, {2}], [{8, 5}, {1, 7}, {4, 6}, {2, 3}], [{8, 5}, {2, 7}, {1, 6}, {3, 4}], [{8, 5}, {2, 7}, {3, 6}, {1, 4}], [{8, 5}, {2, 7}, {4, 6}, {1, 3}], [{8, 5}, {2, 7}, {6}, {3, 4}, {1}], [{8, 5}, {3, 7}, {1, 6}, {2, 4}], [{8, 5}, {3, 7}, {2, 6}, {1, 4}], [{8, 5}, {3, 7}, {4, 6}, {1, 2}], [{8, 5}, {3, 7}, {6}, {2, 4}, {1}], [{8, 5}, {4, 7}, {1, 6}, {2, 3}], [{8, 5}, {4, 7}, {1, 6}, {3}, {2}], [{8, 5}, {4, 7}, {2, 6}, {1, 3}], [{8, 5}, {4, 7}, {3, 6}, {1, 2}], [{8, 5}, {6, 7}, {1, 4}, {2, 3}], [{8, 5}, {6, 7}, {2, 4}, {1, 3}], [{8, 5}, {6, 7}, {3, 4}, {1, 2}], [{8, 5}, {6, 7}, {4}, {1, 3}, {2}], [{8, 5}, {6, 7}, {4}, {2, 3}, {1}], [{8, 5}, {6, 7}, {4}, {3}, {1, 2}], [{8, 6}, {1, 7}, {2, 5}, {3, 4}], [{8, 6}, {1, 7}, {2, 5}, {4}, {3}], [{8, 6}, {1, 7}, {3, 5}, {2, 4}], [{8, 6}, {1, 7}, {4, 5}, {2, 3}], [{8, 6}, {2, 7}, {1, 5}, {3, 4}], [{8, 6}, {2, 7}, {1, 5}, {4}, {3}], [{8, 6}, {2, 7}, {3, 5}, {1, 4}], [{8, 6}, {2, 7}, {4, 5}, {1, 3}], [{8, 6}, {2, 7}, {4, 5}, {3}, {1}], [{8, 6}, {2, 7}, {5}, {1, 4}, {3}], [{8, 6}, {3, 7}, {1, 5}, {2, 4}], [{8, 6}, {3, 7}, {2, 5}, {1, 4}], [{8, 6}, {3, 7}, {4, 5}, {1, 2}], [{8, 6}, {3, 7}, {5}, {1, 4}, {2}], [{8, 6}, {4, 7}, {1, 5}, {2, 3}], [{8, 6}, {4, 7}, {2, 5}, {1, 3}], [{8, 6}, {4, 7}, {2, 5}, {3}, {1}], [{8, 6}, {4, 7}, {3, 5}, {1, 2}], [{8, 6}, {5, 7}, {1, 4}, {2, 3}], [{8, 6}, {5, 7}, {1, 4}, {3}, {2}], [{8, 6}, {5, 7}, {2, 4}, {1, 3}], [{8, 6}, {5, 7}, {3, 4}, {1, 2}], [{8, 6}, {7}, {2, 5}, {1, 4}, {3}], [{8, 6}, {7}, {3, 5}, {1, 4}, {2}], [{8, 6}, {7}, {5}, {1, 4}, {2, 3}], [{8, 6}, {7}, {5}, {1, 4}, {3}, {2}], [{8, 6}, {7}, {5}, {2, 4}, {1, 3}], [{8, 6}, {7}, {5}, {3, 4}, {1, 2}], [{8, 7}, {1, 6}, {2, 5}, {3, 4}], [{8, 7}, {1, 6}, {3, 5}, {2, 4}], [{8, 7}, {1, 6}, {4, 5}, {2, 3}], [{8, 7}, {1, 6}, {5}, {4}, {2, 3}], [{8, 7}, {2, 6}, {1, 5}, {3, 4}], [{8, 7}, {2, 6}, {1, 5}, {4}, {3}], [{8, 7}, {2, 6}, {3, 5}, {1, 4}], [{8, 7}, {2, 6}, {3, 5}, {4}, {1}], [{8, 7}, {2, 6}, {4, 5}, {1, 3}], [{8, 7}, {2, 6}, {5}, {4}, {1, 3}], [{8, 7}, {3, 6}, {1, 5}, {2, 4}], [{8, 7}, {3, 6}, {1, 5}, {4}, {2}], [{8, 7}, {3, 6}, {2, 5}, {1, 4}], [{8, 7}, {3, 6}, {4, 5}, {1, 2}], [{8, 7}, {4, 6}, {1, 5}, {2, 3}], [{8, 7}, {4, 6}, {2, 5}, {1, 3}], [{8, 7}, {4, 6}, {3, 5}, {1, 2}], [{8, 7}, {4, 6}, {3, 5}, {2}, {1}], [{8, 7}, {5, 6}, {1, 4}, {2, 3}], [{8, 7}, {5, 6}, {2, 4}, {1, 3}], [{8, 7}, {5, 6}, {3, 4}, {1, 2}], [{8, 7}, {5, 6}, {4}, {1, 3}, {2}], [{8, 7}, {5, 6}, {4}, {2, 3}, {1}], [{8, 7}, {5, 6}, {4}, {3}, {1, 2}], [{8, 7}, {6}, {1, 5}, {4}, {2, 3}], [{8, 7}, {6}, {2, 5}, {4}, {1, 3}], [{8, 7}, {6}, {3, 5}, {2, 4}, {1}], [{8}, {1, 7}, {3, 6}, {2, 5}, {4}], [{8}, {1, 7}, {5, 6}, {4}, {2, 3}], [{8}, {2, 7}, {1, 6}, {5}, {3, 4}], [{8}, {2, 7}, {3, 6}, {4, 5}, {1}], [{8}, {2, 7}, {4, 6}, {1, 5}, {3}], [{8}, {2, 7}, {5, 6}, {4}, {1, 3}], [{8}, {2, 7}, {6}, {3, 5}, {1, 4}], [{8}, {3, 7}, {4, 6}, {1, 5}, {2}], [{8}, {3, 7}, {5, 6}, {4}, {1, 2}], [{8}, {3, 7}, {6}, {2, 5}, {1, 4}], [{8}, {4, 7}, {3, 6}, {5}, {1, 2}], [{8}, {5, 7}, {1, 6}, {3, 4}, {2}], [{8}, {5, 7}, {2, 6}, {3, 4}, {1}], [{8}, {5, 7}, {6}, {1, 4}, {2, 3}], [{8}, {5, 7}, {6}, {3, 4}, {1, 2}], [{8}, {6, 7}, {4, 5}, {1, 3}, {2}], [{8}, {7}, {1, 6}, {2, 5}, {3, 4}], [{8}, {7}, {4, 6}, {1, 5}, {2, 3}]]",2,12 K_1^3 - 8 K_1^2 - 10 K_1 K_2 - 4 K_1 + 4 K_2 + 2 K_3 + 5,O1O2O3U4O5U6U5O7U1U2O6U7U3O8O4U8,O1O2U3O4O5U2O6O3U6O7U1U4U5O8U7U8,O1O2U3O4O5U1O3O6U7U8O7U4U5U6O8U2,c,{'O1O2O3U4O5O4U1U6O7U2U3O6U8U7O8U5'},1,"<a href=""/flatknot/8.975582"">8.975582</a>",t^9-79t^7-358t^6-328t^5+408t^4+344t^3-184t^2+20t-28,t^3-2t^2+t,,
8.975583,O1O2O3U4O5O4U1U6O7U2U5O6U8U3O8U7,4,18z^2+103z+135,18w^3z^2+103w^2z+135w,False,False,"[[ 0 -3 -1  2  1  1 -1  2 -1],[ 3  0  1  3  3  1  1  3  2],[ 1 -1  0  1  1  0  0  2  0],[-2 -3 -1  0 -1  0 -3  0 -2],[-1 -3 -1  1  0  1 -1  1 -2],[-1 -1  0  0 -1  0 -1  0 -1],[ 1 -1  0  3  1  1  0  2  0],[-2 -3 -2  0 -1  0 -2  0 -2],[ 1 -2  0  2  2  1  0  2  0]]","[[ 0  2  2  1  1 -1 -1 -1 -3],[-2  0  0  0 -1 -1 -2 -3 -3],[-2  0  0  0 -1 -2 -2 -2 -3],[-1  0  0  0 -1  0 -1 -1 -1],[-1  1  1  1  0 -1 -2 -1 -3],[ 1  1  2  0  1  0  0  0 -1],[ 1  2  2  1  2  0  0  0 -2],[ 1  3  2  1  1  0  0  0 -1],[ 3  3  3  1  3  1  2  1  0]]",True,"[-2,-2,-1,-1,1,1,1,3,0,0,1,1,2,3,3,0,1,2,2,2,3,1,0,1,1,1,1,2,1,3,0,0,1,0,2,1]","[-3,-1,-1,-1,1,1,2,2,0,1,1,1,3,2,2,0,0,0,1,1,1,0,1,1,0,1,1,2,2,1,-1,0,0,1,1,0]",t^8+71t^6+193t^4+117t^2+4,"[-3,-1,-1,-1,1,1,2,2,0,1,1,1,3,2,2,0,0,0,1,1,1,0,1,1,0,1,1,2,2,1,-1,0,0,1,1,0]","[-2,-2,-1,-1,1,1,1,3,0,0,1,0,1,2,2,0,1,1,1,1,2,1,1,0,1,1,1,1,2,3,0,0,1,0,0,1]","[-3,-1,-1,-1,1,1,2,2,1,1,2,1,3,3,3,0,0,0,1,1,2,0,1,1,3,2,1,2,2,2,-1,0,0,1,1,0]",c,"[[{8, 2}, {1, 7}, {3, 6}, {4, 5}], [{8, 2}, {1, 7}, {3, 6}, {5}, {4}]]",1,- 20 K_1^2 - 6 K_1 K_2 + 3 K_1 + 10 K_2 + 3 K_3 + 11,O1O2O3U4O5U1U5O6U7U2O4U6U3O8O7U8,O1O2U3O4O5U2O6O7U6O3U1U4U7O8U5U8,O1O2U3O4O5U6O3O7U8U4O8U1U5U7O6U2,c,{'O1O2O3U4O5O4U1U6O7U2U5O6U8U3O8U7'},1,"<a href=""/flatknot/8.975583"">8.975583</a>",t^9-73t^7-232t^6+51t^5+532t^4+68t^3-244t^2-33t-18,t^3-2t^2+t,,
8.975584,O1O2O3U4O5O4U1U6O7U2U5O6U8U7O8U3,4,16z^2+85z+107,16w^3z^2+85w^2z+107w,False,False,"[[ 0 -3 -1  2  1  1 -1  2 -1],[ 3  0  1  3  3  1  1  2  3],[ 1 -1  0  2  1  0  0  1  0],[-2 -3 -2  0 -1 -1 -2  1 -3],[-1 -3 -1  1  0  1 -1  1 -2],[-1 -1  0  1 -1  0 -1  0 -2],[ 1 -1  0  2  1  1  0  2  1],[-2 -2 -1 -1 -1  0 -2  0 -2],[ 1 -3  0  3  2  2 -1  2  0]]","[[ 0  2  2  1  1 -1 -1 -1 -3],[-2  0  1 -1 -1 -2 -2 -3 -3],[-2 -1  0  0 -1 -1 -2 -2 -2],[-1  1  0  0 -1  0 -1 -2 -1],[-1  1  1  1  0 -1 -1 -2 -3],[ 1  2  1  0  1  0  0  0 -1],[ 1  2  2  1  1  0  0  1 -1],[ 1  3  2  2  2  0 -1  0 -3],[ 3  3  2  1  3  1  1  3  0]]",True,"[-2,-2,-1,-1,1,1,1,3,-1,1,1,2,2,3,3,0,1,1,2,2,2,1,0,1,2,1,1,1,2,3,0,0,1,-1,1,3]","[-3,-1,-1,-1,1,1,2,2,-1,1,1,1,3,2,3,0,1,0,0,0,1,0,1,2,1,2,1,1,1,1,-1,0,0,0,1,-1]",t^8+77t^6+279t^4+169t^2+1,"[-3,-1,-1,-1,1,1,2,2,-1,1,1,1,3,2,3,0,1,0,0,0,1,0,1,2,1,2,1,1,1,1,-1,0,0,0,1,-1]","[-2,-2,-1,-1,1,1,1,3,-1,0,1,1,1,2,3,0,0,0,1,1,2,1,0,1,1,1,0,1,2,3,-1,0,-1,0,1,1]","[-3,-1,-1,-1,1,1,2,2,1,1,3,1,3,2,3,0,0,0,1,1,2,1,1,1,2,2,2,2,2,3,-1,0,1,1,1,-1]",c,"[[{8, 1}, {2, 7}, {3, 6}, {4, 5}], [{8, 1}, {2, 7}, {4, 6}, {3, 5}], [{8, 1}, {2, 7}, {5, 6}, {3, 4}], [{8, 1}, {2, 7}, {5, 6}, {4}, {3}], [{8, 1}, {3, 7}, {2, 6}, {4, 5}], [{8, 1}, {3, 7}, {4, 6}, {2, 5}], [{8, 1}, {3, 7}, {5, 6}, {2, 4}], [{8, 1}, {4, 7}, {2, 6}, {3, 5}], [{8, 1}, {4, 7}, {3, 6}, {2, 5}], [{8, 1}, {4, 7}, {5, 6}, {2, 3}], [{8, 1}, {5, 7}, {2, 6}, {3, 4}], [{8, 1}, {5, 7}, {3, 6}, {2, 4}], [{8, 1}, {5, 7}, {4, 6}, {2, 3}], [{8, 1}, {5, 7}, {6}, {3, 4}, {2}], [{8, 1}, {6, 7}, {2, 5}, {3, 4}], [{8, 1}, {6, 7}, {3, 5}, {2, 4}], [{8, 1}, {6, 7}, {4, 5}, {2, 3}], [{8, 1}, {7}, {4, 6}, {3, 5}, {2}], [{8, 2}, {1, 7}, {3, 6}, {4, 5}], [{8, 2}, {1, 7}, {4, 6}, {3, 5}], [{8, 2}, {1, 7}, {4, 6}, {5}, {3}], [{8, 2}, {1, 7}, {5, 6}, {3, 4}], [{8, 2}, {3, 7}, {1, 6}, {4, 5}], [{8, 2}, {3, 7}, {4, 6}, {1, 5}], [{8, 2}, {3, 7}, {5, 6}, {1, 4}], [{8, 2}, {3, 7}, {6}, {1, 5}, {4}], [{8, 2}, {3, 7}, {6}, {4, 5}, {1}], [{8, 2}, {3, 7}, {6}, {5}, {1, 4}], [{8, 2}, {4, 7}, {1, 6}, {3, 5}], [{8, 2}, {4, 7}, {3, 6}, {1, 5}], [{8, 2}, {4, 7}, {5, 6}, {1, 3}], [{8, 2}, {5, 7}, {1, 6}, {3, 4}], [{8, 2}, {5, 7}, {3, 6}, {1, 4}], [{8, 2}, {5, 7}, {4, 6}, {1, 3}], [{8, 2}, {5, 7}, {4, 6}, {3}, {1}], [{8, 2}, {5, 7}, {6}, {4}, {1, 3}], [{8, 2}, {6, 7}, {1, 5}, {3, 4}], [{8, 2}, {6, 7}, {3, 5}, {1, 4}], [{8, 2}, {6, 7}, {4, 5}, {1, 3}], [{8, 2}, {7}, {4, 6}, {1, 5}, {3}], [{8, 3}, {1, 7}, {2, 6}, {4, 5}], [{8, 3}, {1, 7}, {4, 6}, {2, 5}], [{8, 3}, {1, 7}, {4, 6}, {5}, {2}], [{8, 3}, {1, 7}, {5, 6}, {2, 4}], [{8, 3}, {2, 7}, {1, 6}, {4, 5}], [{8, 3}, {2, 7}, {1, 6}, {5}, {4}], [{8, 3}, {2, 7}, {4, 6}, {1, 5}], [{8, 3}, {2, 7}, {4, 6}, {5}, {1}], [{8, 3}, {2, 7}, {5, 6}, {1, 4}], [{8, 3}, {2, 7}, {5, 6}, {4}, {1}], [{8, 3}, {2, 7}, {6}, {1, 5}, {4}], [{8, 3}, {2, 7}, {6}, {4, 5}, {1}], [{8, 3}, {2, 7}, {6}, {5}, {1, 4}], [{8, 3}, {2, 7}, {6}, {5}, {4}, {1}], [{8, 3}, {4, 7}, {1, 6}, {2, 5}], [{8, 3}, {4, 7}, {2, 6}, {1, 5}], [{8, 3}, {4, 7}, {2, 6}, {5}, {1}], [{8, 3}, {4, 7}, {5, 6}, {1, 2}], [{8, 3}, {5, 7}, {1, 6}, {2, 4}], [{8, 3}, {5, 7}, {2, 6}, {1, 4}], [{8, 3}, {5, 7}, {4, 6}, {1, 2}], [{8, 3}, {5, 7}, {4, 6}, {2}, {1}], [{8, 3}, {6, 7}, {1, 5}, {2, 4}], [{8, 3}, {6, 7}, {2, 5}, {1, 4}], [{8, 3}, {6, 7}, {4, 5}, {1, 2}], [{8, 3}, {6, 7}, {5}, {2, 4}, {1}], [{8, 3}, {7}, {1, 6}, {4, 5}, {2}], [{8, 3}, {7}, {4, 6}, {1, 5}, {2}], [{8, 3}, {7}, {4, 6}, {2, 5}, {1}], [{8, 3}, {7}, {4, 6}, {5}, {1, 2}], [{8, 3}, {7}, {4, 6}, {5}, {2}, {1}], [{8, 3}, {7}, {5, 6}, {1, 4}, {2}], [{8, 4}, {1, 7}, {2, 6}, {3, 5}], [{8, 4}, {1, 7}, {3, 6}, {2, 5}], [{8, 4}, {1, 7}, {5, 6}, {2, 3}], [{8, 4}, {2, 7}, {1, 6}, {3, 5}], [{8, 4}, {2, 7}, {3, 6}, {1, 5}], [{8, 4}, {2, 7}, {5, 6}, {1, 3}], [{8, 4}, {2, 7}, {5, 6}, {3}, {1}], [{8, 4}, {3, 7}, {1, 6}, {2, 5}], [{8, 4}, {3, 7}, {2, 6}, {1, 5}], [{8, 4}, {3, 7}, {5, 6}, {1, 2}], [{8, 4}, {3, 7}, {6}, {1, 5}, {2}], [{8, 4}, {5, 7}, {1, 6}, {2, 3}], [{8, 4}, {5, 7}, {2, 6}, {1, 3}], [{8, 4}, {5, 7}, {3, 6}, {1, 2}], [{8, 4}, {5, 7}, {3, 6}, {2}, {1}], [{8, 4}, {5, 7}, {6}, {3}, {1, 2}], [{8, 4}, {6, 7}, {1, 5}, {2, 3}], [{8, 4}, {6, 7}, {2, 5}, {1, 3}], [{8, 4}, {6, 7}, {3, 5}, {1, 2}], [{8, 4}, {6, 7}, {5}, {1, 3}, {2}], [{8, 4}, {7}, {2, 6}, {1, 5}, {3}], [{8, 5}, {1, 7}, {2, 6}, {3, 4}], [{8, 5}, {1, 7}, {2, 6}, {4}, {3}], [{8, 5}, {1, 7}, {3, 6}, {2, 4}], [{8, 5}, {1, 7}, {4, 6}, {2, 3}], [{8, 5}, {2, 7}, {1, 6}, {3, 4}], [{8, 5}, {2, 7}, {3, 6}, {1, 4}], [{8, 5}, {2, 7}, {3, 6}, {4}, {1}], [{8, 5}, {2, 7}, {4, 6}, {1, 3}], [{8, 5}, {3, 7}, {1, 6}, {2, 4}], [{8, 5}, {3, 7}, {2, 6}, {1, 4}], [{8, 5}, {3, 7}, {4, 6}, {1, 2}], [{8, 5}, {4, 7}, {1, 6}, {2, 3}], [{8, 5}, {4, 7}, {2, 6}, {1, 3}], [{8, 5}, {4, 7}, {2, 6}, {3}, {1}], [{8, 5}, {4, 7}, {3, 6}, {1, 2}], [{8, 5}, {4, 7}, {6}, {1, 3}, {2}], [{8, 5}, {6, 7}, {1, 4}, {2, 3}], [{8, 5}, {6, 7}, {2, 4}, {1, 3}], [{8, 5}, {6, 7}, {2, 4}, {3}, {1}], [{8, 5}, {6, 7}, {3, 4}, {1, 2}], [{8, 5}, {6, 7}, {4}, {1, 3}, {2}], [{8, 5}, {7}, {2, 6}, {1, 4}, {3}], [{8, 5}, {7}, {4, 6}, {1, 3}, {2}], [{8, 6}, {1, 7}, {2, 5}, {3, 4}], [{8, 6}, {1, 7}, {3, 5}, {2, 4}], [{8, 6}, {1, 7}, {4, 5}, {2, 3}], [{8, 6}, {2, 7}, {1, 5}, {3, 4}], [{8, 6}, {2, 7}, {3, 5}, {1, 4}], [{8, 6}, {2, 7}, {3, 5}, {4}, {1}], [{8, 6}, {2, 7}, {4, 5}, {1, 3}], [{8, 6}, {3, 7}, {1, 5}, {2, 4}], [{8, 6}, {3, 7}, {1, 5}, {4}, {2}], [{8, 6}, {3, 7}, {2, 5}, {1, 4}], [{8, 6}, {3, 7}, {4, 5}, {1, 2}], [{8, 6}, {4, 7}, {1, 5}, {2, 3}], [{8, 6}, {4, 7}, {2, 5}, {1, 3}], [{8, 6}, {4, 7}, {3, 5}, {1, 2}], [{8, 6}, {5, 7}, {1, 4}, {2, 3}], [{8, 6}, {5, 7}, {2, 4}, {1, 3}], [{8, 6}, {5, 7}, {3, 4}, {1, 2}], [{8, 6}, {7}, {1, 5}, {2, 4}, {3}], [{8, 6}, {7}, {2, 5}, {1, 4}, {3}], [{8, 6}, {7}, {2, 5}, {3, 4}, {1}], [{8, 6}, {7}, {2, 5}, {4}, {1, 3}], [{8, 6}, {7}, {3, 5}, {1, 4}, {2}], [{8, 6}, {7}, {5}, {1, 4}, {2, 3}], [{8, 7}, {1, 6}, {2, 5}, {3, 4}], [{8, 7}, {1, 6}, {3, 5}, {2, 4}], [{8, 7}, {1, 6}, {4, 5}, {2, 3}], [{8, 7}, {1, 6}, {5}, {4}, {2, 3}], [{8, 7}, {2, 6}, {1, 5}, {3, 4}], [{8, 7}, {2, 6}, {3, 5}, {1, 4}], [{8, 7}, {2, 6}, {4, 5}, {1, 3}], [{8, 7}, {2, 6}, {5}, {1, 4}, {3}], [{8, 7}, {2, 6}, {5}, {3, 4}, {1}], [{8, 7}, {2, 6}, {5}, {4}, {1, 3}], [{8, 7}, {3, 6}, {1, 5}, {2, 4}], [{8, 7}, {3, 6}, {2, 5}, {1, 4}], [{8, 7}, {3, 6}, {4, 5}, {1, 2}], [{8, 7}, {3, 6}, {5}, {4}, {1, 2}], [{8, 7}, {4, 6}, {1, 5}, {2, 3}], [{8, 7}, {4, 6}, {1, 5}, {3}, {2}], [{8, 7}, {4, 6}, {2, 5}, {1, 3}], [{8, 7}, {4, 6}, {3, 5}, {1, 2}], [{8, 7}, {5, 6}, {1, 4}, {2, 3}], [{8, 7}, {5, 6}, {2, 4}, {1, 3}], [{8, 7}, {5, 6}, {3, 4}, {1, 2}], [{8}, {1, 7}, {3, 6}, {2, 5}, {4}], [{8}, {1, 7}, {3, 6}, {4, 5}, {2}], [{8}, {1, 7}, {3, 6}, {5}, {2, 4}], [{8}, {1, 7}, {4, 6}, {5}, {2, 3}], [{8}, {2, 7}, {1, 6}, {4, 5}, {3}], [{8}, {2, 7}, {4, 6}, {1, 5}, {3}], [{8}, {2, 7}, {5, 6}, {1, 4}, {3}], [{8}, {2, 7}, {5, 6}, {3, 4}, {1}], [{8}, {2, 7}, {5, 6}, {4}, {1, 3}], [{8}, {2, 7}, {5, 6}, {4}, {3}, {1}], [{8}, {3, 7}, {2, 6}, {1, 5}, {4}], [{8}, {3, 7}, {4, 6}, {1, 5}, {2}], [{8}, {3, 7}, {6}, {1, 5}, {2, 4}], [{8}, {4, 7}, {2, 6}, {3, 5}, {1}], [{8}, {5, 7}, {2, 6}, {1, 4}, {3}], [{8}, {5, 7}, {4, 6}, {2, 3}, {1}], [{8}, {6, 7}, {3, 5}, {2, 4}, {1}], [{8}, {6, 7}, {4, 5}, {1, 3}, {2}], [{8}, {7}, {4, 6}, {1, 5}, {2, 3}], [{8}, {7}, {4, 6}, {1, 5}, {3}, {2}]]",2,- 12 K_1^2 - 2 K_1 K_2 + K_1 + 6 K_2 + K_3 + 7,O1O2O3U1O4U5U4O6U7U2O5U6U3O8O7U8,O1O2U3O4O5U2O6O3U6O7U1U4U7O8U5U8,O1O2U3O4O5U1O3O6U7U4O7U8U5U6O8U2,c,{'O1O2O3U4O5O4U1U6O7U2U5O6U8U7O8U3'},1,"<a href=""/flatknot/8.975584"">8.975584</a>",t^9-79t^7-362t^6-407t^5+240t^4+493t^3+74t^2-3t+18,t^3-2t^2+t,,
8.975585,O1O2O3U4O5O4U1U6O7U2U8O6U5U3O8U7,4,3z^3+27z^2+101z+119,3w^4z^3+27w^3z^2+101w^2z+119w,False,False,"[[ 0 -3 -1  2  1  1 -1  2 -1],[ 3  0  1  3  3  1  2  3  1],[ 1 -1  0  1  1 -1  1  2  0],[-2 -3 -1  0 -1 -1 -2  0 -2],[-1 -3 -1  1  0  1 -2  1 -1],[-1 -1  1  1 -1  0 -1 -1  0],[ 1 -2 -1  2  2  1  0  3 -1],[-2 -3 -2  0 -1  1 -3  0 -2],[ 1 -1  0  2  1  0  1  2  0]]","[[ 0  2  2  1  1 -1 -1 -1 -3],[-2  0  0  1 -1 -2 -2 -3 -3],[-2  0  0 -1 -1 -1 -2 -2 -3],[-1 -1  1  0 -1  1  0 -1 -1],[-1  1  1  1  0 -1 -1 -2 -3],[ 1  2  1 -1  1  0  0  1 -1],[ 1  2  2  0  1  0  0  1 -1],[ 1  3  2  1  2 -1 -1  0 -2],[ 3  3  3  1  3  1  1  2  0]]",True,"[-2,-2,-1,-1,1,1,1,3,0,-1,1,2,2,3,3,1,1,1,2,2,3,1,-1,0,1,1,1,1,2,3,0,-1,1,-1,1,2]","[-3,-1,-1,-1,1,1,2,2,0,1,1,1,3,2,2,1,1,0,1,0,1,0,1,2,1,1,1,3,1,2,-1,0,0,2,0,0]",t^8+75t^6+427t^4+146t^2+1,"[-3,-1,-1,-1,1,1,2,2,0,1,1,1,3,2,2,1,1,0,1,0,1,0,1,2,1,1,1,3,1,2,-1,0,0,2,0,0]","[-2,-2,-1,-1,1,1,1,3,0,0,0,1,1,2,2,0,2,0,1,1,2,1,0,1,1,1,1,2,3,3,-1,-1,0,0,1,1]","[-3,-1,-1,-1,1,1,2,2,1,1,2,1,3,3,3,0,1,-1,1,1,2,1,0,1,2,2,1,2,2,3,-1,1,-1,1,1,0]",c,"[[{8, 2}, {5, 7}, {4, 6}, {1, 3}]]",1,8 K_1^3 - 20 K_1^2 - 18 K_1 K_2 + 3 K_1 + 10 K_2 + 7 K_3 + 11,O1O2O3U4O5U1U6O7U5U2O4U7U3O8O6U8,O1O2U3O4O5U2O6O7U5O3U1U4U7O8U6U8,O1O2U3O4O5U6O3O7U8U2O8U1U5U7O6U4,c,{'O1O2O3U4O5O4U1U6O7U2U8O6U5U3O8U7'},1,"<a href=""/flatknot/8.975585"">8.975585</a>",t^9-77t^7-322t^6-353t^5+134t^4+305t^3+34t^2+12t+22,t^3-2t^2+t,,
8.975586,O1O2O3U4O5O4U1U6O7U3U2O6U8U5O8U7,4,9z^3+51z^2+101z+71,-4w^5z^3+13w^4z^3-8w^4z^2+59w^3z^2+101w^2z+71w,False,False,"[[ 0 -3  0  0  1  2 -1  2 -1],[ 3  0  2  1  3  2  1  3  2],[ 0 -2  0  0  0  0 -1  2 -1],[ 0 -1  0  0  0 -1  0  1 -1],[-1 -3  0  0  0  2 -2  1 -1],[-2 -2  0  1 -2  0 -2 -1 -2],[ 1 -1  1  0  2  2  0  2  0],[-2 -3 -2 -1 -1  1 -2  0 -2],[ 1 -2  1  1  1  2  0  2  0]]","[[ 0  2  2  1  0  0 -1 -1 -3],[-2  0  1 -1 -1 -2 -2 -2 -3],[-2 -1  0 -2  1  0 -2 -2 -2],[-1  1  2  0  0  0 -1 -2 -3],[ 0  1 -1  0  0  0 -1  0 -1],[ 0  2  0  0  0  0 -1 -1 -2],[ 1  2  2  1  1  1  0  0 -2],[ 1  2  2  2  0  1  0  0 -1],[ 3  3  2  3  1  2  2  1  0]]",True,"[-2,-2,-1,0,0,1,1,3,-1,1,1,2,2,2,3,2,-1,0,2,2,2,0,0,1,2,3,0,1,0,1,1,1,2,0,2,1]","[-3,-1,-1,0,0,1,2,2,0,1,1,2,1,2,3,0,0,0,1,1,1,0,1,0,1,1,0,1,0,2,1,1,3,0,-1,-1]",t^8+68t^6+395t^4+252t^2+16,"[-3,-1,-1,0,0,1,2,2,0,1,1,2,1,2,3,0,0,0,1,1,1,0,1,0,1,1,0,1,0,2,1,1,3,0,-1,-1]","[-2,-2,-1,0,0,1,1,3,-1,-1,2,3,1,1,3,0,0,1,1,1,2,1,1,0,1,1,0,0,0,1,1,0,2,0,1,0]","[-3,-1,-1,0,0,1,2,2,1,2,1,2,3,2,3,0,0,1,2,2,2,1,1,1,2,2,0,0,-1,1,0,0,2,2,1,-1]",c,"[[{8, 1}, {2, 7}, {3, 6}, {4, 5}], [{8, 1}, {2, 7}, {4, 6}, {3, 5}], [{8, 1}, {2, 7}, {5, 6}, {3, 4}], [{8, 1}, {3, 7}, {2, 6}, {4, 5}], [{8, 1}, {3, 7}, {4, 6}, {2, 5}], [{8, 1}, {3, 7}, {4, 6}, {5}, {2}], [{8, 1}, {3, 7}, {5, 6}, {2, 4}], [{8, 1}, {4, 7}, {2, 6}, {3, 5}], [{8, 1}, {4, 7}, {3, 6}, {2, 5}], [{8, 1}, {4, 7}, {5, 6}, {2, 3}], [{8, 1}, {5, 7}, {2, 6}, {3, 4}], [{8, 1}, {5, 7}, {3, 6}, {2, 4}], [{8, 1}, {5, 7}, {4, 6}, {2, 3}], [{8, 1}, {6, 7}, {2, 5}, {3, 4}], [{8, 1}, {6, 7}, {3, 5}, {2, 4}], [{8, 1}, {6, 7}, {3, 5}, {4}, {2}], [{8, 1}, {6, 7}, {4, 5}, {2, 3}], [{8, 1}, {7}, {3, 6}, {4, 5}, {2}], [{8, 1}, {7}, {5, 6}, {3, 4}, {2}], [{8, 2}, {1, 7}, {3, 6}, {4, 5}], [{8, 2}, {1, 7}, {3, 6}, {5}, {4}], [{8, 2}, {1, 7}, {4, 6}, {3, 5}], [{8, 2}, {1, 7}, {5, 6}, {3, 4}], [{8, 2}, {3, 7}, {1, 6}, {4, 5}], [{8, 2}, {3, 7}, {4, 6}, {1, 5}], [{8, 2}, {3, 7}, {4, 6}, {5}, {1}], [{8, 2}, {3, 7}, {5, 6}, {1, 4}], [{8, 2}, {3, 7}, {6}, {1, 5}, {4}], [{8, 2}, {4, 7}, {1, 6}, {3, 5}], [{8, 2}, {4, 7}, {3, 6}, {1, 5}], [{8, 2}, {4, 7}, {5, 6}, {1, 3}], [{8, 2}, {5, 7}, {1, 6}, {3, 4}], [{8, 2}, {5, 7}, {3, 6}, {1, 4}], [{8, 2}, {5, 7}, {4, 6}, {1, 3}], [{8, 2}, {6, 7}, {1, 5}, {3, 4}], [{8, 2}, {6, 7}, {3, 5}, {1, 4}], [{8, 2}, {6, 7}, {4, 5}, {1, 3}], [{8, 2}, {6, 7}, {4, 5}, {3}, {1}], [{8, 2}, {6, 7}, {5}, {4}, {1, 3}], [{8, 2}, {7}, {1, 6}, {3, 5}, {4}], [{8, 2}, {7}, {5, 6}, {3, 4}, {1}], [{8, 3}, {1, 7}, {2, 6}, {4, 5}], [{8, 3}, {1, 7}, {4, 6}, {2, 5}], [{8, 3}, {1, 7}, {5, 6}, {2, 4}], [{8, 3}, {2, 7}, {1, 6}, {4, 5}], [{8, 3}, {2, 7}, {1, 6}, {5}, {4}], [{8, 3}, {2, 7}, {4, 6}, {1, 5}], [{8, 3}, {2, 7}, {5, 6}, {1, 4}], [{8, 3}, {4, 7}, {1, 6}, {2, 5}], [{8, 3}, {4, 7}, {2, 6}, {1, 5}], [{8, 3}, {4, 7}, {5, 6}, {1, 2}], [{8, 3}, {5, 7}, {1, 6}, {2, 4}], [{8, 3}, {5, 7}, {1, 6}, {4}, {2}], [{8, 3}, {5, 7}, {2, 6}, {1, 4}], [{8, 3}, {5, 7}, {4, 6}, {1, 2}], [{8, 3}, {6, 7}, {1, 5}, {2, 4}], [{8, 3}, {6, 7}, {2, 5}, {1, 4}], [{8, 3}, {6, 7}, {4, 5}, {1, 2}], [{8, 3}, {7}, {1, 6}, {2, 5}, {4}], [{8, 3}, {7}, {6}, {1, 5}, {2, 4}], [{8, 4}, {1, 7}, {2, 6}, {3, 5}], [{8, 4}, {1, 7}, {3, 6}, {2, 5}], [{8, 4}, {1, 7}, {3, 6}, {5}, {2}], [{8, 4}, {1, 7}, {5, 6}, {2, 3}], [{8, 4}, {1, 7}, {5, 6}, {3}, {2}], [{8, 4}, {1, 7}, {6}, {3, 5}, {2}], [{8, 4}, {2, 7}, {1, 6}, {3, 5}], [{8, 4}, {2, 7}, {1, 6}, {5}, {3}], [{8, 4}, {2, 7}, {3, 6}, {1, 5}], [{8, 4}, {2, 7}, {5, 6}, {1, 3}], [{8, 4}, {3, 7}, {1, 6}, {2, 5}], [{8, 4}, {3, 7}, {1, 6}, {5}, {2}], [{8, 4}, {3, 7}, {2, 6}, {1, 5}], [{8, 4}, {3, 7}, {2, 6}, {5}, {1}], [{8, 4}, {3, 7}, {5, 6}, {1, 2}], [{8, 4}, {3, 7}, {5, 6}, {2}, {1}], [{8, 4}, {3, 7}, {6}, {1, 5}, {2}], [{8, 4}, {3, 7}, {6}, {2, 5}, {1}], [{8, 4}, {3, 7}, {6}, {5}, {1, 2}], [{8, 4}, {3, 7}, {6}, {5}, {2}, {1}], [{8, 4}, {5, 7}, {1, 6}, {2, 3}], [{8, 4}, {5, 7}, {1, 6}, {3}, {2}], [{8, 4}, {5, 7}, {2, 6}, {1, 3}], [{8, 4}, {5, 7}, {3, 6}, {1, 2}], [{8, 4}, {5, 7}, {3, 6}, {2}, {1}], [{8, 4}, {5, 7}, {6}, {1, 3}, {2}], [{8, 4}, {6, 7}, {1, 5}, {2, 3}], [{8, 4}, {6, 7}, {1, 5}, {3}, {2}], [{8, 4}, {6, 7}, {2, 5}, {1, 3}], [{8, 4}, {6, 7}, {3, 5}, {1, 2}], [{8, 4}, {6, 7}, {3, 5}, {2}, {1}], [{8, 4}, {6, 7}, {5}, {1, 3}, {2}], [{8, 4}, {7}, {1, 6}, {2, 5}, {3}], [{8, 4}, {7}, {1, 6}, {3, 5}, {2}], [{8, 4}, {7}, {1, 6}, {5}, {2, 3}], [{8, 4}, {7}, {1, 6}, {5}, {3}, {2}], [{8, 4}, {7}, {3, 6}, {1, 5}, {2}], [{8, 4}, {7}, {5, 6}, {1, 3}, {2}], [{8, 5}, {1, 7}, {2, 6}, {3, 4}], [{8, 5}, {1, 7}, {3, 6}, {2, 4}], [{8, 5}, {1, 7}, {4, 6}, {2, 3}], [{8, 5}, {2, 7}, {1, 6}, {3, 4}], [{8, 5}, {2, 7}, {3, 6}, {1, 4}], [{8, 5}, {2, 7}, {4, 6}, {1, 3}], [{8, 5}, {3, 7}, {1, 6}, {2, 4}], [{8, 5}, {3, 7}, {2, 6}, {1, 4}], [{8, 5}, {3, 7}, {4, 6}, {1, 2}], [{8, 5}, {3, 7}, {4, 6}, {2}, {1}], [{8, 5}, {4, 7}, {1, 6}, {2, 3}], [{8, 5}, {4, 7}, {2, 6}, {1, 3}], [{8, 5}, {4, 7}, {3, 6}, {1, 2}], [{8, 5}, {6, 7}, {1, 4}, {2, 3}], [{8, 5}, {6, 7}, {2, 4}, {1, 3}], [{8, 5}, {6, 7}, {3, 4}, {1, 2}], [{8, 5}, {6, 7}, {4}, {3}, {1, 2}], [{8, 5}, {7}, {6}, {2, 4}, {1, 3}], [{8, 6}, {1, 7}, {2, 5}, {3, 4}], [{8, 6}, {1, 7}, {3, 5}, {2, 4}], [{8, 6}, {1, 7}, {4, 5}, {2, 3}], [{8, 6}, {1, 7}, {5}, {3, 4}, {2}], [{8, 6}, {2, 7}, {1, 5}, {3, 4}], [{8, 6}, {2, 7}, {3, 5}, {1, 4}], [{8, 6}, {2, 7}, {3, 5}, {4}, {1}], [{8, 6}, {2, 7}, {4, 5}, {1, 3}], [{8, 6}, {2, 7}, {5}, {1, 4}, {3}], [{8, 6}, {3, 7}, {1, 5}, {2, 4}], [{8, 6}, {3, 7}, {1, 5}, {4}, {2}], [{8, 6}, {3, 7}, {2, 5}, {1, 4}], [{8, 6}, {3, 7}, {2, 5}, {4}, {1}], [{8, 6}, {3, 7}, {4, 5}, {1, 2}], [{8, 6}, {3, 7}, {4, 5}, {2}, {1}], [{8, 6}, {3, 7}, {5}, {1, 4}, {2}], [{8, 6}, {3, 7}, {5}, {2, 4}, {1}], [{8, 6}, {3, 7}, {5}, {4}, {1, 2}], [{8, 6}, {3, 7}, {5}, {4}, {2}, {1}], [{8, 6}, {4, 7}, {1, 5}, {2, 3}], [{8, 6}, {4, 7}, {2, 5}, {1, 3}], [{8, 6}, {4, 7}, {3, 5}, {1, 2}], [{8, 6}, {4, 7}, {5}, {1, 3}, {2}], [{8, 6}, {5, 7}, {1, 4}, {2, 3}], [{8, 6}, {5, 7}, {1, 4}, {3}, {2}], [{8, 6}, {5, 7}, {2, 4}, {1, 3}], [{8, 6}, {5, 7}, {3, 4}, {1, 2}], [{8, 6}, {5, 7}, {4}, {2, 3}, {1}], [{8, 6}, {7}, {2, 5}, {1, 4}, {3}], [{8, 6}, {7}, {3, 5}, {1, 4}, {2}], [{8, 6}, {7}, {5}, {1, 4}, {2, 3}], [{8, 6}, {7}, {5}, {1, 4}, {3}, {2}], [{8, 7}, {1, 6}, {2, 5}, {3, 4}], [{8, 7}, {1, 6}, {3, 5}, {2, 4}], [{8, 7}, {1, 6}, {4, 5}, {2, 3}], [{8, 7}, {2, 6}, {1, 5}, {3, 4}], [{8, 7}, {2, 6}, {3, 5}, {1, 4}], [{8, 7}, {2, 6}, {4, 5}, {1, 3}], [{8, 7}, {2, 6}, {5}, {3, 4}, {1}], [{8, 7}, {3, 6}, {1, 5}, {2, 4}], [{8, 7}, {3, 6}, {2, 5}, {1, 4}], [{8, 7}, {3, 6}, {2, 5}, {4}, {1}], [{8, 7}, {3, 6}, {4, 5}, {1, 2}], [{8, 7}, {4, 6}, {1, 5}, {2, 3}], [{8, 7}, {4, 6}, {2, 5}, {1, 3}], [{8, 7}, {4, 6}, {3, 5}, {1, 2}], [{8, 7}, {5, 6}, {1, 4}, {2, 3}], [{8, 7}, {5, 6}, {2, 4}, {1, 3}], [{8, 7}, {5, 6}, {3, 4}, {1, 2}], [{8, 7}, {6}, {1, 5}, {2, 4}, {3}], [{8, 7}, {6}, {3, 5}, {1, 4}, {2}], [{8, 7}, {6}, {4, 5}, {2, 3}, {1}], [{8}, {1, 7}, {3, 6}, {5}, {2, 4}], [{8}, {1, 7}, {6}, {2, 5}, {3, 4}], [{8}, {2, 7}, {1, 6}, {5}, {3, 4}], [{8}, {2, 7}, {3, 6}, {1, 5}, {4}], [{8}, {3, 7}, {2, 6}, {1, 5}, {4}], [{8}, {3, 7}, {4, 6}, {1, 5}, {2}], [{8}, {3, 7}, {4, 6}, {2, 5}, {1}], [{8}, {3, 7}, {4, 6}, {5}, {1, 2}], [{8}, {3, 7}, {4, 6}, {5}, {2}, {1}], [{8}, {3, 7}, {6}, {1, 5}, {2, 4}], [{8}, {4, 7}, {2, 6}, {1, 5}, {3}], [{8}, {5, 7}, {1, 6}, {3, 4}, {2}], [{8}, {6, 7}, {2, 5}, {3, 4}, {1}], [{8}, {6, 7}, {3, 5}, {1, 4}, {2}], [{8}, {6, 7}, {5}, {2, 4}, {1, 3}], [{8}, {7}, {1, 6}, {2, 5}, {3, 4}], [{8}, {7}, {1, 6}, {3, 5}, {2, 4}], [{8}, {7}, {2, 6}, {1, 5}, {3, 4}], [{8}, {7}, {2, 6}, {4, 5}, {1, 3}], [{8}, {7}, {5, 6}, {3, 4}, {1, 2}]]",2,4 K_1^3 - 4 K_1^2 - 2 K_1 K_2 - 2 K_1 + 2 K_2 + 3,O1O2O3U4O5U6U5O7U2U1O4U7U3O8O6U8,O1O2U3O4O5U2O6O7U6O3U1U5U4O8U7U8,O1O2U3O4O5U6O3O7U8U1O8U5U4U7O6U2,c,{'O1O2O3U4O5O4U1U6O7U3U2O6U8U5O8U7'},1,"<a href=""/flatknot/8.975586"">8.975586</a>",t^9-70t^7-268t^6-97t^5+658t^4+329t^3-726t^2-175t+318,t^3-2t^2+t,,
8.975587,O1O2O3U4O5O4U1U6O7U3U2O6U8U7O8U5,4,6z^3+47z^2+110z+81,-2w^5z^3+8w^4z^3-4w^4z^2+51w^3z^2+110w^2z+81w,False,False,"[[ 0 -3  0  0  1  2 -1  2 -1],[ 3  0  2  1  3  2  1  2  3],[ 0 -2  0  0  0  1 -1  1 -1],[ 0 -1  0  0  0  0  0  0 -1],[-1 -3  0  0  0  2 -2  2 -2],[-2 -2 -1  0 -2  0 -1  0 -3],[ 1 -1  1  0  2  1  0  2  1],[-2 -2 -1  0 -2  0 -2  0 -2],[ 1 -3  1  1  2  3 -1  2  0]]","[[ 0  2  2  1  0  0 -1 -1 -3],[-2  0  0 -2  0 -1 -1 -3 -2],[-2  0  0 -2  0 -1 -2 -2 -2],[-1  2  2  0  0  0 -2 -2 -3],[ 0  0  0  0  0  0  0 -1 -1],[ 0  1  1  0  0  0 -1 -1 -2],[ 1  1  2  2  0  1  0  1 -1],[ 1  3  2  2  1  1 -1  0 -3],[ 3  2  2  3  1  2  1  3  0]]",True,"[-2,-2,-1,0,0,1,1,3,0,2,0,1,1,3,2,2,0,1,2,2,2,0,0,2,2,3,0,0,1,1,1,1,2,-1,1,3]","[-3,-1,-1,0,0,1,2,2,-1,1,1,2,1,3,3,1,0,0,0,0,1,0,1,0,2,1,0,1,1,1,1,2,2,-1,-1,0]",t^8+72t^6+134t^4+47t^2+1,"[-3,-1,-1,0,0,1,2,2,-1,1,1,2,1,3,3,1,0,0,0,0,1,0,1,0,2,1,0,1,1,1,1,2,2,-1,-1,0]","[-2,-2,-1,0,0,1,1,3,0,-1,1,2,0,2,3,-1,1,2,1,1,3,1,1,0,0,1,0,0,0,1,0,1,2,-1,-1,1]","[-3,-1,-1,0,0,1,2,2,1,3,1,2,3,2,2,1,0,1,2,1,2,1,1,2,3,2,0,0,0,0,0,1,1,2,2,0]",c,"[[{8, 6}, {2, 7}, {3, 5}, {1, 4}], [{8, 6}, {3, 7}, {2, 5}, {1, 4}], [{8, 7}, {3, 6}, {4, 5}, {1, 2}]]",1,4 K_1^3 - 2 K_1 K_2 - 2 K_1 + 1,O1O2O3U4O5U6U5O7U2U1O6U7U3O8O4U8,O1O2U3O4O5U2O6O3U6O7U1U5U4O8U7U8,O1O2U3O4O5U1O3O6U7U8O7U5U4U6O8U2,c,{'O1O2O3U4O5O4U1U6O7U3U2O6U8U7O8U5'},1,"<a href=""/flatknot/8.975587"">8.975587</a>",t^9-74t^7-326t^6-342t^5+200t^4+196t^3-54t^2+173t-6,t^3-2t^2+t,,
8.975588,O1O2O3U4O5O4U1U6O7U3U8O6U2U5O8U7,4,2z^3+25z^2+96z+109,2w^4z^3-4w^4z^2+29w^3z^2-4w^3z+100w^2z+109w,False,False,"[[ 0 -3  0  0  1  2 -1  2 -1],[ 3  0  2  1  3  2  2  3  1],[ 0 -2  0  1  0  1 -1  1  0],[ 0 -1 -1  0  0 -1  0  1  0],[-1 -3  0  0  0  2 -2  1 -1],[-2 -2 -1  1 -2  0 -2 -1 -1],[ 1 -2  1  0  2  2  0  3 -1],[-2 -3 -1 -1 -1  1 -3  0 -2],[ 1 -1  0  0  1  1  1  2  0]]","[[ 0  2  2  1  0  0 -1 -1 -3],[-2  0  1 -1 -1 -1 -2 -3 -3],[-2 -1  0 -2  1 -1 -1 -2 -2],[-1  1  2  0  0  0 -1 -2 -3],[ 0  1 -1  0  0 -1  0  0 -1],[ 0  1  1  0  1  0  0 -1 -2],[ 1  2  1  1  0  0  0  1 -1],[ 1  3  2  2  0  1 -1  0 -2],[ 3  3  2  3  1  2  1  2  0]]",True,"[-2,-2,-1,0,0,1,1,3,-1,1,1,1,2,3,3,2,-1,1,1,2,2,0,0,1,2,3,1,0,0,1,0,1,2,-1,1,2]","[-3,-1,-1,0,0,1,2,2,0,1,1,2,1,2,3,1,0,1,0,0,1,1,1,1,1,2,-1,1,1,1,1,1,3,0,-1,-1]",t^8+68t^6+325t^4+152t^2+1,"[-3,-1,-1,0,0,1,2,2,0,1,1,2,1,2,3,1,0,1,0,0,1,1,1,1,1,2,-1,1,1,1,1,1,3,0,-1,-1]","[-2,-2,-1,0,0,1,1,3,-1,-1,1,3,1,2,3,0,1,1,0,1,2,1,1,0,1,1,1,0,1,1,1,1,2,-1,0,1]","[-3,-1,-1,0,0,1,2,2,1,2,1,2,3,2,3,1,0,0,1,1,2,0,1,2,2,3,-1,0,-1,1,0,1,1,2,1,-1]",c,"[[{8, 1}, {2, 7}, {3, 6}, {4, 5}], [{8, 1}, {2, 7}, {4, 6}, {3, 5}], [{8, 1}, {2, 7}, {5, 6}, {3, 4}], [{8, 1}, {3, 7}, {2, 6}, {4, 5}], [{8, 1}, {3, 7}, {4, 6}, {2, 5}], [{8, 1}, {3, 7}, {5, 6}, {2, 4}], [{8, 1}, {3, 7}, {5, 6}, {4}, {2}], [{8, 1}, {4, 7}, {2, 6}, {3, 5}], [{8, 1}, {4, 7}, {3, 6}, {2, 5}], [{8, 1}, {4, 7}, {5, 6}, {2, 3}], [{8, 1}, {4, 7}, {6}, {3, 5}, {2}], [{8, 1}, {5, 7}, {2, 6}, {3, 4}], [{8, 1}, {5, 7}, {3, 6}, {2, 4}], [{8, 1}, {5, 7}, {3, 6}, {4}, {2}], [{8, 1}, {5, 7}, {4, 6}, {2, 3}], [{8, 1}, {5, 7}, {4, 6}, {3}, {2}], [{8, 1}, {5, 7}, {6}, {3, 4}, {2}], [{8, 1}, {6, 7}, {2, 5}, {3, 4}], [{8, 1}, {6, 7}, {3, 5}, {2, 4}], [{8, 1}, {6, 7}, {4, 5}, {2, 3}], [{8, 1}, {6, 7}, {5}, {4}, {2, 3}], [{8, 1}, {7}, {2, 6}, {3, 5}, {4}], [{8, 1}, {7}, {2, 6}, {4, 5}, {3}], [{8, 1}, {7}, {2, 6}, {5}, {3, 4}], [{8, 1}, {7}, {5, 6}, {2, 4}, {3}], [{8, 2}, {1, 7}, {3, 6}, {4, 5}], [{8, 2}, {1, 7}, {4, 6}, {3, 5}], [{8, 2}, {1, 7}, {5, 6}, {3, 4}], [{8, 2}, {3, 7}, {1, 6}, {4, 5}], [{8, 2}, {3, 7}, {4, 6}, {1, 5}], [{8, 2}, {3, 7}, {4, 6}, {5}, {1}], [{8, 2}, {3, 7}, {5, 6}, {1, 4}], [{8, 2}, {3, 7}, {6}, {1, 5}, {4}], [{8, 2}, {4, 7}, {1, 6}, {3, 5}], [{8, 2}, {4, 7}, {3, 6}, {1, 5}], [{8, 2}, {4, 7}, {5, 6}, {1, 3}], [{8, 2}, {4, 7}, {6}, {3, 5}, {1}], [{8, 2}, {5, 7}, {1, 6}, {3, 4}], [{8, 2}, {5, 7}, {3, 6}, {1, 4}], [{8, 2}, {5, 7}, {3, 6}, {4}, {1}], [{8, 2}, {5, 7}, {4, 6}, {1, 3}], [{8, 2}, {5, 7}, {4, 6}, {3}, {1}], [{8, 2}, {5, 7}, {6}, {3, 4}, {1}], [{8, 2}, {6, 7}, {1, 5}, {3, 4}], [{8, 2}, {6, 7}, {3, 5}, {1, 4}], [{8, 2}, {6, 7}, {3, 5}, {4}, {1}], [{8, 2}, {6, 7}, {4, 5}, {1, 3}], [{8, 2}, {6, 7}, {4, 5}, {3}, {1}], [{8, 2}, {6, 7}, {5}, {3, 4}, {1}], [{8, 2}, {7}, {4, 6}, {3, 5}, {1}], [{8, 2}, {7}, {5, 6}, {3, 4}, {1}], [{8, 3}, {1, 7}, {2, 6}, {4, 5}], [{8, 3}, {1, 7}, {4, 6}, {2, 5}], [{8, 3}, {1, 7}, {5, 6}, {2, 4}], [{8, 3}, {1, 7}, {5, 6}, {4}, {2}], [{8, 3}, {2, 7}, {1, 6}, {4, 5}], [{8, 3}, {2, 7}, {4, 6}, {1, 5}], [{8, 3}, {2, 7}, {5, 6}, {1, 4}], [{8, 3}, {4, 7}, {1, 6}, {2, 5}], [{8, 3}, {4, 7}, {2, 6}, {1, 5}], [{8, 3}, {4, 7}, {5, 6}, {1, 2}], [{8, 3}, {5, 7}, {1, 6}, {2, 4}], [{8, 3}, {5, 7}, {2, 6}, {1, 4}], [{8, 3}, {5, 7}, {2, 6}, {4}, {1}], [{8, 3}, {5, 7}, {4, 6}, {1, 2}], [{8, 3}, {6, 7}, {1, 5}, {2, 4}], [{8, 3}, {6, 7}, {2, 5}, {1, 4}], [{8, 3}, {6, 7}, {4, 5}, {1, 2}], [{8, 3}, {7}, {4, 6}, {1, 5}, {2}], [{8, 4}, {1, 7}, {2, 6}, {3, 5}], [{8, 4}, {1, 7}, {3, 6}, {2, 5}], [{8, 4}, {1, 7}, {5, 6}, {2, 3}], [{8, 4}, {1, 7}, {6}, {2, 5}, {3}], [{8, 4}, {1, 7}, {6}, {3, 5}, {2}], [{8, 4}, {1, 7}, {6}, {5}, {2, 3}], [{8, 4}, {2, 7}, {1, 6}, {3, 5}], [{8, 4}, {2, 7}, {3, 6}, {1, 5}], [{8, 4}, {2, 7}, {5, 6}, {1, 3}], [{8, 4}, {2, 7}, {5, 6}, {3}, {1}], [{8, 4}, {2, 7}, {6}, {5}, {1, 3}], [{8, 4}, {3, 7}, {1, 6}, {2, 5}], [{8, 4}, {3, 7}, {2, 6}, {1, 5}], [{8, 4}, {3, 7}, {2, 6}, {5}, {1}], [{8, 4}, {3, 7}, {5, 6}, {1, 2}], [{8, 4}, {3, 7}, {6}, {1, 5}, {2}], [{8, 4}, {5, 7}, {1, 6}, {2, 3}], [{8, 4}, {5, 7}, {2, 6}, {1, 3}], [{8, 4}, {5, 7}, {2, 6}, {3}, {1}], [{8, 4}, {5, 7}, {3, 6}, {1, 2}], [{8, 4}, {6, 7}, {1, 5}, {2, 3}], [{8, 4}, {6, 7}, {2, 5}, {1, 3}], [{8, 4}, {6, 7}, {3, 5}, {1, 2}], [{8, 4}, {7}, {2, 6}, {3, 5}, {1}], [{8, 5}, {1, 7}, {2, 6}, {3, 4}], [{8, 5}, {1, 7}, {3, 6}, {2, 4}], [{8, 5}, {1, 7}, {3, 6}, {4}, {2}], [{8, 5}, {1, 7}, {4, 6}, {2, 3}], [{8, 5}, {1, 7}, {4, 6}, {3}, {2}], [{8, 5}, {1, 7}, {6}, {3, 4}, {2}], [{8, 5}, {2, 7}, {1, 6}, {3, 4}], [{8, 5}, {2, 7}, {3, 6}, {1, 4}], [{8, 5}, {2, 7}, {4, 6}, {1, 3}], [{8, 5}, {3, 7}, {1, 6}, {2, 4}], [{8, 5}, {3, 7}, {2, 6}, {1, 4}], [{8, 5}, {3, 7}, {4, 6}, {1, 2}], [{8, 5}, {3, 7}, {6}, {1, 4}, {2}], [{8, 5}, {4, 7}, {1, 6}, {2, 3}], [{8, 5}, {4, 7}, {2, 6}, {1, 3}], [{8, 5}, {4, 7}, {3, 6}, {1, 2}], [{8, 5}, {6, 7}, {1, 4}, {2, 3}], [{8, 5}, {6, 7}, {2, 4}, {1, 3}], [{8, 5}, {6, 7}, {3, 4}, {1, 2}], [{8, 5}, {7}, {2, 6}, {3, 4}, {1}], [{8, 6}, {1, 7}, {2, 5}, {3, 4}], [{8, 6}, {1, 7}, {3, 5}, {2, 4}], [{8, 6}, {1, 7}, {4, 5}, {2, 3}], [{8, 6}, {1, 7}, {5}, {4}, {2, 3}], [{8, 6}, {2, 7}, {1, 5}, {3, 4}], [{8, 6}, {2, 7}, {3, 5}, {1, 4}], [{8, 6}, {2, 7}, {4, 5}, {1, 3}], [{8, 6}, {2, 7}, {5}, {4}, {1, 3}], [{8, 6}, {3, 7}, {1, 5}, {2, 4}], [{8, 6}, {3, 7}, {1, 5}, {4}, {2}], [{8, 6}, {3, 7}, {2, 5}, {1, 4}], [{8, 6}, {3, 7}, {4, 5}, {1, 2}], [{8, 6}, {3, 7}, {5}, {2, 4}, {1}], [{8, 6}, {4, 7}, {1, 5}, {2, 3}], [{8, 6}, {4, 7}, {2, 5}, {1, 3}], [{8, 6}, {4, 7}, {3, 5}, {1, 2}], [{8, 6}, {4, 7}, {3, 5}, {2}, {1}], [{8, 6}, {5, 7}, {1, 4}, {2, 3}], [{8, 6}, {5, 7}, {1, 4}, {3}, {2}], [{8, 6}, {5, 7}, {2, 4}, {1, 3}], [{8, 6}, {5, 7}, {3, 4}, {1, 2}], [{8, 6}, {5, 7}, {3, 4}, {2}, {1}], [{8, 6}, {5, 7}, {4}, {1, 3}, {2}], [{8, 6}, {7}, {2, 5}, {4}, {1, 3}], [{8, 7}, {1, 6}, {2, 5}, {3, 4}], [{8, 7}, {1, 6}, {3, 5}, {2, 4}], [{8, 7}, {1, 6}, {4, 5}, {2, 3}], [{8, 7}, {2, 6}, {1, 5}, {3, 4}], [{8, 7}, {2, 6}, {3, 5}, {1, 4}], [{8, 7}, {2, 6}, {3, 5}, {4}, {1}], [{8, 7}, {2, 6}, {4, 5}, {1, 3}], [{8, 7}, {2, 6}, {4, 5}, {3}, {1}], [{8, 7}, {2, 6}, {5}, {3, 4}, {1}], [{8, 7}, {3, 6}, {1, 5}, {2, 4}], [{8, 7}, {3, 6}, {1, 5}, {4}, {2}], [{8, 7}, {3, 6}, {2, 5}, {1, 4}], [{8, 7}, {3, 6}, {4, 5}, {1, 2}], [{8, 7}, {4, 6}, {1, 5}, {2, 3}], [{8, 7}, {4, 6}, {1, 5}, {3}, {2}], [{8, 7}, {4, 6}, {2, 5}, {1, 3}], [{8, 7}, {4, 6}, {3, 5}, {1, 2}], [{8, 7}, {5, 6}, {1, 4}, {2, 3}], [{8, 7}, {5, 6}, {2, 4}, {1, 3}], [{8, 7}, {5, 6}, {3, 4}, {1, 2}], [{8, 7}, {5, 6}, {4}, {1, 3}, {2}], [{8, 7}, {6}, {1, 5}, {3, 4}, {2}], [{8, 7}, {6}, {2, 5}, {1, 4}, {3}], [{8, 7}, {6}, {3, 5}, {1, 4}, {2}], [{8, 7}, {6}, {5}, {1, 4}, {2, 3}], [{8}, {1, 7}, {2, 6}, {3, 5}, {4}], [{8}, {1, 7}, {2, 6}, {4, 5}, {3}], [{8}, {1, 7}, {2, 6}, {5}, {3, 4}], [{8}, {1, 7}, {3, 6}, {5}, {2, 4}], [{8}, {1, 7}, {4, 6}, {5}, {2, 3}], [{8}, {2, 7}, {1, 6}, {3, 5}, {4}], [{8}, {2, 7}, {1, 6}, {4, 5}, {3}], [{8}, {2, 7}, {1, 6}, {5}, {3, 4}], [{8}, {2, 7}, {4, 6}, {5}, {1, 3}], [{8}, {3, 7}, {1, 6}, {2, 5}, {4}], [{8}, {3, 7}, {2, 6}, {1, 5}, {4}], [{8}, {3, 7}, {4, 6}, {1, 5}, {2}], [{8}, {3, 7}, {6}, {1, 5}, {2, 4}], [{8}, {4, 7}, {1, 6}, {2, 5}, {3}], [{8}, {4, 7}, {1, 6}, {3, 5}, {2}], [{8}, {4, 7}, {1, 6}, {5}, {2, 3}], [{8}, {4, 7}, {2, 6}, {1, 5}, {3}], [{8}, {4, 7}, {2, 6}, {3, 5}, {1}], [{8}, {4, 7}, {2, 6}, {5}, {1, 3}], [{8}, {4, 7}, {6}, {3, 5}, {1, 2}], [{8}, {4, 7}, {6}, {3, 5}, {2}, {1}], [{8}, {5, 7}, {1, 6}, {3, 4}, {2}], [{8}, {5, 7}, {2, 6}, {3, 4}, {1}], [{8}, {5, 7}, {3, 6}, {4}, {1, 2}], [{8}, {5, 7}, {4, 6}, {3}, {1, 2}], [{8}, {5, 7}, {6}, {3, 4}, {1, 2}], [{8}, {5, 7}, {6}, {3, 4}, {2}, {1}], [{8}, {6, 7}, {5}, {2, 4}, {1, 3}], [{8}, {7}, {1, 6}, {2, 5}, {3, 4}], [{8}, {7}, {1, 6}, {3, 5}, {2, 4}], [{8}, {7}, {2, 6}, {1, 5}, {3, 4}], [{8}, {7}, {2, 6}, {3, 5}, {1, 4}], [{8}, {7}, {5, 6}, {1, 4}, {2, 3}]]",2,- 16 K_1^2 - 2 K_1 K_2 + K_1 + 8 K_2 + K_3 + 9,O1O2O3U4O5U6U2O7U5U1O4U7U3O8O6U8,O1O2U3O4O5U2O6O7U5O3U1U6U4O8U7U8,O1O2U3O4O5U6O3O7U8U1O8U5U2U7O6U4,c,{'O1O2O3U4O5O4U1U6O7U3U8O6U2U5O8U7'},1,"<a href=""/flatknot/8.975588"">8.975588</a>",t^9-70t^7-292t^6-281t^5+294t^4+463t^3+36t^2-18t+12,t^3-2t^2+t,,
8.975589,O1O2O3U4O5O4U1U6O7U5U2O6U8U3O8U7,4,14z^2+83z+111,14w^3z^2+83w^2z+111w,False,False,"[[ 0 -3  0  2  1  0 -1  2 -1],[ 3  0  2  3  3  0  1  3  2],[ 0 -2  0  0  1 -1 -1  2 -1],[-2 -3  0  0 -1  0 -3  0 -2],[-1 -3 -1  1  0  0 -1  1 -2],[ 0  0  1  0  0  0  0  0  0],[ 1 -1  1  3  1  0  0  2  0],[-2 -3 -2  0 -1  0 -2  0 -2],[ 1 -2  1  2  2  0  0  2  0]]","[[ 0  2  2  1  0  0 -1 -1 -3],[-2  0  0 -1  0  0 -2 -3 -3],[-2  0  0 -1  0 -2 -2 -2 -3],[-1  1  1  0  0 -1 -2 -1 -3],[ 0  0  0  0  0  1  0  0  0],[ 0  0  2  1 -1  0 -1 -1 -2],[ 1  2  2  2  0  1  0  0 -2],[ 1  3  2  1  0  1  0  0 -1],[ 3  3  3  3  0  2  2  1  0]]",True,"[-2,-2,-1,0,0,1,1,3,0,1,0,0,2,3,3,1,0,2,2,2,3,0,1,2,1,3,-1,0,0,0,1,1,2,0,2,1]","[-3,-1,-1,0,0,1,2,2,0,1,1,3,1,2,2,0,0,1,0,1,1,0,1,1,0,1,1,0,2,0,1,2,2,0,0,0]",t^8+72t^6+324t^4+223t^2+4,"[-3,-1,-1,0,0,1,2,2,0,1,1,3,1,2,2,0,0,1,0,1,1,0,1,1,0,1,1,0,2,0,1,2,2,0,0,0]","[-2,-2,-1,0,0,1,1,3,0,0,0,2,1,1,2,0,2,2,0,1,2,0,1,1,0,1,-1,0,0,1,1,1,3,0,1,0]","[-3,-1,-1,0,0,1,2,2,1,2,0,2,3,3,3,0,0,1,1,2,3,0,1,2,2,2,1,0,0,0,1,2,0,1,1,0]",c,"[[{8, 3}, {1, 7}, {2, 6}, {4, 5}]]",1,8 K_1^3 - 24 K_1^2 - 14 K_1 K_2 + K_1 + 12 K_2 + 5 K_3 + 13,O1O2O3U4O5U1U5O6U2U7O4U6U3O8O7U8,O1O2U3O4O5U2O6O7U6O3U1U5U7O8U4U8,O1O2U3O4O5U6O3O7U8U5O8U1U4U7O6U2,c,{'O1O2O3U4O5O4U1U6O7U5U2O6U8U3O8U7'},1,"<a href=""/flatknot/8.975589"">8.975589</a>",t^9-74t^7-254t^6+18t^5+720t^4+204t^3-478t^2+2t-10,t^3-2t^2+t,,
8.975590,O1O2O3U4O5O4U1U6O7U5U2O6U8U7O8U3,4,3z^3+26z^2+86z+93,3w^4z^3+26w^3z^2+86w^2z+93w,False,False,"[[ 0 -3  0  2  1  0 -1  2 -1],[ 3  0  2  3  3  0  1  2  3],[ 0 -2  0  1  1 -1 -1  1 -1],[-2 -3 -1  0 -1 -1 -2  1 -3],[-1 -3 -1  1  0  0 -1  1 -2],[ 0  0  1  1  0  0  0  0 -1],[ 1 -1  1  2  1  0  0  2  1],[-2 -2 -1 -1 -1  0 -2  0 -2],[ 1 -3  1  3  2  1 -1  2  0]]","[[ 0  2  2  1  0  0 -1 -1 -3],[-2  0  1 -1 -1 -1 -2 -3 -3],[-2 -1  0 -1  0 -1 -2 -2 -2],[-1  1  1  0  0 -1 -1 -2 -3],[ 0  1  0  0  0  1  0 -1  0],[ 0  1  1  1 -1  0 -1 -1 -2],[ 1  2  2  1  0  1  0  1 -1],[ 1  3  2  2  1  1 -1  0 -3],[ 3  3  2  3  0  2  1  3  0]]",True,"[-2,-2,-1,0,0,1,1,3,-1,1,1,1,2,3,3,1,0,1,2,2,2,0,1,1,2,3,-1,0,1,0,1,1,2,-1,1,3]","[-3,-1,-1,0,0,1,2,2,-1,1,1,3,1,2,3,1,0,0,0,0,1,0,1,1,1,1,1,0,1,1,1,1,2,0,0,-1]",t^8+74t^6+269t^4+204t^2,"[-3,-1,-1,0,0,1,2,2,-1,1,1,3,1,2,3,1,0,0,0,0,1,0,1,1,1,1,1,0,1,1,1,1,2,0,0,-1]","[-2,-2,-1,0,0,1,1,3,-1,0,1,2,1,1,3,0,1,1,0,1,2,0,1,0,1,1,-1,0,0,1,0,1,3,-1,-1,1]","[-3,-1,-1,0,0,1,2,2,1,3,0,2,3,2,3,1,0,1,1,2,2,1,1,2,2,3,1,0,0,1,1,1,1,1,1,-1]",c,"[[{8, 4}, {5, 7}, {2, 6}, {1, 3}], [{8, 4}, {5, 7}, {3, 6}, {1, 2}], [{8, 7}, {2, 6}, {4, 5}, {1, 3}]]",1,- 12 K_1^2 - 2 K_1 K_2 + K_1 + 6 K_2 + K_3 + 7,O1O2O3U1O4U5U4O6U2U7O5U6U3O8O7U8,O1O2U3O4O5U2O6O3U6O7U1U5U7O8U4U8,O1O2U3O4O5U1O3O6U7U5O7U8U4U6O8U2,c,{'O1O2O3U4O5O4U1U6O7U5U2O6U8U7O8U3'},1,"<a href=""/flatknot/8.975590"">8.975590</a>",t^9-76t^7-362t^6-551t^5-160t^4+198t^3+114t^2+48t-4,t^3-2t^2+t,,
8.975591,O1O2O3U4O5O4U1U6O7U5U3O6U8U2O8U7,4,15z^2+84z+109,15w^3z^2+84w^2z+109w,False,False,"[[ 0 -3  1  1  1  0 -1  2 -1],[ 3  0  3  2  3  0  1  3  2],[-1 -3  0  1  0  0 -3  1 -1],[-1 -2 -1  0  0 -1 -2  1 -1],[-1 -3  0  0  0  0 -1  1 -2],[ 0  0  0  1  0  0  0  0  0],[ 1 -1  3  2  1  0  0  2  0],[-2 -3 -1 -1 -1  0 -2  0 -2],[ 1 -2  1  1  2  0  0  2  0]]","[[ 0  2  1  1  1  0 -1 -1 -3],[-2  0 -1 -1 -1  0 -2 -2 -3],[-1  1  0  1  0  0 -1 -3 -3],[-1  1 -1  0  0 -1 -1 -2 -2],[-1  1  0  0  0  0 -2 -1 -3],[ 0  0  0  1  0  0  0  0  0],[ 1  2  1  1  2  0  0  0 -2],[ 1  2  3  2  1  0  0  0 -1],[ 3  3  3  2  3  0  2  1  0]]",True,"[-2,-1,-1,-1,0,1,1,3,1,1,1,0,2,2,3,-1,0,0,1,3,3,0,1,1,2,2,0,2,1,3,0,0,0,0,2,1]","[-3,-1,-1,0,1,1,1,2,0,1,3,1,1,2,2,0,1,0,1,1,1,1,1,-1,0,1,1,1,0,2,0,0,0,-1,0,0]",t^8+69t^6+305t^4+220t^2+4,"[-3,-1,-1,0,1,1,1,2,0,1,3,1,1,2,2,0,1,0,1,1,1,1,1,-1,0,1,1,1,0,2,0,0,0,-1,0,0]","[-2,-1,-1,-1,0,1,1,3,0,0,0,2,1,1,2,-1,0,0,0,1,2,0,1,-1,1,1,1,1,0,1,1,1,3,0,1,0]","[-3,-1,-1,0,1,1,1,2,1,2,0,2,3,3,3,0,0,2,1,3,2,0,1,2,1,2,1,0,0,0,0,-1,1,0,1,1]",c,"[[{8, 1}, {2, 7}, {3, 6}, {4, 5}], [{8, 1}, {2, 7}, {4, 6}, {3, 5}], [{8, 1}, {2, 7}, {5, 6}, {3, 4}], [{8, 1}, {2, 7}, {5, 6}, {4}, {3}], [{8, 1}, {3, 7}, {2, 6}, {4, 5}], [{8, 1}, {3, 7}, {4, 6}, {2, 5}], [{8, 1}, {3, 7}, {5, 6}, {2, 4}], [{8, 1}, {3, 7}, {6}, {2, 5}, {4}], [{8, 1}, {4, 7}, {2, 6}, {3, 5}], [{8, 1}, {4, 7}, {3, 6}, {2, 5}], [{8, 1}, {4, 7}, {5, 6}, {2, 3}], [{8, 1}, {5, 7}, {2, 6}, {3, 4}], [{8, 1}, {5, 7}, {3, 6}, {2, 4}], [{8, 1}, {5, 7}, {4, 6}, {2, 3}], [{8, 1}, {6, 7}, {2, 5}, {3, 4}], [{8, 1}, {6, 7}, {3, 5}, {2, 4}], [{8, 1}, {6, 7}, {4, 5}, {2, 3}], [{8, 1}, {7}, {2, 6}, {3, 5}, {4}], [{8, 1}, {7}, {3, 6}, {5}, {2, 4}], [{8, 1}, {7}, {4, 6}, {5}, {2, 3}], [{8, 2}, {1, 7}, {3, 6}, {4, 5}], [{8, 2}, {1, 7}, {3, 6}, {5}, {4}], [{8, 2}, {1, 7}, {4, 6}, {3, 5}], [{8, 2}, {1, 7}, {5, 6}, {3, 4}], [{8, 2}, {1, 7}, {6}, {4, 5}, {3}], [{8, 2}, {3, 7}, {1, 6}, {4, 5}], [{8, 2}, {3, 7}, {1, 6}, {5}, {4}], [{8, 2}, {3, 7}, {4, 6}, {1, 5}], [{8, 2}, {3, 7}, {5, 6}, {1, 4}], [{8, 2}, {4, 7}, {1, 6}, {3, 5}], [{8, 2}, {4, 7}, {3, 6}, {1, 5}], [{8, 2}, {4, 7}, {3, 6}, {5}, {1}], [{8, 2}, {4, 7}, {5, 6}, {1, 3}], [{8, 2}, {4, 7}, {6}, {1, 5}, {3}], [{8, 2}, {5, 7}, {1, 6}, {3, 4}], [{8, 2}, {5, 7}, {1, 6}, {4}, {3}], [{8, 2}, {5, 7}, {3, 6}, {1, 4}], [{8, 2}, {5, 7}, {3, 6}, {4}, {1}], [{8, 2}, {5, 7}, {4, 6}, {1, 3}], [{8, 2}, {5, 7}, {4, 6}, {3}, {1}], [{8, 2}, {5, 7}, {6}, {1, 4}, {3}], [{8, 2}, {5, 7}, {6}, {3, 4}, {1}], [{8, 2}, {5, 7}, {6}, {4}, {1, 3}], [{8, 2}, {5, 7}, {6}, {4}, {3}, {1}], [{8, 2}, {6, 7}, {1, 5}, {3, 4}], [{8, 2}, {6, 7}, {3, 5}, {1, 4}], [{8, 2}, {6, 7}, {4, 5}, {1, 3}], [{8, 2}, {7}, {1, 6}, {3, 5}, {4}], [{8, 2}, {7}, {3, 6}, {1, 5}, {4}], [{8, 2}, {7}, {3, 6}, {4, 5}, {1}], [{8, 2}, {7}, {3, 6}, {5}, {1, 4}], [{8, 3}, {1, 7}, {2, 6}, {4, 5}], [{8, 3}, {1, 7}, {2, 6}, {5}, {4}], [{8, 3}, {1, 7}, {4, 6}, {2, 5}], [{8, 3}, {1, 7}, {5, 6}, {2, 4}], [{8, 3}, {1, 7}, {6}, {4, 5}, {2}], [{8, 3}, {2, 7}, {1, 6}, {4, 5}], [{8, 3}, {2, 7}, {4, 6}, {1, 5}], [{8, 3}, {2, 7}, {5, 6}, {1, 4}], [{8, 3}, {2, 7}, {6}, {1, 5}, {4}], [{8, 3}, {4, 7}, {1, 6}, {2, 5}], [{8, 3}, {4, 7}, {2, 6}, {1, 5}], [{8, 3}, {4, 7}, {2, 6}, {5}, {1}], [{8, 3}, {4, 7}, {5, 6}, {1, 2}], [{8, 3}, {4, 7}, {6}, {1, 5}, {2}], [{8, 3}, {5, 7}, {1, 6}, {2, 4}], [{8, 3}, {5, 7}, {2, 6}, {1, 4}], [{8, 3}, {5, 7}, {2, 6}, {4}, {1}], [{8, 3}, {5, 7}, {4, 6}, {1, 2}], [{8, 3}, {5, 7}, {6}, {1, 4}, {2}], [{8, 3}, {6, 7}, {1, 5}, {2, 4}], [{8, 3}, {6, 7}, {1, 5}, {4}, {2}], [{8, 3}, {6, 7}, {2, 5}, {1, 4}], [{8, 3}, {6, 7}, {4, 5}, {1, 2}], [{8, 3}, {7}, {2, 6}, {1, 5}, {4}], [{8, 3}, {7}, {2, 6}, {4, 5}, {1}], [{8, 3}, {7}, {2, 6}, {5}, {1, 4}], [{8, 3}, {7}, {4, 6}, {1, 5}, {2}], [{8, 3}, {7}, {6}, {1, 5}, {2, 4}], [{8, 3}, {7}, {6}, {1, 5}, {4}, {2}], [{8, 4}, {1, 7}, {2, 6}, {3, 5}], [{8, 4}, {1, 7}, {2, 6}, {5}, {3}], [{8, 4}, {1, 7}, {3, 6}, {2, 5}], [{8, 4}, {1, 7}, {5, 6}, {2, 3}], [{8, 4}, {1, 7}, {6}, {3, 5}, {2}], [{8, 4}, {2, 7}, {1, 6}, {3, 5}], [{8, 4}, {2, 7}, {3, 6}, {1, 5}], [{8, 4}, {2, 7}, {5, 6}, {1, 3}], [{8, 4}, {2, 7}, {6}, {1, 5}, {3}], [{8, 4}, {3, 7}, {1, 6}, {2, 5}], [{8, 4}, {3, 7}, {2, 6}, {1, 5}], [{8, 4}, {3, 7}, {2, 6}, {5}, {1}], [{8, 4}, {3, 7}, {5, 6}, {1, 2}], [{8, 4}, {5, 7}, {1, 6}, {2, 3}], [{8, 4}, {5, 7}, {1, 6}, {3}, {2}], [{8, 4}, {5, 7}, {2, 6}, {1, 3}], [{8, 4}, {5, 7}, {3, 6}, {1, 2}], [{8, 4}, {6, 7}, {1, 5}, {2, 3}], [{8, 4}, {6, 7}, {2, 5}, {1, 3}], [{8, 4}, {6, 7}, {3, 5}, {1, 2}], [{8, 4}, {6, 7}, {5}, {3}, {1, 2}], [{8, 4}, {7}, {1, 6}, {5}, {2, 3}], [{8, 4}, {7}, {2, 6}, {5}, {1, 3}], [{8, 4}, {7}, {3, 6}, {1, 5}, {2}], [{8, 4}, {7}, {5, 6}, {1, 3}, {2}], [{8, 4}, {7}, {6}, {2, 5}, {1, 3}], [{8, 5}, {1, 7}, {2, 6}, {3, 4}], [{8, 5}, {1, 7}, {2, 6}, {4}, {3}], [{8, 5}, {1, 7}, {3, 6}, {2, 4}], [{8, 5}, {1, 7}, {4, 6}, {2, 3}], [{8, 5}, {2, 7}, {1, 6}, {3, 4}], [{8, 5}, {2, 7}, {3, 6}, {1, 4}], [{8, 5}, {2, 7}, {4, 6}, {1, 3}], [{8, 5}, {3, 7}, {1, 6}, {2, 4}], [{8, 5}, {3, 7}, {2, 6}, {1, 4}], [{8, 5}, {3, 7}, {4, 6}, {1, 2}], [{8, 5}, {4, 7}, {1, 6}, {2, 3}], [{8, 5}, {4, 7}, {2, 6}, {1, 3}], [{8, 5}, {4, 7}, {3, 6}, {1, 2}], [{8, 5}, {6, 7}, {1, 4}, {2, 3}], [{8, 5}, {6, 7}, {2, 4}, {1, 3}], [{8, 5}, {6, 7}, {3, 4}, {1, 2}], [{8, 5}, {6, 7}, {4}, {3}, {1, 2}], [{8, 5}, {7}, {1, 6}, {2, 4}, {3}], [{8, 5}, {7}, {3, 6}, {2, 4}, {1}], [{8, 5}, {7}, {6}, {1, 4}, {2, 3}], [{8, 5}, {7}, {6}, {2, 4}, {1, 3}], [{8, 6}, {1, 7}, {2, 5}, {3, 4}], [{8, 6}, {1, 7}, {3, 5}, {2, 4}], [{8, 6}, {1, 7}, {4, 5}, {2, 3}], [{8, 6}, {1, 7}, {4, 5}, {3}, {2}], [{8, 6}, {1, 7}, {5}, {4}, {2, 3}], [{8, 6}, {2, 7}, {1, 5}, {3, 4}], [{8, 6}, {2, 7}, {1, 5}, {4}, {3}], [{8, 6}, {2, 7}, {3, 5}, {1, 4}], [{8, 6}, {2, 7}, {4, 5}, {1, 3}], [{8, 6}, {3, 7}, {1, 5}, {2, 4}], [{8, 6}, {3, 7}, {1, 5}, {4}, {2}], [{8, 6}, {3, 7}, {2, 5}, {1, 4}], [{8, 6}, {3, 7}, {4, 5}, {1, 2}], [{8, 6}, {4, 7}, {1, 5}, {2, 3}], [{8, 6}, {4, 7}, {1, 5}, {3}, {2}], [{8, 6}, {4, 7}, {2, 5}, {1, 3}], [{8, 6}, {4, 7}, {3, 5}, {1, 2}], [{8, 6}, {4, 7}, {5}, {2, 3}, {1}], [{8, 6}, {5, 7}, {1, 4}, {2, 3}], [{8, 6}, {5, 7}, {1, 4}, {3}, {2}], [{8, 6}, {5, 7}, {2, 4}, {1, 3}], [{8, 6}, {5, 7}, {3, 4}, {1, 2}], [{8, 6}, {5, 7}, {4}, {2, 3}, {1}], [{8, 6}, {7}, {1, 5}, {2, 4}, {3}], [{8, 6}, {7}, {1, 5}, {3, 4}, {2}], [{8, 6}, {7}, {1, 5}, {4}, {2, 3}], [{8, 6}, {7}, {1, 5}, {4}, {3}, {2}], [{8, 6}, {7}, {2, 5}, {4}, {1, 3}], [{8, 6}, {7}, {3, 5}, {4}, {1, 2}], [{8, 6}, {7}, {4, 5}, {2, 3}, {1}], [{8, 6}, {7}, {5}, {1, 4}, {2, 3}], [{8, 6}, {7}, {5}, {4}, {2, 3}, {1}], [{8, 7}, {1, 6}, {2, 5}, {3, 4}], [{8, 7}, {1, 6}, {2, 5}, {4}, {3}], [{8, 7}, {1, 6}, {3, 5}, {2, 4}], [{8, 7}, {1, 6}, {4, 5}, {2, 3}], [{8, 7}, {1, 6}, {4, 5}, {3}, {2}], [{8, 7}, {1, 6}, {5}, {2, 4}, {3}], [{8, 7}, {2, 6}, {1, 5}, {3, 4}], [{8, 7}, {2, 6}, {3, 5}, {1, 4}], [{8, 7}, {2, 6}, {3, 5}, {4}, {1}], [{8, 7}, {2, 6}, {4, 5}, {1, 3}], [{8, 7}, {3, 6}, {1, 5}, {2, 4}], [{8, 7}, {3, 6}, {1, 5}, {4}, {2}], [{8, 7}, {3, 6}, {2, 5}, {1, 4}], [{8, 7}, {3, 6}, {2, 5}, {4}, {1}], [{8, 7}, {3, 6}, {4, 5}, {1, 2}], [{8, 7}, {3, 6}, {5}, {4}, {1, 2}], [{8, 7}, {4, 6}, {1, 5}, {2, 3}], [{8, 7}, {4, 6}, {2, 5}, {1, 3}], [{8, 7}, {4, 6}, {3, 5}, {1, 2}], [{8, 7}, {5, 6}, {1, 4}, {2, 3}], [{8, 7}, {5, 6}, {2, 4}, {1, 3}], [{8, 7}, {5, 6}, {3, 4}, {1, 2}], [{8, 7}, {5, 6}, {3, 4}, {2}, {1}], [{8, 7}, {6}, {2, 5}, {4}, {1, 3}], [{8, 7}, {6}, {5}, {1, 4}, {2, 3}], [{8}, {1, 7}, {2, 6}, {3, 5}, {4}], [{8}, {1, 7}, {2, 6}, {4, 5}, {3}], [{8}, {1, 7}, {2, 6}, {5}, {3, 4}], [{8}, {1, 7}, {2, 6}, {5}, {4}, {3}], [{8}, {1, 7}, {3, 6}, {4, 5}, {2}], [{8}, {1, 7}, {6}, {4, 5}, {2, 3}], [{8}, {2, 7}, {3, 6}, {1, 5}, {4}], [{8}, {2, 7}, {4, 6}, {1, 5}, {3}], [{8}, {2, 7}, {4, 6}, {3, 5}, {1}], [{8}, {2, 7}, {4, 6}, {5}, {1, 3}], [{8}, {2, 7}, {6}, {1, 5}, {3, 4}], [{8}, {3, 7}, {5, 6}, {2, 4}, {1}], [{8}, {4, 7}, {2, 6}, {1, 5}, {3}], [{8}, {4, 7}, {3, 6}, {1, 5}, {2}], [{8}, {4, 7}, {5, 6}, {3}, {1, 2}], [{8}, {4, 7}, {6}, {1, 5}, {2, 3}], [{8}, {4, 7}, {6}, {2, 5}, {1, 3}], [{8}, {5, 7}, {1, 6}, {2, 4}, {3}], [{8}, {5, 7}, {2, 6}, {1, 4}, {3}], [{8}, {5, 7}, {3, 6}, {1, 4}, {2}], [{8}, {5, 7}, {4, 6}, {1, 3}, {2}], [{8}, {5, 7}, {6}, {1, 4}, {2, 3}], [{8}, {6, 7}, {2, 5}, {1, 4}, {3}], [{8}, {6, 7}, {2, 5}, {3, 4}, {1}], [{8}, {6, 7}, {2, 5}, {4}, {1, 3}], [{8}, {6, 7}, {3, 5}, {1, 4}, {2}], [{8}, {6, 7}, {4, 5}, {3}, {1, 2}], [{8}, {6, 7}, {5}, {1, 4}, {2, 3}], [{8}, {7}, {3, 6}, {1, 5}, {2, 4}], [{8}, {7}, {3, 6}, {1, 5}, {4}, {2}], [{8}, {7}, {4, 6}, {2, 5}, {1, 3}], [{8}, {7}, {5, 6}, {1, 4}, {2, 3}], [{8}, {7}, {6}, {5}, {1, 4}, {2, 3}]]",2,4 K_1^3 - 18 K_1^2 - 14 K_1 K_2 + 4 K_1 + 9 K_2 + 6 K_3 + 10,O1O2O3U4O5U2U5O6U1U7O4U6U3O8O7U8,O1O2U3O4O5U2O6O7U6O3U1U7U5O8U4U8,O1O2U3O4O5U6O3O7U8U5O8U4U1U7O6U2,c,{'O1O2O3U4O5O4U1U6O7U5U3O6U8U2O8U7'},1,"<a href=""/flatknot/8.975591"">8.975591</a>",t^9-73t^7-232t^6+80t^5+998t^4+973t^3-66t^2-296t-22,t^3-t^2-t,,
8.975592,O1O2O3U4O5O4U1U6O7U5U3O6U8U7O8U2,4,z^3+22z^2+104z+129,w^4z^3+22w^3z^2+104w^2z+129w,False,False,"[[ 0 -3  1  1  1  0 -1  2 -1],[ 3  0  3  2  3  0  1  2  3],[-1 -3  0  0  0 -1 -2  2 -2],[-1 -2  0  0  0 -1 -2  1 -2],[-1 -3  0  0  0  0 -1  1 -2],[ 0  0  1  1  0  0  0  0 -1],[ 1 -1  2  2  1  0  0  2  1],[-2 -2 -2 -1 -1  0 -2  0 -2],[ 1 -3  2  2  2  1 -1  2  0]]","[[ 0  2  1  1  1  0 -1 -1 -3],[-2  0 -1 -1 -2  0 -2 -2 -2],[-1  1  0  0  0  0 -1 -2 -3],[-1  1  0  0  0 -1 -2 -2 -2],[-1  2  0  0  0 -1 -2 -2 -3],[ 0  0  0  1  1  0  0 -1  0],[ 1  2  1  2  2  0  0  1 -1],[ 1  2  2  2  2  1 -1  0 -3],[ 3  2  3  2  3  0  1  3  0]]",True,"[-2,-1,-1,-1,0,1,1,3,1,1,2,0,2,2,2,0,0,0,1,2,3,0,1,2,2,2,1,2,2,3,0,1,0,-1,1,3]","[-3,-1,-1,0,1,1,1,2,-1,1,3,1,1,2,3,1,0,0,0,0,1,1,0,1,0,1,0,1,0,2,0,0,-1,0,0,0]",t^8+75t^6+306t^4+214t^2+4,"[-3,-1,-1,0,1,1,1,2,-1,1,3,1,1,2,3,1,0,0,0,0,1,1,0,1,0,1,0,1,0,2,0,0,-1,0,0,0]","[-2,-1,-1,-1,0,1,1,3,-1,0,0,2,1,1,3,0,0,0,0,0,1,0,0,0,0,2,1,0,1,1,0,1,3,-1,-1,1]","[-3,-1,-1,0,1,1,1,2,1,3,0,2,3,3,2,1,0,2,1,2,2,1,2,2,2,2,1,0,1,0,0,0,1,0,1,2]",c,"[[{8, 1}, {2, 7}, {3, 6}, {4, 5}], [{8, 1}, {2, 7}, {3, 6}, {5}, {4}], [{8, 1}, {2, 7}, {4, 6}, {3, 5}], [{8, 1}, {2, 7}, {5, 6}, {3, 4}], [{8, 1}, {3, 7}, {2, 6}, {4, 5}], [{8, 1}, {3, 7}, {4, 6}, {2, 5}], [{8, 1}, {3, 7}, {5, 6}, {2, 4}], [{8, 1}, {4, 7}, {2, 6}, {3, 5}], [{8, 1}, {4, 7}, {3, 6}, {2, 5}], [{8, 1}, {4, 7}, {5, 6}, {2, 3}], [{8, 1}, {5, 7}, {2, 6}, {3, 4}], [{8, 1}, {5, 7}, {3, 6}, {2, 4}], [{8, 1}, {5, 7}, {4, 6}, {2, 3}], [{8, 1}, {6, 7}, {2, 5}, {3, 4}], [{8, 1}, {6, 7}, {3, 5}, {2, 4}], [{8, 1}, {6, 7}, {4, 5}, {2, 3}], [{8, 1}, {6, 7}, {5}, {2, 4}, {3}], [{8, 1}, {7}, {2, 6}, {3, 5}, {4}], [{8, 1}, {7}, {6}, {2, 5}, {3, 4}], [{8, 2}, {1, 7}, {3, 6}, {4, 5}], [{8, 2}, {1, 7}, {3, 6}, {5}, {4}], [{8, 2}, {1, 7}, {4, 6}, {3, 5}], [{8, 2}, {1, 7}, {5, 6}, {3, 4}], [{8, 2}, {1, 7}, {6}, {4, 5}, {3}], [{8, 2}, {3, 7}, {1, 6}, {4, 5}], [{8, 2}, {3, 7}, {4, 6}, {1, 5}], [{8, 2}, {3, 7}, {5, 6}, {1, 4}], [{8, 2}, {4, 7}, {1, 6}, {3, 5}], [{8, 2}, {4, 7}, {3, 6}, {1, 5}], [{8, 2}, {4, 7}, {3, 6}, {5}, {1}], [{8, 2}, {4, 7}, {5, 6}, {1, 3}], [{8, 2}, {5, 7}, {1, 6}, {3, 4}], [{8, 2}, {5, 7}, {3, 6}, {1, 4}], [{8, 2}, {5, 7}, {4, 6}, {1, 3}], [{8, 2}, {6, 7}, {1, 5}, {3, 4}], [{8, 2}, {6, 7}, {1, 5}, {4}, {3}], [{8, 2}, {6, 7}, {3, 5}, {1, 4}], [{8, 2}, {6, 7}, {4, 5}, {1, 3}], [{8, 2}, {7}, {1, 6}, {3, 5}, {4}], [{8, 2}, {7}, {3, 6}, {5}, {1, 4}], [{8, 2}, {7}, {5, 6}, {3, 4}, {1}], [{8, 3}, {1, 7}, {2, 6}, {4, 5}], [{8, 3}, {1, 7}, {2, 6}, {5}, {4}], [{8, 3}, {1, 7}, {4, 6}, {2, 5}], [{8, 3}, {1, 7}, {5, 6}, {2, 4}], [{8, 3}, {1, 7}, {6}, {4, 5}, {2}], [{8, 3}, {2, 7}, {1, 6}, {4, 5}], [{8, 3}, {2, 7}, {1, 6}, {5}, {4}], [{8, 3}, {2, 7}, {4, 6}, {1, 5}], [{8, 3}, {2, 7}, {5, 6}, {1, 4}], [{8, 3}, {4, 7}, {1, 6}, {2, 5}], [{8, 3}, {4, 7}, {2, 6}, {1, 5}], [{8, 3}, {4, 7}, {2, 6}, {5}, {1}], [{8, 3}, {4, 7}, {5, 6}, {1, 2}], [{8, 3}, {5, 7}, {1, 6}, {2, 4}], [{8, 3}, {5, 7}, {2, 6}, {1, 4}], [{8, 3}, {5, 7}, {4, 6}, {1, 2}], [{8, 3}, {5, 7}, {4, 6}, {2}, {1}], [{8, 3}, {5, 7}, {6}, {4}, {1, 2}], [{8, 3}, {6, 7}, {1, 5}, {2, 4}], [{8, 3}, {6, 7}, {2, 5}, {1, 4}], [{8, 3}, {6, 7}, {2, 5}, {4}, {1}], [{8, 3}, {6, 7}, {4, 5}, {1, 2}], [{8, 3}, {7}, {2, 6}, {5}, {1, 4}], [{8, 3}, {7}, {6}, {1, 5}, {2, 4}], [{8, 4}, {1, 7}, {2, 6}, {3, 5}], [{8, 4}, {1, 7}, {3, 6}, {2, 5}], [{8, 4}, {1, 7}, {5, 6}, {2, 3}], [{8, 4}, {1, 7}, {5, 6}, {3}, {2}], [{8, 4}, {2, 7}, {1, 6}, {3, 5}], [{8, 4}, {2, 7}, {3, 6}, {1, 5}], [{8, 4}, {2, 7}, {5, 6}, {1, 3}], [{8, 4}, {3, 7}, {1, 6}, {2, 5}], [{8, 4}, {3, 7}, {2, 6}, {1, 5}], [{8, 4}, {3, 7}, {5, 6}, {1, 2}], [{8, 4}, {5, 7}, {1, 6}, {2, 3}], [{8, 4}, {5, 7}, {1, 6}, {3}, {2}], [{8, 4}, {5, 7}, {2, 6}, {1, 3}], [{8, 4}, {5, 7}, {2, 6}, {3}, {1}], [{8, 4}, {5, 7}, {3, 6}, {1, 2}], [{8, 4}, {5, 7}, {3, 6}, {2}, {1}], [{8, 4}, {5, 7}, {6}, {1, 3}, {2}], [{8, 4}, {5, 7}, {6}, {2, 3}, {1}], [{8, 4}, {5, 7}, {6}, {3}, {1, 2}], [{8, 4}, {6, 7}, {1, 5}, {2, 3}], [{8, 4}, {6, 7}, {1, 5}, {3}, {2}], [{8, 4}, {6, 7}, {2, 5}, {1, 3}], [{8, 4}, {6, 7}, {3, 5}, {1, 2}], [{8, 5}, {1, 7}, {2, 6}, {3, 4}], [{8, 5}, {1, 7}, {3, 6}, {2, 4}], [{8, 5}, {1, 7}, {4, 6}, {2, 3}], [{8, 5}, {1, 7}, {4, 6}, {3}, {2}], [{8, 5}, {2, 7}, {1, 6}, {3, 4}], [{8, 5}, {2, 7}, {3, 6}, {1, 4}], [{8, 5}, {2, 7}, {4, 6}, {1, 3}], [{8, 5}, {3, 7}, {1, 6}, {2, 4}], [{8, 5}, {3, 7}, {1, 6}, {4}, {2}], [{8, 5}, {3, 7}, {2, 6}, {1, 4}], [{8, 5}, {3, 7}, {4, 6}, {1, 2}], [{8, 5}, {4, 7}, {1, 6}, {2, 3}], [{8, 5}, {4, 7}, {1, 6}, {3}, {2}], [{8, 5}, {4, 7}, {2, 6}, {1, 3}], [{8, 5}, {4, 7}, {3, 6}, {1, 2}], [{8, 5}, {6, 7}, {1, 4}, {2, 3}], [{8, 5}, {6, 7}, {1, 4}, {3}, {2}], [{8, 5}, {6, 7}, {2, 4}, {1, 3}], [{8, 5}, {6, 7}, {2, 4}, {3}, {1}], [{8, 5}, {6, 7}, {3, 4}, {1, 2}], [{8, 5}, {6, 7}, {4}, {3}, {1, 2}], [{8, 5}, {7}, {1, 6}, {3, 4}, {2}], [{8, 6}, {1, 7}, {2, 5}, {3, 4}], [{8, 6}, {1, 7}, {2, 5}, {4}, {3}], [{8, 6}, {1, 7}, {3, 5}, {2, 4}], [{8, 6}, {1, 7}, {3, 5}, {4}, {2}], [{8, 6}, {1, 7}, {4, 5}, {2, 3}], [{8, 6}, {1, 7}, {4, 5}, {3}, {2}], [{8, 6}, {1, 7}, {5}, {2, 4}, {3}], [{8, 6}, {1, 7}, {5}, {3, 4}, {2}], [{8, 6}, {1, 7}, {5}, {4}, {2, 3}], [{8, 6}, {1, 7}, {5}, {4}, {3}, {2}], [{8, 6}, {2, 7}, {1, 5}, {3, 4}], [{8, 6}, {2, 7}, {1, 5}, {4}, {3}], [{8, 6}, {2, 7}, {3, 5}, {1, 4}], [{8, 6}, {2, 7}, {3, 5}, {4}, {1}], [{8, 6}, {2, 7}, {4, 5}, {1, 3}], [{8, 6}, {2, 7}, {4, 5}, {3}, {1}], [{8, 6}, {2, 7}, {5}, {1, 4}, {3}], [{8, 6}, {2, 7}, {5}, {3, 4}, {1}], [{8, 6}, {2, 7}, {5}, {4}, {1, 3}], [{8, 6}, {2, 7}, {5}, {4}, {3}, {1}], [{8, 6}, {3, 7}, {1, 5}, {2, 4}], [{8, 6}, {3, 7}, {2, 5}, {1, 4}], [{8, 6}, {3, 7}, {4, 5}, {1, 2}], [{8, 6}, {3, 7}, {5}, {4}, {1, 2}], [{8, 6}, {4, 7}, {1, 5}, {2, 3}], [{8, 6}, {4, 7}, {1, 5}, {3}, {2}], [{8, 6}, {4, 7}, {2, 5}, {1, 3}], [{8, 6}, {4, 7}, {2, 5}, {3}, {1}], [{8, 6}, {4, 7}, {3, 5}, {1, 2}], [{8, 6}, {4, 7}, {5}, {3}, {1, 2}], [{8, 6}, {5, 7}, {1, 4}, {2, 3}], [{8, 6}, {5, 7}, {1, 4}, {3}, {2}], [{8, 6}, {5, 7}, {2, 4}, {1, 3}], [{8, 6}, {5, 7}, {2, 4}, {3}, {1}], [{8, 6}, {5, 7}, {3, 4}, {1, 2}], [{8, 6}, {5, 7}, {4}, {3}, {1, 2}], [{8, 6}, {7}, {1, 5}, {2, 4}, {3}], [{8, 6}, {7}, {2, 5}, {1, 4}, {3}], [{8, 6}, {7}, {3, 5}, {4}, {1, 2}], [{8, 6}, {7}, {4, 5}, {3}, {1, 2}], [{8, 6}, {7}, {5}, {3, 4}, {1, 2}], [{8, 6}, {7}, {5}, {4}, {3}, {1, 2}], [{8, 7}, {1, 6}, {2, 5}, {3, 4}], [{8, 7}, {1, 6}, {2, 5}, {4}, {3}], [{8, 7}, {1, 6}, {3, 5}, {2, 4}], [{8, 7}, {1, 6}, {4, 5}, {2, 3}], [{8, 7}, {2, 6}, {1, 5}, {3, 4}], [{8, 7}, {2, 6}, {3, 5}, {1, 4}], [{8, 7}, {2, 6}, {4, 5}, {1, 3}], [{8, 7}, {3, 6}, {1, 5}, {2, 4}], [{8, 7}, {3, 6}, {2, 5}, {1, 4}], [{8, 7}, {3, 6}, {2, 5}, {4}, {1}], [{8, 7}, {3, 6}, {4, 5}, {1, 2}], [{8, 7}, {4, 6}, {1, 5}, {2, 3}], [{8, 7}, {4, 6}, {2, 5}, {1, 3}], [{8, 7}, {4, 6}, {3, 5}, {1, 2}], [{8, 7}, {5, 6}, {1, 4}, {2, 3}], [{8, 7}, {5, 6}, {2, 4}, {1, 3}], [{8, 7}, {5, 6}, {3, 4}, {1, 2}], [{8, 7}, {5, 6}, {4}, {3}, {1, 2}], [{8, 7}, {6}, {1, 5}, {2, 4}, {3}], [{8, 7}, {6}, {2, 5}, {4}, {1, 3}], [{8}, {1, 7}, {2, 6}, {4, 5}, {3}], [{8}, {1, 7}, {3, 6}, {4, 5}, {2}], [{8}, {1, 7}, {6}, {4, 5}, {2, 3}], [{8}, {1, 7}, {6}, {4, 5}, {3}, {2}], [{8}, {3, 7}, {5, 6}, {1, 4}, {2}], [{8}, {3, 7}, {6}, {1, 5}, {2, 4}], [{8}, {5, 7}, {1, 6}, {4}, {2, 3}], [{8}, {5, 7}, {2, 6}, {4}, {1, 3}], [{8}, {5, 7}, {3, 6}, {4}, {1, 2}], [{8}, {5, 7}, {4, 6}, {3}, {1, 2}], [{8}, {5, 7}, {6}, {3, 4}, {1, 2}], [{8}, {5, 7}, {6}, {4}, {3}, {1, 2}], [{8}, {6, 7}, {1, 5}, {2, 4}, {3}], [{8}, {7}, {2, 6}, {1, 5}, {3, 4}], [{8}, {7}, {3, 6}, {1, 5}, {2, 4}], [{8}, {7}, {4, 6}, {1, 5}, {2, 3}], [{8}, {7}, {6}, {1, 5}, {2, 4}, {3}]]",2,16 K_1^3 - 30 K_1^2 - 26 K_1 K_2 + K_1 + 15 K_2 + 9 K_3 + 16,O1O2O3U2O4U5U4O6U1U7O5U6U3O8O7U8,O1O2U3O4O5U2O6O3U6O7U1U7U5O8U4U8,O1O2U3O4O5U1O3O6U7U5O7U4U8U6O8U2,c,{'O1O2O3U4O5O4U1U6O7U5U3O6U8U7O8U2'},1,"<a href=""/flatknot/8.975592"">8.975592</a>",t^9-79t^7-310t^6-163t^5+598t^4+471t^3-176t^2+90t-8,t^3-t^2-t,,
8.975593,O1O2O3U4O5O4U1U6O7U5U8O6U2U3O8U7,3,16z^2+61z+59,-10w^4z^2+26w^3z^2-14w^3z+75w^2z+59w,False,False,"[[ 0 -3  0  2  1  0 -1  2 -1],[ 3  0  2  3  3  0  2  3  1],[ 0 -2  0  1  1  0 -1  1  0],[-2 -3 -1  0 -1  0 -3  0 -1],[-1 -3 -1  1  0  0 -1  1 -2],[ 0  0  0  0  0  0  0  0  1],[ 1 -2  1  3  1  0  0  3 -1],[-2 -3 -1  0 -1  0 -3  0 -2],[ 1 -1  0  1  2 -1  1  2  0]]","[[ 0  2  2  1  0  0 -1 -1 -3],[-2  0  0 -1  0 -1 -1 -3 -3],[-2  0  0 -1  0 -1 -2 -3 -3],[-1  1  1  0  0 -1 -2 -1 -3],[ 0  0  0  0  0  0  1  0  0],[ 0  1  1  1  0  0  0 -1 -2],[ 1  1  2  2 -1  0  0  1 -1],[ 1  3  3  1  0  1 -1  0 -2],[ 3  3  3  3  0  2  1  2  0]]",True,"[-2,-2,-1,0,0,1,1,3,0,1,0,1,1,3,3,1,0,1,2,3,3,0,1,2,1,3,0,-1,0,0,0,1,2,-1,1,2]","[-3,-1,-1,0,0,1,2,2,0,1,1,3,1,2,2,1,0,1,1,0,0,1,2,0,1,2,0,0,1,1,1,2,2,0,0,0]",t^8+72t^6+262t^4+108t^2,"[-3,-1,-1,0,0,1,2,2,0,1,1,3,1,2,2,1,0,1,1,0,0,1,2,0,1,2,0,0,1,1,1,2,2,0,0,0]","[-2,-2,-1,0,0,1,1,3,0,0,1,2,0,1,2,0,1,2,0,2,2,0,1,1,0,1,0,0,1,1,1,2,3,-1,0,1]","[-3,-1,-1,0,0,1,2,2,1,2,0,2,3,3,3,1,-1,0,2,1,2,0,1,1,3,3,0,0,0,0,1,1,1,1,1,0]",c,"[[{8, 1}, {5, 7}, {4, 6}, {2, 3}], [{8, 1}, {5, 7}, {4, 6}, {3}, {2}], [{8, 2}, {1, 7}, {3, 6}, {4, 5}], [{8, 3}, {4, 7}, {2, 6}, {1, 5}], [{8, 3}, {6, 7}, {1, 5}, {2, 4}], [{8, 6}, {5, 7}, {1, 4}, {2, 3}], [{8, 6}, {5, 7}, {1, 4}, {3}, {2}]]",1,20 K_1^3 - 8 K_1^2 - 18 K_1 K_2 - 6 K_1 + 4 K_2 + 4 K_3 + 5,O1O2O3U4O5U1U2O6U5U7O4U6U3O8O7U8,O1O2U3O4O5U2O6O7U5O3U1U6U7O8U4U8,O1O2U3O4O5U6O3O7U8U5O8U1U2U7O6U4,c,{'O1O2O3U4O5O4U1U6O7U5U8O6U2U3O8U7'},1,"<a href=""/flatknot/8.975593"">8.975593</a>",t^9-74t^7-274t^6-90t^5+434t^4+99t^3+40t^2+24t,t^3-2t^2+t,,
8.975594,O1O2O3U4O5O4U1U6O7U5U8O6U3U2O8U7,4,3z^3+33z^2+93z+79,3w^4z^3+33w^3z^2+93w^2z+79w,False,False,"[[ 0 -3  1  1  1  0 -1  2 -1],[ 3  0  3  2  3  0  2  3  1],[-1 -3  0  0  0  0 -2  1 -1],[-1 -2  0  0  0  0 -2  0  0],[-1 -3  0  0  0  0 -1  1 -2],[ 0  0  0  0  0  0  0  0  1],[ 1 -2  2  2  1  0  0  3 -1],[-2 -3 -1  0 -1  0 -3  0 -2],[ 1 -1  1  0  2 -1  1  2  0]]","[[ 0  2  1  1  1  0 -1 -1 -3],[-2  0  0 -1 -1  0 -2 -3 -3],[-1  0  0  0  0  0  0 -2 -2],[-1  1  0  0  0  0 -1 -2 -3],[-1  1  0  0  0  0 -2 -1 -3],[ 0  0  0  0  0  0  1  0  0],[ 1  2  0  1  2 -1  0  1 -1],[ 1  3  2  2  1  0 -1  0 -2],[ 3  3  2  3  3  0  1  2  0]]",True,"[-2,-1,-1,-1,0,1,1,3,0,1,1,0,2,3,3,0,0,0,0,2,2,0,0,1,2,3,0,2,1,3,-1,0,0,-1,1,2]","[-3,-1,-1,0,1,1,1,2,0,1,3,1,1,2,2,1,1,0,1,0,0,2,1,0,2,1,1,1,1,2,0,0,0,0,0,1]",t^8+67t^6+256t^4+100t^2+4,"[-3,-1,-1,0,1,1,1,2,0,1,3,1,1,2,2,1,1,0,1,0,0,2,1,0,2,1,1,1,1,2,0,0,0,0,0,1]","[-2,-1,-1,-1,0,1,1,3,0,0,1,2,0,1,2,0,0,1,0,1,1,0,1,1,0,1,1,0,2,2,1,2,3,-1,0,1]","[-3,-1,-1,0,1,1,1,2,1,2,0,2,3,3,3,1,-1,0,1,2,2,0,2,2,1,3,0,0,0,0,0,0,0,0,1,1]",c,"[[{8, 1}, {5, 7}, {4, 6}, {2, 3}], [{8, 3}, {1, 7}, {2, 6}, {4, 5}], [{8, 3}, {4, 7}, {2, 6}, {1, 5}], [{8, 3}, {5, 7}, {2, 6}, {1, 4}], [{8, 6}, {5, 7}, {1, 4}, {2, 3}], [{8, 6}, {5, 7}, {3, 4}, {1, 2}]]",1,4 K_1^3 - 2 K_1^2 - 2 K_1 K_2 - 2 K_1 + K_2 + 2,O1O2O3U4O5U2U1O6U5U7O4U6U3O8O7U8,O1O2U3O4O5U2O6O7U5O3U1U7U6O8U4U8,O1O2U3O4O5U6O3O7U8U5O8U2U1U7O6U4,c,{'O1O2O3U4O5O4U1U6O7U5U8O6U3U2O8U7'},1,"<a href=""/flatknot/8.975594"">8.975594</a>",t^9-71t^7-220t^6+59t^5+572t^4+140t^3-192t^2+12t+2,t^3-t^2-t,,
8.975595,O1O2O3U4O5O4U1U6O7U2U3O8U7U5O6U8,4,3z^3+35z^2+103z+91,3w^4z^3-4w^4z^2+39w^3z^2-4w^3z+107w^2z+91w,False,False,"[[ 0 -3 -1  1  1  2 -2  1  1],[ 3  0  1  2  3  2  0  2  1],[ 1 -1  0  1  1  2 -2  2  1],[-1 -2 -1  0 -1  1 -3  1  1],[-1 -3 -1  1  0  2 -2  1  0],[-2 -2 -2 -1 -2  0 -2  0  1],[ 2  0  2  3  2  2  0  1  0],[-1 -2 -2 -1 -1  0 -1  0  1],[-1 -1 -1 -1  0 -1  0 -1  0]]","[[ 0  2  1  1  1  1 -1 -2 -3],[-2  0  1  0 -1 -2 -2 -2 -2],[-1 -1  0 -1 -1  0 -1  0 -1],[-1  0  1  0 -1 -1 -2 -1 -2],[-1  1  1  1  0 -1 -1 -3 -2],[-1  2  0  1  1  0 -1 -2 -3],[ 1  2  1  2  1  1  0 -2 -1],[ 2  2  0  1  3  2  2  0  0],[ 3  2  1  2  2  3  1  0  0]]",True,"[-2,-1,-1,-1,-1,1,2,3,-1,0,1,2,2,2,2,1,1,0,1,0,1,1,1,2,1,2,1,1,3,2,1,2,3,2,1,0]","[-3,-2,-1,1,1,1,1,2,0,1,1,2,2,3,2,2,0,1,3,2,2,1,2,1,1,2,-1,-1,0,-1,-1,-1,0,-1,1,2]",t^8+67t^6+289t^4+167t^2+1,"[-3,-2,-1,1,1,1,1,2,1,1,1,2,2,3,3,-1,1,0,2,3,2,1,1,0,1,1,-1,-1,0,-1,-1,-1,0,-1,1,2]","[-2,-1,-1,-1,-1,1,2,3,-1,0,1,2,1,2,3,1,1,0,1,1,1,1,1,1,0,2,1,0,2,2,1,3,3,-1,1,1]","[-3,-2,-1,1,1,1,1,2,0,1,1,2,2,3,2,2,0,1,3,2,2,1,2,1,1,2,-1,-1,0,-1,-1,-1,0,-1,1,2]",c,"[[{8, 1}, {2, 7}, {3, 6}, {4, 5}], [{8, 1}, {2, 7}, {4, 6}, {3, 5}], [{8, 1}, {2, 7}, {5, 6}, {3, 4}], [{8, 1}, {2, 7}, {6}, {4, 5}, {3}], [{8, 1}, {3, 7}, {2, 6}, {4, 5}], [{8, 1}, {3, 7}, {4, 6}, {2, 5}], [{8, 1}, {3, 7}, {5, 6}, {2, 4}], [{8, 1}, {3, 7}, {5, 6}, {4}, {2}], [{8, 1}, {3, 7}, {6}, {5}, {2, 4}], [{8, 1}, {4, 7}, {2, 6}, {3, 5}], [{8, 1}, {4, 7}, {2, 6}, {5}, {3}], [{8, 1}, {4, 7}, {3, 6}, {2, 5}], [{8, 1}, {4, 7}, {3, 6}, {5}, {2}], [{8, 1}, {4, 7}, {5, 6}, {2, 3}], [{8, 1}, {4, 7}, {6}, {5}, {2, 3}], [{8, 1}, {5, 7}, {2, 6}, {3, 4}], [{8, 1}, {5, 7}, {3, 6}, {2, 4}], [{8, 1}, {5, 7}, {4, 6}, {2, 3}], [{8, 1}, {6, 7}, {2, 5}, {3, 4}], [{8, 1}, {6, 7}, {2, 5}, {4}, {3}], [{8, 1}, {6, 7}, {3, 5}, {2, 4}], [{8, 1}, {6, 7}, {4, 5}, {2, 3}], [{8, 1}, {6, 7}, {5}, {3, 4}, {2}], [{8, 1}, {7}, {4, 6}, {3, 5}, {2}], [{8, 2}, {1, 7}, {3, 6}, {4, 5}], [{8, 2}, {1, 7}, {4, 6}, {3, 5}], [{8, 2}, {1, 7}, {5, 6}, {3, 4}], [{8, 2}, {3, 7}, {1, 6}, {4, 5}], [{8, 2}, {3, 7}, {4, 6}, {1, 5}], [{8, 2}, {3, 7}, {5, 6}, {1, 4}], [{8, 2}, {4, 7}, {1, 6}, {3, 5}], [{8, 2}, {4, 7}, {1, 6}, {5}, {3}], [{8, 2}, {4, 7}, {3, 6}, {1, 5}], [{8, 2}, {4, 7}, {5, 6}, {1, 3}], [{8, 2}, {5, 7}, {1, 6}, {3, 4}], [{8, 2}, {5, 7}, {3, 6}, {1, 4}], [{8, 2}, {5, 7}, {4, 6}, {1, 3}], [{8, 2}, {6, 7}, {1, 5}, {3, 4}], [{8, 2}, {6, 7}, {1, 5}, {4}, {3}], [{8, 2}, {6, 7}, {3, 5}, {1, 4}], [{8, 2}, {6, 7}, {3, 5}, {4}, {1}], [{8, 2}, {6, 7}, {4, 5}, {1, 3}], [{8, 2}, {6, 7}, {5}, {4}, {1, 3}], [{8, 3}, {1, 7}, {2, 6}, {4, 5}], [{8, 3}, {1, 7}, {4, 6}, {2, 5}], [{8, 3}, {1, 7}, {5, 6}, {2, 4}], [{8, 3}, {1, 7}, {6}, {2, 5}, {4}], [{8, 3}, {2, 7}, {1, 6}, {4, 5}], [{8, 3}, {2, 7}, {4, 6}, {1, 5}], [{8, 3}, {2, 7}, {5, 6}, {1, 4}], [{8, 3}, {4, 7}, {1, 6}, {2, 5}], [{8, 3}, {4, 7}, {1, 6}, {5}, {2}], [{8, 3}, {4, 7}, {2, 6}, {1, 5}], [{8, 3}, {4, 7}, {5, 6}, {1, 2}], [{8, 3}, {5, 7}, {1, 6}, {2, 4}], [{8, 3}, {5, 7}, {2, 6}, {1, 4}], [{8, 3}, {5, 7}, {4, 6}, {1, 2}], [{8, 3}, {6, 7}, {1, 5}, {2, 4}], [{8, 3}, {6, 7}, {2, 5}, {1, 4}], [{8, 3}, {6, 7}, {2, 5}, {4}, {1}], [{8, 3}, {6, 7}, {4, 5}, {1, 2}], [{8, 3}, {6, 7}, {5}, {1, 4}, {2}], [{8, 3}, {7}, {1, 6}, {2, 5}, {4}], [{8, 3}, {7}, {4, 6}, {5}, {1, 2}], [{8, 4}, {1, 7}, {2, 6}, {3, 5}], [{8, 4}, {1, 7}, {3, 6}, {2, 5}], [{8, 4}, {1, 7}, {5, 6}, {2, 3}], [{8, 4}, {1, 7}, {6}, {5}, {2, 3}], [{8, 4}, {2, 7}, {1, 6}, {3, 5}], [{8, 4}, {2, 7}, {1, 6}, {5}, {3}], [{8, 4}, {2, 7}, {3, 6}, {1, 5}], [{8, 4}, {2, 7}, {5, 6}, {1, 3}], [{8, 4}, {3, 7}, {1, 6}, {2, 5}], [{8, 4}, {3, 7}, {2, 6}, {1, 5}], [{8, 4}, {3, 7}, {5, 6}, {1, 2}], [{8, 4}, {5, 7}, {1, 6}, {2, 3}], [{8, 4}, {5, 7}, {2, 6}, {1, 3}], [{8, 4}, {5, 7}, {3, 6}, {1, 2}], [{8, 4}, {6, 7}, {1, 5}, {2, 3}], [{8, 4}, {6, 7}, {2, 5}, {1, 3}], [{8, 4}, {6, 7}, {2, 5}, {3}, {1}], [{8, 4}, {6, 7}, {3, 5}, {1, 2}], [{8, 4}, {6, 7}, {5}, {1, 3}, {2}], [{8, 5}, {1, 7}, {2, 6}, {3, 4}], [{8, 5}, {1, 7}, {2, 6}, {4}, {3}], [{8, 5}, {1, 7}, {3, 6}, {2, 4}], [{8, 5}, {1, 7}, {4, 6}, {2, 3}], [{8, 5}, {2, 7}, {1, 6}, {3, 4}], [{8, 5}, {2, 7}, {3, 6}, {1, 4}], [{8, 5}, {2, 7}, {4, 6}, {1, 3}], [{8, 5}, {3, 7}, {1, 6}, {2, 4}], [{8, 5}, {3, 7}, {2, 6}, {1, 4}], [{8, 5}, {3, 7}, {4, 6}, {1, 2}], [{8, 5}, {3, 7}, {6}, {2, 4}, {1}], [{8, 5}, {4, 7}, {1, 6}, {2, 3}], [{8, 5}, {4, 7}, {2, 6}, {1, 3}], [{8, 5}, {4, 7}, {2, 6}, {3}, {1}], [{8, 5}, {4, 7}, {3, 6}, {1, 2}], [{8, 5}, {6, 7}, {1, 4}, {2, 3}], [{8, 5}, {6, 7}, {2, 4}, {1, 3}], [{8, 5}, {6, 7}, {3, 4}, {1, 2}], [{8, 5}, {6, 7}, {4}, {1, 3}, {2}], [{8, 5}, {7}, {1, 6}, {3, 4}, {2}], [{8, 5}, {7}, {2, 6}, {1, 4}, {3}], [{8, 6}, {1, 7}, {2, 5}, {3, 4}], [{8, 6}, {1, 7}, {2, 5}, {4}, {3}], [{8, 6}, {1, 7}, {3, 5}, {2, 4}], [{8, 6}, {1, 7}, {4, 5}, {2, 3}], [{8, 6}, {2, 7}, {1, 5}, {3, 4}], [{8, 6}, {2, 7}, {1, 5}, {4}, {3}], [{8, 6}, {2, 7}, {3, 5}, {1, 4}], [{8, 6}, {2, 7}, {3, 5}, {4}, {1}], [{8, 6}, {2, 7}, {4, 5}, {1, 3}], [{8, 6}, {2, 7}, {5}, {4}, {1, 3}], [{8, 6}, {3, 7}, {1, 5}, {2, 4}], [{8, 6}, {3, 7}, {2, 5}, {1, 4}], [{8, 6}, {3, 7}, {2, 5}, {4}, {1}], [{8, 6}, {3, 7}, {4, 5}, {1, 2}], [{8, 6}, {4, 7}, {1, 5}, {2, 3}], [{8, 6}, {4, 7}, {2, 5}, {1, 3}], [{8, 6}, {4, 7}, {3, 5}, {1, 2}], [{8, 6}, {4, 7}, {5}, {1, 3}, {2}], [{8, 6}, {4, 7}, {5}, {2, 3}, {1}], [{8, 6}, {4, 7}, {5}, {3}, {1, 2}], [{8, 6}, {5, 7}, {1, 4}, {2, 3}], [{8, 6}, {5, 7}, {2, 4}, {1, 3}], [{8, 6}, {5, 7}, {3, 4}, {1, 2}], [{8, 6}, {5, 7}, {4}, {1, 3}, {2}], [{8, 6}, {7}, {2, 5}, {4}, {1, 3}], [{8, 6}, {7}, {4, 5}, {1, 3}, {2}], [{8, 6}, {7}, {5}, {2, 4}, {1, 3}], [{8, 6}, {7}, {5}, {4}, {1, 3}, {2}], [{8, 7}, {1, 6}, {2, 5}, {3, 4}], [{8, 7}, {1, 6}, {3, 5}, {2, 4}], [{8, 7}, {1, 6}, {4, 5}, {2, 3}], [{8, 7}, {2, 6}, {1, 5}, {3, 4}], [{8, 7}, {2, 6}, {3, 5}, {1, 4}], [{8, 7}, {2, 6}, {4, 5}, {1, 3}], [{8, 7}, {2, 6}, {5}, {4}, {1, 3}], [{8, 7}, {3, 6}, {1, 5}, {2, 4}], [{8, 7}, {3, 6}, {2, 5}, {1, 4}], [{8, 7}, {3, 6}, {4, 5}, {1, 2}], [{8, 7}, {4, 6}, {1, 5}, {2, 3}], [{8, 7}, {4, 6}, {1, 5}, {3}, {2}], [{8, 7}, {4, 6}, {2, 5}, {1, 3}], [{8, 7}, {4, 6}, {3, 5}, {1, 2}], [{8, 7}, {4, 6}, {3, 5}, {2}, {1}], [{8, 7}, {4, 6}, {5}, {1, 3}, {2}], [{8, 7}, {5, 6}, {1, 4}, {2, 3}], [{8, 7}, {5, 6}, {1, 4}, {3}, {2}], [{8, 7}, {5, 6}, {2, 4}, {1, 3}], [{8, 7}, {5, 6}, {3, 4}, {1, 2}], [{8, 7}, {5, 6}, {3, 4}, {2}, {1}], [{8, 7}, {5, 6}, {4}, {1, 3}, {2}], [{8, 7}, {6}, {2, 5}, {4}, {1, 3}], [{8, 7}, {6}, {4, 5}, {1, 3}, {2}], [{8, 7}, {6}, {5}, {2, 4}, {1, 3}], [{8, 7}, {6}, {5}, {4}, {1, 3}, {2}], [{8}, {1, 7}, {3, 6}, {2, 5}, {4}], [{8}, {1, 7}, {4, 6}, {3, 5}, {2}], [{8}, {1, 7}, {5, 6}, {2, 4}, {3}], [{8}, {2, 7}, {3, 6}, {5}, {1, 4}], [{8}, {3, 7}, {1, 6}, {4, 5}, {2}], [{8}, {3, 7}, {2, 6}, {4, 5}, {1}], [{8}, {3, 7}, {6}, {1, 5}, {2, 4}], [{8}, {3, 7}, {6}, {2, 5}, {1, 4}], [{8}, {3, 7}, {6}, {4, 5}, {1, 2}], [{8}, {4, 7}, {1, 6}, {5}, {2, 3}], [{8}, {4, 7}, {2, 6}, {1, 5}, {3}], [{8}, {4, 7}, {3, 6}, {2, 5}, {1}], [{8}, {5, 7}, {3, 6}, {1, 4}, {2}], [{8}, {6, 7}, {2, 5}, {1, 4}, {3}], [{8}, {6, 7}, {2, 5}, {3, 4}, {1}], [{8}, {6, 7}, {2, 5}, {4}, {1, 3}], [{8}, {6, 7}, {4, 5}, {1, 3}, {2}], [{8}, {6, 7}, {5}, {2, 4}, {1, 3}], [{8}, {6, 7}, {5}, {4}, {1, 3}, {2}], [{8}, {7}, {3, 6}, {2, 5}, {1, 4}], [{8}, {7}, {4, 6}, {1, 5}, {2, 3}], [{8}, {7}, {5, 6}, {1, 4}, {2, 3}]]",2,8 K_1^3 - 8 K_1^2 - 6 K_1 K_2 - 3 K_1 + 4 K_2 + K_3 + 5,O1O2O3U4O5U6U7O4U1U2O7U5U3O8O6U8,O1O2U3O4O5U6O3O7U2O6U1U4U5O8U7U8,O1O2U3O4O5U2O6O7U8U1O8U4U5U7O3U6,c,{'O1O2O3U4O5O4U1U6O7U2U3O8U7U5O6U8'},1,"<a href=""/flatknot/8.975595"">8.975595</a>",t^9-73t^7-228t^6+107t^5+518t^4-350t^3+40t^2+6t-54,t^3-3t,,
8.975596,O1O2O3U4O5O4U1U6O7U2U3O8U7U8O6U5,4,7z^3+50z^2+114z+85,7w^4z^3+50w^3z^2+114w^2z+85w,False,False,"[[ 0 -3 -1  1  1  2 -2  1  1],[ 3  0  1  2  3  2  1  2  0],[ 1 -1  0  1  1  1 -1  2  1],[-1 -2 -1  0 -1  0 -2  1  1],[-1 -3 -1  1  0  2 -3  1  1],[-2 -2 -1  0 -2  0 -2 -1  1],[ 2 -1  1  2  3  2  0  2  0],[-1 -2 -2 -1 -1  1 -2  0  1],[-1  0 -1 -1 -1 -1  0 -1  0]]","[[ 0  2  1  1  1  1 -1 -2 -3],[-2  0  1  0 -1 -2 -1 -2 -2],[-1 -1  0 -1 -1 -1 -1  0  0],[-1  0  1  0  1 -1 -1 -2 -2],[-1  1  1 -1  0 -1 -2 -2 -2],[-1  2  1  1  1  0 -1 -3 -3],[ 1  1  1  1  2  1  0 -1 -1],[ 2  2  0  2  2  3  1  0 -1],[ 3  2  0  2  2  3  1  1  0]]",True,"[-2,-1,-1,-1,-1,1,2,3,-1,0,1,2,1,2,2,1,1,1,1,0,0,-1,1,1,2,2,1,2,2,2,1,3,3,1,1,1]","[-3,-2,-1,1,1,1,1,2,0,1,1,2,2,4,3,0,0,1,1,3,2,1,0,1,1,2,-1,-1,-1,-1,1,-1,0,-1,1,2]",t^8+65t^6+177t^4+71t^2+4,"[-3,-2,-1,1,1,1,1,2,0,1,1,2,2,4,3,0,0,1,1,3,2,1,0,1,1,2,-1,-1,-1,-1,1,-1,0,-1,1,2]","[-2,-1,-1,-1,-1,1,2,3,-1,0,1,2,2,2,3,1,1,1,1,0,1,-1,1,0,1,2,1,1,1,2,1,3,4,0,1,0]","[-3,-2,-1,1,1,1,1,2,1,1,0,2,2,3,2,1,0,2,2,3,2,1,1,2,1,1,-1,-1,-1,-1,1,-1,0,-1,1,2]",c,"[[{8, 1}, {2, 7}, {3, 6}, {4, 5}], [{8, 1}, {2, 7}, {4, 6}, {3, 5}], [{8, 1}, {2, 7}, {5, 6}, {3, 4}], [{8, 1}, {2, 7}, {5, 6}, {4}, {3}], [{8, 1}, {3, 7}, {2, 6}, {4, 5}], [{8, 1}, {3, 7}, {4, 6}, {2, 5}], [{8, 1}, {3, 7}, {4, 6}, {5}, {2}], [{8, 1}, {3, 7}, {5, 6}, {2, 4}], [{8, 1}, {3, 7}, {6}, {2, 5}, {4}], [{8, 1}, {4, 7}, {2, 6}, {3, 5}], [{8, 1}, {4, 7}, {3, 6}, {2, 5}], [{8, 1}, {4, 7}, {5, 6}, {2, 3}], [{8, 1}, {5, 7}, {2, 6}, {3, 4}], [{8, 1}, {5, 7}, {3, 6}, {2, 4}], [{8, 1}, {5, 7}, {4, 6}, {2, 3}], [{8, 1}, {5, 7}, {6}, {2, 4}, {3}], [{8, 1}, {6, 7}, {2, 5}, {3, 4}], [{8, 1}, {6, 7}, {3, 5}, {2, 4}], [{8, 1}, {6, 7}, {3, 5}, {4}, {2}], [{8, 1}, {6, 7}, {4, 5}, {2, 3}], [{8, 1}, {7}, {5, 6}, {3, 4}, {2}], [{8, 2}, {1, 7}, {3, 6}, {4, 5}], [{8, 2}, {1, 7}, {4, 6}, {3, 5}], [{8, 2}, {1, 7}, {5, 6}, {3, 4}], [{8, 2}, {1, 7}, {6}, {4, 5}, {3}], [{8, 2}, {3, 7}, {1, 6}, {4, 5}], [{8, 2}, {3, 7}, {4, 6}, {1, 5}], [{8, 2}, {3, 7}, {5, 6}, {1, 4}], [{8, 2}, {3, 7}, {6}, {5}, {1, 4}], [{8, 2}, {4, 7}, {1, 6}, {3, 5}], [{8, 2}, {4, 7}, {3, 6}, {1, 5}], [{8, 2}, {4, 7}, {5, 6}, {1, 3}], [{8, 2}, {4, 7}, {5, 6}, {3}, {1}], [{8, 2}, {5, 7}, {1, 6}, {3, 4}], [{8, 2}, {5, 7}, {3, 6}, {1, 4}], [{8, 2}, {5, 7}, {4, 6}, {1, 3}], [{8, 2}, {5, 7}, {6}, {1, 4}, {3}], [{8, 2}, {6, 7}, {1, 5}, {3, 4}], [{8, 2}, {6, 7}, {1, 5}, {4}, {3}], [{8, 2}, {6, 7}, {3, 5}, {1, 4}], [{8, 2}, {6, 7}, {4, 5}, {1, 3}], [{8, 2}, {7}, {6}, {3, 5}, {1, 4}], [{8, 3}, {1, 7}, {2, 6}, {4, 5}], [{8, 3}, {1, 7}, {4, 6}, {2, 5}], [{8, 3}, {1, 7}, {5, 6}, {2, 4}], [{8, 3}, {2, 7}, {1, 6}, {4, 5}], [{8, 3}, {2, 7}, {4, 6}, {1, 5}], [{8, 3}, {2, 7}, {5, 6}, {1, 4}], [{8, 3}, {2, 7}, {6}, {5}, {1, 4}], [{8, 3}, {4, 7}, {1, 6}, {2, 5}], [{8, 3}, {4, 7}, {2, 6}, {1, 5}], [{8, 3}, {4, 7}, {5, 6}, {1, 2}], [{8, 3}, {5, 7}, {1, 6}, {2, 4}], [{8, 3}, {5, 7}, {2, 6}, {1, 4}], [{8, 3}, {5, 7}, {4, 6}, {1, 2}], [{8, 3}, {5, 7}, {6}, {1, 4}, {2}], [{8, 3}, {5, 7}, {6}, {2, 4}, {1}], [{8, 3}, {5, 7}, {6}, {4}, {1, 2}], [{8, 3}, {6, 7}, {1, 5}, {2, 4}], [{8, 3}, {6, 7}, {2, 5}, {1, 4}], [{8, 3}, {6, 7}, {4, 5}, {1, 2}], [{8, 3}, {7}, {1, 6}, {4, 5}, {2}], [{8, 3}, {7}, {6}, {2, 5}, {1, 4}], [{8, 4}, {1, 7}, {2, 6}, {3, 5}], [{8, 4}, {1, 7}, {3, 6}, {2, 5}], [{8, 4}, {1, 7}, {5, 6}, {2, 3}], [{8, 4}, {2, 7}, {1, 6}, {3, 5}], [{8, 4}, {2, 7}, {3, 6}, {1, 5}], [{8, 4}, {2, 7}, {5, 6}, {1, 3}], [{8, 4}, {2, 7}, {6}, {5}, {1, 3}], [{8, 4}, {3, 7}, {1, 6}, {2, 5}], [{8, 4}, {3, 7}, {2, 6}, {1, 5}], [{8, 4}, {3, 7}, {5, 6}, {1, 2}], [{8, 4}, {3, 7}, {6}, {1, 5}, {2}], [{8, 4}, {3, 7}, {6}, {2, 5}, {1}], [{8, 4}, {3, 7}, {6}, {5}, {1, 2}], [{8, 4}, {5, 7}, {1, 6}, {2, 3}], [{8, 4}, {5, 7}, {2, 6}, {1, 3}], [{8, 4}, {5, 7}, {3, 6}, {1, 2}], [{8, 4}, {5, 7}, {6}, {3}, {1, 2}], [{8, 4}, {6, 7}, {1, 5}, {2, 3}], [{8, 4}, {6, 7}, {2, 5}, {1, 3}], [{8, 4}, {6, 7}, {2, 5}, {3}, {1}], [{8, 4}, {6, 7}, {3, 5}, {1, 2}], [{8, 4}, {6, 7}, {5}, {1, 3}, {2}], [{8, 4}, {7}, {2, 6}, {5}, {1, 3}], [{8, 4}, {7}, {3, 6}, {2, 5}, {1}], [{8, 4}, {7}, {6}, {3, 5}, {1, 2}], [{8, 5}, {1, 7}, {2, 6}, {3, 4}], [{8, 5}, {1, 7}, {3, 6}, {2, 4}], [{8, 5}, {1, 7}, {3, 6}, {4}, {2}], [{8, 5}, {1, 7}, {4, 6}, {2, 3}], [{8, 5}, {1, 7}, {4, 6}, {3}, {2}], [{8, 5}, {1, 7}, {6}, {3, 4}, {2}], [{8, 5}, {2, 7}, {1, 6}, {3, 4}], [{8, 5}, {2, 7}, {3, 6}, {1, 4}], [{8, 5}, {2, 7}, {4, 6}, {1, 3}], [{8, 5}, {2, 7}, {6}, {1, 4}, {3}], [{8, 5}, {2, 7}, {6}, {3, 4}, {1}], [{8, 5}, {2, 7}, {6}, {4}, {1, 3}], [{8, 5}, {3, 7}, {1, 6}, {2, 4}], [{8, 5}, {3, 7}, {1, 6}, {4}, {2}], [{8, 5}, {3, 7}, {2, 6}, {1, 4}], [{8, 5}, {3, 7}, {4, 6}, {1, 2}], [{8, 5}, {3, 7}, {4, 6}, {2}, {1}], [{8, 5}, {3, 7}, {6}, {1, 4}, {2}], [{8, 5}, {4, 7}, {1, 6}, {2, 3}], [{8, 5}, {4, 7}, {1, 6}, {3}, {2}], [{8, 5}, {4, 7}, {2, 6}, {1, 3}], [{8, 5}, {4, 7}, {3, 6}, {1, 2}], [{8, 5}, {4, 7}, {3, 6}, {2}, {1}], [{8, 5}, {4, 7}, {6}, {1, 3}, {2}], [{8, 5}, {6, 7}, {1, 4}, {2, 3}], [{8, 5}, {6, 7}, {1, 4}, {3}, {2}], [{8, 5}, {6, 7}, {2, 4}, {1, 3}], [{8, 5}, {6, 7}, {3, 4}, {1, 2}], [{8, 5}, {6, 7}, {3, 4}, {2}, {1}], [{8, 5}, {6, 7}, {4}, {1, 3}, {2}], [{8, 5}, {7}, {1, 6}, {3, 4}, {2}], [{8, 5}, {7}, {2, 6}, {1, 4}, {3}], [{8, 5}, {7}, {2, 6}, {3, 4}, {1}], [{8, 5}, {7}, {2, 6}, {4}, {1, 3}], [{8, 5}, {7}, {3, 6}, {1, 4}, {2}], [{8, 5}, {7}, {4, 6}, {1, 3}, {2}], [{8, 5}, {7}, {6}, {1, 4}, {2, 3}], [{8, 5}, {7}, {6}, {1, 4}, {3}, {2}], [{8, 5}, {7}, {6}, {2, 4}, {1, 3}], [{8, 5}, {7}, {6}, {3, 4}, {1, 2}], [{8, 5}, {7}, {6}, {3, 4}, {2}, {1}], [{8, 5}, {7}, {6}, {4}, {1, 3}, {2}], [{8, 6}, {1, 7}, {2, 5}, {3, 4}], [{8, 6}, {1, 7}, {3, 5}, {2, 4}], [{8, 6}, {1, 7}, {4, 5}, {2, 3}], [{8, 6}, {1, 7}, {4, 5}, {3}, {2}], [{8, 6}, {2, 7}, {1, 5}, {3, 4}], [{8, 6}, {2, 7}, {3, 5}, {1, 4}], [{8, 6}, {2, 7}, {4, 5}, {1, 3}], [{8, 6}, {3, 7}, {1, 5}, {2, 4}], [{8, 6}, {3, 7}, {1, 5}, {4}, {2}], [{8, 6}, {3, 7}, {2, 5}, {1, 4}], [{8, 6}, {3, 7}, {4, 5}, {1, 2}], [{8, 6}, {4, 7}, {1, 5}, {2, 3}], [{8, 6}, {4, 7}, {1, 5}, {3}, {2}], [{8, 6}, {4, 7}, {2, 5}, {1, 3}], [{8, 6}, {4, 7}, {3, 5}, {1, 2}], [{8, 6}, {4, 7}, {3, 5}, {2}, {1}], [{8, 6}, {4, 7}, {5}, {1, 3}, {2}], [{8, 6}, {5, 7}, {1, 4}, {2, 3}], [{8, 6}, {5, 7}, {1, 4}, {3}, {2}], [{8, 6}, {5, 7}, {2, 4}, {1, 3}], [{8, 6}, {5, 7}, {2, 4}, {3}, {1}], [{8, 6}, {5, 7}, {3, 4}, {1, 2}], [{8, 6}, {5, 7}, {4}, {3}, {1, 2}], [{8, 6}, {7}, {1, 5}, {3, 4}, {2}], [{8, 6}, {7}, {5}, {1, 4}, {2, 3}], [{8, 7}, {1, 6}, {2, 5}, {3, 4}], [{8, 7}, {1, 6}, {3, 5}, {2, 4}], [{8, 7}, {1, 6}, {4, 5}, {2, 3}], [{8, 7}, {2, 6}, {1, 5}, {3, 4}], [{8, 7}, {2, 6}, {3, 5}, {1, 4}], [{8, 7}, {2, 6}, {4, 5}, {1, 3}], [{8, 7}, {2, 6}, {5}, {1, 4}, {3}], [{8, 7}, {3, 6}, {1, 5}, {2, 4}], [{8, 7}, {3, 6}, {2, 5}, {1, 4}], [{8, 7}, {3, 6}, {4, 5}, {1, 2}], [{8, 7}, {3, 6}, {5}, {1, 4}, {2}], [{8, 7}, {4, 6}, {1, 5}, {2, 3}], [{8, 7}, {4, 6}, {2, 5}, {1, 3}], [{8, 7}, {4, 6}, {3, 5}, {1, 2}], [{8, 7}, {5, 6}, {1, 4}, {2, 3}], [{8, 7}, {5, 6}, {1, 4}, {3}, {2}], [{8, 7}, {5, 6}, {2, 4}, {1, 3}], [{8, 7}, {5, 6}, {3, 4}, {1, 2}], [{8, 7}, {6}, {2, 5}, {1, 4}, {3}], [{8, 7}, {6}, {3, 5}, {1, 4}, {2}], [{8, 7}, {6}, {5}, {1, 4}, {2, 3}], [{8, 7}, {6}, {5}, {1, 4}, {3}, {2}], [{8, 7}, {6}, {5}, {2, 4}, {1, 3}], [{8, 7}, {6}, {5}, {3, 4}, {1, 2}], [{8}, {1, 7}, {2, 6}, {4, 5}, {3}], [{8}, {2, 7}, {1, 6}, {3, 5}, {4}], [{8}, {2, 7}, {4, 6}, {3, 5}, {1}], [{8}, {2, 7}, {6}, {3, 5}, {1, 4}], [{8}, {2, 7}, {6}, {4, 5}, {1, 3}], [{8}, {3, 7}, {2, 6}, {4, 5}, {1}], [{8}, {3, 7}, {4, 6}, {1, 5}, {2}], [{8}, {3, 7}, {5, 6}, {2, 4}, {1}], [{8}, {3, 7}, {6}, {2, 5}, {1, 4}], [{8}, {4, 7}, {5, 6}, {1, 3}, {2}], [{8}, {5, 7}, {1, 6}, {2, 4}, {3}], [{8}, {5, 7}, {2, 6}, {1, 4}, {3}], [{8}, {5, 7}, {3, 6}, {1, 4}, {2}], [{8}, {5, 7}, {3, 6}, {2, 4}, {1}], [{8}, {5, 7}, {3, 6}, {4}, {1, 2}], [{8}, {5, 7}, {4, 6}, {3}, {1, 2}], [{8}, {5, 7}, {6}, {1, 4}, {2, 3}], [{8}, {5, 7}, {6}, {1, 4}, {3}, {2}], [{8}, {5, 7}, {6}, {2, 4}, {1, 3}], [{8}, {5, 7}, {6}, {2, 4}, {3}, {1}], [{8}, {5, 7}, {6}, {3, 4}, {1, 2}], [{8}, {5, 7}, {6}, {4}, {3}, {1, 2}], [{8}, {6, 7}, {3, 5}, {2, 4}, {1}], [{8}, {6, 7}, {4, 5}, {1, 3}, {2}], [{8}, {6, 7}, {5}, {1, 4}, {2, 3}], [{8}, {7}, {2, 6}, {4, 5}, {1, 3}], [{8}, {7}, {5, 6}, {1, 4}, {2, 3}], [{8}, {7}, {6}, {5}, {1, 4}, {2, 3}]]",2,12 K_1^3 - 8 K_1^2 - 10 K_1 K_2 - 4 K_1 + 4 K_2 + 2 K_3 + 5,O1O2O3U4O5U6U7O6U1U2O7U5U3O8O4U8,O1O2U3O4O5U6O3O6U2O7U1U4U5O8U7U8,O1O2U1O3O4U2O5O6U7U8O7U3U4U6O8U5,c,{'O1O2O3U4O5O4U1U6O7U2U3O8U7U8O6U5'},1,"<a href=""/flatknot/8.975596"">8.975596</a>",t^9-71t^7-256t^6-187t^5+244t^4+267t^3+44t^2+85t+38,t^3-3t,,
8.975597,O1O2O3U4O5O4U1U6O7U2U5O8U7U3O6U8,4,2z^3+23z^2+94z+113,2w^4z^3+23w^3z^2+94w^2z+113w,False,False,"[[ 0 -3 -1  2  1  1 -2  1  1],[ 3  0  1  3  3  1  0  2  1],[ 1 -1  0  3  1  0 -2  2  1],[-2 -3 -3  0 -1 -2 -3  1  1],[-1 -3 -1  1  0  1 -2  0  1],[-1 -1  0  2 -1  0 -2  1  0],[ 2  0  2  3  2  2  0  1  0],[-1 -2 -2 -1  0 -1 -1  0  1],[-1 -1 -1 -1 -1  0  0 -1  0]]","[[ 0  2  1  1  1  1 -1 -2 -3],[-2  0  1  1 -1 -2 -3 -3 -3],[-1 -1  0  1  0 -1 -2 -1 -2],[-1 -1 -1  0 -1  0 -1  0 -1],[-1  1  0  1  0  1 -1 -2 -3],[-1  2  1  0 -1  0  0 -2 -1],[ 1  3  2  1  1  0  0 -2 -1],[ 2  3  1  0  2  2  2  0  0],[ 3  3  2  1  3  1  1  0  0]]",True,"[-2,-1,-1,-1,-1,1,2,3,-1,-1,1,2,3,3,3,-1,0,1,2,1,2,1,0,1,0,1,-1,1,2,3,0,2,1,2,1,0]","[-3,-2,-1,1,1,1,1,2,0,1,1,1,2,3,3,2,0,2,1,2,3,1,0,2,1,3,0,-1,-1,-1,1,-1,2,0,-1,1]",t^8+73t^6+475t^4+80t^2+1,"[-3,-2,-1,1,1,1,1,2,1,1,1,2,3,3,2,-1,1,2,1,3,1,1,0,2,1,0,0,-1,-1,0,1,-1,2,0,-1,2]","[-2,-1,-1,-1,-1,1,2,3,-1,0,2,2,0,1,2,-1,0,1,2,1,3,1,0,1,1,1,-1,1,3,3,0,2,2,-1,1,1]","[-3,-2,-1,1,1,1,1,2,0,1,1,1,2,3,3,2,0,2,1,2,3,1,0,2,1,3,0,-1,-1,-1,1,-1,2,0,-1,1]",c,"[[{8, 1}, {2, 7}, {3, 6}, {4, 5}], [{8, 1}, {2, 7}, {3, 6}, {5}, {4}], [{8, 1}, {2, 7}, {4, 6}, {3, 5}], [{8, 1}, {2, 7}, {4, 6}, {5}, {3}], [{8, 1}, {2, 7}, {5, 6}, {3, 4}], [{8, 1}, {2, 7}, {6}, {5}, {3, 4}], [{8, 1}, {3, 7}, {2, 6}, {4, 5}], [{8, 1}, {3, 7}, {4, 6}, {2, 5}], [{8, 1}, {3, 7}, {5, 6}, {2, 4}], [{8, 1}, {4, 7}, {2, 6}, {3, 5}], [{8, 1}, {4, 7}, {3, 6}, {2, 5}], [{8, 1}, {4, 7}, {5, 6}, {2, 3}], [{8, 1}, {4, 7}, {6}, {3, 5}, {2}], [{8, 1}, {5, 7}, {2, 6}, {3, 4}], [{8, 1}, {5, 7}, {2, 6}, {4}, {3}], [{8, 1}, {5, 7}, {3, 6}, {2, 4}], [{8, 1}, {5, 7}, {3, 6}, {4}, {2}], [{8, 1}, {5, 7}, {4, 6}, {2, 3}], [{8, 1}, {5, 7}, {6}, {4}, {2, 3}], [{8, 1}, {6, 7}, {2, 5}, {3, 4}], [{8, 1}, {6, 7}, {3, 5}, {2, 4}], [{8, 1}, {6, 7}, {4, 5}, {2, 3}], [{8, 1}, {6, 7}, {4, 5}, {3}, {2}], [{8, 1}, {7}, {3, 6}, {2, 5}, {4}], [{8, 2}, {1, 7}, {3, 6}, {4, 5}], [{8, 2}, {1, 7}, {4, 6}, {3, 5}], [{8, 2}, {1, 7}, {5, 6}, {3, 4}], [{8, 2}, {3, 7}, {1, 6}, {4, 5}], [{8, 2}, {3, 7}, {4, 6}, {1, 5}], [{8, 2}, {3, 7}, {5, 6}, {1, 4}], [{8, 2}, {3, 7}, {6}, {4, 5}, {1}], [{8, 2}, {4, 7}, {1, 6}, {3, 5}], [{8, 2}, {4, 7}, {3, 6}, {1, 5}], [{8, 2}, {4, 7}, {5, 6}, {1, 3}], [{8, 2}, {4, 7}, {6}, {1, 5}, {3}], [{8, 2}, {5, 7}, {1, 6}, {3, 4}], [{8, 2}, {5, 7}, {3, 6}, {1, 4}], [{8, 2}, {5, 7}, {3, 6}, {4}, {1}], [{8, 2}, {5, 7}, {4, 6}, {1, 3}], [{8, 2}, {6, 7}, {1, 5}, {3, 4}], [{8, 2}, {6, 7}, {3, 5}, {1, 4}], [{8, 2}, {6, 7}, {4, 5}, {1, 3}], [{8, 2}, {6, 7}, {5}, {1, 4}, {3}], [{8, 2}, {7}, {6}, {3, 5}, {1, 4}], [{8, 3}, {1, 7}, {2, 6}, {4, 5}], [{8, 3}, {1, 7}, {4, 6}, {2, 5}], [{8, 3}, {1, 7}, {5, 6}, {2, 4}], [{8, 3}, {2, 7}, {1, 6}, {4, 5}], [{8, 3}, {2, 7}, {4, 6}, {1, 5}], [{8, 3}, {2, 7}, {5, 6}, {1, 4}], [{8, 3}, {2, 7}, {6}, {1, 5}, {4}], [{8, 3}, {4, 7}, {1, 6}, {2, 5}], [{8, 3}, {4, 7}, {1, 6}, {5}, {2}], [{8, 3}, {4, 7}, {2, 6}, {1, 5}], [{8, 3}, {4, 7}, {5, 6}, {1, 2}], [{8, 3}, {4, 7}, {5, 6}, {2}, {1}], [{8, 3}, {4, 7}, {6}, {1, 5}, {2}], [{8, 3}, {5, 7}, {1, 6}, {2, 4}], [{8, 3}, {5, 7}, {2, 6}, {1, 4}], [{8, 3}, {5, 7}, {4, 6}, {1, 2}], [{8, 3}, {6, 7}, {1, 5}, {2, 4}], [{8, 3}, {6, 7}, {2, 5}, {1, 4}], [{8, 3}, {6, 7}, {4, 5}, {1, 2}], [{8, 3}, {6, 7}, {5}, {1, 4}, {2}], [{8, 3}, {7}, {2, 6}, {4, 5}, {1}], [{8, 3}, {7}, {6}, {1, 5}, {2, 4}], [{8, 3}, {7}, {6}, {2, 5}, {1, 4}], [{8, 4}, {1, 7}, {2, 6}, {3, 5}], [{8, 4}, {1, 7}, {3, 6}, {2, 5}], [{8, 4}, {1, 7}, {3, 6}, {5}, {2}], [{8, 4}, {1, 7}, {5, 6}, {2, 3}], [{8, 4}, {2, 7}, {1, 6}, {3, 5}], [{8, 4}, {2, 7}, {3, 6}, {1, 5}], [{8, 4}, {2, 7}, {5, 6}, {1, 3}], [{8, 4}, {2, 7}, {6}, {1, 5}, {3}], [{8, 4}, {3, 7}, {1, 6}, {2, 5}], [{8, 4}, {3, 7}, {2, 6}, {1, 5}], [{8, 4}, {3, 7}, {5, 6}, {1, 2}], [{8, 4}, {5, 7}, {1, 6}, {2, 3}], [{8, 4}, {5, 7}, {2, 6}, {1, 3}], [{8, 4}, {5, 7}, {3, 6}, {1, 2}], [{8, 4}, {5, 7}, {3, 6}, {2}, {1}], [{8, 4}, {6, 7}, {1, 5}, {2, 3}], [{8, 4}, {6, 7}, {2, 5}, {1, 3}], [{8, 4}, {6, 7}, {3, 5}, {1, 2}], [{8, 4}, {7}, {3, 6}, {1, 5}, {2}], [{8, 5}, {1, 7}, {2, 6}, {3, 4}], [{8, 5}, {1, 7}, {3, 6}, {2, 4}], [{8, 5}, {1, 7}, {4, 6}, {2, 3}], [{8, 5}, {2, 7}, {1, 6}, {3, 4}], [{8, 5}, {2, 7}, {3, 6}, {1, 4}], [{8, 5}, {2, 7}, {4, 6}, {1, 3}], [{8, 5}, {2, 7}, {6}, {1, 4}, {3}], [{8, 5}, {2, 7}, {6}, {3, 4}, {1}], [{8, 5}, {2, 7}, {6}, {4}, {1, 3}], [{8, 5}, {3, 7}, {1, 6}, {2, 4}], [{8, 5}, {3, 7}, {2, 6}, {1, 4}], [{8, 5}, {3, 7}, {4, 6}, {1, 2}], [{8, 5}, {3, 7}, {6}, {1, 4}, {2}], [{8, 5}, {4, 7}, {1, 6}, {2, 3}], [{8, 5}, {4, 7}, {2, 6}, {1, 3}], [{8, 5}, {4, 7}, {3, 6}, {1, 2}], [{8, 5}, {6, 7}, {1, 4}, {2, 3}], [{8, 5}, {6, 7}, {1, 4}, {3}, {2}], [{8, 5}, {6, 7}, {2, 4}, {1, 3}], [{8, 5}, {6, 7}, {3, 4}, {1, 2}], [{8, 5}, {7}, {1, 6}, {4}, {2, 3}], [{8, 5}, {7}, {2, 6}, {1, 4}, {3}], [{8, 5}, {7}, {3, 6}, {1, 4}, {2}], [{8, 5}, {7}, {4, 6}, {2, 3}, {1}], [{8, 5}, {7}, {6}, {1, 4}, {2, 3}], [{8, 5}, {7}, {6}, {1, 4}, {3}, {2}], [{8, 6}, {1, 7}, {2, 5}, {3, 4}], [{8, 6}, {1, 7}, {3, 5}, {2, 4}], [{8, 6}, {1, 7}, {4, 5}, {2, 3}], [{8, 6}, {1, 7}, {5}, {2, 4}, {3}], [{8, 6}, {2, 7}, {1, 5}, {3, 4}], [{8, 6}, {2, 7}, {3, 5}, {1, 4}], [{8, 6}, {2, 7}, {4, 5}, {1, 3}], [{8, 6}, {2, 7}, {5}, {1, 4}, {3}], [{8, 6}, {2, 7}, {5}, {3, 4}, {1}], [{8, 6}, {2, 7}, {5}, {4}, {1, 3}], [{8, 6}, {3, 7}, {1, 5}, {2, 4}], [{8, 6}, {3, 7}, {2, 5}, {1, 4}], [{8, 6}, {3, 7}, {4, 5}, {1, 2}], [{8, 6}, {3, 7}, {5}, {2, 4}, {1}], [{8, 6}, {4, 7}, {1, 5}, {2, 3}], [{8, 6}, {4, 7}, {2, 5}, {1, 3}], [{8, 6}, {4, 7}, {3, 5}, {1, 2}], [{8, 6}, {4, 7}, {5}, {1, 3}, {2}], [{8, 6}, {5, 7}, {1, 4}, {2, 3}], [{8, 6}, {5, 7}, {2, 4}, {1, 3}], [{8, 6}, {5, 7}, {3, 4}, {1, 2}], [{8, 6}, {5, 7}, {4}, {1, 3}, {2}], [{8, 6}, {7}, {2, 5}, {4}, {1, 3}], [{8, 6}, {7}, {4, 5}, {1, 3}, {2}], [{8, 6}, {7}, {5}, {2, 4}, {1, 3}], [{8, 6}, {7}, {5}, {4}, {1, 3}, {2}], [{8, 7}, {1, 6}, {2, 5}, {3, 4}], [{8, 7}, {1, 6}, {3, 5}, {2, 4}], [{8, 7}, {1, 6}, {4, 5}, {2, 3}], [{8, 7}, {2, 6}, {1, 5}, {3, 4}], [{8, 7}, {2, 6}, {3, 5}, {1, 4}], [{8, 7}, {2, 6}, {4, 5}, {1, 3}], [{8, 7}, {3, 6}, {1, 5}, {2, 4}], [{8, 7}, {3, 6}, {2, 5}, {1, 4}], [{8, 7}, {3, 6}, {4, 5}, {1, 2}], [{8, 7}, {3, 6}, {5}, {1, 4}, {2}], [{8, 7}, {4, 6}, {1, 5}, {2, 3}], [{8, 7}, {4, 6}, {2, 5}, {1, 3}], [{8, 7}, {4, 6}, {3, 5}, {1, 2}], [{8, 7}, {4, 6}, {5}, {3}, {1, 2}], [{8, 7}, {5, 6}, {1, 4}, {2, 3}], [{8, 7}, {5, 6}, {2, 4}, {1, 3}], [{8, 7}, {5, 6}, {3, 4}, {1, 2}], [{8, 7}, {6}, {1, 5}, {2, 4}, {3}], [{8}, {2, 7}, {1, 6}, {5}, {3, 4}], [{8}, {2, 7}, {5, 6}, {1, 4}, {3}], [{8}, {2, 7}, {5, 6}, {3, 4}, {1}], [{8}, {2, 7}, {5, 6}, {4}, {1, 3}], [{8}, {2, 7}, {6}, {1, 5}, {3, 4}], [{8}, {2, 7}, {6}, {5}, {3, 4}, {1}], [{8}, {3, 7}, {6}, {1, 5}, {2, 4}], [{8}, {4, 7}, {6}, {1, 5}, {2, 3}], [{8}, {5, 7}, {1, 6}, {3, 4}, {2}], [{8}, {5, 7}, {3, 6}, {1, 4}, {2}], [{8}, {5, 7}, {3, 6}, {2, 4}, {1}], [{8}, {5, 7}, {3, 6}, {4}, {1, 2}], [{8}, {6, 7}, {1, 5}, {3, 4}, {2}], [{8}, {6, 7}, {2, 5}, {1, 4}, {3}], [{8}, {6, 7}, {3, 5}, {1, 4}, {2}], [{8}, {6, 7}, {5}, {1, 4}, {2, 3}], [{8}, {7}, {1, 6}, {2, 5}, {3, 4}], [{8}, {7}, {2, 6}, {1, 5}, {3, 4}]]",2,- 20 K_1^2 - 6 K_1 K_2 + 3 K_1 + 10 K_2 + 3 K_3 + 11,O1O2O3U4O5U1U6O4U7U2O6U5U3O8O7U8,O1O2U3O4O5U6O3O7U2O6U1U4U7O8U5U8,O1O2U3O4O5U2O6O7U8U4O8U1U5U7O3U6,c,{'O1O2O3U4O5O4U1U6O7U2U5O8U7U3O6U8'},1,"<a href=""/flatknot/8.975597"">8.975597</a>",t^9-79t^7-236t^6+221t^5+800t^4-195t^3-662t^2+68t+38,t^3-3t,,
8.975598,O1O2O3U4O5O4U1U6O7U2U5O8U7U8O6U3,4,20z^2+105z+131,20w^3z^2+105w^2z+131w,False,False,"[[ 0 -3 -1  2  1  1 -2  1  1],[ 3  0  1  3  3  1  1  2  0],[ 1 -1  0  2  1  0 -1  2  1],[-2 -3 -2  0 -1 -1 -3  0  1],[-1 -3 -1  1  0  1 -2  0  1],[-1 -1  0  1 -1  0 -2  1  1],[ 2 -1  1  3  2  2  0  2  0],[-1 -2 -2  0  0 -1 -2  0  1],[-1  0 -1 -1 -1 -1  0 -1  0]]","[[ 0  2  1  1  1  1 -1 -2 -3],[-2  0  1  0 -1 -1 -2 -3 -3],[-1 -1  0 -1 -1 -1 -1  0  0],[-1  0  1  0  0 -1 -2 -2 -2],[-1  1  1  0  0  1 -1 -2 -3],[-1  1  1  1 -1  0  0 -2 -1],[ 1  2  1  2  1  0  0 -1 -1],[ 2  3  0  2  2  2  1  0 -1],[ 3  3  0  2  3  1  1  1  0]]",True,"[-2,-1,-1,-1,-1,1,2,3,-1,0,1,1,2,3,3,1,1,1,1,0,0,0,1,2,2,2,-1,1,2,3,0,2,1,1,1,1]","[-3,-2,-1,1,1,1,1,2,0,1,1,2,3,4,2,0,1,1,1,3,1,1,0,2,1,1,0,-1,-1,0,1,-1,1,-1,0,2]",t^8+65t^6+276t^4+80t^2+4,"[-3,-2,-1,1,1,1,1,2,0,1,1,2,3,4,2,0,1,1,1,3,1,1,0,2,1,1,0,-1,-1,0,1,-1,1,-1,0,2]","[-2,-1,-1,-1,-1,1,2,3,0,0,1,2,1,1,2,-1,1,1,2,1,3,0,1,1,1,1,1,0,1,2,1,3,4,0,1,0]","[-3,-2,-1,1,1,1,1,2,1,1,0,1,2,3,3,1,0,2,2,2,3,1,0,2,1,2,-1,-1,-1,-1,1,-1,1,0,0,1]",c,"[[{8, 1}, {2, 7}, {3, 6}, {4, 5}], [{8, 1}, {2, 7}, {4, 6}, {3, 5}], [{8, 1}, {2, 7}, {5, 6}, {3, 4}], [{8, 1}, {3, 7}, {2, 6}, {4, 5}], [{8, 1}, {3, 7}, {4, 6}, {2, 5}], [{8, 1}, {3, 7}, {5, 6}, {2, 4}], [{8, 1}, {4, 7}, {2, 6}, {3, 5}], [{8, 1}, {4, 7}, {3, 6}, {2, 5}], [{8, 1}, {4, 7}, {5, 6}, {2, 3}], [{8, 1}, {4, 7}, {6}, {2, 5}, {3}], [{8, 1}, {4, 7}, {6}, {3, 5}, {2}], [{8, 1}, {4, 7}, {6}, {5}, {2, 3}], [{8, 1}, {5, 7}, {2, 6}, {3, 4}], [{8, 1}, {5, 7}, {3, 6}, {2, 4}], [{8, 1}, {5, 7}, {4, 6}, {2, 3}], [{8, 1}, {5, 7}, {6}, {2, 4}, {3}], [{8, 1}, {6, 7}, {2, 5}, {3, 4}], [{8, 1}, {6, 7}, {2, 5}, {4}, {3}], [{8, 1}, {6, 7}, {3, 5}, {2, 4}], [{8, 1}, {6, 7}, {3, 5}, {4}, {2}], [{8, 1}, {6, 7}, {4, 5}, {2, 3}], [{8, 1}, {6, 7}, {4, 5}, {3}, {2}], [{8, 1}, {6, 7}, {5}, {2, 4}, {3}], [{8, 1}, {6, 7}, {5}, {3, 4}, {2}], [{8, 1}, {6, 7}, {5}, {4}, {2, 3}], [{8, 1}, {6, 7}, {5}, {4}, {3}, {2}], [{8, 1}, {7}, {4, 6}, {2, 5}, {3}], [{8, 1}, {7}, {4, 6}, {3, 5}, {2}], [{8, 1}, {7}, {4, 6}, {5}, {2, 3}], [{8, 1}, {7}, {5, 6}, {2, 4}, {3}], [{8, 2}, {1, 7}, {3, 6}, {4, 5}], [{8, 2}, {1, 7}, {3, 6}, {5}, {4}], [{8, 2}, {1, 7}, {4, 6}, {3, 5}], [{8, 2}, {1, 7}, {4, 6}, {5}, {3}], [{8, 2}, {1, 7}, {5, 6}, {3, 4}], [{8, 2}, {1, 7}, {6}, {5}, {3, 4}], [{8, 2}, {3, 7}, {1, 6}, {4, 5}], [{8, 2}, {3, 7}, {4, 6}, {1, 5}], [{8, 2}, {3, 7}, {4, 6}, {5}, {1}], [{8, 2}, {3, 7}, {5, 6}, {1, 4}], [{8, 2}, {4, 7}, {1, 6}, {3, 5}], [{8, 2}, {4, 7}, {3, 6}, {1, 5}], [{8, 2}, {4, 7}, {5, 6}, {1, 3}], [{8, 2}, {4, 7}, {6}, {1, 5}, {3}], [{8, 2}, {4, 7}, {6}, {3, 5}, {1}], [{8, 2}, {4, 7}, {6}, {5}, {1, 3}], [{8, 2}, {5, 7}, {1, 6}, {3, 4}], [{8, 2}, {5, 7}, {1, 6}, {4}, {3}], [{8, 2}, {5, 7}, {3, 6}, {1, 4}], [{8, 2}, {5, 7}, {4, 6}, {1, 3}], [{8, 2}, {5, 7}, {4, 6}, {3}, {1}], [{8, 2}, {5, 7}, {6}, {1, 4}, {3}], [{8, 2}, {6, 7}, {1, 5}, {3, 4}], [{8, 2}, {6, 7}, {1, 5}, {4}, {3}], [{8, 2}, {6, 7}, {3, 5}, {1, 4}], [{8, 2}, {6, 7}, {3, 5}, {4}, {1}], [{8, 2}, {6, 7}, {4, 5}, {1, 3}], [{8, 2}, {6, 7}, {5}, {4}, {1, 3}], [{8, 2}, {7}, {4, 6}, {1, 5}, {3}], [{8, 2}, {7}, {4, 6}, {3, 5}, {1}], [{8, 2}, {7}, {4, 6}, {5}, {1, 3}], [{8, 2}, {7}, {4, 6}, {5}, {3}, {1}], [{8, 3}, {1, 7}, {2, 6}, {4, 5}], [{8, 3}, {1, 7}, {4, 6}, {2, 5}], [{8, 3}, {1, 7}, {5, 6}, {2, 4}], [{8, 3}, {2, 7}, {1, 6}, {4, 5}], [{8, 3}, {2, 7}, {4, 6}, {1, 5}], [{8, 3}, {2, 7}, {5, 6}, {1, 4}], [{8, 3}, {2, 7}, {6}, {1, 5}, {4}], [{8, 3}, {4, 7}, {1, 6}, {2, 5}], [{8, 3}, {4, 7}, {2, 6}, {1, 5}], [{8, 3}, {4, 7}, {5, 6}, {1, 2}], [{8, 3}, {4, 7}, {6}, {1, 5}, {2}], [{8, 3}, {4, 7}, {6}, {2, 5}, {1}], [{8, 3}, {4, 7}, {6}, {5}, {1, 2}], [{8, 3}, {5, 7}, {1, 6}, {2, 4}], [{8, 3}, {5, 7}, {2, 6}, {1, 4}], [{8, 3}, {5, 7}, {4, 6}, {1, 2}], [{8, 3}, {6, 7}, {1, 5}, {2, 4}], [{8, 3}, {6, 7}, {1, 5}, {4}, {2}], [{8, 3}, {6, 7}, {2, 5}, {1, 4}], [{8, 3}, {6, 7}, {2, 5}, {4}, {1}], [{8, 3}, {6, 7}, {4, 5}, {1, 2}], [{8, 3}, {6, 7}, {5}, {4}, {1, 2}], [{8, 3}, {7}, {2, 6}, {1, 5}, {4}], [{8, 3}, {7}, {4, 6}, {1, 5}, {2}], [{8, 3}, {7}, {4, 6}, {2, 5}, {1}], [{8, 3}, {7}, {4, 6}, {5}, {1, 2}], [{8, 3}, {7}, {6}, {1, 5}, {2, 4}], [{8, 3}, {7}, {6}, {1, 5}, {4}, {2}], [{8, 4}, {1, 7}, {2, 6}, {3, 5}], [{8, 4}, {1, 7}, {3, 6}, {2, 5}], [{8, 4}, {1, 7}, {3, 6}, {5}, {2}], [{8, 4}, {1, 7}, {5, 6}, {2, 3}], [{8, 4}, {2, 7}, {1, 6}, {3, 5}], [{8, 4}, {2, 7}, {3, 6}, {1, 5}], [{8, 4}, {2, 7}, {5, 6}, {1, 3}], [{8, 4}, {3, 7}, {1, 6}, {2, 5}], [{8, 4}, {3, 7}, {2, 6}, {1, 5}], [{8, 4}, {3, 7}, {5, 6}, {1, 2}], [{8, 4}, {5, 7}, {1, 6}, {2, 3}], [{8, 4}, {5, 7}, {2, 6}, {1, 3}], [{8, 4}, {5, 7}, {3, 6}, {1, 2}], [{8, 4}, {5, 7}, {3, 6}, {2}, {1}], [{8, 4}, {6, 7}, {1, 5}, {2, 3}], [{8, 4}, {6, 7}, {2, 5}, {1, 3}], [{8, 4}, {6, 7}, {2, 5}, {3}, {1}], [{8, 4}, {6, 7}, {3, 5}, {1, 2}], [{8, 4}, {6, 7}, {3, 5}, {2}, {1}], [{8, 4}, {6, 7}, {5}, {2, 3}, {1}], [{8, 4}, {7}, {2, 6}, {5}, {1, 3}], [{8, 4}, {7}, {3, 6}, {1, 5}, {2}], [{8, 4}, {7}, {5, 6}, {1, 3}, {2}], [{8, 4}, {7}, {6}, {2, 5}, {1, 3}], [{8, 5}, {1, 7}, {2, 6}, {3, 4}], [{8, 5}, {1, 7}, {3, 6}, {2, 4}], [{8, 5}, {1, 7}, {3, 6}, {4}, {2}], [{8, 5}, {1, 7}, {4, 6}, {2, 3}], [{8, 5}, {2, 7}, {1, 6}, {3, 4}], [{8, 5}, {2, 7}, {3, 6}, {1, 4}], [{8, 5}, {2, 7}, {3, 6}, {4}, {1}], [{8, 5}, {2, 7}, {4, 6}, {1, 3}], [{8, 5}, {3, 7}, {1, 6}, {2, 4}], [{8, 5}, {3, 7}, {2, 6}, {1, 4}], [{8, 5}, {3, 7}, {4, 6}, {1, 2}], [{8, 5}, {3, 7}, {6}, {4}, {1, 2}], [{8, 5}, {4, 7}, {1, 6}, {2, 3}], [{8, 5}, {4, 7}, {2, 6}, {1, 3}], [{8, 5}, {4, 7}, {3, 6}, {1, 2}], [{8, 5}, {4, 7}, {6}, {1, 3}, {2}], [{8, 5}, {4, 7}, {6}, {2, 3}, {1}], [{8, 5}, {4, 7}, {6}, {3}, {1, 2}], [{8, 5}, {6, 7}, {1, 4}, {2, 3}], [{8, 5}, {6, 7}, {2, 4}, {1, 3}], [{8, 5}, {6, 7}, {3, 4}, {1, 2}], [{8, 5}, {6, 7}, {4}, {1, 3}, {2}], [{8, 5}, {6, 7}, {4}, {2, 3}, {1}], [{8, 5}, {6, 7}, {4}, {3}, {1, 2}], [{8, 5}, {7}, {3, 6}, {4}, {1, 2}], [{8, 5}, {7}, {4, 6}, {1, 3}, {2}], [{8, 5}, {7}, {4, 6}, {2, 3}, {1}], [{8, 5}, {7}, {4, 6}, {3}, {1, 2}], [{8, 5}, {7}, {6}, {3, 4}, {1, 2}], [{8, 5}, {7}, {6}, {4}, {3}, {1, 2}], [{8, 6}, {1, 7}, {2, 5}, {3, 4}], [{8, 6}, {1, 7}, {3, 5}, {2, 4}], [{8, 6}, {1, 7}, {4, 5}, {2, 3}], [{8, 6}, {1, 7}, {5}, {3, 4}, {2}], [{8, 6}, {2, 7}, {1, 5}, {3, 4}], [{8, 6}, {2, 7}, {3, 5}, {1, 4}], [{8, 6}, {2, 7}, {4, 5}, {1, 3}], [{8, 6}, {2, 7}, {5}, {1, 4}, {3}], [{8, 6}, {2, 7}, {5}, {3, 4}, {1}], [{8, 6}, {2, 7}, {5}, {4}, {1, 3}], [{8, 6}, {3, 7}, {1, 5}, {2, 4}], [{8, 6}, {3, 7}, {2, 5}, {1, 4}], [{8, 6}, {3, 7}, {4, 5}, {1, 2}], [{8, 6}, {3, 7}, {5}, {1, 4}, {2}], [{8, 6}, {4, 7}, {1, 5}, {2, 3}], [{8, 6}, {4, 7}, {2, 5}, {1, 3}], [{8, 6}, {4, 7}, {3, 5}, {1, 2}], [{8, 6}, {5, 7}, {1, 4}, {2, 3}], [{8, 6}, {5, 7}, {1, 4}, {3}, {2}], [{8, 6}, {5, 7}, {2, 4}, {1, 3}], [{8, 6}, {5, 7}, {3, 4}, {1, 2}], [{8, 6}, {5, 7}, {3, 4}, {2}, {1}], [{8, 6}, {5, 7}, {4}, {1, 3}, {2}], [{8, 6}, {7}, {1, 5}, {3, 4}, {2}], [{8, 6}, {7}, {2, 5}, {1, 4}, {3}], [{8, 6}, {7}, {2, 5}, {3, 4}, {1}], [{8, 6}, {7}, {2, 5}, {4}, {1, 3}], [{8, 6}, {7}, {3, 5}, {1, 4}, {2}], [{8, 6}, {7}, {5}, {1, 4}, {2, 3}], [{8, 6}, {7}, {5}, {3, 4}, {1, 2}], [{8, 7}, {1, 6}, {2, 5}, {3, 4}], [{8, 7}, {1, 6}, {3, 5}, {2, 4}], [{8, 7}, {1, 6}, {4, 5}, {2, 3}], [{8, 7}, {2, 6}, {1, 5}, {3, 4}], [{8, 7}, {2, 6}, {1, 5}, {4}, {3}], [{8, 7}, {2, 6}, {3, 5}, {1, 4}], [{8, 7}, {2, 6}, {4, 5}, {1, 3}], [{8, 7}, {3, 6}, {1, 5}, {2, 4}], [{8, 7}, {3, 6}, {2, 5}, {1, 4}], [{8, 7}, {3, 6}, {4, 5}, {1, 2}], [{8, 7}, {4, 6}, {1, 5}, {2, 3}], [{8, 7}, {4, 6}, {1, 5}, {3}, {2}], [{8, 7}, {4, 6}, {2, 5}, {1, 3}], [{8, 7}, {4, 6}, {3, 5}, {1, 2}], [{8, 7}, {5, 6}, {1, 4}, {2, 3}], [{8, 7}, {5, 6}, {2, 4}, {1, 3}], [{8, 7}, {5, 6}, {3, 4}, {1, 2}], [{8, 7}, {6}, {1, 5}, {2, 4}, {3}], [{8, 7}, {6}, {2, 5}, {1, 4}, {3}], [{8, 7}, {6}, {2, 5}, {3, 4}, {1}], [{8, 7}, {6}, {2, 5}, {4}, {1, 3}], [{8, 7}, {6}, {3, 5}, {1, 4}, {2}], [{8, 7}, {6}, {5}, {1, 4}, {2, 3}], [{8}, {1, 7}, {2, 6}, {5}, {3, 4}], [{8}, {1, 7}, {3, 6}, {2, 5}, {4}], [{8}, {1, 7}, {3, 6}, {4, 5}, {2}], [{8}, {1, 7}, {3, 6}, {5}, {2, 4}], [{8}, {2, 7}, {4, 6}, {1, 5}, {3}], [{8}, {3, 7}, {1, 6}, {2, 5}, {4}], [{8}, {3, 7}, {2, 6}, {1, 5}, {4}], [{8}, {3, 7}, {4, 6}, {1, 5}, {2}], [{8}, {3, 7}, {6}, {1, 5}, {2, 4}], [{8}, {4, 7}, {6}, {1, 5}, {2, 3}], [{8}, {4, 7}, {6}, {2, 5}, {1, 3}], [{8}, {4, 7}, {6}, {3, 5}, {1, 2}], [{8}, {5, 7}, {2, 6}, {1, 4}, {3}], [{8}, {6, 7}, {1, 5}, {4}, {2, 3}], [{8}, {6, 7}, {2, 5}, {1, 4}, {3}], [{8}, {6, 7}, {2, 5}, {3, 4}, {1}], [{8}, {6, 7}, {2, 5}, {4}, {1, 3}], [{8}, {6, 7}, {2, 5}, {4}, {3}, {1}], [{8}, {6, 7}, {3, 5}, {1, 4}, {2}], [{8}, {6, 7}, {3, 5}, {2, 4}, {1}], [{8}, {6, 7}, {3, 5}, {4}, {1, 2}], [{8}, {6, 7}, {3, 5}, {4}, {2}, {1}], [{8}, {6, 7}, {4, 5}, {2, 3}, {1}], [{8}, {6, 7}, {5}, {1, 4}, {2, 3}], [{8}, {6, 7}, {5}, {4}, {2, 3}, {1}], [{8}, {7}, {4, 6}, {1, 5}, {2, 3}], [{8}, {7}, {4, 6}, {1, 5}, {3}, {2}], [{8}, {7}, {4, 6}, {2, 5}, {1, 3}], [{8}, {7}, {4, 6}, {3, 5}, {1, 2}], [{8}, {7}, {5, 6}, {3, 4}, {1, 2}], [{8}, {7}, {6}, {2, 5}, {4}, {1, 3}]]",2,- 12 K_1^2 - 2 K_1 K_2 + K_1 + 6 K_2 + K_3 + 7,O1O2O3U1O4U5U6O5U7U2O6U4U3O8O7U8,O1O2U3O4O5U6O3O6U2O7U1U4U7O8U5U8,O1O2U1O3O4U2O5O6U7U3O7U8U4U6O8U5,c,{'O1O2O3U4O5O4U1U6O7U2U5O8U7U8O6U3'},1,"<a href=""/flatknot/8.975598"">8.975598</a>",t^9-71t^7-192t^6+76t^5+428t^4+67t^3-136t^2-35t,t^3-3t,,
8.975599,O1O2O3U4O5O4U1U6O7U2U7O8U5U3O6U8,4,13z^2+82z+113,13w^3z^2+82w^2z+113w,False,False,"[[ 0 -3 -1  2  1  1 -2  1  1],[ 3  0  1  3  3  1  0  1  2],[ 1 -1  0  3  1  1 -2  1  1],[-2 -3 -3  0 -1 -1 -3  0  1],[-1 -3 -1  1  0  1 -2  1  0],[-1 -1 -1  1 -1  0 -1  0  0],[ 2  0  2  3  2  1  0  1  1],[-1 -1 -1  0 -1  0 -1  0  0],[-1 -2 -1 -1  0  0 -1  0  0]]","[[ 0  2  1  1  1  1 -1 -2 -3],[-2  0  1  0 -1 -1 -3 -3 -3],[-1 -1  0  0  0  0 -1 -1 -2],[-1  0  0  0  0 -1 -1 -1 -1],[-1  1  0  0  0 -1 -1 -1 -1],[-1  1  0  1  1  0 -1 -2 -3],[ 1  3  1  1  1  1  0 -2 -1],[ 2  3  1  1  1  2  2  0  0],[ 3  3  2  1  1  3  1  0  0]]",True,"[-2,-1,-1,-1,-1,1,2,3,-1,0,1,1,3,3,3,0,0,0,1,1,2,0,1,1,1,1,1,1,1,1,1,2,3,2,1,0]","[-3,-2,-1,1,1,1,1,2,0,1,1,1,2,3,3,2,1,1,1,2,3,1,1,1,1,3,0,0,-1,0,0,-1,1,0,-1,1]",t^8+63t^6+256t^4+100t^2+4,"[-3,-2,-1,1,1,1,1,2,1,1,1,2,3,3,2,-1,1,2,2,2,1,1,1,1,1,0,0,-1,-1,0,0,0,2,0,0,1]","[-2,-1,-1,-1,-1,1,2,3,0,0,1,2,0,1,2,-1,0,0,1,2,3,1,0,1,1,1,0,1,2,3,1,2,2,-1,1,1]","[-3,-2,-1,1,1,1,1,2,0,1,1,1,2,3,3,2,1,1,1,2,3,1,1,1,1,3,0,0,-1,0,0,-1,1,0,-1,1]",c,"[[{8, 1}, {2, 7}, {3, 6}, {4, 5}], [{8, 4}, {2, 7}, {3, 6}, {1, 5}], [{8, 5}, {2, 7}, {3, 6}, {1, 4}], [{8, 5}, {7}, {3, 6}, {1, 4}, {2}]]",1,8 K_1^3 - 20 K_1^2 - 18 K_1 K_2 + 3 K_1 + 10 K_2 + 7 K_3 + 11,O1O2O3U4O5U1U6O4U7U2O7U5U3O8O6U8,O1O2U3O4O3U5O6O7U2O5U1U4U7O8U6U8,O1O2U3O4O5U4O6O7U8U2O8U1U5U7O3U6,c,{'O1O2O3U4O5O4U1U6O7U2U7O8U5U3O6U8'},1,"<a href=""/flatknot/8.975599"">8.975599</a>",t^9-69t^7-190t^6+68t^5+406t^4+26t^3-196t^2+2,t^3-3t,,
8.975600,O1O2O3U4O5O4U1U6O7U3U2O8U7U5O6U8,4,2z^3+30z^2+93z+83,2w^4z^3-6w^4z^2+36w^3z^2-10w^3z+103w^2z+83w,False,False,"[[ 0 -3  0  0  1  2 -2  1  1],[ 3  0  2  1  3  2  0  2  1],[ 0 -2  0  0  0  2 -3  2  1],[ 0 -1  0  0  0  1 -2  1  1],[-1 -3  0  0  0  2 -2  1  0],[-2 -2 -2 -1 -2  0 -2  0  1],[ 2  0  3  2  2  2  0  1  0],[-1 -2 -2 -1 -1  0 -1  0  1],[-1 -1 -1 -1  0 -1  0 -1  0]]","[[ 0  2  1  1  1  0  0 -2 -3],[-2  0  1  0 -2 -1 -2 -2 -2],[-1 -1  0 -1  0 -1 -1  0 -1],[-1  0  1  0 -1 -1 -2 -1 -2],[-1  2  0  1  0  0  0 -2 -3],[ 0  1  1  1  0  0  0 -2 -1],[ 0  2  1  2  0  0  0 -3 -2],[ 2  2  0  1  2  2  3  0  0],[ 3  2  1  2  3  1  2  0  0]]",True,"[-2,-1,-1,-1,0,0,2,3,-1,0,2,1,2,2,2,1,0,1,1,0,1,1,1,2,1,2,0,0,2,3,0,2,1,3,2,0]","[-3,-2,0,0,1,1,1,2,0,1,2,1,2,3,2,2,3,0,1,2,2,0,1,1,0,1,1,2,0,2,-1,0,-1,-1,0,2]",t^8+64t^6+261t^4+150t^2+1,"[-3,-2,0,0,1,1,1,2,1,1,2,1,2,3,3,-1,0,1,2,3,2,0,1,-1,0,0,1,0,0,1,-1,0,-1,-1,1,2]","[-2,-1,-1,-1,0,0,2,3,-1,1,2,0,1,2,3,1,0,1,1,1,1,1,-1,0,2,2,0,0,3,3,0,-1,1,0,2,1]","[-3,-2,0,0,1,1,1,2,0,1,2,1,2,3,2,2,3,0,1,2,2,0,1,1,0,1,1,2,0,2,-1,0,-1,-1,0,2]",c,"[[{8, 1}, {2, 7}, {3, 6}, {4, 5}], [{8, 1}, {2, 7}, {4, 6}, {3, 5}], [{8, 1}, {2, 7}, {5, 6}, {3, 4}], [{8, 1}, {3, 7}, {2, 6}, {4, 5}], [{8, 1}, {3, 7}, {4, 6}, {2, 5}], [{8, 1}, {3, 7}, {4, 6}, {5}, {2}], [{8, 1}, {3, 7}, {5, 6}, {2, 4}], [{8, 1}, {3, 7}, {5, 6}, {4}, {2}], [{8, 1}, {3, 7}, {6}, {4, 5}, {2}], [{8, 1}, {4, 7}, {2, 6}, {3, 5}], [{8, 1}, {4, 7}, {2, 6}, {5}, {3}], [{8, 1}, {4, 7}, {3, 6}, {2, 5}], [{8, 1}, {4, 7}, {3, 6}, {5}, {2}], [{8, 1}, {4, 7}, {5, 6}, {2, 3}], [{8, 1}, {4, 7}, {5, 6}, {3}, {2}], [{8, 1}, {4, 7}, {6}, {2, 5}, {3}], [{8, 1}, {4, 7}, {6}, {3, 5}, {2}], [{8, 1}, {4, 7}, {6}, {5}, {2, 3}], [{8, 1}, {4, 7}, {6}, {5}, {3}, {2}], [{8, 1}, {5, 7}, {2, 6}, {3, 4}], [{8, 1}, {5, 7}, {3, 6}, {2, 4}], [{8, 1}, {5, 7}, {3, 6}, {4}, {2}], [{8, 1}, {5, 7}, {4, 6}, {2, 3}], [{8, 1}, {5, 7}, {4, 6}, {3}, {2}], [{8, 1}, {5, 7}, {6}, {3, 4}, {2}], [{8, 1}, {6, 7}, {2, 5}, {3, 4}], [{8, 1}, {6, 7}, {3, 5}, {2, 4}], [{8, 1}, {6, 7}, {3, 5}, {4}, {2}], [{8, 1}, {6, 7}, {4, 5}, {2, 3}], [{8, 1}, {6, 7}, {4, 5}, {3}, {2}], [{8, 1}, {6, 7}, {5}, {3, 4}, {2}], [{8, 1}, {7}, {3, 6}, {4, 5}, {2}], [{8, 1}, {7}, {4, 6}, {3, 5}, {2}], [{8, 1}, {7}, {5, 6}, {3, 4}, {2}], [{8, 2}, {1, 7}, {3, 6}, {4, 5}], [{8, 2}, {1, 7}, {4, 6}, {3, 5}], [{8, 2}, {1, 7}, {5, 6}, {3, 4}], [{8, 2}, {1, 7}, {6}, {4, 5}, {3}], [{8, 2}, {3, 7}, {1, 6}, {4, 5}], [{8, 2}, {3, 7}, {4, 6}, {1, 5}], [{8, 2}, {3, 7}, {5, 6}, {1, 4}], [{8, 2}, {4, 7}, {1, 6}, {3, 5}], [{8, 2}, {4, 7}, {1, 6}, {5}, {3}], [{8, 2}, {4, 7}, {3, 6}, {1, 5}], [{8, 2}, {4, 7}, {5, 6}, {1, 3}], [{8, 2}, {4, 7}, {5, 6}, {3}, {1}], [{8, 2}, {4, 7}, {6}, {1, 5}, {3}], [{8, 2}, {5, 7}, {1, 6}, {3, 4}], [{8, 2}, {5, 7}, {3, 6}, {1, 4}], [{8, 2}, {5, 7}, {4, 6}, {1, 3}], [{8, 2}, {5, 7}, {6}, {1, 4}, {3}], [{8, 2}, {6, 7}, {1, 5}, {3, 4}], [{8, 2}, {6, 7}, {3, 5}, {1, 4}], [{8, 2}, {6, 7}, {4, 5}, {1, 3}], [{8, 2}, {6, 7}, {5}, {4}, {1, 3}], [{8, 3}, {1, 7}, {2, 6}, {4, 5}], [{8, 3}, {1, 7}, {4, 6}, {2, 5}], [{8, 3}, {1, 7}, {5, 6}, {2, 4}], [{8, 3}, {2, 7}, {1, 6}, {4, 5}], [{8, 3}, {2, 7}, {4, 6}, {1, 5}], [{8, 3}, {2, 7}, {5, 6}, {1, 4}], [{8, 3}, {2, 7}, {6}, {1, 5}, {4}], [{8, 3}, {4, 7}, {1, 6}, {2, 5}], [{8, 3}, {4, 7}, {1, 6}, {5}, {2}], [{8, 3}, {4, 7}, {2, 6}, {1, 5}], [{8, 3}, {4, 7}, {5, 6}, {1, 2}], [{8, 3}, {4, 7}, {6}, {2, 5}, {1}], [{8, 3}, {5, 7}, {1, 6}, {2, 4}], [{8, 3}, {5, 7}, {2, 6}, {1, 4}], [{8, 3}, {5, 7}, {4, 6}, {1, 2}], [{8, 3}, {6, 7}, {1, 5}, {2, 4}], [{8, 3}, {6, 7}, {2, 5}, {1, 4}], [{8, 3}, {6, 7}, {4, 5}, {1, 2}], [{8, 3}, {6, 7}, {5}, {1, 4}, {2}], [{8, 3}, {7}, {4, 6}, {5}, {1, 2}], [{8, 4}, {1, 7}, {2, 6}, {3, 5}], [{8, 4}, {1, 7}, {3, 6}, {2, 5}], [{8, 4}, {1, 7}, {5, 6}, {2, 3}], [{8, 4}, {1, 7}, {5, 6}, {3}, {2}], [{8, 4}, {1, 7}, {6}, {5}, {2, 3}], [{8, 4}, {2, 7}, {1, 6}, {3, 5}], [{8, 4}, {2, 7}, {3, 6}, {1, 5}], [{8, 4}, {2, 7}, {5, 6}, {1, 3}], [{8, 4}, {3, 7}, {1, 6}, {2, 5}], [{8, 4}, {3, 7}, {2, 6}, {1, 5}], [{8, 4}, {3, 7}, {5, 6}, {1, 2}], [{8, 4}, {3, 7}, {6}, {5}, {1, 2}], [{8, 4}, {5, 7}, {1, 6}, {2, 3}], [{8, 4}, {5, 7}, {1, 6}, {3}, {2}], [{8, 4}, {5, 7}, {2, 6}, {1, 3}], [{8, 4}, {5, 7}, {3, 6}, {1, 2}], [{8, 4}, {6, 7}, {1, 5}, {2, 3}], [{8, 4}, {6, 7}, {1, 5}, {3}, {2}], [{8, 4}, {6, 7}, {2, 5}, {1, 3}], [{8, 4}, {6, 7}, {3, 5}, {1, 2}], [{8, 4}, {6, 7}, {3, 5}, {2}, {1}], [{8, 4}, {6, 7}, {5}, {1, 3}, {2}], [{8, 5}, {1, 7}, {2, 6}, {3, 4}], [{8, 5}, {1, 7}, {3, 6}, {2, 4}], [{8, 5}, {1, 7}, {4, 6}, {2, 3}], [{8, 5}, {1, 7}, {4, 6}, {3}, {2}], [{8, 5}, {2, 7}, {1, 6}, {3, 4}], [{8, 5}, {2, 7}, {3, 6}, {1, 4}], [{8, 5}, {2, 7}, {4, 6}, {1, 3}], [{8, 5}, {2, 7}, {6}, {3, 4}, {1}], [{8, 5}, {3, 7}, {1, 6}, {2, 4}], [{8, 5}, {3, 7}, {2, 6}, {1, 4}], [{8, 5}, {3, 7}, {4, 6}, {1, 2}], [{8, 5}, {4, 7}, {1, 6}, {2, 3}], [{8, 5}, {4, 7}, {1, 6}, {3}, {2}], [{8, 5}, {4, 7}, {2, 6}, {1, 3}], [{8, 5}, {4, 7}, {2, 6}, {3}, {1}], [{8, 5}, {4, 7}, {3, 6}, {1, 2}], [{8, 5}, {4, 7}, {6}, {3}, {1, 2}], [{8, 5}, {6, 7}, {1, 4}, {2, 3}], [{8, 5}, {6, 7}, {1, 4}, {3}, {2}], [{8, 5}, {6, 7}, {2, 4}, {1, 3}], [{8, 5}, {6, 7}, {3, 4}, {1, 2}], [{8, 6}, {1, 7}, {2, 5}, {3, 4}], [{8, 6}, {1, 7}, {3, 5}, {2, 4}], [{8, 6}, {1, 7}, {4, 5}, {2, 3}], [{8, 6}, {1, 7}, {4, 5}, {3}, {2}], [{8, 6}, {2, 7}, {1, 5}, {3, 4}], [{8, 6}, {2, 7}, {3, 5}, {1, 4}], [{8, 6}, {2, 7}, {4, 5}, {1, 3}], [{8, 6}, {3, 7}, {1, 5}, {2, 4}], [{8, 6}, {3, 7}, {2, 5}, {1, 4}], [{8, 6}, {3, 7}, {4, 5}, {1, 2}], [{8, 6}, {4, 7}, {1, 5}, {2, 3}], [{8, 6}, {4, 7}, {1, 5}, {3}, {2}], [{8, 6}, {4, 7}, {2, 5}, {1, 3}], [{8, 6}, {4, 7}, {2, 5}, {3}, {1}], [{8, 6}, {4, 7}, {3, 5}, {1, 2}], [{8, 6}, {4, 7}, {3, 5}, {2}, {1}], [{8, 6}, {4, 7}, {5}, {1, 3}, {2}], [{8, 6}, {4, 7}, {5}, {2, 3}, {1}], [{8, 6}, {4, 7}, {5}, {3}, {1, 2}], [{8, 6}, {4, 7}, {5}, {3}, {2}, {1}], [{8, 6}, {5, 7}, {1, 4}, {2, 3}], [{8, 6}, {5, 7}, {1, 4}, {3}, {2}], [{8, 6}, {5, 7}, {2, 4}, {1, 3}], [{8, 6}, {5, 7}, {3, 4}, {1, 2}], [{8, 7}, {1, 6}, {2, 5}, {3, 4}], [{8, 7}, {1, 6}, {3, 5}, {2, 4}], [{8, 7}, {1, 6}, {4, 5}, {2, 3}], [{8, 7}, {1, 6}, {4, 5}, {3}, {2}], [{8, 7}, {2, 6}, {1, 5}, {3, 4}], [{8, 7}, {2, 6}, {3, 5}, {1, 4}], [{8, 7}, {2, 6}, {4, 5}, {1, 3}], [{8, 7}, {2, 6}, {5}, {3, 4}, {1}], [{8, 7}, {3, 6}, {1, 5}, {2, 4}], [{8, 7}, {3, 6}, {2, 5}, {1, 4}], [{8, 7}, {3, 6}, {4, 5}, {1, 2}], [{8, 7}, {4, 6}, {1, 5}, {2, 3}], [{8, 7}, {4, 6}, {1, 5}, {3}, {2}], [{8, 7}, {4, 6}, {2, 5}, {1, 3}], [{8, 7}, {4, 6}, {3, 5}, {1, 2}], [{8, 7}, {5, 6}, {1, 4}, {2, 3}], [{8, 7}, {5, 6}, {1, 4}, {3}, {2}], [{8, 7}, {5, 6}, {2, 4}, {1, 3}], [{8, 7}, {5, 6}, {3, 4}, {1, 2}], [{8, 7}, {6}, {3, 5}, {2, 4}, {1}], [{8}, {1, 7}, {2, 6}, {4, 5}, {3}], [{8}, {2, 7}, {3, 6}, {4, 5}, {1}], [{8}, {2, 7}, {6}, {3, 5}, {1, 4}], [{8}, {3, 7}, {2, 6}, {5}, {1, 4}], [{8}, {3, 7}, {4, 6}, {2, 5}, {1}], [{8}, {3, 7}, {6}, {1, 5}, {2, 4}], [{8}, {4, 7}, {1, 6}, {2, 5}, {3}], [{8}, {4, 7}, {1, 6}, {3, 5}, {2}], [{8}, {4, 7}, {1, 6}, {5}, {2, 3}], [{8}, {4, 7}, {1, 6}, {5}, {3}, {2}], [{8}, {4, 7}, {2, 6}, {1, 5}, {3}], [{8}, {4, 7}, {3, 6}, {2, 5}, {1}], [{8}, {4, 7}, {5, 6}, {3}, {1, 2}], [{8}, {4, 7}, {6}, {2, 5}, {1, 3}], [{8}, {4, 7}, {6}, {2, 5}, {3}, {1}], [{8}, {5, 7}, {2, 6}, {1, 4}, {3}], [{8}, {6, 7}, {2, 5}, {3, 4}, {1}], [{8}, {6, 7}, {3, 5}, {1, 4}, {2}], [{8}, {6, 7}, {5}, {2, 4}, {1, 3}], [{8}, {7}, {2, 6}, {3, 5}, {1, 4}], [{8}, {7}, {4, 6}, {1, 5}, {2, 3}], [{8}, {7}, {5, 6}, {1, 4}, {2, 3}]]",2,4 K_1^3 - 4 K_1^2 - 2 K_1 K_2 - 2 K_1 + 2 K_2 + 3,O1O2O3U4O5U6U7O4U2U1O7U5U3O8O6U8,O1O2U3O4O5U6O3O7U2O6U1U5U4O8U7U8,O1O2U3O4O5U2O6O7U8U1O8U5U4U7O3U6,c,{'O1O2O3U4O5O4U1U6O7U3U2O8U7U5O6U8'},1,"<a href=""/flatknot/8.975600"">8.975600</a>",t^9-70t^7-154t^6+295t^5+328t^4-550t^3+368t^2-175t-22,t^3-3t,,
8.975601,O1O2O3U4O5O4U1U6O7U3U2O8U7U8O6U5,4,8z^3+54z^2+115z+79,8w^4z^3+54w^3z^2+115w^2z+79w,False,False,"[[ 0 -3  0  0  1  2 -2  1  1],[ 3  0  2  1  3  2  1  2  0],[ 0 -2  0  0  0  1 -2  2  1],[ 0 -1  0  0  0  0 -1  1  1],[-1 -3  0  0  0  2 -3  1  1],[-2 -2 -1  0 -2  0 -2 -1  1],[ 2 -1  2  1  3  2  0  2  0],[-1 -2 -2 -1 -1  1 -2  0  1],[-1  0 -1 -1 -1 -1  0 -1  0]]","[[ 0  2  1  1  1  0  0 -2 -3],[-2  0  1 -1 -2  0 -1 -2 -2],[-1 -1  0 -1 -1 -1 -1  0  0],[-1  1  1  0 -1 -1 -2 -2 -2],[-1  2  1  1  0  0  0 -3 -3],[ 0  0  1  1  0  0  0 -1 -1],[ 0  1  1  2  0  0  0 -2 -2],[ 2  2  0  2  3  1  2  0 -1],[ 3  2  0  2  3  1  2  1  0]]",True,"[-2,-1,-1,-1,0,0,2,3,-1,1,2,0,1,2,2,1,1,1,1,0,0,1,1,2,2,2,0,0,3,3,0,1,1,2,2,1]","[-3,-2,0,0,1,1,1,2,0,1,2,1,2,4,3,0,1,0,1,3,2,0,1,-1,0,1,1,0,0,2,-1,-1,-1,-1,0,2]",t^8+62t^6+171t^4+74t^2+4,"[-3,-2,0,0,1,1,1,2,0,1,2,1,2,4,3,0,1,0,1,3,2,0,1,-1,0,1,1,0,0,2,-1,-1,-1,-1,0,2]","[-2,-1,-1,-1,0,0,2,3,-1,0,2,1,2,2,3,1,1,1,1,0,1,1,-1,0,1,2,0,0,3,4,0,0,1,1,2,0]","[-3,-2,0,0,1,1,1,2,1,1,2,0,2,3,2,1,2,0,2,3,2,0,1,1,0,0,1,2,0,1,-1,-1,-1,-1,1,2]",c,"[[{8, 1}, {2, 7}, {3, 6}, {4, 5}], [{8, 1}, {2, 7}, {4, 6}, {3, 5}], [{8, 1}, {2, 7}, {5, 6}, {3, 4}], [{8, 1}, {2, 7}, {6}, {3, 5}, {4}], [{8, 1}, {2, 7}, {6}, {4, 5}, {3}], [{8, 1}, {2, 7}, {6}, {5}, {3, 4}], [{8, 1}, {3, 7}, {2, 6}, {4, 5}], [{8, 1}, {3, 7}, {4, 6}, {2, 5}], [{8, 1}, {3, 7}, {5, 6}, {2, 4}], [{8, 1}, {3, 7}, {5, 6}, {4}, {2}], [{8, 1}, {3, 7}, {6}, {5}, {2, 4}], [{8, 1}, {4, 7}, {2, 6}, {3, 5}], [{8, 1}, {4, 7}, {3, 6}, {2, 5}], [{8, 1}, {4, 7}, {5, 6}, {2, 3}], [{8, 1}, {4, 7}, {5, 6}, {3}, {2}], [{8, 1}, {5, 7}, {2, 6}, {3, 4}], [{8, 1}, {5, 7}, {3, 6}, {2, 4}], [{8, 1}, {5, 7}, {4, 6}, {2, 3}], [{8, 1}, {5, 7}, {4, 6}, {3}, {2}], [{8, 1}, {6, 7}, {2, 5}, {3, 4}], [{8, 1}, {6, 7}, {2, 5}, {4}, {3}], [{8, 1}, {6, 7}, {3, 5}, {2, 4}], [{8, 1}, {6, 7}, {4, 5}, {2, 3}], [{8, 1}, {6, 7}, {4, 5}, {3}, {2}], [{8, 1}, {6, 7}, {5}, {2, 4}, {3}], [{8, 1}, {7}, {2, 6}, {4, 5}, {3}], [{8, 1}, {7}, {3, 6}, {5}, {2, 4}], [{8, 1}, {7}, {5, 6}, {3, 4}, {2}], [{8, 2}, {1, 7}, {3, 6}, {4, 5}], [{8, 2}, {1, 7}, {4, 6}, {3, 5}], [{8, 2}, {1, 7}, {5, 6}, {3, 4}], [{8, 2}, {3, 7}, {1, 6}, {4, 5}], [{8, 2}, {3, 7}, {4, 6}, {1, 5}], [{8, 2}, {3, 7}, {5, 6}, {1, 4}], [{8, 2}, {3, 7}, {6}, {5}, {1, 4}], [{8, 2}, {4, 7}, {1, 6}, {3, 5}], [{8, 2}, {4, 7}, {3, 6}, {1, 5}], [{8, 2}, {4, 7}, {5, 6}, {1, 3}], [{8, 2}, {4, 7}, {5, 6}, {3}, {1}], [{8, 2}, {5, 7}, {1, 6}, {3, 4}], [{8, 2}, {5, 7}, {3, 6}, {1, 4}], [{8, 2}, {5, 7}, {4, 6}, {1, 3}], [{8, 2}, {5, 7}, {6}, {1, 4}, {3}], [{8, 2}, {6, 7}, {1, 5}, {3, 4}], [{8, 2}, {6, 7}, {3, 5}, {1, 4}], [{8, 2}, {6, 7}, {4, 5}, {1, 3}], [{8, 2}, {6, 7}, {4, 5}, {3}, {1}], [{8, 2}, {7}, {4, 6}, {1, 5}, {3}], [{8, 2}, {7}, {6}, {3, 5}, {1, 4}], [{8, 3}, {1, 7}, {2, 6}, {4, 5}], [{8, 3}, {1, 7}, {4, 6}, {2, 5}], [{8, 3}, {1, 7}, {5, 6}, {2, 4}], [{8, 3}, {2, 7}, {1, 6}, {4, 5}], [{8, 3}, {2, 7}, {4, 6}, {1, 5}], [{8, 3}, {2, 7}, {5, 6}, {1, 4}], [{8, 3}, {2, 7}, {6}, {5}, {1, 4}], [{8, 3}, {4, 7}, {1, 6}, {2, 5}], [{8, 3}, {4, 7}, {2, 6}, {1, 5}], [{8, 3}, {4, 7}, {5, 6}, {1, 2}], [{8, 3}, {4, 7}, {6}, {1, 5}, {2}], [{8, 3}, {5, 7}, {1, 6}, {2, 4}], [{8, 3}, {5, 7}, {2, 6}, {1, 4}], [{8, 3}, {5, 7}, {2, 6}, {4}, {1}], [{8, 3}, {5, 7}, {4, 6}, {1, 2}], [{8, 3}, {5, 7}, {6}, {1, 4}, {2}], [{8, 3}, {6, 7}, {1, 5}, {2, 4}], [{8, 3}, {6, 7}, {2, 5}, {1, 4}], [{8, 3}, {6, 7}, {4, 5}, {1, 2}], [{8, 3}, {7}, {6}, {2, 5}, {1, 4}], [{8, 4}, {1, 7}, {2, 6}, {3, 5}], [{8, 4}, {1, 7}, {3, 6}, {2, 5}], [{8, 4}, {1, 7}, {3, 6}, {5}, {2}], [{8, 4}, {1, 7}, {5, 6}, {2, 3}], [{8, 4}, {1, 7}, {5, 6}, {3}, {2}], [{8, 4}, {1, 7}, {6}, {3, 5}, {2}], [{8, 4}, {2, 7}, {1, 6}, {3, 5}], [{8, 4}, {2, 7}, {3, 6}, {1, 5}], [{8, 4}, {2, 7}, {5, 6}, {1, 3}], [{8, 4}, {2, 7}, {6}, {3, 5}, {1}], [{8, 4}, {3, 7}, {1, 6}, {2, 5}], [{8, 4}, {3, 7}, {1, 6}, {5}, {2}], [{8, 4}, {3, 7}, {2, 6}, {1, 5}], [{8, 4}, {3, 7}, {5, 6}, {1, 2}], [{8, 4}, {5, 7}, {1, 6}, {2, 3}], [{8, 4}, {5, 7}, {1, 6}, {3}, {2}], [{8, 4}, {5, 7}, {2, 6}, {1, 3}], [{8, 4}, {5, 7}, {3, 6}, {1, 2}], [{8, 4}, {6, 7}, {1, 5}, {2, 3}], [{8, 4}, {6, 7}, {1, 5}, {3}, {2}], [{8, 4}, {6, 7}, {2, 5}, {1, 3}], [{8, 4}, {6, 7}, {3, 5}, {1, 2}], [{8, 4}, {6, 7}, {3, 5}, {2}, {1}], [{8, 4}, {6, 7}, {5}, {1, 3}, {2}], [{8, 4}, {7}, {1, 6}, {3, 5}, {2}], [{8, 4}, {7}, {2, 6}, {3, 5}, {1}], [{8, 4}, {7}, {6}, {3, 5}, {1, 2}], [{8, 5}, {1, 7}, {2, 6}, {3, 4}], [{8, 5}, {1, 7}, {3, 6}, {2, 4}], [{8, 5}, {1, 7}, {4, 6}, {2, 3}], [{8, 5}, {1, 7}, {4, 6}, {3}, {2}], [{8, 5}, {2, 7}, {1, 6}, {3, 4}], [{8, 5}, {2, 7}, {3, 6}, {1, 4}], [{8, 5}, {2, 7}, {4, 6}, {1, 3}], [{8, 5}, {2, 7}, {6}, {1, 4}, {3}], [{8, 5}, {3, 7}, {1, 6}, {2, 4}], [{8, 5}, {3, 7}, {2, 6}, {1, 4}], [{8, 5}, {3, 7}, {4, 6}, {1, 2}], [{8, 5}, {3, 7}, {6}, {1, 4}, {2}], [{8, 5}, {4, 7}, {1, 6}, {2, 3}], [{8, 5}, {4, 7}, {1, 6}, {3}, {2}], [{8, 5}, {4, 7}, {2, 6}, {1, 3}], [{8, 5}, {4, 7}, {3, 6}, {1, 2}], [{8, 5}, {6, 7}, {1, 4}, {2, 3}], [{8, 5}, {6, 7}, {1, 4}, {3}, {2}], [{8, 5}, {6, 7}, {2, 4}, {1, 3}], [{8, 5}, {6, 7}, {3, 4}, {1, 2}], [{8, 5}, {7}, {2, 6}, {1, 4}, {3}], [{8, 5}, {7}, {3, 6}, {1, 4}, {2}], [{8, 5}, {7}, {6}, {1, 4}, {2, 3}], [{8, 5}, {7}, {6}, {1, 4}, {3}, {2}], [{8, 5}, {7}, {6}, {2, 4}, {1, 3}], [{8, 5}, {7}, {6}, {3, 4}, {1, 2}], [{8, 6}, {1, 7}, {2, 5}, {3, 4}], [{8, 6}, {1, 7}, {2, 5}, {4}, {3}], [{8, 6}, {1, 7}, {3, 5}, {2, 4}], [{8, 6}, {1, 7}, {4, 5}, {2, 3}], [{8, 6}, {1, 7}, {4, 5}, {3}, {2}], [{8, 6}, {1, 7}, {5}, {2, 4}, {3}], [{8, 6}, {2, 7}, {1, 5}, {3, 4}], [{8, 6}, {2, 7}, {3, 5}, {1, 4}], [{8, 6}, {2, 7}, {4, 5}, {1, 3}], [{8, 6}, {3, 7}, {1, 5}, {2, 4}], [{8, 6}, {3, 7}, {1, 5}, {4}, {2}], [{8, 6}, {3, 7}, {2, 5}, {1, 4}], [{8, 6}, {3, 7}, {4, 5}, {1, 2}], [{8, 6}, {4, 7}, {1, 5}, {2, 3}], [{8, 6}, {4, 7}, {1, 5}, {3}, {2}], [{8, 6}, {4, 7}, {2, 5}, {1, 3}], [{8, 6}, {4, 7}, {3, 5}, {1, 2}], [{8, 6}, {4, 7}, {3, 5}, {2}, {1}], [{8, 6}, {4, 7}, {5}, {1, 3}, {2}], [{8, 6}, {5, 7}, {1, 4}, {2, 3}], [{8, 6}, {5, 7}, {1, 4}, {3}, {2}], [{8, 6}, {5, 7}, {2, 4}, {1, 3}], [{8, 6}, {5, 7}, {3, 4}, {1, 2}], [{8, 6}, {7}, {1, 5}, {3, 4}, {2}], [{8, 6}, {7}, {5}, {1, 4}, {2, 3}], [{8, 7}, {1, 6}, {2, 5}, {3, 4}], [{8, 7}, {1, 6}, {3, 5}, {2, 4}], [{8, 7}, {1, 6}, {4, 5}, {2, 3}], [{8, 7}, {1, 6}, {4, 5}, {3}, {2}], [{8, 7}, {2, 6}, {1, 5}, {3, 4}], [{8, 7}, {2, 6}, {3, 5}, {1, 4}], [{8, 7}, {2, 6}, {4, 5}, {1, 3}], [{8, 7}, {2, 6}, {5}, {1, 4}, {3}], [{8, 7}, {3, 6}, {1, 5}, {2, 4}], [{8, 7}, {3, 6}, {2, 5}, {1, 4}], [{8, 7}, {3, 6}, {4, 5}, {1, 2}], [{8, 7}, {3, 6}, {5}, {1, 4}, {2}], [{8, 7}, {4, 6}, {1, 5}, {2, 3}], [{8, 7}, {4, 6}, {1, 5}, {3}, {2}], [{8, 7}, {4, 6}, {2, 5}, {1, 3}], [{8, 7}, {4, 6}, {3, 5}, {1, 2}], [{8, 7}, {5, 6}, {1, 4}, {2, 3}], [{8, 7}, {5, 6}, {1, 4}, {3}, {2}], [{8, 7}, {5, 6}, {2, 4}, {1, 3}], [{8, 7}, {5, 6}, {3, 4}, {1, 2}], [{8, 7}, {6}, {2, 5}, {1, 4}, {3}], [{8, 7}, {6}, {3, 5}, {1, 4}, {2}], [{8, 7}, {6}, {5}, {1, 4}, {2, 3}], [{8, 7}, {6}, {5}, {1, 4}, {3}, {2}], [{8, 7}, {6}, {5}, {2, 4}, {1, 3}], [{8, 7}, {6}, {5}, {3, 4}, {1, 2}], [{8}, {1, 7}, {6}, {2, 5}, {3, 4}], [{8}, {2, 7}, {4, 6}, {1, 5}, {3}], [{8}, {2, 7}, {5, 6}, {3, 4}, {1}], [{8}, {2, 7}, {6}, {3, 5}, {1, 4}], [{8}, {3, 7}, {4, 6}, {5}, {1, 2}], [{8}, {3, 7}, {6}, {2, 5}, {1, 4}], [{8}, {4, 7}, {3, 6}, {1, 5}, {2}], [{8}, {4, 7}, {5, 6}, {3}, {1, 2}], [{8}, {5, 7}, {2, 6}, {1, 4}, {3}], [{8}, {5, 7}, {3, 6}, {1, 4}, {2}], [{8}, {5, 7}, {6}, {1, 4}, {2, 3}], [{8}, {5, 7}, {6}, {1, 4}, {3}, {2}], [{8}, {5, 7}, {6}, {2, 4}, {1, 3}], [{8}, {5, 7}, {6}, {3, 4}, {1, 2}], [{8}, {6, 7}, {2, 5}, {3, 4}, {1}], [{8}, {6, 7}, {4, 5}, {3}, {1, 2}], [{8}, {6, 7}, {5}, {1, 4}, {2, 3}], [{8}, {7}, {1, 6}, {2, 5}, {3, 4}], [{8}, {7}, {5, 6}, {1, 4}, {2, 3}], [{8}, {7}, {6}, {5}, {1, 4}, {2, 3}]]",2,4 K_1^3 - 2 K_1 K_2 - 2 K_1 + 1,O1O2O3U4O5U6U7O6U2U1O7U5U3O8O4U8,O1O2U3O4O5U6O3O6U2O7U1U5U4O8U7U8,O1O2U1O3O4U2O5O6U7U8O7U4U3U6O8U5,c,{'O1O2O3U4O5O4U1U6O7U3U2O8U7U8O6U5'},1,"<a href=""/flatknot/8.975601"">8.975601</a>",t^9-68t^7-202t^6-33t^5+302t^4+141t^3+86t^2+205t+14,t^3-3t,,
8.975602,O1O2O3U4O5O4U1U6O7U3U7O8U2U5O6U8,4,20z^2+105z+131,20w^3z^2+105w^2z+131w,False,False,"[[ 0 -3  0  0  1  2 -2  1  1],[ 3  0  2  1  3  2  0  1  2],[ 0 -2  0 -1  0  1 -2  1  1],[ 0 -1  1  0  0  1 -2  1  0],[-1 -3  0  0  0  2 -2  1  0],[-2 -2 -1 -1 -2  0 -2  0  0],[ 2  0  2  2  2  2  0  1  1],[-1 -1 -1 -1 -1  0 -1  0  0],[-1 -2 -1  0  0  0 -1  0  0]]","[[ 0  2  1  1  1  0  0 -2 -3],[-2  0  0  0 -2 -1 -1 -2 -2],[-1  0  0  0  0  0 -1 -1 -2],[-1  0  0  0 -1 -1 -1 -1 -1],[-1  2  0  1  0  0  0 -2 -3],[ 0  1  0  1  0  0  1 -2 -1],[ 0  1  1  1  0 -1  0 -2 -2],[ 2  2  1  1  2  2  2  0  0],[ 3  2  2  1  3  1  2  0  0]]",True,"[-2,-1,-1,-1,0,0,2,3,0,0,2,1,1,2,2,0,0,0,1,1,2,1,1,1,1,1,0,0,2,3,-1,2,1,2,2,0]","[-3,-2,0,0,1,1,1,2,0,1,2,1,2,3,2,2,2,1,1,2,2,1,1,0,0,1,1,1,0,1,0,-1,0,0,0,2]",t^8+52t^6+173t^4+87t^2+4,"[-3,-2,0,0,1,1,1,2,1,1,2,1,2,3,3,0,0,1,2,2,2,1,1,0,0,1,1,1,0,1,0,-1,-1,0,1,1]","[-2,-1,-1,-1,0,0,2,3,-1,1,1,1,1,2,3,0,1,1,1,1,1,0,0,1,2,2,0,0,2,3,-1,0,1,0,2,1]","[-3,-2,0,0,1,1,1,2,0,1,2,1,2,3,2,2,2,1,1,2,2,1,1,0,0,1,1,1,0,1,0,-1,0,0,0,2]",c,"[[{8, 1}, {2, 7}, {3, 6}, {4, 5}], [{8, 1}, {2, 7}, {4, 6}, {3, 5}], [{8, 1}, {2, 7}, {5, 6}, {3, 4}], [{8, 1}, {3, 7}, {2, 6}, {4, 5}], [{8, 1}, {3, 7}, {4, 6}, {2, 5}], [{8, 1}, {3, 7}, {5, 6}, {2, 4}], [{8, 1}, {3, 7}, {6}, {2, 5}, {4}], [{8, 1}, {3, 7}, {6}, {4, 5}, {2}], [{8, 1}, {3, 7}, {6}, {5}, {2, 4}], [{8, 1}, {4, 7}, {2, 6}, {3, 5}], [{8, 1}, {4, 7}, {2, 6}, {5}, {3}], [{8, 1}, {4, 7}, {3, 6}, {2, 5}], [{8, 1}, {4, 7}, {3, 6}, {5}, {2}], [{8, 1}, {4, 7}, {5, 6}, {2, 3}], [{8, 1}, {4, 7}, {5, 6}, {3}, {2}], [{8, 1}, {4, 7}, {6}, {2, 5}, {3}], [{8, 1}, {4, 7}, {6}, {3, 5}, {2}], [{8, 1}, {4, 7}, {6}, {5}, {2, 3}], [{8, 1}, {5, 7}, {2, 6}, {3, 4}], [{8, 1}, {5, 7}, {3, 6}, {2, 4}], [{8, 1}, {5, 7}, {4, 6}, {2, 3}], [{8, 1}, {6, 7}, {2, 5}, {3, 4}], [{8, 1}, {6, 7}, {2, 5}, {4}, {3}], [{8, 1}, {6, 7}, {3, 5}, {2, 4}], [{8, 1}, {6, 7}, {4, 5}, {2, 3}], [{8, 1}, {7}, {2, 6}, {3, 5}, {4}], [{8, 1}, {7}, {3, 6}, {2, 5}, {4}], [{8, 1}, {7}, {4, 6}, {2, 5}, {3}], [{8, 1}, {7}, {5, 6}, {4}, {2, 3}], [{8, 1}, {7}, {6}, {2, 5}, {3, 4}], [{8, 1}, {7}, {6}, {2, 5}, {4}, {3}], [{8, 2}, {1, 7}, {3, 6}, {4, 5}], [{8, 2}, {1, 7}, {4, 6}, {3, 5}], [{8, 2}, {1, 7}, {5, 6}, {3, 4}], [{8, 2}, {1, 7}, {6}, {3, 5}, {4}], [{8, 2}, {3, 7}, {1, 6}, {4, 5}], [{8, 2}, {3, 7}, {4, 6}, {1, 5}], [{8, 2}, {3, 7}, {5, 6}, {1, 4}], [{8, 2}, {3, 7}, {5, 6}, {4}, {1}], [{8, 2}, {4, 7}, {1, 6}, {3, 5}], [{8, 2}, {4, 7}, {3, 6}, {1, 5}], [{8, 2}, {4, 7}, {5, 6}, {1, 3}], [{8, 2}, {4, 7}, {6}, {3, 5}, {1}], [{8, 2}, {5, 7}, {1, 6}, {3, 4}], [{8, 2}, {5, 7}, {3, 6}, {1, 4}], [{8, 2}, {5, 7}, {3, 6}, {4}, {1}], [{8, 2}, {5, 7}, {4, 6}, {1, 3}], [{8, 2}, {6, 7}, {1, 5}, {3, 4}], [{8, 2}, {6, 7}, {3, 5}, {1, 4}], [{8, 2}, {6, 7}, {4, 5}, {1, 3}], [{8, 2}, {6, 7}, {5}, {3, 4}, {1}], [{8, 2}, {7}, {6}, {3, 5}, {1, 4}], [{8, 3}, {1, 7}, {2, 6}, {4, 5}], [{8, 3}, {1, 7}, {4, 6}, {2, 5}], [{8, 3}, {1, 7}, {5, 6}, {2, 4}], [{8, 3}, {1, 7}, {6}, {4, 5}, {2}], [{8, 3}, {2, 7}, {1, 6}, {4, 5}], [{8, 3}, {2, 7}, {4, 6}, {1, 5}], [{8, 3}, {2, 7}, {5, 6}, {1, 4}], [{8, 3}, {4, 7}, {1, 6}, {2, 5}], [{8, 3}, {4, 7}, {2, 6}, {1, 5}], [{8, 3}, {4, 7}, {5, 6}, {1, 2}], [{8, 3}, {5, 7}, {1, 6}, {2, 4}], [{8, 3}, {5, 7}, {2, 6}, {1, 4}], [{8, 3}, {5, 7}, {4, 6}, {1, 2}], [{8, 3}, {6, 7}, {1, 5}, {2, 4}], [{8, 3}, {6, 7}, {1, 5}, {4}, {2}], [{8, 3}, {6, 7}, {2, 5}, {1, 4}], [{8, 3}, {6, 7}, {4, 5}, {1, 2}], [{8, 3}, {7}, {2, 6}, {4, 5}, {1}], [{8, 3}, {7}, {6}, {2, 5}, {1, 4}], [{8, 4}, {1, 7}, {2, 6}, {3, 5}], [{8, 4}, {1, 7}, {2, 6}, {5}, {3}], [{8, 4}, {1, 7}, {3, 6}, {2, 5}], [{8, 4}, {1, 7}, {3, 6}, {5}, {2}], [{8, 4}, {1, 7}, {5, 6}, {2, 3}], [{8, 4}, {1, 7}, {5, 6}, {3}, {2}], [{8, 4}, {1, 7}, {6}, {2, 5}, {3}], [{8, 4}, {1, 7}, {6}, {3, 5}, {2}], [{8, 4}, {1, 7}, {6}, {5}, {2, 3}], [{8, 4}, {1, 7}, {6}, {5}, {3}, {2}], [{8, 4}, {2, 7}, {1, 6}, {3, 5}], [{8, 4}, {2, 7}, {1, 6}, {5}, {3}], [{8, 4}, {2, 7}, {3, 6}, {1, 5}], [{8, 4}, {2, 7}, {5, 6}, {1, 3}], [{8, 4}, {2, 7}, {5, 6}, {3}, {1}], [{8, 4}, {2, 7}, {6}, {1, 5}, {3}], [{8, 4}, {3, 7}, {1, 6}, {2, 5}], [{8, 4}, {3, 7}, {2, 6}, {1, 5}], [{8, 4}, {3, 7}, {2, 6}, {5}, {1}], [{8, 4}, {3, 7}, {5, 6}, {1, 2}], [{8, 4}, {3, 7}, {5, 6}, {2}, {1}], [{8, 4}, {3, 7}, {6}, {2, 5}, {1}], [{8, 4}, {5, 7}, {1, 6}, {2, 3}], [{8, 4}, {5, 7}, {1, 6}, {3}, {2}], [{8, 4}, {5, 7}, {2, 6}, {1, 3}], [{8, 4}, {5, 7}, {2, 6}, {3}, {1}], [{8, 4}, {5, 7}, {3, 6}, {1, 2}], [{8, 4}, {5, 7}, {6}, {3}, {1, 2}], [{8, 4}, {6, 7}, {1, 5}, {2, 3}], [{8, 4}, {6, 7}, {1, 5}, {3}, {2}], [{8, 4}, {6, 7}, {2, 5}, {1, 3}], [{8, 4}, {6, 7}, {2, 5}, {3}, {1}], [{8, 4}, {6, 7}, {3, 5}, {1, 2}], [{8, 4}, {6, 7}, {5}, {3}, {1, 2}], [{8, 4}, {7}, {1, 6}, {2, 5}, {3}], [{8, 4}, {7}, {2, 6}, {1, 5}, {3}], [{8, 4}, {7}, {2, 6}, {3, 5}, {1}], [{8, 4}, {7}, {2, 6}, {5}, {1, 3}], [{8, 4}, {7}, {2, 6}, {5}, {3}, {1}], [{8, 4}, {7}, {3, 6}, {2, 5}, {1}], [{8, 4}, {7}, {5, 6}, {1, 3}, {2}], [{8, 4}, {7}, {5, 6}, {2, 3}, {1}], [{8, 4}, {7}, {5, 6}, {3}, {1, 2}], [{8, 4}, {7}, {5, 6}, {3}, {2}, {1}], [{8, 4}, {7}, {6}, {2, 5}, {1, 3}], [{8, 4}, {7}, {6}, {2, 5}, {3}, {1}], [{8, 5}, {1, 7}, {2, 6}, {3, 4}], [{8, 5}, {1, 7}, {3, 6}, {2, 4}], [{8, 5}, {1, 7}, {4, 6}, {2, 3}], [{8, 5}, {1, 7}, {6}, {3, 4}, {2}], [{8, 5}, {2, 7}, {1, 6}, {3, 4}], [{8, 5}, {2, 7}, {3, 6}, {1, 4}], [{8, 5}, {2, 7}, {4, 6}, {1, 3}], [{8, 5}, {3, 7}, {1, 6}, {2, 4}], [{8, 5}, {3, 7}, {2, 6}, {1, 4}], [{8, 5}, {3, 7}, {4, 6}, {1, 2}], [{8, 5}, {3, 7}, {4, 6}, {2}, {1}], [{8, 5}, {4, 7}, {1, 6}, {2, 3}], [{8, 5}, {4, 7}, {2, 6}, {1, 3}], [{8, 5}, {4, 7}, {3, 6}, {1, 2}], [{8, 5}, {6, 7}, {1, 4}, {2, 3}], [{8, 5}, {6, 7}, {2, 4}, {1, 3}], [{8, 5}, {6, 7}, {3, 4}, {1, 2}], [{8, 5}, {7}, {2, 6}, {3, 4}, {1}], [{8, 5}, {7}, {3, 6}, {4}, {1, 2}], [{8, 5}, {7}, {6}, {1, 4}, {2, 3}], [{8, 6}, {1, 7}, {2, 5}, {3, 4}], [{8, 6}, {1, 7}, {3, 5}, {2, 4}], [{8, 6}, {1, 7}, {3, 5}, {4}, {2}], [{8, 6}, {1, 7}, {4, 5}, {2, 3}], [{8, 6}, {2, 7}, {1, 5}, {3, 4}], [{8, 6}, {2, 7}, {3, 5}, {1, 4}], [{8, 6}, {2, 7}, {4, 5}, {1, 3}], [{8, 6}, {2, 7}, {5}, {4}, {1, 3}], [{8, 6}, {3, 7}, {1, 5}, {2, 4}], [{8, 6}, {3, 7}, {2, 5}, {1, 4}], [{8, 6}, {3, 7}, {4, 5}, {1, 2}], [{8, 6}, {4, 7}, {1, 5}, {2, 3}], [{8, 6}, {4, 7}, {2, 5}, {1, 3}], [{8, 6}, {4, 7}, {3, 5}, {1, 2}], [{8, 6}, {4, 7}, {3, 5}, {2}, {1}], [{8, 6}, {5, 7}, {1, 4}, {2, 3}], [{8, 6}, {5, 7}, {2, 4}, {1, 3}], [{8, 6}, {5, 7}, {3, 4}, {1, 2}], [{8, 6}, {7}, {1, 5}, {3, 4}, {2}], [{8, 6}, {7}, {2, 5}, {1, 4}, {3}], [{8, 6}, {7}, {3, 5}, {1, 4}, {2}], [{8, 6}, {7}, {5}, {1, 4}, {2, 3}], [{8, 7}, {1, 6}, {2, 5}, {3, 4}], [{8, 7}, {1, 6}, {3, 5}, {2, 4}], [{8, 7}, {1, 6}, {4, 5}, {2, 3}], [{8, 7}, {2, 6}, {1, 5}, {3, 4}], [{8, 7}, {2, 6}, {3, 5}, {1, 4}], [{8, 7}, {2, 6}, {3, 5}, {4}, {1}], [{8, 7}, {2, 6}, {4, 5}, {1, 3}], [{8, 7}, {2, 6}, {5}, {1, 4}, {3}], [{8, 7}, {3, 6}, {1, 5}, {2, 4}], [{8, 7}, {3, 6}, {2, 5}, {1, 4}], [{8, 7}, {3, 6}, {2, 5}, {4}, {1}], [{8, 7}, {3, 6}, {4, 5}, {1, 2}], [{8, 7}, {3, 6}, {5}, {1, 4}, {2}], [{8, 7}, {4, 6}, {1, 5}, {2, 3}], [{8, 7}, {4, 6}, {2, 5}, {1, 3}], [{8, 7}, {4, 6}, {3, 5}, {1, 2}], [{8, 7}, {5, 6}, {1, 4}, {2, 3}], [{8, 7}, {5, 6}, {1, 4}, {3}, {2}], [{8, 7}, {5, 6}, {2, 4}, {1, 3}], [{8, 7}, {5, 6}, {3, 4}, {1, 2}], [{8, 7}, {5, 6}, {4}, {2, 3}, {1}], [{8, 7}, {6}, {1, 5}, {3, 4}, {2}], [{8, 7}, {6}, {2, 5}, {1, 4}, {3}], [{8, 7}, {6}, {3, 5}, {1, 4}, {2}], [{8, 7}, {6}, {5}, {1, 4}, {2, 3}], [{8, 7}, {6}, {5}, {2, 4}, {1, 3}], [{8}, {1, 7}, {2, 6}, {3, 5}, {4}], [{8}, {1, 7}, {3, 6}, {2, 5}, {4}], [{8}, {1, 7}, {4, 6}, {3, 5}, {2}], [{8}, {1, 7}, {5, 6}, {4}, {2, 3}], [{8}, {1, 7}, {6}, {3, 5}, {2, 4}], [{8}, {1, 7}, {6}, {3, 5}, {4}, {2}], [{8}, {2, 7}, {1, 6}, {3, 5}, {4}], [{8}, {2, 7}, {4, 6}, {3, 5}, {1}], [{8}, {2, 7}, {6}, {3, 5}, {1, 4}], [{8}, {3, 7}, {5, 6}, {2, 4}, {1}], [{8}, {3, 7}, {6}, {2, 5}, {1, 4}], [{8}, {4, 7}, {1, 6}, {3, 5}, {2}], [{8}, {4, 7}, {2, 6}, {3, 5}, {1}], [{8}, {4, 7}, {3, 6}, {2, 5}, {1}], [{8}, {4, 7}, {5, 6}, {2, 3}, {1}], [{8}, {4, 7}, {6}, {3, 5}, {1, 2}], [{8}, {4, 7}, {6}, {3, 5}, {2}, {1}], [{8}, {5, 7}, {6}, {1, 4}, {2, 3}], [{8}, {6, 7}, {1, 5}, {3, 4}, {2}], [{8}, {6, 7}, {2, 5}, {1, 4}, {3}], [{8}, {6, 7}, {3, 5}, {1, 4}, {2}], [{8}, {6, 7}, {3, 5}, {2, 4}, {1}], [{8}, {6, 7}, {3, 5}, {4}, {1, 2}], [{8}, {6, 7}, {5}, {1, 4}, {2, 3}], [{8}, {7}, {1, 6}, {3, 5}, {2, 4}], [{8}, {7}, {2, 6}, {3, 5}, {1, 4}], [{8}, {7}, {2, 6}, {3, 5}, {4}, {1}], [{8}, {7}, {3, 6}, {1, 5}, {2, 4}], [{8}, {7}, {3, 6}, {2, 5}, {1, 4}], [{8}, {7}, {4, 6}, {3, 5}, {1, 2}], [{8}, {7}, {5, 6}, {1, 4}, {2, 3}], [{8}, {7}, {6}, {2, 5}, {1, 4}, {3}], [{8}, {7}, {6}, {3, 5}, {1, 4}, {2}], [{8}, {7}, {6}, {5}, {1, 4}, {2, 3}]]",2,- 16 K_1^2 - 2 K_1 K_2 + K_1 + 8 K_2 + K_3 + 9,O1O2O3U4O5U6U2O4U7U1O7U5U3O8O6U8,O1O2U3O4O3U5O6O7U2O5U1U6U4O8U7U8,O1O2U3O4O5U4O6O7U8U1O8U5U2U7O3U6,c,{'O1O2O3U4O5O4U1U6O7U3U7O8U2U5O6U8'},1,"<a href=""/flatknot/8.975602"">8.975602</a>",t^9-58t^7-110t^6+145t^5+280t^4-109t^3-160t^2+34t+2,t^3-3t,,
8.975603,O1O2O3U4O5O4U1U6O7U3U7O8U5U2O6U8,4,16z^2+85z+107,16w^3z^2+85w^2z+107w,False,False,"[[ 0 -3  1  0  1  1 -2  1  1],[ 3  0  3  1  3  1  0  1  2],[-1 -3  0 -2  0  0 -3  1  1],[ 0 -1  2  0  0  1 -2  1  0],[-1 -3  0  0  0  1 -2  1  0],[-1 -1  0 -1 -1  0 -1  0  0],[ 2  0  3  2  2  1  0  1  1],[-1 -1 -1 -1 -1  0 -1  0  0],[-1 -2 -1  0  0  0 -1  0  0]]","[[ 0  1  1  1  1  1  0 -2 -3],[-1  0  1  1  0  0  0 -2 -3],[-1 -1  0  0  0  0 -1 -1 -1],[-1 -1  0  0  0 -1 -1 -1 -1],[-1  0  0  0  0 -1  0 -1 -2],[-1  0  0  1  1  0 -2 -3 -3],[ 0  0  1  1  0  2  0 -2 -1],[ 2  2  1  1  1  3  2  0  0],[ 3  3  1  1  2  3  1  0  0]]",True,"[-1,-1,-1,-1,-1,0,2,3,-1,-1,0,0,0,2,3,0,0,0,1,1,1,0,1,1,1,1,1,0,1,2,2,3,3,2,1,0]","[-3,-2,0,1,1,1,1,1,0,1,1,1,2,3,3,2,1,1,1,2,3,1,1,0,0,2,0,0,-1,-1,0,-1,0,0,-1,0]",t^8+55t^6+234t^4+71t^2+4,"[-3,-2,0,1,1,1,1,1,1,2,1,1,2,3,3,0,0,1,2,2,2,-1,1,1,0,0,0,-1,-1,0,0,-1,-1,0,0,0]","[-1,-1,-1,-1,-1,0,2,3,-1,-1,0,0,0,2,3,0,0,1,-1,0,1,1,0,1,1,1,0,0,2,3,1,2,2,0,2,1]","[-3,-2,0,1,1,1,1,1,0,1,1,1,2,3,3,2,1,1,1,2,3,1,1,0,0,2,0,0,-1,-1,0,-1,0,0,-1,0]",c,"[[{8, 5}, {3, 7}, {2, 6}, {1, 4}]]",1,- 18 K_1^2 - 2 K_1 K_2 + K_1 + 9 K_2 + K_3 + 10,O1O2O3U4O5U2U6O4U7U1O7U5U3O8O6U8,O1O2U3O4O3U5O6O7U2O5U1U7U4O8U6U8,O1O2U3O4O5U4O6O7U8U2O8U5U1U7O3U6,c,{'O1O2O3U4O5O4U1U6O7U3U7O8U5U2O6U8'},1,"<a href=""/flatknot/8.975603"">8.975603</a>",t^9-63t^7-94t^6+255t^5+328t^4-187t^3-236t^2-6t+2,t^3+t^2-5t,,
8.975604,O1O2O3U4O5O4U1U6O7U5U2O8U7U3O6U8,4,z^3+23z^2+105z+127,w^4z^3+23w^3z^2+105w^2z+127w,False,False,"[[ 0 -3  0  2  1  0 -2  1  1],[ 3  0  2  3  3  0  0  2  1],[ 0 -2  0  2  1 -1 -3  2  1],[-2 -3 -2  0 -1 -2 -3  1  1],[-1 -3 -1  1  0  0 -2  0  1],[ 0  0  1  2  0  0 -1  1  0],[ 2  0  3  3  2  1  0  1  0],[-1 -2 -2 -1  0 -1 -1  0  1],[-1 -1 -1 -1 -1  0  0 -1  0]]","[[ 0  2  1  1  1  0  0 -2 -3],[-2  0  1  1 -1 -2 -2 -3 -3],[-1 -1  0  1  0 -1 -2 -1 -2],[-1 -1 -1  0 -1  0 -1  0 -1],[-1  1  0  1  0  0 -1 -2 -3],[ 0  2  1  0  0  0  1 -1  0],[ 0  2  2  1  1 -1  0 -3 -2],[ 2  3  1  0  2  1  3  0  0],[ 3  3  2  1  3  0  2  0  0]]",True,"[-2,-1,-1,-1,0,0,2,3,-1,-1,1,2,2,3,3,-1,0,1,2,1,2,1,0,1,0,1,0,1,2,3,-1,1,0,3,2,0]","[-3,-2,0,0,1,1,1,2,0,0,2,1,2,3,3,1,3,0,1,2,3,1,0,1,0,2,1,2,1,2,-1,-1,-1,0,-1,1]",t^8+72t^6+330t^4+104t^2,"[-3,-2,0,0,1,1,1,2,1,1,3,1,2,3,2,-1,1,1,2,3,1,1,0,-1,0,0,1,0,1,0,0,-1,0,-1,2,2]","[-2,-1,-1,-1,0,0,2,3,0,2,2,0,0,1,2,0,1,0,1,1,1,1,-1,0,2,2,0,1,3,3,-1,-1,1,1,3,1]","[-3,-2,0,0,1,1,1,2,0,0,2,1,2,3,3,1,3,0,1,2,3,1,0,1,0,2,1,2,1,2,-1,-1,-1,0,-1,1]",c,"[[{8, 1}, {2, 7}, {3, 6}, {4, 5}], [{8, 1}, {2, 7}, {4, 6}, {3, 5}], [{8, 1}, {2, 7}, {4, 6}, {5}, {3}], [{8, 1}, {2, 7}, {5, 6}, {3, 4}], [{8, 1}, {3, 7}, {2, 6}, {4, 5}], [{8, 1}, {3, 7}, {4, 6}, {2, 5}], [{8, 1}, {3, 7}, {5, 6}, {2, 4}], [{8, 1}, {4, 7}, {2, 6}, {3, 5}], [{8, 1}, {4, 7}, {3, 6}, {2, 5}], [{8, 1}, {4, 7}, {5, 6}, {2, 3}], [{8, 1}, {4, 7}, {6}, {2, 5}, {3}], [{8, 1}, {4, 7}, {6}, {3, 5}, {2}], [{8, 1}, {4, 7}, {6}, {5}, {2, 3}], [{8, 1}, {5, 7}, {2, 6}, {3, 4}], [{8, 1}, {5, 7}, {3, 6}, {2, 4}], [{8, 1}, {5, 7}, {4, 6}, {2, 3}], [{8, 1}, {6, 7}, {2, 5}, {3, 4}], [{8, 1}, {6, 7}, {3, 5}, {2, 4}], [{8, 1}, {6, 7}, {3, 5}, {4}, {2}], [{8, 1}, {6, 7}, {4, 5}, {2, 3}], [{8, 1}, {7}, {4, 6}, {3, 5}, {2}], [{8, 2}, {1, 7}, {3, 6}, {4, 5}], [{8, 2}, {1, 7}, {4, 6}, {3, 5}], [{8, 2}, {1, 7}, {5, 6}, {3, 4}], [{8, 2}, {3, 7}, {1, 6}, {4, 5}], [{8, 2}, {3, 7}, {4, 6}, {1, 5}], [{8, 2}, {3, 7}, {5, 6}, {1, 4}], [{8, 2}, {4, 7}, {1, 6}, {3, 5}], [{8, 2}, {4, 7}, {3, 6}, {1, 5}], [{8, 2}, {4, 7}, {5, 6}, {1, 3}], [{8, 2}, {5, 7}, {1, 6}, {3, 4}], [{8, 2}, {5, 7}, {1, 6}, {4}, {3}], [{8, 2}, {5, 7}, {3, 6}, {1, 4}], [{8, 2}, {5, 7}, {4, 6}, {1, 3}], [{8, 2}, {6, 7}, {1, 5}, {3, 4}], [{8, 2}, {6, 7}, {3, 5}, {1, 4}], [{8, 2}, {6, 7}, {4, 5}, {1, 3}], [{8, 2}, {6, 7}, {5}, {4}, {1, 3}], [{8, 2}, {7}, {3, 6}, {1, 5}, {4}], [{8, 2}, {7}, {5, 6}, {3, 4}, {1}], [{8, 3}, {1, 7}, {2, 6}, {4, 5}], [{8, 3}, {1, 7}, {4, 6}, {2, 5}], [{8, 3}, {1, 7}, {5, 6}, {2, 4}], [{8, 3}, {2, 7}, {1, 6}, {4, 5}], [{8, 3}, {2, 7}, {4, 6}, {1, 5}], [{8, 3}, {2, 7}, {5, 6}, {1, 4}], [{8, 3}, {4, 7}, {1, 6}, {2, 5}], [{8, 3}, {4, 7}, {2, 6}, {1, 5}], [{8, 3}, {4, 7}, {5, 6}, {1, 2}], [{8, 3}, {4, 7}, {6}, {1, 5}, {2}], [{8, 3}, {5, 7}, {1, 6}, {2, 4}], [{8, 3}, {5, 7}, {1, 6}, {4}, {2}], [{8, 3}, {5, 7}, {2, 6}, {1, 4}], [{8, 3}, {5, 7}, {4, 6}, {1, 2}], [{8, 3}, {6, 7}, {1, 5}, {2, 4}], [{8, 3}, {6, 7}, {1, 5}, {4}, {2}], [{8, 3}, {6, 7}, {2, 5}, {1, 4}], [{8, 3}, {6, 7}, {4, 5}, {1, 2}], [{8, 3}, {7}, {4, 6}, {1, 5}, {2}], [{8, 3}, {7}, {6}, {2, 5}, {1, 4}], [{8, 4}, {1, 7}, {2, 6}, {3, 5}], [{8, 4}, {1, 7}, {3, 6}, {2, 5}], [{8, 4}, {1, 7}, {5, 6}, {2, 3}], [{8, 4}, {1, 7}, {5, 6}, {3}, {2}], [{8, 4}, {2, 7}, {1, 6}, {3, 5}], [{8, 4}, {2, 7}, {3, 6}, {1, 5}], [{8, 4}, {2, 7}, {5, 6}, {1, 3}], [{8, 4}, {3, 7}, {1, 6}, {2, 5}], [{8, 4}, {3, 7}, {2, 6}, {1, 5}], [{8, 4}, {3, 7}, {2, 6}, {5}, {1}], [{8, 4}, {3, 7}, {5, 6}, {1, 2}], [{8, 4}, {5, 7}, {1, 6}, {2, 3}], [{8, 4}, {5, 7}, {1, 6}, {3}, {2}], [{8, 4}, {5, 7}, {2, 6}, {1, 3}], [{8, 4}, {5, 7}, {3, 6}, {1, 2}], [{8, 4}, {6, 7}, {1, 5}, {2, 3}], [{8, 4}, {6, 7}, {1, 5}, {3}, {2}], [{8, 4}, {6, 7}, {2, 5}, {1, 3}], [{8, 4}, {6, 7}, {3, 5}, {1, 2}], [{8, 4}, {7}, {6}, {1, 5}, {2, 3}], [{8, 5}, {1, 7}, {2, 6}, {3, 4}], [{8, 5}, {1, 7}, {3, 6}, {2, 4}], [{8, 5}, {1, 7}, {4, 6}, {2, 3}], [{8, 5}, {2, 7}, {1, 6}, {3, 4}], [{8, 5}, {2, 7}, {3, 6}, {1, 4}], [{8, 5}, {2, 7}, {3, 6}, {4}, {1}], [{8, 5}, {2, 7}, {4, 6}, {1, 3}], [{8, 5}, {3, 7}, {1, 6}, {2, 4}], [{8, 5}, {3, 7}, {2, 6}, {1, 4}], [{8, 5}, {3, 7}, {4, 6}, {1, 2}], [{8, 5}, {4, 7}, {1, 6}, {2, 3}], [{8, 5}, {4, 7}, {2, 6}, {1, 3}], [{8, 5}, {4, 7}, {3, 6}, {1, 2}], [{8, 5}, {4, 7}, {6}, {1, 3}, {2}], [{8, 5}, {6, 7}, {1, 4}, {2, 3}], [{8, 5}, {6, 7}, {2, 4}, {1, 3}], [{8, 5}, {6, 7}, {3, 4}, {1, 2}], [{8, 5}, {6, 7}, {4}, {1, 3}, {2}], [{8, 5}, {7}, {2, 6}, {3, 4}, {1}], [{8, 5}, {7}, {4, 6}, {1, 3}, {2}], [{8, 5}, {7}, {6}, {1, 4}, {2, 3}], [{8, 6}, {1, 7}, {2, 5}, {3, 4}], [{8, 6}, {1, 7}, {3, 5}, {2, 4}], [{8, 6}, {1, 7}, {4, 5}, {2, 3}], [{8, 6}, {2, 7}, {1, 5}, {3, 4}], [{8, 6}, {2, 7}, {1, 5}, {4}, {3}], [{8, 6}, {2, 7}, {3, 5}, {1, 4}], [{8, 6}, {2, 7}, {3, 5}, {4}, {1}], [{8, 6}, {2, 7}, {4, 5}, {1, 3}], [{8, 6}, {2, 7}, {5}, {4}, {1, 3}], [{8, 6}, {3, 7}, {1, 5}, {2, 4}], [{8, 6}, {3, 7}, {2, 5}, {1, 4}], [{8, 6}, {3, 7}, {4, 5}, {1, 2}], [{8, 6}, {3, 7}, {5}, {4}, {1, 2}], [{8, 6}, {4, 7}, {1, 5}, {2, 3}], [{8, 6}, {4, 7}, {2, 5}, {1, 3}], [{8, 6}, {4, 7}, {3, 5}, {1, 2}], [{8, 6}, {5, 7}, {1, 4}, {2, 3}], [{8, 6}, {5, 7}, {2, 4}, {1, 3}], [{8, 6}, {5, 7}, {3, 4}, {1, 2}], [{8, 7}, {1, 6}, {2, 5}, {3, 4}], [{8, 7}, {1, 6}, {3, 5}, {2, 4}], [{8, 7}, {1, 6}, {4, 5}, {2, 3}], [{8, 7}, {2, 6}, {1, 5}, {3, 4}], [{8, 7}, {2, 6}, {3, 5}, {1, 4}], [{8, 7}, {2, 6}, {4, 5}, {1, 3}], [{8, 7}, {2, 6}, {5}, {1, 4}, {3}], [{8, 7}, {3, 6}, {1, 5}, {2, 4}], [{8, 7}, {3, 6}, {2, 5}, {1, 4}], [{8, 7}, {3, 6}, {4, 5}, {1, 2}], [{8, 7}, {4, 6}, {1, 5}, {2, 3}], [{8, 7}, {4, 6}, {2, 5}, {1, 3}], [{8, 7}, {4, 6}, {3, 5}, {1, 2}], [{8, 7}, {5, 6}, {1, 4}, {2, 3}], [{8, 7}, {5, 6}, {1, 4}, {3}, {2}], [{8, 7}, {5, 6}, {2, 4}, {1, 3}], [{8, 7}, {5, 6}, {3, 4}, {1, 2}], [{8, 7}, {5, 6}, {4}, {2, 3}, {1}], [{8, 7}, {6}, {2, 5}, {1, 4}, {3}], [{8}, {1, 7}, {3, 6}, {2, 5}, {4}], [{8}, {2, 7}, {1, 6}, {5}, {3, 4}], [{8}, {3, 7}, {1, 6}, {5}, {2, 4}], [{8}, {3, 7}, {5, 6}, {2, 4}, {1}], [{8}, {3, 7}, {6}, {1, 5}, {2, 4}], [{8}, {3, 7}, {6}, {2, 5}, {1, 4}], [{8}, {3, 7}, {6}, {4, 5}, {1, 2}], [{8}, {4, 7}, {2, 6}, {1, 5}, {3}], [{8}, {4, 7}, {2, 6}, {3, 5}, {1}], [{8}, {4, 7}, {2, 6}, {5}, {1, 3}], [{8}, {5, 7}, {1, 6}, {2, 4}, {3}], [{8}, {5, 7}, {1, 6}, {3, 4}, {2}], [{8}, {5, 7}, {1, 6}, {4}, {2, 3}], [{8}, {5, 7}, {1, 6}, {4}, {3}, {2}], [{8}, {5, 7}, {2, 6}, {4}, {1, 3}], [{8}, {5, 7}, {3, 6}, {4}, {1, 2}], [{8}, {6, 7}, {1, 5}, {3, 4}, {2}], [{8}, {6, 7}, {2, 5}, {4}, {1, 3}], [{8}, {6, 7}, {5}, {1, 4}, {2, 3}], [{8}, {7}, {1, 6}, {2, 5}, {3, 4}], [{8}, {7}, {1, 6}, {3, 5}, {2, 4}], [{8}, {7}, {2, 6}, {4, 5}, {1, 3}]]",2,8 K_1^3 - 24 K_1^2 - 14 K_1 K_2 + K_1 + 12 K_2 + 5 K_3 + 13,O1O2O3U4O5U1U6O4U2U7O6U5U3O8O7U8,O1O2U3O4O5U6O3O7U2O6U1U5U7O8U4U8,O1O2U3O4O5U2O6O7U8U5O8U1U4U7O3U6,c,{'O1O2O3U4O5O4U1U6O7U5U2O8U7U3O6U8'},1,"<a href=""/flatknot/8.975604"">8.975604</a>",t^9-78t^7-226t^6+204t^5+1010t^4+328t^3-642t^2-319t-6,t^3-3t,,
8.975605,O1O2O3U4O5O4U1U6O7U5U2O8U7U8O6U3,4,21z^2+106z+129,21w^3z^2+106w^2z+129w,False,False,"[[ 0 -3  0  2  1  0 -2  1  1],[ 3  0  2  3  3  0  1  2  0],[ 0 -2  0  1  1 -1 -2  2  1],[-2 -3 -1  0 -1 -1 -3  0  1],[-1 -3 -1  1  0  0 -2  0  1],[ 0  0  1  1  0  0 -1  1  1],[ 2 -1  2  3  2  1  0  2  0],[-1 -2 -2  0  0 -1 -2  0  1],[-1  0 -1 -1 -1 -1  0 -1  0]]","[[ 0  2  1  1  1  0  0 -2 -3],[-2  0  1  0 -1 -1 -1 -3 -3],[-1 -1  0 -1 -1 -1 -1  0  0],[-1  0  1  0  0 -1 -2 -2 -2],[-1  1  1  0  0  0 -1 -2 -3],[ 0  1  1  1  0  0  1 -1  0],[ 0  1  1  2  1 -1  0 -2 -2],[ 2  3  0  2  2  1  2  0 -1],[ 3  3  0  2  3  0  2  1  0]]",True,"[-2,-1,-1,-1,0,0,2,3,-1,0,1,1,1,3,3,1,1,1,1,0,0,0,1,2,2,2,0,1,2,3,-1,1,0,2,2,1]","[-3,-2,0,0,1,1,1,2,0,1,3,1,2,4,2,0,1,1,1,3,1,1,0,-1,0,1,1,0,0,1,0,-1,0,-1,1,2]",t^8+64t^6+260t^4+172t^2+9,"[-3,-2,0,0,1,1,1,2,0,1,3,1,2,4,2,0,1,1,1,3,1,1,0,-1,0,1,1,0,0,1,0,-1,0,-1,1,2]","[-2,-1,-1,-1,0,0,2,3,0,1,2,1,1,1,2,0,1,0,1,1,1,1,-1,0,1,2,0,0,3,4,-1,0,1,1,3,0]","[-3,-2,0,0,1,1,1,2,1,0,2,0,2,3,3,1,2,0,2,2,3,1,1,1,0,1,1,2,1,1,-1,-1,-1,0,0,1]",c,"[[{8, 1}, {2, 7}, {3, 6}, {4, 5}], [{8, 1}, {2, 7}, {4, 6}, {3, 5}], [{8, 1}, {2, 7}, {5, 6}, {3, 4}], [{8, 1}, {2, 7}, {6}, {3, 5}, {4}], [{8, 1}, {3, 7}, {2, 6}, {4, 5}], [{8, 1}, {3, 7}, {4, 6}, {2, 5}], [{8, 1}, {3, 7}, {5, 6}, {2, 4}], [{8, 1}, {4, 7}, {2, 6}, {3, 5}], [{8, 1}, {4, 7}, {3, 6}, {2, 5}], [{8, 1}, {4, 7}, {5, 6}, {2, 3}], [{8, 1}, {4, 7}, {6}, {2, 5}, {3}], [{8, 1}, {5, 7}, {2, 6}, {3, 4}], [{8, 1}, {5, 7}, {2, 6}, {4}, {3}], [{8, 1}, {5, 7}, {3, 6}, {2, 4}], [{8, 1}, {5, 7}, {4, 6}, {2, 3}], [{8, 1}, {6, 7}, {2, 5}, {3, 4}], [{8, 1}, {6, 7}, {2, 5}, {4}, {3}], [{8, 1}, {6, 7}, {3, 5}, {2, 4}], [{8, 1}, {6, 7}, {4, 5}, {2, 3}], [{8, 1}, {7}, {3, 6}, {5}, {2, 4}], [{8, 1}, {7}, {4, 6}, {2, 5}, {3}], [{8, 2}, {1, 7}, {3, 6}, {4, 5}], [{8, 2}, {1, 7}, {4, 6}, {3, 5}], [{8, 2}, {1, 7}, {5, 6}, {3, 4}], [{8, 2}, {1, 7}, {6}, {4, 5}, {3}], [{8, 2}, {3, 7}, {1, 6}, {4, 5}], [{8, 2}, {3, 7}, {4, 6}, {1, 5}], [{8, 2}, {3, 7}, {5, 6}, {1, 4}], [{8, 2}, {4, 7}, {1, 6}, {3, 5}], [{8, 2}, {4, 7}, {3, 6}, {1, 5}], [{8, 2}, {4, 7}, {3, 6}, {5}, {1}], [{8, 2}, {4, 7}, {5, 6}, {1, 3}], [{8, 2}, {5, 7}, {1, 6}, {3, 4}], [{8, 2}, {5, 7}, {3, 6}, {1, 4}], [{8, 2}, {5, 7}, {4, 6}, {1, 3}], [{8, 2}, {5, 7}, {4, 6}, {3}, {1}], [{8, 2}, {5, 7}, {6}, {4}, {1, 3}], [{8, 2}, {6, 7}, {1, 5}, {3, 4}], [{8, 2}, {6, 7}, {3, 5}, {1, 4}], [{8, 2}, {6, 7}, {3, 5}, {4}, {1}], [{8, 2}, {6, 7}, {4, 5}, {1, 3}], [{8, 2}, {7}, {3, 6}, {1, 5}, {4}], [{8, 3}, {1, 7}, {2, 6}, {4, 5}], [{8, 3}, {1, 7}, {4, 6}, {2, 5}], [{8, 3}, {1, 7}, {5, 6}, {2, 4}], [{8, 3}, {2, 7}, {1, 6}, {4, 5}], [{8, 3}, {2, 7}, {4, 6}, {1, 5}], [{8, 3}, {2, 7}, {5, 6}, {1, 4}], [{8, 3}, {2, 7}, {6}, {1, 5}, {4}], [{8, 3}, {4, 7}, {1, 6}, {2, 5}], [{8, 3}, {4, 7}, {2, 6}, {1, 5}], [{8, 3}, {4, 7}, {5, 6}, {1, 2}], [{8, 3}, {4, 7}, {6}, {2, 5}, {1}], [{8, 3}, {5, 7}, {1, 6}, {2, 4}], [{8, 3}, {5, 7}, {2, 6}, {1, 4}], [{8, 3}, {5, 7}, {2, 6}, {4}, {1}], [{8, 3}, {5, 7}, {4, 6}, {1, 2}], [{8, 3}, {6, 7}, {1, 5}, {2, 4}], [{8, 3}, {6, 7}, {2, 5}, {1, 4}], [{8, 3}, {6, 7}, {2, 5}, {4}, {1}], [{8, 3}, {6, 7}, {4, 5}, {1, 2}], [{8, 3}, {7}, {4, 6}, {2, 5}, {1}], [{8, 3}, {7}, {6}, {4, 5}, {1, 2}], [{8, 4}, {1, 7}, {2, 6}, {3, 5}], [{8, 4}, {1, 7}, {3, 6}, {2, 5}], [{8, 4}, {1, 7}, {5, 6}, {2, 3}], [{8, 4}, {1, 7}, {6}, {3, 5}, {2}], [{8, 4}, {2, 7}, {1, 6}, {3, 5}], [{8, 4}, {2, 7}, {3, 6}, {1, 5}], [{8, 4}, {2, 7}, {5, 6}, {1, 3}], [{8, 4}, {2, 7}, {6}, {5}, {1, 3}], [{8, 4}, {3, 7}, {1, 6}, {2, 5}], [{8, 4}, {3, 7}, {2, 6}, {1, 5}], [{8, 4}, {3, 7}, {5, 6}, {1, 2}], [{8, 4}, {3, 7}, {6}, {1, 5}, {2}], [{8, 4}, {5, 7}, {1, 6}, {2, 3}], [{8, 4}, {5, 7}, {2, 6}, {1, 3}], [{8, 4}, {5, 7}, {2, 6}, {3}, {1}], [{8, 4}, {5, 7}, {3, 6}, {1, 2}], [{8, 4}, {5, 7}, {6}, {1, 3}, {2}], [{8, 4}, {6, 7}, {1, 5}, {2, 3}], [{8, 4}, {6, 7}, {2, 5}, {1, 3}], [{8, 4}, {6, 7}, {2, 5}, {3}, {1}], [{8, 4}, {6, 7}, {3, 5}, {1, 2}], [{8, 4}, {7}, {6}, {2, 5}, {1, 3}], [{8, 5}, {1, 7}, {2, 6}, {3, 4}], [{8, 5}, {1, 7}, {3, 6}, {2, 4}], [{8, 5}, {1, 7}, {4, 6}, {2, 3}], [{8, 5}, {1, 7}, {6}, {4}, {2, 3}], [{8, 5}, {2, 7}, {1, 6}, {3, 4}], [{8, 5}, {2, 7}, {3, 6}, {1, 4}], [{8, 5}, {2, 7}, {4, 6}, {1, 3}], [{8, 5}, {2, 7}, {6}, {4}, {1, 3}], [{8, 5}, {3, 7}, {1, 6}, {2, 4}], [{8, 5}, {3, 7}, {2, 6}, {1, 4}], [{8, 5}, {3, 7}, {2, 6}, {4}, {1}], [{8, 5}, {3, 7}, {4, 6}, {1, 2}], [{8, 5}, {4, 7}, {1, 6}, {2, 3}], [{8, 5}, {4, 7}, {2, 6}, {1, 3}], [{8, 5}, {4, 7}, {3, 6}, {1, 2}], [{8, 5}, {6, 7}, {1, 4}, {2, 3}], [{8, 5}, {6, 7}, {2, 4}, {1, 3}], [{8, 5}, {6, 7}, {3, 4}, {1, 2}], [{8, 5}, {6, 7}, {4}, {2, 3}, {1}], [{8, 5}, {7}, {1, 6}, {4}, {2, 3}], [{8, 5}, {7}, {4, 6}, {3}, {1, 2}], [{8, 6}, {1, 7}, {2, 5}, {3, 4}], [{8, 6}, {1, 7}, {3, 5}, {2, 4}], [{8, 6}, {1, 7}, {3, 5}, {4}, {2}], [{8, 6}, {1, 7}, {4, 5}, {2, 3}], [{8, 6}, {1, 7}, {5}, {2, 4}, {3}], [{8, 6}, {2, 7}, {1, 5}, {3, 4}], [{8, 6}, {2, 7}, {3, 5}, {1, 4}], [{8, 6}, {2, 7}, {4, 5}, {1, 3}], [{8, 6}, {2, 7}, {5}, {4}, {1, 3}], [{8, 6}, {3, 7}, {1, 5}, {2, 4}], [{8, 6}, {3, 7}, {1, 5}, {4}, {2}], [{8, 6}, {3, 7}, {2, 5}, {1, 4}], [{8, 6}, {3, 7}, {4, 5}, {1, 2}], [{8, 6}, {4, 7}, {1, 5}, {2, 3}], [{8, 6}, {4, 7}, {2, 5}, {1, 3}], [{8, 6}, {4, 7}, {3, 5}, {1, 2}], [{8, 6}, {5, 7}, {1, 4}, {2, 3}], [{8, 6}, {5, 7}, {2, 4}, {1, 3}], [{8, 6}, {5, 7}, {2, 4}, {3}, {1}], [{8, 6}, {5, 7}, {3, 4}, {1, 2}], [{8, 6}, {5, 7}, {4}, {1, 3}, {2}], [{8, 6}, {7}, {1, 5}, {2, 4}, {3}], [{8, 6}, {7}, {2, 5}, {1, 4}, {3}], [{8, 6}, {7}, {2, 5}, {3, 4}, {1}], [{8, 6}, {7}, {2, 5}, {4}, {1, 3}], [{8, 7}, {1, 6}, {2, 5}, {3, 4}], [{8, 7}, {1, 6}, {3, 5}, {2, 4}], [{8, 7}, {1, 6}, {4, 5}, {2, 3}], [{8, 7}, {1, 6}, {5}, {4}, {2, 3}], [{8, 7}, {2, 6}, {1, 5}, {3, 4}], [{8, 7}, {2, 6}, {3, 5}, {1, 4}], [{8, 7}, {2, 6}, {3, 5}, {4}, {1}], [{8, 7}, {2, 6}, {4, 5}, {1, 3}], [{8, 7}, {3, 6}, {1, 5}, {2, 4}], [{8, 7}, {3, 6}, {2, 5}, {1, 4}], [{8, 7}, {3, 6}, {4, 5}, {1, 2}], [{8, 7}, {4, 6}, {1, 5}, {2, 3}], [{8, 7}, {4, 6}, {2, 5}, {1, 3}], [{8, 7}, {4, 6}, {3, 5}, {1, 2}], [{8, 7}, {4, 6}, {5}, {2, 3}, {1}], [{8, 7}, {5, 6}, {1, 4}, {2, 3}], [{8, 7}, {5, 6}, {2, 4}, {1, 3}], [{8, 7}, {5, 6}, {3, 4}, {1, 2}], [{8, 7}, {6}, {1, 5}, {2, 4}, {3}], [{8, 7}, {6}, {2, 5}, {1, 4}, {3}], [{8, 7}, {6}, {2, 5}, {3, 4}, {1}], [{8, 7}, {6}, {2, 5}, {4}, {1, 3}], [{8, 7}, {6}, {3, 5}, {1, 4}, {2}], [{8, 7}, {6}, {5}, {1, 4}, {2, 3}], [{8}, {1, 7}, {3, 6}, {2, 5}, {4}], [{8}, {1, 7}, {4, 6}, {3, 5}, {2}], [{8}, {2, 7}, {4, 6}, {5}, {1, 3}], [{8}, {2, 7}, {5, 6}, {4}, {1, 3}], [{8}, {2, 7}, {6}, {4, 5}, {1, 3}], [{8}, {2, 7}, {6}, {5}, {4}, {1, 3}], [{8}, {3, 7}, {1, 6}, {2, 5}, {4}], [{8}, {3, 7}, {4, 6}, {1, 5}, {2}], [{8}, {3, 7}, {5, 6}, {2, 4}, {1}], [{8}, {4, 7}, {6}, {2, 5}, {1, 3}], [{8}, {4, 7}, {6}, {3, 5}, {1, 2}], [{8}, {5, 7}, {1, 6}, {4}, {2, 3}], [{8}, {5, 7}, {2, 6}, {1, 4}, {3}], [{8}, {5, 7}, {2, 6}, {3, 4}, {1}], [{8}, {5, 7}, {2, 6}, {4}, {1, 3}], [{8}, {5, 7}, {2, 6}, {4}, {3}, {1}], [{8}, {5, 7}, {3, 6}, {4}, {1, 2}], [{8}, {5, 7}, {4, 6}, {1, 3}, {2}], [{8}, {5, 7}, {6}, {2, 4}, {1, 3}], [{8}, {5, 7}, {6}, {4}, {1, 3}, {2}], [{8}, {6, 7}, {1, 5}, {2, 4}, {3}], [{8}, {6, 7}, {2, 5}, {1, 4}, {3}], [{8}, {6, 7}, {2, 5}, {3, 4}, {1}], [{8}, {6, 7}, {2, 5}, {4}, {1, 3}], [{8}, {6, 7}, {2, 5}, {4}, {3}, {1}], [{8}, {6, 7}, {4, 5}, {3}, {1, 2}], [{8}, {7}, {4, 6}, {2, 5}, {1, 3}], [{8}, {7}, {6}, {2, 5}, {4}, {1, 3}]]",2,- 12 K_1^2 - 2 K_1 K_2 + K_1 + 6 K_2 + K_3 + 7,O1O2O3U1O4U5U6O5U2U7O6U4U3O8O7U8,O1O2U3O4O5U6O3O6U2O7U1U5U7O8U4U8,O1O2U1O3O4U2O5O6U7U4O7U8U3U6O8U5,c,{'O1O2O3U4O5O4U1U6O7U5U2O8U7U8O6U3'},1,"<a href=""/flatknot/8.975605"">8.975605</a>",t^9-70t^7-190t^6+96t^5+722t^4+738t^3+352t^2+146t+2,t^3-3t,,
8.975606,O1O2O3U4O5O4U1U6O7U5U3O8U7U2O6U8,4,4z^3+30z^2+95z+103,4w^4z^3+30w^3z^2+95w^2z+103w,False,False,"[[ 0 -3  1  1  1  0 -2  1  1],[ 3  0  3  2  3  0  0  2  1],[-1 -3  0 -1  0 -2 -3  2  1],[-1 -2  1  0  0 -1 -3  2  0],[-1 -3  0  0  0  0 -2  0  1],[ 0  0  2  1  0  0 -1  1  0],[ 2  0  3  3  2  1  0  1  0],[-1 -2 -2 -2  0 -1 -1  0  1],[-1 -1 -1  0 -1  0  0 -1  0]]","[[ 0  1  1  1  1  1  0 -2 -3],[-1  0  2  1  0  0 -1 -3 -2],[-1 -2  0 -2  1  0 -1 -1 -2],[-1 -1  2  0  1  0 -2 -3 -3],[-1  0 -1 -1  0 -1  0  0 -1],[-1  0  0  0  1  0  0 -2 -3],[ 0  1  1  2  0  0  0 -1  0],[ 2  3  1  3  0  2  1  0  0],[ 3  2  2  3  1  3  0  0  0]]",True,"[-1,-1,-1,-1,-1,0,2,3,-2,-1,0,0,1,3,2,2,-1,0,1,1,2,-1,0,2,3,3,1,0,0,1,0,2,3,1,0,0]","[-3,-2,0,1,1,1,1,1,0,0,1,2,2,3,3,1,0,1,3,2,3,0,1,1,0,2,-1,0,-1,-1,-2,0,-2,0,1,0]",t^8+69t^6+423t^4+179t^2,"[-3,-2,0,1,1,1,1,1,1,3,1,1,2,2,3,1,0,1,0,2,3,-1,1,0,0,1,0,1,-2,-1,0,0,-1,-2,0,-1]","[-1,-1,-1,-1,-1,0,2,3,-2,-2,0,1,0,2,2,-1,0,1,-1,0,1,0,0,0,0,2,1,1,1,1,1,3,3,1,3,1]","[-3,-2,0,1,1,1,1,1,0,0,1,2,2,3,3,1,0,1,3,2,3,0,1,1,0,2,-1,0,-1,-1,-2,0,-2,0,1,0]",c,"[[{8, 4}, {5, 7}, {2, 6}, {1, 3}], [{8}, {5, 7}, {2, 6}, {4}, {1, 3}]]",1,4 K_1^3 - 18 K_1^2 - 14 K_1 K_2 + 4 K_1 + 9 K_2 + 6 K_3 + 10,O1O2O3U4O5U2U6O4U1U7O6U5U3O8O7U8,O1O2U3O4O5U6O3O7U2O6U1U7U5O8U4U8,O1O2U3O4O5U2O6O7U8U5O8U4U1U7O3U6,c,{'O1O2O3U4O5O4U1U6O7U5U3O8U7U2O6U8'},1,"<a href=""/flatknot/8.975606"">8.975606</a>",t^9-77t^7-142t^6+490t^5+988t^4-329t^3-954t^2-217t+28,t^3+t^2-5t,,
8.975607,O1O2O3U4O5O4U1U6O7U5U3O8U7U8O6U2,4,2z^3+24z^2+103z+127,2w^4z^3+24w^3z^2+103w^2z+127w,False,False,"[[ 0 -3  1  1  1  0 -2  1  1],[ 3  0  3  2  3  0  1  2  0],[-1 -3  0  0  0 -1 -3  1  1],[-1 -2  0  0  0 -1 -3  2  1],[-1 -3  0  0  0  0 -2  0  1],[ 0  0  1  1  0  0 -1  1  1],[ 2 -1  3  3  2  1  0  2  0],[-1 -2 -1 -2  0 -1 -2  0  1],[-1  0 -1 -1 -1 -1  0 -1  0]]","[[ 0  1  1  1  1  1  0 -2 -3],[-1  0  2  1  0  0 -1 -3 -2],[-1 -2  0  1  0 -1 -1 -2 -2],[-1 -1 -1  0 -1 -1 -1  0  0],[-1  0  0  1  0  0  0 -2 -3],[-1  0  1  1  0  0 -1 -3 -3],[ 0  1  1  1  0  1  0 -1  0],[ 2  3  2  0  2  3  1  0 -1],[ 3  2  2  0  3  3  0  1  0]]",True,"[-1,-1,-1,-1,-1,0,2,3,-2,-1,0,0,1,3,2,-1,0,1,1,2,2,1,1,1,0,0,0,0,2,3,1,3,3,1,0,1]","[-3,-2,0,1,1,1,1,1,0,3,1,1,2,2,4,1,0,1,0,1,3,0,1,0,0,0,0,0,-1,-1,0,0,-1,-2,-1,-1]",t^8+67t^6+303t^4+207t^2+4,"[-3,-2,0,1,1,1,1,1,0,3,1,1,2,2,4,1,0,1,0,1,3,0,1,0,0,0,0,0,-1,-1,0,0,-1,-2,-1,-1]","[-1,-1,-1,-1,-1,0,2,3,-2,-1,0,1,0,1,2,0,0,1,0,0,2,0,1,0,0,1,1,1,1,1,0,3,4,1,3,0]","[-3,-2,0,1,1,1,1,1,1,0,0,2,2,3,3,1,0,2,3,2,3,1,1,1,0,1,-1,-1,-1,-1,-2,0,-1,0,0,0]",c,"[[{8, 1}, {2, 7}, {3, 6}, {4, 5}], [{8, 1}, {2, 7}, {4, 6}, {3, 5}], [{8, 1}, {2, 7}, {5, 6}, {3, 4}], [{8, 1}, {3, 7}, {2, 6}, {4, 5}], [{8, 1}, {3, 7}, {4, 6}, {2, 5}], [{8, 1}, {3, 7}, {4, 6}, {5}, {2}], [{8, 1}, {3, 7}, {5, 6}, {2, 4}], [{8, 1}, {3, 7}, {6}, {2, 5}, {4}], [{8, 1}, {4, 7}, {2, 6}, {3, 5}], [{8, 1}, {4, 7}, {2, 6}, {5}, {3}], [{8, 1}, {4, 7}, {3, 6}, {2, 5}], [{8, 1}, {4, 7}, {5, 6}, {2, 3}], [{8, 1}, {5, 7}, {2, 6}, {3, 4}], [{8, 1}, {5, 7}, {2, 6}, {4}, {3}], [{8, 1}, {5, 7}, {3, 6}, {2, 4}], [{8, 1}, {5, 7}, {4, 6}, {2, 3}], [{8, 1}, {6, 7}, {2, 5}, {3, 4}], [{8, 1}, {6, 7}, {3, 5}, {2, 4}], [{8, 1}, {6, 7}, {3, 5}, {4}, {2}], [{8, 1}, {6, 7}, {4, 5}, {2, 3}], [{8, 1}, {7}, {2, 6}, {4, 5}, {3}], [{8, 2}, {1, 7}, {3, 6}, {4, 5}], [{8, 2}, {1, 7}, {4, 6}, {3, 5}], [{8, 2}, {1, 7}, {5, 6}, {3, 4}], [{8, 2}, {3, 7}, {1, 6}, {4, 5}], [{8, 2}, {3, 7}, {4, 6}, {1, 5}], [{8, 2}, {3, 7}, {5, 6}, {1, 4}], [{8, 2}, {4, 7}, {1, 6}, {3, 5}], [{8, 2}, {4, 7}, {3, 6}, {1, 5}], [{8, 2}, {4, 7}, {5, 6}, {1, 3}], [{8, 2}, {5, 7}, {1, 6}, {3, 4}], [{8, 2}, {5, 7}, {3, 6}, {1, 4}], [{8, 2}, {5, 7}, {4, 6}, {1, 3}], [{8, 2}, {5, 7}, {6}, {4}, {1, 3}], [{8, 2}, {6, 7}, {1, 5}, {3, 4}], [{8, 2}, {6, 7}, {3, 5}, {1, 4}], [{8, 2}, {6, 7}, {3, 5}, {4}, {1}], [{8, 2}, {6, 7}, {4, 5}, {1, 3}], [{8, 2}, {7}, {4, 6}, {5}, {1, 3}], [{8, 3}, {1, 7}, {2, 6}, {4, 5}], [{8, 3}, {1, 7}, {4, 6}, {2, 5}], [{8, 3}, {1, 7}, {5, 6}, {2, 4}], [{8, 3}, {1, 7}, {6}, {4, 5}, {2}], [{8, 3}, {2, 7}, {1, 6}, {4, 5}], [{8, 3}, {2, 7}, {4, 6}, {1, 5}], [{8, 3}, {2, 7}, {5, 6}, {1, 4}], [{8, 3}, {2, 7}, {6}, {1, 5}, {4}], [{8, 3}, {4, 7}, {1, 6}, {2, 5}], [{8, 3}, {4, 7}, {2, 6}, {1, 5}], [{8, 3}, {4, 7}, {5, 6}, {1, 2}], [{8, 3}, {5, 7}, {1, 6}, {2, 4}], [{8, 3}, {5, 7}, {1, 6}, {4}, {2}], [{8, 3}, {5, 7}, {2, 6}, {1, 4}], [{8, 3}, {5, 7}, {2, 6}, {4}, {1}], [{8, 3}, {5, 7}, {4, 6}, {1, 2}], [{8, 3}, {5, 7}, {6}, {4}, {1, 2}], [{8, 3}, {6, 7}, {1, 5}, {2, 4}], [{8, 3}, {6, 7}, {2, 5}, {1, 4}], [{8, 3}, {6, 7}, {2, 5}, {4}, {1}], [{8, 3}, {6, 7}, {4, 5}, {1, 2}], [{8, 3}, {7}, {1, 6}, {5}, {2, 4}], [{8, 3}, {7}, {5, 6}, {1, 4}, {2}], [{8, 4}, {1, 7}, {2, 6}, {3, 5}], [{8, 4}, {1, 7}, {3, 6}, {2, 5}], [{8, 4}, {1, 7}, {5, 6}, {2, 3}], [{8, 4}, {2, 7}, {1, 6}, {3, 5}], [{8, 4}, {2, 7}, {3, 6}, {1, 5}], [{8, 4}, {2, 7}, {5, 6}, {1, 3}], [{8, 4}, {3, 7}, {1, 6}, {2, 5}], [{8, 4}, {3, 7}, {2, 6}, {1, 5}], [{8, 4}, {3, 7}, {5, 6}, {1, 2}], [{8, 4}, {5, 7}, {1, 6}, {2, 3}], [{8, 4}, {5, 7}, {2, 6}, {1, 3}], [{8, 4}, {5, 7}, {3, 6}, {1, 2}], [{8, 4}, {6, 7}, {1, 5}, {2, 3}], [{8, 4}, {6, 7}, {2, 5}, {1, 3}], [{8, 4}, {6, 7}, {3, 5}, {1, 2}], [{8, 4}, {6, 7}, {3, 5}, {2}, {1}], [{8, 4}, {7}, {6}, {3, 5}, {1, 2}], [{8, 5}, {1, 7}, {2, 6}, {3, 4}], [{8, 5}, {1, 7}, {3, 6}, {2, 4}], [{8, 5}, {1, 7}, {4, 6}, {2, 3}], [{8, 5}, {1, 7}, {6}, {4}, {2, 3}], [{8, 5}, {2, 7}, {1, 6}, {3, 4}], [{8, 5}, {2, 7}, {3, 6}, {1, 4}], [{8, 5}, {2, 7}, {3, 6}, {4}, {1}], [{8, 5}, {2, 7}, {4, 6}, {1, 3}], [{8, 5}, {3, 7}, {1, 6}, {2, 4}], [{8, 5}, {3, 7}, {2, 6}, {1, 4}], [{8, 5}, {3, 7}, {4, 6}, {1, 2}], [{8, 5}, {3, 7}, {6}, {4}, {1, 2}], [{8, 5}, {4, 7}, {1, 6}, {2, 3}], [{8, 5}, {4, 7}, {2, 6}, {1, 3}], [{8, 5}, {4, 7}, {3, 6}, {1, 2}], [{8, 5}, {6, 7}, {1, 4}, {2, 3}], [{8, 5}, {6, 7}, {2, 4}, {1, 3}], [{8, 5}, {6, 7}, {3, 4}, {1, 2}], [{8, 5}, {6, 7}, {4}, {2, 3}, {1}], [{8, 5}, {7}, {1, 6}, {4}, {2, 3}], [{8, 5}, {7}, {6}, {2, 4}, {1, 3}], [{8, 6}, {1, 7}, {2, 5}, {3, 4}], [{8, 6}, {1, 7}, {2, 5}, {4}, {3}], [{8, 6}, {1, 7}, {3, 5}, {2, 4}], [{8, 6}, {1, 7}, {4, 5}, {2, 3}], [{8, 6}, {1, 7}, {5}, {3, 4}, {2}], [{8, 6}, {2, 7}, {1, 5}, {3, 4}], [{8, 6}, {2, 7}, {3, 5}, {1, 4}], [{8, 6}, {2, 7}, {4, 5}, {1, 3}], [{8, 6}, {3, 7}, {1, 5}, {2, 4}], [{8, 6}, {3, 7}, {1, 5}, {4}, {2}], [{8, 6}, {3, 7}, {2, 5}, {1, 4}], [{8, 6}, {3, 7}, {4, 5}, {1, 2}], [{8, 6}, {3, 7}, {4, 5}, {2}, {1}], [{8, 6}, {3, 7}, {5}, {1, 4}, {2}], [{8, 6}, {4, 7}, {1, 5}, {2, 3}], [{8, 6}, {4, 7}, {2, 5}, {1, 3}], [{8, 6}, {4, 7}, {3, 5}, {1, 2}], [{8, 6}, {5, 7}, {1, 4}, {2, 3}], [{8, 6}, {5, 7}, {2, 4}, {1, 3}], [{8, 6}, {5, 7}, {3, 4}, {1, 2}], [{8, 6}, {5, 7}, {4}, {1, 3}, {2}], [{8, 6}, {7}, {2, 5}, {3, 4}, {1}], [{8, 6}, {7}, {3, 5}, {4}, {1, 2}], [{8, 7}, {1, 6}, {2, 5}, {3, 4}], [{8, 7}, {1, 6}, {3, 5}, {2, 4}], [{8, 7}, {1, 6}, {4, 5}, {2, 3}], [{8, 7}, {2, 6}, {1, 5}, {3, 4}], [{8, 7}, {2, 6}, {3, 5}, {1, 4}], [{8, 7}, {2, 6}, {4, 5}, {1, 3}], [{8, 7}, {3, 6}, {1, 5}, {2, 4}], [{8, 7}, {3, 6}, {2, 5}, {1, 4}], [{8, 7}, {3, 6}, {4, 5}, {1, 2}], [{8, 7}, {3, 6}, {5}, {4}, {1, 2}], [{8, 7}, {4, 6}, {1, 5}, {2, 3}], [{8, 7}, {4, 6}, {2, 5}, {1, 3}], [{8, 7}, {4, 6}, {3, 5}, {1, 2}], [{8, 7}, {4, 6}, {5}, {3}, {1, 2}], [{8, 7}, {5, 6}, {1, 4}, {2, 3}], [{8, 7}, {5, 6}, {2, 4}, {1, 3}], [{8, 7}, {5, 6}, {3, 4}, {1, 2}], [{8, 7}, {5, 6}, {4}, {3}, {1, 2}], [{8, 7}, {6}, {1, 5}, {2, 4}, {3}], [{8, 7}, {6}, {2, 5}, {1, 4}, {3}], [{8, 7}, {6}, {3, 5}, {4}, {1, 2}], [{8, 7}, {6}, {4, 5}, {3}, {1, 2}], [{8, 7}, {6}, {5}, {3, 4}, {1, 2}], [{8, 7}, {6}, {5}, {4}, {3}, {1, 2}], [{8}, {1, 7}, {2, 6}, {3, 5}, {4}], [{8}, {2, 7}, {1, 6}, {3, 5}, {4}], [{8}, {4, 7}, {6}, {2, 5}, {1, 3}], [{8}, {4, 7}, {6}, {3, 5}, {1, 2}], [{8}, {5, 7}, {2, 6}, {4}, {1, 3}], [{8}, {6, 7}, {1, 5}, {3, 4}, {2}], [{8}, {6, 7}, {3, 5}, {1, 4}, {2}], [{8}, {6, 7}, {3, 5}, {2, 4}, {1}], [{8}, {6, 7}, {3, 5}, {4}, {1, 2}], [{8}, {6, 7}, {3, 5}, {4}, {2}, {1}], [{8}, {6, 7}, {4, 5}, {1, 3}, {2}], [{8}, {7}, {4, 6}, {3, 5}, {1, 2}], [{8}, {7}, {6}, {3, 5}, {4}, {1, 2}]]",2,16 K_1^3 - 30 K_1^2 - 26 K_1 K_2 + K_1 + 15 K_2 + 9 K_3 + 16,O1O2O3U2O4U5U6O5U1U7O6U4U3O8O7U8,O1O2U3O4O5U6O3O6U2O7U1U7U5O8U4U8,O1O2U1O3O4U2O5O6U7U4O7U3U8U6O8U5,c,{'O1O2O3U4O5O4U1U6O7U5U3O8U7U8O6U2'},1,"<a href=""/flatknot/8.975607"">8.975607</a>",t^9-75t^7-146t^6+310t^5+774t^4+366t^3+8t^2-33t-8,t^3+t^2-5t,,
8.975608,O1O2O3U4O5O4U1U6O7U5U7O8U2U3O6U8,4,6z^3+40z^2+91z+71,6w^4z^3-6w^4z^2+46w^3z^2-10w^3z+101w^2z+71w,False,False,"[[ 0 -3  0  2  1  0 -2  1  1],[ 3  0  2  3  3  0  0  1  2],[ 0 -2  0  1  1 -2 -2  1  1],[-2 -3 -1  0 -1 -2 -3  1  0],[-1 -3 -1  1  0  0 -2  0  1],[ 0  0  2  2  0  0 -1  1 -1],[ 2  0  2  3  2  1  0  1  1],[-1 -1 -1 -1  0 -1 -1  0  0],[-1 -2 -1  0 -1  1 -1  0  0]]","[[ 0  2  1  1  1  0  0 -2 -3],[-2  0  1  0 -1 -1 -2 -3 -3],[-1 -1  0  0  0 -1 -1 -1 -1],[-1  0  0  0 -1 -1  1 -1 -2],[-1  1  0  1  0 -1  0 -2 -3],[ 0  1  1  1  1  0 -2 -2 -2],[ 0  2  1 -1  0  2  0 -1  0],[ 2  3  1  1  2  2  1  0  0],[ 3  3  1  2  3  2  0  0  0]]",True,"[-2,-1,-1,-1,0,0,2,3,-1,0,1,1,2,3,3,0,0,1,1,1,1,1,1,-1,1,2,1,0,2,3,2,2,2,1,0,0]","[-3,-2,0,0,1,1,1,2,0,0,2,1,2,3,3,1,2,1,1,2,3,2,1,-1,0,2,1,1,1,1,0,0,-1,-1,0,1]",t^8+64t^6+470t^4+108t^2+1,"[-3,-2,0,0,1,1,1,2,1,1,3,1,2,3,2,0,1,1,2,2,1,2,0,0,0,1,1,2,0,0,-1,0,0,0,1,2]","[-2,-1,-1,-1,0,0,2,3,0,1,2,0,1,1,2,1,0,1,0,1,1,0,2,0,2,2,0,0,2,3,2,1,3,0,1,1]","[-3,-2,0,0,1,1,1,2,0,0,2,1,2,3,3,1,2,1,1,2,3,2,1,-1,0,2,1,1,1,1,0,0,-1,-1,0,1]",c,"[[{8, 1}, {2, 7}, {3, 6}, {4, 5}], [{8, 1}, {2, 7}, {3, 6}, {5}, {4}], [{8, 1}, {2, 7}, {4, 6}, {3, 5}], [{8, 1}, {2, 7}, {5, 6}, {3, 4}], [{8, 1}, {3, 7}, {2, 6}, {4, 5}], [{8, 1}, {3, 7}, {4, 6}, {2, 5}], [{8, 1}, {3, 7}, {5, 6}, {2, 4}], [{8, 1}, {3, 7}, {6}, {5}, {2, 4}], [{8, 1}, {4, 7}, {2, 6}, {3, 5}], [{8, 1}, {4, 7}, {3, 6}, {2, 5}], [{8, 1}, {4, 7}, {5, 6}, {2, 3}], [{8, 1}, {4, 7}, {6}, {2, 5}, {3}], [{8, 1}, {5, 7}, {2, 6}, {3, 4}], [{8, 1}, {5, 7}, {3, 6}, {2, 4}], [{8, 1}, {5, 7}, {3, 6}, {4}, {2}], [{8, 1}, {5, 7}, {4, 6}, {2, 3}], [{8, 1}, {6, 7}, {2, 5}, {3, 4}], [{8, 1}, {6, 7}, {3, 5}, {2, 4}], [{8, 1}, {6, 7}, {4, 5}, {2, 3}], [{8, 1}, {6, 7}, {4, 5}, {3}, {2}], [{8, 1}, {7}, {3, 6}, {2, 5}, {4}], [{8, 2}, {1, 7}, {3, 6}, {4, 5}], [{8, 2}, {1, 7}, {3, 6}, {5}, {4}], [{8, 2}, {1, 7}, {4, 6}, {3, 5}], [{8, 2}, {1, 7}, {5, 6}, {3, 4}], [{8, 2}, {3, 7}, {1, 6}, {4, 5}], [{8, 2}, {3, 7}, {4, 6}, {1, 5}], [{8, 2}, {3, 7}, {5, 6}, {1, 4}], [{8, 2}, {3, 7}, {6}, {1, 5}, {4}], [{8, 2}, {4, 7}, {1, 6}, {3, 5}], [{8, 2}, {4, 7}, {3, 6}, {1, 5}], [{8, 2}, {4, 7}, {5, 6}, {1, 3}], [{8, 2}, {4, 7}, {6}, {1, 5}, {3}], [{8, 2}, {5, 7}, {1, 6}, {3, 4}], [{8, 2}, {5, 7}, {1, 6}, {4}, {3}], [{8, 2}, {5, 7}, {3, 6}, {1, 4}], [{8, 2}, {5, 7}, {4, 6}, {1, 3}], [{8, 2}, {6, 7}, {1, 5}, {3, 4}], [{8, 2}, {6, 7}, {3, 5}, {1, 4}], [{8, 2}, {6, 7}, {4, 5}, {1, 3}], [{8, 2}, {6, 7}, {5}, {1, 4}, {3}], [{8, 2}, {7}, {6}, {1, 5}, {3, 4}], [{8, 2}, {7}, {6}, {4, 5}, {1, 3}], [{8, 3}, {1, 7}, {2, 6}, {4, 5}], [{8, 3}, {1, 7}, {4, 6}, {2, 5}], [{8, 3}, {1, 7}, {5, 6}, {2, 4}], [{8, 3}, {2, 7}, {1, 6}, {4, 5}], [{8, 3}, {2, 7}, {4, 6}, {1, 5}], [{8, 3}, {2, 7}, {5, 6}, {1, 4}], [{8, 3}, {4, 7}, {1, 6}, {2, 5}], [{8, 3}, {4, 7}, {2, 6}, {1, 5}], [{8, 3}, {4, 7}, {5, 6}, {1, 2}], [{8, 3}, {4, 7}, {6}, {1, 5}, {2}], [{8, 3}, {5, 7}, {1, 6}, {2, 4}], [{8, 3}, {5, 7}, {2, 6}, {1, 4}], [{8, 3}, {5, 7}, {2, 6}, {4}, {1}], [{8, 3}, {5, 7}, {4, 6}, {1, 2}], [{8, 3}, {6, 7}, {1, 5}, {2, 4}], [{8, 3}, {6, 7}, {2, 5}, {1, 4}], [{8, 3}, {6, 7}, {4, 5}, {1, 2}], [{8, 3}, {6, 7}, {4, 5}, {2}, {1}], [{8, 4}, {1, 7}, {2, 6}, {3, 5}], [{8, 4}, {1, 7}, {2, 6}, {5}, {3}], [{8, 4}, {1, 7}, {3, 6}, {2, 5}], [{8, 4}, {1, 7}, {5, 6}, {2, 3}], [{8, 4}, {1, 7}, {6}, {3, 5}, {2}], [{8, 4}, {2, 7}, {1, 6}, {3, 5}], [{8, 4}, {2, 7}, {3, 6}, {1, 5}], [{8, 4}, {2, 7}, {5, 6}, {1, 3}], [{8, 4}, {3, 7}, {1, 6}, {2, 5}], [{8, 4}, {3, 7}, {2, 6}, {1, 5}], [{8, 4}, {3, 7}, {5, 6}, {1, 2}], [{8, 4}, {5, 7}, {1, 6}, {2, 3}], [{8, 4}, {5, 7}, {2, 6}, {1, 3}], [{8, 4}, {5, 7}, {3, 6}, {1, 2}], [{8, 4}, {5, 7}, {3, 6}, {2}, {1}], [{8, 4}, {6, 7}, {1, 5}, {2, 3}], [{8, 4}, {6, 7}, {2, 5}, {1, 3}], [{8, 4}, {6, 7}, {3, 5}, {1, 2}], [{8, 4}, {7}, {5, 6}, {1, 3}, {2}], [{8, 5}, {1, 7}, {2, 6}, {3, 4}], [{8, 5}, {1, 7}, {2, 6}, {4}, {3}], [{8, 5}, {1, 7}, {3, 6}, {2, 4}], [{8, 5}, {1, 7}, {4, 6}, {2, 3}], [{8, 5}, {2, 7}, {1, 6}, {3, 4}], [{8, 5}, {2, 7}, {3, 6}, {1, 4}], [{8, 5}, {2, 7}, {4, 6}, {1, 3}], [{8, 5}, {3, 7}, {1, 6}, {2, 4}], [{8, 5}, {3, 7}, {2, 6}, {1, 4}], [{8, 5}, {3, 7}, {4, 6}, {1, 2}], [{8, 5}, {4, 7}, {1, 6}, {2, 3}], [{8, 5}, {4, 7}, {2, 6}, {1, 3}], [{8, 5}, {4, 7}, {3, 6}, {1, 2}], [{8, 5}, {6, 7}, {1, 4}, {2, 3}], [{8, 5}, {6, 7}, {2, 4}, {1, 3}], [{8, 5}, {6, 7}, {3, 4}, {1, 2}], [{8, 5}, {7}, {2, 6}, {3, 4}, {1}], [{8, 5}, {7}, {3, 6}, {4}, {1, 2}], [{8, 5}, {7}, {4, 6}, {1, 3}, {2}], [{8, 6}, {1, 7}, {2, 5}, {3, 4}], [{8, 6}, {1, 7}, {3, 5}, {2, 4}], [{8, 6}, {1, 7}, {4, 5}, {2, 3}], [{8, 6}, {2, 7}, {1, 5}, {3, 4}], [{8, 6}, {2, 7}, {1, 5}, {4}, {3}], [{8, 6}, {2, 7}, {3, 5}, {1, 4}], [{8, 6}, {2, 7}, {3, 5}, {4}, {1}], [{8, 6}, {2, 7}, {4, 5}, {1, 3}], [{8, 6}, {2, 7}, {5}, {4}, {1, 3}], [{8, 6}, {3, 7}, {1, 5}, {2, 4}], [{8, 6}, {3, 7}, {2, 5}, {1, 4}], [{8, 6}, {3, 7}, {4, 5}, {1, 2}], [{8, 6}, {4, 7}, {1, 5}, {2, 3}], [{8, 6}, {4, 7}, {2, 5}, {1, 3}], [{8, 6}, {4, 7}, {3, 5}, {1, 2}], [{8, 6}, {4, 7}, {5}, {1, 3}, {2}], [{8, 6}, {5, 7}, {1, 4}, {2, 3}], [{8, 6}, {5, 7}, {2, 4}, {1, 3}], [{8, 6}, {5, 7}, {3, 4}, {1, 2}], [{8, 6}, {5, 7}, {4}, {1, 3}, {2}], [{8, 6}, {7}, {2, 5}, {1, 4}, {3}], [{8, 6}, {7}, {2, 5}, {3, 4}, {1}], [{8, 6}, {7}, {2, 5}, {4}, {1, 3}], [{8, 6}, {7}, {4, 5}, {1, 3}, {2}], [{8, 6}, {7}, {5}, {2, 4}, {1, 3}], [{8, 6}, {7}, {5}, {4}, {1, 3}, {2}], [{8, 7}, {1, 6}, {2, 5}, {3, 4}], [{8, 7}, {1, 6}, {2, 5}, {4}, {3}], [{8, 7}, {1, 6}, {3, 5}, {2, 4}], [{8, 7}, {1, 6}, {4, 5}, {2, 3}], [{8, 7}, {2, 6}, {1, 5}, {3, 4}], [{8, 7}, {2, 6}, {1, 5}, {4}, {3}], [{8, 7}, {2, 6}, {3, 5}, {1, 4}], [{8, 7}, {2, 6}, {4, 5}, {1, 3}], [{8, 7}, {3, 6}, {1, 5}, {2, 4}], [{8, 7}, {3, 6}, {2, 5}, {1, 4}], [{8, 7}, {3, 6}, {4, 5}, {1, 2}], [{8, 7}, {4, 6}, {1, 5}, {2, 3}], [{8, 7}, {4, 6}, {2, 5}, {1, 3}], [{8, 7}, {4, 6}, {3, 5}, {1, 2}], [{8, 7}, {5, 6}, {1, 4}, {2, 3}], [{8, 7}, {5, 6}, {1, 4}, {3}, {2}], [{8, 7}, {5, 6}, {2, 4}, {1, 3}], [{8, 7}, {5, 6}, {3, 4}, {1, 2}], [{8, 7}, {5, 6}, {4}, {2, 3}, {1}], [{8, 7}, {6}, {3, 5}, {4}, {1, 2}], [{8, 7}, {6}, {4, 5}, {1, 3}, {2}], [{8}, {1, 7}, {2, 6}, {4, 5}, {3}], [{8}, {2, 7}, {1, 6}, {4, 5}, {3}], [{8}, {2, 7}, {3, 6}, {4, 5}, {1}], [{8}, {2, 7}, {6}, {3, 5}, {1, 4}], [{8}, {2, 7}, {6}, {4, 5}, {1, 3}], [{8}, {3, 7}, {2, 6}, {4, 5}, {1}], [{8}, {4, 7}, {6}, {1, 5}, {2, 3}], [{8}, {5, 7}, {3, 6}, {1, 4}, {2}], [{8}, {6, 7}, {4, 5}, {1, 3}, {2}], [{8}, {7}, {2, 6}, {4, 5}, {1, 3}], [{8}, {7}, {3, 6}, {1, 5}, {2, 4}], [{8}, {7}, {6}, {4, 5}, {1, 3}, {2}]]",2,20 K_1^3 - 8 K_1^2 - 18 K_1 K_2 - 6 K_1 + 4 K_2 + 4 K_3 + 5,O1O2O3U4O5U1U2O4U6U7O6U5U3O8O7U8,O1O2U3O4O3U5O6O7U2O5U1U6U7O8U4U8,O1O2U3O4O5U4O6O7U8U5O8U1U2U7O3U6,c,{'O1O2O3U4O5O4U1U6O7U5U7O8U2U3O6U8'},1,"<a href=""/flatknot/8.975608"">8.975608</a>",t^9-70t^7-162t^6+222t^5+784t^4+602t^3+80t^2-99t-40,t^3-3t,,
8.975609,O1O2O3U4O5O4U1U6O7U5U7O8U3U2O6U8,4,9z^3+51z^2+101z+71,-4w^5z^3+13w^4z^3-8w^4z^2+59w^3z^2+101w^2z+71w,False,False,"[[ 0 -3  1  1  1  0 -2  1  1],[ 3  0  3  2  3  0  0  1  2],[-1 -3  0  0  0 -2 -3  1  1],[-1 -2  0  0  0 -2 -2  1  0],[-1 -3  0  0  0  0 -2  0  1],[ 0  0  2  2  0  0 -1  1 -1],[ 2  0  3  2  2  1  0  1  1],[-1 -1 -1 -1  0 -1 -1  0  0],[-1 -2 -1  0 -1  1 -1  0  0]]","[[ 0  1  1  1  1  1  0 -2 -3],[-1  0  1  1  0  0 -2 -3 -3],[-1 -1  0  0  0 -1  1 -1 -2],[-1 -1  0  0 -1  0 -1 -1 -1],[-1  0  0  1  0  0 -2 -2 -2],[-1  0  1  0  0  0  0 -2 -3],[ 0  2 -1  1  2  0  0 -1  0],[ 2  3  1  1  2  2  1  0  0],[ 3  3  2  1  2  3  0  0  0]]",True,"[-1,-1,-1,-1,-1,0,2,3,-1,-1,0,0,2,3,3,0,0,1,-1,1,2,1,0,1,1,1,0,2,2,2,0,2,3,1,0,0]","[-3,-2,0,1,1,1,1,1,0,0,1,2,2,3,3,1,1,1,2,2,3,1,-1,2,0,2,0,-1,0,-1,0,-1,-1,0,0,0]",t^8+61t^6+425t^4+144t^2+9,"[-3,-2,0,1,1,1,1,1,1,3,1,1,2,2,3,1,0,1,1,2,2,-1,1,-1,2,0,0,0,-1,-1,0,-1,0,0,-1,0]","[-1,-1,-1,-1,-1,0,2,3,-1,-1,0,0,0,2,3,0,0,0,-1,1,2,0,1,-1,0,1,1,1,1,1,2,2,2,1,3,1]","[-3,-2,0,1,1,1,1,1,0,0,1,2,2,3,3,1,1,1,2,2,3,1,-1,2,0,2,0,-1,0,-1,0,-1,-1,0,0,0]",c,"[[{8, 1}, {2, 7}, {3, 6}, {4, 5}], [{8, 1}, {2, 7}, {4, 6}, {3, 5}], [{8, 1}, {2, 7}, {5, 6}, {3, 4}], [{8, 1}, {2, 7}, {6}, {5}, {3, 4}], [{8, 1}, {3, 7}, {2, 6}, {4, 5}], [{8, 1}, {3, 7}, {4, 6}, {2, 5}], [{8, 1}, {3, 7}, {5, 6}, {2, 4}], [{8, 1}, {4, 7}, {2, 6}, {3, 5}], [{8, 1}, {4, 7}, {3, 6}, {2, 5}], [{8, 1}, {4, 7}, {5, 6}, {2, 3}], [{8, 1}, {5, 7}, {2, 6}, {3, 4}], [{8, 1}, {5, 7}, {3, 6}, {2, 4}], [{8, 1}, {5, 7}, {4, 6}, {2, 3}], [{8, 1}, {6, 7}, {2, 5}, {3, 4}], [{8, 1}, {6, 7}, {3, 5}, {2, 4}], [{8, 1}, {6, 7}, {4, 5}, {2, 3}], [{8, 1}, {7}, {3, 6}, {5}, {2, 4}], [{8, 2}, {1, 7}, {3, 6}, {4, 5}], [{8, 2}, {1, 7}, {3, 6}, {5}, {4}], [{8, 2}, {1, 7}, {4, 6}, {3, 5}], [{8, 2}, {1, 7}, {5, 6}, {3, 4}], [{8, 2}, {1, 7}, {6}, {4, 5}, {3}], [{8, 2}, {3, 7}, {1, 6}, {4, 5}], [{8, 2}, {3, 7}, {4, 6}, {1, 5}], [{8, 2}, {3, 7}, {5, 6}, {1, 4}], [{8, 2}, {3, 7}, {6}, {1, 5}, {4}], [{8, 2}, {3, 7}, {6}, {4, 5}, {1}], [{8, 2}, {3, 7}, {6}, {5}, {1, 4}], [{8, 2}, {4, 7}, {1, 6}, {3, 5}], [{8, 2}, {4, 7}, {3, 6}, {1, 5}], [{8, 2}, {4, 7}, {5, 6}, {1, 3}], [{8, 2}, {4, 7}, {6}, {1, 5}, {3}], [{8, 2}, {5, 7}, {1, 6}, {3, 4}], [{8, 2}, {5, 7}, {3, 6}, {1, 4}], [{8, 2}, {5, 7}, {4, 6}, {1, 3}], [{8, 2}, {5, 7}, {6}, {1, 4}, {3}], [{8, 2}, {6, 7}, {1, 5}, {3, 4}], [{8, 2}, {6, 7}, {3, 5}, {1, 4}], [{8, 2}, {6, 7}, {4, 5}, {1, 3}], [{8, 2}, {7}, {6}, {1, 5}, {3, 4}], [{8, 2}, {7}, {6}, {3, 5}, {1, 4}], [{8, 2}, {7}, {6}, {4, 5}, {1, 3}], [{8, 3}, {1, 7}, {2, 6}, {4, 5}], [{8, 3}, {1, 7}, {4, 6}, {2, 5}], [{8, 3}, {1, 7}, {4, 6}, {5}, {2}], [{8, 3}, {1, 7}, {5, 6}, {2, 4}], [{8, 3}, {2, 7}, {1, 6}, {4, 5}], [{8, 3}, {2, 7}, {4, 6}, {1, 5}], [{8, 3}, {2, 7}, {5, 6}, {1, 4}], [{8, 3}, {4, 7}, {1, 6}, {2, 5}], [{8, 3}, {4, 7}, {1, 6}, {5}, {2}], [{8, 3}, {4, 7}, {2, 6}, {1, 5}], [{8, 3}, {4, 7}, {2, 6}, {5}, {1}], [{8, 3}, {4, 7}, {5, 6}, {1, 2}], [{8, 3}, {4, 7}, {5, 6}, {2}, {1}], [{8, 3}, {4, 7}, {6}, {1, 5}, {2}], [{8, 3}, {4, 7}, {6}, {2, 5}, {1}], [{8, 3}, {4, 7}, {6}, {5}, {1, 2}], [{8, 3}, {4, 7}, {6}, {5}, {2}, {1}], [{8, 3}, {5, 7}, {1, 6}, {2, 4}], [{8, 3}, {5, 7}, {2, 6}, {1, 4}], [{8, 3}, {5, 7}, {4, 6}, {1, 2}], [{8, 3}, {6, 7}, {1, 5}, {2, 4}], [{8, 3}, {6, 7}, {2, 5}, {1, 4}], [{8, 3}, {6, 7}, {4, 5}, {1, 2}], [{8, 3}, {6, 7}, {5}, {1, 4}, {2}], [{8, 4}, {1, 7}, {2, 6}, {3, 5}], [{8, 4}, {1, 7}, {3, 6}, {2, 5}], [{8, 4}, {1, 7}, {5, 6}, {2, 3}], [{8, 4}, {1, 7}, {6}, {3, 5}, {2}], [{8, 4}, {2, 7}, {1, 6}, {3, 5}], [{8, 4}, {2, 7}, {3, 6}, {1, 5}], [{8, 4}, {2, 7}, {5, 6}, {1, 3}], [{8, 4}, {3, 7}, {1, 6}, {2, 5}], [{8, 4}, {3, 7}, {2, 6}, {1, 5}], [{8, 4}, {3, 7}, {5, 6}, {1, 2}], [{8, 4}, {5, 7}, {1, 6}, {2, 3}], [{8, 4}, {5, 7}, {1, 6}, {3}, {2}], [{8, 4}, {5, 7}, {2, 6}, {1, 3}], [{8, 4}, {5, 7}, {3, 6}, {1, 2}], [{8, 4}, {5, 7}, {3, 6}, {2}, {1}], [{8, 4}, {5, 7}, {6}, {1, 3}, {2}], [{8, 4}, {6, 7}, {1, 5}, {2, 3}], [{8, 4}, {6, 7}, {2, 5}, {1, 3}], [{8, 4}, {6, 7}, {3, 5}, {1, 2}], [{8, 4}, {7}, {2, 6}, {1, 5}, {3}], [{8, 5}, {1, 7}, {2, 6}, {3, 4}], [{8, 5}, {1, 7}, {2, 6}, {4}, {3}], [{8, 5}, {1, 7}, {3, 6}, {2, 4}], [{8, 5}, {1, 7}, {4, 6}, {2, 3}], [{8, 5}, {2, 7}, {1, 6}, {3, 4}], [{8, 5}, {2, 7}, {3, 6}, {1, 4}], [{8, 5}, {2, 7}, {4, 6}, {1, 3}], [{8, 5}, {3, 7}, {1, 6}, {2, 4}], [{8, 5}, {3, 7}, {2, 6}, {1, 4}], [{8, 5}, {3, 7}, {2, 6}, {4}, {1}], [{8, 5}, {3, 7}, {4, 6}, {1, 2}], [{8, 5}, {4, 7}, {1, 6}, {2, 3}], [{8, 5}, {4, 7}, {2, 6}, {1, 3}], [{8, 5}, {4, 7}, {3, 6}, {1, 2}], [{8, 5}, {6, 7}, {1, 4}, {2, 3}], [{8, 5}, {6, 7}, {2, 4}, {1, 3}], [{8, 5}, {6, 7}, {3, 4}, {1, 2}], [{8, 5}, {6, 7}, {3, 4}, {2}, {1}], [{8, 5}, {7}, {2, 6}, {4}, {1, 3}], [{8, 5}, {7}, {3, 6}, {2, 4}, {1}], [{8, 6}, {1, 7}, {2, 5}, {3, 4}], [{8, 6}, {1, 7}, {2, 5}, {4}, {3}], [{8, 6}, {1, 7}, {3, 5}, {2, 4}], [{8, 6}, {1, 7}, {4, 5}, {2, 3}], [{8, 6}, {2, 7}, {1, 5}, {3, 4}], [{8, 6}, {2, 7}, {1, 5}, {4}, {3}], [{8, 6}, {2, 7}, {3, 5}, {1, 4}], [{8, 6}, {2, 7}, {4, 5}, {1, 3}], [{8, 6}, {3, 7}, {1, 5}, {2, 4}], [{8, 6}, {3, 7}, {2, 5}, {1, 4}], [{8, 6}, {3, 7}, {4, 5}, {1, 2}], [{8, 6}, {3, 7}, {5}, {1, 4}, {2}], [{8, 6}, {4, 7}, {1, 5}, {2, 3}], [{8, 6}, {4, 7}, {2, 5}, {1, 3}], [{8, 6}, {4, 7}, {3, 5}, {1, 2}], [{8, 6}, {4, 7}, {5}, {3}, {1, 2}], [{8, 6}, {5, 7}, {1, 4}, {2, 3}], [{8, 6}, {5, 7}, {1, 4}, {3}, {2}], [{8, 6}, {5, 7}, {2, 4}, {1, 3}], [{8, 6}, {5, 7}, {3, 4}, {1, 2}], [{8, 6}, {7}, {2, 5}, {3, 4}, {1}], [{8, 6}, {7}, {3, 5}, {1, 4}, {2}], [{8, 6}, {7}, {5}, {2, 4}, {1, 3}], [{8, 7}, {1, 6}, {2, 5}, {3, 4}], [{8, 7}, {1, 6}, {3, 5}, {2, 4}], [{8, 7}, {1, 6}, {3, 5}, {4}, {2}], [{8, 7}, {1, 6}, {4, 5}, {2, 3}], [{8, 7}, {1, 6}, {4, 5}, {3}, {2}], [{8, 7}, {1, 6}, {5}, {3, 4}, {2}], [{8, 7}, {2, 6}, {1, 5}, {3, 4}], [{8, 7}, {2, 6}, {3, 5}, {1, 4}], [{8, 7}, {2, 6}, {4, 5}, {1, 3}], [{8, 7}, {3, 6}, {1, 5}, {2, 4}], [{8, 7}, {3, 6}, {1, 5}, {4}, {2}], [{8, 7}, {3, 6}, {2, 5}, {1, 4}], [{8, 7}, {3, 6}, {4, 5}, {1, 2}], [{8, 7}, {4, 6}, {1, 5}, {2, 3}], [{8, 7}, {4, 6}, {2, 5}, {1, 3}], [{8, 7}, {4, 6}, {3, 5}, {1, 2}], [{8, 7}, {4, 6}, {5}, {1, 3}, {2}], [{8, 7}, {5, 6}, {1, 4}, {2, 3}], [{8, 7}, {5, 6}, {1, 4}, {3}, {2}], [{8, 7}, {5, 6}, {2, 4}, {1, 3}], [{8, 7}, {5, 6}, {3, 4}, {1, 2}], [{8, 7}, {5, 6}, {4}, {2, 3}, {1}], [{8, 7}, {6}, {2, 5}, {4}, {1, 3}], [{8}, {1, 7}, {3, 6}, {4, 5}, {2}], [{8}, {1, 7}, {5, 6}, {3, 4}, {2}], [{8}, {3, 7}, {2, 6}, {5}, {1, 4}], [{8}, {4, 7}, {3, 6}, {5}, {1, 2}], [{8}, {4, 7}, {6}, {1, 5}, {2, 3}], [{8}, {5, 7}, {2, 6}, {1, 4}, {3}], [{8}, {7}, {2, 6}, {3, 5}, {1, 4}], [{8}, {7}, {3, 6}, {1, 5}, {2, 4}], [{8}, {7}, {3, 6}, {2, 5}, {1, 4}]]",2,4 K_1^3 - 2 K_1^2 - 2 K_1 K_2 - 2 K_1 + K_2 + 2,O1O2O3U4O5U2U1O4U6U7O6U5U3O8O7U8,O1O2U3O4O3U5O6O7U2O5U1U7U6O8U4U8,O1O2U3O4O5U4O6O7U8U5O8U2U1U7O3U6,c,{'O1O2O3U4O5O4U1U6O7U5U7O8U3U2O6U8'},1,"<a href=""/flatknot/8.975609"">8.975609</a>",t^9-69t^7-82t^6+398t^5+618t^4-14t^3-184t^2-26t+2,t^3+t^2-5t,,
8.975610,O1O2O3U4O5O4U2U1O6U7U3O7U8U6O8U5,4,4z^3+36z^2+109z+107,4w^4z^3+36w^3z^2+109w^2z+107w,False,False,"[[ 0 -2 -2  1  1  2  2 -1 -1],[ 2  0  0  2  2  2  1  1  2],[ 2  0  0  1  2  1  1  1  2],[-1 -2 -1  0 -1  0  0 -1 -2],[-1 -2 -2  1  0  2  2 -2 -2],[-2 -2 -1  0 -2  0  1 -2 -3],[-2 -1 -1  0 -2 -1  0 -2 -2],[ 1 -1 -1  1  2  2  2  0  0],[ 1 -2 -2  2  2  3  2  0  0]]","[[ 0  2  2  1  1 -1 -1 -2 -2],[-2  0  1  0 -2 -2 -3 -1 -2],[-2 -1  0  0 -2 -2 -2 -1 -1],[-1  0  0  0 -1 -1 -2 -1 -2],[-1  2  2  1  0 -2 -2 -2 -2],[ 1  2  2  1  2  0  0 -1 -1],[ 1  3  2  2  2  0  0 -2 -2],[ 2  1  1  1  2  1  2  0  0],[ 2  2  1  2  2  1  2  0  0]]",True,"[-2,-2,-1,-1,1,1,2,2,-1,0,2,2,3,1,2,0,2,2,2,1,1,1,1,2,1,2,2,2,2,2,0,1,1,2,2,0]","[-2,-2,-1,-1,1,1,2,2,-1,-1,1,1,1,3,3,-1,1,0,1,2,3,1,0,0,1,1,0,1,1,2,0,-1,-1,0,0,0]",t^8+74t^6+160t^4+76t^2+4,"[-2,-2,-1,-1,1,1,2,2,0,-1,0,1,1,2,3,-1,0,1,2,3,3,0,0,0,0,1,0,1,1,1,-1,-1,-1,1,1,-1]","[-2,-2,-1,-1,1,1,2,2,-1,-1,1,1,1,3,3,-1,1,0,1,2,3,1,0,0,1,1,0,1,1,2,0,-1,-1,0,0,0]","[-2,-2,-1,-1,1,1,2,2,0,1,2,1,2,1,1,1,2,2,2,1,2,0,1,2,2,2,2,2,2,3,-1,0,0,2,2,-1]",c,"[[{8, 3}, {4, 7}, {2, 6}, {1, 5}]]",1,- 8 K_1^2 - 8 K_1 K_2 + 4 K_1 + 4 K_2 + 4 K_3 + 5,O1O2O3U4O5U6U5O7U1U7O6U3U2O8O4U8,O1O2U3O4O5U4O6O3U6O7U2U1U5O8U7U8,O1O2U3O4O3U1O5O6U7U8O7U4U6U5O8U2,c,{'O1O2O3U4O5O4U2U1O6U7U3O7U8U6O8U5'},1,"<a href=""/flatknot/8.975610"">8.975610</a>",t^9-74t^7-318t^6-240t^5+444t^4+287t^3-274t^2-64t,0,,
8.975611,O1O2O3U4O5O4U2U1O6U7U5O7U8U6O8U3,4,6z^3+49z^2+116z+85,6w^4z^3+49w^3z^2+116w^2z+85w,False,False,"[[ 0 -2 -2  2  1  1  2 -1 -1],[ 2  0  0  3  2  1  1  1  2],[ 2  0  0  2  2  0  1  1  2],[-2 -3 -2  0 -1 -1  2 -3 -3],[-1 -2 -2  1  0  1  1 -1 -2],[-1 -1  0  1 -1  0  0 -1 -2],[-2 -1 -1 -2 -1  0  0 -2 -2],[ 1 -1 -1  3  1  1  2  0  0],[ 1 -2 -2  3  2  2  2  0  0]]","[[ 0  2  2  1  1 -1 -1 -2 -2],[-2  0  2 -1 -1 -3 -3 -2 -3],[-2 -2  0  0 -1 -2 -2 -1 -1],[-1  1  0  0 -1 -1 -2  0 -1],[-1  1  1  1  0 -1 -2 -2 -2],[ 1  3  2  1  1  0  0 -1 -1],[ 1  3  2  2  2  0  0 -2 -2],[ 2  2  1  0  2  1  2  0  0],[ 2  3  1  1  2  1  2  0  0]]",True,"[-2,-2,-1,-1,1,1,2,2,-2,1,1,3,3,2,3,0,1,2,2,1,1,1,1,2,0,1,1,2,2,2,0,1,1,2,2,0]","[-2,-2,-1,-1,1,1,2,2,-2,0,1,1,1,3,3,0,0,0,0,1,2,1,0,1,1,1,0,1,2,3,0,-1,-1,0,0,0]",t^8+78t^6+341t^4+139t^2+4,"[-2,-2,-1,-1,1,1,2,2,0,-1,0,1,2,1,3,-1,0,1,3,2,3,0,0,0,0,1,1,1,0,1,-1,0,0,0,1,-2]","[-2,-2,-1,-1,1,1,2,2,-2,0,1,1,1,3,3,0,0,0,0,1,2,1,0,1,1,1,0,1,2,3,0,-1,-1,0,0,0]","[-2,-2,-1,-1,1,1,2,2,0,1,2,0,2,1,2,1,2,1,2,1,3,0,1,1,2,3,2,2,2,3,-1,0,1,1,1,-2]",c,"[[{8, 4}, {5, 7}, {2, 6}, {1, 3}], [{8, 5}, {4, 7}, {2, 6}, {1, 3}]]",1,4 K_1^3 - 4 K_1^2 - 4 K_1 K_2 - K_1 + 2 K_2 + K_3 + 3,O1O2O3U1O4U5U4O6U7U6O5U3U2O8O7U8,O1O2U3O4O5U4O6O3U6O7U2U1U7O8U5U8,O1O2U3O4O3U1O5O6U7U4O7U8U6U5O8U2,c,{'O1O2O3U4O5O4U2U1O6U7U5O7U8U6O8U3'},1,"<a href=""/flatknot/8.975611"">8.975611</a>",t^9-78t^7-328t^6-227t^5+438t^4+336t^3-262t^2-162t+24,0,,
8.975612,O1O2O3U4O5O4U2U1O6U7U8O7U3U6O8U5,4,2z^3+31z^2+110z+113,2w^4z^3+31w^3z^2+110w^2z+113w,False,False,"[[ 0 -2 -2  1  1  2  2 -1 -1],[ 2  0  0  2  2  2  1  2  1],[ 2  0  0  1  2  1  1  2  1],[-1 -2 -1  0 -1  0  1 -1 -1],[-1 -2 -2  1  0  2  2 -2 -2],[-2 -2 -1  0 -2  0  1 -3 -2],[-2 -1 -1 -1 -2 -1  0 -2 -1],[ 1 -2 -2  1  2  3  2  0 -1],[ 1 -1 -1  1  2  2  1  1  0]]","[[ 0  2  2  1  1 -1 -1 -2 -2],[-2  0  1  0 -2 -2 -3 -1 -2],[-2 -1  0 -1 -2 -1 -2 -1 -1],[-1  0  1  0 -1 -1 -1 -1 -2],[-1  2  2  1  0 -2 -2 -2 -2],[ 1  2  1  1  2  0  1 -1 -1],[ 1  3  2  1  2 -1  0 -2 -2],[ 2  1  1  1  2  1  2  0  0],[ 2  2  1  2  2  1  2  0  0]]",True,"[-2,-2,-1,-1,1,1,2,2,-1,0,2,2,3,1,2,1,2,1,2,1,1,1,1,1,1,2,2,2,2,2,-1,1,1,2,2,0]","[-2,-2,-1,-1,1,1,2,2,-1,-1,0,1,2,3,3,-1,1,0,1,2,3,1,0,0,1,1,1,1,1,2,-1,-1,-1,0,0,0]",t^8+70t^6+146t^4+37t^2+1,"[-2,-2,-1,-1,1,1,2,2,0,-1,0,1,1,2,3,-1,0,1,2,3,3,1,0,1,0,1,0,1,1,2,-1,-1,-1,1,0,-1]","[-2,-2,-1,-1,1,1,2,2,-1,-1,0,1,2,3,3,-1,1,0,1,2,3,1,0,0,1,1,1,1,1,2,-1,-1,-1,0,0,0]","[-2,-2,-1,-1,1,1,2,2,0,1,2,1,2,1,1,1,2,2,2,1,2,1,1,2,1,2,1,2,2,3,-1,1,0,2,2,-1]",c,"[[{8, 1}, {2, 7}, {3, 6}, {4, 5}], [{8, 1}, {2, 7}, {4, 6}, {3, 5}], [{8, 1}, {2, 7}, {5, 6}, {3, 4}], [{8, 1}, {2, 7}, {6}, {3, 5}, {4}], [{8, 1}, {3, 7}, {2, 6}, {4, 5}], [{8, 1}, {3, 7}, {4, 6}, {2, 5}], [{8, 1}, {3, 7}, {5, 6}, {2, 4}], [{8, 1}, {4, 7}, {2, 6}, {3, 5}], [{8, 1}, {4, 7}, {3, 6}, {2, 5}], [{8, 1}, {4, 7}, {5, 6}, {2, 3}], [{8, 1}, {5, 7}, {2, 6}, {3, 4}], [{8, 1}, {5, 7}, {2, 6}, {4}, {3}], [{8, 1}, {5, 7}, {3, 6}, {2, 4}], [{8, 1}, {5, 7}, {4, 6}, {2, 3}], [{8, 1}, {5, 7}, {4, 6}, {3}, {2}], [{8, 1}, {5, 7}, {6}, {2, 4}, {3}], [{8, 1}, {6, 7}, {2, 5}, {3, 4}], [{8, 1}, {6, 7}, {3, 5}, {2, 4}], [{8, 1}, {6, 7}, {4, 5}, {2, 3}], [{8, 1}, {6, 7}, {5}, {2, 4}, {3}], [{8, 1}, {7}, {5, 6}, {2, 4}, {3}], [{8, 1}, {7}, {5, 6}, {3, 4}, {2}], [{8, 1}, {7}, {5, 6}, {4}, {2, 3}], [{8, 2}, {1, 7}, {3, 6}, {4, 5}], [{8, 2}, {1, 7}, {4, 6}, {3, 5}], [{8, 2}, {1, 7}, {5, 6}, {3, 4}], [{8, 2}, {1, 7}, {5, 6}, {4}, {3}], [{8, 2}, {3, 7}, {1, 6}, {4, 5}], [{8, 2}, {3, 7}, {1, 6}, {5}, {4}], [{8, 2}, {3, 7}, {4, 6}, {1, 5}], [{8, 2}, {3, 7}, {5, 6}, {1, 4}], [{8, 2}, {3, 7}, {6}, {4, 5}, {1}], [{8, 2}, {4, 7}, {1, 6}, {3, 5}], [{8, 2}, {4, 7}, {3, 6}, {1, 5}], [{8, 2}, {4, 7}, {5, 6}, {1, 3}], [{8, 2}, {4, 7}, {5, 6}, {3}, {1}], [{8, 2}, {5, 7}, {1, 6}, {3, 4}], [{8, 2}, {5, 7}, {3, 6}, {1, 4}], [{8, 2}, {5, 7}, {4, 6}, {1, 3}], [{8, 2}, {5, 7}, {6}, {3, 4}, {1}], [{8, 2}, {6, 7}, {1, 5}, {3, 4}], [{8, 2}, {6, 7}, {3, 5}, {1, 4}], [{8, 2}, {6, 7}, {4, 5}, {1, 3}], [{8, 2}, {6, 7}, {5}, {4}, {1, 3}], [{8, 2}, {7}, {1, 6}, {4, 5}, {3}], [{8, 2}, {7}, {5, 6}, {1, 4}, {3}], [{8, 3}, {1, 7}, {2, 6}, {4, 5}], [{8, 3}, {1, 7}, {2, 6}, {5}, {4}], [{8, 3}, {1, 7}, {4, 6}, {2, 5}], [{8, 3}, {1, 7}, {4, 6}, {5}, {2}], [{8, 3}, {1, 7}, {5, 6}, {2, 4}], [{8, 3}, {1, 7}, {5, 6}, {4}, {2}], [{8, 3}, {1, 7}, {6}, {2, 5}, {4}], [{8, 3}, {1, 7}, {6}, {4, 5}, {2}], [{8, 3}, {1, 7}, {6}, {5}, {2, 4}], [{8, 3}, {2, 7}, {1, 6}, {4, 5}], [{8, 3}, {2, 7}, {4, 6}, {1, 5}], [{8, 3}, {2, 7}, {5, 6}, {1, 4}], [{8, 3}, {2, 7}, {6}, {5}, {1, 4}], [{8, 3}, {4, 7}, {1, 6}, {2, 5}], [{8, 3}, {4, 7}, {2, 6}, {1, 5}], [{8, 3}, {4, 7}, {5, 6}, {1, 2}], [{8, 3}, {4, 7}, {6}, {5}, {1, 2}], [{8, 3}, {5, 7}, {1, 6}, {2, 4}], [{8, 3}, {5, 7}, {2, 6}, {1, 4}], [{8, 3}, {5, 7}, {4, 6}, {1, 2}], [{8, 3}, {5, 7}, {4, 6}, {2}, {1}], [{8, 3}, {6, 7}, {1, 5}, {2, 4}], [{8, 3}, {6, 7}, {2, 5}, {1, 4}], [{8, 3}, {6, 7}, {4, 5}, {1, 2}], [{8, 3}, {6, 7}, {4, 5}, {2}, {1}], [{8, 3}, {7}, {1, 6}, {4, 5}, {2}], [{8, 3}, {7}, {4, 6}, {1, 5}, {2}], [{8, 4}, {1, 7}, {2, 6}, {3, 5}], [{8, 4}, {1, 7}, {2, 6}, {5}, {3}], [{8, 4}, {1, 7}, {3, 6}, {2, 5}], [{8, 4}, {1, 7}, {5, 6}, {2, 3}], [{8, 4}, {1, 7}, {5, 6}, {3}, {2}], [{8, 4}, {1, 7}, {6}, {2, 5}, {3}], [{8, 4}, {2, 7}, {1, 6}, {3, 5}], [{8, 4}, {2, 7}, {3, 6}, {1, 5}], [{8, 4}, {2, 7}, {5, 6}, {1, 3}], [{8, 4}, {3, 7}, {1, 6}, {2, 5}], [{8, 4}, {3, 7}, {2, 6}, {1, 5}], [{8, 4}, {3, 7}, {5, 6}, {1, 2}], [{8, 4}, {3, 7}, {5, 6}, {2}, {1}], [{8, 4}, {5, 7}, {1, 6}, {2, 3}], [{8, 4}, {5, 7}, {2, 6}, {1, 3}], [{8, 4}, {5, 7}, {3, 6}, {1, 2}], [{8, 4}, {5, 7}, {6}, {3}, {1, 2}], [{8, 4}, {6, 7}, {1, 5}, {2, 3}], [{8, 4}, {6, 7}, {2, 5}, {1, 3}], [{8, 4}, {6, 7}, {3, 5}, {1, 2}], [{8, 4}, {7}, {1, 6}, {5}, {2, 3}], [{8, 4}, {7}, {5, 6}, {1, 3}, {2}], [{8, 5}, {1, 7}, {2, 6}, {3, 4}], [{8, 5}, {1, 7}, {2, 6}, {4}, {3}], [{8, 5}, {1, 7}, {3, 6}, {2, 4}], [{8, 5}, {1, 7}, {4, 6}, {2, 3}], [{8, 5}, {2, 7}, {1, 6}, {3, 4}], [{8, 5}, {2, 7}, {3, 6}, {1, 4}], [{8, 5}, {2, 7}, {4, 6}, {1, 3}], [{8, 5}, {2, 7}, {4, 6}, {3}, {1}], [{8, 5}, {3, 7}, {1, 6}, {2, 4}], [{8, 5}, {3, 7}, {2, 6}, {1, 4}], [{8, 5}, {3, 7}, {2, 6}, {4}, {1}], [{8, 5}, {3, 7}, {4, 6}, {1, 2}], [{8, 5}, {4, 7}, {1, 6}, {2, 3}], [{8, 5}, {4, 7}, {1, 6}, {3}, {2}], [{8, 5}, {4, 7}, {2, 6}, {1, 3}], [{8, 5}, {4, 7}, {2, 6}, {3}, {1}], [{8, 5}, {4, 7}, {3, 6}, {1, 2}], [{8, 5}, {4, 7}, {3, 6}, {2}, {1}], [{8, 5}, {4, 7}, {6}, {1, 3}, {2}], [{8, 5}, {4, 7}, {6}, {2, 3}, {1}], [{8, 5}, {4, 7}, {6}, {3}, {1, 2}], [{8, 5}, {4, 7}, {6}, {3}, {2}, {1}], [{8, 5}, {6, 7}, {1, 4}, {2, 3}], [{8, 5}, {6, 7}, {2, 4}, {1, 3}], [{8, 5}, {6, 7}, {2, 4}, {3}, {1}], [{8, 5}, {6, 7}, {3, 4}, {1, 2}], [{8, 5}, {7}, {1, 6}, {4}, {2, 3}], [{8, 5}, {7}, {2, 6}, {1, 4}, {3}], [{8, 5}, {7}, {2, 6}, {3, 4}, {1}], [{8, 5}, {7}, {2, 6}, {4}, {1, 3}], [{8, 5}, {7}, {2, 6}, {4}, {3}, {1}], [{8, 5}, {7}, {3, 6}, {4}, {1, 2}], [{8, 6}, {1, 7}, {2, 5}, {3, 4}], [{8, 6}, {1, 7}, {2, 5}, {4}, {3}], [{8, 6}, {1, 7}, {3, 5}, {2, 4}], [{8, 6}, {1, 7}, {4, 5}, {2, 3}], [{8, 6}, {2, 7}, {1, 5}, {3, 4}], [{8, 6}, {2, 7}, {3, 5}, {1, 4}], [{8, 6}, {2, 7}, {4, 5}, {1, 3}], [{8, 6}, {2, 7}, {5}, {3, 4}, {1}], [{8, 6}, {3, 7}, {1, 5}, {2, 4}], [{8, 6}, {3, 7}, {2, 5}, {1, 4}], [{8, 6}, {3, 7}, {4, 5}, {1, 2}], [{8, 6}, {3, 7}, {5}, {2, 4}, {1}], [{8, 6}, {4, 7}, {1, 5}, {2, 3}], [{8, 6}, {4, 7}, {2, 5}, {1, 3}], [{8, 6}, {4, 7}, {2, 5}, {3}, {1}], [{8, 6}, {4, 7}, {3, 5}, {1, 2}], [{8, 6}, {5, 7}, {1, 4}, {2, 3}], [{8, 6}, {5, 7}, {2, 4}, {1, 3}], [{8, 6}, {5, 7}, {2, 4}, {3}, {1}], [{8, 6}, {5, 7}, {3, 4}, {1, 2}], [{8, 6}, {7}, {1, 5}, {4}, {2, 3}], [{8, 6}, {7}, {2, 5}, {1, 4}, {3}], [{8, 6}, {7}, {3, 5}, {2, 4}, {1}], [{8, 7}, {1, 6}, {2, 5}, {3, 4}], [{8, 7}, {1, 6}, {3, 5}, {2, 4}], [{8, 7}, {1, 6}, {4, 5}, {2, 3}], [{8, 7}, {1, 6}, {5}, {3, 4}, {2}], [{8, 7}, {2, 6}, {1, 5}, {3, 4}], [{8, 7}, {2, 6}, {1, 5}, {4}, {3}], [{8, 7}, {2, 6}, {3, 5}, {1, 4}], [{8, 7}, {2, 6}, {4, 5}, {1, 3}], [{8, 7}, {3, 6}, {1, 5}, {2, 4}], [{8, 7}, {3, 6}, {2, 5}, {1, 4}], [{8, 7}, {3, 6}, {4, 5}, {1, 2}], [{8, 7}, {4, 6}, {1, 5}, {2, 3}], [{8, 7}, {4, 6}, {2, 5}, {1, 3}], [{8, 7}, {4, 6}, {3, 5}, {1, 2}], [{8, 7}, {5, 6}, {1, 4}, {2, 3}], [{8, 7}, {5, 6}, {2, 4}, {1, 3}], [{8, 7}, {5, 6}, {2, 4}, {3}, {1}], [{8, 7}, {5, 6}, {3, 4}, {1, 2}], [{8, 7}, {5, 6}, {3, 4}, {2}, {1}], [{8, 7}, {5, 6}, {4}, {2, 3}, {1}], [{8, 7}, {6}, {1, 5}, {3, 4}, {2}], [{8, 7}, {6}, {5}, {2, 4}, {1, 3}], [{8}, {1, 7}, {2, 6}, {3, 5}, {4}], [{8}, {1, 7}, {2, 6}, {4, 5}, {3}], [{8}, {1, 7}, {2, 6}, {5}, {3, 4}], [{8}, {1, 7}, {2, 6}, {5}, {4}, {3}], [{8}, {1, 7}, {3, 6}, {2, 5}, {4}], [{8}, {1, 7}, {4, 6}, {2, 5}, {3}], [{8}, {1, 7}, {5, 6}, {2, 4}, {3}], [{8}, {1, 7}, {5, 6}, {3, 4}, {2}], [{8}, {1, 7}, {5, 6}, {4}, {2, 3}], [{8}, {1, 7}, {5, 6}, {4}, {3}, {2}], [{8}, {1, 7}, {6}, {2, 5}, {3, 4}], [{8}, {1, 7}, {6}, {2, 5}, {4}, {3}], [{8}, {2, 7}, {4, 6}, {5}, {1, 3}], [{8}, {3, 7}, {4, 6}, {2, 5}, {1}], [{8}, {3, 7}, {6}, {1, 5}, {2, 4}], [{8}, {4, 7}, {6}, {3, 5}, {1, 2}], [{8}, {5, 7}, {1, 6}, {2, 4}, {3}], [{8}, {5, 7}, {4, 6}, {1, 3}, {2}], [{8}, {6, 7}, {1, 5}, {2, 4}, {3}], [{8}, {6, 7}, {2, 5}, {3, 4}, {1}], [{8}, {6, 7}, {5}, {1, 4}, {2, 3}], [{8}, {7}, {1, 6}, {2, 5}, {3, 4}], [{8}, {7}, {1, 6}, {4, 5}, {2, 3}], [{8}, {7}, {3, 6}, {1, 5}, {2, 4}], [{8}, {7}, {4, 6}, {2, 5}, {1, 3}]]",2,- 4 K_1^2 + 2 K_2 + 3,O1O2O3U4O5U6U1O7U5U7O6U3U2O8O4U8,O1O2U3O4O5U4O6O3U5O7U2U1U6O8U7U8,O1O2U3O4O3U1O5O6U7U8O7U2U6U5O8U4,c,{'O1O2O3U4O5O4U2U1O6U7U8O7U3U6O8U5'},1,"<a href=""/flatknot/8.975612"">8.975612</a>",t^9-70t^7-334t^6-514t^5-140t^4+198t^3+84t^2-8t-10,0,,
8.975613,O1O2O3U4O5O4U2U1O6U7U8O7U5U6O8U3,4,3z^3+41z^2+117z+95,3w^4z^3+41w^3z^2+117w^2z+95w,False,False,"[[ 0 -2 -2  2  1  1  2 -1 -1],[ 2  0  0  3  2  1  1  2  1],[ 2  0  0  2  2  0  1  2  1],[-2 -3 -2  0 -1 -1  2 -3 -3],[-1 -2 -2  1  0  1  1 -2 -1],[-1 -1  0  1 -1  0  1 -1 -1],[-2 -1 -1 -2 -1 -1  0 -2 -1],[ 1 -2 -2  3  2  1  2  0 -1],[ 1 -1 -1  3  1  1  1  1  0]]","[[ 0  2  2  1  1 -1 -1 -2 -2],[-2  0  2 -1 -1 -3 -3 -2 -3],[-2 -2  0 -1 -1 -1 -2 -1 -1],[-1  1  1  0  1 -1 -2 -2 -2],[-1  1  1 -1  0 -1 -1  0 -1],[ 1  3  1  1  1  0  1 -1 -1],[ 1  3  2  2  1 -1  0 -2 -2],[ 2  2  1  2  0  1  2  0  0],[ 2  3  1  2  1  1  2  0  0]]",True,"[-2,-2,-1,-1,1,1,2,2,-2,1,1,3,3,2,3,1,1,1,2,1,1,-1,1,2,2,2,1,1,0,1,-1,1,1,2,2,0]","[-2,-2,-1,-1,1,1,2,2,-2,0,0,1,2,3,3,0,0,0,0,1,2,-1,1,1,2,3,0,1,1,1,-1,-1,-1,0,0,0]",t^8+74t^6+257t^4+80t^2,"[-2,-2,-1,-1,1,1,2,2,0,-1,0,1,2,1,3,-1,0,1,3,2,3,1,0,1,0,1,1,1,0,2,-1,0,0,0,0,-2]","[-2,-2,-1,-1,1,1,2,2,-2,0,0,1,2,3,3,0,0,0,0,1,2,-1,1,1,2,3,0,1,1,1,-1,-1,-1,0,0,0]","[-2,-2,-1,-1,1,1,2,2,0,1,2,0,2,1,2,1,2,1,2,1,3,1,1,1,1,3,1,2,2,3,-1,1,1,1,1,-2]",c,"[[{8, 2}, {1, 7}, {4, 6}, {3, 5}]]",1,4 K_1^3 - 4 K_1 K_2 - K_1 + K_3 + 1,O1O2O3U1O4U5U6O7U4U7O5U3U2O8O6U8,O1O2U3O4O5U4O6O3U5O7U2U1U7O8U6U8,O1O2U3O4O3U1O5O6U7U2O7U8U6U5O8U4,c,{'O1O2O3U4O5O4U2U1O6U7U8O7U5U6O8U3'},1,"<a href=""/flatknot/8.975613"">8.975613</a>",t^9-74t^7-344t^6-537t^5-288t^4+6t^3+190t^2+128t+10,0,,
8.975614,O1O2O3U4O5O4U2U1O6U7U3O8U6U8O7U5,4,2z^3+31z^2+110z+113,2w^4z^3+31w^3z^2+110w^2z+113w,False,False,"[[ 0 -2 -2  1  1  2  1 -2  1],[ 2  0  0  2  2  2  1  1  0],[ 2  0  0  1  2  1  1  1  0],[-1 -2 -1  0 -1  0  1 -2  1],[-1 -2 -2  1  0  2  1 -3  1],[-2 -2 -1  0 -2  0  0 -3  1],[-1 -1 -1 -1 -1  0  0 -2  1],[ 2 -1 -1  2  3  3  2  0  1],[-1  0  0 -1 -1 -1 -1 -1  0]]","[[ 0  2  1  1  1  1 -2 -2 -2],[-2  0  1  0  0 -2 -1 -2 -3],[-1 -1  0 -1 -1 -1  0  0 -1],[-1  0  1  0  1 -1 -1 -2 -2],[-1  0  1 -1  0 -1 -1 -1 -2],[-1  2  1  1  1  0 -2 -2 -3],[ 2  1  0  1  1  2  0  0  1],[ 2  2  0  2  1  2  0  0  1],[ 2  3  1  2  2  3 -1 -1  0]]",True,"[-2,-1,-1,-1,-1,2,2,2,-1,0,0,2,1,2,3,1,1,1,0,0,1,-1,1,1,2,2,1,1,1,2,2,2,3,0,-1,-1]","[-2,-2,-2,1,1,1,1,2,-1,-1,1,2,2,3,3,0,0,1,1,2,1,0,1,2,2,2,-1,-1,-1,-1,-1,-1,0,-1,0,2]",t^8+60t^6+104t^4+20t^2,"[-2,-2,-2,1,1,1,1,2,-1,0,1,1,2,3,2,1,0,1,1,2,1,1,2,2,3,3,-1,-1,-1,-1,-1,-1,1,-1,1,2]","[-2,-1,-1,-1,-1,2,2,2,-1,1,1,2,1,2,3,1,1,1,0,1,1,-1,1,1,2,2,1,1,1,2,2,3,3,-1,-1,0]","[-2,-2,-2,1,1,1,1,2,-1,-1,1,2,2,3,3,0,0,1,1,2,1,0,1,2,2,2,-1,-1,-1,-1,-1,-1,0,-1,0,2]",c,"[[{8, 1}, {2, 7}, {3, 6}, {4, 5}], [{8, 1}, {2, 7}, {4, 6}, {3, 5}], [{8, 1}, {2, 7}, {5, 6}, {3, 4}], [{8, 1}, {2, 7}, {6}, {5}, {3, 4}], [{8, 1}, {3, 7}, {2, 6}, {4, 5}], [{8, 1}, {3, 7}, {4, 6}, {2, 5}], [{8, 1}, {3, 7}, {5, 6}, {2, 4}], [{8, 1}, {3, 7}, {5, 6}, {4}, {2}], [{8, 1}, {3, 7}, {6}, {5}, {2, 4}], [{8, 1}, {4, 7}, {2, 6}, {3, 5}], [{8, 1}, {4, 7}, {3, 6}, {2, 5}], [{8, 1}, {4, 7}, {5, 6}, {2, 3}], [{8, 1}, {4, 7}, {6}, {2, 5}, {3}], [{8, 1}, {5, 7}, {2, 6}, {3, 4}], [{8, 1}, {5, 7}, {3, 6}, {2, 4}], [{8, 1}, {5, 7}, {3, 6}, {4}, {2}], [{8, 1}, {5, 7}, {4, 6}, {2, 3}], [{8, 1}, {6, 7}, {2, 5}, {3, 4}], [{8, 1}, {6, 7}, {2, 5}, {4}, {3}], [{8, 1}, {6, 7}, {3, 5}, {2, 4}], [{8, 1}, {6, 7}, {4, 5}, {2, 3}], [{8, 1}, {7}, {4, 6}, {2, 5}, {3}], [{8, 1}, {7}, {5, 6}, {2, 4}, {3}], [{8, 2}, {1, 7}, {3, 6}, {4, 5}], [{8, 2}, {1, 7}, {3, 6}, {5}, {4}], [{8, 2}, {1, 7}, {4, 6}, {3, 5}], [{8, 2}, {1, 7}, {5, 6}, {3, 4}], [{8, 2}, {3, 7}, {1, 6}, {4, 5}], [{8, 2}, {3, 7}, {4, 6}, {1, 5}], [{8, 2}, {3, 7}, {5, 6}, {1, 4}], [{8, 2}, {4, 7}, {1, 6}, {3, 5}], [{8, 2}, {4, 7}, {3, 6}, {1, 5}], [{8, 2}, {4, 7}, {5, 6}, {1, 3}], [{8, 2}, {5, 7}, {1, 6}, {3, 4}], [{8, 2}, {5, 7}, {3, 6}, {1, 4}], [{8, 2}, {5, 7}, {4, 6}, {1, 3}], [{8, 2}, {5, 7}, {6}, {1, 4}, {3}], [{8, 2}, {6, 7}, {1, 5}, {3, 4}], [{8, 2}, {6, 7}, {3, 5}, {1, 4}], [{8, 2}, {6, 7}, {4, 5}, {1, 3}], [{8, 2}, {7}, {1, 6}, {4, 5}, {3}], [{8, 2}, {7}, {4, 6}, {5}, {1, 3}], [{8, 2}, {7}, {5, 6}, {3, 4}, {1}], [{8, 3}, {1, 7}, {2, 6}, {4, 5}], [{8, 3}, {1, 7}, {4, 6}, {2, 5}], [{8, 3}, {1, 7}, {5, 6}, {2, 4}], [{8, 3}, {1, 7}, {6}, {4, 5}, {2}], [{8, 3}, {2, 7}, {1, 6}, {4, 5}], [{8, 3}, {2, 7}, {4, 6}, {1, 5}], [{8, 3}, {2, 7}, {5, 6}, {1, 4}], [{8, 3}, {4, 7}, {1, 6}, {2, 5}], [{8, 3}, {4, 7}, {2, 6}, {1, 5}], [{8, 3}, {4, 7}, {5, 6}, {1, 2}], [{8, 3}, {4, 7}, {6}, {2, 5}, {1}], [{8, 3}, {5, 7}, {1, 6}, {2, 4}], [{8, 3}, {5, 7}, {2, 6}, {1, 4}], [{8, 3}, {5, 7}, {4, 6}, {1, 2}], [{8, 3}, {5, 7}, {6}, {1, 4}, {2}], [{8, 3}, {6, 7}, {1, 5}, {2, 4}], [{8, 3}, {6, 7}, {1, 5}, {4}, {2}], [{8, 3}, {6, 7}, {2, 5}, {1, 4}], [{8, 3}, {6, 7}, {2, 5}, {4}, {1}], [{8, 3}, {6, 7}, {4, 5}, {1, 2}], [{8, 3}, {6, 7}, {4, 5}, {2}, {1}], [{8, 3}, {6, 7}, {5}, {1, 4}, {2}], [{8, 3}, {6, 7}, {5}, {2, 4}, {1}], [{8, 3}, {6, 7}, {5}, {4}, {1, 2}], [{8, 3}, {6, 7}, {5}, {4}, {2}, {1}], [{8, 3}, {7}, {1, 6}, {4, 5}, {2}], [{8, 3}, {7}, {4, 6}, {2, 5}, {1}], [{8, 3}, {7}, {5, 6}, {1, 4}, {2}], [{8, 3}, {7}, {6}, {1, 5}, {2, 4}], [{8, 4}, {1, 7}, {2, 6}, {3, 5}], [{8, 4}, {1, 7}, {3, 6}, {2, 5}], [{8, 4}, {1, 7}, {5, 6}, {2, 3}], [{8, 4}, {1, 7}, {6}, {5}, {2, 3}], [{8, 4}, {2, 7}, {1, 6}, {3, 5}], [{8, 4}, {2, 7}, {3, 6}, {1, 5}], [{8, 4}, {2, 7}, {5, 6}, {1, 3}], [{8, 4}, {3, 7}, {1, 6}, {2, 5}], [{8, 4}, {3, 7}, {2, 6}, {1, 5}], [{8, 4}, {3, 7}, {5, 6}, {1, 2}], [{8, 4}, {5, 7}, {1, 6}, {2, 3}], [{8, 4}, {5, 7}, {1, 6}, {3}, {2}], [{8, 4}, {5, 7}, {2, 6}, {1, 3}], [{8, 4}, {5, 7}, {3, 6}, {1, 2}], [{8, 4}, {6, 7}, {1, 5}, {2, 3}], [{8, 4}, {6, 7}, {2, 5}, {1, 3}], [{8, 4}, {6, 7}, {3, 5}, {1, 2}], [{8, 4}, {7}, {3, 6}, {2, 5}, {1}], [{8, 5}, {1, 7}, {2, 6}, {3, 4}], [{8, 5}, {1, 7}, {3, 6}, {2, 4}], [{8, 5}, {1, 7}, {4, 6}, {2, 3}], [{8, 5}, {2, 7}, {1, 6}, {3, 4}], [{8, 5}, {2, 7}, {3, 6}, {1, 4}], [{8, 5}, {2, 7}, {3, 6}, {4}, {1}], [{8, 5}, {2, 7}, {4, 6}, {1, 3}], [{8, 5}, {3, 7}, {1, 6}, {2, 4}], [{8, 5}, {3, 7}, {2, 6}, {1, 4}], [{8, 5}, {3, 7}, {4, 6}, {1, 2}], [{8, 5}, {3, 7}, {6}, {2, 4}, {1}], [{8, 5}, {4, 7}, {1, 6}, {2, 3}], [{8, 5}, {4, 7}, {2, 6}, {1, 3}], [{8, 5}, {4, 7}, {3, 6}, {1, 2}], [{8, 5}, {4, 7}, {3, 6}, {2}, {1}], [{8, 5}, {6, 7}, {1, 4}, {2, 3}], [{8, 5}, {6, 7}, {2, 4}, {1, 3}], [{8, 5}, {6, 7}, {2, 4}, {3}, {1}], [{8, 5}, {6, 7}, {3, 4}, {1, 2}], [{8, 5}, {7}, {3, 6}, {2, 4}, {1}], [{8, 5}, {7}, {4, 6}, {1, 3}, {2}], [{8, 5}, {7}, {6}, {1, 4}, {2, 3}], [{8, 6}, {1, 7}, {2, 5}, {3, 4}], [{8, 6}, {1, 7}, {3, 5}, {2, 4}], [{8, 6}, {1, 7}, {4, 5}, {2, 3}], [{8, 6}, {2, 7}, {1, 5}, {3, 4}], [{8, 6}, {2, 7}, {3, 5}, {1, 4}], [{8, 6}, {2, 7}, {4, 5}, {1, 3}], [{8, 6}, {3, 7}, {1, 5}, {2, 4}], [{8, 6}, {3, 7}, {2, 5}, {1, 4}], [{8, 6}, {3, 7}, {4, 5}, {1, 2}], [{8, 6}, {4, 7}, {1, 5}, {2, 3}], [{8, 6}, {4, 7}, {2, 5}, {1, 3}], [{8, 6}, {4, 7}, {3, 5}, {1, 2}], [{8, 6}, {5, 7}, {1, 4}, {2, 3}], [{8, 6}, {5, 7}, {2, 4}, {1, 3}], [{8, 6}, {5, 7}, {2, 4}, {3}, {1}], [{8, 6}, {5, 7}, {3, 4}, {1, 2}], [{8, 6}, {5, 7}, {3, 4}, {2}, {1}], [{8, 6}, {5, 7}, {4}, {2, 3}, {1}], [{8, 7}, {1, 6}, {2, 5}, {3, 4}], [{8, 7}, {1, 6}, {2, 5}, {4}, {3}], [{8, 7}, {1, 6}, {3, 5}, {2, 4}], [{8, 7}, {1, 6}, {4, 5}, {2, 3}], [{8, 7}, {1, 6}, {4, 5}, {3}, {2}], [{8, 7}, {1, 6}, {5}, {2, 4}, {3}], [{8, 7}, {2, 6}, {1, 5}, {3, 4}], [{8, 7}, {2, 6}, {3, 5}, {1, 4}], [{8, 7}, {2, 6}, {4, 5}, {1, 3}], [{8, 7}, {2, 6}, {5}, {3, 4}, {1}], [{8, 7}, {3, 6}, {1, 5}, {2, 4}], [{8, 7}, {3, 6}, {2, 5}, {1, 4}], [{8, 7}, {3, 6}, {4, 5}, {1, 2}], [{8, 7}, {3, 6}, {5}, {4}, {1, 2}], [{8, 7}, {4, 6}, {1, 5}, {2, 3}], [{8, 7}, {4, 6}, {2, 5}, {1, 3}], [{8, 7}, {4, 6}, {3, 5}, {1, 2}], [{8, 7}, {4, 6}, {5}, {1, 3}, {2}], [{8, 7}, {5, 6}, {1, 4}, {2, 3}], [{8, 7}, {5, 6}, {2, 4}, {1, 3}], [{8, 7}, {5, 6}, {2, 4}, {3}, {1}], [{8, 7}, {5, 6}, {3, 4}, {1, 2}], [{8, 7}, {5, 6}, {3, 4}, {2}, {1}], [{8, 7}, {5, 6}, {4}, {2, 3}, {1}], [{8, 7}, {6}, {1, 5}, {2, 4}, {3}], [{8, 7}, {6}, {2, 5}, {3, 4}, {1}], [{8, 7}, {6}, {5}, {1, 4}, {2, 3}], [{8}, {1, 7}, {2, 6}, {3, 5}, {4}], [{8}, {1, 7}, {5, 6}, {2, 4}, {3}], [{8}, {2, 7}, {1, 6}, {4, 5}, {3}], [{8}, {2, 7}, {3, 6}, {5}, {1, 4}], [{8}, {2, 7}, {4, 6}, {5}, {1, 3}], [{8}, {2, 7}, {5, 6}, {3, 4}, {1}], [{8}, {3, 7}, {1, 6}, {4, 5}, {2}], [{8}, {3, 7}, {2, 6}, {4, 5}, {1}], [{8}, {3, 7}, {6}, {1, 5}, {2, 4}], [{8}, {3, 7}, {6}, {2, 5}, {1, 4}], [{8}, {3, 7}, {6}, {4, 5}, {1, 2}], [{8}, {4, 7}, {1, 6}, {3, 5}, {2}], [{8}, {4, 7}, {5, 6}, {3}, {1, 2}], [{8}, {4, 7}, {6}, {1, 5}, {2, 3}], [{8}, {4, 7}, {6}, {2, 5}, {1, 3}], [{8}, {5, 7}, {2, 6}, {4}, {1, 3}], [{8}, {5, 7}, {4, 6}, {1, 3}, {2}], [{8}, {5, 7}, {6}, {1, 4}, {2, 3}], [{8}, {5, 7}, {6}, {2, 4}, {1, 3}], [{8}, {6, 7}, {2, 5}, {4}, {1, 3}], [{8}, {6, 7}, {3, 5}, {2, 4}, {1}], [{8}, {7}, {1, 6}, {2, 5}, {3, 4}], [{8}, {7}, {1, 6}, {4, 5}, {2, 3}], [{8}, {7}, {4, 6}, {2, 5}, {1, 3}], [{8}, {7}, {4, 6}, {5}, {1, 3}, {2}]]",2,- 8 K_1^2 - 8 K_1 K_2 + 4 K_1 + 4 K_2 + 4 K_3 + 5,O1O2O3U4O5U6U7O6U1U5O7U3U2O8O4U8,O1O2U3O4O5U6O3O6U4O7U2U1U5O8U7U8,O1O2U1O3O4U2O5O6U7U8O7U3U6U5O8U4,c,{'O1O2O3U4O5O4U2U1O6U7U3O8U6U8O7U5'},1,"<a href=""/flatknot/8.975614"">8.975614</a>",t^9-64t^7-204t^6-22t^5+408t^4+149t^3-214t^2-41t+24,2t^2-4t,,
8.975615,O1O2O3U4O5O4U2U1O6U7U5O8U6U8O7U3,4,3z^3+41z^2+117z+95,3w^4z^3+41w^3z^2+117w^2z+95w,False,False,"[[ 0 -2 -2  2  1  1  1 -2  1],[ 2  0  0  3  2  1  1  1  0],[ 2  0  0  2  2  0  1  1  0],[-2 -3 -2  0 -1 -1  1 -4  1],[-1 -2 -2  1  0  1  0 -2  1],[-1 -1  0  1 -1  0  1 -2  1],[-1 -1 -1 -1  0 -1  0 -2  1],[ 2 -1 -1  4  2  2  2  0  1],[-1  0  0 -1 -1 -1 -1 -1  0]]","[[ 0  2  1  1  1  1 -2 -2 -2],[-2  0  1  1 -1 -1 -2 -3 -4],[-1 -1  0  1  0 -1 -1 -1 -2],[-1 -1 -1  0 -1 -1  0  0 -1],[-1  1  0  1  0  1 -2 -2 -2],[-1  1  1  1 -1  0  0 -1 -2],[ 2  2  1  0  2  0  0  0  1],[ 2  3  1  0  2  1  0  0  1],[ 2  4  2  1  2  2 -1 -1  0]]",True,"[-2,-1,-1,-1,-1,2,2,2,-1,-1,1,1,2,3,4,-1,0,1,1,1,2,1,1,0,0,1,-1,2,2,2,0,1,2,0,-1,-1]","[-2,-2,-2,1,1,1,1,2,-1,-1,1,2,2,2,4,0,0,0,1,2,2,0,1,1,2,3,-1,-1,-1,-1,1,-1,1,0,-1,1]",t^8+64t^6+261t^4+168t^2+4,"[-2,-2,-2,1,1,1,1,2,-1,0,1,2,2,3,1,1,1,1,1,2,0,1,2,3,3,2,0,-1,-1,0,1,-1,2,-1,0,2]","[-2,-1,-1,-1,-1,2,2,2,0,0,2,2,0,1,2,-1,1,1,1,2,3,0,1,1,1,1,1,1,2,2,2,3,3,-1,-1,0]","[-2,-2,-2,1,1,1,1,2,-1,-1,1,2,2,2,4,0,0,0,1,2,2,0,1,1,2,3,-1,-1,-1,-1,1,-1,1,0,-1,1]",c,"[[{8, 1}, {3, 7}, {5, 6}, {2, 4}]]",1,4 K_1^3 - 4 K_1^2 - 4 K_1 K_2 - K_1 + 2 K_2 + K_3 + 3,O1O2O3U1O4U5U6O5U7U4O6U3U2O8O7U8,O1O2U3O4O5U6O3O6U4O7U2U1U7O8U5U8,O1O2U1O3O4U2O5O6U7U3O7U8U6U5O8U4,c,{'O1O2O3U4O5O4U2U1O6U7U5O8U6U8O7U3'},1,"<a href=""/flatknot/8.975615"">8.975615</a>",t^9-68t^7-198t^6+37t^5+516t^4+375t^3-18t^2-40t+6,2t^2-4t,,
8.975616,O1O2O3U4O5O4U2U1O6U7U6O8U3U8O7U5,4,4z^3+36z^2+109z+107,4w^4z^3+36w^3z^2+109w^2z+107w,False,False,"[[ 0 -2 -2  1  1  2  1 -2  1],[ 2  0  0  2  2  2  0  1  1],[ 2  0  0  1  2  1  0  1  1],[-1 -2 -1  0 -1  0  0 -3  1],[-1 -2 -2  1  0  2  1 -3  1],[-2 -2 -1  0 -2  0  1 -3  0],[-1  0  0  0 -1 -1  0 -1  0],[ 2 -1 -1  3  3  3  1  0  1],[-1 -1 -1 -1 -1  0  0 -1  0]]","[[ 0  2  1  1  1  1 -2 -2 -2],[-2  0  1  0  0 -2 -1 -2 -3],[-1 -1  0  0  0 -1  0  0 -1],[-1  0  0  0  1 -1 -1 -2 -3],[-1  0  0 -1  0 -1 -1 -1 -1],[-1  2  1  1  1  0 -2 -2 -3],[ 2  1  0  1  1  2  0  0  1],[ 2  2  0  2  1  2  0  0  1],[ 2  3  1  3  1  3 -1 -1  0]]",True,"[-2,-1,-1,-1,-1,2,2,2,-1,0,0,2,1,2,3,0,0,1,0,0,1,-1,1,1,2,3,1,1,1,1,2,2,3,0,-1,-1]","[-2,-2,-2,1,1,1,1,2,-1,-1,1,1,3,3,3,0,0,1,1,2,1,0,1,2,2,2,0,0,-1,-1,-1,-1,0,-1,0,2]",t^8+60t^6+136t^4+53t^2+4,"[-2,-2,-2,1,1,1,1,2,-1,0,1,1,2,3,2,1,0,0,2,2,1,1,2,2,3,3,-1,-1,-1,-1,-1,0,1,0,1,2]","[-2,-1,-1,-1,-1,2,2,2,-1,1,1,2,1,2,3,1,1,1,0,1,1,-1,0,2,2,2,0,0,1,2,2,3,3,-1,-1,0]","[-2,-2,-2,1,1,1,1,2,-1,-1,1,1,3,3,3,0,0,1,1,2,1,0,1,2,2,2,0,0,-1,-1,-1,-1,0,-1,0,2]",c,"[[{8, 1}, {2, 7}, {3, 6}, {4, 5}], [{8, 1}, {2, 7}, {4, 6}, {3, 5}], [{8, 1}, {2, 7}, {5, 6}, {3, 4}], [{8, 1}, {3, 7}, {2, 6}, {4, 5}], [{8, 1}, {3, 7}, {4, 6}, {2, 5}], [{8, 1}, {3, 7}, {5, 6}, {2, 4}], [{8, 1}, {3, 7}, {6}, {2, 5}, {4}], [{8, 1}, {3, 7}, {6}, {4, 5}, {2}], [{8, 1}, {3, 7}, {6}, {5}, {2, 4}], [{8, 1}, {4, 7}, {2, 6}, {3, 5}], [{8, 1}, {4, 7}, {3, 6}, {2, 5}], [{8, 1}, {4, 7}, {5, 6}, {2, 3}], [{8, 1}, {4, 7}, {5, 6}, {3}, {2}], [{8, 1}, {5, 7}, {2, 6}, {3, 4}], [{8, 1}, {5, 7}, {3, 6}, {2, 4}], [{8, 1}, {5, 7}, {4, 6}, {2, 3}], [{8, 1}, {5, 7}, {6}, {4}, {2, 3}], [{8, 1}, {6, 7}, {2, 5}, {3, 4}], [{8, 1}, {6, 7}, {3, 5}, {2, 4}], [{8, 1}, {6, 7}, {4, 5}, {2, 3}], [{8, 1}, {6, 7}, {4, 5}, {3}, {2}], [{8, 1}, {7}, {3, 6}, {4, 5}, {2}], [{8, 2}, {1, 7}, {3, 6}, {4, 5}], [{8, 2}, {1, 7}, {4, 6}, {3, 5}], [{8, 2}, {1, 7}, {5, 6}, {3, 4}], [{8, 2}, {3, 7}, {1, 6}, {4, 5}], [{8, 2}, {3, 7}, {4, 6}, {1, 5}], [{8, 2}, {3, 7}, {5, 6}, {1, 4}], [{8, 2}, {3, 7}, {6}, {4, 5}, {1}], [{8, 2}, {4, 7}, {1, 6}, {3, 5}], [{8, 2}, {4, 7}, {3, 6}, {1, 5}], [{8, 2}, {4, 7}, {3, 6}, {5}, {1}], [{8, 2}, {4, 7}, {5, 6}, {1, 3}], [{8, 2}, {4, 7}, {5, 6}, {3}, {1}], [{8, 2}, {4, 7}, {6}, {3, 5}, {1}], [{8, 2}, {5, 7}, {1, 6}, {3, 4}], [{8, 2}, {5, 7}, {3, 6}, {1, 4}], [{8, 2}, {5, 7}, {4, 6}, {1, 3}], [{8, 2}, {6, 7}, {1, 5}, {3, 4}], [{8, 2}, {6, 7}, {3, 5}, {1, 4}], [{8, 2}, {6, 7}, {4, 5}, {1, 3}], [{8, 2}, {7}, {1, 6}, {5}, {3, 4}], [{8, 2}, {7}, {4, 6}, {5}, {1, 3}], [{8, 3}, {1, 7}, {2, 6}, {4, 5}], [{8, 3}, {1, 7}, {4, 6}, {2, 5}], [{8, 3}, {1, 7}, {5, 6}, {2, 4}], [{8, 3}, {1, 7}, {6}, {5}, {2, 4}], [{8, 3}, {2, 7}, {1, 6}, {4, 5}], [{8, 3}, {2, 7}, {4, 6}, {1, 5}], [{8, 3}, {2, 7}, {5, 6}, {1, 4}], [{8, 3}, {4, 7}, {1, 6}, {2, 5}], [{8, 3}, {4, 7}, {2, 6}, {1, 5}], [{8, 3}, {4, 7}, {5, 6}, {1, 2}], [{8, 3}, {4, 7}, {5, 6}, {2}, {1}], [{8, 3}, {5, 7}, {1, 6}, {2, 4}], [{8, 3}, {5, 7}, {1, 6}, {4}, {2}], [{8, 3}, {5, 7}, {2, 6}, {1, 4}], [{8, 3}, {5, 7}, {4, 6}, {1, 2}], [{8, 3}, {6, 7}, {1, 5}, {2, 4}], [{8, 3}, {6, 7}, {2, 5}, {1, 4}], [{8, 3}, {6, 7}, {4, 5}, {1, 2}], [{8, 3}, {7}, {4, 6}, {1, 5}, {2}], [{8, 3}, {7}, {4, 6}, {2, 5}, {1}], [{8, 3}, {7}, {4, 6}, {5}, {1, 2}], [{8, 4}, {1, 7}, {2, 6}, {3, 5}], [{8, 4}, {1, 7}, {3, 6}, {2, 5}], [{8, 4}, {1, 7}, {5, 6}, {2, 3}], [{8, 4}, {1, 7}, {5, 6}, {3}, {2}], [{8, 4}, {2, 7}, {1, 6}, {3, 5}], [{8, 4}, {2, 7}, {3, 6}, {1, 5}], [{8, 4}, {2, 7}, {3, 6}, {5}, {1}], [{8, 4}, {2, 7}, {5, 6}, {1, 3}], [{8, 4}, {2, 7}, {5, 6}, {3}, {1}], [{8, 4}, {2, 7}, {6}, {3, 5}, {1}], [{8, 4}, {3, 7}, {1, 6}, {2, 5}], [{8, 4}, {3, 7}, {1, 6}, {5}, {2}], [{8, 4}, {3, 7}, {2, 6}, {1, 5}], [{8, 4}, {3, 7}, {5, 6}, {1, 2}], [{8, 4}, {3, 7}, {5, 6}, {2}, {1}], [{8, 4}, {3, 7}, {6}, {1, 5}, {2}], [{8, 4}, {5, 7}, {1, 6}, {2, 3}], [{8, 4}, {5, 7}, {2, 6}, {1, 3}], [{8, 4}, {5, 7}, {3, 6}, {1, 2}], [{8, 4}, {5, 7}, {6}, {1, 3}, {2}], [{8, 4}, {6, 7}, {1, 5}, {2, 3}], [{8, 4}, {6, 7}, {2, 5}, {1, 3}], [{8, 4}, {6, 7}, {3, 5}, {1, 2}], [{8, 4}, {6, 7}, {5}, {1, 3}, {2}], [{8, 4}, {7}, {5, 6}, {1, 3}, {2}], [{8, 4}, {7}, {5, 6}, {2, 3}, {1}], [{8, 4}, {7}, {5, 6}, {3}, {1, 2}], [{8, 4}, {7}, {5, 6}, {3}, {2}, {1}], [{8, 5}, {1, 7}, {2, 6}, {3, 4}], [{8, 5}, {1, 7}, {3, 6}, {2, 4}], [{8, 5}, {1, 7}, {4, 6}, {2, 3}], [{8, 5}, {2, 7}, {1, 6}, {3, 4}], [{8, 5}, {2, 7}, {3, 6}, {1, 4}], [{8, 5}, {2, 7}, {4, 6}, {1, 3}], [{8, 5}, {3, 7}, {1, 6}, {2, 4}], [{8, 5}, {3, 7}, {2, 6}, {1, 4}], [{8, 5}, {3, 7}, {4, 6}, {1, 2}], [{8, 5}, {3, 7}, {6}, {1, 4}, {2}], [{8, 5}, {4, 7}, {1, 6}, {2, 3}], [{8, 5}, {4, 7}, {2, 6}, {1, 3}], [{8, 5}, {4, 7}, {3, 6}, {1, 2}], [{8, 5}, {6, 7}, {1, 4}, {2, 3}], [{8, 5}, {6, 7}, {2, 4}, {1, 3}], [{8, 5}, {6, 7}, {3, 4}, {1, 2}], [{8, 5}, {7}, {1, 6}, {2, 4}, {3}], [{8, 5}, {7}, {2, 6}, {1, 4}, {3}], [{8, 6}, {1, 7}, {2, 5}, {3, 4}], [{8, 6}, {1, 7}, {3, 5}, {2, 4}], [{8, 6}, {1, 7}, {4, 5}, {2, 3}], [{8, 6}, {1, 7}, {5}, {4}, {2, 3}], [{8, 6}, {2, 7}, {1, 5}, {3, 4}], [{8, 6}, {2, 7}, {3, 5}, {1, 4}], [{8, 6}, {2, 7}, {4, 5}, {1, 3}], [{8, 6}, {2, 7}, {5}, {3, 4}, {1}], [{8, 6}, {3, 7}, {1, 5}, {2, 4}], [{8, 6}, {3, 7}, {2, 5}, {1, 4}], [{8, 6}, {3, 7}, {4, 5}, {1, 2}], [{8, 6}, {3, 7}, {5}, {4}, {1, 2}], [{8, 6}, {4, 7}, {1, 5}, {2, 3}], [{8, 6}, {4, 7}, {2, 5}, {1, 3}], [{8, 6}, {4, 7}, {3, 5}, {1, 2}], [{8, 6}, {5, 7}, {1, 4}, {2, 3}], [{8, 6}, {5, 7}, {1, 4}, {3}, {2}], [{8, 6}, {5, 7}, {2, 4}, {1, 3}], [{8, 6}, {5, 7}, {3, 4}, {1, 2}], [{8, 6}, {5, 7}, {3, 4}, {2}, {1}], [{8, 6}, {5, 7}, {4}, {1, 3}, {2}], [{8, 6}, {7}, {1, 5}, {2, 4}, {3}], [{8, 6}, {7}, {2, 5}, {3, 4}, {1}], [{8, 7}, {1, 6}, {2, 5}, {3, 4}], [{8, 7}, {1, 6}, {3, 5}, {2, 4}], [{8, 7}, {1, 6}, {3, 5}, {4}, {2}], [{8, 7}, {1, 6}, {4, 5}, {2, 3}], [{8, 7}, {1, 6}, {5}, {2, 4}, {3}], [{8, 7}, {2, 6}, {1, 5}, {3, 4}], [{8, 7}, {2, 6}, {3, 5}, {1, 4}], [{8, 7}, {2, 6}, {3, 5}, {4}, {1}], [{8, 7}, {2, 6}, {4, 5}, {1, 3}], [{8, 7}, {2, 6}, {4, 5}, {3}, {1}], [{8, 7}, {2, 6}, {5}, {3, 4}, {1}], [{8, 7}, {3, 6}, {1, 5}, {2, 4}], [{8, 7}, {3, 6}, {1, 5}, {4}, {2}], [{8, 7}, {3, 6}, {2, 5}, {1, 4}], [{8, 7}, {3, 6}, {2, 5}, {4}, {1}], [{8, 7}, {3, 6}, {4, 5}, {1, 2}], [{8, 7}, {3, 6}, {4, 5}, {2}, {1}], [{8, 7}, {3, 6}, {5}, {1, 4}, {2}], [{8, 7}, {3, 6}, {5}, {2, 4}, {1}], [{8, 7}, {3, 6}, {5}, {4}, {1, 2}], [{8, 7}, {3, 6}, {5}, {4}, {2}, {1}], [{8, 7}, {4, 6}, {1, 5}, {2, 3}], [{8, 7}, {4, 6}, {2, 5}, {1, 3}], [{8, 7}, {4, 6}, {2, 5}, {3}, {1}], [{8, 7}, {4, 6}, {3, 5}, {1, 2}], [{8, 7}, {4, 6}, {3, 5}, {2}, {1}], [{8, 7}, {4, 6}, {5}, {2, 3}, {1}], [{8, 7}, {5, 6}, {1, 4}, {2, 3}], [{8, 7}, {5, 6}, {1, 4}, {3}, {2}], [{8, 7}, {5, 6}, {2, 4}, {1, 3}], [{8, 7}, {5, 6}, {2, 4}, {3}, {1}], [{8, 7}, {5, 6}, {3, 4}, {1, 2}], [{8, 7}, {5, 6}, {3, 4}, {2}, {1}], [{8, 7}, {5, 6}, {4}, {1, 3}, {2}], [{8, 7}, {5, 6}, {4}, {2, 3}, {1}], [{8, 7}, {5, 6}, {4}, {3}, {1, 2}], [{8, 7}, {5, 6}, {4}, {3}, {2}, {1}], [{8, 7}, {6}, {1, 5}, {2, 4}, {3}], [{8, 7}, {6}, {2, 5}, {3, 4}, {1}], [{8, 7}, {6}, {3, 5}, {1, 4}, {2}], [{8, 7}, {6}, {3, 5}, {2, 4}, {1}], [{8, 7}, {6}, {3, 5}, {4}, {1, 2}], [{8, 7}, {6}, {3, 5}, {4}, {2}, {1}], [{8, 7}, {6}, {4, 5}, {2, 3}, {1}], [{8, 7}, {6}, {5}, {2, 4}, {1, 3}], [{8, 7}, {6}, {5}, {2, 4}, {3}, {1}], [{8}, {1, 7}, {3, 6}, {4, 5}, {2}], [{8}, {3, 7}, {2, 6}, {1, 5}, {4}], [{8}, {3, 7}, {4, 6}, {2, 5}, {1}], [{8}, {3, 7}, {6}, {4, 5}, {1, 2}], [{8}, {4, 7}, {1, 6}, {2, 5}, {3}], [{8}, {4, 7}, {2, 6}, {1, 5}, {3}], [{8}, {4, 7}, {5, 6}, {1, 3}, {2}], [{8}, {4, 7}, {5, 6}, {2, 3}, {1}], [{8}, {4, 7}, {5, 6}, {3}, {1, 2}], [{8}, {4, 7}, {5, 6}, {3}, {2}, {1}], [{8}, {5, 7}, {1, 6}, {2, 4}, {3}], [{8}, {5, 7}, {4, 6}, {1, 3}, {2}], [{8}, {5, 7}, {6}, {3, 4}, {1, 2}], [{8}, {6, 7}, {1, 5}, {2, 4}, {3}], [{8}, {6, 7}, {2, 5}, {3, 4}, {1}], [{8}, {6, 7}, {5}, {1, 4}, {2, 3}], [{8}, {7}, {2, 6}, {1, 5}, {3, 4}], [{8}, {7}, {3, 6}, {2, 5}, {1, 4}]]",2,- 4 K_1^2 + 2 K_2 + 3,O1O2O3U4O5U6U1O6U7U5O7U3U2O8O4U8,O1O2U3O4O3U5O6O5U4O7U2U1U6O8U7U8,O1O2U1O3O4U3O5O6U7U8O7U2U6U5O8U4,c,{'O1O2O3U4O5O4U2U1O6U7U6O8U3U8O7U5'},1,"<a href=""/flatknot/8.975616"">8.975616</a>",t^9-64t^7-194t^6+8t^5+366t^4+35t^3-204t^2-57t+18,2t^2-4t,,
8.975617,O1O2O3U4O5O4U2U1O6U7U6O8U5U8O7U3,4,6z^3+49z^2+116z+85,6w^4z^3+49w^3z^2+116w^2z+85w,False,False,"[[ 0 -2 -2  2  1  1  1 -2  1],[ 2  0  0  3  2  1  0  1  1],[ 2  0  0  2  2  0  0  1  1],[-2 -3 -2  0 -1 -1  1 -4  1],[-1 -2 -2  1  0  1  1 -2  0],[-1 -1  0  1 -1  0  0 -3  1],[-1  0  0 -1 -1  0  0 -1  0],[ 2 -1 -1  4  2  3  1  0  1],[-1 -1 -1 -1  0 -1  0 -1  0]]","[[ 0  2  1  1  1  1 -2 -2 -2],[-2  0  1  1 -1 -1 -2 -3 -4],[-1 -1  0  0  0 -1  0  0 -1],[-1 -1  0  0 -1  0 -1 -1 -1],[-1  1  0  1  0 -1  0 -1 -3],[-1  1  1  0  1  0 -2 -2 -2],[ 2  2  0  1  0  2  0  0  1],[ 2  3  0  1  1  2  0  0  1],[ 2  4  1  1  3  2 -1 -1  0]]",True,"[-2,-1,-1,-1,-1,2,2,2,-1,-1,1,1,2,3,4,0,0,1,0,0,1,1,0,1,1,1,1,0,1,3,2,2,2,0,-1,-1]","[-2,-2,-2,1,1,1,1,2,-1,-1,1,1,2,3,4,0,0,1,2,0,2,0,1,2,1,3,0,-1,0,-1,0,-1,-1,1,1,1]",t^8+64t^6+327t^4+68t^2+1,"[-2,-2,-2,1,1,1,1,2,-1,0,1,2,2,3,1,1,1,0,2,2,0,1,3,2,3,2,-1,0,-1,0,-1,0,0,0,2,2]","[-2,-1,-1,-1,-1,2,2,2,0,0,2,2,0,1,2,-1,0,1,0,2,3,1,0,1,1,1,0,2,3,3,2,2,2,-1,-1,0]","[-2,-2,-2,1,1,1,1,2,-1,-1,1,1,2,3,4,0,0,1,2,0,2,0,1,2,1,3,0,-1,0,-1,0,-1,-1,1,1,1]",c,"[[{8, 1}, {3, 7}, {5, 6}, {2, 4}], [{8, 1}, {3, 7}, {6}, {5}, {2, 4}]]",1,4 K_1^3 - 4 K_1 K_2 - K_1 + K_3 + 1,O1O2O3U1O4U5U6O5U7U4O7U3U2O8O6U8,O1O2U3O4O3U5O6O5U4O7U2U1U7O8U6U8,O1O2U1O3O4U3O5O6U7U2O7U8U6U5O8U4,c,{'O1O2O3U4O5O4U2U1O6U7U6O8U5U8O7U3'},1,"<a href=""/flatknot/8.975617"">8.975617</a>",t^9-68t^7-186t^6+103t^5+314t^4+71t^3-44t^2-66t-6,2t^2-4t,,
8.975618,O1O2O3U4O5O4U2U3O6U7U1O7U8U6O8U5,4,2z^3+29z^2+108z+117,2w^4z^3+29w^3z^2+108w^2z+117w,False,False,"[[ 0 -1 -2  0  1  2  2 -1 -1],[ 1  0 -1  1  1  2  0  1  0],[ 2  1  0  1  2  1  0  2  2],[ 0 -1 -1  0  0  0  0  0  0],[-1 -1 -2  0  0  2  2 -2 -2],[-2 -2 -1  0 -2  0  1 -2 -3],[-2  0  0  0 -2 -1  0 -2 -2],[ 1 -1 -2  0  2  2  2  0  0],[ 1  0 -2  0  2  3  2  0  0]]","[[ 0  2  2  1  0 -1 -1 -1 -2],[-2  0  1 -2  0 -2 -2 -3 -1],[-2 -1  0 -2  0  0 -2 -2  0],[-1  2  2  0  0 -1 -2 -2 -2],[ 0  0  0  0  0 -1  0  0 -1],[ 1  2  0  1  1  0  1  0 -1],[ 1  2  2  2  0 -1  0  0 -2],[ 1  3  2  2  0  0  0  0 -2],[ 2  1  0  2  1  1  2  2  0]]",True,"[-2,-2,-1,0,1,1,1,2,-1,2,0,2,2,3,1,2,0,0,2,2,0,0,1,2,2,2,1,0,0,1,-1,0,1,0,2,2]","[-2,-2,-1,0,1,1,1,2,-1,-1,2,1,1,3,4,-1,2,0,1,1,3,1,0,0,1,1,1,1,0,1,0,0,-1,-1,-1,0]",t^8+60t^6+199t^4+88t^2+4,"[-2,-1,-1,-1,0,1,2,2,-1,-1,0,1,1,3,4,0,0,1,0,0,1,1,1,0,1,1,0,1,1,3,1,2,2,-1,-1,-1]","[-2,-2,-1,0,1,1,1,2,-1,-1,2,1,1,3,4,-1,2,0,1,1,3,1,0,0,1,1,1,1,0,1,0,0,-1,-1,-1,0]","[-2,-1,-1,-1,0,1,2,2,1,2,2,1,2,0,1,0,1,1,1,0,2,0,0,2,2,3,0,2,2,2,0,0,0,2,2,-1]",c,"[[{8, 1}, {4, 7}, {3, 6}, {2, 5}], [{8, 3}, {4, 7}, {1, 6}, {2, 5}], [{8, 3}, {7}, {1, 6}, {2, 5}, {4}], [{8, 6}, {4, 7}, {2, 5}, {1, 3}]]",1,8 K_1^3 - 22 K_1^2 - 8 K_1 K_2 - 2 K_1 + 11 K_2 + 2 K_3 + 12,O1O2O3U4O5U6U5O7U3U7O6U1U2O8O4U8,O1O2U3O4O5U4O6O3U6O7U5U1U2O8U7U8,O1O2U3O4O3U1O5O6U7U8O7U5U6U4O8U2,c,{'O1O2O3U4O5O4U2U3O6U7U1O7U8U6O8U5'},1,"<a href=""/flatknot/8.975618"">8.975618</a>",t^9-58t^7-192t^6+6t^5+460t^4+188t^3+12t^2+6t,-t^2+2t,,
8.975619,O1O2O3U4O5O4U2U3O6U7U8O7U1U5O8U6,4,4z^3+37z^2+110z+105,4w^4z^3+37w^3z^2+110w^2z+105w,False,False,"[[ 0 -1 -2  0  1  2  2 -1 -1],[ 1  0 -1  1  1  2  1  1  1],[ 2  1  0  1  2  1  1  2  1],[ 0 -1 -1  0  0  0  1  0 -1],[-1 -1 -2  0  0  2  1 -2 -1],[-2 -2 -1  0 -2  0  0 -2 -1],[-2 -1 -1 -1 -1  0  0 -3 -1],[ 1 -1 -2  0  2  2  3  0 -1],[ 1 -1 -1  1  1  1  1  1  0]]","[[ 0  2  2  1  0 -1 -1 -1 -2],[-2  0  0 -1 -1 -1 -1 -3 -1],[-2  0  0 -2  0 -1 -2 -2 -1],[-1  1  2  0  0 -1 -1 -2 -2],[ 0  1  0  0  0 -1 -1  0 -1],[ 1  1  1  1  1  0 -1  1 -1],[ 1  1  2  1  1  1  0  1 -1],[ 1  3  2  2  0 -1 -1  0 -2],[ 2  1  1  2  1  1  1  2  0]]",True,"[-2,-2,-1,0,1,1,1,2,0,1,1,1,1,3,1,2,0,1,2,2,1,0,1,1,2,2,1,1,0,1,1,-1,1,-1,1,2]","[-2,-2,-1,0,1,1,1,2,0,-1,2,1,1,2,3,0,1,0,2,2,3,1,0,1,1,1,1,0,0,1,-1,-1,-1,1,0,0]",t^8+50t^6+201t^4+64t^2+4,"[-2,-1,-1,-1,0,1,2,2,-1,0,0,1,1,3,3,1,1,1,0,0,1,-1,0,1,2,1,0,1,2,2,1,1,2,0,-1,0]","[-2,-2,-1,0,1,1,1,2,0,-1,2,1,1,2,3,0,1,0,2,2,3,1,0,1,1,1,1,0,0,1,-1,-1,-1,1,0,0]","[-2,-1,-1,-1,0,1,2,2,1,1,2,1,2,1,1,-1,1,1,1,1,1,1,1,1,1,2,0,2,3,2,0,1,0,1,2,0]",c,"[[{8, 2}, {4, 7}, {5, 6}, {1, 3}], [{8, 2}, {4, 7}, {6}, {5}, {1, 3}], [{8, 5}, {4, 7}, {3, 6}, {1, 2}], [{8, 5}, {6, 7}, {3, 4}, {1, 2}], [{8, 6}, {4, 7}, {3, 5}, {1, 2}]]",1,8 K_1^3 - 6 K_1^2 - 8 K_1 K_2 - 2 K_1 + 3 K_2 + 2 K_3 + 4,O1O2O3U4O5U6U3O7U5U7O4U1U2O8O6U8,O1O2U3O4O5U4O6O7U5O3U6U1U2O8U7U8,O1O2U3O4O3U5O6O7U8U1O8U6U7U2O5U4,c,{'O1O2O3U4O5O4U2U3O6U7U8O7U1U5O8U6'},1,"<a href=""/flatknot/8.975619"">8.975619</a>",t^9-48t^7-184t^6-166t^5+168t^4+225t^3-6t^2-34t,-t^2+2t,,
8.975620,O1O2O3U4O5O4U2U3O6U7U8O7U1U6O8U5,4,3z^3+33z^2+109z+111,3w^4z^3+33w^3z^2+109w^2z+111w,False,False,"[[ 0 -1 -2  0  1  2  2 -1 -1],[ 1  0 -1  1  1  2  1  1  1],[ 2  1  0  1  2  1  0  2  2],[ 0 -1 -1  0  0  0  0  0  0],[-1 -1 -2  0  0  2  2 -2 -2],[-2 -2 -1  0 -2  0  1 -3 -2],[-2 -1  0  0 -2 -1  0 -2 -1],[ 1 -1 -2  0  2  3  2  0 -1],[ 1 -1 -2  0  2  2  1  1  0]]","[[ 0  2  2  1  0 -1 -1 -1 -2],[-2  0  1 -2  0 -2 -2 -3 -1],[-2 -1  0 -2  0 -1 -1 -2  0],[-1  2  2  0  0 -1 -2 -2 -2],[ 0  0  0  0  0 -1  0  0 -1],[ 1  2  1  1  1  0  1  1 -1],[ 1  2  1  2  0 -1  0  1 -2],[ 1  3  2  2  0 -1 -1  0 -2],[ 2  1  0  2  1  1  2  2  0]]",True,"[-2,-2,-1,0,1,1,1,2,-1,2,0,2,2,3,1,2,0,1,1,2,0,0,1,2,2,2,1,0,0,1,-1,-1,1,-1,2,2]","[-2,-2,-1,0,1,1,1,2,-1,-1,2,1,2,2,4,-1,2,0,1,1,3,1,0,0,1,1,1,1,0,1,-1,-1,-1,-1,-1,0]",t^8+60t^6+169t^4+34t^2,"[-2,-1,-1,-1,0,1,2,2,-1,-1,0,1,1,3,4,-1,1,1,0,1,2,1,1,0,0,1,0,1,1,2,1,2,2,-1,-1,-1]","[-2,-2,-1,0,1,1,1,2,-1,-1,2,1,2,2,4,-1,2,0,1,1,3,1,0,0,1,1,1,1,0,1,-1,-1,-1,-1,-1,0]","[-2,-1,-1,-1,0,1,2,2,1,2,2,1,2,0,1,1,1,1,1,1,2,-1,0,2,2,3,0,2,1,2,0,0,0,2,2,-1]",c,"[[{8, 4}, {1, 7}, {3, 6}, {2, 5}], [{8, 4}, {3, 7}, {1, 6}, {2, 5}], [{8, 4}, {6, 7}, {2, 5}, {1, 3}]]",1,24 K_1^3 - 18 K_1^2 - 24 K_1 K_2 - 6 K_1 + 9 K_2 + 6 K_3 + 10,O1O2O3U4O5U6U3O7U5U7O6U1U2O8O4U8,O1O2U3O4O5U4O6O3U5O7U6U1U2O8U7U8,O1O2U3O4O3U1O5O6U7U8O7U5U6U2O8U4,c,{'O1O2O3U4O5O4U2U3O6U7U8O7U1U6O8U5'},1,"<a href=""/flatknot/8.975620"">8.975620</a>",t^9-58t^7-252t^6-342t^5-56t^4+97t^3+24t^2+57t+36,-t^2+2t,,
8.975621,O1O2O3U4O5O4U2U3O6U7U8O7U5U1O8U6,4,3z^3+33z^2+109z+111,3w^4z^3+33w^3z^2+109w^2z+111w,False,False,"[[ 0  0 -2  0  1  1  2 -1 -1],[ 0  0 -2  0  1  1  1  0  0],[ 2  2  0  1  2  1  1  2  1],[ 0  0 -1  0  0  0  1  0 -1],[-1 -1 -2  0  0  1  1 -2 -1],[-1 -1 -1  0 -1  0  0 -1  0],[-2 -1 -1 -1 -1  0  0 -3 -1],[ 1  0 -2  0  2  1  3  0 -1],[ 1  0 -1  1  1  0  1  1  0]]","[[ 0  2  1  1  0  0 -1 -1 -2],[-2  0  0 -1 -1 -1 -1 -3 -1],[-1  0  0 -1  0 -1  0 -1 -1],[-1  1  1  0  0 -1 -1 -2 -2],[ 0  1  0  0  0  0 -1  0 -1],[ 0  1  1  1  0  0  0  0 -2],[ 1  1  0  1  1  0  0  1 -1],[ 1  3  1  2  0  0 -1  0 -2],[ 2  1  1  2  1  2  1  2  0]]",True,"[-2,-1,-1,0,0,1,1,2,0,1,1,1,1,3,1,1,0,1,0,1,1,0,1,1,2,2,0,1,0,1,0,0,2,-1,1,2]","[-2,-1,-1,0,0,1,1,2,-1,0,0,1,1,2,3,1,1,1,0,1,0,1,0,1,2,2,0,0,0,1,1,1,1,-1,0,1]",t^8+40t^6+116t^4+66t^2+9,"[-2,-1,-1,0,0,1,1,2,-1,0,0,1,1,2,3,1,1,1,0,1,0,1,0,1,2,2,0,0,0,1,1,1,1,-1,0,1]","[-2,-1,-1,0,0,1,1,2,0,1,1,1,0,2,3,1,0,1,0,1,1,0,1,1,2,2,0,1,1,0,1,0,1,-1,-1,0]","[-2,-1,-1,0,0,1,1,2,1,2,1,2,1,2,1,1,1,0,0,1,1,0,0,1,2,3,0,0,0,1,1,1,1,-1,0,1]",c,"[[{8, 1}, {2, 7}, {3, 6}, {4, 5}], [{8, 1}, {2, 7}, {3, 6}, {5}, {4}], [{8, 1}, {2, 7}, {4, 6}, {3, 5}], [{8, 1}, {2, 7}, {4, 6}, {5}, {3}], [{8, 1}, {2, 7}, {5, 6}, {3, 4}], [{8, 1}, {2, 7}, {6}, {5}, {3, 4}], [{8, 1}, {3, 7}, {2, 6}, {4, 5}], [{8, 1}, {3, 7}, {2, 6}, {5}, {4}], [{8, 1}, {3, 7}, {4, 6}, {2, 5}], [{8, 1}, {3, 7}, {4, 6}, {5}, {2}], [{8, 1}, {3, 7}, {5, 6}, {2, 4}], [{8, 1}, {3, 7}, {6}, {5}, {2, 4}], [{8, 1}, {4, 7}, {2, 6}, {3, 5}], [{8, 1}, {4, 7}, {2, 6}, {5}, {3}], [{8, 1}, {4, 7}, {3, 6}, {2, 5}], [{8, 1}, {4, 7}, {3, 6}, {5}, {2}], [{8, 1}, {4, 7}, {5, 6}, {2, 3}], [{8, 1}, {4, 7}, {6}, {5}, {2, 3}], [{8, 1}, {5, 7}, {2, 6}, {3, 4}], [{8, 1}, {5, 7}, {2, 6}, {4}, {3}], [{8, 1}, {5, 7}, {3, 6}, {2, 4}], [{8, 1}, {5, 7}, {4, 6}, {2, 3}], [{8, 1}, {5, 7}, {4, 6}, {3}, {2}], [{8, 1}, {5, 7}, {6}, {2, 4}, {3}], [{8, 1}, {6, 7}, {2, 5}, {3, 4}], [{8, 1}, {6, 7}, {3, 5}, {2, 4}], [{8, 1}, {6, 7}, {4, 5}, {2, 3}], [{8, 1}, {6, 7}, {5}, {2, 4}, {3}], [{8, 1}, {6, 7}, {5}, {3, 4}, {2}], [{8, 1}, {6, 7}, {5}, {4}, {2, 3}], [{8, 1}, {7}, {2, 6}, {3, 5}, {4}], [{8, 1}, {7}, {2, 6}, {4, 5}, {3}], [{8, 1}, {7}, {2, 6}, {5}, {3, 4}], [{8, 1}, {7}, {2, 6}, {5}, {4}, {3}], [{8, 1}, {7}, {3, 6}, {5}, {2, 4}], [{8, 1}, {7}, {4, 6}, {2, 5}, {3}], [{8, 1}, {7}, {4, 6}, {3, 5}, {2}], [{8, 1}, {7}, {4, 6}, {5}, {2, 3}], [{8, 1}, {7}, {4, 6}, {5}, {3}, {2}], [{8, 1}, {7}, {5, 6}, {2, 4}, {3}], [{8, 1}, {7}, {6}, {3, 5}, {2, 4}], [{8, 1}, {7}, {6}, {5}, {2, 4}, {3}], [{8, 2}, {1, 7}, {3, 6}, {4, 5}], [{8, 2}, {1, 7}, {3, 6}, {5}, {4}], [{8, 2}, {1, 7}, {4, 6}, {3, 5}], [{8, 2}, {1, 7}, {4, 6}, {5}, {3}], [{8, 2}, {1, 7}, {5, 6}, {3, 4}], [{8, 2}, {1, 7}, {6}, {5}, {3, 4}], [{8, 2}, {3, 7}, {1, 6}, {4, 5}], [{8, 2}, {3, 7}, {4, 6}, {1, 5}], [{8, 2}, {3, 7}, {4, 6}, {5}, {1}], [{8, 2}, {3, 7}, {5, 6}, {1, 4}], [{8, 2}, {4, 7}, {1, 6}, {3, 5}], [{8, 2}, {4, 7}, {3, 6}, {1, 5}], [{8, 2}, {4, 7}, {5, 6}, {1, 3}], [{8, 2}, {4, 7}, {6}, {5}, {1, 3}], [{8, 2}, {5, 7}, {1, 6}, {3, 4}], [{8, 2}, {5, 7}, {3, 6}, {1, 4}], [{8, 2}, {5, 7}, {4, 6}, {1, 3}], [{8, 2}, {5, 7}, {6}, {4}, {1, 3}], [{8, 2}, {6, 7}, {1, 5}, {3, 4}], [{8, 2}, {6, 7}, {3, 5}, {1, 4}], [{8, 2}, {6, 7}, {4, 5}, {1, 3}], [{8, 2}, {6, 7}, {5}, {1, 4}, {3}], [{8, 2}, {6, 7}, {5}, {3, 4}, {1}], [{8, 2}, {6, 7}, {5}, {4}, {1, 3}], [{8, 2}, {7}, {1, 6}, {5}, {3, 4}], [{8, 2}, {7}, {4, 6}, {5}, {1, 3}], [{8, 2}, {7}, {5, 6}, {4}, {1, 3}], [{8, 2}, {7}, {6}, {3, 5}, {1, 4}], [{8, 2}, {7}, {6}, {4, 5}, {1, 3}], [{8, 3}, {1, 7}, {2, 6}, {4, 5}], [{8, 3}, {1, 7}, {2, 6}, {5}, {4}], [{8, 3}, {1, 7}, {4, 6}, {2, 5}], [{8, 3}, {1, 7}, {4, 6}, {5}, {2}], [{8, 3}, {1, 7}, {5, 6}, {2, 4}], [{8, 3}, {1, 7}, {6}, {5}, {2, 4}], [{8, 3}, {2, 7}, {1, 6}, {4, 5}], [{8, 3}, {2, 7}, {4, 6}, {1, 5}], [{8, 3}, {2, 7}, {4, 6}, {5}, {1}], [{8, 3}, {2, 7}, {5, 6}, {1, 4}], [{8, 3}, {4, 7}, {1, 6}, {2, 5}], [{8, 3}, {4, 7}, {2, 6}, {1, 5}], [{8, 3}, {4, 7}, {5, 6}, {1, 2}], [{8, 3}, {5, 7}, {1, 6}, {2, 4}], [{8, 3}, {5, 7}, {1, 6}, {4}, {2}], [{8, 3}, {5, 7}, {2, 6}, {1, 4}], [{8, 3}, {5, 7}, {4, 6}, {1, 2}], [{8, 3}, {6, 7}, {1, 5}, {2, 4}], [{8, 3}, {6, 7}, {2, 5}, {1, 4}], [{8, 3}, {6, 7}, {2, 5}, {4}, {1}], [{8, 3}, {6, 7}, {4, 5}, {1, 2}], [{8, 3}, {7}, {4, 6}, {5}, {1, 2}], [{8, 4}, {1, 7}, {2, 6}, {3, 5}], [{8, 4}, {1, 7}, {3, 6}, {2, 5}], [{8, 4}, {1, 7}, {5, 6}, {2, 3}], [{8, 4}, {1, 7}, {6}, {5}, {2, 3}], [{8, 4}, {2, 7}, {1, 6}, {3, 5}], [{8, 4}, {2, 7}, {3, 6}, {1, 5}], [{8, 4}, {2, 7}, {5, 6}, {1, 3}], [{8, 4}, {2, 7}, {5, 6}, {3}, {1}], [{8, 4}, {2, 7}, {6}, {5}, {1, 3}], [{8, 4}, {3, 7}, {1, 6}, {2, 5}], [{8, 4}, {3, 7}, {2, 6}, {1, 5}], [{8, 4}, {3, 7}, {2, 6}, {5}, {1}], [{8, 4}, {3, 7}, {5, 6}, {1, 2}], [{8, 4}, {5, 7}, {1, 6}, {2, 3}], [{8, 4}, {5, 7}, {2, 6}, {1, 3}], [{8, 4}, {5, 7}, {2, 6}, {3}, {1}], [{8, 4}, {5, 7}, {3, 6}, {1, 2}], [{8, 4}, {5, 7}, {3, 6}, {2}, {1}], [{8, 4}, {5, 7}, {6}, {2, 3}, {1}], [{8, 4}, {6, 7}, {1, 5}, {2, 3}], [{8, 4}, {6, 7}, {2, 5}, {1, 3}], [{8, 4}, {6, 7}, {2, 5}, {3}, {1}], [{8, 4}, {6, 7}, {3, 5}, {1, 2}], [{8, 4}, {7}, {2, 6}, {3, 5}, {1}], [{8, 4}, {7}, {3, 6}, {5}, {1, 2}], [{8, 4}, {7}, {6}, {1, 5}, {2, 3}], [{8, 5}, {1, 7}, {2, 6}, {3, 4}], [{8, 5}, {1, 7}, {3, 6}, {2, 4}], [{8, 5}, {1, 7}, {4, 6}, {2, 3}], [{8, 5}, {2, 7}, {1, 6}, {3, 4}], [{8, 5}, {2, 7}, {1, 6}, {4}, {3}], [{8, 5}, {2, 7}, {3, 6}, {1, 4}], [{8, 5}, {2, 7}, {3, 6}, {4}, {1}], [{8, 5}, {2, 7}, {4, 6}, {1, 3}], [{8, 5}, {2, 7}, {4, 6}, {3}, {1}], [{8, 5}, {2, 7}, {6}, {1, 4}, {3}], [{8, 5}, {2, 7}, {6}, {3, 4}, {1}], [{8, 5}, {2, 7}, {6}, {4}, {1, 3}], [{8, 5}, {2, 7}, {6}, {4}, {3}, {1}], [{8, 5}, {3, 7}, {1, 6}, {2, 4}], [{8, 5}, {3, 7}, {2, 6}, {1, 4}], [{8, 5}, {3, 7}, {2, 6}, {4}, {1}], [{8, 5}, {3, 7}, {4, 6}, {1, 2}], [{8, 5}, {3, 7}, {4, 6}, {2}, {1}], [{8, 5}, {3, 7}, {6}, {2, 4}, {1}], [{8, 5}, {4, 7}, {1, 6}, {2, 3}], [{8, 5}, {4, 7}, {2, 6}, {1, 3}], [{8, 5}, {4, 7}, {2, 6}, {3}, {1}], [{8, 5}, {4, 7}, {3, 6}, {1, 2}], [{8, 5}, {4, 7}, {3, 6}, {2}, {1}], [{8, 5}, {4, 7}, {6}, {2, 3}, {1}], [{8, 5}, {6, 7}, {1, 4}, {2, 3}], [{8, 5}, {6, 7}, {2, 4}, {1, 3}], [{8, 5}, {6, 7}, {2, 4}, {3}, {1}], [{8, 5}, {6, 7}, {3, 4}, {1, 2}], [{8, 5}, {6, 7}, {3, 4}, {2}, {1}], [{8, 5}, {6, 7}, {4}, {2, 3}, {1}], [{8, 5}, {7}, {2, 6}, {3, 4}, {1}], [{8, 5}, {7}, {3, 6}, {2, 4}, {1}], [{8, 5}, {7}, {4, 6}, {2, 3}, {1}], [{8, 6}, {1, 7}, {2, 5}, {3, 4}], [{8, 6}, {1, 7}, {2, 5}, {4}, {3}], [{8, 6}, {1, 7}, {3, 5}, {2, 4}], [{8, 6}, {1, 7}, {3, 5}, {4}, {2}], [{8, 6}, {1, 7}, {4, 5}, {2, 3}], [{8, 6}, {1, 7}, {5}, {4}, {2, 3}], [{8, 6}, {2, 7}, {1, 5}, {3, 4}], [{8, 6}, {2, 7}, {3, 5}, {1, 4}], [{8, 6}, {2, 7}, {4, 5}, {1, 3}], [{8, 6}, {2, 7}, {4, 5}, {3}, {1}], [{8, 6}, {2, 7}, {5}, {4}, {1, 3}], [{8, 6}, {3, 7}, {1, 5}, {2, 4}], [{8, 6}, {3, 7}, {2, 5}, {1, 4}], [{8, 6}, {3, 7}, {4, 5}, {1, 2}], [{8, 6}, {3, 7}, {5}, {2, 4}, {1}], [{8, 6}, {4, 7}, {1, 5}, {2, 3}], [{8, 6}, {4, 7}, {2, 5}, {1, 3}], [{8, 6}, {4, 7}, {3, 5}, {1, 2}], [{8, 6}, {4, 7}, {3, 5}, {2}, {1}], [{8, 6}, {4, 7}, {5}, {3}, {1, 2}], [{8, 6}, {5, 7}, {1, 4}, {2, 3}], [{8, 6}, {5, 7}, {2, 4}, {1, 3}], [{8, 6}, {5, 7}, {3, 4}, {1, 2}], [{8, 6}, {5, 7}, {4}, {2, 3}, {1}], [{8, 6}, {7}, {1, 5}, {4}, {2, 3}], [{8, 6}, {7}, {2, 5}, {3, 4}, {1}], [{8, 6}, {7}, {3, 5}, {1, 4}, {2}], [{8, 7}, {1, 6}, {2, 5}, {3, 4}], [{8, 7}, {1, 6}, {3, 5}, {2, 4}], [{8, 7}, {1, 6}, {4, 5}, {2, 3}], [{8, 7}, {2, 6}, {1, 5}, {3, 4}], [{8, 7}, {2, 6}, {3, 5}, {1, 4}], [{8, 7}, {2, 6}, {4, 5}, {1, 3}], [{8, 7}, {2, 6}, {5}, {4}, {1, 3}], [{8, 7}, {3, 6}, {1, 5}, {2, 4}], [{8, 7}, {3, 6}, {2, 5}, {1, 4}], [{8, 7}, {3, 6}, {4, 5}, {1, 2}], [{8, 7}, {4, 6}, {1, 5}, {2, 3}], [{8, 7}, {4, 6}, {2, 5}, {1, 3}], [{8, 7}, {4, 6}, {3, 5}, {1, 2}], [{8, 7}, {4, 6}, {5}, {1, 3}, {2}], [{8, 7}, {4, 6}, {5}, {2, 3}, {1}], [{8, 7}, {4, 6}, {5}, {3}, {1, 2}], [{8, 7}, {5, 6}, {1, 4}, {2, 3}], [{8, 7}, {5, 6}, {2, 4}, {1, 3}], [{8, 7}, {5, 6}, {3, 4}, {1, 2}], [{8, 7}, {5, 6}, {4}, {1, 3}, {2}], [{8, 7}, {6}, {1, 5}, {4}, {2, 3}], [{8, 7}, {6}, {2, 5}, {1, 4}, {3}], [{8, 7}, {6}, {2, 5}, {3, 4}, {1}], [{8, 7}, {6}, {2, 5}, {4}, {1, 3}], [{8, 7}, {6}, {4, 5}, {1, 3}, {2}], [{8, 7}, {6}, {5}, {2, 4}, {1, 3}], [{8}, {1, 7}, {4, 6}, {5}, {2, 3}], [{8}, {2, 7}, {3, 6}, {1, 5}, {4}], [{8}, {2, 7}, {4, 6}, {1, 5}, {3}], [{8}, {2, 7}, {4, 6}, {3, 5}, {1}], [{8}, {2, 7}, {4, 6}, {5}, {1, 3}], [{8}, {2, 7}, {4, 6}, {5}, {3}, {1}], [{8}, {2, 7}, {5, 6}, {4}, {1, 3}], [{8}, {2, 7}, {6}, {1, 5}, {3, 4}], [{8}, {2, 7}, {6}, {4, 5}, {1, 3}], [{8}, {3, 7}, {1, 6}, {5}, {2, 4}], [{8}, {3, 7}, {2, 6}, {1, 5}, {4}], [{8}, {3, 7}, {2, 6}, {4, 5}, {1}], [{8}, {3, 7}, {2, 6}, {5}, {1, 4}], [{8}, {3, 7}, {2, 6}, {5}, {4}, {1}], [{8}, {3, 7}, {4, 6}, {1, 5}, {2}], [{8}, {3, 7}, {4, 6}, {2, 5}, {1}], [{8}, {3, 7}, {4, 6}, {5}, {1, 2}], [{8}, {3, 7}, {4, 6}, {5}, {2}, {1}], [{8}, {3, 7}, {5, 6}, {2, 4}, {1}], [{8}, {3, 7}, {6}, {1, 5}, {2, 4}], [{8}, {3, 7}, {6}, {5}, {2, 4}, {1}], [{8}, {4, 7}, {1, 6}, {2, 5}, {3}], [{8}, {4, 7}, {2, 6}, {1, 5}, {3}], [{8}, {4, 7}, {3, 6}, {1, 5}, {2}], [{8}, {4, 7}, {6}, {1, 5}, {2, 3}], [{8}, {4, 7}, {6}, {3, 5}, {1, 2}], [{8}, {5, 7}, {2, 6}, {1, 4}, {3}], [{8}, {5, 7}, {3, 6}, {4}, {1, 2}], [{8}, {5, 7}, {4, 6}, {2, 3}, {1}], [{8}, {6, 7}, {1, 5}, {2, 4}, {3}], [{8}, {6, 7}, {1, 5}, {3, 4}, {2}], [{8}, {6, 7}, {1, 5}, {4}, {2, 3}], [{8}, {6, 7}, {2, 5}, {3, 4}, {1}], [{8}, {6, 7}, {5}, {3, 4}, {1, 2}], [{8}, {6, 7}, {5}, {3, 4}, {2}, {1}], [{8}, {7}, {1, 6}, {4, 5}, {2, 3}], [{8}, {7}, {2, 6}, {1, 5}, {3, 4}], [{8}, {7}, {2, 6}, {3, 5}, {1, 4}], [{8}, {7}, {3, 6}, {1, 5}, {2, 4}], [{8}, {7}, {3, 6}, {2, 5}, {1, 4}], [{8}, {7}, {4, 6}, {1, 5}, {2, 3}], [{8}, {7}, {4, 6}, {5}, {2, 3}, {1}], [{8}, {7}, {5, 6}, {1, 4}, {2, 3}], [{8}, {7}, {6}, {1, 5}, {4}, {2, 3}]]",2,8 K_1^3 - 16 K_1^2 - 8 K_1 K_2 - 2 K_1 + 8 K_2 + 2 K_3 + 9,O1O2O3U4O5U3U6O7U5U7O4U1U2O8O6U8,O1O2U3O4O5U4O6O7U5O3U7U1U2O8U6U8,O1O2U3O4O3U5O6O7U8U2O8U6U7U1O5U4,c,{'O1O2O3U4O5O4U2U3O6U7U8O7U5U1O8U6'},1,"<a href=""/flatknot/8.975621"">8.975621</a>",t^9-40t^7-112t^6+212t^4+141t^3+26t^2+26t+16,0,,
8.975622,O1O2O3U4O5O4U2U3O6U7U1O8U6U8O7U5,3,21z^2+94z+105,21w^3z^2+94w^2z+105w,False,False,"[[ 0 -1 -2  0  1  2  1 -2  1],[ 1  0 -1  1  1  2  1  0  1],[ 2  1  0  1  2  1  0  2  0],[ 0 -1 -1  0  0  0  0  0  0],[-1 -1 -2  0  0  2  1 -3  1],[-2 -2 -1  0 -2  0  0 -3  1],[-1 -1  0  0 -1  0  0 -2  1],[ 2  0 -2  0  3  3  2  0  1],[-1 -1  0  0 -1 -1 -1 -1  0]]","[[ 0  2  1  1  1  0 -1 -2 -2],[-2  0  1  0 -2  0 -2 -1 -3],[-1 -1  0 -1 -1  0 -1  0 -1],[-1  0  1  0 -1  0 -1  0 -2],[-1  2  1  1  0  0 -1 -2 -3],[ 0  0  0  0  0  0 -1 -1  0],[ 1  2  1  1  1  1  0 -1  0],[ 2  1  0  0  2  1  1  0  2],[ 2  3  1  2  3  0  0 -2  0]]",True,"[-2,-1,-1,-1,0,1,2,2,-1,0,2,0,2,1,3,1,1,0,1,0,1,1,0,1,0,2,0,1,2,3,1,1,0,1,0,-2]","[-2,-2,-1,0,1,1,1,2,-2,0,0,1,2,3,3,1,1,0,0,2,1,1,1,1,1,2,0,0,0,0,-1,-1,-1,-1,0,2]",t^8+50t^6+130t^4+59t^2,"[-2,-2,-1,0,1,1,1,2,-2,0,1,1,3,3,3,1,2,0,1,2,1,0,1,1,1,1,1,1,1,2,-1,-1,-1,-1,1,2]","[-2,-1,-1,-1,0,1,2,2,-1,1,2,2,1,1,3,1,1,1,1,0,1,1,1,1,1,3,1,1,2,3,0,2,1,1,0,-2]","[-2,-2,-1,0,1,1,1,2,-2,0,0,1,2,3,3,1,1,0,0,2,1,1,1,1,1,2,0,0,0,0,-1,-1,-1,-1,0,2]",c,"[[{8, 1}, {3, 7}, {4, 6}, {2, 5}], [{8, 1}, {4, 7}, {3, 6}, {2, 5}], [{8, 1}, {5, 7}, {2, 6}, {3, 4}], [{8, 1}, {5, 7}, {3, 6}, {2, 4}], [{8, 1}, {5, 7}, {4, 6}, {2, 3}], [{8, 1}, {6, 7}, {2, 5}, {3, 4}], [{8}, {4, 7}, {3, 6}, {2, 5}, {1}], [{8}, {5, 7}, {3, 6}, {2, 4}, {1}]]",1,8 K_1^3 - 22 K_1^2 - 8 K_1 K_2 - 2 K_1 + 11 K_2 + 2 K_3 + 12,O1O2O3U4O5U6U7O6U3U5O7U1U2O8O4U8,O1O2U3O4O5U6O3O6U4O7U5U1U2O8U7U8,O1O2U1O3O4U2O5O6U7U8O7U5U6U3O8U4,c,{'O1O2O3U4O5O4U2U3O6U7U1O8U6U8O7U5'},1,"<a href=""/flatknot/8.975622"">8.975622</a>",t^9-52t^7-144t^6+91t^5+412t^4-28t^3-268t^2+16t-16,t^2-2t,,
8.975623,O1O2O3U4O5O4U2U3O6U7U6O8U1U8O7U5,4,2z^3+29z^2+108z+117,2w^4z^3+29w^3z^2+108w^2z+117w,False,False,"[[ 0 -1 -2  0  1  2  1 -2  1],[ 1  0 -1  1  1  2  0 -1  1],[ 2  1  0  1  2  1  0  2  0],[ 0 -1 -1  0  0  0  0  0  0],[-1 -1 -2  0  0  2  1 -3  1],[-2 -2 -1  0 -2  0  1 -3  0],[-1  0  0  0 -1 -1  0 -1  0],[ 2  1 -2  0  3  3  1  0  1],[-1 -1  0  0 -1  0  0 -1  0]]","[[ 0  2  1  1  1  0 -1 -2 -2],[-2  0  1  0 -2  0 -2 -1 -3],[-1 -1  0  0 -1  0  0  0 -1],[-1  0  0  0 -1  0 -1  0 -1],[-1  2  1  1  0  0 -1 -2 -3],[ 0  0  0  0  0  0 -1 -1  0],[ 1  2  0  1  1  1  0 -1 -1],[ 2  1  0  0  2  1  1  0  2],[ 2  3  1  1  3  0  1 -2  0]]",True,"[-2,-1,-1,-1,0,1,2,2,-1,0,2,0,2,1,3,0,1,0,0,0,1,1,0,1,0,1,0,1,2,3,1,1,0,1,1,-2]","[-2,-2,-1,0,1,1,1,2,-2,0,1,1,3,3,3,0,2,0,2,2,1,0,1,1,2,1,1,1,1,2,-1,-1,-1,0,1,2]",t^8+46t^6+110t^4+47t^2,"[-2,-2,-1,0,1,1,1,2,-2,0,1,1,3,3,3,0,2,0,2,2,1,0,1,1,2,1,1,1,1,2,-1,-1,-1,0,1,2]","[-2,-1,-1,-1,0,1,2,2,-1,1,2,2,1,1,3,1,1,1,1,0,1,0,1,1,2,3,1,2,2,3,0,2,1,0,0,-2]","[-2,-2,-1,0,1,1,1,2,-2,1,0,1,1,3,3,1,1,0,0,2,1,1,0,1,1,2,0,0,0,0,0,-1,-1,-1,0,2]",c,"[[{8, 1}, {5, 7}, {2, 6}, {3, 4}], [{8, 1}, {5, 7}, {3, 6}, {2, 4}], [{8, 1}, {5, 7}, {4, 6}, {2, 3}], [{8, 3}, {4, 7}, {1, 6}, {2, 5}], [{8, 4}, {3, 7}, {1, 6}, {2, 5}], [{8, 7}, {1, 6}, {2, 5}, {3, 4}]]",1,24 K_1^3 - 18 K_1^2 - 24 K_1 K_2 - 6 K_1 + 9 K_2 + 6 K_3 + 10,O1O2O3U4O5U6U3O6U7U5O7U1U2O8O4U8,O1O2U3O4O3U5O6O5U4O7U6U1U2O8U7U8,O1O2U1O3O4U3O5O6U7U8O7U5U6U2O8U4,c,{'O1O2O3U4O5O4U2U3O6U7U6O8U1U8O7U5'},1,"<a href=""/flatknot/8.975623"">8.975623</a>",t^9-48t^7-154t^6-39t^5+220t^4+12t^3-66t^2+3t+6,t^2-2t,,
8.975624,O1O2O3U4O5O4U2U3O6U7U6O8U5U1O7U8,4,4z^3+37z^2+110z+105,4w^4z^3+37w^3z^2+110w^2z+105w,False,False,"[[ 0  0 -2  0  1  1  1 -2  1],[ 0  0 -2  0  1  1  0 -2  1],[ 2  2  0  1  2  1  0  1  1],[ 0  0 -1  0  0  0  0 -1  1],[-1 -1 -2  0  0  1  1 -2  0],[-1 -1 -1  0 -1  0  0 -2  0],[-1  0  0  0 -1  0  0 -1 -1],[ 2  2 -1  1  2  2  1  0  1],[-1 -1 -1 -1  0  0  1 -1  0]]","[[ 0  1  1  1  1  0  0 -2 -2],[-1  0  1  1  0  0 -1 -2 -2],[-1 -1  0  0  0  0 -1 -1 -2],[-1 -1  0  0 -1  0  0  0 -1],[-1  0  0  1  0 -1 -1 -1 -1],[ 0  0  0  0  1  0  0 -1 -1],[ 0  1  1  0  1  0  0 -2 -2],[ 2  2  1  0  1  1  2  0  1],[ 2  2  2  1  1  1  2 -1  0]]",True,"[-1,-1,-1,-1,0,0,2,2,-1,-1,0,0,1,2,2,0,0,0,1,1,2,1,0,0,0,1,1,1,1,1,0,1,1,2,2,-1]","[-2,-2,0,0,1,1,1,1,-1,0,1,1,2,2,3,0,1,1,1,2,2,0,0,0,0,1,1,1,0,1,-1,0,-1,0,0,-1]",t^8+34t^6+96t^4+37t^2+1,"[-2,-2,0,0,1,1,1,1,-1,0,1,1,2,2,3,0,1,1,1,2,2,0,0,0,0,1,1,1,0,1,-1,0,-1,0,0,-1]","[-1,-1,-1,-1,0,0,2,2,-1,-1,0,1,1,2,3,0,0,0,0,2,2,1,0,1,1,1,0,1,1,2,0,0,0,1,1,-1]","[-2,-2,0,0,1,1,1,1,-1,1,2,1,1,2,2,1,2,0,1,1,2,0,0,1,0,0,0,1,1,1,-1,0,-1,0,0,-1]",c,"[[{8, 1}, {2, 7}, {5, 6}, {3, 4}], [{8, 3}, {2, 7}, {5, 6}, {1, 4}]]",1,8 K_1^3 - 16 K_1^2 - 8 K_1 K_2 - 2 K_1 + 8 K_2 + 2 K_3 + 9,O1O2O3U4O5U3U6O4U7U5O7U1U2O8O6U8,O1O2U3O4O3U5O6O7U4O5U7U1U2O8U6U8,O1O2U3O4O5U4O6O7U8U2O8U6U7U1O3U5,c,{'O1O2O3U4O5O4U2U3O6U7U6O8U5U1O7U8'},1,"<a href=""/flatknot/8.975624"">8.975624</a>",t^9-38t^7-86t^6+8t^5+54t^4-49t^3+44t^2+90t+24,2t^2-4t,,
8.975625,O1O2O3U4O5O4U2U5O6U7U1O7U8U6O8U3,3,10z^2+95z+151,10w^3z^2+95w^2z+151w,False,False,"[[ 0 -1 -2  2  1  0  2 -1 -1],[ 1  0 -1  2  2  0  0  1  0],[ 2  1  0  2  2  0  0  2  2],[-2 -2 -2  0 -1 -1  1 -2 -3],[-1 -2 -2  1  0  0  2 -2 -2],[ 0  0  0  1  0  0  0  0  0],[-2  0  0 -1 -2  0  0 -2 -2],[ 1 -1 -2  2  2  0  2  0  0],[ 1  0 -2  3  2  0  2  0  0]]","[[ 0  2  2  1  0 -1 -1 -1 -2],[-2  0  1 -1 -1 -2 -2 -3 -2],[-2 -1  0 -2  0  0 -2 -2  0],[-1  1  2  0  0 -2 -2 -2 -2],[ 0  1  0  0  0  0  0  0  0],[ 1  2  0  2  0  0  1  0 -1],[ 1  2  2  2  0 -1  0  0 -2],[ 1  3  2  2  0  0  0  0 -2],[ 2  2  0  2  0  1  2  2  0]]",True,"[-2,-2,-1,0,1,1,1,2,-1,1,1,2,2,3,2,2,0,0,2,2,0,0,2,2,2,2,0,0,0,0,-1,0,1,0,2,2]","[-2,-2,-1,0,1,1,1,2,-1,-1,2,1,1,3,4,0,1,0,1,1,2,1,0,0,0,1,1,1,1,2,0,0,-1,-1,-1,0]",t^8+62t^6+164t^4+64t^2,"[-2,-1,-1,-1,0,1,2,2,-1,-1,0,2,1,2,4,0,0,1,0,0,1,1,1,0,1,1,1,0,1,3,1,1,2,0,-1,-1]","[-2,-2,-1,0,1,1,1,2,-1,-1,2,1,1,3,4,0,1,0,1,1,2,1,0,0,0,1,1,1,1,2,0,0,-1,-1,-1,0]","[-2,-1,-1,-1,0,1,2,2,1,2,2,0,2,0,2,0,1,0,2,0,2,0,0,2,2,3,0,2,2,2,0,0,1,2,1,-1]",c,"[[{8, 1}, {2, 7}, {3, 6}, {4, 5}], [{8, 1}, {2, 7}, {4, 6}, {3, 5}], [{8, 1}, {2, 7}, {4, 6}, {5}, {3}], [{8, 1}, {2, 7}, {5, 6}, {3, 4}], [{8, 1}, {2, 7}, {6}, {3, 5}, {4}], [{8, 1}, {3, 7}, {2, 6}, {4, 5}], [{8, 1}, {3, 7}, {4, 6}, {2, 5}], [{8, 1}, {3, 7}, {5, 6}, {2, 4}], [{8, 1}, {3, 7}, {6}, {5}, {2, 4}], [{8, 1}, {4, 7}, {2, 6}, {3, 5}], [{8, 1}, {4, 7}, {2, 6}, {5}, {3}], [{8, 1}, {4, 7}, {3, 6}, {2, 5}], [{8, 1}, {4, 7}, {5, 6}, {2, 3}], [{8, 1}, {4, 7}, {6}, {3, 5}, {2}], [{8, 1}, {5, 7}, {2, 6}, {3, 4}], [{8, 1}, {5, 7}, {3, 6}, {2, 4}], [{8, 1}, {5, 7}, {3, 6}, {4}, {2}], [{8, 1}, {5, 7}, {4, 6}, {2, 3}], [{8, 1}, {5, 7}, {6}, {2, 4}, {3}], [{8, 1}, {6, 7}, {2, 5}, {3, 4}], [{8, 1}, {6, 7}, {3, 5}, {2, 4}], [{8, 1}, {6, 7}, {3, 5}, {4}, {2}], [{8, 1}, {6, 7}, {4, 5}, {2, 3}], [{8, 1}, {6, 7}, {5}, {2, 4}, {3}], [{8, 1}, {7}, {2, 6}, {3, 5}, {4}], [{8, 1}, {7}, {3, 6}, {5}, {2, 4}], [{8, 1}, {7}, {4, 6}, {3, 5}, {2}], [{8, 1}, {7}, {5, 6}, {2, 4}, {3}], [{8, 1}, {7}, {5, 6}, {3, 4}, {2}], [{8, 1}, {7}, {5, 6}, {4}, {2, 3}], [{8, 1}, {7}, {6}, {3, 5}, {2, 4}], [{8, 1}, {7}, {6}, {5}, {2, 4}, {3}], [{8, 2}, {1, 7}, {3, 6}, {4, 5}], [{8, 2}, {1, 7}, {4, 6}, {3, 5}], [{8, 2}, {1, 7}, {5, 6}, {3, 4}], [{8, 2}, {3, 7}, {1, 6}, {4, 5}], [{8, 2}, {3, 7}, {4, 6}, {1, 5}], [{8, 2}, {3, 7}, {5, 6}, {1, 4}], [{8, 2}, {4, 7}, {1, 6}, {3, 5}], [{8, 2}, {4, 7}, {3, 6}, {1, 5}], [{8, 2}, {4, 7}, {5, 6}, {1, 3}], [{8, 2}, {4, 7}, {6}, {5}, {1, 3}], [{8, 2}, {5, 7}, {1, 6}, {3, 4}], [{8, 2}, {5, 7}, {1, 6}, {4}, {3}], [{8, 2}, {5, 7}, {3, 6}, {1, 4}], [{8, 2}, {5, 7}, {3, 6}, {4}, {1}], [{8, 2}, {5, 7}, {4, 6}, {1, 3}], [{8, 2}, {5, 7}, {6}, {4}, {1, 3}], [{8, 2}, {6, 7}, {1, 5}, {3, 4}], [{8, 2}, {6, 7}, {1, 5}, {4}, {3}], [{8, 2}, {6, 7}, {3, 5}, {1, 4}], [{8, 2}, {6, 7}, {3, 5}, {4}, {1}], [{8, 2}, {6, 7}, {4, 5}, {1, 3}], [{8, 2}, {6, 7}, {5}, {4}, {1, 3}], [{8, 2}, {7}, {4, 6}, {5}, {1, 3}], [{8, 2}, {7}, {5, 6}, {1, 4}, {3}], [{8, 2}, {7}, {5, 6}, {3, 4}, {1}], [{8, 2}, {7}, {5, 6}, {4}, {1, 3}], [{8, 2}, {7}, {6}, {4, 5}, {1, 3}], [{8, 2}, {7}, {6}, {5}, {4}, {1, 3}], [{8, 3}, {1, 7}, {2, 6}, {4, 5}], [{8, 3}, {1, 7}, {4, 6}, {2, 5}], [{8, 3}, {1, 7}, {5, 6}, {2, 4}], [{8, 3}, {1, 7}, {6}, {5}, {2, 4}], [{8, 3}, {2, 7}, {1, 6}, {4, 5}], [{8, 3}, {2, 7}, {4, 6}, {1, 5}], [{8, 3}, {2, 7}, {4, 6}, {5}, {1}], [{8, 3}, {2, 7}, {5, 6}, {1, 4}], [{8, 3}, {2, 7}, {6}, {1, 5}, {4}], [{8, 3}, {4, 7}, {1, 6}, {2, 5}], [{8, 3}, {4, 7}, {2, 6}, {1, 5}], [{8, 3}, {4, 7}, {2, 6}, {5}, {1}], [{8, 3}, {4, 7}, {5, 6}, {1, 2}], [{8, 3}, {4, 7}, {6}, {1, 5}, {2}], [{8, 3}, {5, 7}, {1, 6}, {2, 4}], [{8, 3}, {5, 7}, {1, 6}, {4}, {2}], [{8, 3}, {5, 7}, {2, 6}, {1, 4}], [{8, 3}, {5, 7}, {4, 6}, {1, 2}], [{8, 3}, {5, 7}, {6}, {2, 4}, {1}], [{8, 3}, {6, 7}, {1, 5}, {2, 4}], [{8, 3}, {6, 7}, {1, 5}, {4}, {2}], [{8, 3}, {6, 7}, {2, 5}, {1, 4}], [{8, 3}, {6, 7}, {4, 5}, {1, 2}], [{8, 3}, {6, 7}, {5}, {2, 4}, {1}], [{8, 3}, {7}, {1, 6}, {5}, {2, 4}], [{8, 3}, {7}, {2, 6}, {1, 5}, {4}], [{8, 3}, {7}, {4, 6}, {1, 5}, {2}], [{8, 3}, {7}, {5, 6}, {1, 4}, {2}], [{8, 3}, {7}, {5, 6}, {2, 4}, {1}], [{8, 3}, {7}, {5, 6}, {4}, {1, 2}], [{8, 3}, {7}, {6}, {1, 5}, {2, 4}], [{8, 3}, {7}, {6}, {5}, {2, 4}, {1}], [{8, 4}, {1, 7}, {2, 6}, {3, 5}], [{8, 4}, {1, 7}, {2, 6}, {5}, {3}], [{8, 4}, {1, 7}, {3, 6}, {2, 5}], [{8, 4}, {1, 7}, {3, 6}, {5}, {2}], [{8, 4}, {1, 7}, {5, 6}, {2, 3}], [{8, 4}, {1, 7}, {5, 6}, {3}, {2}], [{8, 4}, {1, 7}, {6}, {2, 5}, {3}], [{8, 4}, {1, 7}, {6}, {3, 5}, {2}], [{8, 4}, {1, 7}, {6}, {5}, {2, 3}], [{8, 4}, {2, 7}, {1, 6}, {3, 5}], [{8, 4}, {2, 7}, {1, 6}, {5}, {3}], [{8, 4}, {2, 7}, {3, 6}, {1, 5}], [{8, 4}, {2, 7}, {3, 6}, {5}, {1}], [{8, 4}, {2, 7}, {5, 6}, {1, 3}], [{8, 4}, {2, 7}, {5, 6}, {3}, {1}], [{8, 4}, {2, 7}, {6}, {1, 5}, {3}], [{8, 4}, {2, 7}, {6}, {3, 5}, {1}], [{8, 4}, {2, 7}, {6}, {5}, {1, 3}], [{8, 4}, {3, 7}, {1, 6}, {2, 5}], [{8, 4}, {3, 7}, {1, 6}, {5}, {2}], [{8, 4}, {3, 7}, {2, 6}, {1, 5}], [{8, 4}, {3, 7}, {2, 6}, {5}, {1}], [{8, 4}, {3, 7}, {5, 6}, {1, 2}], [{8, 4}, {3, 7}, {5, 6}, {2}, {1}], [{8, 4}, {3, 7}, {6}, {1, 5}, {2}], [{8, 4}, {3, 7}, {6}, {2, 5}, {1}], [{8, 4}, {3, 7}, {6}, {5}, {1, 2}], [{8, 4}, {5, 7}, {1, 6}, {2, 3}], [{8, 4}, {5, 7}, {1, 6}, {3}, {2}], [{8, 4}, {5, 7}, {2, 6}, {1, 3}], [{8, 4}, {5, 7}, {2, 6}, {3}, {1}], [{8, 4}, {5, 7}, {3, 6}, {1, 2}], [{8, 4}, {5, 7}, {3, 6}, {2}, {1}], [{8, 4}, {5, 7}, {6}, {1, 3}, {2}], [{8, 4}, {5, 7}, {6}, {2, 3}, {1}], [{8, 4}, {5, 7}, {6}, {3}, {1, 2}], [{8, 4}, {6, 7}, {1, 5}, {2, 3}], [{8, 4}, {6, 7}, {1, 5}, {3}, {2}], [{8, 4}, {6, 7}, {2, 5}, {1, 3}], [{8, 4}, {6, 7}, {2, 5}, {3}, {1}], [{8, 4}, {6, 7}, {3, 5}, {1, 2}], [{8, 4}, {6, 7}, {3, 5}, {2}, {1}], [{8, 4}, {6, 7}, {5}, {1, 3}, {2}], [{8, 4}, {6, 7}, {5}, {2, 3}, {1}], [{8, 4}, {6, 7}, {5}, {3}, {1, 2}], [{8, 4}, {7}, {1, 6}, {2, 5}, {3}], [{8, 4}, {7}, {1, 6}, {3, 5}, {2}], [{8, 4}, {7}, {1, 6}, {5}, {2, 3}], [{8, 4}, {7}, {2, 6}, {1, 5}, {3}], [{8, 4}, {7}, {2, 6}, {3, 5}, {1}], [{8, 4}, {7}, {2, 6}, {5}, {1, 3}], [{8, 4}, {7}, {3, 6}, {1, 5}, {2}], [{8, 4}, {7}, {3, 6}, {2, 5}, {1}], [{8, 4}, {7}, {3, 6}, {5}, {1, 2}], [{8, 4}, {7}, {5, 6}, {1, 3}, {2}], [{8, 4}, {7}, {5, 6}, {2, 3}, {1}], [{8, 4}, {7}, {5, 6}, {3}, {1, 2}], [{8, 4}, {7}, {5, 6}, {3}, {2}, {1}], [{8, 4}, {7}, {6}, {1, 5}, {2, 3}], [{8, 4}, {7}, {6}, {2, 5}, {1, 3}], [{8, 4}, {7}, {6}, {3, 5}, {1, 2}], [{8, 4}, {7}, {6}, {5}, {1, 3}, {2}], [{8, 4}, {7}, {6}, {5}, {2, 3}, {1}], [{8, 4}, {7}, {6}, {5}, {3}, {1, 2}], [{8, 5}, {1, 7}, {2, 6}, {3, 4}], [{8, 5}, {1, 7}, {3, 6}, {2, 4}], [{8, 5}, {1, 7}, {4, 6}, {2, 3}], [{8, 5}, {1, 7}, {4, 6}, {3}, {2}], [{8, 5}, {2, 7}, {1, 6}, {3, 4}], [{8, 5}, {2, 7}, {3, 6}, {1, 4}], [{8, 5}, {2, 7}, {4, 6}, {1, 3}], [{8, 5}, {2, 7}, {4, 6}, {3}, {1}], [{8, 5}, {2, 7}, {6}, {4}, {1, 3}], [{8, 5}, {3, 7}, {1, 6}, {2, 4}], [{8, 5}, {3, 7}, {2, 6}, {1, 4}], [{8, 5}, {3, 7}, {4, 6}, {1, 2}], [{8, 5}, {3, 7}, {4, 6}, {2}, {1}], [{8, 5}, {4, 7}, {1, 6}, {2, 3}], [{8, 5}, {4, 7}, {2, 6}, {1, 3}], [{8, 5}, {4, 7}, {2, 6}, {3}, {1}], [{8, 5}, {4, 7}, {3, 6}, {1, 2}], [{8, 5}, {4, 7}, {6}, {1, 3}, {2}], [{8, 5}, {6, 7}, {1, 4}, {2, 3}], [{8, 5}, {6, 7}, {2, 4}, {1, 3}], [{8, 5}, {6, 7}, {2, 4}, {3}, {1}], [{8, 5}, {6, 7}, {3, 4}, {1, 2}], [{8, 5}, {6, 7}, {4}, {1, 3}, {2}], [{8, 5}, {7}, {1, 6}, {3, 4}, {2}], [{8, 5}, {7}, {2, 6}, {4}, {1, 3}], [{8, 5}, {7}, {3, 6}, {1, 4}, {2}], [{8, 5}, {7}, {4, 6}, {1, 3}, {2}], [{8, 5}, {7}, {4, 6}, {2, 3}, {1}], [{8, 5}, {7}, {4, 6}, {3}, {1, 2}], [{8, 5}, {7}, {4, 6}, {3}, {2}, {1}], [{8, 5}, {7}, {6}, {2, 4}, {1, 3}], [{8, 5}, {7}, {6}, {4}, {1, 3}, {2}], [{8, 6}, {1, 7}, {2, 5}, {3, 4}], [{8, 6}, {1, 7}, {3, 5}, {2, 4}], [{8, 6}, {1, 7}, {4, 5}, {2, 3}], [{8, 6}, {2, 7}, {1, 5}, {3, 4}], [{8, 6}, {2, 7}, {1, 5}, {4}, {3}], [{8, 6}, {2, 7}, {3, 5}, {1, 4}], [{8, 6}, {2, 7}, {3, 5}, {4}, {1}], [{8, 6}, {2, 7}, {4, 5}, {1, 3}], [{8, 6}, {2, 7}, {5}, {4}, {1, 3}], [{8, 6}, {3, 7}, {1, 5}, {2, 4}], [{8, 6}, {3, 7}, {2, 5}, {1, 4}], [{8, 6}, {3, 7}, {4, 5}, {1, 2}], [{8, 6}, {4, 7}, {1, 5}, {2, 3}], [{8, 6}, {4, 7}, {2, 5}, {1, 3}], [{8, 6}, {4, 7}, {2, 5}, {3}, {1}], [{8, 6}, {4, 7}, {3, 5}, {1, 2}], [{8, 6}, {4, 7}, {5}, {1, 3}, {2}], [{8, 6}, {5, 7}, {1, 4}, {2, 3}], [{8, 6}, {5, 7}, {2, 4}, {1, 3}], [{8, 6}, {5, 7}, {2, 4}, {3}, {1}], [{8, 6}, {5, 7}, {3, 4}, {1, 2}], [{8, 6}, {5, 7}, {4}, {1, 3}, {2}], [{8, 6}, {7}, {2, 5}, {4}, {1, 3}], [{8, 6}, {7}, {4, 5}, {1, 3}, {2}], [{8, 6}, {7}, {4, 5}, {2, 3}, {1}], [{8, 6}, {7}, {4, 5}, {3}, {1, 2}], [{8, 6}, {7}, {5}, {2, 4}, {1, 3}], [{8, 6}, {7}, {5}, {4}, {1, 3}, {2}], [{8, 7}, {1, 6}, {2, 5}, {3, 4}], [{8, 7}, {1, 6}, {3, 5}, {2, 4}], [{8, 7}, {1, 6}, {4, 5}, {2, 3}], [{8, 7}, {1, 6}, {5}, {3, 4}, {2}], [{8, 7}, {2, 6}, {1, 5}, {3, 4}], [{8, 7}, {2, 6}, {1, 5}, {4}, {3}], [{8, 7}, {2, 6}, {3, 5}, {1, 4}], [{8, 7}, {2, 6}, {3, 5}, {4}, {1}], [{8, 7}, {2, 6}, {4, 5}, {1, 3}], [{8, 7}, {2, 6}, {5}, {4}, {1, 3}], [{8, 7}, {3, 6}, {1, 5}, {2, 4}], [{8, 7}, {3, 6}, {2, 5}, {1, 4}], [{8, 7}, {3, 6}, {4, 5}, {1, 2}], [{8, 7}, {3, 6}, {5}, {1, 4}, {2}], [{8, 7}, {4, 6}, {1, 5}, {2, 3}], [{8, 7}, {4, 6}, {2, 5}, {1, 3}], [{8, 7}, {4, 6}, {3, 5}, {1, 2}], [{8, 7}, {4, 6}, {5}, {1, 3}, {2}], [{8, 7}, {5, 6}, {1, 4}, {2, 3}], [{8, 7}, {5, 6}, {2, 4}, {1, 3}], [{8, 7}, {5, 6}, {3, 4}, {1, 2}], [{8, 7}, {5, 6}, {4}, {1, 3}, {2}], [{8, 7}, {5, 6}, {4}, {2, 3}, {1}], [{8, 7}, {5, 6}, {4}, {3}, {1, 2}], [{8, 7}, {6}, {2, 5}, {4}, {1, 3}], [{8, 7}, {6}, {4, 5}, {1, 3}, {2}], [{8, 7}, {6}, {5}, {2, 4}, {1, 3}], [{8, 7}, {6}, {5}, {4}, {1, 3}, {2}], [{8}, {1, 7}, {2, 6}, {3, 5}, {4}], [{8}, {1, 7}, {3, 6}, {2, 5}, {4}], [{8}, {1, 7}, {5, 6}, {4}, {2, 3}], [{8}, {2, 7}, {1, 6}, {3, 5}, {4}], [{8}, {2, 7}, {3, 6}, {1, 5}, {4}], [{8}, {2, 7}, {4, 6}, {1, 5}, {3}], [{8}, {2, 7}, {4, 6}, {3, 5}, {1}], [{8}, {2, 7}, {4, 6}, {5}, {1, 3}], [{8}, {2, 7}, {5, 6}, {4}, {1, 3}], [{8}, {2, 7}, {6}, {1, 5}, {3, 4}], [{8}, {2, 7}, {6}, {1, 5}, {4}, {3}], [{8}, {2, 7}, {6}, {3, 5}, {1, 4}], [{8}, {2, 7}, {6}, {3, 5}, {4}, {1}], [{8}, {2, 7}, {6}, {4, 5}, {1, 3}], [{8}, {2, 7}, {6}, {5}, {4}, {1, 3}], [{8}, {3, 7}, {1, 6}, {2, 5}, {4}], [{8}, {3, 7}, {2, 6}, {1, 5}, {4}], [{8}, {3, 7}, {5, 6}, {4}, {1, 2}], [{8}, {4, 7}, {2, 6}, {1, 5}, {3}], [{8}, {4, 7}, {2, 6}, {3, 5}, {1}], [{8}, {4, 7}, {2, 6}, {5}, {1, 3}], [{8}, {4, 7}, {5, 6}, {1, 3}, {2}], [{8}, {4, 7}, {5, 6}, {2, 3}, {1}], [{8}, {4, 7}, {5, 6}, {3}, {1, 2}], [{8}, {4, 7}, {6}, {2, 5}, {1, 3}], [{8}, {4, 7}, {6}, {5}, {1, 3}, {2}], [{8}, {5, 7}, {1, 6}, {2, 4}, {3}], [{8}, {5, 7}, {1, 6}, {3, 4}, {2}], [{8}, {5, 7}, {1, 6}, {4}, {2, 3}], [{8}, {5, 7}, {1, 6}, {4}, {3}, {2}], [{8}, {5, 7}, {2, 6}, {4}, {1, 3}], [{8}, {5, 7}, {3, 6}, {1, 4}, {2}], [{8}, {5, 7}, {3, 6}, {2, 4}, {1}], [{8}, {5, 7}, {3, 6}, {4}, {1, 2}], [{8}, {5, 7}, {3, 6}, {4}, {2}, {1}], [{8}, {5, 7}, {4, 6}, {1, 3}, {2}], [{8}, {5, 7}, {6}, {2, 4}, {1, 3}], [{8}, {5, 7}, {6}, {4}, {1, 3}, {2}], [{8}, {6, 7}, {1, 5}, {2, 4}, {3}], [{8}, {6, 7}, {1, 5}, {3, 4}, {2}], [{8}, {6, 7}, {1, 5}, {4}, {2, 3}], [{8}, {6, 7}, {1, 5}, {4}, {3}, {2}], [{8}, {6, 7}, {2, 5}, {4}, {1, 3}], [{8}, {6, 7}, {3, 5}, {1, 4}, {2}], [{8}, {6, 7}, {3, 5}, {2, 4}, {1}], [{8}, {6, 7}, {3, 5}, {4}, {1, 2}], [{8}, {6, 7}, {3, 5}, {4}, {2}, {1}], [{8}, {6, 7}, {4, 5}, {1, 3}, {2}], [{8}, {6, 7}, {5}, {2, 4}, {1, 3}], [{8}, {6, 7}, {5}, {4}, {1, 3}, {2}], [{8}, {7}, {2, 6}, {1, 5}, {3, 4}], [{8}, {7}, {2, 6}, {1, 5}, {4}, {3}], [{8}, {7}, {2, 6}, {3, 5}, {1, 4}], [{8}, {7}, {2, 6}, {3, 5}, {4}, {1}], [{8}, {7}, {2, 6}, {4, 5}, {1, 3}], [{8}, {7}, {2, 6}, {5}, {4}, {1, 3}], [{8}, {7}, {4, 6}, {2, 5}, {1, 3}], [{8}, {7}, {4, 6}, {5}, {1, 3}, {2}], [{8}, {7}, {5, 6}, {1, 4}, {2, 3}], [{8}, {7}, {5, 6}, {2, 4}, {1, 3}], [{8}, {7}, {5, 6}, {3, 4}, {1, 2}], [{8}, {7}, {5, 6}, {4}, {1, 3}, {2}], [{8}, {7}, {5, 6}, {4}, {2, 3}, {1}], [{8}, {7}, {5, 6}, {4}, {3}, {1, 2}], [{8}, {7}, {6}, {2, 5}, {4}, {1, 3}], [{8}, {7}, {6}, {4, 5}, {1, 3}, {2}], [{8}, {7}, {6}, {5}, {2, 4}, {1, 3}], [{8}, {7}, {6}, {5}, {4}, {1, 3}, {2}]]",2,- 22 K_1^2 - 4 K_1 K_2 + 2 K_1 + 11 K_2 + 2 K_3 + 12,O1O2O3U1O4U5U4O6U3U6O5U7U2O8O7U8,O1O2U3O4O5U4O6O3U6O7U5U1U7O8U2U8,O1O2U3O4O3U1O5O6U7U5O7U8U6U4O8U2,c,{'O1O2O3U4O5O4U2U5O6U7U1O7U8U6O8U3'},1,"<a href=""/flatknot/8.975625"">8.975625</a>",t^9-60t^7-202t^6-51t^5+220t^4+36t^3-100t^2+32t,-t^2+2t,,
8.975626,O1O2O3U4O5O4U2U5O6U7U8O7U1U3O8U6,4,20z^2+105z+131,20w^3z^2+105w^2z+131w,False,False,"[[ 0 -1 -2  2  1  0  2 -1 -1],[ 1  0 -1  2  2  0  1  1  1],[ 2  1  0  2  2  0  1  2  1],[-2 -2 -2  0 -1 -1  0 -2 -1],[-1 -2 -2  1  0  0  2 -2 -2],[ 0  0  0  1  0  0  0  0  0],[-2 -1 -1  0 -2  0  0 -3 -1],[ 1 -1 -2  2  2  0  3  0 -1],[ 1 -1 -1  1  2  0  1  1  0]]","[[ 0  2  2  1  0 -1 -1 -1 -2],[-2  0  0 -1 -1 -1 -2 -2 -2],[-2  0  0 -2  0 -1 -1 -3 -1],[-1  1  2  0  0 -2 -2 -2 -2],[ 0  1  0  0  0  0  0  0  0],[ 1  1  1  2  0  0 -1  1 -1],[ 1  2  1  2  0  1  0  1 -1],[ 1  2  3  2  0 -1 -1  0 -2],[ 2  2  1  2  0  1  1  2  0]]",True,"[-2,-2,-1,0,1,1,1,2,0,1,1,1,2,2,2,2,0,1,1,3,1,0,2,2,2,2,0,0,0,0,1,-1,1,-1,1,2]","[-2,-2,-1,0,1,1,1,2,0,-1,2,0,2,2,3,0,1,1,1,2,2,1,0,0,0,1,1,1,1,2,-1,-1,-1,1,0,0]",t^8+56t^6+185t^4+68t^2,"[-2,-1,-1,-1,0,1,2,2,-1,0,0,2,1,2,3,1,1,1,0,1,0,-1,1,0,1,2,1,0,2,2,1,1,2,0,-1,0]","[-2,-2,-1,0,1,1,1,2,0,-1,2,0,2,2,3,0,1,1,1,2,2,1,0,0,0,1,1,1,1,2,-1,-1,-1,1,0,0]","[-2,-1,-1,-1,0,1,2,2,1,1,2,0,2,1,2,-1,1,0,2,1,1,1,0,2,1,2,0,2,3,2,0,0,1,2,1,0]",c,"[[{8, 1}, {2, 7}, {3, 6}, {4, 5}], [{8, 1}, {2, 7}, {4, 6}, {3, 5}], [{8, 1}, {2, 7}, {5, 6}, {3, 4}], [{8, 1}, {2, 7}, {6}, {3, 5}, {4}], [{8, 1}, {3, 7}, {2, 6}, {4, 5}], [{8, 1}, {3, 7}, {2, 6}, {5}, {4}], [{8, 1}, {3, 7}, {4, 6}, {2, 5}], [{8, 1}, {3, 7}, {4, 6}, {5}, {2}], [{8, 1}, {3, 7}, {5, 6}, {2, 4}], [{8, 1}, {3, 7}, {6}, {5}, {2, 4}], [{8, 1}, {4, 7}, {2, 6}, {3, 5}], [{8, 1}, {4, 7}, {3, 6}, {2, 5}], [{8, 1}, {4, 7}, {5, 6}, {2, 3}], [{8, 1}, {4, 7}, {6}, {3, 5}, {2}], [{8, 1}, {5, 7}, {2, 6}, {3, 4}], [{8, 1}, {5, 7}, {3, 6}, {2, 4}], [{8, 1}, {5, 7}, {3, 6}, {4}, {2}], [{8, 1}, {5, 7}, {4, 6}, {2, 3}], [{8, 1}, {5, 7}, {6}, {2, 4}, {3}], [{8, 1}, {6, 7}, {2, 5}, {3, 4}], [{8, 1}, {6, 7}, {3, 5}, {2, 4}], [{8, 1}, {6, 7}, {4, 5}, {2, 3}], [{8, 1}, {6, 7}, {5}, {2, 4}, {3}], [{8, 1}, {6, 7}, {5}, {3, 4}, {2}], [{8, 1}, {6, 7}, {5}, {4}, {2, 3}], [{8, 1}, {7}, {3, 6}, {5}, {2, 4}], [{8, 1}, {7}, {5, 6}, {2, 4}, {3}], [{8, 1}, {7}, {6}, {3, 5}, {2, 4}], [{8, 1}, {7}, {6}, {5}, {2, 4}, {3}], [{8, 2}, {1, 7}, {3, 6}, {4, 5}], [{8, 2}, {1, 7}, {4, 6}, {3, 5}], [{8, 2}, {1, 7}, {5, 6}, {3, 4}], [{8, 2}, {1, 7}, {6}, {4, 5}, {3}], [{8, 2}, {3, 7}, {1, 6}, {4, 5}], [{8, 2}, {3, 7}, {4, 6}, {1, 5}], [{8, 2}, {3, 7}, {5, 6}, {1, 4}], [{8, 2}, {3, 7}, {6}, {4, 5}, {1}], [{8, 2}, {4, 7}, {1, 6}, {3, 5}], [{8, 2}, {4, 7}, {3, 6}, {1, 5}], [{8, 2}, {4, 7}, {5, 6}, {1, 3}], [{8, 2}, {5, 7}, {1, 6}, {3, 4}], [{8, 2}, {5, 7}, {3, 6}, {1, 4}], [{8, 2}, {5, 7}, {4, 6}, {1, 3}], [{8, 2}, {5, 7}, {4, 6}, {3}, {1}], [{8, 2}, {6, 7}, {1, 5}, {3, 4}], [{8, 2}, {6, 7}, {3, 5}, {1, 4}], [{8, 2}, {6, 7}, {4, 5}, {1, 3}], [{8, 2}, {6, 7}, {4, 5}, {3}, {1}], [{8, 2}, {7}, {1, 6}, {4, 5}, {3}], [{8, 2}, {7}, {3, 6}, {4, 5}, {1}], [{8, 2}, {7}, {4, 6}, {5}, {1, 3}], [{8, 2}, {7}, {5, 6}, {4}, {1, 3}], [{8, 2}, {7}, {6}, {4, 5}, {1, 3}], [{8, 3}, {1, 7}, {2, 6}, {4, 5}], [{8, 3}, {1, 7}, {4, 6}, {2, 5}], [{8, 3}, {1, 7}, {5, 6}, {2, 4}], [{8, 3}, {1, 7}, {6}, {5}, {2, 4}], [{8, 3}, {2, 7}, {1, 6}, {4, 5}], [{8, 3}, {2, 7}, {1, 6}, {5}, {4}], [{8, 3}, {2, 7}, {4, 6}, {1, 5}], [{8, 3}, {2, 7}, {5, 6}, {1, 4}], [{8, 3}, {4, 7}, {1, 6}, {2, 5}], [{8, 3}, {4, 7}, {1, 6}, {5}, {2}], [{8, 3}, {4, 7}, {2, 6}, {1, 5}], [{8, 3}, {4, 7}, {5, 6}, {1, 2}], [{8, 3}, {5, 7}, {1, 6}, {2, 4}], [{8, 3}, {5, 7}, {1, 6}, {4}, {2}], [{8, 3}, {5, 7}, {2, 6}, {1, 4}], [{8, 3}, {5, 7}, {4, 6}, {1, 2}], [{8, 3}, {5, 7}, {6}, {2, 4}, {1}], [{8, 3}, {6, 7}, {1, 5}, {2, 4}], [{8, 3}, {6, 7}, {2, 5}, {1, 4}], [{8, 3}, {6, 7}, {4, 5}, {1, 2}], [{8, 3}, {6, 7}, {5}, {2, 4}, {1}], [{8, 3}, {7}, {1, 6}, {2, 5}, {4}], [{8, 3}, {7}, {1, 6}, {4, 5}, {2}], [{8, 3}, {7}, {1, 6}, {5}, {2, 4}], [{8, 3}, {7}, {1, 6}, {5}, {4}, {2}], [{8, 3}, {7}, {2, 6}, {5}, {1, 4}], [{8, 3}, {7}, {4, 6}, {5}, {1, 2}], [{8, 3}, {7}, {5, 6}, {2, 4}, {1}], [{8, 3}, {7}, {6}, {1, 5}, {2, 4}], [{8, 3}, {7}, {6}, {5}, {2, 4}, {1}], [{8, 4}, {1, 7}, {2, 6}, {3, 5}], [{8, 4}, {1, 7}, {2, 6}, {5}, {3}], [{8, 4}, {1, 7}, {3, 6}, {2, 5}], [{8, 4}, {1, 7}, {5, 6}, {2, 3}], [{8, 4}, {2, 7}, {1, 6}, {3, 5}], [{8, 4}, {2, 7}, {3, 6}, {1, 5}], [{8, 4}, {2, 7}, {5, 6}, {1, 3}], [{8, 4}, {2, 7}, {6}, {3, 5}, {1}], [{8, 4}, {3, 7}, {1, 6}, {2, 5}], [{8, 4}, {3, 7}, {2, 6}, {1, 5}], [{8, 4}, {3, 7}, {2, 6}, {5}, {1}], [{8, 4}, {3, 7}, {5, 6}, {1, 2}], [{8, 4}, {5, 7}, {1, 6}, {2, 3}], [{8, 4}, {5, 7}, {2, 6}, {1, 3}], [{8, 4}, {5, 7}, {2, 6}, {3}, {1}], [{8, 4}, {5, 7}, {3, 6}, {1, 2}], [{8, 4}, {6, 7}, {1, 5}, {2, 3}], [{8, 4}, {6, 7}, {2, 5}, {1, 3}], [{8, 4}, {6, 7}, {3, 5}, {1, 2}], [{8, 4}, {6, 7}, {3, 5}, {2}, {1}], [{8, 4}, {6, 7}, {5}, {3}, {1, 2}], [{8, 4}, {7}, {2, 6}, {1, 5}, {3}], [{8, 4}, {7}, {2, 6}, {3, 5}, {1}], [{8, 4}, {7}, {2, 6}, {5}, {1, 3}], [{8, 4}, {7}, {3, 6}, {1, 5}, {2}], [{8, 4}, {7}, {5, 6}, {1, 3}, {2}], [{8, 4}, {7}, {6}, {1, 5}, {2, 3}], [{8, 4}, {7}, {6}, {2, 5}, {1, 3}], [{8, 5}, {1, 7}, {2, 6}, {3, 4}], [{8, 5}, {1, 7}, {3, 6}, {2, 4}], [{8, 5}, {1, 7}, {3, 6}, {4}, {2}], [{8, 5}, {1, 7}, {4, 6}, {2, 3}], [{8, 5}, {1, 7}, {6}, {2, 4}, {3}], [{8, 5}, {2, 7}, {1, 6}, {3, 4}], [{8, 5}, {2, 7}, {1, 6}, {4}, {3}], [{8, 5}, {2, 7}, {3, 6}, {1, 4}], [{8, 5}, {2, 7}, {4, 6}, {1, 3}], [{8, 5}, {3, 7}, {1, 6}, {2, 4}], [{8, 5}, {3, 7}, {2, 6}, {1, 4}], [{8, 5}, {3, 7}, {4, 6}, {1, 2}], [{8, 5}, {3, 7}, {6}, {1, 4}, {2}], [{8, 5}, {3, 7}, {6}, {2, 4}, {1}], [{8, 5}, {3, 7}, {6}, {4}, {1, 2}], [{8, 5}, {4, 7}, {1, 6}, {2, 3}], [{8, 5}, {4, 7}, {2, 6}, {1, 3}], [{8, 5}, {4, 7}, {3, 6}, {1, 2}], [{8, 5}, {4, 7}, {3, 6}, {2}, {1}], [{8, 5}, {6, 7}, {1, 4}, {2, 3}], [{8, 5}, {6, 7}, {1, 4}, {3}, {2}], [{8, 5}, {6, 7}, {2, 4}, {1, 3}], [{8, 5}, {6, 7}, {3, 4}, {1, 2}], [{8, 5}, {6, 7}, {4}, {2, 3}, {1}], [{8, 5}, {7}, {2, 6}, {4}, {1, 3}], [{8, 5}, {7}, {3, 6}, {1, 4}, {2}], [{8, 5}, {7}, {4, 6}, {1, 3}, {2}], [{8, 5}, {7}, {6}, {2, 4}, {1, 3}], [{8, 6}, {1, 7}, {2, 5}, {3, 4}], [{8, 6}, {1, 7}, {2, 5}, {4}, {3}], [{8, 6}, {1, 7}, {3, 5}, {2, 4}], [{8, 6}, {1, 7}, {3, 5}, {4}, {2}], [{8, 6}, {1, 7}, {4, 5}, {2, 3}], [{8, 6}, {1, 7}, {5}, {4}, {2, 3}], [{8, 6}, {2, 7}, {1, 5}, {3, 4}], [{8, 6}, {2, 7}, {1, 5}, {4}, {3}], [{8, 6}, {2, 7}, {3, 5}, {1, 4}], [{8, 6}, {2, 7}, {3, 5}, {4}, {1}], [{8, 6}, {2, 7}, {4, 5}, {1, 3}], [{8, 6}, {2, 7}, {5}, {4}, {1, 3}], [{8, 6}, {3, 7}, {1, 5}, {2, 4}], [{8, 6}, {3, 7}, {1, 5}, {4}, {2}], [{8, 6}, {3, 7}, {2, 5}, {1, 4}], [{8, 6}, {3, 7}, {2, 5}, {4}, {1}], [{8, 6}, {3, 7}, {4, 5}, {1, 2}], [{8, 6}, {3, 7}, {5}, {4}, {1, 2}], [{8, 6}, {4, 7}, {1, 5}, {2, 3}], [{8, 6}, {4, 7}, {2, 5}, {1, 3}], [{8, 6}, {4, 7}, {3, 5}, {1, 2}], [{8, 6}, {4, 7}, {5}, {1, 3}, {2}], [{8, 6}, {5, 7}, {1, 4}, {2, 3}], [{8, 6}, {5, 7}, {1, 4}, {3}, {2}], [{8, 6}, {5, 7}, {2, 4}, {1, 3}], [{8, 6}, {5, 7}, {2, 4}, {3}, {1}], [{8, 6}, {5, 7}, {3, 4}, {1, 2}], [{8, 6}, {5, 7}, {3, 4}, {2}, {1}], [{8, 6}, {5, 7}, {4}, {1, 3}, {2}], [{8, 6}, {5, 7}, {4}, {2, 3}, {1}], [{8, 6}, {5, 7}, {4}, {3}, {1, 2}], [{8, 6}, {5, 7}, {4}, {3}, {2}, {1}], [{8, 6}, {7}, {1, 5}, {4}, {2, 3}], [{8, 6}, {7}, {2, 5}, {4}, {1, 3}], [{8, 6}, {7}, {3, 5}, {4}, {1, 2}], [{8, 6}, {7}, {4, 5}, {1, 3}, {2}], [{8, 6}, {7}, {5}, {2, 4}, {1, 3}], [{8, 6}, {7}, {5}, {4}, {1, 3}, {2}], [{8, 7}, {1, 6}, {2, 5}, {3, 4}], [{8, 7}, {1, 6}, {3, 5}, {2, 4}], [{8, 7}, {1, 6}, {4, 5}, {2, 3}], [{8, 7}, {2, 6}, {1, 5}, {3, 4}], [{8, 7}, {2, 6}, {3, 5}, {1, 4}], [{8, 7}, {2, 6}, {4, 5}, {1, 3}], [{8, 7}, {2, 6}, {5}, {1, 4}, {3}], [{8, 7}, {3, 6}, {1, 5}, {2, 4}], [{8, 7}, {3, 6}, {2, 5}, {1, 4}], [{8, 7}, {3, 6}, {4, 5}, {1, 2}], [{8, 7}, {4, 6}, {1, 5}, {2, 3}], [{8, 7}, {4, 6}, {2, 5}, {1, 3}], [{8, 7}, {4, 6}, {3, 5}, {1, 2}], [{8, 7}, {5, 6}, {1, 4}, {2, 3}], [{8, 7}, {5, 6}, {2, 4}, {1, 3}], [{8, 7}, {5, 6}, {3, 4}, {1, 2}], [{8, 7}, {6}, {1, 5}, {2, 4}, {3}], [{8, 7}, {6}, {1, 5}, {3, 4}, {2}], [{8, 7}, {6}, {1, 5}, {4}, {2, 3}], [{8, 7}, {6}, {3, 5}, {2, 4}, {1}], [{8, 7}, {6}, {4, 5}, {3}, {1, 2}], [{8, 7}, {6}, {5}, {2, 4}, {1, 3}], [{8}, {1, 7}, {6}, {3, 5}, {2, 4}], [{8}, {2, 7}, {1, 6}, {3, 5}, {4}], [{8}, {2, 7}, {4, 6}, {3, 5}, {1}], [{8}, {2, 7}, {5, 6}, {3, 4}, {1}], [{8}, {2, 7}, {6}, {3, 5}, {1, 4}], [{8}, {3, 7}, {2, 6}, {5}, {1, 4}], [{8}, {3, 7}, {5, 6}, {4}, {1, 2}], [{8}, {3, 7}, {6}, {1, 5}, {2, 4}], [{8}, {4, 7}, {1, 6}, {2, 5}, {3}], [{8}, {4, 7}, {6}, {1, 5}, {2, 3}], [{8}, {5, 7}, {1, 6}, {2, 4}, {3}], [{8}, {5, 7}, {3, 6}, {2, 4}, {1}], [{8}, {5, 7}, {6}, {2, 4}, {1, 3}], [{8}, {5, 7}, {6}, {2, 4}, {3}, {1}], [{8}, {6, 7}, {1, 5}, {4}, {2, 3}], [{8}, {6, 7}, {2, 5}, {3, 4}, {1}], [{8}, {6, 7}, {5}, {2, 4}, {1, 3}], [{8}, {7}, {1, 6}, {4, 5}, {2, 3}], [{8}, {7}, {2, 6}, {4, 5}, {1, 3}], [{8}, {7}, {4, 6}, {1, 5}, {2, 3}], [{8}, {7}, {4, 6}, {2, 5}, {1, 3}], [{8}, {7}, {5, 6}, {1, 4}, {2, 3}], [{8}, {7}, {5, 6}, {2, 4}, {1, 3}], [{8}, {7}, {6}, {5}, {2, 4}, {1, 3}]]",2,- 14 K_1^2 - 4 K_1 K_2 + 2 K_1 + 7 K_2 + 2 K_3 + 8,O1O2O3U4O5U1U3O6U5U6O4U7U2O8O7U8,O1O2U3O4O5U4O6O7U5O3U6U1U7O8U2U8,O1O2U3O4O3U5O6O7U8U6O8U1U7U2O5U4,c,{'O1O2O3U4O5O4U2U5O6U7U8O7U1U3O8U6'},1,"<a href=""/flatknot/8.975626"">8.975626</a>",t^9-54t^7-228t^6-272t^5+132t^4+436t^3+224t^2+52t+20,-t^2+2t,,
8.975627,O1O2O3U4O5O4U2U5O6U7U8O7U1U6O8U3,4,11z^2+96z+149,11w^3z^2+96w^2z+149w,False,False,"[[ 0 -1 -2  2  1  0  2 -1 -1],[ 1  0 -1  2  2  0  1  1  1],[ 2  1  0  2  2  0  0  2  2],[-2 -2 -2  0 -1 -1  1 -3 -2],[-1 -2 -2  1  0  0  2 -2 -2],[ 0  0  0  1  0  0  0  0  0],[-2 -1  0 -1 -2  0  0 -2 -1],[ 1 -1 -2  3  2  0  2  0 -1],[ 1 -1 -2  2  2  0  1  1  0]]","[[ 0  2  2  1  0 -1 -1 -1 -2],[-2  0  1 -1 -1 -2 -2 -3 -2],[-2 -1  0 -2  0 -1 -1 -2  0],[-1  1  2  0  0 -2 -2 -2 -2],[ 0  1  0  0  0  0  0  0  0],[ 1  2  1  2  0  0  1  1 -1],[ 1  2  1  2  0 -1  0  1 -2],[ 1  3  2  2  0 -1 -1  0 -2],[ 2  2  0  2  0  1  2  2  0]]",True,"[-2,-2,-1,0,1,1,1,2,-1,1,1,2,2,3,2,2,0,1,1,2,0,0,2,2,2,2,0,0,0,0,-1,-1,1,-1,2,2]","[-2,-2,-1,0,1,1,1,2,-1,-1,2,1,2,2,4,0,1,0,1,1,2,1,0,0,0,1,1,1,1,2,-1,-1,-1,-1,-1,0]",t^8+62t^6+114t^4+40t^2,"[-2,-1,-1,-1,0,1,2,2,-1,-1,0,2,1,2,4,-1,1,1,0,1,2,1,1,0,0,1,1,0,1,2,1,1,2,0,-1,-1]","[-2,-2,-1,0,1,1,1,2,-1,-1,2,1,2,2,4,0,1,0,1,1,2,1,0,0,0,1,1,1,1,2,-1,-1,-1,-1,-1,0]","[-2,-1,-1,-1,0,1,2,2,1,2,2,0,2,0,2,1,1,0,2,1,2,-1,0,2,2,3,0,2,1,2,0,0,1,2,1,-1]",c,"[[{8, 2}, {6, 7}, {4, 5}, {1, 3}], [{8, 5}, {2, 7}, {4, 6}, {1, 3}], [{8, 5}, {6, 7}, {2, 4}, {1, 3}]]",1,- 26 K_1^2 - 4 K_1 K_2 + 2 K_1 + 13 K_2 + 2 K_3 + 14,O1O2O3U1O4U5U3O6U4U6O5U7U2O8O7U8,O1O2U3O4O5U4O6O3U5O7U6U1U7O8U2U8,O1O2U3O4O3U1O5O6U7U5O7U8U6U2O8U4,c,{'O1O2O3U4O5O4U2U5O6U7U8O7U1U6O8U3'},1,"<a href=""/flatknot/8.975627"">8.975627</a>",t^9-60t^7-270t^6-435t^5-284t^4-55t^3+52t^2+64t+20,-t^2+2t,,
8.975628,O1O2O3U4O5O4U2U5O6U7U8O7U3U1O8U6,4,15z^2+100z+141,15w^3z^2+100w^2z+141w,False,False,"[[ 0  0 -2  1  1  0  2 -1 -1],[ 0  0 -2  1  1  0  1  0  0],[ 2  2  0  2  2  0  1  2  1],[-1 -1 -2  0  0 -1  0 -1  0],[-1 -1 -2  0  0  0  2 -2 -2],[ 0  0  0  1  0  0  0  0  0],[-2 -1 -1  0 -2  0  0 -3 -1],[ 1  0 -2  1  2  0  3  0 -1],[ 1  0 -1  0  2  0  1  1  0]]","[[ 0  2  1  1  0  0 -1 -1 -2],[-2  0  0 -2  0 -1 -1 -3 -1],[-1  0  0  0 -1 -1  0 -1 -2],[-1  2  0  0  0 -1 -2 -2 -2],[ 0  0  1  0  0  0  0  0  0],[ 0  1  1  1  0  0  0  0 -2],[ 1  1  0  2  0  0  0  1 -1],[ 1  3  1  2  0  0 -1  0 -2],[ 2  1  2  2  0  2  1  2  0]]",True,"[-2,-1,-1,0,0,1,1,2,0,2,0,1,1,3,1,0,1,1,0,1,2,0,1,2,2,2,0,0,0,0,0,0,2,-1,1,2]","[-2,-1,-1,0,0,1,1,2,-1,0,0,2,1,1,3,1,1,1,0,1,0,1,1,0,2,2,0,0,0,1,1,0,2,0,-1,1]",t^8+46t^6+198t^4+71t^2+4,"[-2,-1,-1,0,0,1,1,2,-1,0,0,2,1,1,3,1,1,1,0,1,0,1,1,0,2,2,0,0,0,1,1,0,2,0,-1,1]","[-2,-1,-1,0,0,1,1,2,-1,1,1,2,0,2,3,0,0,1,0,0,1,0,0,1,2,1,0,1,1,0,1,1,2,-1,-1,0]","[-2,-1,-1,0,0,1,1,2,1,2,0,2,2,2,1,1,0,0,0,2,1,0,0,1,2,3,0,1,0,0,1,1,1,0,0,2]",c,"[[{8, 4}, {3, 7}, {2, 6}, {1, 5}]]",1,- 12 K_1^2 + 6 K_2 + 7,O1O2O3U4O5U3U1O6U5U6O4U7U2O8O7U8,O1O2U3O4O5U4O6O7U5O3U7U1U6O8U2U8,O1O2U3O4O3U5O6O7U8U6O8U2U7U1O5U4,c,{'O1O2O3U4O5O4U2U5O6U7U8O7U3U1O8U6'},1,"<a href=""/flatknot/8.975628"">8.975628</a>",t^9-46t^7-134t^6+68t^5+526t^4+330t^3-64t^2+54t+6,0,,
8.975629,O1O2O3U4O5O4U2U5O6U7U1O8U6U8O7U3,4,11z^2+96z+149,11w^3z^2+96w^2z+149w,False,False,"[[ 0 -1 -2  2  1  0  1 -2  1],[ 1  0 -1  2  2  0  1  0  1],[ 2  1  0  2  2  0  0  2  0],[-2 -2 -2  0 -1 -1  0 -3  1],[-1 -2 -2  1  0  0  1 -3  1],[ 0  0  0  1  0  0  0  0  0],[-1 -1  0  0 -1  0  0 -2  1],[ 2  0 -2  3  3  0  2  0  1],[-1 -1  0 -1 -1  0 -1 -1  0]]","[[ 0  2  1  1  1  0 -1 -2 -2],[-2  0  1  0 -1 -1 -2 -2 -3],[-1 -1  0 -1 -1  0 -1  0 -1],[-1  0  1  0 -1  0 -1  0 -2],[-1  1  1  1  0  0 -2 -2 -3],[ 0  1  0  0  0  0  0  0  0],[ 1  2  1  1  2  0  0 -1  0],[ 2  2  0  0  2  0  1  0  2],[ 2  3  1  2  3  0  0 -2  0]]",True,"[-2,-1,-1,-1,0,1,2,2,-1,0,1,1,2,2,3,1,1,0,1,0,1,1,0,1,0,2,0,2,2,3,0,0,0,1,0,-2]","[-2,-2,-1,0,1,1,1,2,-2,0,0,1,2,3,3,1,0,0,0,2,2,0,1,1,2,2,0,0,0,1,-1,-1,-1,-1,0,1]",t^8+52t^6+103t^4+39t^2,"[-2,-2,-1,0,1,1,1,2,-2,0,2,1,3,3,2,1,2,0,1,2,1,1,0,1,1,1,1,1,1,1,-1,-1,0,-1,1,2]","[-2,-1,-1,-1,0,1,2,2,0,1,2,1,1,1,2,1,1,1,0,0,1,1,1,1,1,3,1,1,2,3,1,2,2,1,0,-2]","[-2,-2,-1,0,1,1,1,2,-2,0,0,1,2,3,3,1,0,0,0,2,2,0,1,1,2,2,0,0,0,1,-1,-1,-1,-1,0,1]",c,"[[{8, 1}, {2, 7}, {4, 6}, {3, 5}]]",1,- 22 K_1^2 - 4 K_1 K_2 + 2 K_1 + 11 K_2 + 2 K_3 + 12,O1O2O3U1O4U5U6O5U3U4O6U7U2O8O7U8,O1O2U3O4O5U6O3O6U4O7U5U1U7O8U2U8,O1O2U1O3O4U2O5O6U7U5O7U8U6U3O8U4,c,{'O1O2O3U4O5O4U2U5O6U7U1O8U6U8O7U3'},1,"<a href=""/flatknot/8.975629"">8.975629</a>",t^9-54t^7-150t^6+24t^5+300t^4+130t^3-62t^2-53t+2,t^2-2t,,
8.975630,O1O2O3U4O5O4U2U5O6U7U6O8U1U8O7U3,3,10z^2+95z+151,10w^3z^2+95w^2z+151w,False,False,"[[ 0 -1 -2  2  1  0  1 -2  1],[ 1  0 -1  2  2  0  0 -1  1],[ 2  1  0  2  2  0  0  2  0],[-2 -2 -2  0 -1 -1  1 -3  0],[-1 -2 -2  1  0  0  1 -3  1],[ 0  0  0  1  0  0  0  0  0],[-1  0  0 -1 -1  0  0 -1  0],[ 2  1 -2  3  3  0  1  0  1],[-1 -1  0  0 -1  0  0 -1  0]]","[[ 0  2  1  1  1  0 -1 -2 -2],[-2  0  1  0 -1 -1 -2 -2 -3],[-1 -1  0  0 -1  0  0  0 -1],[-1  0  0  0 -1  0 -1  0 -1],[-1  1  1  1  0  0 -2 -2 -3],[ 0  1  0  0  0  0  0  0  0],[ 1  2  0  1  2  0  0 -1 -1],[ 2  2  0  0  2  0  1  0  2],[ 2  3  1  1  3  0  1 -2  0]]",True,"[-2,-1,-1,-1,0,1,2,2,-1,0,1,1,2,2,3,0,1,0,0,0,1,1,0,1,0,1,0,2,2,3,0,0,0,1,1,-2]","[-2,-2,-1,0,1,1,1,2,-2,0,2,1,3,3,2,0,2,0,2,2,1,1,0,1,2,1,1,1,1,1,-1,-1,0,0,1,2]",t^8+48t^6+99t^4+35t^2,"[-2,-2,-1,0,1,1,1,2,-2,0,2,1,3,3,2,0,2,0,2,2,1,1,0,1,2,1,1,1,1,1,-1,-1,0,0,1,2]","[-2,-1,-1,-1,0,1,2,2,0,1,2,1,1,1,2,1,1,1,0,0,1,0,1,1,2,3,1,2,2,3,1,2,2,0,0,-2]","[-2,-2,-1,0,1,1,1,2,-2,1,0,1,1,3,3,1,0,0,0,2,2,0,0,1,2,2,0,0,0,1,0,-1,-1,-1,0,1]",c,"[[{8, 1}, {5, 7}, {2, 6}, {3, 4}], [{8, 1}, {5, 7}, {2, 6}, {4}, {3}], [{8, 7}, {2, 6}, {1, 5}, {3, 4}], [{8, 7}, {2, 6}, {1, 5}, {4}, {3}]]",1,- 26 K_1^2 - 4 K_1 K_2 + 2 K_1 + 13 K_2 + 2 K_3 + 14,O1O2O3U1O4U5U3O5U6U4O6U7U2O8O7U8,O1O2U3O4O3U5O6O5U4O7U6U1U7O8U2U8,O1O2U1O3O4U3O5O6U7U5O7U8U6U2O8U4,c,{'O1O2O3U4O5O4U2U5O6U7U6O8U1U8O7U3'},1,"<a href=""/flatknot/8.975630"">8.975630</a>",t^9-50t^7-164t^6-120t^5+84t^4+82t^3-6t^2+8t,t^2-2t,,
8.975631,O1O2O3U4O5O4U2U5O6U7U6O8U3U1O7U8,4,16z^2+101z+139,16w^3z^2+101w^2z+139w,False,False,"[[ 0  0 -2  1  1  0  1 -2  1],[ 0  0 -2  1  1  0  0 -2  1],[ 2  2  0  2  2  0  0  1  1],[-1 -1 -2  0  0 -1  0 -2  0],[-1 -1 -2  0  0  0  1 -3  1],[ 0  0  0  1  0  0  0  0  0],[-1  0  0  0 -1  0  0 -1 -1],[ 2  2 -1  2  3  0  1  0  1],[-1 -1 -1  0 -1  0  1 -1  0]]","[[ 0  1  1  1  1  0  0 -2 -2],[-1  0  1  1  0  0 -1 -2 -3],[-1 -1  0  1  0  0 -1 -1 -1],[-1 -1 -1  0  0  0  0  0 -1],[-1  0  0  0  0 -1 -1 -2 -2],[ 0  0  0  0  1  0  0  0  0],[ 0  1  1  0  1  0  0 -2 -2],[ 2  2  1  0  2  0  2  0  1],[ 2  3  1  1  2  0  2 -1  0]]",True,"[-1,-1,-1,-1,0,0,2,2,-1,-1,0,0,1,2,3,-1,0,0,1,1,1,0,0,0,0,1,1,1,2,2,0,0,0,2,2,-1]","[-2,-2,0,0,1,1,1,1,-1,0,2,1,1,2,3,0,2,0,1,2,2,0,0,0,0,1,1,0,1,1,0,-1,-1,0,0,-1]",t^8+40t^6+118t^4+88t^2+9,"[-2,-2,0,0,1,1,1,1,-1,0,2,1,1,2,3,0,2,0,1,2,2,0,0,0,0,1,1,0,1,1,0,-1,-1,0,0,-1]","[-1,-1,-1,-1,0,0,2,2,-1,-1,0,1,1,2,3,-1,0,0,1,2,2,0,0,1,0,1,0,0,1,1,0,0,0,2,2,-1]","[-2,-2,0,0,1,1,1,1,-1,0,2,1,1,2,3,0,2,0,1,2,2,0,0,0,1,0,0,1,1,1,-1,0,-1,0,-1,0]",c,"[[{8, 7}, {2, 6}, {3, 5}, {1, 4}]]",1,- 12 K_1^2 + 6 K_2 + 7,O1O2O3U4O5U3U1O4U6U5O6U7U2O8O7U8,O1O2U3O4O3U5O6O7U4O5U7U1U6O8U2U8,O1O2U3O4O5U4O6O7U8U6O8U2U7U1O3U5,c,{'O1O2O3U4O5O4U2U5O6U7U6O8U3U1O7U8'},1,"<a href=""/flatknot/8.975631"">8.975631</a>",t^9-44t^7-98t^6+22t^5+150t^4+52t^3+30t^2+77t+30,2t^2-4t,,
8.975632,O1O2O3U4O5O4U2U6O7U1U3O6U8U7O8U5,4,2z^3+24z^2+99z+119,2w^4z^3+24w^3z^2+99w^2z+119w,False,False,"[[ 0 -2 -2  1  1  2 -1  2 -1],[ 2  0  0  2  2  2  1  1  1],[ 2  0  0  1  2  1  1  1  2],[-1 -2 -1  0 -1  0 -1  0 -2],[-1 -2 -2  1  0  2 -2  2 -2],[-2 -2 -1  0 -2  0 -1  0 -3],[ 1 -1 -1  1  2  1  0  2  1],[-2 -1 -1  0 -2  0 -2  0 -2],[ 1 -1 -2  2  2  3 -1  2  0]]","[[ 0  2  2  1  1 -1 -1 -2 -2],[-2  0  0  0 -2 -1 -3 -1 -2],[-2  0  0  0 -2 -2 -2 -1 -1],[-1  0  0  0 -1 -1 -2 -1 -2],[-1  2  2  1  0 -2 -2 -2 -2],[ 1  1  2  1  2  0  1 -1 -1],[ 1  3  2  2  2 -1  0 -2 -1],[ 2  1  1  1  2  1  2  0  0],[ 2  2  1  2  2  1  1  0  0]]",True,"[-2,-2,-1,-1,1,1,2,2,0,0,2,1,3,1,2,0,2,2,2,1,1,1,1,2,1,2,2,2,2,2,-1,1,1,2,1,0]","[-2,-2,-1,-1,1,1,2,2,0,-1,0,1,2,3,3,0,0,1,1,2,3,1,0,0,0,1,0,1,2,1,-1,-1,-1,1,1,0]",t^8+68t^6+201t^4+75t^2+4,"[-2,-2,-1,-1,1,1,2,2,0,-1,0,1,2,3,3,0,0,1,1,2,3,1,0,0,0,1,0,1,2,1,-1,-1,-1,1,1,0]","[-2,-2,-1,-1,1,1,2,2,0,-1,1,0,2,2,3,-1,1,1,1,3,3,1,0,0,1,1,0,1,1,2,-1,0,-1,0,0,0]","[-2,-2,-1,-1,1,1,2,2,0,1,1,2,2,1,2,1,2,1,2,1,1,1,1,2,2,1,2,2,2,3,-1,0,0,2,2,0]",c,"[[{8, 3}, {2, 7}, {4, 6}, {1, 5}], [{8, 4}, {1, 7}, {3, 6}, {2, 5}], [{8, 4}, {2, 7}, {3, 6}, {1, 5}], [{8, 6}, {2, 7}, {1, 5}, {3, 4}], [{8, 6}, {3, 7}, {1, 5}, {2, 4}]]",1,12 K_1^3 - 24 K_1^2 - 24 K_1 K_2 + 3 K_1 + 12 K_2 + 9 K_3 + 13,O1O2O3U4O5U6U5O7U1U3O6U7U2O8O4U8,O1O2U3O4O5U2O6O3U6O7U4U1U5O8U7U8,O1O2U3O4O5U1O3O6U7U8O7U4U6U5O8U2,c,{'O1O2O3U4O5O4U2U6O7U1U3O6U8U7O8U5'},1,"<a href=""/flatknot/8.975632"">8.975632</a>",t^9-68t^7-276t^6-171t^5+408t^4+197t^3-208t^2+108t-26,0,,
8.975633,O1O2O3U4O5O4U2U6O7U1U5O6U8U7O8U3,4,18z^2+103z+135,18w^3z^2+103w^2z+135w,False,False,"[[ 0 -2 -2  2  1  1 -1  2 -1],[ 2  0  0  3  2  1  1  1  1],[ 2  0  0  2  2  0  1  1  2],[-2 -3 -2  0 -1 -1 -2  1 -3],[-1 -2 -2  1  0  1 -1  1 -2],[-1 -1  0  1 -1  0 -1  0 -2],[ 1 -1 -1  2  1  1  0  2  1],[-2 -1 -1 -1 -1  0 -2  0 -2],[ 1 -1 -2  3  2  2 -1  2  0]]","[[ 0  2  2  1  1 -1 -1 -2 -2],[-2  0  1 -1 -1 -2 -3 -2 -3],[-2 -1  0  0 -1 -2 -2 -1 -1],[-1  1  0  0 -1 -1 -2  0 -1],[-1  1  1  1  0 -1 -2 -2 -2],[ 1  2  2  1  1  0  1 -1 -1],[ 1  3  2  2  2 -1  0 -2 -1],[ 2  2  1  0  2  1  2  0  0],[ 2  3  1  1  2  1  1  0  0]]",True,"[-2,-2,-1,-1,1,1,2,2,-1,1,1,2,3,2,3,0,1,2,2,1,1,1,1,2,0,1,1,2,2,2,-1,1,1,2,1,0]","[-2,-2,-1,-1,1,1,2,2,-1,0,1,1,1,3,3,0,0,0,1,1,2,1,0,1,1,1,0,1,2,3,-1,0,-1,0,0,0]",t^8+68t^6+296t^4+211t^2+4,"[-2,-2,-1,-1,1,1,2,2,0,-1,0,1,3,2,3,0,0,1,2,1,3,1,0,0,0,1,1,1,1,1,-1,0,0,0,1,-1]","[-2,-2,-1,-1,1,1,2,2,-1,0,1,1,1,3,3,0,0,0,1,1,2,1,0,1,1,1,0,1,2,3,-1,0,-1,0,0,0]","[-2,-2,-1,-1,1,1,2,2,0,1,1,1,2,1,3,1,2,0,2,1,2,1,1,1,2,2,2,2,2,3,-1,0,1,1,1,-1]",c,"[[{8, 5}, {2, 7}, {4, 6}, {1, 3}]]",1,4 K_1^3 - 20 K_1^2 - 4 K_1 K_2 - K_1 + 10 K_2 + K_3 + 11,O1O2O3U1O4U5U4O6U7U3O5U6U2O8O7U8,O1O2U3O4O5U2O6O3U6O7U4U1U7O8U5U8,O1O2U3O4O5U1O3O6U7U4O7U8U6U5O8U2,c,{'O1O2O3U4O5O4U2U6O7U1U5O6U8U7O8U3'},1,"<a href=""/flatknot/8.975633"">8.975633</a>",t^9-68t^7-280t^6-274t^5+156t^4+251t^3-24t^2-29t+26,0,,
8.975634,O1O2O3U4O5O4U2U6O7U3U8O6U1U5O8U7,4,4z^3+40z^2+113z+99,4w^4z^3+40w^3z^2+113w^2z+99w,False,False,"[[ 0 -1 -2  0  1  2 -1  2 -1],[ 1  0 -1  2  1  2  0  1  1],[ 2  1  0  1  2  1  1  2  1],[ 0 -2 -1  0  0 -1  0  1  0],[-1 -1 -2  0  0  2 -2  1 -1],[-2 -2 -1  1 -2  0 -2 -1 -1],[ 1  0 -1  0  2  2  0  3 -1],[-2 -1 -2 -1 -1  1 -3  0 -2],[ 1 -1 -1  0  1  1  1  2  0]]","[[ 0  2  2  1  0 -1 -1 -1 -2],[-2  0  1 -1 -1 -1 -2 -3 -2],[-2 -1  0 -2  1 -2 -1 -2 -1],[-1  1  2  0  0 -1 -1 -2 -2],[ 0  1 -1  0  0 -2  0  0 -1],[ 1  1  2  1  2  0  1  0 -1],[ 1  2  1  1  0 -1  0  1 -1],[ 1  3  2  2  0  0 -1  0 -1],[ 2  2  1  2  1  1  1  1  0]]",True,"[-2,-2,-1,0,1,1,1,2,-1,1,1,1,2,3,2,2,-1,2,1,2,1,0,1,1,2,2,2,0,0,1,-1,0,1,-1,1,1]","[-2,-2,-1,0,1,1,1,2,-1,-1,3,1,1,2,3,0,1,0,2,1,2,1,0,1,1,1,1,-1,1,1,0,-1,0,1,0,0]",t^8+56t^6+447t^4+347t^2+9,"[-2,-1,-1,-1,0,1,2,2,0,0,0,1,1,2,3,-1,0,-1,1,2,1,-1,1,1,1,2,1,0,0,1,1,1,3,0,-1,-1]","[-2,-2,-1,0,1,1,1,2,-1,-1,3,1,1,2,3,0,1,0,2,1,2,1,0,1,1,1,1,-1,1,1,0,-1,0,1,0,0]","[-2,-1,-1,-1,0,1,2,2,1,1,1,1,2,1,2,-1,0,0,2,2,3,-1,0,1,1,2,2,1,2,1,0,-1,1,2,1,-1]",c,"[[{8, 4}, {2, 7}, {1, 6}, {3, 5}], [{8, 4}, {2, 7}, {3, 6}, {1, 5}], [{8, 4}, {2, 7}, {5, 6}, {1, 3}]]",1,- 2 K_1^2 + K_2 + 2,O1O2O3U4O5U6U3O7U5U1O4U7U2O8O6U8,O1O2U3O4O5U2O6O7U5O3U6U1U4O8U7U8,O1O2U3O4O5U6O3O7U8U1O8U5U7U2O6U4,c,{'O1O2O3U4O5O4U2U6O7U3U8O6U1U5O8U7'},1,"<a href=""/flatknot/8.975634"">8.975634</a>",t^9-54t^7-194t^6-42t^5+624t^4+649t^3-76t^2-160t+2,-t^2+2t,,
8.975635,O1O2O3U4O5O4U2U6O7U3U8O6U5U1O8U7,4,21z^2+90z+97,21w^3z^2+90w^2z+97w,False,False,"[[ 0  0 -2  0  1  1 -1  2 -1],[ 0  0 -2  1  1  1 -1  1  0],[ 2  2  0  1  2  1  1  2  1],[ 0 -1 -1  0  0 -1  0  1  0],[-1 -1 -2  0  0  1 -2  1 -1],[-1 -1 -1  1 -1  0 -1 -1  0],[ 1  1 -1  0  2  1  0  3 -1],[-2 -1 -2 -1 -1  1 -3  0 -2],[ 1  0 -1  0  1  0  1  2  0]]","[[ 0  2  1  1  0  0 -1 -1 -2],[-2  0  1 -1 -1 -1 -2 -3 -2],[-1 -1  0 -1  1 -1  0 -1 -1],[-1  1  1  0  0 -1 -1 -2 -2],[ 0  1 -1  0  0 -1  0  0 -1],[ 0  1  1  1  1  0  0 -1 -2],[ 1  2  0  1  0  0  0  1 -1],[ 1  3  1  2  0  1 -1  0 -1],[ 2  2  1  2  1  2  1  1  0]]",True,"[-2,-1,-1,0,0,1,1,2,-1,1,1,1,2,3,2,1,-1,1,0,1,1,0,1,1,2,2,1,0,0,1,0,1,2,-1,1,1]","[-2,-1,-1,0,0,1,1,2,-1,1,1,1,2,3,2,1,-1,1,0,1,1,0,1,1,2,2,1,0,0,1,0,1,2,-1,1,1]",t^8+46t^6+247t^4+97t^2+9,"[-2,-1,-1,0,0,1,1,2,0,0,0,1,1,2,2,-1,1,1,1,2,1,0,1,0,1,0,-1,0,0,1,1,2,1,-1,0,2]","[-2,-1,-1,0,0,1,1,2,0,2,1,1,0,1,2,1,0,1,0,1,1,0,2,1,2,2,1,0,1,0,1,1,1,-1,0,0]","[-2,-1,-1,0,0,1,1,2,1,1,1,2,1,2,2,-1,0,1,1,2,3,0,0,0,1,2,-1,-1,0,1,1,1,1,-1,-1,1]",c,"[[{8, 1}, {6, 7}, {4, 5}, {2, 3}], [{8, 1}, {6, 7}, {5}, {4}, {2, 3}], [{8, 4}, {2, 7}, {5, 6}, {1, 3}], [{8, 5}, {2, 7}, {4, 6}, {1, 3}], [{8, 6}, {1, 7}, {4, 5}, {2, 3}], [{8, 6}, {1, 7}, {5}, {4}, {2, 3}], [{8, 7}, {1, 6}, {2, 5}, {3, 4}], [{8, 7}, {1, 6}, {3, 5}, {2, 4}]]",1,- 8 K_1^2 + 4 K_2 + 5,O1O2O3U4O5U3U6O7U5U1O4U7U2O8O6U8,O1O2U3O4O5U2O6O7U5O3U7U1U4O8U6U8,O1O2U3O4O5U6O3O7U8U2O8U5U7U1O6U4,c,{'O1O2O3U4O5O4U2U6O7U3U8O6U5U1O8U7'},1,"<a href=""/flatknot/8.975635"">8.975635</a>",t^9-46t^7-154t^6-73t^5+290t^4+379t^3+126t^2+5t,0,,
8.975636,O1O2O3U4O5O4U2U6O7U5U3O6U8U1O8U7,4,3z^3+30z^2+106z+117,3w^4z^3+30w^3z^2+106w^2z+117w,False,False,"[[ 0  0 -2  1  1  0 -1  2 -1],[ 0  0 -2  2  1  1 -2  1  0],[ 2  2  0  2  2  0  0  2  2],[-1 -2 -2  0  0 -1 -2  1 -1],[-1 -1 -2  0  0  0 -1  1 -2],[ 0 -1  0  1  0  0  0  0  0],[ 1  2  0  2  1  0  0  2  0],[-2 -1 -2 -1 -1  0 -2  0 -2],[ 1  0 -2  1  2  0  0  2  0]]","[[ 0  2  1  1  0  0 -1 -1 -2],[-2  0 -1 -1  0 -1 -2 -2 -2],[-1  1  0  0  0 -1 -1 -2 -2],[-1  1  0  0 -1 -2 -2 -1 -2],[ 0  0  0  1  0 -1  0  0  0],[ 0  1  1  2  1  0 -2  0 -2],[ 1  2  1  2  0  2  0  0  0],[ 1  2  2  1  0  0  0  0 -2],[ 2  2  2  2  0  2  0  2  0]]",True,"[-2,-1,-1,0,0,1,1,2,1,1,0,1,2,2,2,0,0,1,1,2,2,1,2,2,1,2,1,0,0,0,2,0,2,0,0,2]","[-2,-1,-1,0,0,1,1,2,-1,1,0,2,1,1,2,0,1,1,0,1,1,-1,1,1,0,1,-1,0,-1,1,1,0,2,0,0,0]",t^8+52t^6+297t^4+399t^2+4,"[-2,-1,-1,0,0,1,1,2,-1,1,0,2,1,1,2,0,1,1,0,1,1,-1,1,1,0,1,-1,0,-1,1,1,0,2,0,0,0]","[-2,-1,-1,0,0,1,1,2,0,0,1,2,1,1,2,0,-1,0,0,1,1,0,1,1,0,1,1,-1,1,0,1,1,2,0,1,-1]","[-2,-1,-1,0,0,1,1,2,0,2,0,2,2,2,2,0,0,2,1,2,2,0,0,2,1,2,-1,0,1,0,1,2,1,0,1,1]",c,"[[{8, 1}, {2, 7}, {3, 6}, {4, 5}], [{8, 1}, {2, 7}, {4, 6}, {3, 5}], [{8, 1}, {2, 7}, {4, 6}, {5}, {3}], [{8, 1}, {2, 7}, {5, 6}, {3, 4}], [{8, 1}, {3, 7}, {2, 6}, {4, 5}], [{8, 1}, {3, 7}, {4, 6}, {2, 5}], [{8, 1}, {3, 7}, {5, 6}, {2, 4}], [{8, 1}, {3, 7}, {5, 6}, {4}, {2}], [{8, 1}, {4, 7}, {2, 6}, {3, 5}], [{8, 1}, {4, 7}, {3, 6}, {2, 5}], [{8, 1}, {4, 7}, {5, 6}, {2, 3}], [{8, 1}, {5, 7}, {2, 6}, {3, 4}], [{8, 1}, {5, 7}, {3, 6}, {2, 4}], [{8, 1}, {5, 7}, {3, 6}, {4}, {2}], [{8, 1}, {5, 7}, {4, 6}, {2, 3}], [{8, 1}, {6, 7}, {2, 5}, {3, 4}], [{8, 1}, {6, 7}, {3, 5}, {2, 4}], [{8, 1}, {6, 7}, {3, 5}, {4}, {2}], [{8, 1}, {6, 7}, {4, 5}, {2, 3}], [{8, 2}, {1, 7}, {3, 6}, {4, 5}], [{8, 2}, {1, 7}, {4, 6}, {3, 5}], [{8, 2}, {1, 7}, {5, 6}, {3, 4}], [{8, 2}, {3, 7}, {1, 6}, {4, 5}], [{8, 2}, {3, 7}, {4, 6}, {1, 5}], [{8, 2}, {3, 7}, {5, 6}, {1, 4}], [{8, 2}, {4, 7}, {1, 6}, {3, 5}], [{8, 2}, {4, 7}, {3, 6}, {1, 5}], [{8, 2}, {4, 7}, {5, 6}, {1, 3}], [{8, 2}, {4, 7}, {6}, {5}, {1, 3}], [{8, 2}, {5, 7}, {1, 6}, {3, 4}], [{8, 2}, {5, 7}, {3, 6}, {1, 4}], [{8, 2}, {5, 7}, {3, 6}, {4}, {1}], [{8, 2}, {5, 7}, {4, 6}, {1, 3}], [{8, 2}, {6, 7}, {1, 5}, {3, 4}], [{8, 2}, {6, 7}, {3, 5}, {1, 4}], [{8, 2}, {6, 7}, {4, 5}, {1, 3}], [{8, 2}, {6, 7}, {5}, {4}, {1, 3}], [{8, 2}, {7}, {4, 6}, {5}, {1, 3}], [{8, 3}, {1, 7}, {2, 6}, {4, 5}], [{8, 3}, {1, 7}, {4, 6}, {2, 5}], [{8, 3}, {1, 7}, {5, 6}, {2, 4}], [{8, 3}, {1, 7}, {5, 6}, {4}, {2}], [{8, 3}, {2, 7}, {1, 6}, {4, 5}], [{8, 3}, {2, 7}, {4, 6}, {1, 5}], [{8, 3}, {2, 7}, {4, 6}, {5}, {1}], [{8, 3}, {2, 7}, {5, 6}, {1, 4}], [{8, 3}, {4, 7}, {1, 6}, {2, 5}], [{8, 3}, {4, 7}, {2, 6}, {1, 5}], [{8, 3}, {4, 7}, {5, 6}, {1, 2}], [{8, 3}, {5, 7}, {1, 6}, {2, 4}], [{8, 3}, {5, 7}, {1, 6}, {4}, {2}], [{8, 3}, {5, 7}, {2, 6}, {1, 4}], [{8, 3}, {5, 7}, {2, 6}, {4}, {1}], [{8, 3}, {5, 7}, {4, 6}, {1, 2}], [{8, 3}, {5, 7}, {4, 6}, {2}, {1}], [{8, 3}, {5, 7}, {6}, {1, 4}, {2}], [{8, 3}, {5, 7}, {6}, {2, 4}, {1}], [{8, 3}, {5, 7}, {6}, {4}, {1, 2}], [{8, 3}, {5, 7}, {6}, {4}, {2}, {1}], [{8, 3}, {6, 7}, {1, 5}, {2, 4}], [{8, 3}, {6, 7}, {1, 5}, {4}, {2}], [{8, 3}, {6, 7}, {2, 5}, {1, 4}], [{8, 3}, {6, 7}, {4, 5}, {1, 2}], [{8, 3}, {7}, {4, 6}, {2, 5}, {1}], [{8, 4}, {1, 7}, {2, 6}, {3, 5}], [{8, 4}, {1, 7}, {3, 6}, {2, 5}], [{8, 4}, {1, 7}, {5, 6}, {2, 3}], [{8, 4}, {2, 7}, {1, 6}, {3, 5}], [{8, 4}, {2, 7}, {1, 6}, {5}, {3}], [{8, 4}, {2, 7}, {3, 6}, {1, 5}], [{8, 4}, {2, 7}, {3, 6}, {5}, {1}], [{8, 4}, {2, 7}, {5, 6}, {1, 3}], [{8, 4}, {2, 7}, {6}, {5}, {1, 3}], [{8, 4}, {3, 7}, {1, 6}, {2, 5}], [{8, 4}, {3, 7}, {2, 6}, {1, 5}], [{8, 4}, {3, 7}, {5, 6}, {1, 2}], [{8, 4}, {3, 7}, {6}, {2, 5}, {1}], [{8, 4}, {5, 7}, {1, 6}, {2, 3}], [{8, 4}, {5, 7}, {2, 6}, {1, 3}], [{8, 4}, {5, 7}, {3, 6}, {1, 2}], [{8, 4}, {5, 7}, {3, 6}, {2}, {1}], [{8, 4}, {6, 7}, {1, 5}, {2, 3}], [{8, 4}, {6, 7}, {2, 5}, {1, 3}], [{8, 4}, {6, 7}, {2, 5}, {3}, {1}], [{8, 4}, {6, 7}, {3, 5}, {1, 2}], [{8, 4}, {6, 7}, {5}, {1, 3}, {2}], [{8, 4}, {7}, {2, 6}, {5}, {1, 3}], [{8, 4}, {7}, {3, 6}, {2, 5}, {1}], [{8, 4}, {7}, {6}, {1, 5}, {2, 3}], [{8, 5}, {1, 7}, {2, 6}, {3, 4}], [{8, 5}, {1, 7}, {3, 6}, {2, 4}], [{8, 5}, {1, 7}, {3, 6}, {4}, {2}], [{8, 5}, {1, 7}, {4, 6}, {2, 3}], [{8, 5}, {2, 7}, {1, 6}, {3, 4}], [{8, 5}, {2, 7}, {3, 6}, {1, 4}], [{8, 5}, {2, 7}, {4, 6}, {1, 3}], [{8, 5}, {3, 7}, {1, 6}, {2, 4}], [{8, 5}, {3, 7}, {1, 6}, {4}, {2}], [{8, 5}, {3, 7}, {2, 6}, {1, 4}], [{8, 5}, {3, 7}, {4, 6}, {1, 2}], [{8, 5}, {4, 7}, {1, 6}, {2, 3}], [{8, 5}, {4, 7}, {2, 6}, {1, 3}], [{8, 5}, {4, 7}, {3, 6}, {1, 2}], [{8, 5}, {6, 7}, {1, 4}, {2, 3}], [{8, 5}, {6, 7}, {2, 4}, {1, 3}], [{8, 5}, {6, 7}, {3, 4}, {1, 2}], [{8, 5}, {6, 7}, {4}, {1, 3}, {2}], [{8, 5}, {7}, {2, 6}, {1, 4}, {3}], [{8, 6}, {1, 7}, {2, 5}, {3, 4}], [{8, 6}, {1, 7}, {2, 5}, {4}, {3}], [{8, 6}, {1, 7}, {3, 5}, {2, 4}], [{8, 6}, {1, 7}, {3, 5}, {4}, {2}], [{8, 6}, {1, 7}, {4, 5}, {2, 3}], [{8, 6}, {1, 7}, {4, 5}, {3}, {2}], [{8, 6}, {1, 7}, {5}, {2, 4}, {3}], [{8, 6}, {1, 7}, {5}, {3, 4}, {2}], [{8, 6}, {1, 7}, {5}, {4}, {2, 3}], [{8, 6}, {1, 7}, {5}, {4}, {3}, {2}], [{8, 6}, {2, 7}, {1, 5}, {3, 4}], [{8, 6}, {2, 7}, {1, 5}, {4}, {3}], [{8, 6}, {2, 7}, {3, 5}, {1, 4}], [{8, 6}, {2, 7}, {3, 5}, {4}, {1}], [{8, 6}, {2, 7}, {4, 5}, {1, 3}], [{8, 6}, {2, 7}, {5}, {4}, {1, 3}], [{8, 6}, {3, 7}, {1, 5}, {2, 4}], [{8, 6}, {3, 7}, {1, 5}, {4}, {2}], [{8, 6}, {3, 7}, {2, 5}, {1, 4}], [{8, 6}, {3, 7}, {2, 5}, {4}, {1}], [{8, 6}, {3, 7}, {4, 5}, {1, 2}], [{8, 6}, {3, 7}, {4, 5}, {2}, {1}], [{8, 6}, {3, 7}, {5}, {1, 4}, {2}], [{8, 6}, {3, 7}, {5}, {2, 4}, {1}], [{8, 6}, {3, 7}, {5}, {4}, {1, 2}], [{8, 6}, {3, 7}, {5}, {4}, {2}, {1}], [{8, 6}, {4, 7}, {1, 5}, {2, 3}], [{8, 6}, {4, 7}, {1, 5}, {3}, {2}], [{8, 6}, {4, 7}, {2, 5}, {1, 3}], [{8, 6}, {4, 7}, {3, 5}, {1, 2}], [{8, 6}, {4, 7}, {3, 5}, {2}, {1}], [{8, 6}, {4, 7}, {5}, {1, 3}, {2}], [{8, 6}, {5, 7}, {1, 4}, {2, 3}], [{8, 6}, {5, 7}, {1, 4}, {3}, {2}], [{8, 6}, {5, 7}, {2, 4}, {1, 3}], [{8, 6}, {5, 7}, {2, 4}, {3}, {1}], [{8, 6}, {5, 7}, {3, 4}, {1, 2}], [{8, 6}, {5, 7}, {3, 4}, {2}, {1}], [{8, 6}, {5, 7}, {4}, {1, 3}, {2}], [{8, 6}, {5, 7}, {4}, {2, 3}, {1}], [{8, 6}, {5, 7}, {4}, {3}, {1, 2}], [{8, 6}, {5, 7}, {4}, {3}, {2}, {1}], [{8, 6}, {7}, {1, 5}, {2, 4}, {3}], [{8, 6}, {7}, {1, 5}, {3, 4}, {2}], [{8, 6}, {7}, {1, 5}, {4}, {2, 3}], [{8, 6}, {7}, {1, 5}, {4}, {3}, {2}], [{8, 6}, {7}, {2, 5}, {4}, {1, 3}], [{8, 6}, {7}, {3, 5}, {1, 4}, {2}], [{8, 6}, {7}, {3, 5}, {2, 4}, {1}], [{8, 6}, {7}, {3, 5}, {4}, {1, 2}], [{8, 6}, {7}, {3, 5}, {4}, {2}, {1}], [{8, 6}, {7}, {4, 5}, {1, 3}, {2}], [{8, 6}, {7}, {5}, {2, 4}, {1, 3}], [{8, 6}, {7}, {5}, {4}, {1, 3}, {2}], [{8, 7}, {1, 6}, {2, 5}, {3, 4}], [{8, 7}, {1, 6}, {3, 5}, {2, 4}], [{8, 7}, {1, 6}, {3, 5}, {4}, {2}], [{8, 7}, {1, 6}, {4, 5}, {2, 3}], [{8, 7}, {2, 6}, {1, 5}, {3, 4}], [{8, 7}, {2, 6}, {3, 5}, {1, 4}], [{8, 7}, {2, 6}, {4, 5}, {1, 3}], [{8, 7}, {2, 6}, {4, 5}, {3}, {1}], [{8, 7}, {2, 6}, {5}, {4}, {1, 3}], [{8, 7}, {3, 6}, {1, 5}, {2, 4}], [{8, 7}, {3, 6}, {1, 5}, {4}, {2}], [{8, 7}, {3, 6}, {2, 5}, {1, 4}], [{8, 7}, {3, 6}, {4, 5}, {1, 2}], [{8, 7}, {4, 6}, {1, 5}, {2, 3}], [{8, 7}, {4, 6}, {2, 5}, {1, 3}], [{8, 7}, {4, 6}, {2, 5}, {3}, {1}], [{8, 7}, {4, 6}, {3, 5}, {1, 2}], [{8, 7}, {4, 6}, {5}, {1, 3}, {2}], [{8, 7}, {5, 6}, {1, 4}, {2, 3}], [{8, 7}, {5, 6}, {1, 4}, {3}, {2}], [{8, 7}, {5, 6}, {2, 4}, {1, 3}], [{8, 7}, {5, 6}, {2, 4}, {3}, {1}], [{8, 7}, {5, 6}, {3, 4}, {1, 2}], [{8, 7}, {5, 6}, {3, 4}, {2}, {1}], [{8, 7}, {5, 6}, {4}, {1, 3}, {2}], [{8, 7}, {5, 6}, {4}, {2, 3}, {1}], [{8, 7}, {5, 6}, {4}, {3}, {1, 2}], [{8, 7}, {5, 6}, {4}, {3}, {2}, {1}], [{8, 7}, {6}, {2, 5}, {4}, {1, 3}], [{8, 7}, {6}, {4, 5}, {1, 3}, {2}], [{8, 7}, {6}, {5}, {2, 4}, {1, 3}], [{8, 7}, {6}, {5}, {4}, {1, 3}, {2}], [{8}, {1, 7}, {6}, {2, 5}, {3, 4}], [{8}, {2, 7}, {4, 6}, {5}, {1, 3}], [{8}, {3, 7}, {4, 6}, {2, 5}, {1}], [{8}, {4, 7}, {2, 6}, {5}, {1, 3}], [{8}, {5, 7}, {3, 6}, {1, 4}, {2}], [{8}, {5, 7}, {3, 6}, {2, 4}, {1}], [{8}, {5, 7}, {3, 6}, {4}, {1, 2}], [{8}, {5, 7}, {3, 6}, {4}, {2}, {1}], [{8}, {6, 7}, {2, 5}, {4}, {1, 3}], [{8}, {6, 7}, {4, 5}, {1, 3}, {2}], [{8}, {6, 7}, {4, 5}, {2, 3}, {1}], [{8}, {6, 7}, {4, 5}, {3}, {1, 2}], [{8}, {6, 7}, {5}, {2, 4}, {1, 3}], [{8}, {6, 7}, {5}, {4}, {1, 3}, {2}], [{8}, {7}, {4, 6}, {1, 5}, {2, 3}], [{8}, {7}, {5, 6}, {1, 4}, {2, 3}]]",2,4 K_1^3 - 12 K_1^2 - 8 K_1 K_2 + K_1 + 6 K_2 + 3 K_3 + 7,O1O2O3U4O5U3U5O6U1U7O4U6U2O8O7U8,O1O2U3O4O5U2O6O7U6O3U7U1U5O8U4U8,O1O2U3O4O5U6O3O7U8U5O8U4U7U1O6U2,c,{'O1O2O3U4O5O4U2U6O7U5U3O6U8U1O8U7'},1,"<a href=""/flatknot/8.975636"">8.975636</a>",t^9-52t^7-150t^6+99t^5+716t^4+800t^3+434t^2+149t+16,0,,
8.975637,O1O2O3U4O5O4U2U6O7U5U8O6U1U3O8U7,4,4z^3+43z^2+116z+93,4w^4z^3+43w^3z^2+116w^2z+93w,False,False,"[[ 0 -1 -2  2  1  0 -1  2 -1],[ 1  0 -1  2  2  1  0  1  1],[ 2  1  0  2  2  0  1  2  1],[-2 -2 -2  0 -1  0 -3  0 -1],[-1 -2 -2  1  0  0 -1  1 -2],[ 0 -1  0  0  0  0  0  0  1],[ 1  0 -1  3  1  0  0  3 -1],[-2 -1 -2  0 -1  0 -3  0 -2],[ 1 -1 -1  1  2 -1  1  2  0]]","[[ 0  2  2  1  0 -1 -1 -1 -2],[-2  0  0 -1  0 -1 -2 -3 -2],[-2  0  0 -1  0 -2 -1 -3 -2],[-1  1  1  0  0 -2 -2 -1 -2],[ 0  0  0  0  0  1 -1  0  0],[ 1  1  2  2 -1  0 -1  1 -1],[ 1  2  1  2  1  1  0  0 -1],[ 1  3  3  1  0 -1  0  0 -1],[ 2  2  2  2  0  1  1  1  0]]",True,"[-2,-2,-1,0,1,1,1,2,0,1,0,1,2,3,2,1,0,2,1,3,2,0,2,2,1,2,-1,1,0,0,1,-1,1,0,1,1]","[-2,-2,-1,0,1,1,1,2,0,0,2,0,1,2,2,0,2,0,2,1,2,1,1,0,0,1,1,0,2,2,0,-1,0,1,0,0]",t^8+58t^6+358t^4+371t^2,"[-2,-1,-1,-1,0,1,2,2,0,0,0,2,1,2,2,-1,0,0,0,1,2,-1,2,0,2,1,1,1,0,0,1,2,2,0,0,0]","[-2,-2,-1,0,1,1,1,2,0,0,2,0,1,2,2,0,2,0,2,1,2,1,1,0,0,1,1,0,2,2,0,-1,0,1,0,0]","[-2,-1,-1,-1,0,1,2,2,1,1,1,0,2,2,2,-1,0,0,1,3,3,-1,-1,2,1,2,1,2,2,1,0,0,0,1,1,0]",c,"[[{8, 1}, {2, 7}, {3, 6}, {4, 5}], [{8, 1}, {2, 7}, {3, 6}, {5}, {4}], [{8, 1}, {2, 7}, {4, 6}, {3, 5}], [{8, 1}, {2, 7}, {4, 6}, {5}, {3}], [{8, 1}, {2, 7}, {5, 6}, {3, 4}], [{8, 1}, {2, 7}, {6}, {5}, {3, 4}], [{8, 1}, {3, 7}, {2, 6}, {4, 5}], [{8, 1}, {3, 7}, {2, 6}, {5}, {4}], [{8, 1}, {3, 7}, {4, 6}, {2, 5}], [{8, 1}, {3, 7}, {4, 6}, {5}, {2}], [{8, 1}, {3, 7}, {5, 6}, {2, 4}], [{8, 1}, {3, 7}, {6}, {5}, {2, 4}], [{8, 1}, {4, 7}, {2, 6}, {3, 5}], [{8, 1}, {4, 7}, {2, 6}, {5}, {3}], [{8, 1}, {4, 7}, {3, 6}, {2, 5}], [{8, 1}, {4, 7}, {3, 6}, {5}, {2}], [{8, 1}, {4, 7}, {5, 6}, {2, 3}], [{8, 1}, {4, 7}, {6}, {5}, {2, 3}], [{8, 1}, {5, 7}, {2, 6}, {3, 4}], [{8, 1}, {5, 7}, {2, 6}, {4}, {3}], [{8, 1}, {5, 7}, {3, 6}, {2, 4}], [{8, 1}, {5, 7}, {4, 6}, {2, 3}], [{8, 1}, {5, 7}, {4, 6}, {3}, {2}], [{8, 1}, {5, 7}, {6}, {2, 4}, {3}], [{8, 1}, {6, 7}, {2, 5}, {3, 4}], [{8, 1}, {6, 7}, {3, 5}, {2, 4}], [{8, 1}, {6, 7}, {4, 5}, {2, 3}], [{8, 1}, {6, 7}, {5}, {2, 4}, {3}], [{8, 1}, {6, 7}, {5}, {3, 4}, {2}], [{8, 1}, {6, 7}, {5}, {4}, {2, 3}], [{8, 1}, {7}, {2, 6}, {3, 5}, {4}], [{8, 1}, {7}, {2, 6}, {4, 5}, {3}], [{8, 1}, {7}, {2, 6}, {5}, {3, 4}], [{8, 1}, {7}, {2, 6}, {5}, {4}, {3}], [{8, 1}, {7}, {3, 6}, {5}, {2, 4}], [{8, 1}, {7}, {4, 6}, {2, 5}, {3}], [{8, 1}, {7}, {4, 6}, {3, 5}, {2}], [{8, 1}, {7}, {4, 6}, {5}, {2, 3}], [{8, 1}, {7}, {4, 6}, {5}, {3}, {2}], [{8, 1}, {7}, {5, 6}, {2, 4}, {3}], [{8, 1}, {7}, {6}, {3, 5}, {2, 4}], [{8, 1}, {7}, {6}, {5}, {2, 4}, {3}], [{8, 2}, {1, 7}, {3, 6}, {4, 5}], [{8, 2}, {1, 7}, {4, 6}, {3, 5}], [{8, 2}, {1, 7}, {4, 6}, {5}, {3}], [{8, 2}, {1, 7}, {5, 6}, {3, 4}], [{8, 2}, {3, 7}, {1, 6}, {4, 5}], [{8, 2}, {3, 7}, {4, 6}, {1, 5}], [{8, 2}, {3, 7}, {4, 6}, {5}, {1}], [{8, 2}, {3, 7}, {5, 6}, {1, 4}], [{8, 2}, {4, 7}, {1, 6}, {3, 5}], [{8, 2}, {4, 7}, {3, 6}, {1, 5}], [{8, 2}, {4, 7}, {5, 6}, {1, 3}], [{8, 2}, {5, 7}, {1, 6}, {3, 4}], [{8, 2}, {5, 7}, {1, 6}, {4}, {3}], [{8, 2}, {5, 7}, {3, 6}, {1, 4}], [{8, 2}, {5, 7}, {4, 6}, {1, 3}], [{8, 2}, {5, 7}, {4, 6}, {3}, {1}], [{8, 2}, {5, 7}, {6}, {1, 4}, {3}], [{8, 2}, {6, 7}, {1, 5}, {3, 4}], [{8, 2}, {6, 7}, {3, 5}, {1, 4}], [{8, 2}, {6, 7}, {4, 5}, {1, 3}], [{8, 2}, {7}, {4, 6}, {1, 5}, {3}], [{8, 2}, {7}, {4, 6}, {3, 5}, {1}], [{8, 2}, {7}, {4, 6}, {5}, {1, 3}], [{8, 2}, {7}, {4, 6}, {5}, {3}, {1}], [{8, 3}, {1, 7}, {2, 6}, {4, 5}], [{8, 3}, {1, 7}, {4, 6}, {2, 5}], [{8, 3}, {1, 7}, {4, 6}, {5}, {2}], [{8, 3}, {1, 7}, {5, 6}, {2, 4}], [{8, 3}, {2, 7}, {1, 6}, {4, 5}], [{8, 3}, {2, 7}, {1, 6}, {5}, {4}], [{8, 3}, {2, 7}, {4, 6}, {1, 5}], [{8, 3}, {2, 7}, {4, 6}, {5}, {1}], [{8, 3}, {2, 7}, {5, 6}, {1, 4}], [{8, 3}, {2, 7}, {6}, {5}, {1, 4}], [{8, 3}, {4, 7}, {1, 6}, {2, 5}], [{8, 3}, {4, 7}, {2, 6}, {1, 5}], [{8, 3}, {4, 7}, {2, 6}, {5}, {1}], [{8, 3}, {4, 7}, {5, 6}, {1, 2}], [{8, 3}, {5, 7}, {1, 6}, {2, 4}], [{8, 3}, {5, 7}, {2, 6}, {1, 4}], [{8, 3}, {5, 7}, {4, 6}, {1, 2}], [{8, 3}, {5, 7}, {6}, {2, 4}, {1}], [{8, 3}, {6, 7}, {1, 5}, {2, 4}], [{8, 3}, {6, 7}, {2, 5}, {1, 4}], [{8, 3}, {6, 7}, {4, 5}, {1, 2}], [{8, 3}, {6, 7}, {5}, {2, 4}, {1}], [{8, 3}, {7}, {1, 6}, {4, 5}, {2}], [{8, 3}, {7}, {4, 6}, {5}, {1, 2}], [{8, 3}, {7}, {5, 6}, {2, 4}, {1}], [{8, 4}, {1, 7}, {2, 6}, {3, 5}], [{8, 4}, {1, 7}, {3, 6}, {2, 5}], [{8, 4}, {1, 7}, {5, 6}, {2, 3}], [{8, 4}, {1, 7}, {6}, {5}, {2, 3}], [{8, 4}, {2, 7}, {1, 6}, {3, 5}], [{8, 4}, {2, 7}, {1, 6}, {5}, {3}], [{8, 4}, {2, 7}, {3, 6}, {1, 5}], [{8, 4}, {2, 7}, {3, 6}, {5}, {1}], [{8, 4}, {2, 7}, {5, 6}, {1, 3}], [{8, 4}, {2, 7}, {6}, {5}, {1, 3}], [{8, 4}, {3, 7}, {1, 6}, {2, 5}], [{8, 4}, {3, 7}, {1, 6}, {5}, {2}], [{8, 4}, {3, 7}, {2, 6}, {1, 5}], [{8, 4}, {3, 7}, {5, 6}, {1, 2}], [{8, 4}, {5, 7}, {1, 6}, {2, 3}], [{8, 4}, {5, 7}, {1, 6}, {3}, {2}], [{8, 4}, {5, 7}, {2, 6}, {1, 3}], [{8, 4}, {5, 7}, {2, 6}, {3}, {1}], [{8, 4}, {5, 7}, {3, 6}, {1, 2}], [{8, 4}, {5, 7}, {6}, {3}, {1, 2}], [{8, 4}, {6, 7}, {1, 5}, {2, 3}], [{8, 4}, {6, 7}, {2, 5}, {1, 3}], [{8, 4}, {6, 7}, {3, 5}, {1, 2}], [{8, 4}, {6, 7}, {5}, {2, 3}, {1}], [{8, 4}, {7}, {1, 6}, {2, 5}, {3}], [{8, 4}, {7}, {1, 6}, {3, 5}, {2}], [{8, 4}, {7}, {1, 6}, {5}, {2, 3}], [{8, 4}, {7}, {1, 6}, {5}, {3}, {2}], [{8, 5}, {1, 7}, {2, 6}, {3, 4}], [{8, 5}, {1, 7}, {3, 6}, {2, 4}], [{8, 5}, {1, 7}, {4, 6}, {2, 3}], [{8, 5}, {1, 7}, {6}, {2, 4}, {3}], [{8, 5}, {2, 7}, {1, 6}, {3, 4}], [{8, 5}, {2, 7}, {1, 6}, {4}, {3}], [{8, 5}, {2, 7}, {3, 6}, {1, 4}], [{8, 5}, {2, 7}, {4, 6}, {1, 3}], [{8, 5}, {3, 7}, {1, 6}, {2, 4}], [{8, 5}, {3, 7}, {2, 6}, {1, 4}], [{8, 5}, {3, 7}, {4, 6}, {1, 2}], [{8, 5}, {4, 7}, {1, 6}, {2, 3}], [{8, 5}, {4, 7}, {2, 6}, {1, 3}], [{8, 5}, {4, 7}, {3, 6}, {1, 2}], [{8, 5}, {6, 7}, {1, 4}, {2, 3}], [{8, 5}, {6, 7}, {2, 4}, {1, 3}], [{8, 5}, {6, 7}, {3, 4}, {1, 2}], [{8, 5}, {6, 7}, {4}, {1, 3}, {2}], [{8, 5}, {7}, {1, 6}, {3, 4}, {2}], [{8, 5}, {7}, {3, 6}, {2, 4}, {1}], [{8, 5}, {7}, {4, 6}, {3}, {1, 2}], [{8, 6}, {1, 7}, {2, 5}, {3, 4}], [{8, 6}, {1, 7}, {3, 5}, {2, 4}], [{8, 6}, {1, 7}, {4, 5}, {2, 3}], [{8, 6}, {1, 7}, {4, 5}, {3}, {2}], [{8, 6}, {1, 7}, {5}, {4}, {2, 3}], [{8, 6}, {2, 7}, {1, 5}, {3, 4}], [{8, 6}, {2, 7}, {3, 5}, {1, 4}], [{8, 6}, {2, 7}, {4, 5}, {1, 3}], [{8, 6}, {2, 7}, {5}, {1, 4}, {3}], [{8, 6}, {2, 7}, {5}, {3, 4}, {1}], [{8, 6}, {2, 7}, {5}, {4}, {1, 3}], [{8, 6}, {3, 7}, {1, 5}, {2, 4}], [{8, 6}, {3, 7}, {2, 5}, {1, 4}], [{8, 6}, {3, 7}, {4, 5}, {1, 2}], [{8, 6}, {3, 7}, {5}, {1, 4}, {2}], [{8, 6}, {4, 7}, {1, 5}, {2, 3}], [{8, 6}, {4, 7}, {1, 5}, {3}, {2}], [{8, 6}, {4, 7}, {2, 5}, {1, 3}], [{8, 6}, {4, 7}, {3, 5}, {1, 2}], [{8, 6}, {4, 7}, {5}, {2, 3}, {1}], [{8, 6}, {5, 7}, {1, 4}, {2, 3}], [{8, 6}, {5, 7}, {1, 4}, {3}, {2}], [{8, 6}, {5, 7}, {2, 4}, {1, 3}], [{8, 6}, {5, 7}, {2, 4}, {3}, {1}], [{8, 6}, {5, 7}, {3, 4}, {1, 2}], [{8, 6}, {5, 7}, {3, 4}, {2}, {1}], [{8, 6}, {5, 7}, {4}, {1, 3}, {2}], [{8, 6}, {5, 7}, {4}, {2, 3}, {1}], [{8, 6}, {5, 7}, {4}, {3}, {1, 2}], [{8, 6}, {5, 7}, {4}, {3}, {2}, {1}], [{8, 6}, {7}, {1, 5}, {4}, {2, 3}], [{8, 6}, {7}, {2, 5}, {1, 4}, {3}], [{8, 6}, {7}, {2, 5}, {3, 4}, {1}], [{8, 6}, {7}, {2, 5}, {4}, {1, 3}], [{8, 6}, {7}, {3, 5}, {1, 4}, {2}], [{8, 6}, {7}, {4, 5}, {2, 3}, {1}], [{8, 6}, {7}, {5}, {1, 4}, {2, 3}], [{8, 6}, {7}, {5}, {1, 4}, {3}, {2}], [{8, 7}, {1, 6}, {2, 5}, {3, 4}], [{8, 7}, {1, 6}, {3, 5}, {2, 4}], [{8, 7}, {1, 6}, {4, 5}, {2, 3}], [{8, 7}, {1, 6}, {5}, {4}, {2, 3}], [{8, 7}, {2, 6}, {1, 5}, {3, 4}], [{8, 7}, {2, 6}, {3, 5}, {1, 4}], [{8, 7}, {2, 6}, {4, 5}, {1, 3}], [{8, 7}, {2, 6}, {5}, {3, 4}, {1}], [{8, 7}, {3, 6}, {1, 5}, {2, 4}], [{8, 7}, {3, 6}, {2, 5}, {1, 4}], [{8, 7}, {3, 6}, {4, 5}, {1, 2}], [{8, 7}, {3, 6}, {5}, {2, 4}, {1}], [{8, 7}, {4, 6}, {1, 5}, {2, 3}], [{8, 7}, {4, 6}, {2, 5}, {1, 3}], [{8, 7}, {4, 6}, {3, 5}, {1, 2}], [{8, 7}, {4, 6}, {5}, {1, 3}, {2}], [{8, 7}, {4, 6}, {5}, {2, 3}, {1}], [{8, 7}, {4, 6}, {5}, {3}, {1, 2}], [{8, 7}, {5, 6}, {1, 4}, {2, 3}], [{8, 7}, {5, 6}, {2, 4}, {1, 3}], [{8, 7}, {5, 6}, {3, 4}, {1, 2}], [{8, 7}, {5, 6}, {3, 4}, {2}, {1}], [{8, 7}, {6}, {1, 5}, {2, 4}, {3}], [{8, 7}, {6}, {2, 5}, {3, 4}, {1}], [{8, 7}, {6}, {5}, {1, 4}, {2, 3}], [{8}, {1, 7}, {2, 6}, {5}, {3, 4}], [{8}, {1, 7}, {3, 6}, {5}, {2, 4}], [{8}, {1, 7}, {4, 6}, {5}, {2, 3}], [{8}, {2, 7}, {1, 6}, {3, 5}, {4}], [{8}, {2, 7}, {1, 6}, {4, 5}, {3}], [{8}, {2, 7}, {1, 6}, {5}, {3, 4}], [{8}, {2, 7}, {3, 6}, {5}, {1, 4}], [{8}, {2, 7}, {4, 6}, {5}, {1, 3}], [{8}, {3, 7}, {4, 6}, {5}, {1, 2}], [{8}, {4, 7}, {1, 6}, {5}, {2, 3}], [{8}, {4, 7}, {2, 6}, {5}, {1, 3}], [{8}, {4, 7}, {3, 6}, {2, 5}, {1}], [{8}, {4, 7}, {6}, {3, 5}, {1, 2}], [{8}, {5, 7}, {1, 6}, {2, 4}, {3}], [{8}, {5, 7}, {2, 6}, {1, 4}, {3}], [{8}, {5, 7}, {3, 6}, {2, 4}, {1}], [{8}, {5, 7}, {4, 6}, {3}, {1, 2}], [{8}, {5, 7}, {6}, {2, 4}, {1, 3}], [{8}, {5, 7}, {6}, {2, 4}, {3}, {1}], [{8}, {6, 7}, {2, 5}, {3, 4}, {1}], [{8}, {6, 7}, {3, 5}, {4}, {1, 2}], [{8}, {6, 7}, {5}, {1, 4}, {2, 3}], [{8}, {6, 7}, {5}, {2, 4}, {1, 3}], [{8}, {7}, {3, 6}, {1, 5}, {2, 4}], [{8}, {7}, {4, 6}, {3, 5}, {1, 2}], [{8}, {7}, {4, 6}, {5}, {3}, {1, 2}], [{8}, {7}, {5, 6}, {2, 4}, {1, 3}]]",2,4 K_1^3 + 2 K_1^2 - 4 K_1 K_2 - K_1 - K_2 + K_3,O1O2O3U4O5U1U3O6U5U7O4U6U2O8O7U8,O1O2U3O4O5U2O6O7U5O3U6U1U7O8U4U8,O1O2U3O4O5U6O3O7U8U5O8U1U7U2O6U4,c,{'O1O2O3U4O5O4U2U6O7U5U8O6U1U3O8U7'},1,"<a href=""/flatknot/8.975637"">8.975637</a>",t^9-56t^7-172t^6+33t^5+446t^4+47t^3-320t^2+85t+16,-t^2+2t,,
8.975638,O1O2O3U4O5O4U2U6O7U5U8O6U3U1O8U7,4,3z^3+29z^2+89z+87,3w^4z^3+29w^3z^2+89w^2z+87w,False,False,"[[ 0  0 -2  1  1  0 -1  2 -1],[ 0  0 -2  1  1  1 -1  1  0],[ 2  2  0  2  2  0  1  2  1],[-1 -1 -2  0  0  0 -2  0  0],[-1 -1 -2  0  0  0 -1  1 -2],[ 0 -1  0  0  0  0  0  0  1],[ 1  1 -1  2  1  0  0  3 -1],[-2 -1 -2  0 -1  0 -3  0 -2],[ 1  0 -1  0  2 -1  1  2  0]]","[[ 0  2  1  1  0  0 -1 -1 -2],[-2  0  0 -1  0 -1 -2 -3 -2],[-1  0  0  0  0 -1  0 -2 -2],[-1  1  0  0  0 -1 -2 -1 -2],[ 0  0  0  0  0 -1  1  0  0],[ 0  1  1  1  1  0  0 -1 -2],[ 1  2  0  2 -1  0  0  1 -1],[ 1  3  2  1  0  1 -1  0 -1],[ 2  2  2  2  0  2  1  1  0]]",True,"[-2,-1,-1,0,0,1,1,2,0,1,0,1,2,3,2,0,0,1,0,2,2,0,1,2,1,2,1,-1,0,0,0,1,2,-1,1,1]","[-2,-1,-1,0,0,1,1,2,0,0,0,2,1,1,2,-1,1,2,0,2,1,0,1,1,0,0,-1,0,0,1,1,1,2,0,0,1]",t^8+48t^6+291t^4+269t^2+9,"[-2,-1,-1,0,0,1,1,2,0,0,0,2,1,1,2,-1,1,2,0,2,1,0,1,1,0,0,-1,0,0,1,1,1,2,0,0,1]","[-2,-1,-1,0,0,1,1,2,0,1,1,2,0,1,2,0,0,1,1,0,1,0,1,0,2,1,1,0,1,0,1,2,2,-1,0,0]","[-2,-1,-1,0,0,1,1,2,1,1,0,2,2,2,2,-1,0,1,1,2,3,-1,0,2,0,2,-1,0,0,0,1,1,1,0,1,0]",c,"[[{8, 4}, {2, 7}, {3, 6}, {1, 5}]]",1,- 8 K_1^2 + 4 K_2 + 5,O1O2O3U4O5U3U1O6U5U7O4U6U2O8O7U8,O1O2U3O4O5U2O6O7U5O3U7U1U6O8U4U8,O1O2U3O4O5U6O3O7U8U5O8U2U7U1O6U4,c,{'O1O2O3U4O5O4U2U6O7U5U8O6U3U1O8U7'},1,"<a href=""/flatknot/8.975638"">8.975638</a>",t^9-48t^7-128t^6+99t^5+408t^4-60t^3-174t^2+141t+12,0,,
8.975639,O1O2O3U4O5O4U2U6O7U1U3O8U7U5O6U8,4,2z^3+31z^2+102z+97,2w^4z^3+31w^3z^2-8w^3z+110w^2z+97w,False,False,"[[ 0 -2 -2  1  1  2 -2  1  1],[ 2  0  0  2  2  3 -1  2  1],[ 2  0  0  1  2  1  0  1  1],[-1 -2 -1  0 -1  1 -3  1  1],[-1 -2 -2  1  0  2 -2  1  0],[-2 -3 -1 -1 -2  0 -2  0  1],[ 2  1  0  3  2  2  0  1  0],[-1 -2 -1 -1 -1  0 -1  0  1],[-1 -1 -1 -1  0 -1  0 -1  0]]","[[ 0  2  1  1  1  1 -2 -2 -2],[-2  0  1  0 -1 -2 -1 -2 -3],[-1 -1  0 -1 -1  0 -1  0 -1],[-1  0  1  0 -1 -1 -1 -1 -2],[-1  1  1  1  0 -1 -1 -3 -2],[-1  2  0  1  1  0 -2 -2 -2],[ 2  1  1  1  1  2  0  0  0],[ 2  2  0  1  3  2  0  0  1],[ 2  3  1  2  2  2  0 -1  0]]",True,"[-2,-1,-1,-1,-1,2,2,2,-1,0,1,2,1,2,3,1,1,0,1,0,1,1,1,1,1,2,1,1,3,2,2,2,2,0,0,-1]","[-2,-2,-2,1,1,1,1,2,-1,0,0,1,2,3,2,0,1,1,1,2,1,2,1,2,2,3,1,-1,-1,0,-1,0,-1,-1,1,2]",t^8+60t^6+240t^4+146t^2+9,"[-2,-2,-2,1,1,1,1,2,-1,0,0,1,2,3,2,0,1,1,1,2,1,2,1,2,2,3,1,-1,-1,0,-1,0,-1,-1,1,2]","[-2,-1,-1,-1,-1,2,2,2,-1,0,1,2,1,2,3,1,1,0,1,1,1,1,1,1,0,2,1,1,2,2,2,3,2,-1,0,0]","[-2,-2,-2,1,1,1,1,2,-1,0,1,2,2,2,3,0,0,1,2,3,2,1,1,2,1,1,-1,0,-1,-1,-1,-1,0,1,2,1]",c,"[[{8, 1}, {2, 7}, {3, 6}, {4, 5}], [{8, 1}, {2, 7}, {4, 6}, {3, 5}], [{8, 1}, {2, 7}, {5, 6}, {3, 4}], [{8, 1}, {3, 7}, {2, 6}, {4, 5}], [{8, 1}, {3, 7}, {4, 6}, {2, 5}], [{8, 1}, {3, 7}, {5, 6}, {2, 4}], [{8, 1}, {4, 7}, {2, 6}, {3, 5}], [{8, 1}, {4, 7}, {3, 6}, {2, 5}], [{8, 1}, {4, 7}, {5, 6}, {2, 3}], [{8, 1}, {4, 7}, {6}, {5}, {2, 3}], [{8, 1}, {5, 7}, {2, 6}, {3, 4}], [{8, 1}, {5, 7}, {3, 6}, {2, 4}], [{8, 1}, {5, 7}, {4, 6}, {2, 3}], [{8, 1}, {5, 7}, {6}, {2, 4}, {3}], [{8, 1}, {6, 7}, {2, 5}, {3, 4}], [{8, 1}, {6, 7}, {3, 5}, {2, 4}], [{8, 1}, {6, 7}, {4, 5}, {2, 3}], [{8, 1}, {6, 7}, {5}, {2, 4}, {3}], [{8, 1}, {6, 7}, {5}, {3, 4}, {2}], [{8, 1}, {6, 7}, {5}, {4}, {2, 3}], [{8, 1}, {7}, {4, 6}, {5}, {2, 3}], [{8, 1}, {7}, {5, 6}, {2, 4}, {3}], [{8, 1}, {7}, {6}, {2, 5}, {3, 4}], [{8, 2}, {1, 7}, {3, 6}, {4, 5}], [{8, 2}, {1, 7}, {4, 6}, {3, 5}], [{8, 2}, {1, 7}, {5, 6}, {3, 4}], [{8, 2}, {3, 7}, {1, 6}, {4, 5}], [{8, 2}, {3, 7}, {4, 6}, {1, 5}], [{8, 2}, {3, 7}, {5, 6}, {1, 4}], [{8, 2}, {4, 7}, {1, 6}, {3, 5}], [{8, 2}, {4, 7}, {3, 6}, {1, 5}], [{8, 2}, {4, 7}, {5, 6}, {1, 3}], [{8, 2}, {5, 7}, {1, 6}, {3, 4}], [{8, 2}, {5, 7}, {3, 6}, {1, 4}], [{8, 2}, {5, 7}, {4, 6}, {1, 3}], [{8, 2}, {6, 7}, {1, 5}, {3, 4}], [{8, 2}, {6, 7}, {3, 5}, {1, 4}], [{8, 2}, {6, 7}, {4, 5}, {1, 3}], [{8, 2}, {7}, {3, 6}, {5}, {1, 4}], [{8, 2}, {7}, {4, 6}, {5}, {1, 3}], [{8, 2}, {7}, {5, 6}, {4}, {1, 3}], [{8, 2}, {7}, {6}, {1, 5}, {3, 4}], [{8, 2}, {7}, {6}, {4, 5}, {1, 3}], [{8, 3}, {1, 7}, {2, 6}, {4, 5}], [{8, 3}, {1, 7}, {4, 6}, {2, 5}], [{8, 3}, {1, 7}, {5, 6}, {2, 4}], [{8, 3}, {1, 7}, {6}, {5}, {2, 4}], [{8, 3}, {2, 7}, {1, 6}, {4, 5}], [{8, 3}, {2, 7}, {4, 6}, {1, 5}], [{8, 3}, {2, 7}, {5, 6}, {1, 4}], [{8, 3}, {4, 7}, {1, 6}, {2, 5}], [{8, 3}, {4, 7}, {2, 6}, {1, 5}], [{8, 3}, {4, 7}, {2, 6}, {5}, {1}], [{8, 3}, {4, 7}, {5, 6}, {1, 2}], [{8, 3}, {5, 7}, {1, 6}, {2, 4}], [{8, 3}, {5, 7}, {2, 6}, {1, 4}], [{8, 3}, {5, 7}, {4, 6}, {1, 2}], [{8, 3}, {6, 7}, {1, 5}, {2, 4}], [{8, 3}, {6, 7}, {2, 5}, {1, 4}], [{8, 3}, {6, 7}, {4, 5}, {1, 2}], [{8, 3}, {7}, {2, 6}, {1, 5}, {4}], [{8, 3}, {7}, {4, 6}, {5}, {1, 2}], [{8, 3}, {7}, {5, 6}, {2, 4}, {1}], [{8, 4}, {1, 7}, {2, 6}, {3, 5}], [{8, 4}, {1, 7}, {3, 6}, {2, 5}], [{8, 4}, {1, 7}, {5, 6}, {2, 3}], [{8, 4}, {2, 7}, {1, 6}, {3, 5}], [{8, 4}, {2, 7}, {3, 6}, {1, 5}], [{8, 4}, {2, 7}, {5, 6}, {1, 3}], [{8, 4}, {3, 7}, {1, 6}, {2, 5}], [{8, 4}, {3, 7}, {2, 6}, {1, 5}], [{8, 4}, {3, 7}, {5, 6}, {1, 2}], [{8, 4}, {3, 7}, {6}, {5}, {1, 2}], [{8, 4}, {5, 7}, {1, 6}, {2, 3}], [{8, 4}, {5, 7}, {2, 6}, {1, 3}], [{8, 4}, {5, 7}, {3, 6}, {1, 2}], [{8, 4}, {6, 7}, {1, 5}, {2, 3}], [{8, 4}, {6, 7}, {2, 5}, {1, 3}], [{8, 4}, {6, 7}, {3, 5}, {1, 2}], [{8, 4}, {6, 7}, {5}, {2, 3}, {1}], [{8, 4}, {7}, {1, 6}, {3, 5}, {2}], [{8, 4}, {7}, {2, 6}, {5}, {1, 3}], [{8, 4}, {7}, {5, 6}, {1, 3}, {2}], [{8, 4}, {7}, {6}, {2, 5}, {1, 3}], [{8, 5}, {1, 7}, {2, 6}, {3, 4}], [{8, 5}, {1, 7}, {3, 6}, {2, 4}], [{8, 5}, {1, 7}, {4, 6}, {2, 3}], [{8, 5}, {2, 7}, {1, 6}, {3, 4}], [{8, 5}, {2, 7}, {3, 6}, {1, 4}], [{8, 5}, {2, 7}, {4, 6}, {1, 3}], [{8, 5}, {3, 7}, {1, 6}, {2, 4}], [{8, 5}, {3, 7}, {2, 6}, {1, 4}], [{8, 5}, {3, 7}, {4, 6}, {1, 2}], [{8, 5}, {4, 7}, {1, 6}, {2, 3}], [{8, 5}, {4, 7}, {2, 6}, {1, 3}], [{8, 5}, {4, 7}, {3, 6}, {1, 2}], [{8, 5}, {6, 7}, {1, 4}, {2, 3}], [{8, 5}, {6, 7}, {2, 4}, {1, 3}], [{8, 5}, {6, 7}, {2, 4}, {3}, {1}], [{8, 5}, {6, 7}, {3, 4}, {1, 2}], [{8, 5}, {7}, {2, 6}, {4}, {1, 3}], [{8, 5}, {7}, {3, 6}, {1, 4}, {2}], [{8, 5}, {7}, {4, 6}, {1, 3}, {2}], [{8, 5}, {7}, {6}, {2, 4}, {1, 3}], [{8, 6}, {1, 7}, {2, 5}, {3, 4}], [{8, 6}, {1, 7}, {3, 5}, {2, 4}], [{8, 6}, {1, 7}, {4, 5}, {2, 3}], [{8, 6}, {1, 7}, {5}, {2, 4}, {3}], [{8, 6}, {2, 7}, {1, 5}, {3, 4}], [{8, 6}, {2, 7}, {3, 5}, {1, 4}], [{8, 6}, {2, 7}, {4, 5}, {1, 3}], [{8, 6}, {3, 7}, {1, 5}, {2, 4}], [{8, 6}, {3, 7}, {2, 5}, {1, 4}], [{8, 6}, {3, 7}, {4, 5}, {1, 2}], [{8, 6}, {3, 7}, {5}, {2, 4}, {1}], [{8, 6}, {4, 7}, {1, 5}, {2, 3}], [{8, 6}, {4, 7}, {2, 5}, {1, 3}], [{8, 6}, {4, 7}, {3, 5}, {1, 2}], [{8, 6}, {5, 7}, {1, 4}, {2, 3}], [{8, 6}, {5, 7}, {2, 4}, {1, 3}], [{8, 6}, {5, 7}, {3, 4}, {1, 2}], [{8, 6}, {7}, {2, 5}, {4}, {1, 3}], [{8, 6}, {7}, {4, 5}, {1, 3}, {2}], [{8, 6}, {7}, {5}, {2, 4}, {1, 3}], [{8, 7}, {1, 6}, {2, 5}, {3, 4}], [{8, 7}, {1, 6}, {2, 5}, {4}, {3}], [{8, 7}, {1, 6}, {3, 5}, {2, 4}], [{8, 7}, {1, 6}, {3, 5}, {4}, {2}], [{8, 7}, {1, 6}, {4, 5}, {2, 3}], [{8, 7}, {1, 6}, {4, 5}, {3}, {2}], [{8, 7}, {1, 6}, {5}, {2, 4}, {3}], [{8, 7}, {1, 6}, {5}, {3, 4}, {2}], [{8, 7}, {1, 6}, {5}, {4}, {2, 3}], [{8, 7}, {1, 6}, {5}, {4}, {3}, {2}], [{8, 7}, {2, 6}, {1, 5}, {3, 4}], [{8, 7}, {2, 6}, {3, 5}, {1, 4}], [{8, 7}, {2, 6}, {4, 5}, {1, 3}], [{8, 7}, {3, 6}, {1, 5}, {2, 4}], [{8, 7}, {3, 6}, {2, 5}, {1, 4}], [{8, 7}, {3, 6}, {4, 5}, {1, 2}], [{8, 7}, {3, 6}, {5}, {1, 4}, {2}], [{8, 7}, {4, 6}, {1, 5}, {2, 3}], [{8, 7}, {4, 6}, {2, 5}, {1, 3}], [{8, 7}, {4, 6}, {3, 5}, {1, 2}], [{8, 7}, {4, 6}, {5}, {1, 3}, {2}], [{8, 7}, {5, 6}, {1, 4}, {2, 3}], [{8, 7}, {5, 6}, {2, 4}, {1, 3}], [{8, 7}, {5, 6}, {3, 4}, {1, 2}], [{8, 7}, {6}, {3, 5}, {2, 4}, {1}], [{8}, {1, 7}, {3, 6}, {2, 5}, {4}], [{8}, {1, 7}, {3, 6}, {4, 5}, {2}], [{8}, {1, 7}, {3, 6}, {5}, {2, 4}], [{8}, {2, 7}, {3, 6}, {1, 5}, {4}], [{8}, {2, 7}, {3, 6}, {4, 5}, {1}], [{8}, {2, 7}, {3, 6}, {5}, {1, 4}], [{8}, {2, 7}, {4, 6}, {5}, {1, 3}], [{8}, {2, 7}, {5, 6}, {3, 4}, {1}], [{8}, {3, 7}, {2, 6}, {5}, {1, 4}], [{8}, {3, 7}, {5, 6}, {4}, {1, 2}], [{8}, {3, 7}, {6}, {1, 5}, {2, 4}], [{8}, {4, 7}, {1, 6}, {3, 5}, {2}], [{8}, {4, 7}, {3, 6}, {1, 5}, {2}], [{8}, {4, 7}, {3, 6}, {2, 5}, {1}], [{8}, {4, 7}, {3, 6}, {5}, {1, 2}], [{8}, {5, 7}, {3, 6}, {1, 4}, {2}], [{8}, {5, 7}, {3, 6}, {2, 4}, {1}], [{8}, {5, 7}, {3, 6}, {4}, {1, 2}], [{8}, {5, 7}, {4, 6}, {1, 3}, {2}], [{8}, {6, 7}, {1, 5}, {2, 4}, {3}], [{8}, {6, 7}, {2, 5}, {3, 4}, {1}], [{8}, {6, 7}, {5}, {1, 4}, {2, 3}], [{8}, {7}, {2, 6}, {4, 5}, {1, 3}], [{8}, {7}, {3, 6}, {1, 5}, {2, 4}], [{8}, {7}, {3, 6}, {2, 5}, {1, 4}], [{8}, {7}, {3, 6}, {4, 5}, {1, 2}], [{8}, {7}, {3, 6}, {5}, {1, 4}, {2}], [{8}, {7}, {4, 6}, {2, 5}, {1, 3}], [{8}, {7}, {4, 6}, {5}, {1, 3}, {2}], [{8}, {7}, {5, 6}, {2, 4}, {1, 3}]]",2,8 K_1^3 - 4 K_1^2 - 8 K_1 K_2 - 2 K_1 + 2 K_2 + 2 K_3 + 3,O1O2O3U4O5U6U7O4U1U3O7U5U2O8O6U8,O1O2U3O4O5U6O3O7U2O6U4U1U5O8U7U8,O1O2U3O4O5U2O6O7U8U1O8U4U7U5O3U6,c,{'O1O2O3U4O5O4U2U6O7U1U3O8U7U5O6U8'},1,"<a href=""/flatknot/8.975639"">8.975639</a>",t^9-64t^7-178t^6+124t^5+384t^4-336t^3-40t^2+32t-10,2t^2-4t,,
8.975640,O1O2O3U4O5O4U2U6O7U1U3O8U7U8O6U5,4,18z^2+103z+135,18w^3z^2+103w^2z+135w,False,False,"[[ 0 -2 -2  1  1  2 -2  1  1],[ 2  0  0  2  2  2  0  2  1],[ 2  0  0  1  2  1  1  1  0],[-1 -2 -1  0 -1  0 -2  1  1],[-1 -2 -2  1  0  2 -3  1  1],[-2 -2 -1  0 -2  0 -2 -1  1],[ 2  0 -1  2  3  2  0  2  0],[-1 -2 -1 -1 -1  1 -2  0  1],[-1 -1  0 -1 -1 -1  0 -1  0]]","[[ 0  2  1  1  1  1 -2 -2 -2],[-2  0  1  0 -1 -2 -1 -2 -2],[-1 -1  0 -1 -1 -1  0  0 -1],[-1  0  1  0  1 -1 -1 -2 -2],[-1  1  1 -1  0 -1 -1 -2 -2],[-1  2  1  1  1  0 -2 -3 -2],[ 2  1  0  1  1  2  0  1  0],[ 2  2  0  2  2  3 -1  0  0],[ 2  2  1  2  2  2  0  0  0]]",True,"[-2,-1,-1,-1,-1,2,2,2,-1,0,1,2,1,2,2,1,1,1,0,0,1,-1,1,1,2,2,1,1,2,2,2,3,2,-1,0,0]","[-2,-2,-2,1,1,1,1,2,-1,0,0,2,2,3,2,0,0,1,1,2,1,1,2,2,2,2,-1,-1,-1,-1,-1,-1,1,-1,0,2]",t^8+58t^6+169t^4+123t^2+1,"[-2,-2,-2,1,1,1,1,2,-1,0,1,2,2,3,3,0,0,1,1,3,2,1,1,1,2,2,-1,-1,-1,-1,-1,-1,1,-1,0,2]","[-2,-1,-1,-1,-1,2,2,2,-1,0,1,2,2,2,3,1,1,1,0,1,1,-1,1,1,1,2,1,1,1,2,3,2,3,0,-1,0]","[-2,-2,-2,1,1,1,1,2,-1,0,0,2,2,3,2,0,0,1,1,2,1,1,2,2,2,2,-1,-1,-1,-1,-1,-1,1,-1,0,2]",c,"[[{8, 1}, {5, 7}, {3, 6}, {2, 4}], [{8, 1}, {5, 7}, {6}, {2, 4}, {3}]]",1,12 K_1^3 - 24 K_1^2 - 24 K_1 K_2 + 3 K_1 + 12 K_2 + 9 K_3 + 13,O1O2O3U4O5U6U7O6U1U3O7U5U2O8O4U8,O1O2U3O4O5U6O3O6U2O7U4U1U5O8U7U8,O1O2U1O3O4U2O5O6U7U8O7U3U6U4O8U5,c,{'O1O2O3U4O5O4U2U6O7U1U3O8U7U8O6U5'},1,"<a href=""/flatknot/8.975640"">8.975640</a>",t^9-62t^7-170t^6+31t^5+372t^4+150t^3-120t^2+21t+56,2t^2-4t,,
8.975641,O1O2O3U4O5O4U2U6O7U1U5O8U7U3O6U8,4,4z^3+38z^2+107z+95,4w^4z^3+38w^3z^2+107w^2z+95w,False,False,"[[ 0 -2 -2  2  1  1 -2  1  1],[ 2  0  0  4  2  1 -1  2  1],[ 2  0  0  2  2  0  0  1  1],[-2 -4 -2  0 -1 -2 -3  1  1],[-1 -2 -2  1  0  1 -2  0  1],[-1 -1  0  2 -1  0 -2  1  0],[ 2  1  0  3  2  2  0  1  0],[-1 -2 -1 -1  0 -1 -1  0  1],[-1 -1 -1 -1 -1  0  0 -1  0]]","[[ 0  2  1  1  1  1 -2 -2 -2],[-2  0  1  1 -1 -2 -2 -3 -4],[-1 -1  0  1  0 -1 -1 -1 -2],[-1 -1 -1  0 -1  0 -1  0 -1],[-1  1  0  1  0  1 -2 -2 -2],[-1  2  1  0 -1  0  0 -2 -1],[ 2  2  1  1  2  0  0  0  0],[ 2  3  1  0  2  2  0  0  1],[ 2  4  2  1  2  1  0 -1  0]]",True,"[-2,-1,-1,-1,-1,2,2,2,-1,-1,1,2,2,3,4,-1,0,1,1,1,2,1,0,1,0,1,-1,2,2,2,0,2,1,0,0,-1]","[-2,-2,-2,1,1,1,1,2,-1,0,1,1,2,2,4,0,0,2,1,2,3,1,0,1,2,2,0,-1,-1,-1,1,-1,2,0,-1,1]",t^8+66t^6+392t^4+136t^2+4,"[-2,-2,-2,1,1,1,1,2,-1,0,1,1,2,3,1,0,1,2,1,2,0,1,3,2,2,2,-1,0,-1,0,-1,0,-1,-1,2,2]","[-2,-1,-1,-1,-1,2,2,2,-1,0,2,2,0,1,2,-1,0,1,2,1,3,1,0,1,1,1,-1,2,3,2,1,2,2,-1,0,0]","[-2,-2,-2,1,1,1,1,2,-1,0,1,1,2,2,4,0,0,2,1,2,3,1,0,1,2,2,0,-1,-1,-1,1,-1,2,0,-1,1]",c,"[[{8, 1}, {2, 7}, {3, 6}, {4, 5}], [{8, 1}, {2, 7}, {4, 6}, {3, 5}], [{8, 1}, {2, 7}, {5, 6}, {3, 4}], [{8, 1}, {3, 7}, {2, 6}, {4, 5}], [{8, 1}, {3, 7}, {4, 6}, {2, 5}], [{8, 1}, {3, 7}, {5, 6}, {2, 4}], [{8, 1}, {3, 7}, {6}, {2, 5}, {4}], [{8, 1}, {4, 7}, {2, 6}, {3, 5}], [{8, 1}, {4, 7}, {3, 6}, {2, 5}], [{8, 1}, {4, 7}, {5, 6}, {2, 3}], [{8, 1}, {4, 7}, {6}, {2, 5}, {3}], [{8, 1}, {5, 7}, {2, 6}, {3, 4}], [{8, 1}, {5, 7}, {3, 6}, {2, 4}], [{8, 1}, {5, 7}, {4, 6}, {2, 3}], [{8, 1}, {5, 7}, {4, 6}, {3}, {2}], [{8, 1}, {6, 7}, {2, 5}, {3, 4}], [{8, 1}, {6, 7}, {3, 5}, {2, 4}], [{8, 1}, {6, 7}, {4, 5}, {2, 3}], [{8, 1}, {6, 7}, {5}, {3, 4}, {2}], [{8, 1}, {7}, {4, 6}, {5}, {2, 3}], [{8, 1}, {7}, {5, 6}, {2, 4}, {3}], [{8, 1}, {7}, {6}, {2, 5}, {3, 4}], [{8, 2}, {1, 7}, {3, 6}, {4, 5}], [{8, 2}, {1, 7}, {4, 6}, {3, 5}], [{8, 2}, {1, 7}, {5, 6}, {3, 4}], [{8, 2}, {3, 7}, {1, 6}, {4, 5}], [{8, 2}, {3, 7}, {4, 6}, {1, 5}], [{8, 2}, {3, 7}, {5, 6}, {1, 4}], [{8, 2}, {4, 7}, {1, 6}, {3, 5}], [{8, 2}, {4, 7}, {3, 6}, {1, 5}], [{8, 2}, {4, 7}, {5, 6}, {1, 3}], [{8, 2}, {5, 7}, {1, 6}, {3, 4}], [{8, 2}, {5, 7}, {3, 6}, {1, 4}], [{8, 2}, {5, 7}, {4, 6}, {1, 3}], [{8, 2}, {6, 7}, {1, 5}, {3, 4}], [{8, 2}, {6, 7}, {3, 5}, {1, 4}], [{8, 2}, {6, 7}, {4, 5}, {1, 3}], [{8, 2}, {7}, {5, 6}, {1, 4}, {3}], [{8, 3}, {1, 7}, {2, 6}, {4, 5}], [{8, 3}, {1, 7}, {4, 6}, {2, 5}], [{8, 3}, {1, 7}, {5, 6}, {2, 4}], [{8, 3}, {1, 7}, {6}, {4, 5}, {2}], [{8, 3}, {2, 7}, {1, 6}, {4, 5}], [{8, 3}, {2, 7}, {4, 6}, {1, 5}], [{8, 3}, {2, 7}, {5, 6}, {1, 4}], [{8, 3}, {4, 7}, {1, 6}, {2, 5}], [{8, 3}, {4, 7}, {2, 6}, {1, 5}], [{8, 3}, {4, 7}, {5, 6}, {1, 2}], [{8, 3}, {5, 7}, {1, 6}, {2, 4}], [{8, 3}, {5, 7}, {2, 6}, {1, 4}], [{8, 3}, {5, 7}, {4, 6}, {1, 2}], [{8, 3}, {5, 7}, {6}, {2, 4}, {1}], [{8, 3}, {6, 7}, {1, 5}, {2, 4}], [{8, 3}, {6, 7}, {2, 5}, {1, 4}], [{8, 3}, {6, 7}, {2, 5}, {4}, {1}], [{8, 3}, {6, 7}, {4, 5}, {1, 2}], [{8, 4}, {1, 7}, {2, 6}, {3, 5}], [{8, 4}, {1, 7}, {3, 6}, {2, 5}], [{8, 4}, {1, 7}, {5, 6}, {2, 3}], [{8, 4}, {2, 7}, {1, 6}, {3, 5}], [{8, 4}, {2, 7}, {3, 6}, {1, 5}], [{8, 4}, {2, 7}, {5, 6}, {1, 3}], [{8, 4}, {3, 7}, {1, 6}, {2, 5}], [{8, 4}, {3, 7}, {2, 6}, {1, 5}], [{8, 4}, {3, 7}, {5, 6}, {1, 2}], [{8, 4}, {5, 7}, {1, 6}, {2, 3}], [{8, 4}, {5, 7}, {2, 6}, {1, 3}], [{8, 4}, {5, 7}, {3, 6}, {1, 2}], [{8, 4}, {6, 7}, {1, 5}, {2, 3}], [{8, 4}, {6, 7}, {2, 5}, {1, 3}], [{8, 4}, {6, 7}, {2, 5}, {3}, {1}], [{8, 4}, {6, 7}, {3, 5}, {1, 2}], [{8, 5}, {1, 7}, {2, 6}, {3, 4}], [{8, 5}, {1, 7}, {3, 6}, {2, 4}], [{8, 5}, {1, 7}, {4, 6}, {2, 3}], [{8, 5}, {1, 7}, {4, 6}, {3}, {2}], [{8, 5}, {2, 7}, {1, 6}, {3, 4}], [{8, 5}, {2, 7}, {3, 6}, {1, 4}], [{8, 5}, {2, 7}, {4, 6}, {1, 3}], [{8, 5}, {3, 7}, {1, 6}, {2, 4}], [{8, 5}, {3, 7}, {2, 6}, {1, 4}], [{8, 5}, {3, 7}, {4, 6}, {1, 2}], [{8, 5}, {3, 7}, {6}, {2, 4}, {1}], [{8, 5}, {4, 7}, {1, 6}, {2, 3}], [{8, 5}, {4, 7}, {2, 6}, {1, 3}], [{8, 5}, {4, 7}, {3, 6}, {1, 2}], [{8, 5}, {6, 7}, {1, 4}, {2, 3}], [{8, 5}, {6, 7}, {1, 4}, {3}, {2}], [{8, 5}, {6, 7}, {2, 4}, {1, 3}], [{8, 5}, {6, 7}, {3, 4}, {1, 2}], [{8, 5}, {7}, {2, 6}, {4}, {1, 3}], [{8, 5}, {7}, {3, 6}, {4}, {1, 2}], [{8, 5}, {7}, {6}, {1, 4}, {2, 3}], [{8, 6}, {1, 7}, {2, 5}, {3, 4}], [{8, 6}, {1, 7}, {3, 5}, {2, 4}], [{8, 6}, {1, 7}, {4, 5}, {2, 3}], [{8, 6}, {2, 7}, {1, 5}, {3, 4}], [{8, 6}, {2, 7}, {3, 5}, {1, 4}], [{8, 6}, {2, 7}, {4, 5}, {1, 3}], [{8, 6}, {3, 7}, {1, 5}, {2, 4}], [{8, 6}, {3, 7}, {2, 5}, {1, 4}], [{8, 6}, {3, 7}, {4, 5}, {1, 2}], [{8, 6}, {3, 7}, {4, 5}, {2}, {1}], [{8, 6}, {4, 7}, {1, 5}, {2, 3}], [{8, 6}, {4, 7}, {2, 5}, {1, 3}], [{8, 6}, {4, 7}, {3, 5}, {1, 2}], [{8, 6}, {5, 7}, {1, 4}, {2, 3}], [{8, 6}, {5, 7}, {1, 4}, {3}, {2}], [{8, 6}, {5, 7}, {2, 4}, {1, 3}], [{8, 6}, {5, 7}, {3, 4}, {1, 2}], [{8, 6}, {7}, {2, 5}, {3, 4}, {1}], [{8, 7}, {1, 6}, {2, 5}, {3, 4}], [{8, 7}, {1, 6}, {2, 5}, {4}, {3}], [{8, 7}, {1, 6}, {3, 5}, {2, 4}], [{8, 7}, {1, 6}, {3, 5}, {4}, {2}], [{8, 7}, {1, 6}, {4, 5}, {2, 3}], [{8, 7}, {1, 6}, {4, 5}, {3}, {2}], [{8, 7}, {1, 6}, {5}, {2, 4}, {3}], [{8, 7}, {1, 6}, {5}, {3, 4}, {2}], [{8, 7}, {1, 6}, {5}, {4}, {2, 3}], [{8, 7}, {1, 6}, {5}, {4}, {3}, {2}], [{8, 7}, {2, 6}, {1, 5}, {3, 4}], [{8, 7}, {2, 6}, {3, 5}, {1, 4}], [{8, 7}, {2, 6}, {4, 5}, {1, 3}], [{8, 7}, {2, 6}, {5}, {4}, {1, 3}], [{8, 7}, {3, 6}, {1, 5}, {2, 4}], [{8, 7}, {3, 6}, {1, 5}, {4}, {2}], [{8, 7}, {3, 6}, {2, 5}, {1, 4}], [{8, 7}, {3, 6}, {2, 5}, {4}, {1}], [{8, 7}, {3, 6}, {4, 5}, {1, 2}], [{8, 7}, {3, 6}, {4, 5}, {2}, {1}], [{8, 7}, {3, 6}, {5}, {1, 4}, {2}], [{8, 7}, {3, 6}, {5}, {2, 4}, {1}], [{8, 7}, {3, 6}, {5}, {4}, {1, 2}], [{8, 7}, {3, 6}, {5}, {4}, {2}, {1}], [{8, 7}, {4, 6}, {1, 5}, {2, 3}], [{8, 7}, {4, 6}, {2, 5}, {1, 3}], [{8, 7}, {4, 6}, {2, 5}, {3}, {1}], [{8, 7}, {4, 6}, {3, 5}, {1, 2}], [{8, 7}, {4, 6}, {5}, {1, 3}, {2}], [{8, 7}, {5, 6}, {1, 4}, {2, 3}], [{8, 7}, {5, 6}, {2, 4}, {1, 3}], [{8, 7}, {5, 6}, {3, 4}, {1, 2}], [{8, 7}, {5, 6}, {4}, {1, 3}, {2}], [{8, 7}, {6}, {2, 5}, {1, 4}, {3}], [{8, 7}, {6}, {2, 5}, {3, 4}, {1}], [{8, 7}, {6}, {2, 5}, {4}, {1, 3}], [{8, 7}, {6}, {4, 5}, {1, 3}, {2}], [{8, 7}, {6}, {5}, {2, 4}, {1, 3}], [{8, 7}, {6}, {5}, {4}, {1, 3}, {2}], [{8}, {1, 7}, {6}, {2, 5}, {3, 4}], [{8}, {2, 7}, {4, 6}, {1, 5}, {3}], [{8}, {5, 7}, {2, 6}, {4}, {1, 3}], [{8}, {5, 7}, {3, 6}, {4}, {1, 2}], [{8}, {5, 7}, {4, 6}, {2, 3}, {1}], [{8}, {6, 7}, {1, 5}, {2, 4}, {3}], [{8}, {6, 7}, {2, 5}, {3, 4}, {1}], [{8}, {6, 7}, {5}, {1, 4}, {2, 3}], [{8}, {7}, {1, 6}, {2, 5}, {3, 4}], [{8}, {7}, {1, 6}, {3, 5}, {2, 4}], [{8}, {7}, {3, 6}, {2, 5}, {1, 4}], [{8}, {7}, {4, 6}, {2, 5}, {1, 3}], [{8}, {7}, {6}, {2, 5}, {3, 4}, {1}]]",2,4 K_1^3 - 4 K_1^2 - 4 K_1 K_2 - K_1 + 2 K_2 + K_3 + 3,O1O2O3U4O5U1U6O4U7U3O6U5U2O8O7U8,O1O2U3O4O5U6O3O7U2O6U4U1U7O8U5U8,O1O2U3O4O5U2O6O7U8U4O8U1U7U5O3U6,c,{'O1O2O3U4O5O4U2U6O7U1U5O8U7U3O6U8'},1,"<a href=""/flatknot/8.975641"">8.975641</a>",t^9-70t^7-180t^6+162t^5+678t^4+93t^3-592t^2-170t+86,2t^2-4t,,
8.975642,O1O2O3U4O5O4U2U6O7U1U5O8U7U8O6U3,4,2z^3+23z^2+102z+129,2w^4z^3+23w^3z^2+102w^2z+129w,False,False,"[[ 0 -2 -2  2  1  1 -2  1  1],[ 2  0  0  3  2  1  0  2  1],[ 2  0  0  2  2  0  1  1  0],[-2 -3 -2  0 -1 -1 -3  0  1],[-1 -2 -2  1  0  1 -2  0  1],[-1 -1  0  1 -1  0 -2  1  1],[ 2  0 -1  3  2  2  0  2  0],[-1 -2 -1  0  0 -1 -2  0  1],[-1 -1  0 -1 -1 -1  0 -1  0]]","[[ 0  2  1  1  1  1 -2 -2 -2],[-2  0  1  0 -1 -1 -2 -3 -3],[-1 -1  0 -1 -1 -1  0  0 -1],[-1  0  1  0  0 -1 -1 -2 -2],[-1  1  1  0  0  1 -2 -2 -2],[-1  1  1  1 -1  0  0 -2 -1],[ 2  2  0  1  2  0  0  1  0],[ 2  3  0  2  2  2 -1  0  0],[ 2  3  1  2  2  1  0  0  0]]",True,"[-2,-1,-1,-1,-1,2,2,2,-1,0,1,1,2,3,3,1,1,1,0,0,1,0,1,1,2,2,-1,2,2,2,0,2,1,-1,0,0]","[-2,-2,-2,1,1,1,1,2,-1,0,0,2,2,2,3,0,0,0,1,2,2,1,1,2,2,3,-1,-1,-1,-1,1,-1,1,0,0,1]",t^8+58t^6+258t^4+141t^2+4,"[-2,-2,-2,1,1,1,1,2,-1,0,1,2,3,3,2,0,1,1,1,3,1,1,1,2,2,1,0,-1,-1,0,1,-1,1,-1,0,2]","[-2,-1,-1,-1,-1,2,2,2,0,0,1,2,1,1,2,-1,1,1,1,2,3,0,1,1,1,1,1,1,1,2,3,2,3,0,-1,0]","[-2,-2,-2,1,1,1,1,2,-1,0,0,2,2,2,3,0,0,0,1,2,2,1,1,2,2,3,-1,-1,-1,-1,1,-1,1,0,0,1]",c,"[[{8, 5}, {6, 7}, {2, 4}, {1, 3}], [{8, 5}, {6, 7}, {4}, {1, 3}, {2}], [{8, 6}, {5, 7}, {2, 4}, {1, 3}], [{8, 7}, {4, 6}, {2, 5}, {1, 3}], [{8}, {7}, {4, 6}, {2, 5}, {1, 3}]]",1,4 K_1^3 - 20 K_1^2 - 4 K_1 K_2 - K_1 + 10 K_2 + K_3 + 11,O1O2O3U1O4U5U6O5U7U3O6U4U2O8O7U8,O1O2U3O4O5U6O3O6U2O7U4U1U7O8U5U8,O1O2U1O3O4U2O5O6U7U3O7U8U6U4O8U5,c,{'O1O2O3U4O5O4U2U6O7U1U5O8U7U8O6U3'},1,"<a href=""/flatknot/8.975642"">8.975642</a>",t^9-62t^7-110t^6+182t^5+342t^4-30t^3-184t^2+t+24,2t^2-4t,,
8.975643,O1O2O3U4O5O4U2U6O7U1U7O8U5U3O6U8,4,3z^3+32z^2+108z+113,3w^4z^3+32w^3z^2+108w^2z+113w,False,False,"[[ 0 -2 -2  2  1  1 -2  1  1],[ 2  0  0  4  2  2 -1  1  1],[ 2  0  0  2  2  0  0  0  2],[-2 -4 -2  0 -1 -1 -3  0  1],[-1 -2 -2  1  0  1 -2  1  0],[-1 -2  0  1 -1  0 -1  0  0],[ 2  1  0  3  2  1  0  1  1],[-1 -1  0  0 -1  0 -1  0  0],[-1 -1 -2 -1  0  0 -1  0  0]]","[[ 0  2  1  1  1  1 -2 -2 -2],[-2  0  1  0 -1 -1 -2 -3 -4],[-1 -1  0  0  0  0 -2 -1 -1],[-1  0  0  0  0 -1  0 -1 -1],[-1  1  0  0  0 -1  0 -1 -2],[-1  1  0  1  1  0 -2 -2 -2],[ 2  2  2  0  0  2  0  0  0],[ 2  3  1  1  1  2  0  0  1],[ 2  4  1  1  2  2  0 -1  0]]",True,"[-2,-1,-1,-1,-1,2,2,2,-1,0,1,1,2,3,4,0,0,0,2,1,1,0,1,0,1,1,1,0,1,2,2,2,2,0,0,-1]","[-2,-2,-2,1,1,1,1,2,-1,0,1,1,2,2,4,0,1,1,1,2,3,0,2,0,2,2,0,0,-1,0,0,0,-1,-1,1,1]",t^8+60t^6+331t^4+105t^2+4,"[-2,-2,-2,1,1,1,1,2,-1,0,1,2,2,2,1,0,1,1,2,2,0,1,3,1,3,2,-1,0,-1,0,0,0,0,0,2,1]","[-2,-1,-1,-1,-1,2,2,2,0,0,1,2,0,1,2,-1,0,0,1,2,3,1,0,1,1,1,0,2,2,3,2,2,1,-1,0,0]","[-2,-2,-2,1,1,1,1,2,-1,0,1,1,2,2,4,0,1,1,1,2,3,0,2,0,2,2,0,0,-1,0,0,0,-1,-1,1,1]",c,"[[{8, 1}, {2, 7}, {3, 6}, {4, 5}], [{8, 1}, {2, 7}, {3, 6}, {5}, {4}], [{8, 1}, {2, 7}, {4, 6}, {3, 5}], [{8, 1}, {2, 7}, {5, 6}, {3, 4}], [{8, 1}, {2, 7}, {6}, {4, 5}, {3}], [{8, 1}, {3, 7}, {2, 6}, {4, 5}], [{8, 1}, {3, 7}, {4, 6}, {2, 5}], [{8, 1}, {3, 7}, {5, 6}, {2, 4}], [{8, 1}, {3, 7}, {5, 6}, {4}, {2}], [{8, 1}, {4, 7}, {2, 6}, {3, 5}], [{8, 1}, {4, 7}, {3, 6}, {2, 5}], [{8, 1}, {4, 7}, {3, 6}, {5}, {2}], [{8, 1}, {4, 7}, {5, 6}, {2, 3}], [{8, 1}, {5, 7}, {2, 6}, {3, 4}], [{8, 1}, {5, 7}, {3, 6}, {2, 4}], [{8, 1}, {5, 7}, {3, 6}, {4}, {2}], [{8, 1}, {5, 7}, {4, 6}, {2, 3}], [{8, 1}, {6, 7}, {2, 5}, {3, 4}], [{8, 1}, {6, 7}, {3, 5}, {2, 4}], [{8, 1}, {6, 7}, {3, 5}, {4}, {2}], [{8, 1}, {6, 7}, {4, 5}, {2, 3}], [{8, 1}, {7}, {3, 6}, {2, 5}, {4}], [{8, 1}, {7}, {3, 6}, {4, 5}, {2}], [{8, 1}, {7}, {3, 6}, {5}, {2, 4}], [{8, 1}, {7}, {3, 6}, {5}, {4}, {2}], [{8, 2}, {1, 7}, {3, 6}, {4, 5}], [{8, 2}, {1, 7}, {4, 6}, {3, 5}], [{8, 2}, {1, 7}, {5, 6}, {3, 4}], [{8, 2}, {1, 7}, {5, 6}, {4}, {3}], [{8, 2}, {3, 7}, {1, 6}, {4, 5}], [{8, 2}, {3, 7}, {1, 6}, {5}, {4}], [{8, 2}, {3, 7}, {4, 6}, {1, 5}], [{8, 2}, {3, 7}, {5, 6}, {1, 4}], [{8, 2}, {4, 7}, {1, 6}, {3, 5}], [{8, 2}, {4, 7}, {3, 6}, {1, 5}], [{8, 2}, {4, 7}, {5, 6}, {1, 3}], [{8, 2}, {5, 7}, {1, 6}, {3, 4}], [{8, 2}, {5, 7}, {3, 6}, {1, 4}], [{8, 2}, {5, 7}, {3, 6}, {4}, {1}], [{8, 2}, {5, 7}, {4, 6}, {1, 3}], [{8, 2}, {6, 7}, {1, 5}, {3, 4}], [{8, 2}, {6, 7}, {3, 5}, {1, 4}], [{8, 2}, {6, 7}, {4, 5}, {1, 3}], [{8, 2}, {6, 7}, {4, 5}, {3}, {1}], [{8, 2}, {7}, {4, 6}, {5}, {1, 3}], [{8, 2}, {7}, {5, 6}, {3, 4}, {1}], [{8, 3}, {1, 7}, {2, 6}, {4, 5}], [{8, 3}, {1, 7}, {4, 6}, {2, 5}], [{8, 3}, {1, 7}, {5, 6}, {2, 4}], [{8, 3}, {1, 7}, {5, 6}, {4}, {2}], [{8, 3}, {2, 7}, {1, 6}, {4, 5}], [{8, 3}, {2, 7}, {1, 6}, {5}, {4}], [{8, 3}, {2, 7}, {4, 6}, {1, 5}], [{8, 3}, {2, 7}, {5, 6}, {1, 4}], [{8, 3}, {2, 7}, {5, 6}, {4}, {1}], [{8, 3}, {2, 7}, {6}, {1, 5}, {4}], [{8, 3}, {4, 7}, {1, 6}, {2, 5}], [{8, 3}, {4, 7}, {1, 6}, {5}, {2}], [{8, 3}, {4, 7}, {2, 6}, {1, 5}], [{8, 3}, {4, 7}, {5, 6}, {1, 2}], [{8, 3}, {4, 7}, {5, 6}, {2}, {1}], [{8, 3}, {4, 7}, {6}, {1, 5}, {2}], [{8, 3}, {5, 7}, {1, 6}, {2, 4}], [{8, 3}, {5, 7}, {1, 6}, {4}, {2}], [{8, 3}, {5, 7}, {2, 6}, {1, 4}], [{8, 3}, {5, 7}, {4, 6}, {1, 2}], [{8, 3}, {6, 7}, {1, 5}, {2, 4}], [{8, 3}, {6, 7}, {1, 5}, {4}, {2}], [{8, 3}, {6, 7}, {2, 5}, {1, 4}], [{8, 3}, {6, 7}, {4, 5}, {1, 2}], [{8, 3}, {7}, {1, 6}, {2, 5}, {4}], [{8, 3}, {7}, {1, 6}, {4, 5}, {2}], [{8, 3}, {7}, {1, 6}, {5}, {2, 4}], [{8, 3}, {7}, {1, 6}, {5}, {4}, {2}], [{8, 3}, {7}, {2, 6}, {1, 5}, {4}], [{8, 3}, {7}, {4, 6}, {1, 5}, {2}], [{8, 3}, {7}, {5, 6}, {1, 4}, {2}], [{8, 3}, {7}, {5, 6}, {2, 4}, {1}], [{8, 3}, {7}, {5, 6}, {4}, {1, 2}], [{8, 3}, {7}, {5, 6}, {4}, {2}, {1}], [{8, 3}, {7}, {6}, {1, 5}, {2, 4}], [{8, 3}, {7}, {6}, {1, 5}, {4}, {2}], [{8, 4}, {1, 7}, {2, 6}, {3, 5}], [{8, 4}, {1, 7}, {3, 6}, {2, 5}], [{8, 4}, {1, 7}, {5, 6}, {2, 3}], [{8, 4}, {1, 7}, {5, 6}, {3}, {2}], [{8, 4}, {2, 7}, {1, 6}, {3, 5}], [{8, 4}, {2, 7}, {3, 6}, {1, 5}], [{8, 4}, {2, 7}, {3, 6}, {5}, {1}], [{8, 4}, {2, 7}, {5, 6}, {1, 3}], [{8, 4}, {2, 7}, {6}, {1, 5}, {3}], [{8, 4}, {3, 7}, {1, 6}, {2, 5}], [{8, 4}, {3, 7}, {1, 6}, {5}, {2}], [{8, 4}, {3, 7}, {2, 6}, {1, 5}], [{8, 4}, {3, 7}, {5, 6}, {1, 2}], [{8, 4}, {3, 7}, {6}, {2, 5}, {1}], [{8, 4}, {5, 7}, {1, 6}, {2, 3}], [{8, 4}, {5, 7}, {2, 6}, {1, 3}], [{8, 4}, {5, 7}, {3, 6}, {1, 2}], [{8, 4}, {5, 7}, {3, 6}, {2}, {1}], [{8, 4}, {6, 7}, {1, 5}, {2, 3}], [{8, 4}, {6, 7}, {2, 5}, {1, 3}], [{8, 4}, {6, 7}, {2, 5}, {3}, {1}], [{8, 4}, {6, 7}, {3, 5}, {1, 2}], [{8, 4}, {7}, {2, 6}, {5}, {1, 3}], [{8, 4}, {7}, {3, 6}, {2, 5}, {1}], [{8, 4}, {7}, {5, 6}, {2, 3}, {1}], [{8, 4}, {7}, {6}, {3, 5}, {1, 2}], [{8, 5}, {1, 7}, {2, 6}, {3, 4}], [{8, 5}, {1, 7}, {3, 6}, {2, 4}], [{8, 5}, {1, 7}, {3, 6}, {4}, {2}], [{8, 5}, {1, 7}, {4, 6}, {2, 3}], [{8, 5}, {2, 7}, {1, 6}, {3, 4}], [{8, 5}, {2, 7}, {3, 6}, {1, 4}], [{8, 5}, {2, 7}, {4, 6}, {1, 3}], [{8, 5}, {2, 7}, {4, 6}, {3}, {1}], [{8, 5}, {3, 7}, {1, 6}, {2, 4}], [{8, 5}, {3, 7}, {1, 6}, {4}, {2}], [{8, 5}, {3, 7}, {2, 6}, {1, 4}], [{8, 5}, {3, 7}, {4, 6}, {1, 2}], [{8, 5}, {4, 7}, {1, 6}, {2, 3}], [{8, 5}, {4, 7}, {2, 6}, {1, 3}], [{8, 5}, {4, 7}, {2, 6}, {3}, {1}], [{8, 5}, {4, 7}, {3, 6}, {1, 2}], [{8, 5}, {6, 7}, {1, 4}, {2, 3}], [{8, 5}, {6, 7}, {1, 4}, {3}, {2}], [{8, 5}, {6, 7}, {2, 4}, {1, 3}], [{8, 5}, {6, 7}, {2, 4}, {3}, {1}], [{8, 5}, {6, 7}, {3, 4}, {1, 2}], [{8, 5}, {6, 7}, {3, 4}, {2}, {1}], [{8, 5}, {6, 7}, {4}, {1, 3}, {2}], [{8, 5}, {6, 7}, {4}, {2, 3}, {1}], [{8, 5}, {6, 7}, {4}, {3}, {1, 2}], [{8, 5}, {6, 7}, {4}, {3}, {2}, {1}], [{8, 5}, {7}, {6}, {1, 4}, {2, 3}], [{8, 6}, {1, 7}, {2, 5}, {3, 4}], [{8, 6}, {1, 7}, {3, 5}, {2, 4}], [{8, 6}, {1, 7}, {3, 5}, {4}, {2}], [{8, 6}, {1, 7}, {4, 5}, {2, 3}], [{8, 6}, {2, 7}, {1, 5}, {3, 4}], [{8, 6}, {2, 7}, {3, 5}, {1, 4}], [{8, 6}, {2, 7}, {4, 5}, {1, 3}], [{8, 6}, {2, 7}, {5}, {4}, {1, 3}], [{8, 6}, {3, 7}, {1, 5}, {2, 4}], [{8, 6}, {3, 7}, {1, 5}, {4}, {2}], [{8, 6}, {3, 7}, {2, 5}, {1, 4}], [{8, 6}, {3, 7}, {4, 5}, {1, 2}], [{8, 6}, {4, 7}, {1, 5}, {2, 3}], [{8, 6}, {4, 7}, {2, 5}, {1, 3}], [{8, 6}, {4, 7}, {3, 5}, {1, 2}], [{8, 6}, {4, 7}, {5}, {1, 3}, {2}], [{8, 6}, {5, 7}, {1, 4}, {2, 3}], [{8, 6}, {5, 7}, {2, 4}, {1, 3}], [{8, 6}, {5, 7}, {3, 4}, {1, 2}], [{8, 6}, {5, 7}, {4}, {1, 3}, {2}], [{8, 6}, {7}, {2, 5}, {4}, {1, 3}], [{8, 6}, {7}, {4, 5}, {1, 3}, {2}], [{8, 6}, {7}, {4, 5}, {2, 3}, {1}], [{8, 6}, {7}, {4, 5}, {3}, {1, 2}], [{8, 6}, {7}, {5}, {2, 4}, {1, 3}], [{8, 6}, {7}, {5}, {4}, {1, 3}, {2}], [{8, 7}, {1, 6}, {2, 5}, {3, 4}], [{8, 7}, {1, 6}, {2, 5}, {4}, {3}], [{8, 7}, {1, 6}, {3, 5}, {2, 4}], [{8, 7}, {1, 6}, {3, 5}, {4}, {2}], [{8, 7}, {1, 6}, {4, 5}, {2, 3}], [{8, 7}, {1, 6}, {4, 5}, {3}, {2}], [{8, 7}, {1, 6}, {5}, {2, 4}, {3}], [{8, 7}, {1, 6}, {5}, {3, 4}, {2}], [{8, 7}, {1, 6}, {5}, {4}, {2, 3}], [{8, 7}, {1, 6}, {5}, {4}, {3}, {2}], [{8, 7}, {2, 6}, {1, 5}, {3, 4}], [{8, 7}, {2, 6}, {3, 5}, {1, 4}], [{8, 7}, {2, 6}, {4, 5}, {1, 3}], [{8, 7}, {3, 6}, {1, 5}, {2, 4}], [{8, 7}, {3, 6}, {1, 5}, {4}, {2}], [{8, 7}, {3, 6}, {2, 5}, {1, 4}], [{8, 7}, {3, 6}, {4, 5}, {1, 2}], [{8, 7}, {4, 6}, {1, 5}, {2, 3}], [{8, 7}, {4, 6}, {2, 5}, {1, 3}], [{8, 7}, {4, 6}, {3, 5}, {1, 2}], [{8, 7}, {5, 6}, {1, 4}, {2, 3}], [{8, 7}, {5, 6}, {2, 4}, {1, 3}], [{8, 7}, {5, 6}, {3, 4}, {1, 2}], [{8, 7}, {5, 6}, {4}, {1, 3}, {2}], [{8, 7}, {6}, {2, 5}, {3, 4}, {1}], [{8}, {1, 7}, {2, 6}, {4, 5}, {3}], [{8}, {1, 7}, {4, 6}, {2, 5}, {3}], [{8}, {1, 7}, {5, 6}, {2, 4}, {3}], [{8}, {1, 7}, {5, 6}, {3, 4}, {2}], [{8}, {1, 7}, {5, 6}, {4}, {2, 3}], [{8}, {1, 7}, {5, 6}, {4}, {3}, {2}], [{8}, {2, 7}, {3, 6}, {5}, {1, 4}], [{8}, {2, 7}, {6}, {1, 5}, {3, 4}], [{8}, {3, 7}, {1, 6}, {2, 5}, {4}], [{8}, {3, 7}, {1, 6}, {4, 5}, {2}], [{8}, {3, 7}, {1, 6}, {5}, {2, 4}], [{8}, {3, 7}, {1, 6}, {5}, {4}, {2}], [{8}, {3, 7}, {2, 6}, {5}, {1, 4}], [{8}, {3, 7}, {4, 6}, {5}, {1, 2}], [{8}, {5, 7}, {3, 6}, {1, 4}, {2}], [{8}, {5, 7}, {3, 6}, {2, 4}, {1}], [{8}, {5, 7}, {3, 6}, {4}, {1, 2}], [{8}, {5, 7}, {3, 6}, {4}, {2}, {1}], [{8}, {7}, {3, 6}, {2, 5}, {1, 4}]]",2,- 8 K_1^2 - 4 K_1 K_2 + 2 K_1 + 4 K_2 + 2 K_3 + 5,O1O2O3U4O5U1U6O4U7U3O7U5U2O8O6U8,O1O2U3O4O3U5O6O7U2O5U4U1U7O8U6U8,O1O2U3O4O5U4O6O7U8U2O8U1U7U5O3U6,c,{'O1O2O3U4O5O4U2U6O7U1U7O8U5U3O6U8'},1,"<a href=""/flatknot/8.975643"">8.975643</a>",t^9-64t^7-134t^6+203t^5+496t^4+106t^3-138t^2-37t,2t^2-4t,,
8.975644,O1O2O3U4O5O4U2U6O7U3U1O8U7U8O6U5,4,17z^2+102z+137,17w^3z^2+102w^2z+137w,False,False,"[[ 0 -1 -2  0  1  2 -2  1  1],[ 1  0 -1  1  1  2 -1  2  1],[ 2  1  0  1  2  1  1  1  0],[ 0 -1 -1  0  0  0 -1  1  1],[-1 -1 -2  0  0  2 -3  1  1],[-2 -2 -1  0 -2  0 -2 -1  1],[ 2  1 -1  1  3  2  0  2  0],[-1 -2 -1 -1 -1  1 -2  0  1],[-1 -1  0 -1 -1 -1  0 -1  0]]","[[ 0  2  1  1  1  0 -1 -2 -2],[-2  0  1 -1 -2  0 -2 -1 -2],[-1 -1  0 -1 -1 -1 -1  0  0],[-1  1  1  0 -1 -1 -2 -1 -2],[-1  2  1  1  0  0 -1 -2 -3],[ 0  0  1  1  0  0 -1 -1 -1],[ 1  2  1  2  1  1  0 -1 -1],[ 2  1  0  1  2  1  1  0  1],[ 2  2  0  2  3  1  1 -1  0]]",True,"[-2,-1,-1,-1,0,1,2,2,-1,1,2,0,2,1,2,1,1,1,1,0,0,1,1,2,1,2,0,1,2,3,1,1,1,1,1,-1]","[-2,-2,-1,0,1,1,1,2,-1,0,1,1,2,3,3,0,1,0,1,3,2,0,1,0,1,1,1,0,0,2,-1,-1,-1,-1,0,2]",t^8+50t^6+114t^4+57t^2+1,"[-2,-2,-1,0,1,1,1,2,-1,0,1,1,2,3,3,0,1,0,1,3,2,0,1,0,1,1,1,0,0,2,-1,-1,-1,-1,0,2]","[-2,-1,-1,-1,0,1,2,2,-1,0,2,2,1,2,3,1,1,1,1,0,1,1,0,0,1,2,0,1,3,3,0,1,1,0,0,-1]","[-2,-2,-1,0,1,1,1,2,-1,1,1,0,2,3,2,1,1,0,1,2,1,1,1,2,1,2,1,1,0,0,-1,-1,-1,-1,1,2]",c,"[[{8, 1}, {3, 7}, {4, 6}, {2, 5}], [{8, 1}, {4, 7}, {3, 6}, {2, 5}], [{8, 1}, {6, 7}, {2, 5}, {3, 4}], [{8, 6}, {1, 7}, {4, 5}, {2, 3}]]",1,- 10 K_1^2 + 5 K_2 + 6,O1O2O3U4O5U6U7O6U3U1O7U5U2O8O4U8,O1O2U3O4O5U6O3O6U2O7U5U1U4O8U7U8,O1O2U1O3O4U2O5O6U7U8O7U4U6U3O8U5,c,{'O1O2O3U4O5O4U2U6O7U3U1O8U7U8O6U5'},1,"<a href=""/flatknot/8.975644"">8.975644</a>",t^9-52t^7-170t^6-77t^5+252t^4+271t^3+112t^2+96t+42,t^2-2t,,
8.975645,O1O2O3U4O5O4U2U6O7U5U1O8U7U8O6U3,4,2z^3+26z^2+105z+123,2w^4z^3+26w^3z^2+105w^2z+123w,False,False,"[[ 0 -1 -2  2  1  0 -2  1  1],[ 1  0 -1  2  2  0 -1  2  1],[ 2  1  0  2  2  0  1  1  0],[-2 -2 -2  0 -1 -1 -3  0  1],[-1 -2 -2  1  0  0 -2  0  1],[ 0  0  0  1  0  0 -1  1  1],[ 2  1 -1  3  2  1  0  2  0],[-1 -2 -1  0  0 -1 -2  0  1],[-1 -1  0 -1 -1 -1  0 -1  0]]","[[ 0  2  1  1  1  0 -1 -2 -2],[-2  0  1  0 -1 -1 -2 -2 -3],[-1 -1  0 -1 -1 -1 -1  0  0],[-1  0  1  0  0 -1 -2 -1 -2],[-1  1  1  0  0  0 -2 -2 -2],[ 0  1  1  1  0  0  0  0 -1],[ 1  2  1  2  2  0  0 -1 -1],[ 2  2  0  1  2  0  1  0  1],[ 2  3  0  2  2  1  1 -1  0]]",True,"[-2,-1,-1,-1,0,1,2,2,-1,0,1,1,2,2,3,1,1,1,1,0,0,0,1,2,1,2,0,2,2,2,0,0,1,1,1,-1]","[-2,-2,-1,0,1,1,1,2,-1,0,2,1,2,3,2,0,1,1,1,3,1,1,0,0,1,1,1,0,0,1,0,-1,0,-1,1,2]",t^8+50t^6+135t^4+67t^2+4,"[-2,-2,-1,0,1,1,1,2,-1,0,2,1,2,3,2,0,1,1,1,3,1,1,0,0,1,1,1,0,0,1,0,-1,0,-1,1,2]","[-2,-1,-1,-1,0,1,2,2,0,1,2,1,1,1,2,0,1,1,0,1,1,1,0,0,1,2,0,1,3,3,1,1,2,0,0,-1]","[-2,-2,-1,0,1,1,1,2,-1,1,1,0,2,2,3,1,0,0,1,2,2,0,1,2,2,2,1,1,0,1,-1,-1,-1,0,0,1]",c,"[[{8, 1}, {2, 7}, {3, 6}, {4, 5}], [{8, 1}, {4, 7}, {3, 6}, {2, 5}], [{8, 1}, {5, 7}, {3, 6}, {2, 4}], [{8, 1}, {6, 7}, {3, 5}, {2, 4}], [{8, 5}, {6, 7}, {2, 4}, {1, 3}], [{8, 6}, {5, 7}, {2, 4}, {1, 3}]]",1,4 K_1^3 - 18 K_1^2 - 4 K_1 K_2 - K_1 + 9 K_2 + K_3 + 10,O1O2O3U1O4U5U6O5U3U7O6U4U2O8O7U8,O1O2U3O4O5U6O3O6U2O7U5U1U7O8U4U8,O1O2U1O3O4U2O5O6U7U4O7U8U6U3O8U5,c,{'O1O2O3U4O5O4U2U6O7U5U1O8U7U8O6U3'},1,"<a href=""/flatknot/8.975645"">8.975645</a>",t^9-52t^7-134t^6+48t^5+390t^4+254t^3-80t^2-68t-2,t^2-2t,,
8.975646,O1O2O3U4O5O4U6U1O6U7U2O7U8U3O8U5,4,z^3+12z^2+94z+149,w^4z^3+12w^3z^2+94w^2z+149w,False,False,"[[ 0 -2  0  2  1  2 -1 -1 -1],[ 2  0  0  1  2  1  2  1  1],[ 0  0  0  0  0  0  0  0 -1],[-2 -1  0  0 -2 -1 -2 -2 -2],[-1 -2  0  2  0  2 -2 -2 -2],[-2 -1  0  1 -2  0 -2 -2 -2],[ 1 -2  0  2  2  2  0  0  0],[ 1 -1  0  2  2  2  0  0  0],[ 1 -1  1  2  2  2  0  0  0]]","[[ 0  2  2  1  0 -1 -1 -1 -2],[-2  0  1 -2  0 -2 -2 -2 -1],[-2 -1  0 -2  0 -2 -2 -2 -1],[-1  2  2  0  0 -2 -2 -2 -2],[ 0  0  0  0  0  0  0 -1  0],[ 1  2  2  2  0  0  0  0 -1],[ 1  2  2  2  0  0  0  0 -2],[ 1  2  2  2  1  0  0  0 -1],[ 2  1  1  2  0  1  2  1  0]]",True,"[-2,-2,-1,0,1,1,1,2,-1,2,0,2,2,2,1,2,0,2,2,2,1,0,2,2,2,2,0,0,1,0,0,0,1,0,2,1]","[-2,-2,-1,0,1,1,1,2,-1,-1,2,1,1,1,3,-1,2,1,1,1,3,1,0,0,0,1,0,1,1,2,0,0,0,0,-1,0]",t^8+58t^6+98t^4+45t^2+4,"[-2,-1,-1,-1,0,1,2,2,-1,0,0,2,1,3,3,0,0,1,0,1,1,0,0,0,1,1,1,0,1,1,1,2,2,-1,-1,-1]","[-2,-2,-1,0,1,1,1,2,-1,-1,2,1,1,1,3,-1,2,1,1,1,3,1,0,0,0,1,0,1,1,2,0,0,0,0,-1,0]","[-2,-1,-1,-1,0,1,2,2,1,1,2,0,2,1,1,0,0,0,2,2,2,0,1,2,2,2,0,2,2,2,0,0,0,2,2,-1]",c,"[[{8, 2}, {3, 7}, {4, 6}, {1, 5}], [{8, 2}, {7}, {4, 6}, {1, 5}, {3}], [{8, 3}, {2, 7}, {4, 6}, {1, 5}], [{8, 3}, {2, 7}, {5, 6}, {1, 4}], [{8, 7}, {4, 6}, {1, 5}, {2, 3}]]",1,- 22 K_1^2 - 8 K_1 K_2 + 4 K_1 + 11 K_2 + 4 K_3 + 12,O1O2O3U4O5U1U5O6U2U6O7U3U7O8O4U8,O1O2U1O3O4U3O5O6U5O7U2U4U6O8U7U8,O1O2U3O4O3U5O6O5U7U8O7U1U4U6O8U2,c,{'O1O2O3U4O5O4U6U1O6U7U2O7U8U3O8U5'},1,"<a href=""/flatknot/8.975646"">8.975646</a>",t^9-56t^7-202t^6-127t^5+250t^4+256t^3-38t^2-64t,-t^2+2t,,
8.975647,O1O2O3U4O5O4U6U1O6U7U2O7U8U5O8U3,4,2z^3+26z^2+97z+107,2w^4z^3+26w^3z^2+97w^2z+107w,False,False,"[[ 0 -2  0  2  1  2 -1 -1 -1],[ 2  0  0  2  2  0  2  1  1],[ 0  0  0  1  0 -1  0  0 -1],[-2 -2 -1  0 -1  0 -2 -2 -3],[-1 -2  0  1  0  2 -2 -2 -1],[-2  0  1  0 -2  0 -2 -2 -2],[ 1 -2  0  2  2  2  0  0  0],[ 1 -1  0  2  2  2  0  0  0],[ 1 -1  1  3  1  2  0  0  0]]","[[ 0  2  2  1  0 -1 -1 -1 -2],[-2  0  0 -1 -1 -2 -2 -3 -2],[-2  0  0 -2  1 -2 -2 -2  0],[-1  1  2  0  0 -2 -2 -1 -2],[ 0  1 -1  0  0  0  0 -1  0],[ 1  2  2  2  0  0  0  0 -1],[ 1  2  2  2  0  0  0  0 -2],[ 1  3  2  1  1  0  0  0 -1],[ 2  2  0  2  0  1  2  1  0]]",True,"[-2,-2,-1,0,1,1,1,2,0,1,1,2,2,3,2,2,-1,2,2,2,0,0,2,2,1,2,0,0,1,0,0,0,1,0,2,1]","[-2,-2,-1,0,1,1,1,2,0,-1,3,1,1,1,4,0,1,0,1,1,2,1,1,0,0,1,0,1,1,2,0,0,0,0,-1,0]",t^8+60t^6+348t^4+172t^2+16,"[-2,-1,-1,-1,0,1,2,2,-1,0,0,2,1,2,4,0,0,1,0,1,1,0,0,1,0,1,1,0,1,1,1,1,3,0,-1,0]","[-2,-2,-1,0,1,1,1,2,0,-1,3,1,1,1,4,0,1,0,1,1,2,1,1,0,0,1,0,1,1,2,0,0,0,0,-1,0]","[-2,-1,-1,-1,0,1,2,2,1,1,2,0,2,0,2,0,0,0,2,2,2,0,1,1,2,3,0,2,2,2,0,-1,1,2,1,0]",c,"[[{8, 1}, {2, 7}, {3, 6}, {4, 5}], [{8, 1}, {2, 7}, {4, 6}, {3, 5}], [{8, 1}, {2, 7}, {5, 6}, {3, 4}], [{8, 1}, {2, 7}, {6}, {3, 5}, {4}], [{8, 1}, {3, 7}, {2, 6}, {4, 5}], [{8, 1}, {3, 7}, {2, 6}, {5}, {4}], [{8, 1}, {3, 7}, {4, 6}, {2, 5}], [{8, 1}, {3, 7}, {5, 6}, {2, 4}], [{8, 1}, {3, 7}, {5, 6}, {4}, {2}], [{8, 1}, {3, 7}, {6}, {2, 5}, {4}], [{8, 1}, {4, 7}, {2, 6}, {3, 5}], [{8, 1}, {4, 7}, {3, 6}, {2, 5}], [{8, 1}, {4, 7}, {5, 6}, {2, 3}], [{8, 1}, {5, 7}, {2, 6}, {3, 4}], [{8, 1}, {5, 7}, {3, 6}, {2, 4}], [{8, 1}, {5, 7}, {3, 6}, {4}, {2}], [{8, 1}, {5, 7}, {4, 6}, {2, 3}], [{8, 1}, {6, 7}, {2, 5}, {3, 4}], [{8, 1}, {6, 7}, {3, 5}, {2, 4}], [{8, 1}, {6, 7}, {4, 5}, {2, 3}], [{8, 1}, {7}, {6}, {4, 5}, {2, 3}], [{8, 2}, {1, 7}, {3, 6}, {4, 5}], [{8, 2}, {1, 7}, {4, 6}, {3, 5}], [{8, 2}, {1, 7}, {5, 6}, {3, 4}], [{8, 2}, {3, 7}, {1, 6}, {4, 5}], [{8, 2}, {3, 7}, {4, 6}, {1, 5}], [{8, 2}, {3, 7}, {5, 6}, {1, 4}], [{8, 2}, {3, 7}, {6}, {5}, {1, 4}], [{8, 2}, {4, 7}, {1, 6}, {3, 5}], [{8, 2}, {4, 7}, {3, 6}, {1, 5}], [{8, 2}, {4, 7}, {5, 6}, {1, 3}], [{8, 2}, {4, 7}, {6}, {1, 5}, {3}], [{8, 2}, {4, 7}, {6}, {3, 5}, {1}], [{8, 2}, {4, 7}, {6}, {5}, {1, 3}], [{8, 2}, {5, 7}, {1, 6}, {3, 4}], [{8, 2}, {5, 7}, {3, 6}, {1, 4}], [{8, 2}, {5, 7}, {4, 6}, {1, 3}], [{8, 2}, {6, 7}, {1, 5}, {3, 4}], [{8, 2}, {6, 7}, {3, 5}, {1, 4}], [{8, 2}, {6, 7}, {4, 5}, {1, 3}], [{8, 2}, {7}, {3, 6}, {1, 5}, {4}], [{8, 3}, {1, 7}, {2, 6}, {4, 5}], [{8, 3}, {1, 7}, {4, 6}, {2, 5}], [{8, 3}, {1, 7}, {4, 6}, {5}, {2}], [{8, 3}, {1, 7}, {5, 6}, {2, 4}], [{8, 3}, {1, 7}, {6}, {2, 5}, {4}], [{8, 3}, {2, 7}, {1, 6}, {4, 5}], [{8, 3}, {2, 7}, {4, 6}, {1, 5}], [{8, 3}, {2, 7}, {4, 6}, {5}, {1}], [{8, 3}, {2, 7}, {5, 6}, {1, 4}], [{8, 3}, {2, 7}, {6}, {1, 5}, {4}], [{8, 3}, {4, 7}, {1, 6}, {2, 5}], [{8, 3}, {4, 7}, {2, 6}, {1, 5}], [{8, 3}, {4, 7}, {5, 6}, {1, 2}], [{8, 3}, {4, 7}, {6}, {1, 5}, {2}], [{8, 3}, {4, 7}, {6}, {2, 5}, {1}], [{8, 3}, {4, 7}, {6}, {5}, {1, 2}], [{8, 3}, {5, 7}, {1, 6}, {2, 4}], [{8, 3}, {5, 7}, {2, 6}, {1, 4}], [{8, 3}, {5, 7}, {4, 6}, {1, 2}], [{8, 3}, {5, 7}, {4, 6}, {2}, {1}], [{8, 3}, {5, 7}, {6}, {4}, {1, 2}], [{8, 3}, {6, 7}, {1, 5}, {2, 4}], [{8, 3}, {6, 7}, {1, 5}, {4}, {2}], [{8, 3}, {6, 7}, {2, 5}, {1, 4}], [{8, 3}, {6, 7}, {2, 5}, {4}, {1}], [{8, 3}, {6, 7}, {4, 5}, {1, 2}], [{8, 3}, {6, 7}, {5}, {4}, {1, 2}], [{8, 3}, {7}, {1, 6}, {2, 5}, {4}], [{8, 3}, {7}, {1, 6}, {4, 5}, {2}], [{8, 3}, {7}, {1, 6}, {5}, {2, 4}], [{8, 3}, {7}, {2, 6}, {1, 5}, {4}], [{8, 3}, {7}, {2, 6}, {4, 5}, {1}], [{8, 3}, {7}, {2, 6}, {5}, {1, 4}], [{8, 3}, {7}, {4, 6}, {1, 5}, {2}], [{8, 3}, {7}, {4, 6}, {2, 5}, {1}], [{8, 3}, {7}, {4, 6}, {5}, {1, 2}], [{8, 3}, {7}, {4, 6}, {5}, {2}, {1}], [{8, 3}, {7}, {5, 6}, {1, 4}, {2}], [{8, 3}, {7}, {5, 6}, {2, 4}, {1}], [{8, 3}, {7}, {5, 6}, {4}, {1, 2}], [{8, 3}, {7}, {6}, {1, 5}, {2, 4}], [{8, 3}, {7}, {6}, {1, 5}, {4}, {2}], [{8, 3}, {7}, {6}, {2, 5}, {1, 4}], [{8, 3}, {7}, {6}, {2, 5}, {4}, {1}], [{8, 3}, {7}, {6}, {4, 5}, {1, 2}], [{8, 3}, {7}, {6}, {5}, {4}, {1, 2}], [{8, 4}, {1, 7}, {2, 6}, {3, 5}], [{8, 4}, {1, 7}, {2, 6}, {5}, {3}], [{8, 4}, {1, 7}, {3, 6}, {2, 5}], [{8, 4}, {1, 7}, {5, 6}, {2, 3}], [{8, 4}, {2, 7}, {1, 6}, {3, 5}], [{8, 4}, {2, 7}, {1, 6}, {5}, {3}], [{8, 4}, {2, 7}, {3, 6}, {1, 5}], [{8, 4}, {2, 7}, {5, 6}, {1, 3}], [{8, 4}, {3, 7}, {1, 6}, {2, 5}], [{8, 4}, {3, 7}, {2, 6}, {1, 5}], [{8, 4}, {3, 7}, {5, 6}, {1, 2}], [{8, 4}, {3, 7}, {6}, {1, 5}, {2}], [{8, 4}, {3, 7}, {6}, {2, 5}, {1}], [{8, 4}, {3, 7}, {6}, {5}, {1, 2}], [{8, 4}, {5, 7}, {1, 6}, {2, 3}], [{8, 4}, {5, 7}, {2, 6}, {1, 3}], [{8, 4}, {5, 7}, {3, 6}, {1, 2}], [{8, 4}, {5, 7}, {6}, {1, 3}, {2}], [{8, 4}, {5, 7}, {6}, {2, 3}, {1}], [{8, 4}, {5, 7}, {6}, {3}, {1, 2}], [{8, 4}, {6, 7}, {1, 5}, {2, 3}], [{8, 4}, {6, 7}, {1, 5}, {3}, {2}], [{8, 4}, {6, 7}, {2, 5}, {1, 3}], [{8, 4}, {6, 7}, {2, 5}, {3}, {1}], [{8, 4}, {6, 7}, {3, 5}, {1, 2}], [{8, 4}, {6, 7}, {3, 5}, {2}, {1}], [{8, 4}, {6, 7}, {5}, {1, 3}, {2}], [{8, 4}, {6, 7}, {5}, {2, 3}, {1}], [{8, 4}, {6, 7}, {5}, {3}, {1, 2}], [{8, 4}, {6, 7}, {5}, {3}, {2}, {1}], [{8, 4}, {7}, {3, 6}, {1, 5}, {2}], [{8, 4}, {7}, {3, 6}, {2, 5}, {1}], [{8, 4}, {7}, {3, 6}, {5}, {1, 2}], [{8, 4}, {7}, {5, 6}, {1, 3}, {2}], [{8, 4}, {7}, {5, 6}, {2, 3}, {1}], [{8, 4}, {7}, {5, 6}, {3}, {1, 2}], [{8, 4}, {7}, {6}, {3, 5}, {1, 2}], [{8, 4}, {7}, {6}, {5}, {3}, {1, 2}], [{8, 5}, {1, 7}, {2, 6}, {3, 4}], [{8, 5}, {1, 7}, {3, 6}, {2, 4}], [{8, 5}, {1, 7}, {3, 6}, {4}, {2}], [{8, 5}, {1, 7}, {4, 6}, {2, 3}], [{8, 5}, {2, 7}, {1, 6}, {3, 4}], [{8, 5}, {2, 7}, {3, 6}, {1, 4}], [{8, 5}, {2, 7}, {4, 6}, {1, 3}], [{8, 5}, {2, 7}, {4, 6}, {3}, {1}], [{8, 5}, {2, 7}, {6}, {4}, {1, 3}], [{8, 5}, {3, 7}, {1, 6}, {2, 4}], [{8, 5}, {3, 7}, {2, 6}, {1, 4}], [{8, 5}, {3, 7}, {4, 6}, {1, 2}], [{8, 5}, {3, 7}, {6}, {1, 4}, {2}], [{8, 5}, {4, 7}, {1, 6}, {2, 3}], [{8, 5}, {4, 7}, {2, 6}, {1, 3}], [{8, 5}, {4, 7}, {3, 6}, {1, 2}], [{8, 5}, {6, 7}, {1, 4}, {2, 3}], [{8, 5}, {6, 7}, {2, 4}, {1, 3}], [{8, 5}, {6, 7}, {3, 4}, {1, 2}], [{8, 5}, {6, 7}, {4}, {1, 3}, {2}], [{8, 5}, {7}, {2, 6}, {4}, {1, 3}], [{8, 5}, {7}, {6}, {3, 4}, {1, 2}], [{8, 6}, {1, 7}, {2, 5}, {3, 4}], [{8, 6}, {1, 7}, {3, 5}, {2, 4}], [{8, 6}, {1, 7}, {4, 5}, {2, 3}], [{8, 6}, {2, 7}, {1, 5}, {3, 4}], [{8, 6}, {2, 7}, {1, 5}, {4}, {3}], [{8, 6}, {2, 7}, {3, 5}, {1, 4}], [{8, 6}, {2, 7}, {4, 5}, {1, 3}], [{8, 6}, {3, 7}, {1, 5}, {2, 4}], [{8, 6}, {3, 7}, {1, 5}, {4}, {2}], [{8, 6}, {3, 7}, {2, 5}, {1, 4}], [{8, 6}, {3, 7}, {2, 5}, {4}, {1}], [{8, 6}, {3, 7}, {4, 5}, {1, 2}], [{8, 6}, {3, 7}, {5}, {4}, {1, 2}], [{8, 6}, {4, 7}, {1, 5}, {2, 3}], [{8, 6}, {4, 7}, {1, 5}, {3}, {2}], [{8, 6}, {4, 7}, {2, 5}, {1, 3}], [{8, 6}, {4, 7}, {2, 5}, {3}, {1}], [{8, 6}, {4, 7}, {3, 5}, {1, 2}], [{8, 6}, {4, 7}, {5}, {3}, {1, 2}], [{8, 6}, {5, 7}, {1, 4}, {2, 3}], [{8, 6}, {5, 7}, {2, 4}, {1, 3}], [{8, 6}, {5, 7}, {3, 4}, {1, 2}], [{8, 6}, {7}, {1, 5}, {2, 4}, {3}], [{8, 6}, {7}, {1, 5}, {3, 4}, {2}], [{8, 6}, {7}, {1, 5}, {4}, {2, 3}], [{8, 6}, {7}, {1, 5}, {4}, {3}, {2}], [{8, 6}, {7}, {2, 5}, {3, 4}, {1}], [{8, 6}, {7}, {3, 5}, {2, 4}, {1}], [{8, 6}, {7}, {5}, {2, 4}, {1, 3}], [{8, 6}, {7}, {5}, {3, 4}, {1, 2}], [{8, 7}, {1, 6}, {2, 5}, {3, 4}], [{8, 7}, {1, 6}, {2, 5}, {4}, {3}], [{8, 7}, {1, 6}, {3, 5}, {2, 4}], [{8, 7}, {1, 6}, {4, 5}, {2, 3}], [{8, 7}, {2, 6}, {1, 5}, {3, 4}], [{8, 7}, {2, 6}, {3, 5}, {1, 4}], [{8, 7}, {2, 6}, {3, 5}, {4}, {1}], [{8, 7}, {2, 6}, {4, 5}, {1, 3}], [{8, 7}, {3, 6}, {1, 5}, {2, 4}], [{8, 7}, {3, 6}, {1, 5}, {4}, {2}], [{8, 7}, {3, 6}, {2, 5}, {1, 4}], [{8, 7}, {3, 6}, {2, 5}, {4}, {1}], [{8, 7}, {3, 6}, {4, 5}, {1, 2}], [{8, 7}, {3, 6}, {4, 5}, {2}, {1}], [{8, 7}, {3, 6}, {5}, {1, 4}, {2}], [{8, 7}, {3, 6}, {5}, {2, 4}, {1}], [{8, 7}, {3, 6}, {5}, {4}, {1, 2}], [{8, 7}, {3, 6}, {5}, {4}, {2}, {1}], [{8, 7}, {4, 6}, {1, 5}, {2, 3}], [{8, 7}, {4, 6}, {1, 5}, {3}, {2}], [{8, 7}, {4, 6}, {2, 5}, {1, 3}], [{8, 7}, {4, 6}, {2, 5}, {3}, {1}], [{8, 7}, {4, 6}, {3, 5}, {1, 2}], [{8, 7}, {4, 6}, {5}, {3}, {1, 2}], [{8, 7}, {5, 6}, {1, 4}, {2, 3}], [{8, 7}, {5, 6}, {2, 4}, {1, 3}], [{8, 7}, {5, 6}, {3, 4}, {1, 2}], [{8, 7}, {5, 6}, {4}, {2, 3}, {1}], [{8, 7}, {6}, {1, 5}, {3, 4}, {2}], [{8, 7}, {6}, {2, 5}, {1, 4}, {3}], [{8, 7}, {6}, {2, 5}, {3, 4}, {1}], [{8, 7}, {6}, {2, 5}, {4}, {1, 3}], [{8, 7}, {6}, {2, 5}, {4}, {3}, {1}], [{8, 7}, {6}, {5}, {3, 4}, {1, 2}], [{8}, {1, 7}, {5, 6}, {3, 4}, {2}], [{8}, {2, 7}, {3, 6}, {1, 5}, {4}], [{8}, {2, 7}, {4, 6}, {3, 5}, {1}], [{8}, {2, 7}, {5, 6}, {3, 4}, {1}], [{8}, {3, 7}, {1, 6}, {2, 5}, {4}], [{8}, {3, 7}, {4, 6}, {1, 5}, {2}], [{8}, {3, 7}, {4, 6}, {2, 5}, {1}], [{8}, {3, 7}, {4, 6}, {5}, {1, 2}], [{8}, {3, 7}, {6}, {2, 5}, {1, 4}], [{8}, {3, 7}, {6}, {2, 5}, {4}, {1}], [{8}, {4, 7}, {1, 6}, {5}, {2, 3}], [{8}, {4, 7}, {2, 6}, {1, 5}, {3}], [{8}, {4, 7}, {3, 6}, {1, 5}, {2}], [{8}, {4, 7}, {3, 6}, {2, 5}, {1}], [{8}, {4, 7}, {3, 6}, {5}, {1, 2}], [{8}, {4, 7}, {5, 6}, {2, 3}, {1}], [{8}, {4, 7}, {6}, {1, 5}, {2, 3}], [{8}, {4, 7}, {6}, {1, 5}, {3}, {2}], [{8}, {5, 7}, {6}, {3, 4}, {1, 2}], [{8}, {6, 7}, {1, 5}, {3, 4}, {2}], [{8}, {6, 7}, {2, 5}, {3, 4}, {1}], [{8}, {6, 7}, {4, 5}, {1, 3}, {2}], [{8}, {6, 7}, {5}, {3, 4}, {1, 2}], [{8}, {7}, {3, 6}, {1, 5}, {2, 4}], [{8}, {7}, {3, 6}, {1, 5}, {4}, {2}], [{8}, {7}, {5, 6}, {3, 4}, {1, 2}], [{8}, {7}, {6}, {5}, {3, 4}, {1, 2}]]",2,4 K_1^3 - 14 K_1^2 - 8 K_1 K_2 + K_1 + 7 K_2 + 3 K_3 + 8,O1O2O3U1O4U5U4O6U2U6O7U3U7O8O5U8,O1O2U1O3O4U3O5O6U5O7U2U4U7O8U6U8,O1O2U3O4O3U5O6O5U7U1O7U8U4U6O8U2,c,{'O1O2O3U4O5O4U6U1O6U7U2O7U8U5O8U3'},1,"<a href=""/flatknot/8.975647"">8.975647</a>",t^9-58t^7-148t^6+227t^5+632t^4-157t^3-608t^2-181t+6,-t^2+2t,,
8.975648,O1O2O3U4O5O4U6U1O6U7U3O7U8U2O8U5,4,10z^2+95z+151,10w^3z^2+95w^2z+151w,False,False,"[[ 0 -2  1  1  1  2 -1 -1 -1],[ 2  0  1  0  2  1  2  1  1],[-1 -1  0  1 -1  0 -1 -2 -1],[-1  0 -1  0 -1 -1 -1 -1 -1],[-1 -2  1  1  0  2 -2 -2 -2],[-2 -1  0  1 -2  0 -2 -2 -2],[ 1 -2  1  1  2  2  0  0  0],[ 1 -1  2  1  2  2  0  0  0],[ 1 -1  1  1  2  2  0  0  0]]","[[ 0  2  1  1  1 -1 -1 -1 -2],[-2  0  1  0 -2 -2 -2 -2 -1],[-1 -1  0 -1 -1 -1 -1 -1  0],[-1  0  1  0 -1 -1 -1 -2 -1],[-1  2  1  1  0 -2 -2 -2 -2],[ 1  2  1  1  2  0  0  0 -1],[ 1  2  1  1  2  0  0  0 -2],[ 1  2  1  2  2  0  0  0 -1],[ 2  1  0  1  2  1  2  1  0]]",True,"[-2,-1,-1,-1,1,1,1,2,-1,0,2,2,2,2,1,1,1,1,1,1,0,1,1,1,2,1,2,2,2,2,0,0,1,0,2,1]","[-2,-1,-1,-1,1,1,1,2,-1,0,0,1,2,3,3,0,0,0,1,1,1,0,0,0,1,1,0,1,1,1,-1,-1,-1,-1,1,2]",t^8+53t^6+94t^4+40t^2+4,"[-2,-1,-1,-1,1,1,1,2,-1,0,0,1,2,3,3,0,0,0,1,1,1,0,0,0,1,1,0,1,1,1,-1,-1,-1,-1,1,2]","[-2,-1,-1,-1,1,1,1,2,-1,1,2,1,1,1,3,1,1,0,0,0,1,1,0,1,1,2,1,1,1,3,0,0,0,0,-1,0]","[-2,-1,-1,-1,1,1,1,2,1,1,2,0,1,2,1,0,0,1,1,2,2,0,1,2,2,2,1,1,2,2,-1,-1,-1,-1,0,2]",c,"[[{8, 2}, {3, 7}, {4, 6}, {1, 5}]]",0,- 20 K_1^2 - 8 K_1 K_2 + 4 K_1 + 10 K_2 + 4 K_3 + 11,O1O2O3U4O5U2U5O6U1U6O7U3U7O8O4U8,O1O2U1O3O4U3O5O6U5O7U2U6U4O8U7U8,O1O2U3O4O3U5O6O5U7U8O7U4U1U6O8U2,c,{'O1O2O3U4O5O4U6U1O6U7U3O7U8U2O8U5'},1,"<a href=""/flatknot/8.975648"">8.975648</a>",t^9-53t^7-170t^6-24t^5+314t^4+112t^3-76t^2-30t,0,,
8.975649,O1O2O3U4O5O4U6U1O6U7U3O7U8U5O8U2,4,4z^3+41z^2+113z+95,4w^4z^3+41w^3z^2+113w^2z+95w,False,False,"[[ 0 -2  1  1  1  2 -1 -1 -1],[ 2  0  2  0  2  0  2  1  1],[-1 -2  0  0  0  1 -1 -2 -2],[-1  0  0  0 -1 -1 -1 -1 -2],[-1 -2  0  1  0  2 -2 -2 -1],[-2  0 -1  1 -2  0 -2 -2 -2],[ 1 -2  1  1  2  2  0  0  0],[ 1 -1  2  1  2  2  0  0  0],[ 1 -1  2  2  1  2  0  0  0]]","[[ 0  2  1  1  1 -1 -1 -1 -2],[-2  0  1 -1 -2 -2 -2 -2  0],[-1 -1  0  0 -1 -1 -1 -2  0],[-1  1  0  0  0 -1 -2 -2 -2],[-1  2  1  0  0 -2 -2 -1 -2],[ 1  2  1  1  2  0  0  0 -2],[ 1  2  1  2  2  0  0  0 -1],[ 1  2  2  2  1  0  0  0 -1],[ 2  0  0  2  2  2  1  1  0]]",True,"[-2,-1,-1,-1,1,1,1,2,-1,1,2,2,2,2,0,0,1,1,1,2,0,0,1,2,2,2,2,2,1,2,0,0,2,0,1,1]","[-2,-1,-1,-1,1,1,1,2,-1,0,0,1,1,3,4,0,0,0,1,1,1,0,0,0,1,1,1,0,0,1,0,-1,-1,0,0,2]",t^8+57t^6+269t^4+148t^2+16,"[-2,-1,-1,-1,1,1,1,2,-1,0,0,1,1,3,4,0,0,0,1,1,1,0,0,0,1,1,1,0,0,1,0,-1,-1,0,0,2]","[-2,-1,-1,-1,1,1,1,2,-1,0,2,1,1,1,4,0,1,0,0,1,1,0,0,1,0,1,1,1,0,3,0,0,0,0,-1,0]","[-2,-1,-1,-1,1,1,1,2,1,1,2,0,2,2,0,0,0,1,2,2,2,0,2,1,2,2,1,2,1,2,-1,0,-1,0,2,1]",c,"[[{8, 2}, {3, 7}, {4, 6}, {1, 5}]]",0,12 K_1^3 - 8 K_1^2 - 8 K_1 K_2 - 5 K_1 + 4 K_2 + K_3 + 5,O1O2O3U2O4U5U4O6U1U6O7U3U7O8O5U8,O1O2U1O3O4U3O5O6U5O7U2U7U4O8U6U8,O1O2U3O4O3U5O6O5U7U1O7U4U8U6O8U2,c,{'O1O2O3U4O5O4U6U1O6U7U3O7U8U5O8U2'},1,"<a href=""/flatknot/8.975649"">8.975649</a>",t^9-57t^7-142t^6+235t^5+534t^4-278t^3-464t^2+64t+82,0,,
8.975650,O1O2O3U4O5O4U6U1O6U7U5O7U8U3O8U2,4,4z^3+38z^2+103z+87,4w^4z^3+38w^3z^2+103w^2z+87w,False,False,"[[ 0 -2  1  2  1  1 -1 -1 -1],[ 2  0  2  1  2 -1  2  1  1],[-1 -2  0  1  0  0 -1 -2 -2],[-2 -1 -1  0 -1  0 -2 -3 -2],[-1 -2  0  1  0  1 -2 -1 -2],[-1  1  0  0 -1  0 -1 -1 -1],[ 1 -2  1  2  2  1  0  0  0],[ 1 -1  2  3  1  1  0  0  0],[ 1 -1  2  2  2  1  0  0  0]]","[[ 0  2  1  1  1 -1 -1 -1 -2],[-2  0  0 -1 -1 -2 -2 -3 -1],[-1  0  0  0 -1 -1 -1 -1  1],[-1  1  0  0  0 -1 -2 -2 -2],[-1  1  1  0  0 -2 -2 -1 -2],[ 1  2  1  1  2  0  0  0 -2],[ 1  2  1  2  2  0  0  0 -1],[ 1  3  1  2  1  0  0  0 -1],[ 2  1 -1  2  2  2  1  1  0]]",True,"[-2,-1,-1,-1,1,1,1,2,0,1,1,2,2,3,1,0,1,1,1,1,-1,0,1,2,2,2,2,2,1,2,0,0,2,0,1,1]","[-2,-1,-1,-1,1,1,1,2,-1,0,0,1,1,4,3,0,0,0,1,1,1,0,0,0,1,1,1,0,1,0,0,-1,0,0,0,1]",t^8+57t^6+268t^4+199t^2+9,"[-2,-1,-1,-1,1,1,1,2,-1,0,0,1,1,4,3,0,0,0,1,1,1,0,0,0,1,1,1,0,1,0,0,-1,0,0,0,1]","[-2,-1,-1,-1,1,1,1,2,0,0,1,0,1,1,3,0,0,0,0,1,1,1,1,0,0,1,1,1,1,4,0,0,0,0,0,-1]","[-2,-1,-1,-1,1,1,1,2,1,1,2,-1,2,2,1,0,0,1,1,2,3,0,1,2,2,2,1,2,1,2,-1,0,0,0,1,1]",c,"[[{8, 2}, {4, 7}, {5, 6}, {1, 3}]]",1,12 K_1^3 - 8 K_1^2 - 8 K_1 K_2 - 5 K_1 + 4 K_2 + K_3 + 5,O1O2O3U2O4U1U4O5U6U5O7U3U7O8O6U8,O1O2U1O3O4U3O5O6U5O7U2U7U6O8U4U8,O1O2U3O4O3U5O6O5U7U4O7U1U8U6O8U2,c,{'O1O2O3U4O5O4U6U1O6U7U5O7U8U3O8U2'},1,"<a href=""/flatknot/8.975650"">8.975650</a>",t^9-57t^7-152t^6+108t^5+378t^4+37t^3-40t^2+6t,0,,
8.975651,O1O2O3U4O5O4U6U1O6U7U8O7U2U3O8U5,4,2z^3+32z^2+111z+111,2w^4z^3+32w^3z^2+111w^2z+111w,False,False,"[[ 0 -2  0  2  1  2 -1 -1 -1],[ 2  0  0  1  2  1  2  2  0],[ 0  0  0  1  0  0  0  0  0],[-2 -1 -1  0 -2 -1 -2 -2 -1],[-1 -2  0  2  0  2 -2 -2 -2],[-2 -1  0  1 -2  0 -2 -3 -1],[ 1 -2  0  2  2  2  0  0  0],[ 1 -2  0  2  2  3  0  0 -1],[ 1  0  0  1  2  1  0  1  0]]","[[ 0  2  2  1  0 -1 -1 -1 -2],[-2  0  1 -2  0 -1 -2 -3 -1],[-2 -1  0 -2 -1 -1 -2 -2 -1],[-1  2  2  0  0 -2 -2 -2 -2],[ 0  0  1  0  0  0  0  0  0],[ 1  1  1  2  0  0  0  1  0],[ 1  2  2  2  0  0  0  0 -2],[ 1  3  2  2  0 -1  0  0 -2],[ 2  1  1  2  0  0  2  2  0]]",True,"[-2,-2,-1,0,1,1,1,2,-1,2,0,1,2,3,1,2,1,1,2,2,1,0,2,2,2,2,0,0,0,0,0,-1,0,0,2,2]","[-2,-2,-1,0,1,1,1,2,-1,-1,1,1,1,2,3,-1,2,0,1,2,3,1,0,0,0,1,1,1,1,2,0,-1,-1,0,-1,1]",t^8+60t^6+155t^4+105t^2+4,"[-2,-1,-1,-1,0,1,2,2,-1,-1,1,2,1,3,3,0,0,1,0,1,1,1,1,0,0,1,1,0,2,2,1,2,1,-1,-1,-1]","[-2,-2,-1,0,1,1,1,2,-1,-1,1,1,1,2,3,-1,2,0,1,2,3,1,0,0,0,1,1,1,1,2,0,-1,-1,0,-1,1]","[-2,-1,-1,-1,0,1,2,2,0,2,2,0,2,1,1,0,1,0,2,1,1,0,0,2,2,2,0,2,2,3,0,1,0,2,2,-1]",c,"[[{8, 2}, {3, 7}, {4, 6}, {1, 5}], [{8, 3}, {2, 7}, {4, 6}, {1, 5}], [{8, 7}, {4, 6}, {1, 5}, {2, 3}], [{8, 7}, {4, 6}, {3, 5}, {1, 2}], [{8}, {2, 7}, {4, 6}, {1, 5}, {3}]]",1,4 K_1^3 - 22 K_1^2 - 4 K_1 K_2 - K_1 + 11 K_2 + K_3 + 12,O1O2O3U4O5U1U2O6U5U6O7U3U7O8O4U8,O1O2U1O3O4U3O5O6U4O7U2U5U6O8U7U8,O1O2U3O4O3U5O6O5U7U8O7U1U2U6O8U4,c,{'O1O2O3U4O5O4U6U1O6U7U8O7U2U3O8U5'},1,"<a href=""/flatknot/8.975651"">8.975651</a>",t^9-58t^7-216t^6-128t^5+292t^4+232t^3-98t^2-36t,-t^2+2t,,
8.975652,O1O2O3U4O5O4U6U1O6U7U8O7U2U5O8U3,3,10z^2+87z+135,10w^3z^2+87w^2z+135w,False,False,"[[ 0 -2  0  2  1  2 -1 -1 -1],[ 2  0  0  2  2  0  2  2  0],[ 0  0  0  1  0  0  0  0  0],[-2 -2 -1  0 -1  0 -2 -3 -2],[-1 -2  0  1  0  2 -2 -2 -1],[-2  0  0  0 -2  0 -2 -2 -1],[ 1 -2  0  2  2  2  0  0  0],[ 1 -2  0  3  2  2  0  0 -1],[ 1  0  0  2  1  1  0  1  0]]","[[ 0  2  2  1  0 -1 -1 -1 -2],[-2  0  0 -1 -1 -2 -2 -3 -2],[-2  0  0 -2  0 -1 -2 -2  0],[-1  1  2  0  0 -1 -2 -2 -2],[ 0  1  0  0  0  0  0  0  0],[ 1  2  1  1  0  0  0  1  0],[ 1  2  2  2  0  0  0  0 -2],[ 1  3  2  2  0 -1  0  0 -2],[ 2  2  0  2  0  0  2  2  0]]",True,"[-2,-2,-1,0,1,1,1,2,0,1,1,2,2,3,2,2,0,1,2,2,0,0,1,2,2,2,0,0,0,0,0,-1,0,0,2,2]","[-2,-2,-1,0,1,1,1,2,0,-1,2,1,1,2,4,0,1,0,1,1,2,1,0,0,1,1,1,1,1,2,0,-1,-1,0,-1,1]",t^8+58t^6+205t^4+44t^2,"[-2,-1,-1,-1,0,1,2,2,-1,-1,1,2,1,2,4,0,0,1,0,1,1,1,1,0,0,1,1,1,1,2,1,1,2,0,-1,0]","[-2,-2,-1,0,1,1,1,2,0,-1,2,1,1,2,4,0,1,0,1,1,2,1,0,0,1,1,1,1,1,2,0,-1,-1,0,-1,1]","[-2,-1,-1,-1,0,1,2,2,0,2,2,0,2,0,2,0,1,0,1,1,2,0,0,2,2,2,0,2,2,3,0,0,1,2,1,0]",c,"[[{8, 6}, {4, 7}, {3, 5}, {1, 2}]]",1,- 22 K_1^2 - 4 K_1 K_2 + 2 K_1 + 11 K_2 + 2 K_3 + 12,O1O2O3U1O4U5U2O6U4U6O7U3U7O8O5U8,O1O2U1O3O4U3O5O6U4O7U2U5U7O8U6U8,O1O2U3O4O3U5O6O5U7U1O7U8U2U6O8U4,c,{'O1O2O3U4O5O4U6U1O6U7U8O7U2U5O8U3'},1,"<a href=""/flatknot/8.975652"">8.975652</a>",t^9-56t^7-166t^6+82t^5+410t^4-25t^3-180t^2+32t,-t^2+2t,,
8.975653,O1O2O3U4O5O4U6U1O6U7U8O7U3U2O8U5,3,16z^2+77z+91,-2w^4z^2+18w^3z^2-6w^3z+83w^2z+91w,False,False,"[[ 0 -2  1  1  1  2 -1 -1 -1],[ 2  0  1  0  2  1  2  2  0],[-1 -1  0  0 -1  0 -1 -1 -1],[-1  0  0  0 -1 -1 -1 -1  0],[-1 -2  1  1  0  2 -2 -2 -2],[-2 -1  0  1 -2  0 -2 -3 -1],[ 1 -2  1  1  2  2  0  0  0],[ 1 -2  1  1  2  3  0  0 -1],[ 1  0  1  0  2  1  0  1  0]]","[[ 0  2  1  1 -1 -1 -2],[-2  0  0 -2 -1 -2 -1],[-1  0  0 -1 -1 -1 -1],[-1  2  1  0 -2 -2 -2],[ 1  1  1  2  0  0  0],[ 1  2  1  2  0  0 -2],[ 2  1  1  2  0  2  0]]",False,"[-2,-1,-1,1,1,2,0,2,1,2,1,1,1,1,1,2,2,2,0,0,2]","[-2,-1,-1,1,1,2,-1,1,1,2,3,0,0,1,1,0,1,2,-1,-1,1]",t^6+30t^4+40t^2+4,"[-2,-1,-1,1,1,2,-1,1,1,2,3,0,0,1,1,0,1,2,-1,-1,1]","[-2,-1,-1,1,1,2,-1,1,1,2,3,1,0,0,1,1,1,2,0,-1,1]","[-2,-1,-1,1,1,2,0,2,1,2,1,0,1,2,1,1,2,2,-1,0,2]",c,"[[{8, 2}, {3, 7}, {4, 6}, {1, 5}]]",0,- 4 K_1^2 + 2 K_2 + 3,O1O2O3U4O5U2U1O6U5U6O7U3U7O8O4U8,O1O2U1O3O4U3O5O6U4O7U2U6U5O8U7U8,O1O2U3O4O3U5O6O5U7U8O7U2U1U6O8U4,c,{'O1O2O3U4O5O4U6U1O6U7U8O7U3U2O8U5'},1,"<a href=""/flatknot/8.975653"">8.975653</a>",t^7-30t^5-70t^4-4t^3+60t^2-2t,0,,
8.975654,O1O2O3U4O5O4U6U1O6U7U8O7U5U2O8U3,4,14z^2+99z+143,14w^3z^2+99w^2z+143w,False,False,"[[ 0 -2  1  2  1  1 -1 -1 -1],[ 2  0  1  2  2 -1  2  2  0],[-1 -1  0  0  0 -1 -1 -1 -1],[-2 -2  0  0 -1  0 -2 -3 -2],[-1 -2  0  1  0  1 -2 -2 -1],[-1  1  1  0 -1  0 -1 -1  0],[ 1 -2  1  2  2  1  0  0  0],[ 1 -2  1  3  2  1  0  0 -1],[ 1  0  1  2  1  0  0  1  0]]","[[ 0  2  1  1  1 -1 -1 -1 -2],[-2  0  0  0 -1 -2 -2 -3 -2],[-1  0  0  1 -1  0 -1 -1  1],[-1  0 -1  0  0 -1 -1 -1 -1],[-1  1  1  0  0 -1 -2 -2 -2],[ 1  2  0  1  1  0  0  1  0],[ 1  2  1  1  2  0  0  0 -2],[ 1  3  1  1  2 -1  0  0 -2],[ 2  2 -1  1  2  0  2  2  0]]",True,"[-2,-1,-1,-1,1,1,1,2,0,0,1,2,2,3,2,-1,1,0,1,1,-1,0,1,1,1,1,1,2,2,2,0,-1,0,0,2,2]","[-2,-1,-1,-1,1,1,1,2,-1,-1,1,1,2,4,2,0,0,0,1,1,1,1,0,1,1,0,1,1,2,1,0,-1,0,1,1,1]",t^8+53t^6+251t^4+148t^2+4,"[-2,-1,-1,-1,1,1,1,2,-1,-1,1,1,2,4,2,0,0,0,1,1,1,1,0,1,1,0,1,1,2,1,0,-1,0,1,1,1]","[-2,-1,-1,-1,1,1,1,2,0,1,1,0,1,1,2,0,1,0,0,1,1,-1,1,1,1,2,1,1,2,4,0,-1,-1,0,-1,1]","[-2,-1,-1,-1,1,1,1,2,0,2,2,-1,1,2,2,0,1,0,1,1,2,0,1,1,2,2,1,1,2,3,1,-1,0,0,0,1]",c,"[[{8, 1}, {2, 7}, {3, 6}, {4, 5}], [{8, 1}, {2, 7}, {4, 6}, {3, 5}], [{8, 1}, {2, 7}, {5, 6}, {3, 4}], [{8, 1}, {3, 7}, {2, 6}, {4, 5}], [{8, 1}, {3, 7}, {4, 6}, {2, 5}], [{8, 1}, {3, 7}, {4, 6}, {5}, {2}], [{8, 1}, {3, 7}, {5, 6}, {2, 4}], [{8, 1}, {4, 7}, {2, 6}, {3, 5}], [{8, 1}, {4, 7}, {3, 6}, {2, 5}], [{8, 1}, {4, 7}, {5, 6}, {2, 3}], [{8, 1}, {4, 7}, {6}, {3, 5}, {2}], [{8, 1}, {5, 7}, {2, 6}, {3, 4}], [{8, 1}, {5, 7}, {3, 6}, {2, 4}], [{8, 1}, {5, 7}, {4, 6}, {2, 3}], [{8, 1}, {6, 7}, {2, 5}, {3, 4}], [{8, 1}, {6, 7}, {3, 5}, {2, 4}], [{8, 1}, {6, 7}, {4, 5}, {2, 3}], [{8, 1}, {7}, {2, 6}, {3, 5}, {4}], [{8, 1}, {7}, {3, 6}, {2, 5}, {4}], [{8, 2}, {1, 7}, {3, 6}, {4, 5}], [{8, 2}, {1, 7}, {4, 6}, {3, 5}], [{8, 2}, {1, 7}, {5, 6}, {3, 4}], [{8, 2}, {1, 7}, {5, 6}, {4}, {3}], [{8, 2}, {3, 7}, {1, 6}, {4, 5}], [{8, 2}, {3, 7}, {4, 6}, {1, 5}], [{8, 2}, {3, 7}, {5, 6}, {1, 4}], [{8, 2}, {4, 7}, {1, 6}, {3, 5}], [{8, 2}, {4, 7}, {3, 6}, {1, 5}], [{8, 2}, {4, 7}, {5, 6}, {1, 3}], [{8, 2}, {5, 7}, {1, 6}, {3, 4}], [{8, 2}, {5, 7}, {1, 6}, {4}, {3}], [{8, 2}, {5, 7}, {3, 6}, {1, 4}], [{8, 2}, {5, 7}, {4, 6}, {1, 3}], [{8, 2}, {6, 7}, {1, 5}, {3, 4}], [{8, 2}, {6, 7}, {1, 5}, {4}, {3}], [{8, 2}, {6, 7}, {3, 5}, {1, 4}], [{8, 2}, {6, 7}, {3, 5}, {4}, {1}], [{8, 2}, {6, 7}, {4, 5}, {1, 3}], [{8, 2}, {6, 7}, {4, 5}, {3}, {1}], [{8, 2}, {6, 7}, {5}, {1, 4}, {3}], [{8, 2}, {6, 7}, {5}, {3, 4}, {1}], [{8, 2}, {6, 7}, {5}, {4}, {1, 3}], [{8, 3}, {1, 7}, {2, 6}, {4, 5}], [{8, 3}, {1, 7}, {4, 6}, {2, 5}], [{8, 3}, {1, 7}, {5, 6}, {2, 4}], [{8, 3}, {1, 7}, {6}, {2, 5}, {4}], [{8, 3}, {2, 7}, {1, 6}, {4, 5}], [{8, 3}, {2, 7}, {4, 6}, {1, 5}], [{8, 3}, {2, 7}, {5, 6}, {1, 4}], [{8, 3}, {2, 7}, {6}, {5}, {1, 4}], [{8, 3}, {4, 7}, {1, 6}, {2, 5}], [{8, 3}, {4, 7}, {2, 6}, {1, 5}], [{8, 3}, {4, 7}, {5, 6}, {1, 2}], [{8, 3}, {4, 7}, {6}, {2, 5}, {1}], [{8, 3}, {5, 7}, {1, 6}, {2, 4}], [{8, 3}, {5, 7}, {2, 6}, {1, 4}], [{8, 3}, {5, 7}, {4, 6}, {1, 2}], [{8, 3}, {5, 7}, {6}, {1, 4}, {2}], [{8, 3}, {6, 7}, {1, 5}, {2, 4}], [{8, 3}, {6, 7}, {2, 5}, {1, 4}], [{8, 3}, {6, 7}, {2, 5}, {4}, {1}], [{8, 3}, {6, 7}, {4, 5}, {1, 2}], [{8, 3}, {6, 7}, {5}, {1, 4}, {2}], [{8, 3}, {7}, {1, 6}, {2, 5}, {4}], [{8, 3}, {7}, {2, 6}, {5}, {1, 4}], [{8, 3}, {7}, {4, 6}, {2, 5}, {1}], [{8, 3}, {7}, {5, 6}, {1, 4}, {2}], [{8, 3}, {7}, {6}, {1, 5}, {2, 4}], [{8, 3}, {7}, {6}, {2, 5}, {1, 4}], [{8, 3}, {7}, {6}, {2, 5}, {4}, {1}], [{8, 3}, {7}, {6}, {4, 5}, {1, 2}], [{8, 3}, {7}, {6}, {5}, {1, 4}, {2}], [{8, 4}, {1, 7}, {2, 6}, {3, 5}], [{8, 4}, {1, 7}, {3, 6}, {2, 5}], [{8, 4}, {1, 7}, {3, 6}, {5}, {2}], [{8, 4}, {1, 7}, {5, 6}, {2, 3}], [{8, 4}, {2, 7}, {1, 6}, {3, 5}], [{8, 4}, {2, 7}, {3, 6}, {1, 5}], [{8, 4}, {2, 7}, {3, 6}, {5}, {1}], [{8, 4}, {2, 7}, {5, 6}, {1, 3}], [{8, 4}, {3, 7}, {1, 6}, {2, 5}], [{8, 4}, {3, 7}, {2, 6}, {1, 5}], [{8, 4}, {3, 7}, {5, 6}, {1, 2}], [{8, 4}, {5, 7}, {1, 6}, {2, 3}], [{8, 4}, {5, 7}, {2, 6}, {1, 3}], [{8, 4}, {5, 7}, {3, 6}, {1, 2}], [{8, 4}, {5, 7}, {3, 6}, {2}, {1}], [{8, 4}, {6, 7}, {1, 5}, {2, 3}], [{8, 4}, {6, 7}, {2, 5}, {1, 3}], [{8, 4}, {6, 7}, {3, 5}, {1, 2}], [{8, 4}, {7}, {2, 6}, {3, 5}, {1}], [{8, 4}, {7}, {3, 6}, {1, 5}, {2}], [{8, 4}, {7}, {3, 6}, {2, 5}, {1}], [{8, 4}, {7}, {3, 6}, {5}, {1, 2}], [{8, 4}, {7}, {5, 6}, {2, 3}, {1}], [{8, 5}, {1, 7}, {2, 6}, {3, 4}], [{8, 5}, {1, 7}, {3, 6}, {2, 4}], [{8, 5}, {1, 7}, {4, 6}, {2, 3}], [{8, 5}, {1, 7}, {6}, {3, 4}, {2}], [{8, 5}, {2, 7}, {1, 6}, {3, 4}], [{8, 5}, {2, 7}, {3, 6}, {1, 4}], [{8, 5}, {2, 7}, {4, 6}, {1, 3}], [{8, 5}, {2, 7}, {6}, {1, 4}, {3}], [{8, 5}, {3, 7}, {1, 6}, {2, 4}], [{8, 5}, {3, 7}, {2, 6}, {1, 4}], [{8, 5}, {3, 7}, {4, 6}, {1, 2}], [{8, 5}, {4, 7}, {1, 6}, {2, 3}], [{8, 5}, {4, 7}, {2, 6}, {1, 3}], [{8, 5}, {4, 7}, {3, 6}, {1, 2}], [{8, 5}, {4, 7}, {6}, {3}, {1, 2}], [{8, 5}, {6, 7}, {1, 4}, {2, 3}], [{8, 5}, {6, 7}, {1, 4}, {3}, {2}], [{8, 5}, {6, 7}, {2, 4}, {1, 3}], [{8, 5}, {6, 7}, {2, 4}, {3}, {1}], [{8, 5}, {6, 7}, {3, 4}, {1, 2}], [{8, 5}, {6, 7}, {4}, {3}, {1, 2}], [{8, 5}, {7}, {1, 6}, {4}, {2, 3}], [{8, 5}, {7}, {2, 6}, {1, 4}, {3}], [{8, 5}, {7}, {4, 6}, {3}, {1, 2}], [{8, 6}, {1, 7}, {2, 5}, {3, 4}], [{8, 6}, {1, 7}, {2, 5}, {4}, {3}], [{8, 6}, {1, 7}, {3, 5}, {2, 4}], [{8, 6}, {1, 7}, {4, 5}, {2, 3}], [{8, 6}, {1, 7}, {5}, {3, 4}, {2}], [{8, 6}, {2, 7}, {1, 5}, {3, 4}], [{8, 6}, {2, 7}, {3, 5}, {1, 4}], [{8, 6}, {2, 7}, {4, 5}, {1, 3}], [{8, 6}, {2, 7}, {4, 5}, {3}, {1}], [{8, 6}, {3, 7}, {1, 5}, {2, 4}], [{8, 6}, {3, 7}, {2, 5}, {1, 4}], [{8, 6}, {3, 7}, {2, 5}, {4}, {1}], [{8, 6}, {3, 7}, {4, 5}, {1, 2}], [{8, 6}, {3, 7}, {5}, {1, 4}, {2}], [{8, 6}, {4, 7}, {1, 5}, {2, 3}], [{8, 6}, {4, 7}, {2, 5}, {1, 3}], [{8, 6}, {4, 7}, {2, 5}, {3}, {1}], [{8, 6}, {4, 7}, {3, 5}, {1, 2}], [{8, 6}, {5, 7}, {1, 4}, {2, 3}], [{8, 6}, {5, 7}, {2, 4}, {1, 3}], [{8, 6}, {5, 7}, {2, 4}, {3}, {1}], [{8, 6}, {5, 7}, {3, 4}, {1, 2}], [{8, 6}, {7}, {1, 5}, {4}, {2, 3}], [{8, 6}, {7}, {2, 5}, {1, 4}, {3}], [{8, 6}, {7}, {2, 5}, {3, 4}, {1}], [{8, 6}, {7}, {2, 5}, {4}, {1, 3}], [{8, 6}, {7}, {2, 5}, {4}, {3}, {1}], [{8, 6}, {7}, {3, 5}, {4}, {1, 2}], [{8, 7}, {1, 6}, {2, 5}, {3, 4}], [{8, 7}, {1, 6}, {3, 5}, {2, 4}], [{8, 7}, {1, 6}, {4, 5}, {2, 3}], [{8, 7}, {2, 6}, {1, 5}, {3, 4}], [{8, 7}, {2, 6}, {3, 5}, {1, 4}], [{8, 7}, {2, 6}, {4, 5}, {1, 3}], [{8, 7}, {3, 6}, {1, 5}, {2, 4}], [{8, 7}, {3, 6}, {2, 5}, {1, 4}], [{8, 7}, {3, 6}, {2, 5}, {4}, {1}], [{8, 7}, {3, 6}, {4, 5}, {1, 2}], [{8, 7}, {3, 6}, {5}, {1, 4}, {2}], [{8, 7}, {4, 6}, {1, 5}, {2, 3}], [{8, 7}, {4, 6}, {1, 5}, {3}, {2}], [{8, 7}, {4, 6}, {2, 5}, {1, 3}], [{8, 7}, {4, 6}, {3, 5}, {1, 2}], [{8, 7}, {4, 6}, {3, 5}, {2}, {1}], [{8, 7}, {4, 6}, {5}, {1, 3}, {2}], [{8, 7}, {5, 6}, {1, 4}, {2, 3}], [{8, 7}, {5, 6}, {2, 4}, {1, 3}], [{8, 7}, {5, 6}, {3, 4}, {1, 2}], [{8, 7}, {6}, {2, 5}, {1, 4}, {3}], [{8}, {1, 7}, {3, 6}, {2, 5}, {4}], [{8}, {1, 7}, {5, 6}, {3, 4}, {2}], [{8}, {2, 7}, {3, 6}, {1, 5}, {4}], [{8}, {2, 7}, {5, 6}, {3, 4}, {1}], [{8}, {2, 7}, {6}, {3, 5}, {1, 4}], [{8}, {2, 7}, {6}, {4, 5}, {1, 3}], [{8}, {3, 7}, {6}, {2, 5}, {1, 4}], [{8}, {4, 7}, {1, 6}, {5}, {2, 3}], [{8}, {4, 7}, {2, 6}, {1, 5}, {3}], [{8}, {4, 7}, {3, 6}, {2, 5}, {1}], [{8}, {5, 7}, {1, 6}, {3, 4}, {2}], [{8}, {5, 7}, {3, 6}, {4}, {1, 2}], [{8}, {6, 7}, {1, 5}, {3, 4}, {2}], [{8}, {6, 7}, {2, 5}, {1, 4}, {3}], [{8}, {6, 7}, {3, 5}, {1, 4}, {2}], [{8}, {6, 7}, {4, 5}, {1, 3}, {2}], [{8}, {6, 7}, {5}, {1, 4}, {2, 3}], [{8}, {6, 7}, {5}, {1, 4}, {3}, {2}], [{8}, {7}, {2, 6}, {3, 5}, {1, 4}], [{8}, {7}, {2, 6}, {4, 5}, {1, 3}], [{8}, {7}, {3, 6}, {2, 5}, {1, 4}], [{8}, {7}, {3, 6}, {2, 5}, {4}, {1}], [{8}, {7}, {5, 6}, {2, 4}, {1, 3}], [{8}, {7}, {5, 6}, {3, 4}, {1, 2}]]",2,8 K_1^3 - 20 K_1^2 - 12 K_1 K_2 + 10 K_2 + 4 K_3 + 11,O1O2O3U1O4U2U5O6U4U6O7U3U7O8O5U8,O1O2U1O3O4U3O5O6U4O7U2U6U7O8U5U8,O1O2U3O4O3U5O6O5U7U2O7U8U1U6O8U4,c,{'O1O2O3U4O5O4U6U1O6U7U8O7U5U2O8U3'},1,"<a href=""/flatknot/8.975654"">8.975654</a>",t^9-53t^7-166t^6-3t^5+356t^4+201t^3-62t^2+14t+24,0,,
8.975655,O1O2O3U4O5O4U6U1O6U7U8O7U5U3O8U2,4,4z^3+35z^2+100z+93,4w^4z^3+35w^3z^2+100w^2z+93w,False,False,"[[ 0 -2  1  2  1  1 -1 -1 -1],[ 2  0  2  1  2 -1  2  2  0],[-1 -2  0  1  0  0 -1 -2 -2],[-2 -1 -1  0 -1 -1 -2 -2 -2],[-1 -2  0  1  0  1 -2 -2 -1],[-1  1  0  1 -1  0 -1 -1  0],[ 1 -2  1  2  2  1  0  0  0],[ 1 -2  2  2  2  1  0  0 -1],[ 1  0  2  2  1  0  0  1  0]]","[[ 0  2  1  1  1 -1 -1 -1 -2],[-2  0 -1 -1 -1 -2 -2 -2 -1],[-1  1  0  1  0 -1 -2 -2 -2],[-1  1 -1  0  0  0 -1 -1  1],[-1  1  0  0  0 -2 -1 -2 -2],[ 1  2  1  0  2  0  0  1  0],[ 1  2  2  1  1  0  0  0 -2],[ 1  2  2  1  2 -1  0  0 -2],[ 2  1  2 -1  2  0  2  2  0]]",True,"[-2,-1,-1,-1,1,1,1,2,1,1,1,2,2,2,1,-1,0,1,2,2,2,0,0,1,1,-1,2,1,2,2,0,-1,0,0,2,2]","[-2,-1,-1,-1,1,1,1,2,-1,-1,1,1,1,4,3,0,0,0,1,1,1,1,0,0,1,1,1,0,2,1,0,-1,0,0,0,0]",t^8+55t^6+317t^4+185t^2+9,"[-2,-1,-1,-1,1,1,1,2,-1,-1,1,1,1,4,3,0,0,0,1,1,1,1,0,0,1,1,1,0,2,1,0,-1,0,0,0,0]","[-2,-1,-1,-1,1,1,1,2,0,0,0,1,1,1,3,-1,0,1,1,2,4,0,0,0,1,1,0,1,0,1,0,-1,-1,0,-1,1]","[-2,-1,-1,-1,1,1,1,2,0,2,2,-1,2,2,1,0,1,0,1,2,2,0,1,2,1,2,1,2,2,2,-1,0,1,0,1,1]",c,"[[{8, 1}, {2, 7}, {3, 6}, {4, 5}], [{8, 1}, {2, 7}, {4, 6}, {3, 5}], [{8, 1}, {2, 7}, {5, 6}, {3, 4}], [{8, 1}, {3, 7}, {2, 6}, {4, 5}], [{8, 1}, {3, 7}, {4, 6}, {2, 5}], [{8, 1}, {3, 7}, {5, 6}, {2, 4}], [{8, 1}, {3, 7}, {6}, {5}, {2, 4}], [{8, 1}, {4, 7}, {2, 6}, {3, 5}], [{8, 1}, {4, 7}, {3, 6}, {2, 5}], [{8, 1}, {4, 7}, {5, 6}, {2, 3}], [{8, 1}, {5, 7}, {2, 6}, {3, 4}], [{8, 1}, {5, 7}, {3, 6}, {2, 4}], [{8, 1}, {5, 7}, {4, 6}, {2, 3}], [{8, 1}, {6, 7}, {2, 5}, {3, 4}], [{8, 1}, {6, 7}, {3, 5}, {2, 4}], [{8, 1}, {6, 7}, {4, 5}, {2, 3}], [{8, 1}, {6, 7}, {4, 5}, {3}, {2}], [{8, 1}, {7}, {2, 6}, {3, 5}, {4}], [{8, 1}, {7}, {3, 6}, {2, 5}, {4}], [{8, 2}, {1, 7}, {3, 6}, {4, 5}], [{8, 2}, {1, 7}, {4, 6}, {3, 5}], [{8, 2}, {1, 7}, {5, 6}, {3, 4}], [{8, 2}, {1, 7}, {6}, {3, 5}, {4}], [{8, 2}, {1, 7}, {6}, {4, 5}, {3}], [{8, 2}, {1, 7}, {6}, {5}, {3, 4}], [{8, 2}, {3, 7}, {1, 6}, {4, 5}], [{8, 2}, {3, 7}, {4, 6}, {1, 5}], [{8, 2}, {3, 7}, {5, 6}, {1, 4}], [{8, 2}, {3, 7}, {6}, {4, 5}, {1}], [{8, 2}, {4, 7}, {1, 6}, {3, 5}], [{8, 2}, {4, 7}, {3, 6}, {1, 5}], [{8, 2}, {4, 7}, {5, 6}, {1, 3}], [{8, 2}, {4, 7}, {6}, {3, 5}, {1}], [{8, 2}, {5, 7}, {1, 6}, {3, 4}], [{8, 2}, {5, 7}, {3, 6}, {1, 4}], [{8, 2}, {5, 7}, {4, 6}, {1, 3}], [{8, 2}, {5, 7}, {6}, {3, 4}, {1}], [{8, 2}, {6, 7}, {1, 5}, {3, 4}], [{8, 2}, {6, 7}, {3, 5}, {1, 4}], [{8, 2}, {6, 7}, {3, 5}, {4}, {1}], [{8, 2}, {6, 7}, {4, 5}, {1, 3}], [{8, 2}, {6, 7}, {4, 5}, {3}, {1}], [{8, 2}, {6, 7}, {5}, {3, 4}, {1}], [{8, 2}, {7}, {1, 6}, {3, 5}, {4}], [{8, 2}, {7}, {1, 6}, {4, 5}, {3}], [{8, 2}, {7}, {1, 6}, {5}, {3, 4}], [{8, 2}, {7}, {3, 6}, {4, 5}, {1}], [{8, 2}, {7}, {4, 6}, {3, 5}, {1}], [{8, 2}, {7}, {5, 6}, {3, 4}, {1}], [{8, 2}, {7}, {6}, {1, 5}, {3, 4}], [{8, 2}, {7}, {6}, {3, 5}, {1, 4}], [{8, 2}, {7}, {6}, {3, 5}, {4}, {1}], [{8, 2}, {7}, {6}, {4, 5}, {1, 3}], [{8, 2}, {7}, {6}, {4, 5}, {3}, {1}], [{8, 2}, {7}, {6}, {5}, {3, 4}, {1}], [{8, 3}, {1, 7}, {2, 6}, {4, 5}], [{8, 3}, {1, 7}, {4, 6}, {2, 5}], [{8, 3}, {1, 7}, {5, 6}, {2, 4}], [{8, 3}, {2, 7}, {1, 6}, {4, 5}], [{8, 3}, {2, 7}, {4, 6}, {1, 5}], [{8, 3}, {2, 7}, {5, 6}, {1, 4}], [{8, 3}, {4, 7}, {1, 6}, {2, 5}], [{8, 3}, {4, 7}, {2, 6}, {1, 5}], [{8, 3}, {4, 7}, {5, 6}, {1, 2}], [{8, 3}, {5, 7}, {1, 6}, {2, 4}], [{8, 3}, {5, 7}, {2, 6}, {1, 4}], [{8, 3}, {5, 7}, {2, 6}, {4}, {1}], [{8, 3}, {5, 7}, {4, 6}, {1, 2}], [{8, 3}, {6, 7}, {1, 5}, {2, 4}], [{8, 3}, {6, 7}, {1, 5}, {4}, {2}], [{8, 3}, {6, 7}, {2, 5}, {1, 4}], [{8, 3}, {6, 7}, {2, 5}, {4}, {1}], [{8, 3}, {6, 7}, {4, 5}, {1, 2}], [{8, 3}, {6, 7}, {4, 5}, {2}, {1}], [{8, 3}, {6, 7}, {5}, {1, 4}, {2}], [{8, 3}, {6, 7}, {5}, {2, 4}, {1}], [{8, 3}, {6, 7}, {5}, {4}, {1, 2}], [{8, 4}, {1, 7}, {2, 6}, {3, 5}], [{8, 4}, {1, 7}, {3, 6}, {2, 5}], [{8, 4}, {1, 7}, {5, 6}, {2, 3}], [{8, 4}, {2, 7}, {1, 6}, {3, 5}], [{8, 4}, {2, 7}, {3, 6}, {1, 5}], [{8, 4}, {2, 7}, {5, 6}, {1, 3}], [{8, 4}, {3, 7}, {1, 6}, {2, 5}], [{8, 4}, {3, 7}, {2, 6}, {1, 5}], [{8, 4}, {3, 7}, {5, 6}, {1, 2}], [{8, 4}, {3, 7}, {6}, {1, 5}, {2}], [{8, 4}, {5, 7}, {1, 6}, {2, 3}], [{8, 4}, {5, 7}, {2, 6}, {1, 3}], [{8, 4}, {5, 7}, {3, 6}, {1, 2}], [{8, 4}, {6, 7}, {1, 5}, {2, 3}], [{8, 4}, {6, 7}, {2, 5}, {1, 3}], [{8, 4}, {6, 7}, {3, 5}, {1, 2}], [{8, 4}, {6, 7}, {5}, {1, 3}, {2}], [{8, 4}, {7}, {2, 6}, {3, 5}, {1}], [{8, 4}, {7}, {5, 6}, {3}, {1, 2}], [{8, 5}, {1, 7}, {2, 6}, {3, 4}], [{8, 5}, {1, 7}, {3, 6}, {2, 4}], [{8, 5}, {1, 7}, {4, 6}, {2, 3}], [{8, 5}, {2, 7}, {1, 6}, {3, 4}], [{8, 5}, {2, 7}, {3, 6}, {1, 4}], [{8, 5}, {2, 7}, {4, 6}, {1, 3}], [{8, 5}, {3, 7}, {1, 6}, {2, 4}], [{8, 5}, {3, 7}, {2, 6}, {1, 4}], [{8, 5}, {3, 7}, {2, 6}, {4}, {1}], [{8, 5}, {3, 7}, {4, 6}, {1, 2}], [{8, 5}, {4, 7}, {1, 6}, {2, 3}], [{8, 5}, {4, 7}, {2, 6}, {1, 3}], [{8, 5}, {4, 7}, {3, 6}, {1, 2}], [{8, 5}, {6, 7}, {1, 4}, {2, 3}], [{8, 5}, {6, 7}, {2, 4}, {1, 3}], [{8, 5}, {6, 7}, {3, 4}, {1, 2}], [{8, 5}, {6, 7}, {4}, {1, 3}, {2}], [{8, 5}, {7}, {1, 6}, {4}, {2, 3}], [{8, 5}, {7}, {3, 6}, {1, 4}, {2}], [{8, 5}, {7}, {4, 6}, {3}, {1, 2}], [{8, 6}, {1, 7}, {2, 5}, {3, 4}], [{8, 6}, {1, 7}, {2, 5}, {4}, {3}], [{8, 6}, {1, 7}, {3, 5}, {2, 4}], [{8, 6}, {1, 7}, {3, 5}, {4}, {2}], [{8, 6}, {1, 7}, {4, 5}, {2, 3}], [{8, 6}, {1, 7}, {5}, {4}, {2, 3}], [{8, 6}, {2, 7}, {1, 5}, {3, 4}], [{8, 6}, {2, 7}, {1, 5}, {4}, {3}], [{8, 6}, {2, 7}, {3, 5}, {1, 4}], [{8, 6}, {2, 7}, {3, 5}, {4}, {1}], [{8, 6}, {2, 7}, {4, 5}, {1, 3}], [{8, 6}, {2, 7}, {4, 5}, {3}, {1}], [{8, 6}, {2, 7}, {5}, {1, 4}, {3}], [{8, 6}, {2, 7}, {5}, {3, 4}, {1}], [{8, 6}, {2, 7}, {5}, {4}, {1, 3}], [{8, 6}, {2, 7}, {5}, {4}, {3}, {1}], [{8, 6}, {3, 7}, {1, 5}, {2, 4}], [{8, 6}, {3, 7}, {1, 5}, {4}, {2}], [{8, 6}, {3, 7}, {2, 5}, {1, 4}], [{8, 6}, {3, 7}, {2, 5}, {4}, {1}], [{8, 6}, {3, 7}, {4, 5}, {1, 2}], [{8, 6}, {3, 7}, {5}, {4}, {1, 2}], [{8, 6}, {4, 7}, {1, 5}, {2, 3}], [{8, 6}, {4, 7}, {2, 5}, {1, 3}], [{8, 6}, {4, 7}, {3, 5}, {1, 2}], [{8, 6}, {4, 7}, {3, 5}, {2}, {1}], [{8, 6}, {5, 7}, {1, 4}, {2, 3}], [{8, 6}, {5, 7}, {2, 4}, {1, 3}], [{8, 6}, {5, 7}, {3, 4}, {1, 2}], [{8, 6}, {5, 7}, {4}, {1, 3}, {2}], [{8, 6}, {5, 7}, {4}, {2, 3}, {1}], [{8, 6}, {5, 7}, {4}, {3}, {1, 2}], [{8, 6}, {7}, {1, 5}, {4}, {2, 3}], [{8, 6}, {7}, {2, 5}, {4}, {1, 3}], [{8, 6}, {7}, {3, 5}, {1, 4}, {2}], [{8, 6}, {7}, {3, 5}, {2, 4}, {1}], [{8, 6}, {7}, {3, 5}, {4}, {1, 2}], [{8, 6}, {7}, {3, 5}, {4}, {2}, {1}], [{8, 7}, {1, 6}, {2, 5}, {3, 4}], [{8, 7}, {1, 6}, {2, 5}, {4}, {3}], [{8, 7}, {1, 6}, {3, 5}, {2, 4}], [{8, 7}, {1, 6}, {4, 5}, {2, 3}], [{8, 7}, {2, 6}, {1, 5}, {3, 4}], [{8, 7}, {2, 6}, {1, 5}, {4}, {3}], [{8, 7}, {2, 6}, {3, 5}, {1, 4}], [{8, 7}, {2, 6}, {3, 5}, {4}, {1}], [{8, 7}, {2, 6}, {4, 5}, {1, 3}], [{8, 7}, {2, 6}, {4, 5}, {3}, {1}], [{8, 7}, {2, 6}, {5}, {1, 4}, {3}], [{8, 7}, {2, 6}, {5}, {3, 4}, {1}], [{8, 7}, {2, 6}, {5}, {4}, {1, 3}], [{8, 7}, {2, 6}, {5}, {4}, {3}, {1}], [{8, 7}, {3, 6}, {1, 5}, {2, 4}], [{8, 7}, {3, 6}, {2, 5}, {1, 4}], [{8, 7}, {3, 6}, {4, 5}, {1, 2}], [{8, 7}, {3, 6}, {5}, {1, 4}, {2}], [{8, 7}, {4, 6}, {1, 5}, {2, 3}], [{8, 7}, {4, 6}, {2, 5}, {1, 3}], [{8, 7}, {4, 6}, {3, 5}, {1, 2}], [{8, 7}, {4, 6}, {5}, {1, 3}, {2}], [{8, 7}, {5, 6}, {1, 4}, {2, 3}], [{8, 7}, {5, 6}, {2, 4}, {1, 3}], [{8, 7}, {5, 6}, {3, 4}, {1, 2}], [{8, 7}, {5, 6}, {4}, {3}, {1, 2}], [{8, 7}, {6}, {5}, {1, 4}, {2, 3}], [{8, 7}, {6}, {5}, {2, 4}, {1, 3}], [{8}, {1, 7}, {2, 6}, {3, 5}, {4}], [{8}, {1, 7}, {3, 6}, {4, 5}, {2}], [{8}, {3, 7}, {1, 6}, {4, 5}, {2}], [{8}, {3, 7}, {4, 6}, {1, 5}, {2}], [{8}, {3, 7}, {5, 6}, {1, 4}, {2}], [{8}, {4, 7}, {1, 6}, {5}, {2, 3}], [{8}, {4, 7}, {2, 6}, {3, 5}, {1}], [{8}, {4, 7}, {3, 6}, {1, 5}, {2}], [{8}, {4, 7}, {5, 6}, {3}, {1, 2}], [{8}, {4, 7}, {6}, {2, 5}, {1, 3}], [{8}, {5, 7}, {3, 6}, {1, 4}, {2}], [{8}, {6, 7}, {1, 5}, {2, 4}, {3}], [{8}, {6, 7}, {2, 5}, {1, 4}, {3}], [{8}, {6, 7}, {4, 5}, {1, 3}, {2}], [{8}, {6, 7}, {4, 5}, {2, 3}, {1}], [{8}, {6, 7}, {4, 5}, {3}, {1, 2}], [{8}, {6, 7}, {4, 5}, {3}, {2}, {1}], [{8}, {7}, {2, 6}, {3, 5}, {1, 4}], [{8}, {7}, {2, 6}, {3, 5}, {4}, {1}], [{8}, {7}, {5, 6}, {2, 4}, {1, 3}]]",2,12 K_1^3 - 12 K_1^2 - 12 K_1 K_2 - 3 K_1 + 6 K_2 + 3 K_3 + 7,O1O2O3U2O4U1U5O6U4U6O7U3U7O8O5U8,O1O2U1O3O4U3O5O6U4O7U2U7U6O8U5U8,O1O2U3O4O3U5O6O5U7U2O7U1U8U6O8U4,c,{'O1O2O3U4O5O4U6U1O6U7U8O7U5U3O8U2'},1,"<a href=""/flatknot/8.975655"">8.975655</a>",t^9-55t^7-176t^6+7t^5+452t^4+442t^3+318t^2+174t+34,0,,
8.975656,O1O2O3U4O5O4U6U1O6U7U2O8U5U3O7U8,4,3z^3+29z^2+105z+119,3w^4z^3+29w^3z^2+105w^2z+119w,False,False,"[[ 0 -2  0  2  1  1 -1 -2  1],[ 2  0  0  2  2  0  2 -1  2],[ 0  0  0  2  0  0  0 -2  1],[-2 -2 -2  0 -1 -1 -2 -3  1],[-1 -2  0  1  0  1 -2 -2  0],[-1  0  0  1 -1  0 -1 -1  0],[ 1 -2  0  2  2  1  0 -1  1],[ 2  1  2  3  2  1  1  0  1],[-1 -2 -1 -1  0  0 -1 -1  0]]","[[ 0  2  1  1  1  0 -1 -2 -2],[-2  0  1 -1 -1 -2 -2 -2 -3],[-1 -1  0  0  0 -1 -1 -2 -1],[-1  1  0  0  1  0 -2 -2 -2],[-1  1  0 -1  0  0 -1  0 -1],[ 0  2  1  0  0  0  0  0 -2],[ 1  2  1  2  1  0  0 -2 -1],[ 2  2  2  2  0  0  2  0 -1],[ 2  3  1  2  1  2  1  1  0]]",True,"[-2,-1,-1,-1,0,1,2,2,-1,1,1,2,2,2,3,0,0,1,1,2,1,-1,0,2,2,2,0,1,0,1,0,0,2,2,1,1]","[-2,-2,-1,0,1,1,1,2,-1,0,0,1,2,2,1,-1,2,1,1,3,2,1,0,1,1,1,1,0,1,0,0,-1,0,0,2,0]",t^8+56t^6+410t^4+123t^2+1,"[-2,-2,-1,0,1,1,1,2,-1,0,0,1,2,2,1,-1,2,1,1,3,2,1,0,1,1,1,1,0,1,0,0,-1,0,0,2,0]","[-2,-1,-1,-1,0,1,2,2,0,0,2,0,1,1,2,-1,0,1,1,2,3,0,1,0,1,1,0,1,2,1,1,0,2,0,-1,1]","[-2,-2,-1,0,1,1,1,2,-1,2,0,0,2,2,2,1,2,1,1,2,3,0,1,1,2,2,0,1,0,2,0,-1,1,0,-1,1]",c,"[[{8, 1}, {2, 7}, {3, 6}, {4, 5}], [{8, 1}, {2, 7}, {4, 6}, {3, 5}], [{8, 1}, {2, 7}, {5, 6}, {3, 4}], [{8, 1}, {2, 7}, {6}, {3, 5}, {4}], [{8, 1}, {3, 7}, {2, 6}, {4, 5}], [{8, 1}, {3, 7}, {2, 6}, {5}, {4}], [{8, 1}, {3, 7}, {4, 6}, {2, 5}], [{8, 1}, {3, 7}, {4, 6}, {5}, {2}], [{8, 1}, {3, 7}, {5, 6}, {2, 4}], [{8, 1}, {3, 7}, {6}, {5}, {2, 4}], [{8, 1}, {4, 7}, {2, 6}, {3, 5}], [{8, 1}, {4, 7}, {3, 6}, {2, 5}], [{8, 1}, {4, 7}, {5, 6}, {2, 3}], [{8, 1}, {5, 7}, {2, 6}, {3, 4}], [{8, 1}, {5, 7}, {3, 6}, {2, 4}], [{8, 1}, {5, 7}, {4, 6}, {2, 3}], [{8, 1}, {6, 7}, {2, 5}, {3, 4}], [{8, 1}, {6, 7}, {3, 5}, {2, 4}], [{8, 1}, {6, 7}, {4, 5}, {2, 3}], [{8, 1}, {6, 7}, {4, 5}, {3}, {2}], [{8, 1}, {7}, {5, 6}, {4}, {2, 3}], [{8, 2}, {1, 7}, {3, 6}, {4, 5}], [{8, 2}, {1, 7}, {4, 6}, {3, 5}], [{8, 2}, {1, 7}, {5, 6}, {3, 4}], [{8, 2}, {1, 7}, {6}, {3, 5}, {4}], [{8, 2}, {3, 7}, {1, 6}, {4, 5}], [{8, 2}, {3, 7}, {1, 6}, {5}, {4}], [{8, 2}, {3, 7}, {4, 6}, {1, 5}], [{8, 2}, {3, 7}, {5, 6}, {1, 4}], [{8, 2}, {3, 7}, {5, 6}, {4}, {1}], [{8, 2}, {3, 7}, {6}, {1, 5}, {4}], [{8, 2}, {4, 7}, {1, 6}, {3, 5}], [{8, 2}, {4, 7}, {3, 6}, {1, 5}], [{8, 2}, {4, 7}, {5, 6}, {1, 3}], [{8, 2}, {4, 7}, {6}, {1, 5}, {3}], [{8, 2}, {5, 7}, {1, 6}, {3, 4}], [{8, 2}, {5, 7}, {3, 6}, {1, 4}], [{8, 2}, {5, 7}, {4, 6}, {1, 3}], [{8, 2}, {6, 7}, {1, 5}, {3, 4}], [{8, 2}, {6, 7}, {1, 5}, {4}, {3}], [{8, 2}, {6, 7}, {3, 5}, {1, 4}], [{8, 2}, {6, 7}, {4, 5}, {1, 3}], [{8, 2}, {6, 7}, {4, 5}, {3}, {1}], [{8, 2}, {6, 7}, {5}, {1, 4}, {3}], [{8, 2}, {7}, {3, 6}, {1, 5}, {4}], [{8, 2}, {7}, {4, 6}, {1, 5}, {3}], [{8, 2}, {7}, {6}, {1, 5}, {3, 4}], [{8, 3}, {1, 7}, {2, 6}, {4, 5}], [{8, 3}, {1, 7}, {4, 6}, {2, 5}], [{8, 3}, {1, 7}, {5, 6}, {2, 4}], [{8, 3}, {1, 7}, {6}, {2, 5}, {4}], [{8, 3}, {2, 7}, {1, 6}, {4, 5}], [{8, 3}, {2, 7}, {4, 6}, {1, 5}], [{8, 3}, {2, 7}, {4, 6}, {5}, {1}], [{8, 3}, {2, 7}, {5, 6}, {1, 4}], [{8, 3}, {4, 7}, {1, 6}, {2, 5}], [{8, 3}, {4, 7}, {2, 6}, {1, 5}], [{8, 3}, {4, 7}, {2, 6}, {5}, {1}], [{8, 3}, {4, 7}, {5, 6}, {1, 2}], [{8, 3}, {5, 7}, {1, 6}, {2, 4}], [{8, 3}, {5, 7}, {2, 6}, {1, 4}], [{8, 3}, {5, 7}, {4, 6}, {1, 2}], [{8, 3}, {6, 7}, {1, 5}, {2, 4}], [{8, 3}, {6, 7}, {1, 5}, {4}, {2}], [{8, 3}, {6, 7}, {2, 5}, {1, 4}], [{8, 3}, {6, 7}, {4, 5}, {1, 2}], [{8, 3}, {6, 7}, {4, 5}, {2}, {1}], [{8, 3}, {6, 7}, {5}, {1, 4}, {2}], [{8, 4}, {1, 7}, {2, 6}, {3, 5}], [{8, 4}, {1, 7}, {3, 6}, {2, 5}], [{8, 4}, {1, 7}, {5, 6}, {2, 3}], [{8, 4}, {1, 7}, {5, 6}, {3}, {2}], [{8, 4}, {2, 7}, {1, 6}, {3, 5}], [{8, 4}, {2, 7}, {3, 6}, {1, 5}], [{8, 4}, {2, 7}, {5, 6}, {1, 3}], [{8, 4}, {2, 7}, {6}, {1, 5}, {3}], [{8, 4}, {2, 7}, {6}, {3, 5}, {1}], [{8, 4}, {2, 7}, {6}, {5}, {1, 3}], [{8, 4}, {3, 7}, {1, 6}, {2, 5}], [{8, 4}, {3, 7}, {2, 6}, {1, 5}], [{8, 4}, {3, 7}, {5, 6}, {1, 2}], [{8, 4}, {3, 7}, {6}, {1, 5}, {2}], [{8, 4}, {5, 7}, {1, 6}, {2, 3}], [{8, 4}, {5, 7}, {2, 6}, {1, 3}], [{8, 4}, {5, 7}, {3, 6}, {1, 2}], [{8, 4}, {5, 7}, {6}, {3}, {1, 2}], [{8, 4}, {6, 7}, {1, 5}, {2, 3}], [{8, 4}, {6, 7}, {1, 5}, {3}, {2}], [{8, 4}, {6, 7}, {2, 5}, {1, 3}], [{8, 4}, {6, 7}, {3, 5}, {1, 2}], [{8, 4}, {7}, {1, 6}, {5}, {2, 3}], [{8, 4}, {7}, {2, 6}, {1, 5}, {3}], [{8, 4}, {7}, {3, 6}, {1, 5}, {2}], [{8, 4}, {7}, {5, 6}, {2, 3}, {1}], [{8, 4}, {7}, {6}, {1, 5}, {2, 3}], [{8, 5}, {1, 7}, {2, 6}, {3, 4}], [{8, 5}, {1, 7}, {2, 6}, {4}, {3}], [{8, 5}, {1, 7}, {3, 6}, {2, 4}], [{8, 5}, {1, 7}, {4, 6}, {2, 3}], [{8, 5}, {1, 7}, {6}, {3, 4}, {2}], [{8, 5}, {2, 7}, {1, 6}, {3, 4}], [{8, 5}, {2, 7}, {3, 6}, {1, 4}], [{8, 5}, {2, 7}, {4, 6}, {1, 3}], [{8, 5}, {3, 7}, {1, 6}, {2, 4}], [{8, 5}, {3, 7}, {2, 6}, {1, 4}], [{8, 5}, {3, 7}, {2, 6}, {4}, {1}], [{8, 5}, {3, 7}, {4, 6}, {1, 2}], [{8, 5}, {3, 7}, {4, 6}, {2}, {1}], [{8, 5}, {3, 7}, {6}, {2, 4}, {1}], [{8, 5}, {4, 7}, {1, 6}, {2, 3}], [{8, 5}, {4, 7}, {2, 6}, {1, 3}], [{8, 5}, {4, 7}, {3, 6}, {1, 2}], [{8, 5}, {6, 7}, {1, 4}, {2, 3}], [{8, 5}, {6, 7}, {1, 4}, {3}, {2}], [{8, 5}, {6, 7}, {2, 4}, {1, 3}], [{8, 5}, {6, 7}, {3, 4}, {1, 2}], [{8, 5}, {7}, {1, 6}, {2, 4}, {3}], [{8, 5}, {7}, {2, 6}, {4}, {1, 3}], [{8, 6}, {1, 7}, {2, 5}, {3, 4}], [{8, 6}, {1, 7}, {3, 5}, {2, 4}], [{8, 6}, {1, 7}, {4, 5}, {2, 3}], [{8, 6}, {1, 7}, {4, 5}, {3}, {2}], [{8, 6}, {2, 7}, {1, 5}, {3, 4}], [{8, 6}, {2, 7}, {3, 5}, {1, 4}], [{8, 6}, {2, 7}, {4, 5}, {1, 3}], [{8, 6}, {2, 7}, {4, 5}, {3}, {1}], [{8, 6}, {3, 7}, {1, 5}, {2, 4}], [{8, 6}, {3, 7}, {1, 5}, {4}, {2}], [{8, 6}, {3, 7}, {2, 5}, {1, 4}], [{8, 6}, {3, 7}, {4, 5}, {1, 2}], [{8, 6}, {3, 7}, {4, 5}, {2}, {1}], [{8, 6}, {3, 7}, {5}, {1, 4}, {2}], [{8, 6}, {4, 7}, {1, 5}, {2, 3}], [{8, 6}, {4, 7}, {2, 5}, {1, 3}], [{8, 6}, {4, 7}, {3, 5}, {1, 2}], [{8, 6}, {4, 7}, {5}, {1, 3}, {2}], [{8, 6}, {5, 7}, {1, 4}, {2, 3}], [{8, 6}, {5, 7}, {2, 4}, {1, 3}], [{8, 6}, {5, 7}, {3, 4}, {1, 2}], [{8, 6}, {5, 7}, {4}, {1, 3}, {2}], [{8, 6}, {7}, {4, 5}, {1, 3}, {2}], [{8, 6}, {7}, {4, 5}, {2, 3}, {1}], [{8, 6}, {7}, {4, 5}, {3}, {1, 2}], [{8, 6}, {7}, {4, 5}, {3}, {2}, {1}], [{8, 7}, {1, 6}, {2, 5}, {3, 4}], [{8, 7}, {1, 6}, {3, 5}, {2, 4}], [{8, 7}, {1, 6}, {4, 5}, {2, 3}], [{8, 7}, {1, 6}, {4, 5}, {3}, {2}], [{8, 7}, {2, 6}, {1, 5}, {3, 4}], [{8, 7}, {2, 6}, {3, 5}, {1, 4}], [{8, 7}, {2, 6}, {4, 5}, {1, 3}], [{8, 7}, {2, 6}, {4, 5}, {3}, {1}], [{8, 7}, {3, 6}, {1, 5}, {2, 4}], [{8, 7}, {3, 6}, {1, 5}, {4}, {2}], [{8, 7}, {3, 6}, {2, 5}, {1, 4}], [{8, 7}, {3, 6}, {4, 5}, {1, 2}], [{8, 7}, {3, 6}, {4, 5}, {2}, {1}], [{8, 7}, {3, 6}, {5}, {1, 4}, {2}], [{8, 7}, {4, 6}, {1, 5}, {2, 3}], [{8, 7}, {4, 6}, {2, 5}, {1, 3}], [{8, 7}, {4, 6}, {3, 5}, {1, 2}], [{8, 7}, {5, 6}, {1, 4}, {2, 3}], [{8, 7}, {5, 6}, {2, 4}, {1, 3}], [{8, 7}, {5, 6}, {3, 4}, {1, 2}], [{8, 7}, {6}, {4, 5}, {1, 3}, {2}], [{8, 7}, {6}, {4, 5}, {2, 3}, {1}], [{8, 7}, {6}, {4, 5}, {3}, {1, 2}], [{8, 7}, {6}, {4, 5}, {3}, {2}, {1}], [{8}, {2, 7}, {1, 6}, {5}, {3, 4}], [{8}, {2, 7}, {3, 6}, {1, 5}, {4}], [{8}, {2, 7}, {5, 6}, {4}, {1, 3}], [{8}, {2, 7}, {6}, {3, 5}, {1, 4}], [{8}, {3, 7}, {2, 6}, {1, 5}, {4}], [{8}, {3, 7}, {4, 6}, {1, 5}, {2}], [{8}, {3, 7}, {6}, {1, 5}, {2, 4}], [{8}, {3, 7}, {6}, {1, 5}, {4}, {2}], [{8}, {4, 7}, {3, 6}, {1, 5}, {2}], [{8}, {4, 7}, {5, 6}, {3}, {1, 2}], [{8}, {4, 7}, {6}, {2, 5}, {1, 3}], [{8}, {5, 7}, {1, 6}, {3, 4}, {2}], [{8}, {5, 7}, {6}, {1, 4}, {2, 3}], [{8}, {6, 7}, {1, 5}, {2, 4}, {3}], [{8}, {6, 7}, {1, 5}, {3, 4}, {2}], [{8}, {6, 7}, {1, 5}, {4}, {2, 3}], [{8}, {6, 7}, {1, 5}, {4}, {3}, {2}], [{8}, {6, 7}, {2, 5}, {1, 4}, {3}], [{8}, {6, 7}, {3, 5}, {1, 4}, {2}], [{8}, {6, 7}, {4, 5}, {1, 3}, {2}], [{8}, {6, 7}, {4, 5}, {2, 3}, {1}], [{8}, {6, 7}, {4, 5}, {3}, {1, 2}], [{8}, {6, 7}, {4, 5}, {3}, {2}, {1}], [{8}, {6, 7}, {5}, {1, 4}, {2, 3}], [{8}, {6, 7}, {5}, {1, 4}, {3}, {2}], [{8}, {7}, {1, 6}, {2, 5}, {3, 4}], [{8}, {7}, {2, 6}, {3, 5}, {1, 4}], [{8}, {7}, {3, 6}, {1, 5}, {2, 4}], [{8}, {7}, {3, 6}, {1, 5}, {4}, {2}], [{8}, {7}, {5, 6}, {1, 4}, {2, 3}]]",2,- 18 K_1^2 - 4 K_1 K_2 + 2 K_1 + 9 K_2 + 2 K_3 + 10,O1O2O3U4O5U1U6O4U2U5O7U3U7O8O6U8,O1O2U1O3O4U5O6O7U3O5U2U4U7O8U6U8,O1O2U3O4O5U6O7O6U8U2O8U1U4U7O3U5,c,{'O1O2O3U4O5O4U6U1O6U7U2O8U5U3O7U8'},1,"<a href=""/flatknot/8.975656"">8.975656</a>",t^9-58t^7-196t^6+47t^5+834t^4+623t^3-492t^2-485t-162,t^2-2t,,
8.975657,O1O2O3U4O5O4U6U1O6U7U3O8U2U5O7U8,4,17z^2+94z+121,17w^3z^2+94w^2z+121w,False,False,"[[ 0 -2  0  1  1  2 -1 -2  1],[ 2  0  1  0  2  1  2 -1  2],[ 0 -1  0  0  0  1  0 -2  1],[-1  0  0  0 -1  0 -1 -2  0],[-1 -2  0  1  0  2 -2 -2  0],[-2 -1 -1  0 -2  0 -2 -2  0],[ 1 -2  0  1  2  2  0 -1  1],[ 2  1  2  2  2  2  1  0  1],[-1 -2 -1  0  0  0 -1 -1  0]]","[[ 0  2  1  1  1  0 -1 -2 -2],[-2  0  0  0 -2 -1 -2 -1 -2],[-1  0  0  0  0 -1 -1 -2 -1],[-1  0  0  0 -1  0 -1  0 -2],[-1  2  0  1  0  0 -2 -2 -2],[ 0  1  1  0  0  0  0 -1 -2],[ 1  2  1  1  2  0  0 -2 -1],[ 2  1  2  0  2  1  2  0 -1],[ 2  2  1  2  2  2  1  1  0]]",True,"[-2,-1,-1,-1,0,1,2,2,0,0,2,1,2,1,2,0,0,1,1,2,1,1,0,1,0,2,0,2,2,2,0,1,2,2,1,1]","[-2,-2,-1,0,1,1,1,2,-1,0,0,1,1,2,2,-1,1,1,3,1,3,1,0,1,1,1,1,1,0,1,-1,0,-1,0,1,1]",t^8+50t^6+318t^4+112t^2+4,"[-2,-2,-1,0,1,1,1,2,-1,0,0,1,1,2,2,-1,1,1,3,1,3,1,0,1,1,1,1,1,0,1,-1,0,-1,0,1,1]","[-2,-1,-1,-1,0,1,2,2,-1,1,1,1,1,2,3,0,1,1,0,1,1,0,0,1,2,1,1,1,1,3,1,0,1,0,-1,1]","[-2,-2,-1,0,1,1,1,2,-1,2,1,0,2,2,1,1,2,2,1,2,2,0,1,1,2,2,0,1,0,1,0,-1,0,0,0,2]",c,"[[{8, 1}, {2, 7}, {3, 6}, {4, 5}], [{8, 1}, {2, 7}, {4, 6}, {3, 5}], [{8, 1}, {2, 7}, {4, 6}, {5}, {3}], [{8, 1}, {2, 7}, {5, 6}, {3, 4}], [{8, 1}, {3, 7}, {2, 6}, {4, 5}], [{8, 1}, {3, 7}, {4, 6}, {2, 5}], [{8, 1}, {3, 7}, {5, 6}, {2, 4}], [{8, 1}, {4, 7}, {2, 6}, {3, 5}], [{8, 1}, {4, 7}, {2, 6}, {5}, {3}], [{8, 1}, {4, 7}, {3, 6}, {2, 5}], [{8, 1}, {4, 7}, {5, 6}, {2, 3}], [{8, 1}, {4, 7}, {6}, {3, 5}, {2}], [{8, 1}, {5, 7}, {2, 6}, {3, 4}], [{8, 1}, {5, 7}, {3, 6}, {2, 4}], [{8, 1}, {5, 7}, {3, 6}, {4}, {2}], [{8, 1}, {5, 7}, {4, 6}, {2, 3}], [{8, 1}, {6, 7}, {2, 5}, {3, 4}], [{8, 1}, {6, 7}, {3, 5}, {2, 4}], [{8, 1}, {6, 7}, {4, 5}, {2, 3}], [{8, 1}, {6, 7}, {4, 5}, {3}, {2}], [{8, 1}, {7}, {3, 6}, {5}, {2, 4}], [{8, 2}, {1, 7}, {3, 6}, {4, 5}], [{8, 2}, {1, 7}, {4, 6}, {3, 5}], [{8, 2}, {1, 7}, {4, 6}, {5}, {3}], [{8, 2}, {1, 7}, {5, 6}, {3, 4}], [{8, 2}, {3, 7}, {1, 6}, {4, 5}], [{8, 2}, {3, 7}, {4, 6}, {1, 5}], [{8, 2}, {3, 7}, {5, 6}, {1, 4}], [{8, 2}, {3, 7}, {6}, {5}, {1, 4}], [{8, 2}, {4, 7}, {1, 6}, {3, 5}], [{8, 2}, {4, 7}, {1, 6}, {5}, {3}], [{8, 2}, {4, 7}, {3, 6}, {1, 5}], [{8, 2}, {4, 7}, {5, 6}, {1, 3}], [{8, 2}, {5, 7}, {1, 6}, {3, 4}], [{8, 2}, {5, 7}, {3, 6}, {1, 4}], [{8, 2}, {5, 7}, {4, 6}, {1, 3}], [{8, 2}, {5, 7}, {6}, {4}, {1, 3}], [{8, 2}, {6, 7}, {1, 5}, {3, 4}], [{8, 2}, {6, 7}, {3, 5}, {1, 4}], [{8, 2}, {6, 7}, {4, 5}, {1, 3}], [{8, 2}, {7}, {5, 6}, {1, 4}, {3}], [{8, 3}, {1, 7}, {2, 6}, {4, 5}], [{8, 3}, {1, 7}, {4, 6}, {2, 5}], [{8, 3}, {1, 7}, {5, 6}, {2, 4}], [{8, 3}, {1, 7}, {6}, {4, 5}, {2}], [{8, 3}, {2, 7}, {1, 6}, {4, 5}], [{8, 3}, {2, 7}, {4, 6}, {1, 5}], [{8, 3}, {2, 7}, {5, 6}, {1, 4}], [{8, 3}, {2, 7}, {6}, {4, 5}, {1}], [{8, 3}, {4, 7}, {1, 6}, {2, 5}], [{8, 3}, {4, 7}, {2, 6}, {1, 5}], [{8, 3}, {4, 7}, {5, 6}, {1, 2}], [{8, 3}, {4, 7}, {6}, {5}, {1, 2}], [{8, 3}, {5, 7}, {1, 6}, {2, 4}], [{8, 3}, {5, 7}, {2, 6}, {1, 4}], [{8, 3}, {5, 7}, {4, 6}, {1, 2}], [{8, 3}, {5, 7}, {6}, {4}, {1, 2}], [{8, 3}, {6, 7}, {1, 5}, {2, 4}], [{8, 3}, {6, 7}, {2, 5}, {1, 4}], [{8, 3}, {6, 7}, {4, 5}, {1, 2}], [{8, 3}, {6, 7}, {4, 5}, {2}, {1}], [{8, 3}, {7}, {1, 6}, {4, 5}, {2}], [{8, 3}, {7}, {2, 6}, {4, 5}, {1}], [{8, 3}, {7}, {4, 6}, {1, 5}, {2}], [{8, 3}, {7}, {5, 6}, {1, 4}, {2}], [{8, 3}, {7}, {6}, {4, 5}, {1, 2}], [{8, 3}, {7}, {6}, {4, 5}, {2}, {1}], [{8, 4}, {1, 7}, {2, 6}, {3, 5}], [{8, 4}, {1, 7}, {2, 6}, {5}, {3}], [{8, 4}, {1, 7}, {3, 6}, {2, 5}], [{8, 4}, {1, 7}, {3, 6}, {5}, {2}], [{8, 4}, {1, 7}, {5, 6}, {2, 3}], [{8, 4}, {1, 7}, {6}, {5}, {2, 3}], [{8, 4}, {2, 7}, {1, 6}, {3, 5}], [{8, 4}, {2, 7}, {1, 6}, {5}, {3}], [{8, 4}, {2, 7}, {3, 6}, {1, 5}], [{8, 4}, {2, 7}, {5, 6}, {1, 3}], [{8, 4}, {3, 7}, {1, 6}, {2, 5}], [{8, 4}, {3, 7}, {2, 6}, {1, 5}], [{8, 4}, {3, 7}, {5, 6}, {1, 2}], [{8, 4}, {5, 7}, {1, 6}, {2, 3}], [{8, 4}, {5, 7}, {1, 6}, {3}, {2}], [{8, 4}, {5, 7}, {2, 6}, {1, 3}], [{8, 4}, {5, 7}, {3, 6}, {1, 2}], [{8, 4}, {5, 7}, {3, 6}, {2}, {1}], [{8, 4}, {5, 7}, {6}, {1, 3}, {2}], [{8, 4}, {6, 7}, {1, 5}, {2, 3}], [{8, 4}, {6, 7}, {2, 5}, {1, 3}], [{8, 4}, {6, 7}, {3, 5}, {1, 2}], [{8, 4}, {6, 7}, {5}, {3}, {1, 2}], [{8, 4}, {7}, {1, 6}, {2, 5}, {3}], [{8, 4}, {7}, {3, 6}, {1, 5}, {2}], [{8, 5}, {1, 7}, {2, 6}, {3, 4}], [{8, 5}, {1, 7}, {2, 6}, {4}, {3}], [{8, 5}, {1, 7}, {3, 6}, {2, 4}], [{8, 5}, {1, 7}, {4, 6}, {2, 3}], [{8, 5}, {2, 7}, {1, 6}, {3, 4}], [{8, 5}, {2, 7}, {3, 6}, {1, 4}], [{8, 5}, {2, 7}, {4, 6}, {1, 3}], [{8, 5}, {2, 7}, {6}, {4}, {1, 3}], [{8, 5}, {3, 7}, {1, 6}, {2, 4}], [{8, 5}, {3, 7}, {2, 6}, {1, 4}], [{8, 5}, {3, 7}, {4, 6}, {1, 2}], [{8, 5}, {3, 7}, {6}, {1, 4}, {2}], [{8, 5}, {3, 7}, {6}, {2, 4}, {1}], [{8, 5}, {3, 7}, {6}, {4}, {1, 2}], [{8, 5}, {4, 7}, {1, 6}, {2, 3}], [{8, 5}, {4, 7}, {2, 6}, {1, 3}], [{8, 5}, {4, 7}, {3, 6}, {1, 2}], [{8, 5}, {6, 7}, {1, 4}, {2, 3}], [{8, 5}, {6, 7}, {2, 4}, {1, 3}], [{8, 5}, {6, 7}, {3, 4}, {1, 2}], [{8, 6}, {1, 7}, {2, 5}, {3, 4}], [{8, 6}, {1, 7}, {2, 5}, {4}, {3}], [{8, 6}, {1, 7}, {3, 5}, {2, 4}], [{8, 6}, {1, 7}, {4, 5}, {2, 3}], [{8, 6}, {2, 7}, {1, 5}, {3, 4}], [{8, 6}, {2, 7}, {3, 5}, {1, 4}], [{8, 6}, {2, 7}, {4, 5}, {1, 3}], [{8, 6}, {2, 7}, {5}, {4}, {1, 3}], [{8, 6}, {3, 7}, {1, 5}, {2, 4}], [{8, 6}, {3, 7}, {2, 5}, {1, 4}], [{8, 6}, {3, 7}, {4, 5}, {1, 2}], [{8, 6}, {3, 7}, {5}, {1, 4}, {2}], [{8, 6}, {4, 7}, {1, 5}, {2, 3}], [{8, 6}, {4, 7}, {2, 5}, {1, 3}], [{8, 6}, {4, 7}, {3, 5}, {1, 2}], [{8, 6}, {4, 7}, {5}, {1, 3}, {2}], [{8, 6}, {5, 7}, {1, 4}, {2, 3}], [{8, 6}, {5, 7}, {2, 4}, {1, 3}], [{8, 6}, {5, 7}, {3, 4}, {1, 2}], [{8, 6}, {5, 7}, {4}, {2, 3}, {1}], [{8, 6}, {7}, {1, 5}, {2, 4}, {3}], [{8, 6}, {7}, {3, 5}, {2, 4}, {1}], [{8, 6}, {7}, {5}, {2, 4}, {1, 3}], [{8, 7}, {1, 6}, {2, 5}, {3, 4}], [{8, 7}, {1, 6}, {3, 5}, {2, 4}], [{8, 7}, {1, 6}, {4, 5}, {2, 3}], [{8, 7}, {1, 6}, {4, 5}, {3}, {2}], [{8, 7}, {2, 6}, {1, 5}, {3, 4}], [{8, 7}, {2, 6}, {1, 5}, {4}, {3}], [{8, 7}, {2, 6}, {3, 5}, {1, 4}], [{8, 7}, {2, 6}, {4, 5}, {1, 3}], [{8, 7}, {3, 6}, {1, 5}, {2, 4}], [{8, 7}, {3, 6}, {1, 5}, {4}, {2}], [{8, 7}, {3, 6}, {2, 5}, {1, 4}], [{8, 7}, {3, 6}, {4, 5}, {1, 2}], [{8, 7}, {4, 6}, {1, 5}, {2, 3}], [{8, 7}, {4, 6}, {1, 5}, {3}, {2}], [{8, 7}, {4, 6}, {2, 5}, {1, 3}], [{8, 7}, {4, 6}, {2, 5}, {3}, {1}], [{8, 7}, {4, 6}, {3, 5}, {1, 2}], [{8, 7}, {4, 6}, {3, 5}, {2}, {1}], [{8, 7}, {4, 6}, {5}, {1, 3}, {2}], [{8, 7}, {4, 6}, {5}, {2, 3}, {1}], [{8, 7}, {4, 6}, {5}, {3}, {1, 2}], [{8, 7}, {4, 6}, {5}, {3}, {2}, {1}], [{8, 7}, {5, 6}, {1, 4}, {2, 3}], [{8, 7}, {5, 6}, {1, 4}, {3}, {2}], [{8, 7}, {5, 6}, {2, 4}, {1, 3}], [{8, 7}, {5, 6}, {3, 4}, {1, 2}], [{8, 7}, {6}, {1, 5}, {2, 4}, {3}], [{8, 7}, {6}, {1, 5}, {3, 4}, {2}], [{8, 7}, {6}, {1, 5}, {4}, {2, 3}], [{8, 7}, {6}, {1, 5}, {4}, {3}, {2}], [{8, 7}, {6}, {2, 5}, {4}, {1, 3}], [{8, 7}, {6}, {3, 5}, {4}, {1, 2}], [{8}, {1, 7}, {2, 6}, {4, 5}, {3}], [{8}, {1, 7}, {5, 6}, {4}, {2, 3}], [{8}, {2, 7}, {5, 6}, {1, 4}, {3}], [{8}, {2, 7}, {5, 6}, {3, 4}, {1}], [{8}, {2, 7}, {5, 6}, {4}, {1, 3}], [{8}, {3, 7}, {1, 6}, {4, 5}, {2}], [{8}, {3, 7}, {2, 6}, {5}, {1, 4}], [{8}, {3, 7}, {4, 6}, {1, 5}, {2}], [{8}, {3, 7}, {5, 6}, {1, 4}, {2}], [{8}, {3, 7}, {6}, {2, 5}, {1, 4}], [{8}, {3, 7}, {6}, {5}, {1, 4}, {2}], [{8}, {4, 7}, {3, 6}, {1, 5}, {2}], [{8}, {4, 7}, {5, 6}, {2, 3}, {1}], [{8}, {5, 7}, {2, 6}, {3, 4}, {1}], [{8}, {5, 7}, {3, 6}, {1, 4}, {2}], [{8}, {5, 7}, {6}, {2, 4}, {1, 3}], [{8}, {6, 7}, {1, 5}, {2, 4}, {3}], [{8}, {6, 7}, {3, 5}, {1, 4}, {2}], [{8}, {6, 7}, {4, 5}, {1, 3}, {2}], [{8}, {7}, {5, 6}, {1, 4}, {2, 3}], [{8}, {7}, {5, 6}, {1, 4}, {3}, {2}]]",2,4 K_1^3 - 22 K_1^2 - 8 K_1 K_2 + K_1 + 11 K_2 + 3 K_3 + 12,O1O2O3U4O5U6U2O4U1U5O7U3U7O8O6U8,O1O2U1O3O4U5O6O7U3O5U2U6U4O8U7U8,O1O2U3O4O5U6O7O6U8U1O8U4U2U7O3U5,c,{'O1O2O3U4O5O4U6U1O6U7U3O8U2U5O7U8'},1,"<a href=""/flatknot/8.975657"">8.975657</a>",t^9-52t^7-158t^6+75t^5+574t^4+107t^3-550t^2-81t+74,t^2-2t,,
8.975658,O1O2O3U4O5O4U6U1O6U7U3O8U2U8O7U5,3,14z^2+91z+127,14w^3z^2+91w^2z+127w,False,False,"[[ 0 -2  0  1  1  2 -1 -2  1],[ 2  0  1  0  2  1  2  0  1],[ 0 -1  0  0  0  1  0 -2  1],[-1  0  0  0 -1 -1 -1 -1  0],[-1 -2  0  1  0  2 -2 -3  1],[-2 -1 -1  1 -2  0 -2 -2  0],[ 1 -2  0  1  2  2  0 -1  1],[ 2  0  2  1  3  2  1  0  1],[-1 -1 -1  0 -1  0 -1 -1  0]]","[[ 0  2  1  1  1  0 -1 -2 -2],[-2  0  1  0 -2 -1 -2 -1 -2],[-1 -1  0  0 -1  0 -1  0 -1],[-1  0  0  0 -1 -1 -1 -1 -1],[-1  2  1  1  0  0 -2 -2 -3],[ 0  1  0  1  0  0  0 -1 -2],[ 1  2  1  1  2  0  0 -2 -1],[ 2  1  0  1  2  1  2  0  0],[ 2  2  1  1  3  2  1  0  0]]",True,"[-2,-1,-1,-1,0,1,2,2,-1,0,2,1,2,1,2,0,1,0,1,0,1,1,1,1,1,1,0,2,2,3,0,1,2,2,1,0]","[-2,-2,-1,0,1,1,1,2,0,-1,1,1,2,3,3,0,0,0,2,2,2,1,0,1,1,1,1,0,1,1,-1,-1,-1,0,1,2]",t^8+50t^6+154t^4+61t^2,"[-2,-2,-1,0,1,1,1,2,0,-1,1,1,2,3,3,0,0,0,2,2,2,1,0,1,1,1,1,0,1,1,-1,-1,-1,0,1,2]","[-2,-1,-1,-1,0,1,2,2,-1,1,2,1,1,2,3,1,1,1,0,0,1,0,0,1,2,2,1,1,2,3,1,0,1,0,-1,0]","[-2,-2,-1,0,1,1,1,2,0,1,2,1,1,3,2,2,1,0,1,2,1,0,1,1,2,2,0,1,0,1,0,-1,-1,-1,0,2]",c,"[[{8, 2}, {3, 7}, {4, 6}, {1, 5}], [{8, 3}, {2, 7}, {4, 6}, {1, 5}], [{8, 7}, {4, 6}, {1, 5}, {2, 3}], [{8}, {7}, {4, 6}, {1, 5}, {2, 3}]]",1,4 K_1^3 - 22 K_1^2 - 8 K_1 K_2 + K_1 + 11 K_2 + 3 K_3 + 12,O1O2O3U4O5U6U2O6U1U5O7U3U7O8O4U8,O1O2U1O3O4U5O6O5U3O7U2U6U4O8U7U8,O1O2U1O3O4U5O6O5U7U8O7U3U2U6O8U4,c,{'O1O2O3U4O5O4U6U1O6U7U3O8U2U8O7U5'},1,"<a href=""/flatknot/8.975658"">8.975658</a>",t^9-52t^7-148t^6+17t^5+336t^4+120t^3-190t^2-96t,t^2-2t,,
8.975659,O1O2O3U4O5O4U6U1O6U7U3O8U5U2O7U8,4,17z^2+102z+137,17w^3z^2+102w^2z+137w,False,False,"[[ 0 -2  1  1  1  1 -1 -2  1],[ 2  0  2  0  2  0  2 -1  2],[-1 -2  0 -1  0  0 -1 -3  1],[-1  0  1  0 -1  0 -1 -2  0],[-1 -2  0  1  0  1 -2 -2  0],[-1  0  0  0 -1  0 -1 -1  0],[ 1 -2  1  1  2  1  0 -1  1],[ 2  1  3  2  2  1  1  0  1],[-1 -2 -1  0  0  0 -1 -1  0]]","[[ 0  1  1  1  1 -2 -2],[-1  0  1  0  0 -2 -2],[-1 -1  0  1  0  0 -2],[-1  0 -1  0  1 -2 -3],[-1  0  0 -1  0 -2 -1],[ 2  2  0  2  2  0 -1],[ 2  2  2  3  1  1  0]]",False,"[-1,-1,-1,-1,2,2,-1,0,0,2,2,-1,0,0,2,-1,2,3,2,1,1]","[-2,-2,1,1,1,1,-1,0,1,1,2,1,1,3,1,0,1,-1,-1,0,0]",t^6+34t^4+135t^2+1,"[-2,-2,1,1,1,1,-1,0,1,1,2,1,1,3,1,0,1,-1,-1,0,0]","[-1,-1,-1,-1,2,2,-1,0,0,1,2,-1,0,1,0,-1,3,1,1,1,-1]","[-2,-2,1,1,1,1,-1,0,2,2,2,2,1,2,3,0,-1,1,0,-1,0]",c,"[[{8, 4}, {1, 7}, {5, 6}, {2, 3}]]",1,8 K_1^3 - 24 K_1^2 - 16 K_1 K_2 + 2 K_1 + 12 K_2 + 6 K_3 + 13,O1O2O3U4O5U2U6O4U1U5O7U3U7O8O6U8,O1O2U1O3O4U5O6O7U3O5U2U7U4O8U6U8,O1O2U3O4O5U6O7O6U8U2O8U4U1U7O3U5,c,{'O1O2O3U4O5O4U6U1O6U7U3O8U5U2O7U8'},1,"<a href=""/flatknot/8.975659"">8.975659</a>",t^7-38t^5-60t^4+85t^3+102t^2-30t-10,2t^2-4t,,
8.975660,O1O2O3U4O5O4U6U1O6U7U3O8U5U8O7U2,4,6z^3+48z^2+115z+87,6w^4z^3+48w^3z^2+115w^2z+87w,False,False,"[[ 0 -2  1  1  1  1 -1 -2  1],[ 2  0  2  0  2  0  2  0  1],[-1 -2  0  0  0  0 -1 -3  1],[-1  0  0  0 -1  0 -1 -2  1],[-1 -2  0  1  0  1 -2 -2  0],[-1  0  0  0 -1  0 -1 -2  1],[ 1 -2  1  1  2  1  0 -1  1],[ 2  0  3  2  2  2  1  0  1],[-1 -1 -1 -1  0 -1 -1 -1  0]]","[[ 0  1  1  1  1  1 -1 -2 -2],[-1  0  1  1  0  0 -2 -2 -2],[-1 -1  0  0  1  0 -1  0 -2],[-1 -1  0  0  1  0 -1  0 -2],[-1  0 -1 -1  0 -1 -1 -1 -1],[-1  0  0  0  1  0 -1 -2 -3],[ 1  2  1  1  1  1  0 -2 -1],[ 2  2  0  0  1  2  2  0  0],[ 2  2  2  2  1  3  1  0  0]]",True,"[-1,-1,-1,-1,-1,1,2,2,-1,-1,0,0,2,2,2,0,-1,0,1,0,2,-1,0,1,0,2,1,1,1,1,1,2,3,2,1,0]","[-2,-2,-1,1,1,1,1,1,0,-1,1,1,2,3,3,0,0,1,2,1,1,1,0,1,1,1,0,-1,0,0,0,-1,-1,1,1,0]",t^8+49t^6+304t^4+86t^2,"[-2,-2,-1,1,1,1,1,1,0,-1,1,1,2,3,3,0,0,1,2,1,1,1,0,1,1,1,0,-1,0,0,0,-1,-1,1,1,0]","[-1,-1,-1,-1,-1,1,2,2,-1,-1,-1,0,1,2,2,0,0,-1,1,1,3,0,-1,1,1,3,0,1,0,1,0,1,1,0,-1,0]","[-2,-2,-1,1,1,1,1,1,0,1,1,2,2,2,3,2,1,0,0,2,2,1,1,1,2,1,-1,-1,0,-1,0,-1,0,-1,0,0]",c,"[[{8, 1}, {2, 7}, {3, 6}, {4, 5}], [{8, 1}, {2, 7}, {4, 6}, {3, 5}], [{8, 1}, {2, 7}, {4, 6}, {5}, {3}], [{8, 1}, {2, 7}, {5, 6}, {3, 4}], [{8, 1}, {3, 7}, {2, 6}, {4, 5}], [{8, 1}, {3, 7}, {4, 6}, {2, 5}], [{8, 1}, {3, 7}, {5, 6}, {2, 4}], [{8, 1}, {3, 7}, {6}, {2, 5}, {4}], [{8, 1}, {4, 7}, {2, 6}, {3, 5}], [{8, 1}, {4, 7}, {2, 6}, {5}, {3}], [{8, 1}, {4, 7}, {3, 6}, {2, 5}], [{8, 1}, {4, 7}, {5, 6}, {2, 3}], [{8, 1}, {5, 7}, {2, 6}, {3, 4}], [{8, 1}, {5, 7}, {3, 6}, {2, 4}], [{8, 1}, {5, 7}, {4, 6}, {2, 3}], [{8, 1}, {5, 7}, {6}, {4}, {2, 3}], [{8, 1}, {6, 7}, {2, 5}, {3, 4}], [{8, 1}, {6, 7}, {2, 5}, {4}, {3}], [{8, 1}, {6, 7}, {3, 5}, {2, 4}], [{8, 1}, {6, 7}, {3, 5}, {4}, {2}], [{8, 1}, {6, 7}, {4, 5}, {2, 3}], [{8, 1}, {6, 7}, {4, 5}, {3}, {2}], [{8, 1}, {6, 7}, {5}, {2, 4}, {3}], [{8, 1}, {6, 7}, {5}, {3, 4}, {2}], [{8, 1}, {6, 7}, {5}, {4}, {2, 3}], [{8, 1}, {6, 7}, {5}, {4}, {3}, {2}], [{8, 1}, {7}, {3, 6}, {2, 5}, {4}], [{8, 1}, {7}, {5, 6}, {4}, {2, 3}], [{8, 2}, {1, 7}, {3, 6}, {4, 5}], [{8, 2}, {1, 7}, {4, 6}, {3, 5}], [{8, 2}, {1, 7}, {4, 6}, {5}, {3}], [{8, 2}, {1, 7}, {5, 6}, {3, 4}], [{8, 2}, {3, 7}, {1, 6}, {4, 5}], [{8, 2}, {3, 7}, {4, 6}, {1, 5}], [{8, 2}, {3, 7}, {5, 6}, {1, 4}], [{8, 2}, {3, 7}, {6}, {5}, {1, 4}], [{8, 2}, {4, 7}, {1, 6}, {3, 5}], [{8, 2}, {4, 7}, {1, 6}, {5}, {3}], [{8, 2}, {4, 7}, {3, 6}, {1, 5}], [{8, 2}, {4, 7}, {5, 6}, {1, 3}], [{8, 2}, {5, 7}, {1, 6}, {3, 4}], [{8, 2}, {5, 7}, {3, 6}, {1, 4}], [{8, 2}, {5, 7}, {4, 6}, {1, 3}], [{8, 2}, {5, 7}, {6}, {1, 4}, {3}], [{8, 2}, {6, 7}, {1, 5}, {3, 4}], [{8, 2}, {6, 7}, {3, 5}, {1, 4}], [{8, 2}, {6, 7}, {4, 5}, {1, 3}], [{8, 2}, {6, 7}, {5}, {1, 4}, {3}], [{8, 2}, {7}, {3, 6}, {1, 5}, {4}], [{8, 2}, {7}, {3, 6}, {4, 5}, {1}], [{8, 2}, {7}, {3, 6}, {5}, {1, 4}], [{8, 2}, {7}, {5, 6}, {1, 4}, {3}], [{8, 2}, {7}, {5, 6}, {3, 4}, {1}], [{8, 2}, {7}, {5, 6}, {4}, {1, 3}], [{8, 2}, {7}, {6}, {3, 5}, {1, 4}], [{8, 2}, {7}, {6}, {5}, {1, 4}, {3}], [{8, 3}, {1, 7}, {2, 6}, {4, 5}], [{8, 3}, {1, 7}, {4, 6}, {2, 5}], [{8, 3}, {1, 7}, {5, 6}, {2, 4}], [{8, 3}, {2, 7}, {1, 6}, {4, 5}], [{8, 3}, {2, 7}, {4, 6}, {1, 5}], [{8, 3}, {2, 7}, {5, 6}, {1, 4}], [{8, 3}, {2, 7}, {6}, {5}, {1, 4}], [{8, 3}, {4, 7}, {1, 6}, {2, 5}], [{8, 3}, {4, 7}, {2, 6}, {1, 5}], [{8, 3}, {4, 7}, {5, 6}, {1, 2}], [{8, 3}, {5, 7}, {1, 6}, {2, 4}], [{8, 3}, {5, 7}, {2, 6}, {1, 4}], [{8, 3}, {5, 7}, {4, 6}, {1, 2}], [{8, 3}, {5, 7}, {6}, {4}, {1, 2}], [{8, 3}, {6, 7}, {1, 5}, {2, 4}], [{8, 3}, {6, 7}, {1, 5}, {4}, {2}], [{8, 3}, {6, 7}, {2, 5}, {1, 4}], [{8, 3}, {6, 7}, {4, 5}, {1, 2}], [{8, 3}, {7}, {2, 6}, {4, 5}, {1}], [{8, 3}, {7}, {4, 6}, {2, 5}, {1}], [{8, 3}, {7}, {6}, {1, 5}, {2, 4}], [{8, 4}, {1, 7}, {2, 6}, {3, 5}], [{8, 4}, {1, 7}, {2, 6}, {5}, {3}], [{8, 4}, {1, 7}, {3, 6}, {2, 5}], [{8, 4}, {1, 7}, {5, 6}, {2, 3}], [{8, 4}, {2, 7}, {1, 6}, {3, 5}], [{8, 4}, {2, 7}, {1, 6}, {5}, {3}], [{8, 4}, {2, 7}, {3, 6}, {1, 5}], [{8, 4}, {2, 7}, {5, 6}, {1, 3}], [{8, 4}, {3, 7}, {1, 6}, {2, 5}], [{8, 4}, {3, 7}, {2, 6}, {1, 5}], [{8, 4}, {3, 7}, {2, 6}, {5}, {1}], [{8, 4}, {3, 7}, {5, 6}, {1, 2}], [{8, 4}, {5, 7}, {1, 6}, {2, 3}], [{8, 4}, {5, 7}, {2, 6}, {1, 3}], [{8, 4}, {5, 7}, {2, 6}, {3}, {1}], [{8, 4}, {5, 7}, {3, 6}, {1, 2}], [{8, 4}, {6, 7}, {1, 5}, {2, 3}], [{8, 4}, {6, 7}, {2, 5}, {1, 3}], [{8, 4}, {6, 7}, {3, 5}, {1, 2}], [{8, 4}, {6, 7}, {5}, {3}, {1, 2}], [{8, 4}, {7}, {2, 6}, {1, 5}, {3}], [{8, 4}, {7}, {2, 6}, {3, 5}, {1}], [{8, 4}, {7}, {2, 6}, {5}, {1, 3}], [{8, 4}, {7}, {2, 6}, {5}, {3}, {1}], [{8, 5}, {1, 7}, {2, 6}, {3, 4}], [{8, 5}, {1, 7}, {3, 6}, {2, 4}], [{8, 5}, {1, 7}, {4, 6}, {2, 3}], [{8, 5}, {2, 7}, {1, 6}, {3, 4}], [{8, 5}, {2, 7}, {3, 6}, {1, 4}], [{8, 5}, {2, 7}, {4, 6}, {1, 3}], [{8, 5}, {2, 7}, {6}, {1, 4}, {3}], [{8, 5}, {3, 7}, {1, 6}, {2, 4}], [{8, 5}, {3, 7}, {2, 6}, {1, 4}], [{8, 5}, {3, 7}, {4, 6}, {1, 2}], [{8, 5}, {3, 7}, {6}, {4}, {1, 2}], [{8, 5}, {4, 7}, {1, 6}, {2, 3}], [{8, 5}, {4, 7}, {2, 6}, {1, 3}], [{8, 5}, {4, 7}, {3, 6}, {1, 2}], [{8, 5}, {6, 7}, {1, 4}, {2, 3}], [{8, 5}, {6, 7}, {2, 4}, {1, 3}], [{8, 5}, {6, 7}, {3, 4}, {1, 2}], [{8, 5}, {6, 7}, {4}, {1, 3}, {2}], [{8, 5}, {7}, {2, 6}, {3, 4}, {1}], [{8, 5}, {7}, {4, 6}, {2, 3}, {1}], [{8, 5}, {7}, {6}, {2, 4}, {1, 3}], [{8, 6}, {1, 7}, {2, 5}, {3, 4}], [{8, 6}, {1, 7}, {3, 5}, {2, 4}], [{8, 6}, {1, 7}, {4, 5}, {2, 3}], [{8, 6}, {1, 7}, {5}, {2, 4}, {3}], [{8, 6}, {2, 7}, {1, 5}, {3, 4}], [{8, 6}, {2, 7}, {3, 5}, {1, 4}], [{8, 6}, {2, 7}, {4, 5}, {1, 3}], [{8, 6}, {2, 7}, {5}, {1, 4}, {3}], [{8, 6}, {3, 7}, {1, 5}, {2, 4}], [{8, 6}, {3, 7}, {2, 5}, {1, 4}], [{8, 6}, {3, 7}, {4, 5}, {1, 2}], [{8, 6}, {4, 7}, {1, 5}, {2, 3}], [{8, 6}, {4, 7}, {1, 5}, {3}, {2}], [{8, 6}, {4, 7}, {2, 5}, {1, 3}], [{8, 6}, {4, 7}, {2, 5}, {3}, {1}], [{8, 6}, {4, 7}, {3, 5}, {1, 2}], [{8, 6}, {4, 7}, {3, 5}, {2}, {1}], [{8, 6}, {4, 7}, {5}, {1, 3}, {2}], [{8, 6}, {4, 7}, {5}, {2, 3}, {1}], [{8, 6}, {4, 7}, {5}, {3}, {1, 2}], [{8, 6}, {4, 7}, {5}, {3}, {2}, {1}], [{8, 6}, {5, 7}, {1, 4}, {2, 3}], [{8, 6}, {5, 7}, {2, 4}, {1, 3}], [{8, 6}, {5, 7}, {3, 4}, {1, 2}], [{8, 7}, {1, 6}, {2, 5}, {3, 4}], [{8, 7}, {1, 6}, {3, 5}, {2, 4}], [{8, 7}, {1, 6}, {4, 5}, {2, 3}], [{8, 7}, {1, 6}, {5}, {2, 4}, {3}], [{8, 7}, {2, 6}, {1, 5}, {3, 4}], [{8, 7}, {2, 6}, {3, 5}, {1, 4}], [{8, 7}, {2, 6}, {4, 5}, {1, 3}], [{8, 7}, {2, 6}, {5}, {1, 4}, {3}], [{8, 7}, {3, 6}, {1, 5}, {2, 4}], [{8, 7}, {3, 6}, {1, 5}, {4}, {2}], [{8, 7}, {3, 6}, {2, 5}, {1, 4}], [{8, 7}, {3, 6}, {2, 5}, {4}, {1}], [{8, 7}, {3, 6}, {4, 5}, {1, 2}], [{8, 7}, {3, 6}, {4, 5}, {2}, {1}], [{8, 7}, {3, 6}, {5}, {1, 4}, {2}], [{8, 7}, {3, 6}, {5}, {2, 4}, {1}], [{8, 7}, {3, 6}, {5}, {4}, {1, 2}], [{8, 7}, {4, 6}, {1, 5}, {2, 3}], [{8, 7}, {4, 6}, {2, 5}, {1, 3}], [{8, 7}, {4, 6}, {3, 5}, {1, 2}], [{8, 7}, {4, 6}, {5}, {3}, {1, 2}], [{8, 7}, {5, 6}, {1, 4}, {2, 3}], [{8, 7}, {5, 6}, {1, 4}, {3}, {2}], [{8, 7}, {5, 6}, {2, 4}, {1, 3}], [{8, 7}, {5, 6}, {2, 4}, {3}, {1}], [{8, 7}, {5, 6}, {3, 4}, {1, 2}], [{8, 7}, {5, 6}, {3, 4}, {2}, {1}], [{8, 7}, {5, 6}, {4}, {1, 3}, {2}], [{8, 7}, {5, 6}, {4}, {2, 3}, {1}], [{8, 7}, {5, 6}, {4}, {3}, {1, 2}], [{8, 7}, {6}, {1, 5}, {2, 4}, {3}], [{8, 7}, {6}, {2, 5}, {1, 4}, {3}], [{8, 7}, {6}, {3, 5}, {1, 4}, {2}], [{8, 7}, {6}, {3, 5}, {2, 4}, {1}], [{8, 7}, {6}, {3, 5}, {4}, {1, 2}], [{8, 7}, {6}, {4, 5}, {3}, {1, 2}], [{8, 7}, {6}, {5}, {1, 4}, {2, 3}], [{8, 7}, {6}, {5}, {1, 4}, {3}, {2}], [{8, 7}, {6}, {5}, {2, 4}, {1, 3}], [{8, 7}, {6}, {5}, {2, 4}, {3}, {1}], [{8, 7}, {6}, {5}, {3, 4}, {1, 2}], [{8, 7}, {6}, {5}, {4}, {3}, {1, 2}], [{8}, {1, 7}, {3, 6}, {2, 5}, {4}], [{8}, {1, 7}, {5, 6}, {4}, {2, 3}], [{8}, {2, 7}, {3, 6}, {1, 5}, {4}], [{8}, {2, 7}, {3, 6}, {4, 5}, {1}], [{8}, {2, 7}, {3, 6}, {5}, {1, 4}], [{8}, {2, 7}, {5, 6}, {1, 4}, {3}], [{8}, {2, 7}, {5, 6}, {3, 4}, {1}], [{8}, {2, 7}, {5, 6}, {4}, {1, 3}], [{8}, {2, 7}, {6}, {3, 5}, {1, 4}], [{8}, {2, 7}, {6}, {5}, {1, 4}, {3}], [{8}, {3, 7}, {1, 6}, {4, 5}, {2}], [{8}, {3, 7}, {2, 6}, {1, 5}, {4}], [{8}, {3, 7}, {4, 6}, {1, 5}, {2}], [{8}, {3, 7}, {6}, {1, 5}, {2, 4}], [{8}, {4, 7}, {6}, {1, 5}, {2, 3}], [{8}, {4, 7}, {6}, {2, 5}, {1, 3}], [{8}, {5, 7}, {1, 6}, {3, 4}, {2}], [{8}, {5, 7}, {2, 6}, {4}, {1, 3}], [{8}, {5, 7}, {4, 6}, {1, 3}, {2}], [{8}, {5, 7}, {6}, {2, 4}, {1, 3}]]",2,20 K_1^3 - 4 K_1^2 - 16 K_1 K_2 - 7 K_1 + 2 K_2 + 3 K_3 + 3,O1O2O3U2O4U5U6O5U1U4O7U3U7O8O6U8,O1O2U1O3O4U5O6O5U3O7U2U7U4O8U6U8,O1O2U1O3O4U5O6O5U7U2O7U3U8U6O8U4,c,{'O1O2O3U4O5O4U6U1O6U7U3O8U5U8O7U2'},1,"<a href=""/flatknot/8.975660"">8.975660</a>",t^9-53t^7-102t^6+230t^5+318t^4-324t^3-30t^2-22t,2t^2-4t,,
8.975661,O1O2O3U4O5O4U6U1O6U7U5O8U2U3O7U8,4,7z^3+44z^2+108z+97,7w^4z^3+44w^3z^2+108w^2z+97w,False,False,"[[ 0 -2  0  2  1  1 -1 -2  1],[ 2  0  1  2  2 -1  2 -1  2],[ 0 -1  0  1  1 -1  0 -2  1],[-2 -2 -1  0 -1 -1 -2 -3  0],[-1 -2 -1  1  0  1 -2 -2  1],[-1  1  1  1 -1  0 -1 -1 -1],[ 1 -2  0  2  2  1  0 -1  1],[ 2  1  2  3  2  1  1  0  1],[-1 -2 -1  0 -1  1 -1 -1  0]]","[[ 0  2  1  1  1  0 -1 -2 -2],[-2  0  0 -1 -1 -1 -2 -2 -3],[-1  0  0  1 -1 -1 -1 -2 -1],[-1  1 -1  0 -1  1 -1  1 -1],[-1  1  1  1  0 -1 -2 -2 -2],[ 0  1  1 -1  1  0  0 -1 -2],[ 1  2  1  1  2  0  0 -2 -1],[ 2  2  2 -1  2  1  2  0 -1],[ 2  3  1  1  2  2  1  1  0]]",True,"[-2,-1,-1,-1,0,1,2,2,0,1,1,1,2,2,3,-1,1,1,1,2,1,1,-1,1,-1,1,1,2,2,2,0,1,2,2,1,1]","[-2,-2,-1,0,1,1,1,2,-1,0,0,1,2,2,1,-1,1,1,1,4,2,1,0,1,1,1,0,0,2,1,-1,-1,0,-1,1,0]",t^8+58t^6+506t^4+379t^2+4,"[-2,-2,-1,0,1,1,1,2,-1,0,0,1,2,2,1,-1,1,1,1,4,2,1,0,1,1,1,0,0,2,1,-1,-1,0,-1,1,0]","[-2,-1,-1,-1,0,1,2,2,0,0,1,1,1,1,2,-1,-1,2,1,2,4,1,0,0,1,1,0,1,2,1,1,0,1,0,-1,1]","[-2,-2,-1,0,1,1,1,2,-1,2,1,-1,2,2,2,1,2,1,1,2,3,0,1,1,2,2,-1,1,1,1,-1,-1,1,-1,0,1]",c,"[[{8, 1}, {2, 7}, {3, 6}, {4, 5}], [{8, 1}, {2, 7}, {4, 6}, {3, 5}], [{8, 1}, {2, 7}, {5, 6}, {3, 4}], [{8, 1}, {3, 7}, {2, 6}, {4, 5}], [{8, 1}, {3, 7}, {4, 6}, {2, 5}], [{8, 1}, {3, 7}, {4, 6}, {5}, {2}], [{8, 1}, {3, 7}, {5, 6}, {2, 4}], [{8, 1}, {3, 7}, {5, 6}, {4}, {2}], [{8, 1}, {3, 7}, {6}, {4, 5}, {2}], [{8, 1}, {4, 7}, {2, 6}, {3, 5}], [{8, 1}, {4, 7}, {3, 6}, {2, 5}], [{8, 1}, {4, 7}, {5, 6}, {2, 3}], [{8, 1}, {5, 7}, {2, 6}, {3, 4}], [{8, 1}, {5, 7}, {3, 6}, {2, 4}], [{8, 1}, {5, 7}, {4, 6}, {2, 3}], [{8, 1}, {5, 7}, {6}, {3, 4}, {2}], [{8, 1}, {6, 7}, {2, 5}, {3, 4}], [{8, 1}, {6, 7}, {3, 5}, {2, 4}], [{8, 1}, {6, 7}, {4, 5}, {2, 3}], [{8, 2}, {1, 7}, {3, 6}, {4, 5}], [{8, 2}, {1, 7}, {4, 6}, {3, 5}], [{8, 2}, {1, 7}, {5, 6}, {3, 4}], [{8, 2}, {3, 7}, {1, 6}, {4, 5}], [{8, 2}, {3, 7}, {1, 6}, {5}, {4}], [{8, 2}, {3, 7}, {4, 6}, {1, 5}], [{8, 2}, {3, 7}, {5, 6}, {1, 4}], [{8, 2}, {3, 7}, {5, 6}, {4}, {1}], [{8, 2}, {3, 7}, {6}, {1, 5}, {4}], [{8, 2}, {4, 7}, {1, 6}, {3, 5}], [{8, 2}, {4, 7}, {3, 6}, {1, 5}], [{8, 2}, {4, 7}, {5, 6}, {1, 3}], [{8, 2}, {4, 7}, {6}, {1, 5}, {3}], [{8, 2}, {5, 7}, {1, 6}, {3, 4}], [{8, 2}, {5, 7}, {3, 6}, {1, 4}], [{8, 2}, {5, 7}, {4, 6}, {1, 3}], [{8, 2}, {6, 7}, {1, 5}, {3, 4}], [{8, 2}, {6, 7}, {1, 5}, {4}, {3}], [{8, 2}, {6, 7}, {3, 5}, {1, 4}], [{8, 2}, {6, 7}, {3, 5}, {4}, {1}], [{8, 2}, {6, 7}, {4, 5}, {1, 3}], [{8, 2}, {6, 7}, {5}, {4}, {1, 3}], [{8, 2}, {7}, {3, 6}, {1, 5}, {4}], [{8, 2}, {7}, {4, 6}, {1, 5}, {3}], [{8, 2}, {7}, {6}, {1, 5}, {3, 4}], [{8, 2}, {7}, {6}, {1, 5}, {4}, {3}], [{8, 3}, {1, 7}, {2, 6}, {4, 5}], [{8, 3}, {1, 7}, {4, 6}, {2, 5}], [{8, 3}, {1, 7}, {5, 6}, {2, 4}], [{8, 3}, {2, 7}, {1, 6}, {4, 5}], [{8, 3}, {2, 7}, {4, 6}, {1, 5}], [{8, 3}, {2, 7}, {5, 6}, {1, 4}], [{8, 3}, {2, 7}, {6}, {5}, {1, 4}], [{8, 3}, {4, 7}, {1, 6}, {2, 5}], [{8, 3}, {4, 7}, {2, 6}, {1, 5}], [{8, 3}, {4, 7}, {5, 6}, {1, 2}], [{8, 3}, {4, 7}, {6}, {5}, {1, 2}], [{8, 3}, {5, 7}, {1, 6}, {2, 4}], [{8, 3}, {5, 7}, {2, 6}, {1, 4}], [{8, 3}, {5, 7}, {4, 6}, {1, 2}], [{8, 3}, {5, 7}, {6}, {4}, {1, 2}], [{8, 3}, {6, 7}, {1, 5}, {2, 4}], [{8, 3}, {6, 7}, {2, 5}, {1, 4}], [{8, 3}, {6, 7}, {4, 5}, {1, 2}], [{8, 3}, {6, 7}, {5}, {2, 4}, {1}], [{8, 3}, {7}, {4, 6}, {1, 5}, {2}], [{8, 3}, {7}, {6}, {4, 5}, {1, 2}], [{8, 4}, {1, 7}, {2, 6}, {3, 5}], [{8, 4}, {1, 7}, {3, 6}, {2, 5}], [{8, 4}, {1, 7}, {5, 6}, {2, 3}], [{8, 4}, {2, 7}, {1, 6}, {3, 5}], [{8, 4}, {2, 7}, {3, 6}, {1, 5}], [{8, 4}, {2, 7}, {5, 6}, {1, 3}], [{8, 4}, {3, 7}, {1, 6}, {2, 5}], [{8, 4}, {3, 7}, {2, 6}, {1, 5}], [{8, 4}, {3, 7}, {5, 6}, {1, 2}], [{8, 4}, {3, 7}, {5, 6}, {2}, {1}], [{8, 4}, {5, 7}, {1, 6}, {2, 3}], [{8, 4}, {5, 7}, {2, 6}, {1, 3}], [{8, 4}, {5, 7}, {3, 6}, {1, 2}], [{8, 4}, {6, 7}, {1, 5}, {2, 3}], [{8, 4}, {6, 7}, {2, 5}, {1, 3}], [{8, 4}, {6, 7}, {3, 5}, {1, 2}], [{8, 4}, {6, 7}, {5}, {2, 3}, {1}], [{8, 4}, {7}, {2, 6}, {1, 5}, {3}], [{8, 4}, {7}, {6}, {2, 5}, {1, 3}], [{8, 5}, {1, 7}, {2, 6}, {3, 4}], [{8, 5}, {1, 7}, {3, 6}, {2, 4}], [{8, 5}, {1, 7}, {4, 6}, {2, 3}], [{8, 5}, {2, 7}, {1, 6}, {3, 4}], [{8, 5}, {2, 7}, {3, 6}, {1, 4}], [{8, 5}, {2, 7}, {4, 6}, {1, 3}], [{8, 5}, {2, 7}, {6}, {4}, {1, 3}], [{8, 5}, {3, 7}, {1, 6}, {2, 4}], [{8, 5}, {3, 7}, {2, 6}, {1, 4}], [{8, 5}, {3, 7}, {4, 6}, {1, 2}], [{8, 5}, {3, 7}, {4, 6}, {2}, {1}], [{8, 5}, {4, 7}, {1, 6}, {2, 3}], [{8, 5}, {4, 7}, {2, 6}, {1, 3}], [{8, 5}, {4, 7}, {3, 6}, {1, 2}], [{8, 5}, {4, 7}, {6}, {1, 3}, {2}], [{8, 5}, {6, 7}, {1, 4}, {2, 3}], [{8, 5}, {6, 7}, {2, 4}, {1, 3}], [{8, 5}, {6, 7}, {3, 4}, {1, 2}], [{8, 5}, {7}, {6}, {2, 4}, {1, 3}], [{8, 6}, {1, 7}, {2, 5}, {3, 4}], [{8, 6}, {1, 7}, {3, 5}, {2, 4}], [{8, 6}, {1, 7}, {4, 5}, {2, 3}], [{8, 6}, {2, 7}, {1, 5}, {3, 4}], [{8, 6}, {2, 7}, {3, 5}, {1, 4}], [{8, 6}, {2, 7}, {4, 5}, {1, 3}], [{8, 6}, {3, 7}, {1, 5}, {2, 4}], [{8, 6}, {3, 7}, {2, 5}, {1, 4}], [{8, 6}, {3, 7}, {2, 5}, {4}, {1}], [{8, 6}, {3, 7}, {4, 5}, {1, 2}], [{8, 6}, {4, 7}, {1, 5}, {2, 3}], [{8, 6}, {4, 7}, {2, 5}, {1, 3}], [{8, 6}, {4, 7}, {2, 5}, {3}, {1}], [{8, 6}, {4, 7}, {3, 5}, {1, 2}], [{8, 6}, {5, 7}, {1, 4}, {2, 3}], [{8, 6}, {5, 7}, {2, 4}, {1, 3}], [{8, 6}, {5, 7}, {3, 4}, {1, 2}], [{8, 6}, {7}, {1, 5}, {2, 4}, {3}], [{8, 6}, {7}, {2, 5}, {3, 4}, {1}], [{8, 7}, {1, 6}, {2, 5}, {3, 4}], [{8, 7}, {1, 6}, {3, 5}, {2, 4}], [{8, 7}, {1, 6}, {4, 5}, {2, 3}], [{8, 7}, {2, 6}, {1, 5}, {3, 4}], [{8, 7}, {2, 6}, {3, 5}, {1, 4}], [{8, 7}, {2, 6}, {4, 5}, {1, 3}], [{8, 7}, {3, 6}, {1, 5}, {2, 4}], [{8, 7}, {3, 6}, {2, 5}, {1, 4}], [{8, 7}, {3, 6}, {4, 5}, {1, 2}], [{8, 7}, {3, 6}, {4, 5}, {2}, {1}], [{8, 7}, {4, 6}, {1, 5}, {2, 3}], [{8, 7}, {4, 6}, {1, 5}, {3}, {2}], [{8, 7}, {4, 6}, {2, 5}, {1, 3}], [{8, 7}, {4, 6}, {3, 5}, {1, 2}], [{8, 7}, {5, 6}, {1, 4}, {2, 3}], [{8, 7}, {5, 6}, {2, 4}, {1, 3}], [{8, 7}, {5, 6}, {3, 4}, {1, 2}], [{8, 7}, {5, 6}, {3, 4}, {2}, {1}], [{8, 7}, {6}, {3, 5}, {1, 4}, {2}], [{8}, {2, 7}, {1, 6}, {4, 5}, {3}], [{8}, {2, 7}, {4, 6}, {1, 5}, {3}], [{8}, {2, 7}, {4, 6}, {3, 5}, {1}], [{8}, {2, 7}, {4, 6}, {5}, {1, 3}], [{8}, {2, 7}, {5, 6}, {1, 4}, {3}], [{8}, {3, 7}, {2, 6}, {5}, {1, 4}], [{8}, {3, 7}, {4, 6}, {1, 5}, {2}], [{8}, {3, 7}, {5, 6}, {1, 4}, {2}], [{8}, {3, 7}, {5, 6}, {2, 4}, {1}], [{8}, {3, 7}, {5, 6}, {4}, {1, 2}], [{8}, {3, 7}, {6}, {2, 5}, {1, 4}], [{8}, {4, 7}, {3, 6}, {1, 5}, {2}], [{8}, {6, 7}, {1, 5}, {3, 4}, {2}], [{8}, {7}, {4, 6}, {1, 5}, {2, 3}], [{8}, {7}, {4, 6}, {1, 5}, {3}, {2}], [{8}, {7}, {5, 6}, {1, 4}, {2, 3}]]",2,8 K_1^3 - 14 K_1^2 - 4 K_1 K_2 - 4 K_1 + 7 K_2 + 8,O1O2O3U4O5U1U2O4U6U5O7U3U7O8O6U8,O1O2U1O3O4U5O6O7U3O5U2U6U7O8U4U8,O1O2U3O4O5U6O7O6U8U4O8U1U2U7O3U5,c,{'O1O2O3U4O5O4U6U1O6U7U5O8U2U3O7U8'},1,"<a href=""/flatknot/8.975661"">8.975661</a>",t^9-60t^7-242t^6-247t^5+206t^4+400t^3+18t^2-133t-34,t^2-2t,,
8.975662,O1O2O3U4O5O4U6U1O6U7U5O8U2U8O7U3,3,9z^2+70z+105,9w^3z^2+70w^2z+105w,False,False,"[[ 0 -2  0  2  1  1 -1 -2  1],[ 2  0  1  2  2 -1  2  0  1],[ 0 -1  0  1  1 -1  0 -2  1],[-2 -2 -1  0 -1  0 -2 -3  0],[-1 -2 -1  1  0  1 -2 -2  1],[-1  1  1  0 -1  0 -1 -1  0],[ 1 -2  0  2  2  1  0 -1  1],[ 2  0  2  3  2  1  1  0  1],[-1 -1 -1  0 -1  0 -1 -1  0]]","[[ 0  2  1  1  1  0 -1 -2 -2],[-2  0  0  0 -1 -1 -2 -2 -3],[-1  0  0  0 -1  1 -1  1 -1],[-1  0  0  0 -1 -1 -1 -1 -1],[-1  1  1  1  0 -1 -2 -2 -2],[ 0  1 -1  1  1  0  0 -1 -2],[ 1  2  1  1  2  0  0 -2 -1],[ 2  2 -1  1  2  1  2  0  0],[ 2  3  1  1  2  2  1  0  0]]",True,"[-2,-1,-1,-1,0,1,2,2,0,0,1,1,2,2,3,0,1,-1,1,-1,1,1,1,1,1,1,1,2,2,2,0,1,2,2,1,0]","[-2,-2,-1,0,1,1,1,2,0,-1,1,1,2,4,2,0,0,1,2,2,1,1,0,1,1,1,0,0,2,1,-1,-1,0,0,1,1]",t^8+52t^6+309t^4+149t^2,"[-2,-2,-1,0,1,1,1,2,0,-1,1,1,2,4,2,0,0,1,2,2,1,1,0,1,1,1,0,0,2,1,-1,-1,0,0,1,1]","[-2,-1,-1,-1,0,1,2,2,0,1,1,1,1,1,2,1,1,0,0,1,1,0,0,1,2,2,2,1,2,4,1,0,1,0,-1,0]","[-2,-2,-1,0,1,1,1,2,0,1,2,1,1,2,3,2,1,-1,1,2,2,0,1,1,2,2,-1,1,1,1,0,-1,0,-1,0,1]",c,"[[{8, 2}, {4, 7}, {3, 6}, {1, 5}]]",1,- 18 K_1^2 - 4 K_1 K_2 + 2 K_1 + 9 K_2 + 2 K_3 + 10,O1O2O3U1O4U5U2O5U6U4O7U3U7O8O6U8,O1O2U1O3O4U5O6O5U3O7U2U6U7O8U4U8,O1O2U1O3O4U5O6O5U7U3O7U8U2U6O8U4,c,{'O1O2O3U4O5O4U6U1O6U7U5O8U2U8O7U3'},1,"<a href=""/flatknot/8.975662"">8.975662</a>",t^9-54t^7-166t^6-26t^5+304t^4+163t^3-104t^2-48t,t^2-2t,,
8.975663,O1O2O3U4O5O4U6U1O6U7U5O8U3U2O7U8,3,13z^2+70z+89,-6w^4z^2+19w^3z^2-10w^3z+80w^2z+89w,False,False,"[[ 0 -2  1  1  1  1 -1 -2  1],[ 2  0  2  1  2 -1  2 -1  2],[-1 -2  0  0  0 -1 -1 -3  1],[-1 -1  0  0  0 -1 -1 -2  0],[-1 -2  0  0  0  1 -2 -2  1],[-1  1  1  1 -1  0 -1 -1 -1],[ 1 -2  1  1  2  1  0 -1  1],[ 2  1  3  2  2  1  1  0  1],[-1 -2 -1  0 -1  1 -1 -1  0]]","[[ 0  1  1  1  1  1 -1 -2 -2],[-1  0  1  1  0  0 -2 -2 -2],[-1 -1  0  1  0 -1 -1 -1 -2],[-1 -1 -1  0  1  1 -1 -1  1],[-1  0  0 -1  0  0 -1 -2 -1],[-1  0  1 -1  0  0 -1 -3 -2],[ 1  2  1  1  1  1  0 -1 -2],[ 2  2  1  1  2  3  1  0  1],[ 2  2  2 -1  1  2  2 -1  0]]",True,"[-1,-1,-1,-1,-1,1,2,2,-1,-1,0,0,2,2,2,-1,0,1,1,1,2,-1,-1,1,1,-1,0,1,2,1,1,3,2,1,2,-1]","[-2,-2,-1,1,1,1,1,1,-1,0,0,1,1,2,2,-1,1,1,2,1,4,1,0,1,1,1,0,0,-1,1,0,-1,-1,0,1,-1]",t^8+53t^6+454t^4+396t^2,"[-2,-2,-1,1,1,1,1,1,-1,0,0,1,1,2,2,-1,1,1,2,1,4,1,0,1,1,1,0,0,-1,1,0,-1,-1,0,1,-1]","[-1,-1,-1,-1,-1,1,2,2,-1,-1,0,1,1,1,2,0,0,-1,1,1,0,0,1,0,1,1,-1,1,2,1,1,4,2,-1,0,-1]","[-2,-2,-1,1,1,1,1,1,-1,2,-1,1,2,2,2,1,1,2,1,2,3,1,1,1,2,1,1,-1,-1,1,0,0,0,-1,-1,0]",c,"[[{8, 1}, {2, 7}, {3, 6}, {4, 5}], [{8, 1}, {2, 7}, {4, 6}, {3, 5}], [{8, 1}, {2, 7}, {5, 6}, {3, 4}], [{8, 1}, {3, 7}, {2, 6}, {4, 5}], [{8, 1}, {3, 7}, {4, 6}, {2, 5}], [{8, 1}, {3, 7}, {5, 6}, {2, 4}], [{8, 1}, {4, 7}, {2, 6}, {3, 5}], [{8, 1}, {4, 7}, {3, 6}, {2, 5}], [{8, 1}, {4, 7}, {5, 6}, {2, 3}], [{8, 1}, {5, 7}, {2, 6}, {3, 4}], [{8, 1}, {5, 7}, {3, 6}, {2, 4}], [{8, 1}, {5, 7}, {4, 6}, {2, 3}], [{8, 1}, {6, 7}, {2, 5}, {3, 4}], [{8, 1}, {6, 7}, {3, 5}, {2, 4}], [{8, 1}, {6, 7}, {4, 5}, {2, 3}], [{8, 1}, {7}, {4, 6}, {3, 5}, {2}], [{8, 2}, {1, 7}, {3, 6}, {4, 5}], [{8, 2}, {1, 7}, {4, 6}, {3, 5}], [{8, 2}, {1, 7}, {5, 6}, {3, 4}], [{8, 2}, {3, 7}, {1, 6}, {4, 5}], [{8, 2}, {3, 7}, {4, 6}, {1, 5}], [{8, 2}, {3, 7}, {5, 6}, {1, 4}], [{8, 2}, {3, 7}, {6}, {4, 5}, {1}], [{8, 2}, {4, 7}, {1, 6}, {3, 5}], [{8, 2}, {4, 7}, {3, 6}, {1, 5}], [{8, 2}, {4, 7}, {5, 6}, {1, 3}], [{8, 2}, {4, 7}, {6}, {3, 5}, {1}], [{8, 2}, {5, 7}, {1, 6}, {3, 4}], [{8, 2}, {5, 7}, {3, 6}, {1, 4}], [{8, 2}, {5, 7}, {4, 6}, {1, 3}], [{8, 2}, {5, 7}, {6}, {4}, {1, 3}], [{8, 2}, {6, 7}, {1, 5}, {3, 4}], [{8, 2}, {6, 7}, {3, 5}, {1, 4}], [{8, 2}, {6, 7}, {4, 5}, {1, 3}], [{8, 2}, {7}, {4, 6}, {1, 5}, {3}], [{8, 2}, {7}, {5, 6}, {1, 4}, {3}], [{8, 3}, {1, 7}, {2, 6}, {4, 5}], [{8, 3}, {1, 7}, {4, 6}, {2, 5}], [{8, 3}, {1, 7}, {4, 6}, {5}, {2}], [{8, 3}, {1, 7}, {5, 6}, {2, 4}], [{8, 3}, {2, 7}, {1, 6}, {4, 5}], [{8, 3}, {2, 7}, {1, 6}, {5}, {4}], [{8, 3}, {2, 7}, {4, 6}, {1, 5}], [{8, 3}, {2, 7}, {4, 6}, {5}, {1}], [{8, 3}, {2, 7}, {5, 6}, {1, 4}], [{8, 3}, {2, 7}, {5, 6}, {4}, {1}], [{8, 3}, {2, 7}, {6}, {1, 5}, {4}], [{8, 3}, {2, 7}, {6}, {4, 5}, {1}], [{8, 3}, {2, 7}, {6}, {5}, {1, 4}], [{8, 3}, {4, 7}, {1, 6}, {2, 5}], [{8, 3}, {4, 7}, {2, 6}, {1, 5}], [{8, 3}, {4, 7}, {5, 6}, {1, 2}], [{8, 3}, {4, 7}, {6}, {1, 5}, {2}], [{8, 3}, {4, 7}, {6}, {2, 5}, {1}], [{8, 3}, {4, 7}, {6}, {5}, {1, 2}], [{8, 3}, {5, 7}, {1, 6}, {2, 4}], [{8, 3}, {5, 7}, {2, 6}, {1, 4}], [{8, 3}, {5, 7}, {4, 6}, {1, 2}], [{8, 3}, {5, 7}, {4, 6}, {2}, {1}], [{8, 3}, {6, 7}, {1, 5}, {2, 4}], [{8, 3}, {6, 7}, {1, 5}, {4}, {2}], [{8, 3}, {6, 7}, {2, 5}, {1, 4}], [{8, 3}, {6, 7}, {2, 5}, {4}, {1}], [{8, 3}, {6, 7}, {4, 5}, {1, 2}], [{8, 3}, {6, 7}, {5}, {4}, {1, 2}], [{8, 3}, {7}, {1, 6}, {4, 5}, {2}], [{8, 3}, {7}, {2, 6}, {1, 5}, {4}], [{8, 3}, {7}, {4, 6}, {1, 5}, {2}], [{8, 3}, {7}, {4, 6}, {2, 5}, {1}], [{8, 3}, {7}, {4, 6}, {5}, {1, 2}], [{8, 3}, {7}, {4, 6}, {5}, {2}, {1}], [{8, 3}, {7}, {5, 6}, {1, 4}, {2}], [{8, 3}, {7}, {6}, {1, 5}, {2, 4}], [{8, 3}, {7}, {6}, {1, 5}, {4}, {2}], [{8, 4}, {1, 7}, {2, 6}, {3, 5}], [{8, 4}, {1, 7}, {3, 6}, {2, 5}], [{8, 4}, {1, 7}, {5, 6}, {2, 3}], [{8, 4}, {2, 7}, {1, 6}, {3, 5}], [{8, 4}, {2, 7}, {3, 6}, {1, 5}], [{8, 4}, {2, 7}, {5, 6}, {1, 3}], [{8, 4}, {2, 7}, {6}, {3, 5}, {1}], [{8, 4}, {3, 7}, {1, 6}, {2, 5}], [{8, 4}, {3, 7}, {2, 6}, {1, 5}], [{8, 4}, {3, 7}, {5, 6}, {1, 2}], [{8, 4}, {3, 7}, {6}, {1, 5}, {2}], [{8, 4}, {3, 7}, {6}, {2, 5}, {1}], [{8, 4}, {3, 7}, {6}, {5}, {1, 2}], [{8, 4}, {5, 7}, {1, 6}, {2, 3}], [{8, 4}, {5, 7}, {2, 6}, {1, 3}], [{8, 4}, {5, 7}, {3, 6}, {1, 2}], [{8, 4}, {6, 7}, {1, 5}, {2, 3}], [{8, 4}, {6, 7}, {1, 5}, {3}, {2}], [{8, 4}, {6, 7}, {2, 5}, {1, 3}], [{8, 4}, {6, 7}, {2, 5}, {3}, {1}], [{8, 4}, {6, 7}, {3, 5}, {1, 2}], [{8, 4}, {6, 7}, {3, 5}, {2}, {1}], [{8, 4}, {6, 7}, {5}, {1, 3}, {2}], [{8, 4}, {6, 7}, {5}, {2, 3}, {1}], [{8, 4}, {6, 7}, {5}, {3}, {1, 2}], [{8, 4}, {6, 7}, {5}, {3}, {2}, {1}], [{8, 4}, {7}, {2, 6}, {3, 5}, {1}], [{8, 4}, {7}, {3, 6}, {1, 5}, {2}], [{8, 4}, {7}, {3, 6}, {2, 5}, {1}], [{8, 4}, {7}, {3, 6}, {5}, {1, 2}], [{8, 5}, {1, 7}, {2, 6}, {3, 4}], [{8, 5}, {1, 7}, {3, 6}, {2, 4}], [{8, 5}, {1, 7}, {4, 6}, {2, 3}], [{8, 5}, {2, 7}, {1, 6}, {3, 4}], [{8, 5}, {2, 7}, {3, 6}, {1, 4}], [{8, 5}, {2, 7}, {4, 6}, {1, 3}], [{8, 5}, {2, 7}, {6}, {4}, {1, 3}], [{8, 5}, {3, 7}, {1, 6}, {2, 4}], [{8, 5}, {3, 7}, {2, 6}, {1, 4}], [{8, 5}, {3, 7}, {4, 6}, {1, 2}], [{8, 5}, {4, 7}, {1, 6}, {2, 3}], [{8, 5}, {4, 7}, {2, 6}, {1, 3}], [{8, 5}, {4, 7}, {3, 6}, {1, 2}], [{8, 5}, {4, 7}, {6}, {1, 3}, {2}], [{8, 5}, {6, 7}, {1, 4}, {2, 3}], [{8, 5}, {6, 7}, {2, 4}, {1, 3}], [{8, 5}, {6, 7}, {3, 4}, {1, 2}], [{8, 5}, {6, 7}, {4}, {1, 3}, {2}], [{8, 5}, {7}, {2, 6}, {4}, {1, 3}], [{8, 5}, {7}, {4, 6}, {1, 3}, {2}], [{8, 5}, {7}, {6}, {2, 4}, {1, 3}], [{8, 5}, {7}, {6}, {4}, {1, 3}, {2}], [{8, 6}, {1, 7}, {2, 5}, {3, 4}], [{8, 6}, {1, 7}, {3, 5}, {2, 4}], [{8, 6}, {1, 7}, {4, 5}, {2, 3}], [{8, 6}, {1, 7}, {5}, {3, 4}, {2}], [{8, 6}, {2, 7}, {1, 5}, {3, 4}], [{8, 6}, {2, 7}, {3, 5}, {1, 4}], [{8, 6}, {2, 7}, {4, 5}, {1, 3}], [{8, 6}, {2, 7}, {5}, {3, 4}, {1}], [{8, 6}, {3, 7}, {1, 5}, {2, 4}], [{8, 6}, {3, 7}, {1, 5}, {4}, {2}], [{8, 6}, {3, 7}, {2, 5}, {1, 4}], [{8, 6}, {3, 7}, {2, 5}, {4}, {1}], [{8, 6}, {3, 7}, {4, 5}, {1, 2}], [{8, 6}, {3, 7}, {5}, {4}, {1, 2}], [{8, 6}, {4, 7}, {1, 5}, {2, 3}], [{8, 6}, {4, 7}, {1, 5}, {3}, {2}], [{8, 6}, {4, 7}, {2, 5}, {1, 3}], [{8, 6}, {4, 7}, {2, 5}, {3}, {1}], [{8, 6}, {4, 7}, {3, 5}, {1, 2}], [{8, 6}, {4, 7}, {5}, {3}, {1, 2}], [{8, 6}, {5, 7}, {1, 4}, {2, 3}], [{8, 6}, {5, 7}, {2, 4}, {1, 3}], [{8, 6}, {5, 7}, {3, 4}, {1, 2}], [{8, 6}, {5, 7}, {3, 4}, {2}, {1}], [{8, 6}, {7}, {1, 5}, {3, 4}, {2}], [{8, 6}, {7}, {2, 5}, {3, 4}, {1}], [{8, 6}, {7}, {5}, {3, 4}, {1, 2}], [{8, 6}, {7}, {5}, {3, 4}, {2}, {1}], [{8, 7}, {1, 6}, {2, 5}, {3, 4}], [{8, 7}, {1, 6}, {2, 5}, {4}, {3}], [{8, 7}, {1, 6}, {3, 5}, {2, 4}], [{8, 7}, {1, 6}, {4, 5}, {2, 3}], [{8, 7}, {2, 6}, {1, 5}, {3, 4}], [{8, 7}, {2, 6}, {3, 5}, {1, 4}], [{8, 7}, {2, 6}, {4, 5}, {1, 3}], [{8, 7}, {2, 6}, {5}, {1, 4}, {3}], [{8, 7}, {3, 6}, {1, 5}, {2, 4}], [{8, 7}, {3, 6}, {1, 5}, {4}, {2}], [{8, 7}, {3, 6}, {2, 5}, {1, 4}], [{8, 7}, {3, 6}, {2, 5}, {4}, {1}], [{8, 7}, {3, 6}, {4, 5}, {1, 2}], [{8, 7}, {3, 6}, {5}, {4}, {1, 2}], [{8, 7}, {4, 6}, {1, 5}, {2, 3}], [{8, 7}, {4, 6}, {1, 5}, {3}, {2}], [{8, 7}, {4, 6}, {2, 5}, {1, 3}], [{8, 7}, {4, 6}, {2, 5}, {3}, {1}], [{8, 7}, {4, 6}, {3, 5}, {1, 2}], [{8, 7}, {4, 6}, {5}, {3}, {1, 2}], [{8, 7}, {5, 6}, {1, 4}, {2, 3}], [{8, 7}, {5, 6}, {1, 4}, {3}, {2}], [{8, 7}, {5, 6}, {2, 4}, {1, 3}], [{8, 7}, {5, 6}, {3, 4}, {1, 2}], [{8, 7}, {6}, {1, 5}, {3, 4}, {2}], [{8, 7}, {6}, {2, 5}, {1, 4}, {3}], [{8, 7}, {6}, {2, 5}, {3, 4}, {1}], [{8, 7}, {6}, {2, 5}, {4}, {1, 3}], [{8, 7}, {6}, {2, 5}, {4}, {3}, {1}], [{8, 7}, {6}, {5}, {3, 4}, {1, 2}], [{8}, {2, 7}, {1, 6}, {4, 5}, {3}], [{8}, {2, 7}, {4, 6}, {1, 5}, {3}], [{8}, {2, 7}, {5, 6}, {1, 4}, {3}], [{8}, {3, 7}, {1, 6}, {5}, {2, 4}], [{8}, {3, 7}, {4, 6}, {1, 5}, {2}], [{8}, {3, 7}, {4, 6}, {2, 5}, {1}], [{8}, {3, 7}, {4, 6}, {5}, {1, 2}], [{8}, {3, 7}, {5, 6}, {1, 4}, {2}], [{8}, {4, 7}, {3, 6}, {1, 5}, {2}], [{8}, {4, 7}, {3, 6}, {2, 5}, {1}], [{8}, {4, 7}, {3, 6}, {5}, {1, 2}], [{8}, {6, 7}, {1, 5}, {3, 4}, {2}], [{8}, {6, 7}, {2, 5}, {3, 4}, {1}], [{8}, {6, 7}, {4, 5}, {1, 3}, {2}], [{8}, {6, 7}, {5}, {3, 4}, {1, 2}], [{8}, {7}, {4, 6}, {1, 5}, {2, 3}], [{8}, {7}, {4, 6}, {1, 5}, {3}, {2}], [{8}, {7}, {5, 6}, {1, 4}, {2, 3}], [{8}, {7}, {5, 6}, {1, 4}, {3}, {2}]]",2,4 K_1^3 - 8 K_1^2 - 4 K_1 K_2 - K_1 + 4 K_2 + K_3 + 5,O1O2O3U4O5U2U1O4U6U5O7U3U7O8O6U8,O1O2U1O3O4U5O6O7U3O5U2U7U6O8U4U8,O1O2U3O4O5U6O7O6U8U4O8U2U1U7O3U5,c,{'O1O2O3U4O5O4U6U1O6U7U5O8U3U2O7U8'},1,"<a href=""/flatknot/8.975663"">8.975663</a>",t^9-57t^7-180t^6-76t^5+218t^4+145t^3-62t^2-24t+8,2t^2-4t,,
8.975664,O1O2O3U4O5O4U6U1O6U7U5O8U3U8O7U2,4,29z^2+114z+113,29w^3z^2+114w^2z+113w,False,False,"[[ 0 -2  1  1  1  1 -1 -2  1],[ 2  0  2  1  2 -1  2  0  1],[-1 -2  0  0  0  0 -1 -3  1],[-1 -1  0  0  0 -1 -1 -3  1],[-1 -2  0  0  0  1 -2 -2  1],[-1  1  0  1 -1  0 -1 -1  0],[ 1 -2  1  1  2  1  0 -1  1],[ 2  0  3  3  2  1  1  0  1],[-1 -1 -1 -1 -1  0 -1 -1  0]]","[[ 0  1  1  1  1  1 -1 -2 -2],[-1  0  1  1  0  0 -2 -2 -2],[-1 -1  0  0  1  0 -1  1 -1],[-1 -1  0  0 -1 -1 -1 -1 -1],[-1  0 -1  1  0  0 -1 -1 -3],[-1  0  0  1  0  0 -1 -2 -3],[ 1  2  1  1  1  1  0 -2 -1],[ 2  2 -1  1  1  2  2  0  0],[ 2  2  1  1  3  3  1  0  0]]",True,"[-1,-1,-1,-1,-1,1,2,2,-1,-1,0,0,2,2,2,0,-1,0,1,-1,1,1,1,1,1,1,0,1,1,3,1,2,3,2,1,0]","[-2,-2,-1,1,1,1,1,1,0,-1,1,1,2,2,4,0,0,1,0,2,2,1,0,1,1,1,0,0,-1,0,0,-1,-1,-1,1,0]",t^8+53t^6+344t^4+105t^2+1,"[-2,-2,-1,1,1,1,1,1,0,-1,1,1,2,2,4,0,0,1,0,2,2,1,0,1,1,1,0,0,-1,0,0,-1,-1,-1,1,0]","[-1,-1,-1,-1,-1,1,2,2,-1,-1,-1,0,1,2,2,0,0,-1,1,0,2,0,0,1,0,1,1,0,1,1,1,2,4,0,-1,0]","[-2,-2,-1,1,1,1,1,1,0,1,1,1,2,3,3,2,-1,1,2,1,2,1,1,2,1,1,0,-1,1,0,-1,-1,-1,0,0,0]",c,"[[{8, 1}, {2, 7}, {3, 6}, {4, 5}], [{8, 1}, {2, 7}, {4, 6}, {3, 5}], [{8, 1}, {2, 7}, {5, 6}, {3, 4}], [{8, 1}, {2, 7}, {5, 6}, {4}, {3}], [{8, 1}, {3, 7}, {2, 6}, {4, 5}], [{8, 1}, {3, 7}, {4, 6}, {2, 5}], [{8, 1}, {3, 7}, {5, 6}, {2, 4}], [{8, 1}, {4, 7}, {2, 6}, {3, 5}], [{8, 1}, {4, 7}, {2, 6}, {5}, {3}], [{8, 1}, {4, 7}, {3, 6}, {2, 5}], [{8, 1}, {4, 7}, {3, 6}, {5}, {2}], [{8, 1}, {4, 7}, {5, 6}, {2, 3}], [{8, 1}, {4, 7}, {6}, {5}, {2, 3}], [{8, 1}, {5, 7}, {2, 6}, {3, 4}], [{8, 1}, {5, 7}, {3, 6}, {2, 4}], [{8, 1}, {5, 7}, {4, 6}, {2, 3}], [{8, 1}, {5, 7}, {6}, {2, 4}, {3}], [{8, 1}, {6, 7}, {2, 5}, {3, 4}], [{8, 1}, {6, 7}, {3, 5}, {2, 4}], [{8, 1}, {6, 7}, {4, 5}, {2, 3}], [{8, 2}, {1, 7}, {3, 6}, {4, 5}], [{8, 2}, {1, 7}, {4, 6}, {3, 5}], [{8, 2}, {1, 7}, {5, 6}, {3, 4}], [{8, 2}, {3, 7}, {1, 6}, {4, 5}], [{8, 2}, {3, 7}, {4, 6}, {1, 5}], [{8, 2}, {3, 7}, {4, 6}, {5}, {1}], [{8, 2}, {3, 7}, {5, 6}, {1, 4}], [{8, 2}, {3, 7}, {6}, {1, 5}, {4}], [{8, 2}, {4, 7}, {1, 6}, {3, 5}], [{8, 2}, {4, 7}, {3, 6}, {1, 5}], [{8, 2}, {4, 7}, {5, 6}, {1, 3}], [{8, 2}, {5, 7}, {1, 6}, {3, 4}], [{8, 2}, {5, 7}, {3, 6}, {1, 4}], [{8, 2}, {5, 7}, {4, 6}, {1, 3}], [{8, 2}, {5, 7}, {6}, {4}, {1, 3}], [{8, 2}, {6, 7}, {1, 5}, {3, 4}], [{8, 2}, {6, 7}, {3, 5}, {1, 4}], [{8, 2}, {6, 7}, {4, 5}, {1, 3}], [{8, 2}, {6, 7}, {5}, {3, 4}, {1}], [{8, 2}, {7}, {4, 6}, {1, 5}, {3}], [{8, 2}, {7}, {5, 6}, {1, 4}, {3}], [{8, 3}, {1, 7}, {2, 6}, {4, 5}], [{8, 3}, {1, 7}, {4, 6}, {2, 5}], [{8, 3}, {1, 7}, {5, 6}, {2, 4}], [{8, 3}, {2, 7}, {1, 6}, {4, 5}], [{8, 3}, {2, 7}, {4, 6}, {1, 5}], [{8, 3}, {2, 7}, {5, 6}, {1, 4}], [{8, 3}, {2, 7}, {6}, {1, 5}, {4}], [{8, 3}, {4, 7}, {1, 6}, {2, 5}], [{8, 3}, {4, 7}, {2, 6}, {1, 5}], [{8, 3}, {4, 7}, {5, 6}, {1, 2}], [{8, 3}, {5, 7}, {1, 6}, {2, 4}], [{8, 3}, {5, 7}, {2, 6}, {1, 4}], [{8, 3}, {5, 7}, {4, 6}, {1, 2}], [{8, 3}, {6, 7}, {1, 5}, {2, 4}], [{8, 3}, {6, 7}, {2, 5}, {1, 4}], [{8, 3}, {6, 7}, {4, 5}, {1, 2}], [{8, 3}, {7}, {2, 6}, {4, 5}, {1}], [{8, 3}, {7}, {4, 6}, {1, 5}, {2}], [{8, 3}, {7}, {5, 6}, {2, 4}, {1}], [{8, 3}, {7}, {6}, {2, 5}, {1, 4}], [{8, 4}, {1, 7}, {2, 6}, {3, 5}], [{8, 4}, {1, 7}, {2, 6}, {5}, {3}], [{8, 4}, {1, 7}, {3, 6}, {2, 5}], [{8, 4}, {1, 7}, {5, 6}, {2, 3}], [{8, 4}, {1, 7}, {5, 6}, {3}, {2}], [{8, 4}, {1, 7}, {6}, {2, 5}, {3}], [{8, 4}, {2, 7}, {1, 6}, {3, 5}], [{8, 4}, {2, 7}, {1, 6}, {5}, {3}], [{8, 4}, {2, 7}, {3, 6}, {1, 5}], [{8, 4}, {2, 7}, {5, 6}, {1, 3}], [{8, 4}, {2, 7}, {5, 6}, {3}, {1}], [{8, 4}, {2, 7}, {6}, {1, 5}, {3}], [{8, 4}, {3, 7}, {1, 6}, {2, 5}], [{8, 4}, {3, 7}, {2, 6}, {1, 5}], [{8, 4}, {3, 7}, {2, 6}, {5}, {1}], [{8, 4}, {3, 7}, {5, 6}, {1, 2}], [{8, 4}, {3, 7}, {6}, {1, 5}, {2}], [{8, 4}, {5, 7}, {1, 6}, {2, 3}], [{8, 4}, {5, 7}, {1, 6}, {3}, {2}], [{8, 4}, {5, 7}, {2, 6}, {1, 3}], [{8, 4}, {5, 7}, {2, 6}, {3}, {1}], [{8, 4}, {5, 7}, {3, 6}, {1, 2}], [{8, 4}, {5, 7}, {6}, {3}, {1, 2}], [{8, 4}, {6, 7}, {1, 5}, {2, 3}], [{8, 4}, {6, 7}, {1, 5}, {3}, {2}], [{8, 4}, {6, 7}, {2, 5}, {1, 3}], [{8, 4}, {6, 7}, {2, 5}, {3}, {1}], [{8, 4}, {6, 7}, {3, 5}, {1, 2}], [{8, 4}, {6, 7}, {5}, {3}, {1, 2}], [{8, 4}, {7}, {1, 6}, {2, 5}, {3}], [{8, 4}, {7}, {2, 6}, {1, 5}, {3}], [{8, 4}, {7}, {2, 6}, {3, 5}, {1}], [{8, 4}, {7}, {2, 6}, {5}, {1, 3}], [{8, 4}, {7}, {2, 6}, {5}, {3}, {1}], [{8, 4}, {7}, {3, 6}, {1, 5}, {2}], [{8, 4}, {7}, {5, 6}, {3}, {1, 2}], [{8, 4}, {7}, {6}, {1, 5}, {2, 3}], [{8, 4}, {7}, {6}, {1, 5}, {3}, {2}], [{8, 5}, {1, 7}, {2, 6}, {3, 4}], [{8, 5}, {1, 7}, {3, 6}, {2, 4}], [{8, 5}, {1, 7}, {4, 6}, {2, 3}], [{8, 5}, {2, 7}, {1, 6}, {3, 4}], [{8, 5}, {2, 7}, {3, 6}, {1, 4}], [{8, 5}, {2, 7}, {4, 6}, {1, 3}], [{8, 5}, {2, 7}, {6}, {1, 4}, {3}], [{8, 5}, {3, 7}, {1, 6}, {2, 4}], [{8, 5}, {3, 7}, {2, 6}, {1, 4}], [{8, 5}, {3, 7}, {4, 6}, {1, 2}], [{8, 5}, {3, 7}, {6}, {4}, {1, 2}], [{8, 5}, {4, 7}, {1, 6}, {2, 3}], [{8, 5}, {4, 7}, {2, 6}, {1, 3}], [{8, 5}, {4, 7}, {3, 6}, {1, 2}], [{8, 5}, {6, 7}, {1, 4}, {2, 3}], [{8, 5}, {6, 7}, {2, 4}, {1, 3}], [{8, 5}, {6, 7}, {3, 4}, {1, 2}], [{8, 5}, {6, 7}, {4}, {1, 3}, {2}], [{8, 5}, {7}, {2, 6}, {3, 4}, {1}], [{8, 5}, {7}, {3, 6}, {2, 4}, {1}], [{8, 6}, {1, 7}, {2, 5}, {3, 4}], [{8, 6}, {1, 7}, {3, 5}, {2, 4}], [{8, 6}, {1, 7}, {3, 5}, {4}, {2}], [{8, 6}, {1, 7}, {4, 5}, {2, 3}], [{8, 6}, {2, 7}, {1, 5}, {3, 4}], [{8, 6}, {2, 7}, {1, 5}, {4}, {3}], [{8, 6}, {2, 7}, {3, 5}, {1, 4}], [{8, 6}, {2, 7}, {4, 5}, {1, 3}], [{8, 6}, {2, 7}, {4, 5}, {3}, {1}], [{8, 6}, {2, 7}, {5}, {1, 4}, {3}], [{8, 6}, {3, 7}, {1, 5}, {2, 4}], [{8, 6}, {3, 7}, {1, 5}, {4}, {2}], [{8, 6}, {3, 7}, {2, 5}, {1, 4}], [{8, 6}, {3, 7}, {2, 5}, {4}, {1}], [{8, 6}, {3, 7}, {4, 5}, {1, 2}], [{8, 6}, {3, 7}, {4, 5}, {2}, {1}], [{8, 6}, {3, 7}, {5}, {1, 4}, {2}], [{8, 6}, {3, 7}, {5}, {2, 4}, {1}], [{8, 6}, {3, 7}, {5}, {4}, {1, 2}], [{8, 6}, {3, 7}, {5}, {4}, {2}, {1}], [{8, 6}, {4, 7}, {1, 5}, {2, 3}], [{8, 6}, {4, 7}, {1, 5}, {3}, {2}], [{8, 6}, {4, 7}, {2, 5}, {1, 3}], [{8, 6}, {4, 7}, {2, 5}, {3}, {1}], [{8, 6}, {4, 7}, {3, 5}, {1, 2}], [{8, 6}, {4, 7}, {5}, {3}, {1, 2}], [{8, 6}, {5, 7}, {1, 4}, {2, 3}], [{8, 6}, {5, 7}, {2, 4}, {1, 3}], [{8, 6}, {5, 7}, {3, 4}, {1, 2}], [{8, 6}, {5, 7}, {4}, {1, 3}, {2}], [{8, 6}, {7}, {1, 5}, {2, 4}, {3}], [{8, 6}, {7}, {1, 5}, {3, 4}, {2}], [{8, 6}, {7}, {1, 5}, {4}, {2, 3}], [{8, 6}, {7}, {1, 5}, {4}, {3}, {2}], [{8, 6}, {7}, {2, 5}, {3, 4}, {1}], [{8, 6}, {7}, {4, 5}, {2, 3}, {1}], [{8, 6}, {7}, {5}, {1, 4}, {2, 3}], [{8, 6}, {7}, {5}, {3, 4}, {1, 2}], [{8, 7}, {1, 6}, {2, 5}, {3, 4}], [{8, 7}, {1, 6}, {3, 5}, {2, 4}], [{8, 7}, {1, 6}, {4, 5}, {2, 3}], [{8, 7}, {1, 6}, {4, 5}, {3}, {2}], [{8, 7}, {2, 6}, {1, 5}, {3, 4}], [{8, 7}, {2, 6}, {3, 5}, {1, 4}], [{8, 7}, {2, 6}, {4, 5}, {1, 3}], [{8, 7}, {2, 6}, {5}, {1, 4}, {3}], [{8, 7}, {3, 6}, {1, 5}, {2, 4}], [{8, 7}, {3, 6}, {2, 5}, {1, 4}], [{8, 7}, {3, 6}, {4, 5}, {1, 2}], [{8, 7}, {3, 6}, {5}, {4}, {1, 2}], [{8, 7}, {4, 6}, {1, 5}, {2, 3}], [{8, 7}, {4, 6}, {1, 5}, {3}, {2}], [{8, 7}, {4, 6}, {2, 5}, {1, 3}], [{8, 7}, {4, 6}, {3, 5}, {1, 2}], [{8, 7}, {5, 6}, {1, 4}, {2, 3}], [{8, 7}, {5, 6}, {1, 4}, {3}, {2}], [{8, 7}, {5, 6}, {2, 4}, {1, 3}], [{8, 7}, {5, 6}, {3, 4}, {1, 2}], [{8, 7}, {6}, {2, 5}, {1, 4}, {3}], [{8, 7}, {6}, {4, 5}, {2, 3}, {1}], [{8, 7}, {6}, {5}, {2, 4}, {1, 3}], [{8}, {1, 7}, {6}, {3, 5}, {2, 4}], [{8}, {2, 7}, {3, 6}, {1, 5}, {4}], [{8}, {2, 7}, {4, 6}, {1, 5}, {3}], [{8}, {2, 7}, {5, 6}, {1, 4}, {3}], [{8}, {2, 7}, {6}, {1, 5}, {3, 4}], [{8}, {3, 7}, {2, 6}, {1, 5}, {4}], [{8}, {3, 7}, {4, 6}, {1, 5}, {2}], [{8}, {3, 7}, {5, 6}, {4}, {1, 2}], [{8}, {3, 7}, {6}, {1, 5}, {2, 4}], [{8}, {3, 7}, {6}, {2, 5}, {1, 4}], [{8}, {4, 7}, {5, 6}, {1, 3}, {2}], [{8}, {5, 7}, {2, 6}, {4}, {1, 3}], [{8}, {5, 7}, {3, 6}, {1, 4}, {2}], [{8}, {6, 7}, {4, 5}, {2, 3}, {1}], [{8}, {7}, {3, 6}, {4, 5}, {1, 2}], [{8}, {7}, {4, 6}, {1, 5}, {2, 3}], [{8}, {7}, {4, 6}, {1, 5}, {3}, {2}]]",2,4 K_1^3 - 8 K_1^2 - 4 K_1 K_2 - K_1 + 4 K_2 + K_3 + 5,O1O2O3U2O4U5U1O5U6U4O7U3U7O8O6U8,O1O2U1O3O4U5O6O5U3O7U2U7U6O8U4U8,O1O2U1O3O4U5O6O5U7U3O7U2U8U6O8U4,c,{'O1O2O3U4O5O4U6U1O6U7U5O8U3U8O7U2'},1,"<a href=""/flatknot/8.975664"">8.975664</a>",t^9-57t^7-118t^6+134t^5+364t^4+17t^3-212t^2-41t+22,2t^2-4t,,
8.975665,O1O2O3U4O5O4U6U2O6U7U1O7U8U3O8U5,4,10z^2+95z+151,10w^3z^2+95w^2z+151w,False,False,"[[ 0 -1 -1  2  1  2 -1 -1 -1],[ 1  0  1  1  1  1  0  1  0],[ 1 -1  0  0  1  0  1  1  0],[-2 -1  0  0 -2 -1 -2 -2 -2],[-1 -1 -1  2  0  2 -2 -2 -2],[-2 -1  0  1 -2  0 -2 -2 -2],[ 1  0 -1  2  2  2  0  0  0],[ 1 -1 -1  2  2  2  0  0  0],[ 1  0  0  2  2  2  0  0  0]]","[[ 0  2  2  1 -1 -1 -1 -1 -1],[-2  0  1 -2  0 -1 -2 -2 -2],[-2 -1  0 -2  0 -1 -2 -2 -2],[-1  2  2  0 -1 -1 -2 -2 -2],[ 1  0  0  1  0 -1  1  1  0],[ 1  1  1  1  1  0  1  0  0],[ 1  2  2  2 -1 -1  0  0  0],[ 1  2  2  2 -1  0  0  0  0],[ 1  2  2  2  0  0  0  0  0]]",True,"[-2,-2,-1,1,1,1,1,1,-1,2,0,1,2,2,2,2,0,1,2,2,2,1,1,2,2,2,1,-1,-1,0,-1,0,0,0,0,0]","[-2,-2,-1,1,1,1,1,1,-1,-1,1,1,1,2,3,-1,1,1,1,2,3,0,0,0,1,1,0,0,-1,-1,0,0,-1,0,0,1]",t^8+53t^6+162t^4+54t^2+4,"[-1,-1,-1,-1,-1,1,2,2,-1,-1,0,0,1,2,2,-1,-1,0,1,3,3,0,0,0,1,1,0,0,1,1,0,1,1,-1,-1,-1]","[-2,-2,-1,1,1,1,1,1,-1,-1,1,1,1,2,3,-1,1,1,1,2,3,0,0,0,1,1,0,0,-1,-1,0,0,-1,0,0,1]","[-1,-1,-1,-1,-1,1,2,2,-1,-1,0,0,2,2,2,-1,0,1,1,0,0,0,0,1,1,1,0,2,2,2,2,2,2,2,2,-1]",c,"[[{8, 1}, {2, 7}, {3, 6}, {4, 5}], [{8, 1}, {2, 7}, {4, 6}, {3, 5}], [{8, 1}, {2, 7}, {5, 6}, {3, 4}], [{8, 1}, {2, 7}, {6}, {3, 5}, {4}], [{8, 1}, {3, 7}, {2, 6}, {4, 5}], [{8, 1}, {3, 7}, {4, 6}, {2, 5}], [{8, 1}, {3, 7}, {5, 6}, {2, 4}], [{8, 1}, {4, 7}, {2, 6}, {3, 5}], [{8, 1}, {4, 7}, {2, 6}, {5}, {3}], [{8, 1}, {4, 7}, {3, 6}, {2, 5}], [{8, 1}, {4, 7}, {3, 6}, {5}, {2}], [{8, 1}, {4, 7}, {5, 6}, {2, 3}], [{8, 1}, {4, 7}, {5, 6}, {3}, {2}], [{8, 1}, {4, 7}, {6}, {2, 5}, {3}], [{8, 1}, {4, 7}, {6}, {3, 5}, {2}], [{8, 1}, {4, 7}, {6}, {5}, {2, 3}], [{8, 1}, {5, 7}, {2, 6}, {3, 4}], [{8, 1}, {5, 7}, {3, 6}, {2, 4}], [{8, 1}, {5, 7}, {4, 6}, {2, 3}], [{8, 1}, {6, 7}, {2, 5}, {3, 4}], [{8, 1}, {6, 7}, {3, 5}, {2, 4}], [{8, 1}, {6, 7}, {3, 5}, {4}, {2}], [{8, 1}, {6, 7}, {4, 5}, {2, 3}], [{8, 1}, {7}, {2, 6}, {3, 5}, {4}], [{8, 1}, {7}, {3, 6}, {2, 5}, {4}], [{8, 1}, {7}, {4, 6}, {3, 5}, {2}], [{8, 1}, {7}, {5, 6}, {4}, {2, 3}], [{8, 1}, {7}, {6}, {3, 5}, {2, 4}], [{8, 1}, {7}, {6}, {3, 5}, {4}, {2}], [{8, 2}, {1, 7}, {3, 6}, {4, 5}], [{8, 2}, {1, 7}, {3, 6}, {5}, {4}], [{8, 2}, {1, 7}, {4, 6}, {3, 5}], [{8, 2}, {1, 7}, {5, 6}, {3, 4}], [{8, 2}, {1, 7}, {5, 6}, {4}, {3}], [{8, 2}, {1, 7}, {6}, {3, 5}, {4}], [{8, 2}, {3, 7}, {1, 6}, {4, 5}], [{8, 2}, {3, 7}, {1, 6}, {5}, {4}], [{8, 2}, {3, 7}, {4, 6}, {1, 5}], [{8, 2}, {3, 7}, {5, 6}, {1, 4}], [{8, 2}, {3, 7}, {5, 6}, {4}, {1}], [{8, 2}, {3, 7}, {6}, {1, 5}, {4}], [{8, 2}, {4, 7}, {1, 6}, {3, 5}], [{8, 2}, {4, 7}, {1, 6}, {5}, {3}], [{8, 2}, {4, 7}, {3, 6}, {1, 5}], [{8, 2}, {4, 7}, {3, 6}, {5}, {1}], [{8, 2}, {4, 7}, {5, 6}, {1, 3}], [{8, 2}, {4, 7}, {5, 6}, {3}, {1}], [{8, 2}, {4, 7}, {6}, {1, 5}, {3}], [{8, 2}, {4, 7}, {6}, {3, 5}, {1}], [{8, 2}, {4, 7}, {6}, {5}, {1, 3}], [{8, 2}, {5, 7}, {1, 6}, {3, 4}], [{8, 2}, {5, 7}, {1, 6}, {4}, {3}], [{8, 2}, {5, 7}, {3, 6}, {1, 4}], [{8, 2}, {5, 7}, {3, 6}, {4}, {1}], [{8, 2}, {5, 7}, {4, 6}, {1, 3}], [{8, 2}, {5, 7}, {6}, {4}, {1, 3}], [{8, 2}, {6, 7}, {1, 5}, {3, 4}], [{8, 2}, {6, 7}, {1, 5}, {4}, {3}], [{8, 2}, {6, 7}, {3, 5}, {1, 4}], [{8, 2}, {6, 7}, {3, 5}, {4}, {1}], [{8, 2}, {6, 7}, {4, 5}, {1, 3}], [{8, 2}, {6, 7}, {5}, {4}, {1, 3}], [{8, 2}, {7}, {1, 6}, {3, 5}, {4}], [{8, 2}, {7}, {1, 6}, {4, 5}, {3}], [{8, 2}, {7}, {1, 6}, {5}, {3, 4}], [{8, 2}, {7}, {1, 6}, {5}, {4}, {3}], [{8, 2}, {7}, {3, 6}, {1, 5}, {4}], [{8, 2}, {7}, {3, 6}, {4, 5}, {1}], [{8, 2}, {7}, {3, 6}, {5}, {1, 4}], [{8, 2}, {7}, {3, 6}, {5}, {4}, {1}], [{8, 2}, {7}, {4, 6}, {1, 5}, {3}], [{8, 2}, {7}, {4, 6}, {3, 5}, {1}], [{8, 2}, {7}, {4, 6}, {5}, {1, 3}], [{8, 2}, {7}, {5, 6}, {1, 4}, {3}], [{8, 2}, {7}, {5, 6}, {3, 4}, {1}], [{8, 2}, {7}, {5, 6}, {4}, {1, 3}], [{8, 2}, {7}, {5, 6}, {4}, {3}, {1}], [{8, 2}, {7}, {6}, {1, 5}, {3, 4}], [{8, 2}, {7}, {6}, {1, 5}, {4}, {3}], [{8, 2}, {7}, {6}, {3, 5}, {1, 4}], [{8, 2}, {7}, {6}, {3, 5}, {4}, {1}], [{8, 2}, {7}, {6}, {4, 5}, {1, 3}], [{8, 2}, {7}, {6}, {5}, {4}, {1, 3}], [{8, 3}, {1, 7}, {2, 6}, {4, 5}], [{8, 3}, {1, 7}, {4, 6}, {2, 5}], [{8, 3}, {1, 7}, {5, 6}, {2, 4}], [{8, 3}, {1, 7}, {6}, {2, 5}, {4}], [{8, 3}, {1, 7}, {6}, {4, 5}, {2}], [{8, 3}, {1, 7}, {6}, {5}, {2, 4}], [{8, 3}, {2, 7}, {1, 6}, {4, 5}], [{8, 3}, {2, 7}, {4, 6}, {1, 5}], [{8, 3}, {2, 7}, {4, 6}, {5}, {1}], [{8, 3}, {2, 7}, {5, 6}, {1, 4}], [{8, 3}, {4, 7}, {1, 6}, {2, 5}], [{8, 3}, {4, 7}, {1, 6}, {5}, {2}], [{8, 3}, {4, 7}, {2, 6}, {1, 5}], [{8, 3}, {4, 7}, {2, 6}, {5}, {1}], [{8, 3}, {4, 7}, {5, 6}, {1, 2}], [{8, 3}, {4, 7}, {5, 6}, {2}, {1}], [{8, 3}, {4, 7}, {6}, {1, 5}, {2}], [{8, 3}, {4, 7}, {6}, {2, 5}, {1}], [{8, 3}, {4, 7}, {6}, {5}, {1, 2}], [{8, 3}, {5, 7}, {1, 6}, {2, 4}], [{8, 3}, {5, 7}, {2, 6}, {1, 4}], [{8, 3}, {5, 7}, {4, 6}, {1, 2}], [{8, 3}, {5, 7}, {4, 6}, {2}, {1}], [{8, 3}, {6, 7}, {1, 5}, {2, 4}], [{8, 3}, {6, 7}, {2, 5}, {1, 4}], [{8, 3}, {6, 7}, {2, 5}, {4}, {1}], [{8, 3}, {6, 7}, {4, 5}, {1, 2}], [{8, 3}, {7}, {1, 6}, {2, 5}, {4}], [{8, 3}, {7}, {2, 6}, {1, 5}, {4}], [{8, 3}, {7}, {4, 6}, {2, 5}, {1}], [{8, 3}, {7}, {5, 6}, {4}, {1, 2}], [{8, 3}, {7}, {6}, {2, 5}, {1, 4}], [{8, 3}, {7}, {6}, {2, 5}, {4}, {1}], [{8, 4}, {1, 7}, {2, 6}, {3, 5}], [{8, 4}, {1, 7}, {2, 6}, {5}, {3}], [{8, 4}, {1, 7}, {3, 6}, {2, 5}], [{8, 4}, {1, 7}, {3, 6}, {5}, {2}], [{8, 4}, {1, 7}, {5, 6}, {2, 3}], [{8, 4}, {1, 7}, {6}, {5}, {2, 3}], [{8, 4}, {2, 7}, {1, 6}, {3, 5}], [{8, 4}, {2, 7}, {1, 6}, {5}, {3}], [{8, 4}, {2, 7}, {3, 6}, {1, 5}], [{8, 4}, {2, 7}, {5, 6}, {1, 3}], [{8, 4}, {2, 7}, {5, 6}, {3}, {1}], [{8, 4}, {2, 7}, {6}, {1, 5}, {3}], [{8, 4}, {3, 7}, {1, 6}, {2, 5}], [{8, 4}, {3, 7}, {2, 6}, {1, 5}], [{8, 4}, {3, 7}, {2, 6}, {5}, {1}], [{8, 4}, {3, 7}, {5, 6}, {1, 2}], [{8, 4}, {5, 7}, {1, 6}, {2, 3}], [{8, 4}, {5, 7}, {1, 6}, {3}, {2}], [{8, 4}, {5, 7}, {2, 6}, {1, 3}], [{8, 4}, {5, 7}, {3, 6}, {1, 2}], [{8, 4}, {6, 7}, {1, 5}, {2, 3}], [{8, 4}, {6, 7}, {2, 5}, {1, 3}], [{8, 4}, {6, 7}, {3, 5}, {1, 2}], [{8, 4}, {6, 7}, {3, 5}, {2}, {1}], [{8, 4}, {7}, {1, 6}, {2, 5}, {3}], [{8, 4}, {7}, {2, 6}, {5}, {1, 3}], [{8, 4}, {7}, {6}, {3, 5}, {1, 2}], [{8, 5}, {1, 7}, {2, 6}, {3, 4}], [{8, 5}, {1, 7}, {3, 6}, {2, 4}], [{8, 5}, {1, 7}, {4, 6}, {2, 3}], [{8, 5}, {2, 7}, {1, 6}, {3, 4}], [{8, 5}, {2, 7}, {1, 6}, {4}, {3}], [{8, 5}, {2, 7}, {3, 6}, {1, 4}], [{8, 5}, {2, 7}, {4, 6}, {1, 3}], [{8, 5}, {3, 7}, {1, 6}, {2, 4}], [{8, 5}, {3, 7}, {1, 6}, {4}, {2}], [{8, 5}, {3, 7}, {2, 6}, {1, 4}], [{8, 5}, {3, 7}, {4, 6}, {1, 2}], [{8, 5}, {4, 7}, {1, 6}, {2, 3}], [{8, 5}, {4, 7}, {1, 6}, {3}, {2}], [{8, 5}, {4, 7}, {2, 6}, {1, 3}], [{8, 5}, {4, 7}, {2, 6}, {3}, {1}], [{8, 5}, {4, 7}, {3, 6}, {1, 2}], [{8, 5}, {4, 7}, {3, 6}, {2}, {1}], [{8, 5}, {4, 7}, {6}, {1, 3}, {2}], [{8, 5}, {4, 7}, {6}, {2, 3}, {1}], [{8, 5}, {4, 7}, {6}, {3}, {1, 2}], [{8, 5}, {6, 7}, {1, 4}, {2, 3}], [{8, 5}, {6, 7}, {2, 4}, {1, 3}], [{8, 5}, {6, 7}, {3, 4}, {1, 2}], [{8, 5}, {7}, {1, 6}, {2, 4}, {3}], [{8, 5}, {7}, {1, 6}, {3, 4}, {2}], [{8, 5}, {7}, {1, 6}, {4}, {2, 3}], [{8, 5}, {7}, {1, 6}, {4}, {3}, {2}], [{8, 5}, {7}, {2, 6}, {4}, {1, 3}], [{8, 5}, {7}, {3, 6}, {4}, {1, 2}], [{8, 6}, {1, 7}, {2, 5}, {3, 4}], [{8, 6}, {1, 7}, {3, 5}, {2, 4}], [{8, 6}, {1, 7}, {4, 5}, {2, 3}], [{8, 6}, {1, 7}, {5}, {2, 4}, {3}], [{8, 6}, {2, 7}, {1, 5}, {3, 4}], [{8, 6}, {2, 7}, {3, 5}, {1, 4}], [{8, 6}, {2, 7}, {4, 5}, {1, 3}], [{8, 6}, {2, 7}, {5}, {4}, {1, 3}], [{8, 6}, {3, 7}, {1, 5}, {2, 4}], [{8, 6}, {3, 7}, {2, 5}, {1, 4}], [{8, 6}, {3, 7}, {4, 5}, {1, 2}], [{8, 6}, {3, 7}, {5}, {2, 4}, {1}], [{8, 6}, {4, 7}, {1, 5}, {2, 3}], [{8, 6}, {4, 7}, {1, 5}, {3}, {2}], [{8, 6}, {4, 7}, {2, 5}, {1, 3}], [{8, 6}, {4, 7}, {2, 5}, {3}, {1}], [{8, 6}, {4, 7}, {3, 5}, {1, 2}], [{8, 6}, {4, 7}, {3, 5}, {2}, {1}], [{8, 6}, {4, 7}, {5}, {1, 3}, {2}], [{8, 6}, {4, 7}, {5}, {2, 3}, {1}], [{8, 6}, {4, 7}, {5}, {3}, {1, 2}], [{8, 6}, {5, 7}, {1, 4}, {2, 3}], [{8, 6}, {5, 7}, {2, 4}, {1, 3}], [{8, 6}, {5, 7}, {3, 4}, {1, 2}], [{8, 6}, {5, 7}, {4}, {1, 3}, {2}], [{8, 6}, {7}, {1, 5}, {4}, {2, 3}], [{8, 6}, {7}, {2, 5}, {4}, {1, 3}], [{8, 6}, {7}, {3, 5}, {4}, {1, 2}], [{8, 6}, {7}, {4, 5}, {1, 3}, {2}], [{8, 6}, {7}, {5}, {2, 4}, {1, 3}], [{8, 6}, {7}, {5}, {4}, {1, 3}, {2}], [{8, 7}, {1, 6}, {2, 5}, {3, 4}], [{8, 7}, {1, 6}, {2, 5}, {4}, {3}], [{8, 7}, {1, 6}, {3, 5}, {2, 4}], [{8, 7}, {1, 6}, {4, 5}, {2, 3}], [{8, 7}, {1, 6}, {4, 5}, {3}, {2}], [{8, 7}, {1, 6}, {5}, {2, 4}, {3}], [{8, 7}, {2, 6}, {1, 5}, {3, 4}], [{8, 7}, {2, 6}, {3, 5}, {1, 4}], [{8, 7}, {2, 6}, {4, 5}, {1, 3}], [{8, 7}, {2, 6}, {4, 5}, {3}, {1}], [{8, 7}, {2, 6}, {5}, {4}, {1, 3}], [{8, 7}, {3, 6}, {1, 5}, {2, 4}], [{8, 7}, {3, 6}, {2, 5}, {1, 4}], [{8, 7}, {3, 6}, {4, 5}, {1, 2}], [{8, 7}, {4, 6}, {1, 5}, {2, 3}], [{8, 7}, {4, 6}, {2, 5}, {1, 3}], [{8, 7}, {4, 6}, {2, 5}, {3}, {1}], [{8, 7}, {4, 6}, {3, 5}, {1, 2}], [{8, 7}, {5, 6}, {1, 4}, {2, 3}], [{8, 7}, {5, 6}, {2, 4}, {1, 3}], [{8, 7}, {5, 6}, {2, 4}, {3}, {1}], [{8, 7}, {5, 6}, {3, 4}, {1, 2}], [{8, 7}, {6}, {1, 5}, {2, 4}, {3}], [{8, 7}, {6}, {2, 5}, {1, 4}, {3}], [{8, 7}, {6}, {3, 5}, {4}, {1, 2}], [{8, 7}, {6}, {4, 5}, {3}, {1, 2}], [{8, 7}, {6}, {5}, {3, 4}, {1, 2}], [{8}, {1, 7}, {3, 6}, {5}, {2, 4}], [{8}, {2, 7}, {1, 6}, {4, 5}, {3}], [{8}, {3, 7}, {1, 6}, {2, 5}, {4}], [{8}, {3, 7}, {4, 6}, {2, 5}, {1}], [{8}, {3, 7}, {6}, {2, 5}, {1, 4}], [{8}, {4, 7}, {1, 6}, {2, 5}, {3}], [{8}, {4, 7}, {1, 6}, {3, 5}, {2}], [{8}, {4, 7}, {1, 6}, {5}, {2, 3}], [{8}, {4, 7}, {1, 6}, {5}, {3}, {2}], [{8}, {4, 7}, {2, 6}, {1, 5}, {3}], [{8}, {4, 7}, {2, 6}, {3, 5}, {1}], [{8}, {4, 7}, {2, 6}, {5}, {1, 3}], [{8}, {4, 7}, {3, 6}, {1, 5}, {2}], [{8}, {4, 7}, {3, 6}, {2, 5}, {1}], [{8}, {4, 7}, {3, 6}, {5}, {1, 2}], [{8}, {4, 7}, {5, 6}, {1, 3}, {2}], [{8}, {4, 7}, {5, 6}, {2, 3}, {1}], [{8}, {4, 7}, {5, 6}, {3}, {1, 2}], [{8}, {4, 7}, {5, 6}, {3}, {2}, {1}], [{8}, {4, 7}, {6}, {1, 5}, {2, 3}], [{8}, {4, 7}, {6}, {1, 5}, {3}, {2}], [{8}, {4, 7}, {6}, {2, 5}, {1, 3}], [{8}, {4, 7}, {6}, {3, 5}, {1, 2}], [{8}, {5, 7}, {1, 6}, {2, 4}, {3}], [{8}, {5, 7}, {2, 6}, {4}, {1, 3}], [{8}, {5, 7}, {6}, {1, 4}, {2, 3}], [{8}, {6, 7}, {3, 5}, {1, 4}, {2}], [{8}, {6, 7}, {3, 5}, {2, 4}, {1}], [{8}, {6, 7}, {3, 5}, {4}, {1, 2}], [{8}, {6, 7}, {4, 5}, {2, 3}, {1}], [{8}, {7}, {1, 6}, {2, 5}, {3, 4}], [{8}, {7}, {1, 6}, {2, 5}, {4}, {3}], [{8}, {7}, {2, 6}, {4, 5}, {1, 3}], [{8}, {7}, {2, 6}, {5}, {4}, {1, 3}], [{8}, {7}, {4, 6}, {3, 5}, {1, 2}], [{8}, {7}, {6}, {3, 5}, {4}, {1, 2}]]",2,4 K_1^3 - 24 K_1^2 - 8 K_1 K_2 + K_1 + 12 K_2 + 3 K_3 + 13,O1O2O3U4O5U1U5O6U3U6O7U2U7O8O4U8,O1O2U1O3O4U3O5O6U5O7U4U2U6O8U7U8,O1O2U3O4O3U5O6O5U7U8O7U1U6U4O8U2,c,{'O1O2O3U4O5O4U6U2O6U7U1O7U8U3O8U5'},1,"<a href=""/flatknot/8.975665"">8.975665</a>",t^9-49t^7-146t^6-16t^5+304t^4+278t^3+22t^2-34t,-2t^2+4t,,
8.975666,O1O2O3U4O5O4U6U2O6U7U1O7U8U5O8U3,4,21z^2+98z+113,21w^3z^2+98w^2z+113w,False,False,"[[ 0 -1 -1  2  1  2 -1 -1 -1],[ 1  0  1  2  1  0  0  1  0],[ 1 -1  0  1  1 -1  1  1  0],[-2 -2 -1  0 -1  0 -2 -2 -3],[-1 -1 -1  1  0  2 -2 -2 -1],[-2  0  1  0 -2  0 -2 -2 -2],[ 1  0 -1  2  2  2  0  0  0],[ 1 -1 -1  2  2  2  0  0  0],[ 1  0  0  3  1  2  0  0  0]]","[[ 0  2  2  1 -1 -1 -1 -1 -1],[-2  0  0 -1 -1 -2 -2 -2 -3],[-2  0  0 -2  1  0 -2 -2 -2],[-1  1  2  0 -1 -1 -2 -2 -1],[ 1  1 -1  1  0 -1  1  1  0],[ 1  2  0  1  1  0  1  0  0],[ 1  2  2  2 -1 -1  0  0  0],[ 1  2  2  2 -1  0  0  0  0],[ 1  3  2  1  0  0  0  0  0]]",True,"[-2,-2,-1,1,1,1,1,1,0,1,1,2,2,2,3,2,-1,0,2,2,2,1,1,2,2,1,1,-1,-1,0,-1,0,0,0,0,0]","[-2,-2,-1,1,1,1,1,1,0,-1,1,1,1,3,4,0,0,1,1,1,2,1,0,0,1,1,0,0,0,0,0,-1,-1,0,-1,1]",t^8+55t^6+384t^4+213t^2+16,"[-1,-1,-1,-1,-1,1,2,2,-1,-1,0,0,1,1,3,-1,-1,0,1,2,4,0,0,0,1,1,0,0,1,1,1,0,1,0,-1,0]","[-2,-2,-1,1,1,1,1,1,0,-1,1,1,1,3,4,0,0,1,1,1,2,1,0,0,1,1,0,0,0,0,0,-1,-1,0,-1,1]","[-1,-1,-1,-1,-1,1,2,2,-1,-1,0,0,2,2,2,-1,0,1,1,-1,1,0,0,1,0,2,0,1,2,3,2,2,2,2,1,0]",c,"[[{8, 3}, {4, 7}, {1, 6}, {2, 5}], [{8, 3}, {4, 7}, {6}, {2, 5}, {1}]]",1,4 K_1^3 - 16 K_1^2 - 8 K_1 K_2 + K_1 + 8 K_2 + 3 K_3 + 9,O1O2O3U1O4U5U4O6U3U6O7U2U7O8O5U8,O1O2U1O3O4U3O5O6U5O7U4U2U7O8U6U8,O1O2U3O4O3U5O6O5U7U1O7U8U6U4O8U2,c,{'O1O2O3U4O5O4U6U2O6U7U1O7U8U5O8U3'},1,"<a href=""/flatknot/8.975666"">8.975666</a>",t^9-51t^7-112t^6+152t^5+396t^4-107t^3-302t^2+43t+6,-2t^2+4t,,
8.975667,O1O2O3U4O5O4U6U2O6U7U3O7U8U1O8U5,4,13z^2+98z+145,13w^3z^2+98w^2z+145w,False,False,"[[ 0  0 -1  1  1  2 -1 -1 -1],[ 0  0  0  2  0  1 -1 -1  0],[ 1  0  0  0  1  0  1  0  1],[-1 -2  0  0 -1 -1 -1 -1 -1],[-1  0 -1  1  0  2 -2 -2 -2],[-2 -1  0  1 -2  0 -2 -2 -2],[ 1  1 -1  1  2  2  0  0  0],[ 1  1  0  1  2  2  0  0  0],[ 1  0 -1  1  2  2  0  0  0]]","[[ 0  2  1  1  0 -1 -1 -1 -1],[-2  0  1 -2 -1  0 -2 -2 -2],[-1 -1  0 -1 -2  0 -1 -1 -1],[-1  2  1  0  0 -1 -2 -2 -2],[ 0  1  2  0  0  0  0 -1 -1],[ 1  0  0  1  0  0  1  1  0],[ 1  2  1  2  0 -1  0  0  0],[ 1  2  1  2  1 -1  0  0  0],[ 1  2  1  2  1  0  0  0  0]]",True,"[-2,-1,-1,0,1,1,1,1,-1,2,1,0,2,2,2,1,2,0,1,1,1,0,1,2,2,2,0,0,1,1,-1,-1,0,0,0,0]","[-2,-1,-1,0,1,1,1,1,-1,2,1,0,2,2,2,1,2,0,1,1,1,0,1,2,2,2,0,0,1,1,-1,-1,0,0,0,0]",t^8+43t^6+140t^4+68t^2+4,"[-1,-1,-1,-1,0,1,1,2,-1,-1,0,1,1,2,3,0,0,0,0,1,1,0,1,0,1,1,0,0,1,1,1,-1,1,-1,-1,2]","[-2,-1,-1,0,1,1,1,1,-1,2,1,1,1,1,3,1,1,0,0,0,1,-1,1,1,1,2,0,0,1,1,0,0,-1,0,0,-1]","[-1,-1,-1,-1,0,1,1,2,-1,0,0,0,1,2,2,0,1,0,0,1,0,0,1,1,2,2,1,1,2,2,2,0,1,-1,-1,2]",c,"[[{8, 1}, {2, 7}, {3, 6}, {4, 5}], [{8, 1}, {2, 7}, {4, 6}, {3, 5}], [{8, 1}, {2, 7}, {5, 6}, {3, 4}], [{8, 1}, {2, 7}, {6}, {3, 5}, {4}], [{8, 1}, {3, 7}, {2, 6}, {4, 5}], [{8, 1}, {3, 7}, {2, 6}, {5}, {4}], [{8, 1}, {3, 7}, {4, 6}, {2, 5}], [{8, 1}, {3, 7}, {5, 6}, {2, 4}], [{8, 1}, {3, 7}, {5, 6}, {4}, {2}], [{8, 1}, {3, 7}, {6}, {2, 5}, {4}], [{8, 1}, {4, 7}, {2, 6}, {3, 5}], [{8, 1}, {4, 7}, {3, 6}, {2, 5}], [{8, 1}, {4, 7}, {5, 6}, {2, 3}], [{8, 1}, {4, 7}, {6}, {2, 5}, {3}], [{8, 1}, {4, 7}, {6}, {3, 5}, {2}], [{8, 1}, {4, 7}, {6}, {5}, {2, 3}], [{8, 1}, {5, 7}, {2, 6}, {3, 4}], [{8, 1}, {5, 7}, {3, 6}, {2, 4}], [{8, 1}, {5, 7}, {4, 6}, {2, 3}], [{8, 1}, {6, 7}, {2, 5}, {3, 4}], [{8, 1}, {6, 7}, {2, 5}, {4}, {3}], [{8, 1}, {6, 7}, {3, 5}, {2, 4}], [{8, 1}, {6, 7}, {4, 5}, {2, 3}], [{8, 1}, {7}, {3, 6}, {2, 5}, {4}], [{8, 1}, {7}, {4, 6}, {2, 5}, {3}], [{8, 1}, {7}, {6}, {2, 5}, {3, 4}], [{8, 1}, {7}, {6}, {3, 5}, {2, 4}], [{8, 2}, {1, 7}, {3, 6}, {4, 5}], [{8, 2}, {1, 7}, {4, 6}, {3, 5}], [{8, 2}, {1, 7}, {5, 6}, {3, 4}], [{8, 2}, {1, 7}, {6}, {3, 5}, {4}], [{8, 2}, {3, 7}, {1, 6}, {4, 5}], [{8, 2}, {3, 7}, {4, 6}, {1, 5}], [{8, 2}, {3, 7}, {4, 6}, {5}, {1}], [{8, 2}, {3, 7}, {5, 6}, {1, 4}], [{8, 2}, {3, 7}, {5, 6}, {4}, {1}], [{8, 2}, {3, 7}, {6}, {4, 5}, {1}], [{8, 2}, {4, 7}, {1, 6}, {3, 5}], [{8, 2}, {4, 7}, {3, 6}, {1, 5}], [{8, 2}, {4, 7}, {3, 6}, {5}, {1}], [{8, 2}, {4, 7}, {5, 6}, {1, 3}], [{8, 2}, {4, 7}, {5, 6}, {3}, {1}], [{8, 2}, {4, 7}, {6}, {3, 5}, {1}], [{8, 2}, {5, 7}, {1, 6}, {3, 4}], [{8, 2}, {5, 7}, {3, 6}, {1, 4}], [{8, 2}, {5, 7}, {4, 6}, {1, 3}], [{8, 2}, {6, 7}, {1, 5}, {3, 4}], [{8, 2}, {6, 7}, {3, 5}, {1, 4}], [{8, 2}, {6, 7}, {4, 5}, {1, 3}], [{8, 2}, {6, 7}, {5}, {4}, {1, 3}], [{8, 2}, {7}, {5, 6}, {3, 4}, {1}], [{8, 2}, {7}, {6}, {3, 5}, {1, 4}], [{8, 3}, {1, 7}, {2, 6}, {4, 5}], [{8, 3}, {1, 7}, {2, 6}, {5}, {4}], [{8, 3}, {1, 7}, {4, 6}, {2, 5}], [{8, 3}, {1, 7}, {5, 6}, {2, 4}], [{8, 3}, {2, 7}, {1, 6}, {4, 5}], [{8, 3}, {2, 7}, {4, 6}, {1, 5}], [{8, 3}, {2, 7}, {5, 6}, {1, 4}], [{8, 3}, {2, 7}, {6}, {1, 5}, {4}], [{8, 3}, {4, 7}, {1, 6}, {2, 5}], [{8, 3}, {4, 7}, {2, 6}, {1, 5}], [{8, 3}, {4, 7}, {5, 6}, {1, 2}], [{8, 3}, {5, 7}, {1, 6}, {2, 4}], [{8, 3}, {5, 7}, {2, 6}, {1, 4}], [{8, 3}, {5, 7}, {4, 6}, {1, 2}], [{8, 3}, {6, 7}, {1, 5}, {2, 4}], [{8, 3}, {6, 7}, {2, 5}, {1, 4}], [{8, 3}, {6, 7}, {2, 5}, {4}, {1}], [{8, 3}, {6, 7}, {4, 5}, {1, 2}], [{8, 3}, {7}, {4, 6}, {1, 5}, {2}], [{8, 3}, {7}, {5, 6}, {1, 4}, {2}], [{8, 4}, {1, 7}, {2, 6}, {3, 5}], [{8, 4}, {1, 7}, {2, 6}, {5}, {3}], [{8, 4}, {1, 7}, {3, 6}, {2, 5}], [{8, 4}, {1, 7}, {3, 6}, {5}, {2}], [{8, 4}, {1, 7}, {5, 6}, {2, 3}], [{8, 4}, {1, 7}, {5, 6}, {3}, {2}], [{8, 4}, {1, 7}, {6}, {2, 5}, {3}], [{8, 4}, {1, 7}, {6}, {3, 5}, {2}], [{8, 4}, {1, 7}, {6}, {5}, {2, 3}], [{8, 4}, {2, 7}, {1, 6}, {3, 5}], [{8, 4}, {2, 7}, {1, 6}, {5}, {3}], [{8, 4}, {2, 7}, {3, 6}, {1, 5}], [{8, 4}, {2, 7}, {3, 6}, {5}, {1}], [{8, 4}, {2, 7}, {5, 6}, {1, 3}], [{8, 4}, {2, 7}, {5, 6}, {3}, {1}], [{8, 4}, {2, 7}, {6}, {1, 5}, {3}], [{8, 4}, {2, 7}, {6}, {3, 5}, {1}], [{8, 4}, {2, 7}, {6}, {5}, {1, 3}], [{8, 4}, {3, 7}, {1, 6}, {2, 5}], [{8, 4}, {3, 7}, {1, 6}, {5}, {2}], [{8, 4}, {3, 7}, {2, 6}, {1, 5}], [{8, 4}, {3, 7}, {2, 6}, {5}, {1}], [{8, 4}, {3, 7}, {5, 6}, {1, 2}], [{8, 4}, {3, 7}, {5, 6}, {2}, {1}], [{8, 4}, {3, 7}, {6}, {1, 5}, {2}], [{8, 4}, {3, 7}, {6}, {2, 5}, {1}], [{8, 4}, {3, 7}, {6}, {5}, {1, 2}], [{8, 4}, {3, 7}, {6}, {5}, {2}, {1}], [{8, 4}, {5, 7}, {1, 6}, {2, 3}], [{8, 4}, {5, 7}, {1, 6}, {3}, {2}], [{8, 4}, {5, 7}, {2, 6}, {1, 3}], [{8, 4}, {5, 7}, {2, 6}, {3}, {1}], [{8, 4}, {5, 7}, {3, 6}, {1, 2}], [{8, 4}, {5, 7}, {3, 6}, {2}, {1}], [{8, 4}, {5, 7}, {6}, {1, 3}, {2}], [{8, 4}, {5, 7}, {6}, {2, 3}, {1}], [{8, 4}, {5, 7}, {6}, {3}, {1, 2}], [{8, 4}, {5, 7}, {6}, {3}, {2}, {1}], [{8, 4}, {6, 7}, {1, 5}, {2, 3}], [{8, 4}, {6, 7}, {1, 5}, {3}, {2}], [{8, 4}, {6, 7}, {2, 5}, {1, 3}], [{8, 4}, {6, 7}, {2, 5}, {3}, {1}], [{8, 4}, {6, 7}, {3, 5}, {1, 2}], [{8, 4}, {6, 7}, {3, 5}, {2}, {1}], [{8, 4}, {6, 7}, {5}, {1, 3}, {2}], [{8, 4}, {6, 7}, {5}, {2, 3}, {1}], [{8, 4}, {6, 7}, {5}, {3}, {1, 2}], [{8, 4}, {7}, {1, 6}, {2, 5}, {3}], [{8, 4}, {7}, {1, 6}, {3, 5}, {2}], [{8, 4}, {7}, {1, 6}, {5}, {2, 3}], [{8, 4}, {7}, {2, 6}, {1, 5}, {3}], [{8, 4}, {7}, {2, 6}, {3, 5}, {1}], [{8, 4}, {7}, {2, 6}, {5}, {1, 3}], [{8, 4}, {7}, {3, 6}, {1, 5}, {2}], [{8, 4}, {7}, {3, 6}, {2, 5}, {1}], [{8, 4}, {7}, {3, 6}, {5}, {1, 2}], [{8, 4}, {7}, {5, 6}, {1, 3}, {2}], [{8, 4}, {7}, {5, 6}, {2, 3}, {1}], [{8, 4}, {7}, {5, 6}, {3}, {1, 2}], [{8, 4}, {7}, {6}, {1, 5}, {2, 3}], [{8, 4}, {7}, {6}, {2, 5}, {1, 3}], [{8, 4}, {7}, {6}, {3, 5}, {1, 2}], [{8, 4}, {7}, {6}, {3, 5}, {2}, {1}], [{8, 5}, {1, 7}, {2, 6}, {3, 4}], [{8, 5}, {1, 7}, {2, 6}, {4}, {3}], [{8, 5}, {1, 7}, {3, 6}, {2, 4}], [{8, 5}, {1, 7}, {4, 6}, {2, 3}], [{8, 5}, {2, 7}, {1, 6}, {3, 4}], [{8, 5}, {2, 7}, {3, 6}, {1, 4}], [{8, 5}, {2, 7}, {4, 6}, {1, 3}], [{8, 5}, {2, 7}, {6}, {4}, {1, 3}], [{8, 5}, {3, 7}, {1, 6}, {2, 4}], [{8, 5}, {3, 7}, {2, 6}, {1, 4}], [{8, 5}, {3, 7}, {2, 6}, {4}, {1}], [{8, 5}, {3, 7}, {4, 6}, {1, 2}], [{8, 5}, {3, 7}, {4, 6}, {2}, {1}], [{8, 5}, {3, 7}, {6}, {2, 4}, {1}], [{8, 5}, {4, 7}, {1, 6}, {2, 3}], [{8, 5}, {4, 7}, {2, 6}, {1, 3}], [{8, 5}, {4, 7}, {3, 6}, {1, 2}], [{8, 5}, {4, 7}, {3, 6}, {2}, {1}], [{8, 5}, {6, 7}, {1, 4}, {2, 3}], [{8, 5}, {6, 7}, {2, 4}, {1, 3}], [{8, 5}, {6, 7}, {3, 4}, {1, 2}], [{8, 5}, {6, 7}, {4}, {1, 3}, {2}], [{8, 5}, {7}, {1, 6}, {3, 4}, {2}], [{8, 5}, {7}, {2, 6}, {4}, {1, 3}], [{8, 5}, {7}, {6}, {1, 4}, {2, 3}], [{8, 6}, {1, 7}, {2, 5}, {3, 4}], [{8, 6}, {1, 7}, {3, 5}, {2, 4}], [{8, 6}, {1, 7}, {3, 5}, {4}, {2}], [{8, 6}, {1, 7}, {4, 5}, {2, 3}], [{8, 6}, {2, 7}, {1, 5}, {3, 4}], [{8, 6}, {2, 7}, {1, 5}, {4}, {3}], [{8, 6}, {2, 7}, {3, 5}, {1, 4}], [{8, 6}, {2, 7}, {3, 5}, {4}, {1}], [{8, 6}, {2, 7}, {4, 5}, {1, 3}], [{8, 6}, {2, 7}, {4, 5}, {3}, {1}], [{8, 6}, {2, 7}, {5}, {1, 4}, {3}], [{8, 6}, {2, 7}, {5}, {3, 4}, {1}], [{8, 6}, {2, 7}, {5}, {4}, {1, 3}], [{8, 6}, {3, 7}, {1, 5}, {2, 4}], [{8, 6}, {3, 7}, {2, 5}, {1, 4}], [{8, 6}, {3, 7}, {2, 5}, {4}, {1}], [{8, 6}, {3, 7}, {4, 5}, {1, 2}], [{8, 6}, {3, 7}, {4, 5}, {2}, {1}], [{8, 6}, {3, 7}, {5}, {2, 4}, {1}], [{8, 6}, {4, 7}, {1, 5}, {2, 3}], [{8, 6}, {4, 7}, {2, 5}, {1, 3}], [{8, 6}, {4, 7}, {3, 5}, {1, 2}], [{8, 6}, {5, 7}, {1, 4}, {2, 3}], [{8, 6}, {5, 7}, {2, 4}, {1, 3}], [{8, 6}, {5, 7}, {3, 4}, {1, 2}], [{8, 6}, {7}, {3, 5}, {4}, {1, 2}], [{8, 6}, {7}, {4, 5}, {2, 3}, {1}], [{8, 7}, {1, 6}, {2, 5}, {3, 4}], [{8, 7}, {1, 6}, {3, 5}, {2, 4}], [{8, 7}, {1, 6}, {4, 5}, {2, 3}], [{8, 7}, {2, 6}, {1, 5}, {3, 4}], [{8, 7}, {2, 6}, {3, 5}, {1, 4}], [{8, 7}, {2, 6}, {4, 5}, {1, 3}], [{8, 7}, {2, 6}, {5}, {4}, {1, 3}], [{8, 7}, {3, 6}, {1, 5}, {2, 4}], [{8, 7}, {3, 6}, {2, 5}, {1, 4}], [{8, 7}, {3, 6}, {2, 5}, {4}, {1}], [{8, 7}, {3, 6}, {4, 5}, {1, 2}], [{8, 7}, {3, 6}, {5}, {1, 4}, {2}], [{8, 7}, {4, 6}, {1, 5}, {2, 3}], [{8, 7}, {4, 6}, {2, 5}, {1, 3}], [{8, 7}, {4, 6}, {3, 5}, {1, 2}], [{8, 7}, {5, 6}, {1, 4}, {2, 3}], [{8, 7}, {5, 6}, {1, 4}, {3}, {2}], [{8, 7}, {5, 6}, {2, 4}, {1, 3}], [{8, 7}, {5, 6}, {3, 4}, {1, 2}], [{8, 7}, {6}, {3, 5}, {1, 4}, {2}], [{8, 7}, {6}, {3, 5}, {2, 4}, {1}], [{8, 7}, {6}, {3, 5}, {4}, {1, 2}], [{8, 7}, {6}, {4, 5}, {3}, {1, 2}], [{8, 7}, {6}, {5}, {3, 4}, {1, 2}], [{8}, {1, 7}, {2, 6}, {3, 5}, {4}], [{8}, {1, 7}, {2, 6}, {4, 5}, {3}], [{8}, {1, 7}, {2, 6}, {5}, {3, 4}], [{8}, {1, 7}, {2, 6}, {5}, {4}, {3}], [{8}, {1, 7}, {3, 6}, {2, 5}, {4}], [{8}, {1, 7}, {4, 6}, {3, 5}, {2}], [{8}, {1, 7}, {5, 6}, {4}, {2, 3}], [{8}, {1, 7}, {6}, {3, 5}, {2, 4}], [{8}, {1, 7}, {6}, {3, 5}, {4}, {2}], [{8}, {2, 7}, {1, 6}, {3, 5}, {4}], [{8}, {2, 7}, {3, 6}, {1, 5}, {4}], [{8}, {2, 7}, {4, 6}, {1, 5}, {3}], [{8}, {2, 7}, {4, 6}, {3, 5}, {1}], [{8}, {2, 7}, {4, 6}, {5}, {1, 3}], [{8}, {2, 7}, {5, 6}, {4}, {1, 3}], [{8}, {2, 7}, {6}, {1, 5}, {3, 4}], [{8}, {2, 7}, {6}, {1, 5}, {4}, {3}], [{8}, {2, 7}, {6}, {3, 5}, {1, 4}], [{8}, {2, 7}, {6}, {3, 5}, {4}, {1}], [{8}, {2, 7}, {6}, {4, 5}, {1, 3}], [{8}, {2, 7}, {6}, {5}, {4}, {1, 3}], [{8}, {3, 7}, {1, 6}, {2, 5}, {4}], [{8}, {3, 7}, {2, 6}, {1, 5}, {4}], [{8}, {3, 7}, {2, 6}, {4, 5}, {1}], [{8}, {3, 7}, {2, 6}, {5}, {1, 4}], [{8}, {3, 7}, {2, 6}, {5}, {4}, {1}], [{8}, {3, 7}, {4, 6}, {2, 5}, {1}], [{8}, {3, 7}, {5, 6}, {1, 4}, {2}], [{8}, {3, 7}, {5, 6}, {2, 4}, {1}], [{8}, {3, 7}, {5, 6}, {4}, {1, 2}], [{8}, {3, 7}, {5, 6}, {4}, {2}, {1}], [{8}, {3, 7}, {6}, {2, 5}, {1, 4}], [{8}, {3, 7}, {6}, {2, 5}, {4}, {1}], [{8}, {4, 7}, {2, 6}, {5}, {1, 3}], [{8}, {4, 7}, {3, 6}, {2, 5}, {1}], [{8}, {4, 7}, {6}, {3, 5}, {1, 2}], [{8}, {5, 7}, {1, 6}, {4}, {2, 3}], [{8}, {5, 7}, {2, 6}, {4}, {1, 3}], [{8}, {5, 7}, {3, 6}, {4}, {1, 2}], [{8}, {6, 7}, {1, 5}, {4}, {2, 3}], [{8}, {6, 7}, {2, 5}, {1, 4}, {3}], [{8}, {6, 7}, {2, 5}, {3, 4}, {1}], [{8}, {6, 7}, {2, 5}, {4}, {1, 3}], [{8}, {6, 7}, {2, 5}, {4}, {3}, {1}], [{8}, {6, 7}, {3, 5}, {4}, {1, 2}], [{8}, {6, 7}, {4, 5}, {1, 3}, {2}], [{8}, {6, 7}, {5}, {2, 4}, {1, 3}], [{8}, {6, 7}, {5}, {4}, {1, 3}, {2}], [{8}, {7}, {2, 6}, {4, 5}, {1, 3}], [{8}, {7}, {2, 6}, {5}, {4}, {1, 3}], [{8}, {7}, {3, 6}, {2, 5}, {1, 4}], [{8}, {7}, {3, 6}, {2, 5}, {4}, {1}], [{8}, {7}, {4, 6}, {3, 5}, {1, 2}], [{8}, {7}, {6}, {3, 5}, {4}, {1, 2}]]",2,4 K_1^3 - 18 K_1^2 - 8 K_1 K_2 + K_1 + 9 K_2 + 3 K_3 + 10,O1O2O3U4O5U3U5O6U1U6O7U2U7O8O4U8,O1O2U1O3O4U3O5O6U5O7U6U2U4O8U7U8,O1O2U3O4O3U5O6O5U7U8O7U4U6U1O8U2,c,{'O1O2O3U4O5O4U6U2O6U7U3O7U8U1O8U5'},1,"<a href=""/flatknot/8.975667"">8.975667</a>",t^9-41t^7-94t^6+101t^5+356t^4+128t^3-68t^2-14t,-t^2+2t,,
8.975668,O1O2O3U4O5O4U6U2O6U7U5O7U8U1O8U3,4,20z^2+97z+115,20w^3z^2+97w^2z+115w,False,False,"[[ 0  0 -1  2  1  1 -1 -1 -1],[ 0  0  0  1  1  1 -1 -1  0],[ 1  0  0  1  1 -1  1  0  1],[-2 -1 -1  0 -1  0 -2 -3 -2],[-1 -1 -1  1  0  1 -2 -1 -2],[-1 -1  1  0 -1  0 -1 -1 -1],[ 1  1 -1  2  2  1  0  0  0],[ 1  1  0  3  1  1  0  0  0],[ 1  0 -1  2  2  1  0  0  0]]","[[ 0  2  1  1  0 -1 -1 -1 -1],[-2  0  0 -1 -1 -1 -2 -2 -3],[-1  0  0 -1 -1  1 -1 -1 -1],[-1  1  1  0 -1 -1 -2 -2 -1],[ 0  1  1  1  0  0  0 -1 -1],[ 1  1 -1  1  0  0  1  1  0],[ 1  2  1  2  0 -1  0  0  0],[ 1  2  1  2  1 -1  0  0  0],[ 1  3  1  1  1  0  0  0  0]]",True,"[-2,-1,-1,0,1,1,1,1,0,1,1,1,2,2,3,1,1,-1,1,1,1,1,1,2,2,1,0,0,1,1,-1,-1,0,0,0,0]","[-2,-1,-1,0,1,1,1,1,0,1,1,0,1,1,2,1,0,1,0,0,1,0,1,1,1,3,0,0,1,1,0,0,0,0,-1,-1]",t^8+41t^6+183t^4+190t^2+16,"[-1,-1,-1,-1,0,1,1,2,-1,-1,0,1,1,3,2,0,0,0,0,1,1,0,1,0,1,1,0,1,1,0,0,0,1,-1,0,1]","[-2,-1,-1,0,1,1,1,1,0,1,1,0,1,1,2,1,0,1,0,0,1,0,1,1,1,3,0,0,1,1,0,0,0,0,-1,-1]","[-1,-1,-1,-1,0,1,1,2,-1,0,0,0,1,2,2,0,1,0,-1,1,1,0,1,1,1,3,1,1,2,2,1,1,1,-1,0,1]",c,"[[{8, 5}, {1, 7}, {4, 6}, {2, 3}], [{8, 5}, {2, 7}, {4, 6}, {1, 3}], [{8, 5}, {3, 7}, {4, 6}, {1, 2}], [{8}, {3, 7}, {4, 6}, {5}, {1, 2}]]",1,4 K_1^3 - 18 K_1^2 - 8 K_1 K_2 + K_1 + 9 K_2 + 3 K_3 + 10,O1O2O3U1O4U3U4O5U6U5O7U2U7O8O6U8,O1O2U1O3O4U3O5O6U5O7U6U2U7O8U4U8,O1O2U3O4O3U5O6O5U7U4O7U8U6U1O8U2,c,{'O1O2O3U4O5O4U6U2O6U7U5O7U8U1O8U3'},1,"<a href=""/flatknot/8.975668"">8.975668</a>",t^9-39t^7-78t^6+68t^5+200t^4+14t^3-98t^2-9t+2,-t^2+2t,,
8.975669,O1O2O3U4O5O4U6U2O6U7U8O7U1U3O8U5,4,19z^2+104z+133,19w^3z^2+104w^2z+133w,False,False,"[[ 0 -1 -1  2  1  2 -1 -1 -1],[ 1  0  1  2  1  1  0  1  1],[ 1 -1  0  0  1  0  1  1  0],[-2 -2  0  0 -2 -1 -2 -2 -1],[-1 -1 -1  2  0  2 -2 -2 -2],[-2 -1  0  1 -2  0 -2 -3 -1],[ 1  0 -1  2  2  2  0  0  0],[ 1 -1 -1  2  2  3  0  0 -1],[ 1 -1  0  1  2  1  0  1  0]]","[[ 0  2  2  1 -1 -1 -1 -1 -1],[-2  0  1 -2  0 -1 -1 -2 -3],[-2 -1  0 -2  0 -1 -2 -2 -2],[-1  2  2  0 -1 -2 -1 -2 -2],[ 1  0  0  1  0  0 -1  1  1],[ 1  1  1  2  0  0 -1  0  1],[ 1  1  2  1  1  1  0  0  1],[ 1  2  2  2 -1  0  0  0  0],[ 1  3  2  2 -1 -1 -1  0  0]]",True,"[-2,-2,-1,1,1,1,1,1,-1,2,0,1,1,2,3,2,0,1,2,2,2,1,2,1,2,2,0,1,-1,-1,1,0,-1,0,-1,0]","[-2,-2,-1,1,1,1,1,1,-1,-1,1,1,1,2,3,-1,0,1,2,2,3,0,0,1,0,1,0,-1,-1,-1,0,0,-1,1,1,0]",t^8+57t^6+302t^4+188t^2+16,"[-1,-1,-1,-1,-1,1,2,2,-1,-1,-1,0,1,1,2,-1,0,-1,1,3,3,1,0,0,1,0,0,0,2,2,0,1,1,-1,-1,1]","[-2,-2,-1,1,1,1,1,1,-1,-1,1,1,1,2,3,-1,0,1,2,2,3,0,0,1,0,1,0,-1,-1,-1,0,0,-1,1,1,0]","[-1,-1,-1,-1,-1,1,2,2,-1,-1,-1,0,2,2,3,-1,0,0,2,1,1,1,0,1,2,1,1,1,0,0,2,2,2,2,2,-1]",c,"[[{8, 4}, {2, 7}, {5, 6}, {1, 3}], [{8, 4}, {3, 7}, {1, 6}, {2, 5}], [{8, 4}, {6, 7}, {3, 5}, {1, 2}]]",1,8 K_1^3 - 32 K_1^2 - 28 K_1 K_2 + 8 K_1 + 16 K_2 + 12 K_3 + 17,O1O2O3U4O5U1U3O6U5U6O7U2U7O8O4U8,O1O2U1O3O4U3O5O6U4O7U5U2U6O8U7U8,O1O2U3O4O3U5O6O5U7U8O7U1U6U2O8U4,c,{'O1O2O3U4O5O4U6U2O6U7U8O7U1U3O8U5'},1,"<a href=""/flatknot/8.975669"">8.975669</a>",t^9-53t^7-182t^6-90t^5+202t^4+103t^3-10t^2-55t-8,-2t^2+4t,,
8.975670,O1O2O3U4O5O4U6U2O6U7U8O7U1U5O8U3,3,6z^2+79z+135,6w^3z^2+79w^2z+135w,False,False,"[[ 0 -1 -1  2  1  2 -1 -1 -1],[ 1  0  1  2  1  1  0  1  1],[ 1 -1  0  1  1 -1  1  1  0],[-2 -2 -1  0 -1  0 -2 -3 -2],[-1 -1 -1  1  0  2 -2 -2 -1],[-2 -1  1  0 -2  0 -2 -2 -1],[ 1  0 -1  2  2  2  0  0  0],[ 1 -1 -1  3  2  2  0  0 -1],[ 1 -1  0  2  1  1  0  1  0]]","[[ 0  2  2  1 -1 -1 -1 -1 -1],[-2  0  0 -1 -1 -2 -2 -2 -3],[-2  0  0 -2  1 -1 -1 -2 -2],[-1  1  2  0 -1 -1 -1 -2 -2],[ 1  1 -1  1  0  0 -1  1  1],[ 1  2  1  1  0  0 -1  0  1],[ 1  2  1  1  1  1  0  0  1],[ 1  2  2  2 -1  0  0  0  0],[ 1  3  2  2 -1 -1 -1  0  0]]",True,"[-2,-2,-1,1,1,1,1,1,0,1,1,2,2,2,3,2,-1,1,1,2,2,1,1,1,2,2,0,1,-1,-1,1,0,-1,0,-1,0]","[-2,-2,-1,1,1,1,1,1,0,-1,1,1,2,2,4,0,0,1,1,1,2,0,0,1,1,1,0,-1,-1,-1,0,0,-1,-1,0,1]",t^8+55t^6+330t^4+134t^2,"[-1,-1,-1,-1,-1,1,2,2,-1,-1,-1,0,1,1,2,-1,0,-1,1,2,4,1,0,0,0,1,0,1,1,2,0,1,1,0,-1,0]","[-2,-2,-1,1,1,1,1,1,0,-1,1,1,2,2,4,0,0,1,1,1,2,0,0,1,1,1,0,-1,-1,-1,0,0,-1,-1,0,1]","[-1,-1,-1,-1,-1,1,2,2,-1,-1,-1,0,2,2,3,-1,0,0,1,1,2,1,0,1,1,2,1,1,-1,1,2,2,2,2,1,0]",c,"[[{8, 4}, {6, 7}, {3, 5}, {1, 2}], [{8, 6}, {4, 7}, {3, 5}, {1, 2}]]",1,- 20 K_1^2 - 8 K_1 K_2 + 4 K_1 + 10 K_2 + 4 K_3 + 11,O1O2O3U1O4U5U3O6U4U6O7U2U7O8O5U8,O1O2U1O3O4U3O5O6U4O7U5U2U7O8U6U8,O1O2U3O4O3U5O6O5U7U1O7U8U6U2O8U4,c,{'O1O2O3U4O5O4U6U2O6U7U8O7U1U5O8U3'},1,"<a href=""/flatknot/8.975670"">8.975670</a>",t^9-51t^7-164t^6-68t^5+318t^4+421t^3+164t^2+20t,-2t^2+4t,,
8.975671,O1O2O3U4O5O4U6U2O6U7U8O7U3U1O8U5,4,14z^2+83z+111,14w^3z^2+83w^2z+111w,False,False,"[[ 0  0 -1  1  1  2 -1 -1 -1],[ 0  0  0  1  0  1 -1  0  0],[ 1  0  0  0  1  0  1  1  0],[-1 -1  0  0 -1 -1 -1 -1  0],[-1  0 -1  1  0  2 -2 -2 -2],[-2 -1  0  1 -2  0 -2 -3 -1],[ 1  1 -1  1  2  2  0  0  0],[ 1  0 -1  1  2  3  0  0 -1],[ 1  0  0  0  2  1  0  1  0]]","[[ 0  2  1  1  0 -1 -1 -1 -1],[-2  0  1 -2 -1  0 -1 -2 -3],[-1 -1  0 -1 -1  0  0 -1 -1],[-1  2  1  0  0 -1 -2 -2 -2],[ 0  1  1  0  0  0  0 -1  0],[ 1  0  0  1  0  0  0  1  1],[ 1  1  0  2  0  0  0  0  1],[ 1  2  1  2  1 -1  0  0  0],[ 1  3  1  2  0 -1 -1  0  0]]",True,"[-2,-1,-1,0,1,1,1,1,-1,2,1,0,1,2,3,1,1,0,0,1,1,0,1,2,2,2,0,0,1,0,0,-1,-1,0,-1,0]","[-2,-1,-1,0,1,1,1,1,-1,2,1,0,1,2,3,1,1,0,0,0,1,0,1,1,2,2,1,0,1,1,0,-1,-1,0,-1,0]",t^8+41t^6+101t^4+66t^2+9,"[-1,-1,-1,-1,0,1,1,2,-1,-1,0,1,1,2,3,0,0,0,0,1,1,1,1,0,1,0,1,0,2,2,1,0,1,-1,-1,2]","[-2,-1,-1,0,1,1,1,1,-1,2,1,0,1,2,3,1,1,0,0,0,1,0,1,1,2,2,1,0,1,1,0,-1,-1,0,-1,0]","[-1,-1,-1,-1,0,1,1,2,-1,-1,0,0,1,2,3,0,0,0,0,2,1,1,0,0,1,0,1,1,2,2,1,0,1,-1,-1,2]",c,"[[{8, 1}, {4, 7}, {3, 6}, {2, 5}], [{8, 2}, {4, 7}, {3, 6}, {1, 5}], [{8, 5}, {4, 7}, {2, 6}, {1, 3}], [{8, 5}, {4, 7}, {3, 6}, {1, 2}], [{8, 5}, {7}, {3, 6}, {4}, {1, 2}]]",1,- 14 K_1^2 + 7 K_2 + 8,O1O2O3U4O5U3U1O6U5U6O7U2U7O8O4U8,O1O2U1O3O4U3O5O6U4O7U6U2U5O8U7U8,O1O2U3O4O3U5O6O5U7U8O7U2U6U1O8U4,c,{'O1O2O3U4O5O4U6U2O6U7U8O7U3U1O8U5'},1,"<a href=""/flatknot/8.975671"">8.975671</a>",t^9-39t^7-92t^6+66t^5+242t^4+83t^3-92t^2-67t-14,-t^2+2t,,
8.975672,O1O2O3U4O5O4U6U2O6U7U8O7U5U1O8U3,4,7z^2+84z+141,7w^3z^2+84w^2z+141w,False,False,"[[ 0  0 -1  2  1  1 -1 -1 -1],[ 0  0  0  1  1  0 -1  0  0],[ 1  0  0  1  1 -1  1  1  0],[-2 -1 -1  0 -1  0 -2 -3 -2],[-1 -1 -1  1  0  1 -2 -2 -1],[-1  0  1  0 -1  0 -1 -1  0],[ 1  1 -1  2  2  1  0  0  0],[ 1  0 -1  3  2  1  0  0 -1],[ 1  0  0  2  1  0  0  1  0]]","[[ 0  2  1  1  0 -1 -1 -1 -1],[-2  0  0 -1 -1 -1 -2 -2 -3],[-1  0  0 -1  0  1  0 -1 -1],[-1  1  1  0 -1 -1 -1 -2 -2],[ 0  1  0  1  0  0  0 -1  0],[ 1  1 -1  1  0  0  0  1  1],[ 1  2  0  1  0  0  0  0  1],[ 1  2  1  2  1 -1  0  0  0],[ 1  3  1  2  0 -1 -1  0  0]]",True,"[-2,-1,-1,0,1,1,1,1,0,1,1,1,2,2,3,1,0,-1,0,1,1,1,1,1,2,2,0,0,1,0,0,-1,-1,0,-1,0]","[-2,-1,-1,0,1,1,1,1,0,1,1,0,1,1,2,1,0,0,0,1,1,1,1,1,2,3,1,0,1,1,0,-1,-1,0,-1,0]",t^8+39t^6+140t^4+103t^2+9,"[-1,-1,-1,-1,0,1,1,2,-1,-1,0,1,1,3,2,0,0,0,0,1,1,1,1,0,1,0,1,1,2,1,0,1,1,-1,0,1]","[-2,-1,-1,0,1,1,1,1,0,1,1,0,1,1,2,1,0,0,0,1,1,1,1,1,2,3,1,0,1,1,0,-1,-1,0,-1,0]","[-1,-1,-1,-1,0,1,1,2,-1,-1,0,0,1,2,3,0,0,0,0,1,2,1,0,-1,1,1,1,1,2,2,0,1,1,-1,0,1]",c,"[[{8, 1}, {2, 7}, {3, 6}, {4, 5}], [{8, 1}, {2, 7}, {4, 6}, {3, 5}], [{8, 1}, {2, 7}, {5, 6}, {3, 4}], [{8, 1}, {2, 7}, {5, 6}, {4}, {3}], [{8, 1}, {3, 7}, {2, 6}, {4, 5}], [{8, 1}, {3, 7}, {4, 6}, {2, 5}], [{8, 1}, {3, 7}, {5, 6}, {2, 4}], [{8, 1}, {3, 7}, {6}, {4, 5}, {2}], [{8, 1}, {4, 7}, {2, 6}, {3, 5}], [{8, 1}, {4, 7}, {3, 6}, {2, 5}], [{8, 1}, {4, 7}, {5, 6}, {2, 3}], [{8, 1}, {4, 7}, {6}, {3, 5}, {2}], [{8, 1}, {5, 7}, {2, 6}, {3, 4}], [{8, 1}, {5, 7}, {2, 6}, {4}, {3}], [{8, 1}, {5, 7}, {3, 6}, {2, 4}], [{8, 1}, {5, 7}, {4, 6}, {2, 3}], [{8, 1}, {6, 7}, {2, 5}, {3, 4}], [{8, 1}, {6, 7}, {2, 5}, {4}, {3}], [{8, 1}, {6, 7}, {3, 5}, {2, 4}], [{8, 1}, {6, 7}, {4, 5}, {2, 3}], [{8, 1}, {6, 7}, {4, 5}, {3}, {2}], [{8, 1}, {6, 7}, {5}, {2, 4}, {3}], [{8, 1}, {7}, {3, 6}, {4, 5}, {2}], [{8, 2}, {1, 7}, {3, 6}, {4, 5}], [{8, 2}, {1, 7}, {4, 6}, {3, 5}], [{8, 2}, {1, 7}, {5, 6}, {3, 4}], [{8, 2}, {1, 7}, {6}, {3, 5}, {4}], [{8, 2}, {1, 7}, {6}, {4, 5}, {3}], [{8, 2}, {1, 7}, {6}, {5}, {3, 4}], [{8, 2}, {3, 7}, {1, 6}, {4, 5}], [{8, 2}, {3, 7}, {4, 6}, {1, 5}], [{8, 2}, {3, 7}, {5, 6}, {1, 4}], [{8, 2}, {3, 7}, {6}, {4, 5}, {1}], [{8, 2}, {4, 7}, {1, 6}, {3, 5}], [{8, 2}, {4, 7}, {3, 6}, {1, 5}], [{8, 2}, {4, 7}, {5, 6}, {1, 3}], [{8, 2}, {5, 7}, {1, 6}, {3, 4}], [{8, 2}, {5, 7}, {3, 6}, {1, 4}], [{8, 2}, {5, 7}, {4, 6}, {1, 3}], [{8, 2}, {5, 7}, {4, 6}, {3}, {1}], [{8, 2}, {6, 7}, {1, 5}, {3, 4}], [{8, 2}, {6, 7}, {3, 5}, {1, 4}], [{8, 2}, {6, 7}, {3, 5}, {4}, {1}], [{8, 2}, {6, 7}, {4, 5}, {1, 3}], [{8, 2}, {6, 7}, {4, 5}, {3}, {1}], [{8, 2}, {6, 7}, {5}, {3, 4}, {1}], [{8, 2}, {7}, {1, 6}, {3, 5}, {4}], [{8, 2}, {7}, {1, 6}, {4, 5}, {3}], [{8, 2}, {7}, {1, 6}, {5}, {3, 4}], [{8, 2}, {7}, {3, 6}, {1, 5}, {4}], [{8, 2}, {7}, {3, 6}, {4, 5}, {1}], [{8, 2}, {7}, {3, 6}, {5}, {1, 4}], [{8, 2}, {7}, {6}, {4, 5}, {1, 3}], [{8, 3}, {1, 7}, {2, 6}, {4, 5}], [{8, 3}, {1, 7}, {4, 6}, {2, 5}], [{8, 3}, {1, 7}, {4, 6}, {5}, {2}], [{8, 3}, {1, 7}, {5, 6}, {2, 4}], [{8, 3}, {1, 7}, {6}, {2, 5}, {4}], [{8, 3}, {2, 7}, {1, 6}, {4, 5}], [{8, 3}, {2, 7}, {4, 6}, {1, 5}], [{8, 3}, {2, 7}, {4, 6}, {5}, {1}], [{8, 3}, {2, 7}, {5, 6}, {1, 4}], [{8, 3}, {2, 7}, {6}, {1, 5}, {4}], [{8, 3}, {4, 7}, {1, 6}, {2, 5}], [{8, 3}, {4, 7}, {2, 6}, {1, 5}], [{8, 3}, {4, 7}, {5, 6}, {1, 2}], [{8, 3}, {4, 7}, {6}, {1, 5}, {2}], [{8, 3}, {5, 7}, {1, 6}, {2, 4}], [{8, 3}, {5, 7}, {2, 6}, {1, 4}], [{8, 3}, {5, 7}, {4, 6}, {1, 2}], [{8, 3}, {5, 7}, {4, 6}, {2}, {1}], [{8, 3}, {5, 7}, {6}, {4}, {1, 2}], [{8, 3}, {6, 7}, {1, 5}, {2, 4}], [{8, 3}, {6, 7}, {1, 5}, {4}, {2}], [{8, 3}, {6, 7}, {2, 5}, {1, 4}], [{8, 3}, {6, 7}, {4, 5}, {1, 2}], [{8, 3}, {6, 7}, {4, 5}, {2}, {1}], [{8, 3}, {6, 7}, {5}, {1, 4}, {2}], [{8, 3}, {7}, {1, 6}, {5}, {2, 4}], [{8, 3}, {7}, {2, 6}, {1, 5}, {4}], [{8, 3}, {7}, {4, 6}, {1, 5}, {2}], [{8, 3}, {7}, {4, 6}, {2, 5}, {1}], [{8, 3}, {7}, {4, 6}, {5}, {1, 2}], [{8, 3}, {7}, {5, 6}, {2, 4}, {1}], [{8, 3}, {7}, {6}, {1, 5}, {2, 4}], [{8, 3}, {7}, {6}, {1, 5}, {4}, {2}], [{8, 4}, {1, 7}, {2, 6}, {3, 5}], [{8, 4}, {1, 7}, {3, 6}, {2, 5}], [{8, 4}, {1, 7}, {5, 6}, {2, 3}], [{8, 4}, {1, 7}, {6}, {2, 5}, {3}], [{8, 4}, {2, 7}, {1, 6}, {3, 5}], [{8, 4}, {2, 7}, {3, 6}, {1, 5}], [{8, 4}, {2, 7}, {5, 6}, {1, 3}], [{8, 4}, {3, 7}, {1, 6}, {2, 5}], [{8, 4}, {3, 7}, {2, 6}, {1, 5}], [{8, 4}, {3, 7}, {5, 6}, {1, 2}], [{8, 4}, {5, 7}, {1, 6}, {2, 3}], [{8, 4}, {5, 7}, {2, 6}, {1, 3}], [{8, 4}, {5, 7}, {3, 6}, {1, 2}], [{8, 4}, {6, 7}, {1, 5}, {2, 3}], [{8, 4}, {6, 7}, {2, 5}, {1, 3}], [{8, 4}, {6, 7}, {3, 5}, {1, 2}], [{8, 4}, {6, 7}, {5}, {3}, {1, 2}], [{8, 4}, {7}, {3, 6}, {1, 5}, {2}], [{8, 4}, {7}, {5, 6}, {1, 3}, {2}], [{8, 4}, {7}, {6}, {3, 5}, {1, 2}], [{8, 5}, {1, 7}, {2, 6}, {3, 4}], [{8, 5}, {1, 7}, {3, 6}, {2, 4}], [{8, 5}, {1, 7}, {4, 6}, {2, 3}], [{8, 5}, {1, 7}, {6}, {2, 4}, {3}], [{8, 5}, {1, 7}, {6}, {3, 4}, {2}], [{8, 5}, {1, 7}, {6}, {4}, {2, 3}], [{8, 5}, {2, 7}, {1, 6}, {3, 4}], [{8, 5}, {2, 7}, {3, 6}, {1, 4}], [{8, 5}, {2, 7}, {4, 6}, {1, 3}], [{8, 5}, {3, 7}, {1, 6}, {2, 4}], [{8, 5}, {3, 7}, {2, 6}, {1, 4}], [{8, 5}, {3, 7}, {4, 6}, {1, 2}], [{8, 5}, {4, 7}, {1, 6}, {2, 3}], [{8, 5}, {4, 7}, {2, 6}, {1, 3}], [{8, 5}, {4, 7}, {3, 6}, {1, 2}], [{8, 5}, {4, 7}, {6}, {3}, {1, 2}], [{8, 5}, {6, 7}, {1, 4}, {2, 3}], [{8, 5}, {6, 7}, {2, 4}, {1, 3}], [{8, 5}, {6, 7}, {3, 4}, {1, 2}], [{8, 5}, {6, 7}, {4}, {3}, {1, 2}], [{8, 5}, {7}, {2, 6}, {4}, {1, 3}], [{8, 5}, {7}, {3, 6}, {1, 4}, {2}], [{8, 5}, {7}, {4, 6}, {3}, {1, 2}], [{8, 6}, {1, 7}, {2, 5}, {3, 4}], [{8, 6}, {1, 7}, {3, 5}, {2, 4}], [{8, 6}, {1, 7}, {4, 5}, {2, 3}], [{8, 6}, {1, 7}, {5}, {3, 4}, {2}], [{8, 6}, {2, 7}, {1, 5}, {3, 4}], [{8, 6}, {2, 7}, {1, 5}, {4}, {3}], [{8, 6}, {2, 7}, {3, 5}, {1, 4}], [{8, 6}, {2, 7}, {4, 5}, {1, 3}], [{8, 6}, {3, 7}, {1, 5}, {2, 4}], [{8, 6}, {3, 7}, {1, 5}, {4}, {2}], [{8, 6}, {3, 7}, {2, 5}, {1, 4}], [{8, 6}, {3, 7}, {4, 5}, {1, 2}], [{8, 6}, {3, 7}, {4, 5}, {2}, {1}], [{8, 6}, {3, 7}, {5}, {1, 4}, {2}], [{8, 6}, {4, 7}, {1, 5}, {2, 3}], [{8, 6}, {4, 7}, {1, 5}, {3}, {2}], [{8, 6}, {4, 7}, {2, 5}, {1, 3}], [{8, 6}, {4, 7}, {3, 5}, {1, 2}], [{8, 6}, {5, 7}, {1, 4}, {2, 3}], [{8, 6}, {5, 7}, {2, 4}, {1, 3}], [{8, 6}, {5, 7}, {3, 4}, {1, 2}], [{8, 6}, {5, 7}, {3, 4}, {2}, {1}], [{8, 6}, {7}, {1, 5}, {2, 4}, {3}], [{8, 6}, {7}, {1, 5}, {3, 4}, {2}], [{8, 6}, {7}, {1, 5}, {4}, {2, 3}], [{8, 6}, {7}, {1, 5}, {4}, {3}, {2}], [{8, 6}, {7}, {2, 5}, {4}, {1, 3}], [{8, 6}, {7}, {3, 5}, {4}, {1, 2}], [{8, 7}, {1, 6}, {2, 5}, {3, 4}], [{8, 7}, {1, 6}, {3, 5}, {2, 4}], [{8, 7}, {1, 6}, {4, 5}, {2, 3}], [{8, 7}, {2, 6}, {1, 5}, {3, 4}], [{8, 7}, {2, 6}, {3, 5}, {1, 4}], [{8, 7}, {2, 6}, {4, 5}, {1, 3}], [{8, 7}, {3, 6}, {1, 5}, {2, 4}], [{8, 7}, {3, 6}, {1, 5}, {4}, {2}], [{8, 7}, {3, 6}, {2, 5}, {1, 4}], [{8, 7}, {3, 6}, {4, 5}, {1, 2}], [{8, 7}, {3, 6}, {4, 5}, {2}, {1}], [{8, 7}, {3, 6}, {5}, {1, 4}, {2}], [{8, 7}, {4, 6}, {1, 5}, {2, 3}], [{8, 7}, {4, 6}, {2, 5}, {1, 3}], [{8, 7}, {4, 6}, {2, 5}, {3}, {1}], [{8, 7}, {4, 6}, {3, 5}, {1, 2}], [{8, 7}, {5, 6}, {1, 4}, {2, 3}], [{8, 7}, {5, 6}, {2, 4}, {1, 3}], [{8, 7}, {5, 6}, {2, 4}, {3}, {1}], [{8, 7}, {5, 6}, {3, 4}, {1, 2}], [{8, 7}, {5, 6}, {4}, {1, 3}, {2}], [{8, 7}, {6}, {5}, {2, 4}, {1, 3}], [{8, 7}, {6}, {5}, {3, 4}, {1, 2}], [{8}, {1, 7}, {2, 6}, {5}, {3, 4}], [{8}, {1, 7}, {3, 6}, {4, 5}, {2}], [{8}, {1, 7}, {5, 6}, {3, 4}, {2}], [{8}, {1, 7}, {6}, {2, 5}, {3, 4}], [{8}, {2, 7}, {3, 6}, {1, 5}, {4}], [{8}, {2, 7}, {3, 6}, {4, 5}, {1}], [{8}, {2, 7}, {3, 6}, {5}, {1, 4}], [{8}, {2, 7}, {5, 6}, {3, 4}, {1}], [{8}, {3, 7}, {1, 6}, {4, 5}, {2}], [{8}, {3, 7}, {2, 6}, {4, 5}, {1}], [{8}, {3, 7}, {4, 6}, {2, 5}, {1}], [{8}, {3, 7}, {5, 6}, {2, 4}, {1}], [{8}, {3, 7}, {6}, {4, 5}, {1, 2}], [{8}, {3, 7}, {6}, {4, 5}, {2}, {1}], [{8}, {4, 7}, {2, 6}, {5}, {1, 3}], [{8}, {4, 7}, {3, 6}, {1, 5}, {2}], [{8}, {4, 7}, {5, 6}, {1, 3}, {2}], [{8}, {4, 7}, {6}, {2, 5}, {1, 3}], [{8}, {5, 7}, {1, 6}, {2, 4}, {3}], [{8}, {5, 7}, {3, 6}, {1, 4}, {2}], [{8}, {5, 7}, {4, 6}, {2, 3}, {1}], [{8}, {6, 7}, {4, 5}, {1, 3}, {2}], [{8}, {6, 7}, {4, 5}, {2, 3}, {1}], [{8}, {6, 7}, {4, 5}, {3}, {1, 2}], [{8}, {6, 7}, {4, 5}, {3}, {2}, {1}], [{8}, {7}, {2, 6}, {3, 5}, {1, 4}], [{8}, {7}, {3, 6}, {1, 5}, {2, 4}], [{8}, {7}, {3, 6}, {1, 5}, {4}, {2}], [{8}, {7}, {3, 6}, {2, 5}, {1, 4}], [{8}, {7}, {3, 6}, {4, 5}, {1, 2}], [{8}, {7}, {3, 6}, {4, 5}, {2}, {1}], [{8}, {7}, {3, 6}, {5}, {1, 4}, {2}], [{8}, {7}, {4, 6}, {3, 5}, {1, 2}], [{8}, {7}, {5, 6}, {1, 4}, {2, 3}], [{8}, {7}, {5, 6}, {3, 4}, {1, 2}]]",2,8 K_1^3 - 26 K_1^2 - 12 K_1 K_2 + 13 K_2 + 4 K_3 + 14,O1O2O3U1O4U3U5O6U4U6O7U2U7O8O5U8,O1O2U1O3O4U3O5O6U4O7U6U2U7O8U5U8,O1O2U3O4O3U5O6O5U7U2O7U8U6U1O8U4,c,{'O1O2O3U4O5O4U6U2O6U7U8O7U5U1O8U3'},1,"<a href=""/flatknot/8.975672"">8.975672</a>",t^9-37t^7-84t^6+41t^5+236t^4+109t^3-124t^2-86t-2,-t^2+2t,,
8.975673,O1O2O3U4O5O4U6U2O6U7U1O8U3U8O7U5,3,12z^2+89z+131,12w^3z^2+89w^2z+131w,False,False,"[[ 0 -1 -1  1  1  2 -1 -2  1],[ 1  0  1  2  1  1  0  0  1],[ 1 -1  0  0  1  0  1  0  1],[-1 -2  0  0 -1  0 -1 -2  1],[-1 -1 -1  1  0  2 -2 -3  1],[-2 -1  0  0 -2  0 -2 -2  0],[ 1  0 -1  1  2  2  0 -1  1],[ 2  0  0  2  3  2  1  0  1],[-1 -1 -1 -1 -1  0 -1 -1  0]]","[[ 0  2  1  1  1 -1 -1 -1 -2],[-2  0  0  0 -2  0 -1 -2 -2],[-1  0  0  1 -1  0 -2 -1 -2],[-1  0 -1  0 -1 -1 -1 -1 -1],[-1  2  1  1  0 -1 -1 -2 -3],[ 1  0  0  1  1  0 -1  1  0],[ 1  1  2  1  1  1  0  0  0],[ 1  2  1  1  2 -1  0  0 -1],[ 2  2  2  1  3  0  0  1  0]]",True,"[-2,-1,-1,-1,1,1,1,2,0,0,2,0,1,2,2,-1,1,0,2,1,2,1,1,1,1,1,1,1,2,3,1,-1,0,0,0,1]","[-2,-1,-1,-1,1,1,1,2,-1,1,1,1,2,3,2,1,1,0,1,1,0,-1,1,1,1,2,1,0,2,1,0,-1,0,1,1,1]",t^8+47t^6+220t^4+32t^2,"[-2,-1,-1,-1,1,1,1,2,0,1,1,0,1,2,2,0,1,0,1,1,1,-1,1,0,1,2,1,2,1,3,-1,-1,-1,-1,1,1]","[-2,-1,-1,-1,1,1,1,2,-1,1,1,1,2,3,2,1,1,0,1,1,0,-1,1,1,1,2,1,0,2,1,0,-1,0,1,1,1]","[-2,-1,-1,-1,1,1,1,2,0,0,1,1,2,3,2,-1,1,1,0,1,0,0,1,2,1,1,1,1,2,2,-1,-1,0,-1,0,2]",c,"[[{8, 1}, {5, 7}, {3, 6}, {2, 4}], [{8, 6}, {5, 7}, {1, 4}, {2, 3}], [{8, 6}, {5, 7}, {2, 4}, {1, 3}]]",1,4 K_1^3 - 16 K_1^2 - 4 K_1 K_2 - K_1 + 8 K_2 + K_3 + 9,O1O2O3U4O5U6U1O6U3U5O7U2U7O8O4U8,O1O2U1O3O4U5O6O5U3O7U4U2U6O8U7U8,O1O2U1O3O4U5O6O5U7U8O7U2U6U3O8U4,c,{'O1O2O3U4O5O4U6U2O6U7U1O8U3U8O7U5'},1,"<a href=""/flatknot/8.975673"">8.975673</a>",t^9-47t^7-120t^6+86t^5+378t^4+119t^3-156t^2-52t-16,0,,
8.975674,O1O2O3U4O5O4U6U2O6U7U1O8U5U8O7U3,4,18z^2+87z+103,18w^3z^2+87w^2z+103w,False,False,"[[ 0 -1 -1  2  1  1 -1 -2  1],[ 1  0  1  2  1  1  0  0  1],[ 1 -1  0  1  1 -1  1  0  1],[-2 -2 -1  0 -1 -1 -2 -3  1],[-1 -1 -1  1  0  1 -2 -2  0],[-1 -1  1  1 -1  0 -1 -2  1],[ 1  0 -1  2  2  1  0 -1  1],[ 2  0  0  3  2  2  1  0  1],[-1 -1 -1 -1  0 -1 -1 -1  0]]","[[ 0  2  1  1  1 -1 -1 -1 -2],[-2  0  1 -1 -1 -1 -2 -2 -3],[-1 -1  0  0 -1 -1 -1 -1 -1],[-1  1  0  0  1 -1 -1 -2 -2],[-1  1  1 -1  0  1 -1 -1 -2],[ 1  1  1  1 -1  0 -1  1  0],[ 1  2  1  1  1  1  0  0  0],[ 1  2  1  2  1 -1  0  0 -1],[ 2  3  1  2  2  0  0  1  0]]",True,"[-2,-1,-1,-1,1,1,1,2,-1,1,1,1,2,2,3,0,1,1,1,1,1,-1,1,1,2,2,-1,1,1,2,1,-1,0,0,0,1]","[-2,-1,-1,-1,1,1,1,2,-1,1,1,1,2,2,3,0,1,1,1,1,1,-1,1,1,2,2,-1,1,1,2,1,-1,0,0,0,1]",t^8+47t^6+295t^4+158t^2+9,"[-2,-1,-1,-1,1,1,1,2,0,1,1,1,1,2,1,0,1,0,1,1,1,-1,1,1,1,1,1,3,1,2,-1,0,0,-1,0,2]","[-2,-1,-1,-1,1,1,1,2,0,0,2,1,1,2,1,-1,1,1,1,3,1,0,0,1,1,1,1,1,1,2,0,-1,0,1,1,1]","[-2,-1,-1,-1,1,1,1,2,0,0,1,1,2,2,3,-1,1,1,-1,1,1,0,1,1,1,2,1,1,2,2,-1,0,-1,-1,1,1]",c,"[[{8, 1}, {3, 7}, {4, 6}, {2, 5}]]",0,4 K_1^3 - 16 K_1^2 - 4 K_1 K_2 - K_1 + 8 K_2 + K_3 + 9,O1O2O3U1O4U5U6O5U3U4O7U2U7O8O6U8,O1O2U1O3O4U5O6O5U3O7U4U2U7O8U6U8,O1O2U1O3O4U5O6O5U7U2O7U8U6U3O8U4,c,{'O1O2O3U4O5O4U6U2O6U7U1O8U5U8O7U3'},1,"<a href=""/flatknot/8.975674"">8.975674</a>",t^9-47t^7-134t^6-49t^5+122t^4+52t^3+23t+8,0,,
8.975675,O1O2O3U4O5O4U6U2O6U7U3O8U1U8O7U5,4,10z^2+95z+151,10w^3z^2+95w^2z+151w,False,False,"[[ 0 -1 -1  1  1  2 -1 -2  1],[ 1  0  0  1  1  2  0 -1  1],[ 1  0  0  0  1  0  1  0  0],[-1 -1  0  0 -1 -1 -1 -1  0],[-1 -1 -1  1  0  2 -2 -3  1],[-2 -2  0  1 -2  0 -2 -2  0],[ 1  0 -1  1  2  2  0 -1  1],[ 2  1  0  1  3  2  1  0  1],[-1 -1  0  0 -1  0 -1 -1  0]]","[[ 0  2  1  1 -1 -1 -2],[-2  0  1 -2  0 -2 -2],[-1 -1  0 -1  0 -1 -1],[-1  2  1  0 -1 -1 -3],[ 1  0  0  1  0  0  0],[ 1  2  1  1  0  0 -1],[ 2  2  1  3  0  1  0]]",False,"[-2,-1,-1,1,1,2,-1,2,0,2,2,1,0,1,1,1,1,3,0,0,1]","[-2,-1,-1,1,1,2,-1,2,0,2,2,1,0,1,1,1,1,3,0,0,1]",t^6+28t^4+28t^2+1,"[-2,-1,-1,1,1,2,0,1,0,2,2,0,1,1,1,1,2,3,-1,-1,2]","[-2,-1,-1,1,1,2,-1,2,1,3,2,1,1,1,0,1,2,2,0,0,1]","[-2,-1,-1,1,1,2,0,1,1,3,2,0,0,1,0,1,1,2,-1,-1,2]",c,"[[{8, 1}, {5, 7}, {3, 6}, {2, 4}], [{8, 6}, {5, 7}, {1, 4}, {2, 3}], [{8, 6}, {5, 7}, {2, 4}, {1, 3}]]",1,8 K_1^3 - 32 K_1^2 - 24 K_1 K_2 + 6 K_1 + 16 K_2 + 10 K_3 + 17,O1O2O3U4O5U6U3O6U1U5O7U2U7O8O4U8,O1O2U1O3O4U5O6O5U3O7U6U2U4O8U7U8,O1O2U1O3O4U5O6O5U7U8O7U3U6U2O8U4,c,{'O1O2O3U4O5O4U6U2O6U7U3O8U1U8O7U5'},1,"<a href=""/flatknot/8.975675"">8.975675</a>",t^7-28t^5-58t^4-2t^3+48t^2+26t+4,0,,
8.975676,O1O2O3U4O5O4U6U2O6U7U3O8U5U1O7U8,4,16z^2+101z+139,16w^3z^2+101w^2z+139w,False,False,"[[ 0  0 -1  1  1  1 -1 -2  1],[ 0  0 -1  0  1  1 -1 -2  1],[ 1  1  0  0  1  0  1 -1  1],[-1  0  0  0 -1  0 -1 -2  0],[-1 -1 -1  1  0  1 -2 -2  0],[-1 -1  0  0 -1  0 -1 -1  0],[ 1  1 -1  1  2  1  0 -1  1],[ 2  2  1  2  2  1  1  0  1],[-1 -1 -1  0  0  0 -1 -1  0]]","[[ 0  1  1  1  0 -1 -2],[-1  0  1  0 -1 -1 -2],[-1 -1  0  0  0  0 -2],[-1  0  0  0 -1 -1 -1],[ 0  1  0  1  0 -1 -2],[ 1  1  0  1  1  0 -1],[ 2  2  2  1  2  1  0]]",False,"[-1,-1,-1,0,1,2,-1,0,1,1,2,0,0,0,2,1,1,1,1,2,1]","[-2,-1,0,1,1,1,0,0,1,1,2,0,1,2,1,0,1,0,-1,0,0]",t^6+20t^4+44t^2,"[-2,-1,0,1,1,1,0,0,1,1,2,0,1,2,1,0,1,0,-1,0,0]","[-1,-1,-1,0,1,2,-1,0,1,2,1,0,0,1,1,0,1,2,0,0,0]","[-2,-1,0,1,1,1,1,2,1,2,2,1,1,0,1,1,0,1,0,0,-1]",c,"[[{8, 1}, {2, 7}, {3, 6}, {4, 5}], [{8, 1}, {2, 7}, {3, 6}, {5}, {4}], [{8, 1}, {2, 7}, {4, 6}, {3, 5}], [{8, 1}, {2, 7}, {4, 6}, {5}, {3}], [{8, 1}, {2, 7}, {5, 6}, {3, 4}], [{8, 1}, {2, 7}, {5, 6}, {4}, {3}], [{8, 1}, {2, 7}, {6}, {3, 5}, {4}], [{8, 1}, {2, 7}, {6}, {4, 5}, {3}], [{8, 1}, {2, 7}, {6}, {5}, {3, 4}], [{8, 1}, {2, 7}, {6}, {5}, {4}, {3}], [{8, 1}, {3, 7}, {2, 6}, {4, 5}], [{8, 1}, {3, 7}, {4, 6}, {2, 5}], [{8, 1}, {3, 7}, {5, 6}, {2, 4}], [{8, 1}, {3, 7}, {5, 6}, {4}, {2}], [{8, 1}, {3, 7}, {6}, {5}, {2, 4}], [{8, 1}, {4, 7}, {2, 6}, {3, 5}], [{8, 1}, {4, 7}, {3, 6}, {2, 5}], [{8, 1}, {4, 7}, {5, 6}, {2, 3}], [{8, 1}, {4, 7}, {5, 6}, {3}, {2}], [{8, 1}, {4, 7}, {6}, {5}, {2, 3}], [{8, 1}, {5, 7}, {2, 6}, {3, 4}], [{8, 1}, {5, 7}, {3, 6}, {2, 4}], [{8, 1}, {5, 7}, {4, 6}, {2, 3}], [{8, 1}, {5, 7}, {6}, {3, 4}, {2}], [{8, 1}, {6, 7}, {2, 5}, {3, 4}], [{8, 1}, {6, 7}, {3, 5}, {2, 4}], [{8, 1}, {6, 7}, {4, 5}, {2, 3}], [{8, 1}, {6, 7}, {5}, {3, 4}, {2}], [{8, 1}, {7}, {2, 6}, {5}, {3, 4}], [{8, 1}, {7}, {5, 6}, {2, 4}, {3}], [{8, 1}, {7}, {5, 6}, {3, 4}, {2}], [{8, 1}, {7}, {5, 6}, {4}, {2, 3}], [{8, 1}, {7}, {6}, {2, 5}, {3, 4}], [{8, 1}, {7}, {6}, {5}, {3, 4}, {2}], [{8, 2}, {1, 7}, {3, 6}, {4, 5}], [{8, 2}, {1, 7}, {3, 6}, {5}, {4}], [{8, 2}, {1, 7}, {4, 6}, {3, 5}], [{8, 2}, {1, 7}, {4, 6}, {5}, {3}], [{8, 2}, {1, 7}, {5, 6}, {3, 4}], [{8, 2}, {1, 7}, {5, 6}, {4}, {3}], [{8, 2}, {1, 7}, {6}, {3, 5}, {4}], [{8, 2}, {1, 7}, {6}, {4, 5}, {3}], [{8, 2}, {1, 7}, {6}, {5}, {3, 4}], [{8, 2}, {1, 7}, {6}, {5}, {4}, {3}], [{8, 2}, {3, 7}, {1, 6}, {4, 5}], [{8, 2}, {3, 7}, {4, 6}, {1, 5}], [{8, 2}, {3, 7}, {5, 6}, {1, 4}], [{8, 2}, {3, 7}, {5, 6}, {4}, {1}], [{8, 2}, {3, 7}, {6}, {5}, {1, 4}], [{8, 2}, {4, 7}, {1, 6}, {3, 5}], [{8, 2}, {4, 7}, {3, 6}, {1, 5}], [{8, 2}, {4, 7}, {5, 6}, {1, 3}], [{8, 2}, {4, 7}, {5, 6}, {3}, {1}], [{8, 2}, {4, 7}, {6}, {5}, {1, 3}], [{8, 2}, {5, 7}, {1, 6}, {3, 4}], [{8, 2}, {5, 7}, {1, 6}, {4}, {3}], [{8, 2}, {5, 7}, {3, 6}, {1, 4}], [{8, 2}, {5, 7}, {4, 6}, {1, 3}], [{8, 2}, {6, 7}, {1, 5}, {3, 4}], [{8, 2}, {6, 7}, {1, 5}, {4}, {3}], [{8, 2}, {6, 7}, {3, 5}, {1, 4}], [{8, 2}, {6, 7}, {4, 5}, {1, 3}], [{8, 2}, {7}, {5, 6}, {1, 4}, {3}], [{8, 2}, {7}, {5, 6}, {3, 4}, {1}], [{8, 2}, {7}, {5, 6}, {4}, {1, 3}], [{8, 2}, {7}, {5, 6}, {4}, {3}, {1}], [{8, 3}, {1, 7}, {2, 6}, {4, 5}], [{8, 3}, {1, 7}, {4, 6}, {2, 5}], [{8, 3}, {1, 7}, {5, 6}, {2, 4}], [{8, 3}, {1, 7}, {5, 6}, {4}, {2}], [{8, 3}, {1, 7}, {6}, {5}, {2, 4}], [{8, 3}, {2, 7}, {1, 6}, {4, 5}], [{8, 3}, {2, 7}, {4, 6}, {1, 5}], [{8, 3}, {2, 7}, {5, 6}, {1, 4}], [{8, 3}, {2, 7}, {5, 6}, {4}, {1}], [{8, 3}, {2, 7}, {6}, {5}, {1, 4}], [{8, 3}, {4, 7}, {1, 6}, {2, 5}], [{8, 3}, {4, 7}, {2, 6}, {1, 5}], [{8, 3}, {4, 7}, {5, 6}, {1, 2}], [{8, 3}, {4, 7}, {5, 6}, {2}, {1}], [{8, 3}, {4, 7}, {6}, {5}, {1, 2}], [{8, 3}, {5, 7}, {1, 6}, {2, 4}], [{8, 3}, {5, 7}, {2, 6}, {1, 4}], [{8, 3}, {5, 7}, {2, 6}, {4}, {1}], [{8, 3}, {5, 7}, {4, 6}, {1, 2}], [{8, 3}, {6, 7}, {1, 5}, {2, 4}], [{8, 3}, {6, 7}, {1, 5}, {4}, {2}], [{8, 3}, {6, 7}, {2, 5}, {1, 4}], [{8, 3}, {6, 7}, {4, 5}, {1, 2}], [{8, 3}, {7}, {4, 6}, {2, 5}, {1}], [{8, 3}, {7}, {5, 6}, {1, 4}, {2}], [{8, 3}, {7}, {5, 6}, {2, 4}, {1}], [{8, 3}, {7}, {5, 6}, {4}, {1, 2}], [{8, 4}, {1, 7}, {2, 6}, {3, 5}], [{8, 4}, {1, 7}, {2, 6}, {5}, {3}], [{8, 4}, {1, 7}, {3, 6}, {2, 5}], [{8, 4}, {1, 7}, {3, 6}, {5}, {2}], [{8, 4}, {1, 7}, {5, 6}, {2, 3}], [{8, 4}, {1, 7}, {5, 6}, {3}, {2}], [{8, 4}, {1, 7}, {6}, {2, 5}, {3}], [{8, 4}, {1, 7}, {6}, {3, 5}, {2}], [{8, 4}, {1, 7}, {6}, {5}, {2, 3}], [{8, 4}, {1, 7}, {6}, {5}, {3}, {2}], [{8, 4}, {2, 7}, {1, 6}, {3, 5}], [{8, 4}, {2, 7}, {1, 6}, {5}, {3}], [{8, 4}, {2, 7}, {3, 6}, {1, 5}], [{8, 4}, {2, 7}, {3, 6}, {5}, {1}], [{8, 4}, {2, 7}, {5, 6}, {1, 3}], [{8, 4}, {2, 7}, {5, 6}, {3}, {1}], [{8, 4}, {2, 7}, {6}, {1, 5}, {3}], [{8, 4}, {2, 7}, {6}, {3, 5}, {1}], [{8, 4}, {2, 7}, {6}, {5}, {1, 3}], [{8, 4}, {2, 7}, {6}, {5}, {3}, {1}], [{8, 4}, {3, 7}, {1, 6}, {2, 5}], [{8, 4}, {3, 7}, {2, 6}, {1, 5}], [{8, 4}, {3, 7}, {5, 6}, {1, 2}], [{8, 4}, {3, 7}, {5, 6}, {2}, {1}], [{8, 4}, {3, 7}, {6}, {5}, {1, 2}], [{8, 4}, {5, 7}, {1, 6}, {2, 3}], [{8, 4}, {5, 7}, {2, 6}, {1, 3}], [{8, 4}, {5, 7}, {3, 6}, {1, 2}], [{8, 4}, {5, 7}, {6}, {3}, {1, 2}], [{8, 4}, {6, 7}, {1, 5}, {2, 3}], [{8, 4}, {6, 7}, {2, 5}, {1, 3}], [{8, 4}, {6, 7}, {3, 5}, {1, 2}], [{8, 4}, {6, 7}, {3, 5}, {2}, {1}], [{8, 4}, {6, 7}, {5}, {3}, {1, 2}], [{8, 4}, {7}, {1, 6}, {3, 5}, {2}], [{8, 4}, {7}, {2, 6}, {3, 5}, {1}], [{8, 4}, {7}, {3, 6}, {5}, {1, 2}], [{8, 4}, {7}, {5, 6}, {1, 3}, {2}], [{8, 4}, {7}, {5, 6}, {2, 3}, {1}], [{8, 4}, {7}, {5, 6}, {3}, {1, 2}], [{8, 4}, {7}, {6}, {3, 5}, {1, 2}], [{8, 4}, {7}, {6}, {5}, {3}, {1, 2}], [{8, 5}, {1, 7}, {2, 6}, {3, 4}], [{8, 5}, {1, 7}, {3, 6}, {2, 4}], [{8, 5}, {1, 7}, {3, 6}, {4}, {2}], [{8, 5}, {1, 7}, {4, 6}, {2, 3}], [{8, 5}, {1, 7}, {6}, {2, 4}, {3}], [{8, 5}, {2, 7}, {1, 6}, {3, 4}], [{8, 5}, {2, 7}, {3, 6}, {1, 4}], [{8, 5}, {2, 7}, {3, 6}, {4}, {1}], [{8, 5}, {2, 7}, {4, 6}, {1, 3}], [{8, 5}, {2, 7}, {6}, {1, 4}, {3}], [{8, 5}, {3, 7}, {1, 6}, {2, 4}], [{8, 5}, {3, 7}, {2, 6}, {1, 4}], [{8, 5}, {3, 7}, {4, 6}, {1, 2}], [{8, 5}, {3, 7}, {6}, {2, 4}, {1}], [{8, 5}, {4, 7}, {1, 6}, {2, 3}], [{8, 5}, {4, 7}, {2, 6}, {1, 3}], [{8, 5}, {4, 7}, {3, 6}, {1, 2}], [{8, 5}, {4, 7}, {6}, {3}, {1, 2}], [{8, 5}, {6, 7}, {1, 4}, {2, 3}], [{8, 5}, {6, 7}, {1, 4}, {3}, {2}], [{8, 5}, {6, 7}, {2, 4}, {1, 3}], [{8, 5}, {6, 7}, {3, 4}, {1, 2}], [{8, 5}, {7}, {1, 6}, {3, 4}, {2}], [{8, 5}, {7}, {2, 6}, {1, 4}, {3}], [{8, 5}, {7}, {3, 6}, {4}, {1, 2}], [{8, 5}, {7}, {4, 6}, {2, 3}, {1}], [{8, 5}, {7}, {6}, {2, 4}, {1, 3}], [{8, 6}, {1, 7}, {2, 5}, {3, 4}], [{8, 6}, {1, 7}, {3, 5}, {2, 4}], [{8, 6}, {1, 7}, {4, 5}, {2, 3}], [{8, 6}, {1, 7}, {5}, {2, 4}, {3}], [{8, 6}, {2, 7}, {1, 5}, {3, 4}], [{8, 6}, {2, 7}, {3, 5}, {1, 4}], [{8, 6}, {2, 7}, {4, 5}, {1, 3}], [{8, 6}, {2, 7}, {5}, {1, 4}, {3}], [{8, 6}, {3, 7}, {1, 5}, {2, 4}], [{8, 6}, {3, 7}, {2, 5}, {1, 4}], [{8, 6}, {3, 7}, {4, 5}, {1, 2}], [{8, 6}, {3, 7}, {5}, {2, 4}, {1}], [{8, 6}, {4, 7}, {1, 5}, {2, 3}], [{8, 6}, {4, 7}, {2, 5}, {1, 3}], [{8, 6}, {4, 7}, {3, 5}, {1, 2}], [{8, 6}, {4, 7}, {5}, {3}, {1, 2}], [{8, 6}, {5, 7}, {1, 4}, {2, 3}], [{8, 6}, {5, 7}, {2, 4}, {1, 3}], [{8, 6}, {5, 7}, {2, 4}, {3}, {1}], [{8, 6}, {5, 7}, {3, 4}, {1, 2}], [{8, 6}, {7}, {1, 5}, {2, 4}, {3}], [{8, 6}, {7}, {1, 5}, {3, 4}, {2}], [{8, 6}, {7}, {1, 5}, {4}, {2, 3}], [{8, 6}, {7}, {2, 5}, {4}, {1, 3}], [{8, 6}, {7}, {3, 5}, {2, 4}, {1}], [{8, 6}, {7}, {4, 5}, {1, 3}, {2}], [{8, 6}, {7}, {5}, {2, 4}, {1, 3}], [{8, 7}, {1, 6}, {2, 5}, {3, 4}], [{8, 7}, {1, 6}, {3, 5}, {2, 4}], [{8, 7}, {1, 6}, {4, 5}, {2, 3}], [{8, 7}, {1, 6}, {5}, {4}, {2, 3}], [{8, 7}, {2, 6}, {1, 5}, {3, 4}], [{8, 7}, {2, 6}, {3, 5}, {1, 4}], [{8, 7}, {2, 6}, {4, 5}, {1, 3}], [{8, 7}, {2, 6}, {5}, {4}, {1, 3}], [{8, 7}, {3, 6}, {1, 5}, {2, 4}], [{8, 7}, {3, 6}, {2, 5}, {1, 4}], [{8, 7}, {3, 6}, {4, 5}, {1, 2}], [{8, 7}, {3, 6}, {5}, {4}, {1, 2}], [{8, 7}, {4, 6}, {1, 5}, {2, 3}], [{8, 7}, {4, 6}, {1, 5}, {3}, {2}], [{8, 7}, {4, 6}, {2, 5}, {1, 3}], [{8, 7}, {4, 6}, {2, 5}, {3}, {1}], [{8, 7}, {4, 6}, {3, 5}, {1, 2}], [{8, 7}, {4, 6}, {3, 5}, {2}, {1}], [{8, 7}, {4, 6}, {5}, {1, 3}, {2}], [{8, 7}, {4, 6}, {5}, {2, 3}, {1}], [{8, 7}, {4, 6}, {5}, {3}, {1, 2}], [{8, 7}, {5, 6}, {1, 4}, {2, 3}], [{8, 7}, {5, 6}, {1, 4}, {3}, {2}], [{8, 7}, {5, 6}, {2, 4}, {1, 3}], [{8, 7}, {5, 6}, {2, 4}, {3}, {1}], [{8, 7}, {5, 6}, {3, 4}, {1, 2}], [{8, 7}, {5, 6}, {3, 4}, {2}, {1}], [{8, 7}, {5, 6}, {4}, {1, 3}, {2}], [{8, 7}, {5, 6}, {4}, {2, 3}, {1}], [{8, 7}, {5, 6}, {4}, {3}, {1, 2}], [{8, 7}, {6}, {1, 5}, {4}, {2, 3}], [{8, 7}, {6}, {2, 5}, {4}, {1, 3}], [{8, 7}, {6}, {3, 5}, {4}, {1, 2}], [{8, 7}, {6}, {4, 5}, {1, 3}, {2}], [{8, 7}, {6}, {4, 5}, {2, 3}, {1}], [{8, 7}, {6}, {4, 5}, {3}, {1, 2}], [{8, 7}, {6}, {5}, {1, 4}, {2, 3}], [{8, 7}, {6}, {5}, {2, 4}, {1, 3}], [{8, 7}, {6}, {5}, {3, 4}, {1, 2}], [{8, 7}, {6}, {5}, {4}, {1, 3}, {2}], [{8, 7}, {6}, {5}, {4}, {2, 3}, {1}], [{8, 7}, {6}, {5}, {4}, {3}, {1, 2}], [{8}, {1, 7}, {3, 6}, {2, 5}, {4}], [{8}, {1, 7}, {3, 6}, {4, 5}, {2}], [{8}, {1, 7}, {3, 6}, {5}, {2, 4}], [{8}, {1, 7}, {5, 6}, {2, 4}, {3}], [{8}, {1, 7}, {5, 6}, {3, 4}, {2}], [{8}, {1, 7}, {5, 6}, {4}, {2, 3}], [{8}, {1, 7}, {6}, {3, 5}, {2, 4}], [{8}, {1, 7}, {6}, {5}, {2, 4}, {3}], [{8}, {2, 7}, {3, 6}, {1, 5}, {4}], [{8}, {2, 7}, {3, 6}, {4, 5}, {1}], [{8}, {2, 7}, {3, 6}, {5}, {1, 4}], [{8}, {2, 7}, {5, 6}, {1, 4}, {3}], [{8}, {2, 7}, {5, 6}, {3, 4}, {1}], [{8}, {2, 7}, {5, 6}, {4}, {1, 3}], [{8}, {2, 7}, {6}, {3, 5}, {1, 4}], [{8}, {2, 7}, {6}, {5}, {1, 4}, {3}], [{8}, {3, 7}, {1, 6}, {5}, {2, 4}], [{8}, {3, 7}, {2, 6}, {4, 5}, {1}], [{8}, {3, 7}, {4, 6}, {2, 5}, {1}], [{8}, {3, 7}, {5, 6}, {1, 4}, {2}], [{8}, {3, 7}, {5, 6}, {2, 4}, {1}], [{8}, {3, 7}, {5, 6}, {4}, {1, 2}], [{8}, {3, 7}, {5, 6}, {4}, {2}, {1}], [{8}, {3, 7}, {6}, {1, 5}, {2, 4}], [{8}, {3, 7}, {6}, {5}, {2, 4}, {1}], [{8}, {4, 7}, {1, 6}, {2, 5}, {3}], [{8}, {4, 7}, {2, 6}, {1, 5}, {3}], [{8}, {4, 7}, {3, 6}, {5}, {1, 2}], [{8}, {4, 7}, {5, 6}, {1, 3}, {2}], [{8}, {4, 7}, {5, 6}, {2, 3}, {1}], [{8}, {4, 7}, {5, 6}, {3}, {1, 2}], [{8}, {4, 7}, {5, 6}, {3}, {2}, {1}], [{8}, {4, 7}, {6}, {3, 5}, {1, 2}], [{8}, {4, 7}, {6}, {5}, {3}, {1, 2}], [{8}, {5, 7}, {3, 6}, {4}, {1, 2}], [{8}, {5, 7}, {4, 6}, {2, 3}, {1}], [{8}, {5, 7}, {6}, {2, 4}, {1, 3}], [{8}, {6, 7}, {1, 5}, {4}, {2, 3}], [{8}, {6, 7}, {2, 5}, {4}, {1, 3}], [{8}, {6, 7}, {4, 5}, {1, 3}, {2}], [{8}, {6, 7}, {5}, {2, 4}, {1, 3}], [{8}, {7}, {3, 6}, {4, 5}, {1, 2}], [{8}, {7}, {5, 6}, {1, 4}, {2, 3}], [{8}, {7}, {5, 6}, {2, 4}, {1, 3}], [{8}, {7}, {5, 6}, {3, 4}, {1, 2}], [{8}, {7}, {5, 6}, {3, 4}, {2}, {1}], [{8}, {7}, {6}, {5}, {2, 4}, {1, 3}]]",2,12 K_1^3 - 22 K_1^2 - 16 K_1 K_2 - K_1 + 11 K_2 + 5 K_3 + 12,O1O2O3U4O5U3U6O4U1U5O7U2U7O8O6U8,O1O2U1O3O4U5O6O7U3O5U7U2U4O8U6U8,O1O2U3O4O5U6O7O6U8U2O8U4U7U1O3U5,c,{'O1O2O3U4O5O4U6U2O6U7U3O8U5U1O7U8'},1,"<a href=""/flatknot/8.975676"">8.975676</a>",t^7-22t^5-36t^4+3t^3+22t^2+13t+6,t^2-2t,,
8.975677,O1O2O3U4O5O4U6U2O6U7U5O8U1U8O7U3,3,11z^2+76z+109,11w^3z^2-4w^3z+80w^2z+109w,False,False,"[[ 0 -1 -1  2  1  1 -1 -2  1],[ 1  0  0  2  2  0  0 -1  1],[ 1  0  0  1  1 -1  1  0  0],[-2 -2 -1  0 -1  0 -2 -3  0],[-1 -2 -1  1  0  1 -2 -2  1],[-1  0  1  0 -1  0 -1 -1  0],[ 1  0 -1  2  2  1  0 -1  1],[ 2  1  0  3  2  1  1  0  1],[-1 -1  0  0 -1  0 -1 -1  0]]","[[ 0  2  1  1 -1 -1 -2],[-2  0  0 -1 -1 -2 -3],[-1  0  0 -1  1  0 -1],[-1  1  1  0 -1 -2 -2],[ 1  1 -1  1  0  0  0],[ 1  2  0  2  0  0 -1],[ 2  3  1  2  0  1  0]]",False,"[-2,-1,-1,1,1,2,0,1,1,2,3,1,-1,0,1,1,2,2,0,0,1]","[-2,-1,-1,1,1,2,0,1,1,2,1,0,0,2,1,1,3,2,-1,0,1]",t^6+28t^4+71t^2+16,"[-2,-1,-1,1,1,2,0,1,1,2,1,0,0,2,1,1,3,2,-1,0,1]","[-2,-1,-1,1,1,2,0,1,1,2,1,1,0,1,1,2,3,2,0,0,1]","[-2,-1,-1,1,1,2,0,1,1,2,3,0,-1,1,1,0,2,2,-1,0,1]",c,"[[{8, 1}, {3, 7}, {4, 6}, {2, 5}], [{8, 6}, {3, 7}, {2, 5}, {1, 4}]]",0,- 12 K_1^2 - 4 K_1 K_2 + 2 K_1 + 6 K_2 + 2 K_3 + 7,O1O2O3U1O4U5U3O5U6U4O7U2U7O8O6U8,O1O2U1O3O4U5O6O5U3O7U6U2U7O8U4U8,O1O2U1O3O4U5O6O5U7U3O7U8U6U2O8U4,c,{'O1O2O3U4O5O4U6U2O6U7U5O8U1U8O7U3'},1,"<a href=""/flatknot/8.975677"">8.975677</a>",t^7-28t^5-46t^4+15t^3+32t^2+4t-2,0,,
8.975678,O1O2O3U4O5O4U6U2O6U7U5O8U3U1O7U8,4,19z^2+96z+117,19w^3z^2+96w^2z+117w,False,False,"[[ 0  0 -1  1  1  1 -1 -2  1],[ 0  0 -1  1  1  0 -1 -2  1],[ 1  1  0  1  1 -1  1 -1  1],[-1 -1 -1  0  0 -1 -1 -2  0],[-1 -1 -1  0  0  1 -2 -2  1],[-1  0  1  1 -1  0 -1 -1 -1],[ 1  1 -1  1  2  1  0 -1  1],[ 2  2  1  2  2  1  1  0  1],[-1 -1 -1  0 -1  1 -1 -1  0]]","[[ 0  1  1  1  1  0 -1 -1 -2],[-1  0  1  1  0 -1 -1 -2 -2],[-1 -1  0  1  0 -1 -1 -1 -1],[-1 -1 -1  0  1  0  1 -1 -1],[-1  0  0 -1  0 -1 -1 -1 -2],[ 0  1  1  0  1  0 -1 -1 -2],[ 1  1  1 -1  1  1  0  1 -1],[ 1  2  1  1  1  1 -1  0 -1],[ 2  2  1  1  2  2  1  1  0]]",True,"[-1,-1,-1,-1,0,1,1,2,-1,-1,0,1,1,2,2,-1,0,1,1,1,1,-1,0,-1,1,1,1,1,1,2,1,1,2,-1,1,1]","[-2,-1,-1,0,1,1,1,1,0,0,0,1,1,2,2,-1,0,1,1,1,3,0,0,1,1,1,0,0,0,1,0,-1,-1,0,1,-1]",t^8+37t^6+214t^4+147t^2+9,"[-2,-1,-1,0,1,1,1,1,0,0,0,1,1,2,2,-1,0,1,1,1,3,0,0,1,1,1,0,0,0,1,0,-1,-1,0,1,-1]","[-1,-1,-1,-1,0,1,1,2,-1,-1,1,1,1,3,2,-1,0,0,1,1,2,0,0,0,1,1,0,1,1,1,0,0,0,-1,0,0]","[-2,-1,-1,0,1,1,1,1,1,1,2,1,1,2,2,-1,1,1,1,1,2,1,-1,1,1,1,0,1,1,1,-1,1,-1,0,-1,0]",c,"[[{8, 1}, {2, 7}, {3, 6}, {4, 5}], [{8, 1}, {2, 7}, {4, 6}, {3, 5}], [{8, 1}, {2, 7}, {5, 6}, {3, 4}], [{8, 1}, {2, 7}, {6}, {4, 5}, {3}], [{8, 1}, {3, 7}, {2, 6}, {4, 5}], [{8, 1}, {3, 7}, {4, 6}, {2, 5}], [{8, 1}, {3, 7}, {4, 6}, {5}, {2}], [{8, 1}, {3, 7}, {5, 6}, {2, 4}], [{8, 1}, {3, 7}, {6}, {2, 5}, {4}], [{8, 1}, {4, 7}, {2, 6}, {3, 5}], [{8, 1}, {4, 7}, {3, 6}, {2, 5}], [{8, 1}, {4, 7}, {5, 6}, {2, 3}], [{8, 1}, {4, 7}, {6}, {2, 5}, {3}], [{8, 1}, {4, 7}, {6}, {3, 5}, {2}], [{8, 1}, {4, 7}, {6}, {5}, {2, 3}], [{8, 1}, {5, 7}, {2, 6}, {3, 4}], [{8, 1}, {5, 7}, {3, 6}, {2, 4}], [{8, 1}, {5, 7}, {4, 6}, {2, 3}], [{8, 1}, {6, 7}, {2, 5}, {3, 4}], [{8, 1}, {6, 7}, {3, 5}, {2, 4}], [{8, 1}, {6, 7}, {4, 5}, {2, 3}], [{8, 1}, {7}, {2, 6}, {5}, {3, 4}], [{8, 1}, {7}, {5, 6}, {3, 4}, {2}], [{8, 1}, {7}, {6}, {2, 5}, {3, 4}], [{8, 2}, {1, 7}, {3, 6}, {4, 5}], [{8, 2}, {1, 7}, {4, 6}, {3, 5}], [{8, 2}, {1, 7}, {5, 6}, {3, 4}], [{8, 2}, {3, 7}, {1, 6}, {4, 5}], [{8, 2}, {3, 7}, {4, 6}, {1, 5}], [{8, 2}, {3, 7}, {4, 6}, {5}, {1}], [{8, 2}, {3, 7}, {5, 6}, {1, 4}], [{8, 2}, {3, 7}, {6}, {1, 5}, {4}], [{8, 2}, {4, 7}, {1, 6}, {3, 5}], [{8, 2}, {4, 7}, {3, 6}, {1, 5}], [{8, 2}, {4, 7}, {5, 6}, {1, 3}], [{8, 2}, {5, 7}, {1, 6}, {3, 4}], [{8, 2}, {5, 7}, {3, 6}, {1, 4}], [{8, 2}, {5, 7}, {4, 6}, {1, 3}], [{8, 2}, {5, 7}, {4, 6}, {3}, {1}], [{8, 2}, {6, 7}, {1, 5}, {3, 4}], [{8, 2}, {6, 7}, {3, 5}, {1, 4}], [{8, 2}, {6, 7}, {4, 5}, {1, 3}], [{8, 2}, {7}, {4, 6}, {3, 5}, {1}], [{8, 3}, {1, 7}, {2, 6}, {4, 5}], [{8, 3}, {1, 7}, {4, 6}, {2, 5}], [{8, 3}, {1, 7}, {5, 6}, {2, 4}], [{8, 3}, {1, 7}, {5, 6}, {4}, {2}], [{8, 3}, {1, 7}, {6}, {5}, {2, 4}], [{8, 3}, {2, 7}, {1, 6}, {4, 5}], [{8, 3}, {2, 7}, {4, 6}, {1, 5}], [{8, 3}, {2, 7}, {5, 6}, {1, 4}], [{8, 3}, {4, 7}, {1, 6}, {2, 5}], [{8, 3}, {4, 7}, {2, 6}, {1, 5}], [{8, 3}, {4, 7}, {5, 6}, {1, 2}], [{8, 3}, {4, 7}, {6}, {1, 5}, {2}], [{8, 3}, {4, 7}, {6}, {2, 5}, {1}], [{8, 3}, {4, 7}, {6}, {5}, {1, 2}], [{8, 3}, {5, 7}, {1, 6}, {2, 4}], [{8, 3}, {5, 7}, {2, 6}, {1, 4}], [{8, 3}, {5, 7}, {2, 6}, {4}, {1}], [{8, 3}, {5, 7}, {4, 6}, {1, 2}], [{8, 3}, {6, 7}, {1, 5}, {2, 4}], [{8, 3}, {6, 7}, {1, 5}, {4}, {2}], [{8, 3}, {6, 7}, {2, 5}, {1, 4}], [{8, 3}, {6, 7}, {2, 5}, {4}, {1}], [{8, 3}, {6, 7}, {4, 5}, {1, 2}], [{8, 3}, {6, 7}, {5}, {4}, {1, 2}], [{8, 3}, {7}, {1, 6}, {4, 5}, {2}], [{8, 3}, {7}, {4, 6}, {1, 5}, {2}], [{8, 3}, {7}, {4, 6}, {2, 5}, {1}], [{8, 3}, {7}, {4, 6}, {5}, {1, 2}], [{8, 3}, {7}, {5, 6}, {2, 4}, {1}], [{8, 4}, {1, 7}, {2, 6}, {3, 5}], [{8, 4}, {1, 7}, {2, 6}, {5}, {3}], [{8, 4}, {1, 7}, {3, 6}, {2, 5}], [{8, 4}, {1, 7}, {5, 6}, {2, 3}], [{8, 4}, {1, 7}, {6}, {3, 5}, {2}], [{8, 4}, {2, 7}, {1, 6}, {3, 5}], [{8, 4}, {2, 7}, {1, 6}, {5}, {3}], [{8, 4}, {2, 7}, {3, 6}, {1, 5}], [{8, 4}, {2, 7}, {5, 6}, {1, 3}], [{8, 4}, {2, 7}, {6}, {3, 5}, {1}], [{8, 4}, {3, 7}, {1, 6}, {2, 5}], [{8, 4}, {3, 7}, {2, 6}, {1, 5}], [{8, 4}, {3, 7}, {5, 6}, {1, 2}], [{8, 4}, {3, 7}, {6}, {1, 5}, {2}], [{8, 4}, {3, 7}, {6}, {2, 5}, {1}], [{8, 4}, {3, 7}, {6}, {5}, {1, 2}], [{8, 4}, {5, 7}, {1, 6}, {2, 3}], [{8, 4}, {5, 7}, {2, 6}, {1, 3}], [{8, 4}, {5, 7}, {3, 6}, {1, 2}], [{8, 4}, {5, 7}, {6}, {3}, {1, 2}], [{8, 4}, {6, 7}, {1, 5}, {2, 3}], [{8, 4}, {6, 7}, {1, 5}, {3}, {2}], [{8, 4}, {6, 7}, {2, 5}, {1, 3}], [{8, 4}, {6, 7}, {2, 5}, {3}, {1}], [{8, 4}, {6, 7}, {3, 5}, {1, 2}], [{8, 4}, {6, 7}, {3, 5}, {2}, {1}], [{8, 4}, {6, 7}, {5}, {1, 3}, {2}], [{8, 4}, {6, 7}, {5}, {2, 3}, {1}], [{8, 4}, {6, 7}, {5}, {3}, {1, 2}], [{8, 4}, {6, 7}, {5}, {3}, {2}, {1}], [{8, 4}, {7}, {1, 6}, {3, 5}, {2}], [{8, 4}, {7}, {2, 6}, {3, 5}, {1}], [{8, 4}, {7}, {3, 6}, {1, 5}, {2}], [{8, 4}, {7}, {3, 6}, {2, 5}, {1}], [{8, 4}, {7}, {3, 6}, {5}, {1, 2}], [{8, 4}, {7}, {5, 6}, {3}, {1, 2}], [{8, 4}, {7}, {6}, {3, 5}, {1, 2}], [{8, 4}, {7}, {6}, {5}, {3}, {1, 2}], [{8, 5}, {1, 7}, {2, 6}, {3, 4}], [{8, 5}, {1, 7}, {3, 6}, {2, 4}], [{8, 5}, {1, 7}, {4, 6}, {2, 3}], [{8, 5}, {1, 7}, {4, 6}, {3}, {2}], [{8, 5}, {2, 7}, {1, 6}, {3, 4}], [{8, 5}, {2, 7}, {3, 6}, {1, 4}], [{8, 5}, {2, 7}, {4, 6}, {1, 3}], [{8, 5}, {3, 7}, {1, 6}, {2, 4}], [{8, 5}, {3, 7}, {2, 6}, {1, 4}], [{8, 5}, {3, 7}, {4, 6}, {1, 2}], [{8, 5}, {3, 7}, {4, 6}, {2}, {1}], [{8, 5}, {3, 7}, {6}, {4}, {1, 2}], [{8, 5}, {4, 7}, {1, 6}, {2, 3}], [{8, 5}, {4, 7}, {2, 6}, {1, 3}], [{8, 5}, {4, 7}, {3, 6}, {1, 2}], [{8, 5}, {6, 7}, {1, 4}, {2, 3}], [{8, 5}, {6, 7}, {2, 4}, {1, 3}], [{8, 5}, {6, 7}, {3, 4}, {1, 2}], [{8, 5}, {6, 7}, {4}, {2, 3}, {1}], [{8, 5}, {7}, {2, 6}, {1, 4}, {3}], [{8, 5}, {7}, {3, 6}, {2, 4}, {1}], [{8, 5}, {7}, {4, 6}, {1, 3}, {2}], [{8, 6}, {1, 7}, {2, 5}, {3, 4}], [{8, 6}, {1, 7}, {2, 5}, {4}, {3}], [{8, 6}, {1, 7}, {3, 5}, {2, 4}], [{8, 6}, {1, 7}, {4, 5}, {2, 3}], [{8, 6}, {2, 7}, {1, 5}, {3, 4}], [{8, 6}, {2, 7}, {3, 5}, {1, 4}], [{8, 6}, {2, 7}, {4, 5}, {1, 3}], [{8, 6}, {3, 7}, {1, 5}, {2, 4}], [{8, 6}, {3, 7}, {1, 5}, {4}, {2}], [{8, 6}, {3, 7}, {2, 5}, {1, 4}], [{8, 6}, {3, 7}, {2, 5}, {4}, {1}], [{8, 6}, {3, 7}, {4, 5}, {1, 2}], [{8, 6}, {3, 7}, {5}, {4}, {1, 2}], [{8, 6}, {4, 7}, {1, 5}, {2, 3}], [{8, 6}, {4, 7}, {1, 5}, {3}, {2}], [{8, 6}, {4, 7}, {2, 5}, {1, 3}], [{8, 6}, {4, 7}, {2, 5}, {3}, {1}], [{8, 6}, {4, 7}, {3, 5}, {1, 2}], [{8, 6}, {4, 7}, {5}, {3}, {1, 2}], [{8, 6}, {5, 7}, {1, 4}, {2, 3}], [{8, 6}, {5, 7}, {2, 4}, {1, 3}], [{8, 6}, {5, 7}, {3, 4}, {1, 2}], [{8, 6}, {7}, {1, 5}, {3, 4}, {2}], [{8, 6}, {7}, {2, 5}, {1, 4}, {3}], [{8, 6}, {7}, {2, 5}, {3, 4}, {1}], [{8, 6}, {7}, {2, 5}, {4}, {1, 3}], [{8, 6}, {7}, {2, 5}, {4}, {3}, {1}], [{8, 6}, {7}, {3, 5}, {1, 4}, {2}], [{8, 6}, {7}, {5}, {1, 4}, {2, 3}], [{8, 6}, {7}, {5}, {3, 4}, {1, 2}], [{8, 7}, {1, 6}, {2, 5}, {3, 4}], [{8, 7}, {1, 6}, {3, 5}, {2, 4}], [{8, 7}, {1, 6}, {4, 5}, {2, 3}], [{8, 7}, {1, 6}, {4, 5}, {3}, {2}], [{8, 7}, {2, 6}, {1, 5}, {3, 4}], [{8, 7}, {2, 6}, {3, 5}, {1, 4}], [{8, 7}, {2, 6}, {4, 5}, {1, 3}], [{8, 7}, {3, 6}, {1, 5}, {2, 4}], [{8, 7}, {3, 6}, {1, 5}, {4}, {2}], [{8, 7}, {3, 6}, {2, 5}, {1, 4}], [{8, 7}, {3, 6}, {2, 5}, {4}, {1}], [{8, 7}, {3, 6}, {4, 5}, {1, 2}], [{8, 7}, {3, 6}, {4, 5}, {2}, {1}], [{8, 7}, {3, 6}, {5}, {1, 4}, {2}], [{8, 7}, {3, 6}, {5}, {2, 4}, {1}], [{8, 7}, {3, 6}, {5}, {4}, {1, 2}], [{8, 7}, {3, 6}, {5}, {4}, {2}, {1}], [{8, 7}, {4, 6}, {1, 5}, {2, 3}], [{8, 7}, {4, 6}, {1, 5}, {3}, {2}], [{8, 7}, {4, 6}, {2, 5}, {1, 3}], [{8, 7}, {4, 6}, {2, 5}, {3}, {1}], [{8, 7}, {4, 6}, {3, 5}, {1, 2}], [{8, 7}, {4, 6}, {5}, {3}, {1, 2}], [{8, 7}, {5, 6}, {1, 4}, {2, 3}], [{8, 7}, {5, 6}, {2, 4}, {1, 3}], [{8, 7}, {5, 6}, {2, 4}, {3}, {1}], [{8, 7}, {5, 6}, {3, 4}, {1, 2}], [{8, 7}, {6}, {1, 5}, {3, 4}, {2}], [{8, 7}, {6}, {2, 5}, {3, 4}, {1}], [{8, 7}, {6}, {3, 5}, {2, 4}, {1}], [{8, 7}, {6}, {4, 5}, {1, 3}, {2}], [{8, 7}, {6}, {5}, {3, 4}, {1, 2}], [{8}, {1, 7}, {6}, {2, 5}, {3, 4}], [{8}, {3, 7}, {1, 6}, {2, 5}, {4}], [{8}, {3, 7}, {1, 6}, {4, 5}, {2}], [{8}, {3, 7}, {1, 6}, {5}, {2, 4}], [{8}, {3, 7}, {2, 6}, {1, 5}, {4}], [{8}, {3, 7}, {2, 6}, {4, 5}, {1}], [{8}, {3, 7}, {2, 6}, {5}, {1, 4}], [{8}, {3, 7}, {4, 6}, {1, 5}, {2}], [{8}, {3, 7}, {4, 6}, {2, 5}, {1}], [{8}, {3, 7}, {4, 6}, {5}, {1, 2}], [{8}, {3, 7}, {4, 6}, {5}, {2}, {1}], [{8}, {3, 7}, {5, 6}, {1, 4}, {2}], [{8}, {3, 7}, {5, 6}, {2, 4}, {1}], [{8}, {3, 7}, {5, 6}, {4}, {1, 2}], [{8}, {3, 7}, {6}, {1, 5}, {2, 4}], [{8}, {3, 7}, {6}, {1, 5}, {4}, {2}], [{8}, {3, 7}, {6}, {2, 5}, {1, 4}], [{8}, {3, 7}, {6}, {2, 5}, {4}, {1}], [{8}, {3, 7}, {6}, {4, 5}, {1, 2}], [{8}, {3, 7}, {6}, {5}, {4}, {1, 2}], [{8}, {4, 7}, {1, 6}, {2, 5}, {3}], [{8}, {4, 7}, {3, 6}, {1, 5}, {2}], [{8}, {4, 7}, {3, 6}, {2, 5}, {1}], [{8}, {4, 7}, {3, 6}, {5}, {1, 2}], [{8}, {4, 7}, {6}, {2, 5}, {1, 3}], [{8}, {4, 7}, {6}, {2, 5}, {3}, {1}], [{8}, {5, 7}, {1, 6}, {4}, {2, 3}], [{8}, {5, 7}, {3, 6}, {2, 4}, {1}], [{8}, {6, 7}, {1, 5}, {3, 4}, {2}], [{8}, {6, 7}, {2, 5}, {3, 4}, {1}], [{8}, {6, 7}, {4, 5}, {2, 3}, {1}], [{8}, {6, 7}, {5}, {3, 4}, {1, 2}], [{8}, {7}, {1, 6}, {2, 5}, {3, 4}], [{8}, {7}, {6}, {2, 5}, {3, 4}, {1}]]",2,4 K_1^3 - 18 K_1^2 - 4 K_1 K_2 - K_1 + 9 K_2 + K_3 + 10,O1O2O3U4O5U3U1O4U6U5O7U2U7O8O6U8,O1O2U1O3O4U5O6O7U3O5U7U2U6O8U4U8,O1O2U3O4O5U6O7O6U8U4O8U2U7U1O3U5,c,{'O1O2O3U4O5O4U6U2O6U7U5O8U3U1O7U8'},1,"<a href=""/flatknot/8.975678"">8.975678</a>",t^9-39t^7-124t^6-115t^5-16t^4-6t^3-2t^2+26t+12,t^2-2t,,
8.975679,O1O2O3U4O5O4U6U3O6U7U1O7U8U2O8U5,4,13z^2+98z+145,13w^3z^2+98w^2z+145w,False,False,"[[ 0 -1  1  0  1  2 -1 -1 -1],[ 1  0  0  1  1  1  0  1  0],[-1  0  0  1 -1  0 -2 -1 -1],[ 0 -1 -1  0  0 -1  0  0  0],[-1 -1  1  0  0  2 -2 -2 -2],[-2 -1  0  1 -2  0 -2 -2 -2],[ 1  0  2  0  2  2  0  0  0],[ 1 -1  1  0  2  2  0  0  0],[ 1  0  1  0  2  2  0  0  0]]","[[ 0  2  1  1  0 -1 -1 -1 -1],[-2  0  0 -2  1 -1 -2 -2 -2],[-1  0  0 -1  1  0 -1 -1 -2],[-1  2  1  0  0 -1 -2 -2 -2],[ 0 -1 -1  0  0 -1  0  0  0],[ 1  1  0  1  1  0  1  0  0],[ 1  2  1  2  0 -1  0  0  0],[ 1  2  1  2  0  0  0  0  0],[ 1  2  2  2  0  0  0  0  0]]",True,"[-2,-1,-1,0,1,1,1,1,0,2,-1,1,2,2,2,1,-1,0,1,1,2,0,1,2,2,2,1,0,0,0,-1,0,0,0,0,0]","[-2,-1,-1,0,1,1,1,1,-1,1,3,1,1,1,2,1,1,0,0,0,1,2,0,1,1,2,1,1,1,0,0,0,0,0,-1,0]",t^8+41t^6+136t^4+66t^2+4,"[-1,-1,-1,-1,0,1,1,2,-1,0,0,0,1,2,2,0,0,1,0,1,1,0,1,0,0,1,1,0,1,1,1,2,3,-1,-1,1]","[-2,-1,-1,0,1,1,1,1,-1,1,3,1,1,1,2,1,1,0,0,0,1,2,0,1,1,2,1,1,1,0,0,0,0,0,-1,0]","[-1,-1,-1,-1,0,1,1,2,-1,0,0,0,1,2,2,0,0,1,0,1,1,0,0,1,2,2,0,2,2,2,-1,0,-1,-1,0,2]",c,"[[{8, 3}, {2, 7}, {5, 6}, {1, 4}], [{8, 3}, {4, 7}, {5, 6}, {1, 2}], [{8, 5}, {2, 7}, {3, 6}, {1, 4}], [{8, 5}, {4, 7}, {3, 6}, {1, 2}], [{8, 6}, {2, 7}, {3, 5}, {1, 4}], [{8, 6}, {4, 7}, {3, 5}, {1, 2}]]",1,- 18 K_1^2 - 8 K_1 K_2 + 4 K_1 + 9 K_2 + 4 K_3 + 10,O1O2O3U4O5U2U5O6U3U6O7U1U7O8O4U8,O1O2U1O3O4U3O5O6U5O7U4U6U2O8U7U8,O1O2U3O4O3U5O6O5U7U8O7U6U1U4O8U2,c,{'O1O2O3U4O5O4U6U3O6U7U1O7U8U2O8U5'},1,"<a href=""/flatknot/8.975679"">8.975679</a>",t^9-39t^7-70t^6+107t^5+158t^4-80t^3-62t^2+10t,-t^2+2t,,
8.975680,O1O2O3U4O5O4U6U3O6U7U1O7U8U5O8U2,4,4z^3+42z^2+113z+91,4w^4z^3-4w^4z^2+46w^3z^2+113w^2z+91w,False,False,"[[ 0 -1  1  0  1  2 -1 -1 -1],[ 1  0  1  1  1  0  0  1  0],[-1 -1  0  0  0  1 -2 -1 -2],[ 0 -1  0  0  0 -1  0  0 -1],[-1 -1  0  0  0  2 -2 -2 -1],[-2  0 -1  1 -2  0 -2 -2 -2],[ 1  0  2  0  2  2  0  0  0],[ 1 -1  1  0  2  2  0  0  0],[ 1  0  2  1  1  2  0  0  0]]","[[ 0  2  1  1  0 -1 -1 -1 -1],[-2  0 -1 -2  1  0 -2 -2 -2],[-1  1  0  0  0 -1 -1 -2 -2],[-1  2  0  0  0 -1 -2 -1 -2],[ 0 -1  0  0  0 -1  0 -1  0],[ 1  0  1  1  1  0  1  0  0],[ 1  2  1  2  0 -1  0  0  0],[ 1  2  2  1  1  0  0  0  0],[ 1  2  2  2  0  0  0  0  0]]",True,"[-2,-1,-1,0,1,1,1,1,1,2,-1,0,2,2,2,0,0,1,1,2,2,0,1,2,1,2,1,0,1,0,-1,0,0,0,0,0]","[-2,-1,-1,0,1,1,1,1,-1,0,3,1,1,1,3,0,1,0,0,1,1,1,0,1,0,1,1,1,0,0,0,0,0,0,-1,0]",t^8+41t^6+184t^4+126t^2+16,"[-1,-1,-1,-1,0,1,1,2,-1,0,0,0,1,1,3,0,0,1,0,1,1,0,0,1,0,1,1,0,0,1,1,1,3,0,-1,0]","[-2,-1,-1,0,1,1,1,1,-1,0,3,1,1,1,3,0,1,0,0,1,1,1,0,1,0,1,1,1,0,0,0,0,0,0,-1,0]","[-1,-1,-1,-1,0,1,1,2,-1,0,0,0,1,2,2,0,0,1,1,1,0,0,0,2,2,2,1,2,1,2,0,0,-1,0,1,2]",c,"[[{8, 1}, {2, 7}, {3, 6}, {4, 5}], [{8, 1}, {2, 7}, {3, 6}, {5}, {4}], [{8, 1}, {2, 7}, {4, 6}, {3, 5}], [{8, 1}, {2, 7}, {4, 6}, {5}, {3}], [{8, 1}, {2, 7}, {5, 6}, {3, 4}], [{8, 1}, {2, 7}, {6}, {5}, {3, 4}], [{8, 1}, {3, 7}, {2, 6}, {4, 5}], [{8, 1}, {3, 7}, {4, 6}, {2, 5}], [{8, 1}, {3, 7}, {4, 6}, {5}, {2}], [{8, 1}, {3, 7}, {5, 6}, {2, 4}], [{8, 1}, {3, 7}, {5, 6}, {4}, {2}], [{8, 1}, {3, 7}, {6}, {4, 5}, {2}], [{8, 1}, {4, 7}, {2, 6}, {3, 5}], [{8, 1}, {4, 7}, {3, 6}, {2, 5}], [{8, 1}, {4, 7}, {5, 6}, {2, 3}], [{8, 1}, {5, 7}, {2, 6}, {3, 4}], [{8, 1}, {5, 7}, {3, 6}, {2, 4}], [{8, 1}, {5, 7}, {4, 6}, {2, 3}], [{8, 1}, {6, 7}, {2, 5}, {3, 4}], [{8, 1}, {6, 7}, {3, 5}, {2, 4}], [{8, 1}, {6, 7}, {4, 5}, {2, 3}], [{8, 1}, {7}, {4, 6}, {5}, {2, 3}], [{8, 2}, {1, 7}, {3, 6}, {4, 5}], [{8, 2}, {1, 7}, {3, 6}, {5}, {4}], [{8, 2}, {1, 7}, {4, 6}, {3, 5}], [{8, 2}, {1, 7}, {5, 6}, {3, 4}], [{8, 2}, {3, 7}, {1, 6}, {4, 5}], [{8, 2}, {3, 7}, {4, 6}, {1, 5}], [{8, 2}, {3, 7}, {4, 6}, {5}, {1}], [{8, 2}, {3, 7}, {5, 6}, {1, 4}], [{8, 2}, {4, 7}, {1, 6}, {3, 5}], [{8, 2}, {4, 7}, {1, 6}, {5}, {3}], [{8, 2}, {4, 7}, {3, 6}, {1, 5}], [{8, 2}, {4, 7}, {3, 6}, {5}, {1}], [{8, 2}, {4, 7}, {5, 6}, {1, 3}], [{8, 2}, {4, 7}, {5, 6}, {3}, {1}], [{8, 2}, {4, 7}, {6}, {1, 5}, {3}], [{8, 2}, {4, 7}, {6}, {3, 5}, {1}], [{8, 2}, {4, 7}, {6}, {5}, {1, 3}], [{8, 2}, {4, 7}, {6}, {5}, {3}, {1}], [{8, 2}, {5, 7}, {1, 6}, {3, 4}], [{8, 2}, {5, 7}, {3, 6}, {1, 4}], [{8, 2}, {5, 7}, {3, 6}, {4}, {1}], [{8, 2}, {5, 7}, {4, 6}, {1, 3}], [{8, 2}, {6, 7}, {1, 5}, {3, 4}], [{8, 2}, {6, 7}, {3, 5}, {1, 4}], [{8, 2}, {6, 7}, {4, 5}, {1, 3}], [{8, 2}, {6, 7}, {5}, {3, 4}, {1}], [{8, 2}, {7}, {1, 6}, {3, 5}, {4}], [{8, 2}, {7}, {3, 6}, {1, 5}, {4}], [{8, 2}, {7}, {3, 6}, {4, 5}, {1}], [{8, 2}, {7}, {3, 6}, {5}, {1, 4}], [{8, 2}, {7}, {3, 6}, {5}, {4}, {1}], [{8, 2}, {7}, {5, 6}, {4}, {1, 3}], [{8, 3}, {1, 7}, {2, 6}, {4, 5}], [{8, 3}, {1, 7}, {2, 6}, {5}, {4}], [{8, 3}, {1, 7}, {4, 6}, {2, 5}], [{8, 3}, {1, 7}, {5, 6}, {2, 4}], [{8, 3}, {2, 7}, {1, 6}, {4, 5}], [{8, 3}, {2, 7}, {4, 6}, {1, 5}], [{8, 3}, {2, 7}, {4, 6}, {5}, {1}], [{8, 3}, {2, 7}, {5, 6}, {1, 4}], [{8, 3}, {4, 7}, {1, 6}, {2, 5}], [{8, 3}, {4, 7}, {2, 6}, {1, 5}], [{8, 3}, {4, 7}, {2, 6}, {5}, {1}], [{8, 3}, {4, 7}, {5, 6}, {1, 2}], [{8, 3}, {5, 7}, {1, 6}, {2, 4}], [{8, 3}, {5, 7}, {1, 6}, {4}, {2}], [{8, 3}, {5, 7}, {2, 6}, {1, 4}], [{8, 3}, {5, 7}, {2, 6}, {4}, {1}], [{8, 3}, {5, 7}, {4, 6}, {1, 2}], [{8, 3}, {5, 7}, {6}, {4}, {1, 2}], [{8, 3}, {6, 7}, {1, 5}, {2, 4}], [{8, 3}, {6, 7}, {2, 5}, {1, 4}], [{8, 3}, {6, 7}, {4, 5}, {1, 2}], [{8, 3}, {6, 7}, {5}, {2, 4}, {1}], [{8, 3}, {7}, {2, 6}, {1, 5}, {4}], [{8, 3}, {7}, {2, 6}, {4, 5}, {1}], [{8, 3}, {7}, {2, 6}, {5}, {1, 4}], [{8, 3}, {7}, {2, 6}, {5}, {4}, {1}], [{8, 4}, {1, 7}, {2, 6}, {3, 5}], [{8, 4}, {1, 7}, {3, 6}, {2, 5}], [{8, 4}, {1, 7}, {5, 6}, {2, 3}], [{8, 4}, {1, 7}, {6}, {5}, {2, 3}], [{8, 4}, {2, 7}, {1, 6}, {3, 5}], [{8, 4}, {2, 7}, {3, 6}, {1, 5}], [{8, 4}, {2, 7}, {3, 6}, {5}, {1}], [{8, 4}, {2, 7}, {5, 6}, {1, 3}], [{8, 4}, {3, 7}, {1, 6}, {2, 5}], [{8, 4}, {3, 7}, {2, 6}, {1, 5}], [{8, 4}, {3, 7}, {2, 6}, {5}, {1}], [{8, 4}, {3, 7}, {5, 6}, {1, 2}], [{8, 4}, {5, 7}, {1, 6}, {2, 3}], [{8, 4}, {5, 7}, {2, 6}, {1, 3}], [{8, 4}, {5, 7}, {3, 6}, {1, 2}], [{8, 4}, {5, 7}, {6}, {1, 3}, {2}], [{8, 4}, {5, 7}, {6}, {2, 3}, {1}], [{8, 4}, {5, 7}, {6}, {3}, {1, 2}], [{8, 4}, {6, 7}, {1, 5}, {2, 3}], [{8, 4}, {6, 7}, {1, 5}, {3}, {2}], [{8, 4}, {6, 7}, {2, 5}, {1, 3}], [{8, 4}, {6, 7}, {2, 5}, {3}, {1}], [{8, 4}, {6, 7}, {3, 5}, {1, 2}], [{8, 4}, {6, 7}, {3, 5}, {2}, {1}], [{8, 4}, {6, 7}, {5}, {1, 3}, {2}], [{8, 4}, {6, 7}, {5}, {2, 3}, {1}], [{8, 4}, {6, 7}, {5}, {3}, {1, 2}], [{8, 4}, {6, 7}, {5}, {3}, {2}, {1}], [{8, 4}, {7}, {1, 6}, {5}, {2, 3}], [{8, 4}, {7}, {5, 6}, {1, 3}, {2}], [{8, 4}, {7}, {5, 6}, {2, 3}, {1}], [{8, 4}, {7}, {5, 6}, {3}, {1, 2}], [{8, 4}, {7}, {6}, {1, 5}, {2, 3}], [{8, 4}, {7}, {6}, {5}, {2, 3}, {1}], [{8, 5}, {1, 7}, {2, 6}, {3, 4}], [{8, 5}, {1, 7}, {3, 6}, {2, 4}], [{8, 5}, {1, 7}, {4, 6}, {2, 3}], [{8, 5}, {2, 7}, {1, 6}, {3, 4}], [{8, 5}, {2, 7}, {3, 6}, {1, 4}], [{8, 5}, {2, 7}, {3, 6}, {4}, {1}], [{8, 5}, {2, 7}, {4, 6}, {1, 3}], [{8, 5}, {2, 7}, {4, 6}, {3}, {1}], [{8, 5}, {2, 7}, {6}, {3, 4}, {1}], [{8, 5}, {3, 7}, {1, 6}, {2, 4}], [{8, 5}, {3, 7}, {2, 6}, {1, 4}], [{8, 5}, {3, 7}, {4, 6}, {1, 2}], [{8, 5}, {3, 7}, {4, 6}, {2}, {1}], [{8, 5}, {4, 7}, {1, 6}, {2, 3}], [{8, 5}, {4, 7}, {2, 6}, {1, 3}], [{8, 5}, {4, 7}, {3, 6}, {1, 2}], [{8, 5}, {6, 7}, {1, 4}, {2, 3}], [{8, 5}, {6, 7}, {2, 4}, {1, 3}], [{8, 5}, {6, 7}, {3, 4}, {1, 2}], [{8, 5}, {7}, {3, 6}, {1, 4}, {2}], [{8, 5}, {7}, {4, 6}, {2, 3}, {1}], [{8, 6}, {1, 7}, {2, 5}, {3, 4}], [{8, 6}, {1, 7}, {3, 5}, {2, 4}], [{8, 6}, {1, 7}, {4, 5}, {2, 3}], [{8, 6}, {1, 7}, {5}, {4}, {2, 3}], [{8, 6}, {2, 7}, {1, 5}, {3, 4}], [{8, 6}, {2, 7}, {3, 5}, {1, 4}], [{8, 6}, {2, 7}, {4, 5}, {1, 3}], [{8, 6}, {2, 7}, {5}, {3, 4}, {1}], [{8, 6}, {3, 7}, {1, 5}, {2, 4}], [{8, 6}, {3, 7}, {2, 5}, {1, 4}], [{8, 6}, {3, 7}, {4, 5}, {1, 2}], [{8, 6}, {3, 7}, {5}, {2, 4}, {1}], [{8, 6}, {4, 7}, {1, 5}, {2, 3}], [{8, 6}, {4, 7}, {2, 5}, {1, 3}], [{8, 6}, {4, 7}, {3, 5}, {1, 2}], [{8, 6}, {4, 7}, {5}, {2, 3}, {1}], [{8, 6}, {5, 7}, {1, 4}, {2, 3}], [{8, 6}, {5, 7}, {2, 4}, {1, 3}], [{8, 6}, {5, 7}, {3, 4}, {1, 2}], [{8, 6}, {5, 7}, {4}, {2, 3}, {1}], [{8, 6}, {7}, {1, 5}, {4}, {2, 3}], [{8, 6}, {7}, {4, 5}, {2, 3}, {1}], [{8, 6}, {7}, {5}, {1, 4}, {2, 3}], [{8, 6}, {7}, {5}, {4}, {2, 3}, {1}], [{8, 7}, {1, 6}, {2, 5}, {3, 4}], [{8, 7}, {1, 6}, {3, 5}, {2, 4}], [{8, 7}, {1, 6}, {4, 5}, {2, 3}], [{8, 7}, {2, 6}, {1, 5}, {3, 4}], [{8, 7}, {2, 6}, {3, 5}, {1, 4}], [{8, 7}, {2, 6}, {4, 5}, {1, 3}], [{8, 7}, {2, 6}, {5}, {3, 4}, {1}], [{8, 7}, {3, 6}, {1, 5}, {2, 4}], [{8, 7}, {3, 6}, {1, 5}, {4}, {2}], [{8, 7}, {3, 6}, {2, 5}, {1, 4}], [{8, 7}, {3, 6}, {2, 5}, {4}, {1}], [{8, 7}, {3, 6}, {4, 5}, {1, 2}], [{8, 7}, {3, 6}, {4, 5}, {2}, {1}], [{8, 7}, {3, 6}, {5}, {1, 4}, {2}], [{8, 7}, {3, 6}, {5}, {2, 4}, {1}], [{8, 7}, {3, 6}, {5}, {4}, {1, 2}], [{8, 7}, {3, 6}, {5}, {4}, {2}, {1}], [{8, 7}, {4, 6}, {1, 5}, {2, 3}], [{8, 7}, {4, 6}, {2, 5}, {1, 3}], [{8, 7}, {4, 6}, {3, 5}, {1, 2}], [{8, 7}, {4, 6}, {5}, {2, 3}, {1}], [{8, 7}, {5, 6}, {1, 4}, {2, 3}], [{8, 7}, {5, 6}, {1, 4}, {3}, {2}], [{8, 7}, {5, 6}, {2, 4}, {1, 3}], [{8, 7}, {5, 6}, {3, 4}, {1, 2}], [{8, 7}, {6}, {3, 5}, {1, 4}, {2}], [{8}, {1, 7}, {4, 6}, {5}, {2, 3}], [{8}, {1, 7}, {6}, {2, 5}, {3, 4}], [{8}, {2, 7}, {1, 6}, {5}, {3, 4}], [{8}, {2, 7}, {3, 6}, {1, 5}, {4}], [{8}, {2, 7}, {3, 6}, {4, 5}, {1}], [{8}, {2, 7}, {3, 6}, {5}, {1, 4}], [{8}, {2, 7}, {3, 6}, {5}, {4}, {1}], [{8}, {2, 7}, {4, 6}, {1, 5}, {3}], [{8}, {2, 7}, {4, 6}, {3, 5}, {1}], [{8}, {2, 7}, {4, 6}, {5}, {1, 3}], [{8}, {2, 7}, {4, 6}, {5}, {3}, {1}], [{8}, {2, 7}, {5, 6}, {3, 4}, {1}], [{8}, {2, 7}, {6}, {1, 5}, {3, 4}], [{8}, {2, 7}, {6}, {5}, {3, 4}, {1}], [{8}, {3, 7}, {4, 6}, {1, 5}, {2}], [{8}, {3, 7}, {4, 6}, {2, 5}, {1}], [{8}, {3, 7}, {4, 6}, {5}, {1, 2}], [{8}, {3, 7}, {4, 6}, {5}, {2}, {1}], [{8}, {5, 7}, {3, 6}, {1, 4}, {2}], [{8}, {5, 7}, {4, 6}, {2, 3}, {1}], [{8}, {5, 7}, {6}, {3, 4}, {1, 2}], [{8}, {6, 7}, {3, 5}, {4}, {1, 2}], [{8}, {7}, {3, 6}, {2, 5}, {1, 4}], [{8}, {7}, {4, 6}, {1, 5}, {2, 3}], [{8}, {7}, {4, 6}, {5}, {2, 3}, {1}], [{8}, {7}, {5, 6}, {2, 4}, {1, 3}]]",2,8 K_1^3 - 6 K_1^2 - 8 K_1 K_2 - 2 K_1 + 3 K_2 + 2 K_3 + 4,O1O2O3U2O4U5U4O6U3U6O7U1U7O8O5U8,O1O2U1O3O4U3O5O6U5O7U4U7U2O8U6U8,O1O2U3O4O3U5O6O5U7U1O7U6U8U4O8U2,c,{'O1O2O3U4O5O4U6U3O6U7U1O7U8U5O8U2'},1,"<a href=""/flatknot/8.975680"">8.975680</a>",t^9-39t^7-60t^6+151t^5+148t^4-193t^3-58t^2+35t+10,-t^2+2t,,
8.975681,O1O2O3U4O5O4U6U3O6U7U2O7U8U1O8U5,4,2z^3+20z^2+99z+135,2w^4z^3+20w^3z^2+99w^2z+135w,False,False,"[[ 0  0  0  0  1  2 -1 -1 -1],[ 0  0  1  1  0  1 -1 -1  0],[ 0 -1  0  1  0  0 -1  0  0],[ 0 -1 -1  0  0 -1  0  0  0],[-1  0  0  0  0  2 -2 -2 -2],[-2 -1  0  1 -2  0 -2 -2 -2],[ 1  1  1  0  2  2  0  0  0],[ 1  1  0  0  2  2  0  0  0],[ 1  0  0  0  2  2  0  0  0]]","[[ 0  2  1  0  0  0 -1 -1 -1],[-2  0 -2  1  0 -1 -2 -2 -2],[-1  2  0  0  0  0 -2 -2 -2],[ 0 -1  0  0 -1 -1  0  0  0],[ 0  0  0  1  0 -1  0  0 -1],[ 0  1  0  1  1  0  0 -1 -1],[ 1  2  2  0  0  0  0  0  0],[ 1  2  2  0  0  1  0  0  0],[ 1  2  2  0  1  1  0  0  0]]",True,"[-2,-1,0,0,0,1,1,1,2,-1,0,1,2,2,2,0,0,0,2,2,2,1,1,0,0,0,1,0,0,1,0,1,1,0,0,0]","[-2,-1,0,0,0,1,1,1,-1,1,2,3,1,1,1,1,1,1,0,0,0,1,1,0,0,1,1,0,1,1,1,1,1,0,0,0]",t^8+36t^6+126t^4+45t^2+4,"[-1,-1,-1,0,0,0,1,2,0,0,0,0,1,0,1,0,0,1,1,0,1,1,1,1,0,1,-1,-1,1,1,-1,1,2,1,3,-1]","[-2,-1,0,0,0,1,1,1,-1,1,2,3,1,1,1,1,1,1,0,0,0,1,1,0,0,1,1,0,1,1,1,1,1,0,0,0]","[-1,-1,-1,0,0,0,1,2,0,0,0,0,0,2,2,0,0,0,1,2,2,0,1,1,2,2,-1,-1,0,-1,-1,0,0,0,1,2]",c,"[[{8, 4}, {3, 7}, {5, 6}, {1, 2}], [{8, 4}, {5, 7}, {3, 6}, {1, 2}], [{8, 4}, {6, 7}, {3, 5}, {1, 2}]]",1,4 K_1^3 - 18 K_1^2 - 8 K_1 K_2 + K_1 + 9 K_2 + 3 K_3 + 10,O1O2O3U4O5U3U5O6U2U6O7U1U7O8O4U8,O1O2U1O3O4U3O5O6U5O7U6U4U2O8U7U8,O1O2U3O4O3U5O6O5U7U8O7U6U4U1O8U2,c,{'O1O2O3U4O5O4U6U3O6U7U2O7U8U1O8U5'},1,"<a href=""/flatknot/8.975681"">8.975681</a>",t^9-34t^7-54t^6+113t^5+230t^4+56t^3-38t^2,-t^2+2t,,
8.975682,O1O2O3U4O5O4U6U3O6U7U8O7U1U2O8U5,4,2z^3+32z^2+111z+111,2w^4z^3+32w^3z^2+111w^2z+111w,False,False,"[[ 0 -1  1  0  1  2 -1 -1 -1],[ 1  0  1  1  1  1  0  1  1],[-1 -1  0  1 -1  0 -2 -1  0],[ 0 -1 -1  0  0 -1  0  0  0],[-1 -1  1  0  0  2 -2 -2 -2],[-2 -1  0  1 -2  0 -2 -3 -1],[ 1  0  2  0  2  2  0  0  0],[ 1 -1  1  0  2  3  0  0 -1],[ 1 -1  0  0  2  1  0  1  0]]","[[ 0  2  1  1  0 -1 -1 -1 -1],[-2  0  0 -2  1 -1 -1 -2 -3],[-1  0  0 -1  1  0 -1 -2 -1],[-1  2  1  0  0 -2 -1 -2 -2],[ 0 -1 -1  0  0  0 -1  0  0],[ 1  1  0  2  0  0 -1  0  1],[ 1  1  1  1  1  1  0  0  1],[ 1  2  2  2  0  0  0  0  0],[ 1  3  1  2  0 -1 -1  0  0]]",True,"[-2,-1,-1,0,1,1,1,1,0,2,-1,1,1,2,3,1,-1,0,1,2,1,0,2,1,2,2,0,1,0,0,1,0,-1,0,-1,0]","[-2,-1,-1,0,1,1,1,1,-1,1,3,0,1,2,2,1,1,0,0,0,1,2,1,0,2,1,1,1,1,0,0,-1,-1,0,0,-1]",t^8+45t^6+230t^4+143t^2+4,"[-1,-1,-1,-1,0,1,1,2,-1,-1,0,0,1,1,2,-1,0,1,0,2,2,0,1,0,1,0,1,0,0,1,1,2,3,-1,-1,1]","[-2,-1,-1,0,1,1,1,1,-1,1,3,0,1,2,2,1,1,0,0,0,1,2,1,0,2,1,1,1,1,0,0,-1,-1,0,0,-1]","[-1,-1,-1,-1,0,1,1,2,-1,-1,0,0,1,2,3,-1,0,0,0,2,1,0,1,1,1,1,0,2,2,2,-1,0,-1,-1,0,2]",c,"[[{8, 1}, {2, 7}, {3, 6}, {4, 5}], [{8, 1}, {2, 7}, {4, 6}, {3, 5}], [{8, 1}, {2, 7}, {5, 6}, {3, 4}], [{8, 1}, {2, 7}, {6}, {4, 5}, {3}], [{8, 1}, {3, 7}, {2, 6}, {4, 5}], [{8, 1}, {3, 7}, {2, 6}, {5}, {4}], [{8, 1}, {3, 7}, {4, 6}, {2, 5}], [{8, 1}, {3, 7}, {5, 6}, {2, 4}], [{8, 1}, {4, 7}, {2, 6}, {3, 5}], [{8, 1}, {4, 7}, {2, 6}, {5}, {3}], [{8, 1}, {4, 7}, {3, 6}, {2, 5}], [{8, 1}, {4, 7}, {5, 6}, {2, 3}], [{8, 1}, {5, 7}, {2, 6}, {3, 4}], [{8, 1}, {5, 7}, {3, 6}, {2, 4}], [{8, 1}, {5, 7}, {3, 6}, {4}, {2}], [{8, 1}, {5, 7}, {4, 6}, {2, 3}], [{8, 1}, {6, 7}, {2, 5}, {3, 4}], [{8, 1}, {6, 7}, {3, 5}, {2, 4}], [{8, 1}, {6, 7}, {4, 5}, {2, 3}], [{8, 1}, {6, 7}, {5}, {2, 4}, {3}], [{8, 1}, {7}, {2, 6}, {5}, {3, 4}], [{8, 1}, {7}, {4, 6}, {5}, {2, 3}], [{8, 2}, {1, 7}, {3, 6}, {4, 5}], [{8, 2}, {1, 7}, {3, 6}, {5}, {4}], [{8, 2}, {1, 7}, {4, 6}, {3, 5}], [{8, 2}, {1, 7}, {5, 6}, {3, 4}], [{8, 2}, {3, 7}, {1, 6}, {4, 5}], [{8, 2}, {3, 7}, {4, 6}, {1, 5}], [{8, 2}, {3, 7}, {4, 6}, {5}, {1}], [{8, 2}, {3, 7}, {5, 6}, {1, 4}], [{8, 2}, {4, 7}, {1, 6}, {3, 5}], [{8, 2}, {4, 7}, {3, 6}, {1, 5}], [{8, 2}, {4, 7}, {5, 6}, {1, 3}], [{8, 2}, {4, 7}, {6}, {3, 5}, {1}], [{8, 2}, {5, 7}, {1, 6}, {3, 4}], [{8, 2}, {5, 7}, {3, 6}, {1, 4}], [{8, 2}, {5, 7}, {4, 6}, {1, 3}], [{8, 2}, {5, 7}, {6}, {1, 4}, {3}], [{8, 2}, {5, 7}, {6}, {3, 4}, {1}], [{8, 2}, {5, 7}, {6}, {4}, {1, 3}], [{8, 2}, {6, 7}, {1, 5}, {3, 4}], [{8, 2}, {6, 7}, {3, 5}, {1, 4}], [{8, 2}, {6, 7}, {4, 5}, {1, 3}], [{8, 2}, {6, 7}, {5}, {1, 4}, {3}], [{8, 2}, {7}, {5, 6}, {1, 4}, {3}], [{8, 3}, {1, 7}, {2, 6}, {4, 5}], [{8, 3}, {1, 7}, {4, 6}, {2, 5}], [{8, 3}, {1, 7}, {5, 6}, {2, 4}], [{8, 3}, {1, 7}, {5, 6}, {4}, {2}], [{8, 3}, {2, 7}, {1, 6}, {4, 5}], [{8, 3}, {2, 7}, {4, 6}, {1, 5}], [{8, 3}, {2, 7}, {5, 6}, {1, 4}], [{8, 3}, {2, 7}, {6}, {4, 5}, {1}], [{8, 3}, {4, 7}, {1, 6}, {2, 5}], [{8, 3}, {4, 7}, {2, 6}, {1, 5}], [{8, 3}, {4, 7}, {5, 6}, {1, 2}], [{8, 3}, {4, 7}, {6}, {2, 5}, {1}], [{8, 3}, {5, 7}, {1, 6}, {2, 4}], [{8, 3}, {5, 7}, {1, 6}, {4}, {2}], [{8, 3}, {5, 7}, {2, 6}, {1, 4}], [{8, 3}, {5, 7}, {4, 6}, {1, 2}], [{8, 3}, {6, 7}, {1, 5}, {2, 4}], [{8, 3}, {6, 7}, {1, 5}, {4}, {2}], [{8, 3}, {6, 7}, {2, 5}, {1, 4}], [{8, 3}, {6, 7}, {2, 5}, {4}, {1}], [{8, 3}, {6, 7}, {4, 5}, {1, 2}], [{8, 3}, {6, 7}, {4, 5}, {2}, {1}], [{8, 3}, {6, 7}, {5}, {1, 4}, {2}], [{8, 3}, {6, 7}, {5}, {2, 4}, {1}], [{8, 3}, {6, 7}, {5}, {4}, {1, 2}], [{8, 3}, {6, 7}, {5}, {4}, {2}, {1}], [{8, 3}, {7}, {2, 6}, {4, 5}, {1}], [{8, 3}, {7}, {4, 6}, {2, 5}, {1}], [{8, 4}, {1, 7}, {2, 6}, {3, 5}], [{8, 4}, {1, 7}, {3, 6}, {2, 5}], [{8, 4}, {1, 7}, {5, 6}, {2, 3}], [{8, 4}, {1, 7}, {5, 6}, {3}, {2}], [{8, 4}, {2, 7}, {1, 6}, {3, 5}], [{8, 4}, {2, 7}, {3, 6}, {1, 5}], [{8, 4}, {2, 7}, {5, 6}, {1, 3}], [{8, 4}, {2, 7}, {6}, {3, 5}, {1}], [{8, 4}, {3, 7}, {1, 6}, {2, 5}], [{8, 4}, {3, 7}, {2, 6}, {1, 5}], [{8, 4}, {3, 7}, {5, 6}, {1, 2}], [{8, 4}, {3, 7}, {5, 6}, {2}, {1}], [{8, 4}, {5, 7}, {1, 6}, {2, 3}], [{8, 4}, {5, 7}, {2, 6}, {1, 3}], [{8, 4}, {5, 7}, {3, 6}, {1, 2}], [{8, 4}, {5, 7}, {6}, {2, 3}, {1}], [{8, 4}, {6, 7}, {1, 5}, {2, 3}], [{8, 4}, {6, 7}, {2, 5}, {1, 3}], [{8, 4}, {6, 7}, {3, 5}, {1, 2}], [{8, 4}, {6, 7}, {3, 5}, {2}, {1}], [{8, 4}, {7}, {2, 6}, {3, 5}, {1}], [{8, 4}, {7}, {3, 6}, {1, 5}, {2}], [{8, 4}, {7}, {5, 6}, {1, 3}, {2}], [{8, 5}, {1, 7}, {2, 6}, {3, 4}], [{8, 5}, {1, 7}, {2, 6}, {4}, {3}], [{8, 5}, {1, 7}, {3, 6}, {2, 4}], [{8, 5}, {1, 7}, {4, 6}, {2, 3}], [{8, 5}, {2, 7}, {1, 6}, {3, 4}], [{8, 5}, {2, 7}, {3, 6}, {1, 4}], [{8, 5}, {2, 7}, {4, 6}, {1, 3}], [{8, 5}, {2, 7}, {6}, {3, 4}, {1}], [{8, 5}, {3, 7}, {1, 6}, {2, 4}], [{8, 5}, {3, 7}, {2, 6}, {1, 4}], [{8, 5}, {3, 7}, {2, 6}, {4}, {1}], [{8, 5}, {3, 7}, {4, 6}, {1, 2}], [{8, 5}, {3, 7}, {6}, {1, 4}, {2}], [{8, 5}, {4, 7}, {1, 6}, {2, 3}], [{8, 5}, {4, 7}, {1, 6}, {3}, {2}], [{8, 5}, {4, 7}, {2, 6}, {1, 3}], [{8, 5}, {4, 7}, {2, 6}, {3}, {1}], [{8, 5}, {4, 7}, {3, 6}, {1, 2}], [{8, 5}, {4, 7}, {3, 6}, {2}, {1}], [{8, 5}, {4, 7}, {6}, {1, 3}, {2}], [{8, 5}, {4, 7}, {6}, {2, 3}, {1}], [{8, 5}, {4, 7}, {6}, {3}, {1, 2}], [{8, 5}, {6, 7}, {1, 4}, {2, 3}], [{8, 5}, {6, 7}, {2, 4}, {1, 3}], [{8, 5}, {6, 7}, {3, 4}, {1, 2}], [{8, 5}, {6, 7}, {3, 4}, {2}, {1}], [{8, 5}, {7}, {1, 6}, {4}, {2, 3}], [{8, 5}, {7}, {2, 6}, {1, 4}, {3}], [{8, 5}, {7}, {2, 6}, {3, 4}, {1}], [{8, 5}, {7}, {2, 6}, {4}, {1, 3}], [{8, 5}, {7}, {2, 6}, {4}, {3}, {1}], [{8, 5}, {7}, {3, 6}, {4}, {1, 2}], [{8, 6}, {1, 7}, {2, 5}, {3, 4}], [{8, 6}, {1, 7}, {3, 5}, {2, 4}], [{8, 6}, {1, 7}, {4, 5}, {2, 3}], [{8, 6}, {2, 7}, {1, 5}, {3, 4}], [{8, 6}, {2, 7}, {3, 5}, {1, 4}], [{8, 6}, {2, 7}, {4, 5}, {1, 3}], [{8, 6}, {2, 7}, {4, 5}, {3}, {1}], [{8, 6}, {3, 7}, {1, 5}, {2, 4}], [{8, 6}, {3, 7}, {2, 5}, {1, 4}], [{8, 6}, {3, 7}, {4, 5}, {1, 2}], [{8, 6}, {3, 7}, {4, 5}, {2}, {1}], [{8, 6}, {4, 7}, {1, 5}, {2, 3}], [{8, 6}, {4, 7}, {2, 5}, {1, 3}], [{8, 6}, {4, 7}, {3, 5}, {1, 2}], [{8, 6}, {4, 7}, {5}, {3}, {1, 2}], [{8, 6}, {5, 7}, {1, 4}, {2, 3}], [{8, 6}, {5, 7}, {1, 4}, {3}, {2}], [{8, 6}, {5, 7}, {2, 4}, {1, 3}], [{8, 6}, {5, 7}, {3, 4}, {1, 2}], [{8, 6}, {5, 7}, {3, 4}, {2}, {1}], [{8, 6}, {5, 7}, {4}, {1, 3}, {2}], [{8, 6}, {7}, {4, 5}, {2, 3}, {1}], [{8, 7}, {1, 6}, {2, 5}, {3, 4}], [{8, 7}, {1, 6}, {3, 5}, {2, 4}], [{8, 7}, {1, 6}, {4, 5}, {2, 3}], [{8, 7}, {2, 6}, {1, 5}, {3, 4}], [{8, 7}, {2, 6}, {3, 5}, {1, 4}], [{8, 7}, {2, 6}, {4, 5}, {1, 3}], [{8, 7}, {2, 6}, {5}, {1, 4}, {3}], [{8, 7}, {2, 6}, {5}, {3, 4}, {1}], [{8, 7}, {2, 6}, {5}, {4}, {1, 3}], [{8, 7}, {3, 6}, {1, 5}, {2, 4}], [{8, 7}, {3, 6}, {2, 5}, {1, 4}], [{8, 7}, {3, 6}, {2, 5}, {4}, {1}], [{8, 7}, {3, 6}, {4, 5}, {1, 2}], [{8, 7}, {4, 6}, {1, 5}, {2, 3}], [{8, 7}, {4, 6}, {2, 5}, {1, 3}], [{8, 7}, {4, 6}, {3, 5}, {1, 2}], [{8, 7}, {4, 6}, {3, 5}, {2}, {1}], [{8, 7}, {5, 6}, {1, 4}, {2, 3}], [{8, 7}, {5, 6}, {2, 4}, {1, 3}], [{8, 7}, {5, 6}, {3, 4}, {1, 2}], [{8, 7}, {5, 6}, {4}, {2, 3}, {1}], [{8, 7}, {6}, {3, 5}, {4}, {1, 2}], [{8}, {1, 7}, {2, 6}, {5}, {3, 4}], [{8}, {1, 7}, {5, 6}, {3, 4}, {2}], [{8}, {1, 7}, {6}, {2, 5}, {3, 4}], [{8}, {2, 7}, {1, 6}, {4, 5}, {3}], [{8}, {2, 7}, {3, 6}, {1, 5}, {4}], [{8}, {2, 7}, {3, 6}, {4, 5}, {1}], [{8}, {2, 7}, {3, 6}, {5}, {1, 4}], [{8}, {2, 7}, {4, 6}, {5}, {1, 3}], [{8}, {2, 7}, {5, 6}, {4}, {1, 3}], [{8}, {2, 7}, {6}, {4, 5}, {1, 3}], [{8}, {2, 7}, {6}, {4, 5}, {3}, {1}], [{8}, {3, 7}, {2, 6}, {1, 5}, {4}], [{8}, {3, 7}, {4, 6}, {1, 5}, {2}], [{8}, {3, 7}, {6}, {1, 5}, {2, 4}], [{8}, {4, 7}, {2, 6}, {1, 5}, {3}], [{8}, {4, 7}, {5, 6}, {3}, {1, 2}], [{8}, {5, 7}, {2, 6}, {1, 4}, {3}], [{8}, {5, 7}, {2, 6}, {3, 4}, {1}], [{8}, {5, 7}, {2, 6}, {4}, {1, 3}], [{8}, {6, 7}, {5}, {1, 4}, {2, 3}], [{8}, {6, 7}, {5}, {2, 4}, {1, 3}], [{8}, {7}, {2, 6}, {1, 5}, {3, 4}], [{8}, {7}, {2, 6}, {5}, {3, 4}, {1}], [{8}, {7}, {4, 6}, {3, 5}, {1, 2}]]",2,8 K_1^3 - 18 K_1^2 - 8 K_1 K_2 - 2 K_1 + 9 K_2 + 2 K_3 + 10,O1O2O3U4O5U2U3O6U5U6O7U1U7O8O4U8,O1O2U1O3O4U3O5O6U4O7U5U6U2O8U7U8,O1O2U3O4O3U5O6O5U7U8O7U6U1U2O8U4,c,{'O1O2O3U4O5O4U6U3O6U7U8O7U1U2O8U5'},1,"<a href=""/flatknot/8.975682"">8.975682</a>",t^9-43t^7-100t^6+109t^5+314t^4-52t^3-190t^2+2t+2,-t^2+2t,,
8.975683,O1O2O3U4O5O4U6U3O6U7U8O7U1U5O8U2,3,13z^2+98z+145,13w^3z^2+98w^2z+145w,False,False,"[[ 0 -1  1  0  1  2 -1 -1 -1],[ 1  0  1  1  1  1  0  1  1],[-1 -1  0  0  0  1 -2 -2 -1],[ 0 -1  0  0  0 -1  0  0 -1],[-1 -1  0  0  0  2 -2 -2 -1],[-2 -1 -1  1 -2  0 -2 -2 -1],[ 1  0  2  0  2  2  0  0  0],[ 1 -1  2  0  2  2  0  0 -1],[ 1 -1  1  1  1  1  0  1  0]]","[[ 0  2  1  1  0 -1 -1 -1 -1],[-2  0 -1 -2  1 -1 -1 -2 -2],[-1  1  0  0  0 -1 -1 -2 -2],[-1  2  0  0  0 -1 -1 -2 -2],[ 0 -1  0  0  0 -1 -1  0  0],[ 1  1  1  1  1  0  1  1  0],[ 1  1  1  1  1 -1  0  1  0],[ 1  2  2  2  0 -1 -1  0  0],[ 1  2  2  2  0  0  0  0  0]]",True,"[-2,-1,-1,0,1,1,1,1,1,2,-1,1,1,2,2,0,0,1,1,2,2,0,1,1,2,2,1,1,0,0,-1,-1,0,-1,0,0]","[-2,-1,-1,0,1,1,1,1,-1,0,3,1,1,2,2,0,1,0,0,1,1,1,0,0,1,1,1,1,0,0,0,-1,-1,0,0,-1]",t^8+41t^6+174t^4+64t^2,"[-1,-1,-1,-1,0,1,1,2,-1,-1,0,0,1,1,2,-1,0,0,1,1,2,0,1,0,0,1,1,0,0,1,1,1,3,0,-1,0]","[-2,-1,-1,0,1,1,1,1,-1,0,3,1,1,2,2,0,1,0,0,1,1,1,0,0,1,1,1,1,0,0,0,-1,-1,0,0,-1]","[-1,-1,-1,-1,0,1,1,2,-1,-1,0,0,2,2,2,-1,0,1,1,1,1,0,1,1,1,1,0,2,2,2,0,0,-1,0,1,2]",c,"[[{8, 1}, {2, 7}, {3, 6}, {4, 5}], [{8, 1}, {2, 7}, {3, 6}, {5}, {4}], [{8, 1}, {2, 7}, {4, 6}, {3, 5}], [{8, 1}, {2, 7}, {4, 6}, {5}, {3}], [{8, 1}, {2, 7}, {5, 6}, {3, 4}], [{8, 1}, {2, 7}, {6}, {5}, {3, 4}], [{8, 1}, {3, 7}, {2, 6}, {4, 5}], [{8, 1}, {3, 7}, {4, 6}, {2, 5}], [{8, 1}, {3, 7}, {5, 6}, {2, 4}], [{8, 1}, {4, 7}, {2, 6}, {3, 5}], [{8, 1}, {4, 7}, {2, 6}, {5}, {3}], [{8, 1}, {4, 7}, {3, 6}, {2, 5}], [{8, 1}, {4, 7}, {3, 6}, {5}, {2}], [{8, 1}, {4, 7}, {5, 6}, {2, 3}], [{8, 1}, {4, 7}, {5, 6}, {3}, {2}], [{8, 1}, {4, 7}, {6}, {2, 5}, {3}], [{8, 1}, {4, 7}, {6}, {3, 5}, {2}], [{8, 1}, {4, 7}, {6}, {5}, {2, 3}], [{8, 1}, {5, 7}, {2, 6}, {3, 4}], [{8, 1}, {5, 7}, {3, 6}, {2, 4}], [{8, 1}, {5, 7}, {3, 6}, {4}, {2}], [{8, 1}, {5, 7}, {4, 6}, {2, 3}], [{8, 1}, {6, 7}, {2, 5}, {3, 4}], [{8, 1}, {6, 7}, {3, 5}, {2, 4}], [{8, 1}, {6, 7}, {4, 5}, {2, 3}], [{8, 1}, {7}, {2, 6}, {3, 5}, {4}], [{8, 1}, {7}, {3, 6}, {2, 5}, {4}], [{8, 1}, {7}, {3, 6}, {4, 5}, {2}], [{8, 1}, {7}, {3, 6}, {5}, {2, 4}], [{8, 1}, {7}, {3, 6}, {5}, {4}, {2}], [{8, 1}, {7}, {5, 6}, {4}, {2, 3}], [{8, 2}, {1, 7}, {3, 6}, {4, 5}], [{8, 2}, {1, 7}, {4, 6}, {3, 5}], [{8, 2}, {1, 7}, {5, 6}, {3, 4}], [{8, 2}, {1, 7}, {5, 6}, {4}, {3}], [{8, 2}, {3, 7}, {1, 6}, {4, 5}], [{8, 2}, {3, 7}, {4, 6}, {1, 5}], [{8, 2}, {3, 7}, {5, 6}, {1, 4}], [{8, 2}, {3, 7}, {5, 6}, {4}, {1}], [{8, 2}, {4, 7}, {1, 6}, {3, 5}], [{8, 2}, {4, 7}, {1, 6}, {5}, {3}], [{8, 2}, {4, 7}, {3, 6}, {1, 5}], [{8, 2}, {4, 7}, {3, 6}, {5}, {1}], [{8, 2}, {4, 7}, {5, 6}, {1, 3}], [{8, 2}, {4, 7}, {5, 6}, {3}, {1}], [{8, 2}, {4, 7}, {6}, {1, 5}, {3}], [{8, 2}, {4, 7}, {6}, {3, 5}, {1}], [{8, 2}, {4, 7}, {6}, {5}, {1, 3}], [{8, 2}, {5, 7}, {1, 6}, {3, 4}], [{8, 2}, {5, 7}, {3, 6}, {1, 4}], [{8, 2}, {5, 7}, {4, 6}, {1, 3}], [{8, 2}, {5, 7}, {6}, {1, 4}, {3}], [{8, 2}, {5, 7}, {6}, {3, 4}, {1}], [{8, 2}, {5, 7}, {6}, {4}, {1, 3}], [{8, 2}, {6, 7}, {1, 5}, {3, 4}], [{8, 2}, {6, 7}, {3, 5}, {1, 4}], [{8, 2}, {6, 7}, {4, 5}, {1, 3}], [{8, 2}, {6, 7}, {5}, {1, 4}, {3}], [{8, 2}, {6, 7}, {5}, {3, 4}, {1}], [{8, 2}, {6, 7}, {5}, {4}, {1, 3}], [{8, 2}, {7}, {1, 6}, {3, 5}, {4}], [{8, 2}, {7}, {3, 6}, {1, 5}, {4}], [{8, 2}, {7}, {4, 6}, {5}, {1, 3}], [{8, 2}, {7}, {5, 6}, {1, 4}, {3}], [{8, 2}, {7}, {5, 6}, {3, 4}, {1}], [{8, 2}, {7}, {5, 6}, {4}, {1, 3}], [{8, 2}, {7}, {5, 6}, {4}, {3}, {1}], [{8, 2}, {7}, {6}, {4, 5}, {1, 3}], [{8, 2}, {7}, {6}, {5}, {4}, {1, 3}], [{8, 3}, {1, 7}, {2, 6}, {4, 5}], [{8, 3}, {1, 7}, {4, 6}, {2, 5}], [{8, 3}, {1, 7}, {4, 6}, {5}, {2}], [{8, 3}, {1, 7}, {5, 6}, {2, 4}], [{8, 3}, {2, 7}, {1, 6}, {4, 5}], [{8, 3}, {2, 7}, {4, 6}, {1, 5}], [{8, 3}, {2, 7}, {4, 6}, {5}, {1}], [{8, 3}, {2, 7}, {5, 6}, {1, 4}], [{8, 3}, {4, 7}, {1, 6}, {2, 5}], [{8, 3}, {4, 7}, {1, 6}, {5}, {2}], [{8, 3}, {4, 7}, {2, 6}, {1, 5}], [{8, 3}, {4, 7}, {2, 6}, {5}, {1}], [{8, 3}, {4, 7}, {5, 6}, {1, 2}], [{8, 3}, {4, 7}, {5, 6}, {2}, {1}], [{8, 3}, {4, 7}, {6}, {1, 5}, {2}], [{8, 3}, {4, 7}, {6}, {2, 5}, {1}], [{8, 3}, {4, 7}, {6}, {5}, {1, 2}], [{8, 3}, {5, 7}, {1, 6}, {2, 4}], [{8, 3}, {5, 7}, {2, 6}, {1, 4}], [{8, 3}, {5, 7}, {4, 6}, {1, 2}], [{8, 3}, {5, 7}, {6}, {4}, {1, 2}], [{8, 3}, {6, 7}, {1, 5}, {2, 4}], [{8, 3}, {6, 7}, {2, 5}, {1, 4}], [{8, 3}, {6, 7}, {4, 5}, {1, 2}], [{8, 3}, {6, 7}, {5}, {4}, {1, 2}], [{8, 3}, {7}, {1, 6}, {2, 5}, {4}], [{8, 3}, {7}, {2, 6}, {1, 5}, {4}], [{8, 3}, {7}, {4, 6}, {5}, {1, 2}], [{8, 3}, {7}, {5, 6}, {4}, {1, 2}], [{8, 3}, {7}, {6}, {4, 5}, {1, 2}], [{8, 3}, {7}, {6}, {5}, {4}, {1, 2}], [{8, 4}, {1, 7}, {2, 6}, {3, 5}], [{8, 4}, {1, 7}, {3, 6}, {2, 5}], [{8, 4}, {1, 7}, {5, 6}, {2, 3}], [{8, 4}, {2, 7}, {1, 6}, {3, 5}], [{8, 4}, {2, 7}, {3, 6}, {1, 5}], [{8, 4}, {2, 7}, {5, 6}, {1, 3}], [{8, 4}, {2, 7}, {6}, {3, 5}, {1}], [{8, 4}, {3, 7}, {1, 6}, {2, 5}], [{8, 4}, {3, 7}, {2, 6}, {1, 5}], [{8, 4}, {3, 7}, {5, 6}, {1, 2}], [{8, 4}, {3, 7}, {6}, {2, 5}, {1}], [{8, 4}, {5, 7}, {1, 6}, {2, 3}], [{8, 4}, {5, 7}, {2, 6}, {1, 3}], [{8, 4}, {5, 7}, {3, 6}, {1, 2}], [{8, 4}, {5, 7}, {6}, {2, 3}, {1}], [{8, 4}, {6, 7}, {1, 5}, {2, 3}], [{8, 4}, {6, 7}, {2, 5}, {1, 3}], [{8, 4}, {6, 7}, {3, 5}, {1, 2}], [{8, 4}, {7}, {3, 6}, {1, 5}, {2}], [{8, 4}, {7}, {5, 6}, {1, 3}, {2}], [{8, 5}, {1, 7}, {2, 6}, {3, 4}], [{8, 5}, {1, 7}, {3, 6}, {2, 4}], [{8, 5}, {1, 7}, {3, 6}, {4}, {2}], [{8, 5}, {1, 7}, {4, 6}, {2, 3}], [{8, 5}, {2, 7}, {1, 6}, {3, 4}], [{8, 5}, {2, 7}, {3, 6}, {1, 4}], [{8, 5}, {2, 7}, {3, 6}, {4}, {1}], [{8, 5}, {2, 7}, {4, 6}, {1, 3}], [{8, 5}, {2, 7}, {4, 6}, {3}, {1}], [{8, 5}, {2, 7}, {6}, {3, 4}, {1}], [{8, 5}, {3, 7}, {1, 6}, {2, 4}], [{8, 5}, {3, 7}, {2, 6}, {1, 4}], [{8, 5}, {3, 7}, {4, 6}, {1, 2}], [{8, 5}, {4, 7}, {1, 6}, {2, 3}], [{8, 5}, {4, 7}, {1, 6}, {3}, {2}], [{8, 5}, {4, 7}, {2, 6}, {1, 3}], [{8, 5}, {4, 7}, {2, 6}, {3}, {1}], [{8, 5}, {4, 7}, {3, 6}, {1, 2}], [{8, 5}, {4, 7}, {3, 6}, {2}, {1}], [{8, 5}, {4, 7}, {6}, {1, 3}, {2}], [{8, 5}, {4, 7}, {6}, {2, 3}, {1}], [{8, 5}, {4, 7}, {6}, {3}, {1, 2}], [{8, 5}, {6, 7}, {1, 4}, {2, 3}], [{8, 5}, {6, 7}, {2, 4}, {1, 3}], [{8, 5}, {6, 7}, {3, 4}, {1, 2}], [{8, 5}, {7}, {1, 6}, {4}, {2, 3}], [{8, 5}, {7}, {2, 6}, {4}, {1, 3}], [{8, 5}, {7}, {3, 6}, {1, 4}, {2}], [{8, 5}, {7}, {3, 6}, {2, 4}, {1}], [{8, 5}, {7}, {3, 6}, {4}, {1, 2}], [{8, 5}, {7}, {3, 6}, {4}, {2}, {1}], [{8, 6}, {1, 7}, {2, 5}, {3, 4}], [{8, 6}, {1, 7}, {2, 5}, {4}, {3}], [{8, 6}, {1, 7}, {3, 5}, {2, 4}], [{8, 6}, {1, 7}, {3, 5}, {4}, {2}], [{8, 6}, {1, 7}, {4, 5}, {2, 3}], [{8, 6}, {1, 7}, {4, 5}, {3}, {2}], [{8, 6}, {1, 7}, {5}, {2, 4}, {3}], [{8, 6}, {1, 7}, {5}, {3, 4}, {2}], [{8, 6}, {1, 7}, {5}, {4}, {2, 3}], [{8, 6}, {2, 7}, {1, 5}, {3, 4}], [{8, 6}, {2, 7}, {3, 5}, {1, 4}], [{8, 6}, {2, 7}, {3, 5}, {4}, {1}], [{8, 6}, {2, 7}, {4, 5}, {1, 3}], [{8, 6}, {3, 7}, {1, 5}, {2, 4}], [{8, 6}, {3, 7}, {2, 5}, {1, 4}], [{8, 6}, {3, 7}, {2, 5}, {4}, {1}], [{8, 6}, {3, 7}, {4, 5}, {1, 2}], [{8, 6}, {4, 7}, {1, 5}, {2, 3}], [{8, 6}, {4, 7}, {1, 5}, {3}, {2}], [{8, 6}, {4, 7}, {2, 5}, {1, 3}], [{8, 6}, {4, 7}, {2, 5}, {3}, {1}], [{8, 6}, {4, 7}, {3, 5}, {1, 2}], [{8, 6}, {4, 7}, {3, 5}, {2}, {1}], [{8, 6}, {4, 7}, {5}, {1, 3}, {2}], [{8, 6}, {4, 7}, {5}, {2, 3}, {1}], [{8, 6}, {4, 7}, {5}, {3}, {1, 2}], [{8, 6}, {5, 7}, {1, 4}, {2, 3}], [{8, 6}, {5, 7}, {2, 4}, {1, 3}], [{8, 6}, {5, 7}, {3, 4}, {1, 2}], [{8, 6}, {5, 7}, {4}, {2, 3}, {1}], [{8, 6}, {7}, {1, 5}, {4}, {2, 3}], [{8, 6}, {7}, {2, 5}, {1, 4}, {3}], [{8, 6}, {7}, {2, 5}, {3, 4}, {1}], [{8, 6}, {7}, {2, 5}, {4}, {1, 3}], [{8, 6}, {7}, {2, 5}, {4}, {3}, {1}], [{8, 6}, {7}, {3, 5}, {1, 4}, {2}], [{8, 6}, {7}, {3, 5}, {2, 4}, {1}], [{8, 6}, {7}, {3, 5}, {4}, {1, 2}], [{8, 6}, {7}, {3, 5}, {4}, {2}, {1}], [{8, 6}, {7}, {4, 5}, {2, 3}, {1}], [{8, 6}, {7}, {5}, {1, 4}, {2, 3}], [{8, 6}, {7}, {5}, {4}, {2, 3}, {1}], [{8, 7}, {1, 6}, {2, 5}, {3, 4}], [{8, 7}, {1, 6}, {3, 5}, {2, 4}], [{8, 7}, {1, 6}, {4, 5}, {2, 3}], [{8, 7}, {1, 6}, {5}, {3, 4}, {2}], [{8, 7}, {2, 6}, {1, 5}, {3, 4}], [{8, 7}, {2, 6}, {3, 5}, {1, 4}], [{8, 7}, {2, 6}, {4, 5}, {1, 3}], [{8, 7}, {3, 6}, {1, 5}, {2, 4}], [{8, 7}, {3, 6}, {1, 5}, {4}, {2}], [{8, 7}, {3, 6}, {2, 5}, {1, 4}], [{8, 7}, {3, 6}, {4, 5}, {1, 2}], [{8, 7}, {4, 6}, {1, 5}, {2, 3}], [{8, 7}, {4, 6}, {2, 5}, {1, 3}], [{8, 7}, {4, 6}, {3, 5}, {1, 2}], [{8, 7}, {4, 6}, {5}, {1, 3}, {2}], [{8, 7}, {5, 6}, {1, 4}, {2, 3}], [{8, 7}, {5, 6}, {2, 4}, {1, 3}], [{8, 7}, {5, 6}, {3, 4}, {1, 2}], [{8, 7}, {5, 6}, {4}, {1, 3}, {2}], [{8, 7}, {6}, {4, 5}, {1, 3}, {2}], [{8}, {1, 7}, {6}, {2, 5}, {3, 4}], [{8}, {1, 7}, {6}, {3, 5}, {2, 4}], [{8}, {1, 7}, {6}, {4, 5}, {2, 3}], [{8}, {2, 7}, {3, 6}, {1, 5}, {4}], [{8}, {2, 7}, {4, 6}, {1, 5}, {3}], [{8}, {2, 7}, {4, 6}, {3, 5}, {1}], [{8}, {2, 7}, {4, 6}, {5}, {1, 3}], [{8}, {2, 7}, {4, 6}, {5}, {3}, {1}], [{8}, {2, 7}, {5, 6}, {4}, {1, 3}], [{8}, {2, 7}, {6}, {1, 5}, {3, 4}], [{8}, {2, 7}, {6}, {4, 5}, {1, 3}], [{8}, {3, 7}, {4, 6}, {2, 5}, {1}], [{8}, {4, 7}, {1, 6}, {2, 5}, {3}], [{8}, {4, 7}, {1, 6}, {3, 5}, {2}], [{8}, {4, 7}, {1, 6}, {5}, {2, 3}], [{8}, {4, 7}, {2, 6}, {1, 5}, {3}], [{8}, {4, 7}, {2, 6}, {3, 5}, {1}], [{8}, {4, 7}, {2, 6}, {5}, {1, 3}], [{8}, {4, 7}, {2, 6}, {5}, {3}, {1}], [{8}, {4, 7}, {3, 6}, {1, 5}, {2}], [{8}, {4, 7}, {3, 6}, {2, 5}, {1}], [{8}, {4, 7}, {3, 6}, {5}, {1, 2}], [{8}, {4, 7}, {5, 6}, {1, 3}, {2}], [{8}, {4, 7}, {5, 6}, {2, 3}, {1}], [{8}, {4, 7}, {5, 6}, {3}, {1, 2}], [{8}, {4, 7}, {6}, {1, 5}, {2, 3}], [{8}, {4, 7}, {6}, {2, 5}, {1, 3}], [{8}, {4, 7}, {6}, {3, 5}, {1, 2}], [{8}, {5, 7}, {4, 6}, {2, 3}, {1}], [{8}, {7}, {3, 6}, {1, 5}, {2, 4}], [{8}, {7}, {3, 6}, {1, 5}, {4}, {2}], [{8}, {7}, {5, 6}, {2, 4}, {1, 3}], [{8}, {7}, {5, 6}, {4}, {1, 3}, {2}]]",2,4 K_1^3 - 26 K_1^2 - 8 K_1 K_2 + K_1 + 13 K_2 + 3 K_3 + 14,O1O2O3U2O4U5U3O6U4U6O7U1U7O8O5U8,O1O2U1O3O4U3O5O6U4O7U5U7U2O8U6U8,O1O2U3O4O3U5O6O5U7U1O7U6U8U2O8U4,c,{'O1O2O3U4O5O4U6U3O6U7U8O7U1U5O8U2'},1,"<a href=""/flatknot/8.975683"">8.975683</a>",t^9-39t^7-92t^6+33t^5+198t^4+75t^3-36t^2,-t^2+2t,,
8.975684,O1O2O3U4O5O4U6U3O6U7U8O7U2U1O8U5,4,4z^3+39z^2+112z+101,4w^4z^3+39w^3z^2+112w^2z+101w,False,False,"[[ 0  0  0  0  1  2 -1 -1 -1],[ 0  0  0  1  0  1 -1  0  0],[ 0  0  0  1  0  0 -1  0  1],[ 0 -1 -1  0  0 -1  0  0  0],[-1  0  0  0  0  2 -2 -2 -2],[-2 -1  0  1 -2  0 -2 -3 -1],[ 1  1  1  0  2  2  0  0  0],[ 1  0  0  0  2  3  0  0 -1],[ 1  0 -1  0  2  1  0  1  0]]","[[ 0  2  1  0  0  0 -1 -1 -1],[-2  0 -2  1  0 -1 -1 -2 -3],[-1  2  0  0  0  0 -2 -2 -2],[ 0 -1  0  0 -1 -1  0  0  0],[ 0  0  0  1  0  0  1 -1  0],[ 0  1  0  1  0  0  0 -1  0],[ 1  1  2  0 -1  0  0  0  1],[ 1  2  2  0  1  1  0  0  0],[ 1  3  2  0  0  0 -1  0  0]]",True,"[-2,-1,0,0,0,1,1,1,2,-1,0,1,1,2,3,0,0,0,2,2,2,1,1,0,0,0,0,-1,1,0,0,1,0,0,-1,0]","[-2,-1,0,0,0,1,1,1,-1,1,2,3,0,1,2,1,1,1,0,0,0,0,1,1,0,1,1,1,0,2,1,1,1,0,-1,0]",t^8+38t^6+185t^4+127t^2+4,"[-1,-1,-1,0,0,0,1,2,-1,0,1,1,2,0,2,0,1,1,1,0,0,0,1,0,0,1,-1,0,1,1,1,1,3,1,2,-1]","[-2,-1,0,0,0,1,1,1,-1,1,2,3,0,1,2,1,1,1,0,0,0,0,1,1,0,1,1,1,0,2,1,1,1,0,-1,0]","[-1,-1,-1,0,0,0,1,2,-1,0,0,0,0,2,3,0,-1,0,0,2,1,1,0,1,2,2,1,0,0,0,-1,0,-1,0,1,2]",c,"[[{8, 1}, {2, 7}, {3, 6}, {4, 5}], [{8, 1}, {2, 7}, {3, 6}, {5}, {4}], [{8, 1}, {2, 7}, {4, 6}, {3, 5}], [{8, 1}, {2, 7}, {4, 6}, {5}, {3}], [{8, 1}, {2, 7}, {5, 6}, {3, 4}], [{8, 1}, {2, 7}, {6}, {5}, {3, 4}], [{8, 1}, {3, 7}, {2, 6}, {4, 5}], [{8, 1}, {3, 7}, {2, 6}, {5}, {4}], [{8, 1}, {3, 7}, {4, 6}, {2, 5}], [{8, 1}, {3, 7}, {5, 6}, {2, 4}], [{8, 1}, {4, 7}, {2, 6}, {3, 5}], [{8, 1}, {4, 7}, {3, 6}, {2, 5}], [{8, 1}, {4, 7}, {5, 6}, {2, 3}], [{8, 1}, {4, 7}, {5, 6}, {3}, {2}], [{8, 1}, {5, 7}, {2, 6}, {3, 4}], [{8, 1}, {5, 7}, {3, 6}, {2, 4}], [{8, 1}, {5, 7}, {4, 6}, {2, 3}], [{8, 1}, {6, 7}, {2, 5}, {3, 4}], [{8, 1}, {6, 7}, {3, 5}, {2, 4}], [{8, 1}, {6, 7}, {4, 5}, {2, 3}], [{8, 1}, {6, 7}, {5}, {4}, {2, 3}], [{8, 2}, {1, 7}, {3, 6}, {4, 5}], [{8, 2}, {1, 7}, {4, 6}, {3, 5}], [{8, 2}, {1, 7}, {4, 6}, {5}, {3}], [{8, 2}, {1, 7}, {5, 6}, {3, 4}], [{8, 2}, {3, 7}, {1, 6}, {4, 5}], [{8, 2}, {3, 7}, {4, 6}, {1, 5}], [{8, 2}, {3, 7}, {4, 6}, {5}, {1}], [{8, 2}, {3, 7}, {5, 6}, {1, 4}], [{8, 2}, {4, 7}, {1, 6}, {3, 5}], [{8, 2}, {4, 7}, {3, 6}, {1, 5}], [{8, 2}, {4, 7}, {5, 6}, {1, 3}], [{8, 2}, {4, 7}, {5, 6}, {3}, {1}], [{8, 2}, {5, 7}, {1, 6}, {3, 4}], [{8, 2}, {5, 7}, {1, 6}, {4}, {3}], [{8, 2}, {5, 7}, {3, 6}, {1, 4}], [{8, 2}, {5, 7}, {3, 6}, {4}, {1}], [{8, 2}, {5, 7}, {4, 6}, {1, 3}], [{8, 2}, {5, 7}, {6}, {4}, {1, 3}], [{8, 2}, {6, 7}, {1, 5}, {3, 4}], [{8, 2}, {6, 7}, {3, 5}, {1, 4}], [{8, 2}, {6, 7}, {3, 5}, {4}, {1}], [{8, 2}, {6, 7}, {4, 5}, {1, 3}], [{8, 2}, {7}, {1, 6}, {5}, {3, 4}], [{8, 2}, {7}, {3, 6}, {5}, {1, 4}], [{8, 2}, {7}, {4, 6}, {5}, {1, 3}], [{8, 3}, {1, 7}, {2, 6}, {4, 5}], [{8, 3}, {1, 7}, {4, 6}, {2, 5}], [{8, 3}, {1, 7}, {4, 6}, {5}, {2}], [{8, 3}, {1, 7}, {5, 6}, {2, 4}], [{8, 3}, {2, 7}, {1, 6}, {4, 5}], [{8, 3}, {2, 7}, {4, 6}, {1, 5}], [{8, 3}, {2, 7}, {5, 6}, {1, 4}], [{8, 3}, {2, 7}, {5, 6}, {4}, {1}], [{8, 3}, {4, 7}, {1, 6}, {2, 5}], [{8, 3}, {4, 7}, {2, 6}, {1, 5}], [{8, 3}, {4, 7}, {5, 6}, {1, 2}], [{8, 3}, {4, 7}, {5, 6}, {2}, {1}], [{8, 3}, {5, 7}, {1, 6}, {2, 4}], [{8, 3}, {5, 7}, {2, 6}, {1, 4}], [{8, 3}, {5, 7}, {4, 6}, {1, 2}], [{8, 3}, {5, 7}, {4, 6}, {2}, {1}], [{8, 3}, {6, 7}, {1, 5}, {2, 4}], [{8, 3}, {6, 7}, {2, 5}, {1, 4}], [{8, 3}, {6, 7}, {4, 5}, {1, 2}], [{8, 3}, {6, 7}, {5}, {4}, {1, 2}], [{8, 3}, {7}, {1, 6}, {4, 5}, {2}], [{8, 3}, {7}, {4, 6}, {1, 5}, {2}], [{8, 3}, {7}, {5, 6}, {2, 4}, {1}], [{8, 4}, {1, 7}, {2, 6}, {3, 5}], [{8, 4}, {1, 7}, {3, 6}, {2, 5}], [{8, 4}, {1, 7}, {5, 6}, {2, 3}], [{8, 4}, {2, 7}, {1, 6}, {3, 5}], [{8, 4}, {2, 7}, {1, 6}, {5}, {3}], [{8, 4}, {2, 7}, {3, 6}, {1, 5}], [{8, 4}, {2, 7}, {3, 6}, {5}, {1}], [{8, 4}, {2, 7}, {5, 6}, {1, 3}], [{8, 4}, {2, 7}, {6}, {5}, {1, 3}], [{8, 4}, {3, 7}, {1, 6}, {2, 5}], [{8, 4}, {3, 7}, {2, 6}, {1, 5}], [{8, 4}, {3, 7}, {5, 6}, {1, 2}], [{8, 4}, {5, 7}, {1, 6}, {2, 3}], [{8, 4}, {5, 7}, {2, 6}, {1, 3}], [{8, 4}, {5, 7}, {3, 6}, {1, 2}], [{8, 4}, {5, 7}, {6}, {2, 3}, {1}], [{8, 4}, {6, 7}, {1, 5}, {2, 3}], [{8, 4}, {6, 7}, {2, 5}, {1, 3}], [{8, 4}, {6, 7}, {3, 5}, {1, 2}], [{8, 4}, {6, 7}, {5}, {2, 3}, {1}], [{8, 4}, {7}, {5, 6}, {2, 3}, {1}], [{8, 5}, {1, 7}, {2, 6}, {3, 4}], [{8, 5}, {1, 7}, {3, 6}, {2, 4}], [{8, 5}, {1, 7}, {3, 6}, {4}, {2}], [{8, 5}, {1, 7}, {4, 6}, {2, 3}], [{8, 5}, {2, 7}, {1, 6}, {3, 4}], [{8, 5}, {2, 7}, {3, 6}, {1, 4}], [{8, 5}, {2, 7}, {3, 6}, {4}, {1}], [{8, 5}, {2, 7}, {4, 6}, {1, 3}], [{8, 5}, {3, 7}, {1, 6}, {2, 4}], [{8, 5}, {3, 7}, {2, 6}, {1, 4}], [{8, 5}, {3, 7}, {4, 6}, {1, 2}], [{8, 5}, {3, 7}, {4, 6}, {2}, {1}], [{8, 5}, {4, 7}, {1, 6}, {2, 3}], [{8, 5}, {4, 7}, {1, 6}, {3}, {2}], [{8, 5}, {4, 7}, {2, 6}, {1, 3}], [{8, 5}, {4, 7}, {2, 6}, {3}, {1}], [{8, 5}, {4, 7}, {3, 6}, {1, 2}], [{8, 5}, {4, 7}, {3, 6}, {2}, {1}], [{8, 5}, {4, 7}, {6}, {1, 3}, {2}], [{8, 5}, {4, 7}, {6}, {2, 3}, {1}], [{8, 5}, {4, 7}, {6}, {3}, {1, 2}], [{8, 5}, {4, 7}, {6}, {3}, {2}, {1}], [{8, 5}, {6, 7}, {1, 4}, {2, 3}], [{8, 5}, {6, 7}, {2, 4}, {1, 3}], [{8, 5}, {6, 7}, {3, 4}, {1, 2}], [{8, 5}, {6, 7}, {3, 4}, {2}, {1}], [{8, 5}, {7}, {1, 6}, {4}, {2, 3}], [{8, 5}, {7}, {2, 6}, {4}, {1, 3}], [{8, 5}, {7}, {3, 6}, {1, 4}, {2}], [{8, 5}, {7}, {3, 6}, {2, 4}, {1}], [{8, 5}, {7}, {3, 6}, {4}, {1, 2}], [{8, 5}, {7}, {3, 6}, {4}, {2}, {1}], [{8, 6}, {1, 7}, {2, 5}, {3, 4}], [{8, 6}, {1, 7}, {3, 5}, {2, 4}], [{8, 6}, {1, 7}, {4, 5}, {2, 3}], [{8, 6}, {2, 7}, {1, 5}, {3, 4}], [{8, 6}, {2, 7}, {3, 5}, {1, 4}], [{8, 6}, {2, 7}, {3, 5}, {4}, {1}], [{8, 6}, {2, 7}, {4, 5}, {1, 3}], [{8, 6}, {3, 7}, {1, 5}, {2, 4}], [{8, 6}, {3, 7}, {1, 5}, {4}, {2}], [{8, 6}, {3, 7}, {2, 5}, {1, 4}], [{8, 6}, {3, 7}, {4, 5}, {1, 2}], [{8, 6}, {4, 7}, {1, 5}, {2, 3}], [{8, 6}, {4, 7}, {1, 5}, {3}, {2}], [{8, 6}, {4, 7}, {2, 5}, {1, 3}], [{8, 6}, {4, 7}, {2, 5}, {3}, {1}], [{8, 6}, {4, 7}, {3, 5}, {1, 2}], [{8, 6}, {4, 7}, {3, 5}, {2}, {1}], [{8, 6}, {4, 7}, {5}, {1, 3}, {2}], [{8, 6}, {4, 7}, {5}, {2, 3}, {1}], [{8, 6}, {4, 7}, {5}, {3}, {1, 2}], [{8, 6}, {4, 7}, {5}, {3}, {2}, {1}], [{8, 6}, {5, 7}, {1, 4}, {2, 3}], [{8, 6}, {5, 7}, {2, 4}, {1, 3}], [{8, 6}, {5, 7}, {3, 4}, {1, 2}], [{8, 6}, {5, 7}, {4}, {1, 3}, {2}], [{8, 6}, {7}, {1, 5}, {3, 4}, {2}], [{8, 6}, {7}, {3, 5}, {2, 4}, {1}], [{8, 6}, {7}, {4, 5}, {1, 3}, {2}], [{8, 7}, {1, 6}, {2, 5}, {3, 4}], [{8, 7}, {1, 6}, {3, 5}, {2, 4}], [{8, 7}, {1, 6}, {4, 5}, {2, 3}], [{8, 7}, {2, 6}, {1, 5}, {3, 4}], [{8, 7}, {2, 6}, {3, 5}, {1, 4}], [{8, 7}, {2, 6}, {4, 5}, {1, 3}], [{8, 7}, {2, 6}, {5}, {4}, {1, 3}], [{8, 7}, {3, 6}, {1, 5}, {2, 4}], [{8, 7}, {3, 6}, {2, 5}, {1, 4}], [{8, 7}, {3, 6}, {2, 5}, {4}, {1}], [{8, 7}, {3, 6}, {4, 5}, {1, 2}], [{8, 7}, {3, 6}, {5}, {1, 4}, {2}], [{8, 7}, {4, 6}, {1, 5}, {2, 3}], [{8, 7}, {4, 6}, {2, 5}, {1, 3}], [{8, 7}, {4, 6}, {3, 5}, {1, 2}], [{8, 7}, {4, 6}, {3, 5}, {2}, {1}], [{8, 7}, {5, 6}, {1, 4}, {2, 3}], [{8, 7}, {5, 6}, {2, 4}, {1, 3}], [{8, 7}, {5, 6}, {3, 4}, {1, 2}], [{8, 7}, {5, 6}, {4}, {2, 3}, {1}], [{8, 7}, {6}, {3, 5}, {4}, {1, 2}], [{8}, {1, 7}, {2, 6}, {5}, {3, 4}], [{8}, {1, 7}, {4, 6}, {5}, {2, 3}], [{8}, {1, 7}, {5, 6}, {3, 4}, {2}], [{8}, {1, 7}, {6}, {2, 5}, {3, 4}], [{8}, {2, 7}, {3, 6}, {1, 5}, {4}], [{8}, {2, 7}, {3, 6}, {4, 5}, {1}], [{8}, {2, 7}, {3, 6}, {5}, {1, 4}], [{8}, {2, 7}, {3, 6}, {5}, {4}, {1}], [{8}, {3, 7}, {1, 6}, {5}, {2, 4}], [{8}, {3, 7}, {4, 6}, {2, 5}, {1}], [{8}, {3, 7}, {5, 6}, {1, 4}, {2}], [{8}, {4, 7}, {5, 6}, {1, 3}, {2}], [{8}, {4, 7}, {5, 6}, {2, 3}, {1}], [{8}, {4, 7}, {5, 6}, {3}, {1, 2}], [{8}, {4, 7}, {5, 6}, {3}, {2}, {1}], [{8}, {5, 7}, {2, 6}, {4}, {1, 3}], [{8}, {5, 7}, {3, 6}, {1, 4}, {2}], [{8}, {6, 7}, {5}, {1, 4}, {2, 3}], [{8}, {6, 7}, {5}, {2, 4}, {1, 3}], [{8}, {7}, {3, 6}, {2, 5}, {1, 4}], [{8}, {7}, {4, 6}, {3, 5}, {1, 2}]]",2,- 2 K_1^2 + K_2 + 2,O1O2O3U4O5U3U2O6U5U6O7U1U7O8O4U8,O1O2U1O3O4U3O5O6U4O7U6U5U2O8U7U8,O1O2U3O4O3U5O6O5U7U8O7U6U2U1O8U4,c,{'O1O2O3U4O5O4U6U3O6U7U8O7U2U1O8U5'},1,"<a href=""/flatknot/8.975684"">8.975684</a>",t^9-36t^7-62t^6+130t^5+208t^4-101t^3-84t^2+38t,-t^2+2t,,
8.975685,O1O2O3U4O5O4U6U3O6U7U8O7U5U1O8U2,4,16z^2+101z+139,16w^3z^2+101w^2z+139w,False,False,"[[ 0  0  1  0  1  1 -1 -1 -1],[ 0  0  0  0  1  0 -1  0  0],[-1  0  0  0  0  1 -2 -2 -1],[ 0  0  0  0  0 -1  0  0 -1],[-1 -1  0  0  0  1 -2 -2 -1],[-1  0 -1  1 -1  0 -1 -1  0],[ 1  1  2  0  2  1  0  0  0],[ 1  0  2  0  2  1  0  0 -1],[ 1  0  1  1  1  0  0  1  0]]","[[ 0  1  1  1  0  0 -1 -1 -1],[-1  0  1  0  0  0 -1 -2 -2],[-1 -1  0 -1  1  0  0 -1 -1],[-1  0  1  0  0 -1 -1 -2 -2],[ 0  0 -1  0  0  0 -1  0  0],[ 0  0  0  1  0  0  0  0 -1],[ 1  1  0  1  1  0  0  1  0],[ 1  2  1  2  0  0 -1  0  0],[ 1  2  1  2  0  1  0  0  0]]",True,"[-1,-1,-1,0,0,1,1,1,-1,0,0,0,1,2,2,1,-1,0,0,1,1,0,1,1,2,2,0,1,0,0,0,0,1,-1,0,0]","[-1,-1,-1,0,0,1,1,1,-1,-1,1,2,1,1,2,0,0,1,0,0,1,1,1,0,0,1,0,0,1,1,1,1,0,0,0,-1]",t^8+27t^6+89t^4+71t^2+4,"[-1,-1,-1,0,0,1,1,1,-1,0,0,1,1,1,2,0,1,1,0,0,1,1,0,0,0,1,0,1,1,2,0,1,1,0,-1,-1]","[-1,-1,-1,0,0,1,1,1,-1,-1,1,2,1,1,2,0,0,1,0,0,1,1,1,0,0,1,0,0,1,1,1,1,0,0,0,-1]","[-1,-1,-1,0,0,1,1,1,-1,0,0,0,1,2,2,0,0,1,0,1,1,1,0,1,2,2,0,0,0,1,-1,0,0,-1,-1,0]",c,"[[{8, 1}, {2, 7}, {3, 6}, {4, 5}], [{8, 2}, {1, 7}, {3, 6}, {4, 5}], [{8, 4}, {2, 7}, {5, 6}, {1, 3}], [{8, 5}, {2, 7}, {4, 6}, {1, 3}], [{8, 5}, {2, 7}, {4, 6}, {3}, {1}], [{8, 6}, {2, 7}, {3, 5}, {1, 4}]]",1,- 16 K_1^2 + 8 K_2 + 9,O1O2O3U2O4U3U5O6U4U6O7U1U7O8O5U8,O1O2U1O3O4U3O5O6U4O7U6U7U2O8U5U8,O1O2U3O4O3U5O6O5U7U2O7U6U8U1O8U4,c,{'O1O2O3U4O5O4U6U3O6U7U8O7U5U1O8U2'},1,"<a href=""/flatknot/8.975685"">8.975685</a>",t^9-27t^7-26t^6+77t^5+48t^4-53t^3-2t^2+4t,0,,
8.975686,O1O2O3U4O5O4U6U3O6U7U2O8U1U8O7U5,4,19z^2+104z+133,19w^3z^2+104w^2z+133w,False,False,"[[ 0 -1  0  0  1  2 -1 -2  1],[ 1  0  0  1  1  2  0 -1  1],[ 0  0  0  1  0  0 -1  0  0],[ 0 -1 -1  0  0 -1  0  0  0],[-1 -1  0  0  0  2 -2 -3  1],[-2 -2  0  1 -2  0 -2 -2  0],[ 1  0  1  0  2  2  0 -1  1],[ 2  1  0  0  3  2  1  0  1],[-1 -1  0  0 -1  0 -1 -1  0]]","[[ 0  2  1  1  0  0 -1 -1 -2],[-2  0  0 -2  1  0 -2 -2 -2],[-1  0  0 -1  0  0 -1 -1 -1],[-1  2  1  0  0  0 -1 -2 -3],[ 0 -1  0  0  0 -1 -1  0  0],[ 0  0  0  0  1  0  0 -1  0],[ 1  2  1  1  1  0  0  0 -1],[ 1  2  1  2  0  1  0  0 -1],[ 2  2  1  3  0  0  1  1  0]]",True,"[-2,-1,-1,0,0,1,1,2,0,2,-1,0,2,2,2,1,0,0,1,1,1,0,0,1,2,3,1,1,0,0,0,1,0,0,1,1]","[-2,-1,-1,0,0,1,1,2,-1,1,2,3,1,1,2,1,1,1,0,1,0,1,1,1,1,2,1,0,1,2,1,0,2,0,0,0]",t^8+40t^6+120t^4+72t^2+1,"[-2,-1,-1,0,0,1,1,2,0,0,2,2,0,2,2,0,0,1,0,1,1,1,0,1,1,1,-1,1,1,2,1,1,3,-1,-1,1]","[-2,-1,-1,0,0,1,1,2,-1,1,2,3,1,1,2,1,1,1,0,1,0,1,1,1,1,2,1,0,1,2,1,0,2,0,0,0]","[-2,-1,-1,0,0,1,1,2,1,1,0,0,1,3,2,0,0,1,1,1,2,1,0,1,2,2,1,0,0,0,0,0,-1,-1,0,2]",c,"[[{8, 6}, {5, 7}, {1, 4}, {2, 3}]]",1,- 20 K_1^2 - 4 K_1 K_2 + 2 K_1 + 10 K_2 + 2 K_3 + 11,O1O2O3U4O5U6U3O6U2U5O7U1U7O8O4U8,O1O2U1O3O4U5O6O5U3O7U6U4U2O8U7U8,O1O2U1O3O4U5O6O5U7U8O7U6U3U2O8U4,c,{'O1O2O3U4O5O4U6U3O6U7U2O8U1U8O7U5'},1,"<a href=""/flatknot/8.975686"">8.975686</a>",t^9-40t^7-100t^6+60t^5+268t^4+18t^3-140t^2+6t,0,,
8.975687,O1O2O3U4O5O4U6U3O6U7U2O8U5U1O7U8,4,2z^3+23z^2+102z+129,2w^4z^3+23w^3z^2+102w^2z+129w,False,False,"[[ 0  0  0  0  1  1 -1 -2  1],[ 0  0 -1  0  1  1 -1 -2  1],[ 0  1  0  1  0  1 -1 -1  0],[ 0  0 -1  0  0 -1  0 -1  1],[-1 -1  0  0  0  1 -2 -2  0],[-1 -1 -1  1 -1  0 -1 -1  0],[ 1  1  1  0  2  1  0 -1  1],[ 2  2  1  1  2  1  1  0  1],[-1 -1  0 -1  0  0 -1 -1  0]]","[[ 0  1  1  1  0  0  0 -1 -2],[-1  0  1  0  0  0 -1 -2 -2],[-1 -1  0  0  1 -1 -1 -1 -1],[-1  0  0  0 -1  0 -1 -1 -1],[ 0  0 -1  1  0 -1  0  0 -1],[ 0  0  1  0  1  0  1 -1 -1],[ 0  1  1  1  0 -1  0 -1 -2],[ 1  2  1  1  0  1  1  0 -1],[ 2  2  1  1  1  1  2  1  0]]",True,"[-1,-1,-1,0,0,0,1,2,-1,0,0,0,1,2,2,0,-1,1,1,1,1,1,0,1,1,1,1,0,0,1,-1,1,1,1,2,1]","[-2,-1,0,0,0,1,1,1,0,0,1,1,1,2,2,0,0,1,0,1,1,1,0,0,0,0,-1,1,0,1,1,2,0,-1,0,0]",t^8+30t^6+137t^4+71t^2,"[-2,-1,0,0,0,1,1,1,0,0,1,1,1,2,2,0,0,1,0,1,1,1,0,0,0,0,-1,1,0,1,1,2,0,-1,0,0]","[-1,-1,-1,0,0,0,1,2,-1,0,0,0,2,1,2,0,0,1,1,0,1,0,1,0,1,2,-1,0,0,0,1,0,1,1,1,0]","[-2,-1,0,0,0,1,1,1,1,1,1,2,1,1,2,0,1,1,1,1,2,-1,0,-1,1,0,1,1,0,0,1,1,1,0,-1,0]",c,"[[{8, 1}, {2, 7}, {3, 6}, {4, 5}], [{8, 1}, {2, 7}, {3, 6}, {5}, {4}], [{8, 1}, {2, 7}, {4, 6}, {3, 5}], [{8, 1}, {2, 7}, {4, 6}, {5}, {3}], [{8, 1}, {2, 7}, {5, 6}, {3, 4}], [{8, 1}, {2, 7}, {5, 6}, {4}, {3}], [{8, 1}, {2, 7}, {6}, {3, 5}, {4}], [{8, 1}, {2, 7}, {6}, {4, 5}, {3}], [{8, 1}, {2, 7}, {6}, {5}, {3, 4}], [{8, 1}, {3, 7}, {2, 6}, {4, 5}], [{8, 1}, {3, 7}, {4, 6}, {2, 5}], [{8, 1}, {3, 7}, {4, 6}, {5}, {2}], [{8, 1}, {3, 7}, {5, 6}, {2, 4}], [{8, 1}, {4, 7}, {2, 6}, {3, 5}], [{8, 1}, {4, 7}, {3, 6}, {2, 5}], [{8, 1}, {4, 7}, {5, 6}, {2, 3}], [{8, 1}, {4, 7}, {5, 6}, {3}, {2}], [{8, 1}, {5, 7}, {2, 6}, {3, 4}], [{8, 1}, {5, 7}, {3, 6}, {2, 4}], [{8, 1}, {5, 7}, {4, 6}, {2, 3}], [{8, 1}, {5, 7}, {6}, {2, 4}, {3}], [{8, 1}, {5, 7}, {6}, {3, 4}, {2}], [{8, 1}, {5, 7}, {6}, {4}, {2, 3}], [{8, 1}, {6, 7}, {2, 5}, {3, 4}], [{8, 1}, {6, 7}, {3, 5}, {2, 4}], [{8, 1}, {6, 7}, {4, 5}, {2, 3}], [{8, 1}, {6, 7}, {5}, {2, 4}, {3}], [{8, 1}, {7}, {4, 6}, {5}, {2, 3}], [{8, 1}, {7}, {5, 6}, {2, 4}, {3}], [{8, 1}, {7}, {6}, {2, 5}, {3, 4}], [{8, 2}, {1, 7}, {3, 6}, {4, 5}], [{8, 2}, {1, 7}, {4, 6}, {3, 5}], [{8, 2}, {1, 7}, {5, 6}, {3, 4}], [{8, 2}, {1, 7}, {6}, {3, 5}, {4}], [{8, 2}, {3, 7}, {1, 6}, {4, 5}], [{8, 2}, {3, 7}, {1, 6}, {5}, {4}], [{8, 2}, {3, 7}, {4, 6}, {1, 5}], [{8, 2}, {3, 7}, {5, 6}, {1, 4}], [{8, 2}, {4, 7}, {1, 6}, {3, 5}], [{8, 2}, {4, 7}, {3, 6}, {1, 5}], [{8, 2}, {4, 7}, {5, 6}, {1, 3}], [{8, 2}, {4, 7}, {6}, {1, 5}, {3}], [{8, 2}, {5, 7}, {1, 6}, {3, 4}], [{8, 2}, {5, 7}, {3, 6}, {1, 4}], [{8, 2}, {5, 7}, {4, 6}, {1, 3}], [{8, 2}, {5, 7}, {4, 6}, {3}, {1}], [{8, 2}, {6, 7}, {1, 5}, {3, 4}], [{8, 2}, {6, 7}, {3, 5}, {1, 4}], [{8, 2}, {6, 7}, {4, 5}, {1, 3}], [{8, 2}, {7}, {3, 6}, {1, 5}, {4}], [{8, 2}, {7}, {4, 6}, {5}, {1, 3}], [{8, 2}, {7}, {5, 6}, {4}, {1, 3}], [{8, 2}, {7}, {6}, {4, 5}, {1, 3}], [{8, 3}, {1, 7}, {2, 6}, {4, 5}], [{8, 3}, {1, 7}, {4, 6}, {2, 5}], [{8, 3}, {1, 7}, {5, 6}, {2, 4}], [{8, 3}, {1, 7}, {5, 6}, {4}, {2}], [{8, 3}, {2, 7}, {1, 6}, {4, 5}], [{8, 3}, {2, 7}, {1, 6}, {5}, {4}], [{8, 3}, {2, 7}, {4, 6}, {1, 5}], [{8, 3}, {2, 7}, {5, 6}, {1, 4}], [{8, 3}, {2, 7}, {6}, {4, 5}, {1}], [{8, 3}, {4, 7}, {1, 6}, {2, 5}], [{8, 3}, {4, 7}, {2, 6}, {1, 5}], [{8, 3}, {4, 7}, {5, 6}, {1, 2}], [{8, 3}, {4, 7}, {6}, {1, 5}, {2}], [{8, 3}, {4, 7}, {6}, {2, 5}, {1}], [{8, 3}, {4, 7}, {6}, {5}, {1, 2}], [{8, 3}, {5, 7}, {1, 6}, {2, 4}], [{8, 3}, {5, 7}, {2, 6}, {1, 4}], [{8, 3}, {5, 7}, {4, 6}, {1, 2}], [{8, 3}, {5, 7}, {4, 6}, {2}, {1}], [{8, 3}, {6, 7}, {1, 5}, {2, 4}], [{8, 3}, {6, 7}, {2, 5}, {1, 4}], [{8, 3}, {6, 7}, {4, 5}, {1, 2}], [{8, 3}, {7}, {2, 6}, {1, 5}, {4}], [{8, 4}, {1, 7}, {2, 6}, {3, 5}], [{8, 4}, {1, 7}, {3, 6}, {2, 5}], [{8, 4}, {1, 7}, {5, 6}, {2, 3}], [{8, 4}, {1, 7}, {5, 6}, {3}, {2}], [{8, 4}, {2, 7}, {1, 6}, {3, 5}], [{8, 4}, {2, 7}, {1, 6}, {5}, {3}], [{8, 4}, {2, 7}, {3, 6}, {1, 5}], [{8, 4}, {2, 7}, {5, 6}, {1, 3}], [{8, 4}, {3, 7}, {1, 6}, {2, 5}], [{8, 4}, {3, 7}, {1, 6}, {5}, {2}], [{8, 4}, {3, 7}, {2, 6}, {1, 5}], [{8, 4}, {3, 7}, {5, 6}, {1, 2}], [{8, 4}, {3, 7}, {6}, {2, 5}, {1}], [{8, 4}, {5, 7}, {1, 6}, {2, 3}], [{8, 4}, {5, 7}, {2, 6}, {1, 3}], [{8, 4}, {5, 7}, {3, 6}, {1, 2}], [{8, 4}, {6, 7}, {1, 5}, {2, 3}], [{8, 4}, {6, 7}, {2, 5}, {1, 3}], [{8, 4}, {6, 7}, {3, 5}, {1, 2}], [{8, 4}, {6, 7}, {3, 5}, {2}, {1}], [{8, 4}, {7}, {1, 6}, {5}, {2, 3}], [{8, 4}, {7}, {2, 6}, {5}, {1, 3}], [{8, 4}, {7}, {5, 6}, {2, 3}, {1}], [{8, 4}, {7}, {6}, {1, 5}, {2, 3}], [{8, 4}, {7}, {6}, {3, 5}, {1, 2}], [{8, 5}, {1, 7}, {2, 6}, {3, 4}], [{8, 5}, {1, 7}, {2, 6}, {4}, {3}], [{8, 5}, {1, 7}, {3, 6}, {2, 4}], [{8, 5}, {1, 7}, {3, 6}, {4}, {2}], [{8, 5}, {1, 7}, {4, 6}, {2, 3}], [{8, 5}, {1, 7}, {6}, {4}, {2, 3}], [{8, 5}, {2, 7}, {1, 6}, {3, 4}], [{8, 5}, {2, 7}, {3, 6}, {1, 4}], [{8, 5}, {2, 7}, {4, 6}, {1, 3}], [{8, 5}, {2, 7}, {4, 6}, {3}, {1}], [{8, 5}, {3, 7}, {1, 6}, {2, 4}], [{8, 5}, {3, 7}, {2, 6}, {1, 4}], [{8, 5}, {3, 7}, {2, 6}, {4}, {1}], [{8, 5}, {3, 7}, {4, 6}, {1, 2}], [{8, 5}, {3, 7}, {4, 6}, {2}, {1}], [{8, 5}, {3, 7}, {6}, {2, 4}, {1}], [{8, 5}, {4, 7}, {1, 6}, {2, 3}], [{8, 5}, {4, 7}, {2, 6}, {1, 3}], [{8, 5}, {4, 7}, {3, 6}, {1, 2}], [{8, 5}, {4, 7}, {6}, {3}, {1, 2}], [{8, 5}, {6, 7}, {1, 4}, {2, 3}], [{8, 5}, {6, 7}, {1, 4}, {3}, {2}], [{8, 5}, {6, 7}, {2, 4}, {1, 3}], [{8, 5}, {6, 7}, {3, 4}, {1, 2}], [{8, 5}, {7}, {1, 6}, {2, 4}, {3}], [{8, 5}, {7}, {2, 6}, {4}, {1, 3}], [{8, 5}, {7}, {4, 6}, {2, 3}, {1}], [{8, 6}, {1, 7}, {2, 5}, {3, 4}], [{8, 6}, {1, 7}, {3, 5}, {2, 4}], [{8, 6}, {1, 7}, {4, 5}, {2, 3}], [{8, 6}, {1, 7}, {4, 5}, {3}, {2}], [{8, 6}, {2, 7}, {1, 5}, {3, 4}], [{8, 6}, {2, 7}, {3, 5}, {1, 4}], [{8, 6}, {2, 7}, {4, 5}, {1, 3}], [{8, 6}, {2, 7}, {5}, {3, 4}, {1}], [{8, 6}, {3, 7}, {1, 5}, {2, 4}], [{8, 6}, {3, 7}, {2, 5}, {1, 4}], [{8, 6}, {3, 7}, {4, 5}, {1, 2}], [{8, 6}, {3, 7}, {4, 5}, {2}, {1}], [{8, 6}, {4, 7}, {1, 5}, {2, 3}], [{8, 6}, {4, 7}, {1, 5}, {3}, {2}], [{8, 6}, {4, 7}, {2, 5}, {1, 3}], [{8, 6}, {4, 7}, {3, 5}, {1, 2}], [{8, 6}, {4, 7}, {3, 5}, {2}, {1}], [{8, 6}, {4, 7}, {5}, {1, 3}, {2}], [{8, 6}, {5, 7}, {1, 4}, {2, 3}], [{8, 6}, {5, 7}, {1, 4}, {3}, {2}], [{8, 6}, {5, 7}, {2, 4}, {1, 3}], [{8, 6}, {5, 7}, {3, 4}, {1, 2}], [{8, 6}, {5, 7}, {3, 4}, {2}, {1}], [{8, 6}, {5, 7}, {4}, {1, 3}, {2}], [{8, 6}, {7}, {1, 5}, {4}, {2, 3}], [{8, 6}, {7}, {2, 5}, {3, 4}, {1}], [{8, 6}, {7}, {3, 5}, {4}, {1, 2}], [{8, 6}, {7}, {4, 5}, {1, 3}, {2}], [{8, 7}, {1, 6}, {2, 5}, {3, 4}], [{8, 7}, {1, 6}, {2, 5}, {4}, {3}], [{8, 7}, {1, 6}, {3, 5}, {2, 4}], [{8, 7}, {1, 6}, {3, 5}, {4}, {2}], [{8, 7}, {1, 6}, {4, 5}, {2, 3}], [{8, 7}, {1, 6}, {5}, {4}, {2, 3}], [{8, 7}, {2, 6}, {1, 5}, {3, 4}], [{8, 7}, {2, 6}, {3, 5}, {1, 4}], [{8, 7}, {2, 6}, {3, 5}, {4}, {1}], [{8, 7}, {2, 6}, {4, 5}, {1, 3}], [{8, 7}, {2, 6}, {5}, {1, 4}, {3}], [{8, 7}, {3, 6}, {1, 5}, {2, 4}], [{8, 7}, {3, 6}, {2, 5}, {1, 4}], [{8, 7}, {3, 6}, {2, 5}, {4}, {1}], [{8, 7}, {3, 6}, {4, 5}, {1, 2}], [{8, 7}, {3, 6}, {5}, {1, 4}, {2}], [{8, 7}, {4, 6}, {1, 5}, {2, 3}], [{8, 7}, {4, 6}, {2, 5}, {1, 3}], [{8, 7}, {4, 6}, {2, 5}, {3}, {1}], [{8, 7}, {4, 6}, {3, 5}, {1, 2}], [{8, 7}, {4, 6}, {3, 5}, {2}, {1}], [{8, 7}, {4, 6}, {5}, {2, 3}, {1}], [{8, 7}, {5, 6}, {1, 4}, {2, 3}], [{8, 7}, {5, 6}, {1, 4}, {3}, {2}], [{8, 7}, {5, 6}, {2, 4}, {1, 3}], [{8, 7}, {5, 6}, {3, 4}, {1, 2}], [{8, 7}, {5, 6}, {4}, {2, 3}, {1}], [{8, 7}, {6}, {1, 5}, {2, 4}, {3}], [{8, 7}, {6}, {1, 5}, {3, 4}, {2}], [{8, 7}, {6}, {1, 5}, {4}, {2, 3}], [{8, 7}, {6}, {2, 5}, {1, 4}, {3}], [{8, 7}, {6}, {2, 5}, {3, 4}, {1}], [{8, 7}, {6}, {2, 5}, {4}, {1, 3}], [{8, 7}, {6}, {2, 5}, {4}, {3}, {1}], [{8, 7}, {6}, {3, 5}, {1, 4}, {2}], [{8, 7}, {6}, {3, 5}, {2, 4}, {1}], [{8, 7}, {6}, {3, 5}, {4}, {1, 2}], [{8, 7}, {6}, {3, 5}, {4}, {2}, {1}], [{8, 7}, {6}, {4, 5}, {1, 3}, {2}], [{8, 7}, {6}, {4, 5}, {2, 3}, {1}], [{8, 7}, {6}, {4, 5}, {3}, {1, 2}], [{8, 7}, {6}, {5}, {1, 4}, {2, 3}], [{8, 7}, {6}, {5}, {1, 4}, {3}, {2}], [{8, 7}, {6}, {5}, {2, 4}, {1, 3}], [{8, 7}, {6}, {5}, {3, 4}, {1, 2}], [{8, 7}, {6}, {5}, {4}, {2, 3}, {1}], [{8}, {1, 7}, {2, 6}, {5}, {3, 4}], [{8}, {1, 7}, {3, 6}, {5}, {2, 4}], [{8}, {1, 7}, {4, 6}, {5}, {2, 3}], [{8}, {1, 7}, {5, 6}, {3, 4}, {2}], [{8}, {1, 7}, {6}, {2, 5}, {3, 4}], [{8}, {2, 7}, {1, 6}, {5}, {3, 4}], [{8}, {2, 7}, {4, 6}, {1, 5}, {3}], [{8}, {2, 7}, {6}, {4, 5}, {1, 3}], [{8}, {3, 7}, {1, 6}, {5}, {2, 4}], [{8}, {3, 7}, {4, 6}, {1, 5}, {2}], [{8}, {3, 7}, {5, 6}, {4}, {1, 2}], [{8}, {4, 7}, {1, 6}, {5}, {2, 3}], [{8}, {4, 7}, {2, 6}, {1, 5}, {3}], [{8}, {4, 7}, {3, 6}, {1, 5}, {2}], [{8}, {4, 7}, {5, 6}, {2, 3}, {1}], [{8}, {4, 7}, {6}, {1, 5}, {2, 3}], [{8}, {4, 7}, {6}, {3, 5}, {1, 2}], [{8}, {5, 7}, {1, 6}, {3, 4}, {2}], [{8}, {5, 7}, {3, 6}, {4}, {1, 2}], [{8}, {5, 7}, {4, 6}, {2, 3}, {1}], [{8}, {6, 7}, {1, 5}, {4}, {2, 3}], [{8}, {6, 7}, {2, 5}, {3, 4}, {1}], [{8}, {6, 7}, {3, 5}, {4}, {1, 2}], [{8}, {6, 7}, {4, 5}, {1, 3}, {2}], [{8}, {7}, {1, 6}, {2, 5}, {3, 4}], [{8}, {7}, {2, 6}, {4, 5}, {1, 3}], [{8}, {7}, {4, 6}, {1, 5}, {2, 3}], [{8}, {7}, {4, 6}, {3, 5}, {1, 2}], [{8}, {7}, {6}, {1, 5}, {4}, {2, 3}], [{8}, {7}, {6}, {2, 5}, {3, 4}, {1}], [{8}, {7}, {6}, {3, 5}, {4}, {1, 2}], [{8}, {7}, {6}, {4, 5}, {1, 3}, {2}]]",2,4 K_1^3 - 18 K_1^2 - 4 K_1 K_2 - K_1 + 9 K_2 + K_3 + 10,O1O2O3U4O5U3U6O4U2U5O7U1U7O8O6U8,O1O2U1O3O4U5O6O7U3O5U7U4U2O8U6U8,O1O2U3O4O5U6O7O6U8U2O8U7U4U1O3U5,c,{'O1O2O3U4O5O4U6U3O6U7U2O8U5U1O7U8'},1,"<a href=""/flatknot/8.975687"">8.975687</a>",t^9-32t^7-74t^6+12t^5+106t^4+48t^3+4t^2-5t-6,t^2-2t,,
8.975688,O1O2O3U4O5O4U6U3O6U7U5O8U1U8O7U2,4,4z^3+36z^2+109z+107,4w^4z^3+36w^3z^2+109w^2z+107w,False,False,"[[ 0 -1  1  0  1  1 -1 -2  1],[ 1  0  1  0  2  0  0 -1  1],[-1 -1  0  0  0  1 -2 -2  0],[ 0  0  0  0  0 -1  0 -1  0],[-1 -2  0  0  0  1 -2 -2  1],[-1  0 -1  1 -1  0 -1 -1  0],[ 1  0  2  0  2  1  0 -1  1],[ 2  1  2  1  2  1  1  0  1],[-1 -1  0  0 -1  0 -1 -1  0]]","[[ 0  1  1  1  1  0 -1 -1 -2],[-1  0  1  1  0  0 -2 -2 -2],[-1 -1  0  0  0  0 -1 -1 -1],[-1 -1  0  0 -1  1  0 -1 -1],[-1  0  0  1  0  0 -1 -2 -2],[ 0  0  0 -1  0  0  0  0 -1],[ 1  2  1  0  1  0  0  0 -1],[ 1  2  1  1  2  0  0  0 -1],[ 2  2  1  1  2  1  1  1  0]]",True,"[-1,-1,-1,-1,0,1,1,2,-1,-1,0,0,2,2,2,0,0,0,1,1,1,1,-1,0,1,1,0,1,2,2,0,0,1,0,1,1]","[-2,-1,-1,0,1,1,1,1,0,0,1,1,1,2,2,0,1,0,0,1,1,1,0,1,1,2,1,1,1,2,0,-1,-1,0,-1,0]",t^8+33t^6+107t^4+66t^2+1,"[-2,-1,-1,0,1,1,1,1,0,0,1,1,1,2,2,0,1,0,0,1,1,1,0,1,1,2,1,1,1,2,0,-1,-1,0,-1,0]","[-1,-1,-1,-1,0,1,1,2,-1,-1,0,2,1,2,2,0,0,1,0,1,1,1,1,0,0,1,1,1,1,2,1,1,1,0,0,0]","[-2,-1,-1,0,1,1,1,1,1,1,1,1,1,2,2,0,0,0,1,1,2,0,1,1,2,2,-1,0,0,0,0,-1,-1,0,-1,0]",c,"[[{8, 1}, {2, 7}, {3, 6}, {4, 5}], [{8, 1}, {2, 7}, {3, 6}, {5}, {4}], [{8, 1}, {2, 7}, {4, 6}, {3, 5}], [{8, 1}, {2, 7}, {4, 6}, {5}, {3}], [{8, 1}, {2, 7}, {5, 6}, {3, 4}], [{8, 1}, {2, 7}, {6}, {5}, {3, 4}], [{8, 1}, {3, 7}, {2, 6}, {4, 5}], [{8, 1}, {3, 7}, {4, 6}, {2, 5}], [{8, 1}, {3, 7}, {5, 6}, {2, 4}], [{8, 1}, {3, 7}, {5, 6}, {4}, {2}], [{8, 1}, {4, 7}, {2, 6}, {3, 5}], [{8, 1}, {4, 7}, {2, 6}, {5}, {3}], [{8, 1}, {4, 7}, {3, 6}, {2, 5}], [{8, 1}, {4, 7}, {3, 6}, {5}, {2}], [{8, 1}, {4, 7}, {5, 6}, {2, 3}], [{8, 1}, {4, 7}, {6}, {5}, {2, 3}], [{8, 1}, {5, 7}, {2, 6}, {3, 4}], [{8, 1}, {5, 7}, {2, 6}, {4}, {3}], [{8, 1}, {5, 7}, {3, 6}, {2, 4}], [{8, 1}, {5, 7}, {3, 6}, {4}, {2}], [{8, 1}, {5, 7}, {4, 6}, {2, 3}], [{8, 1}, {5, 7}, {4, 6}, {3}, {2}], [{8, 1}, {5, 7}, {6}, {2, 4}, {3}], [{8, 1}, {5, 7}, {6}, {3, 4}, {2}], [{8, 1}, {5, 7}, {6}, {4}, {2, 3}], [{8, 1}, {5, 7}, {6}, {4}, {3}, {2}], [{8, 1}, {6, 7}, {2, 5}, {3, 4}], [{8, 1}, {6, 7}, {3, 5}, {2, 4}], [{8, 1}, {6, 7}, {3, 5}, {4}, {2}], [{8, 1}, {6, 7}, {4, 5}, {2, 3}], [{8, 1}, {7}, {2, 6}, {4, 5}, {3}], [{8, 1}, {7}, {3, 6}, {2, 5}, {4}], [{8, 1}, {7}, {3, 6}, {4, 5}, {2}], [{8, 1}, {7}, {3, 6}, {5}, {2, 4}], [{8, 1}, {7}, {3, 6}, {5}, {4}, {2}], [{8, 1}, {7}, {4, 6}, {2, 5}, {3}], [{8, 1}, {7}, {6}, {2, 5}, {3, 4}], [{8, 1}, {7}, {6}, {4, 5}, {2, 3}], [{8, 2}, {1, 7}, {3, 6}, {4, 5}], [{8, 2}, {1, 7}, {3, 6}, {5}, {4}], [{8, 2}, {1, 7}, {4, 6}, {3, 5}], [{8, 2}, {1, 7}, {5, 6}, {3, 4}], [{8, 2}, {1, 7}, {5, 6}, {4}, {3}], [{8, 2}, {1, 7}, {6}, {3, 5}, {4}], [{8, 2}, {3, 7}, {1, 6}, {4, 5}], [{8, 2}, {3, 7}, {4, 6}, {1, 5}], [{8, 2}, {3, 7}, {5, 6}, {1, 4}], [{8, 2}, {3, 7}, {6}, {5}, {1, 4}], [{8, 2}, {4, 7}, {1, 6}, {3, 5}], [{8, 2}, {4, 7}, {3, 6}, {1, 5}], [{8, 2}, {4, 7}, {3, 6}, {5}, {1}], [{8, 2}, {4, 7}, {5, 6}, {1, 3}], [{8, 2}, {4, 7}, {6}, {1, 5}, {3}], [{8, 2}, {5, 7}, {1, 6}, {3, 4}], [{8, 2}, {5, 7}, {3, 6}, {1, 4}], [{8, 2}, {5, 7}, {4, 6}, {1, 3}], [{8, 2}, {5, 7}, {4, 6}, {3}, {1}], [{8, 2}, {6, 7}, {1, 5}, {3, 4}], [{8, 2}, {6, 7}, {3, 5}, {1, 4}], [{8, 2}, {6, 7}, {4, 5}, {1, 3}], [{8, 2}, {6, 7}, {5}, {1, 4}, {3}], [{8, 2}, {7}, {1, 6}, {4, 5}, {3}], [{8, 2}, {7}, {3, 6}, {5}, {1, 4}], [{8, 2}, {7}, {5, 6}, {3, 4}, {1}], [{8, 3}, {1, 7}, {2, 6}, {4, 5}], [{8, 3}, {1, 7}, {4, 6}, {2, 5}], [{8, 3}, {1, 7}, {5, 6}, {2, 4}], [{8, 3}, {1, 7}, {6}, {2, 5}, {4}], [{8, 3}, {2, 7}, {1, 6}, {4, 5}], [{8, 3}, {2, 7}, {4, 6}, {1, 5}], [{8, 3}, {2, 7}, {5, 6}, {1, 4}], [{8, 3}, {2, 7}, {6}, {5}, {1, 4}], [{8, 3}, {4, 7}, {1, 6}, {2, 5}], [{8, 3}, {4, 7}, {2, 6}, {1, 5}], [{8, 3}, {4, 7}, {5, 6}, {1, 2}], [{8, 3}, {4, 7}, {6}, {1, 5}, {2}], [{8, 3}, {5, 7}, {1, 6}, {2, 4}], [{8, 3}, {5, 7}, {2, 6}, {1, 4}], [{8, 3}, {5, 7}, {4, 6}, {1, 2}], [{8, 3}, {5, 7}, {4, 6}, {2}, {1}], [{8, 3}, {6, 7}, {1, 5}, {2, 4}], [{8, 3}, {6, 7}, {2, 5}, {1, 4}], [{8, 3}, {6, 7}, {4, 5}, {1, 2}], [{8, 3}, {7}, {4, 6}, {5}, {1, 2}], [{8, 4}, {1, 7}, {2, 6}, {3, 5}], [{8, 4}, {1, 7}, {2, 6}, {5}, {3}], [{8, 4}, {1, 7}, {3, 6}, {2, 5}], [{8, 4}, {1, 7}, {3, 6}, {5}, {2}], [{8, 4}, {1, 7}, {5, 6}, {2, 3}], [{8, 4}, {1, 7}, {5, 6}, {3}, {2}], [{8, 4}, {1, 7}, {6}, {2, 5}, {3}], [{8, 4}, {1, 7}, {6}, {3, 5}, {2}], [{8, 4}, {1, 7}, {6}, {5}, {2, 3}], [{8, 4}, {2, 7}, {1, 6}, {3, 5}], [{8, 4}, {2, 7}, {3, 6}, {1, 5}], [{8, 4}, {2, 7}, {3, 6}, {5}, {1}], [{8, 4}, {2, 7}, {5, 6}, {1, 3}], [{8, 4}, {3, 7}, {1, 6}, {2, 5}], [{8, 4}, {3, 7}, {1, 6}, {5}, {2}], [{8, 4}, {3, 7}, {2, 6}, {1, 5}], [{8, 4}, {3, 7}, {2, 6}, {5}, {1}], [{8, 4}, {3, 7}, {5, 6}, {1, 2}], [{8, 4}, {3, 7}, {6}, {5}, {1, 2}], [{8, 4}, {5, 7}, {1, 6}, {2, 3}], [{8, 4}, {5, 7}, {1, 6}, {3}, {2}], [{8, 4}, {5, 7}, {2, 6}, {1, 3}], [{8, 4}, {5, 7}, {3, 6}, {1, 2}], [{8, 4}, {5, 7}, {6}, {2, 3}, {1}], [{8, 4}, {6, 7}, {1, 5}, {2, 3}], [{8, 4}, {6, 7}, {2, 5}, {1, 3}], [{8, 4}, {6, 7}, {3, 5}, {1, 2}], [{8, 4}, {6, 7}, {3, 5}, {2}, {1}], [{8, 4}, {6, 7}, {5}, {3}, {1, 2}], [{8, 4}, {7}, {1, 6}, {3, 5}, {2}], [{8, 4}, {7}, {2, 6}, {5}, {1, 3}], [{8, 4}, {7}, {3, 6}, {5}, {1, 2}], [{8, 4}, {7}, {6}, {1, 5}, {2, 3}], [{8, 5}, {1, 7}, {2, 6}, {3, 4}], [{8, 5}, {1, 7}, {3, 6}, {2, 4}], [{8, 5}, {1, 7}, {4, 6}, {2, 3}], [{8, 5}, {2, 7}, {1, 6}, {3, 4}], [{8, 5}, {2, 7}, {3, 6}, {1, 4}], [{8, 5}, {2, 7}, {3, 6}, {4}, {1}], [{8, 5}, {2, 7}, {4, 6}, {1, 3}], [{8, 5}, {3, 7}, {1, 6}, {2, 4}], [{8, 5}, {3, 7}, {2, 6}, {1, 4}], [{8, 5}, {3, 7}, {4, 6}, {1, 2}], [{8, 5}, {3, 7}, {4, 6}, {2}, {1}], [{8, 5}, {4, 7}, {1, 6}, {2, 3}], [{8, 5}, {4, 7}, {2, 6}, {1, 3}], [{8, 5}, {4, 7}, {3, 6}, {1, 2}], [{8, 5}, {4, 7}, {6}, {2, 3}, {1}], [{8, 5}, {6, 7}, {1, 4}, {2, 3}], [{8, 5}, {6, 7}, {2, 4}, {1, 3}], [{8, 5}, {6, 7}, {2, 4}, {3}, {1}], [{8, 5}, {6, 7}, {3, 4}, {1, 2}], [{8, 5}, {7}, {2, 6}, {3, 4}, {1}], [{8, 5}, {7}, {4, 6}, {3}, {1, 2}], [{8, 6}, {1, 7}, {2, 5}, {3, 4}], [{8, 6}, {1, 7}, {3, 5}, {2, 4}], [{8, 6}, {1, 7}, {4, 5}, {2, 3}], [{8, 6}, {1, 7}, {5}, {4}, {2, 3}], [{8, 6}, {2, 7}, {1, 5}, {3, 4}], [{8, 6}, {2, 7}, {3, 5}, {1, 4}], [{8, 6}, {2, 7}, {4, 5}, {1, 3}], [{8, 6}, {2, 7}, {5}, {1, 4}, {3}], [{8, 6}, {3, 7}, {1, 5}, {2, 4}], [{8, 6}, {3, 7}, {2, 5}, {1, 4}], [{8, 6}, {3, 7}, {4, 5}, {1, 2}], [{8, 6}, {3, 7}, {4, 5}, {2}, {1}], [{8, 6}, {3, 7}, {5}, {4}, {1, 2}], [{8, 6}, {4, 7}, {1, 5}, {2, 3}], [{8, 6}, {4, 7}, {2, 5}, {1, 3}], [{8, 6}, {4, 7}, {3, 5}, {1, 2}], [{8, 6}, {5, 7}, {1, 4}, {2, 3}], [{8, 6}, {5, 7}, {1, 4}, {3}, {2}], [{8, 6}, {5, 7}, {2, 4}, {1, 3}], [{8, 6}, {5, 7}, {3, 4}, {1, 2}], [{8, 6}, {5, 7}, {4}, {2, 3}, {1}], [{8, 6}, {7}, {1, 5}, {4}, {2, 3}], [{8, 6}, {7}, {2, 5}, {1, 4}, {3}], [{8, 6}, {7}, {2, 5}, {3, 4}, {1}], [{8, 6}, {7}, {2, 5}, {4}, {1, 3}], [{8, 7}, {1, 6}, {2, 5}, {3, 4}], [{8, 7}, {1, 6}, {3, 5}, {2, 4}], [{8, 7}, {1, 6}, {4, 5}, {2, 3}], [{8, 7}, {2, 6}, {1, 5}, {3, 4}], [{8, 7}, {2, 6}, {3, 5}, {1, 4}], [{8, 7}, {2, 6}, {4, 5}, {1, 3}], [{8, 7}, {3, 6}, {1, 5}, {2, 4}], [{8, 7}, {3, 6}, {2, 5}, {1, 4}], [{8, 7}, {3, 6}, {4, 5}, {1, 2}], [{8, 7}, {3, 6}, {5}, {1, 4}, {2}], [{8, 7}, {3, 6}, {5}, {2, 4}, {1}], [{8, 7}, {3, 6}, {5}, {4}, {1, 2}], [{8, 7}, {4, 6}, {1, 5}, {2, 3}], [{8, 7}, {4, 6}, {2, 5}, {1, 3}], [{8, 7}, {4, 6}, {3, 5}, {1, 2}], [{8, 7}, {4, 6}, {3, 5}, {2}, {1}], [{8, 7}, {4, 6}, {5}, {3}, {1, 2}], [{8, 7}, {5, 6}, {1, 4}, {2, 3}], [{8, 7}, {5, 6}, {2, 4}, {1, 3}], [{8, 7}, {5, 6}, {3, 4}, {1, 2}], [{8, 7}, {6}, {1, 5}, {2, 4}, {3}], [{8, 7}, {6}, {1, 5}, {3, 4}, {2}], [{8, 7}, {6}, {1, 5}, {4}, {2, 3}], [{8, 7}, {6}, {2, 5}, {3, 4}, {1}], [{8, 7}, {6}, {5}, {3, 4}, {1, 2}], [{8}, {1, 7}, {3, 6}, {5}, {2, 4}], [{8}, {1, 7}, {4, 6}, {5}, {2, 3}], [{8}, {1, 7}, {5, 6}, {2, 4}, {3}], [{8}, {1, 7}, {6}, {2, 5}, {3, 4}], [{8}, {1, 7}, {6}, {3, 5}, {2, 4}], [{8}, {2, 7}, {1, 6}, {3, 5}, {4}], [{8}, {2, 7}, {3, 6}, {1, 5}, {4}], [{8}, {2, 7}, {3, 6}, {4, 5}, {1}], [{8}, {2, 7}, {3, 6}, {5}, {1, 4}], [{8}, {2, 7}, {3, 6}, {5}, {4}, {1}], [{8}, {2, 7}, {5, 6}, {4}, {1, 3}], [{8}, {3, 7}, {1, 6}, {2, 5}, {4}], [{8}, {3, 7}, {2, 6}, {1, 5}, {4}], [{8}, {3, 7}, {4, 6}, {5}, {1, 2}], [{8}, {3, 7}, {5, 6}, {2, 4}, {1}], [{8}, {4, 7}, {1, 6}, {2, 5}, {3}], [{8}, {4, 7}, {2, 6}, {3, 5}, {1}], [{8}, {4, 7}, {3, 6}, {5}, {1, 2}], [{8}, {4, 7}, {5, 6}, {1, 3}, {2}], [{8}, {4, 7}, {6}, {1, 5}, {2, 3}], [{8}, {5, 7}, {1, 6}, {4}, {2, 3}], [{8}, {5, 7}, {4, 6}, {1, 3}, {2}], [{8}, {5, 7}, {4, 6}, {2, 3}, {1}], [{8}, {5, 7}, {4, 6}, {3}, {1, 2}], [{8}, {5, 7}, {4, 6}, {3}, {2}, {1}], [{8}, {5, 7}, {6}, {1, 4}, {2, 3}], [{8}, {6, 7}, {1, 5}, {4}, {2, 3}], [{8}, {6, 7}, {2, 5}, {3, 4}, {1}], [{8}, {6, 7}, {3, 5}, {1, 4}, {2}], [{8}, {7}, {1, 6}, {2, 5}, {3, 4}], [{8}, {7}, {4, 6}, {1, 5}, {2, 3}], [{8}, {7}, {4, 6}, {3, 5}, {1, 2}], [{8}, {7}, {5, 6}, {2, 4}, {1, 3}], [{8}, {7}, {6}, {2, 5}, {3, 4}, {1}]]",2,8 K_1^3 - 14 K_1^2 - 4 K_1 K_2 - 4 K_1 + 7 K_2 + 8,O1O2O3U2O4U5U3O5U6U4O7U1U7O8O6U8,O1O2U1O3O4U5O6O5U3O7U6U7U2O8U4U8,O1O2U1O3O4U5O6O5U7U3O7U6U8U2O8U4,c,{'O1O2O3U4O5O4U6U3O6U7U5O8U1U8O7U2'},1,"<a href=""/flatknot/8.975688"">8.975688</a>",t^9-35t^7-66t^6+54t^5+152t^4+22t^3-56t^2-8t+6,t^2-2t,,
8.975689,O1O2O3U4O5O4U6U3O6U7U5O8U2U1O7U8,4,4z^3+36z^2+109z+107,4w^4z^3+36w^3z^2+109w^2z+107w,False,False,"[[ 0  0  0  0  1  1 -1 -2  1],[ 0  0  0  0  1  0 -1 -2  1],[ 0  0  0  0  1  0 -1 -1  0],[ 0  0  0  0  0 -1  0 -1  0],[-1 -1 -1  0  0  1 -2 -2  1],[-1  0  0  1 -1  0 -1 -1 -1],[ 1  1  1  0  2  1  0 -1  1],[ 2  2  1  1  2  1  1  0  1],[-1 -1  0  0 -1  1 -1 -1  0]]","[[ 0  1  1  1  0  0  0 -1 -2],[-1  0  1  1  0 -1 -1 -2 -2],[-1 -1  0  1  0  0 -1 -1 -1],[-1 -1 -1  0  1  0  0 -1 -1],[ 0  0  0 -1  0  0  0  0 -1],[ 0  1  0  0  0  0  0 -1 -1],[ 0  1  1  0  0  0  0 -1 -2],[ 1  2  1  1  0  1  1  0 -1],[ 2  2  1  1  1  1  2  1  0]]",True,"[-1,-1,-1,0,0,0,1,2,-1,-1,0,1,1,2,2,-1,0,0,1,1,1,-1,0,0,1,1,0,0,0,1,0,1,1,1,2,1]","[-2,-1,0,0,0,1,1,1,0,0,1,1,1,2,2,0,0,1,0,1,1,0,0,0,0,1,0,0,1,1,1,1,2,-1,-1,-1]",t^8+28t^6+109t^4+73t^2+1,"[-2,-1,0,0,0,1,1,1,0,0,1,1,1,2,2,0,0,1,0,1,1,0,0,0,0,1,0,0,1,1,1,1,2,-1,-1,-1]","[-1,-1,-1,0,0,0,1,2,-1,-1,1,1,2,1,2,-1,0,1,1,1,2,0,0,1,0,1,0,0,0,0,0,0,1,1,1,0]","[-2,-1,0,0,0,1,1,1,1,1,1,2,1,1,2,0,1,1,1,1,2,0,0,-1,0,0,0,0,0,1,0,1,1,-1,-1,-1]",c,"[[{8, 1}, {2, 7}, {3, 6}, {4, 5}], [{8, 1}, {2, 7}, {3, 6}, {5}, {4}], [{8, 1}, {2, 7}, {4, 6}, {3, 5}], [{8, 1}, {2, 7}, {5, 6}, {3, 4}], [{8, 1}, {2, 7}, {5, 6}, {4}, {3}], [{8, 1}, {2, 7}, {6}, {3, 5}, {4}], [{8, 1}, {3, 7}, {2, 6}, {4, 5}], [{8, 1}, {3, 7}, {4, 6}, {2, 5}], [{8, 1}, {3, 7}, {4, 6}, {5}, {2}], [{8, 1}, {3, 7}, {5, 6}, {2, 4}], [{8, 1}, {4, 7}, {2, 6}, {3, 5}], [{8, 1}, {4, 7}, {2, 6}, {5}, {3}], [{8, 1}, {4, 7}, {3, 6}, {2, 5}], [{8, 1}, {4, 7}, {3, 6}, {5}, {2}], [{8, 1}, {4, 7}, {5, 6}, {2, 3}], [{8, 1}, {4, 7}, {6}, {5}, {2, 3}], [{8, 1}, {5, 7}, {2, 6}, {3, 4}], [{8, 1}, {5, 7}, {3, 6}, {2, 4}], [{8, 1}, {5, 7}, {4, 6}, {2, 3}], [{8, 1}, {5, 7}, {4, 6}, {3}, {2}], [{8, 1}, {6, 7}, {2, 5}, {3, 4}], [{8, 1}, {6, 7}, {3, 5}, {2, 4}], [{8, 1}, {6, 7}, {4, 5}, {2, 3}], [{8, 1}, {7}, {3, 6}, {5}, {2, 4}], [{8, 1}, {7}, {4, 6}, {3, 5}, {2}], [{8, 1}, {7}, {6}, {2, 5}, {3, 4}], [{8, 2}, {1, 7}, {3, 6}, {4, 5}], [{8, 2}, {1, 7}, {3, 6}, {5}, {4}], [{8, 2}, {1, 7}, {4, 6}, {3, 5}], [{8, 2}, {1, 7}, {5, 6}, {3, 4}], [{8, 2}, {1, 7}, {5, 6}, {4}, {3}], [{8, 2}, {1, 7}, {6}, {3, 5}, {4}], [{8, 2}, {3, 7}, {1, 6}, {4, 5}], [{8, 2}, {3, 7}, {1, 6}, {5}, {4}], [{8, 2}, {3, 7}, {4, 6}, {1, 5}], [{8, 2}, {3, 7}, {5, 6}, {1, 4}], [{8, 2}, {3, 7}, {5, 6}, {4}, {1}], [{8, 2}, {3, 7}, {6}, {1, 5}, {4}], [{8, 2}, {4, 7}, {1, 6}, {3, 5}], [{8, 2}, {4, 7}, {3, 6}, {1, 5}], [{8, 2}, {4, 7}, {3, 6}, {5}, {1}], [{8, 2}, {4, 7}, {5, 6}, {1, 3}], [{8, 2}, {5, 7}, {1, 6}, {3, 4}], [{8, 2}, {5, 7}, {1, 6}, {4}, {3}], [{8, 2}, {5, 7}, {3, 6}, {1, 4}], [{8, 2}, {5, 7}, {3, 6}, {4}, {1}], [{8, 2}, {5, 7}, {4, 6}, {1, 3}], [{8, 2}, {5, 7}, {4, 6}, {3}, {1}], [{8, 2}, {5, 7}, {6}, {1, 4}, {3}], [{8, 2}, {5, 7}, {6}, {3, 4}, {1}], [{8, 2}, {5, 7}, {6}, {4}, {1, 3}], [{8, 2}, {5, 7}, {6}, {4}, {3}, {1}], [{8, 2}, {6, 7}, {1, 5}, {3, 4}], [{8, 2}, {6, 7}, {1, 5}, {4}, {3}], [{8, 2}, {6, 7}, {3, 5}, {1, 4}], [{8, 2}, {6, 7}, {3, 5}, {4}, {1}], [{8, 2}, {6, 7}, {4, 5}, {1, 3}], [{8, 2}, {6, 7}, {5}, {4}, {1, 3}], [{8, 2}, {7}, {1, 6}, {3, 5}, {4}], [{8, 2}, {7}, {3, 6}, {1, 5}, {4}], [{8, 2}, {7}, {3, 6}, {4, 5}, {1}], [{8, 2}, {7}, {3, 6}, {5}, {1, 4}], [{8, 2}, {7}, {3, 6}, {5}, {4}, {1}], [{8, 2}, {7}, {5, 6}, {4}, {1, 3}], [{8, 3}, {1, 7}, {2, 6}, {4, 5}], [{8, 3}, {1, 7}, {4, 6}, {2, 5}], [{8, 3}, {1, 7}, {4, 6}, {5}, {2}], [{8, 3}, {1, 7}, {5, 6}, {2, 4}], [{8, 3}, {2, 7}, {1, 6}, {4, 5}], [{8, 3}, {2, 7}, {4, 6}, {1, 5}], [{8, 3}, {2, 7}, {5, 6}, {1, 4}], [{8, 3}, {2, 7}, {6}, {1, 5}, {4}], [{8, 3}, {2, 7}, {6}, {4, 5}, {1}], [{8, 3}, {2, 7}, {6}, {5}, {1, 4}], [{8, 3}, {4, 7}, {1, 6}, {2, 5}], [{8, 3}, {4, 7}, {2, 6}, {1, 5}], [{8, 3}, {4, 7}, {5, 6}, {1, 2}], [{8, 3}, {4, 7}, {5, 6}, {2}, {1}], [{8, 3}, {5, 7}, {1, 6}, {2, 4}], [{8, 3}, {5, 7}, {1, 6}, {4}, {2}], [{8, 3}, {5, 7}, {2, 6}, {1, 4}], [{8, 3}, {5, 7}, {4, 6}, {1, 2}], [{8, 3}, {5, 7}, {4, 6}, {2}, {1}], [{8, 3}, {5, 7}, {6}, {1, 4}, {2}], [{8, 3}, {6, 7}, {1, 5}, {2, 4}], [{8, 3}, {6, 7}, {2, 5}, {1, 4}], [{8, 3}, {6, 7}, {4, 5}, {1, 2}], [{8, 3}, {6, 7}, {5}, {2, 4}, {1}], [{8, 3}, {7}, {4, 6}, {1, 5}, {2}], [{8, 3}, {7}, {6}, {2, 5}, {1, 4}], [{8, 4}, {1, 7}, {2, 6}, {3, 5}], [{8, 4}, {1, 7}, {3, 6}, {2, 5}], [{8, 4}, {1, 7}, {3, 6}, {5}, {2}], [{8, 4}, {1, 7}, {5, 6}, {2, 3}], [{8, 4}, {2, 7}, {1, 6}, {3, 5}], [{8, 4}, {2, 7}, {3, 6}, {1, 5}], [{8, 4}, {2, 7}, {3, 6}, {5}, {1}], [{8, 4}, {2, 7}, {5, 6}, {1, 3}], [{8, 4}, {3, 7}, {1, 6}, {2, 5}], [{8, 4}, {3, 7}, {2, 6}, {1, 5}], [{8, 4}, {3, 7}, {5, 6}, {1, 2}], [{8, 4}, {3, 7}, {5, 6}, {2}, {1}], [{8, 4}, {5, 7}, {1, 6}, {2, 3}], [{8, 4}, {5, 7}, {2, 6}, {1, 3}], [{8, 4}, {5, 7}, {2, 6}, {3}, {1}], [{8, 4}, {5, 7}, {3, 6}, {1, 2}], [{8, 4}, {6, 7}, {1, 5}, {2, 3}], [{8, 4}, {6, 7}, {1, 5}, {3}, {2}], [{8, 4}, {6, 7}, {2, 5}, {1, 3}], [{8, 4}, {6, 7}, {3, 5}, {1, 2}], [{8, 4}, {7}, {3, 6}, {5}, {1, 2}], [{8, 4}, {7}, {6}, {2, 5}, {1, 3}], [{8, 5}, {1, 7}, {2, 6}, {3, 4}], [{8, 5}, {1, 7}, {3, 6}, {2, 4}], [{8, 5}, {1, 7}, {4, 6}, {2, 3}], [{8, 5}, {1, 7}, {4, 6}, {3}, {2}], [{8, 5}, {2, 7}, {1, 6}, {3, 4}], [{8, 5}, {2, 7}, {3, 6}, {1, 4}], [{8, 5}, {2, 7}, {3, 6}, {4}, {1}], [{8, 5}, {2, 7}, {4, 6}, {1, 3}], [{8, 5}, {2, 7}, {4, 6}, {3}, {1}], [{8, 5}, {2, 7}, {6}, {3, 4}, {1}], [{8, 5}, {3, 7}, {1, 6}, {2, 4}], [{8, 5}, {3, 7}, {2, 6}, {1, 4}], [{8, 5}, {3, 7}, {4, 6}, {1, 2}], [{8, 5}, {3, 7}, {4, 6}, {2}, {1}], [{8, 5}, {4, 7}, {1, 6}, {2, 3}], [{8, 5}, {4, 7}, {2, 6}, {1, 3}], [{8, 5}, {4, 7}, {3, 6}, {1, 2}], [{8, 5}, {4, 7}, {6}, {2, 3}, {1}], [{8, 5}, {6, 7}, {1, 4}, {2, 3}], [{8, 5}, {6, 7}, {2, 4}, {1, 3}], [{8, 5}, {6, 7}, {3, 4}, {1, 2}], [{8, 5}, {6, 7}, {4}, {2, 3}, {1}], [{8, 5}, {7}, {4, 6}, {1, 3}, {2}], [{8, 5}, {7}, {4, 6}, {2, 3}, {1}], [{8, 5}, {7}, {4, 6}, {3}, {1, 2}], [{8, 5}, {7}, {4, 6}, {3}, {2}, {1}], [{8, 6}, {1, 7}, {2, 5}, {3, 4}], [{8, 6}, {1, 7}, {3, 5}, {2, 4}], [{8, 6}, {1, 7}, {4, 5}, {2, 3}], [{8, 6}, {1, 7}, {5}, {4}, {2, 3}], [{8, 6}, {2, 7}, {1, 5}, {3, 4}], [{8, 6}, {2, 7}, {1, 5}, {4}, {3}], [{8, 6}, {2, 7}, {3, 5}, {1, 4}], [{8, 6}, {2, 7}, {4, 5}, {1, 3}], [{8, 6}, {2, 7}, {4, 5}, {3}, {1}], [{8, 6}, {2, 7}, {5}, {1, 4}, {3}], [{8, 6}, {3, 7}, {1, 5}, {2, 4}], [{8, 6}, {3, 7}, {2, 5}, {1, 4}], [{8, 6}, {3, 7}, {2, 5}, {4}, {1}], [{8, 6}, {3, 7}, {4, 5}, {1, 2}], [{8, 6}, {4, 7}, {1, 5}, {2, 3}], [{8, 6}, {4, 7}, {2, 5}, {1, 3}], [{8, 6}, {4, 7}, {2, 5}, {3}, {1}], [{8, 6}, {4, 7}, {3, 5}, {1, 2}], [{8, 6}, {5, 7}, {1, 4}, {2, 3}], [{8, 6}, {5, 7}, {2, 4}, {1, 3}], [{8, 6}, {5, 7}, {2, 4}, {3}, {1}], [{8, 6}, {5, 7}, {3, 4}, {1, 2}], [{8, 6}, {7}, {2, 5}, {3, 4}, {1}], [{8, 7}, {1, 6}, {2, 5}, {3, 4}], [{8, 7}, {1, 6}, {3, 5}, {2, 4}], [{8, 7}, {1, 6}, {4, 5}, {2, 3}], [{8, 7}, {1, 6}, {5}, {3, 4}, {2}], [{8, 7}, {2, 6}, {1, 5}, {3, 4}], [{8, 7}, {2, 6}, {3, 5}, {1, 4}], [{8, 7}, {2, 6}, {4, 5}, {1, 3}], [{8, 7}, {2, 6}, {5}, {3, 4}, {1}], [{8, 7}, {3, 6}, {1, 5}, {2, 4}], [{8, 7}, {3, 6}, {1, 5}, {4}, {2}], [{8, 7}, {3, 6}, {2, 5}, {1, 4}], [{8, 7}, {3, 6}, {2, 5}, {4}, {1}], [{8, 7}, {3, 6}, {4, 5}, {1, 2}], [{8, 7}, {3, 6}, {4, 5}, {2}, {1}], [{8, 7}, {3, 6}, {5}, {1, 4}, {2}], [{8, 7}, {3, 6}, {5}, {2, 4}, {1}], [{8, 7}, {3, 6}, {5}, {4}, {1, 2}], [{8, 7}, {3, 6}, {5}, {4}, {2}, {1}], [{8, 7}, {4, 6}, {1, 5}, {2, 3}], [{8, 7}, {4, 6}, {1, 5}, {3}, {2}], [{8, 7}, {4, 6}, {2, 5}, {1, 3}], [{8, 7}, {4, 6}, {2, 5}, {3}, {1}], [{8, 7}, {4, 6}, {3, 5}, {1, 2}], [{8, 7}, {4, 6}, {3, 5}, {2}, {1}], [{8, 7}, {4, 6}, {5}, {1, 3}, {2}], [{8, 7}, {4, 6}, {5}, {2, 3}, {1}], [{8, 7}, {4, 6}, {5}, {3}, {1, 2}], [{8, 7}, {4, 6}, {5}, {3}, {2}, {1}], [{8, 7}, {5, 6}, {1, 4}, {2, 3}], [{8, 7}, {5, 6}, {2, 4}, {1, 3}], [{8, 7}, {5, 6}, {3, 4}, {1, 2}], [{8, 7}, {5, 6}, {3, 4}, {2}, {1}], [{8, 7}, {6}, {1, 5}, {3, 4}, {2}], [{8, 7}, {6}, {2, 5}, {3, 4}, {1}], [{8, 7}, {6}, {5}, {3, 4}, {1, 2}], [{8, 7}, {6}, {5}, {3, 4}, {2}, {1}], [{8}, {1, 7}, {3, 6}, {5}, {2, 4}], [{8}, {1, 7}, {4, 6}, {3, 5}, {2}], [{8}, {1, 7}, {6}, {2, 5}, {3, 4}], [{8}, {2, 7}, {3, 6}, {1, 5}, {4}], [{8}, {2, 7}, {3, 6}, {4, 5}, {1}], [{8}, {2, 7}, {3, 6}, {5}, {1, 4}], [{8}, {2, 7}, {3, 6}, {5}, {4}, {1}], [{8}, {3, 7}, {1, 6}, {4, 5}, {2}], [{8}, {3, 7}, {2, 6}, {5}, {1, 4}], [{8}, {3, 7}, {4, 6}, {1, 5}, {2}], [{8}, {3, 7}, {5, 6}, {2, 4}, {1}], [{8}, {4, 7}, {2, 6}, {3, 5}, {1}], [{8}, {4, 7}, {3, 6}, {5}, {1, 2}], [{8}, {4, 7}, {6}, {1, 5}, {2, 3}], [{8}, {5, 7}, {1, 6}, {4}, {2, 3}], [{8}, {5, 7}, {4, 6}, {1, 3}, {2}], [{8}, {5, 7}, {4, 6}, {2, 3}, {1}], [{8}, {5, 7}, {4, 6}, {3}, {1, 2}], [{8}, {5, 7}, {4, 6}, {3}, {2}, {1}], [{8}, {5, 7}, {6}, {1, 4}, {2, 3}], [{8}, {6, 7}, {1, 5}, {2, 4}, {3}], [{8}, {6, 7}, {2, 5}, {3, 4}, {1}], [{8}, {6, 7}, {3, 5}, {1, 4}, {2}], [{8}, {7}, {1, 6}, {2, 5}, {3, 4}], [{8}, {7}, {2, 6}, {1, 5}, {3, 4}], [{8}, {7}, {5, 6}, {3, 4}, {1, 2}], [{8}, {7}, {6}, {2, 5}, {3, 4}, {1}]]",2,- 6 K_1^2 - 4 K_1 K_2 + 2 K_1 + 3 K_2 + 2 K_3 + 4,O1O2O3U4O5U3U2O4U6U5O7U1U7O8O6U8,O1O2U1O3O4U5O6O7U3O5U7U6U2O8U4U8,O1O2U3O4O5U6O7O6U8U4O8U7U2U1O3U5,c,{'O1O2O3U4O5O4U6U3O6U7U5O8U2U1O7U8'},1,"<a href=""/flatknot/8.975689"">8.975689</a>",t^9-30t^7-68t^6-6t^5+42t^4-33t^3+2t^2+39t-14,t^2-2t,,
8.975690,O1O2O3U4O5O4U6U5O6U7U1O7U8U3O8U2,4,6z^3+49z^2+116z+85,6w^4z^3+49w^3z^2+116w^2z+85w,False,False,"[[ 0 -1  1  2  1  0 -1 -1 -1],[ 1  0  1  0  2  0  0  1  0],[-1 -1  0  1  0  0 -2 -1 -2],[-2  0 -1  0 -1  0 -3 -2 -2],[-1 -2  0  1  0  0 -1 -2 -2],[ 0  0  0  0  0  0  0  0  0],[ 1  0  2  3  1  0  0  0  0],[ 1 -1  1  2  2  0  0  0  0],[ 1  0  2  2  2  0  0  0  0]]","[[ 0  2  1  1 -1 -1 -1 -1],[-2  0 -1 -1  0 -2 -2 -3],[-1  1  0  0 -1 -1 -2 -2],[-1  1  0  0 -2 -2 -2 -1],[ 1  0  1  2  0  1  0  0],[ 1  2  1  2 -1  0  0  0],[ 1  2  2  2  0  0  0  0],[ 1  3  2  1  0  0  0  0]]",False,"[-2,-1,-1,1,1,1,1,1,1,0,2,2,3,0,1,1,2,2,2,2,2,1,-1,0,0,0,0,0]","[-2,-1,-1,1,1,1,1,0,0,0,1,1,3,0,0,0,1,1,1,0,0,0,0,0,0,0,0,-1]",t^7+43t^5+175t^3+81t,"[-1,-1,-1,-1,1,1,2,-1,0,0,0,1,3,0,0,0,1,1,0,0,0,1,1,0,0,0,0,0]","[-2,-1,-1,1,1,1,1,0,0,0,1,1,3,0,0,0,1,1,1,0,0,0,0,0,0,0,0,-1]","[-1,-1,-1,-1,1,1,2,-1,0,0,1,2,2,0,0,1,2,0,0,2,1,3,2,2,2,0,1,1]",c,"[[{8, 1}, {3, 7}, {4, 6}, {2, 5}], [{8, 1}, {3, 7}, {4, 6}, {5}, {2}], [{8, 7}, {4, 6}, {2, 5}, {1, 3}], [{8, 7}, {4, 6}, {5}, {1, 3}, {2}]]",1,12 K_1^3 - 2 K_1^2 - 8 K_1 K_2 - 5 K_1 + K_2 + K_3 + 2,O1O2O3U2O4U1U4O5U3U5O6U7U6O8O7U8,O1O2U1O3O4U3O5O6U5O7U4U7U6O8U2U8,O1O2U3O4O3U5O6O5U7U6O7U1U8U4O8U2,c,{'O1O2O3U4O5O4U6U5O6U7U1O7U8U3O8U2'},1,"<a href=""/flatknot/8.975690"">8.975690</a>",t^8-41t^6-50t^5+168t^4+148t^3-33t^2-2t+1,-t^2+2t,,
8.975691,O1O2O3U4O5O4U6U5O6U7U2O7U8U1O8U3,3,21z^2+94z+105,21w^3z^2+94w^2z+105w,False,False,"[[ 0  0  0  2  1  0 -1 -1 -1],[ 0  0  1  1  1  0 -1 -1  0],[ 0 -1  0  0  1  0 -1  0  0],[-2 -1  0  0 -1  0 -3 -2 -2],[-1 -1 -1  1  0  0 -1 -2 -2],[ 0  0  0  0  0  0  0  0  0],[ 1  1  1  3  1  0  0  0  0],[ 1  1  0  2  2  0  0  0  0],[ 1  0  0  2  2  0  0  0  0]]","[[ 0  2  1  0  0 -1 -1 -1],[-2  0 -1  0 -1 -2 -2 -3],[-1  1  0 -1 -1 -2 -2 -1],[ 0  0  1  0 -1  0  0 -1],[ 0  1  1  1  0  0 -1 -1],[ 1  2  2  0  0  0  0  0],[ 1  2  2  0  1  0  0  0],[ 1  3  1  1  1  0  0  0]]",False,"[-2,-1,0,0,1,1,1,1,0,1,2,2,3,1,1,2,2,1,1,0,0,1,0,1,1,0,0,0]","[-2,-1,0,0,1,1,1,0,1,2,0,1,1,0,0,1,0,0,1,0,0,1,0,1,1,0,0,0]",t^7+34t^5+131t^3+68t,"[-1,-1,-1,0,0,1,2,0,0,0,0,1,0,0,0,1,0,1,1,1,0,1,-1,0,1,0,2,0]","[-2,-1,0,0,1,1,1,0,1,2,0,1,1,0,0,1,0,0,1,0,0,1,0,1,1,0,0,0]","[-1,-1,-1,0,0,1,2,0,0,0,0,2,2,0,0,1,2,2,1,1,1,3,-1,1,0,1,1,1]",c,"[[{8, 1}, {5, 7}, {4, 6}, {2, 3}], [{8, 1}, {7}, {4, 6}, {5}, {2, 3}], [{8, 3}, {5, 7}, {4, 6}, {1, 2}], [{8, 3}, {7}, {4, 6}, {5}, {1, 2}], [{8, 5}, {2, 7}, {4, 6}, {1, 3}], [{8, 5}, {3, 7}, {4, 6}, {1, 2}], [{8, 6}, {5, 7}, {3, 4}, {1, 2}], [{8, 6}, {7}, {5}, {3, 4}, {1, 2}], [{8, 7}, {4, 6}, {3, 5}, {1, 2}], [{8, 7}, {4, 6}, {5}, {3}, {1, 2}], [{8}, {2, 7}, {4, 6}, {5}, {1, 3}], [{8}, {3, 7}, {4, 6}, {5}, {1, 2}]]",1,4 K_1^3 - 14 K_1^2 - 8 K_1 K_2 + K_1 + 7 K_2 + 3 K_3 + 8,O1O2O3U1O4U3U4O5U2U5O6U7U6O8O7U8,O1O2U1O3O4U3O5O6U5O7U6U4U7O8U2U8,O1O2U3O4O3U5O6O5U7U6O7U8U4U1O8U2,c,{'O1O2O3U4O5O4U6U5O6U7U2O7U8U1O8U3'},1,"<a href=""/flatknot/8.975691"">8.975691</a>",t^8-32t^6-42t^5+72t^4+38t^3-53t^2+28t-4,-t^2+2t,,
8.975692,O1O2O3U4O5O4U6U5O6U7U8O7U1U2O8U3,4,12z^3+65z^2+114z+65,12w^4z^3+65w^3z^2+114w^2z+65w,False,False,"[[ 0 -1  1  2  1  0 -1 -1 -1],[ 1  0  1  1  2  0  0  1  1],[-1 -1  0  0  0  0 -2 -1  0],[-2 -1  0  0 -1  0 -3 -3 -1],[-1 -2  0  1  0  0 -1 -2 -2],[ 0  0  0  0  0  0  0  0  0],[ 1  0  2  3  1  0  0  0  0],[ 1 -1  1  3  2  0  0  0 -1],[ 1 -1  0  1  2  0  0  1  0]]","[[ 0  2  1  1 -1 -1 -1 -1],[-2  0  0 -1 -1 -1 -3 -3],[-1  0  0  0  0 -1 -1 -2],[-1  1  0  0 -2 -2 -2 -1],[ 1  1  0  2  0 -1  1  0],[ 1  1  1  2  1  0  1  0],[ 1  3  1  2 -1 -1  0  0],[ 1  3  2  1  0  0  0  0]]",False,"[-2,-1,-1,1,1,1,1,0,1,1,1,3,3,0,0,1,1,2,2,2,2,1,1,-1,0,-1,0,0]","[-2,-1,-1,1,1,1,1,0,1,0,0,2,2,0,0,1,0,0,1,0,1,2,0,-1,-1,0,0,1]",t^7+43t^5+205t^3+43t,"[-1,-1,-1,-1,1,1,2,-1,-1,0,0,1,2,-1,0,0,2,2,0,0,1,0,1,0,0,0,0,1]","[-2,-1,-1,1,1,1,1,0,1,0,0,2,2,0,0,1,0,0,1,0,1,2,0,-1,-1,0,0,1]","[-1,-1,-1,-1,1,1,2,-1,-1,0,1,2,3,-1,0,0,2,1,0,1,2,1,2,1,3,0,0,1]",c,"[[{8, 1}, {2, 7}, {4, 6}, {3, 5}], [{8, 1}, {2, 7}, {4, 6}, {5}, {3}], [{8, 3}, {2, 7}, {1, 6}, {4, 5}], [{8, 3}, {2, 7}, {1, 6}, {5}, {4}], [{8, 3}, {2, 7}, {4, 6}, {1, 5}], [{8, 3}, {2, 7}, {4, 6}, {5}, {1}], [{8, 3}, {2, 7}, {5, 6}, {1, 4}], [{8, 3}, {2, 7}, {6}, {5}, {1, 4}], [{8, 5}, {2, 7}, {3, 6}, {1, 4}], [{8, 5}, {2, 7}, {4, 6}, {1, 3}], [{8, 6}, {2, 7}, {3, 5}, {1, 4}], [{8, 6}, {2, 7}, {5}, {1, 4}, {3}], [{8}, {2, 7}, {3, 6}, {5}, {1, 4}], [{8}, {2, 7}, {4, 6}, {5}, {1, 3}]]",1,12 K_1^3 - 2 K_1^2 - 8 K_1 K_2 - 5 K_1 + K_2 + K_3 + 2,O1O2O3U1O4U2U3O5U4U5O6U7U6O8O7U8,O1O2U1O3O4U3O5O6U4O7U5U6U7O8U2U8,O1O2U3O4O3U5O6O5U7U6O7U8U1U2O8U4,c,{'O1O2O3U4O5O4U6U5O6U7U8O7U1U2O8U3'},1,"<a href=""/flatknot/8.975692"">8.975692</a>",t^8-41t^6-70t^5+130t^4+252t^3+11t^2-62t+3,-t^2+2t,,
8.975693,O1O2O3U4O5O4U6U5O6U7U8O7U1U3O8U2,4,3z^3+41z^2+117z+95,3w^4z^3+41w^3z^2+117w^2z+95w,False,False,"[[ 0 -1  1  2  1  0 -1 -1 -1],[ 1  0  1  1  2  0  0  1  1],[-1 -1  0  1  0  0 -2 -2 -1],[-2 -1 -1  0 -1  0 -3 -2 -1],[-1 -2  0  1  0  0 -1 -2 -2],[ 0  0  0  0  0  0  0  0  0],[ 1  0  2  3  1  0  0  0  0],[ 1 -1  2  2  2  0  0  0 -1],[ 1 -1  1  1  2  0  0  1  0]]","[[ 0  2  1  1 -1 -1 -1 -1],[-2  0 -1 -1 -1 -1 -2 -3],[-1  1  0  0 -1 -1 -2 -2],[-1  1  0  0 -2 -2 -2 -1],[ 1  1  1  2  0  1  1  0],[ 1  1  1  2 -1  0  1  0],[ 1  2  2  2 -1 -1  0  0],[ 1  3  2  1  0  0  0  0]]",False,"[-2,-1,-1,1,1,1,1,1,1,1,1,2,3,0,1,1,2,2,2,2,2,1,-1,-1,0,-1,0,0]","[-2,-1,-1,1,1,1,1,0,0,0,1,2,2,0,0,0,1,1,1,0,0,0,0,0,0,-1,-1,-1]",t^7+43t^5+165t^3+43t,"[-1,-1,-1,-1,1,1,2,-1,-1,0,0,1,2,-1,0,0,1,2,0,0,0,1,1,0,0,0,0,0]","[-2,-1,-1,1,1,1,1,0,0,0,1,2,2,0,0,0,1,1,1,0,0,0,0,0,0,-1,-1,-1]","[-1,-1,-1,-1,1,1,2,-1,-1,0,2,2,2,-1,0,1,2,1,0,1,2,1,2,1,3,0,1,1]",c,"[[{8, 1}, {3, 7}, {4, 6}, {2, 5}], [{8, 1}, {3, 7}, {4, 6}, {5}, {2}], [{8, 3}, {1, 7}, {4, 6}, {2, 5}], [{8, 3}, {1, 7}, {4, 6}, {5}, {2}], [{8, 3}, {6, 7}, {2, 5}, {1, 4}], [{8, 3}, {6, 7}, {5}, {1, 4}, {2}], [{8, 6}, {1, 7}, {2, 5}, {3, 4}], [{8, 6}, {1, 7}, {5}, {3, 4}, {2}], [{8, 6}, {3, 7}, {2, 5}, {1, 4}], [{8, 6}, {3, 7}, {5}, {1, 4}, {2}]]",1,20 K_1^3 - 6 K_1^2 - 20 K_1 K_2 - 5 K_1 + 3 K_2 + 5 K_3 + 4,O1O2O3U2O4U1U3O5U4U5O6U7U6O8O7U8,O1O2U1O3O4U3O5O6U4O7U5U7U6O8U2U8,O1O2U3O4O3U5O6O5U7U6O7U1U8U2O8U4,c,{'O1O2O3U4O5O4U6U5O6U7U8O7U1U3O8U2'},1,"<a href=""/flatknot/8.975693"">8.975693</a>",t^8-41t^6-90t^5+64t^4+276t^3+203t^2+54t+13,-t^2+2t,,
8.975694,O1O2O3U4O5O4U6U5O6U7U8O7U2U1O8U3,4,9z^3+57z^2+115z+75,9w^4z^3+57w^3z^2+115w^2z+75w,False,False,"[[ 0  0  0  2  1  0 -1 -1 -1],[ 0  0  0  1  1  0 -1  0  0],[ 0  0  0  0  1  0 -1  0  1],[-2 -1  0  0 -1  0 -3 -3 -1],[-1 -1 -1  1  0  0 -1 -2 -2],[ 0  0  0  0  0  0  0  0  0],[ 1  1  1  3  1  0  0  0  0],[ 1  0  0  3  2  0  0  0 -1],[ 1  0 -1  1  2  0  0  1  0]]","[[ 0  2  1  0  0 -1 -1 -1],[-2  0 -1  0 -1 -1 -3 -3],[-1  1  0 -1 -1 -2 -1 -2],[ 0  0  1  0  0  1 -1  0],[ 0  1  1  0  0  0 -1  0],[ 1  1  2 -1  0  0  0  1],[ 1  3  1  1  1  0  0  0],[ 1  3  2  0  0 -1  0  0]]",False,"[-2,-1,0,0,1,1,1,1,0,1,1,3,3,1,1,2,1,2,0,-1,1,0,0,1,0,0,-1,0]","[-2,-1,0,0,1,1,1,0,1,2,0,0,2,0,0,0,1,0,0,1,0,1,1,0,2,0,-1,0]",t^7+36t^5+172t^3+23t,"[-1,-1,-1,0,0,1,2,-1,0,1,2,0,2,0,1,1,0,0,0,0,1,0,0,0,1,0,2,0]","[-2,-1,0,0,1,1,1,0,1,2,0,0,2,0,0,0,1,0,0,1,0,1,1,0,2,0,-1,0]","[-1,-1,-1,0,0,1,2,-1,0,0,0,2,3,0,-1,0,2,1,1,1,1,3,0,1,0,1,1,1]",c,"[[{8, 1}, {5, 7}, {4, 6}, {2, 3}], [{8, 1}, {7}, {4, 6}, {5}, {2, 3}], [{8, 2}, {5, 7}, {4, 6}, {1, 3}], [{8, 2}, {7}, {4, 6}, {5}, {1, 3}]]",1,4 K_1^3 + 2 K_1^2 - 4 K_1 K_2 - K_1 - K_2 + K_3,O1O2O3U1O4U3U2O5U4U5O6U7U6O8O7U8,O1O2U1O3O4U3O5O6U4O7U6U5U7O8U2U8,O1O2U3O4O3U5O6O5U7U6O7U8U2U1O8U4,c,{'O1O2O3U4O5O4U6U5O6U7U8O7U2U1O8U3'},1,"<a href=""/flatknot/8.975694"">8.975694</a>",t^8-34t^6-50t^5+103t^4+114t^3-105t^2-6t+17,-t^2+2t,,
8.975695,O1O2O3U4O5O4U6U5O6U7U8O7U3U1O8U2,2,22z+45,22w^2z+45w,False,False,"[[ 0  0  1  1  1  0 -1 -1 -1],[ 0  0  0  0  1  0 -1  0  0],[-1  0  0  1  0  0 -2 -2 -1],[-1  0 -1  0  0  0 -2 -1  0],[-1 -1  0  0  0  0 -1 -2 -2],[ 0  0  0  0  0  0  0  0  0],[ 1  1  2  2  1  0  0  0  0],[ 1  0  2  1  2  0  0  0 -1],[ 1  0  1  0  2  0  0  1  0]]","[[ 0  1  1  1  0 -1 -1 -1],[-1  0  1  0  0 -1 -2 -2],[-1 -1  0  0  0  0 -1 -2],[-1  0  0  0 -1 -2 -2 -1],[ 0  0  0  1  0  0  0 -1],[ 1  1  0  2  0  0  1  0],[ 1  2  1  2  0 -1  0  0],[ 1  2  2  1  1  0  0  0]]",False,"[-1,-1,-1,0,1,1,1,-1,0,0,1,2,2,0,0,0,1,2,1,2,2,1,0,0,1,-1,0,0]","[-1,-1,-1,0,1,1,1,-1,0,0,1,2,2,0,0,0,1,2,1,2,2,1,0,0,1,-1,0,0]",t^7+27t^5+104t^3,"[-1,-1,-1,0,1,1,1,-1,0,1,0,1,2,0,1,0,0,1,0,1,0,0,0,1,1,0,0,-1]","[-1,-1,-1,0,1,1,1,-1,0,1,0,1,2,0,1,0,0,1,0,1,0,0,0,1,1,0,0,-1]","[-1,-1,-1,0,1,1,1,-1,0,0,1,2,2,0,0,0,1,2,1,2,2,1,0,0,1,-1,0,0]",-,"[[{8, 2}, {3, 7}, {4, 6}, {1, 5}], [{8, 2}, {3, 7}, {4, 6}, {5}, {1}], [{8, 3}, {2, 7}, {4, 6}, {1, 5}], [{8, 3}, {2, 7}, {4, 6}, {5}, {1}]]",0,- 8 K_1^2 + 4 K_2 + 5,O1O2O3U2O4U3U1O5U4U5O6U7U6O8O7U8,O1O2U1O3O4U3O5O6U4O7U6U7U5O8U2U8,Same,-,"{'O1O2U3O4O3U5O6O5U7U6O7U8U1O8U2U4', 'O1O2O3U4O5O4U6U5O6U7U8O7U3U1O8U2', 'O1O2U3O4O3U5O6O5U7U6O7U2U8U1O8U4'}",3,"<a href=""/flatknot/8.975695"">8.975695</a>",t^8-27t^6-26t^5+104t^4+120t^3-48t^2-64t,0,,
8.975696,O1O2O3U4O5O4U6U5O6U7U2O8U3U1O7U8,3,26z^2+99z+95,26w^3z^2+99w^2z+95w,False,False,"[[ 0  0  0  1  1  0 -1 -2  1],[ 0  0 -1  1  1  0 -1 -2  1],[ 0  1  0  1  1  0 -1 -1  0],[-1 -1 -1  0  0  0 -2 -1  0],[-1 -1 -1  0  0  0 -1 -3  1],[ 0  0  0  0  0  0  0  0  0],[ 1  1  1  2  1  0  0 -1  1],[ 2  2  1  1  3  0  1  0  1],[-1 -1  0  0 -1  0 -1 -1  0]]","[[ 0  1  1  1  0  0 -1 -2],[-1  0  1  0 -1 -1 -1 -3],[-1 -1  0  0  0 -1 -1 -1],[-1  0  0  0 -1 -1 -2 -1],[ 0  1  0  1  0  1 -1 -1],[ 0  1  1  1 -1  0 -1 -2],[ 1  1  1  2  1  1  0 -1],[ 2  3  1  1  1  2  1  0]]",False,"[-1,-1,-1,0,0,1,2,-1,0,1,1,1,3,0,0,1,1,1,1,1,2,1,-1,1,1,1,2,1]","[-2,-1,0,0,1,1,1,0,0,1,0,2,2,0,0,1,0,1,1,0,0,0,0,0,1,0,-1,0]",t^7+32t^5+95t^3+38t,"[-2,-1,0,0,1,1,1,0,0,1,0,2,2,0,0,1,0,1,1,0,0,0,0,0,1,0,-1,0]","[-1,-1,-1,0,0,1,2,-1,0,0,1,1,2,0,0,0,1,0,0,0,0,2,-1,0,0,0,1,0]","[-2,-1,0,0,1,1,1,1,1,2,1,1,3,1,1,1,2,1,1,0,1,1,1,1,1,0,-1,0]",c,"[[{8, 1}, {2, 7}, {3, 6}, {4, 5}], [{8, 1}, {2, 7}, {3, 6}, {5}, {4}], [{8, 1}, {2, 7}, {4, 6}, {3, 5}], [{8, 1}, {2, 7}, {4, 6}, {5}, {3}], [{8, 1}, {2, 7}, {5, 6}, {3, 4}], [{8, 1}, {2, 7}, {6}, {5}, {3, 4}], [{8, 3}, {5, 7}, {4, 6}, {1, 2}], [{8, 3}, {7}, {4, 6}, {5}, {1, 2}], [{8, 4}, {5, 7}, {3, 6}, {1, 2}], [{8, 4}, {7}, {3, 6}, {5}, {1, 2}], [{8, 5}, {1, 7}, {3, 6}, {2, 4}], [{8, 5}, {1, 7}, {4, 6}, {2, 3}], [{8, 5}, {3, 7}, {4, 6}, {1, 2}], [{8, 5}, {4, 7}, {3, 6}, {1, 2}], [{8, 7}, {3, 6}, {4, 5}, {1, 2}], [{8, 7}, {3, 6}, {5}, {4}, {1, 2}], [{8, 7}, {4, 6}, {3, 5}, {1, 2}], [{8, 7}, {4, 6}, {5}, {3}, {1, 2}], [{8, 7}, {5, 6}, {3, 4}, {1, 2}], [{8, 7}, {6}, {5}, {3, 4}, {1, 2}], [{8}, {1, 7}, {3, 6}, {5}, {2, 4}], [{8}, {1, 7}, {4, 6}, {5}, {2, 3}], [{8}, {3, 7}, {4, 6}, {5}, {1, 2}], [{8}, {4, 7}, {3, 6}, {5}, {1, 2}]]",1,4 K_1^3 - 10 K_1^2 - 4 K_1 K_2 - K_1 + 5 K_2 + K_3 + 6,O1O2O3U4O5U3U1O4U2U5O6U7U6O8O7U8,O1O2U1O3O4U5O6O7U3O5U7U4U6O8U2U8,O1O2U3O4O5U6O7O6U8U7O8U2U4U1O3U5,c,{'O1O2O3U4O5O4U6U5O6U7U2O8U3U1O7U8'},1,"<a href=""/flatknot/8.975696"">8.975696</a>",t^8-34t^6-82t^5-2t^4+112t^3+57t^2+12t+20,t^2-2t,,
8.975697,O1O2O3U4O5O4U6U5O6U7U3O8U1U8O7U2,4,6z^3+49z^2+116z+85,6w^4z^3+49w^3z^2+116w^2z+85w,False,False,"[[ 0 -1  1  1  1  0 -1 -2  1],[ 1  0  1  0  2  0  0 -1  1],[-1 -1  0  1  0  0 -2 -2  0],[-1  0 -1  0  0  0 -2 -1  0],[-1 -2  0  0  0  0 -1 -3  1],[ 0  0  0  0  0  0  0  0  0],[ 1  0  2  2  1  0  0 -1  1],[ 2  1  2  1  3  0  1  0  1],[-1 -1  0  0 -1  0 -1 -1  0]]","[[ 0  1  1  1  1 -1 -1 -2],[-1  0  1  0  0 -1 -2 -2],[-1 -1  0  0  0  0 -2 -1],[-1  0  0  0  1 -2 -1 -3],[-1  0  0 -1  0 -1 -1 -1],[ 1  1  0  2  1  0  0 -1],[ 1  2  2  1  1  0  0 -1],[ 2  2  1  3  1  1  1  0]]",False,"[-1,-1,-1,-1,1,1,2,-1,0,0,1,2,2,0,0,0,2,1,-1,2,1,3,1,1,1,0,1,1]","[-2,-1,-1,1,1,1,1,0,0,0,1,2,2,0,0,1,1,2,1,0,1,0,0,-1,0,0,-1,0]",t^7+35t^5+128t^3+26t,"[-2,-1,-1,1,1,1,1,0,0,0,1,2,2,0,0,1,1,2,1,0,1,0,0,-1,0,0,-1,0]","[-1,-1,-1,-1,1,1,2,-1,0,0,0,2,2,0,0,0,1,1,-1,1,1,2,1,0,0,0,0,0]","[-2,-1,-1,1,1,1,1,1,1,1,1,2,3,0,0,1,1,2,2,1,2,1,0,-1,0,0,-1,0]",c,"[[{8, 2}, {1, 7}, {4, 6}, {3, 5}], [{8, 2}, {1, 7}, {4, 6}, {5}, {3}], [{8, 3}, {1, 7}, {4, 6}, {2, 5}], [{8, 3}, {1, 7}, {4, 6}, {5}, {2}], [{8, 3}, {4, 7}, {1, 6}, {2, 5}], [{8, 3}, {4, 7}, {1, 6}, {5}, {2}], [{8, 5}, {1, 7}, {4, 6}, {2, 3}], [{8}, {1, 7}, {4, 6}, {5}, {2, 3}]]",1,20 K_1^3 - 2 K_1^2 - 16 K_1 K_2 - 7 K_1 + K_2 + 3 K_3 + 2,O1O2O3U2O4U5U3O5U1U4O6U7U6O8O7U8,O1O2U1O3O4U5O6O5U3O7U6U7U4O8U2U8,O1O2U1O3O4U5O6O5U7U6O7U3U8U2O8U4,c,{'O1O2O3U4O5O4U6U5O6U7U3O8U1U8O7U2'},1,"<a href=""/flatknot/8.975697"">8.975697</a>",t^8-37t^6-66t^5+105t^4+302t^3+208t^2+56t+11,t^2-2t,,
8.975698,O1O2O3U4O5O4U6U5O6U7U3O8U2U1O7U8,4,6z^3+49z^2+116z+85,6w^4z^3+49w^3z^2+116w^2z+85w,False,False,"[[ 0  0  0  1  1  0 -1 -2  1],[ 0  0  0  0  1  0 -1 -2  1],[ 0  0  0  0  1  0 -1 -1  0],[-1  0  0  0  0  0 -2 -1 -1],[-1 -1 -1  0  0  0 -1 -3  1],[ 0  0  0  0  0  0  0  0  0],[ 1  1  1  2  1  0  0 -1  1],[ 2  2  1  1  3  0  1  0  1],[-1 -1  0  1 -1  0 -1 -1  0]]","[[ 0  1  1  1  0  0 -1 -2],[-1  0  1  0 -1 -1 -1 -3],[-1 -1  0  1  0 -1 -1 -1],[-1  0 -1  0  0  0 -2 -1],[ 0  1  0  0  0  0 -1 -1],[ 0  1  1  0  0  0 -1 -2],[ 1  1  1  2  1  1  0 -1],[ 2  3  1  1  1  2  1  0]]",False,"[-1,-1,-1,0,0,1,2,-1,0,1,1,1,3,-1,0,1,1,1,0,0,2,1,0,1,1,1,2,1]","[-2,-1,0,0,1,1,1,0,0,1,0,2,2,0,0,1,0,1,0,0,1,0,0,1,1,0,-1,1]",t^7+30t^5+120t^3+23t,"[-2,-1,0,0,1,1,1,0,0,1,0,2,2,0,0,1,0,1,0,0,1,0,0,1,1,0,-1,1]","[-1,-1,-1,0,0,1,2,-1,0,1,1,0,2,-1,0,1,1,2,0,0,1,0,0,0,0,0,1,0]","[-2,-1,0,0,1,1,1,1,1,2,1,1,3,1,1,1,2,1,0,0,0,1,1,0,1,1,-1,0]",c,"[[{8, 1}, {2, 7}, {4, 6}, {3, 5}], [{8, 1}, {2, 7}, {4, 6}, {5}, {3}], [{8, 2}, {1, 7}, {4, 6}, {3, 5}], [{8, 2}, {1, 7}, {4, 6}, {5}, {3}], [{8, 2}, {4, 7}, {1, 6}, {3, 5}], [{8, 2}, {4, 7}, {1, 6}, {5}, {3}]]",1,4 K_1^3 - 2 K_1^2 - 8 K_1 K_2 + K_1 + K_2 + 3 K_3 + 2,O1O2O3U4O5U3U2O4U1U5O6U7U6O8O7U8,O1O2U1O3O4U5O6O7U3O5U7U6U4O8U2U8,O1O2U3O4O5U6O7O6U8U7O8U4U2U1O3U5,c,{'O1O2O3U4O5O4U6U5O6U7U3O8U2U1O7U8'},1,"<a href=""/flatknot/8.975698"">8.975698</a>",t^8-32t^6-62t^5+27t^4+76t^3+t^2-6t+3,t^2-2t,,
8.975699,O1O2O3U4O5O4U6U7O6U1U2O7U8U3O8U5,4,2z^3+32z^2+111z+111,2w^4z^3+32w^3z^2+111w^2z+111w,False,False,"[[ 0 -2  0  2  1  2 -1 -1 -1],[ 2  0  1  1  2  1  2  2  1],[ 0 -1  0  0  0  0  0  1 -1],[-2 -1  0  0 -2 -1 -3 -1 -2],[-1 -2  0  2  0  2 -2 -2 -2],[-2 -1  0  1 -2  0 -3 -1 -2],[ 1 -2  0  3  2  3  0 -1  0],[ 1 -2 -1  1  2  1  1  0  0],[ 1 -1  1  2  2  2  0  0  0]]","[[ 0  2  2  1  0 -1 -1 -1 -2],[-2  0  1 -2  0 -1 -2 -3 -1],[-2 -1  0 -2  0 -1 -2 -3 -1],[-1  2  2  0  0 -2 -2 -2 -2],[ 0  0  0  0  0  1 -1  0 -1],[ 1  1  1  2 -1  0  0  1 -2],[ 1  2  2  2  1  0  0  0 -1],[ 1  3  3  2  0 -1  0  0 -2],[ 2  1  1  2  1  2  1  2  0]]",True,"[-2,-2,-1,0,1,1,1,2,-1,2,0,1,2,3,1,2,0,1,2,3,1,0,2,2,2,2,-1,1,0,1,0,-1,2,0,1,2]","[-2,-2,-1,0,1,1,1,2,-1,-1,2,0,1,2,3,-1,2,0,1,2,3,1,0,0,0,1,1,0,2,1,0,-1,-1,0,0,-1]",t^8+68t^6+353t^4+184t^2+4,"[-2,-1,-1,-1,0,1,2,2,-1,-1,0,1,1,3,3,-1,0,2,0,2,2,0,1,0,0,0,0,0,1,1,1,2,2,-1,-1,-1]","[-2,-2,-1,0,1,1,1,2,-1,-1,2,0,1,2,3,-1,2,0,1,2,3,1,0,0,0,1,1,0,2,1,0,-1,-1,0,0,-1]","[-2,-1,-1,-1,0,1,2,2,1,2,2,1,2,1,1,0,0,1,2,2,2,-1,0,2,3,3,-1,2,1,1,0,0,0,2,2,-1]",c,"[[{8, 3}, {1, 7}, {2, 6}, {4, 5}], [{8, 7}, {2, 6}, {4, 5}, {1, 3}]]",1,16 K_1^3 - 26 K_1^2 - 16 K_1 K_2 - 4 K_1 + 13 K_2 + 4 K_3 + 14,O1O2O3U4O5U1U5O6U2U3O7U6U7O8O4U8,O1O2U1O3O4U2O5O6U5O7U3U4U6O8U7U8,O1O2U3O4O5U6O3O6U7U8O7U1U4U5O8U2,c,{'O1O2O3U4O5O4U6U7O6U1U2O7U8U3O8U5'},1,"<a href=""/flatknot/8.975699"">8.975699</a>",t^9-66t^7-262t^6-150t^5+490t^4+313t^3-380t^2-136t+114,-t^2+2t,,
8.975700,O1O2O3U4O5O4U6U7O6U1U2O7U8U5O8U3,4,10z^3+59z^2+114z+73,10w^4z^3+59w^3z^2+114w^2z+73w,False,False,"[[ 0 -2  0  2  1  2 -1 -1 -1],[ 2  0  1  2  2  0  2  2  1],[ 0 -1  0  1  0 -1  0  1 -1],[-2 -2 -1  0 -1  0 -3 -1 -3],[-1 -2  0  1  0  2 -2 -2 -1],[-2  0  1  0 -2  0 -3 -1 -2],[ 1 -2  0  3  2  3  0 -1  0],[ 1 -2 -1  1  2  1  1  0  0],[ 1 -1  1  3  1  2  0  0  0]]","[[ 0  2  2  1  0 -1 -1 -1 -2],[-2  0  0 -1 -1 -1 -3 -3 -2],[-2  0  0 -2  1 -1 -2 -3  0],[-1  1  2  0  0 -2 -1 -2 -2],[ 0  1 -1  0  0  1 -1  0 -1],[ 1  1  1  2 -1  0  0  1 -2],[ 1  3  2  1  1  0  0  0 -1],[ 1  3  3  2  0 -1  0  0 -2],[ 2  2  0  2  1  2  1  2  0]]",True,"[-2,-2,-1,0,1,1,1,2,0,1,1,1,3,3,2,2,-1,1,2,3,0,0,2,1,2,2,-1,1,0,1,0,-1,2,0,1,2]","[-2,-2,-1,0,1,1,1,2,0,-1,3,0,1,2,4,0,1,0,0,2,2,1,0,1,0,1,1,0,2,1,0,-1,-1,0,0,-1]",t^8+70t^6+607t^4+193t^2+4,"[-2,-1,-1,-1,0,1,2,2,-1,-1,0,1,1,2,4,-1,0,2,0,2,2,0,1,0,0,0,0,1,0,1,1,1,3,0,-1,0]","[-2,-2,-1,0,1,1,1,2,0,-1,3,0,1,2,4,0,1,0,0,2,2,1,0,1,0,1,1,0,2,1,0,-1,-1,0,0,-1]","[-2,-1,-1,-1,0,1,2,2,1,2,2,1,2,0,2,0,0,1,1,2,3,-1,0,2,3,3,-1,2,1,1,0,-1,1,2,1,0]",c,"[[{8, 2}, {5, 7}, {1, 6}, {3, 4}], [{8, 2}, {5, 7}, {6}, {3, 4}, {1}]]",1,8 K_1^3 - 6 K_1^2 - 4 K_1 K_2 - 4 K_1 + 3 K_2 + 4,O1O2O3U1O4U5U4O6U2U3O7U6U7O8O5U8,O1O2U1O3O4U2O5O6U5O7U3U4U7O8U6U8,O1O2U3O4O5U6O3O6U7U1O7U8U4U5O8U2,c,{'O1O2O3U4O5O4U6U7O6U1U2O7U8U5O8U3'},1,"<a href=""/flatknot/8.975700"">8.975700</a>",t^9-68t^7-212t^6+172t^5+732t^4-296t^3-438t^2+269t-46,-t^2+2t,,
8.975701,O1O2O3U4O5O4U6U7O6U1U3O7U8U2O8U5,4,19z^2+104z+133,19w^3z^2+104w^2z+133w,False,False,"[[ 0 -2  1  1  1  2 -1 -1 -1],[ 2  0  1  1  2  1  2  2  1],[-1 -1  0  1 -1  0 -2 -1 -1],[-1 -1 -1  0 -1 -1 -1  0 -1],[-1 -2  1  1  0  2 -2 -2 -2],[-2 -1  0  1 -2  0 -3 -1 -2],[ 1 -2  2  1  2  3  0 -1  0],[ 1 -2  1  0  2  1  1  0  0],[ 1 -1  1  1  2  2  0  0  0]]","[[ 0  2  1  1  1 -1 -1 -1 -2],[-2  0  1  0 -2 -1 -2 -3 -1],[-1 -1  0 -1 -1  0 -1 -1 -1],[-1  0  1  0 -1 -1 -1 -2 -1],[-1  2  1  1  0 -2 -2 -2 -2],[ 1  1  0  1  2  0  0  1 -2],[ 1  2  1  1  2  0  0  0 -1],[ 1  3  1  2  2 -1  0  0 -2],[ 2  1  1  1  2  2  1  2  0]]",True,"[-2,-1,-1,-1,1,1,1,2,-1,0,2,1,2,3,1,1,1,0,1,1,1,1,1,1,2,1,2,2,2,2,0,-1,2,0,1,2]","[-2,-1,-1,-1,1,1,1,2,-1,-1,0,1,2,2,3,-1,0,0,1,2,2,0,0,0,1,0,0,1,1,1,-1,-1,-1,-1,1,2]",t^8+59t^6+234t^4+114t^2+9,"[-2,-1,-1,-1,1,1,1,2,-1,-1,0,1,2,2,3,-1,0,0,1,2,2,0,0,0,1,0,0,1,1,1,-1,-1,-1,-1,1,2]","[-2,-1,-1,-1,1,1,1,2,-1,1,2,0,1,2,3,1,1,0,0,0,1,1,0,1,1,2,1,1,2,2,0,-1,-1,0,0,-1]","[-2,-1,-1,-1,1,1,1,2,1,2,2,1,1,2,1,0,0,1,1,2,2,-1,1,2,2,3,0,1,2,1,-1,-1,-1,-1,0,2]",c,"[[{8, 2}, {4, 7}, {3, 6}, {1, 5}], [{8, 3}, {2, 7}, {4, 6}, {1, 5}], [{8, 4}, {2, 7}, {3, 6}, {1, 5}], [{8, 4}, {3, 7}, {2, 6}, {1, 5}], [{8, 6}, {5, 7}, {3, 4}, {1, 2}], [{8}, {5, 7}, {6}, {3, 4}, {1, 2}]]",1,4 K_1^3 - 24 K_1^2 - 20 K_1 K_2 + 7 K_1 + 12 K_2 + 9 K_3 + 13,O1O2O3U4O5U2U5O6U1U3O7U6U7O8O4U8,O1O2U1O3O4U2O5O6U5O7U3U6U4O8U7U8,O1O2U3O4O5U6O3O6U7U8O7U4U1U5O8U2,c,{'O1O2O3U4O5O4U6U7O6U1U3O7U8U2O8U5'},1,"<a href=""/flatknot/8.975701"">8.975701</a>",t^9-59t^7-224t^6-154t^5+258t^4+116t^3-170t^2-13t+6,0,,
8.975702,O1O2O3U4O5O4U6U7O6U1U3O7U8U5O8U2,4,2z^3+32z^2+111z+111,2w^4z^3+32w^3z^2+111w^2z+111w,False,False,"[[ 0 -2  1  1  1  2 -1 -1 -1],[ 2  0  2  1  2  0  2  2  1],[-1 -2  0  0  0  1 -2 -1 -2],[-1 -1  0  0 -1 -1 -1  0 -2],[-1 -2  0  1  0  2 -2 -2 -1],[-2  0 -1  1 -2  0 -3 -1 -2],[ 1 -2  2  1  2  3  0 -1  0],[ 1 -2  1  0  2  1  1  0  0],[ 1 -1  2  2  1  2  0  0  0]]","[[ 0  2  1  1  1 -1 -1 -1 -2],[-2  0  1 -1 -2 -1 -2 -3  0],[-1 -1  0  0 -1  0 -2 -1 -1],[-1  1  0  0  0 -1 -2 -2 -2],[-1  2  1  0  0 -2 -1 -2 -2],[ 1  1  0  1  2  0  0  1 -2],[ 1  2  2  2  1  0  0  0 -1],[ 1  3  1  2  2 -1  0  0 -2],[ 2  0  1  2  2  2  1  2  0]]",True,"[-2,-1,-1,-1,1,1,1,2,-1,1,2,1,2,3,0,0,1,0,2,1,1,0,1,2,2,2,2,1,2,2,0,-1,2,0,1,2]","[-2,-1,-1,-1,1,1,1,2,-1,-1,0,1,1,2,4,-1,0,0,1,2,2,0,0,0,1,0,1,0,0,1,0,-1,-1,0,0,2]",t^8+63t^6+407t^4+170t^2+4,"[-2,-1,-1,-1,1,1,1,2,-1,-1,0,1,1,2,4,-1,0,0,1,2,2,0,0,0,1,0,1,0,0,1,0,-1,-1,0,0,2]","[-2,-1,-1,-1,1,1,1,2,-1,0,2,0,1,2,4,0,1,0,1,0,1,0,0,0,1,1,1,0,2,2,0,-1,-1,0,0,-1]","[-2,-1,-1,-1,1,1,1,2,1,2,2,1,2,2,0,0,0,2,1,2,2,-1,1,2,2,3,0,2,1,1,-1,0,-1,0,2,1]",c,"[[{8, 2}, {4, 7}, {3, 6}, {1, 5}], [{8, 3}, {5, 7}, {1, 6}, {2, 4}], [{8, 3}, {5, 7}, {6}, {2, 4}, {1}]]",1,16 K_1^3 - 16 K_1^2 - 20 K_1 K_2 - 2 K_1 + 8 K_2 + 6 K_3 + 9,O1O2O3U2O4U5U4O6U1U3O7U6U7O8O5U8,O1O2U1O3O4U2O5O6U5O7U3U7U4O8U6U8,O1O2U3O4O5U6O3O6U7U1O7U4U8U5O8U2,c,{'O1O2O3U4O5O4U6U7O6U1U3O7U8U5O8U2'},1,"<a href=""/flatknot/8.975702"">8.975702</a>",t^9-63t^7-198t^6+159t^5+796t^4-114t^3-738t^2+13t+106,0,,
8.975703,O1O2O3U4O5O4U6U7O6U1U5O7U8U3O8U2,3,13z^2+94z+137,13w^3z^2+94w^2z+137w,False,False,"[[ 0 -2  1  2  1  1 -1 -1 -1],[ 2  0  2  1  2  0  2  2  1],[-1 -2  0  1  0  0 -2 -1 -2],[-2 -1 -1  0 -1  0 -3 -2 -2],[-1 -2  0  1  0  1 -2 -1 -2],[-1  0  0  0 -1  0 -1  0 -1],[ 1 -2  2  3  2  1  0 -1  0],[ 1 -2  1  2  1  0  1  0  0],[ 1 -1  2  2  2  1  0  0  0]]","[[ 0  2  1  1  1 -1 -1 -1 -2],[-2  0  0 -1 -1 -2 -2 -3 -1],[-1  0  0  0 -1  0 -1 -1  0],[-1  1  0  0  0 -1 -2 -2 -2],[-1  1  1  0  0 -1 -2 -2 -2],[ 1  2  0  1  1  0  0  1 -2],[ 1  2  1  2  2  0  0  0 -1],[ 1  3  1  2  2 -1  0  0 -2],[ 2  1  0  2  2  2  1  2  0]]",True,"[-2,-1,-1,-1,1,1,1,2,0,1,1,2,2,3,1,0,1,0,1,1,0,0,1,2,2,2,1,2,2,2,0,-1,2,0,1,2]","[-2,-1,-1,-1,1,1,1,2,-1,-1,0,1,1,3,3,-1,0,1,1,2,1,0,0,0,1,0,0,0,1,1,0,-1,0,0,0,1]",t^8+59t^6+184t^4+89t^2,"[-2,-1,-1,-1,1,1,1,2,-1,-1,0,1,1,3,3,-1,0,1,1,2,1,0,0,0,1,0,0,0,1,1,0,-1,0,0,0,1]","[-2,-1,-1,-1,1,1,1,2,0,0,1,0,1,1,3,0,0,0,0,1,1,1,0,0,1,1,1,1,2,3,0,-1,-1,0,0,-1]","[-2,-1,-1,-1,1,1,1,2,1,2,2,0,2,2,1,0,0,1,2,2,2,-1,1,2,2,3,0,1,1,2,-1,0,0,0,1,1]",c,"[[{8, 2}, {5, 7}, {4, 6}, {1, 3}]]",0,4 K_1^3 - 32 K_1^2 - 8 K_1 K_2 + K_1 + 16 K_2 + 3 K_3 + 17,O1O2O3U2O4U1U4O5U6U3O7U5U7O8O6U8,O1O2U1O3O4U2O5O6U5O7U3U7U6O8U4U8,O1O2U3O4O5U6O3O6U7U4O7U1U8U5O8U2,c,{'O1O2O3U4O5O4U6U7O6U1U5O7U8U3O8U2'},1,"<a href=""/flatknot/8.975703"">8.975703</a>",t^9-59t^7-192t^6-34t^5+256t^4+135t^3-18t^2-12t,0,,
8.975704,O1O2O3U4O5O4U6U7O6U1U8O7U2U3O8U5,4,3z^3+36z^2+112z+105,3w^4z^3+36w^3z^2+112w^2z+105w,False,False,"[[ 0 -2  0  2  1  2 -1 -1 -1],[ 2  0  0  1  2  1  2  3  1],[ 0  0  0  1  0  0 -1  1  0],[-2 -1 -1  0 -2 -1 -3 -1 -1],[-1 -2  0  2  0  2 -2 -2 -2],[-2 -1  0  1 -2  0 -3 -2 -1],[ 1 -2  1  3  2  3  0 -1 -1],[ 1 -3 -1  1  2  2  1  0 -1],[ 1 -1  0  1  2  1  1  1  0]]","[[ 0  2  2  1  0 -1 -1 -1 -2],[-2  0  1 -2  0 -1 -2 -3 -1],[-2 -1  0 -2 -1 -1 -1 -3 -1],[-1  2  2  0  0 -2 -2 -2 -2],[ 0  0  1  0  0  0  1 -1  0],[ 1  1  1  2  0  0  1  1 -1],[ 1  2  1  2 -1 -1  0  1 -3],[ 1  3  3  2  1 -1 -1  0 -2],[ 2  1  1  2  0  1  3  2  0]]",True,"[-2,-2,-1,0,1,1,1,2,-1,2,0,1,2,3,1,2,1,1,1,3,1,0,2,2,2,2,0,-1,1,0,-1,-1,1,-1,3,2]","[-2,-2,-1,0,1,1,1,2,-1,-1,1,0,2,2,3,-1,2,0,1,2,3,1,0,0,0,1,0,2,1,2,-1,-1,-1,-1,-2,0]",t^8+72t^6+450t^4+140t^2,"[-2,-1,-1,-1,0,1,2,2,-2,-1,0,2,1,3,3,-1,1,2,0,1,2,1,0,0,0,0,1,0,2,2,1,2,1,-1,-1,-1]","[-2,-2,-1,0,1,1,1,2,-1,-1,1,0,2,2,3,-1,2,0,1,2,3,1,0,0,0,1,0,2,1,2,-1,-1,-1,-1,-2,0]","[-2,-1,-1,-1,0,1,2,2,1,2,3,0,2,1,1,1,1,0,2,1,1,-1,1,2,3,3,-1,2,1,2,0,1,0,2,2,-1]",c,"[[{8, 7}, {5, 6}, {2, 4}, {1, 3}]]",1,24 K_1^3 - 14 K_1^2 - 24 K_1 K_2 - 6 K_1 + 7 K_2 + 6 K_3 + 8,O1O2O3U4O5U1U2O6U5U3O7U6U7O8O4U8,O1O2U1O3O4U2O5O6U4O7U3U5U6O8U7U8,O1O2U3O4O5U6O3O6U7U8O7U1U2U5O8U4,c,{'O1O2O3U4O5O4U6U7O6U1U8O7U2U3O8U5'},1,"<a href=""/flatknot/8.975704"">8.975704</a>",t^9-70t^7-332t^6-483t^5+18t^4+446t^3+306t^2+204t+40,-t^2+2t,,
8.975705,O1O2O3U4O5O4U6U7O6U1U8O7U2U5O8U3,4,14z^2+99z+143,14w^3z^2+99w^2z+143w,False,False,"[[ 0 -2  0  2  1  2 -1 -1 -1],[ 2  0  0  2  2  0  2  3  1],[ 0  0  0  1  0  0 -1  1  0],[-2 -2 -1  0 -1  0 -3 -2 -2],[-1 -2  0  1  0  2 -2 -2 -1],[-2  0  0  0 -2  0 -3 -1 -1],[ 1 -2  1  3  2  3  0 -1 -1],[ 1 -3 -1  2  2  1  1  0 -1],[ 1 -1  0  2  1  1  1  1  0]]","[[ 0  2  2  1  0 -1 -1 -1 -2],[-2  0  0 -1 -1 -2 -2 -3 -2],[-2  0  0 -2  0 -1 -1 -3  0],[-1  1  2  0  0 -1 -2 -2 -2],[ 0  1  0  0  0  0  1 -1  0],[ 1  2  1  1  0  0  1  1 -1],[ 1  2  1  2 -1 -1  0  1 -3],[ 1  3  3  2  1 -1 -1  0 -2],[ 2  2  0  2  0  1  3  2  0]]",True,"[-2,-2,-1,0,1,1,1,2,0,1,1,2,2,3,2,2,0,1,1,3,0,0,1,2,2,2,0,-1,1,0,-1,-1,1,-1,3,2]","[-2,-2,-1,0,1,1,1,2,0,-1,2,0,2,2,4,0,1,0,1,1,2,1,0,0,1,1,0,2,1,2,-1,-1,-1,-1,-2,0]",t^8+70t^6+488t^4+195t^2,"[-2,-1,-1,-1,0,1,2,2,-2,-1,0,2,1,2,4,-1,1,2,0,1,2,1,0,0,0,0,1,1,1,2,1,1,2,0,-1,0]","[-2,-2,-1,0,1,1,1,2,0,-1,2,0,2,2,4,0,1,0,1,1,2,1,0,0,1,1,0,2,1,2,-1,-1,-1,-1,-2,0]","[-2,-1,-1,-1,0,1,2,2,1,2,3,0,2,0,2,1,1,0,1,1,2,-1,1,2,3,3,-1,2,1,2,0,0,1,2,1,0]",c,"[[{8, 2}, {5, 7}, {3, 6}, {1, 4}], [{8, 3}, {5, 7}, {2, 6}, {1, 4}]]",1,- 26 K_1^2 - 4 K_1 K_2 + 2 K_1 + 13 K_2 + 2 K_3 + 14,O1O2O3U1O4U5U2O6U4U3O7U6U7O8O5U8,O1O2U1O3O4U2O5O6U4O7U3U5U7O8U6U8,O1O2U3O4O5U6O3O6U7U1O7U8U2U5O8U4,c,{'O1O2O3U4O5O4U6U7O6U1U8O7U2U5O8U3'},1,"<a href=""/flatknot/8.975705"">8.975705</a>",t^9-68t^7-284t^6-205t^5+534t^4+499t^3-296t^2-256t-42,-t^2+2t,,
8.975706,O1O2O3U4O5O4U6U7O6U1U8O7U3U2O8U5,4,7z^3+49z^2+113z+87,7w^4z^3+49w^3z^2+113w^2z+87w,False,False,"[[ 0 -2  1  1  1  2 -1 -1 -1],[ 2  0  1  0  2  1  2  3  1],[-1 -1  0  0 -1  0 -2  0 -1],[-1  0  0  0 -1 -1 -2  0  0],[-1 -2  1  1  0  2 -2 -2 -2],[-2 -1  0  1 -2  0 -3 -2 -1],[ 1 -2  2  2  2  3  0 -1 -1],[ 1 -3  0  0  2  2  1  0 -1],[ 1 -1  1  0  2  1  1  1  0]]","[[ 0  2  1  1  1 -1 -1 -1 -2],[-2  0  1  0 -2 -1 -2 -3 -1],[-1 -1  0  0 -1  0  0 -2  0],[-1  0  0  0 -1 -1  0 -2 -1],[-1  2  1  1  0 -2 -2 -2 -2],[ 1  1  0  1  2  0  1  1 -1],[ 1  2  0  0  2 -1  0  1 -3],[ 1  3  2  2  2 -1 -1  0 -2],[ 2  1  0  1  2  1  3  2  0]]",True,"[-2,-1,-1,-1,1,1,1,2,-1,0,2,1,2,3,1,0,1,0,0,2,0,1,1,0,2,1,2,2,2,2,-1,-1,1,-1,3,2]","[-2,-1,-1,-1,1,1,1,2,-2,-1,0,1,2,3,3,-1,1,0,2,2,1,1,0,0,0,0,0,1,2,2,-1,-1,-1,0,1,2]",t^8+65t^6+359t^4+195t^2+4,"[-2,-1,-1,-1,1,1,1,2,-2,-1,0,1,2,3,3,-1,1,0,2,2,1,1,0,0,0,0,0,1,2,2,-1,-1,-1,0,1,2]","[-2,-1,-1,-1,1,1,1,2,-1,1,2,0,1,2,3,1,1,0,0,0,1,0,0,2,1,2,0,2,2,3,-1,-1,-1,-1,-2,0]","[-2,-1,-1,-1,1,1,1,2,1,2,3,0,1,2,1,1,1,0,1,2,1,-1,2,2,2,3,0,0,2,2,0,-1,-1,-1,0,2]",c,"[[{8, 3}, {4, 7}, {2, 6}, {1, 5}], [{8, 4}, {2, 7}, {3, 6}, {1, 5}]]",1,4 K_1^3 - 4 K_1^2 - 4 K_1 K_2 - K_1 + 2 K_2 + K_3 + 3,O1O2O3U4O5U2U1O6U5U3O7U6U7O8O4U8,O1O2U1O3O4U2O5O6U4O7U3U6U5O8U7U8,O1O2U3O4O5U6O3O6U7U8O7U2U1U5O8U4,c,{'O1O2O3U4O5O4U6U7O6U1U8O7U3U2O8U5'},1,"<a href=""/flatknot/8.975706"">8.975706</a>",t^9-65t^7-268t^6-169t^5+638t^4+654t^3-338t^2-275t+66,0,,
8.975707,O1O2O3U4O5O4U6U7O6U1U8O7U5U2O8U3,3,8z^2+60z+89,8w^3z^2+60w^2z+89w,False,False,"[[ 0 -2  1  2  1  1 -1 -1 -1],[ 2  0  1  2  2 -1  2  3  1],[-1 -1  0  0  0 -1 -2  0 -1],[-2 -2  0  0 -1  0 -3 -2 -2],[-1 -2  0  1  0  1 -2 -2 -1],[-1  1  1  0 -1  0 -2  0  0],[ 1 -2  2  3  2  2  0 -1 -1],[ 1 -3  0  2  2  0  1  0 -1],[ 1 -1  1  2  1  0  1  1  0]]","[[ 0  2  1  1  1 -1 -1 -1 -2],[-2  0  0  0 -1 -2 -2 -3 -2],[-1  0  0  1 -1  0  0 -2  1],[-1  0 -1  0  0  0 -1 -2 -1],[-1  1  1  0  0 -2 -1 -2 -2],[ 1  2  0  0  2  0 -1  1 -3],[ 1  2  0  1  1  1  0  1 -1],[ 1  3  2  2  2 -1 -1  0 -2],[ 2  2 -1  1  2  3  1  2  0]]",True,"[-2,-1,-1,-1,1,1,1,2,0,0,1,2,2,3,2,-1,1,0,0,2,-1,0,0,1,2,1,2,1,2,2,1,-1,3,-1,1,2]","[-2,-1,-1,-1,1,1,1,2,-2,-1,0,1,2,4,2,-1,1,0,2,2,1,1,0,0,0,0,1,1,2,1,0,-1,0,1,1,1]",t^8+65t^6+514t^4+244t^2,"[-2,-1,-1,-1,1,1,1,2,-2,-1,0,1,2,4,2,-1,1,0,2,2,1,1,0,0,0,0,1,1,2,1,0,-1,0,1,1,1]","[-2,-1,-1,-1,1,1,1,2,0,1,1,0,1,1,2,0,1,0,0,1,1,-1,0,2,1,2,0,2,2,4,-1,-1,-1,-1,-2,0]","[-2,-1,-1,-1,1,1,1,2,1,2,3,-1,1,2,2,1,1,0,1,1,2,-1,2,2,2,3,0,0,2,2,1,-1,0,0,0,1]",c,"[[{8, 2}, {5, 7}, {4, 6}, {1, 3}], [{8, 4}, {5, 7}, {2, 6}, {1, 3}]]",0,- 20 K_1^2 - 4 K_1 K_2 + 2 K_1 + 10 K_2 + 2 K_3 + 11,O1O2O3U1O4U2U5O6U4U3O7U6U7O8O5U8,O1O2U1O3O4U2O5O6U4O7U3U6U7O8U5U8,O1O2U3O4O5U6O3O6U7U2O7U8U1U5O8U4,c,{'O1O2O3U4O5O4U6U7O6U1U8O7U5U2O8U3'},1,"<a href=""/flatknot/8.975707"">8.975707</a>",t^9-65t^7-270t^6-170t^5+748t^4+1136t^3+204t^2-216t+8,0,,
8.975708,O1O2O3U4O5O4U6U7O6U1U8O7U5U3O8U2,4,12z^2+81z+115,12w^3z^2+81w^2z+115w,False,False,"[[ 0 -2  1  2  1  1 -1 -1 -1],[ 2  0  2  1  2 -1  2  3  1],[-1 -2  0  1  0  0 -2 -1 -2],[-2 -1 -1  0 -1 -1 -3 -1 -2],[-1 -2  0  1  0  1 -2 -2 -1],[-1  1  0  1 -1  0 -2  0  0],[ 1 -2  2  3  2  2  0 -1 -1],[ 1 -3  1  1  2  0  1  0 -1],[ 1 -1  2  2  1  0  1  1  0]]","[[ 0  2  1  1  1 -1 -1 -1 -2],[-2  0 -1 -1 -1 -1 -2 -3 -1],[-1  1  0  1  0 -2 -1 -2 -2],[-1  1 -1  0  0  0  0 -2  1],[-1  1  0  0  0 -1 -2 -2 -2],[ 1  1  2  0  1  0 -1  1 -3],[ 1  2  1  0  2  1  0  1 -1],[ 1  3  2  2  2 -1 -1  0 -2],[ 2  1  2 -1  2  3  1  2  0]]",True,"[-2,-1,-1,-1,1,1,1,2,1,1,1,1,2,3,1,-1,0,2,1,2,2,0,0,0,2,-1,1,2,2,2,1,-1,3,-1,1,2]","[-2,-1,-1,-1,1,1,1,2,-2,-1,0,1,1,4,3,-1,1,0,1,2,2,1,0,0,0,0,1,0,2,1,0,-1,0,0,0,0]",t^8+67t^6+556t^4+296t^2+9,"[-2,-1,-1,-1,1,1,1,2,-2,-1,0,1,1,4,3,-1,1,0,1,2,2,1,0,0,0,0,1,0,2,1,0,-1,0,0,0,0]","[-2,-1,-1,-1,1,1,1,2,0,0,0,0,1,2,3,-1,0,0,2,2,4,0,0,1,0,1,0,0,1,1,-1,-1,-1,1,0,-2]","[-2,-1,-1,-1,1,1,1,2,1,2,3,-1,2,2,1,1,1,0,1,2,2,-1,2,2,2,3,0,2,1,1,-1,0,1,0,1,1]",c,"[[{8, 2}, {5, 7}, {4, 6}, {1, 3}]]",0,20 K_1^3 - 32 K_1^2 - 32 K_1 K_2 + K_1 + 16 K_2 + 11 K_3 + 17,O1O2O3U2O4U1U5O6U4U3O7U6U7O8O5U8,O1O2U1O3O4U2O5O6U4O7U3U7U6O8U5U8,O1O2U3O4O5U6O3O6U7U2O7U1U8U5O8U4,c,{'O1O2O3U4O5O4U6U7O6U1U8O7U5U3O8U2'},1,"<a href=""/flatknot/8.975708"">8.975708</a>",t^9-67t^7-282t^6-192t^5+662t^4+722t^3-426t^2-393t,0,,
8.975709,O1O2O3U4O5O4U6U7O6U2U1O7U8U3O8U5,4,z^3+30z^2+112z+113,w^4z^3+30w^3z^2+112w^2z+113w,False,False,"[[ 0 -1 -1  2  1  2 -1 -1 -1],[ 1  0  0  1  1  1  1  1  0],[ 1  0  0  0  1  0  1  2  0],[-2 -1  0  0 -2 -1 -3 -1 -2],[-1 -1 -1  2  0  2 -2 -2 -2],[-2 -1  0  1 -2  0 -3 -1 -2],[ 1 -1 -1  3  2  3  0 -1  0],[ 1 -1 -2  1  2  1  1  0  0],[ 1  0  0  2  2  2  0  0  0]]","[[ 0  2  2  1 -1 -1 -1 -1 -1],[-2  0  1 -2  0 -1 -1 -2 -3],[-2 -1  0 -2  0 -1 -1 -2 -3],[-1  2  2  0 -1 -1 -2 -2 -2],[ 1  0  0  1  0  0  2  0  1],[ 1  1  1  1  0  0  1  0  1],[ 1  1  1  2 -2 -1  0  0  1],[ 1  2  2  2  0  0  0  0  0],[ 1  3  3  2 -1 -1 -1  0  0]]",True,"[-2,-2,-1,1,1,1,1,1,-1,2,0,1,1,2,3,2,0,1,1,2,3,1,1,2,2,2,0,-2,0,-1,-1,0,-1,0,-1,0]","[-2,-2,-1,1,1,1,1,1,-1,-1,0,1,2,2,3,-1,0,1,2,2,3,0,0,0,1,1,0,-1,-1,-1,0,0,0,-1,-2,0]",t^8+61t^6+282t^4+144t^2+4,"[-1,-1,-1,-1,-1,1,2,2,-2,-1,0,0,1,3,3,-1,0,1,0,2,2,0,1,0,0,0,0,0,1,1,1,2,2,-1,-1,-1]","[-2,-2,-1,1,1,1,1,1,-1,-1,0,1,2,2,3,-1,0,1,2,2,3,0,0,0,1,1,0,-1,-1,-1,0,0,0,-1,-2,0]","[-1,-1,-1,-1,-1,1,2,2,-2,-1,0,1,2,1,1,0,0,1,1,0,0,0,1,1,1,1,0,2,2,2,2,3,3,2,2,-1]",c,"[[{8, 1}, {2, 7}, {3, 6}, {4, 5}], [{8, 1}, {2, 7}, {4, 6}, {3, 5}], [{8, 1}, {2, 7}, {5, 6}, {3, 4}], [{8, 1}, {3, 7}, {2, 6}, {4, 5}], [{8, 1}, {3, 7}, {4, 6}, {2, 5}], [{8, 1}, {3, 7}, {4, 6}, {5}, {2}], [{8, 1}, {3, 7}, {5, 6}, {2, 4}], [{8, 1}, {4, 7}, {2, 6}, {3, 5}], [{8, 1}, {4, 7}, {2, 6}, {5}, {3}], [{8, 1}, {4, 7}, {3, 6}, {2, 5}], [{8, 1}, {4, 7}, {5, 6}, {2, 3}], [{8, 1}, {5, 7}, {2, 6}, {3, 4}], [{8, 1}, {5, 7}, {2, 6}, {4}, {3}], [{8, 1}, {5, 7}, {3, 6}, {2, 4}], [{8, 1}, {5, 7}, {4, 6}, {2, 3}], [{8, 1}, {5, 7}, {4, 6}, {3}, {2}], [{8, 1}, {5, 7}, {6}, {2, 4}, {3}], [{8, 1}, {6, 7}, {2, 5}, {3, 4}], [{8, 1}, {6, 7}, {3, 5}, {2, 4}], [{8, 1}, {6, 7}, {4, 5}, {2, 3}], [{8, 1}, {7}, {2, 6}, {4, 5}, {3}], [{8, 1}, {7}, {4, 6}, {3, 5}, {2}], [{8, 1}, {7}, {6}, {2, 5}, {3, 4}], [{8, 2}, {1, 7}, {3, 6}, {4, 5}], [{8, 2}, {1, 7}, {3, 6}, {5}, {4}], [{8, 2}, {1, 7}, {4, 6}, {3, 5}], [{8, 2}, {1, 7}, {5, 6}, {3, 4}], [{8, 2}, {3, 7}, {1, 6}, {4, 5}], [{8, 2}, {3, 7}, {4, 6}, {1, 5}], [{8, 2}, {3, 7}, {4, 6}, {5}, {1}], [{8, 2}, {3, 7}, {5, 6}, {1, 4}], [{8, 2}, {4, 7}, {1, 6}, {3, 5}], [{8, 2}, {4, 7}, {3, 6}, {1, 5}], [{8, 2}, {4, 7}, {5, 6}, {1, 3}], [{8, 2}, {4, 7}, {5, 6}, {3}, {1}], [{8, 2}, {5, 7}, {1, 6}, {3, 4}], [{8, 2}, {5, 7}, {3, 6}, {1, 4}], [{8, 2}, {5, 7}, {4, 6}, {1, 3}], [{8, 2}, {5, 7}, {4, 6}, {3}, {1}], [{8, 2}, {6, 7}, {1, 5}, {3, 4}], [{8, 2}, {6, 7}, {3, 5}, {1, 4}], [{8, 2}, {6, 7}, {4, 5}, {1, 3}], [{8, 2}, {6, 7}, {4, 5}, {3}, {1}], [{8, 2}, {6, 7}, {5}, {4}, {1, 3}], [{8, 2}, {7}, {1, 6}, {5}, {3, 4}], [{8, 2}, {7}, {4, 6}, {3, 5}, {1}], [{8, 3}, {1, 7}, {2, 6}, {4, 5}], [{8, 3}, {1, 7}, {4, 6}, {2, 5}], [{8, 3}, {1, 7}, {5, 6}, {2, 4}], [{8, 3}, {1, 7}, {6}, {2, 5}, {4}], [{8, 3}, {2, 7}, {1, 6}, {4, 5}], [{8, 3}, {2, 7}, {4, 6}, {1, 5}], [{8, 3}, {2, 7}, {5, 6}, {1, 4}], [{8, 3}, {2, 7}, {6}, {1, 5}, {4}], [{8, 3}, {4, 7}, {1, 6}, {2, 5}], [{8, 3}, {4, 7}, {2, 6}, {1, 5}], [{8, 3}, {4, 7}, {5, 6}, {1, 2}], [{8, 3}, {4, 7}, {5, 6}, {2}, {1}], [{8, 3}, {5, 7}, {1, 6}, {2, 4}], [{8, 3}, {5, 7}, {2, 6}, {1, 4}], [{8, 3}, {5, 7}, {2, 6}, {4}, {1}], [{8, 3}, {5, 7}, {4, 6}, {1, 2}], [{8, 3}, {5, 7}, {4, 6}, {2}, {1}], [{8, 3}, {5, 7}, {6}, {2, 4}, {1}], [{8, 3}, {6, 7}, {1, 5}, {2, 4}], [{8, 3}, {6, 7}, {2, 5}, {1, 4}], [{8, 3}, {6, 7}, {2, 5}, {4}, {1}], [{8, 3}, {6, 7}, {4, 5}, {1, 2}], [{8, 3}, {7}, {1, 6}, {2, 5}, {4}], [{8, 4}, {1, 7}, {2, 6}, {3, 5}], [{8, 4}, {1, 7}, {2, 6}, {5}, {3}], [{8, 4}, {1, 7}, {3, 6}, {2, 5}], [{8, 4}, {1, 7}, {5, 6}, {2, 3}], [{8, 4}, {1, 7}, {5, 6}, {3}, {2}], [{8, 4}, {1, 7}, {6}, {2, 5}, {3}], [{8, 4}, {2, 7}, {1, 6}, {3, 5}], [{8, 4}, {2, 7}, {1, 6}, {5}, {3}], [{8, 4}, {2, 7}, {3, 6}, {1, 5}], [{8, 4}, {2, 7}, {3, 6}, {5}, {1}], [{8, 4}, {2, 7}, {5, 6}, {1, 3}], [{8, 4}, {2, 7}, {6}, {5}, {1, 3}], [{8, 4}, {3, 7}, {1, 6}, {2, 5}], [{8, 4}, {3, 7}, {1, 6}, {5}, {2}], [{8, 4}, {3, 7}, {2, 6}, {1, 5}], [{8, 4}, {3, 7}, {5, 6}, {1, 2}], [{8, 4}, {5, 7}, {1, 6}, {2, 3}], [{8, 4}, {5, 7}, {2, 6}, {1, 3}], [{8, 4}, {5, 7}, {2, 6}, {3}, {1}], [{8, 4}, {5, 7}, {3, 6}, {1, 2}], [{8, 4}, {6, 7}, {1, 5}, {2, 3}], [{8, 4}, {6, 7}, {2, 5}, {1, 3}], [{8, 4}, {6, 7}, {3, 5}, {1, 2}], [{8, 4}, {6, 7}, {3, 5}, {2}, {1}], [{8, 4}, {7}, {1, 6}, {5}, {2, 3}], [{8, 4}, {7}, {2, 6}, {1, 5}, {3}], [{8, 4}, {7}, {6}, {3, 5}, {1, 2}], [{8, 5}, {1, 7}, {2, 6}, {3, 4}], [{8, 5}, {1, 7}, {3, 6}, {2, 4}], [{8, 5}, {1, 7}, {4, 6}, {2, 3}], [{8, 5}, {1, 7}, {6}, {2, 4}, {3}], [{8, 5}, {2, 7}, {1, 6}, {3, 4}], [{8, 5}, {2, 7}, {3, 6}, {1, 4}], [{8, 5}, {2, 7}, {4, 6}, {1, 3}], [{8, 5}, {3, 7}, {1, 6}, {2, 4}], [{8, 5}, {3, 7}, {2, 6}, {1, 4}], [{8, 5}, {3, 7}, {2, 6}, {4}, {1}], [{8, 5}, {3, 7}, {4, 6}, {1, 2}], [{8, 5}, {3, 7}, {4, 6}, {2}, {1}], [{8, 5}, {3, 7}, {6}, {2, 4}, {1}], [{8, 5}, {4, 7}, {1, 6}, {2, 3}], [{8, 5}, {4, 7}, {2, 6}, {1, 3}], [{8, 5}, {4, 7}, {3, 6}, {1, 2}], [{8, 5}, {6, 7}, {1, 4}, {2, 3}], [{8, 5}, {6, 7}, {2, 4}, {1, 3}], [{8, 5}, {6, 7}, {2, 4}, {3}, {1}], [{8, 5}, {6, 7}, {3, 4}, {1, 2}], [{8, 5}, {6, 7}, {3, 4}, {2}, {1}], [{8, 5}, {6, 7}, {4}, {2, 3}, {1}], [{8, 5}, {7}, {1, 6}, {2, 4}, {3}], [{8, 5}, {7}, {3, 6}, {2, 4}, {1}], [{8, 5}, {7}, {6}, {2, 4}, {1, 3}], [{8, 5}, {7}, {6}, {2, 4}, {3}, {1}], [{8, 6}, {1, 7}, {2, 5}, {3, 4}], [{8, 6}, {1, 7}, {3, 5}, {2, 4}], [{8, 6}, {1, 7}, {4, 5}, {2, 3}], [{8, 6}, {2, 7}, {1, 5}, {3, 4}], [{8, 6}, {2, 7}, {3, 5}, {1, 4}], [{8, 6}, {2, 7}, {4, 5}, {1, 3}], [{8, 6}, {3, 7}, {1, 5}, {2, 4}], [{8, 6}, {3, 7}, {2, 5}, {1, 4}], [{8, 6}, {3, 7}, {4, 5}, {1, 2}], [{8, 6}, {3, 7}, {5}, {1, 4}, {2}], [{8, 6}, {4, 7}, {1, 5}, {2, 3}], [{8, 6}, {4, 7}, {2, 5}, {1, 3}], [{8, 6}, {4, 7}, {3, 5}, {1, 2}], [{8, 6}, {4, 7}, {3, 5}, {2}, {1}], [{8, 6}, {5, 7}, {1, 4}, {2, 3}], [{8, 6}, {5, 7}, {2, 4}, {1, 3}], [{8, 6}, {5, 7}, {2, 4}, {3}, {1}], [{8, 6}, {5, 7}, {3, 4}, {1, 2}], [{8, 6}, {7}, {1, 5}, {4}, {2, 3}], [{8, 6}, {7}, {2, 5}, {1, 4}, {3}], [{8, 6}, {7}, {3, 5}, {4}, {1, 2}], [{8, 7}, {1, 6}, {2, 5}, {3, 4}], [{8, 7}, {1, 6}, {3, 5}, {2, 4}], [{8, 7}, {1, 6}, {3, 5}, {4}, {2}], [{8, 7}, {1, 6}, {4, 5}, {2, 3}], [{8, 7}, {1, 6}, {5}, {2, 4}, {3}], [{8, 7}, {2, 6}, {1, 5}, {3, 4}], [{8, 7}, {2, 6}, {3, 5}, {1, 4}], [{8, 7}, {2, 6}, {3, 5}, {4}, {1}], [{8, 7}, {2, 6}, {4, 5}, {1, 3}], [{8, 7}, {3, 6}, {1, 5}, {2, 4}], [{8, 7}, {3, 6}, {1, 5}, {4}, {2}], [{8, 7}, {3, 6}, {2, 5}, {1, 4}], [{8, 7}, {3, 6}, {4, 5}, {1, 2}], [{8, 7}, {3, 6}, {5}, {2, 4}, {1}], [{8, 7}, {4, 6}, {1, 5}, {2, 3}], [{8, 7}, {4, 6}, {2, 5}, {1, 3}], [{8, 7}, {4, 6}, {3, 5}, {1, 2}], [{8, 7}, {4, 6}, {3, 5}, {2}, {1}], [{8, 7}, {5, 6}, {1, 4}, {2, 3}], [{8, 7}, {5, 6}, {2, 4}, {1, 3}], [{8, 7}, {5, 6}, {2, 4}, {3}, {1}], [{8, 7}, {5, 6}, {3, 4}, {1, 2}], [{8, 7}, {5, 6}, {4}, {1, 3}, {2}], [{8, 7}, {6}, {1, 5}, {2, 4}, {3}], [{8, 7}, {6}, {2, 5}, {3, 4}, {1}], [{8, 7}, {6}, {3, 5}, {1, 4}, {2}], [{8, 7}, {6}, {3, 5}, {2, 4}, {1}], [{8, 7}, {6}, {3, 5}, {4}, {1, 2}], [{8, 7}, {6}, {3, 5}, {4}, {2}, {1}], [{8, 7}, {6}, {4, 5}, {2, 3}, {1}], [{8, 7}, {6}, {5}, {2, 4}, {1, 3}], [{8, 7}, {6}, {5}, {2, 4}, {3}, {1}], [{8}, {1, 7}, {4, 6}, {3, 5}, {2}], [{8}, {1, 7}, {6}, {2, 5}, {3, 4}], [{8}, {2, 7}, {4, 6}, {3, 5}, {1}], [{8}, {3, 7}, {4, 6}, {1, 5}, {2}], [{8}, {3, 7}, {4, 6}, {2, 5}, {1}], [{8}, {3, 7}, {4, 6}, {5}, {1, 2}], [{8}, {3, 7}, {4, 6}, {5}, {2}, {1}], [{8}, {4, 7}, {1, 6}, {2, 5}, {3}], [{8}, {4, 7}, {3, 6}, {2, 5}, {1}], [{8}, {4, 7}, {5, 6}, {2, 3}, {1}], [{8}, {4, 7}, {6}, {2, 5}, {1, 3}], [{8}, {4, 7}, {6}, {3, 5}, {1, 2}], [{8}, {5, 7}, {1, 6}, {2, 4}, {3}], [{8}, {5, 7}, {1, 6}, {3, 4}, {2}], [{8}, {5, 7}, {1, 6}, {4}, {2, 3}], [{8}, {5, 7}, {2, 6}, {1, 4}, {3}], [{8}, {5, 7}, {2, 6}, {3, 4}, {1}], [{8}, {5, 7}, {2, 6}, {4}, {1, 3}], [{8}, {5, 7}, {2, 6}, {4}, {3}, {1}], [{8}, {5, 7}, {3, 6}, {1, 4}, {2}], [{8}, {5, 7}, {3, 6}, {2, 4}, {1}], [{8}, {5, 7}, {3, 6}, {4}, {1, 2}], [{8}, {5, 7}, {4, 6}, {1, 3}, {2}], [{8}, {5, 7}, {4, 6}, {2, 3}, {1}], [{8}, {5, 7}, {4, 6}, {3}, {1, 2}], [{8}, {5, 7}, {4, 6}, {3}, {2}, {1}], [{8}, {5, 7}, {6}, {1, 4}, {2, 3}], [{8}, {5, 7}, {6}, {2, 4}, {1, 3}], [{8}, {5, 7}, {6}, {2, 4}, {3}, {1}], [{8}, {5, 7}, {6}, {3, 4}, {1, 2}], [{8}, {6, 7}, {3, 5}, {4}, {1, 2}], [{8}, {7}, {4, 6}, {3, 5}, {1, 2}], [{8}, {7}, {4, 6}, {3, 5}, {2}, {1}]]",2,- 4 K_1^2 - 4 K_1 K_2 + 2 K_1 + 2 K_2 + 2 K_3 + 3,O1O2O3U4O5U1U5O6U3U2O7U6U7O8O4U8,O1O2U1O3O4U2O5O6U5O7U4U3U6O8U7U8,O1O2U3O4O5U6O3O6U7U8O7U1U5U4O8U2,c,{'O1O2O3U4O5O4U6U7O6U2U1O7U8U3O8U5'},1,"<a href=""/flatknot/8.975709"">8.975709</a>",t^9-57t^7-192t^6+16t^5+658t^4+504t^3-130t^2-104t+24,-2t^2+4t,,
8.975710,O1O2O3U4O5O4U6U7O6U2U1O7U8U5O8U3,4,8z^3+54z^2+115z+79,8w^4z^3+54w^3z^2+115w^2z+79w,False,False,"[[ 0 -1 -1  2  1  2 -1 -1 -1],[ 1  0  0  2  1  0  1  1  0],[ 1  0  0  1  1 -1  1  2  0],[-2 -2 -1  0 -1  0 -3 -1 -3],[-1 -1 -1  1  0  2 -2 -2 -1],[-2  0  1  0 -2  0 -3 -1 -2],[ 1 -1 -1  3  2  3  0 -1  0],[ 1 -1 -2  1  2  1  1  0  0],[ 1  0  0  3  1  2  0  0  0]]","[[ 0  2  2  1 -1 -1 -1 -1 -1],[-2  0  0 -1 -1 -1 -2 -3 -3],[-2  0  0 -2  1 -1  0 -2 -3],[-1  1  2  0 -1 -2 -1 -1 -2],[ 1  1 -1  1  0  2  0  0  1],[ 1  1  1  2 -2  0 -1  0  1],[ 1  2  0  1  0  1  0  0  1],[ 1  3  2  1  0  0  0  0  0],[ 1  3  3  2 -1 -1 -1  0  0]]",True,"[-2,-2,-1,1,1,1,1,1,0,1,1,1,2,3,3,2,-1,1,0,2,3,1,2,1,1,2,-2,0,0,-1,1,0,-1,0,-1,0]","[-2,-2,-1,1,1,1,1,1,0,-1,0,1,2,3,4,0,0,0,2,1,2,0,1,0,1,1,0,-1,-1,-1,0,0,0,-1,-2,0]",t^8+63t^6+512t^4+105t^2+4,"[-1,-1,-1,-1,-1,1,2,2,-2,-1,0,0,1,2,4,-1,0,1,0,2,2,0,1,0,0,0,0,1,0,1,1,1,3,0,-1,0]","[-2,-2,-1,1,1,1,1,1,0,-1,0,1,2,3,4,0,0,0,2,1,2,0,1,0,1,1,0,-1,-1,-1,0,0,0,-1,-2,0]","[-1,-1,-1,-1,-1,1,2,2,-2,-1,0,1,2,1,1,0,0,1,1,-1,1,0,1,1,0,2,0,1,2,3,2,3,3,2,1,0]",c,"[[{8, 3}, {5, 7}, {1, 6}, {2, 4}], [{8, 3}, {5, 7}, {6}, {2, 4}, {1}]]",1,4 K_1^3 - 4 K_1 K_2 - K_1 + K_3 + 1,O1O2O3U1O4U5U4O6U3U2O7U6U7O8O5U8,O1O2U1O3O4U2O5O6U5O7U4U3U7O8U6U8,O1O2U3O4O5U6O3O6U7U1O7U8U5U4O8U2,c,{'O1O2O3U4O5O4U6U7O6U2U1O7U8U5O8U3'},1,"<a href=""/flatknot/8.975710"">8.975710</a>",t^9-59t^7-154t^6+200t^5+648t^4-205t^3-564t^2+65t+106,-2t^2+4t,,
8.975711,O1O2O3U4O5O4U6U7O6U2U3O7U8U1O8U5,4,2z^3+32z^2+111z+111,2w^4z^3+32w^3z^2+111w^2z+111w,False,False,"[[ 0  0 -1  1  1  2 -1 -1 -1],[ 0  0  0  2  0  1 -1 -1  0],[ 1  0  0  1  1  0  1  1  1],[-1 -2 -1  0 -1 -1 -1  0 -1],[-1  0 -1  1  0  2 -2 -2 -2],[-2 -1  0  1 -2  0 -3 -1 -2],[ 1  1 -1  1  2  3  0 -1  0],[ 1  1 -1  0  2  1  1  0  0],[ 1  0 -1  1  2  2  0  0  0]]","[[ 0  2  1  1  0 -1 -1 -1 -1],[-2  0  1 -2 -1  0 -1 -2 -3],[-1 -1  0 -1 -2 -1  0 -1 -1],[-1  2  1  0  0 -1 -2 -2 -2],[ 0  1  2  0  0  0 -1  0 -1],[ 1  0  1  1  0  0  1  1  1],[ 1  1  0  2  1 -1  0  0  1],[ 1  2  1  2  0 -1  0  0  0],[ 1  3  1  2  1 -1 -1  0  0]]",True,"[-2,-1,-1,0,1,1,1,1,-1,2,1,0,1,2,3,1,2,1,0,1,1,0,1,2,2,2,0,1,0,1,-1,-1,-1,0,-1,0]","[-2,-1,-1,0,1,1,1,1,-1,2,1,0,1,2,3,1,1,0,0,0,1,-1,1,1,2,1,0,1,0,1,0,-1,-1,0,-1,-1]",t^8+47t^6+232t^4+120t^2+4,"[-1,-1,-1,-1,0,1,1,2,-1,-1,-1,1,1,1,3,-1,0,0,0,2,2,0,0,0,1,0,1,0,1,1,1,-1,1,-1,-1,2]","[-2,-1,-1,0,1,1,1,1,-1,2,1,0,1,2,3,1,1,0,0,0,1,-1,1,1,2,1,0,1,0,1,0,-1,-1,0,-1,-1]","[-1,-1,-1,-1,0,1,1,2,-1,-1,0,1,1,2,3,-1,0,1,0,2,1,1,0,1,1,0,0,1,2,2,2,0,1,-1,-1,2]",c,"[[{8, 4}, {1, 7}, {2, 6}, {3, 5}], [{8, 4}, {1, 7}, {6}, {3, 5}, {2}]]",1,8 K_1^3 - 26 K_1^2 - 8 K_1 K_2 - 2 K_1 + 13 K_2 + 2 K_3 + 14,O1O2O3U4O5U3U5O6U1U2O7U6U7O8O4U8,O1O2U1O3O4U2O5O6U5O7U6U3U4O8U7U8,O1O2U3O4O5U6O3O6U7U8O7U4U5U1O8U2,c,{'O1O2O3U4O5O4U6U7O6U2U3O7U8U1O8U5'},1,"<a href=""/flatknot/8.975711"">8.975711</a>",t^9-45t^7-116t^6+91t^5+350t^4-53t^3-162t^2+42t,-t^2+2t,,
8.975712,O1O2O3U4O5O4U6U7O6U2U5O7U8U1O8U3,3,5z^2+88z+157,5w^3z^2+88w^2z+157w,False,False,"[[ 0  0 -1  2  1  1 -1 -1 -1],[ 0  0  0  1  1  1 -1 -1  0],[ 1  0  0  1  1  0  1  1  1],[-2 -1 -1  0 -1  0 -3 -2 -2],[-1 -1 -1  1  0  1 -2 -1 -2],[-1 -1  0  0 -1  0 -1  0 -1],[ 1  1 -1  3  2  1  0 -1  0],[ 1  1 -1  2  1  0  1  0  0],[ 1  0 -1  2  2  1  0  0  0]]","[[ 0  2  1  1  0 -1 -1 -1 -1],[-2  0  0 -1 -1 -1 -2 -2 -3],[-1  0  0 -1 -1  0  0 -1 -1],[-1  1  1  0 -1 -1 -1 -2 -2],[ 0  1  1  1  0  0 -1  0 -1],[ 1  1  0  1  0  0  1  1  1],[ 1  2  0  1  1 -1  0  0  1],[ 1  2  1  2  0 -1  0  0  0],[ 1  3  1  2  1 -1 -1  0  0]]",True,"[-2,-1,-1,0,1,1,1,1,0,1,1,1,2,2,3,1,1,0,0,1,1,1,1,1,2,2,0,1,0,1,-1,-1,-1,0,-1,0]","[-2,-1,-1,0,1,1,1,1,0,1,1,0,1,1,2,1,0,0,0,1,1,0,1,1,2,2,0,1,0,1,0,-1,-1,0,-1,-1]",t^8+41t^6+119t^4+48t^2,"[-1,-1,-1,-1,0,1,1,2,-1,-1,-1,1,1,2,2,-1,0,0,1,2,1,0,0,0,1,0,1,0,1,1,0,0,1,-1,0,1]","[-2,-1,-1,0,1,1,1,1,0,1,1,0,1,1,2,1,0,0,0,1,1,0,1,1,2,2,0,1,0,1,0,-1,-1,0,-1,-1]","[-1,-1,-1,-1,0,1,1,2,-1,-1,0,1,1,2,3,-1,0,1,0,1,2,1,0,0,1,1,0,1,2,2,1,1,1,-1,0,1]",c,"[[{8, 1}, {5, 7}, {4, 6}, {2, 3}], [{8, 1}, {5, 7}, {4, 6}, {3}, {2}], [{8, 2}, {5, 7}, {4, 6}, {1, 3}], [{8, 3}, {5, 7}, {4, 6}, {1, 2}], [{8, 5}, {1, 7}, {2, 6}, {3, 4}], [{8, 5}, {1, 7}, {2, 6}, {4}, {3}], [{8, 5}, {1, 7}, {3, 6}, {2, 4}], [{8, 5}, {1, 7}, {3, 6}, {4}, {2}], [{8, 5}, {1, 7}, {4, 6}, {2, 3}], [{8, 5}, {1, 7}, {4, 6}, {3}, {2}], [{8, 5}, {1, 7}, {6}, {2, 4}, {3}], [{8, 5}, {1, 7}, {6}, {3, 4}, {2}], [{8, 5}, {1, 7}, {6}, {4}, {2, 3}], [{8, 5}, {1, 7}, {6}, {4}, {3}, {2}], [{8, 5}, {2, 7}, {4, 6}, {1, 3}], [{8, 5}, {3, 7}, {1, 6}, {2, 4}], [{8, 5}, {3, 7}, {4, 6}, {1, 2}], [{8, 5}, {6, 7}, {2, 4}, {1, 3}]]",1,- 26 K_1^2 - 4 K_1 K_2 + 2 K_1 + 13 K_2 + 2 K_3 + 14,O1O2O3U1O4U3U4O5U6U2O7U5U7O8O6U8,O1O2U1O3O4U2O5O6U5O7U6U3U7O8U4U8,O1O2U3O4O5U6O3O6U7U4O7U8U5U1O8U2,c,{'O1O2O3U4O5O4U6U7O6U2U5O7U8U1O8U3'},1,"<a href=""/flatknot/8.975712"">8.975712</a>",t^9-39t^7-102t^6-6t^5+208t^4+167t^3-70t^2-136t-48,-t^2+2t,,
8.975713,O1O2O3U4O5O4U6U7O6U2U8O7U1U3O8U5,4,10z^2+79z+119,10w^3z^2+79w^2z+119w,False,False,"[[ 0 -1 -1  2  1  2 -1 -1 -1],[ 1  0  1  2  1  1  0  1  1],[ 1 -1  0  0  1  0  1  2  1],[-2 -2  0  0 -2 -1 -3 -1 -1],[-1 -1 -1  2  0  2 -2 -2 -2],[-2 -1  0  1 -2  0 -3 -2 -1],[ 1  0 -1  3  2  3  0 -1 -1],[ 1 -1 -2  1  2  2  1  0 -1],[ 1 -1 -1  1  2  1  1  1  0]]","[[ 0  2  2  1 -1 -1 -1 -1 -1],[-2  0  1 -2  0 -1 -1 -2 -3],[-2 -1  0 -2  0 -1 -2 -1 -3],[-1  2  2  0 -1 -2 -1 -2 -2],[ 1  0  0  1  0  1 -1  2  1],[ 1  1  1  2 -1  0 -1  1  1],[ 1  1  2  1  1  1  0  1  0],[ 1  2  1  2 -2 -1 -1  0  1],[ 1  3  3  2 -1 -1  0 -1  0]]",True,"[-2,-2,-1,1,1,1,1,1,-1,2,0,1,1,2,3,2,0,1,2,1,3,1,2,1,2,2,-1,1,-2,-1,1,-1,-1,-1,0,-1]","[-2,-2,-1,1,1,1,1,1,-1,-1,0,1,2,2,3,-1,0,2,1,2,3,0,1,0,0,1,0,-1,-1,-1,1,1,1,-1,-2,-1]",t^8+65t^6+490t^4+71t^2,"[-1,-1,-1,-1,-1,1,2,2,-2,-1,-1,1,1,3,3,-1,1,1,0,1,2,1,0,0,0,0,1,0,2,2,1,2,1,-1,-1,-1]","[-2,-2,-1,1,1,1,1,1,-1,-1,0,1,2,2,3,-1,0,2,1,2,3,0,1,0,0,1,0,-1,-1,-1,1,1,1,-1,-2,-1]","[-1,-1,-1,-1,-1,1,2,2,-2,-1,-1,1,2,1,2,-1,1,1,1,0,0,1,0,1,2,1,1,2,1,1,2,3,3,2,2,-1]",c,"[[{8, 4}, {1, 7}, {2, 6}, {3, 5}], [{8, 6}, {1, 7}, {3, 5}, {2, 4}]]",1,12 K_1^3 - 28 K_1^2 - 20 K_1 K_2 + K_1 + 14 K_2 + 7 K_3 + 15,O1O2O3U4O5U1U3O6U5U2O7U6U7O8O4U8,O1O2U1O3O4U2O5O6U4O7U5U3U6O8U7U8,O1O2U3O4O5U6O3O6U7U8O7U1U5U2O8U4,c,{'O1O2O3U4O5O4U6U7O6U2U8O7U1U3O8U5'},1,"<a href=""/flatknot/8.975713"">8.975713</a>",t^9-61t^7-252t^6-262t^5+192t^4+366t^3+92t^2-8t+4,-2t^2+4t,,
8.975714,O1O2O3U4O5O4U6U7O6U2U8O7U1U5O8U3,4,13z^2+82z+113,13w^3z^2+82w^2z+113w,False,False,"[[ 0 -1 -1  2  1  2 -1 -1 -1],[ 1  0  1  2  1  1  0  1  1],[ 1 -1  0  1  1 -1  1  2  1],[-2 -2 -1  0 -1  0 -3 -2 -2],[-1 -1 -1  1  0  2 -2 -2 -1],[-2 -1  1  0 -2  0 -3 -1 -1],[ 1  0 -1  3  2  3  0 -1 -1],[ 1 -1 -2  2  2  1  1  0 -1],[ 1 -1 -1  2  1  1  1  1  0]]","[[ 0  2  2  1 -1 -1 -1 -1 -1],[-2  0  0 -1 -1 -2 -2 -2 -3],[-2  0  0 -2  1 -1 -1 -1 -3],[-1  1  2  0 -1 -1 -1 -2 -2],[ 1  1 -1  1  0  1 -1  2  1],[ 1  2  1  1 -1  0 -1  1  1],[ 1  2  1  1  1  1  0  1  0],[ 1  2  1  2 -2 -1 -1  0  1],[ 1  3  3  2 -1 -1  0 -1  0]]",True,"[-2,-2,-1,1,1,1,1,1,0,1,1,2,2,2,3,2,-1,1,1,1,3,1,1,1,2,2,-1,1,-2,-1,1,-1,-1,-1,0,-1]","[-2,-2,-1,1,1,1,1,1,0,-1,0,2,2,2,4,0,0,1,1,1,2,0,0,1,1,1,-1,-1,0,-1,-1,-1,-2,-1,-1,1]",t^8+63t^6+534t^4+335t^2,"[-1,-1,-1,-1,-1,1,2,2,-2,-1,-1,1,1,2,4,-1,1,1,0,1,2,1,0,0,0,0,1,1,1,2,1,1,2,0,-1,0]","[-2,-2,-1,1,1,1,1,1,0,-1,0,2,2,2,4,0,0,1,1,1,2,0,0,1,1,1,-1,-1,0,-1,-1,-1,-2,-1,-1,1]","[-1,-1,-1,-1,-1,1,2,2,-2,-1,-1,1,2,1,2,-1,1,1,1,-1,1,1,0,1,1,2,1,1,1,2,2,3,3,2,1,0]",c,"[[{8, 4}, {1, 7}, {2, 6}, {3, 5}]]",1,4 K_1^3 - 24 K_1^2 - 4 K_1 K_2 - K_1 + 12 K_2 + K_3 + 13,O1O2O3U1O4U5U3O6U4U2O7U6U7O8O5U8,O1O2U1O3O4U2O5O6U4O7U5U3U7O8U6U8,O1O2U3O4O5U6O3O6U7U1O7U8U5U2O8U4,c,{'O1O2O3U4O5O4U6U7O6U2U8O7U1U5O8U3'},1,"<a href=""/flatknot/8.975714"">8.975714</a>",t^9-59t^7-242t^6-284t^5+104t^4+448t^3+362t^2+144t+20,-2t^2+4t,,
8.975715,O1O2O3U4O5O4U6U7O6U3U1O7U8U2O8U5,4,10z^2+63z+87,10w^3z^2+63w^2z+87w,False,False,"[[ 0 -1  1  0  1  2 -1 -1 -1],[ 1  0  0  0  1  1  1  1  0],[-1  0  0  1 -1  0 -2 -1 -1],[ 0  0 -1  0  0 -1  0  1  0],[-1 -1  1  0  0  2 -2 -2 -2],[-2 -1  0  1 -2  0 -3 -1 -2],[ 1 -1  2  0  2  3  0 -1  0],[ 1 -1  1 -1  2  1  1  0  0],[ 1  0  1  0  2  2  0  0  0]]","[[ 0  2  1  1  0 -1 -1 -1 -1],[-2  0  0 -2  1 -1 -1 -2 -3],[-1  0  0 -1  1  0 -1 -1 -2],[-1  2  1  0  0 -1 -2 -2 -2],[ 0 -1 -1  0  0  0  1  0  0],[ 1  1  0  1  0  0  1  0  1],[ 1  1  1  2 -1 -1  0  0  1],[ 1  2  1  2  0  0  0  0  0],[ 1  3  2  2  0 -1 -1  0  0]]",True,"[-2,-1,-1,0,1,1,1,1,0,2,-1,1,1,2,3,1,-1,0,1,1,2,0,1,2,2,2,0,-1,0,0,-1,0,-1,0,-1,0]","[-2,-1,-1,0,1,1,1,1,-1,1,3,0,1,2,2,1,1,0,0,0,1,2,0,1,1,2,1,1,2,1,0,-1,-1,0,0,-1]",t^8+45t^6+129t^4+72t^2+4,"[-1,-1,-1,-1,0,1,1,2,-1,-1,0,1,1,2,2,-1,0,2,0,1,2,0,1,0,0,0,1,0,1,1,1,2,3,-1,-1,1]","[-2,-1,-1,0,1,1,1,1,-1,1,3,0,1,2,2,1,1,0,0,0,1,2,0,1,1,2,1,1,2,1,0,-1,-1,0,0,-1]","[-1,-1,-1,-1,0,1,1,2,-1,-1,0,0,2,2,3,-1,0,-1,1,2,1,0,0,0,1,1,0,1,2,2,-1,0,-1,-1,0,2]",c,"[[{8, 6}, {5, 7}, {3, 4}, {1, 2}], [{8, 7}, {3, 6}, {1, 5}, {2, 4}], [{8, 7}, {3, 6}, {1, 5}, {4}, {2}], [{8}, {5, 7}, {6}, {3, 4}, {1, 2}]]",1,- 10 K_1^2 + 5 K_2 + 6,O1O2O3U4O5U2U5O6U3U1O7U6U7O8O4U8,O1O2U1O3O4U2O5O6U5O7U4U6U3O8U7U8,O1O2U3O4O5U6O3O6U7U8O7U5U1U4O8U2,c,"{'O1O2U3O4O5U6O3U7U4O6U1O7U8U2O8U5', 'O1O2O3U4O5O4U6U7O6U3U1O7U8U2O8U5'}",2,"<a href=""/flatknot/8.975715"">8.975715</a>",t^9-43t^7-104t^6+54t^5+160t^4-37t^3-44t^2-7t,-t^2+2t,,
8.975716,O1O2O3U4O5O4U6U7O6U3U1O7U8U5O8U2,2,23z+47,23w^2z+47w,False,False,"[[ 0 -1  1  0  1  2 -1 -1 -1],[ 1  0  1  0  1  0  1  1  0],[-1 -1  0  0  0  1 -2 -1 -2],[ 0  0  0  0  0 -1  0  1 -1],[-1 -1  0  0  0  2 -2 -2 -1],[-2  0 -1  1 -2  0 -3 -1 -2],[ 1 -1  2  0  2  3  0 -1  0],[ 1 -1  1 -1  2  1  1  0  0],[ 1  0  2  1  1  2  0  0  0]]","[[ 0  2  1  0 -1 -1 -1],[-2  0 -1  1 -1 -2 -3],[-1  1  0  0 -1 -2 -2],[ 0 -1  0  0  1 -1  0],[ 1  1  1 -1  0  0  1],[ 1  2  2  1  0  0  0],[ 1  3  2  0 -1  0  0]]",False,"[-2,-1,0,1,1,1,1,-1,1,2,3,0,1,2,2,-1,1,0,0,-1,0]","[-2,-1,0,1,1,1,0,3,0,1,2,1,0,0,1,1,0,2,0,-1,0]",t^6+28t^4+65t^2,"[-1,-1,-1,0,1,2,-1,0,2,1,2,0,1,0,0,0,0,1,1,3,0]","[-2,-1,0,1,1,1,0,3,0,1,2,1,0,0,1,1,0,2,0,-1,0]","[-1,-1,-1,0,1,2,-1,0,0,2,3,0,-1,1,1,1,2,2,0,-1,1]",c,"[[{8, 1}, {5, 7}, {2, 6}, {3, 4}], [{8, 1}, {5, 7}, {6}, {3, 4}, {2}], [{8, 3}, {5, 7}, {2, 6}, {1, 4}], [{8, 3}, {5, 7}, {6}, {1, 4}, {2}], [{8, 5}, {3, 7}, {2, 6}, {1, 4}], [{8, 7}, {1, 6}, {3, 5}, {2, 4}], [{8, 7}, {2, 6}, {3, 5}, {1, 4}]]",1,- 10 K_1^2 + 5 K_2 + 6,O1O2O3U2O4U5U4O6U3U1O7U6U7O8O5U8,O1O2U1O3O4U2O5O6U5O7U4U7U3O8U6U8,O1O2U3O4O5U6O3O6U7U1O7U5U8U4O8U2,c,"{'O1O2O3U4O5O4U6U7O6U3U1O7U8U5O8U2', 'O1O2U3O4O5U6O3U7U4O6U1O7U8U5O8U2', 'O1O2U3O4O3U5O6O5U7U8O7U2U4O8U1U6'}",3,"<a href=""/flatknot/8.975716"">8.975716</a>",t^7-26t^5-36t^4+28t^3+10t^2-4t,-t^2+2t,,
8.975717,O1O2O3U4O5O4U6U7O6U3U2O7U8U1O8U5,3,13z^2+62z+73,13w^3z^2-4w^3z+66w^2z+73w,False,False,"[[ 0  0  0  0  1  2 -1 -1 -1],[ 0  0  1  1  0  1 -1 -1  0],[ 0 -1  0  0  0  0  0  0  0],[ 0 -1  0  0  0 -1  0  1  0],[-1  0  0  0  0  2 -2 -2 -2],[-2 -1  0  1 -2  0 -3 -1 -2],[ 1  1  0  0  2  3  0 -1  0],[ 1  1  0 -1  2  1  1  0  0],[ 1  0  0  0  2  2  0  0  0]]","[[ 0  2  1  0  0  0 -1 -1 -1],[-2  0 -2  1  0 -1 -1 -2 -3],[-1  2  0  0  0  0 -2 -2 -2],[ 0 -1  0  0  0 -1  1  0  0],[ 0  0  0  0  0 -1  0  0  0],[ 0  1  0  1  1  0 -1  0 -1],[ 1  1  2 -1  0  1  0  0  1],[ 1  2  2  0  0  0  0  0  0],[ 1  3  2  0  0  1 -1  0  0]]",True,"[-2,-1,0,0,0,1,1,1,2,-1,0,1,1,2,3,0,0,0,2,2,2,0,1,-1,0,0,1,0,0,0,1,0,1,0,-1,0]","[-2,-1,0,0,0,1,1,1,-1,1,2,3,0,1,2,1,1,1,0,0,0,1,1,0,1,0,0,1,1,1,1,1,2,0,-1,0]",t^8+38t^6+123t^4+56t^2,"[-1,-1,-1,0,0,0,1,2,-1,0,0,1,2,0,2,0,0,1,1,0,0,1,1,1,0,1,-1,-1,1,1,0,1,2,1,3,-1]","[-2,-1,0,0,0,1,1,1,-1,1,2,3,0,1,2,1,1,1,0,0,0,1,1,0,1,0,0,1,1,1,1,1,2,0,-1,0]","[-1,-1,-1,0,0,0,1,2,-1,0,0,0,1,2,3,0,-1,0,1,2,1,0,0,0,2,2,0,-1,0,-1,-1,0,0,0,1,2]",c,"[[{8, 2}, {4, 7}, {5, 6}, {1, 3}], [{8, 3}, {2, 7}, {5, 6}, {1, 4}], [{8, 4}, {2, 7}, {5, 6}, {1, 3}], [{8, 4}, {3, 7}, {5, 6}, {1, 2}], [{8, 4}, {5, 7}, {2, 6}, {1, 3}], [{8, 4}, {5, 7}, {3, 6}, {1, 2}], [{8, 4}, {6, 7}, {2, 5}, {1, 3}], [{8, 4}, {6, 7}, {3, 5}, {1, 2}], [{8, 4}, {7}, {2, 6}, {5}, {1, 3}], [{8, 5}, {4, 7}, {2, 6}, {1, 3}], [{8, 6}, {4, 7}, {2, 5}, {1, 3}], [{8, 7}, {2, 6}, {4, 5}, {1, 3}], [{8}, {5, 7}, {2, 6}, {4}, {1, 3}], [{8}, {5, 7}, {3, 6}, {4}, {1, 2}]]",1,- 2 K_1^2 + K_2 + 2,O1O2O3U4O5U3U5O6U2U1O7U6U7O8O4U8,O1O2U1O3O4U2O5O6U5O7U6U4U3O8U7U8,O1O2U3O4O5U6O3O6U7U8O7U5U4U1O8U2,c,"{'O1O2U3O4O5U6O3U7U4O6U2O7U8U1O8U5', 'O1O2O3U4O5O4U6U7O6U3U2O7U8U1O8U5'}",2,"<a href=""/flatknot/8.975717"">8.975717</a>",t^9-36t^7-72t^6+88t^5+180t^4-8t^3-10t^2,-t^2+2t,,
8.975718,O1O2O3U4O5O4U6U7O6U3U8O7U1U5O8U2,4,10z^2+63z+87,10w^3z^2+63w^2z+87w,False,False,"[[ 0 -1  1  0  1  2 -1 -1 -1],[ 1  0  1  1  1  1  0  1  1],[-1 -1  0  0  0  1 -2 -2 -1],[ 0 -1  0  0  0 -1  0  1  0],[-1 -1  0  0  0  2 -2 -2 -1],[-2 -1 -1  1 -2  0 -3 -1 -1],[ 1  0  2  0  2  3  0 -1 -1],[ 1 -1  2 -1  2  1  1  0 -1],[ 1 -1  1  0  1  1  1  1  0]]","[[ 0  2  1  1  0 -1 -1 -1 -1],[-2  0 -1 -2  1 -1 -1 -1 -3],[-1  1  0  0  0 -1 -1 -2 -2],[-1  2  0  0  0 -1 -1 -2 -2],[ 0 -1  0  0  0  0 -1  1  0],[ 1  1  1  1  0  0 -1  1  1],[ 1  1  1  1  1  1  0  1  0],[ 1  1  2  2 -1 -1 -1  0  1],[ 1  3  2  2  0 -1  0 -1  0]]",True,"[-2,-1,-1,0,1,1,1,1,1,2,-1,1,1,1,3,0,0,1,1,2,2,0,1,1,2,2,0,1,-1,0,1,-1,-1,-1,0,-1]","[-2,-1,-1,0,1,1,1,1,-1,0,3,0,2,2,2,0,1,0,0,1,1,1,0,0,1,1,1,2,0,1,-1,0,-1,-1,-1,1]",t^8+45t^6+241t^4+150t^2+4,"[-1,-1,-1,-1,0,1,1,2,-1,-1,0,0,1,1,2,-1,-1,1,1,1,2,-1,2,0,0,2,1,0,0,0,1,1,3,0,-1,0]","[-2,-1,-1,0,1,1,1,1,-1,0,3,0,2,2,2,0,1,0,0,1,1,1,0,0,1,1,1,2,0,1,-1,0,-1,-1,-1,1]","[-1,-1,-1,-1,0,1,1,2,-1,-1,0,0,2,2,3,-1,-1,-1,2,2,1,-1,0,1,1,1,1,1,1,1,0,0,-1,0,1,2]",c,"[[{8, 4}, {1, 7}, {2, 6}, {3, 5}], [{8, 4}, {3, 7}, {2, 6}, {1, 5}], [{8, 4}, {5, 7}, {2, 6}, {1, 3}]]",1,- 6 K_1^2 + 3 K_2 + 4,O1O2O3U2O4U5U3O6U4U1O7U6U7O8O5U8,O1O2U1O3O4U2O5O6U4O7U5U7U3O8U6U8,O1O2U3O4O5U6O3O6U7U1O7U5U8U2O8U4,c,"{'O1O2O3U4O5O4U6U7O6U3U8O7U1U5O8U2', 'O1O2U3O4O5U6O3U7U4O6U8O7U1U5O8U2'}",2,"<a href=""/flatknot/8.975718"">8.975718</a>",t^9-43t^7-130t^6-46t^5+156t^4+110t^3-32t^2-23t+4,-t^2+2t,,
8.975719,O1O2O3U4O5O4U6U7O6U3U8O7U2U1O8U5,3,5z^2+30z+41,5w^3z^2+30w^2z+41w,False,False,"[[ 0  0  0  0  1  2 -1 -1 -1],[ 0  0  0  1  0  1 -1  0  0],[ 0  0  0  1  0  0 -1  0  1],[ 0 -1 -1  0  0 -1  0  1  1],[-1  0  0  0  0  2 -2 -2 -2],[-2 -1  0  1 -2  0 -3 -2 -1],[ 1  1  1  0  2  3  0 -1 -1],[ 1  0  0 -1  2  2  1  0 -1],[ 1  0 -1 -1  2  1  1  1  0]]","[[ 0  2  1  0  0  0 -1 -1 -1],[-2  0 -2  1  0 -1 -1 -2 -3],[-1  2  0  0  0  0 -2 -2 -2],[ 0 -1  0  0 -1 -1  1  1  0],[ 0  0  0  1  0  0  1  0 -1],[ 0  1  0  1  0  0  0  0 -1],[ 1  1  2 -1 -1  0  0  1  1],[ 1  2  2 -1  0  0 -1  0  1],[ 1  3  2  0  1  1 -1 -1  0]]",True,"[-2,-1,0,0,0,1,1,1,2,-1,0,1,1,2,3,0,0,0,2,2,2,1,1,-1,-1,0,0,-1,0,1,0,0,1,-1,-1,-1]","[-2,-1,0,0,0,1,1,1,-1,1,2,3,0,1,2,1,1,1,0,0,0,0,1,0,1,1,1,0,1,2,1,2,2,-1,-1,-1]",t^8+42t^6+186t^4+60t^2,"[-1,-1,-1,0,0,0,1,2,-1,-1,1,2,2,0,2,-1,1,1,2,0,1,0,0,1,0,0,0,-1,1,1,-1,1,2,1,3,-1]","[-2,-1,0,0,0,1,1,1,-1,1,2,3,0,1,2,1,1,1,0,0,0,0,1,0,1,1,1,0,1,2,1,2,2,-1,-1,-1]","[-1,-1,-1,0,0,0,1,2,-1,-1,0,1,1,2,3,-1,-1,0,0,2,2,-1,-1,0,2,1,-1,-1,0,-1,0,0,0,0,1,2]",c,"[[{8, 1}, {2, 7}, {3, 6}, {4, 5}], [{8, 1}, {2, 7}, {3, 6}, {5}, {4}], [{8, 2}, {6, 7}, {4, 5}, {1, 3}], [{8, 6}, {2, 7}, {4, 5}, {1, 3}], [{8, 6}, {2, 7}, {5}, {4}, {1, 3}], [{8, 7}, {5, 6}, {2, 4}, {1, 3}], [{8}, {7}, {5, 6}, {2, 4}, {1, 3}]]",1,- 2 K_1^2 + K_2 + 2,O1O2O3U4O5U3U2O6U5U1O7U6U7O8O4U8,O1O2U1O3O4U2O5O6U4O7U6U5U3O8U7U8,O1O2U3O4O5U6O3O6U7U8O7U5U2U1O8U4,c,"{'O1O2O3U4O5O4U6U7O6U3U8O7U2U1O8U5', 'O1O2O3U4O5U6O7O4U8U5U1O6O8U3U2U7', 'O1O2U3O4O5U6O7U8O3U5U1O6U4O8U2U7', 'O1O2O3U4U5O6U2O4U7U1O5U8O7U3O8U6', 'O1O2U3O4O5U6O3U7U4O6U8O7U2U1O8U5'}",5,"<a href=""/flatknot/8.975719"">8.975719</a>",t^9-40t^7-114t^6+t^5+216t^4+43t^3-104t^2,-t^2+2t,,
8.975720,O1O2O3U4O5O4U6U7O6U3U8O7U5U1O8U2,3,z^2+34z+65,w^3z^2-4w^3z+38w^2z+65w,False,False,"[[ 0  0  1  0  1  1 -1 -1 -1],[ 0  0  0  0  1  0 -1  0  0],[-1  0  0  0  0  1 -2 -2 -1],[ 0  0  0  0  0 -1  0  1  0],[-1 -1  0  0  0  1 -2 -2 -1],[-1  0 -1  1 -1  0 -2  0  0],[ 1  1  2  0  2  2  0 -1 -1],[ 1  0  2 -1  2  0  1  0 -1],[ 1  0  1  0  1  0  1  1  0]]","[[ 0  1  1  0  0 -1 -1],[-1  0  1  0 -1 -2 -2],[-1 -1  0  1  0  0 -2],[ 0  0 -1  0  0  1  0],[ 0  1  0  0  0  0 -1],[ 1  2  0 -1  0  0  1],[ 1  2  2  0  1 -1  0]]",False,"[-1,-1,0,0,1,1,-1,0,1,2,2,-1,0,0,2,0,-1,0,0,1,-1]","[-1,-1,0,0,1,1,-1,0,1,2,2,-1,0,0,2,0,-1,0,0,1,-1]",t^6+18t^4+41t^2,"[-1,-1,0,0,1,1,-1,1,2,0,2,0,1,0,0,0,0,1,1,2,-1]","[-1,-1,0,0,1,1,-1,1,2,0,2,0,1,0,0,0,0,1,1,2,-1]","[-1,-1,0,0,1,1,-1,0,1,2,2,-1,0,0,2,0,-1,0,0,1,-1]",-,"[[{8, 2}, {5, 7}, {4, 6}, {1, 3}], [{8, 2}, {5, 7}, {4, 6}, {3}, {1}]]",0,- 4 K_1^2 + 2 K_2 + 3,O1O2O3U2O4U3U5O6U4U1O7U6U7O8O5U8,O1O2U1O3O4U2O5O6U4O7U6U7U3O8U5U8,O1O2U3O4O5U6O3O6U7U2O7U5U8U1O8U4,c,"{'O1O2U3O4O5U6O3U7U4O6U8O7U5U1O8U2', 'O1O2U3O4O5U6O3U5U7O6U8U4O7U1O8U2', 'O1O2O3U4O5O4U6U7O6U3U8O7U5U1O8U2'}",3,"<a href=""/flatknot/8.975720"">8.975720</a>",t^7-18t^5-20t^4+25t^3+4t^2-4t,0,,
8.975721,O1O2O3U4O5O4U6U7O6U5U1O7U8U3O8U2,4,16z^2+101z+139,16w^3z^2+101w^2z+139w,False,False,"[[ 0 -1  1  2  1  0 -1 -1 -1],[ 1  0  1  0  2 -1  1  1  0],[-1 -1  0  1  0  0 -2 -1 -2],[-2  0 -1  0 -1  0 -3 -2 -2],[-1 -2  0  1  0  0 -2 -1 -2],[ 0  1  0  0  0  0  0  1  0],[ 1 -1  2  3  2  0  0 -1  0],[ 1 -1  1  2  1 -1  1  0  0],[ 1  0  2  2  2  0  0  0  0]]","[[ 0  2  1  1  0 -1 -1 -1 -1],[-2  0 -1 -1  0  0 -2 -2 -3],[-1  1  0  0  0 -1 -1 -2 -2],[-1  1  0  0  0 -2 -1 -2 -2],[ 0  0  0  0  0  1  1  0  0],[ 1  0  1  2 -1  0  1  0  1],[ 1  2  1  1 -1 -1  0  0  1],[ 1  2  2  2  0  0  0  0  0],[ 1  3  2  2  0 -1 -1  0  0]]",True,"[-2,-1,-1,0,1,1,1,1,1,1,0,0,2,2,3,0,0,1,1,2,2,0,2,1,2,2,-1,-1,0,0,-1,0,-1,0,-1,0]","[-2,-1,-1,0,1,1,1,1,0,0,2,0,1,1,3,0,1,0,0,1,0,1,0,0,1,1,1,1,2,2,0,-1,-1,0,0,-1]",t^8+47t^6+210t^4+178t^2+4,"[-1,-1,-1,-1,0,1,1,2,-1,-1,0,2,0,1,3,-1,0,2,1,1,1,0,1,0,0,0,1,0,0,1,1,1,2,0,0,0]","[-2,-1,-1,0,1,1,1,1,0,0,2,0,1,1,3,0,1,0,0,1,0,1,0,0,1,1,1,1,2,2,0,-1,-1,0,0,-1]","[-1,-1,-1,-1,0,1,1,2,-1,-1,0,0,2,2,3,-1,0,-1,1,1,2,0,-1,1,2,0,0,2,2,2,0,0,0,0,1,1]",c,"[[{8, 1}, {5, 7}, {2, 6}, {3, 4}], [{8, 4}, {1, 7}, {2, 6}, {3, 5}], [{8, 4}, {3, 7}, {2, 6}, {1, 5}], [{8, 4}, {5, 7}, {2, 6}, {1, 3}], [{8}, {3, 7}, {2, 6}, {1, 5}, {4}]]",1,4 K_1^3 - 22 K_1^2 - 4 K_1 K_2 - K_1 + 11 K_2 + K_3 + 12,O1O2O3U2O4U1U4O5U3U6O7U5U7O8O6U8,O1O2U1O3O4U2O5O6U5O7U4U7U6O8U3U8,O1O2U3O4O5U6O3O6U7U5O7U1U8U4O8U2,c,{'O1O2O3U4O5O4U6U7O6U5U1O7U8U3O8U2'},1,"<a href=""/flatknot/8.975721"">8.975721</a>",t^9-45t^7-88t^6+131t^5+202t^4-100t^3-18t^2+2t,-t^2+2t,,
8.975722,O1O2O3U4O5O4U6U7O6U5U2O7U8U1O8U3,4,10z^2+95z+151,10w^3z^2+95w^2z+151w,False,False,"[[ 0  0  0  2  1  0 -1 -1 -1],[ 0  0  1  1  1  0 -1 -1  0],[ 0 -1  0  0  1 -1  0  0  0],[-2 -1  0  0 -1  0 -3 -2 -2],[-1 -1 -1  1  0  0 -2 -1 -2],[ 0  0  1  0  0  0  0  1  0],[ 1  1  0  3  2  0  0 -1  0],[ 1  1  0  2  1 -1  1  0  0],[ 1  0  0  2  2  0  0  0  0]]","[[ 0  2  1  0  0  0 -1 -1 -1],[-2  0 -1  0  0 -1 -2 -2 -3],[-1  1  0  0 -1 -1 -1 -2 -2],[ 0  0  0  0  1  0  1  0  0],[ 0  0  1 -1  0 -1  0  0  0],[ 0  1  1  0  1  0 -1  0 -1],[ 1  2  1 -1  0  1  0  0  1],[ 1  2  2  0  0  0  0  0  0],[ 1  3  2  0  0  1 -1  0  0]]",True,"[-2,-1,0,0,0,1,1,1,1,0,0,1,2,2,3,0,1,1,1,2,2,-1,0,-1,0,0,1,0,0,0,1,0,1,0,-1,0]","[-2,-1,0,0,0,1,1,1,0,1,2,2,0,1,1,0,0,1,0,0,1,1,0,0,1,0,-1,1,1,1,1,1,2,0,-1,0]",t^8+36t^6+160t^4+163t^2,"[-1,-1,-1,0,0,0,1,2,-1,0,0,1,2,1,1,0,0,1,1,0,0,1,1,1,0,1,-1,0,0,1,1,0,2,1,2,0]","[-2,-1,0,0,0,1,1,1,0,1,2,2,0,1,1,0,0,1,0,0,1,1,0,0,1,0,-1,1,1,1,1,1,2,0,-1,0]","[-1,-1,-1,0,0,0,1,2,-1,0,0,0,1,2,3,0,-1,0,1,1,2,0,0,0,2,2,1,0,0,0,-1,1,0,1,1,1]",c,"[[{8, 1}, {2, 7}, {3, 6}, {4, 5}], [{8, 1}, {2, 7}, {4, 6}, {3, 5}], [{8, 1}, {2, 7}, {4, 6}, {5}, {3}], [{8, 1}, {2, 7}, {5, 6}, {3, 4}], [{8, 1}, {3, 7}, {2, 6}, {4, 5}], [{8, 1}, {3, 7}, {4, 6}, {2, 5}], [{8, 1}, {3, 7}, {5, 6}, {2, 4}], [{8, 1}, {3, 7}, {5, 6}, {4}, {2}], [{8, 1}, {4, 7}, {2, 6}, {3, 5}], [{8, 1}, {4, 7}, {3, 6}, {2, 5}], [{8, 1}, {4, 7}, {5, 6}, {2, 3}], [{8, 1}, {5, 7}, {2, 6}, {3, 4}], [{8, 1}, {5, 7}, {3, 6}, {2, 4}], [{8, 1}, {5, 7}, {4, 6}, {2, 3}], [{8, 1}, {6, 7}, {2, 5}, {3, 4}], [{8, 1}, {6, 7}, {3, 5}, {2, 4}], [{8, 1}, {6, 7}, {4, 5}, {2, 3}], [{8, 1}, {7}, {2, 6}, {5}, {3, 4}], [{8, 1}, {7}, {4, 6}, {3, 5}, {2}], [{8, 2}, {1, 7}, {3, 6}, {4, 5}], [{8, 2}, {1, 7}, {4, 6}, {3, 5}], [{8, 2}, {1, 7}, {5, 6}, {3, 4}], [{8, 2}, {1, 7}, {6}, {5}, {3, 4}], [{8, 2}, {3, 7}, {1, 6}, {4, 5}], [{8, 2}, {3, 7}, {4, 6}, {1, 5}], [{8, 2}, {3, 7}, {4, 6}, {5}, {1}], [{8, 2}, {3, 7}, {5, 6}, {1, 4}], [{8, 2}, {3, 7}, {6}, {1, 5}, {4}], [{8, 2}, {4, 7}, {1, 6}, {3, 5}], [{8, 2}, {4, 7}, {3, 6}, {1, 5}], [{8, 2}, {4, 7}, {5, 6}, {1, 3}], [{8, 2}, {5, 7}, {1, 6}, {3, 4}], [{8, 2}, {5, 7}, {1, 6}, {4}, {3}], [{8, 2}, {5, 7}, {3, 6}, {1, 4}], [{8, 2}, {5, 7}, {4, 6}, {1, 3}], [{8, 2}, {6, 7}, {1, 5}, {3, 4}], [{8, 2}, {6, 7}, {3, 5}, {1, 4}], [{8, 2}, {6, 7}, {4, 5}, {1, 3}], [{8, 2}, {7}, {5, 6}, {1, 4}, {3}], [{8, 3}, {1, 7}, {2, 6}, {4, 5}], [{8, 3}, {1, 7}, {4, 6}, {2, 5}], [{8, 3}, {1, 7}, {5, 6}, {2, 4}], [{8, 3}, {1, 7}, {6}, {2, 5}, {4}], [{8, 3}, {1, 7}, {6}, {4, 5}, {2}], [{8, 3}, {1, 7}, {6}, {5}, {2, 4}], [{8, 3}, {2, 7}, {1, 6}, {4, 5}], [{8, 3}, {2, 7}, {1, 6}, {5}, {4}], [{8, 3}, {2, 7}, {4, 6}, {1, 5}], [{8, 3}, {2, 7}, {4, 6}, {5}, {1}], [{8, 3}, {2, 7}, {5, 6}, {1, 4}], [{8, 3}, {2, 7}, {5, 6}, {4}, {1}], [{8, 3}, {2, 7}, {6}, {1, 5}, {4}], [{8, 3}, {2, 7}, {6}, {4, 5}, {1}], [{8, 3}, {2, 7}, {6}, {5}, {1, 4}], [{8, 3}, {2, 7}, {6}, {5}, {4}, {1}], [{8, 3}, {4, 7}, {1, 6}, {2, 5}], [{8, 3}, {4, 7}, {2, 6}, {1, 5}], [{8, 3}, {4, 7}, {5, 6}, {1, 2}], [{8, 3}, {4, 7}, {6}, {1, 5}, {2}], [{8, 3}, {4, 7}, {6}, {2, 5}, {1}], [{8, 3}, {4, 7}, {6}, {5}, {1, 2}], [{8, 3}, {5, 7}, {1, 6}, {2, 4}], [{8, 3}, {5, 7}, {1, 6}, {4}, {2}], [{8, 3}, {5, 7}, {2, 6}, {1, 4}], [{8, 3}, {5, 7}, {2, 6}, {4}, {1}], [{8, 3}, {5, 7}, {4, 6}, {1, 2}], [{8, 3}, {5, 7}, {4, 6}, {2}, {1}], [{8, 3}, {5, 7}, {6}, {1, 4}, {2}], [{8, 3}, {5, 7}, {6}, {2, 4}, {1}], [{8, 3}, {5, 7}, {6}, {4}, {1, 2}], [{8, 3}, {5, 7}, {6}, {4}, {2}, {1}], [{8, 3}, {6, 7}, {1, 5}, {2, 4}], [{8, 3}, {6, 7}, {2, 5}, {1, 4}], [{8, 3}, {6, 7}, {2, 5}, {4}, {1}], [{8, 3}, {6, 7}, {4, 5}, {1, 2}], [{8, 3}, {6, 7}, {5}, {1, 4}, {2}], [{8, 3}, {7}, {1, 6}, {2, 5}, {4}], [{8, 3}, {7}, {2, 6}, {5}, {1, 4}], [{8, 3}, {7}, {4, 6}, {2, 5}, {1}], [{8, 3}, {7}, {5, 6}, {1, 4}, {2}], [{8, 3}, {7}, {6}, {1, 5}, {2, 4}], [{8, 3}, {7}, {6}, {2, 5}, {1, 4}], [{8, 3}, {7}, {6}, {2, 5}, {4}, {1}], [{8, 3}, {7}, {6}, {4, 5}, {1, 2}], [{8, 3}, {7}, {6}, {5}, {1, 4}, {2}], [{8, 4}, {1, 7}, {2, 6}, {3, 5}], [{8, 4}, {1, 7}, {3, 6}, {2, 5}], [{8, 4}, {1, 7}, {3, 6}, {5}, {2}], [{8, 4}, {1, 7}, {5, 6}, {2, 3}], [{8, 4}, {1, 7}, {6}, {2, 5}, {3}], [{8, 4}, {2, 7}, {1, 6}, {3, 5}], [{8, 4}, {2, 7}, {3, 6}, {1, 5}], [{8, 4}, {2, 7}, {5, 6}, {1, 3}], [{8, 4}, {2, 7}, {6}, {3, 5}, {1}], [{8, 4}, {3, 7}, {1, 6}, {2, 5}], [{8, 4}, {3, 7}, {1, 6}, {5}, {2}], [{8, 4}, {3, 7}, {2, 6}, {1, 5}], [{8, 4}, {3, 7}, {5, 6}, {1, 2}], [{8, 4}, {3, 7}, {5, 6}, {2}, {1}], [{8, 4}, {3, 7}, {6}, {1, 5}, {2}], [{8, 4}, {5, 7}, {1, 6}, {2, 3}], [{8, 4}, {5, 7}, {2, 6}, {1, 3}], [{8, 4}, {5, 7}, {3, 6}, {1, 2}], [{8, 4}, {5, 7}, {3, 6}, {2}, {1}], [{8, 4}, {5, 7}, {6}, {3}, {1, 2}], [{8, 4}, {6, 7}, {1, 5}, {2, 3}], [{8, 4}, {6, 7}, {1, 5}, {3}, {2}], [{8, 4}, {6, 7}, {2, 5}, {1, 3}], [{8, 4}, {6, 7}, {3, 5}, {1, 2}], [{8, 4}, {6, 7}, {3, 5}, {2}, {1}], [{8, 4}, {6, 7}, {5}, {1, 3}, {2}], [{8, 4}, {7}, {2, 6}, {3, 5}, {1}], [{8, 4}, {7}, {3, 6}, {1, 5}, {2}], [{8, 5}, {1, 7}, {2, 6}, {3, 4}], [{8, 5}, {1, 7}, {3, 6}, {2, 4}], [{8, 5}, {1, 7}, {4, 6}, {2, 3}], [{8, 5}, {1, 7}, {6}, {3, 4}, {2}], [{8, 5}, {2, 7}, {1, 6}, {3, 4}], [{8, 5}, {2, 7}, {3, 6}, {1, 4}], [{8, 5}, {2, 7}, {4, 6}, {1, 3}], [{8, 5}, {2, 7}, {6}, {3, 4}, {1}], [{8, 5}, {3, 7}, {1, 6}, {2, 4}], [{8, 5}, {3, 7}, {2, 6}, {1, 4}], [{8, 5}, {3, 7}, {4, 6}, {1, 2}], [{8, 5}, {3, 7}, {4, 6}, {2}, {1}], [{8, 5}, {4, 7}, {1, 6}, {2, 3}], [{8, 5}, {4, 7}, {2, 6}, {1, 3}], [{8, 5}, {4, 7}, {3, 6}, {1, 2}], [{8, 5}, {4, 7}, {6}, {2, 3}, {1}], [{8, 5}, {6, 7}, {1, 4}, {2, 3}], [{8, 5}, {6, 7}, {2, 4}, {1, 3}], [{8, 5}, {6, 7}, {3, 4}, {1, 2}], [{8, 5}, {7}, {3, 6}, {1, 4}, {2}], [{8, 5}, {7}, {6}, {3, 4}, {1, 2}], [{8, 6}, {1, 7}, {2, 5}, {3, 4}], [{8, 6}, {1, 7}, {3, 5}, {2, 4}], [{8, 6}, {1, 7}, {4, 5}, {2, 3}], [{8, 6}, {2, 7}, {1, 5}, {3, 4}], [{8, 6}, {2, 7}, {3, 5}, {1, 4}], [{8, 6}, {2, 7}, {4, 5}, {1, 3}], [{8, 6}, {3, 7}, {1, 5}, {2, 4}], [{8, 6}, {3, 7}, {2, 5}, {1, 4}], [{8, 6}, {3, 7}, {4, 5}, {1, 2}], [{8, 6}, {4, 7}, {1, 5}, {2, 3}], [{8, 6}, {4, 7}, {1, 5}, {3}, {2}], [{8, 6}, {4, 7}, {2, 5}, {1, 3}], [{8, 6}, {4, 7}, {2, 5}, {3}, {1}], [{8, 6}, {4, 7}, {3, 5}, {1, 2}], [{8, 6}, {4, 7}, {5}, {3}, {1, 2}], [{8, 6}, {5, 7}, {1, 4}, {2, 3}], [{8, 6}, {5, 7}, {2, 4}, {1, 3}], [{8, 6}, {5, 7}, {3, 4}, {1, 2}], [{8, 6}, {5, 7}, {3, 4}, {2}, {1}], [{8, 6}, {5, 7}, {4}, {3}, {1, 2}], [{8, 6}, {7}, {3, 5}, {1, 4}, {2}], [{8, 6}, {7}, {4, 5}, {3}, {1, 2}], [{8, 7}, {1, 6}, {2, 5}, {3, 4}], [{8, 7}, {1, 6}, {3, 5}, {2, 4}], [{8, 7}, {1, 6}, {4, 5}, {2, 3}], [{8, 7}, {2, 6}, {1, 5}, {3, 4}], [{8, 7}, {2, 6}, {3, 5}, {1, 4}], [{8, 7}, {2, 6}, {3, 5}, {4}, {1}], [{8, 7}, {2, 6}, {4, 5}, {1, 3}], [{8, 7}, {3, 6}, {1, 5}, {2, 4}], [{8, 7}, {3, 6}, {1, 5}, {4}, {2}], [{8, 7}, {3, 6}, {2, 5}, {1, 4}], [{8, 7}, {3, 6}, {4, 5}, {1, 2}], [{8, 7}, {4, 6}, {1, 5}, {2, 3}], [{8, 7}, {4, 6}, {2, 5}, {1, 3}], [{8, 7}, {4, 6}, {2, 5}, {3}, {1}], [{8, 7}, {4, 6}, {3, 5}, {1, 2}], [{8, 7}, {4, 6}, {3, 5}, {2}, {1}], [{8, 7}, {4, 6}, {5}, {2, 3}, {1}], [{8, 7}, {5, 6}, {1, 4}, {2, 3}], [{8, 7}, {5, 6}, {1, 4}, {3}, {2}], [{8, 7}, {5, 6}, {2, 4}, {1, 3}], [{8, 7}, {5, 6}, {3, 4}, {1, 2}], [{8, 7}, {5, 6}, {4}, {2, 3}, {1}], [{8, 7}, {6}, {1, 5}, {2, 4}, {3}], [{8, 7}, {6}, {3, 5}, {2, 4}, {1}], [{8, 7}, {6}, {4, 5}, {2, 3}, {1}], [{8, 7}, {6}, {5}, {2, 4}, {1, 3}], [{8, 7}, {6}, {5}, {3, 4}, {1, 2}], [{8}, {1, 7}, {2, 6}, {4, 5}, {3}], [{8}, {1, 7}, {4, 6}, {3, 5}, {2}], [{8}, {1, 7}, {6}, {2, 5}, {3, 4}], [{8}, {2, 7}, {4, 6}, {5}, {1, 3}], [{8}, {2, 7}, {5, 6}, {1, 4}, {3}], [{8}, {3, 7}, {2, 6}, {4, 5}, {1}], [{8}, {3, 7}, {4, 6}, {2, 5}, {1}], [{8}, {3, 7}, {5, 6}, {1, 4}, {2}], [{8}, {3, 7}, {6}, {1, 5}, {2, 4}], [{8}, {4, 7}, {2, 6}, {3, 5}, {1}], [{8}, {4, 7}, {3, 6}, {1, 5}, {2}], [{8}, {4, 7}, {3, 6}, {2, 5}, {1}], [{8}, {4, 7}, {3, 6}, {5}, {1, 2}], [{8}, {5, 7}, {1, 6}, {4}, {2, 3}], [{8}, {5, 7}, {2, 6}, {1, 4}, {3}], [{8}, {5, 7}, {3, 6}, {4}, {1, 2}], [{8}, {5, 7}, {4, 6}, {3}, {1, 2}], [{8}, {5, 7}, {6}, {3, 4}, {1, 2}], [{8}, {6, 7}, {2, 5}, {1, 4}, {3}], [{8}, {7}, {2, 6}, {4, 5}, {1, 3}], [{8}, {7}, {3, 6}, {4, 5}, {1, 2}], [{8}, {7}, {4, 6}, {1, 5}, {2, 3}], [{8}, {7}, {5, 6}, {1, 4}, {2, 3}], [{8}, {7}, {5, 6}, {1, 4}, {3}, {2}]]",2,- 22 K_1^2 - 4 K_1 K_2 + 2 K_1 + 11 K_2 + 2 K_3 + 12,O1O2O3U1O4U3U4O5U2U6O7U5U7O8O6U8,O1O2U1O3O4U2O5O6U5O7U6U4U7O8U3U8,O1O2U3O4O5U6O3O6U7U5O7U8U4U1O8U2,c,{'O1O2O3U4O5O4U6U7O6U5U2O7U8U1O8U3'},1,"<a href=""/flatknot/8.975722"">8.975722</a>",t^9-34t^7-60t^6+79t^5+164t^4-48t^3-114t^2+10t+18,-t^2+2t,,
8.975723,O1O2O3U4O5O4U6U7O6U5U8O7U1U2O8U3,4,4z^3+42z^2+115z+95,4w^4z^3+42w^3z^2+115w^2z+95w,False,False,"[[ 0 -1  1  2  1  0 -1 -1 -1],[ 1  0  1  1  2  0  0  1  1],[-1 -1  0  0  0  0 -2 -1  0],[-2 -1  0  0 -1  0 -3 -3 -1],[-1 -2  0  1  0  0 -2 -1 -2],[ 0  0  0  0  0  0  0  1  1],[ 1  0  2  3  2  0  0 -1 -1],[ 1 -1  1  3  1 -1  1  0 -1],[ 1 -1  0  1  2 -1  1  1  0]]","[[ 0  2  1  1  0 -1 -1 -1 -1],[-2  0  0 -1  0 -1 -1 -3 -3],[-1  0  0  0  0  0 -1 -1 -2],[-1  1  0  0  0 -2 -2 -1 -2],[ 0  0  0  0  0  1  0  1  0],[ 1  1  0  2 -1  0 -1  1  1],[ 1  1  1  2  0  1  0  1  0],[ 1  3  1  1 -1 -1 -1  0  1],[ 1  3  2  2  0 -1  0 -1  0]]",True,"[-2,-1,-1,0,1,1,1,1,0,1,0,1,1,3,3,0,0,0,1,1,2,0,2,2,1,2,-1,0,-1,0,1,-1,-1,-1,0,-1]","[-2,-1,-1,0,1,1,1,1,0,1,0,1,1,3,3,0,0,0,1,1,2,0,2,2,1,2,-1,0,-1,0,1,-1,-1,-1,0,-1]",t^8+47t^6+290t^4+279t^2+1,"[-1,-1,-1,-1,0,1,1,2,-1,-1,0,1,0,1,2,-1,-1,2,0,2,2,-1,2,1,1,0,1,0,0,0,1,1,2,0,0,1]","[-2,-1,-1,0,1,1,1,1,0,1,2,0,0,2,2,0,1,0,1,0,0,1,0,1,1,2,1,2,1,2,-1,0,-1,-1,-1,1]","[-1,-1,-1,-1,0,1,1,2,-1,-1,0,0,2,2,3,-1,-1,-1,1,1,3,-1,-1,0,2,1,0,1,2,1,0,0,0,0,0,1]",c,"[[{8, 1}, {2, 7}, {3, 6}, {4, 5}], [{8, 1}, {2, 7}, {4, 6}, {3, 5}], [{8, 1}, {2, 7}, {5, 6}, {3, 4}], [{8, 1}, {2, 7}, {6}, {3, 5}, {4}], [{8, 1}, {3, 7}, {2, 6}, {4, 5}], [{8, 1}, {3, 7}, {4, 6}, {2, 5}], [{8, 1}, {3, 7}, {5, 6}, {2, 4}], [{8, 1}, {3, 7}, {6}, {2, 5}, {4}], [{8, 1}, {4, 7}, {2, 6}, {3, 5}], [{8, 1}, {4, 7}, {3, 6}, {2, 5}], [{8, 1}, {4, 7}, {5, 6}, {2, 3}], [{8, 1}, {5, 7}, {2, 6}, {3, 4}], [{8, 1}, {5, 7}, {3, 6}, {2, 4}], [{8, 1}, {5, 7}, {4, 6}, {2, 3}], [{8, 1}, {5, 7}, {6}, {2, 4}, {3}], [{8, 1}, {6, 7}, {2, 5}, {3, 4}], [{8, 1}, {6, 7}, {3, 5}, {2, 4}], [{8, 1}, {6, 7}, {4, 5}, {2, 3}], [{8, 1}, {7}, {4, 6}, {3, 5}, {2}], [{8, 2}, {1, 7}, {3, 6}, {4, 5}], [{8, 2}, {1, 7}, {4, 6}, {3, 5}], [{8, 2}, {1, 7}, {5, 6}, {3, 4}], [{8, 2}, {1, 7}, {6}, {5}, {3, 4}], [{8, 2}, {3, 7}, {1, 6}, {4, 5}], [{8, 2}, {3, 7}, {4, 6}, {1, 5}], [{8, 2}, {3, 7}, {5, 6}, {1, 4}], [{8, 2}, {3, 7}, {5, 6}, {4}, {1}], [{8, 2}, {3, 7}, {6}, {5}, {1, 4}], [{8, 2}, {4, 7}, {1, 6}, {3, 5}], [{8, 2}, {4, 7}, {3, 6}, {1, 5}], [{8, 2}, {4, 7}, {5, 6}, {1, 3}], [{8, 2}, {5, 7}, {1, 6}, {3, 4}], [{8, 2}, {5, 7}, {3, 6}, {1, 4}], [{8, 2}, {5, 7}, {4, 6}, {1, 3}], [{8, 2}, {5, 7}, {4, 6}, {3}, {1}], [{8, 2}, {5, 7}, {6}, {4}, {1, 3}], [{8, 2}, {6, 7}, {1, 5}, {3, 4}], [{8, 2}, {6, 7}, {3, 5}, {1, 4}], [{8, 2}, {6, 7}, {4, 5}, {1, 3}], [{8, 2}, {6, 7}, {5}, {1, 4}, {3}], [{8, 2}, {7}, {3, 6}, {5}, {1, 4}], [{8, 3}, {1, 7}, {2, 6}, {4, 5}], [{8, 3}, {1, 7}, {4, 6}, {2, 5}], [{8, 3}, {1, 7}, {5, 6}, {2, 4}], [{8, 3}, {1, 7}, {6}, {4, 5}, {2}], [{8, 3}, {2, 7}, {1, 6}, {4, 5}], [{8, 3}, {2, 7}, {4, 6}, {1, 5}], [{8, 3}, {2, 7}, {5, 6}, {1, 4}], [{8, 3}, {2, 7}, {6}, {4, 5}, {1}], [{8, 3}, {4, 7}, {1, 6}, {2, 5}], [{8, 3}, {4, 7}, {2, 6}, {1, 5}], [{8, 3}, {4, 7}, {5, 6}, {1, 2}], [{8, 3}, {4, 7}, {6}, {1, 5}, {2}], [{8, 3}, {5, 7}, {1, 6}, {2, 4}], [{8, 3}, {5, 7}, {2, 6}, {1, 4}], [{8, 3}, {5, 7}, {4, 6}, {1, 2}], [{8, 3}, {5, 7}, {6}, {2, 4}, {1}], [{8, 3}, {6, 7}, {1, 5}, {2, 4}], [{8, 3}, {6, 7}, {2, 5}, {1, 4}], [{8, 3}, {6, 7}, {4, 5}, {1, 2}], [{8, 3}, {6, 7}, {5}, {1, 4}, {2}], [{8, 3}, {7}, {2, 6}, {1, 5}, {4}], [{8, 3}, {7}, {4, 6}, {5}, {1, 2}], [{8, 3}, {7}, {5, 6}, {4}, {1, 2}], [{8, 3}, {7}, {6}, {4, 5}, {1, 2}], [{8, 4}, {1, 7}, {2, 6}, {3, 5}], [{8, 4}, {1, 7}, {3, 6}, {2, 5}], [{8, 4}, {1, 7}, {5, 6}, {2, 3}], [{8, 4}, {1, 7}, {6}, {5}, {2, 3}], [{8, 4}, {2, 7}, {1, 6}, {3, 5}], [{8, 4}, {2, 7}, {3, 6}, {1, 5}], [{8, 4}, {2, 7}, {5, 6}, {1, 3}], [{8, 4}, {3, 7}, {1, 6}, {2, 5}], [{8, 4}, {3, 7}, {2, 6}, {1, 5}], [{8, 4}, {3, 7}, {5, 6}, {1, 2}], [{8, 4}, {5, 7}, {1, 6}, {2, 3}], [{8, 4}, {5, 7}, {2, 6}, {1, 3}], [{8, 4}, {5, 7}, {3, 6}, {1, 2}], [{8, 4}, {5, 7}, {6}, {1, 3}, {2}], [{8, 4}, {6, 7}, {1, 5}, {2, 3}], [{8, 4}, {6, 7}, {2, 5}, {1, 3}], [{8, 4}, {6, 7}, {3, 5}, {1, 2}], [{8, 5}, {1, 7}, {2, 6}, {3, 4}], [{8, 5}, {1, 7}, {2, 6}, {4}, {3}], [{8, 5}, {1, 7}, {3, 6}, {2, 4}], [{8, 5}, {1, 7}, {4, 6}, {2, 3}], [{8, 5}, {1, 7}, {4, 6}, {3}, {2}], [{8, 5}, {1, 7}, {6}, {2, 4}, {3}], [{8, 5}, {2, 7}, {1, 6}, {3, 4}], [{8, 5}, {2, 7}, {1, 6}, {4}, {3}], [{8, 5}, {2, 7}, {3, 6}, {1, 4}], [{8, 5}, {2, 7}, {3, 6}, {4}, {1}], [{8, 5}, {2, 7}, {4, 6}, {1, 3}], [{8, 5}, {2, 7}, {6}, {4}, {1, 3}], [{8, 5}, {3, 7}, {1, 6}, {2, 4}], [{8, 5}, {3, 7}, {2, 6}, {1, 4}], [{8, 5}, {3, 7}, {2, 6}, {4}, {1}], [{8, 5}, {3, 7}, {4, 6}, {1, 2}], [{8, 5}, {3, 7}, {4, 6}, {2}, {1}], [{8, 5}, {3, 7}, {6}, {2, 4}, {1}], [{8, 5}, {4, 7}, {1, 6}, {2, 3}], [{8, 5}, {4, 7}, {2, 6}, {1, 3}], [{8, 5}, {4, 7}, {3, 6}, {1, 2}], [{8, 5}, {4, 7}, {6}, {1, 3}, {2}], [{8, 5}, {6, 7}, {1, 4}, {2, 3}], [{8, 5}, {6, 7}, {1, 4}, {3}, {2}], [{8, 5}, {6, 7}, {2, 4}, {1, 3}], [{8, 5}, {6, 7}, {3, 4}, {1, 2}], [{8, 5}, {6, 7}, {3, 4}, {2}, {1}], [{8, 5}, {6, 7}, {4}, {1, 3}, {2}], [{8, 5}, {7}, {2, 6}, {4}, {1, 3}], [{8, 5}, {7}, {4, 6}, {1, 3}, {2}], [{8, 5}, {7}, {6}, {2, 4}, {1, 3}], [{8, 5}, {7}, {6}, {4}, {1, 3}, {2}], [{8, 6}, {1, 7}, {2, 5}, {3, 4}], [{8, 6}, {1, 7}, {3, 5}, {2, 4}], [{8, 6}, {1, 7}, {3, 5}, {4}, {2}], [{8, 6}, {1, 7}, {4, 5}, {2, 3}], [{8, 6}, {2, 7}, {1, 5}, {3, 4}], [{8, 6}, {2, 7}, {3, 5}, {1, 4}], [{8, 6}, {2, 7}, {4, 5}, {1, 3}], [{8, 6}, {3, 7}, {1, 5}, {2, 4}], [{8, 6}, {3, 7}, {2, 5}, {1, 4}], [{8, 6}, {3, 7}, {2, 5}, {4}, {1}], [{8, 6}, {3, 7}, {4, 5}, {1, 2}], [{8, 6}, {4, 7}, {1, 5}, {2, 3}], [{8, 6}, {4, 7}, {2, 5}, {1, 3}], [{8, 6}, {4, 7}, {3, 5}, {1, 2}], [{8, 6}, {5, 7}, {1, 4}, {2, 3}], [{8, 6}, {5, 7}, {2, 4}, {1, 3}], [{8, 6}, {5, 7}, {3, 4}, {1, 2}], [{8, 6}, {5, 7}, {4}, {1, 3}, {2}], [{8, 6}, {7}, {5}, {3, 4}, {1, 2}], [{8, 7}, {1, 6}, {2, 5}, {3, 4}], [{8, 7}, {1, 6}, {3, 5}, {2, 4}], [{8, 7}, {1, 6}, {3, 5}, {4}, {2}], [{8, 7}, {1, 6}, {4, 5}, {2, 3}], [{8, 7}, {2, 6}, {1, 5}, {3, 4}], [{8, 7}, {2, 6}, {3, 5}, {1, 4}], [{8, 7}, {2, 6}, {4, 5}, {1, 3}], [{8, 7}, {2, 6}, {5}, {4}, {1, 3}], [{8, 7}, {3, 6}, {1, 5}, {2, 4}], [{8, 7}, {3, 6}, {1, 5}, {4}, {2}], [{8, 7}, {3, 6}, {2, 5}, {1, 4}], [{8, 7}, {3, 6}, {4, 5}, {1, 2}], [{8, 7}, {4, 6}, {1, 5}, {2, 3}], [{8, 7}, {4, 6}, {2, 5}, {1, 3}], [{8, 7}, {4, 6}, {3, 5}, {1, 2}], [{8, 7}, {4, 6}, {5}, {1, 3}, {2}], [{8, 7}, {4, 6}, {5}, {2, 3}, {1}], [{8, 7}, {4, 6}, {5}, {3}, {1, 2}], [{8, 7}, {5, 6}, {1, 4}, {2, 3}], [{8, 7}, {5, 6}, {2, 4}, {1, 3}], [{8, 7}, {5, 6}, {3, 4}, {1, 2}], [{8, 7}, {5, 6}, {4}, {1, 3}, {2}], [{8, 7}, {6}, {2, 5}, {4}, {1, 3}], [{8, 7}, {6}, {4, 5}, {1, 3}, {2}], [{8, 7}, {6}, {5}, {2, 4}, {1, 3}], [{8, 7}, {6}, {5}, {4}, {1, 3}, {2}], [{8}, {1, 7}, {3, 6}, {5}, {2, 4}], [{8}, {2, 7}, {5, 6}, {3, 4}, {1}], [{8}, {3, 7}, {1, 6}, {2, 5}, {4}], [{8}, {3, 7}, {4, 6}, {5}, {1, 2}], [{8}, {4, 7}, {2, 6}, {3, 5}, {1}], [{8}, {4, 7}, {3, 6}, {2, 5}, {1}], [{8}, {4, 7}, {5, 6}, {2, 3}, {1}], [{8}, {5, 7}, {2, 6}, {4}, {1, 3}], [{8}, {5, 7}, {4, 6}, {1, 3}, {2}], [{8}, {5, 7}, {6}, {2, 4}, {1, 3}], [{8}, {5, 7}, {6}, {4}, {1, 3}, {2}], [{8}, {6, 7}, {2, 5}, {1, 4}, {3}], [{8}, {6, 7}, {3, 5}, {1, 4}, {2}], [{8}, {6, 7}, {3, 5}, {2, 4}, {1}], [{8}, {6, 7}, {3, 5}, {4}, {1, 2}], [{8}, {6, 7}, {5}, {1, 4}, {2, 3}]]",2,8 K_1^3 - 10 K_1^2 - 4 K_1 K_2 - 4 K_1 + 5 K_2 + 6,O1O2O3U1O4U2U3O5U4U6O7U5U7O8O6U8,O1O2U1O3O4U2O5O6U4O7U5U6U7O8U3U8,O1O2U3O4O5U6O3O6U7U5O7U8U1U2O8U4,c,{'O1O2O3U4O5O4U6U7O6U5U8O7U1U2O8U3'},1,"<a href=""/flatknot/8.975723"">8.975723</a>",t^9-45t^7-110t^6+75t^5+232t^4-99t^3-42t^2+4t,-t^2+2t,,
8.975724,O1O2O3U4O5O4U6U7O6U5U8O7U1U3O8U2,4,2z^3+23z^2+102z+129,2w^4z^3+23w^3z^2+102w^2z+129w,False,False,"[[ 0 -1  1  2  1  0 -1 -1 -1],[ 1  0  1  1  2  0  0  1  1],[-1 -1  0  1  0  0 -2 -2 -1],[-2 -1 -1  0 -1  0 -3 -2 -1],[-1 -2  0  1  0  0 -2 -1 -2],[ 0  0  0  0  0  0  0  1  1],[ 1  0  2  3  2  0  0 -1 -1],[ 1 -1  2  2  1 -1  1  0 -1],[ 1 -1  1  1  2 -1  1  1  0]]","[[ 0  2  1  1  0 -1 -1 -1 -1],[-2  0 -1 -1  0 -1 -1 -2 -3],[-1  1  0  0  0 -1 -1 -2 -2],[-1  1  0  0  0 -2 -2 -1 -2],[ 0  0  0  0  0  1  0  1  0],[ 1  1  1  2 -1  0 -1  1  1],[ 1  1  1  2  0  1  0  1  0],[ 1  2  2  1 -1 -1 -1  0  1],[ 1  3  2  2  0 -1  0 -1  0]]",True,"[-2,-1,-1,0,1,1,1,1,1,1,0,1,1,2,3,0,0,1,1,2,2,0,2,2,1,2,-1,0,-1,0,1,-1,-1,-1,0,-1]","[-2,-1,-1,0,1,1,1,1,0,0,2,0,1,2,2,0,1,0,0,1,1,1,0,1,0,0,1,2,1,2,-1,0,-1,-1,-1,1]",t^8+47t^6+234t^4+160t^2+9,"[-1,-1,-1,-1,0,1,1,2,-1,-1,0,1,0,1,2,-1,-1,2,0,1,2,-1,2,1,0,1,1,0,0,0,1,1,2,0,0,0]","[-2,-1,-1,0,1,1,1,1,0,0,2,0,1,2,2,0,1,0,0,1,1,1,0,1,0,0,1,2,1,2,-1,0,-1,-1,-1,1]","[-1,-1,-1,-1,0,1,1,2,-1,-1,0,0,2,2,3,-1,-1,-1,1,2,2,-1,-1,2,1,1,0,2,1,1,0,0,0,0,1,1]",c,"[[{8, 1}, {2, 7}, {3, 6}, {4, 5}], [{8, 1}, {2, 7}, {4, 6}, {3, 5}], [{8, 1}, {2, 7}, {5, 6}, {3, 4}], [{8, 1}, {2, 7}, {6}, {3, 5}, {4}], [{8, 1}, {3, 7}, {2, 6}, {4, 5}], [{8, 1}, {3, 7}, {4, 6}, {2, 5}], [{8, 1}, {3, 7}, {5, 6}, {2, 4}], [{8, 1}, {3, 7}, {6}, {2, 5}, {4}], [{8, 1}, {4, 7}, {2, 6}, {3, 5}], [{8, 1}, {4, 7}, {3, 6}, {2, 5}], [{8, 1}, {4, 7}, {5, 6}, {2, 3}], [{8, 1}, {5, 7}, {2, 6}, {3, 4}], [{8, 1}, {5, 7}, {3, 6}, {2, 4}], [{8, 1}, {5, 7}, {4, 6}, {2, 3}], [{8, 1}, {5, 7}, {6}, {3, 4}, {2}], [{8, 1}, {6, 7}, {2, 5}, {3, 4}], [{8, 1}, {6, 7}, {3, 5}, {2, 4}], [{8, 1}, {6, 7}, {4, 5}, {2, 3}], [{8, 2}, {1, 7}, {3, 6}, {4, 5}], [{8, 2}, {1, 7}, {3, 6}, {5}, {4}], [{8, 2}, {1, 7}, {4, 6}, {3, 5}], [{8, 2}, {1, 7}, {5, 6}, {3, 4}], [{8, 2}, {1, 7}, {6}, {4, 5}, {3}], [{8, 2}, {3, 7}, {1, 6}, {4, 5}], [{8, 2}, {3, 7}, {4, 6}, {1, 5}], [{8, 2}, {3, 7}, {5, 6}, {1, 4}], [{8, 2}, {3, 7}, {5, 6}, {4}, {1}], [{8, 2}, {3, 7}, {6}, {5}, {1, 4}], [{8, 2}, {4, 7}, {1, 6}, {3, 5}], [{8, 2}, {4, 7}, {1, 6}, {5}, {3}], [{8, 2}, {4, 7}, {3, 6}, {1, 5}], [{8, 2}, {4, 7}, {3, 6}, {5}, {1}], [{8, 2}, {4, 7}, {5, 6}, {1, 3}], [{8, 2}, {4, 7}, {5, 6}, {3}, {1}], [{8, 2}, {4, 7}, {6}, {1, 5}, {3}], [{8, 2}, {4, 7}, {6}, {3, 5}, {1}], [{8, 2}, {4, 7}, {6}, {5}, {1, 3}], [{8, 2}, {5, 7}, {1, 6}, {3, 4}], [{8, 2}, {5, 7}, {3, 6}, {1, 4}], [{8, 2}, {5, 7}, {4, 6}, {1, 3}], [{8, 2}, {6, 7}, {1, 5}, {3, 4}], [{8, 2}, {6, 7}, {3, 5}, {1, 4}], [{8, 2}, {6, 7}, {4, 5}, {1, 3}], [{8, 2}, {6, 7}, {5}, {1, 4}, {3}], [{8, 2}, {7}, {3, 6}, {5}, {1, 4}], [{8, 2}, {7}, {5, 6}, {3, 4}, {1}], [{8, 3}, {1, 7}, {2, 6}, {4, 5}], [{8, 3}, {1, 7}, {2, 6}, {5}, {4}], [{8, 3}, {1, 7}, {4, 6}, {2, 5}], [{8, 3}, {1, 7}, {5, 6}, {2, 4}], [{8, 3}, {1, 7}, {6}, {4, 5}, {2}], [{8, 3}, {2, 7}, {1, 6}, {4, 5}], [{8, 3}, {2, 7}, {4, 6}, {1, 5}], [{8, 3}, {2, 7}, {5, 6}, {1, 4}], [{8, 3}, {2, 7}, {6}, {4, 5}, {1}], [{8, 3}, {4, 7}, {1, 6}, {2, 5}], [{8, 3}, {4, 7}, {2, 6}, {1, 5}], [{8, 3}, {4, 7}, {5, 6}, {1, 2}], [{8, 3}, {4, 7}, {6}, {1, 5}, {2}], [{8, 3}, {5, 7}, {1, 6}, {2, 4}], [{8, 3}, {5, 7}, {1, 6}, {4}, {2}], [{8, 3}, {5, 7}, {2, 6}, {1, 4}], [{8, 3}, {5, 7}, {4, 6}, {1, 2}], [{8, 3}, {5, 7}, {4, 6}, {2}, {1}], [{8, 3}, {5, 7}, {6}, {1, 4}, {2}], [{8, 3}, {6, 7}, {1, 5}, {2, 4}], [{8, 3}, {6, 7}, {2, 5}, {1, 4}], [{8, 3}, {6, 7}, {4, 5}, {1, 2}], [{8, 3}, {6, 7}, {5}, {1, 4}, {2}], [{8, 3}, {7}, {4, 6}, {5}, {1, 2}], [{8, 3}, {7}, {5, 6}, {1, 4}, {2}], [{8, 3}, {7}, {5, 6}, {2, 4}, {1}], [{8, 3}, {7}, {5, 6}, {4}, {1, 2}], [{8, 3}, {7}, {6}, {4, 5}, {1, 2}], [{8, 4}, {1, 7}, {2, 6}, {3, 5}], [{8, 4}, {1, 7}, {2, 6}, {5}, {3}], [{8, 4}, {1, 7}, {3, 6}, {2, 5}], [{8, 4}, {1, 7}, {5, 6}, {2, 3}], [{8, 4}, {1, 7}, {6}, {3, 5}, {2}], [{8, 4}, {2, 7}, {1, 6}, {3, 5}], [{8, 4}, {2, 7}, {3, 6}, {1, 5}], [{8, 4}, {2, 7}, {5, 6}, {1, 3}], [{8, 4}, {3, 7}, {1, 6}, {2, 5}], [{8, 4}, {3, 7}, {2, 6}, {1, 5}], [{8, 4}, {3, 7}, {2, 6}, {5}, {1}], [{8, 4}, {3, 7}, {5, 6}, {1, 2}], [{8, 4}, {5, 7}, {1, 6}, {2, 3}], [{8, 4}, {5, 7}, {2, 6}, {1, 3}], [{8, 4}, {5, 7}, {3, 6}, {1, 2}], [{8, 4}, {5, 7}, {3, 6}, {2}, {1}], [{8, 4}, {6, 7}, {1, 5}, {2, 3}], [{8, 4}, {6, 7}, {2, 5}, {1, 3}], [{8, 4}, {6, 7}, {3, 5}, {1, 2}], [{8, 4}, {7}, {2, 6}, {5}, {1, 3}], [{8, 4}, {7}, {5, 6}, {1, 3}, {2}], [{8, 4}, {7}, {6}, {2, 5}, {1, 3}], [{8, 5}, {1, 7}, {2, 6}, {3, 4}], [{8, 5}, {1, 7}, {2, 6}, {4}, {3}], [{8, 5}, {1, 7}, {3, 6}, {2, 4}], [{8, 5}, {1, 7}, {4, 6}, {2, 3}], [{8, 5}, {1, 7}, {6}, {3, 4}, {2}], [{8, 5}, {2, 7}, {1, 6}, {3, 4}], [{8, 5}, {2, 7}, {3, 6}, {1, 4}], [{8, 5}, {2, 7}, {4, 6}, {1, 3}], [{8, 5}, {2, 7}, {6}, {4}, {1, 3}], [{8, 5}, {3, 7}, {1, 6}, {2, 4}], [{8, 5}, {3, 7}, {2, 6}, {1, 4}], [{8, 5}, {3, 7}, {2, 6}, {4}, {1}], [{8, 5}, {3, 7}, {4, 6}, {1, 2}], [{8, 5}, {3, 7}, {4, 6}, {2}, {1}], [{8, 5}, {3, 7}, {6}, {2, 4}, {1}], [{8, 5}, {4, 7}, {1, 6}, {2, 3}], [{8, 5}, {4, 7}, {2, 6}, {1, 3}], [{8, 5}, {4, 7}, {3, 6}, {1, 2}], [{8, 5}, {6, 7}, {1, 4}, {2, 3}], [{8, 5}, {6, 7}, {1, 4}, {3}, {2}], [{8, 5}, {6, 7}, {2, 4}, {1, 3}], [{8, 5}, {6, 7}, {3, 4}, {1, 2}], [{8, 5}, {6, 7}, {3, 4}, {2}, {1}], [{8, 5}, {6, 7}, {4}, {1, 3}, {2}], [{8, 5}, {7}, {1, 6}, {3, 4}, {2}], [{8, 5}, {7}, {2, 6}, {4}, {1, 3}], [{8, 5}, {7}, {4, 6}, {3}, {1, 2}], [{8, 6}, {1, 7}, {2, 5}, {3, 4}], [{8, 6}, {1, 7}, {2, 5}, {4}, {3}], [{8, 6}, {1, 7}, {3, 5}, {2, 4}], [{8, 6}, {1, 7}, {4, 5}, {2, 3}], [{8, 6}, {1, 7}, {4, 5}, {3}, {2}], [{8, 6}, {1, 7}, {5}, {2, 4}, {3}], [{8, 6}, {2, 7}, {1, 5}, {3, 4}], [{8, 6}, {2, 7}, {3, 5}, {1, 4}], [{8, 6}, {2, 7}, {4, 5}, {1, 3}], [{8, 6}, {2, 7}, {4, 5}, {3}, {1}], [{8, 6}, {3, 7}, {1, 5}, {2, 4}], [{8, 6}, {3, 7}, {2, 5}, {1, 4}], [{8, 6}, {3, 7}, {2, 5}, {4}, {1}], [{8, 6}, {3, 7}, {4, 5}, {1, 2}], [{8, 6}, {4, 7}, {1, 5}, {2, 3}], [{8, 6}, {4, 7}, {2, 5}, {1, 3}], [{8, 6}, {4, 7}, {3, 5}, {1, 2}], [{8, 6}, {5, 7}, {1, 4}, {2, 3}], [{8, 6}, {5, 7}, {2, 4}, {1, 3}], [{8, 6}, {5, 7}, {3, 4}, {1, 2}], [{8, 6}, {7}, {2, 5}, {4}, {1, 3}], [{8, 6}, {7}, {4, 5}, {3}, {1, 2}], [{8, 7}, {1, 6}, {2, 5}, {3, 4}], [{8, 7}, {1, 6}, {3, 5}, {2, 4}], [{8, 7}, {1, 6}, {4, 5}, {2, 3}], [{8, 7}, {2, 6}, {1, 5}, {3, 4}], [{8, 7}, {2, 6}, {3, 5}, {1, 4}], [{8, 7}, {2, 6}, {4, 5}, {1, 3}], [{8, 7}, {3, 6}, {1, 5}, {2, 4}], [{8, 7}, {3, 6}, {1, 5}, {4}, {2}], [{8, 7}, {3, 6}, {2, 5}, {1, 4}], [{8, 7}, {3, 6}, {4, 5}, {1, 2}], [{8, 7}, {4, 6}, {1, 5}, {2, 3}], [{8, 7}, {4, 6}, {1, 5}, {3}, {2}], [{8, 7}, {4, 6}, {2, 5}, {1, 3}], [{8, 7}, {4, 6}, {2, 5}, {3}, {1}], [{8, 7}, {4, 6}, {3, 5}, {1, 2}], [{8, 7}, {4, 6}, {3, 5}, {2}, {1}], [{8, 7}, {4, 6}, {5}, {1, 3}, {2}], [{8, 7}, {4, 6}, {5}, {2, 3}, {1}], [{8, 7}, {4, 6}, {5}, {3}, {1, 2}], [{8, 7}, {4, 6}, {5}, {3}, {2}, {1}], [{8, 7}, {5, 6}, {1, 4}, {2, 3}], [{8, 7}, {5, 6}, {2, 4}, {1, 3}], [{8, 7}, {5, 6}, {3, 4}, {1, 2}], [{8, 7}, {6}, {1, 5}, {3, 4}, {2}], [{8}, {1, 7}, {2, 6}, {3, 5}, {4}], [{8}, {1, 7}, {2, 6}, {4, 5}, {3}], [{8}, {1, 7}, {2, 6}, {5}, {3, 4}], [{8}, {1, 7}, {3, 6}, {4, 5}, {2}], [{8}, {1, 7}, {6}, {4, 5}, {2, 3}], [{8}, {1, 7}, {6}, {4, 5}, {3}, {2}], [{8}, {2, 7}, {3, 6}, {4, 5}, {1}], [{8}, {3, 7}, {1, 6}, {2, 5}, {4}], [{8}, {3, 7}, {2, 6}, {4, 5}, {1}], [{8}, {3, 7}, {4, 6}, {5}, {1, 2}], [{8}, {4, 7}, {6}, {1, 5}, {2, 3}], [{8}, {5, 7}, {4, 6}, {3}, {1, 2}], [{8}, {6, 7}, {1, 5}, {2, 4}, {3}], [{8}, {6, 7}, {2, 5}, {1, 4}, {3}], [{8}, {6, 7}, {3, 5}, {1, 4}, {2}], [{8}, {6, 7}, {5}, {1, 4}, {2, 3}], [{8}, {7}, {2, 6}, {4, 5}, {1, 3}], [{8}, {7}, {3, 6}, {4, 5}, {1, 2}], [{8}, {7}, {4, 6}, {2, 5}, {1, 3}], [{8}, {7}, {4, 6}, {3, 5}, {1, 2}]]",2,8 K_1^3 - 22 K_1^2 - 20 K_1 K_2 + 4 K_1 + 11 K_2 + 8 K_3 + 12,O1O2O3U2O4U1U3O5U4U6O7U5U7O8O6U8,O1O2U1O3O4U2O5O6U4O7U5U7U6O8U3U8,O1O2U3O4O5U6O3O6U7U5O7U1U8U2O8U4,c,{'O1O2O3U4O5O4U6U7O6U5U8O7U1U3O8U2'},1,"<a href=""/flatknot/8.975724"">8.975724</a>",t^9-45t^7-134t^6-29t^5+218t^4+110t^3-60t^2-17t+6,-t^2+2t,,
8.975725,O1O2O3U4O5O4U6U7O6U5U8O7U2U1O8U3,4,6z^3+49z^2+116z+85,6w^4z^3+49w^3z^2+116w^2z+85w,False,False,"[[ 0  0  0  2  1  0 -1 -1 -1],[ 0  0  0  1  1  0 -1  0  0],[ 0  0  0  0  1  0 -1  0  1],[-2 -1  0  0 -1  0 -3 -3 -1],[-1 -1 -1  1  0  0 -2 -1 -2],[ 0  0  0  0  0  0  0  1  1],[ 1  1  1  3  2  0  0 -1 -1],[ 1  0  0  3  1 -1  1  0 -1],[ 1  0 -1  1  2 -1  1  1  0]]","[[ 0  2  1  0  0  0 -1 -1 -1],[-2  0 -1  0  0 -1 -1 -3 -3],[-1  1  0  0 -1 -1 -2 -1 -2],[ 0  0  0  0  0  0  1  1  0],[ 0  0  1  0  0  0  1  0 -1],[ 0  1  1  0  0  0  0  0 -1],[ 1  1  2 -1 -1  0  0  1  1],[ 1  3  1 -1  0  0 -1  0  1],[ 1  3  2  0  1  1 -1 -1  0]]",True,"[-2,-1,0,0,0,1,1,1,1,0,0,1,1,3,3,0,1,1,2,1,2,0,0,-1,-1,0,0,-1,0,1,0,0,1,-1,-1,-1]","[-2,-1,0,0,0,1,1,1,0,1,2,2,0,0,2,0,0,1,0,1,0,0,0,0,1,1,0,0,1,2,1,2,2,-1,-1,-1]",t^8+40t^6+237t^4+233t^2+1,"[-1,-1,-1,0,0,0,1,2,-1,-1,1,2,2,0,2,-1,1,1,2,1,0,0,0,1,0,0,0,0,0,1,0,0,2,1,2,0]","[-2,-1,0,0,0,1,1,1,0,1,2,2,0,0,2,0,0,1,0,1,0,0,0,0,1,1,0,0,1,2,1,2,2,-1,-1,-1]","[-1,-1,-1,0,0,0,1,2,-1,-1,0,1,1,2,3,-1,-1,0,0,1,3,-1,-1,0,2,1,0,0,0,0,0,1,0,1,1,1]",c,"[[{8, 1}, {2, 7}, {3, 6}, {4, 5}], [{8, 1}, {2, 7}, {4, 6}, {3, 5}], [{8, 1}, {2, 7}, {5, 6}, {3, 4}], [{8, 1}, {2, 7}, {6}, {5}, {3, 4}], [{8, 1}, {3, 7}, {2, 6}, {4, 5}], [{8, 1}, {3, 7}, {4, 6}, {2, 5}], [{8, 1}, {3, 7}, {4, 6}, {5}, {2}], [{8, 1}, {3, 7}, {5, 6}, {2, 4}], [{8, 1}, {3, 7}, {6}, {2, 5}, {4}], [{8, 1}, {4, 7}, {2, 6}, {3, 5}], [{8, 1}, {4, 7}, {3, 6}, {2, 5}], [{8, 1}, {4, 7}, {5, 6}, {2, 3}], [{8, 1}, {5, 7}, {2, 6}, {3, 4}], [{8, 1}, {5, 7}, {3, 6}, {2, 4}], [{8, 1}, {5, 7}, {4, 6}, {2, 3}], [{8, 1}, {5, 7}, {4, 6}, {3}, {2}], [{8, 1}, {6, 7}, {2, 5}, {3, 4}], [{8, 1}, {6, 7}, {3, 5}, {2, 4}], [{8, 1}, {6, 7}, {4, 5}, {2, 3}], [{8, 1}, {7}, {4, 6}, {3, 5}, {2}], [{8, 2}, {1, 7}, {3, 6}, {4, 5}], [{8, 2}, {1, 7}, {4, 6}, {3, 5}], [{8, 2}, {1, 7}, {5, 6}, {3, 4}], [{8, 2}, {1, 7}, {6}, {3, 5}, {4}], [{8, 2}, {3, 7}, {1, 6}, {4, 5}], [{8, 2}, {3, 7}, {1, 6}, {5}, {4}], [{8, 2}, {3, 7}, {4, 6}, {1, 5}], [{8, 2}, {3, 7}, {4, 6}, {5}, {1}], [{8, 2}, {3, 7}, {5, 6}, {1, 4}], [{8, 2}, {3, 7}, {6}, {5}, {1, 4}], [{8, 2}, {4, 7}, {1, 6}, {3, 5}], [{8, 2}, {4, 7}, {3, 6}, {1, 5}], [{8, 2}, {4, 7}, {5, 6}, {1, 3}], [{8, 2}, {5, 7}, {1, 6}, {3, 4}], [{8, 2}, {5, 7}, {3, 6}, {1, 4}], [{8, 2}, {5, 7}, {4, 6}, {1, 3}], [{8, 2}, {6, 7}, {1, 5}, {3, 4}], [{8, 2}, {6, 7}, {3, 5}, {1, 4}], [{8, 2}, {6, 7}, {4, 5}, {1, 3}], [{8, 3}, {1, 7}, {2, 6}, {4, 5}], [{8, 3}, {1, 7}, {4, 6}, {2, 5}], [{8, 3}, {1, 7}, {4, 6}, {5}, {2}], [{8, 3}, {1, 7}, {5, 6}, {2, 4}], [{8, 3}, {1, 7}, {5, 6}, {4}, {2}], [{8, 3}, {1, 7}, {6}, {4, 5}, {2}], [{8, 3}, {2, 7}, {1, 6}, {4, 5}], [{8, 3}, {2, 7}, {4, 6}, {1, 5}], [{8, 3}, {2, 7}, {4, 6}, {5}, {1}], [{8, 3}, {2, 7}, {5, 6}, {1, 4}], [{8, 3}, {2, 7}, {5, 6}, {4}, {1}], [{8, 3}, {2, 7}, {6}, {4, 5}, {1}], [{8, 3}, {4, 7}, {1, 6}, {2, 5}], [{8, 3}, {4, 7}, {2, 6}, {1, 5}], [{8, 3}, {4, 7}, {5, 6}, {1, 2}], [{8, 3}, {4, 7}, {5, 6}, {2}, {1}], [{8, 3}, {5, 7}, {1, 6}, {2, 4}], [{8, 3}, {5, 7}, {2, 6}, {1, 4}], [{8, 3}, {5, 7}, {4, 6}, {1, 2}], [{8, 3}, {5, 7}, {4, 6}, {2}, {1}], [{8, 3}, {6, 7}, {1, 5}, {2, 4}], [{8, 3}, {6, 7}, {2, 5}, {1, 4}], [{8, 3}, {6, 7}, {4, 5}, {1, 2}], [{8, 3}, {6, 7}, {4, 5}, {2}, {1}], [{8, 3}, {7}, {1, 6}, {4, 5}, {2}], [{8, 3}, {7}, {2, 6}, {4, 5}, {1}], [{8, 3}, {7}, {4, 6}, {1, 5}, {2}], [{8, 3}, {7}, {4, 6}, {2, 5}, {1}], [{8, 3}, {7}, {4, 6}, {5}, {1, 2}], [{8, 3}, {7}, {4, 6}, {5}, {2}, {1}], [{8, 3}, {7}, {5, 6}, {1, 4}, {2}], [{8, 3}, {7}, {5, 6}, {2, 4}, {1}], [{8, 3}, {7}, {5, 6}, {4}, {1, 2}], [{8, 3}, {7}, {5, 6}, {4}, {2}, {1}], [{8, 3}, {7}, {6}, {4, 5}, {1, 2}], [{8, 3}, {7}, {6}, {4, 5}, {2}, {1}], [{8, 4}, {1, 7}, {2, 6}, {3, 5}], [{8, 4}, {1, 7}, {3, 6}, {2, 5}], [{8, 4}, {1, 7}, {5, 6}, {2, 3}], [{8, 4}, {2, 7}, {1, 6}, {3, 5}], [{8, 4}, {2, 7}, {3, 6}, {1, 5}], [{8, 4}, {2, 7}, {5, 6}, {1, 3}], [{8, 4}, {2, 7}, {5, 6}, {3}, {1}], [{8, 4}, {2, 7}, {6}, {5}, {1, 3}], [{8, 4}, {3, 7}, {1, 6}, {2, 5}], [{8, 4}, {3, 7}, {2, 6}, {1, 5}], [{8, 4}, {3, 7}, {5, 6}, {1, 2}], [{8, 4}, {3, 7}, {6}, {2, 5}, {1}], [{8, 4}, {5, 7}, {1, 6}, {2, 3}], [{8, 4}, {5, 7}, {2, 6}, {1, 3}], [{8, 4}, {5, 7}, {3, 6}, {1, 2}], [{8, 4}, {6, 7}, {1, 5}, {2, 3}], [{8, 4}, {6, 7}, {2, 5}, {1, 3}], [{8, 4}, {6, 7}, {2, 5}, {3}, {1}], [{8, 4}, {6, 7}, {3, 5}, {1, 2}], [{8, 4}, {7}, {3, 6}, {2, 5}, {1}], [{8, 5}, {1, 7}, {2, 6}, {3, 4}], [{8, 5}, {1, 7}, {3, 6}, {2, 4}], [{8, 5}, {1, 7}, {4, 6}, {2, 3}], [{8, 5}, {1, 7}, {4, 6}, {3}, {2}], [{8, 5}, {1, 7}, {6}, {4}, {2, 3}], [{8, 5}, {2, 7}, {1, 6}, {3, 4}], [{8, 5}, {2, 7}, {3, 6}, {1, 4}], [{8, 5}, {2, 7}, {3, 6}, {4}, {1}], [{8, 5}, {2, 7}, {4, 6}, {1, 3}], [{8, 5}, {2, 7}, {6}, {1, 4}, {3}], [{8, 5}, {3, 7}, {1, 6}, {2, 4}], [{8, 5}, {3, 7}, {1, 6}, {4}, {2}], [{8, 5}, {3, 7}, {2, 6}, {1, 4}], [{8, 5}, {3, 7}, {4, 6}, {1, 2}], [{8, 5}, {3, 7}, {4, 6}, {2}, {1}], [{8, 5}, {3, 7}, {6}, {1, 4}, {2}], [{8, 5}, {4, 7}, {1, 6}, {2, 3}], [{8, 5}, {4, 7}, {2, 6}, {1, 3}], [{8, 5}, {4, 7}, {2, 6}, {3}, {1}], [{8, 5}, {4, 7}, {3, 6}, {1, 2}], [{8, 5}, {4, 7}, {3, 6}, {2}, {1}], [{8, 5}, {4, 7}, {6}, {2, 3}, {1}], [{8, 5}, {6, 7}, {1, 4}, {2, 3}], [{8, 5}, {6, 7}, {2, 4}, {1, 3}], [{8, 5}, {6, 7}, {3, 4}, {1, 2}], [{8, 5}, {7}, {3, 6}, {2, 4}, {1}], [{8, 5}, {7}, {4, 6}, {1, 3}, {2}], [{8, 5}, {7}, {6}, {1, 4}, {2, 3}], [{8, 6}, {1, 7}, {2, 5}, {3, 4}], [{8, 6}, {1, 7}, {3, 5}, {2, 4}], [{8, 6}, {1, 7}, {4, 5}, {2, 3}], [{8, 6}, {2, 7}, {1, 5}, {3, 4}], [{8, 6}, {2, 7}, {3, 5}, {1, 4}], [{8, 6}, {2, 7}, {4, 5}, {1, 3}], [{8, 6}, {3, 7}, {1, 5}, {2, 4}], [{8, 6}, {3, 7}, {2, 5}, {1, 4}], [{8, 6}, {3, 7}, {2, 5}, {4}, {1}], [{8, 6}, {3, 7}, {4, 5}, {1, 2}], [{8, 6}, {4, 7}, {1, 5}, {2, 3}], [{8, 6}, {4, 7}, {2, 5}, {1, 3}], [{8, 6}, {4, 7}, {3, 5}, {1, 2}], [{8, 6}, {4, 7}, {3, 5}, {2}, {1}], [{8, 6}, {5, 7}, {1, 4}, {2, 3}], [{8, 6}, {5, 7}, {2, 4}, {1, 3}], [{8, 6}, {5, 7}, {3, 4}, {1, 2}], [{8, 6}, {7}, {5}, {3, 4}, {1, 2}], [{8, 7}, {1, 6}, {2, 5}, {3, 4}], [{8, 7}, {1, 6}, {3, 5}, {2, 4}], [{8, 7}, {1, 6}, {4, 5}, {2, 3}], [{8, 7}, {2, 6}, {1, 5}, {3, 4}], [{8, 7}, {2, 6}, {3, 5}, {1, 4}], [{8, 7}, {2, 6}, {4, 5}, {1, 3}], [{8, 7}, {2, 6}, {4, 5}, {3}, {1}], [{8, 7}, {3, 6}, {1, 5}, {2, 4}], [{8, 7}, {3, 6}, {2, 5}, {1, 4}], [{8, 7}, {3, 6}, {4, 5}, {1, 2}], [{8, 7}, {4, 6}, {1, 5}, {2, 3}], [{8, 7}, {4, 6}, {1, 5}, {3}, {2}], [{8, 7}, {4, 6}, {2, 5}, {1, 3}], [{8, 7}, {4, 6}, {2, 5}, {3}, {1}], [{8, 7}, {4, 6}, {3, 5}, {1, 2}], [{8, 7}, {4, 6}, {3, 5}, {2}, {1}], [{8, 7}, {4, 6}, {5}, {1, 3}, {2}], [{8, 7}, {4, 6}, {5}, {2, 3}, {1}], [{8, 7}, {4, 6}, {5}, {3}, {1, 2}], [{8, 7}, {4, 6}, {5}, {3}, {2}, {1}], [{8, 7}, {5, 6}, {1, 4}, {2, 3}], [{8, 7}, {5, 6}, {2, 4}, {1, 3}], [{8, 7}, {5, 6}, {2, 4}, {3}, {1}], [{8, 7}, {5, 6}, {3, 4}, {1, 2}], [{8}, {1, 7}, {4, 6}, {3, 5}, {2}], [{8}, {2, 7}, {5, 6}, {3, 4}, {1}], [{8}, {3, 7}, {1, 6}, {2, 5}, {4}], [{8}, {3, 7}, {2, 6}, {4, 5}, {1}], [{8}, {3, 7}, {4, 6}, {1, 5}, {2}], [{8}, {3, 7}, {4, 6}, {2, 5}, {1}], [{8}, {3, 7}, {4, 6}, {5}, {1, 2}], [{8}, {3, 7}, {4, 6}, {5}, {2}, {1}], [{8}, {3, 7}, {5, 6}, {2, 4}, {1}], [{8}, {3, 7}, {6}, {2, 5}, {1, 4}], [{8}, {3, 7}, {6}, {2, 5}, {4}, {1}], [{8}, {4, 7}, {1, 6}, {2, 5}, {3}], [{8}, {5, 7}, {4, 6}, {1, 3}, {2}], [{8}, {6, 7}, {1, 5}, {2, 4}, {3}], [{8}, {6, 7}, {3, 5}, {1, 4}, {2}], [{8}, {6, 7}, {3, 5}, {2, 4}, {1}], [{8}, {6, 7}, {3, 5}, {4}, {1, 2}], [{8}, {6, 7}, {5}, {2, 4}, {1, 3}], [{8}, {7}, {1, 6}, {2, 5}, {3, 4}]]",2,4 K_1^3 - 2 K_1^2 - 4 K_1 K_2 - K_1 + K_2 + K_3 + 2,O1O2O3U1O4U3U2O5U4U6O7U5U7O8O6U8,O1O2U1O3O4U2O5O6U4O7U6U5U7O8U3U8,O1O2U3O4O5U6O3O6U7U5O7U8U2U1O8U4,c,{'O1O2O3U4O5O4U6U7O6U5U8O7U2U1O8U3'},1,"<a href=""/flatknot/8.975725"">8.975725</a>",t^9-38t^7-96t^6+38t^5+242t^4+51t^3-148t^2-59t-6,-t^2+2t,,
8.975726,O1O2O3U4O5O4U6U7O6U5U8O7U3U1O8U2,4,6z^2+59z+95,6w^3z^2+59w^2z+95w,False,False,"[[ 0  0  1  1  1  0 -1 -1 -1],[ 0  0  0  0  1  0 -1  0  0],[-1  0  0  1  0  0 -2 -2 -1],[-1  0 -1  0  0  0 -2 -1  0],[-1 -1  0  0  0  0 -2 -1 -2],[ 0  0  0  0  0  0  0  1  1],[ 1  1  2  2  2  0  0 -1 -1],[ 1  0  2  1  1 -1  1  0 -1],[ 1  0  1  0  2 -1  1  1  0]]","[[ 0  1  1  1  0  0 -1 -1 -1],[-1  0  1  0  0  0 -1 -2 -2],[-1 -1  0  0  0  0  0 -1 -2],[-1  0  0  0  0 -1 -2 -1 -2],[ 0  0  0  0  0  0  1  1  0],[ 0  0  0  1  0  0  0  0 -1],[ 1  1  0  2 -1  0  0  1  1],[ 1  2  1  1 -1  0 -1  0  1],[ 1  2  2  2  0  1 -1 -1  0]]",True,"[-1,-1,-1,0,0,1,1,1,-1,0,0,0,1,2,2,0,0,0,0,1,2,0,1,2,1,2,0,-1,-1,0,0,0,1,-1,-1,-1]","[-1,-1,-1,0,0,1,1,1,-1,-1,0,1,2,2,2,-1,-1,0,1,1,2,-1,0,0,2,1,0,0,0,0,0,1,0,0,-1,0]",t^8+31t^6+129t^4+73t^2+1,"[-1,-1,-1,0,0,1,1,1,-1,-1,1,2,0,1,2,-1,1,2,1,0,1,0,1,0,0,0,0,0,1,1,1,1,1,0,0,-1]","[-1,-1,-1,0,0,1,1,1,-1,0,1,1,0,1,2,0,1,1,0,0,1,0,1,0,1,0,0,0,1,1,1,2,2,-1,-1,-1]","[-1,-1,-1,0,0,1,1,1,-1,-1,0,1,2,2,2,-1,-1,0,1,1,2,-1,0,0,2,1,0,0,0,0,0,1,0,0,-1,0]",c,"[[{8, 2}, {6, 7}, {4, 5}, {1, 3}], [{8, 3}, {5, 7}, {1, 6}, {2, 4}], [{8, 4}, {3, 7}, {2, 6}, {1, 5}]]",1,- 12 K_1^2 + 6 K_2 + 7,O1O2O3U2O4U3U1O5U4U6O7U5U7O8O6U8,O1O2U1O3O4U2O5O6U4O7U6U7U5O8U3U8,O1O2U3O4O5U6O3O6U7U5O7U2U8U1O8U4,c,"{'O1O2O3U4O5O4U6U7O6U5U8O7U3U1O8U2', 'O1O2U3O4O3U5O6O5U7U8O7U6U1O8U2U4'}",2,"<a href=""/flatknot/8.975726"">8.975726</a>",t^9-31t^7-60t^6+73t^5+192t^4-3t^3-136t^2-60t-6,0,,
8.975727,O1O2O3U4O5O4U6U7O6U8U1O7U2U3O8U5,4,6z^3+41z^2+106z+97,6w^4z^3+41w^3z^2+106w^2z+97w,False,False,"[[ 0 -1  0  2  1  2 -1 -1 -2],[ 1  0  0  1  1  0  1  2  0],[ 0  0  0  1  0  0 -1  1  0],[-2 -1 -1  0 -2 -1 -3 -1 -1],[-1 -1  0  2  0  2 -2 -2 -3],[-2  0  0  1 -2  0 -3 -2 -1],[ 1 -1  1  3  2  3  0 -1 -2],[ 1 -2 -1  1  2  2  1  0 -2],[ 2  0  0  1  3  1  2  2  0]]","[[ 0  2  2  1  0 -1 -1 -1 -2],[-2  0  1 -2  0  0 -2 -3 -1],[-2 -1  0 -2 -1 -1 -1 -3 -1],[-1  2  2  0  0 -1 -2 -2 -3],[ 0  0  1  0  0  0  1 -1  0],[ 1  0  1  1  0  0  2  1  0],[ 1  2  1  2 -1 -2  0  1 -2],[ 1  3  3  2  1 -1 -1  0 -2],[ 2  1  1  3  0  0  2  2  0]]",True,"[-2,-2,-1,0,1,1,1,2,-1,2,0,0,2,3,1,2,1,1,1,3,1,0,1,2,2,3,0,-1,1,0,-2,-1,0,-1,2,2]","[-2,-2,-1,0,1,1,1,2,-1,-1,1,0,2,2,3,-1,2,0,1,3,3,1,0,0,1,0,0,2,1,2,-1,-1,-1,-2,-1,1]",t^8+70t^6+450t^4+213t^2+16,"[-2,-1,-1,-1,0,1,2,2,-1,-1,1,2,0,3,3,-1,2,2,0,1,2,1,0,0,0,0,1,1,3,2,1,2,1,-1,-1,-1]","[-2,-2,-1,0,1,1,1,2,-1,-1,1,0,2,2,3,-1,2,0,1,3,3,1,0,0,1,0,0,2,1,2,-1,-1,-1,-2,-1,1]","[-2,-1,-1,-1,0,1,2,2,0,2,2,0,3,1,1,1,2,0,1,0,1,-1,1,2,3,3,-1,2,2,1,0,0,1,2,2,1]",c,"[[{8, 1}, {2, 7}, {3, 6}, {4, 5}], [{8, 1}, {2, 7}, {3, 6}, {5}, {4}], [{8, 1}, {2, 7}, {4, 6}, {3, 5}], [{8, 1}, {2, 7}, {5, 6}, {3, 4}], [{8, 1}, {3, 7}, {2, 6}, {4, 5}], [{8, 1}, {3, 7}, {4, 6}, {2, 5}], [{8, 1}, {3, 7}, {5, 6}, {2, 4}], [{8, 1}, {4, 7}, {2, 6}, {3, 5}], [{8, 1}, {4, 7}, {3, 6}, {2, 5}], [{8, 1}, {4, 7}, {5, 6}, {2, 3}], [{8, 1}, {4, 7}, {5, 6}, {3}, {2}], [{8, 1}, {5, 7}, {2, 6}, {3, 4}], [{8, 1}, {5, 7}, {3, 6}, {2, 4}], [{8, 1}, {5, 7}, {4, 6}, {2, 3}], [{8, 1}, {5, 7}, {4, 6}, {3}, {2}], [{8, 1}, {6, 7}, {2, 5}, {3, 4}], [{8, 1}, {6, 7}, {3, 5}, {2, 4}], [{8, 1}, {6, 7}, {4, 5}, {2, 3}], [{8, 2}, {1, 7}, {3, 6}, {4, 5}], [{8, 2}, {1, 7}, {4, 6}, {3, 5}], [{8, 2}, {1, 7}, {5, 6}, {3, 4}], [{8, 2}, {3, 7}, {1, 6}, {4, 5}], [{8, 2}, {3, 7}, {4, 6}, {1, 5}], [{8, 2}, {3, 7}, {5, 6}, {1, 4}], [{8, 2}, {4, 7}, {1, 6}, {3, 5}], [{8, 2}, {4, 7}, {3, 6}, {1, 5}], [{8, 2}, {4, 7}, {5, 6}, {1, 3}], [{8, 2}, {4, 7}, {5, 6}, {3}, {1}], [{8, 2}, {5, 7}, {1, 6}, {3, 4}], [{8, 2}, {5, 7}, {3, 6}, {1, 4}], [{8, 2}, {5, 7}, {4, 6}, {1, 3}], [{8, 2}, {5, 7}, {4, 6}, {3}, {1}], [{8, 2}, {6, 7}, {1, 5}, {3, 4}], [{8, 2}, {6, 7}, {3, 5}, {1, 4}], [{8, 2}, {6, 7}, {4, 5}, {1, 3}], [{8, 2}, {6, 7}, {4, 5}, {3}, {1}], [{8, 3}, {1, 7}, {2, 6}, {4, 5}], [{8, 3}, {1, 7}, {4, 6}, {2, 5}], [{8, 3}, {1, 7}, {4, 6}, {5}, {2}], [{8, 3}, {1, 7}, {5, 6}, {2, 4}], [{8, 3}, {2, 7}, {1, 6}, {4, 5}], [{8, 3}, {2, 7}, {4, 6}, {1, 5}], [{8, 3}, {2, 7}, {5, 6}, {1, 4}], [{8, 3}, {4, 7}, {1, 6}, {2, 5}], [{8, 3}, {4, 7}, {1, 6}, {5}, {2}], [{8, 3}, {4, 7}, {2, 6}, {1, 5}], [{8, 3}, {4, 7}, {5, 6}, {1, 2}], [{8, 3}, {4, 7}, {5, 6}, {2}, {1}], [{8, 3}, {4, 7}, {6}, {1, 5}, {2}], [{8, 3}, {5, 7}, {1, 6}, {2, 4}], [{8, 3}, {5, 7}, {2, 6}, {1, 4}], [{8, 3}, {5, 7}, {4, 6}, {1, 2}], [{8, 3}, {5, 7}, {4, 6}, {2}, {1}], [{8, 3}, {5, 7}, {6}, {4}, {1, 2}], [{8, 3}, {6, 7}, {1, 5}, {2, 4}], [{8, 3}, {6, 7}, {1, 5}, {4}, {2}], [{8, 3}, {6, 7}, {2, 5}, {1, 4}], [{8, 3}, {6, 7}, {4, 5}, {1, 2}], [{8, 3}, {7}, {4, 6}, {1, 5}, {2}], [{8, 4}, {1, 7}, {2, 6}, {3, 5}], [{8, 4}, {1, 7}, {3, 6}, {2, 5}], [{8, 4}, {1, 7}, {5, 6}, {2, 3}], [{8, 4}, {1, 7}, {6}, {2, 5}, {3}], [{8, 4}, {2, 7}, {1, 6}, {3, 5}], [{8, 4}, {2, 7}, {1, 6}, {5}, {3}], [{8, 4}, {2, 7}, {3, 6}, {1, 5}], [{8, 4}, {2, 7}, {3, 6}, {5}, {1}], [{8, 4}, {2, 7}, {5, 6}, {1, 3}], [{8, 4}, {2, 7}, {5, 6}, {3}, {1}], [{8, 4}, {2, 7}, {6}, {1, 5}, {3}], [{8, 4}, {2, 7}, {6}, {3, 5}, {1}], [{8, 4}, {2, 7}, {6}, {5}, {1, 3}], [{8, 4}, {2, 7}, {6}, {5}, {3}, {1}], [{8, 4}, {3, 7}, {1, 6}, {2, 5}], [{8, 4}, {3, 7}, {2, 6}, {1, 5}], [{8, 4}, {3, 7}, {5, 6}, {1, 2}], [{8, 4}, {3, 7}, {6}, {2, 5}, {1}], [{8, 4}, {5, 7}, {1, 6}, {2, 3}], [{8, 4}, {5, 7}, {1, 6}, {3}, {2}], [{8, 4}, {5, 7}, {2, 6}, {1, 3}], [{8, 4}, {5, 7}, {2, 6}, {3}, {1}], [{8, 4}, {5, 7}, {3, 6}, {1, 2}], [{8, 4}, {5, 7}, {3, 6}, {2}, {1}], [{8, 4}, {5, 7}, {6}, {1, 3}, {2}], [{8, 4}, {5, 7}, {6}, {2, 3}, {1}], [{8, 4}, {5, 7}, {6}, {3}, {1, 2}], [{8, 4}, {5, 7}, {6}, {3}, {2}, {1}], [{8, 4}, {6, 7}, {1, 5}, {2, 3}], [{8, 4}, {6, 7}, {2, 5}, {1, 3}], [{8, 4}, {6, 7}, {2, 5}, {3}, {1}], [{8, 4}, {6, 7}, {3, 5}, {1, 2}], [{8, 4}, {7}, {1, 6}, {2, 5}, {3}], [{8, 4}, {7}, {3, 6}, {2, 5}, {1}], [{8, 4}, {7}, {6}, {2, 5}, {1, 3}], [{8, 4}, {7}, {6}, {2, 5}, {3}, {1}], [{8, 5}, {1, 7}, {2, 6}, {3, 4}], [{8, 5}, {1, 7}, {3, 6}, {2, 4}], [{8, 5}, {1, 7}, {3, 6}, {4}, {2}], [{8, 5}, {1, 7}, {4, 6}, {2, 3}], [{8, 5}, {1, 7}, {6}, {2, 4}, {3}], [{8, 5}, {2, 7}, {1, 6}, {3, 4}], [{8, 5}, {2, 7}, {3, 6}, {1, 4}], [{8, 5}, {2, 7}, {4, 6}, {1, 3}], [{8, 5}, {2, 7}, {4, 6}, {3}, {1}], [{8, 5}, {3, 7}, {1, 6}, {2, 4}], [{8, 5}, {3, 7}, {2, 6}, {1, 4}], [{8, 5}, {3, 7}, {4, 6}, {1, 2}], [{8, 5}, {3, 7}, {6}, {2, 4}, {1}], [{8, 5}, {4, 7}, {1, 6}, {2, 3}], [{8, 5}, {4, 7}, {2, 6}, {1, 3}], [{8, 5}, {4, 7}, {2, 6}, {3}, {1}], [{8, 5}, {4, 7}, {3, 6}, {1, 2}], [{8, 5}, {6, 7}, {1, 4}, {2, 3}], [{8, 5}, {6, 7}, {2, 4}, {1, 3}], [{8, 5}, {6, 7}, {2, 4}, {3}, {1}], [{8, 5}, {6, 7}, {3, 4}, {1, 2}], [{8, 5}, {7}, {1, 6}, {2, 4}, {3}], [{8, 5}, {7}, {3, 6}, {2, 4}, {1}], [{8, 5}, {7}, {6}, {2, 4}, {1, 3}], [{8, 5}, {7}, {6}, {2, 4}, {3}, {1}], [{8, 6}, {1, 7}, {2, 5}, {3, 4}], [{8, 6}, {1, 7}, {3, 5}, {2, 4}], [{8, 6}, {1, 7}, {4, 5}, {2, 3}], [{8, 6}, {2, 7}, {1, 5}, {3, 4}], [{8, 6}, {2, 7}, {3, 5}, {1, 4}], [{8, 6}, {2, 7}, {4, 5}, {1, 3}], [{8, 6}, {2, 7}, {4, 5}, {3}, {1}], [{8, 6}, {3, 7}, {1, 5}, {2, 4}], [{8, 6}, {3, 7}, {2, 5}, {1, 4}], [{8, 6}, {3, 7}, {4, 5}, {1, 2}], [{8, 6}, {3, 7}, {5}, {1, 4}, {2}], [{8, 6}, {4, 7}, {1, 5}, {2, 3}], [{8, 6}, {4, 7}, {2, 5}, {1, 3}], [{8, 6}, {4, 7}, {2, 5}, {3}, {1}], [{8, 6}, {4, 7}, {3, 5}, {1, 2}], [{8, 6}, {5, 7}, {1, 4}, {2, 3}], [{8, 6}, {5, 7}, {1, 4}, {3}, {2}], [{8, 6}, {5, 7}, {2, 4}, {1, 3}], [{8, 6}, {5, 7}, {2, 4}, {3}, {1}], [{8, 6}, {5, 7}, {3, 4}, {1, 2}], [{8, 6}, {5, 7}, {3, 4}, {2}, {1}], [{8, 6}, {5, 7}, {4}, {1, 3}, {2}], [{8, 6}, {5, 7}, {4}, {2, 3}, {1}], [{8, 6}, {5, 7}, {4}, {3}, {1, 2}], [{8, 6}, {5, 7}, {4}, {3}, {2}, {1}], [{8, 6}, {7}, {3, 5}, {1, 4}, {2}], [{8, 7}, {1, 6}, {2, 5}, {3, 4}], [{8, 7}, {1, 6}, {3, 5}, {2, 4}], [{8, 7}, {1, 6}, {4, 5}, {2, 3}], [{8, 7}, {2, 6}, {1, 5}, {3, 4}], [{8, 7}, {2, 6}, {3, 5}, {1, 4}], [{8, 7}, {2, 6}, {4, 5}, {1, 3}], [{8, 7}, {2, 6}, {4, 5}, {3}, {1}], [{8, 7}, {3, 6}, {1, 5}, {2, 4}], [{8, 7}, {3, 6}, {2, 5}, {1, 4}], [{8, 7}, {3, 6}, {4, 5}, {1, 2}], [{8, 7}, {4, 6}, {1, 5}, {2, 3}], [{8, 7}, {4, 6}, {2, 5}, {1, 3}], [{8, 7}, {4, 6}, {2, 5}, {3}, {1}], [{8, 7}, {4, 6}, {3, 5}, {1, 2}], [{8, 7}, {5, 6}, {1, 4}, {2, 3}], [{8, 7}, {5, 6}, {2, 4}, {1, 3}], [{8, 7}, {5, 6}, {2, 4}, {3}, {1}], [{8, 7}, {5, 6}, {3, 4}, {1, 2}], [{8, 7}, {6}, {5}, {1, 4}, {2, 3}], [{8}, {1, 7}, {2, 6}, {5}, {3, 4}], [{8}, {2, 7}, {3, 6}, {5}, {1, 4}], [{8}, {4, 7}, {3, 6}, {5}, {1, 2}], [{8}, {4, 7}, {5, 6}, {1, 3}, {2}], [{8}, {4, 7}, {5, 6}, {2, 3}, {1}], [{8}, {4, 7}, {5, 6}, {3}, {1, 2}], [{8}, {4, 7}, {5, 6}, {3}, {2}, {1}], [{8}, {4, 7}, {6}, {3, 5}, {1, 2}], [{8}, {5, 7}, {3, 6}, {4}, {1, 2}], [{8}, {5, 7}, {4, 6}, {1, 3}, {2}], [{8}, {5, 7}, {4, 6}, {2, 3}, {1}], [{8}, {5, 7}, {4, 6}, {3}, {1, 2}], [{8}, {5, 7}, {4, 6}, {3}, {2}, {1}], [{8}, {5, 7}, {6}, {3, 4}, {1, 2}], [{8}, {7}, {3, 6}, {4, 5}, {1, 2}]]",2,8 K_1^3 - 14 K_1^2 - 4 K_1 K_2 - 4 K_1 + 7 K_2 + 8,O1O2O3U4O5U1U2O6U3U5O7U6U7O8O4U8,O1O2U1O3O4U2O5O6U3O7U4U5U6O8U7U8,O1O2U3O4O5U6O3O6U7U8O7U1U2U4O8U5,c,{'O1O2O3U4O5O4U6U7O6U8U1O7U2U3O8U5'},1,"<a href=""/flatknot/8.975727"">8.975727</a>",t^9-68t^7-286t^6-269t^5+244t^4+262t^3+116t^2-41t-84,-t^2+2t,,
8.975728,O1O2O3U4O5O4U6U7O6U8U1O7U2U5O8U3,4,11z^2+80z+117,11w^3z^2+80w^2z+117w,False,False,"[[ 0 -1  0  2  1  2 -1 -1 -2],[ 1  0  0  1  1  0  1  2  0],[ 0  0  0  1  0  0 -1  1  0],[-2 -1 -1  0 -1  0 -3 -2 -2],[-1 -1  0  1  0  2 -2 -2 -2],[-2  0  0  0 -2  0 -3 -1 -1],[ 1 -1  1  3  2  3  0 -1 -2],[ 1 -2 -1  2  2  1  1  0 -2],[ 2  0  0  2  2  1  2  2  0]]","[[ 0  2  2  1  0 -1 -1 -1 -2],[-2  0  0 -1 -1 -1 -2 -3 -2],[-2  0  0 -2  0  0 -1 -3 -1],[-1  1  2  0  0 -1 -2 -2 -2],[ 0  1  0  0  0  0  1 -1  0],[ 1  1  0  1  0  0  2  1  0],[ 1  2  1  2 -1 -2  0  1 -2],[ 1  3  3  2  1 -1 -1  0 -2],[ 2  2  1  2  0  0  2  2  0]]",True,"[-2,-2,-1,0,1,1,1,2,0,1,1,1,2,3,2,2,0,0,1,3,1,0,1,2,2,2,0,-1,1,0,-2,-1,0,-1,2,2]","[-2,-2,-1,0,1,1,1,2,0,-1,2,0,2,3,3,0,1,0,1,2,2,1,0,0,1,1,0,2,1,2,-1,-1,-1,-2,-1,1]",t^8+64t^6+385t^4+126t^2+9,"[-2,-1,-1,-1,0,1,2,2,-1,-1,1,2,1,2,3,-1,2,2,0,1,2,1,0,0,0,0,1,1,2,3,1,1,2,0,-1,0]","[-2,-2,-1,0,1,1,1,2,0,-1,2,0,2,3,3,0,1,0,1,2,2,1,0,0,1,1,0,2,1,2,-1,-1,-1,-2,-1,1]","[-2,-1,-1,-1,0,1,2,2,0,2,2,0,2,1,2,1,2,0,1,0,1,-1,1,2,3,3,-1,2,1,2,0,0,1,2,1,0]",c,"[[{8, 1}, {2, 7}, {3, 6}, {4, 5}], [{8, 1}, {2, 7}, {4, 6}, {3, 5}], [{8, 1}, {2, 7}, {5, 6}, {3, 4}], [{8, 1}, {2, 7}, {6}, {4, 5}, {3}], [{8, 1}, {3, 7}, {2, 6}, {4, 5}], [{8, 1}, {3, 7}, {2, 6}, {5}, {4}], [{8, 1}, {3, 7}, {4, 6}, {2, 5}], [{8, 1}, {3, 7}, {5, 6}, {2, 4}], [{8, 1}, {4, 7}, {2, 6}, {3, 5}], [{8, 1}, {4, 7}, {3, 6}, {2, 5}], [{8, 1}, {4, 7}, {5, 6}, {2, 3}], [{8, 1}, {5, 7}, {2, 6}, {3, 4}], [{8, 1}, {5, 7}, {3, 6}, {2, 4}], [{8, 1}, {5, 7}, {3, 6}, {4}, {2}], [{8, 1}, {5, 7}, {4, 6}, {2, 3}], [{8, 1}, {6, 7}, {2, 5}, {3, 4}], [{8, 1}, {6, 7}, {3, 5}, {2, 4}], [{8, 1}, {6, 7}, {4, 5}, {2, 3}], [{8, 1}, {7}, {5, 6}, {2, 4}, {3}], [{8, 2}, {1, 7}, {3, 6}, {4, 5}], [{8, 2}, {1, 7}, {4, 6}, {3, 5}], [{8, 2}, {1, 7}, {5, 6}, {3, 4}], [{8, 2}, {3, 7}, {1, 6}, {4, 5}], [{8, 2}, {3, 7}, {4, 6}, {1, 5}], [{8, 2}, {3, 7}, {5, 6}, {1, 4}], [{8, 2}, {3, 7}, {5, 6}, {4}, {1}], [{8, 2}, {4, 7}, {1, 6}, {3, 5}], [{8, 2}, {4, 7}, {1, 6}, {5}, {3}], [{8, 2}, {4, 7}, {3, 6}, {1, 5}], [{8, 2}, {4, 7}, {3, 6}, {5}, {1}], [{8, 2}, {4, 7}, {5, 6}, {1, 3}], [{8, 2}, {4, 7}, {6}, {5}, {1, 3}], [{8, 2}, {5, 7}, {1, 6}, {3, 4}], [{8, 2}, {5, 7}, {1, 6}, {4}, {3}], [{8, 2}, {5, 7}, {3, 6}, {1, 4}], [{8, 2}, {5, 7}, {3, 6}, {4}, {1}], [{8, 2}, {5, 7}, {4, 6}, {1, 3}], [{8, 2}, {5, 7}, {6}, {4}, {1, 3}], [{8, 2}, {6, 7}, {1, 5}, {3, 4}], [{8, 2}, {6, 7}, {1, 5}, {4}, {3}], [{8, 2}, {6, 7}, {3, 5}, {1, 4}], [{8, 2}, {6, 7}, {4, 5}, {1, 3}], [{8, 2}, {7}, {1, 6}, {4, 5}, {3}], [{8, 2}, {7}, {3, 6}, {4, 5}, {1}], [{8, 2}, {7}, {6}, {4, 5}, {1, 3}], [{8, 3}, {1, 7}, {2, 6}, {4, 5}], [{8, 3}, {1, 7}, {2, 6}, {5}, {4}], [{8, 3}, {1, 7}, {4, 6}, {2, 5}], [{8, 3}, {1, 7}, {4, 6}, {5}, {2}], [{8, 3}, {1, 7}, {5, 6}, {2, 4}], [{8, 3}, {1, 7}, {5, 6}, {4}, {2}], [{8, 3}, {1, 7}, {6}, {2, 5}, {4}], [{8, 3}, {1, 7}, {6}, {4, 5}, {2}], [{8, 3}, {1, 7}, {6}, {5}, {2, 4}], [{8, 3}, {1, 7}, {6}, {5}, {4}, {2}], [{8, 3}, {2, 7}, {1, 6}, {4, 5}], [{8, 3}, {2, 7}, {4, 6}, {1, 5}], [{8, 3}, {2, 7}, {4, 6}, {5}, {1}], [{8, 3}, {2, 7}, {5, 6}, {1, 4}], [{8, 3}, {2, 7}, {6}, {1, 5}, {4}], [{8, 3}, {4, 7}, {1, 6}, {2, 5}], [{8, 3}, {4, 7}, {2, 6}, {1, 5}], [{8, 3}, {4, 7}, {5, 6}, {1, 2}], [{8, 3}, {5, 7}, {1, 6}, {2, 4}], [{8, 3}, {5, 7}, {2, 6}, {1, 4}], [{8, 3}, {5, 7}, {4, 6}, {1, 2}], [{8, 3}, {5, 7}, {4, 6}, {2}, {1}], [{8, 3}, {5, 7}, {6}, {4}, {1, 2}], [{8, 3}, {6, 7}, {1, 5}, {2, 4}], [{8, 3}, {6, 7}, {2, 5}, {1, 4}], [{8, 3}, {6, 7}, {4, 5}, {1, 2}], [{8, 3}, {7}, {4, 6}, {1, 5}, {2}], [{8, 3}, {7}, {4, 6}, {2, 5}, {1}], [{8, 3}, {7}, {4, 6}, {5}, {1, 2}], [{8, 3}, {7}, {5, 6}, {2, 4}, {1}], [{8, 4}, {1, 7}, {2, 6}, {3, 5}], [{8, 4}, {1, 7}, {3, 6}, {2, 5}], [{8, 4}, {1, 7}, {3, 6}, {5}, {2}], [{8, 4}, {1, 7}, {5, 6}, {2, 3}], [{8, 4}, {1, 7}, {6}, {2, 5}, {3}], [{8, 4}, {2, 7}, {1, 6}, {3, 5}], [{8, 4}, {2, 7}, {1, 6}, {5}, {3}], [{8, 4}, {2, 7}, {3, 6}, {1, 5}], [{8, 4}, {2, 7}, {3, 6}, {5}, {1}], [{8, 4}, {2, 7}, {5, 6}, {1, 3}], [{8, 4}, {2, 7}, {5, 6}, {3}, {1}], [{8, 4}, {2, 7}, {6}, {1, 5}, {3}], [{8, 4}, {2, 7}, {6}, {3, 5}, {1}], [{8, 4}, {2, 7}, {6}, {5}, {1, 3}], [{8, 4}, {2, 7}, {6}, {5}, {3}, {1}], [{8, 4}, {3, 7}, {1, 6}, {2, 5}], [{8, 4}, {3, 7}, {2, 6}, {1, 5}], [{8, 4}, {3, 7}, {5, 6}, {1, 2}], [{8, 4}, {3, 7}, {6}, {2, 5}, {1}], [{8, 4}, {5, 7}, {1, 6}, {2, 3}], [{8, 4}, {5, 7}, {1, 6}, {3}, {2}], [{8, 4}, {5, 7}, {2, 6}, {1, 3}], [{8, 4}, {5, 7}, {2, 6}, {3}, {1}], [{8, 4}, {5, 7}, {3, 6}, {1, 2}], [{8, 4}, {5, 7}, {3, 6}, {2}, {1}], [{8, 4}, {5, 7}, {6}, {1, 3}, {2}], [{8, 4}, {5, 7}, {6}, {2, 3}, {1}], [{8, 4}, {5, 7}, {6}, {3}, {1, 2}], [{8, 4}, {5, 7}, {6}, {3}, {2}, {1}], [{8, 4}, {6, 7}, {1, 5}, {2, 3}], [{8, 4}, {6, 7}, {2, 5}, {1, 3}], [{8, 4}, {6, 7}, {2, 5}, {3}, {1}], [{8, 4}, {6, 7}, {3, 5}, {1, 2}], [{8, 4}, {7}, {1, 6}, {2, 5}, {3}], [{8, 4}, {7}, {3, 6}, {1, 5}, {2}], [{8, 4}, {7}, {3, 6}, {2, 5}, {1}], [{8, 4}, {7}, {3, 6}, {5}, {1, 2}], [{8, 4}, {7}, {6}, {2, 5}, {1, 3}], [{8, 4}, {7}, {6}, {2, 5}, {3}, {1}], [{8, 5}, {1, 7}, {2, 6}, {3, 4}], [{8, 5}, {1, 7}, {2, 6}, {4}, {3}], [{8, 5}, {1, 7}, {3, 6}, {2, 4}], [{8, 5}, {1, 7}, {4, 6}, {2, 3}], [{8, 5}, {2, 7}, {1, 6}, {3, 4}], [{8, 5}, {2, 7}, {3, 6}, {1, 4}], [{8, 5}, {2, 7}, {4, 6}, {1, 3}], [{8, 5}, {2, 7}, {6}, {1, 4}, {3}], [{8, 5}, {3, 7}, {1, 6}, {2, 4}], [{8, 5}, {3, 7}, {2, 6}, {1, 4}], [{8, 5}, {3, 7}, {4, 6}, {1, 2}], [{8, 5}, {3, 7}, {6}, {1, 4}, {2}], [{8, 5}, {3, 7}, {6}, {2, 4}, {1}], [{8, 5}, {3, 7}, {6}, {4}, {1, 2}], [{8, 5}, {4, 7}, {1, 6}, {2, 3}], [{8, 5}, {4, 7}, {2, 6}, {1, 3}], [{8, 5}, {4, 7}, {2, 6}, {3}, {1}], [{8, 5}, {4, 7}, {3, 6}, {1, 2}], [{8, 5}, {6, 7}, {1, 4}, {2, 3}], [{8, 5}, {6, 7}, {1, 4}, {3}, {2}], [{8, 5}, {6, 7}, {2, 4}, {1, 3}], [{8, 5}, {6, 7}, {3, 4}, {1, 2}], [{8, 5}, {6, 7}, {3, 4}, {2}, {1}], [{8, 5}, {6, 7}, {4}, {1, 3}, {2}], [{8, 5}, {7}, {2, 6}, {1, 4}, {3}], [{8, 5}, {7}, {3, 6}, {1, 4}, {2}], [{8, 5}, {7}, {4, 6}, {3}, {1, 2}], [{8, 5}, {7}, {6}, {1, 4}, {2, 3}], [{8, 6}, {1, 7}, {2, 5}, {3, 4}], [{8, 6}, {1, 7}, {2, 5}, {4}, {3}], [{8, 6}, {1, 7}, {3, 5}, {2, 4}], [{8, 6}, {1, 7}, {4, 5}, {2, 3}], [{8, 6}, {1, 7}, {5}, {3, 4}, {2}], [{8, 6}, {2, 7}, {1, 5}, {3, 4}], [{8, 6}, {2, 7}, {1, 5}, {4}, {3}], [{8, 6}, {2, 7}, {3, 5}, {1, 4}], [{8, 6}, {2, 7}, {4, 5}, {1, 3}], [{8, 6}, {2, 7}, {5}, {3, 4}, {1}], [{8, 6}, {3, 7}, {1, 5}, {2, 4}], [{8, 6}, {3, 7}, {1, 5}, {4}, {2}], [{8, 6}, {3, 7}, {2, 5}, {1, 4}], [{8, 6}, {3, 7}, {4, 5}, {1, 2}], [{8, 6}, {4, 7}, {1, 5}, {2, 3}], [{8, 6}, {4, 7}, {1, 5}, {3}, {2}], [{8, 6}, {4, 7}, {2, 5}, {1, 3}], [{8, 6}, {4, 7}, {3, 5}, {1, 2}], [{8, 6}, {4, 7}, {3, 5}, {2}, {1}], [{8, 6}, {4, 7}, {5}, {1, 3}, {2}], [{8, 6}, {5, 7}, {1, 4}, {2, 3}], [{8, 6}, {5, 7}, {2, 4}, {1, 3}], [{8, 6}, {5, 7}, {3, 4}, {1, 2}], [{8, 6}, {5, 7}, {3, 4}, {2}, {1}], [{8, 6}, {5, 7}, {4}, {3}, {1, 2}], [{8, 6}, {7}, {1, 5}, {2, 4}, {3}], [{8, 6}, {7}, {1, 5}, {3, 4}, {2}], [{8, 6}, {7}, {1, 5}, {4}, {2, 3}], [{8, 6}, {7}, {1, 5}, {4}, {3}, {2}], [{8, 6}, {7}, {2, 5}, {3, 4}, {1}], [{8, 6}, {7}, {5}, {3, 4}, {1, 2}], [{8, 7}, {1, 6}, {2, 5}, {3, 4}], [{8, 7}, {1, 6}, {3, 5}, {2, 4}], [{8, 7}, {1, 6}, {3, 5}, {4}, {2}], [{8, 7}, {1, 6}, {4, 5}, {2, 3}], [{8, 7}, {2, 6}, {1, 5}, {3, 4}], [{8, 7}, {2, 6}, {1, 5}, {4}, {3}], [{8, 7}, {2, 6}, {3, 5}, {1, 4}], [{8, 7}, {2, 6}, {4, 5}, {1, 3}], [{8, 7}, {2, 6}, {5}, {3, 4}, {1}], [{8, 7}, {3, 6}, {1, 5}, {2, 4}], [{8, 7}, {3, 6}, {2, 5}, {1, 4}], [{8, 7}, {3, 6}, {4, 5}, {1, 2}], [{8, 7}, {3, 6}, {5}, {1, 4}, {2}], [{8, 7}, {4, 6}, {1, 5}, {2, 3}], [{8, 7}, {4, 6}, {2, 5}, {1, 3}], [{8, 7}, {4, 6}, {3, 5}, {1, 2}], [{8, 7}, {4, 6}, {5}, {1, 3}, {2}], [{8, 7}, {4, 6}, {5}, {2, 3}, {1}], [{8, 7}, {4, 6}, {5}, {3}, {1, 2}], [{8, 7}, {5, 6}, {1, 4}, {2, 3}], [{8, 7}, {5, 6}, {2, 4}, {1, 3}], [{8, 7}, {5, 6}, {3, 4}, {1, 2}], [{8}, {1, 7}, {2, 6}, {3, 5}, {4}], [{8}, {1, 7}, {3, 6}, {2, 5}, {4}], [{8}, {1, 7}, {4, 6}, {2, 5}, {3}], [{8}, {1, 7}, {6}, {2, 5}, {3, 4}], [{8}, {2, 7}, {3, 6}, {1, 5}, {4}], [{8}, {2, 7}, {4, 6}, {1, 5}, {3}], [{8}, {2, 7}, {6}, {1, 5}, {3, 4}], [{8}, {2, 7}, {6}, {1, 5}, {4}, {3}], [{8}, {3, 7}, {1, 6}, {2, 5}, {4}], [{8}, {3, 7}, {4, 6}, {5}, {1, 2}], [{8}, {4, 7}, {2, 6}, {5}, {1, 3}], [{8}, {5, 7}, {1, 6}, {2, 4}, {3}], [{8}, {5, 7}, {3, 6}, {1, 4}, {2}], [{8}, {5, 7}, {3, 6}, {2, 4}, {1}], [{8}, {5, 7}, {3, 6}, {4}, {1, 2}], [{8}, {5, 7}, {3, 6}, {4}, {2}, {1}], [{8}, {5, 7}, {4, 6}, {3}, {1, 2}], [{8}, {5, 7}, {6}, {2, 4}, {1, 3}], [{8}, {5, 7}, {6}, {3, 4}, {1, 2}], [{8}, {6, 7}, {5}, {2, 4}, {1, 3}], [{8}, {7}, {4, 6}, {3, 5}, {1, 2}], [{8}, {7}, {4, 6}, {5}, {3}, {1, 2}], [{8}, {7}, {5, 6}, {2, 4}, {1, 3}]]",2,4 K_1^3 - 18 K_1^2 - 4 K_1 K_2 - K_1 + 9 K_2 + K_3 + 10,O1O2O3U1O4U5U2O6U3U4O7U6U7O8O5U8,O1O2U1O3O4U2O5O6U3O7U4U5U7O8U6U8,O1O2U3O4O5U6O3O6U7U1O7U8U2U4O8U5,c,{'O1O2O3U4O5O4U6U7O6U8U1O7U2U5O8U3'},1,"<a href=""/flatknot/8.975728"">8.975728</a>",t^9-62t^7-246t^6-148t^5+474t^4+351t^3-294t^2-217t+54,-t^2+2t,,
8.975729,O1O2O3U4O5O4U6U7O6U8U1O7U3U2O8U5,4,7z^3+46z^2+110z+93,7w^4z^3+46w^3z^2+110w^2z+93w,False,False,"[[ 0 -1  1  1  1  2 -1 -1 -2],[ 1  0  1  0  1  0  1  2  0],[-1 -1  0  0 -1  0 -2  0 -1],[-1  0  0  0 -1 -1 -2  0  0],[-1 -1  1  1  0  2 -2 -2 -3],[-2  0  0  1 -2  0 -3 -2 -1],[ 1 -1  2  2  2  3  0 -1 -2],[ 1 -2  0  0  2  2  1  0 -2],[ 2  0  1  0  3  1  2  2  0]]","[[ 0  2  1  1  1 -1 -1 -1 -2],[-2  0  1  0 -2  0 -2 -3 -1],[-1 -1  0  0 -1  0  0 -2  0],[-1  0  0  0 -1 -1  0 -2 -1],[-1  2  1  1  0 -1 -2 -2 -3],[ 1  0  0  1  1  0  2  1  0],[ 1  2  0  0  2 -2  0  1 -2],[ 1  3  2  2  2 -1 -1  0 -2],[ 2  1  0  1  3  0  2  2  0]]",True,"[-2,-1,-1,-1,1,1,1,2,-1,0,2,0,2,3,1,0,1,0,0,2,0,1,1,0,2,1,1,2,2,3,-2,-1,0,-1,2,2]","[-2,-1,-1,-1,1,1,1,2,-1,-1,1,0,2,3,3,-1,2,0,2,2,1,1,0,0,0,0,1,1,2,3,-1,-1,-1,0,1,2]",t^8+63t^6+345t^4+182t^2+9,"[-2,-1,-1,-1,1,1,1,2,-1,-1,1,0,2,3,3,-1,2,0,2,2,1,1,0,0,0,0,1,1,2,3,-1,-1,-1,0,1,2]","[-2,-1,-1,-1,1,1,1,2,-1,1,2,0,1,3,3,1,1,0,0,1,0,0,0,2,1,2,0,2,2,3,-1,-1,-1,-2,-1,1]","[-2,-1,-1,-1,1,1,1,2,0,2,2,0,1,3,1,1,2,0,1,1,0,-1,2,2,2,3,0,0,2,2,0,-1,-1,-1,0,2]",c,"[[{8, 5}, {4, 7}, {2, 6}, {1, 3}]]",1,4 K_1^3 - 4 K_1^2 - 4 K_1 K_2 - K_1 + 2 K_2 + K_3 + 3,O1O2O3U4O5U2U1O6U3U5O7U6U7O8O4U8,O1O2U1O3O4U2O5O6U3O7U4U6U5O8U7U8,O1O2U3O4O5U6O3O6U7U8O7U2U1U4O8U5,c,{'O1O2O3U4O5O4U6U7O6U8U1O7U3U2O8U5'},1,"<a href=""/flatknot/8.975729"">8.975729</a>",t^9-63t^7-224t^6+7t^5+668t^4+110t^3-452t^2+66t,0,,
8.975730,O1O2O3U4O5O4U6U7O6U8U1O7U5U2O8U3,3,6z^2+59z+95,6w^3z^2+59w^2z+95w,False,False,"[[ 0 -1  1  2  1  1 -1 -1 -2],[ 1  0  1  1  1 -1  1  2  0],[-1 -1  0  0  0 -1 -2  0 -1],[-2 -1  0  0 -1  0 -3 -2 -2],[-1 -1  0  1  0  1 -2 -2 -2],[-1  1  1  0 -1  0 -2  0  0],[ 1 -1  2  3  2  2  0 -1 -2],[ 1 -2  0  2  2  0  1  0 -2],[ 2  0  1  2  2  0  2  2  0]]","[[ 0  2  1  1  1 -1 -1 -1 -2],[-2  0  0  0 -1 -1 -2 -3 -2],[-1  0  0  1 -1  1  0 -2  0],[-1  0 -1  0  0 -1  0 -2 -1],[-1  1  1  0  0 -1 -2 -2 -2],[ 1  1 -1  1  1  0  2  1  0],[ 1  2  0  0  2 -2  0  1 -2],[ 1  3  2  2  2 -1 -1  0 -2],[ 2  2  0  1  2  0  2  2  0]]",True,"[-2,-1,-1,-1,1,1,1,2,0,0,1,1,2,3,2,-1,1,-1,0,2,0,0,1,0,2,1,1,2,2,2,-2,-1,0,-1,2,2]","[-2,-1,-1,-1,1,1,1,2,-1,-1,1,1,2,3,2,-1,2,0,2,2,1,1,0,0,0,0,1,1,3,2,0,-1,0,1,1,1]",t^8+59t^6+432t^4+108t^2,"[-2,-1,-1,-1,1,1,1,2,-1,-1,1,1,2,3,2,-1,2,0,2,2,1,1,0,0,0,0,1,1,3,2,0,-1,0,1,1,1]","[-2,-1,-1,-1,1,1,1,2,0,1,1,0,1,2,2,0,1,0,0,1,1,-1,0,2,1,2,0,2,3,3,-1,-1,-1,-2,-1,1]","[-2,-1,-1,-1,1,1,1,2,0,2,2,0,1,2,2,1,2,-1,1,1,1,-1,2,2,2,3,0,0,2,2,1,-1,0,0,0,1]",c,"[[{8, 3}, {5, 7}, {2, 6}, {1, 4}], [{8, 3}, {5, 7}, {4, 6}, {1, 2}]]",0,- 16 K_1^2 - 4 K_1 K_2 + 2 K_1 + 8 K_2 + 2 K_3 + 9,O1O2O3U1O4U2U5O6U3U4O7U6U7O8O5U8,O1O2U1O3O4U2O5O6U3O7U4U6U7O8U5U8,O1O2U3O4O5U6O3O6U7U2O7U8U1U4O8U5,c,{'O1O2O3U4O5O4U6U7O6U8U1O7U5U2O8U3'},1,"<a href=""/flatknot/8.975730"">8.975730</a>",t^9-59t^7-212t^6+768t^4+628t^3-96t^2-96t+32,0,,
8.975731,O1O2O3U4O5O4U6U7O6U8U2O7U1U3O8U5,4,2z^3+25z^2+104z+125,2w^4z^3+25w^3z^2+104w^2z+125w,False,False,"[[ 0 -1  0  2  1  2 -1 -1 -2],[ 1  0  1  2  1  1  0  1  0],[ 0 -1  0  0  0 -1  0  1  0],[-2 -2  0  0 -2 -1 -3 -1 -1],[-1 -1  0  2  0  2 -2 -2 -3],[-2 -1  1  1 -2  0 -3 -2 -1],[ 1  0  0  3  2  3  0 -1 -2],[ 1 -1 -1  1  2  2  1  0 -2],[ 2  0  0  1  3  1  2  2  0]]","[[ 0  2  2  1  0 -1 -1 -1 -2],[-2  0  1 -2  1 -1 -2 -3 -1],[-2 -1  0 -2  0 -2 -1 -3 -1],[-1  2  2  0  0 -1 -2 -2 -3],[ 0 -1  0  0  0 -1  1  0  0],[ 1  1  2  1  1  0  1  0  0],[ 1  2  1  2 -1 -1  0  1 -2],[ 1  3  3  2  0  0 -1  0 -2],[ 2  1  1  3  0  0  2  2  0]]",True,"[-2,-2,-1,0,1,1,1,2,-1,2,-1,1,2,3,1,2,0,2,1,3,1,0,1,2,2,3,1,-1,0,0,-1,0,0,-1,2,2]","[-2,-2,-1,0,1,1,1,2,-1,-1,2,0,1,2,3,-1,3,0,2,1,3,1,0,1,0,0,1,0,2,2,0,-1,-1,1,1,-1]",t^8+70t^6+457t^4+128t^2+9,"[-2,-1,-1,-1,0,1,2,2,-1,-1,1,2,0,3,3,-1,1,2,0,1,2,0,1,0,0,0,0,1,2,1,1,3,2,-1,-1,-1]","[-2,-2,-1,0,1,1,1,2,-1,-1,2,0,1,2,3,-1,3,0,2,1,3,1,0,1,0,0,1,0,2,2,0,-1,-1,1,1,-1]","[-2,-1,-1,-1,0,1,2,2,0,2,2,0,3,1,1,0,1,1,1,1,2,-1,0,2,3,3,-1,2,2,1,0,-1,0,2,2,1]",c,"[[{8, 1}, {5, 7}, {3, 6}, {2, 4}], [{8, 4}, {5, 7}, {3, 6}, {1, 2}]]",1,- 10 K_1^2 - 4 K_1 K_2 + 2 K_1 + 5 K_2 + 2 K_3 + 6,O1O2O3U4O5U1U3O6U2U5O7U6U7O8O4U8,O1O2U1O3O4U2O5O6U3O7U5U4U6O8U7U8,O1O2U3O4O5U6O3O6U7U8O7U1U4U2O8U5,c,{'O1O2O3U4O5O4U6U7O6U8U2O7U1U3O8U5'},1,"<a href=""/flatknot/8.975731"">8.975731</a>",t^9-68t^7-278t^6-148t^5+640t^4+462t^3-302t^2+259t+226,-t^2+2t,,
8.975732,O1O2O3U4O5O4U6U7O6U8U2O7U3U1O8U5,4,2z^3+23z^2+100z+125,2w^4z^3+23w^3z^2+100w^2z+125w,False,False,"[[ 0  0  0  1  1  2 -1 -1 -2],[ 0  0  0  1  0  1 -1  0 -1],[ 0  0  0  0  0 -1  0  1  0],[-1 -1  0  0 -1 -1 -2  0  0],[-1  0  0  1  0  2 -2 -2 -3],[-2 -1  1  1 -2  0 -3 -2 -1],[ 1  1  0  2  2  3  0 -1 -2],[ 1  0 -1  0  2  2  1  0 -2],[ 2  1  0  0  3  1  2  2  0]]","[[ 0  2  1  1  0  0 -1 -1 -2],[-2  0  1 -2  1 -1 -2 -3 -1],[-1 -1  0 -1  0 -1  0 -2  0],[-1  2  1  0  0  0 -2 -2 -3],[ 0 -1  0  0  0  0  1  0  0],[ 0  1  1  0  0  0  0 -1 -1],[ 1  2  0  2 -1  0  0  1 -2],[ 1  3  2  2  0  1 -1  0 -2],[ 2  1  0  3  0  1  2  2  0]]",True,"[-2,-1,-1,0,0,1,1,2,-1,2,-1,1,2,3,1,1,0,1,0,2,0,0,0,2,2,3,0,-1,0,0,0,1,1,-1,2,2]","[-2,-1,-1,0,0,1,1,2,-1,-1,1,2,0,3,3,-1,1,2,0,2,1,0,1,0,0,0,0,1,0,1,1,1,3,-1,-1,2]",t^8+56t^6+214t^4+126t^2+16,"[-2,-1,-1,0,0,1,1,2,-1,-1,1,2,0,3,3,-1,1,2,0,2,1,0,1,0,0,0,0,1,0,1,1,1,3,-1,-1,2]","[-2,-1,-1,0,0,1,1,2,-1,2,1,3,0,1,3,1,1,1,0,0,0,0,1,0,2,3,0,0,1,1,1,2,2,-1,-1,-1]","[-2,-1,-1,0,0,1,1,2,2,2,0,1,0,3,1,-1,0,1,2,2,3,-1,0,0,2,2,0,0,0,-1,1,0,1,-1,-1,2]",c,"[[{8, 4}, {5, 7}, {3, 6}, {1, 2}], [{8, 4}, {5, 7}, {3, 6}, {2}, {1}], [{8, 5}, {4, 7}, {3, 6}, {1, 2}], [{8, 5}, {4, 7}, {3, 6}, {2}, {1}], [{8, 7}, {3, 6}, {4, 5}, {1, 2}], [{8, 7}, {3, 6}, {4, 5}, {2}, {1}]]",1,4 K_1^3 - 16 K_1^2 - 4 K_1 K_2 - K_1 + 8 K_2 + K_3 + 9,O1O2O3U4O5U3U1O6U2U5O7U6U7O8O4U8,O1O2U1O3O4U2O5O6U3O7U6U4U5O8U7U8,O1O2U3O4O5U6O3O6U7U8O7U2U4U1O8U5,c,{'O1O2O3U4O5O4U6U7O6U8U2O7U3U1O8U5'},1,"<a href=""/flatknot/8.975732"">8.975732</a>",t^9-56t^7-198t^6-38t^5+598t^4+601t^3-70t^2-255t-172,0,,
8.975733,O1O2O3U4O5O4U6U7O6U8U3O7U1U2O8U5,4,z^3+16z^2+66z+77,w^4z^3-10w^4z^2+26w^3z^2-22w^3z+88w^2z+77w,False,False,"[[ 0 -1  1  1  1  2 -1 -1 -2],[ 1  0  1  1  1  1  0  1  0],[-1 -1  0  1 -1  0 -2 -1 -1],[-1 -1 -1  0 -1 -2 -1  0  0],[-1 -1  1  1  0  2 -2 -2 -3],[-2 -1  0  2 -2  0 -3 -2 -1],[ 1  0  2  1  2  3  0 -1 -2],[ 1 -1  1  0  2  2  1  0 -2],[ 2  0  1  0  3  1  2  2  0]]","[[ 0  2  1  1  1 -1 -1 -1 -2],[-2  0  2  0 -2 -1 -2 -3 -1],[-1 -2  0 -1 -1 -1  0 -1  0],[-1  0  1  0 -1 -1 -1 -2 -1],[-1  2  1  1  0 -1 -2 -2 -3],[ 1  1  1  1  1  0  1  0  0],[ 1  2  0  1  2 -1  0  1 -2],[ 1  3  1  2  2  0 -1  0 -2],[ 2  1  0  1  3  0  2  2  0]]",True,"[-2,-1,-1,-1,1,1,1,2,-2,0,2,1,2,3,1,1,1,1,0,1,0,1,1,1,2,1,1,2,2,3,-1,0,0,-1,2,2]","[-2,-1,-1,-1,1,1,1,2,-2,0,2,1,2,3,1,1,1,1,0,1,0,1,1,1,2,1,1,2,2,3,-1,0,0,-1,2,2]",t^8+63t^6+275t^4+76t^2+1,"[-2,-1,-1,-1,1,1,1,2,-1,-1,1,0,2,3,3,-1,1,0,1,2,1,0,0,0,1,0,1,1,1,2,-1,-1,-1,-1,1,3]","[-2,-1,-1,-1,1,1,1,2,-1,1,3,0,1,2,3,1,1,0,0,1,0,1,0,1,1,2,1,2,1,3,-1,0,-1,-1,-1,1]","[-2,-1,-1,-1,1,1,1,2,0,2,2,0,1,3,1,0,1,1,1,1,1,-1,1,2,2,3,0,1,2,2,-1,-1,-2,-1,0,2]",c,"[[{8, 5}, {3, 7}, {2, 6}, {1, 4}], [{8, 5}, {4, 7}, {3, 6}, {1, 2}]]",1,24 K_1^3 - 16 K_1^2 - 20 K_1 K_2 - 8 K_1 + 8 K_2 + 4 K_3 + 9,O1O2O3U4O5U2U3O6U1U5O7U6U7O8O4U8,O1O2U1O3O4U2O5O6U3O7U5U6U4O8U7U8,O1O2U3O4O5U6O3O6U7U8O7U4U1U2O8U5,c,{'O1O2O3U4O5O4U6U7O6U8U3O7U1U2O8U5'},1,"<a href=""/flatknot/8.975733"">8.975733</a>",t^9-63t^7-234t^6-73t^5+466t^4+47t^3-464t^2+28t+4,0,,
8.975734,O1O2O3U4O5O4U6U7O6U8U3O7U1U5O8U2,4,19z^2+104z+133,19w^3z^2+104w^2z+133w,False,False,"[[ 0 -1  1  1  1  2 -1 -1 -2],[ 1  0  1  1  1  1  0  1  0],[-1 -1  0  1  0  1 -2 -2 -2],[-1 -1 -1  0 -1 -1 -1  0 -1],[-1 -1  0  1  0  2 -2 -2 -2],[-2 -1 -1  1 -2  0 -3 -1 -1],[ 1  0  2  1  2  3  0 -1 -2],[ 1 -1  2  0  2  1  1  0 -2],[ 2  0  2  1  2  1  2  2  0]]","[[ 0  2  1  1  1 -1 -1 -1 -2],[-2  0  1 -1 -2 -1 -1 -3 -1],[-1 -1  0 -1 -1  0 -1 -1 -1],[-1  1  1  0  0 -2 -1 -2 -2],[-1  2  1  0  0 -2 -1 -2 -2],[ 1  1  0  2  2  0 -1  1 -2],[ 1  1  1  1  1  1  0  0  0],[ 1  3  1  2  2 -1  0  0 -2],[ 2  1  1  2  2  2  0  2  0]]",True,"[-2,-1,-1,-1,1,1,1,2,-1,1,2,1,1,3,1,1,1,0,1,1,1,0,2,1,2,2,2,1,2,2,1,-1,2,0,0,2]","[-2,-1,-1,-1,1,1,1,2,-1,-1,1,1,1,2,3,-1,1,0,0,2,2,0,0,0,1,0,1,1,1,2,0,-1,-1,-1,0,2]",t^8+59t^6+288t^4+107t^2+9,"[-2,-1,-1,-1,1,1,1,2,-1,-1,1,1,1,2,3,-1,1,0,0,2,2,0,0,0,1,0,1,1,1,2,0,-1,-1,-1,0,2]","[-2,-1,-1,-1,1,1,1,2,-1,0,2,0,2,2,3,0,1,0,0,1,1,1,0,0,1,1,1,2,1,2,-1,0,-1,-1,-1,1]","[-2,-1,-1,-1,1,1,1,2,0,2,2,1,2,2,1,0,1,1,1,1,1,-1,1,2,2,3,0,2,2,1,-1,-1,-1,0,1,2]",c,"[[{8, 3}, {1, 7}, {2, 6}, {4, 5}], [{8, 3}, {1, 7}, {2, 6}, {5}, {4}], [{8, 5}, {2, 7}, {3, 6}, {1, 4}], [{8, 5}, {4, 7}, {3, 6}, {1, 2}]]",1,12 K_1^3 - 28 K_1^2 - 20 K_1 K_2 + K_1 + 14 K_2 + 7 K_3 + 15,O1O2O3U2O4U5U3O6U1U4O7U6U7O8O5U8,O1O2U1O3O4U2O5O6U3O7U5U7U4O8U6U8,O1O2U3O4O5U6O3O6U7U1O7U4U8U2O8U5,c,{'O1O2O3U4O5O4U6U7O6U8U3O7U1U5O8U2'},1,"<a href=""/flatknot/8.975734"">8.975734</a>",t^9-59t^7-226t^6-168t^5+164t^4-83t^3-86t^2+73t-6,0,,
8.975735,O1O2O3U4O5O4U6U7O6U8U3O7U2U1O8U5,4,4z^3+37z^2+110z+105,4w^4z^3+37w^3z^2+110w^2z+105w,False,False,"[[ 0  0  0  1  1  2 -1 -1 -2],[ 0  0  0  1  0  1 -1  0 -1],[ 0  0  0  1  0  0 -1  0  0],[-1 -1 -1  0 -1 -2 -1  0  0],[-1  0  0  1  0  2 -2 -2 -3],[-2 -1  0  2 -2  0 -3 -2 -1],[ 1  1  1  1  2  3  0 -1 -2],[ 1  0  0  0  2  2  1  0 -2],[ 2  1  0  0  3  1  2  2  0]]","[[ 0  2  1  1  0  0 -1 -1 -2],[-2  0  2 -2  0 -1 -2 -3 -1],[-1 -2  0 -1 -1 -1  0 -1  0],[-1  2  1  0  0  0 -2 -2 -3],[ 0  0  1  0  0  0  0 -1  0],[ 0  1  1  0  0  0  0 -1 -1],[ 1  2  0  2  0  0  0  1 -2],[ 1  3  1  2  1  1 -1  0 -2],[ 2  1  0  3  0  1  2  2  0]]",True,"[-2,-1,-1,0,0,1,1,2,-2,2,0,1,2,3,1,1,1,1,0,1,0,0,0,2,2,3,0,0,1,0,0,1,1,-1,2,2]","[-2,-1,-1,0,0,1,1,2,-2,2,0,1,2,3,1,1,1,1,0,1,0,0,0,2,2,3,0,0,1,0,0,1,1,-1,2,2]",t^8+56t^6+216t^4+89t^2+1,"[-2,-1,-1,0,0,1,1,2,-1,-1,1,2,0,3,3,-1,1,1,0,2,1,0,0,0,1,0,0,1,0,1,1,0,2,-1,-1,3]","[-2,-1,-1,0,0,1,1,2,-1,3,1,2,0,1,3,1,1,1,0,0,0,0,0,1,2,3,0,0,1,1,0,1,2,-1,-1,-1]","[-2,-1,-1,0,0,1,1,2,2,2,0,1,0,3,1,-1,1,1,1,2,3,0,0,0,2,2,0,1,0,0,1,0,1,-1,-2,2]",c,"[[{8, 5}, {4, 7}, {3, 6}, {1, 2}], [{8, 5}, {4, 7}, {3, 6}, {2}, {1}]]",1,4 K_1^3 - 8 K_1^2 - 12 K_1 K_2 + 3 K_1 + 4 K_2 + 5 K_3 + 5,O1O2O3U4O5U3U2O6U1U5O7U6U7O8O4U8,O1O2U1O3O4U2O5O6U3O7U6U5U4O8U7U8,O1O2U3O4O5U6O3O6U7U8O7U4U2U1O8U5,c,{'O1O2O3U4O5O4U6U7O6U8U3O7U2U1O8U5'},1,"<a href=""/flatknot/8.975735"">8.975735</a>",t^9-56t^7-192t^6-24t^5+566t^4+802t^3+642t^2+312t-46,0,,
8.975736,O1O2O3U4O5O4U6U7O6U8U3O7U5U1O8U2,4,12z^2+81z+115,12w^3z^2+81w^2z+115w,False,False,"[[ 0  0  1  1  1  1 -1 -1 -2],[ 0  0  0  0  1  0 -1  0 -1],[-1  0  0  1  0  1 -2 -2 -2],[-1  0 -1  0 -1 -1 -1  0 -1],[-1 -1  0  1  0  1 -2 -2 -2],[-1  0 -1  1 -1  0 -2  0  0],[ 1  1  2  1  2  2  0 -1 -2],[ 1  0  2  0  2  0  1  0 -2],[ 2  1  2  1  2  0  2  2  0]]","[[ 0  1  1  1  1  0 -1 -1 -2],[-1  0  1  1  0  0 -2 -2 -2],[-1 -1  0  1 -1  0  0 -2  0],[-1 -1 -1  0 -1  0  0 -1 -1],[-1  0  1  1  0 -1 -2 -2 -2],[ 0  0  0  0  1  0  0 -1 -1],[ 1  2  0  0  2  0  0  1 -2],[ 1  2  2  1  2  1 -1  0 -2],[ 2  2  0  1  2  1  2  2  0]]",True,"[-1,-1,-1,-1,0,1,1,2,-1,-1,0,0,2,2,2,-1,1,0,0,2,0,1,0,0,1,1,1,2,2,2,0,1,1,-1,2,2]","[-2,-1,-1,0,1,1,1,1,-1,-1,1,1,1,2,3,-1,1,0,0,2,2,0,0,0,1,0,0,1,1,1,0,-1,-1,-1,-1,1]",t^8+47t^6+231t^4+195t^2+9,"[-2,-1,-1,0,1,1,1,1,-1,-1,1,1,1,2,3,-1,1,0,0,2,2,0,0,0,1,0,0,1,1,1,0,-1,-1,-1,-1,1]","[-1,-1,-1,-1,0,1,1,2,-1,-1,-1,1,1,2,2,-1,-1,1,0,2,3,0,0,0,0,1,1,0,0,1,0,1,1,-1,-1,-1]","[-2,-1,-1,0,1,1,1,1,2,2,1,0,1,2,2,-1,1,2,1,2,2,0,0,0,2,2,0,0,0,1,1,-1,-1,-1,-1,0]",c,"[[{8, 1}, {5, 7}, {3, 6}, {2, 4}], [{8, 1}, {5, 7}, {4, 6}, {2, 3}], [{8, 2}, {5, 7}, {3, 6}, {1, 4}], [{8, 2}, {5, 7}, {4, 6}, {1, 3}], [{8, 3}, {5, 7}, {4, 6}, {1, 2}], [{8, 3}, {5, 7}, {6}, {4}, {1, 2}], [{8, 4}, {5, 7}, {3, 6}, {1, 2}], [{8, 6}, {5, 7}, {3, 4}, {1, 2}], [{8}, {5, 7}, {4, 6}, {3}, {1, 2}]]",1,4 K_1^3 - 30 K_1^2 - 12 K_1 K_2 + 3 K_1 + 15 K_2 + 5 K_3 + 16,O1O2O3U2O4U3U5O6U1U4O7U6U7O8O5U8,O1O2U1O3O4U2O5O6U3O7U6U7U4O8U5U8,O1O2U3O4O5U6O3O6U7U2O7U4U8U1O8U5,c,{'O1O2O3U4O5O4U6U7O6U8U3O7U5U1O8U2'},1,"<a href=""/flatknot/8.975736"">8.975736</a>",t^9-49t^7-152t^6-6t^5+290t^4+30t^3-98t^2-15t,t^2-2t,,
8.975737,O1O2O3U4O5O4U6U7O6U8U5O7U1U2O8U3,3,17z^2+70z+73,-4w^4z^2+21w^3z^2-12w^3z+82w^2z+73w,False,False,"[[ 0 -1  1  2  1  1 -1 -1 -2],[ 1  0  1  1  2  0  0  1  0],[-1 -1  0  0  0  0 -2 -1 -1],[-2 -1  0  0 -1  1 -3 -3 -2],[-1 -2  0  1  0  1 -2 -1 -2],[-1  0  0 -1 -1  0 -1  0  0],[ 1  0  2  3  2  1  0 -1 -2],[ 1 -1  1  3  1  0  1  0 -2],[ 2  0  1  2  2  0  2  2  0]]","[[ 0  1  1  1 -1 -1 -1],[-1  0  1  0 -1 -2 -2],[-1 -1  0  0  0  0 -1],[-1  0  0  0 -1 -1 -2],[ 1  1  0  1  0 -1  1],[ 1  2  0  1  1  0  0],[ 1  2  1  2 -1  0  0]]",False,"[-1,-1,-1,1,1,1,-1,0,1,2,2,0,0,0,1,1,1,2,1,-1,0]","[-1,-1,-1,1,1,1,-1,0,0,1,2,-1,1,1,2,0,0,1,0,-1,0]",t^6+19t^4+44t^2+16,"[-1,-1,-1,1,1,1,-1,0,0,1,2,-1,1,1,2,0,0,1,0,-1,0]","[-1,-1,-1,1,1,1,-1,0,1,2,2,0,0,0,1,0,1,1,0,-1,1]","[-1,-1,-1,1,1,1,-1,0,1,2,2,-1,0,1,1,0,1,2,0,-1,0]",c,"[[{8, 3}, {5, 7}, {4, 6}, {1, 2}]]",0,8 K_1^3 - 8 K_1^2 - 4 K_1 K_2 - 4 K_1 + 4 K_2 + 5,O1O2O3U1O4U2U3O5U6U4O7U5U7O8O6U8,O1O2U1O3O4U2O5O6U3O7U5U6U7O8U4U8,O1O2U3O4O5U6O3O6U7U4O7U8U1U2O8U5,c,{'O1O2O3U4O5O4U6U7O6U8U5O7U1U2O8U3'},1,"<a href=""/flatknot/8.975737"">8.975737</a>",t^7-19t^5-20t^4+12t^3+10t^2-4t,0,,
8.975738,O1O2O3U4O5O4U6U7O6U8U5O7U1U3O8U2,3,14z^2+96z+137,-2w^4z^2+16w^3z^2+96w^2z+137w,False,False,"[[ 0 -1  1  2  1  1 -1 -1 -2],[ 1  0  1  1  2  0  0  1  0],[-1 -1  0  1  0  1 -2 -2 -2],[-2 -1 -1  0 -1  0 -3 -2 -2],[-1 -2  0  1  0  1 -2 -1 -2],[-1  0 -1  0 -1  0 -1  0  0],[ 1  0  2  3  2  1  0 -1 -2],[ 1 -1  2  2  1  0  1  0 -2],[ 2  0  2  2  2  0  2  2  0]]","[[ 0  2  1  1  1 -1 -1 -1 -2],[-2  0  0 -1 -1 -1 -2 -3 -2],[-1  0  0 -1 -1  0  0 -1  0],[-1  1  1  0  0 -1 -2 -2 -2],[-1  1  1  0  0 -2 -1 -2 -2],[ 1  1  0  1  2  0  1  0  0],[ 1  2  0  2  1 -1  0  1 -2],[ 1  3  1  2  2  0 -1  0 -2],[ 2  2  0  2  2  0  2  2  0]]",True,"[-2,-1,-1,-1,1,1,1,2,0,1,1,1,2,3,2,1,1,0,0,1,0,0,1,2,2,2,2,1,2,2,-1,0,0,-1,2,2]","[-2,-1,-1,-1,1,1,1,2,-1,-1,1,1,1,3,2,-1,1,0,1,2,1,0,0,0,1,0,1,0,2,2,0,-1,0,-1,0,1]",t^8+59t^6+229t^4+166t^2,"[-2,-1,-1,-1,1,1,1,2,-1,-1,1,1,1,3,2,-1,1,0,1,2,1,0,0,0,1,0,1,0,2,2,0,-1,0,-1,0,1]","[-2,-1,-1,-1,1,1,1,2,0,0,1,0,1,2,2,0,1,0,0,1,1,1,0,1,0,1,1,2,2,3,-1,0,-1,-1,-1,1]","[-2,-1,-1,-1,1,1,1,2,0,2,2,0,2,2,2,0,1,0,1,2,1,-1,1,2,2,3,0,2,1,2,-1,-1,0,0,1,1]",c,"[[{8, 3}, {5, 7}, {4, 6}, {1, 2}]]",0,- 24 K_1^2 - 4 K_1 K_2 + 2 K_1 + 12 K_2 + 2 K_3 + 13,O1O2O3U2O4U1U3O5U6U4O7U5U7O8O6U8,O1O2U1O3O4U2O5O6U3O7U5U7U6O8U4U8,O1O2U3O4O5U6O3O6U7U4O7U1U8U2O8U5,c,{'O1O2O3U4O5O4U6U7O6U8U5O7U1U3O8U2'},1,"<a href=""/flatknot/8.975738"">8.975738</a>",t^9-59t^7-214t^6-131t^5+248t^4+166t^3-72t^2,0,,
8.975739,O1O2O3U4O5O4U6U7O6U8U5O7U2U1O8U3,3,17z^2+66z+65,-6w^4z^2+23w^3z^2-20w^3z+86w^2z+65w,False,False,"[[ 0  0  0  2  1  1 -1 -1 -2],[ 0  0  0  1  1  0 -1  0 -1],[ 0  0  0  0  1  0 -1  0  0],[-2 -1  0  0 -1  1 -3 -3 -2],[-1 -1 -1  1  0  1 -2 -1 -2],[-1  0  0 -1 -1  0 -1  0  0],[ 1  1  1  3  2  1  0 -1 -2],[ 1  0  0  3  1  0  1  0 -2],[ 2  1  0  2  2  0  2  2  0]]","[[ 0  1  1  0  0 -1 -1],[-1  0  1 -1 -1 -1 -2],[-1 -1  0  0  0  0 -1],[ 0  1  0  0  0  0 -1],[ 0  1  0  0  0  0 -1],[ 1  1  0  0  0  0  1],[ 1  2  1  1  1 -1  0]]",False,"[-1,-1,0,0,1,1,-1,1,1,1,2,0,0,0,1,0,0,1,0,1,-1]","[-1,-1,0,0,1,1,-1,1,1,1,2,0,0,0,1,0,0,1,0,1,-1]",t^6+12t^4+16t^2,"[-1,-1,0,0,1,1,-1,1,1,1,2,0,0,0,1,0,0,1,0,1,-1]","[-1,-1,0,0,1,1,-1,1,1,1,2,0,0,0,1,0,0,1,0,1,-1]","[-1,-1,0,0,1,1,-1,1,1,1,2,0,0,0,1,0,0,1,0,1,-1]",a,"[[{8, 3}, {5, 7}, {4, 6}, {1, 2}], [{8, 3}, {5, 7}, {4, 6}, {2}, {1}]]",0,4 K_1^3 - 8 K_1^2 - 4 K_1 K_2 - K_1 + 4 K_2 + K_3 + 5,O1O2O3U1O4U3U2O5U6U4O7U5U7O8O6U8,O1O2U1O3O4U2O5O6U3O7U6U5U7O8U4U8,O1O2U3O4O5U6O3O6U7U4O7U8U2U1O8U5,c,{'O1O2O3U4O5O4U6U7O6U8U5O7U2U1O8U3'},1,"<a href=""/flatknot/8.975739"">8.975739</a>",t^7-12t^5-16t^4,0,,
8.975740,O1O2O3U4O5O4U6U7O6U8U5O7U3U1O8U2,3,2z^2+51z+95,2w^3z^2+51w^2z+95w,False,False,"[[ 0  0  1  1  1  1 -1 -1 -2],[ 0  0  0  0  1  0 -1  0 -1],[-1  0  0  1  0  1 -2 -2 -2],[-1  0 -1  0  0  0 -2 -1 -1],[-1 -1  0  0  0  1 -2 -1 -2],[-1  0 -1  0 -1  0 -1  0  0],[ 1  1  2  2  2  1  0 -1 -2],[ 1  0  2  1  1  0  1  0 -2],[ 2  1  2  1  2  0  2  2  0]]","[[ 0  1  1  1  1  0 -1 -1 -2],[-1  0  1  1  0  0 -2 -2 -2],[-1 -1  0  0  0  0 -1 -2 -1],[-1 -1  0  0 -1  0  0 -1  0],[-1  0  0  1  0 -1 -1 -2 -2],[ 0  0  0  0  1  0  0 -1 -1],[ 1  2  1  0  1  0  0  1 -2],[ 1  2  2  1  2  1 -1  0 -2],[ 2  2  1  0  2  1  2  2  0]]",True,"[-1,-1,-1,-1,0,1,1,2,-1,-1,0,0,2,2,2,0,0,0,1,2,1,1,0,0,1,0,1,1,2,2,0,1,1,-1,2,2]","[-2,-1,-1,0,1,1,1,1,-1,-1,1,1,1,2,3,-1,1,0,1,1,2,0,0,0,0,1,1,0,1,1,0,-1,-1,0,-1,0]",t^8+43t^6+141t^4+83t^2,"[-2,-1,-1,0,1,1,1,1,-1,-1,1,1,1,2,3,-1,1,0,1,1,2,0,0,0,0,1,1,0,1,1,0,-1,-1,0,-1,0]","[-1,-1,-1,-1,0,1,1,2,-1,-1,0,1,1,2,3,0,0,0,0,1,1,1,1,0,0,1,1,0,1,2,0,1,1,-1,-1,-1]","[-2,-1,-1,0,1,1,1,1,2,2,1,0,1,2,2,-1,1,1,2,2,2,0,0,1,1,2,0,0,1,0,0,-1,-1,0,-1,0]",c,"[[{8, 1}, {5, 7}, {4, 6}, {2, 3}], [{8, 2}, {5, 7}, {4, 6}, {1, 3}], [{8, 3}, {5, 7}, {4, 6}, {1, 2}], [{8}, {5, 7}, {4, 6}, {3}, {1, 2}]]",1,- 18 K_1^2 - 4 K_1 K_2 + 2 K_1 + 9 K_2 + 2 K_3 + 10,O1O2O3U2O4U3U1O5U6U4O7U5U7O8O6U8,O1O2U1O3O4U2O5O6U3O7U6U7U5O8U4U8,O1O2U3O4O5U6O3O6U7U4O7U2U8U1O8U5,c,"{'O1O2O3U4O5O4U6U7O6U8U5O7U3U1O8U2', 'O1O2U3O4O3U5O6O5U7U8O7U1U6O8U2U4'}",2,"<a href=""/flatknot/8.975740"">8.975740</a>",t^9-45t^7-140t^6-38t^5+218t^4+116t^3+24t^2+96t+32,t^2-2t,,
8.975741,O1O2O3U4O5O4U6U7O6U1U2O8U5U3O7U8,4,3z^3+34z^2+110z+109,3w^4z^3+34w^3z^2+110w^2z+109w,False,False,"[[ 0 -2  0  2  1  1 -1 -2  1],[ 2  0  1  3  2  1  2  0  1],[ 0 -1  0  2  0  0  0 -1  1],[-2 -3 -2  0 -1 -1 -2 -2  1],[-1 -2  0  1  0  1 -2 -2  0],[-1 -1  0  1 -1  0 -1  0  0],[ 1 -2  0  2  2  1  0 -2  2],[ 2  0  1  2  2  0  2  0  1],[-1 -1 -1 -1  0  0 -2 -1  0]]","[[ 0  2  1  1  1  0 -1 -2 -2],[-2  0  1 -1 -1 -2 -2 -2 -3],[-1 -1  0  0  0 -1 -2 -1 -1],[-1  1  0  0  1  0 -2 -2 -2],[-1  1  0 -1  0  0 -1  0 -1],[ 0  2  1  0  0  0  0 -1 -1],[ 1  2  2  2  1  0  0 -2 -2],[ 2  2  1  2  0  1  2  0  0],[ 2  3  1  2  1  1  2  0  0]]",True,"[-2,-1,-1,-1,0,1,2,2,-1,1,1,2,2,2,3,0,0,1,2,1,1,-1,0,2,2,2,0,1,0,1,0,1,1,2,2,0]","[-2,-2,-1,0,1,1,1,2,0,-1,1,1,2,2,1,-1,1,1,2,3,2,1,0,0,1,1,1,0,1,0,0,-1,0,0,2,0]",t^8+56t^6+269t^4+135t^2+16,"[-2,-2,-1,0,1,1,1,2,0,-1,1,1,2,2,1,-1,1,1,2,3,2,1,0,0,1,1,1,0,1,0,0,-1,0,0,2,0]","[-2,-1,-1,-1,0,1,2,2,0,0,2,0,1,1,2,-1,0,1,1,2,3,0,1,0,1,1,0,0,2,2,1,1,1,-1,-1,0]","[-2,-2,-1,0,1,1,1,2,0,2,1,0,1,2,2,2,1,1,1,2,3,0,1,2,2,2,0,1,0,2,0,-1,1,0,-1,1]",c,"[[{8, 5}, {4, 7}, {2, 6}, {1, 3}]]",1,24 K_1^3 - 22 K_1^2 - 24 K_1 K_2 - 6 K_1 + 11 K_2 + 6 K_3 + 12,O1O2O3U4O5U1U6O4U2U3O7U5U7O8O6U8,O1O2U1O3O4U5O6O7U2O5U3U4U7O8U6U8,O1O2U3O4O5U6O7O6U8U2O8U1U4U5O3U7,c,{'O1O2O3U4O5O4U6U7O6U1U2O8U5U3O7U8'},1,"<a href=""/flatknot/8.975741"">8.975741</a>",t^9-58t^7-188t^6+6t^5+454t^4+125t^3-204t^2-34t+6,t^2-2t,,
8.975742,O1O2O3U4O5O4U6U7O6U1U2O8U5U8O7U3,4,8z^3+54z^2+115z+79,8w^4z^3+54w^3z^2+115w^2z+79w,False,False,"[[ 0 -2  0  2  1  1 -1 -2  1],[ 2  0  1  2  2  1  2  1  1],[ 0 -1  0  1  0  0  0  0  1],[-2 -2 -1  0 -1 -1 -3 -2  1],[-1 -2  0  1  0  1 -2 -2  0],[-1 -1  0  1 -1  0 -1 -1  1],[ 1 -2  0  3  2  1  0 -2  1],[ 2 -1  0  2  2  1  2  0  1],[-1 -1 -1 -1  0 -1 -1 -1  0]]","[[ 0  2  1  1  1  0 -1 -2 -2],[-2  0  1 -1 -1 -1 -3 -2 -2],[-1 -1  0  0 -1 -1 -1 -1 -1],[-1  1  0  0  1  0 -2 -2 -2],[-1  1  1 -1  0  0 -1 -1 -1],[ 0  1  1  0  0  0  0  0 -1],[ 1  3  1  2  1  0  0 -2 -2],[ 2  2  1  2  1  0  2  0 -1],[ 2  2  1  2  1  1  2  1  0]]",True,"[-2,-1,-1,-1,0,1,2,2,-1,1,1,1,3,2,2,0,1,1,1,1,1,-1,0,2,2,2,0,1,1,1,0,0,1,2,2,1]","[-2,-2,-1,0,1,1,1,2,-1,-1,1,1,2,2,2,-1,2,1,2,2,2,1,0,1,1,0,1,0,1,1,0,-1,0,1,2,0]",t^8+52t^6+204t^4+103t^2+4,"[-2,-2,-1,0,1,1,1,2,-1,-1,1,1,2,2,2,-1,2,1,2,2,2,1,0,1,1,0,1,0,1,1,0,-1,0,1,2,0]","[-2,-1,-1,-1,0,1,2,2,0,0,2,1,0,2,2,-1,1,1,1,2,2,0,1,0,1,1,0,1,2,2,1,1,2,-1,-1,1]","[-2,-2,-1,0,1,1,1,2,-1,2,0,1,1,2,2,2,1,1,1,2,2,0,1,1,2,3,0,1,0,1,1,-1,1,0,-1,1]",c,"[[{8, 1}, {2, 7}, {3, 6}, {4, 5}], [{8, 1}, {2, 7}, {4, 6}, {3, 5}], [{8, 1}, {2, 7}, {5, 6}, {3, 4}], [{8, 1}, {3, 7}, {2, 6}, {4, 5}], [{8, 1}, {3, 7}, {4, 6}, {2, 5}], [{8, 1}, {3, 7}, {5, 6}, {2, 4}], [{8, 1}, {3, 7}, {5, 6}, {4}, {2}], [{8, 1}, {4, 7}, {2, 6}, {3, 5}], [{8, 1}, {4, 7}, {3, 6}, {2, 5}], [{8, 1}, {4, 7}, {3, 6}, {5}, {2}], [{8, 1}, {4, 7}, {5, 6}, {2, 3}], [{8, 1}, {5, 7}, {2, 6}, {3, 4}], [{8, 1}, {5, 7}, {3, 6}, {2, 4}], [{8, 1}, {5, 7}, {4, 6}, {2, 3}], [{8, 1}, {5, 7}, {6}, {3, 4}, {2}], [{8, 1}, {6, 7}, {2, 5}, {3, 4}], [{8, 1}, {6, 7}, {3, 5}, {2, 4}], [{8, 1}, {6, 7}, {4, 5}, {2, 3}], [{8, 1}, {7}, {2, 6}, {5}, {3, 4}], [{8, 1}, {7}, {6}, {4, 5}, {2, 3}], [{8, 2}, {1, 7}, {3, 6}, {4, 5}], [{8, 2}, {1, 7}, {4, 6}, {3, 5}], [{8, 2}, {1, 7}, {5, 6}, {3, 4}], [{8, 2}, {1, 7}, {5, 6}, {4}, {3}], [{8, 2}, {3, 7}, {1, 6}, {4, 5}], [{8, 2}, {3, 7}, {4, 6}, {1, 5}], [{8, 2}, {3, 7}, {5, 6}, {1, 4}], [{8, 2}, {3, 7}, {6}, {5}, {1, 4}], [{8, 2}, {4, 7}, {1, 6}, {3, 5}], [{8, 2}, {4, 7}, {3, 6}, {1, 5}], [{8, 2}, {4, 7}, {5, 6}, {1, 3}], [{8, 2}, {4, 7}, {6}, {1, 5}, {3}], [{8, 2}, {5, 7}, {1, 6}, {3, 4}], [{8, 2}, {5, 7}, {1, 6}, {4}, {3}], [{8, 2}, {5, 7}, {3, 6}, {1, 4}], [{8, 2}, {5, 7}, {3, 6}, {4}, {1}], [{8, 2}, {5, 7}, {4, 6}, {1, 3}], [{8, 2}, {5, 7}, {4, 6}, {3}, {1}], [{8, 2}, {5, 7}, {6}, {1, 4}, {3}], [{8, 2}, {5, 7}, {6}, {3, 4}, {1}], [{8, 2}, {5, 7}, {6}, {4}, {1, 3}], [{8, 2}, {6, 7}, {1, 5}, {3, 4}], [{8, 2}, {6, 7}, {3, 5}, {1, 4}], [{8, 2}, {6, 7}, {4, 5}, {1, 3}], [{8, 2}, {6, 7}, {5}, {3, 4}, {1}], [{8, 2}, {7}, {5, 6}, {3, 4}, {1}], [{8, 2}, {7}, {6}, {3, 5}, {1, 4}], [{8, 3}, {1, 7}, {2, 6}, {4, 5}], [{8, 3}, {1, 7}, {4, 6}, {2, 5}], [{8, 3}, {1, 7}, {5, 6}, {2, 4}], [{8, 3}, {2, 7}, {1, 6}, {4, 5}], [{8, 3}, {2, 7}, {4, 6}, {1, 5}], [{8, 3}, {2, 7}, {5, 6}, {1, 4}], [{8, 3}, {4, 7}, {1, 6}, {2, 5}], [{8, 3}, {4, 7}, {2, 6}, {1, 5}], [{8, 3}, {4, 7}, {5, 6}, {1, 2}], [{8, 3}, {4, 7}, {6}, {1, 5}, {2}], [{8, 3}, {5, 7}, {1, 6}, {2, 4}], [{8, 3}, {5, 7}, {2, 6}, {1, 4}], [{8, 3}, {5, 7}, {4, 6}, {1, 2}], [{8, 3}, {5, 7}, {6}, {1, 4}, {2}], [{8, 3}, {6, 7}, {1, 5}, {2, 4}], [{8, 3}, {6, 7}, {2, 5}, {1, 4}], [{8, 3}, {6, 7}, {4, 5}, {1, 2}], [{8, 4}, {1, 7}, {2, 6}, {3, 5}], [{8, 4}, {1, 7}, {3, 6}, {2, 5}], [{8, 4}, {1, 7}, {5, 6}, {2, 3}], [{8, 4}, {2, 7}, {1, 6}, {3, 5}], [{8, 4}, {2, 7}, {1, 6}, {5}, {3}], [{8, 4}, {2, 7}, {3, 6}, {1, 5}], [{8, 4}, {2, 7}, {5, 6}, {1, 3}], [{8, 4}, {3, 7}, {1, 6}, {2, 5}], [{8, 4}, {3, 7}, {2, 6}, {1, 5}], [{8, 4}, {3, 7}, {5, 6}, {1, 2}], [{8, 4}, {3, 7}, {5, 6}, {2}, {1}], [{8, 4}, {5, 7}, {1, 6}, {2, 3}], [{8, 4}, {5, 7}, {2, 6}, {1, 3}], [{8, 4}, {5, 7}, {3, 6}, {1, 2}], [{8, 4}, {5, 7}, {6}, {1, 3}, {2}], [{8, 4}, {6, 7}, {1, 5}, {2, 3}], [{8, 4}, {6, 7}, {2, 5}, {1, 3}], [{8, 4}, {6, 7}, {3, 5}, {1, 2}], [{8, 4}, {7}, {3, 6}, {1, 5}, {2}], [{8, 5}, {1, 7}, {2, 6}, {3, 4}], [{8, 5}, {1, 7}, {2, 6}, {4}, {3}], [{8, 5}, {1, 7}, {3, 6}, {2, 4}], [{8, 5}, {1, 7}, {4, 6}, {2, 3}], [{8, 5}, {2, 7}, {1, 6}, {3, 4}], [{8, 5}, {2, 7}, {3, 6}, {1, 4}], [{8, 5}, {2, 7}, {4, 6}, {1, 3}], [{8, 5}, {3, 7}, {1, 6}, {2, 4}], [{8, 5}, {3, 7}, {2, 6}, {1, 4}], [{8, 5}, {3, 7}, {2, 6}, {4}, {1}], [{8, 5}, {3, 7}, {4, 6}, {1, 2}], [{8, 5}, {3, 7}, {6}, {1, 4}, {2}], [{8, 5}, {4, 7}, {1, 6}, {2, 3}], [{8, 5}, {4, 7}, {2, 6}, {1, 3}], [{8, 5}, {4, 7}, {3, 6}, {1, 2}], [{8, 5}, {4, 7}, {3, 6}, {2}, {1}], [{8, 5}, {6, 7}, {1, 4}, {2, 3}], [{8, 5}, {6, 7}, {2, 4}, {1, 3}], [{8, 5}, {6, 7}, {2, 4}, {3}, {1}], [{8, 5}, {6, 7}, {3, 4}, {1, 2}], [{8, 5}, {7}, {2, 6}, {4}, {1, 3}], [{8, 5}, {7}, {4, 6}, {1, 3}, {2}], [{8, 5}, {7}, {6}, {2, 4}, {1, 3}], [{8, 6}, {1, 7}, {2, 5}, {3, 4}], [{8, 6}, {1, 7}, {2, 5}, {4}, {3}], [{8, 6}, {1, 7}, {3, 5}, {2, 4}], [{8, 6}, {1, 7}, {3, 5}, {4}, {2}], [{8, 6}, {1, 7}, {4, 5}, {2, 3}], [{8, 6}, {1, 7}, {4, 5}, {3}, {2}], [{8, 6}, {1, 7}, {5}, {2, 4}, {3}], [{8, 6}, {1, 7}, {5}, {3, 4}, {2}], [{8, 6}, {1, 7}, {5}, {4}, {2, 3}], [{8, 6}, {1, 7}, {5}, {4}, {3}, {2}], [{8, 6}, {2, 7}, {1, 5}, {3, 4}], [{8, 6}, {2, 7}, {3, 5}, {1, 4}], [{8, 6}, {2, 7}, {4, 5}, {1, 3}], [{8, 6}, {2, 7}, {4, 5}, {3}, {1}], [{8, 6}, {3, 7}, {1, 5}, {2, 4}], [{8, 6}, {3, 7}, {1, 5}, {4}, {2}], [{8, 6}, {3, 7}, {2, 5}, {1, 4}], [{8, 6}, {3, 7}, {4, 5}, {1, 2}], [{8, 6}, {3, 7}, {4, 5}, {2}, {1}], [{8, 6}, {3, 7}, {5}, {1, 4}, {2}], [{8, 6}, {4, 7}, {1, 5}, {2, 3}], [{8, 6}, {4, 7}, {1, 5}, {3}, {2}], [{8, 6}, {4, 7}, {2, 5}, {1, 3}], [{8, 6}, {4, 7}, {3, 5}, {1, 2}], [{8, 6}, {4, 7}, {3, 5}, {2}, {1}], [{8, 6}, {4, 7}, {5}, {1, 3}, {2}], [{8, 6}, {5, 7}, {1, 4}, {2, 3}], [{8, 6}, {5, 7}, {1, 4}, {3}, {2}], [{8, 6}, {5, 7}, {2, 4}, {1, 3}], [{8, 6}, {5, 7}, {3, 4}, {1, 2}], [{8, 6}, {5, 7}, {3, 4}, {2}, {1}], [{8, 6}, {5, 7}, {4}, {1, 3}, {2}], [{8, 6}, {7}, {1, 5}, {3, 4}, {2}], [{8, 6}, {7}, {3, 5}, {1, 4}, {2}], [{8, 6}, {7}, {4, 5}, {1, 3}, {2}], [{8, 6}, {7}, {4, 5}, {2, 3}, {1}], [{8, 6}, {7}, {4, 5}, {3}, {1, 2}], [{8, 6}, {7}, {4, 5}, {3}, {2}, {1}], [{8, 7}, {1, 6}, {2, 5}, {3, 4}], [{8, 7}, {1, 6}, {3, 5}, {2, 4}], [{8, 7}, {1, 6}, {4, 5}, {2, 3}], [{8, 7}, {1, 6}, {5}, {4}, {2, 3}], [{8, 7}, {2, 6}, {1, 5}, {3, 4}], [{8, 7}, {2, 6}, {3, 5}, {1, 4}], [{8, 7}, {2, 6}, {4, 5}, {1, 3}], [{8, 7}, {2, 6}, {5}, {4}, {1, 3}], [{8, 7}, {3, 6}, {1, 5}, {2, 4}], [{8, 7}, {3, 6}, {1, 5}, {4}, {2}], [{8, 7}, {3, 6}, {2, 5}, {1, 4}], [{8, 7}, {3, 6}, {4, 5}, {1, 2}], [{8, 7}, {4, 6}, {1, 5}, {2, 3}], [{8, 7}, {4, 6}, {2, 5}, {1, 3}], [{8, 7}, {4, 6}, {3, 5}, {1, 2}], [{8, 7}, {4, 6}, {5}, {1, 3}, {2}], [{8, 7}, {5, 6}, {1, 4}, {2, 3}], [{8, 7}, {5, 6}, {2, 4}, {1, 3}], [{8, 7}, {5, 6}, {3, 4}, {1, 2}], [{8, 7}, {6}, {3, 5}, {1, 4}, {2}], [{8, 7}, {6}, {5}, {2, 4}, {1, 3}], [{8}, {2, 7}, {3, 6}, {5}, {1, 4}], [{8}, {2, 7}, {5, 6}, {1, 4}, {3}], [{8}, {2, 7}, {6}, {3, 5}, {1, 4}], [{8}, {3, 7}, {2, 6}, {5}, {1, 4}], [{8}, {3, 7}, {5, 6}, {1, 4}, {2}], [{8}, {3, 7}, {6}, {2, 5}, {1, 4}], [{8}, {3, 7}, {6}, {5}, {1, 4}, {2}], [{8}, {4, 7}, {1, 6}, {2, 5}, {3}], [{8}, {4, 7}, {2, 6}, {1, 5}, {3}], [{8}, {4, 7}, {3, 6}, {1, 5}, {2}], [{8}, {4, 7}, {5, 6}, {3}, {1, 2}], [{8}, {4, 7}, {6}, {1, 5}, {2, 3}], [{8}, {4, 7}, {6}, {1, 5}, {3}, {2}], [{8}, {5, 7}, {1, 6}, {3, 4}, {2}], [{8}, {5, 7}, {2, 6}, {1, 4}, {3}], [{8}, {5, 7}, {2, 6}, {3, 4}, {1}], [{8}, {5, 7}, {2, 6}, {4}, {1, 3}], [{8}, {5, 7}, {3, 6}, {1, 4}, {2}], [{8}, {5, 7}, {4, 6}, {1, 3}, {2}], [{8}, {5, 7}, {6}, {1, 4}, {2, 3}], [{8}, {5, 7}, {6}, {1, 4}, {3}, {2}], [{8}, {5, 7}, {6}, {2, 4}, {1, 3}], [{8}, {5, 7}, {6}, {3, 4}, {1, 2}], [{8}, {5, 7}, {6}, {3, 4}, {2}, {1}], [{8}, {5, 7}, {6}, {4}, {1, 3}, {2}], [{8}, {6, 7}, {2, 5}, {1, 4}, {3}], [{8}, {6, 7}, {3, 5}, {1, 4}, {2}], [{8}, {6, 7}, {5}, {1, 4}, {2, 3}], [{8}, {7}, {1, 6}, {4, 5}, {2, 3}], [{8}, {7}, {2, 6}, {3, 5}, {1, 4}], [{8}, {7}, {3, 6}, {2, 5}, {1, 4}], [{8}, {7}, {5, 6}, {1, 4}, {2, 3}], [{8}, {7}, {6}, {3, 5}, {1, 4}, {2}]]",2,8 K_1^3 - 6 K_1^2 - 4 K_1 K_2 - 4 K_1 + 3 K_2 + 4,O1O2O3U1O4U5U6O5U2U3O7U4U7O8O6U8,O1O2U1O3O4U5O6O5U2O7U3U4U7O8U6U8,O1O2U1O3O4U5O6O5U7U2O7U8U3U4O8U6,c,{'O1O2O3U4O5O4U6U7O6U1U2O8U5U8O7U3'},1,"<a href=""/flatknot/8.975742"">8.975742</a>",t^9-54t^7-218t^6-235t^5+126t^4+316t^3+126t^2+43t+28,t^2-2t,,
8.975743,O1O2O3U4O5O4U6U7O6U1U3O8U2U5O7U8,4,9z^2+94z+153,9w^3z^2+94w^2z+153w,False,False,"[[ 0 -2  0  1  1  2 -1 -2  1],[ 2  0  2  1  2  2  2  0  1],[ 0 -2  0  0  0  1  0 -1  1],[-1 -1  0  0 -1  0 -1 -1  0],[-1 -2  0  1  0  2 -2 -2  0],[-2 -2 -1  0 -2  0 -2 -1  0],[ 1 -2  0  1  2  2  0 -2  2],[ 2  0  1  1  2  1  2  0  1],[-1 -1 -1  0  0  0 -2 -1  0]]","[[ 0  2  1  1  1  0 -1 -2 -2],[-2  0  0  0 -2 -1 -2 -1 -2],[-1  0  0  0  0 -1 -2 -1 -1],[-1  0  0  0 -1  0 -1 -1 -1],[-1  2  0  1  0  0 -2 -2 -2],[ 0  1  1  0  0  0  0 -1 -2],[ 1  2  2  1  2  0  0 -2 -2],[ 2  1  1  1  2  1  2  0  0],[ 2  2  1  1  2  2  2  0  0]]",True,"[-2,-1,-1,-1,0,1,2,2,0,0,2,1,2,1,2,0,0,1,2,1,1,1,0,1,1,1,0,2,2,2,0,1,2,2,2,0]","[-2,-2,-1,0,1,1,1,2,0,-1,0,1,2,2,2,-1,1,1,2,2,3,1,0,0,1,1,1,0,1,1,0,-1,-1,0,1,1]",t^8+50t^6+165t^4+59t^2+4,"[-2,-2,-1,0,1,1,1,2,0,-1,0,1,2,2,2,-1,1,1,2,2,3,1,0,0,1,1,1,0,1,1,0,-1,-1,0,1,1]","[-2,-1,-1,-1,0,1,2,2,-1,1,1,1,1,2,3,0,1,1,0,1,1,0,0,0,2,2,1,1,2,2,1,0,1,-1,-1,0]","[-2,-2,-1,0,1,1,1,2,0,2,1,1,1,2,1,2,2,1,1,2,2,0,1,2,2,2,0,1,0,1,0,-1,0,0,0,2]",c,"[[{8, 1}, {4, 7}, {5, 6}, {2, 3}], [{8, 1}, {5, 7}, {4, 6}, {2, 3}], [{8, 2}, {5, 7}, {4, 6}, {1, 3}], [{8, 3}, {1, 7}, {4, 6}, {2, 5}], [{8, 3}, {5, 7}, {4, 6}, {1, 2}], [{8}, {5, 7}, {4, 6}, {2, 3}, {1}]]",1,- 30 K_1^2 - 8 K_1 K_2 + 4 K_1 + 15 K_2 + 4 K_3 + 16,O1O2O3U4O5U6U2O4U1U3O7U5U7O8O6U8,O1O2U1O3O4U5O6O7U2O5U3U6U4O8U7U8,O1O2U3O4O5U6O7O6U8U1O8U4U2U5O3U7,c,{'O1O2O3U4O5O4U6U7O6U1U3O8U2U5O7U8'},1,"<a href=""/flatknot/8.975743"">8.975743</a>",t^9-52t^7-154t^6+24t^5+324t^4+34t^3-120t^2-24t,t^2-2t,,
8.975744,O1O2O3U4O5O4U6U7O6U1U3O8U2U8O7U5,4,16z^2+85z+107,16w^3z^2+85w^2z+107w,False,False,"[[ 0 -2  0  1  1  2 -1 -2  1],[ 2  0  2  1  2  1  2  1  1],[ 0 -2  0  0  0  1  0 -1  1],[-1 -1  0  0 -1 -1 -1  0  0],[-1 -2  0  1  0  2 -2 -3  1],[-2 -1 -1  1 -2  0 -3 -1  0],[ 1 -2  0  1  2  3  0 -2  1],[ 2 -1  1  0  3  1  2  0  1],[-1 -1 -1  0 -1  0 -1 -1  0]]","[[ 0  2  1  1  1  0 -1 -2 -2],[-2  0  1  0 -2 -1 -3 -1 -1],[-1 -1  0  0 -1  0 -1  0 -1],[-1  0  0  0 -1 -1 -1 -1 -1],[-1  2  1  1  0  0 -2 -3 -2],[ 0  1  0  1  0  0  0 -1 -2],[ 1  3  1  1  2  0  0 -2 -2],[ 2  1  0  1  3  1  2  0 -1],[ 2  1  1  1  2  2  2  1  0]]",True,"[-2,-1,-1,-1,0,1,2,2,-1,0,2,1,3,1,1,0,1,0,1,0,1,1,1,1,1,1,0,2,3,2,0,1,2,2,2,1]","[-2,-2,-1,0,1,1,1,2,-1,-1,0,1,2,2,3,-1,1,0,2,3,3,1,0,1,1,0,1,0,1,1,-1,-1,-1,0,1,2]",t^8+56t^6+227t^4+152t^2+9,"[-2,-2,-1,0,1,1,1,2,-1,-1,0,1,2,2,3,-1,1,0,2,3,3,1,0,1,1,0,1,0,1,1,-1,-1,-1,0,1,2]","[-2,-1,-1,-1,0,1,2,2,-1,1,2,1,0,3,3,1,1,1,0,0,1,0,0,1,2,2,1,1,3,2,1,1,0,-1,-1,-1]","[-2,-2,-1,0,1,1,1,2,-1,2,1,0,1,3,1,2,2,1,1,2,1,0,1,1,2,3,0,1,0,1,0,-1,-1,-1,0,2]",c,"[[{8, 1}, {5, 7}, {4, 6}, {2, 3}], [{8, 2}, {5, 7}, {4, 6}, {1, 3}], [{8, 3}, {5, 7}, {4, 6}, {1, 2}], [{8}, {5, 7}, {4, 6}, {2, 3}, {1}]]",1,12 K_1^3 - 18 K_1^2 - 20 K_1 K_2 + K_1 + 9 K_2 + 7 K_3 + 10,O1O2O3U4O5U6U2O6U1U3O7U5U7O8O4U8,O1O2U1O3O4U5O6O5U2O7U3U6U4O8U7U8,O1O2U1O3O4U5O6O5U7U8O7U3U2U4O8U6,c,{'O1O2O3U4O5O4U6U7O6U1U3O8U2U8O7U5'},1,"<a href=""/flatknot/8.975744"">8.975744</a>",t^9-58t^7-202t^6-92t^5+316t^4+231t^3-66t^2-13t+12,t^2-2t,,
8.975745,O1O2O3U4O5O4U6U7O6U1U3O8U5U2O7U8,4,10z^2+95z+151,10w^3z^2+95w^2z+151w,False,False,"[[ 0 -2  1  1  1  1 -1 -2  1],[ 2  0  3  1  2  1  2  0  1],[-1 -3  0 -1  0  0 -1 -2  1],[-1 -1  1  0 -1  0 -1 -1  0],[-1 -2  0  1  0  1 -2 -2  0],[-1 -1  0  0 -1  0 -1  0  0],[ 1 -2  1  1  2  1  0 -2  2],[ 2  0  2  1  2  0  2  0  1],[-1 -1 -1  0  0  0 -2 -1  0]]","[[ 0  1  1  1  1  1 -1 -2 -2],[-1  0  1  1  0  0 -2 -2 -2],[-1 -1  0  0  1  0 -1 -1 -1],[-1 -1  0  0  0  0 -1  0 -1],[-1  0 -1  0  0  1 -1 -2 -3],[-1  0  0  0 -1  0 -2 -1 -1],[ 1  2  1  1  1  2  0 -2 -2],[ 2  2  1  0  2  1  2  0  0],[ 2  2  1  1  3  1  2  0  0]]",True,"[-1,-1,-1,-1,-1,1,2,2,-1,-1,0,0,2,2,2,0,-1,0,1,1,1,0,0,1,0,1,-1,1,2,3,2,1,1,2,2,0]","[-2,-2,-1,1,1,1,1,1,0,-1,0,1,2,2,2,-1,1,1,2,2,3,1,0,0,1,1,0,-1,1,0,0,-1,-1,0,0,0]",t^8+49t^6+225t^4+149t^2+25,"[-2,-2,-1,1,1,1,1,1,0,-1,0,1,2,2,2,-1,1,1,2,2,3,1,0,0,1,1,0,-1,1,0,0,-1,-1,0,0,0]","[-1,-1,-1,-1,-1,1,2,2,-1,0,0,0,0,2,2,-1,0,0,1,0,1,-1,0,1,2,2,1,0,1,1,1,2,3,-1,-1,0]","[-2,-2,-1,1,1,1,1,1,0,2,0,1,1,2,2,2,1,1,1,2,3,1,1,2,2,1,0,0,-1,0,0,-1,1,0,-1,0]",c,"[[{8, 1}, {3, 7}, {5, 6}, {2, 4}], [{8, 4}, {1, 7}, {3, 6}, {2, 5}]]",1,4 K_1^3 - 28 K_1^2 - 16 K_1 K_2 + 5 K_1 + 14 K_2 + 7 K_3 + 15,O1O2O3U4O5U2U6O4U1U3O7U5U7O8O6U8,O1O2U1O3O4U5O6O7U2O5U3U7U4O8U6U8,O1O2U3O4O5U6O7O6U8U2O8U4U1U5O3U7,c,{'O1O2O3U4O5O4U6U7O6U1U3O8U5U2O7U8'},1,"<a href=""/flatknot/8.975745"">8.975745</a>",t^9-53t^7-134t^6+53t^5+238t^4-14t^3-112t^2+30t,2t^2-4t,,
8.975746,O1O2O3U4O5O4U6U7O6U1U3O8U5U8O7U2,4,3z^3+36z^2+112z+105,3w^4z^3+36w^3z^2+112w^2z+105w,False,False,"[[ 0 -2  1  1  1  1 -1 -2  1],[ 2  0  2  1  2  1  2  1  1],[-1 -2  0  0  0  0 -2 -2  1],[-1 -1  0  0 -1  0 -1 -1  1],[-1 -2  0  1  0  1 -2 -2  0],[-1 -1  0  0 -1  0 -1 -1  1],[ 1 -2  2  1  2  1  0 -2  1],[ 2 -1  2  1  2  1  2  0  1],[-1 -1 -1 -1  0 -1 -1 -1  0]]","[[ 0  1  1  1  1  1 -1 -2 -2],[-1  0  1  1  0  0 -2 -2 -2],[-1 -1  0  0  1  0 -1 -1 -1],[-1 -1  0  0  1  0 -1 -1 -1],[-1  0 -1 -1  0 -1 -1 -1 -1],[-1  0  0  0  1  0 -2 -2 -2],[ 1  2  1  1  1  2  0 -2 -2],[ 2  2  1  1  1  2  2  0  1],[ 2  2  1  1  1  2  2 -1  0]]",True,"[-1,-1,-1,-1,-1,1,2,2,-1,-1,0,0,2,2,2,0,-1,0,1,1,1,-1,0,1,1,1,1,1,1,1,2,2,2,2,2,-1]","[-2,-2,-1,1,1,1,1,1,-1,-1,1,1,2,2,2,-1,1,1,2,2,2,0,0,1,1,1,0,-1,-1,0,0,0,-1,0,-1,-1]",t^8+47t^6+154t^4+50t^2,"[-2,-2,-1,1,1,1,1,1,-1,-1,1,1,2,2,2,-1,1,1,2,2,2,0,0,1,1,1,0,-1,-1,0,0,0,-1,0,-1,-1]","[-1,-1,-1,-1,-1,1,2,2,-1,-1,-1,0,1,2,2,0,0,-1,1,2,2,0,-1,1,2,2,0,0,1,1,0,1,1,-1,-1,-1]","[-2,-2,-1,1,1,1,1,1,-1,2,1,1,1,2,2,2,1,1,1,2,2,1,1,1,2,2,-1,-1,-1,0,0,0,-1,0,-1,0]",c,"[[{8, 3}, {1, 7}, {5, 6}, {2, 4}], [{8, 5}, {1, 7}, {3, 6}, {2, 4}]]",1,24 K_1^3 - 20 K_1^2 - 36 K_1 K_2 + 10 K_2 + 12 K_3 + 11,O1O2O3U2O4U5U6O5U1U3O7U4U7O8O6U8,O1O2U1O3O4U5O6O5U2O7U3U7U4O8U6U8,O1O2U1O3O4U5O6O5U7U2O7U3U8U4O8U6,c,{'O1O2O3U4O5O4U6U7O6U1U3O8U5U8O7U2'},1,"<a href=""/flatknot/8.975746"">8.975746</a>",t^9-51t^7-180t^6-156t^5+44t^4-12t^2+58t,2t^2-4t,,
8.975747,O1O2O3U4O5O4U6U7O6U1U5O8U2U3O7U8,4,2z^3+34z^2+113z+107,2w^4z^3+34w^3z^2+113w^2z+107w,False,False,"[[ 0 -2  0  2  1  1 -1 -2  1],[ 2  0  2  3  2  0  2  0  1],[ 0 -2  0  1  1 -1  0 -1  1],[-2 -3 -1  0 -1 -1 -2 -2  0],[-1 -2 -1  1  0  1 -2 -2  1],[-1  0  1  1 -1  0 -1  0 -1],[ 1 -2  0  2  2  1  0 -2  2],[ 2  0  1  2  2  0  2  0  1],[-1 -1 -1  0 -1  1 -2 -1  0]]","[[ 0  2  1  1  1  0 -1 -2 -2],[-2  0  0 -1 -1 -1 -2 -2 -3],[-1  0  0  1 -1 -1 -2 -1 -1],[-1  1 -1  0 -1  1 -1  0  0],[-1  1  1  1  0 -1 -2 -2 -2],[ 0  1  1 -1  1  0  0 -1 -2],[ 1  2  2  1  2  0  0 -2 -2],[ 2  2  1  0  2  1  2  0  0],[ 2  3  1  0  2  2  2  0  0]]",True,"[-2,-1,-1,-1,0,1,2,2,0,1,1,1,2,2,3,-1,1,1,2,1,1,1,-1,1,0,0,1,2,2,2,0,1,2,2,2,0]","[-2,-2,-1,0,1,1,1,2,0,-1,0,1,2,3,1,-1,1,1,2,3,2,1,0,0,1,1,0,0,2,1,-1,-1,0,-1,1,0]",t^8+58t^6+339t^4+54t^2+1,"[-2,-2,-1,0,1,1,1,2,0,-1,0,1,2,3,1,-1,1,1,2,3,2,1,0,0,1,1,0,0,2,1,-1,-1,0,-1,1,0]","[-2,-1,-1,-1,0,1,2,2,0,0,1,1,1,1,2,-1,-1,2,1,3,3,1,0,0,1,1,0,0,2,2,1,0,1,-1,-1,0]","[-2,-2,-1,0,1,1,1,2,0,2,1,0,1,2,2,2,2,0,1,2,3,0,1,2,2,2,-1,1,1,1,-1,-1,1,-1,0,1]",c,"[[{8, 1}, {2, 7}, {3, 6}, {4, 5}], [{8, 1}, {2, 7}, {4, 6}, {3, 5}], [{8, 1}, {2, 7}, {5, 6}, {3, 4}], [{8, 1}, {3, 7}, {2, 6}, {4, 5}], [{8, 1}, {3, 7}, {4, 6}, {2, 5}], [{8, 1}, {3, 7}, {5, 6}, {2, 4}], [{8, 1}, {3, 7}, {6}, {4, 5}, {2}], [{8, 1}, {4, 7}, {2, 6}, {3, 5}], [{8, 1}, {4, 7}, {3, 6}, {2, 5}], [{8, 1}, {4, 7}, {5, 6}, {2, 3}], [{8, 1}, {4, 7}, {6}, {5}, {2, 3}], [{8, 1}, {5, 7}, {2, 6}, {3, 4}], [{8, 1}, {5, 7}, {3, 6}, {2, 4}], [{8, 1}, {5, 7}, {4, 6}, {2, 3}], [{8, 1}, {6, 7}, {2, 5}, {3, 4}], [{8, 1}, {6, 7}, {3, 5}, {2, 4}], [{8, 1}, {6, 7}, {3, 5}, {4}, {2}], [{8, 1}, {6, 7}, {4, 5}, {2, 3}], [{8, 1}, {7}, {5, 6}, {3, 4}, {2}], [{8, 1}, {7}, {6}, {3, 5}, {2, 4}], [{8, 2}, {1, 7}, {3, 6}, {4, 5}], [{8, 2}, {1, 7}, {4, 6}, {3, 5}], [{8, 2}, {1, 7}, {5, 6}, {3, 4}], [{8, 2}, {1, 7}, {5, 6}, {4}, {3}], [{8, 2}, {3, 7}, {1, 6}, {4, 5}], [{8, 2}, {3, 7}, {4, 6}, {1, 5}], [{8, 2}, {3, 7}, {5, 6}, {1, 4}], [{8, 2}, {3, 7}, {5, 6}, {4}, {1}], [{8, 2}, {4, 7}, {1, 6}, {3, 5}], [{8, 2}, {4, 7}, {3, 6}, {1, 5}], [{8, 2}, {4, 7}, {5, 6}, {1, 3}], [{8, 2}, {4, 7}, {5, 6}, {3}, {1}], [{8, 2}, {5, 7}, {1, 6}, {3, 4}], [{8, 2}, {5, 7}, {3, 6}, {1, 4}], [{8, 2}, {5, 7}, {4, 6}, {1, 3}], [{8, 2}, {5, 7}, {6}, {3, 4}, {1}], [{8, 2}, {6, 7}, {1, 5}, {3, 4}], [{8, 2}, {6, 7}, {3, 5}, {1, 4}], [{8, 2}, {6, 7}, {4, 5}, {1, 3}], [{8, 2}, {6, 7}, {5}, {3, 4}, {1}], [{8, 2}, {7}, {1, 6}, {3, 5}, {4}], [{8, 2}, {7}, {3, 6}, {1, 5}, {4}], [{8, 2}, {7}, {5, 6}, {1, 4}, {3}], [{8, 2}, {7}, {5, 6}, {3, 4}, {1}], [{8, 2}, {7}, {5, 6}, {4}, {1, 3}], [{8, 2}, {7}, {5, 6}, {4}, {3}, {1}], [{8, 3}, {1, 7}, {2, 6}, {4, 5}], [{8, 3}, {1, 7}, {4, 6}, {2, 5}], [{8, 3}, {1, 7}, {5, 6}, {2, 4}], [{8, 3}, {1, 7}, {6}, {5}, {2, 4}], [{8, 3}, {2, 7}, {1, 6}, {4, 5}], [{8, 3}, {2, 7}, {4, 6}, {1, 5}], [{8, 3}, {2, 7}, {5, 6}, {1, 4}], [{8, 3}, {4, 7}, {1, 6}, {2, 5}], [{8, 3}, {4, 7}, {2, 6}, {1, 5}], [{8, 3}, {4, 7}, {5, 6}, {1, 2}], [{8, 3}, {5, 7}, {1, 6}, {2, 4}], [{8, 3}, {5, 7}, {2, 6}, {1, 4}], [{8, 3}, {5, 7}, {4, 6}, {1, 2}], [{8, 3}, {5, 7}, {6}, {2, 4}, {1}], [{8, 3}, {6, 7}, {1, 5}, {2, 4}], [{8, 3}, {6, 7}, {2, 5}, {1, 4}], [{8, 3}, {6, 7}, {4, 5}, {1, 2}], [{8, 3}, {6, 7}, {5}, {2, 4}, {1}], [{8, 3}, {7}, {1, 6}, {5}, {2, 4}], [{8, 3}, {7}, {5, 6}, {2, 4}, {1}], [{8, 3}, {7}, {6}, {1, 5}, {2, 4}], [{8, 3}, {7}, {6}, {5}, {2, 4}, {1}], [{8, 4}, {1, 7}, {2, 6}, {3, 5}], [{8, 4}, {1, 7}, {3, 6}, {2, 5}], [{8, 4}, {1, 7}, {5, 6}, {2, 3}], [{8, 4}, {2, 7}, {1, 6}, {3, 5}], [{8, 4}, {2, 7}, {1, 6}, {5}, {3}], [{8, 4}, {2, 7}, {3, 6}, {1, 5}], [{8, 4}, {2, 7}, {5, 6}, {1, 3}], [{8, 4}, {3, 7}, {1, 6}, {2, 5}], [{8, 4}, {3, 7}, {2, 6}, {1, 5}], [{8, 4}, {3, 7}, {5, 6}, {1, 2}], [{8, 4}, {5, 7}, {1, 6}, {2, 3}], [{8, 4}, {5, 7}, {2, 6}, {1, 3}], [{8, 4}, {5, 7}, {3, 6}, {1, 2}], [{8, 4}, {5, 7}, {6}, {2, 3}, {1}], [{8, 4}, {6, 7}, {1, 5}, {2, 3}], [{8, 4}, {6, 7}, {2, 5}, {1, 3}], [{8, 4}, {6, 7}, {3, 5}, {1, 2}], [{8, 4}, {6, 7}, {5}, {2, 3}, {1}], [{8, 4}, {7}, {3, 6}, {2, 5}, {1}], [{8, 4}, {7}, {5, 6}, {2, 3}, {1}], [{8, 5}, {1, 7}, {2, 6}, {3, 4}], [{8, 5}, {1, 7}, {2, 6}, {4}, {3}], [{8, 5}, {1, 7}, {3, 6}, {2, 4}], [{8, 5}, {1, 7}, {4, 6}, {2, 3}], [{8, 5}, {2, 7}, {1, 6}, {3, 4}], [{8, 5}, {2, 7}, {3, 6}, {1, 4}], [{8, 5}, {2, 7}, {4, 6}, {1, 3}], [{8, 5}, {2, 7}, {6}, {4}, {1, 3}], [{8, 5}, {3, 7}, {1, 6}, {2, 4}], [{8, 5}, {3, 7}, {2, 6}, {1, 4}], [{8, 5}, {3, 7}, {2, 6}, {4}, {1}], [{8, 5}, {3, 7}, {4, 6}, {1, 2}], [{8, 5}, {3, 7}, {6}, {1, 4}, {2}], [{8, 5}, {4, 7}, {1, 6}, {2, 3}], [{8, 5}, {4, 7}, {2, 6}, {1, 3}], [{8, 5}, {4, 7}, {3, 6}, {1, 2}], [{8, 5}, {4, 7}, {6}, {1, 3}, {2}], [{8, 5}, {6, 7}, {1, 4}, {2, 3}], [{8, 5}, {6, 7}, {2, 4}, {1, 3}], [{8, 5}, {6, 7}, {3, 4}, {1, 2}], [{8, 5}, {6, 7}, {4}, {1, 3}, {2}], [{8, 5}, {7}, {2, 6}, {4}, {1, 3}], [{8, 5}, {7}, {4, 6}, {1, 3}, {2}], [{8, 5}, {7}, {6}, {2, 4}, {1, 3}], [{8, 6}, {1, 7}, {2, 5}, {3, 4}], [{8, 6}, {1, 7}, {3, 5}, {2, 4}], [{8, 6}, {1, 7}, {4, 5}, {2, 3}], [{8, 6}, {2, 7}, {1, 5}, {3, 4}], [{8, 6}, {2, 7}, {3, 5}, {1, 4}], [{8, 6}, {2, 7}, {4, 5}, {1, 3}], [{8, 6}, {3, 7}, {1, 5}, {2, 4}], [{8, 6}, {3, 7}, {2, 5}, {1, 4}], [{8, 6}, {3, 7}, {4, 5}, {1, 2}], [{8, 6}, {4, 7}, {1, 5}, {2, 3}], [{8, 6}, {4, 7}, {2, 5}, {1, 3}], [{8, 6}, {4, 7}, {2, 5}, {3}, {1}], [{8, 6}, {4, 7}, {3, 5}, {1, 2}], [{8, 6}, {5, 7}, {1, 4}, {2, 3}], [{8, 6}, {5, 7}, {2, 4}, {1, 3}], [{8, 6}, {5, 7}, {3, 4}, {1, 2}], [{8, 6}, {7}, {2, 5}, {4}, {1, 3}], [{8, 6}, {7}, {4, 5}, {2, 3}, {1}], [{8, 7}, {1, 6}, {2, 5}, {3, 4}], [{8, 7}, {1, 6}, {3, 5}, {2, 4}], [{8, 7}, {1, 6}, {4, 5}, {2, 3}], [{8, 7}, {2, 6}, {1, 5}, {3, 4}], [{8, 7}, {2, 6}, {3, 5}, {1, 4}], [{8, 7}, {2, 6}, {4, 5}, {1, 3}], [{8, 7}, {3, 6}, {1, 5}, {2, 4}], [{8, 7}, {3, 6}, {2, 5}, {1, 4}], [{8, 7}, {3, 6}, {4, 5}, {1, 2}], [{8, 7}, {4, 6}, {1, 5}, {2, 3}], [{8, 7}, {4, 6}, {2, 5}, {1, 3}], [{8, 7}, {4, 6}, {3, 5}, {1, 2}], [{8, 7}, {4, 6}, {5}, {1, 3}, {2}], [{8, 7}, {5, 6}, {1, 4}, {2, 3}], [{8, 7}, {5, 6}, {2, 4}, {1, 3}], [{8, 7}, {5, 6}, {3, 4}, {1, 2}], [{8, 7}, {5, 6}, {3, 4}, {2}, {1}], [{8, 7}, {6}, {2, 5}, {1, 4}, {3}], [{8, 7}, {6}, {3, 5}, {1, 4}, {2}], [{8, 7}, {6}, {5}, {1, 4}, {2, 3}], [{8}, {1, 7}, {5, 6}, {3, 4}, {2}], [{8}, {2, 7}, {3, 6}, {4, 5}, {1}], [{8}, {2, 7}, {5, 6}, {3, 4}, {1}], [{8}, {4, 7}, {2, 6}, {1, 5}, {3}], [{8}, {4, 7}, {6}, {3, 5}, {1, 2}], [{8}, {5, 7}, {3, 6}, {1, 4}, {2}], [{8}, {5, 7}, {4, 6}, {1, 3}, {2}], [{8}, {7}, {5, 6}, {3, 4}, {1, 2}], [{8}, {7}, {5, 6}, {3, 4}, {2}, {1}]]",2,16 K_1^3 - 18 K_1^2 - 16 K_1 K_2 - 4 K_1 + 9 K_2 + 4 K_3 + 10,O1O2O3U4O5U1U2O4U6U3O7U5U7O8O6U8,O1O2U1O3O4U5O6O7U2O5U3U6U7O8U4U8,O1O2U3O4O5U6O7O6U8U4O8U1U2U5O3U7,c,{'O1O2O3U4O5O4U6U7O6U1U5O8U2U3O7U8'},1,"<a href=""/flatknot/8.975747"">8.975747</a>",t^9-60t^7-194t^6-62t^5+282t^4+277t^3+22t^2-167t-72,t^2-2t,,
8.975748,O1O2O3U4O5O4U6U7O6U1U5O8U2U8O7U3,4,13z^2+98z+145,13w^3z^2+98w^2z+145w,False,False,"[[ 0 -2  0  2  1  1 -1 -2  1],[ 2  0  2  2  2  0  2  1  1],[ 0 -2  0  1  1 -1  0 -1  1],[-2 -2 -1  0 -1  0 -3 -2  0],[-1 -2 -1  1  0  1 -2 -2  1],[-1  0  1  0 -1  0 -1  0  0],[ 1 -2  0  3  2  1  0 -2  1],[ 2 -1  1  2  2  0  2  0  1],[-1 -1 -1  0 -1  0 -1 -1  0]]","[[ 0  2  1  1  1  0 -1 -2 -2],[-2  0  0  0 -1 -1 -3 -2 -2],[-1  0  0  0 -1  1 -1  0  0],[-1  0  0  0 -1 -1 -1 -1 -1],[-1  1  1  1  0 -1 -2 -2 -2],[ 0  1 -1  1  1  0  0 -1 -2],[ 1  3  1  1  2  0  0 -2 -2],[ 2  2  0  1  2  1  2  0 -1],[ 2  2  0  1  2  2  2  1  0]]",True,"[-2,-1,-1,-1,0,1,2,2,0,0,1,1,3,2,2,0,1,-1,1,0,0,1,1,1,1,1,1,2,2,2,0,1,2,2,2,1]","[-2,-2,-1,0,1,1,1,2,-1,-1,0,1,2,3,2,-1,1,1,2,3,2,1,0,1,1,0,0,0,2,1,-1,-1,0,0,1,1]",t^8+54t^6+198t^4+91t^2+4,"[-2,-2,-1,0,1,1,1,2,-1,-1,0,1,2,3,2,-1,1,1,2,3,2,1,0,1,1,0,0,0,2,1,-1,-1,0,0,1,1]","[-2,-1,-1,-1,0,1,2,2,0,1,1,1,0,2,2,1,1,0,0,1,1,0,0,1,2,2,2,1,3,3,1,0,1,-1,-1,1]","[-2,-2,-1,0,1,1,1,2,-1,2,1,0,1,2,2,2,2,0,1,2,2,0,1,1,2,3,-1,1,1,1,0,-1,0,-1,0,1]",c,"[[{8, 2}, {5, 7}, {3, 6}, {1, 4}]]",1,- 18 K_1^2 - 4 K_1 K_2 + 2 K_1 + 9 K_2 + 2 K_3 + 10,O1O2O3U1O4U5U2O5U6U3O7U4U7O8O6U8,O1O2U1O3O4U5O6O5U2O7U3U6U7O8U4U8,O1O2U1O3O4U5O6O5U7U3O7U8U2U4O8U6,c,{'O1O2O3U4O5O4U6U7O6U1U5O8U2U8O7U3'},1,"<a href=""/flatknot/8.975748"">8.975748</a>",t^9-56t^7-214t^6-175t^5+184t^4+271t^3+80t^2+16t-2,t^2-2t,,
8.975749,O1O2O3U4O5O4U6U7O6U1U5O8U3U2O7U8,4,3z^3+38z^2+114z+101,3w^4z^3+38w^3z^2+114w^2z+101w,False,False,"[[ 0 -2  1  1  1  1 -1 -2  1],[ 2  0  3  2  2  0  2  0  1],[-1 -3  0  0  0 -1 -1 -2  1],[-1 -2  0  0  0 -1 -1 -1  0],[-1 -2  0  0  0  1 -2 -2  1],[-1  0  1  1 -1  0 -1  0 -1],[ 1 -2  1  1  2  1  0 -2  2],[ 2  0  2  1  2  0  2  0  1],[-1 -1 -1  0 -1  1 -2 -1  0]]","[[ 0  1  1  1  1  1 -1 -2 -2],[-1  0  1  1  0  0 -2 -2 -2],[-1 -1  0  1  0 -1 -2 -1 -1],[-1 -1 -1  0  1  1 -1  0  0],[-1  0  0 -1  0  0 -1 -1 -2],[-1  0  1 -1  0  0 -1 -2 -3],[ 1  2  2  1  1  1  0 -2 -2],[ 2  2  1  0  1  2  2  0  0],[ 2  2  1  0  2  3  2  0  0]]",True,"[-1,-1,-1,-1,-1,1,2,2,-1,-1,0,0,2,2,2,-1,0,1,2,1,1,-1,-1,1,0,0,0,1,1,2,1,2,3,2,2,0]","[-2,-2,-1,1,1,1,1,1,0,-1,0,1,1,2,3,-1,1,1,2,2,3,1,0,1,0,1,0,0,-1,1,0,-1,-1,0,1,-1]",t^8+53t^6+305t^4+69t^2+1,"[-2,-2,-1,1,1,1,1,1,0,-1,0,1,1,2,3,-1,1,1,2,2,3,1,0,1,0,1,0,0,-1,1,0,-1,-1,0,1,-1]","[-1,-1,-1,-1,-1,1,2,2,-1,-1,0,1,0,2,2,0,0,-1,1,0,1,0,1,0,1,1,-1,1,1,2,1,3,3,-1,-1,0]","[-2,-2,-1,1,1,1,1,1,0,2,0,1,1,2,2,2,0,1,2,2,3,1,2,1,2,1,-1,1,-1,1,0,-1,-1,0,0,0]",c,"[[{8, 1}, {2, 7}, {3, 6}, {4, 5}], [{8, 1}, {2, 7}, {3, 6}, {5}, {4}], [{8, 1}, {2, 7}, {4, 6}, {3, 5}], [{8, 1}, {2, 7}, {5, 6}, {3, 4}], [{8, 1}, {3, 7}, {2, 6}, {4, 5}], [{8, 1}, {3, 7}, {4, 6}, {2, 5}], [{8, 1}, {3, 7}, {5, 6}, {2, 4}], [{8, 1}, {3, 7}, {6}, {2, 5}, {4}], [{8, 1}, {4, 7}, {2, 6}, {3, 5}], [{8, 1}, {4, 7}, {3, 6}, {2, 5}], [{8, 1}, {4, 7}, {5, 6}, {2, 3}], [{8, 1}, {4, 7}, {6}, {5}, {2, 3}], [{8, 1}, {5, 7}, {2, 6}, {3, 4}], [{8, 1}, {5, 7}, {3, 6}, {2, 4}], [{8, 1}, {5, 7}, {4, 6}, {2, 3}], [{8, 1}, {5, 7}, {4, 6}, {3}, {2}], [{8, 1}, {6, 7}, {2, 5}, {3, 4}], [{8, 1}, {6, 7}, {3, 5}, {2, 4}], [{8, 1}, {6, 7}, {4, 5}, {2, 3}], [{8, 1}, {7}, {5, 6}, {3, 4}, {2}], [{8, 1}, {7}, {6}, {3, 5}, {2, 4}], [{8, 2}, {1, 7}, {3, 6}, {4, 5}], [{8, 2}, {1, 7}, {4, 6}, {3, 5}], [{8, 2}, {1, 7}, {5, 6}, {3, 4}], [{8, 2}, {1, 7}, {6}, {5}, {3, 4}], [{8, 2}, {3, 7}, {1, 6}, {4, 5}], [{8, 2}, {3, 7}, {4, 6}, {1, 5}], [{8, 2}, {3, 7}, {5, 6}, {1, 4}], [{8, 2}, {4, 7}, {1, 6}, {3, 5}], [{8, 2}, {4, 7}, {3, 6}, {1, 5}], [{8, 2}, {4, 7}, {5, 6}, {1, 3}], [{8, 2}, {5, 7}, {1, 6}, {3, 4}], [{8, 2}, {5, 7}, {3, 6}, {1, 4}], [{8, 2}, {5, 7}, {4, 6}, {1, 3}], [{8, 2}, {5, 7}, {6}, {3, 4}, {1}], [{8, 2}, {6, 7}, {1, 5}, {3, 4}], [{8, 2}, {6, 7}, {3, 5}, {1, 4}], [{8, 2}, {6, 7}, {4, 5}, {1, 3}], [{8, 2}, {6, 7}, {5}, {3, 4}, {1}], [{8, 2}, {7}, {1, 6}, {5}, {3, 4}], [{8, 2}, {7}, {5, 6}, {3, 4}, {1}], [{8, 2}, {7}, {6}, {1, 5}, {3, 4}], [{8, 2}, {7}, {6}, {5}, {3, 4}, {1}], [{8, 3}, {1, 7}, {2, 6}, {4, 5}], [{8, 3}, {1, 7}, {4, 6}, {2, 5}], [{8, 3}, {1, 7}, {5, 6}, {2, 4}], [{8, 3}, {1, 7}, {5, 6}, {4}, {2}], [{8, 3}, {2, 7}, {1, 6}, {4, 5}], [{8, 3}, {2, 7}, {4, 6}, {1, 5}], [{8, 3}, {2, 7}, {5, 6}, {1, 4}], [{8, 3}, {2, 7}, {5, 6}, {4}, {1}], [{8, 3}, {4, 7}, {1, 6}, {2, 5}], [{8, 3}, {4, 7}, {2, 6}, {1, 5}], [{8, 3}, {4, 7}, {5, 6}, {1, 2}], [{8, 3}, {4, 7}, {5, 6}, {2}, {1}], [{8, 3}, {5, 7}, {1, 6}, {2, 4}], [{8, 3}, {5, 7}, {2, 6}, {1, 4}], [{8, 3}, {5, 7}, {4, 6}, {1, 2}], [{8, 3}, {5, 7}, {6}, {2, 4}, {1}], [{8, 3}, {6, 7}, {1, 5}, {2, 4}], [{8, 3}, {6, 7}, {2, 5}, {1, 4}], [{8, 3}, {6, 7}, {4, 5}, {1, 2}], [{8, 3}, {6, 7}, {5}, {2, 4}, {1}], [{8, 3}, {7}, {1, 6}, {2, 5}, {4}], [{8, 3}, {7}, {2, 6}, {1, 5}, {4}], [{8, 3}, {7}, {5, 6}, {1, 4}, {2}], [{8, 3}, {7}, {5, 6}, {2, 4}, {1}], [{8, 3}, {7}, {5, 6}, {4}, {1, 2}], [{8, 3}, {7}, {5, 6}, {4}, {2}, {1}], [{8, 4}, {1, 7}, {2, 6}, {3, 5}], [{8, 4}, {1, 7}, {3, 6}, {2, 5}], [{8, 4}, {1, 7}, {5, 6}, {2, 3}], [{8, 4}, {1, 7}, {5, 6}, {3}, {2}], [{8, 4}, {2, 7}, {1, 6}, {3, 5}], [{8, 4}, {2, 7}, {3, 6}, {1, 5}], [{8, 4}, {2, 7}, {5, 6}, {1, 3}], [{8, 4}, {2, 7}, {5, 6}, {3}, {1}], [{8, 4}, {3, 7}, {1, 6}, {2, 5}], [{8, 4}, {3, 7}, {2, 6}, {1, 5}], [{8, 4}, {3, 7}, {5, 6}, {1, 2}], [{8, 4}, {3, 7}, {5, 6}, {2}, {1}], [{8, 4}, {5, 7}, {1, 6}, {2, 3}], [{8, 4}, {5, 7}, {1, 6}, {3}, {2}], [{8, 4}, {5, 7}, {2, 6}, {1, 3}], [{8, 4}, {5, 7}, {2, 6}, {3}, {1}], [{8, 4}, {5, 7}, {3, 6}, {1, 2}], [{8, 4}, {5, 7}, {3, 6}, {2}, {1}], [{8, 4}, {5, 7}, {6}, {1, 3}, {2}], [{8, 4}, {5, 7}, {6}, {2, 3}, {1}], [{8, 4}, {5, 7}, {6}, {3}, {1, 2}], [{8, 4}, {5, 7}, {6}, {3}, {2}, {1}], [{8, 4}, {6, 7}, {1, 5}, {2, 3}], [{8, 4}, {6, 7}, {1, 5}, {3}, {2}], [{8, 4}, {6, 7}, {2, 5}, {1, 3}], [{8, 4}, {6, 7}, {2, 5}, {3}, {1}], [{8, 4}, {6, 7}, {3, 5}, {1, 2}], [{8, 4}, {6, 7}, {3, 5}, {2}, {1}], [{8, 4}, {6, 7}, {5}, {1, 3}, {2}], [{8, 4}, {6, 7}, {5}, {2, 3}, {1}], [{8, 4}, {6, 7}, {5}, {3}, {1, 2}], [{8, 4}, {6, 7}, {5}, {3}, {2}, {1}], [{8, 4}, {7}, {5, 6}, {1, 3}, {2}], [{8, 4}, {7}, {5, 6}, {2, 3}, {1}], [{8, 4}, {7}, {5, 6}, {3}, {1, 2}], [{8, 4}, {7}, {5, 6}, {3}, {2}, {1}], [{8, 5}, {1, 7}, {2, 6}, {3, 4}], [{8, 5}, {1, 7}, {3, 6}, {2, 4}], [{8, 5}, {1, 7}, {4, 6}, {2, 3}], [{8, 5}, {1, 7}, {6}, {3, 4}, {2}], [{8, 5}, {2, 7}, {1, 6}, {3, 4}], [{8, 5}, {2, 7}, {3, 6}, {1, 4}], [{8, 5}, {2, 7}, {4, 6}, {1, 3}], [{8, 5}, {2, 7}, {6}, {1, 4}, {3}], [{8, 5}, {3, 7}, {1, 6}, {2, 4}], [{8, 5}, {3, 7}, {2, 6}, {1, 4}], [{8, 5}, {3, 7}, {4, 6}, {1, 2}], [{8, 5}, {4, 7}, {1, 6}, {2, 3}], [{8, 5}, {4, 7}, {2, 6}, {1, 3}], [{8, 5}, {4, 7}, {3, 6}, {1, 2}], [{8, 5}, {4, 7}, {6}, {3}, {1, 2}], [{8, 5}, {6, 7}, {1, 4}, {2, 3}], [{8, 5}, {6, 7}, {2, 4}, {1, 3}], [{8, 5}, {6, 7}, {3, 4}, {1, 2}], [{8, 5}, {7}, {1, 6}, {2, 4}, {3}], [{8, 5}, {7}, {2, 6}, {3, 4}, {1}], [{8, 5}, {7}, {3, 6}, {1, 4}, {2}], [{8, 5}, {7}, {3, 6}, {2, 4}, {1}], [{8, 5}, {7}, {3, 6}, {4}, {1, 2}], [{8, 5}, {7}, {6}, {2, 4}, {1, 3}], [{8, 6}, {1, 7}, {2, 5}, {3, 4}], [{8, 6}, {1, 7}, {3, 5}, {2, 4}], [{8, 6}, {1, 7}, {4, 5}, {2, 3}], [{8, 6}, {1, 7}, {5}, {3, 4}, {2}], [{8, 6}, {2, 7}, {1, 5}, {3, 4}], [{8, 6}, {2, 7}, {3, 5}, {1, 4}], [{8, 6}, {2, 7}, {4, 5}, {1, 3}], [{8, 6}, {2, 7}, {5}, {4}, {1, 3}], [{8, 6}, {3, 7}, {1, 5}, {2, 4}], [{8, 6}, {3, 7}, {2, 5}, {1, 4}], [{8, 6}, {3, 7}, {4, 5}, {1, 2}], [{8, 6}, {4, 7}, {1, 5}, {2, 3}], [{8, 6}, {4, 7}, {2, 5}, {1, 3}], [{8, 6}, {4, 7}, {3, 5}, {1, 2}], [{8, 6}, {4, 7}, {3, 5}, {2}, {1}], [{8, 6}, {5, 7}, {1, 4}, {2, 3}], [{8, 6}, {5, 7}, {1, 4}, {3}, {2}], [{8, 6}, {5, 7}, {2, 4}, {1, 3}], [{8, 6}, {5, 7}, {3, 4}, {1, 2}], [{8, 6}, {7}, {2, 5}, {3, 4}, {1}], [{8, 6}, {7}, {3, 5}, {4}, {1, 2}], [{8, 6}, {7}, {4, 5}, {2, 3}, {1}], [{8, 7}, {1, 6}, {2, 5}, {3, 4}], [{8, 7}, {1, 6}, {3, 5}, {2, 4}], [{8, 7}, {1, 6}, {4, 5}, {2, 3}], [{8, 7}, {2, 6}, {1, 5}, {3, 4}], [{8, 7}, {2, 6}, {3, 5}, {1, 4}], [{8, 7}, {2, 6}, {4, 5}, {1, 3}], [{8, 7}, {3, 6}, {1, 5}, {2, 4}], [{8, 7}, {3, 6}, {2, 5}, {1, 4}], [{8, 7}, {3, 6}, {4, 5}, {1, 2}], [{8, 7}, {4, 6}, {1, 5}, {2, 3}], [{8, 7}, {4, 6}, {1, 5}, {3}, {2}], [{8, 7}, {4, 6}, {2, 5}, {1, 3}], [{8, 7}, {4, 6}, {3, 5}, {1, 2}], [{8, 7}, {5, 6}, {1, 4}, {2, 3}], [{8, 7}, {5, 6}, {2, 4}, {1, 3}], [{8, 7}, {5, 6}, {3, 4}, {1, 2}], [{8, 7}, {5, 6}, {3, 4}, {2}, {1}], [{8, 7}, {6}, {2, 5}, {1, 4}, {3}], [{8, 7}, {6}, {3, 5}, {1, 4}, {2}], [{8, 7}, {6}, {3, 5}, {2, 4}, {1}], [{8, 7}, {6}, {3, 5}, {4}, {1, 2}], [{8, 7}, {6}, {5}, {1, 4}, {2, 3}], [{8}, {1, 7}, {2, 6}, {5}, {3, 4}], [{8}, {1, 7}, {5, 6}, {3, 4}, {2}], [{8}, {1, 7}, {6}, {2, 5}, {3, 4}], [{8}, {1, 7}, {6}, {3, 5}, {2, 4}], [{8}, {2, 7}, {3, 6}, {4, 5}, {1}], [{8}, {2, 7}, {5, 6}, {3, 4}, {1}], [{8}, {3, 7}, {6}, {4, 5}, {1, 2}], [{8}, {4, 7}, {3, 6}, {1, 5}, {2}], [{8}, {4, 7}, {6}, {2, 5}, {1, 3}], [{8}, {6, 7}, {2, 5}, {4}, {1, 3}], [{8}, {6, 7}, {3, 5}, {4}, {1, 2}], [{8}, {7}, {4, 6}, {2, 5}, {1, 3}], [{8}, {7}, {5, 6}, {3, 4}, {1, 2}], [{8}, {7}, {5, 6}, {3, 4}, {2}, {1}]]",2,4 K_1^3 - 4 K_1^2 - 4 K_1 K_2 - K_1 + 2 K_2 + K_3 + 3,O1O2O3U4O5U2U1O4U6U3O7U5U7O8O6U8,O1O2U1O3O4U5O6O7U2O5U3U7U6O8U4U8,O1O2U3O4O5U6O7O6U8U4O8U2U1U5O3U7,c,{'O1O2O3U4O5O4U6U7O6U1U5O8U3U2O7U8'},1,"<a href=""/flatknot/8.975749"">8.975749</a>",t^9-57t^7-130t^6+57t^5+194t^4+2t^3-66t^2+t+8,2t^2-4t,,
8.975750,O1O2O3U4O5O4U6U7O6U1U5O8U3U8O7U2,4,10z^2+95z+151,10w^3z^2+95w^2z+151w,False,False,"[[ 0 -2  1  1  1  1 -1 -2  1],[ 2  0  2  2  2  0  2  1  1],[-1 -2  0  0  0  0 -2 -2  1],[-1 -2  0  0  0 -1 -1 -2  1],[-1 -2  0  0  0  1 -2 -2  1],[-1  0  0  1 -1  0 -1  0  0],[ 1 -2  2  1  2  1  0 -2  1],[ 2 -1  2  2  2  0  2  0  1],[-1 -1 -1 -1 -1  0 -1 -1  0]]","[[ 0  1  1  1  1  1 -1 -2 -2],[-1  0  1  1  0  0 -2 -2 -2],[-1 -1  0  0  1  0 -1  0  0],[-1 -1  0  0 -1 -1 -1 -1 -1],[-1  0 -1  1  0  0 -1 -2 -2],[-1  0  0  1  0  0 -2 -2 -2],[ 1  2  1  1  1  2  0 -2 -2],[ 2  2  0  1  2  2  2  0  1],[ 2  2  0  1  2  2  2 -1  0]]",True,"[-1,-1,-1,-1,-1,1,2,2,-1,-1,0,0,2,2,2,0,-1,0,1,0,0,1,1,1,1,1,0,1,2,2,2,2,2,2,2,-1]","[-2,-2,-1,1,1,1,1,1,-1,-1,1,1,1,2,3,-1,1,1,1,2,3,0,0,1,1,1,0,0,-1,-1,0,-1,0,-1,1,0]",t^8+51t^6+174t^4+73t^2+1,"[-2,-2,-1,1,1,1,1,1,-1,-1,1,1,1,2,3,-1,1,1,1,2,3,0,0,1,1,1,0,0,-1,-1,0,-1,0,-1,1,0]","[-1,-1,-1,-1,-1,1,2,2,-1,-1,-1,0,1,2,2,0,0,-1,1,1,1,0,0,0,1,1,1,0,1,1,1,3,3,-1,-1,-1]","[-2,-2,-1,1,1,1,1,1,-1,2,0,1,2,2,2,2,0,1,2,2,2,1,1,1,2,2,0,1,-1,0,-1,-1,-1,0,0,0]",c,"[[{8, 1}, {2, 7}, {3, 6}, {4, 5}], [{8, 1}, {2, 7}, {3, 6}, {5}, {4}], [{8, 1}, {2, 7}, {4, 6}, {3, 5}], [{8, 1}, {2, 7}, {5, 6}, {3, 4}], [{8, 1}, {2, 7}, {5, 6}, {4}, {3}], [{8, 1}, {2, 7}, {6}, {3, 5}, {4}], [{8, 1}, {3, 7}, {2, 6}, {4, 5}], [{8, 1}, {3, 7}, {2, 6}, {5}, {4}], [{8, 1}, {3, 7}, {4, 6}, {2, 5}], [{8, 1}, {3, 7}, {5, 6}, {2, 4}], [{8, 1}, {3, 7}, {5, 6}, {4}, {2}], [{8, 1}, {3, 7}, {6}, {2, 5}, {4}], [{8, 1}, {4, 7}, {2, 6}, {3, 5}], [{8, 1}, {4, 7}, {2, 6}, {5}, {3}], [{8, 1}, {4, 7}, {3, 6}, {2, 5}], [{8, 1}, {4, 7}, {3, 6}, {5}, {2}], [{8, 1}, {4, 7}, {5, 6}, {2, 3}], [{8, 1}, {4, 7}, {5, 6}, {3}, {2}], [{8, 1}, {4, 7}, {6}, {2, 5}, {3}], [{8, 1}, {4, 7}, {6}, {3, 5}, {2}], [{8, 1}, {4, 7}, {6}, {5}, {2, 3}], [{8, 1}, {5, 7}, {2, 6}, {3, 4}], [{8, 1}, {5, 7}, {2, 6}, {4}, {3}], [{8, 1}, {5, 7}, {3, 6}, {2, 4}], [{8, 1}, {5, 7}, {3, 6}, {4}, {2}], [{8, 1}, {5, 7}, {4, 6}, {2, 3}], [{8, 1}, {5, 7}, {6}, {4}, {2, 3}], [{8, 1}, {6, 7}, {2, 5}, {3, 4}], [{8, 1}, {6, 7}, {2, 5}, {4}, {3}], [{8, 1}, {6, 7}, {3, 5}, {2, 4}], [{8, 1}, {6, 7}, {3, 5}, {4}, {2}], [{8, 1}, {6, 7}, {4, 5}, {2, 3}], [{8, 1}, {6, 7}, {5}, {4}, {2, 3}], [{8, 1}, {7}, {2, 6}, {3, 5}, {4}], [{8, 1}, {7}, {2, 6}, {4, 5}, {3}], [{8, 1}, {7}, {2, 6}, {5}, {3, 4}], [{8, 1}, {7}, {2, 6}, {5}, {4}, {3}], [{8, 1}, {7}, {3, 6}, {2, 5}, {4}], [{8, 1}, {7}, {3, 6}, {4, 5}, {2}], [{8, 1}, {7}, {3, 6}, {5}, {2, 4}], [{8, 1}, {7}, {3, 6}, {5}, {4}, {2}], [{8, 1}, {7}, {4, 6}, {2, 5}, {3}], [{8, 1}, {7}, {4, 6}, {3, 5}, {2}], [{8, 1}, {7}, {4, 6}, {5}, {2, 3}], [{8, 1}, {7}, {5, 6}, {2, 4}, {3}], [{8, 1}, {7}, {5, 6}, {3, 4}, {2}], [{8, 1}, {7}, {5, 6}, {4}, {2, 3}], [{8, 1}, {7}, {5, 6}, {4}, {3}, {2}], [{8, 1}, {7}, {6}, {2, 5}, {3, 4}], [{8, 1}, {7}, {6}, {2, 5}, {4}, {3}], [{8, 1}, {7}, {6}, {3, 5}, {2, 4}], [{8, 1}, {7}, {6}, {3, 5}, {4}, {2}], [{8, 1}, {7}, {6}, {4, 5}, {2, 3}], [{8, 1}, {7}, {6}, {5}, {4}, {2, 3}], [{8, 2}, {1, 7}, {3, 6}, {4, 5}], [{8, 2}, {1, 7}, {4, 6}, {3, 5}], [{8, 2}, {1, 7}, {5, 6}, {3, 4}], [{8, 2}, {3, 7}, {1, 6}, {4, 5}], [{8, 2}, {3, 7}, {4, 6}, {1, 5}], [{8, 2}, {3, 7}, {5, 6}, {1, 4}], [{8, 2}, {3, 7}, {5, 6}, {4}, {1}], [{8, 2}, {4, 7}, {1, 6}, {3, 5}], [{8, 2}, {4, 7}, {3, 6}, {1, 5}], [{8, 2}, {4, 7}, {5, 6}, {1, 3}], [{8, 2}, {4, 7}, {5, 6}, {3}, {1}], [{8, 2}, {5, 7}, {1, 6}, {3, 4}], [{8, 2}, {5, 7}, {3, 6}, {1, 4}], [{8, 2}, {5, 7}, {4, 6}, {1, 3}], [{8, 2}, {6, 7}, {1, 5}, {3, 4}], [{8, 2}, {6, 7}, {3, 5}, {1, 4}], [{8, 2}, {6, 7}, {3, 5}, {4}, {1}], [{8, 2}, {6, 7}, {4, 5}, {1, 3}], [{8, 2}, {7}, {5, 6}, {3, 4}, {1}], [{8, 3}, {1, 7}, {2, 6}, {4, 5}], [{8, 3}, {1, 7}, {4, 6}, {2, 5}], [{8, 3}, {1, 7}, {5, 6}, {2, 4}], [{8, 3}, {1, 7}, {6}, {2, 5}, {4}], [{8, 3}, {2, 7}, {1, 6}, {4, 5}], [{8, 3}, {2, 7}, {4, 6}, {1, 5}], [{8, 3}, {2, 7}, {5, 6}, {1, 4}], [{8, 3}, {2, 7}, {5, 6}, {4}, {1}], [{8, 3}, {4, 7}, {1, 6}, {2, 5}], [{8, 3}, {4, 7}, {2, 6}, {1, 5}], [{8, 3}, {4, 7}, {2, 6}, {5}, {1}], [{8, 3}, {4, 7}, {5, 6}, {1, 2}], [{8, 3}, {4, 7}, {5, 6}, {2}, {1}], [{8, 3}, {4, 7}, {6}, {2, 5}, {1}], [{8, 3}, {5, 7}, {1, 6}, {2, 4}], [{8, 3}, {5, 7}, {1, 6}, {4}, {2}], [{8, 3}, {5, 7}, {2, 6}, {1, 4}], [{8, 3}, {5, 7}, {2, 6}, {4}, {1}], [{8, 3}, {5, 7}, {4, 6}, {1, 2}], [{8, 3}, {5, 7}, {6}, {4}, {1, 2}], [{8, 3}, {6, 7}, {1, 5}, {2, 4}], [{8, 3}, {6, 7}, {1, 5}, {4}, {2}], [{8, 3}, {6, 7}, {2, 5}, {1, 4}], [{8, 3}, {6, 7}, {4, 5}, {1, 2}], [{8, 3}, {7}, {2, 6}, {4, 5}, {1}], [{8, 3}, {7}, {5, 6}, {2, 4}, {1}], [{8, 3}, {7}, {6}, {2, 5}, {1, 4}], [{8, 4}, {1, 7}, {2, 6}, {3, 5}], [{8, 4}, {1, 7}, {2, 6}, {5}, {3}], [{8, 4}, {1, 7}, {3, 6}, {2, 5}], [{8, 4}, {1, 7}, {5, 6}, {2, 3}], [{8, 4}, {1, 7}, {5, 6}, {3}, {2}], [{8, 4}, {1, 7}, {6}, {2, 5}, {3}], [{8, 4}, {2, 7}, {1, 6}, {3, 5}], [{8, 4}, {2, 7}, {3, 6}, {1, 5}], [{8, 4}, {2, 7}, {5, 6}, {1, 3}], [{8, 4}, {2, 7}, {6}, {3, 5}, {1}], [{8, 4}, {3, 7}, {1, 6}, {2, 5}], [{8, 4}, {3, 7}, {1, 6}, {5}, {2}], [{8, 4}, {3, 7}, {2, 6}, {1, 5}], [{8, 4}, {3, 7}, {5, 6}, {1, 2}], [{8, 4}, {3, 7}, {6}, {2, 5}, {1}], [{8, 4}, {5, 7}, {1, 6}, {2, 3}], [{8, 4}, {5, 7}, {1, 6}, {3}, {2}], [{8, 4}, {5, 7}, {2, 6}, {1, 3}], [{8, 4}, {5, 7}, {3, 6}, {1, 2}], [{8, 4}, {6, 7}, {1, 5}, {2, 3}], [{8, 4}, {6, 7}, {1, 5}, {3}, {2}], [{8, 4}, {6, 7}, {2, 5}, {1, 3}], [{8, 4}, {6, 7}, {3, 5}, {1, 2}], [{8, 4}, {7}, {1, 6}, {3, 5}, {2}], [{8, 4}, {7}, {6}, {1, 5}, {2, 3}], [{8, 4}, {7}, {6}, {2, 5}, {1, 3}], [{8, 5}, {1, 7}, {2, 6}, {3, 4}], [{8, 5}, {1, 7}, {3, 6}, {2, 4}], [{8, 5}, {1, 7}, {3, 6}, {4}, {2}], [{8, 5}, {1, 7}, {4, 6}, {2, 3}], [{8, 5}, {1, 7}, {6}, {2, 4}, {3}], [{8, 5}, {2, 7}, {1, 6}, {3, 4}], [{8, 5}, {2, 7}, {3, 6}, {1, 4}], [{8, 5}, {2, 7}, {4, 6}, {1, 3}], [{8, 5}, {2, 7}, {6}, {4}, {1, 3}], [{8, 5}, {3, 7}, {1, 6}, {2, 4}], [{8, 5}, {3, 7}, {1, 6}, {4}, {2}], [{8, 5}, {3, 7}, {2, 6}, {1, 4}], [{8, 5}, {3, 7}, {2, 6}, {4}, {1}], [{8, 5}, {3, 7}, {4, 6}, {1, 2}], [{8, 5}, {3, 7}, {6}, {4}, {1, 2}], [{8, 5}, {4, 7}, {1, 6}, {2, 3}], [{8, 5}, {4, 7}, {2, 6}, {1, 3}], [{8, 5}, {4, 7}, {2, 6}, {3}, {1}], [{8, 5}, {4, 7}, {3, 6}, {1, 2}], [{8, 5}, {6, 7}, {1, 4}, {2, 3}], [{8, 5}, {6, 7}, {2, 4}, {1, 3}], [{8, 5}, {6, 7}, {3, 4}, {1, 2}], [{8, 5}, {7}, {2, 6}, {3, 4}, {1}], [{8, 5}, {7}, {6}, {1, 4}, {2, 3}], [{8, 6}, {1, 7}, {2, 5}, {3, 4}], [{8, 6}, {1, 7}, {3, 5}, {2, 4}], [{8, 6}, {1, 7}, {4, 5}, {2, 3}], [{8, 6}, {2, 7}, {1, 5}, {3, 4}], [{8, 6}, {2, 7}, {1, 5}, {4}, {3}], [{8, 6}, {2, 7}, {3, 5}, {1, 4}], [{8, 6}, {2, 7}, {3, 5}, {4}, {1}], [{8, 6}, {2, 7}, {4, 5}, {1, 3}], [{8, 6}, {2, 7}, {5}, {4}, {1, 3}], [{8, 6}, {3, 7}, {1, 5}, {2, 4}], [{8, 6}, {3, 7}, {2, 5}, {1, 4}], [{8, 6}, {3, 7}, {4, 5}, {1, 2}], [{8, 6}, {3, 7}, {5}, {4}, {1, 2}], [{8, 6}, {4, 7}, {1, 5}, {2, 3}], [{8, 6}, {4, 7}, {2, 5}, {1, 3}], [{8, 6}, {4, 7}, {2, 5}, {3}, {1}], [{8, 6}, {4, 7}, {3, 5}, {1, 2}], [{8, 6}, {5, 7}, {1, 4}, {2, 3}], [{8, 6}, {5, 7}, {2, 4}, {1, 3}], [{8, 6}, {5, 7}, {3, 4}, {1, 2}], [{8, 6}, {7}, {3, 5}, {1, 4}, {2}], [{8, 7}, {1, 6}, {2, 5}, {3, 4}], [{8, 7}, {1, 6}, {3, 5}, {2, 4}], [{8, 7}, {1, 6}, {4, 5}, {2, 3}], [{8, 7}, {2, 6}, {1, 5}, {3, 4}], [{8, 7}, {2, 6}, {3, 5}, {1, 4}], [{8, 7}, {2, 6}, {4, 5}, {1, 3}], [{8, 7}, {2, 6}, {5}, {1, 4}, {3}], [{8, 7}, {3, 6}, {1, 5}, {2, 4}], [{8, 7}, {3, 6}, {1, 5}, {4}, {2}], [{8, 7}, {3, 6}, {2, 5}, {1, 4}], [{8, 7}, {3, 6}, {4, 5}, {1, 2}], [{8, 7}, {4, 6}, {1, 5}, {2, 3}], [{8, 7}, {4, 6}, {2, 5}, {1, 3}], [{8, 7}, {4, 6}, {3, 5}, {1, 2}], [{8, 7}, {5, 6}, {1, 4}, {2, 3}], [{8, 7}, {5, 6}, {1, 4}, {3}, {2}], [{8, 7}, {5, 6}, {2, 4}, {1, 3}], [{8, 7}, {5, 6}, {3, 4}, {1, 2}], [{8, 7}, {6}, {2, 5}, {1, 4}, {3}], [{8, 7}, {6}, {2, 5}, {3, 4}, {1}], [{8, 7}, {6}, {2, 5}, {4}, {1, 3}], [{8}, {1, 7}, {6}, {2, 5}, {3, 4}], [{8}, {2, 7}, {1, 6}, {3, 5}, {4}], [{8}, {2, 7}, {3, 6}, {4, 5}, {1}], [{8}, {2, 7}, {4, 6}, {3, 5}, {1}], [{8}, {2, 7}, {5, 6}, {4}, {1, 3}], [{8}, {2, 7}, {6}, {1, 5}, {3, 4}], [{8}, {2, 7}, {6}, {3, 5}, {1, 4}], [{8}, {3, 7}, {1, 6}, {4, 5}, {2}], [{8}, {3, 7}, {2, 6}, {1, 5}, {4}], [{8}, {3, 7}, {4, 6}, {1, 5}, {2}], [{8}, {3, 7}, {5, 6}, {4}, {1, 2}], [{8}, {3, 7}, {6}, {1, 5}, {2, 4}], [{8}, {3, 7}, {6}, {2, 5}, {1, 4}], [{8}, {4, 7}, {1, 6}, {2, 5}, {3}], [{8}, {4, 7}, {2, 6}, {1, 5}, {3}], [{8}, {4, 7}, {2, 6}, {3, 5}, {1}], [{8}, {4, 7}, {2, 6}, {5}, {1, 3}], [{8}, {4, 7}, {2, 6}, {5}, {3}, {1}], [{8}, {4, 7}, {3, 6}, {2, 5}, {1}], [{8}, {4, 7}, {5, 6}, {1, 3}, {2}], [{8}, {4, 7}, {5, 6}, {2, 3}, {1}], [{8}, {4, 7}, {5, 6}, {3}, {1, 2}], [{8}, {4, 7}, {5, 6}, {3}, {2}, {1}], [{8}, {4, 7}, {6}, {2, 5}, {1, 3}], [{8}, {4, 7}, {6}, {2, 5}, {3}, {1}], [{8}, {5, 7}, {1, 6}, {3, 4}, {2}], [{8}, {5, 7}, {2, 6}, {4}, {1, 3}], [{8}, {5, 7}, {4, 6}, {1, 3}, {2}], [{8}, {5, 7}, {4, 6}, {2, 3}, {1}], [{8}, {5, 7}, {4, 6}, {3}, {1, 2}], [{8}, {5, 7}, {6}, {2, 4}, {1, 3}], [{8}, {6, 7}, {1, 5}, {3, 4}, {2}], [{8}, {6, 7}, {3, 5}, {4}, {1, 2}], [{8}, {6, 7}, {5}, {2, 4}, {1, 3}], [{8}, {7}, {2, 6}, {1, 5}, {3, 4}], [{8}, {7}, {2, 6}, {4, 5}, {1, 3}], [{8}, {7}, {5, 6}, {2, 4}, {1, 3}], [{8}, {7}, {5, 6}, {3, 4}, {1, 2}]]",2,- 28 K_1^2 - 4 K_1 K_2 + 2 K_1 + 14 K_2 + 2 K_3 + 15,O1O2O3U2O4U5U1O5U6U3O7U4U7O8O6U8,O1O2U1O3O4U5O6O5U2O7U3U7U6O8U4U8,O1O2U1O3O4U5O6O5U7U3O7U2U8U4O8U6,c,{'O1O2O3U4O5O4U6U7O6U1U5O8U3U8O7U2'},1,"<a href=""/flatknot/8.975750"">8.975750</a>",t^9-55t^7-176t^6-128t^5+46t^4+39t^3-18t^2-t+4,2t^2-4t,,
8.975751,O1O2O3U4O5O4U6U7O6U2U1O8U3U8O7U5,4,18z^2+87z+103,18w^3z^2+87w^2z+103w,False,False,"[[ 0 -1 -1  1  1  2 -1 -2  1],[ 1  0  0  2  1  1  1  0  1],[ 1  0  0  1  1  0  1  1  1],[-1 -2 -1  0 -1  0 -1 -1  1],[-1 -1 -1  1  0  2 -2 -3  1],[-2 -1  0  0 -2  0 -3 -1  0],[ 1 -1 -1  1  2  3  0 -2  1],[ 2  0 -1  1  3  1  2  0  1],[-1 -1 -1 -1 -1  0 -1 -1  0]]","[[ 0  2  1  1  1 -1 -1 -1 -2],[-2  0  0  0 -2  0 -1 -3 -1],[-1  0  0  1 -1 -1 -2 -1 -1],[-1  0 -1  0 -1 -1 -1 -1 -1],[-1  2  1  1  0 -1 -1 -2 -3],[ 1  0  1  1  1  0  0  1  1],[ 1  1  2  1  1  0  0  1  0],[ 1  3  1  1  2 -1 -1  0 -2],[ 2  1  1  1  3 -1  0  2  0]]",True,"[-2,-1,-1,-1,1,1,1,2,0,0,2,0,1,3,1,-1,1,1,2,1,1,1,1,1,1,1,1,1,2,3,0,-1,-1,-1,0,2]","[-2,-1,-1,-1,1,1,1,2,-1,0,2,1,1,3,1,0,1,1,1,1,0,1,1,2,1,1,1,1,2,3,-1,-1,0,-1,0,2]",t^8+51t^6+249t^4+140t^2+9,"[-2,-1,-1,-1,1,1,1,2,-1,1,2,0,2,2,3,1,1,0,1,1,0,0,1,0,1,2,1,1,1,3,-1,-1,-1,-1,1,1]","[-2,-1,-1,-1,1,1,1,2,-1,1,1,0,2,3,3,1,1,0,1,1,0,-1,1,1,1,2,1,0,1,2,-1,-1,-1,0,1,2]","[-2,-1,-1,-1,1,1,1,2,-1,0,2,1,1,3,1,0,1,1,1,1,0,1,1,2,1,1,1,1,2,3,-1,-1,0,-1,0,2]",c,"[[{8, 1}, {5, 7}, {4, 6}, {2, 3}]]",0,- 4 K_1^2 + 2 K_2 + 3,O1O2O3U4O5U6U1O6U3U2O7U5U7O8O4U8,O1O2U1O3O4U5O6O5U2O7U4U3U6O8U7U8,O1O2U1O3O4U5O6O5U7U8O7U2U4U3O8U6,c,{'O1O2O3U4O5O4U6U7O6U2U1O8U3U8O7U5'},1,"<a href=""/flatknot/8.975751"">8.975751</a>",t^9-51t^7-166t^6+15t^5+554t^4+390t^3-268t^2-251t-16,0,,
8.975752,O1O2O3U4O5O4U6U7O6U2U1O8U5U8O7U3,4,7z^3+52z^2+116z+81,7w^4z^3+52w^3z^2+116w^2z+81w,False,False,"[[ 0 -1 -1  2  1  1 -1 -2  1],[ 1  0  0  2  1  1  1  0  1],[ 1  0  0  1  1  0  1  1  1],[-2 -2 -1  0 -1 -1 -3 -2  1],[-1 -1 -1  1  0  1 -2 -2  0],[-1 -1  0  1 -1  0 -1 -1  1],[ 1 -1 -1  3  2  1  0 -2  1],[ 2  0 -1  2  2  1  2  0  1],[-1 -1 -1 -1  0 -1 -1 -1  0]]","[[ 0  2  1  1  1 -1 -1 -1 -2],[-2  0  1 -1 -1 -1 -2 -3 -2],[-1 -1  0  0 -1 -1 -1 -1 -1],[-1  1  0  0  1 -1 -1 -2 -2],[-1  1  1 -1  0  0 -1 -1 -1],[ 1  1  1  1  0  0  0  1  1],[ 1  2  1  1  1  0  0  1  0],[ 1  3  1  2  1 -1 -1  0 -2],[ 2  2  1  2  1 -1  0  2  0]]",True,"[-2,-1,-1,-1,1,1,1,2,-1,1,1,1,2,3,2,0,1,1,1,1,1,-1,1,1,2,2,0,1,1,1,0,-1,-1,-1,0,2]","[-2,-1,-1,-1,1,1,1,2,-1,0,2,1,1,2,2,0,1,0,1,1,1,1,1,1,1,2,1,1,2,3,1,-1,1,0,-1,1]",t^8+47t^6+194t^4+84t^2+1,"[-2,-1,-1,-1,1,1,1,2,-1,1,2,1,2,2,2,1,1,0,1,1,0,0,1,1,1,1,1,1,2,2,0,-1,0,1,2,0]","[-2,-1,-1,-1,1,1,1,2,0,0,2,0,1,2,2,-1,1,1,1,2,2,0,0,1,1,1,1,1,1,2,-1,-1,-1,0,1,2]","[-2,-1,-1,-1,1,1,1,2,-1,0,2,1,1,2,2,0,1,0,1,1,1,1,1,1,1,2,1,1,2,3,1,-1,1,0,-1,1]",c,"[[{8, 1}, {3, 7}, {5, 6}, {2, 4}]]",1,4 K_1^3 - 4 K_1 K_2 - K_1 + K_3 + 1,O1O2O3U1O4U5U6O5U3U2O7U4U7O8O6U8,O1O2U1O3O4U5O6O5U2O7U4U3U7O8U6U8,O1O2U1O3O4U5O6O5U7U2O7U8U4U3O8U6,c,{'O1O2O3U4O5O4U6U7O6U2U1O8U5U8O7U3'},1,"<a href=""/flatknot/8.975752"">8.975752</a>",t^9-47t^7-170t^6-150t^5+104t^4+151t^3+14t^2-8t-2,0,,
8.975753,O1O2O3U4O5O4U6U7O6U2U3O8U1U8O7U5,4,17z^2+86z+105,17w^3z^2+86w^2z+105w,False,False,"[[ 0 -1 -1  1  1  2 -1 -2  1],[ 1  0 -1  1  1  2  1 -1  1],[ 1  1  0  1  1  0  1  1  0],[-1 -1 -1  0 -1 -1 -1  0  0],[-1 -1 -1  1  0  2 -2 -3  1],[-2 -2  0  1 -2  0 -3 -1  0],[ 1 -1 -1  1  2  3  0 -2  1],[ 2  1 -1  0  3  1  2  0  1],[-1 -1  0  0 -1  0 -1 -1  0]]","[[ 0  2  1  1  1 -1 -1 -1 -2],[-2  0  1  0 -2  0 -2 -3 -1],[-1 -1  0  0 -1 -1 -1 -1  0],[-1  0  0  0 -1  0 -1 -1 -1],[-1  2  1  1  0 -1 -1 -2 -3],[ 1  0  1  0  1  0  1  1  1],[ 1  2  1  1  1 -1  0  1 -1],[ 1  3  1  1  2 -1 -1  0 -2],[ 2  1  0  1  3 -1  1  2  0]]",True,"[-2,-1,-1,-1,1,1,1,2,-1,0,2,0,2,3,1,0,1,1,1,1,0,1,0,1,1,1,1,1,2,3,-1,-1,-1,-1,1,2]","[-2,-1,-1,-1,1,1,1,2,-1,0,2,0,2,3,1,0,1,1,1,1,0,1,0,1,1,1,1,1,2,3,-1,-1,-1,-1,1,2]",t^8+51t^6+169t^4+127t^2+9,"[-2,-1,-1,-1,1,1,1,2,-1,0,2,0,2,3,3,1,1,0,1,1,0,1,1,1,1,1,1,2,1,3,-1,-1,-1,0,1,2]","[-2,-1,-1,-1,1,1,1,2,-1,1,2,0,1,3,3,1,1,0,1,1,0,0,1,1,2,2,1,1,1,3,-1,-1,-1,-1,0,2]","[-2,-1,-1,-1,1,1,1,2,-1,1,2,0,1,3,1,1,1,1,0,1,0,1,1,1,1,2,1,1,2,3,0,-1,-1,-1,0,2]",c,"[[{8, 1}, {5, 7}, {4, 6}, {2, 3}]]",0,16 K_1^3 - 24 K_1^2 - 16 K_1 K_2 - 4 K_1 + 12 K_2 + 4 K_3 + 13,O1O2O3U4O5U6U3O6U1U2O7U5U7O8O4U8,O1O2U1O3O4U5O6O5U2O7U6U3U4O8U7U8,O1O2U1O3O4U5O6O5U7U8O7U3U4U2O8U6,c,{'O1O2O3U4O5O4U6U7O6U2U3O8U1U8O7U5'},1,"<a href=""/flatknot/8.975753"">8.975753</a>",t^9-51t^7-184t^6-133t^5+180t^4+189t^3-24t^2-37t-12,0,,
8.975754,O1O2O3U4O5O4U6U7O6U2U3O8U5U1O7U8,4,3z^3+34z^2+110z+109,3w^4z^3+34w^3z^2+110w^2z+109w,False,False,"[[ 0  0 -1  1  1  1 -1 -2  1],[ 0  0 -2  0  1  1  0 -2  1],[ 1  2  0  1  1  1  1  0  0],[-1  0 -1  0 -1  0 -1 -1  0],[-1 -1 -1  1  0  1 -2 -2  0],[-1 -1 -1  0 -1  0 -1  0  0],[ 1  0 -1  1  2  1  0 -2  2],[ 2  2  0  1  2  0  2  0  1],[-1 -1  0  0  0  0 -2 -1  0]]","[[ 0  1  1  1  1  0 -1 -1 -2],[-1  0  1  1  0 -1 -1 -2 -2],[-1 -1  0  0  0  0 -1 -1 -1],[-1 -1  0  0  0 -1 -1 -1  0],[-1  0  0  0  0 -1  0 -2 -1],[ 0  1  0  1  1  0 -2  0 -2],[ 1  1  1  1  0  2  0  1  0],[ 1  2  1  1  2  0 -1  0 -2],[ 2  2  1  0  1  2  0  2  0]]",True,"[-1,-1,-1,-1,0,1,1,2,-1,-1,0,1,1,2,2,0,0,0,1,1,1,0,1,1,1,0,1,0,2,1,2,0,2,-1,0,2]","[-2,-1,-1,0,1,1,1,1,-1,1,0,1,2,2,3,1,1,0,0,1,1,-1,1,2,1,1,0,0,1,0,0,-1,-1,0,0,0]",t^8+37t^6+146t^4+112t^2+16,"[-2,-1,-1,0,1,1,1,1,-1,1,0,1,2,2,3,1,1,0,0,1,1,-1,1,2,1,1,0,0,1,0,0,-1,-1,0,0,0]","[-1,-1,-1,-1,0,1,1,2,-1,0,0,0,1,1,3,0,1,0,0,1,1,0,0,0,2,2,1,1,1,2,1,-1,0,-1,-1,1]","[-2,-1,-1,0,1,1,1,1,0,2,2,0,1,1,2,1,2,1,0,1,1,0,1,2,1,2,1,1,0,1,0,0,-1,0,0,-1]",c,"[[{8, 1}, {2, 7}, {3, 6}, {4, 5}], [{8, 1}, {2, 7}, {4, 6}, {3, 5}], [{8, 1}, {2, 7}, {5, 6}, {3, 4}], [{8, 1}, {2, 7}, {6}, {5}, {3, 4}], [{8, 1}, {3, 7}, {2, 6}, {4, 5}], [{8, 1}, {3, 7}, {2, 6}, {5}, {4}], [{8, 1}, {3, 7}, {4, 6}, {2, 5}], [{8, 1}, {3, 7}, {5, 6}, {2, 4}], [{8, 1}, {4, 7}, {2, 6}, {3, 5}], [{8, 1}, {4, 7}, {3, 6}, {2, 5}], [{8, 1}, {4, 7}, {5, 6}, {2, 3}], [{8, 1}, {4, 7}, {5, 6}, {3}, {2}], [{8, 1}, {4, 7}, {6}, {5}, {2, 3}], [{8, 1}, {5, 7}, {2, 6}, {3, 4}], [{8, 1}, {5, 7}, {3, 6}, {2, 4}], [{8, 1}, {5, 7}, {4, 6}, {2, 3}], [{8, 1}, {5, 7}, {6}, {2, 4}, {3}], [{8, 1}, {5, 7}, {6}, {3, 4}, {2}], [{8, 1}, {5, 7}, {6}, {4}, {2, 3}], [{8, 1}, {6, 7}, {2, 5}, {3, 4}], [{8, 1}, {6, 7}, {3, 5}, {2, 4}], [{8, 1}, {6, 7}, {4, 5}, {2, 3}], [{8, 1}, {7}, {3, 6}, {5}, {2, 4}], [{8, 1}, {7}, {6}, {2, 5}, {3, 4}], [{8, 1}, {7}, {6}, {4, 5}, {2, 3}], [{8, 2}, {1, 7}, {3, 6}, {4, 5}], [{8, 2}, {1, 7}, {3, 6}, {5}, {4}], [{8, 2}, {1, 7}, {4, 6}, {3, 5}], [{8, 2}, {1, 7}, {4, 6}, {5}, {3}], [{8, 2}, {1, 7}, {5, 6}, {3, 4}], [{8, 2}, {1, 7}, {5, 6}, {4}, {3}], [{8, 2}, {1, 7}, {6}, {3, 5}, {4}], [{8, 2}, {1, 7}, {6}, {4, 5}, {3}], [{8, 2}, {1, 7}, {6}, {5}, {3, 4}], [{8, 2}, {1, 7}, {6}, {5}, {4}, {3}], [{8, 2}, {3, 7}, {1, 6}, {4, 5}], [{8, 2}, {3, 7}, {1, 6}, {5}, {4}], [{8, 2}, {3, 7}, {4, 6}, {1, 5}], [{8, 2}, {3, 7}, {5, 6}, {1, 4}], [{8, 2}, {4, 7}, {1, 6}, {3, 5}], [{8, 2}, {4, 7}, {3, 6}, {1, 5}], [{8, 2}, {4, 7}, {5, 6}, {1, 3}], [{8, 2}, {4, 7}, {6}, {3, 5}, {1}], [{8, 2}, {5, 7}, {1, 6}, {3, 4}], [{8, 2}, {5, 7}, {3, 6}, {1, 4}], [{8, 2}, {5, 7}, {4, 6}, {1, 3}], [{8, 2}, {5, 7}, {6}, {3, 4}, {1}], [{8, 2}, {6, 7}, {1, 5}, {3, 4}], [{8, 2}, {6, 7}, {3, 5}, {1, 4}], [{8, 2}, {6, 7}, {4, 5}, {1, 3}], [{8, 2}, {6, 7}, {5}, {4}, {1, 3}], [{8, 2}, {7}, {6}, {1, 5}, {3, 4}], [{8, 2}, {7}, {6}, {3, 5}, {1, 4}], [{8, 3}, {1, 7}, {2, 6}, {4, 5}], [{8, 3}, {1, 7}, {4, 6}, {2, 5}], [{8, 3}, {1, 7}, {5, 6}, {2, 4}], [{8, 3}, {1, 7}, {6}, {5}, {2, 4}], [{8, 3}, {2, 7}, {1, 6}, {4, 5}], [{8, 3}, {2, 7}, {4, 6}, {1, 5}], [{8, 3}, {2, 7}, {5, 6}, {1, 4}], [{8, 3}, {2, 7}, {6}, {1, 5}, {4}], [{8, 3}, {4, 7}, {1, 6}, {2, 5}], [{8, 3}, {4, 7}, {2, 6}, {1, 5}], [{8, 3}, {4, 7}, {5, 6}, {1, 2}], [{8, 3}, {4, 7}, {6}, {1, 5}, {2}], [{8, 3}, {5, 7}, {1, 6}, {2, 4}], [{8, 3}, {5, 7}, {2, 6}, {1, 4}], [{8, 3}, {5, 7}, {4, 6}, {1, 2}], [{8, 3}, {5, 7}, {6}, {2, 4}, {1}], [{8, 3}, {6, 7}, {1, 5}, {2, 4}], [{8, 3}, {6, 7}, {1, 5}, {4}, {2}], [{8, 3}, {6, 7}, {2, 5}, {1, 4}], [{8, 3}, {6, 7}, {4, 5}, {1, 2}], [{8, 3}, {7}, {1, 6}, {2, 5}, {4}], [{8, 3}, {7}, {2, 6}, {1, 5}, {4}], [{8, 3}, {7}, {4, 6}, {1, 5}, {2}], [{8, 3}, {7}, {5, 6}, {4}, {1, 2}], [{8, 3}, {7}, {6}, {1, 5}, {2, 4}], [{8, 3}, {7}, {6}, {1, 5}, {4}, {2}], [{8, 4}, {1, 7}, {2, 6}, {3, 5}], [{8, 4}, {1, 7}, {2, 6}, {5}, {3}], [{8, 4}, {1, 7}, {3, 6}, {2, 5}], [{8, 4}, {1, 7}, {3, 6}, {5}, {2}], [{8, 4}, {1, 7}, {5, 6}, {2, 3}], [{8, 4}, {1, 7}, {5, 6}, {3}, {2}], [{8, 4}, {1, 7}, {6}, {2, 5}, {3}], [{8, 4}, {1, 7}, {6}, {3, 5}, {2}], [{8, 4}, {1, 7}, {6}, {5}, {2, 3}], [{8, 4}, {1, 7}, {6}, {5}, {3}, {2}], [{8, 4}, {2, 7}, {1, 6}, {3, 5}], [{8, 4}, {2, 7}, {1, 6}, {5}, {3}], [{8, 4}, {2, 7}, {3, 6}, {1, 5}], [{8, 4}, {2, 7}, {5, 6}, {1, 3}], [{8, 4}, {2, 7}, {6}, {3, 5}, {1}], [{8, 4}, {3, 7}, {1, 6}, {2, 5}], [{8, 4}, {3, 7}, {2, 6}, {1, 5}], [{8, 4}, {3, 7}, {5, 6}, {1, 2}], [{8, 4}, {5, 7}, {1, 6}, {2, 3}], [{8, 4}, {5, 7}, {2, 6}, {1, 3}], [{8, 4}, {5, 7}, {3, 6}, {1, 2}], [{8, 4}, {5, 7}, {6}, {2, 3}, {1}], [{8, 4}, {6, 7}, {1, 5}, {2, 3}], [{8, 4}, {6, 7}, {2, 5}, {1, 3}], [{8, 4}, {6, 7}, {3, 5}, {1, 2}], [{8, 4}, {6, 7}, {3, 5}, {2}, {1}], [{8, 4}, {6, 7}, {5}, {3}, {1, 2}], [{8, 4}, {7}, {1, 6}, {3, 5}, {2}], [{8, 4}, {7}, {2, 6}, {3, 5}, {1}], [{8, 4}, {7}, {3, 6}, {2, 5}, {1}], [{8, 4}, {7}, {6}, {1, 5}, {2, 3}], [{8, 4}, {7}, {6}, {3, 5}, {1, 2}], [{8, 5}, {1, 7}, {2, 6}, {3, 4}], [{8, 5}, {1, 7}, {3, 6}, {2, 4}], [{8, 5}, {1, 7}, {4, 6}, {2, 3}], [{8, 5}, {1, 7}, {6}, {2, 4}, {3}], [{8, 5}, {2, 7}, {1, 6}, {3, 4}], [{8, 5}, {2, 7}, {3, 6}, {1, 4}], [{8, 5}, {2, 7}, {4, 6}, {1, 3}], [{8, 5}, {2, 7}, {6}, {1, 4}, {3}], [{8, 5}, {3, 7}, {1, 6}, {2, 4}], [{8, 5}, {3, 7}, {1, 6}, {4}, {2}], [{8, 5}, {3, 7}, {2, 6}, {1, 4}], [{8, 5}, {3, 7}, {2, 6}, {4}, {1}], [{8, 5}, {3, 7}, {4, 6}, {1, 2}], [{8, 5}, {3, 7}, {6}, {4}, {1, 2}], [{8, 5}, {4, 7}, {1, 6}, {2, 3}], [{8, 5}, {4, 7}, {2, 6}, {1, 3}], [{8, 5}, {4, 7}, {3, 6}, {1, 2}], [{8, 5}, {6, 7}, {1, 4}, {2, 3}], [{8, 5}, {6, 7}, {2, 4}, {1, 3}], [{8, 5}, {6, 7}, {3, 4}, {1, 2}], [{8, 5}, {7}, {3, 6}, {2, 4}, {1}], [{8, 5}, {7}, {4, 6}, {2, 3}, {1}], [{8, 6}, {1, 7}, {2, 5}, {3, 4}], [{8, 6}, {1, 7}, {3, 5}, {2, 4}], [{8, 6}, {1, 7}, {4, 5}, {2, 3}], [{8, 6}, {1, 7}, {5}, {2, 4}, {3}], [{8, 6}, {2, 7}, {1, 5}, {3, 4}], [{8, 6}, {2, 7}, {1, 5}, {4}, {3}], [{8, 6}, {2, 7}, {3, 5}, {1, 4}], [{8, 6}, {2, 7}, {4, 5}, {1, 3}], [{8, 6}, {3, 7}, {1, 5}, {2, 4}], [{8, 6}, {3, 7}, {2, 5}, {1, 4}], [{8, 6}, {3, 7}, {4, 5}, {1, 2}], [{8, 6}, {3, 7}, {5}, {1, 4}, {2}], [{8, 6}, {3, 7}, {5}, {2, 4}, {1}], [{8, 6}, {3, 7}, {5}, {4}, {1, 2}], [{8, 6}, {4, 7}, {1, 5}, {2, 3}], [{8, 6}, {4, 7}, {1, 5}, {3}, {2}], [{8, 6}, {4, 7}, {2, 5}, {1, 3}], [{8, 6}, {4, 7}, {3, 5}, {1, 2}], [{8, 6}, {4, 7}, {5}, {2, 3}, {1}], [{8, 6}, {5, 7}, {1, 4}, {2, 3}], [{8, 6}, {5, 7}, {2, 4}, {1, 3}], [{8, 6}, {5, 7}, {2, 4}, {3}, {1}], [{8, 6}, {5, 7}, {3, 4}, {1, 2}], [{8, 6}, {5, 7}, {3, 4}, {2}, {1}], [{8, 6}, {5, 7}, {4}, {2, 3}, {1}], [{8, 6}, {7}, {1, 5}, {2, 4}, {3}], [{8, 6}, {7}, {2, 5}, {1, 4}, {3}], [{8, 6}, {7}, {3, 5}, {2, 4}, {1}], [{8, 6}, {7}, {4, 5}, {2, 3}, {1}], [{8, 6}, {7}, {5}, {2, 4}, {1, 3}], [{8, 7}, {1, 6}, {2, 5}, {3, 4}], [{8, 7}, {1, 6}, {2, 5}, {4}, {3}], [{8, 7}, {1, 6}, {3, 5}, {2, 4}], [{8, 7}, {1, 6}, {4, 5}, {2, 3}], [{8, 7}, {2, 6}, {1, 5}, {3, 4}], [{8, 7}, {2, 6}, {1, 5}, {4}, {3}], [{8, 7}, {2, 6}, {3, 5}, {1, 4}], [{8, 7}, {2, 6}, {4, 5}, {1, 3}], [{8, 7}, {3, 6}, {1, 5}, {2, 4}], [{8, 7}, {3, 6}, {2, 5}, {1, 4}], [{8, 7}, {3, 6}, {2, 5}, {4}, {1}], [{8, 7}, {3, 6}, {4, 5}, {1, 2}], [{8, 7}, {3, 6}, {4, 5}, {2}, {1}], [{8, 7}, {3, 6}, {5}, {2, 4}, {1}], [{8, 7}, {4, 6}, {1, 5}, {2, 3}], [{8, 7}, {4, 6}, {1, 5}, {3}, {2}], [{8, 7}, {4, 6}, {2, 5}, {1, 3}], [{8, 7}, {4, 6}, {3, 5}, {1, 2}], [{8, 7}, {4, 6}, {5}, {2, 3}, {1}], [{8, 7}, {5, 6}, {1, 4}, {2, 3}], [{8, 7}, {5, 6}, {2, 4}, {1, 3}], [{8, 7}, {5, 6}, {3, 4}, {1, 2}], [{8, 7}, {5, 6}, {4}, {3}, {1, 2}], [{8, 7}, {6}, {1, 5}, {2, 4}, {3}], [{8, 7}, {6}, {2, 5}, {4}, {1, 3}], [{8}, {1, 7}, {3, 6}, {5}, {2, 4}], [{8}, {1, 7}, {5, 6}, {2, 4}, {3}], [{8}, {1, 7}, {6}, {3, 5}, {2, 4}], [{8}, {1, 7}, {6}, {5}, {2, 4}, {3}], [{8}, {2, 7}, {3, 6}, {1, 5}, {4}], [{8}, {2, 7}, {4, 6}, {5}, {1, 3}], [{8}, {2, 7}, {5, 6}, {4}, {1, 3}], [{8}, {2, 7}, {6}, {4, 5}, {1, 3}], [{8}, {3, 7}, {1, 6}, {2, 5}, {4}], [{8}, {3, 7}, {2, 6}, {1, 5}, {4}], [{8}, {3, 7}, {4, 6}, {1, 5}, {2}], [{8}, {3, 7}, {5, 6}, {4}, {1, 2}], [{8}, {3, 7}, {6}, {1, 5}, {2, 4}], [{8}, {4, 7}, {1, 6}, {5}, {2, 3}], [{8}, {4, 7}, {2, 6}, {5}, {1, 3}], [{8}, {4, 7}, {3, 6}, {1, 5}, {2}], [{8}, {4, 7}, {3, 6}, {2, 5}, {1}], [{8}, {4, 7}, {3, 6}, {5}, {1, 2}], [{8}, {5, 7}, {1, 6}, {2, 4}, {3}], [{8}, {5, 7}, {1, 6}, {3, 4}, {2}], [{8}, {5, 7}, {1, 6}, {4}, {2, 3}], [{8}, {5, 7}, {2, 6}, {1, 4}, {3}], [{8}, {5, 7}, {2, 6}, {3, 4}, {1}], [{8}, {5, 7}, {2, 6}, {4}, {1, 3}], [{8}, {5, 7}, {3, 6}, {1, 4}, {2}], [{8}, {5, 7}, {3, 6}, {2, 4}, {1}], [{8}, {5, 7}, {3, 6}, {4}, {1, 2}], [{8}, {5, 7}, {4, 6}, {1, 3}, {2}], [{8}, {5, 7}, {4, 6}, {2, 3}, {1}], [{8}, {5, 7}, {4, 6}, {3}, {1, 2}], [{8}, {5, 7}, {6}, {1, 4}, {2, 3}], [{8}, {5, 7}, {6}, {2, 4}, {1, 3}], [{8}, {5, 7}, {6}, {2, 4}, {3}, {1}], [{8}, {5, 7}, {6}, {3, 4}, {1, 2}], [{8}, {5, 7}, {6}, {3, 4}, {2}, {1}], [{8}, {5, 7}, {6}, {4}, {2, 3}, {1}], [{8}, {6, 7}, {1, 5}, {2, 4}, {3}], [{8}, {6, 7}, {4, 5}, {1, 3}, {2}], [{8}, {7}, {1, 6}, {4, 5}, {2, 3}], [{8}, {7}, {2, 6}, {4, 5}, {1, 3}], [{8}, {7}, {3, 6}, {1, 5}, {2, 4}], [{8}, {7}, {3, 6}, {4, 5}, {1, 2}], [{8}, {7}, {4, 6}, {2, 5}, {1, 3}], [{8}, {7}, {6}, {1, 5}, {2, 4}, {3}]]",2,8 K_1^3 - 26 K_1^2 - 8 K_1 K_2 - 2 K_1 + 13 K_2 + 2 K_3 + 14,O1O2O3U4O5U3U6O4U1U2O7U5U7O8O6U8,O1O2U1O3O4U5O6O7U2O5U7U3U4O8U6U8,O1O2U3O4O5U6O7O6U8U2O8U4U5U1O3U7,c,{'O1O2O3U4O5O4U6U7O6U2U3O8U5U1O7U8'},1,"<a href=""/flatknot/8.975754"">8.975754</a>",t^9-39t^7-80t^6+89t^5+174t^4-13t^3+10t^2-12t-10,t^2-2t,,
8.975755,O1O2O3U4O5O4U6U7O6U2U5O8U1U8O7U3,4,10z^2+95z+151,10w^3z^2+95w^2z+151w,False,False,"[[ 0 -1 -1  2  1  1 -1 -2  1],[ 1  0 -1  2  2  0  1 -1  1],[ 1  1  0  1  1  0  1  1  0],[-2 -2 -1  0 -1  0 -3 -2  0],[-1 -2 -1  1  0  1 -2 -2  1],[-1  0  0  0 -1  0 -1  0  0],[ 1 -1 -1  3  2  1  0 -2  1],[ 2  1 -1  2  2  0  2  0  1],[-1 -1  0  0 -1  0 -1 -1  0]]","[[ 0  2  1  1  1 -1 -1 -1 -2],[-2  0  0  0 -1 -1 -2 -3 -2],[-1  0  0  0 -1  0  0 -1  0],[-1  0  0  0 -1  0 -1 -1 -1],[-1  1  1  1  0 -1 -2 -2 -2],[ 1  1  0  0  1  0  1  1  1],[ 1  2  0  1  2 -1  0  1 -1],[ 1  3  1  1  2 -1 -1  0 -2],[ 2  2  0  1  2 -1  1  2  0]]",True,"[-2,-1,-1,-1,1,1,1,2,0,0,1,1,2,3,2,0,1,0,0,1,0,1,0,1,1,1,1,2,2,2,-1,-1,-1,-1,1,2]","[-2,-1,-1,-1,1,1,1,2,-1,0,2,1,2,3,2,1,1,0,1,1,0,1,0,1,2,1,1,2,2,2,-1,-1,0,0,1,1]",t^8+47t^6+76t^4+29t^2+1,"[-2,-1,-1,-1,1,1,1,2,-1,0,2,1,2,3,2,1,1,0,1,1,0,1,0,1,2,1,1,2,2,2,-1,-1,0,0,1,1]","[-2,-1,-1,-1,1,1,1,2,0,1,1,0,1,2,2,1,1,0,0,1,1,0,1,1,2,2,1,2,2,3,-1,-1,-1,-1,0,2]","[-2,-1,-1,-1,1,1,1,2,-1,1,2,0,1,2,2,1,1,0,0,1,1,1,0,1,2,2,1,1,2,3,0,-1,0,-1,0,1]",c,"[[{8, 1}, {3, 7}, {5, 6}, {2, 4}], [{8, 2}, {3, 7}, {5, 6}, {1, 4}]]",1,- 28 K_1^2 - 4 K_1 K_2 + 2 K_1 + 14 K_2 + 2 K_3 + 15,O1O2O3U1O4U5U3O5U6U2O7U4U7O8O6U8,O1O2U1O3O4U5O6O5U2O7U6U3U7O8U4U8,O1O2U1O3O4U5O6O5U7U3O7U8U4U2O8U6,c,{'O1O2O3U4O5O4U6U7O6U2U5O8U1U8O7U3'},1,"<a href=""/flatknot/8.975755"">8.975755</a>",t^9-47t^7-182t^6-224t^5-52t^4+34t^3-10t^2+t+2,0,,
8.975756,O1O2O3U4O5O4U6U7O6U2U5O8U3U1O7U8,4,8z^2+93z+155,8w^3z^2+93w^2z+155w,False,False,"[[ 0  0 -1  1  1  1 -1 -2  1],[ 0  0 -2  1  1  0  0 -2  1],[ 1  2  0  2  1  0  1  0  0],[-1 -1 -2  0  0 -1 -1 -1  0],[-1 -1 -1  0  0  1 -2 -2  1],[-1  0  0  1 -1  0 -1  0 -1],[ 1  0 -1  1  2  1  0 -2  2],[ 2  2  0  1  2  0  2  0  1],[-1 -1  0  0 -1  1 -2 -1  0]]","[[ 0  1  1  1  1  0 -1 -1 -2],[-1  0  1  1  0 -1 -1 -2 -2],[-1 -1  0  1  0 -1  0 -2 -1],[-1 -1 -1  0  1  0  0 -1  0],[-1  0  0 -1  0 -1 -2 -1 -1],[ 0  1  1  0  1  0 -2  0 -2],[ 1  1  0  0  2  2  0  1  0],[ 1  2  2  1  1  0 -1  0 -2],[ 2  2  1  0  1  2  0  2  0]]",True,"[-1,-1,-1,-1,0,1,1,2,-1,-1,0,1,1,2,2,-1,0,1,0,2,1,-1,0,0,1,0,1,2,1,1,2,0,2,-1,0,2]","[-2,-1,-1,0,1,1,1,1,-1,1,0,1,2,2,3,1,1,0,0,1,1,-1,1,2,0,2,0,0,0,1,-1,0,-1,0,-1,1]",t^8+41t^6+222t^4+48t^2,"[-2,-1,-1,0,1,1,1,1,-1,1,0,1,2,2,3,1,1,0,0,1,1,-1,1,2,0,2,0,0,0,1,-1,0,-1,0,-1,1]","[-1,-1,-1,-1,0,1,1,2,-1,-1,1,1,1,2,3,-1,0,0,0,2,2,0,0,0,1,1,0,1,0,2,1,-1,0,-1,-1,1]","[-2,-1,-1,0,1,1,1,1,0,2,2,0,1,1,2,1,2,0,0,2,1,0,1,2,1,2,0,1,1,1,-1,1,-1,0,-1,0]",c,"[[{8, 1}, {2, 7}, {3, 6}, {4, 5}], [{8, 1}, {2, 7}, {4, 6}, {3, 5}], [{8, 1}, {2, 7}, {5, 6}, {3, 4}], [{8, 1}, {2, 7}, {6}, {4, 5}, {3}], [{8, 1}, {3, 7}, {2, 6}, {4, 5}], [{8, 1}, {3, 7}, {4, 6}, {2, 5}], [{8, 1}, {3, 7}, {5, 6}, {2, 4}], [{8, 1}, {3, 7}, {6}, {4, 5}, {2}], [{8, 1}, {4, 7}, {2, 6}, {3, 5}], [{8, 1}, {4, 7}, {3, 6}, {2, 5}], [{8, 1}, {4, 7}, {5, 6}, {2, 3}], [{8, 1}, {4, 7}, {5, 6}, {3}, {2}], [{8, 1}, {5, 7}, {2, 6}, {3, 4}], [{8, 1}, {5, 7}, {3, 6}, {2, 4}], [{8, 1}, {5, 7}, {3, 6}, {4}, {2}], [{8, 1}, {5, 7}, {4, 6}, {2, 3}], [{8, 1}, {5, 7}, {4, 6}, {3}, {2}], [{8, 1}, {5, 7}, {6}, {3, 4}, {2}], [{8, 1}, {6, 7}, {2, 5}, {3, 4}], [{8, 1}, {6, 7}, {3, 5}, {2, 4}], [{8, 1}, {6, 7}, {4, 5}, {2, 3}], [{8, 1}, {7}, {6}, {3, 5}, {2, 4}], [{8, 1}, {7}, {6}, {4, 5}, {2, 3}], [{8, 2}, {1, 7}, {3, 6}, {4, 5}], [{8, 2}, {1, 7}, {4, 6}, {3, 5}], [{8, 2}, {1, 7}, {5, 6}, {3, 4}], [{8, 2}, {1, 7}, {5, 6}, {4}, {3}], [{8, 2}, {3, 7}, {1, 6}, {4, 5}], [{8, 2}, {3, 7}, {1, 6}, {5}, {4}], [{8, 2}, {3, 7}, {4, 6}, {1, 5}], [{8, 2}, {3, 7}, {4, 6}, {5}, {1}], [{8, 2}, {3, 7}, {5, 6}, {1, 4}], [{8, 2}, {3, 7}, {6}, {5}, {1, 4}], [{8, 2}, {4, 7}, {1, 6}, {3, 5}], [{8, 2}, {4, 7}, {1, 6}, {5}, {3}], [{8, 2}, {4, 7}, {3, 6}, {1, 5}], [{8, 2}, {4, 7}, {3, 6}, {5}, {1}], [{8, 2}, {4, 7}, {5, 6}, {1, 3}], [{8, 2}, {4, 7}, {6}, {5}, {1, 3}], [{8, 2}, {5, 7}, {1, 6}, {3, 4}], [{8, 2}, {5, 7}, {3, 6}, {1, 4}], [{8, 2}, {5, 7}, {3, 6}, {4}, {1}], [{8, 2}, {5, 7}, {4, 6}, {1, 3}], [{8, 2}, {5, 7}, {4, 6}, {3}, {1}], [{8, 2}, {5, 7}, {6}, {3, 4}, {1}], [{8, 2}, {6, 7}, {1, 5}, {3, 4}], [{8, 2}, {6, 7}, {3, 5}, {1, 4}], [{8, 2}, {6, 7}, {4, 5}, {1, 3}], [{8, 2}, {7}, {1, 6}, {5}, {3, 4}], [{8, 2}, {7}, {3, 6}, {4, 5}, {1}], [{8, 2}, {7}, {4, 6}, {3, 5}, {1}], [{8, 3}, {1, 7}, {2, 6}, {4, 5}], [{8, 3}, {1, 7}, {4, 6}, {2, 5}], [{8, 3}, {1, 7}, {5, 6}, {2, 4}], [{8, 3}, {2, 7}, {1, 6}, {4, 5}], [{8, 3}, {2, 7}, {1, 6}, {5}, {4}], [{8, 3}, {2, 7}, {4, 6}, {1, 5}], [{8, 3}, {2, 7}, {5, 6}, {1, 4}], [{8, 3}, {4, 7}, {1, 6}, {2, 5}], [{8, 3}, {4, 7}, {1, 6}, {5}, {2}], [{8, 3}, {4, 7}, {2, 6}, {1, 5}], [{8, 3}, {4, 7}, {5, 6}, {1, 2}], [{8, 3}, {5, 7}, {1, 6}, {2, 4}], [{8, 3}, {5, 7}, {1, 6}, {4}, {2}], [{8, 3}, {5, 7}, {2, 6}, {1, 4}], [{8, 3}, {5, 7}, {4, 6}, {1, 2}], [{8, 3}, {5, 7}, {4, 6}, {2}, {1}], [{8, 3}, {5, 7}, {6}, {1, 4}, {2}], [{8, 3}, {6, 7}, {1, 5}, {2, 4}], [{8, 3}, {6, 7}, {2, 5}, {1, 4}], [{8, 3}, {6, 7}, {4, 5}, {1, 2}], [{8, 3}, {7}, {1, 6}, {2, 5}, {4}], [{8, 3}, {7}, {1, 6}, {4, 5}, {2}], [{8, 3}, {7}, {1, 6}, {5}, {2, 4}], [{8, 3}, {7}, {1, 6}, {5}, {4}, {2}], [{8, 3}, {7}, {2, 6}, {1, 5}, {4}], [{8, 3}, {7}, {5, 6}, {4}, {1, 2}], [{8, 4}, {1, 7}, {2, 6}, {3, 5}], [{8, 4}, {1, 7}, {2, 6}, {5}, {3}], [{8, 4}, {1, 7}, {3, 6}, {2, 5}], [{8, 4}, {1, 7}, {5, 6}, {2, 3}], [{8, 4}, {1, 7}, {6}, {3, 5}, {2}], [{8, 4}, {2, 7}, {1, 6}, {3, 5}], [{8, 4}, {2, 7}, {1, 6}, {5}, {3}], [{8, 4}, {2, 7}, {3, 6}, {1, 5}], [{8, 4}, {2, 7}, {5, 6}, {1, 3}], [{8, 4}, {2, 7}, {6}, {3, 5}, {1}], [{8, 4}, {3, 7}, {1, 6}, {2, 5}], [{8, 4}, {3, 7}, {1, 6}, {5}, {2}], [{8, 4}, {3, 7}, {2, 6}, {1, 5}], [{8, 4}, {3, 7}, {5, 6}, {1, 2}], [{8, 4}, {5, 7}, {1, 6}, {2, 3}], [{8, 4}, {5, 7}, {1, 6}, {3}, {2}], [{8, 4}, {5, 7}, {2, 6}, {1, 3}], [{8, 4}, {5, 7}, {3, 6}, {1, 2}], [{8, 4}, {5, 7}, {3, 6}, {2}, {1}], [{8, 4}, {5, 7}, {6}, {1, 3}, {2}], [{8, 4}, {6, 7}, {1, 5}, {2, 3}], [{8, 4}, {6, 7}, {2, 5}, {1, 3}], [{8, 4}, {6, 7}, {3, 5}, {1, 2}], [{8, 4}, {6, 7}, {3, 5}, {2}, {1}], [{8, 4}, {6, 7}, {5}, {3}, {1, 2}], [{8, 4}, {7}, {1, 6}, {2, 5}, {3}], [{8, 4}, {7}, {1, 6}, {3, 5}, {2}], [{8, 4}, {7}, {1, 6}, {5}, {2, 3}], [{8, 4}, {7}, {1, 6}, {5}, {3}, {2}], [{8, 4}, {7}, {2, 6}, {3, 5}, {1}], [{8, 4}, {7}, {5, 6}, {2, 3}, {1}], [{8, 4}, {7}, {6}, {1, 5}, {2, 3}], [{8, 4}, {7}, {6}, {3, 5}, {1, 2}], [{8, 5}, {1, 7}, {2, 6}, {3, 4}], [{8, 5}, {1, 7}, {3, 6}, {2, 4}], [{8, 5}, {1, 7}, {4, 6}, {2, 3}], [{8, 5}, {1, 7}, {6}, {2, 4}, {3}], [{8, 5}, {2, 7}, {1, 6}, {3, 4}], [{8, 5}, {2, 7}, {3, 6}, {1, 4}], [{8, 5}, {2, 7}, {4, 6}, {1, 3}], [{8, 5}, {3, 7}, {1, 6}, {2, 4}], [{8, 5}, {3, 7}, {2, 6}, {1, 4}], [{8, 5}, {3, 7}, {2, 6}, {4}, {1}], [{8, 5}, {3, 7}, {4, 6}, {1, 2}], [{8, 5}, {4, 7}, {1, 6}, {2, 3}], [{8, 5}, {4, 7}, {2, 6}, {1, 3}], [{8, 5}, {4, 7}, {3, 6}, {1, 2}], [{8, 5}, {4, 7}, {6}, {3}, {1, 2}], [{8, 5}, {6, 7}, {1, 4}, {2, 3}], [{8, 5}, {6, 7}, {2, 4}, {1, 3}], [{8, 5}, {6, 7}, {3, 4}, {1, 2}], [{8, 5}, {7}, {1, 6}, {3, 4}, {2}], [{8, 5}, {7}, {3, 6}, {2, 4}, {1}], [{8, 5}, {7}, {4, 6}, {2, 3}, {1}], [{8, 6}, {1, 7}, {2, 5}, {3, 4}], [{8, 6}, {1, 7}, {3, 5}, {2, 4}], [{8, 6}, {1, 7}, {4, 5}, {2, 3}], [{8, 6}, {2, 7}, {1, 5}, {3, 4}], [{8, 6}, {2, 7}, {3, 5}, {1, 4}], [{8, 6}, {2, 7}, {4, 5}, {1, 3}], [{8, 6}, {3, 7}, {1, 5}, {2, 4}], [{8, 6}, {3, 7}, {2, 5}, {1, 4}], [{8, 6}, {3, 7}, {4, 5}, {1, 2}], [{8, 6}, {4, 7}, {1, 5}, {2, 3}], [{8, 6}, {4, 7}, {2, 5}, {1, 3}], [{8, 6}, {4, 7}, {3, 5}, {1, 2}], [{8, 6}, {4, 7}, {3, 5}, {2}, {1}], [{8, 6}, {5, 7}, {1, 4}, {2, 3}], [{8, 6}, {5, 7}, {1, 4}, {3}, {2}], [{8, 6}, {5, 7}, {2, 4}, {1, 3}], [{8, 6}, {5, 7}, {3, 4}, {1, 2}], [{8, 6}, {5, 7}, {3, 4}, {2}, {1}], [{8, 6}, {5, 7}, {4}, {1, 3}, {2}], [{8, 6}, {7}, {1, 5}, {2, 4}, {3}], [{8, 6}, {7}, {4, 5}, {3}, {1, 2}], [{8, 7}, {1, 6}, {2, 5}, {3, 4}], [{8, 7}, {1, 6}, {3, 5}, {2, 4}], [{8, 7}, {1, 6}, {4, 5}, {2, 3}], [{8, 7}, {1, 6}, {5}, {2, 4}, {3}], [{8, 7}, {1, 6}, {5}, {3, 4}, {2}], [{8, 7}, {1, 6}, {5}, {4}, {2, 3}], [{8, 7}, {2, 6}, {1, 5}, {3, 4}], [{8, 7}, {2, 6}, {3, 5}, {1, 4}], [{8, 7}, {2, 6}, {4, 5}, {1, 3}], [{8, 7}, {3, 6}, {1, 5}, {2, 4}], [{8, 7}, {3, 6}, {2, 5}, {1, 4}], [{8, 7}, {3, 6}, {4, 5}, {1, 2}], [{8, 7}, {3, 6}, {5}, {2, 4}, {1}], [{8, 7}, {4, 6}, {1, 5}, {2, 3}], [{8, 7}, {4, 6}, {2, 5}, {1, 3}], [{8, 7}, {4, 6}, {3, 5}, {1, 2}], [{8, 7}, {4, 6}, {5}, {2, 3}, {1}], [{8, 7}, {5, 6}, {1, 4}, {2, 3}], [{8, 7}, {5, 6}, {2, 4}, {1, 3}], [{8, 7}, {5, 6}, {3, 4}, {1, 2}], [{8, 7}, {5, 6}, {4}, {1, 3}, {2}], [{8, 7}, {5, 6}, {4}, {2, 3}, {1}], [{8, 7}, {5, 6}, {4}, {3}, {1, 2}], [{8, 7}, {6}, {1, 5}, {4}, {2, 3}], [{8, 7}, {6}, {2, 5}, {1, 4}, {3}], [{8, 7}, {6}, {3, 5}, {1, 4}, {2}], [{8, 7}, {6}, {4, 5}, {2, 3}, {1}], [{8, 7}, {6}, {5}, {1, 4}, {2, 3}], [{8, 7}, {6}, {5}, {2, 4}, {1, 3}], [{8}, {1, 7}, {5, 6}, {3, 4}, {2}], [{8}, {1, 7}, {6}, {4, 5}, {2, 3}], [{8}, {2, 7}, {1, 6}, {5}, {3, 4}], [{8}, {2, 7}, {5, 6}, {1, 4}, {3}], [{8}, {3, 7}, {1, 6}, {5}, {2, 4}], [{8}, {3, 7}, {5, 6}, {4}, {1, 2}], [{8}, {4, 7}, {1, 6}, {5}, {2, 3}], [{8}, {4, 7}, {5, 6}, {2, 3}, {1}], [{8}, {4, 7}, {6}, {1, 5}, {2, 3}], [{8}, {5, 7}, {1, 6}, {3, 4}, {2}], [{8}, {5, 7}, {2, 6}, {3, 4}, {1}], [{8}, {5, 7}, {3, 6}, {1, 4}, {2}], [{8}, {5, 7}, {3, 6}, {2, 4}, {1}], [{8}, {5, 7}, {3, 6}, {4}, {1, 2}], [{8}, {5, 7}, {3, 6}, {4}, {2}, {1}], [{8}, {5, 7}, {4, 6}, {1, 3}, {2}], [{8}, {5, 7}, {4, 6}, {2, 3}, {1}], [{8}, {5, 7}, {4, 6}, {3}, {1, 2}], [{8}, {5, 7}, {4, 6}, {3}, {2}, {1}], [{8}, {5, 7}, {6}, {3, 4}, {1, 2}], [{8}, {5, 7}, {6}, {3, 4}, {2}, {1}], [{8}, {6, 7}, {1, 5}, {3, 4}, {2}], [{8}, {7}, {1, 6}, {2, 5}, {3, 4}], [{8}, {7}, {1, 6}, {5}, {3, 4}, {2}], [{8}, {7}, {2, 6}, {4, 5}, {1, 3}], [{8}, {7}, {5, 6}, {2, 4}, {1, 3}]]",2,- 18 K_1^2 + 9 K_2 + 10,O1O2O3U4O5U3U1O4U6U2O7U5U7O8O6U8,O1O2U1O3O4U5O6O7U2O5U7U3U6O8U4U8,O1O2U3O4O5U6O7O6U8U4O8U2U5U1O3U7,c,{'O1O2O3U4O5O4U6U7O6U2U5O8U3U1O7U8'},1,"<a href=""/flatknot/8.975756"">8.975756</a>",t^9-43t^7-92t^6+143t^5+354t^4-5t^3-110t^2+229t+172,t^2-2t,,
8.975757,O1O2O3U4O5O4U6U7O6U3U1O8U5U8O7U2,3,2z^2+23z+39,2w^3z^2+23w^2z+39w,False,False,"[[ 0 -1  1  0  1  1 -1 -2  1],[ 1  0  1  0  1  1  1  0  1],[-1 -1  0  0  0  0 -2 -2  1],[ 0  0  0  0  0  0  0  0  1],[-1 -1  0  0  0  1 -2 -2  0],[-1 -1  0  0 -1  0 -1 -1  1],[ 1 -1  2  0  2  1  0 -2  1],[ 2  0  2  0  2  1  2  0  1],[-1 -1 -1 -1  0 -1 -1 -1  0]]","[[ 0  1  1  1  1  0 -1 -1 -2],[-1  0  1  0  0  0 -1 -2 -2],[-1 -1  0  1  0  0 -1 -1 -1],[-1  0 -1  0 -1 -1 -1 -1 -1],[-1  0  0  1  0  0 -1 -2 -2],[ 0  0  0  1  0  0  0  0  0],[ 1  1  1  1  1  0  0  1  0],[ 1  2  1  1  2  0 -1  0 -2],[ 2  2  1  1  2  0  0  2  0]]",True,"[-1,-1,-1,-1,0,1,1,2,-1,0,0,0,1,2,2,-1,0,0,1,1,1,1,1,1,1,1,0,1,2,2,0,0,0,-1,0,2]","[-2,-1,-1,0,1,1,1,1,-1,1,2,1,1,2,2,1,1,0,0,1,1,1,1,1,1,1,1,1,0,1,0,-1,0,0,-1,1]",t^8+33t^6+99t^4+40t^2,"[-2,-1,-1,0,1,1,1,1,-1,1,2,1,1,2,2,1,1,0,0,1,1,1,1,1,1,1,1,1,0,1,0,-1,0,0,-1,1]","[-1,-1,-1,-1,0,1,1,2,-1,-1,0,0,1,1,2,0,-1,1,1,1,2,0,1,0,1,1,1,0,1,1,1,1,2,-1,-1,1]","[-2,-1,-1,0,1,1,1,1,0,2,0,1,1,2,2,1,0,1,1,1,1,0,1,1,2,2,0,1,0,0,1,-1,0,0,-1,0]",c,"[[{8, 1}, {2, 7}, {3, 6}, {4, 5}], [{8, 1}, {2, 7}, {3, 6}, {5}, {4}], [{8, 1}, {2, 7}, {4, 6}, {3, 5}], [{8, 1}, {2, 7}, {4, 6}, {5}, {3}], [{8, 1}, {2, 7}, {5, 6}, {3, 4}], [{8, 1}, {2, 7}, {5, 6}, {4}, {3}], [{8, 1}, {2, 7}, {6}, {3, 5}, {4}], [{8, 1}, {2, 7}, {6}, {4, 5}, {3}], [{8, 1}, {2, 7}, {6}, {5}, {3, 4}], [{8, 1}, {2, 7}, {6}, {5}, {4}, {3}], [{8, 1}, {3, 7}, {2, 6}, {4, 5}], [{8, 1}, {3, 7}, {2, 6}, {5}, {4}], [{8, 1}, {3, 7}, {4, 6}, {2, 5}], [{8, 1}, {3, 7}, {5, 6}, {2, 4}], [{8, 1}, {4, 7}, {2, 6}, {3, 5}], [{8, 1}, {4, 7}, {3, 6}, {2, 5}], [{8, 1}, {4, 7}, {3, 6}, {5}, {2}], [{8, 1}, {4, 7}, {5, 6}, {2, 3}], [{8, 1}, {4, 7}, {5, 6}, {3}, {2}], [{8, 1}, {4, 7}, {6}, {3, 5}, {2}], [{8, 1}, {5, 7}, {2, 6}, {3, 4}], [{8, 1}, {5, 7}, {3, 6}, {2, 4}], [{8, 1}, {5, 7}, {3, 6}, {4}, {2}], [{8, 1}, {5, 7}, {4, 6}, {2, 3}], [{8, 1}, {5, 7}, {4, 6}, {3}, {2}], [{8, 1}, {5, 7}, {6}, {3, 4}, {2}], [{8, 1}, {6, 7}, {2, 5}, {3, 4}], [{8, 1}, {6, 7}, {3, 5}, {2, 4}], [{8, 1}, {6, 7}, {4, 5}, {2, 3}], [{8, 1}, {6, 7}, {5}, {4}, {2, 3}], [{8, 1}, {7}, {3, 6}, {2, 5}, {4}], [{8, 1}, {7}, {3, 6}, {4, 5}, {2}], [{8, 1}, {7}, {3, 6}, {5}, {2, 4}], [{8, 1}, {7}, {3, 6}, {5}, {4}, {2}], [{8, 1}, {7}, {4, 6}, {2, 5}, {3}], [{8, 1}, {7}, {5, 6}, {2, 4}, {3}], [{8, 1}, {7}, {6}, {2, 5}, {3, 4}], [{8, 1}, {7}, {6}, {3, 5}, {2, 4}], [{8, 2}, {1, 7}, {3, 6}, {4, 5}], [{8, 2}, {1, 7}, {3, 6}, {5}, {4}], [{8, 2}, {1, 7}, {4, 6}, {3, 5}], [{8, 2}, {1, 7}, {4, 6}, {5}, {3}], [{8, 2}, {1, 7}, {5, 6}, {3, 4}], [{8, 2}, {1, 7}, {6}, {5}, {3, 4}], [{8, 2}, {3, 7}, {1, 6}, {4, 5}], [{8, 2}, {3, 7}, {4, 6}, {1, 5}], [{8, 2}, {3, 7}, {5, 6}, {1, 4}], [{8, 2}, {3, 7}, {5, 6}, {4}, {1}], [{8, 2}, {4, 7}, {1, 6}, {3, 5}], [{8, 2}, {4, 7}, {3, 6}, {1, 5}], [{8, 2}, {4, 7}, {5, 6}, {1, 3}], [{8, 2}, {4, 7}, {5, 6}, {3}, {1}], [{8, 2}, {5, 7}, {1, 6}, {3, 4}], [{8, 2}, {5, 7}, {3, 6}, {1, 4}], [{8, 2}, {5, 7}, {3, 6}, {4}, {1}], [{8, 2}, {5, 7}, {4, 6}, {1, 3}], [{8, 2}, {5, 7}, {4, 6}, {3}, {1}], [{8, 2}, {5, 7}, {6}, {3, 4}, {1}], [{8, 2}, {6, 7}, {1, 5}, {3, 4}], [{8, 2}, {6, 7}, {3, 5}, {1, 4}], [{8, 2}, {6, 7}, {4, 5}, {1, 3}], [{8, 2}, {6, 7}, {5}, {3, 4}, {1}], [{8, 2}, {7}, {1, 6}, {3, 5}, {4}], [{8, 2}, {7}, {1, 6}, {4, 5}, {3}], [{8, 2}, {7}, {1, 6}, {5}, {3, 4}], [{8, 2}, {7}, {3, 6}, {1, 5}, {4}], [{8, 2}, {7}, {4, 6}, {1, 5}, {3}], [{8, 2}, {7}, {5, 6}, {3, 4}, {1}], [{8, 2}, {7}, {6}, {1, 5}, {3, 4}], [{8, 2}, {7}, {6}, {5}, {3, 4}, {1}], [{8, 3}, {1, 7}, {2, 6}, {4, 5}], [{8, 3}, {1, 7}, {4, 6}, {2, 5}], [{8, 3}, {1, 7}, {5, 6}, {2, 4}], [{8, 3}, {1, 7}, {6}, {5}, {2, 4}], [{8, 3}, {2, 7}, {1, 6}, {4, 5}], [{8, 3}, {2, 7}, {1, 6}, {5}, {4}], [{8, 3}, {2, 7}, {4, 6}, {1, 5}], [{8, 3}, {2, 7}, {5, 6}, {1, 4}], [{8, 3}, {2, 7}, {5, 6}, {4}, {1}], [{8, 3}, {2, 7}, {6}, {1, 5}, {4}], [{8, 3}, {4, 7}, {1, 6}, {2, 5}], [{8, 3}, {4, 7}, {1, 6}, {5}, {2}], [{8, 3}, {4, 7}, {2, 6}, {1, 5}], [{8, 3}, {4, 7}, {5, 6}, {1, 2}], [{8, 3}, {4, 7}, {5, 6}, {2}, {1}], [{8, 3}, {4, 7}, {6}, {1, 5}, {2}], [{8, 3}, {5, 7}, {1, 6}, {2, 4}], [{8, 3}, {5, 7}, {1, 6}, {4}, {2}], [{8, 3}, {5, 7}, {2, 6}, {1, 4}], [{8, 3}, {5, 7}, {2, 6}, {4}, {1}], [{8, 3}, {5, 7}, {4, 6}, {1, 2}], [{8, 3}, {5, 7}, {4, 6}, {2}, {1}], [{8, 3}, {5, 7}, {6}, {1, 4}, {2}], [{8, 3}, {5, 7}, {6}, {2, 4}, {1}], [{8, 3}, {5, 7}, {6}, {4}, {1, 2}], [{8, 3}, {6, 7}, {1, 5}, {2, 4}], [{8, 3}, {6, 7}, {2, 5}, {1, 4}], [{8, 3}, {6, 7}, {4, 5}, {1, 2}], [{8, 3}, {6, 7}, {5}, {2, 4}, {1}], [{8, 3}, {7}, {1, 6}, {2, 5}, {4}], [{8, 3}, {7}, {1, 6}, {4, 5}, {2}], [{8, 3}, {7}, {1, 6}, {5}, {2, 4}], [{8, 3}, {7}, {1, 6}, {5}, {4}, {2}], [{8, 3}, {7}, {2, 6}, {5}, {1, 4}], [{8, 3}, {7}, {4, 6}, {5}, {1, 2}], [{8, 3}, {7}, {5, 6}, {2, 4}, {1}], [{8, 3}, {7}, {6}, {1, 5}, {2, 4}], [{8, 3}, {7}, {6}, {5}, {2, 4}, {1}], [{8, 4}, {1, 7}, {2, 6}, {3, 5}], [{8, 4}, {1, 7}, {3, 6}, {2, 5}], [{8, 4}, {1, 7}, {5, 6}, {2, 3}], [{8, 4}, {2, 7}, {1, 6}, {3, 5}], [{8, 4}, {2, 7}, {3, 6}, {1, 5}], [{8, 4}, {2, 7}, {3, 6}, {5}, {1}], [{8, 4}, {2, 7}, {5, 6}, {1, 3}], [{8, 4}, {2, 7}, {6}, {1, 5}, {3}], [{8, 4}, {3, 7}, {1, 6}, {2, 5}], [{8, 4}, {3, 7}, {2, 6}, {1, 5}], [{8, 4}, {3, 7}, {2, 6}, {5}, {1}], [{8, 4}, {3, 7}, {5, 6}, {1, 2}], [{8, 4}, {5, 7}, {1, 6}, {2, 3}], [{8, 4}, {5, 7}, {2, 6}, {1, 3}], [{8, 4}, {5, 7}, {3, 6}, {1, 2}], [{8, 4}, {5, 7}, {6}, {3}, {1, 2}], [{8, 4}, {6, 7}, {1, 5}, {2, 3}], [{8, 4}, {6, 7}, {2, 5}, {1, 3}], [{8, 4}, {6, 7}, {3, 5}, {1, 2}], [{8, 4}, {6, 7}, {5}, {3}, {1, 2}], [{8, 4}, {7}, {1, 6}, {2, 5}, {3}], [{8, 4}, {7}, {1, 6}, {3, 5}, {2}], [{8, 4}, {7}, {1, 6}, {5}, {2, 3}], [{8, 4}, {7}, {3, 6}, {1, 5}, {2}], [{8, 4}, {7}, {5, 6}, {3}, {1, 2}], [{8, 5}, {1, 7}, {2, 6}, {3, 4}], [{8, 5}, {1, 7}, {2, 6}, {4}, {3}], [{8, 5}, {1, 7}, {3, 6}, {2, 4}], [{8, 5}, {1, 7}, {3, 6}, {4}, {2}], [{8, 5}, {1, 7}, {4, 6}, {2, 3}], [{8, 5}, {1, 7}, {4, 6}, {3}, {2}], [{8, 5}, {1, 7}, {6}, {2, 4}, {3}], [{8, 5}, {1, 7}, {6}, {3, 4}, {2}], [{8, 5}, {1, 7}, {6}, {4}, {2, 3}], [{8, 5}, {1, 7}, {6}, {4}, {3}, {2}], [{8, 5}, {2, 7}, {1, 6}, {3, 4}], [{8, 5}, {2, 7}, {1, 6}, {4}, {3}], [{8, 5}, {2, 7}, {3, 6}, {1, 4}], [{8, 5}, {2, 7}, {3, 6}, {4}, {1}], [{8, 5}, {2, 7}, {4, 6}, {1, 3}], [{8, 5}, {2, 7}, {4, 6}, {3}, {1}], [{8, 5}, {2, 7}, {6}, {1, 4}, {3}], [{8, 5}, {2, 7}, {6}, {3, 4}, {1}], [{8, 5}, {2, 7}, {6}, {4}, {1, 3}], [{8, 5}, {2, 7}, {6}, {4}, {3}, {1}], [{8, 5}, {3, 7}, {1, 6}, {2, 4}], [{8, 5}, {3, 7}, {1, 6}, {4}, {2}], [{8, 5}, {3, 7}, {2, 6}, {1, 4}], [{8, 5}, {3, 7}, {2, 6}, {4}, {1}], [{8, 5}, {3, 7}, {4, 6}, {1, 2}], [{8, 5}, {3, 7}, {4, 6}, {2}, {1}], [{8, 5}, {3, 7}, {6}, {1, 4}, {2}], [{8, 5}, {3, 7}, {6}, {2, 4}, {1}], [{8, 5}, {3, 7}, {6}, {4}, {1, 2}], [{8, 5}, {3, 7}, {6}, {4}, {2}, {1}], [{8, 5}, {4, 7}, {1, 6}, {2, 3}], [{8, 5}, {4, 7}, {1, 6}, {3}, {2}], [{8, 5}, {4, 7}, {2, 6}, {1, 3}], [{8, 5}, {4, 7}, {2, 6}, {3}, {1}], [{8, 5}, {4, 7}, {3, 6}, {1, 2}], [{8, 5}, {4, 7}, {3, 6}, {2}, {1}], [{8, 5}, {4, 7}, {6}, {1, 3}, {2}], [{8, 5}, {4, 7}, {6}, {2, 3}, {1}], [{8, 5}, {4, 7}, {6}, {3}, {1, 2}], [{8, 5}, {4, 7}, {6}, {3}, {2}, {1}], [{8, 5}, {6, 7}, {1, 4}, {2, 3}], [{8, 5}, {6, 7}, {1, 4}, {3}, {2}], [{8, 5}, {6, 7}, {2, 4}, {1, 3}], [{8, 5}, {6, 7}, {2, 4}, {3}, {1}], [{8, 5}, {6, 7}, {3, 4}, {1, 2}], [{8, 5}, {6, 7}, {3, 4}, {2}, {1}], [{8, 5}, {6, 7}, {4}, {1, 3}, {2}], [{8, 5}, {6, 7}, {4}, {2, 3}, {1}], [{8, 5}, {6, 7}, {4}, {3}, {1, 2}], [{8, 5}, {6, 7}, {4}, {3}, {2}, {1}], [{8, 5}, {7}, {1, 6}, {2, 4}, {3}], [{8, 5}, {7}, {1, 6}, {3, 4}, {2}], [{8, 5}, {7}, {1, 6}, {4}, {2, 3}], [{8, 5}, {7}, {1, 6}, {4}, {3}, {2}], [{8, 5}, {7}, {2, 6}, {1, 4}, {3}], [{8, 5}, {7}, {2, 6}, {3, 4}, {1}], [{8, 5}, {7}, {2, 6}, {4}, {1, 3}], [{8, 5}, {7}, {2, 6}, {4}, {3}, {1}], [{8, 5}, {7}, {3, 6}, {1, 4}, {2}], [{8, 5}, {7}, {3, 6}, {2, 4}, {1}], [{8, 5}, {7}, {3, 6}, {4}, {1, 2}], [{8, 5}, {7}, {3, 6}, {4}, {2}, {1}], [{8, 5}, {7}, {4, 6}, {1, 3}, {2}], [{8, 5}, {7}, {4, 6}, {2, 3}, {1}], [{8, 5}, {7}, {4, 6}, {3}, {1, 2}], [{8, 5}, {7}, {4, 6}, {3}, {2}, {1}], [{8, 5}, {7}, {6}, {1, 4}, {2, 3}], [{8, 5}, {7}, {6}, {1, 4}, {3}, {2}], [{8, 5}, {7}, {6}, {2, 4}, {1, 3}], [{8, 5}, {7}, {6}, {2, 4}, {3}, {1}], [{8, 5}, {7}, {6}, {3, 4}, {1, 2}], [{8, 5}, {7}, {6}, {3, 4}, {2}, {1}], [{8, 5}, {7}, {6}, {4}, {1, 3}, {2}], [{8, 5}, {7}, {6}, {4}, {2, 3}, {1}], [{8, 5}, {7}, {6}, {4}, {3}, {1, 2}], [{8, 5}, {7}, {6}, {4}, {3}, {2}, {1}], [{8, 6}, {1, 7}, {2, 5}, {3, 4}], [{8, 6}, {1, 7}, {3, 5}, {2, 4}], [{8, 6}, {1, 7}, {4, 5}, {2, 3}], [{8, 6}, {2, 7}, {1, 5}, {3, 4}], [{8, 6}, {2, 7}, {1, 5}, {4}, {3}], [{8, 6}, {2, 7}, {3, 5}, {1, 4}], [{8, 6}, {2, 7}, {3, 5}, {4}, {1}], [{8, 6}, {2, 7}, {4, 5}, {1, 3}], [{8, 6}, {2, 7}, {5}, {4}, {1, 3}], [{8, 6}, {3, 7}, {1, 5}, {2, 4}], [{8, 6}, {3, 7}, {2, 5}, {1, 4}], [{8, 6}, {3, 7}, {2, 5}, {4}, {1}], [{8, 6}, {3, 7}, {4, 5}, {1, 2}], [{8, 6}, {4, 7}, {1, 5}, {2, 3}], [{8, 6}, {4, 7}, {1, 5}, {3}, {2}], [{8, 6}, {4, 7}, {2, 5}, {1, 3}], [{8, 6}, {4, 7}, {2, 5}, {3}, {1}], [{8, 6}, {4, 7}, {3, 5}, {1, 2}], [{8, 6}, {4, 7}, {3, 5}, {2}, {1}], [{8, 6}, {4, 7}, {5}, {1, 3}, {2}], [{8, 6}, {4, 7}, {5}, {2, 3}, {1}], [{8, 6}, {4, 7}, {5}, {3}, {1, 2}], [{8, 6}, {4, 7}, {5}, {3}, {2}, {1}], [{8, 6}, {5, 7}, {1, 4}, {2, 3}], [{8, 6}, {5, 7}, {2, 4}, {1, 3}], [{8, 6}, {5, 7}, {3, 4}, {1, 2}], [{8, 6}, {5, 7}, {4}, {3}, {1, 2}], [{8, 6}, {7}, {1, 5}, {2, 4}, {3}], [{8, 6}, {7}, {2, 5}, {3, 4}, {1}], [{8, 6}, {7}, {3, 5}, {2, 4}, {1}], [{8, 6}, {7}, {4, 5}, {3}, {1, 2}], [{8, 6}, {7}, {5}, {2, 4}, {1, 3}], [{8, 7}, {1, 6}, {2, 5}, {3, 4}], [{8, 7}, {1, 6}, {3, 5}, {2, 4}], [{8, 7}, {1, 6}, {3, 5}, {4}, {2}], [{8, 7}, {1, 6}, {4, 5}, {2, 3}], [{8, 7}, {1, 6}, {5}, {2, 4}, {3}], [{8, 7}, {2, 6}, {1, 5}, {3, 4}], [{8, 7}, {2, 6}, {3, 5}, {1, 4}], [{8, 7}, {2, 6}, {3, 5}, {4}, {1}], [{8, 7}, {2, 6}, {4, 5}, {1, 3}], [{8, 7}, {2, 6}, {5}, {1, 4}, {3}], [{8, 7}, {3, 6}, {1, 5}, {2, 4}], [{8, 7}, {3, 6}, {1, 5}, {4}, {2}], [{8, 7}, {3, 6}, {2, 5}, {1, 4}], [{8, 7}, {3, 6}, {2, 5}, {4}, {1}], [{8, 7}, {3, 6}, {4, 5}, {1, 2}], [{8, 7}, {3, 6}, {5}, {4}, {1, 2}], [{8, 7}, {4, 6}, {1, 5}, {2, 3}], [{8, 7}, {4, 6}, {1, 5}, {3}, {2}], [{8, 7}, {4, 6}, {2, 5}, {1, 3}], [{8, 7}, {4, 6}, {2, 5}, {3}, {1}], [{8, 7}, {4, 6}, {3, 5}, {1, 2}], [{8, 7}, {4, 6}, {3, 5}, {2}, {1}], [{8, 7}, {4, 6}, {5}, {1, 3}, {2}], [{8, 7}, {4, 6}, {5}, {2, 3}, {1}], [{8, 7}, {4, 6}, {5}, {3}, {1, 2}], [{8, 7}, {4, 6}, {5}, {3}, {2}, {1}], [{8, 7}, {5, 6}, {1, 4}, {2, 3}], [{8, 7}, {5, 6}, {2, 4}, {1, 3}], [{8, 7}, {5, 6}, {3, 4}, {1, 2}], [{8, 7}, {5, 6}, {4}, {3}, {1, 2}], [{8, 7}, {6}, {1, 5}, {3, 4}, {2}], [{8, 7}, {6}, {2, 5}, {3, 4}, {1}], [{8, 7}, {6}, {3, 5}, {1, 4}, {2}], [{8, 7}, {6}, {3, 5}, {2, 4}, {1}], [{8, 7}, {6}, {3, 5}, {4}, {1, 2}], [{8, 7}, {6}, {4, 5}, {3}, {1, 2}], [{8, 7}, {6}, {5}, {3, 4}, {1, 2}], [{8, 7}, {6}, {5}, {4}, {3}, {1, 2}], [{8}, {1, 7}, {3, 6}, {2, 5}, {4}], [{8}, {1, 7}, {4, 6}, {2, 5}, {3}], [{8}, {1, 7}, {6}, {2, 5}, {3, 4}], [{8}, {1, 7}, {6}, {3, 5}, {2, 4}], [{8}, {2, 7}, {1, 6}, {3, 5}, {4}], [{8}, {2, 7}, {3, 6}, {1, 5}, {4}], [{8}, {2, 7}, {3, 6}, {4, 5}, {1}], [{8}, {2, 7}, {3, 6}, {5}, {1, 4}], [{8}, {2, 7}, {3, 6}, {5}, {4}, {1}], [{8}, {2, 7}, {4, 6}, {1, 5}, {3}], [{8}, {2, 7}, {5, 6}, {4}, {1, 3}], [{8}, {2, 7}, {6}, {1, 5}, {3, 4}], [{8}, {2, 7}, {6}, {1, 5}, {4}, {3}], [{8}, {3, 7}, {1, 6}, {5}, {2, 4}], [{8}, {3, 7}, {2, 6}, {1, 5}, {4}], [{8}, {3, 7}, {2, 6}, {4, 5}, {1}], [{8}, {3, 7}, {2, 6}, {5}, {1, 4}], [{8}, {3, 7}, {2, 6}, {5}, {4}, {1}], [{8}, {3, 7}, {4, 6}, {5}, {1, 2}], [{8}, {4, 7}, {1, 6}, {3, 5}, {2}], [{8}, {4, 7}, {3, 6}, {1, 5}, {2}], [{8}, {4, 7}, {5, 6}, {1, 3}, {2}], [{8}, {4, 7}, {5, 6}, {2, 3}, {1}], [{8}, {4, 7}, {5, 6}, {3}, {1, 2}], [{8}, {4, 7}, {5, 6}, {3}, {2}, {1}], [{8}, {5, 7}, {1, 6}, {2, 4}, {3}], [{8}, {5, 7}, {2, 6}, {1, 4}, {3}], [{8}, {5, 7}, {3, 6}, {4}, {1, 2}], [{8}, {5, 7}, {4, 6}, {1, 3}, {2}], [{8}, {5, 7}, {4, 6}, {2, 3}, {1}], [{8}, {5, 7}, {4, 6}, {3}, {1, 2}], [{8}, {5, 7}, {4, 6}, {3}, {2}, {1}], [{8}, {5, 7}, {6}, {3, 4}, {1, 2}], [{8}, {5, 7}, {6}, {4}, {3}, {1, 2}], [{8}, {6, 7}, {1, 5}, {4}, {2, 3}], [{8}, {6, 7}, {2, 5}, {3, 4}, {1}], [{8}, {6, 7}, {3, 5}, {2, 4}, {1}], [{8}, {6, 7}, {4, 5}, {3}, {1, 2}], [{8}, {7}, {1, 6}, {2, 5}, {3, 4}], [{8}, {7}, {1, 6}, {3, 5}, {2, 4}], [{8}, {7}, {1, 6}, {3, 5}, {4}, {2}], [{8}, {7}, {1, 6}, {4, 5}, {2, 3}], [{8}, {7}, {1, 6}, {5}, {2, 4}, {3}], [{8}, {7}, {2, 6}, {3, 5}, {1, 4}], [{8}, {7}, {3, 6}, {1, 5}, {2, 4}], [{8}, {7}, {3, 6}, {1, 5}, {4}, {2}], [{8}, {7}, {4, 6}, {3, 5}, {1, 2}], [{8}, {7}, {4, 6}, {5}, {3}, {1, 2}], [{8}, {7}, {5, 6}, {2, 4}, {1, 3}], [{8}, {7}, {6}, {2, 5}, {3, 4}, {1}], [{8}, {7}, {6}, {3, 5}, {2, 4}, {1}]]",2,- 6 K_1^2 + 3 K_2 + 4,O1O2O3U2O4U5U6O5U3U1O7U4U7O8O6U8,O1O2U1O3O4U5O6O5U2O7U4U7U3O8U6U8,O1O2U1O3O4U5O6O5U7U2O7U4U8U3O8U6,c,"{'O1O2U3O4O3U5O6O5U7U1O7U2U4O8U6U8', 'O1O2U3O4O5U1O3U6U7O6U2O8U5U8O7U4', 'O1O2O3U4U5O6U2U7O5O8U3U8U1O7O4U6', 'O1O2O3U4U5O6U7U1O5O8U3U8O7U2O4U6', 'O1O2O3U4O5O4U6U7O6U3U1O8U5U8O7U2', 'O1O2O3U4U5O6U2O4U7O8U3U8U1O5O7U6', 'O1O2U3O4O5U6O3U7U4O6U1O8U5U8O7U2', 'O1O2U3O4O3U5O6O5U2U7U1O7U4O8U6U8'}",8,"<a href=""/flatknot/8.975757"">8.975757</a>",t^9-35t^7-82t^6+24t^5+130t^4-6t^3-28t^2,t^2-2t,,
8.975758,O1O2O3U4O5O4U6U7O6U3U2O8U5U1O7U8,3,12z^2+61z+75,12w^3z^2-4w^3z+65w^2z+75w,False,False,"[[ 0  0  0  0  1  1 -1 -2  1],[ 0  0 -1 -1  1  1  0 -2  1],[ 0  1  0  0  0  1  0 -1  0],[ 0  1  0  0  0  0  0  0  0],[-1 -1  0  0  0  1 -2 -2  0],[-1 -1 -1  0 -1  0 -1  0  0],[ 1  0  0  0  2  1  0 -2  2],[ 2  2  1  0  2  0  2  0  1],[-1 -1  0  0  0  0 -2 -1  0]]","[[ 0  1  1  1  0  0  0 -1 -2],[-1  0  1  0  0  0 -1 -2 -2],[-1 -1  0  0  0 -1 -1 -1  0],[-1  0  0  0  0  0 -1 -2 -1],[ 0  0  0  0  0  0  1  0  0],[ 0  0  1  0  0  0  1  0 -1],[ 0  1  1  1 -1 -1  0  0 -2],[ 1  2  1  2  0  0  0  0 -2],[ 2  2  0  1  0  1  2  2  0]]",True,"[-1,-1,-1,0,0,0,1,2,-1,0,0,0,1,2,2,0,0,1,1,1,0,0,0,1,2,1,0,-1,0,0,-1,0,1,0,2,2]","[-2,-1,0,0,0,1,1,1,-1,0,1,2,1,2,3,1,1,1,0,0,1,1,1,0,0,0,0,1,1,0,1,1,1,0,-1,0]",t^8+30t^6+95t^4+44t^2,"[-2,-1,0,0,0,1,1,1,-1,0,1,2,1,2,3,1,1,1,0,0,1,1,1,0,0,0,0,1,1,0,1,1,1,0,-1,0]","[-1,-1,-1,0,0,0,1,2,-1,0,0,0,1,1,3,0,0,1,1,0,1,0,1,1,0,2,-1,-1,1,0,0,1,1,1,2,-1]","[-2,-1,0,0,0,1,1,1,2,0,1,2,0,1,2,0,0,0,1,2,2,0,1,0,0,0,1,1,0,0,1,1,1,0,-1,0]",c,"[[{8, 4}, {5, 7}, {2, 6}, {1, 3}], [{8, 4}, {5, 7}, {3, 6}, {1, 2}], [{8, 5}, {4, 7}, {2, 6}, {1, 3}], [{8, 7}, {2, 6}, {4, 5}, {1, 3}], [{8}, {4, 7}, {2, 6}, {5}, {1, 3}], [{8}, {5, 7}, {2, 6}, {4}, {1, 3}], [{8}, {5, 7}, {3, 6}, {4}, {1, 2}], [{8}, {7}, {2, 6}, {4, 5}, {1, 3}]]",1,- 2 K_1^2 + K_2 + 2,O1O2O3U4O5U3U6O4U2U1O7U5U7O8O6U8,O1O2U1O3O4U5O6O7U2O5U7U4U3O8U6U8,O1O2U3O4O5U6O7O6U8U2O8U5U4U1O3U7,c,"{'O1O2U3O4O5U6O3U7U4O6U2O8U5U1O7U8', 'O1O2O3U4O5O4U6U7O6U3U2O8U5U1O7U8'}",2,"<a href=""/flatknot/8.975758"">8.975758</a>",t^9-32t^7-54t^6+92t^5+118t^4-39t^3,t^2-2t,,
8.975759,O1O2O3U4O5O4U6U7O6U5U1O8U3U8O7U2,4,13z^2+98z+145,13w^3z^2+98w^2z+145w,False,False,"[[ 0 -1  1  1  1  0 -1 -2  1],[ 1  0  1  1  2 -1  1  0  1],[-1 -1  0  0  0  0 -2 -2  1],[-1 -1  0  0  0 -1 -1 -2  1],[-1 -2  0  0  0  0 -2 -2  1],[ 0  1  0  1  0  0  0  1  0],[ 1 -1  2  1  2  0  0 -2  1],[ 2  0  2  2  2 -1  2  0  1],[-1 -1 -1 -1 -1  0 -1 -1  0]]","[[ 0  1  1  1  1  0 -1 -1 -2],[-1  0  1  0  0  0 -1 -2 -2],[-1 -1  0 -1 -1  0 -1 -1 -1],[-1  0  1  0  0  0 -2 -2 -2],[-1  0  1  0  0 -1 -1 -1 -2],[ 0  0  0  0  1  0  1  0  1],[ 1  1  1  2  1 -1  0  1  0],[ 1  2  1  2  1  0 -1  0 -2],[ 2  2  1  2  2 -1  0  2  0]]",True,"[-1,-1,-1,-1,0,1,1,2,-1,0,0,0,1,2,2,1,1,0,1,1,1,0,0,2,2,2,1,1,1,2,-1,0,-1,-1,0,2]","[-2,-1,-1,0,1,1,1,1,-1,1,3,1,1,1,2,1,1,0,0,1,1,2,0,1,1,1,1,1,0,1,0,0,-1,0,-1,-1]",t^8+41t^6+109t^4+52t^2+1,"[-2,-1,-1,0,1,1,1,1,-1,1,3,1,1,1,2,1,1,0,0,1,1,2,0,1,1,1,1,1,0,1,0,0,-1,0,-1,-1]","[-1,-1,-1,-1,0,1,1,2,-1,-1,-1,1,1,1,2,0,0,0,1,1,1,0,1,0,0,1,1,0,1,1,1,2,3,-1,-1,1]","[-2,-1,-1,0,1,1,1,1,0,2,-1,1,2,2,2,1,-1,1,1,1,2,0,1,1,2,2,0,1,0,0,-1,-1,-1,0,0,0]",c,"[[{8, 1}, {2, 7}, {3, 6}, {4, 5}], [{8, 1}, {2, 7}, {3, 6}, {5}, {4}], [{8, 1}, {2, 7}, {4, 6}, {3, 5}], [{8, 1}, {2, 7}, {5, 6}, {3, 4}], [{8, 1}, {2, 7}, {6}, {4, 5}, {3}], [{8, 1}, {3, 7}, {2, 6}, {4, 5}], [{8, 1}, {3, 7}, {4, 6}, {2, 5}], [{8, 1}, {3, 7}, {5, 6}, {2, 4}], [{8, 1}, {3, 7}, {6}, {2, 5}, {4}], [{8, 1}, {3, 7}, {6}, {4, 5}, {2}], [{8, 1}, {3, 7}, {6}, {5}, {2, 4}], [{8, 1}, {4, 7}, {2, 6}, {3, 5}], [{8, 1}, {4, 7}, {3, 6}, {2, 5}], [{8, 1}, {4, 7}, {3, 6}, {5}, {2}], [{8, 1}, {4, 7}, {5, 6}, {2, 3}], [{8, 1}, {4, 7}, {5, 6}, {3}, {2}], [{8, 1}, {4, 7}, {6}, {3, 5}, {2}], [{8, 1}, {5, 7}, {2, 6}, {3, 4}], [{8, 1}, {5, 7}, {2, 6}, {4}, {3}], [{8, 1}, {5, 7}, {3, 6}, {2, 4}], [{8, 1}, {5, 7}, {4, 6}, {2, 3}], [{8, 1}, {6, 7}, {2, 5}, {3, 4}], [{8, 1}, {6, 7}, {3, 5}, {2, 4}], [{8, 1}, {6, 7}, {4, 5}, {2, 3}], [{8, 1}, {6, 7}, {5}, {2, 4}, {3}], [{8, 1}, {7}, {3, 6}, {5}, {2, 4}], [{8, 1}, {7}, {4, 6}, {2, 5}, {3}], [{8, 1}, {7}, {6}, {4, 5}, {2, 3}], [{8, 2}, {1, 7}, {3, 6}, {4, 5}], [{8, 2}, {1, 7}, {3, 6}, {5}, {4}], [{8, 2}, {1, 7}, {4, 6}, {3, 5}], [{8, 2}, {1, 7}, {5, 6}, {3, 4}], [{8, 2}, {1, 7}, {5, 6}, {4}, {3}], [{8, 2}, {1, 7}, {6}, {3, 5}, {4}], [{8, 2}, {3, 7}, {1, 6}, {4, 5}], [{8, 2}, {3, 7}, {4, 6}, {1, 5}], [{8, 2}, {3, 7}, {5, 6}, {1, 4}], [{8, 2}, {4, 7}, {1, 6}, {3, 5}], [{8, 2}, {4, 7}, {3, 6}, {1, 5}], [{8, 2}, {4, 7}, {5, 6}, {1, 3}], [{8, 2}, {4, 7}, {5, 6}, {3}, {1}], [{8, 2}, {5, 7}, {1, 6}, {3, 4}], [{8, 2}, {5, 7}, {3, 6}, {1, 4}], [{8, 2}, {5, 7}, {4, 6}, {1, 3}], [{8, 2}, {5, 7}, {4, 6}, {3}, {1}], [{8, 2}, {6, 7}, {1, 5}, {3, 4}], [{8, 2}, {6, 7}, {3, 5}, {1, 4}], [{8, 2}, {6, 7}, {4, 5}, {1, 3}], [{8, 2}, {7}, {1, 6}, {5}, {3, 4}], [{8, 2}, {7}, {5, 6}, {1, 4}, {3}], [{8, 3}, {1, 7}, {2, 6}, {4, 5}], [{8, 3}, {1, 7}, {4, 6}, {2, 5}], [{8, 3}, {1, 7}, {5, 6}, {2, 4}], [{8, 3}, {1, 7}, {5, 6}, {4}, {2}], [{8, 3}, {2, 7}, {1, 6}, {4, 5}], [{8, 3}, {2, 7}, {4, 6}, {1, 5}], [{8, 3}, {2, 7}, {5, 6}, {1, 4}], [{8, 3}, {4, 7}, {1, 6}, {2, 5}], [{8, 3}, {4, 7}, {2, 6}, {1, 5}], [{8, 3}, {4, 7}, {2, 6}, {5}, {1}], [{8, 3}, {4, 7}, {5, 6}, {1, 2}], [{8, 3}, {4, 7}, {5, 6}, {2}, {1}], [{8, 3}, {4, 7}, {6}, {2, 5}, {1}], [{8, 3}, {5, 7}, {1, 6}, {2, 4}], [{8, 3}, {5, 7}, {2, 6}, {1, 4}], [{8, 3}, {5, 7}, {4, 6}, {1, 2}], [{8, 3}, {6, 7}, {1, 5}, {2, 4}], [{8, 3}, {6, 7}, {1, 5}, {4}, {2}], [{8, 3}, {6, 7}, {2, 5}, {1, 4}], [{8, 3}, {6, 7}, {4, 5}, {1, 2}], [{8, 3}, {7}, {1, 6}, {4, 5}, {2}], [{8, 3}, {7}, {5, 6}, {1, 4}, {2}], [{8, 4}, {1, 7}, {2, 6}, {3, 5}], [{8, 4}, {1, 7}, {3, 6}, {2, 5}], [{8, 4}, {1, 7}, {5, 6}, {2, 3}], [{8, 4}, {1, 7}, {5, 6}, {3}, {2}], [{8, 4}, {2, 7}, {1, 6}, {3, 5}], [{8, 4}, {2, 7}, {3, 6}, {1, 5}], [{8, 4}, {2, 7}, {5, 6}, {1, 3}], [{8, 4}, {2, 7}, {6}, {3, 5}, {1}], [{8, 4}, {3, 7}, {1, 6}, {2, 5}], [{8, 4}, {3, 7}, {2, 6}, {1, 5}], [{8, 4}, {3, 7}, {5, 6}, {1, 2}], [{8, 4}, {5, 7}, {1, 6}, {2, 3}], [{8, 4}, {5, 7}, {2, 6}, {1, 3}], [{8, 4}, {5, 7}, {3, 6}, {1, 2}], [{8, 4}, {6, 7}, {1, 5}, {2, 3}], [{8, 4}, {6, 7}, {2, 5}, {1, 3}], [{8, 4}, {6, 7}, {3, 5}, {1, 2}], [{8, 4}, {6, 7}, {5}, {1, 3}, {2}], [{8, 4}, {7}, {1, 6}, {3, 5}, {2}], [{8, 5}, {1, 7}, {2, 6}, {3, 4}], [{8, 5}, {1, 7}, {3, 6}, {2, 4}], [{8, 5}, {1, 7}, {4, 6}, {2, 3}], [{8, 5}, {1, 7}, {6}, {2, 4}, {3}], [{8, 5}, {1, 7}, {6}, {3, 4}, {2}], [{8, 5}, {1, 7}, {6}, {4}, {2, 3}], [{8, 5}, {2, 7}, {1, 6}, {3, 4}], [{8, 5}, {2, 7}, {3, 6}, {1, 4}], [{8, 5}, {2, 7}, {4, 6}, {1, 3}], [{8, 5}, {2, 7}, {6}, {1, 4}, {3}], [{8, 5}, {2, 7}, {6}, {3, 4}, {1}], [{8, 5}, {2, 7}, {6}, {4}, {1, 3}], [{8, 5}, {3, 7}, {1, 6}, {2, 4}], [{8, 5}, {3, 7}, {2, 6}, {1, 4}], [{8, 5}, {3, 7}, {4, 6}, {1, 2}], [{8, 5}, {3, 7}, {6}, {1, 4}, {2}], [{8, 5}, {3, 7}, {6}, {2, 4}, {1}], [{8, 5}, {3, 7}, {6}, {4}, {1, 2}], [{8, 5}, {4, 7}, {1, 6}, {2, 3}], [{8, 5}, {4, 7}, {2, 6}, {1, 3}], [{8, 5}, {4, 7}, {3, 6}, {1, 2}], [{8, 5}, {4, 7}, {6}, {1, 3}, {2}], [{8, 5}, {4, 7}, {6}, {2, 3}, {1}], [{8, 5}, {4, 7}, {6}, {3}, {1, 2}], [{8, 5}, {6, 7}, {1, 4}, {2, 3}], [{8, 5}, {6, 7}, {1, 4}, {3}, {2}], [{8, 5}, {6, 7}, {2, 4}, {1, 3}], [{8, 5}, {6, 7}, {3, 4}, {1, 2}], [{8, 5}, {6, 7}, {3, 4}, {2}, {1}], [{8, 5}, {6, 7}, {4}, {1, 3}, {2}], [{8, 5}, {7}, {1, 6}, {3, 4}, {2}], [{8, 5}, {7}, {2, 6}, {1, 4}, {3}], [{8, 5}, {7}, {2, 6}, {3, 4}, {1}], [{8, 5}, {7}, {2, 6}, {4}, {1, 3}], [{8, 5}, {7}, {3, 6}, {1, 4}, {2}], [{8, 5}, {7}, {4, 6}, {1, 3}, {2}], [{8, 5}, {7}, {6}, {1, 4}, {2, 3}], [{8, 5}, {7}, {6}, {1, 4}, {3}, {2}], [{8, 5}, {7}, {6}, {2, 4}, {1, 3}], [{8, 5}, {7}, {6}, {3, 4}, {1, 2}], [{8, 5}, {7}, {6}, {3, 4}, {2}, {1}], [{8, 5}, {7}, {6}, {4}, {1, 3}, {2}], [{8, 6}, {1, 7}, {2, 5}, {3, 4}], [{8, 6}, {1, 7}, {3, 5}, {2, 4}], [{8, 6}, {1, 7}, {4, 5}, {2, 3}], [{8, 6}, {1, 7}, {5}, {2, 4}, {3}], [{8, 6}, {1, 7}, {5}, {3, 4}, {2}], [{8, 6}, {1, 7}, {5}, {4}, {2, 3}], [{8, 6}, {2, 7}, {1, 5}, {3, 4}], [{8, 6}, {2, 7}, {3, 5}, {1, 4}], [{8, 6}, {2, 7}, {4, 5}, {1, 3}], [{8, 6}, {2, 7}, {5}, {1, 4}, {3}], [{8, 6}, {2, 7}, {5}, {3, 4}, {1}], [{8, 6}, {2, 7}, {5}, {4}, {1, 3}], [{8, 6}, {3, 7}, {1, 5}, {2, 4}], [{8, 6}, {3, 7}, {2, 5}, {1, 4}], [{8, 6}, {3, 7}, {4, 5}, {1, 2}], [{8, 6}, {3, 7}, {5}, {1, 4}, {2}], [{8, 6}, {3, 7}, {5}, {2, 4}, {1}], [{8, 6}, {3, 7}, {5}, {4}, {1, 2}], [{8, 6}, {4, 7}, {1, 5}, {2, 3}], [{8, 6}, {4, 7}, {2, 5}, {1, 3}], [{8, 6}, {4, 7}, {3, 5}, {1, 2}], [{8, 6}, {4, 7}, {5}, {1, 3}, {2}], [{8, 6}, {4, 7}, {5}, {2, 3}, {1}], [{8, 6}, {4, 7}, {5}, {3}, {1, 2}], [{8, 6}, {5, 7}, {1, 4}, {2, 3}], [{8, 6}, {5, 7}, {1, 4}, {3}, {2}], [{8, 6}, {5, 7}, {2, 4}, {1, 3}], [{8, 6}, {5, 7}, {3, 4}, {1, 2}], [{8, 6}, {7}, {2, 5}, {1, 4}, {3}], [{8, 6}, {7}, {3, 5}, {1, 4}, {2}], [{8, 6}, {7}, {5}, {1, 4}, {2, 3}], [{8, 6}, {7}, {5}, {1, 4}, {3}, {2}], [{8, 6}, {7}, {5}, {2, 4}, {1, 3}], [{8, 6}, {7}, {5}, {3, 4}, {1, 2}], [{8, 7}, {1, 6}, {2, 5}, {3, 4}], [{8, 7}, {1, 6}, {3, 5}, {2, 4}], [{8, 7}, {1, 6}, {4, 5}, {2, 3}], [{8, 7}, {2, 6}, {1, 5}, {3, 4}], [{8, 7}, {2, 6}, {3, 5}, {1, 4}], [{8, 7}, {2, 6}, {4, 5}, {1, 3}], [{8, 7}, {2, 6}, {5}, {3, 4}, {1}], [{8, 7}, {3, 6}, {1, 5}, {2, 4}], [{8, 7}, {3, 6}, {1, 5}, {4}, {2}], [{8, 7}, {3, 6}, {2, 5}, {1, 4}], [{8, 7}, {3, 6}, {4, 5}, {1, 2}], [{8, 7}, {4, 6}, {1, 5}, {2, 3}], [{8, 7}, {4, 6}, {2, 5}, {1, 3}], [{8, 7}, {4, 6}, {3, 5}, {1, 2}], [{8, 7}, {4, 6}, {3, 5}, {2}, {1}], [{8, 7}, {5, 6}, {1, 4}, {2, 3}], [{8, 7}, {5, 6}, {1, 4}, {3}, {2}], [{8, 7}, {5, 6}, {2, 4}, {1, 3}], [{8, 7}, {5, 6}, {3, 4}, {1, 2}], [{8, 7}, {6}, {4, 5}, {3}, {1, 2}], [{8}, {1, 7}, {5, 6}, {2, 4}, {3}], [{8}, {1, 7}, {5, 6}, {3, 4}, {2}], [{8}, {1, 7}, {5, 6}, {4}, {2, 3}], [{8}, {1, 7}, {5, 6}, {4}, {3}, {2}], [{8}, {2, 7}, {3, 6}, {4, 5}, {1}], [{8}, {2, 7}, {4, 6}, {1, 5}, {3}], [{8}, {2, 7}, {5, 6}, {1, 4}, {3}], [{8}, {2, 7}, {5, 6}, {3, 4}, {1}], [{8}, {2, 7}, {5, 6}, {4}, {1, 3}], [{8}, {3, 7}, {1, 6}, {5}, {2, 4}], [{8}, {3, 7}, {2, 6}, {1, 5}, {4}], [{8}, {3, 7}, {4, 6}, {1, 5}, {2}], [{8}, {3, 7}, {5, 6}, {1, 4}, {2}], [{8}, {3, 7}, {5, 6}, {2, 4}, {1}], [{8}, {3, 7}, {5, 6}, {4}, {1, 2}], [{8}, {3, 7}, {6}, {1, 5}, {2, 4}], [{8}, {3, 7}, {6}, {5}, {2, 4}, {1}], [{8}, {4, 7}, {5, 6}, {1, 3}, {2}], [{8}, {4, 7}, {5, 6}, {2, 3}, {1}], [{8}, {4, 7}, {5, 6}, {3}, {1, 2}], [{8}, {4, 7}, {5, 6}, {3}, {2}, {1}], [{8}, {5, 7}, {2, 6}, {3, 4}, {1}], [{8}, {5, 7}, {3, 6}, {4}, {1, 2}], [{8}, {6, 7}, {4, 5}, {1, 3}, {2}], [{8}, {7}, {1, 6}, {2, 5}, {3, 4}], [{8}, {7}, {4, 6}, {1, 5}, {2, 3}], [{8}, {7}, {4, 6}, {3, 5}, {1, 2}], [{8}, {7}, {5, 6}, {1, 4}, {2, 3}], [{8}, {7}, {5, 6}, {1, 4}, {3}, {2}], [{8}, {7}, {5, 6}, {2, 4}, {1, 3}], [{8}, {7}, {5, 6}, {3, 4}, {1, 2}]]",2,- 18 K_1^2 + 9 K_2 + 10,O1O2O3U2O4U5U1O5U3U6O7U4U7O8O6U8,O1O2U1O3O4U5O6O5U2O7U4U7U6O8U3U8,O1O2U1O3O4U5O6O5U7U4O7U2U8U3O8U6,c,{'O1O2O3U4O5O4U6U7O6U5U1O8U3U8O7U2'},1,"<a href=""/flatknot/8.975759"">8.975759</a>",t^9-43t^7-100t^6+38t^5+168t^4+25t^3-34t^2-30t-8,t^2-2t,,
8.975760,O1O2O3U4O5O4U6U7O6U5U2O8U1U8O7U3,4,14z^2+83z+111,14w^3z^2+83w^2z+111w,False,False,"[[ 0 -1  0  2  1  0 -1 -2  1],[ 1  0  0  2  2 -1  1 -1  1],[ 0  0  0  0  1 -1  0  0  0],[-2 -2  0  0 -1  0 -3 -2  0],[-1 -2 -1  1  0  0 -2 -2  1],[ 0  1  1  0  0  0  0  1  0],[ 1 -1  0  3  2  0  0 -2  1],[ 2  1  0  2  2 -1  2  0  1],[-1 -1  0  0 -1  0 -1 -1  0]]","[[ 0  2  1  1  0  0 -1 -1 -2],[-2  0  0 -1  0  0 -2 -3 -2],[-1  0  0 -1  0  0 -1 -1 -1],[-1  1  1  0  0 -1 -2 -2 -2],[ 0  0  0  0  0  1  1  0  1],[ 0  0  0  1 -1  0  0  0  0],[ 1  2  1  2 -1  0  0  1 -1],[ 1  3  1  2  0  0 -1  0 -2],[ 2  2  1  2 -1  0  1  2  0]]",True,"[-2,-1,-1,0,0,1,1,2,0,1,0,0,2,3,2,1,0,0,1,1,1,0,1,2,2,2,-1,-1,0,-1,0,0,0,-1,1,2]","[-2,-1,-1,0,0,1,1,2,-1,0,2,3,1,2,2,1,1,1,0,1,0,1,2,0,1,1,1,0,1,2,1,1,2,-1,0,1]",t^8+44t^6+110t^4+52t^2+1,"[-2,-1,-1,0,0,1,1,2,-1,0,2,3,1,2,2,1,1,1,0,1,0,1,2,0,1,1,1,0,1,2,1,1,2,-1,0,1]","[-2,-1,-1,0,0,1,1,2,0,1,2,2,0,1,2,1,0,1,0,0,1,1,1,1,1,2,-1,1,1,2,1,2,3,-1,-1,0]","[-2,-1,-1,0,0,1,1,2,1,2,-1,0,1,2,2,1,-1,0,1,2,2,0,0,1,2,3,1,0,0,0,0,1,0,-1,0,1]",c,"[[{8, 1}, {2, 7}, {3, 6}, {4, 5}], [{8, 1}, {2, 7}, {4, 6}, {3, 5}], [{8, 1}, {2, 7}, {5, 6}, {3, 4}], [{8, 1}, {2, 7}, {5, 6}, {4}, {3}], [{8, 1}, {3, 7}, {2, 6}, {4, 5}], [{8, 1}, {3, 7}, {4, 6}, {2, 5}], [{8, 1}, {3, 7}, {4, 6}, {5}, {2}], [{8, 1}, {3, 7}, {5, 6}, {2, 4}], [{8, 1}, {3, 7}, {5, 6}, {4}, {2}], [{8, 1}, {3, 7}, {6}, {4, 5}, {2}], [{8, 1}, {4, 7}, {2, 6}, {3, 5}], [{8, 1}, {4, 7}, {3, 6}, {2, 5}], [{8, 1}, {4, 7}, {3, 6}, {5}, {2}], [{8, 1}, {4, 7}, {5, 6}, {2, 3}], [{8, 1}, {4, 7}, {5, 6}, {3}, {2}], [{8, 1}, {4, 7}, {6}, {3, 5}, {2}], [{8, 1}, {5, 7}, {2, 6}, {3, 4}], [{8, 1}, {5, 7}, {3, 6}, {2, 4}], [{8, 1}, {5, 7}, {3, 6}, {4}, {2}], [{8, 1}, {5, 7}, {4, 6}, {2, 3}], [{8, 1}, {5, 7}, {4, 6}, {3}, {2}], [{8, 1}, {5, 7}, {6}, {3, 4}, {2}], [{8, 1}, {6, 7}, {2, 5}, {3, 4}], [{8, 1}, {6, 7}, {3, 5}, {2, 4}], [{8, 1}, {6, 7}, {3, 5}, {4}, {2}], [{8, 1}, {6, 7}, {4, 5}, {2, 3}], [{8, 1}, {6, 7}, {4, 5}, {3}, {2}], [{8, 1}, {6, 7}, {5}, {3, 4}, {2}], [{8, 1}, {7}, {3, 6}, {4, 5}, {2}], [{8, 1}, {7}, {4, 6}, {3, 5}, {2}], [{8, 1}, {7}, {5, 6}, {2, 4}, {3}], [{8, 1}, {7}, {5, 6}, {3, 4}, {2}], [{8, 1}, {7}, {5, 6}, {4}, {2, 3}], [{8, 2}, {1, 7}, {3, 6}, {4, 5}], [{8, 2}, {1, 7}, {3, 6}, {5}, {4}], [{8, 2}, {1, 7}, {4, 6}, {3, 5}], [{8, 2}, {1, 7}, {5, 6}, {3, 4}], [{8, 2}, {3, 7}, {1, 6}, {4, 5}], [{8, 2}, {3, 7}, {4, 6}, {1, 5}], [{8, 2}, {3, 7}, {5, 6}, {1, 4}], [{8, 2}, {3, 7}, {6}, {5}, {1, 4}], [{8, 2}, {4, 7}, {1, 6}, {3, 5}], [{8, 2}, {4, 7}, {3, 6}, {1, 5}], [{8, 2}, {4, 7}, {5, 6}, {1, 3}], [{8, 2}, {4, 7}, {5, 6}, {3}, {1}], [{8, 2}, {4, 7}, {6}, {5}, {1, 3}], [{8, 2}, {5, 7}, {1, 6}, {3, 4}], [{8, 2}, {5, 7}, {1, 6}, {4}, {3}], [{8, 2}, {5, 7}, {3, 6}, {1, 4}], [{8, 2}, {5, 7}, {3, 6}, {4}, {1}], [{8, 2}, {5, 7}, {4, 6}, {1, 3}], [{8, 2}, {5, 7}, {4, 6}, {3}, {1}], [{8, 2}, {5, 7}, {6}, {1, 4}, {3}], [{8, 2}, {5, 7}, {6}, {3, 4}, {1}], [{8, 2}, {5, 7}, {6}, {4}, {1, 3}], [{8, 2}, {5, 7}, {6}, {4}, {3}, {1}], [{8, 2}, {6, 7}, {1, 5}, {3, 4}], [{8, 2}, {6, 7}, {3, 5}, {1, 4}], [{8, 2}, {6, 7}, {4, 5}, {1, 3}], [{8, 2}, {6, 7}, {4, 5}, {3}, {1}], [{8, 2}, {6, 7}, {5}, {4}, {1, 3}], [{8, 2}, {7}, {3, 6}, {1, 5}, {4}], [{8, 2}, {7}, {4, 6}, {5}, {1, 3}], [{8, 2}, {7}, {5, 6}, {4}, {1, 3}], [{8, 2}, {7}, {6}, {3, 5}, {1, 4}], [{8, 2}, {7}, {6}, {4, 5}, {1, 3}], [{8, 3}, {1, 7}, {2, 6}, {4, 5}], [{8, 3}, {1, 7}, {4, 6}, {2, 5}], [{8, 3}, {1, 7}, {5, 6}, {2, 4}], [{8, 3}, {1, 7}, {6}, {4, 5}, {2}], [{8, 3}, {2, 7}, {1, 6}, {4, 5}], [{8, 3}, {2, 7}, {1, 6}, {5}, {4}], [{8, 3}, {2, 7}, {4, 6}, {1, 5}], [{8, 3}, {2, 7}, {5, 6}, {1, 4}], [{8, 3}, {4, 7}, {1, 6}, {2, 5}], [{8, 3}, {4, 7}, {2, 6}, {1, 5}], [{8, 3}, {4, 7}, {5, 6}, {1, 2}], [{8, 3}, {4, 7}, {5, 6}, {2}, {1}], [{8, 3}, {4, 7}, {6}, {5}, {1, 2}], [{8, 3}, {5, 7}, {1, 6}, {2, 4}], [{8, 3}, {5, 7}, {2, 6}, {1, 4}], [{8, 3}, {5, 7}, {4, 6}, {1, 2}], [{8, 3}, {5, 7}, {4, 6}, {2}, {1}], [{8, 3}, {6, 7}, {1, 5}, {2, 4}], [{8, 3}, {6, 7}, {2, 5}, {1, 4}], [{8, 3}, {6, 7}, {2, 5}, {4}, {1}], [{8, 3}, {6, 7}, {4, 5}, {1, 2}], [{8, 3}, {6, 7}, {4, 5}, {2}, {1}], [{8, 3}, {6, 7}, {5}, {2, 4}, {1}], [{8, 3}, {7}, {1, 6}, {4, 5}, {2}], [{8, 3}, {7}, {6}, {2, 5}, {1, 4}], [{8, 4}, {1, 7}, {2, 6}, {3, 5}], [{8, 4}, {1, 7}, {3, 6}, {2, 5}], [{8, 4}, {1, 7}, {5, 6}, {2, 3}], [{8, 4}, {2, 7}, {1, 6}, {3, 5}], [{8, 4}, {2, 7}, {3, 6}, {1, 5}], [{8, 4}, {2, 7}, {5, 6}, {1, 3}], [{8, 4}, {2, 7}, {6}, {5}, {1, 3}], [{8, 4}, {3, 7}, {1, 6}, {2, 5}], [{8, 4}, {3, 7}, {2, 6}, {1, 5}], [{8, 4}, {3, 7}, {5, 6}, {1, 2}], [{8, 4}, {5, 7}, {1, 6}, {2, 3}], [{8, 4}, {5, 7}, {2, 6}, {1, 3}], [{8, 4}, {5, 7}, {2, 6}, {3}, {1}], [{8, 4}, {5, 7}, {3, 6}, {1, 2}], [{8, 4}, {6, 7}, {1, 5}, {2, 3}], [{8, 4}, {6, 7}, {2, 5}, {1, 3}], [{8, 4}, {6, 7}, {3, 5}, {1, 2}], [{8, 4}, {7}, {1, 6}, {2, 5}, {3}], [{8, 4}, {7}, {1, 6}, {3, 5}, {2}], [{8, 4}, {7}, {1, 6}, {5}, {2, 3}], [{8, 5}, {1, 7}, {2, 6}, {3, 4}], [{8, 5}, {1, 7}, {3, 6}, {2, 4}], [{8, 5}, {1, 7}, {4, 6}, {2, 3}], [{8, 5}, {1, 7}, {6}, {2, 4}, {3}], [{8, 5}, {2, 7}, {1, 6}, {3, 4}], [{8, 5}, {2, 7}, {3, 6}, {1, 4}], [{8, 5}, {2, 7}, {4, 6}, {1, 3}], [{8, 5}, {2, 7}, {6}, {4}, {1, 3}], [{8, 5}, {3, 7}, {1, 6}, {2, 4}], [{8, 5}, {3, 7}, {2, 6}, {1, 4}], [{8, 5}, {3, 7}, {2, 6}, {4}, {1}], [{8, 5}, {3, 7}, {4, 6}, {1, 2}], [{8, 5}, {4, 7}, {1, 6}, {2, 3}], [{8, 5}, {4, 7}, {2, 6}, {1, 3}], [{8, 5}, {4, 7}, {3, 6}, {1, 2}], [{8, 5}, {4, 7}, {6}, {2, 3}, {1}], [{8, 5}, {6, 7}, {1, 4}, {2, 3}], [{8, 5}, {6, 7}, {2, 4}, {1, 3}], [{8, 5}, {6, 7}, {3, 4}, {1, 2}], [{8, 5}, {7}, {1, 6}, {3, 4}, {2}], [{8, 5}, {7}, {3, 6}, {2, 4}, {1}], [{8, 6}, {1, 7}, {2, 5}, {3, 4}], [{8, 6}, {1, 7}, {3, 5}, {2, 4}], [{8, 6}, {1, 7}, {4, 5}, {2, 3}], [{8, 6}, {1, 7}, {4, 5}, {3}, {2}], [{8, 6}, {2, 7}, {1, 5}, {3, 4}], [{8, 6}, {2, 7}, {3, 5}, {1, 4}], [{8, 6}, {2, 7}, {4, 5}, {1, 3}], [{8, 6}, {3, 7}, {1, 5}, {2, 4}], [{8, 6}, {3, 7}, {1, 5}, {4}, {2}], [{8, 6}, {3, 7}, {2, 5}, {1, 4}], [{8, 6}, {3, 7}, {4, 5}, {1, 2}], [{8, 6}, {3, 7}, {4, 5}, {2}, {1}], [{8, 6}, {3, 7}, {5}, {1, 4}, {2}], [{8, 6}, {4, 7}, {1, 5}, {2, 3}], [{8, 6}, {4, 7}, {2, 5}, {1, 3}], [{8, 6}, {4, 7}, {3, 5}, {1, 2}], [{8, 6}, {4, 7}, {5}, {2, 3}, {1}], [{8, 6}, {5, 7}, {1, 4}, {2, 3}], [{8, 6}, {5, 7}, {2, 4}, {1, 3}], [{8, 6}, {5, 7}, {2, 4}, {3}, {1}], [{8, 6}, {5, 7}, {3, 4}, {1, 2}], [{8, 6}, {7}, {2, 5}, {4}, {1, 3}], [{8, 6}, {7}, {4, 5}, {1, 3}, {2}], [{8, 6}, {7}, {5}, {2, 4}, {1, 3}], [{8, 6}, {7}, {5}, {3, 4}, {1, 2}], [{8, 7}, {1, 6}, {2, 5}, {3, 4}], [{8, 7}, {1, 6}, {3, 5}, {2, 4}], [{8, 7}, {1, 6}, {4, 5}, {2, 3}], [{8, 7}, {1, 6}, {4, 5}, {3}, {2}], [{8, 7}, {2, 6}, {1, 5}, {3, 4}], [{8, 7}, {2, 6}, {3, 5}, {1, 4}], [{8, 7}, {2, 6}, {4, 5}, {1, 3}], [{8, 7}, {2, 6}, {5}, {3, 4}, {1}], [{8, 7}, {3, 6}, {1, 5}, {2, 4}], [{8, 7}, {3, 6}, {2, 5}, {1, 4}], [{8, 7}, {3, 6}, {4, 5}, {1, 2}], [{8, 7}, {3, 6}, {4, 5}, {2}, {1}], [{8, 7}, {4, 6}, {1, 5}, {2, 3}], [{8, 7}, {4, 6}, {2, 5}, {1, 3}], [{8, 7}, {4, 6}, {3, 5}, {1, 2}], [{8, 7}, {5, 6}, {1, 4}, {2, 3}], [{8, 7}, {5, 6}, {2, 4}, {1, 3}], [{8, 7}, {5, 6}, {3, 4}, {1, 2}], [{8, 7}, {6}, {1, 5}, {3, 4}, {2}], [{8, 7}, {6}, {3, 5}, {1, 4}, {2}], [{8, 7}, {6}, {3, 5}, {2, 4}, {1}], [{8, 7}, {6}, {3, 5}, {4}, {1, 2}], [{8, 7}, {6}, {4, 5}, {1, 3}, {2}], [{8}, {1, 7}, {3, 6}, {4, 5}, {2}], [{8}, {1, 7}, {4, 6}, {2, 5}, {3}], [{8}, {2, 7}, {4, 6}, {1, 5}, {3}], [{8}, {2, 7}, {5, 6}, {3, 4}, {1}], [{8}, {2, 7}, {6}, {3, 5}, {1, 4}], [{8}, {2, 7}, {6}, {4, 5}, {1, 3}], [{8}, {3, 7}, {1, 6}, {2, 5}, {4}], [{8}, {3, 7}, {1, 6}, {4, 5}, {2}], [{8}, {3, 7}, {1, 6}, {5}, {2, 4}], [{8}, {3, 7}, {2, 6}, {5}, {1, 4}], [{8}, {3, 7}, {5, 6}, {2, 4}, {1}], [{8}, {3, 7}, {6}, {1, 5}, {2, 4}], [{8}, {4, 7}, {5, 6}, {1, 3}, {2}], [{8}, {4, 7}, {5, 6}, {2, 3}, {1}], [{8}, {4, 7}, {5, 6}, {3}, {1, 2}], [{8}, {4, 7}, {5, 6}, {3}, {2}, {1}], [{8}, {5, 7}, {3, 6}, {4}, {1, 2}], [{8}, {5, 7}, {4, 6}, {1, 3}, {2}], [{8}, {5, 7}, {4, 6}, {2, 3}, {1}], [{8}, {5, 7}, {4, 6}, {3}, {1, 2}], [{8}, {5, 7}, {4, 6}, {3}, {2}, {1}], [{8}, {5, 7}, {6}, {3, 4}, {1, 2}], [{8}, {6, 7}, {4, 5}, {1, 3}, {2}], [{8}, {6, 7}, {4, 5}, {2, 3}, {1}], [{8}, {6, 7}, {4, 5}, {3}, {1, 2}], [{8}, {6, 7}, {4, 5}, {3}, {2}, {1}], [{8}, {7}, {2, 6}, {4, 5}, {1, 3}], [{8}, {7}, {6}, {4, 5}, {1, 3}, {2}]]",2,- 16 K_1^2 - 4 K_1 K_2 + 2 K_1 + 8 K_2 + 2 K_3 + 9,O1O2O3U1O4U5U3O5U2U6O7U4U7O8O6U8,O1O2U1O3O4U5O6O5U2O7U6U4U7O8U3U8,O1O2U1O3O4U5O6O5U7U4O7U8U3U2O8U6,c,{'O1O2O3U4O5O4U6U7O6U5U2O8U1U8O7U3'},1,"<a href=""/flatknot/8.975760"">8.975760</a>",t^9-44t^7-138t^6-52t^5+202t^4+148t^3-40t^2-17t+4,0,,
8.975761,O1O2O3U4O5O4U6U7O6U5U2O8U3U1O7U8,4,13z^2+98z+145,13w^3z^2+98w^2z+145w,False,False,"[[ 0  0  0  1  1  0 -1 -2  1],[ 0  0 -1  1  1 -1  0 -2  1],[ 0  1  0  1  1 -1  0 -1  0],[-1 -1 -1  0  0 -1 -1 -1  0],[-1 -1 -1  0  0  0 -2 -2  1],[ 0  1  1  1  0  0  0  1 -1],[ 1  0  0  1  2  0  0 -2  2],[ 2  2  1  1  2 -1  2  0  1],[-1 -1  0  0 -1  1 -2 -1  0]]","[[ 0  1  1  1  0  0  0 -1 -2],[-1  0  1  0  0 -1 -1 -2 -2],[-1 -1  0  0  1  0 -1 -2 -1],[-1  0  0  0 -1 -1 -1 -1 -1],[ 0  0 -1  1  0  1  1  0  1],[ 0  1  0  1 -1  0  1  0 -1],[ 0  1  1  1 -1 -1  0  0 -2],[ 1  2  2  1  0  0  0  0 -2],[ 2  2  1  1 -1  1  2  2  0]]",True,"[-1,-1,-1,0,0,0,1,2,-1,0,0,1,1,2,2,0,-1,0,1,2,1,1,1,1,1,1,-1,-1,0,-1,-1,0,1,0,2,2]","[-2,-1,0,0,0,1,1,1,-1,0,1,3,1,2,2,1,1,1,0,0,1,1,1,0,0,0,1,0,1,0,1,2,0,-1,0,0]",t^8+36t^6+145t^4+60t^2+4,"[-2,-1,0,0,0,1,1,1,-1,0,1,3,1,2,2,1,1,1,0,0,1,1,1,0,0,0,1,0,1,0,1,2,0,-1,0,0]","[-1,-1,-1,0,0,0,1,2,-1,0,0,1,2,0,2,0,0,0,1,0,1,0,0,0,1,2,-1,-1,1,0,-1,1,1,1,3,-1]","[-2,-1,0,0,0,1,1,1,2,-1,1,2,1,1,2,0,0,0,1,2,2,1,1,1,-1,0,1,1,0,1,1,1,1,0,0,-1]",c,"[[{8, 1}, {2, 7}, {3, 6}, {4, 5}], [{8, 1}, {2, 7}, {4, 6}, {3, 5}], [{8, 1}, {2, 7}, {5, 6}, {3, 4}], [{8, 1}, {2, 7}, {6}, {4, 5}, {3}], [{8, 1}, {3, 7}, {2, 6}, {4, 5}], [{8, 1}, {3, 7}, {2, 6}, {5}, {4}], [{8, 1}, {3, 7}, {4, 6}, {2, 5}], [{8, 1}, {3, 7}, {5, 6}, {2, 4}], [{8, 1}, {3, 7}, {5, 6}, {4}, {2}], [{8, 1}, {3, 7}, {6}, {2, 5}, {4}], [{8, 1}, {4, 7}, {2, 6}, {3, 5}], [{8, 1}, {4, 7}, {3, 6}, {2, 5}], [{8, 1}, {4, 7}, {3, 6}, {5}, {2}], [{8, 1}, {4, 7}, {5, 6}, {2, 3}], [{8, 1}, {5, 7}, {2, 6}, {3, 4}], [{8, 1}, {5, 7}, {3, 6}, {2, 4}], [{8, 1}, {5, 7}, {4, 6}, {2, 3}], [{8, 1}, {5, 7}, {6}, {3, 4}, {2}], [{8, 1}, {6, 7}, {2, 5}, {3, 4}], [{8, 1}, {6, 7}, {3, 5}, {2, 4}], [{8, 1}, {6, 7}, {4, 5}, {2, 3}], [{8, 1}, {6, 7}, {4, 5}, {3}, {2}], [{8, 1}, {7}, {2, 6}, {4, 5}, {3}], [{8, 1}, {7}, {4, 6}, {3, 5}, {2}], [{8, 2}, {1, 7}, {3, 6}, {4, 5}], [{8, 2}, {1, 7}, {4, 6}, {3, 5}], [{8, 2}, {1, 7}, {5, 6}, {3, 4}], [{8, 2}, {1, 7}, {6}, {3, 5}, {4}], [{8, 2}, {1, 7}, {6}, {4, 5}, {3}], [{8, 2}, {1, 7}, {6}, {5}, {3, 4}], [{8, 2}, {3, 7}, {1, 6}, {4, 5}], [{8, 2}, {3, 7}, {4, 6}, {1, 5}], [{8, 2}, {3, 7}, {5, 6}, {1, 4}], [{8, 2}, {3, 7}, {6}, {1, 5}, {4}], [{8, 2}, {3, 7}, {6}, {4, 5}, {1}], [{8, 2}, {3, 7}, {6}, {5}, {1, 4}], [{8, 2}, {4, 7}, {1, 6}, {3, 5}], [{8, 2}, {4, 7}, {3, 6}, {1, 5}], [{8, 2}, {4, 7}, {5, 6}, {1, 3}], [{8, 2}, {4, 7}, {6}, {1, 5}, {3}], [{8, 2}, {4, 7}, {6}, {3, 5}, {1}], [{8, 2}, {4, 7}, {6}, {5}, {1, 3}], [{8, 2}, {5, 7}, {1, 6}, {3, 4}], [{8, 2}, {5, 7}, {3, 6}, {1, 4}], [{8, 2}, {5, 7}, {4, 6}, {1, 3}], [{8, 2}, {5, 7}, {6}, {1, 4}, {3}], [{8, 2}, {5, 7}, {6}, {3, 4}, {1}], [{8, 2}, {5, 7}, {6}, {4}, {1, 3}], [{8, 2}, {6, 7}, {1, 5}, {3, 4}], [{8, 2}, {6, 7}, {1, 5}, {4}, {3}], [{8, 2}, {6, 7}, {3, 5}, {1, 4}], [{8, 2}, {6, 7}, {4, 5}, {1, 3}], [{8, 2}, {7}, {3, 6}, {1, 5}, {4}], [{8, 2}, {7}, {4, 6}, {1, 5}, {3}], [{8, 2}, {7}, {6}, {1, 5}, {3, 4}], [{8, 2}, {7}, {6}, {1, 5}, {4}, {3}], [{8, 2}, {7}, {6}, {3, 5}, {1, 4}], [{8, 2}, {7}, {6}, {4, 5}, {1, 3}], [{8, 3}, {1, 7}, {2, 6}, {4, 5}], [{8, 3}, {1, 7}, {4, 6}, {2, 5}], [{8, 3}, {1, 7}, {5, 6}, {2, 4}], [{8, 3}, {1, 7}, {6}, {5}, {2, 4}], [{8, 3}, {2, 7}, {1, 6}, {4, 5}], [{8, 3}, {2, 7}, {4, 6}, {1, 5}], [{8, 3}, {2, 7}, {5, 6}, {1, 4}], [{8, 3}, {2, 7}, {5, 6}, {4}, {1}], [{8, 3}, {4, 7}, {1, 6}, {2, 5}], [{8, 3}, {4, 7}, {2, 6}, {1, 5}], [{8, 3}, {4, 7}, {5, 6}, {1, 2}], [{8, 3}, {4, 7}, {6}, {1, 5}, {2}], [{8, 3}, {5, 7}, {1, 6}, {2, 4}], [{8, 3}, {5, 7}, {2, 6}, {1, 4}], [{8, 3}, {5, 7}, {4, 6}, {1, 2}], [{8, 3}, {5, 7}, {4, 6}, {2}, {1}], [{8, 3}, {5, 7}, {6}, {4}, {1, 2}], [{8, 3}, {6, 7}, {1, 5}, {2, 4}], [{8, 3}, {6, 7}, {2, 5}, {1, 4}], [{8, 3}, {6, 7}, {4, 5}, {1, 2}], [{8, 3}, {7}, {1, 6}, {2, 5}, {4}], [{8, 3}, {7}, {2, 6}, {4, 5}, {1}], [{8, 4}, {1, 7}, {2, 6}, {3, 5}], [{8, 4}, {1, 7}, {3, 6}, {2, 5}], [{8, 4}, {1, 7}, {3, 6}, {5}, {2}], [{8, 4}, {1, 7}, {5, 6}, {2, 3}], [{8, 4}, {1, 7}, {5, 6}, {3}, {2}], [{8, 4}, {1, 7}, {6}, {3, 5}, {2}], [{8, 4}, {2, 7}, {1, 6}, {3, 5}], [{8, 4}, {2, 7}, {3, 6}, {1, 5}], [{8, 4}, {2, 7}, {5, 6}, {1, 3}], [{8, 4}, {2, 7}, {6}, {1, 5}, {3}], [{8, 4}, {3, 7}, {1, 6}, {2, 5}], [{8, 4}, {3, 7}, {2, 6}, {1, 5}], [{8, 4}, {3, 7}, {2, 6}, {5}, {1}], [{8, 4}, {3, 7}, {5, 6}, {1, 2}], [{8, 4}, {5, 7}, {1, 6}, {2, 3}], [{8, 4}, {5, 7}, {2, 6}, {1, 3}], [{8, 4}, {5, 7}, {3, 6}, {1, 2}], [{8, 4}, {5, 7}, {3, 6}, {2}, {1}], [{8, 4}, {5, 7}, {6}, {3}, {1, 2}], [{8, 4}, {6, 7}, {1, 5}, {2, 3}], [{8, 4}, {6, 7}, {2, 5}, {1, 3}], [{8, 4}, {6, 7}, {3, 5}, {1, 2}], [{8, 4}, {6, 7}, {5}, {2, 3}, {1}], [{8, 4}, {7}, {1, 6}, {2, 5}, {3}], [{8, 4}, {7}, {3, 6}, {1, 5}, {2}], [{8, 5}, {1, 7}, {2, 6}, {3, 4}], [{8, 5}, {1, 7}, {3, 6}, {2, 4}], [{8, 5}, {1, 7}, {4, 6}, {2, 3}], [{8, 5}, {1, 7}, {6}, {2, 4}, {3}], [{8, 5}, {2, 7}, {1, 6}, {3, 4}], [{8, 5}, {2, 7}, {3, 6}, {1, 4}], [{8, 5}, {2, 7}, {4, 6}, {1, 3}], [{8, 5}, {2, 7}, {4, 6}, {3}, {1}], [{8, 5}, {3, 7}, {1, 6}, {2, 4}], [{8, 5}, {3, 7}, {2, 6}, {1, 4}], [{8, 5}, {3, 7}, {2, 6}, {4}, {1}], [{8, 5}, {3, 7}, {4, 6}, {1, 2}], [{8, 5}, {3, 7}, {4, 6}, {2}, {1}], [{8, 5}, {3, 7}, {6}, {2, 4}, {1}], [{8, 5}, {4, 7}, {1, 6}, {2, 3}], [{8, 5}, {4, 7}, {2, 6}, {1, 3}], [{8, 5}, {4, 7}, {3, 6}, {1, 2}], [{8, 5}, {4, 7}, {3, 6}, {2}, {1}], [{8, 5}, {6, 7}, {1, 4}, {2, 3}], [{8, 5}, {6, 7}, {2, 4}, {1, 3}], [{8, 5}, {6, 7}, {3, 4}, {1, 2}], [{8, 5}, {6, 7}, {4}, {3}, {1, 2}], [{8, 5}, {7}, {1, 6}, {4}, {2, 3}], [{8, 5}, {7}, {4, 6}, {2, 3}, {1}], [{8, 5}, {7}, {6}, {1, 4}, {2, 3}], [{8, 5}, {7}, {6}, {2, 4}, {1, 3}], [{8, 6}, {1, 7}, {2, 5}, {3, 4}], [{8, 6}, {1, 7}, {3, 5}, {2, 4}], [{8, 6}, {1, 7}, {3, 5}, {4}, {2}], [{8, 6}, {1, 7}, {4, 5}, {2, 3}], [{8, 6}, {1, 7}, {4, 5}, {3}, {2}], [{8, 6}, {1, 7}, {5}, {3, 4}, {2}], [{8, 6}, {2, 7}, {1, 5}, {3, 4}], [{8, 6}, {2, 7}, {3, 5}, {1, 4}], [{8, 6}, {2, 7}, {4, 5}, {1, 3}], [{8, 6}, {2, 7}, {5}, {4}, {1, 3}], [{8, 6}, {3, 7}, {1, 5}, {2, 4}], [{8, 6}, {3, 7}, {1, 5}, {4}, {2}], [{8, 6}, {3, 7}, {2, 5}, {1, 4}], [{8, 6}, {3, 7}, {4, 5}, {1, 2}], [{8, 6}, {3, 7}, {4, 5}, {2}, {1}], [{8, 6}, {3, 7}, {5}, {1, 4}, {2}], [{8, 6}, {4, 7}, {1, 5}, {2, 3}], [{8, 6}, {4, 7}, {1, 5}, {3}, {2}], [{8, 6}, {4, 7}, {2, 5}, {1, 3}], [{8, 6}, {4, 7}, {3, 5}, {1, 2}], [{8, 6}, {4, 7}, {3, 5}, {2}, {1}], [{8, 6}, {4, 7}, {5}, {1, 3}, {2}], [{8, 6}, {5, 7}, {1, 4}, {2, 3}], [{8, 6}, {5, 7}, {1, 4}, {3}, {2}], [{8, 6}, {5, 7}, {2, 4}, {1, 3}], [{8, 6}, {5, 7}, {2, 4}, {3}, {1}], [{8, 6}, {5, 7}, {3, 4}, {1, 2}], [{8, 6}, {5, 7}, {3, 4}, {2}, {1}], [{8, 6}, {5, 7}, {4}, {1, 3}, {2}], [{8, 6}, {5, 7}, {4}, {2, 3}, {1}], [{8, 6}, {5, 7}, {4}, {3}, {1, 2}], [{8, 6}, {5, 7}, {4}, {3}, {2}, {1}], [{8, 6}, {7}, {1, 5}, {3, 4}, {2}], [{8, 6}, {7}, {2, 5}, {4}, {1, 3}], [{8, 6}, {7}, {3, 5}, {1, 4}, {2}], [{8, 6}, {7}, {4, 5}, {1, 3}, {2}], [{8, 6}, {7}, {5}, {2, 4}, {1, 3}], [{8, 6}, {7}, {5}, {4}, {1, 3}, {2}], [{8, 7}, {1, 6}, {2, 5}, {3, 4}], [{8, 7}, {1, 6}, {3, 5}, {2, 4}], [{8, 7}, {1, 6}, {4, 5}, {2, 3}], [{8, 7}, {2, 6}, {1, 5}, {3, 4}], [{8, 7}, {2, 6}, {3, 5}, {1, 4}], [{8, 7}, {2, 6}, {4, 5}, {1, 3}], [{8, 7}, {2, 6}, {4, 5}, {3}, {1}], [{8, 7}, {3, 6}, {1, 5}, {2, 4}], [{8, 7}, {3, 6}, {1, 5}, {4}, {2}], [{8, 7}, {3, 6}, {2, 5}, {1, 4}], [{8, 7}, {3, 6}, {4, 5}, {1, 2}], [{8, 7}, {3, 6}, {4, 5}, {2}, {1}], [{8, 7}, {3, 6}, {5}, {1, 4}, {2}], [{8, 7}, {4, 6}, {1, 5}, {2, 3}], [{8, 7}, {4, 6}, {2, 5}, {1, 3}], [{8, 7}, {4, 6}, {3, 5}, {1, 2}], [{8, 7}, {4, 6}, {3, 5}, {2}, {1}], [{8, 7}, {5, 6}, {1, 4}, {2, 3}], [{8, 7}, {5, 6}, {2, 4}, {1, 3}], [{8, 7}, {5, 6}, {3, 4}, {1, 2}], [{8, 7}, {5, 6}, {4}, {3}, {1, 2}], [{8, 7}, {6}, {1, 5}, {2, 4}, {3}], [{8, 7}, {6}, {2, 5}, {1, 4}, {3}], [{8, 7}, {6}, {4, 5}, {2, 3}, {1}], [{8}, {1, 7}, {2, 6}, {3, 5}, {4}], [{8}, {1, 7}, {2, 6}, {4, 5}, {3}], [{8}, {1, 7}, {2, 6}, {5}, {3, 4}], [{8}, {1, 7}, {4, 6}, {3, 5}, {2}], [{8}, {1, 7}, {6}, {3, 5}, {2, 4}], [{8}, {1, 7}, {6}, {3, 5}, {4}, {2}], [{8}, {2, 7}, {1, 6}, {5}, {3, 4}], [{8}, {2, 7}, {3, 6}, {1, 5}, {4}], [{8}, {2, 7}, {5, 6}, {1, 4}, {3}], [{8}, {3, 7}, {2, 6}, {1, 5}, {4}], [{8}, {3, 7}, {2, 6}, {4, 5}, {1}], [{8}, {3, 7}, {2, 6}, {5}, {1, 4}], [{8}, {3, 7}, {2, 6}, {5}, {4}, {1}], [{8}, {4, 7}, {1, 6}, {5}, {2, 3}], [{8}, {4, 7}, {2, 6}, {1, 5}, {3}], [{8}, {4, 7}, {2, 6}, {3, 5}, {1}], [{8}, {4, 7}, {2, 6}, {5}, {1, 3}], [{8}, {4, 7}, {3, 6}, {1, 5}, {2}], [{8}, {4, 7}, {5, 6}, {2, 3}, {1}], [{8}, {4, 7}, {6}, {1, 5}, {2, 3}], [{8}, {4, 7}, {6}, {1, 5}, {3}, {2}], [{8}, {5, 7}, {1, 6}, {3, 4}, {2}], [{8}, {5, 7}, {2, 6}, {1, 4}, {3}], [{8}, {5, 7}, {2, 6}, {3, 4}, {1}], [{8}, {5, 7}, {2, 6}, {4}, {1, 3}], [{8}, {5, 7}, {3, 6}, {4}, {1, 2}], [{8}, {5, 7}, {4, 6}, {3}, {1, 2}], [{8}, {5, 7}, {6}, {3, 4}, {1, 2}], [{8}, {5, 7}, {6}, {3, 4}, {2}, {1}], [{8}, {6, 7}, {3, 5}, {2, 4}, {1}], [{8}, {7}, {1, 6}, {2, 5}, {3, 4}], [{8}, {7}, {1, 6}, {3, 5}, {2, 4}], [{8}, {7}, {2, 6}, {1, 5}, {3, 4}], [{8}, {7}, {2, 6}, {3, 5}, {1, 4}], [{8}, {7}, {2, 6}, {4, 5}, {1, 3}], [{8}, {7}, {2, 6}, {4, 5}, {3}, {1}], [{8}, {7}, {3, 6}, {1, 5}, {2, 4}], [{8}, {7}, {3, 6}, {2, 5}, {1, 4}], [{8}, {7}, {5, 6}, {2, 4}, {1, 3}]]",2,- 18 K_1^2 + 9 K_2 + 10,O1O2O3U4O5U3U1O4U2U6O7U5U7O8O6U8,O1O2U1O3O4U5O6O7U2O5U7U4U6O8U3U8,O1O2U3O4O5U6O7O6U8U5O8U2U4U1O3U7,c,{'O1O2O3U4O5O4U6U7O6U5U2O8U3U1O7U8'},1,"<a href=""/flatknot/8.975761"">8.975761</a>",t^9-38t^7-96t^6+72t^5+372t^4+222t^3-36t^2-17t,t^2-2t,,
8.975762,O1O2O3U4O5O4U6U7O6U5U3O8U1U8O7U2,4,6z^3+46z^2+113z+91,6w^4z^3+46w^3z^2+113w^2z+91w,False,False,"[[ 0 -1  1  1  1  0 -1 -2  1],[ 1  0  1  0  2 -1  1 -1  1],[-1 -1  0  1  0  0 -2 -2  0],[-1  0 -1  0  0 -1 -1 -1  0],[-1 -2  0  0  0  0 -2 -2  1],[ 0  1  0  1  0  0  0  1  0],[ 1 -1  2  1  2  0  0 -2  1],[ 2  1  2  1  2 -1  2  0  1],[-1 -1  0  0 -1  0 -1 -1  0]]","[[ 0  1  1  1  1  0 -1 -1 -2],[-1  0  1  0  0  0 -1 -2 -2],[-1 -1  0  0  0 -1  0 -1 -1],[-1  0  0  0  1  0 -2 -2 -2],[-1  0  0 -1  0  0 -1 -1 -1],[ 0  0  1  0  0  0  1  0  1],[ 1  1  0  2  1 -1  0  1 -1],[ 1  2  1  2  1  0 -1  0 -2],[ 2  2  1  2  1 -1  1  2  0]]",True,"[-1,-1,-1,-1,0,1,1,2,-1,0,0,0,1,2,2,0,0,1,0,1,1,-1,0,2,2,2,0,1,1,1,-1,0,-1,-1,1,2]","[-2,-1,-1,0,1,1,1,1,-1,0,3,1,1,2,2,1,1,0,0,1,1,2,0,1,1,2,1,1,1,0,0,-1,0,0,-1,0]",t^8+37t^6+137t^4+76t^2,"[-2,-1,-1,0,1,1,1,1,-1,0,3,1,1,2,2,1,1,0,0,1,1,2,0,1,1,2,1,1,1,0,0,-1,0,0,-1,0]","[-1,-1,-1,-1,0,1,1,2,-1,0,0,0,1,2,2,0,0,1,0,1,1,-1,1,1,1,2,1,0,0,1,1,2,3,-1,-1,0]","[-2,-1,-1,0,1,1,1,1,1,2,-1,1,1,2,2,1,-1,0,1,1,2,0,1,1,2,2,1,0,0,0,0,-1,0,0,-1,0]",c,"[[{8, 1}, {2, 7}, {3, 6}, {4, 5}], [{8, 1}, {2, 7}, {3, 6}, {5}, {4}], [{8, 1}, {2, 7}, {4, 6}, {3, 5}], [{8, 1}, {2, 7}, {5, 6}, {3, 4}], [{8, 1}, {2, 7}, {6}, {4, 5}, {3}], [{8, 1}, {3, 7}, {2, 6}, {4, 5}], [{8, 1}, {3, 7}, {4, 6}, {2, 5}], [{8, 1}, {3, 7}, {5, 6}, {2, 4}], [{8, 1}, {3, 7}, {5, 6}, {4}, {2}], [{8, 1}, {4, 7}, {2, 6}, {3, 5}], [{8, 1}, {4, 7}, {3, 6}, {2, 5}], [{8, 1}, {4, 7}, {3, 6}, {5}, {2}], [{8, 1}, {4, 7}, {5, 6}, {2, 3}], [{8, 1}, {5, 7}, {2, 6}, {3, 4}], [{8, 1}, {5, 7}, {2, 6}, {4}, {3}], [{8, 1}, {5, 7}, {3, 6}, {2, 4}], [{8, 1}, {5, 7}, {4, 6}, {2, 3}], [{8, 1}, {6, 7}, {2, 5}, {3, 4}], [{8, 1}, {6, 7}, {3, 5}, {2, 4}], [{8, 1}, {6, 7}, {4, 5}, {2, 3}], [{8, 1}, {6, 7}, {5}, {4}, {2, 3}], [{8, 1}, {7}, {3, 6}, {5}, {2, 4}], [{8, 1}, {7}, {4, 6}, {3, 5}, {2}], [{8, 2}, {1, 7}, {3, 6}, {4, 5}], [{8, 2}, {1, 7}, {4, 6}, {3, 5}], [{8, 2}, {1, 7}, {5, 6}, {3, 4}], [{8, 2}, {1, 7}, {6}, {4, 5}, {3}], [{8, 2}, {3, 7}, {1, 6}, {4, 5}], [{8, 2}, {3, 7}, {4, 6}, {1, 5}], [{8, 2}, {3, 7}, {5, 6}, {1, 4}], [{8, 2}, {3, 7}, {6}, {1, 5}, {4}], [{8, 2}, {4, 7}, {1, 6}, {3, 5}], [{8, 2}, {4, 7}, {3, 6}, {1, 5}], [{8, 2}, {4, 7}, {3, 6}, {5}, {1}], [{8, 2}, {4, 7}, {5, 6}, {1, 3}], [{8, 2}, {4, 7}, {5, 6}, {3}, {1}], [{8, 2}, {4, 7}, {6}, {3, 5}, {1}], [{8, 2}, {5, 7}, {1, 6}, {3, 4}], [{8, 2}, {5, 7}, {3, 6}, {1, 4}], [{8, 2}, {5, 7}, {4, 6}, {1, 3}], [{8, 2}, {5, 7}, {4, 6}, {3}, {1}], [{8, 2}, {6, 7}, {1, 5}, {3, 4}], [{8, 2}, {6, 7}, {3, 5}, {1, 4}], [{8, 2}, {6, 7}, {4, 5}, {1, 3}], [{8, 2}, {6, 7}, {5}, {3, 4}, {1}], [{8, 3}, {1, 7}, {2, 6}, {4, 5}], [{8, 3}, {1, 7}, {4, 6}, {2, 5}], [{8, 3}, {1, 7}, {5, 6}, {2, 4}], [{8, 3}, {1, 7}, {5, 6}, {4}, {2}], [{8, 3}, {2, 7}, {1, 6}, {4, 5}], [{8, 3}, {2, 7}, {4, 6}, {1, 5}], [{8, 3}, {2, 7}, {5, 6}, {1, 4}], [{8, 3}, {2, 7}, {6}, {5}, {1, 4}], [{8, 3}, {4, 7}, {1, 6}, {2, 5}], [{8, 3}, {4, 7}, {2, 6}, {1, 5}], [{8, 3}, {4, 7}, {2, 6}, {5}, {1}], [{8, 3}, {4, 7}, {5, 6}, {1, 2}], [{8, 3}, {4, 7}, {5, 6}, {2}, {1}], [{8, 3}, {4, 7}, {6}, {2, 5}, {1}], [{8, 3}, {5, 7}, {1, 6}, {2, 4}], [{8, 3}, {5, 7}, {2, 6}, {1, 4}], [{8, 3}, {5, 7}, {2, 6}, {4}, {1}], [{8, 3}, {5, 7}, {4, 6}, {1, 2}], [{8, 3}, {6, 7}, {1, 5}, {2, 4}], [{8, 3}, {6, 7}, {2, 5}, {1, 4}], [{8, 3}, {6, 7}, {4, 5}, {1, 2}], [{8, 3}, {7}, {1, 6}, {4, 5}, {2}], [{8, 3}, {7}, {2, 6}, {4, 5}, {1}], [{8, 3}, {7}, {4, 6}, {1, 5}, {2}], [{8, 3}, {7}, {5, 6}, {1, 4}, {2}], [{8, 3}, {7}, {6}, {4, 5}, {1, 2}], [{8, 4}, {1, 7}, {2, 6}, {3, 5}], [{8, 4}, {1, 7}, {3, 6}, {2, 5}], [{8, 4}, {1, 7}, {5, 6}, {2, 3}], [{8, 4}, {2, 7}, {1, 6}, {3, 5}], [{8, 4}, {2, 7}, {3, 6}, {1, 5}], [{8, 4}, {2, 7}, {5, 6}, {1, 3}], [{8, 4}, {3, 7}, {1, 6}, {2, 5}], [{8, 4}, {3, 7}, {2, 6}, {1, 5}], [{8, 4}, {3, 7}, {5, 6}, {1, 2}], [{8, 4}, {3, 7}, {5, 6}, {2}, {1}], [{8, 4}, {3, 7}, {6}, {5}, {1, 2}], [{8, 4}, {5, 7}, {1, 6}, {2, 3}], [{8, 4}, {5, 7}, {2, 6}, {1, 3}], [{8, 4}, {5, 7}, {3, 6}, {1, 2}], [{8, 4}, {5, 7}, {3, 6}, {2}, {1}], [{8, 4}, {5, 7}, {6}, {3}, {1, 2}], [{8, 4}, {6, 7}, {1, 5}, {2, 3}], [{8, 4}, {6, 7}, {2, 5}, {1, 3}], [{8, 4}, {6, 7}, {3, 5}, {1, 2}], [{8, 4}, {6, 7}, {5}, {3}, {1, 2}], [{8, 4}, {7}, {3, 6}, {5}, {1, 2}], [{8, 4}, {7}, {5, 6}, {3}, {1, 2}], [{8, 4}, {7}, {6}, {3, 5}, {1, 2}], [{8, 4}, {7}, {6}, {5}, {3}, {1, 2}], [{8, 5}, {1, 7}, {2, 6}, {3, 4}], [{8, 5}, {1, 7}, {3, 6}, {2, 4}], [{8, 5}, {1, 7}, {4, 6}, {2, 3}], [{8, 5}, {1, 7}, {6}, {2, 4}, {3}], [{8, 5}, {2, 7}, {1, 6}, {3, 4}], [{8, 5}, {2, 7}, {3, 6}, {1, 4}], [{8, 5}, {2, 7}, {4, 6}, {1, 3}], [{8, 5}, {2, 7}, {6}, {1, 4}, {3}], [{8, 5}, {3, 7}, {1, 6}, {2, 4}], [{8, 5}, {3, 7}, {2, 6}, {1, 4}], [{8, 5}, {3, 7}, {4, 6}, {1, 2}], [{8, 5}, {3, 7}, {6}, {4}, {1, 2}], [{8, 5}, {4, 7}, {1, 6}, {2, 3}], [{8, 5}, {4, 7}, {1, 6}, {3}, {2}], [{8, 5}, {4, 7}, {2, 6}, {1, 3}], [{8, 5}, {4, 7}, {2, 6}, {3}, {1}], [{8, 5}, {4, 7}, {3, 6}, {1, 2}], [{8, 5}, {4, 7}, {3, 6}, {2}, {1}], [{8, 5}, {4, 7}, {6}, {1, 3}, {2}], [{8, 5}, {4, 7}, {6}, {2, 3}, {1}], [{8, 5}, {4, 7}, {6}, {3}, {1, 2}], [{8, 5}, {4, 7}, {6}, {3}, {2}, {1}], [{8, 5}, {6, 7}, {1, 4}, {2, 3}], [{8, 5}, {6, 7}, {2, 4}, {1, 3}], [{8, 5}, {6, 7}, {3, 4}, {1, 2}], [{8, 5}, {6, 7}, {4}, {3}, {1, 2}], [{8, 5}, {7}, {3, 6}, {4}, {1, 2}], [{8, 5}, {7}, {4, 6}, {3}, {1, 2}], [{8, 5}, {7}, {6}, {3, 4}, {1, 2}], [{8, 5}, {7}, {6}, {4}, {3}, {1, 2}], [{8, 6}, {1, 7}, {2, 5}, {3, 4}], [{8, 6}, {1, 7}, {3, 5}, {2, 4}], [{8, 6}, {1, 7}, {4, 5}, {2, 3}], [{8, 6}, {2, 7}, {1, 5}, {3, 4}], [{8, 6}, {2, 7}, {1, 5}, {4}, {3}], [{8, 6}, {2, 7}, {3, 5}, {1, 4}], [{8, 6}, {2, 7}, {4, 5}, {1, 3}], [{8, 6}, {3, 7}, {1, 5}, {2, 4}], [{8, 6}, {3, 7}, {2, 5}, {1, 4}], [{8, 6}, {3, 7}, {2, 5}, {4}, {1}], [{8, 6}, {3, 7}, {4, 5}, {1, 2}], [{8, 6}, {4, 7}, {1, 5}, {2, 3}], [{8, 6}, {4, 7}, {2, 5}, {1, 3}], [{8, 6}, {4, 7}, {2, 5}, {3}, {1}], [{8, 6}, {4, 7}, {3, 5}, {1, 2}], [{8, 6}, {4, 7}, {3, 5}, {2}, {1}], [{8, 6}, {4, 7}, {5}, {2, 3}, {1}], [{8, 6}, {5, 7}, {1, 4}, {2, 3}], [{8, 6}, {5, 7}, {2, 4}, {1, 3}], [{8, 6}, {5, 7}, {2, 4}, {3}, {1}], [{8, 6}, {5, 7}, {3, 4}, {1, 2}], [{8, 6}, {7}, {2, 5}, {3, 4}, {1}], [{8, 6}, {7}, {4, 5}, {3}, {1, 2}], [{8, 7}, {1, 6}, {2, 5}, {3, 4}], [{8, 7}, {1, 6}, {3, 5}, {2, 4}], [{8, 7}, {1, 6}, {4, 5}, {2, 3}], [{8, 7}, {1, 6}, {4, 5}, {3}, {2}], [{8, 7}, {2, 6}, {1, 5}, {3, 4}], [{8, 7}, {2, 6}, {3, 5}, {1, 4}], [{8, 7}, {2, 6}, {4, 5}, {1, 3}], [{8, 7}, {2, 6}, {4, 5}, {3}, {1}], [{8, 7}, {3, 6}, {1, 5}, {2, 4}], [{8, 7}, {3, 6}, {2, 5}, {1, 4}], [{8, 7}, {3, 6}, {4, 5}, {1, 2}], [{8, 7}, {3, 6}, {4, 5}, {2}, {1}], [{8, 7}, {3, 6}, {5}, {4}, {1, 2}], [{8, 7}, {4, 6}, {1, 5}, {2, 3}], [{8, 7}, {4, 6}, {1, 5}, {3}, {2}], [{8, 7}, {4, 6}, {2, 5}, {1, 3}], [{8, 7}, {4, 6}, {3, 5}, {1, 2}], [{8, 7}, {5, 6}, {1, 4}, {2, 3}], [{8, 7}, {5, 6}, {1, 4}, {3}, {2}], [{8, 7}, {5, 6}, {2, 4}, {1, 3}], [{8, 7}, {5, 6}, {3, 4}, {1, 2}], [{8, 7}, {6}, {2, 5}, {4}, {1, 3}], [{8, 7}, {6}, {4, 5}, {1, 3}, {2}], [{8, 7}, {6}, {4, 5}, {2, 3}, {1}], [{8, 7}, {6}, {4, 5}, {3}, {1, 2}], [{8, 7}, {6}, {4, 5}, {3}, {2}, {1}], [{8, 7}, {6}, {5}, {2, 4}, {1, 3}], [{8}, {2, 7}, {1, 6}, {3, 5}, {4}], [{8}, {2, 7}, {4, 6}, {3, 5}, {1}], [{8}, {2, 7}, {6}, {3, 5}, {1, 4}], [{8}, {3, 7}, {1, 6}, {4, 5}, {2}], [{8}, {3, 7}, {2, 6}, {4, 5}, {1}], [{8}, {3, 7}, {4, 6}, {1, 5}, {2}], [{8}, {3, 7}, {5, 6}, {1, 4}, {2}], [{8}, {3, 7}, {6}, {4, 5}, {1, 2}], [{8}, {4, 7}, {2, 6}, {3, 5}, {1}], [{8}, {4, 7}, {3, 6}, {1, 5}, {2}], [{8}, {4, 7}, {3, 6}, {2, 5}, {1}], [{8}, {4, 7}, {3, 6}, {5}, {1, 2}], [{8}, {4, 7}, {3, 6}, {5}, {2}, {1}], [{8}, {4, 7}, {5, 6}, {2, 3}, {1}], [{8}, {5, 7}, {2, 6}, {4}, {1, 3}], [{8}, {5, 7}, {3, 6}, {4}, {1, 2}], [{8}, {6, 7}, {1, 5}, {2, 4}, {3}], [{8}, {6, 7}, {4, 5}, {3}, {1, 2}], [{8}, {7}, {3, 6}, {4, 5}, {1, 2}], [{8}, {7}, {4, 6}, {2, 5}, {1, 3}], [{8}, {7}, {5, 6}, {2, 4}, {1, 3}], [{8}, {7}, {6}, {4, 5}, {3}, {1, 2}]]",2,12 K_1^3 - 10 K_1^2 - 16 K_1 K_2 - K_1 + 5 K_2 + 5 K_3 + 6,O1O2O3U2O4U5U3O5U1U6O7U4U7O8O6U8,O1O2U1O3O4U5O6O5U2O7U6U7U4O8U3U8,O1O2U1O3O4U5O6O5U7U4O7U3U8U2O8U6,c,{'O1O2O3U4O5O4U6U7O6U5U3O8U1U8O7U2'},1,"<a href=""/flatknot/8.975762"">8.975762</a>",t^9-39t^7-106t^6-2t^5+222t^4+190t^3+28t^2-40t-36,t^2-2t,,
8.975763,O1O2O3U4O5O4U6U7O6U5U3O8U2U1O7U8,4,6z^3+46z^2+113z+91,6w^4z^3+46w^3z^2+113w^2z+91w,False,False,"[[ 0  0  0  1  1  0 -1 -2  1],[ 0  0  0  0  1 -1  0 -2  1],[ 0  0  0  0  1 -1  0 -1  0],[-1  0  0  0  0 -1 -1 -1 -1],[-1 -1 -1  0  0  0 -2 -2  1],[ 0  1  1  1  0  0  0  1 -1],[ 1  0  0  1  2  0  0 -2  2],[ 2  2  1  1  2 -1  2  0  1],[-1 -1  0  1 -1  1 -2 -1  0]]","[[ 0  1  1  1  0  0  0 -1 -2],[-1  0  1  0  0 -1 -1 -2 -2],[-1 -1  0  1  1  0 -1 -2 -1],[-1  0 -1  0 -1  0  0 -1 -1],[ 0  0 -1  1  0  1  1  0  1],[ 0  1  0  0 -1  0  0  0 -1],[ 0  1  1  0 -1  0  0  0 -2],[ 1  2  2  1  0  0  0  0 -2],[ 2  2  1  1 -1  1  2  2  0]]",True,"[-1,-1,-1,0,0,0,1,2,-1,0,0,1,1,2,2,-1,-1,0,1,2,1,1,0,0,1,1,-1,-1,0,-1,0,0,1,0,2,2]","[-2,-1,0,0,0,1,1,1,-1,0,1,3,1,2,2,1,1,1,0,0,1,0,1,0,0,1,1,0,1,1,1,2,0,-1,0,-1]",t^8+34t^6+164t^4+58t^2+1,"[-2,-1,0,0,0,1,1,1,-1,0,1,3,1,2,2,1,1,1,0,0,1,0,1,0,0,1,1,0,1,1,1,2,0,-1,0,-1]","[-1,-1,-1,0,0,0,1,2,-1,0,0,1,1,1,2,-1,2,0,1,0,2,1,0,0,0,1,1,1,1,3,0,1,0,1,1,-1]","[-2,-1,0,0,0,1,1,1,2,-1,1,2,1,1,2,0,0,0,1,2,2,1,1,1,-1,0,0,0,0,1,0,1,1,-1,0,-1]",c,"[[{8, 1}, {2, 7}, {3, 6}, {4, 5}], [{8, 1}, {2, 7}, {4, 6}, {3, 5}], [{8, 1}, {2, 7}, {5, 6}, {3, 4}], [{8, 1}, {2, 7}, {6}, {4, 5}, {3}], [{8, 1}, {3, 7}, {2, 6}, {4, 5}], [{8, 1}, {3, 7}, {4, 6}, {2, 5}], [{8, 1}, {3, 7}, {5, 6}, {2, 4}], [{8, 1}, {3, 7}, {6}, {4, 5}, {2}], [{8, 1}, {4, 7}, {2, 6}, {3, 5}], [{8, 1}, {4, 7}, {3, 6}, {2, 5}], [{8, 1}, {4, 7}, {3, 6}, {5}, {2}], [{8, 1}, {4, 7}, {5, 6}, {2, 3}], [{8, 1}, {5, 7}, {2, 6}, {3, 4}], [{8, 1}, {5, 7}, {3, 6}, {2, 4}], [{8, 1}, {5, 7}, {3, 6}, {4}, {2}], [{8, 1}, {5, 7}, {4, 6}, {2, 3}], [{8, 1}, {6, 7}, {2, 5}, {3, 4}], [{8, 1}, {6, 7}, {3, 5}, {2, 4}], [{8, 1}, {6, 7}, {4, 5}, {2, 3}], [{8, 1}, {6, 7}, {4, 5}, {3}, {2}], [{8, 1}, {7}, {2, 6}, {4, 5}, {3}], [{8, 1}, {7}, {3, 6}, {4, 5}, {2}], [{8, 1}, {7}, {4, 6}, {2, 5}, {3}], [{8, 1}, {7}, {5, 6}, {2, 4}, {3}], [{8, 1}, {7}, {6}, {4, 5}, {2, 3}], [{8, 1}, {7}, {6}, {4, 5}, {3}, {2}], [{8, 2}, {1, 7}, {3, 6}, {4, 5}], [{8, 2}, {1, 7}, {4, 6}, {3, 5}], [{8, 2}, {1, 7}, {5, 6}, {3, 4}], [{8, 2}, {1, 7}, {6}, {4, 5}, {3}], [{8, 2}, {3, 7}, {1, 6}, {4, 5}], [{8, 2}, {3, 7}, {4, 6}, {1, 5}], [{8, 2}, {3, 7}, {5, 6}, {1, 4}], [{8, 2}, {3, 7}, {5, 6}, {4}, {1}], [{8, 2}, {4, 7}, {1, 6}, {3, 5}], [{8, 2}, {4, 7}, {3, 6}, {1, 5}], [{8, 2}, {4, 7}, {3, 6}, {5}, {1}], [{8, 2}, {4, 7}, {5, 6}, {1, 3}], [{8, 2}, {4, 7}, {6}, {1, 5}, {3}], [{8, 2}, {5, 7}, {1, 6}, {3, 4}], [{8, 2}, {5, 7}, {3, 6}, {1, 4}], [{8, 2}, {5, 7}, {4, 6}, {1, 3}], [{8, 2}, {5, 7}, {6}, {4}, {1, 3}], [{8, 2}, {6, 7}, {1, 5}, {3, 4}], [{8, 2}, {6, 7}, {3, 5}, {1, 4}], [{8, 2}, {6, 7}, {4, 5}, {1, 3}], [{8, 2}, {7}, {1, 6}, {3, 5}, {4}], [{8, 2}, {7}, {4, 6}, {3, 5}, {1}], [{8, 2}, {7}, {6}, {3, 5}, {1, 4}], [{8, 3}, {1, 7}, {2, 6}, {4, 5}], [{8, 3}, {1, 7}, {4, 6}, {2, 5}], [{8, 3}, {1, 7}, {5, 6}, {2, 4}], [{8, 3}, {1, 7}, {6}, {4, 5}, {2}], [{8, 3}, {2, 7}, {1, 6}, {4, 5}], [{8, 3}, {2, 7}, {1, 6}, {5}, {4}], [{8, 3}, {2, 7}, {4, 6}, {1, 5}], [{8, 3}, {2, 7}, {5, 6}, {1, 4}], [{8, 3}, {4, 7}, {1, 6}, {2, 5}], [{8, 3}, {4, 7}, {2, 6}, {1, 5}], [{8, 3}, {4, 7}, {5, 6}, {1, 2}], [{8, 3}, {4, 7}, {6}, {1, 5}, {2}], [{8, 3}, {5, 7}, {1, 6}, {2, 4}], [{8, 3}, {5, 7}, {2, 6}, {1, 4}], [{8, 3}, {5, 7}, {4, 6}, {1, 2}], [{8, 3}, {5, 7}, {4, 6}, {2}, {1}], [{8, 3}, {5, 7}, {6}, {4}, {1, 2}], [{8, 3}, {6, 7}, {1, 5}, {2, 4}], [{8, 3}, {6, 7}, {2, 5}, {1, 4}], [{8, 3}, {6, 7}, {4, 5}, {1, 2}], [{8, 3}, {6, 7}, {5}, {2, 4}, {1}], [{8, 3}, {7}, {2, 6}, {4, 5}, {1}], [{8, 3}, {7}, {6}, {2, 5}, {1, 4}], [{8, 4}, {1, 7}, {2, 6}, {3, 5}], [{8, 4}, {1, 7}, {2, 6}, {5}, {3}], [{8, 4}, {1, 7}, {3, 6}, {2, 5}], [{8, 4}, {1, 7}, {3, 6}, {5}, {2}], [{8, 4}, {1, 7}, {5, 6}, {2, 3}], [{8, 4}, {1, 7}, {5, 6}, {3}, {2}], [{8, 4}, {1, 7}, {6}, {2, 5}, {3}], [{8, 4}, {1, 7}, {6}, {3, 5}, {2}], [{8, 4}, {1, 7}, {6}, {5}, {2, 3}], [{8, 4}, {1, 7}, {6}, {5}, {3}, {2}], [{8, 4}, {2, 7}, {1, 6}, {3, 5}], [{8, 4}, {2, 7}, {3, 6}, {1, 5}], [{8, 4}, {2, 7}, {3, 6}, {5}, {1}], [{8, 4}, {2, 7}, {5, 6}, {1, 3}], [{8, 4}, {3, 7}, {1, 6}, {2, 5}], [{8, 4}, {3, 7}, {1, 6}, {5}, {2}], [{8, 4}, {3, 7}, {2, 6}, {1, 5}], [{8, 4}, {3, 7}, {5, 6}, {1, 2}], [{8, 4}, {5, 7}, {1, 6}, {2, 3}], [{8, 4}, {5, 7}, {2, 6}, {1, 3}], [{8, 4}, {5, 7}, {3, 6}, {1, 2}], [{8, 4}, {5, 7}, {3, 6}, {2}, {1}], [{8, 4}, {6, 7}, {1, 5}, {2, 3}], [{8, 4}, {6, 7}, {2, 5}, {1, 3}], [{8, 4}, {6, 7}, {3, 5}, {1, 2}], [{8, 4}, {6, 7}, {5}, {1, 3}, {2}], [{8, 4}, {7}, {3, 6}, {1, 5}, {2}], [{8, 4}, {7}, {3, 6}, {2, 5}, {1}], [{8, 4}, {7}, {3, 6}, {5}, {1, 2}], [{8, 4}, {7}, {3, 6}, {5}, {2}, {1}], [{8, 5}, {1, 7}, {2, 6}, {3, 4}], [{8, 5}, {1, 7}, {2, 6}, {4}, {3}], [{8, 5}, {1, 7}, {3, 6}, {2, 4}], [{8, 5}, {1, 7}, {3, 6}, {4}, {2}], [{8, 5}, {1, 7}, {4, 6}, {2, 3}], [{8, 5}, {1, 7}, {4, 6}, {3}, {2}], [{8, 5}, {1, 7}, {6}, {2, 4}, {3}], [{8, 5}, {1, 7}, {6}, {3, 4}, {2}], [{8, 5}, {1, 7}, {6}, {4}, {2, 3}], [{8, 5}, {1, 7}, {6}, {4}, {3}, {2}], [{8, 5}, {2, 7}, {1, 6}, {3, 4}], [{8, 5}, {2, 7}, {3, 6}, {1, 4}], [{8, 5}, {2, 7}, {4, 6}, {1, 3}], [{8, 5}, {3, 7}, {1, 6}, {2, 4}], [{8, 5}, {3, 7}, {2, 6}, {1, 4}], [{8, 5}, {3, 7}, {4, 6}, {1, 2}], [{8, 5}, {3, 7}, {4, 6}, {2}, {1}], [{8, 5}, {4, 7}, {1, 6}, {2, 3}], [{8, 5}, {4, 7}, {2, 6}, {1, 3}], [{8, 5}, {4, 7}, {3, 6}, {1, 2}], [{8, 5}, {4, 7}, {3, 6}, {2}, {1}], [{8, 5}, {6, 7}, {1, 4}, {2, 3}], [{8, 5}, {6, 7}, {2, 4}, {1, 3}], [{8, 5}, {6, 7}, {3, 4}, {1, 2}], [{8, 5}, {6, 7}, {4}, {2, 3}, {1}], [{8, 5}, {7}, {1, 6}, {4}, {2, 3}], [{8, 5}, {7}, {3, 6}, {1, 4}, {2}], [{8, 5}, {7}, {4, 6}, {1, 3}, {2}], [{8, 6}, {1, 7}, {2, 5}, {3, 4}], [{8, 6}, {1, 7}, {3, 5}, {2, 4}], [{8, 6}, {1, 7}, {4, 5}, {2, 3}], [{8, 6}, {1, 7}, {4, 5}, {3}, {2}], [{8, 6}, {2, 7}, {1, 5}, {3, 4}], [{8, 6}, {2, 7}, {3, 5}, {1, 4}], [{8, 6}, {2, 7}, {4, 5}, {1, 3}], [{8, 6}, {2, 7}, {5}, {4}, {1, 3}], [{8, 6}, {3, 7}, {1, 5}, {2, 4}], [{8, 6}, {3, 7}, {1, 5}, {4}, {2}], [{8, 6}, {3, 7}, {2, 5}, {1, 4}], [{8, 6}, {3, 7}, {4, 5}, {1, 2}], [{8, 6}, {4, 7}, {1, 5}, {2, 3}], [{8, 6}, {4, 7}, {1, 5}, {3}, {2}], [{8, 6}, {4, 7}, {2, 5}, {1, 3}], [{8, 6}, {4, 7}, {3, 5}, {1, 2}], [{8, 6}, {5, 7}, {1, 4}, {2, 3}], [{8, 6}, {5, 7}, {2, 4}, {1, 3}], [{8, 6}, {5, 7}, {3, 4}, {1, 2}], [{8, 6}, {5, 7}, {4}, {1, 3}, {2}], [{8, 6}, {7}, {1, 5}, {3, 4}, {2}], [{8, 6}, {7}, {2, 5}, {4}, {1, 3}], [{8, 6}, {7}, {3, 5}, {4}, {1, 2}], [{8, 7}, {1, 6}, {2, 5}, {3, 4}], [{8, 7}, {1, 6}, {3, 5}, {2, 4}], [{8, 7}, {1, 6}, {4, 5}, {2, 3}], [{8, 7}, {1, 6}, {4, 5}, {3}, {2}], [{8, 7}, {2, 6}, {1, 5}, {3, 4}], [{8, 7}, {2, 6}, {3, 5}, {1, 4}], [{8, 7}, {2, 6}, {4, 5}, {1, 3}], [{8, 7}, {2, 6}, {4, 5}, {3}, {1}], [{8, 7}, {3, 6}, {1, 5}, {2, 4}], [{8, 7}, {3, 6}, {1, 5}, {4}, {2}], [{8, 7}, {3, 6}, {2, 5}, {1, 4}], [{8, 7}, {3, 6}, {2, 5}, {4}, {1}], [{8, 7}, {3, 6}, {4, 5}, {1, 2}], [{8, 7}, {3, 6}, {4, 5}, {2}, {1}], [{8, 7}, {3, 6}, {5}, {1, 4}, {2}], [{8, 7}, {3, 6}, {5}, {2, 4}, {1}], [{8, 7}, {3, 6}, {5}, {4}, {1, 2}], [{8, 7}, {3, 6}, {5}, {4}, {2}, {1}], [{8, 7}, {4, 6}, {1, 5}, {2, 3}], [{8, 7}, {4, 6}, {2, 5}, {1, 3}], [{8, 7}, {4, 6}, {3, 5}, {1, 2}], [{8, 7}, {4, 6}, {3, 5}, {2}, {1}], [{8, 7}, {5, 6}, {1, 4}, {2, 3}], [{8, 7}, {5, 6}, {2, 4}, {1, 3}], [{8, 7}, {5, 6}, {3, 4}, {1, 2}], [{8, 7}, {5, 6}, {3, 4}, {2}, {1}], [{8, 7}, {6}, {4, 5}, {1, 3}, {2}], [{8, 7}, {6}, {4, 5}, {2, 3}, {1}], [{8, 7}, {6}, {4, 5}, {3}, {1, 2}], [{8, 7}, {6}, {4, 5}, {3}, {2}, {1}], [{8}, {1, 7}, {2, 6}, {4, 5}, {3}], [{8}, {1, 7}, {3, 6}, {4, 5}, {2}], [{8}, {1, 7}, {6}, {4, 5}, {2, 3}], [{8}, {1, 7}, {6}, {4, 5}, {3}, {2}], [{8}, {2, 7}, {4, 6}, {3, 5}, {1}], [{8}, {3, 7}, {1, 6}, {2, 5}, {4}], [{8}, {3, 7}, {2, 6}, {4, 5}, {1}], [{8}, {3, 7}, {5, 6}, {1, 4}, {2}], [{8}, {4, 7}, {1, 6}, {2, 5}, {3}], [{8}, {4, 7}, {1, 6}, {3, 5}, {2}], [{8}, {4, 7}, {1, 6}, {5}, {2, 3}], [{8}, {4, 7}, {2, 6}, {1, 5}, {3}], [{8}, {4, 7}, {2, 6}, {3, 5}, {1}], [{8}, {4, 7}, {2, 6}, {5}, {1, 3}], [{8}, {4, 7}, {3, 6}, {1, 5}, {2}], [{8}, {4, 7}, {3, 6}, {2, 5}, {1}], [{8}, {4, 7}, {3, 6}, {5}, {1, 2}], [{8}, {4, 7}, {3, 6}, {5}, {2}, {1}], [{8}, {4, 7}, {5, 6}, {1, 3}, {2}], [{8}, {4, 7}, {5, 6}, {2, 3}, {1}], [{8}, {4, 7}, {5, 6}, {3}, {1, 2}], [{8}, {4, 7}, {6}, {1, 5}, {2, 3}], [{8}, {4, 7}, {6}, {1, 5}, {3}, {2}], [{8}, {4, 7}, {6}, {2, 5}, {1, 3}], [{8}, {4, 7}, {6}, {3, 5}, {1, 2}], [{8}, {5, 7}, {1, 6}, {2, 4}, {3}], [{8}, {5, 7}, {2, 6}, {4}, {1, 3}], [{8}, {5, 7}, {3, 6}, {1, 4}, {2}], [{8}, {5, 7}, {4, 6}, {3}, {1, 2}], [{8}, {6, 7}, {5}, {3, 4}, {1, 2}], [{8}, {7}, {1, 6}, {2, 5}, {3, 4}], [{8}, {7}, {2, 6}, {4, 5}, {1, 3}]]",2,4 K_1^3 - 2 K_1^2 - 8 K_1 K_2 + K_1 + K_2 + 3 K_3 + 2,O1O2O3U4O5U3U2O4U1U6O7U5U7O8O6U8,O1O2U1O3O4U5O6O7U2O5U7U6U4O8U3U8,O1O2U3O4O5U6O7O6U8U5O8U4U2U1O3U7,c,{'O1O2O3U4O5O4U6U7O6U5U3O8U2U1O7U8'},1,"<a href=""/flatknot/8.975763"">8.975763</a>",t^9-36t^7-82t^6+71t^5+208t^4-115t^3-134t^2+124t-20,t^2-2t,,
8.975764,O1O2O3U4O5O4U6U7O6U8U1O8U2U3O7U5,3,8z^2+51z+71,8w^3z^2+51w^2z+71w,False,False,"[[ 0 -1  0  2  1  2 -1 -2 -1],[ 1  0  0  1  1  0  1  1  1],[ 0  0  0  1  0  0  0  0  0],[-2 -1 -1  0 -2 -1 -2 -1 -2],[-1 -1  0  2  0  2 -2 -3 -2],[-2  0  0  1 -2  0 -3 -1 -2],[ 1 -1  0  2  2  3  0 -2  0],[ 2 -1  0  1  3  1  2  0  1],[ 1 -1  0  2  2  2  0 -1  0]]","[[ 0  2  2  1  0 -1 -1 -1 -2],[-2  0  1 -2  0  0 -2 -3 -1],[-2 -1  0 -2 -1 -1 -2 -2 -1],[-1  2  2  0  0 -1 -2 -2 -3],[ 0  0  1  0  0  0  0  0  0],[ 1  0  1  1  0  0  1  1  1],[ 1  2  2  2  0 -1  0  0 -1],[ 1  3  2  2  0 -1  0  0 -2],[ 2  1  1  3  0 -1  1  2  0]]",True,"[-2,-2,-1,0,1,1,1,2,-1,2,0,0,2,3,1,2,1,1,2,2,1,0,1,2,2,3,0,0,0,0,-1,-1,-1,0,1,2]","[-2,-2,-1,0,1,1,1,2,-1,-1,1,1,1,2,3,-1,2,0,1,3,3,1,0,0,1,0,1,1,1,2,0,-1,-1,-1,0,2]",t^8+60t^6+186t^4+54t^2,"[-2,-1,-1,-1,0,1,2,2,-1,0,2,2,0,3,3,0,1,1,0,0,1,1,1,0,1,1,1,1,3,2,1,2,1,-1,-1,-1]","[-2,-2,-1,0,1,1,1,2,-1,-1,1,1,1,2,3,-1,2,0,1,3,3,1,0,0,1,0,1,1,1,2,0,-1,-1,-1,0,2]","[-2,-1,-1,-1,0,1,2,2,-1,1,2,0,3,1,1,1,1,0,1,0,1,0,0,2,2,2,0,2,3,2,0,0,1,2,2,1]",c,"[[{8, 1}, {5, 7}, {4, 6}, {2, 3}], [{8, 2}, {5, 7}, {4, 6}, {1, 3}], [{8, 2}, {5, 7}, {4, 6}, {3}, {1}], [{8, 3}, {5, 7}, {4, 6}, {1, 2}], [{8, 4}, {5, 7}, {1, 6}, {2, 3}], [{8, 4}, {5, 7}, {2, 6}, {1, 3}], [{8, 4}, {5, 7}, {2, 6}, {3}, {1}], [{8, 4}, {5, 7}, {3, 6}, {1, 2}]]",1,4 K_1^3 - 18 K_1^2 - 4 K_1 K_2 - K_1 + 9 K_2 + K_3 + 10,O1O2O3U4O5U1U2O6U3U6O7U5U7O8O4U8,O1O2U1O3O4U3O5O6U2O7U4U5U6O8U7U8,O1O2U3O4O3U5O6O5U7U8O7U1U2U4O8U6,c,"{'O1O2O3U4O5O4U6U7O6U8U1O8U2U3O7U5', 'O1O2O3U4O5O4U6U7O6U2U8U1O8U3O7U5'}",2,"<a href=""/flatknot/8.975764"">8.975764</a>",t^9-58t^7-220t^6-169t^5+150t^4+115t^3-22t^2-16t,-t^2+2t,,
8.975765,O1O2O3U4O5O4U6U7O6U8U1O8U2U5O7U3,3,7z^2+60z+93,7w^3z^2+60w^2z+93w,False,False,"[[ 0 -1  0  2  1  2 -1 -2 -1],[ 1  0  0  1  1  0  1  1  1],[ 0  0  0  1  0  0  0  0  0],[-2 -1 -1  0 -1  0 -3 -2 -2],[-1 -1  0  1  0  2 -2 -2 -2],[-2  0  0  0 -2  0 -2 -1 -2],[ 1 -1  0  3  2  2  0 -2  0],[ 2 -1  0  2  2  1  2  0  1],[ 1 -1  0  2  2  2  0 -1  0]]","[[ 0  2  2  1  0 -1 -1 -1 -2],[-2  0  0 -1 -1 -1 -2 -3 -2],[-2  0  0 -2  0  0 -2 -2 -1],[-1  1  2  0  0 -1 -2 -2 -2],[ 0  1  0  0  0  0  0  0  0],[ 1  1  0  1  0  0  1  1  1],[ 1  2  2  2  0 -1  0  0 -1],[ 1  3  2  2  0 -1  0  0 -2],[ 2  2  1  2  0 -1  1  2  0]]",True,"[-2,-2,-1,0,1,1,1,2,0,1,1,1,2,3,2,2,0,0,2,2,1,0,1,2,2,2,0,0,0,0,-1,-1,-1,0,1,2]","[-2,-2,-1,0,1,1,1,2,0,-1,2,1,1,3,3,0,1,0,1,2,2,1,0,0,1,1,1,1,1,2,0,-1,-1,-1,0,2]",t^8+54t^6+125t^4+55t^2,"[-2,-1,-1,-1,0,1,2,2,-1,0,2,2,1,2,3,0,1,1,0,0,1,1,1,0,1,1,1,1,2,3,1,1,2,0,-1,0]","[-2,-2,-1,0,1,1,1,2,0,-1,2,1,1,3,3,0,1,0,1,2,2,1,0,0,1,1,1,1,1,2,0,-1,-1,-1,0,2]","[-2,-1,-1,-1,0,1,2,2,-1,1,2,0,2,1,2,1,1,0,1,0,1,0,0,2,2,2,0,2,2,3,0,0,1,2,1,0]",c,"[[{8, 1}, {5, 7}, {4, 6}, {2, 3}], [{8, 2}, {5, 7}, {4, 6}, {1, 3}], [{8, 2}, {5, 7}, {4, 6}, {3}, {1}], [{8, 3}, {5, 7}, {4, 6}, {1, 2}]]",1,- 18 K_1^2 - 4 K_1 K_2 + 2 K_1 + 9 K_2 + 2 K_3 + 10,O1O2O3U1O4U5U2O6U3U6O7U4U7O8O5U8,O1O2U1O3O4U3O5O6U2O7U4U5U7O8U6U8,O1O2U3O4O3U5O6O5U7U1O7U8U2U4O8U6,c,"{'O1O2O3U4O5O4U6U7O6U8U1O8U2U5O7U3', 'O1O2O3U4O5O4U6U7O6U2U8U1O8U5O7U3'}",2,"<a href=""/flatknot/8.975765"">8.975765</a>",t^9-52t^7-178t^6-80t^5+260t^4+204t^3-22t^2-8t,-t^2+2t,,
8.975766,O1O2O3U4O5O4U6U7O6U8U1O8U3U2O7U5,3,10z^2+63z+87,10w^3z^2+63w^2z+87w,False,False,"[[ 0 -1  1  1  1  2 -1 -2 -1],[ 1  0  1  0  1  0  1  1  1],[-1 -1  0  0 -1  0 -1 -1 -1],[-1  0  0  0 -1 -1 -1  0 -1],[-1 -1  1  1  0  2 -2 -3 -2],[-2  0  0  1 -2  0 -3 -1 -2],[ 1 -1  1  1  2  3  0 -2  0],[ 2 -1  1  0  3  1  2  0  1],[ 1 -1  1  1  2  2  0 -1  0]]","[[ 0  2  1  1 -1 -1 -2],[-2  0  0 -2  0 -2 -1],[-1  0  0 -1 -1 -1 -1],[-1  2  1  0 -1 -2 -3],[ 1  0  1  1  0  1  1],[ 1  2  1  2 -1  0 -1],[ 2  1  1  3 -1  1  0]]",False,"[-2,-1,-1,1,1,2,0,2,0,2,1,1,1,1,1,1,2,3,-1,-1,1]","[-2,-1,-1,1,1,2,-1,1,1,3,1,1,1,1,0,1,2,2,-1,0,2]",t^6+30t^4+31t^2+4,"[-2,-1,-1,1,1,2,0,2,0,2,3,1,0,1,1,1,1,3,-1,-1,1]","[-2,-1,-1,1,1,2,-1,1,1,3,3,1,0,1,0,1,1,2,-1,0,2]","[-2,-1,-1,1,1,2,-1,1,1,3,1,1,1,1,0,1,2,2,-1,0,2]",c,"[[{8, 3}, {5, 7}, {4, 6}, {1, 2}], [{8, 4}, {5, 7}, {3, 6}, {1, 2}]]",0,- 8 K_1^2 + 4 K_2 + 5,O1O2O3U4O5U2U1O6U3U6O7U5U7O8O4U8,O1O2U1O3O4U3O5O6U2O7U4U6U5O8U7U8,O1O2U3O4O3U5O6O5U7U8O7U2U1U4O8U6,c,{'O1O2O3U4O5O4U6U7O6U8U1O8U3U2O7U5'},1,"<a href=""/flatknot/8.975766"">8.975766</a>",t^7-30t^5-74t^4-41t^3+20t^2+16t,0,,
8.975767,O1O2O3U4O5O4U6U7O6U8U1O8U5U2O7U3,4,15z^2+100z+141,15w^3z^2+100w^2z+141w,False,False,"[[ 0 -1  1  2  1  1 -1 -2 -1],[ 1  0  1  1  1 -1  1  1  1],[-1 -1  0  0  0 -1 -1 -1 -1],[-2 -1  0  0 -1  0 -3 -2 -2],[-1 -1  0  1  0  1 -2 -2 -2],[-1  1  1  0 -1  0 -1  0 -1],[ 1 -1  1  3  2  1  0 -2  0],[ 2 -1  1  2  2  0  2  0  1],[ 1 -1  1  2  2  1  0 -1  0]]","[[ 0  2  1  1  1 -1 -1 -1 -2],[-2  0  0  0 -1 -1 -2 -3 -2],[-1  0  0  1 -1  1 -1 -1  0],[-1  0 -1  0  0 -1 -1 -1 -1],[-1  1  1  0  0 -1 -2 -2 -2],[ 1  1 -1  1  1  0  1  1  1],[ 1  2  1  1  2 -1  0  0 -1],[ 1  3  1  1  2 -1  0  0 -2],[ 2  2  0  1  2 -1  1  2  0]]",True,"[-2,-1,-1,-1,1,1,1,2,0,0,1,1,2,3,2,-1,1,-1,1,1,0,0,1,1,1,1,1,2,2,2,-1,-1,-1,0,1,2]","[-2,-1,-1,-1,1,1,1,2,-1,0,2,1,2,3,2,0,1,0,1,1,0,1,0,1,1,1,1,1,3,2,0,-1,0,1,1,1]",t^8+49t^6+198t^4+99t^2+9,"[-2,-1,-1,-1,1,1,1,2,-1,0,2,1,2,3,2,0,1,0,1,1,0,1,0,1,1,1,1,1,3,2,0,-1,0,1,1,1]","[-2,-1,-1,-1,1,1,1,2,0,1,1,0,1,2,2,0,1,0,0,1,1,-1,1,1,1,2,1,1,3,3,0,-1,-1,-1,0,2]","[-2,-1,-1,-1,1,1,1,2,-1,1,2,0,1,2,2,1,1,-1,1,1,1,0,1,1,2,2,1,1,2,3,1,-1,0,0,0,1]",c,"[[{8, 1}, {2, 7}, {3, 6}, {4, 5}], [{8, 1}, {2, 7}, {4, 6}, {3, 5}], [{8, 1}, {2, 7}, {5, 6}, {3, 4}], [{8, 1}, {3, 7}, {2, 6}, {4, 5}], [{8, 1}, {3, 7}, {4, 6}, {2, 5}], [{8, 1}, {3, 7}, {5, 6}, {2, 4}], [{8, 1}, {3, 7}, {6}, {5}, {2, 4}], [{8, 1}, {4, 7}, {2, 6}, {3, 5}], [{8, 1}, {4, 7}, {3, 6}, {2, 5}], [{8, 1}, {4, 7}, {5, 6}, {2, 3}], [{8, 1}, {4, 7}, {6}, {3, 5}, {2}], [{8, 1}, {5, 7}, {2, 6}, {3, 4}], [{8, 1}, {5, 7}, {3, 6}, {2, 4}], [{8, 1}, {5, 7}, {3, 6}, {4}, {2}], [{8, 1}, {5, 7}, {4, 6}, {2, 3}], [{8, 1}, {6, 7}, {2, 5}, {3, 4}], [{8, 1}, {6, 7}, {3, 5}, {2, 4}], [{8, 1}, {6, 7}, {4, 5}, {2, 3}], [{8, 1}, {6, 7}, {5}, {3, 4}, {2}], [{8, 1}, {7}, {4, 6}, {5}, {2, 3}], [{8, 2}, {1, 7}, {3, 6}, {4, 5}], [{8, 2}, {1, 7}, {4, 6}, {3, 5}], [{8, 2}, {1, 7}, {5, 6}, {3, 4}], [{8, 2}, {3, 7}, {1, 6}, {4, 5}], [{8, 2}, {3, 7}, {4, 6}, {1, 5}], [{8, 2}, {3, 7}, {5, 6}, {1, 4}], [{8, 2}, {4, 7}, {1, 6}, {3, 5}], [{8, 2}, {4, 7}, {3, 6}, {1, 5}], [{8, 2}, {4, 7}, {5, 6}, {1, 3}], [{8, 2}, {4, 7}, {6}, {3, 5}, {1}], [{8, 2}, {5, 7}, {1, 6}, {3, 4}], [{8, 2}, {5, 7}, {3, 6}, {1, 4}], [{8, 2}, {5, 7}, {3, 6}, {4}, {1}], [{8, 2}, {5, 7}, {4, 6}, {1, 3}], [{8, 2}, {5, 7}, {6}, {1, 4}, {3}], [{8, 2}, {6, 7}, {1, 5}, {3, 4}], [{8, 2}, {6, 7}, {3, 5}, {1, 4}], [{8, 2}, {6, 7}, {4, 5}, {1, 3}], [{8, 2}, {7}, {1, 6}, {5}, {3, 4}], [{8, 2}, {7}, {6}, {4, 5}, {1, 3}], [{8, 3}, {1, 7}, {2, 6}, {4, 5}], [{8, 3}, {1, 7}, {4, 6}, {2, 5}], [{8, 3}, {1, 7}, {5, 6}, {2, 4}], [{8, 3}, {1, 7}, {5, 6}, {4}, {2}], [{8, 3}, {2, 7}, {1, 6}, {4, 5}], [{8, 3}, {2, 7}, {4, 6}, {1, 5}], [{8, 3}, {2, 7}, {5, 6}, {1, 4}], [{8, 3}, {2, 7}, {5, 6}, {4}, {1}], [{8, 3}, {4, 7}, {1, 6}, {2, 5}], [{8, 3}, {4, 7}, {2, 6}, {1, 5}], [{8, 3}, {4, 7}, {5, 6}, {1, 2}], [{8, 3}, {4, 7}, {5, 6}, {2}, {1}], [{8, 3}, {5, 7}, {1, 6}, {2, 4}], [{8, 3}, {5, 7}, {1, 6}, {4}, {2}], [{8, 3}, {5, 7}, {2, 6}, {1, 4}], [{8, 3}, {5, 7}, {2, 6}, {4}, {1}], [{8, 3}, {5, 7}, {4, 6}, {1, 2}], [{8, 3}, {5, 7}, {4, 6}, {2}, {1}], [{8, 3}, {5, 7}, {6}, {1, 4}, {2}], [{8, 3}, {5, 7}, {6}, {2, 4}, {1}], [{8, 3}, {5, 7}, {6}, {4}, {1, 2}], [{8, 3}, {5, 7}, {6}, {4}, {2}, {1}], [{8, 3}, {6, 7}, {1, 5}, {2, 4}], [{8, 3}, {6, 7}, {1, 5}, {4}, {2}], [{8, 3}, {6, 7}, {2, 5}, {1, 4}], [{8, 3}, {6, 7}, {2, 5}, {4}, {1}], [{8, 3}, {6, 7}, {4, 5}, {1, 2}], [{8, 3}, {6, 7}, {4, 5}, {2}, {1}], [{8, 3}, {6, 7}, {5}, {1, 4}, {2}], [{8, 3}, {6, 7}, {5}, {2, 4}, {1}], [{8, 3}, {6, 7}, {5}, {4}, {1, 2}], [{8, 3}, {6, 7}, {5}, {4}, {2}, {1}], [{8, 3}, {7}, {5, 6}, {1, 4}, {2}], [{8, 3}, {7}, {5, 6}, {2, 4}, {1}], [{8, 3}, {7}, {5, 6}, {4}, {1, 2}], [{8, 3}, {7}, {5, 6}, {4}, {2}, {1}], [{8, 4}, {1, 7}, {2, 6}, {3, 5}], [{8, 4}, {1, 7}, {3, 6}, {2, 5}], [{8, 4}, {1, 7}, {5, 6}, {2, 3}], [{8, 4}, {2, 7}, {1, 6}, {3, 5}], [{8, 4}, {2, 7}, {3, 6}, {1, 5}], [{8, 4}, {2, 7}, {5, 6}, {1, 3}], [{8, 4}, {2, 7}, {5, 6}, {3}, {1}], [{8, 4}, {3, 7}, {1, 6}, {2, 5}], [{8, 4}, {3, 7}, {2, 6}, {1, 5}], [{8, 4}, {3, 7}, {5, 6}, {1, 2}], [{8, 4}, {5, 7}, {1, 6}, {2, 3}], [{8, 4}, {5, 7}, {2, 6}, {1, 3}], [{8, 4}, {5, 7}, {3, 6}, {1, 2}], [{8, 4}, {5, 7}, {3, 6}, {2}, {1}], [{8, 4}, {5, 7}, {6}, {3}, {1, 2}], [{8, 4}, {6, 7}, {1, 5}, {2, 3}], [{8, 4}, {6, 7}, {2, 5}, {1, 3}], [{8, 4}, {6, 7}, {3, 5}, {1, 2}], [{8, 4}, {6, 7}, {5}, {1, 3}, {2}], [{8, 4}, {7}, {6}, {2, 5}, {1, 3}], [{8, 5}, {1, 7}, {2, 6}, {3, 4}], [{8, 5}, {1, 7}, {3, 6}, {2, 4}], [{8, 5}, {1, 7}, {3, 6}, {4}, {2}], [{8, 5}, {1, 7}, {4, 6}, {2, 3}], [{8, 5}, {2, 7}, {1, 6}, {3, 4}], [{8, 5}, {2, 7}, {3, 6}, {1, 4}], [{8, 5}, {2, 7}, {3, 6}, {4}, {1}], [{8, 5}, {2, 7}, {4, 6}, {1, 3}], [{8, 5}, {3, 7}, {1, 6}, {2, 4}], [{8, 5}, {3, 7}, {2, 6}, {1, 4}], [{8, 5}, {3, 7}, {4, 6}, {1, 2}], [{8, 5}, {3, 7}, {6}, {2, 4}, {1}], [{8, 5}, {4, 7}, {1, 6}, {2, 3}], [{8, 5}, {4, 7}, {2, 6}, {1, 3}], [{8, 5}, {4, 7}, {2, 6}, {3}, {1}], [{8, 5}, {4, 7}, {3, 6}, {1, 2}], [{8, 5}, {4, 7}, {3, 6}, {2}, {1}], [{8, 5}, {4, 7}, {6}, {2, 3}, {1}], [{8, 5}, {6, 7}, {1, 4}, {2, 3}], [{8, 5}, {6, 7}, {2, 4}, {1, 3}], [{8, 5}, {6, 7}, {2, 4}, {3}, {1}], [{8, 5}, {6, 7}, {3, 4}, {1, 2}], [{8, 5}, {7}, {3, 6}, {1, 4}, {2}], [{8, 5}, {7}, {3, 6}, {2, 4}, {1}], [{8, 5}, {7}, {3, 6}, {4}, {1, 2}], [{8, 5}, {7}, {3, 6}, {4}, {2}, {1}], [{8, 6}, {1, 7}, {2, 5}, {3, 4}], [{8, 6}, {1, 7}, {3, 5}, {2, 4}], [{8, 6}, {1, 7}, {4, 5}, {2, 3}], [{8, 6}, {1, 7}, {5}, {2, 4}, {3}], [{8, 6}, {2, 7}, {1, 5}, {3, 4}], [{8, 6}, {2, 7}, {3, 5}, {1, 4}], [{8, 6}, {2, 7}, {4, 5}, {1, 3}], [{8, 6}, {2, 7}, {4, 5}, {3}, {1}], [{8, 6}, {2, 7}, {5}, {4}, {1, 3}], [{8, 6}, {3, 7}, {1, 5}, {2, 4}], [{8, 6}, {3, 7}, {2, 5}, {1, 4}], [{8, 6}, {3, 7}, {4, 5}, {1, 2}], [{8, 6}, {3, 7}, {5}, {2, 4}, {1}], [{8, 6}, {4, 7}, {1, 5}, {2, 3}], [{8, 6}, {4, 7}, {2, 5}, {1, 3}], [{8, 6}, {4, 7}, {2, 5}, {3}, {1}], [{8, 6}, {4, 7}, {3, 5}, {1, 2}], [{8, 6}, {4, 7}, {5}, {1, 3}, {2}], [{8, 6}, {5, 7}, {1, 4}, {2, 3}], [{8, 6}, {5, 7}, {1, 4}, {3}, {2}], [{8, 6}, {5, 7}, {2, 4}, {1, 3}], [{8, 6}, {5, 7}, {2, 4}, {3}, {1}], [{8, 6}, {5, 7}, {3, 4}, {1, 2}], [{8, 6}, {5, 7}, {3, 4}, {2}, {1}], [{8, 6}, {5, 7}, {4}, {1, 3}, {2}], [{8, 6}, {5, 7}, {4}, {2, 3}, {1}], [{8, 6}, {5, 7}, {4}, {3}, {1, 2}], [{8, 6}, {5, 7}, {4}, {3}, {2}, {1}], [{8, 6}, {7}, {1, 5}, {2, 4}, {3}], [{8, 6}, {7}, {2, 5}, {4}, {1, 3}], [{8, 6}, {7}, {3, 5}, {2, 4}, {1}], [{8, 6}, {7}, {4, 5}, {1, 3}, {2}], [{8, 6}, {7}, {5}, {2, 4}, {1, 3}], [{8, 6}, {7}, {5}, {2, 4}, {3}, {1}], [{8, 7}, {1, 6}, {2, 5}, {3, 4}], [{8, 7}, {1, 6}, {3, 5}, {2, 4}], [{8, 7}, {1, 6}, {4, 5}, {2, 3}], [{8, 7}, {1, 6}, {5}, {4}, {2, 3}], [{8, 7}, {2, 6}, {1, 5}, {3, 4}], [{8, 7}, {2, 6}, {3, 5}, {1, 4}], [{8, 7}, {2, 6}, {4, 5}, {1, 3}], [{8, 7}, {2, 6}, {5}, {4}, {1, 3}], [{8, 7}, {3, 6}, {1, 5}, {2, 4}], [{8, 7}, {3, 6}, {1, 5}, {4}, {2}], [{8, 7}, {3, 6}, {2, 5}, {1, 4}], [{8, 7}, {3, 6}, {2, 5}, {4}, {1}], [{8, 7}, {3, 6}, {4, 5}, {1, 2}], [{8, 7}, {3, 6}, {4, 5}, {2}, {1}], [{8, 7}, {3, 6}, {5}, {1, 4}, {2}], [{8, 7}, {3, 6}, {5}, {2, 4}, {1}], [{8, 7}, {3, 6}, {5}, {4}, {1, 2}], [{8, 7}, {3, 6}, {5}, {4}, {2}, {1}], [{8, 7}, {4, 6}, {1, 5}, {2, 3}], [{8, 7}, {4, 6}, {2, 5}, {1, 3}], [{8, 7}, {4, 6}, {3, 5}, {1, 2}], [{8, 7}, {5, 6}, {1, 4}, {2, 3}], [{8, 7}, {5, 6}, {2, 4}, {1, 3}], [{8, 7}, {5, 6}, {2, 4}, {3}, {1}], [{8, 7}, {5, 6}, {3, 4}, {1, 2}], [{8, 7}, {6}, {3, 5}, {2, 4}, {1}], [{8}, {2, 7}, {1, 6}, {3, 5}, {4}], [{8}, {2, 7}, {4, 6}, {3, 5}, {1}], [{8}, {2, 7}, {5, 6}, {3, 4}, {1}], [{8}, {2, 7}, {6}, {3, 5}, {1, 4}], [{8}, {3, 7}, {1, 6}, {5}, {2, 4}], [{8}, {3, 7}, {5, 6}, {2, 4}, {1}], [{8}, {3, 7}, {6}, {1, 5}, {2, 4}], [{8}, {3, 7}, {6}, {2, 5}, {1, 4}], [{8}, {3, 7}, {6}, {4, 5}, {1, 2}], [{8}, {3, 7}, {6}, {5}, {2, 4}, {1}], [{8}, {4, 7}, {6}, {3, 5}, {1, 2}], [{8}, {5, 7}, {2, 6}, {1, 4}, {3}], [{8}, {5, 7}, {3, 6}, {1, 4}, {2}], [{8}, {5, 7}, {3, 6}, {2, 4}, {1}], [{8}, {5, 7}, {3, 6}, {4}, {1, 2}], [{8}, {5, 7}, {3, 6}, {4}, {2}, {1}], [{8}, {5, 7}, {4, 6}, {3}, {1, 2}], [{8}, {5, 7}, {6}, {1, 4}, {2, 3}], [{8}, {5, 7}, {6}, {3, 4}, {1, 2}], [{8}, {6, 7}, {3, 5}, {2, 4}, {1}], [{8}, {7}, {2, 6}, {4, 5}, {1, 3}], [{8}, {7}, {4, 6}, {2, 5}, {1, 3}]]",2,4 K_1^3 - 20 K_1^2 - 12 K_1 K_2 + 3 K_1 + 10 K_2 + 5 K_3 + 11,O1O2O3U1O4U2U5O6U3U6O7U4U7O8O5U8,O1O2U1O3O4U3O5O6U2O7U4U6U7O8U5U8,O1O2U3O4O3U5O6O5U7U2O7U8U1U4O8U6,c,{'O1O2O3U4O5O4U6U7O6U8U1O8U5U2O7U3'},1,"<a href=""/flatknot/8.975767"">8.975767</a>",t^9-49t^7-162t^6-78t^5+226t^4+265t^3+48t^2-27t,0,,
8.975768,O1O2O3U4O5O4U6U7O6U8U1O8U5U3O7U2,4,4z^3+37z^2+108z+101,4w^4z^3+37w^3z^2+108w^2z+101w,False,False,"[[ 0 -1  1  2  1  1 -1 -2 -1],[ 1  0  1  1  1 -1  1  1  1],[-1 -1  0  1  0  0 -2 -2 -1],[-2 -1 -1  0 -1 -1 -2 -2 -2],[-1 -1  0  1  0  1 -2 -2 -2],[-1  1  0  1 -1  0 -1  0 -1],[ 1 -1  2  2  2  1  0 -2  0],[ 2 -1  2  2  2  0  2  0  1],[ 1 -1  1  2  2  1  0 -1  0]]","[[ 0  2  1  1  1 -1 -1 -1 -2],[-2  0 -1 -1 -1 -1 -2 -2 -2],[-1  1  0  1  0 -1 -2 -2 -2],[-1  1 -1  0  0  1 -1 -1  0],[-1  1  0  0  0 -1 -1 -2 -2],[ 1  1  1 -1  1  0  1  1  1],[ 1  2  2  1  1 -1  0  0 -1],[ 1  2  2  1  2 -1  0  0 -2],[ 2  2  2  0  2 -1  1  2  0]]",True,"[-2,-1,-1,-1,1,1,1,2,1,1,1,1,2,2,2,-1,0,1,2,2,2,0,-1,1,1,0,1,1,2,2,-1,-1,-1,0,1,2]","[-2,-1,-1,-1,1,1,1,2,-1,0,2,1,1,3,2,0,1,0,0,1,1,1,0,1,1,1,1,1,3,2,0,-1,0,0,0,0]",t^8+51t^6+220t^4+156t^2+16,"[-2,-1,-1,-1,1,1,1,2,-1,0,2,1,1,3,2,0,1,0,0,1,1,1,0,1,1,1,1,1,3,2,0,-1,0,0,0,0]","[-2,-1,-1,-1,1,1,1,2,0,0,0,1,1,2,2,-1,0,1,1,3,3,0,0,0,1,1,0,1,1,1,0,-1,-1,-1,0,2]","[-2,-1,-1,-1,1,1,1,2,-1,1,2,0,2,2,2,1,1,-1,1,1,1,0,1,1,2,2,1,2,2,2,0,-1,1,0,1,1]",c,"[[{8, 1}, {2, 7}, {3, 6}, {4, 5}], [{8, 1}, {2, 7}, {4, 6}, {3, 5}], [{8, 1}, {2, 7}, {5, 6}, {3, 4}], [{8, 1}, {2, 7}, {6}, {4, 5}, {3}], [{8, 1}, {3, 7}, {2, 6}, {4, 5}], [{8, 1}, {3, 7}, {4, 6}, {2, 5}], [{8, 1}, {3, 7}, {5, 6}, {2, 4}], [{8, 1}, {4, 7}, {2, 6}, {3, 5}], [{8, 1}, {4, 7}, {3, 6}, {2, 5}], [{8, 1}, {4, 7}, {5, 6}, {2, 3}], [{8, 1}, {5, 7}, {2, 6}, {3, 4}], [{8, 1}, {5, 7}, {2, 6}, {4}, {3}], [{8, 1}, {5, 7}, {3, 6}, {2, 4}], [{8, 1}, {5, 7}, {4, 6}, {2, 3}], [{8, 1}, {6, 7}, {2, 5}, {3, 4}], [{8, 1}, {6, 7}, {3, 5}, {2, 4}], [{8, 1}, {6, 7}, {4, 5}, {2, 3}], [{8, 1}, {7}, {3, 6}, {4, 5}, {2}], [{8, 1}, {7}, {4, 6}, {2, 5}, {3}], [{8, 1}, {7}, {4, 6}, {3, 5}, {2}], [{8, 1}, {7}, {4, 6}, {5}, {2, 3}], [{8, 1}, {7}, {5, 6}, {2, 4}, {3}], [{8, 2}, {1, 7}, {3, 6}, {4, 5}], [{8, 2}, {1, 7}, {4, 6}, {3, 5}], [{8, 2}, {1, 7}, {5, 6}, {3, 4}], [{8, 2}, {3, 7}, {1, 6}, {4, 5}], [{8, 2}, {3, 7}, {1, 6}, {5}, {4}], [{8, 2}, {3, 7}, {4, 6}, {1, 5}], [{8, 2}, {3, 7}, {5, 6}, {1, 4}], [{8, 2}, {4, 7}, {1, 6}, {3, 5}], [{8, 2}, {4, 7}, {3, 6}, {1, 5}], [{8, 2}, {4, 7}, {5, 6}, {1, 3}], [{8, 2}, {4, 7}, {5, 6}, {3}, {1}], [{8, 2}, {5, 7}, {1, 6}, {3, 4}], [{8, 2}, {5, 7}, {1, 6}, {4}, {3}], [{8, 2}, {5, 7}, {3, 6}, {1, 4}], [{8, 2}, {5, 7}, {3, 6}, {4}, {1}], [{8, 2}, {5, 7}, {4, 6}, {1, 3}], [{8, 2}, {5, 7}, {4, 6}, {3}, {1}], [{8, 2}, {5, 7}, {6}, {1, 4}, {3}], [{8, 2}, {5, 7}, {6}, {3, 4}, {1}], [{8, 2}, {5, 7}, {6}, {4}, {1, 3}], [{8, 2}, {5, 7}, {6}, {4}, {3}, {1}], [{8, 2}, {6, 7}, {1, 5}, {3, 4}], [{8, 2}, {6, 7}, {3, 5}, {1, 4}], [{8, 2}, {6, 7}, {4, 5}, {1, 3}], [{8, 2}, {6, 7}, {4, 5}, {3}, {1}], [{8, 2}, {7}, {1, 6}, {3, 5}, {4}], [{8, 3}, {1, 7}, {2, 6}, {4, 5}], [{8, 3}, {1, 7}, {4, 6}, {2, 5}], [{8, 3}, {1, 7}, {5, 6}, {2, 4}], [{8, 3}, {2, 7}, {1, 6}, {4, 5}], [{8, 3}, {2, 7}, {4, 6}, {1, 5}], [{8, 3}, {2, 7}, {5, 6}, {1, 4}], [{8, 3}, {2, 7}, {6}, {4, 5}, {1}], [{8, 3}, {4, 7}, {1, 6}, {2, 5}], [{8, 3}, {4, 7}, {2, 6}, {1, 5}], [{8, 3}, {4, 7}, {5, 6}, {1, 2}], [{8, 3}, {4, 7}, {6}, {1, 5}, {2}], [{8, 3}, {5, 7}, {1, 6}, {2, 4}], [{8, 3}, {5, 7}, {2, 6}, {1, 4}], [{8, 3}, {5, 7}, {2, 6}, {4}, {1}], [{8, 3}, {5, 7}, {4, 6}, {1, 2}], [{8, 3}, {5, 7}, {6}, {1, 4}, {2}], [{8, 3}, {6, 7}, {1, 5}, {2, 4}], [{8, 3}, {6, 7}, {2, 5}, {1, 4}], [{8, 3}, {6, 7}, {4, 5}, {1, 2}], [{8, 3}, {7}, {1, 6}, {4, 5}, {2}], [{8, 3}, {7}, {4, 6}, {2, 5}, {1}], [{8, 3}, {7}, {5, 6}, {2, 4}, {1}], [{8, 4}, {1, 7}, {2, 6}, {3, 5}], [{8, 4}, {1, 7}, {3, 6}, {2, 5}], [{8, 4}, {1, 7}, {5, 6}, {2, 3}], [{8, 4}, {1, 7}, {6}, {3, 5}, {2}], [{8, 4}, {2, 7}, {1, 6}, {3, 5}], [{8, 4}, {2, 7}, {3, 6}, {1, 5}], [{8, 4}, {2, 7}, {5, 6}, {1, 3}], [{8, 4}, {2, 7}, {5, 6}, {3}, {1}], [{8, 4}, {3, 7}, {1, 6}, {2, 5}], [{8, 4}, {3, 7}, {2, 6}, {1, 5}], [{8, 4}, {3, 7}, {5, 6}, {1, 2}], [{8, 4}, {5, 7}, {1, 6}, {2, 3}], [{8, 4}, {5, 7}, {2, 6}, {1, 3}], [{8, 4}, {5, 7}, {2, 6}, {3}, {1}], [{8, 4}, {5, 7}, {3, 6}, {1, 2}], [{8, 4}, {6, 7}, {1, 5}, {2, 3}], [{8, 4}, {6, 7}, {2, 5}, {1, 3}], [{8, 4}, {6, 7}, {2, 5}, {3}, {1}], [{8, 4}, {6, 7}, {3, 5}, {1, 2}], [{8, 5}, {1, 7}, {2, 6}, {3, 4}], [{8, 5}, {1, 7}, {3, 6}, {2, 4}], [{8, 5}, {1, 7}, {3, 6}, {4}, {2}], [{8, 5}, {1, 7}, {4, 6}, {2, 3}], [{8, 5}, {2, 7}, {1, 6}, {3, 4}], [{8, 5}, {2, 7}, {3, 6}, {1, 4}], [{8, 5}, {2, 7}, {4, 6}, {1, 3}], [{8, 5}, {2, 7}, {4, 6}, {3}, {1}], [{8, 5}, {3, 7}, {1, 6}, {2, 4}], [{8, 5}, {3, 7}, {1, 6}, {4}, {2}], [{8, 5}, {3, 7}, {2, 6}, {1, 4}], [{8, 5}, {3, 7}, {4, 6}, {1, 2}], [{8, 5}, {4, 7}, {1, 6}, {2, 3}], [{8, 5}, {4, 7}, {2, 6}, {1, 3}], [{8, 5}, {4, 7}, {2, 6}, {3}, {1}], [{8, 5}, {4, 7}, {3, 6}, {1, 2}], [{8, 5}, {6, 7}, {1, 4}, {2, 3}], [{8, 5}, {6, 7}, {1, 4}, {3}, {2}], [{8, 5}, {6, 7}, {2, 4}, {1, 3}], [{8, 5}, {6, 7}, {2, 4}, {3}, {1}], [{8, 5}, {6, 7}, {3, 4}, {1, 2}], [{8, 5}, {6, 7}, {3, 4}, {2}, {1}], [{8, 5}, {6, 7}, {4}, {1, 3}, {2}], [{8, 5}, {6, 7}, {4}, {2, 3}, {1}], [{8, 5}, {6, 7}, {4}, {3}, {1, 2}], [{8, 5}, {6, 7}, {4}, {3}, {2}, {1}], [{8, 6}, {1, 7}, {2, 5}, {3, 4}], [{8, 6}, {1, 7}, {3, 5}, {2, 4}], [{8, 6}, {1, 7}, {4, 5}, {2, 3}], [{8, 6}, {1, 7}, {4, 5}, {3}, {2}], [{8, 6}, {2, 7}, {1, 5}, {3, 4}], [{8, 6}, {2, 7}, {3, 5}, {1, 4}], [{8, 6}, {2, 7}, {4, 5}, {1, 3}], [{8, 6}, {2, 7}, {4, 5}, {3}, {1}], [{8, 6}, {3, 7}, {1, 5}, {2, 4}], [{8, 6}, {3, 7}, {2, 5}, {1, 4}], [{8, 6}, {3, 7}, {4, 5}, {1, 2}], [{8, 6}, {3, 7}, {4, 5}, {2}, {1}], [{8, 6}, {3, 7}, {5}, {4}, {1, 2}], [{8, 6}, {4, 7}, {1, 5}, {2, 3}], [{8, 6}, {4, 7}, {1, 5}, {3}, {2}], [{8, 6}, {4, 7}, {2, 5}, {1, 3}], [{8, 6}, {4, 7}, {2, 5}, {3}, {1}], [{8, 6}, {4, 7}, {3, 5}, {1, 2}], [{8, 6}, {4, 7}, {3, 5}, {2}, {1}], [{8, 6}, {4, 7}, {5}, {1, 3}, {2}], [{8, 6}, {4, 7}, {5}, {2, 3}, {1}], [{8, 6}, {4, 7}, {5}, {3}, {1, 2}], [{8, 6}, {4, 7}, {5}, {3}, {2}, {1}], [{8, 6}, {5, 7}, {1, 4}, {2, 3}], [{8, 6}, {5, 7}, {1, 4}, {3}, {2}], [{8, 6}, {5, 7}, {2, 4}, {1, 3}], [{8, 6}, {5, 7}, {2, 4}, {3}, {1}], [{8, 6}, {5, 7}, {3, 4}, {1, 2}], [{8, 6}, {5, 7}, {3, 4}, {2}, {1}], [{8, 6}, {5, 7}, {4}, {1, 3}, {2}], [{8, 6}, {5, 7}, {4}, {2, 3}, {1}], [{8, 6}, {5, 7}, {4}, {3}, {1, 2}], [{8, 6}, {5, 7}, {4}, {3}, {2}, {1}], [{8, 6}, {7}, {3, 5}, {4}, {1, 2}], [{8, 6}, {7}, {4, 5}, {1, 3}, {2}], [{8, 6}, {7}, {4, 5}, {2, 3}, {1}], [{8, 6}, {7}, {4, 5}, {3}, {1, 2}], [{8, 6}, {7}, {4, 5}, {3}, {2}, {1}], [{8, 6}, {7}, {5}, {3, 4}, {1, 2}], [{8, 7}, {1, 6}, {2, 5}, {3, 4}], [{8, 7}, {1, 6}, {3, 5}, {2, 4}], [{8, 7}, {1, 6}, {4, 5}, {2, 3}], [{8, 7}, {2, 6}, {1, 5}, {3, 4}], [{8, 7}, {2, 6}, {3, 5}, {1, 4}], [{8, 7}, {2, 6}, {4, 5}, {1, 3}], [{8, 7}, {2, 6}, {4, 5}, {3}, {1}], [{8, 7}, {3, 6}, {1, 5}, {2, 4}], [{8, 7}, {3, 6}, {2, 5}, {1, 4}], [{8, 7}, {3, 6}, {4, 5}, {1, 2}], [{8, 7}, {4, 6}, {1, 5}, {2, 3}], [{8, 7}, {4, 6}, {2, 5}, {1, 3}], [{8, 7}, {4, 6}, {2, 5}, {3}, {1}], [{8, 7}, {4, 6}, {3, 5}, {1, 2}], [{8, 7}, {5, 6}, {1, 4}, {2, 3}], [{8, 7}, {5, 6}, {1, 4}, {3}, {2}], [{8, 7}, {5, 6}, {2, 4}, {1, 3}], [{8, 7}, {5, 6}, {2, 4}, {3}, {1}], [{8, 7}, {5, 6}, {3, 4}, {1, 2}], [{8, 7}, {5, 6}, {3, 4}, {2}, {1}], [{8, 7}, {5, 6}, {4}, {1, 3}, {2}], [{8, 7}, {5, 6}, {4}, {2, 3}, {1}], [{8, 7}, {5, 6}, {4}, {3}, {1, 2}], [{8, 7}, {5, 6}, {4}, {3}, {2}, {1}], [{8}, {1, 7}, {4, 6}, {2, 5}, {3}], [{8}, {1, 7}, {5, 6}, {2, 4}, {3}], [{8}, {2, 7}, {1, 6}, {4, 5}, {3}], [{8}, {2, 7}, {3, 6}, {4, 5}, {1}], [{8}, {2, 7}, {6}, {1, 5}, {3, 4}], [{8}, {2, 7}, {6}, {3, 5}, {1, 4}], [{8}, {2, 7}, {6}, {4, 5}, {1, 3}], [{8}, {2, 7}, {6}, {4, 5}, {3}, {1}], [{8}, {3, 7}, {1, 6}, {2, 5}, {4}], [{8}, {3, 7}, {4, 6}, {2, 5}, {1}], [{8}, {3, 7}, {5, 6}, {2, 4}, {1}], [{8}, {3, 7}, {6}, {2, 5}, {1, 4}], [{8}, {4, 7}, {3, 6}, {1, 5}, {2}], [{8}, {5, 7}, {2, 6}, {1, 4}, {3}], [{8}, {5, 7}, {2, 6}, {3, 4}, {1}], [{8}, {5, 7}, {2, 6}, {4}, {1, 3}], [{8}, {5, 7}, {2, 6}, {4}, {3}, {1}], [{8}, {5, 7}, {3, 6}, {1, 4}, {2}], [{8}, {5, 7}, {6}, {1, 4}, {2, 3}], [{8}, {7}, {4, 6}, {2, 5}, {1, 3}], [{8}, {7}, {4, 6}, {2, 5}, {3}, {1}], [{8}, {7}, {5, 6}, {2, 4}, {1, 3}], [{8}, {7}, {5, 6}, {2, 4}, {3}, {1}]]",2,12 K_1^3 - 16 K_1^2 - 12 K_1 K_2 - 3 K_1 + 8 K_2 + 3 K_3 + 9,O1O2O3U2O4U1U5O6U3U6O7U4U7O8O5U8,O1O2U1O3O4U3O5O6U2O7U4U7U6O8U5U8,O1O2U3O4O3U5O6O5U7U2O7U1U8U4O8U6,c,{'O1O2O3U4O5O4U6U7O6U8U1O8U5U3O7U2'},1,"<a href=""/flatknot/8.975768"">8.975768</a>",t^9-51t^7-188t^6-180t^5+98t^4+271t^3+216t^2+67t+6,0,,
8.975769,O1O2O3U4O5O4U6U7O6U8U2O8U1U3O7U5,3,16z^2+85z+107,16w^3z^2+85w^2z+107w,False,False,"[[ 0 -1  0  2  1  2 -1 -2 -1],[ 1  0  1  2  1  1  1  0  0],[ 0 -1  0  0  0 -1  0  1  0],[-2 -2  0  0 -2 -1 -2 -1 -2],[-1 -1  0  2  0  2 -2 -3 -2],[-2 -1  1  1 -2  0 -3 -1 -2],[ 1 -1  0  2  2  3  0 -2  0],[ 2  0 -1  1  3  1  2  0  1],[ 1  0  0  2  2  2  0 -1  0]]","[[ 0  2  2  1  0 -1 -1 -1 -2],[-2  0  1 -2  1 -1 -2 -3 -1],[-2 -1  0 -2  0 -2 -2 -2 -1],[-1  2  2  0  0 -1 -2 -2 -3],[ 0 -1  0  0  0 -1  0  0  1],[ 1  1  2  1  1  0  0  1  0],[ 1  2  2  2  0  0  0  0 -1],[ 1  3  2  2  0 -1  0  0 -2],[ 2  1  1  3 -1  0  1  2  0]]",True,"[-2,-2,-1,0,1,1,1,2,-1,2,-1,1,2,3,1,2,0,2,2,2,1,0,1,2,2,3,1,0,0,-1,0,-1,0,0,1,2]","[-2,-2,-1,0,1,1,1,2,-1,-1,2,1,1,1,3,-1,3,0,1,2,3,1,0,0,1,0,1,1,0,3,0,-1,-1,0,0,1]",t^8+64t^6+312t^4+216t^2,"[-2,-1,-1,-1,0,1,2,2,-1,0,1,3,0,3,3,0,1,1,0,0,1,0,1,0,1,1,0,1,2,1,1,3,2,-1,-1,-1]","[-2,-2,-1,0,1,1,1,2,-1,-1,2,1,1,1,3,-1,3,0,1,2,3,1,0,0,1,0,1,1,0,3,0,-1,-1,0,0,1]","[-2,-1,-1,-1,0,1,2,2,0,1,2,-1,3,1,1,0,1,1,1,1,2,0,0,2,2,2,0,2,3,2,0,-1,0,2,2,1]",c,"[[{8, 1}, {5, 7}, {4, 6}, {2, 3}], [{8, 2}, {5, 7}, {4, 6}, {1, 3}], [{8, 2}, {5, 7}, {6}, {4}, {1, 3}], [{8, 3}, {5, 7}, {1, 6}, {2, 4}], [{8, 3}, {5, 7}, {4, 6}, {1, 2}], [{8}, {5, 7}, {1, 6}, {2, 4}, {3}], [{8}, {5, 7}, {4, 6}, {3}, {1, 2}]]",1,12 K_1^3 - 22 K_1^2 - 20 K_1 K_2 + K_1 + 11 K_2 + 7 K_3 + 12,O1O2O3U4O5U1U3O6U2U6O7U5U7O8O4U8,O1O2U1O3O4U3O5O6U2O7U5U4U6O8U7U8,O1O2U3O4O3U5O6O5U7U8O7U1U4U2O8U6,c,{'O1O2O3U4O5O4U6U7O6U8U2O8U1U3O7U5'},1,"<a href=""/flatknot/8.975769"">8.975769</a>",t^9-62t^7-218t^6-31t^5+370t^4-97t^3-70t^2+96t,-t^2+2t,,
8.975770,O1O2O3U4O5O4U6U7O6U8U2O8U1U5O7U3,4,z^3+20z^2+102z+133,w^4z^3+20w^3z^2+102w^2z+133w,False,False,"[[ 0 -1  0  2  1  2 -1 -2 -1],[ 1  0  1  2  1  1  1  0  0],[ 0 -1  0  0  0 -1  0  1  0],[-2 -2  0  0 -1  0 -3 -2 -2],[-1 -1  0  1  0  2 -2 -2 -2],[-2 -1  1  0 -2  0 -2 -1 -2],[ 1 -1  0  3  2  2  0 -2  0],[ 2  0 -1  2  2  1  2  0  1],[ 1  0  0  2  2  2  0 -1  0]]","[[ 0  2  2  1  0 -1 -1 -1 -2],[-2  0  0 -1  0 -2 -2 -3 -2],[-2  0  0 -2  1 -1 -2 -2 -1],[-1  1  2  0  0 -1 -2 -2 -2],[ 0  0 -1  0  0 -1  0  0  1],[ 1  2  1  1  1  0  0  1  0],[ 1  2  2  2  0  0  0  0 -1],[ 1  3  2  2  0 -1  0  0 -2],[ 2  2  1  2 -1  0  1  2  0]]",True,"[-2,-2,-1,0,1,1,1,2,0,1,0,2,2,3,2,2,-1,1,2,2,1,0,1,2,2,2,1,0,0,-1,0,-1,0,0,1,2]","[-2,-2,-1,0,1,1,1,2,0,-1,3,1,1,2,3,0,2,0,1,1,2,1,0,0,1,1,1,1,0,3,0,-1,-1,0,0,1]",t^8+58t^6+247t^4+160t^2+4,"[-2,-1,-1,-1,0,1,2,2,-1,0,1,3,1,2,3,0,1,1,0,0,1,0,1,0,1,1,0,1,1,2,1,2,3,0,-1,0]","[-2,-2,-1,0,1,1,1,2,0,-1,3,1,1,2,3,0,2,0,1,1,2,1,0,0,1,1,1,1,0,3,0,-1,-1,0,0,1]","[-2,-1,-1,-1,0,1,2,2,0,1,2,-1,2,1,2,0,1,1,1,1,2,0,0,2,2,2,0,2,2,3,0,-1,0,2,1,0]",c,"[[{8, 1}, {5, 7}, {4, 6}, {2, 3}], [{8, 2}, {5, 7}, {4, 6}, {1, 3}], [{8, 3}, {5, 7}, {4, 6}, {1, 2}], [{8, 7}, {4, 6}, {2, 5}, {1, 3}], [{8, 7}, {6}, {2, 5}, {4}, {1, 3}], [{8}, {5, 7}, {4, 6}, {3}, {1, 2}]]",1,4 K_1^3 - 14 K_1^2 - 8 K_1 K_2 + K_1 + 7 K_2 + 3 K_3 + 8,O1O2O3U1O4U5U3O6U2U6O7U4U7O8O5U8,O1O2U1O3O4U3O5O6U2O7U5U4U7O8U6U8,O1O2U3O4O3U5O6O5U7U1O7U8U4U2O8U6,c,{'O1O2O3U4O5O4U6U7O6U8U2O8U1U5O7U3'},1,"<a href=""/flatknot/8.975770"">8.975770</a>",t^9-56t^7-170t^6+54t^5+392t^4+3t^3-186t^2-14t,-t^2+2t,,
8.975771,O1O2O3U4O5O4U6U7O6U8U2O8U5U1O7U3,4,11z^2+94z+145,11w^3z^2+94w^2z+145w,False,False,"[[ 0  0  0  2  1  1 -1 -2 -1],[ 0  0  0  1  1  0  0 -1 -1],[ 0  0  0  0  0 -1  0  1  0],[-2 -1  0  0 -1  0 -3 -2 -2],[-1 -1  0  1  0  1 -2 -2 -2],[-1  0  1  0 -1  0 -1  0 -1],[ 1  0  0  3  2  1  0 -2  0],[ 2  1 -1  2  2  0  2  0  1],[ 1  1  0  2  2  1  0 -1  0]]","[[ 0  2  1  1  0  0 -1 -1 -2],[-2  0  0 -1  0 -1 -2 -3 -2],[-1  0  0 -1  1  0 -1 -1  0],[-1  1  1  0  0 -1 -2 -2 -2],[ 0  0 -1  0  0  0  0  0  1],[ 0  1  0  1  0  0 -1  0 -1],[ 1  2  1  2  0  1  0  0 -1],[ 1  3  1  2  0  0  0  0 -2],[ 2  2  0  2 -1  1  1  2  0]]",True,"[-2,-1,-1,0,0,1,1,2,0,1,0,1,2,3,2,1,-1,0,1,1,0,0,1,2,2,2,0,0,0,-1,1,0,1,0,1,2]","[-2,-1,-1,0,0,1,1,2,-1,0,1,3,1,3,2,0,1,1,0,1,0,0,1,0,1,1,0,0,1,1,1,2,2,-1,0,1]",t^8+44t^6+122t^4+88t^2+16,"[-2,-1,-1,0,0,1,1,2,-1,0,1,3,1,3,2,0,1,1,0,1,0,0,1,0,1,1,0,0,1,1,1,2,2,-1,0,1]","[-2,-1,-1,0,0,1,1,2,0,1,1,2,0,1,2,1,0,1,0,0,1,1,2,1,1,3,0,1,0,1,1,1,3,0,-1,0]","[-2,-1,-1,0,0,1,1,2,1,2,-1,1,0,2,2,0,0,1,1,2,2,0,0,1,2,3,0,-1,0,0,0,1,1,-1,0,1]",c,"[[{8, 4}, {3, 7}, {5, 6}, {1, 2}], [{8, 4}, {3, 7}, {5, 6}, {2}, {1}], [{8, 4}, {5, 7}, {3, 6}, {1, 2}], [{8, 4}, {5, 7}, {3, 6}, {2}, {1}], [{8, 4}, {6, 7}, {3, 5}, {1, 2}], [{8, 4}, {6, 7}, {3, 5}, {2}, {1}]]",1,4 K_1^3 - 24 K_1^2 - 12 K_1 K_2 + 3 K_1 + 12 K_2 + 5 K_3 + 13,O1O2O3U1O4U3U5O6U2U6O7U4U7O8O5U8,O1O2U1O3O4U3O5O6U2O7U6U4U7O8U5U8,O1O2U3O4O3U5O6O5U7U2O7U8U4U1O8U6,c,{'O1O2O3U4O5O4U6U7O6U8U2O8U5U1O7U3'},1,"<a href=""/flatknot/8.975771"">8.975771</a>",t^9-44t^7-118t^6+34t^5+206t^4+9t^3-66t^2-3t-20,0,,
8.975772,O1O2O3U4O5O4U6U7O6U8U3O8U1U2O7U5,3,16z^2+81z+99,16w^3z^2+81w^2z+99w,False,False,"[[ 0 -1  1  1  1  2 -1 -2 -1],[ 1  0  1  1  1  1  1  0  0],[-1 -1  0  1 -1  0 -1 -1 -2],[-1 -1 -1  0 -1 -2 -1  1 -1],[-1 -1  1  1  0  2 -2 -3 -2],[-2 -1  0  2 -2  0 -3 -1 -2],[ 1 -1  1  1  2  3  0 -2  0],[ 2  0  1 -1  3  1  2  0  1],[ 1  0  2  1  2  2  0 -1  0]]","[[ 0  2  1  1  1 -1 -1 -1 -2],[-2  0  2  0 -2 -1 -2 -3 -1],[-1 -2  0 -1 -1 -1 -1 -1  1],[-1  0  1  0 -1 -1 -2 -1 -1],[-1  2  1  1  0 -1 -2 -2 -3],[ 1  1  1  1  1  0  0  1  0],[ 1  2  1  2  2  0  0  0 -1],[ 1  3  1  1  2 -1  0  0 -2],[ 2  1 -1  1  3  0  1  2  0]]",True,"[-2,-1,-1,-1,1,1,1,2,-2,0,2,1,2,3,1,1,1,1,1,1,-1,1,1,2,1,1,1,2,2,3,0,-1,0,0,1,2]","[-2,-1,-1,-1,1,1,1,2,-2,0,2,1,2,3,1,1,1,1,1,1,-1,1,1,2,1,1,1,2,2,3,0,-1,0,0,1,2]",t^8+61t^6+257t^4+224t^2,"[-2,-1,-1,-1,1,1,1,2,-1,0,1,0,2,4,3,0,1,0,1,1,0,0,0,0,1,1,1,1,1,2,-1,-1,-1,-1,1,3]","[-2,-1,-1,-1,1,1,1,2,-1,1,3,0,1,2,3,1,1,0,0,1,0,1,1,0,1,2,1,1,1,4,0,-1,-1,0,0,1]","[-2,-1,-1,-1,1,1,1,2,0,1,2,-1,1,3,1,0,1,1,1,1,1,0,1,2,2,2,1,1,2,3,-1,-1,-2,-1,0,2]",c,"[[{8, 3}, {5, 7}, {4, 6}, {1, 2}]]",0,8 K_1^3 - 20 K_1^2 - 8 K_1 K_2 - 2 K_1 + 10 K_2 + 2 K_3 + 11,O1O2O3U4O5U2U3O6U1U6O7U5U7O8O4U8,O1O2U1O3O4U3O5O6U2O7U5U6U4O8U7U8,O1O2U3O4O3U5O6O5U7U8O7U4U1U2O8U6,c,{'O1O2O3U4O5O4U6U7O6U8U3O8U1U2O7U5'},1,"<a href=""/flatknot/8.975772"">8.975772</a>",t^9-61t^7-212t^6-33t^5+392t^4+82t^3-232t^2+32t+32,0,,
8.975773,O1O2O3U4O5O4U6U7O6U8U3O8U1U5O7U2,4,10z^2+95z+151,10w^3z^2+95w^2z+151w,False,False,"[[ 0 -1  1  1  1  2 -1 -2 -1],[ 1  0  1  1  1  1  1  0  0],[-1 -1  0  1  0  1 -2 -2 -2],[-1 -1 -1  0 -1 -1 -1  0 -1],[-1 -1  0  1  0  2 -2 -2 -2],[-2 -1 -1  1 -2  0 -2 -1 -2],[ 1 -1  2  1  2  2  0 -2  0],[ 2  0  2  0  2  1  2  0  1],[ 1  0  2  1  2  2  0 -1  0]]","[[ 0  2  1  1  1 -1 -1 -1 -2],[-2  0  1 -1 -2 -1 -2 -2 -1],[-1 -1  0 -1 -1 -1 -1 -1  0],[-1  1  1  0  0 -1 -2 -2 -2],[-1  2  1  0  0 -1 -2 -2 -2],[ 1  1  1  1  1  0  1  0  0],[ 1  2  1  2  2 -1  0  0 -2],[ 1  2  1  2  2  0  0  0 -1],[ 2  1  0  2  2  0  2  1  0]]",True,"[-2,-1,-1,-1,1,1,1,2,-1,1,2,1,2,2,1,1,1,1,1,1,0,0,1,2,2,2,1,2,2,2,-1,0,0,0,2,1]","[-2,-1,-1,-1,1,1,1,2,-1,0,1,1,1,3,3,0,1,0,0,1,1,0,0,0,1,1,1,1,1,2,0,-1,-1,-1,0,2]",t^8+53t^6+106t^4+44t^2+4,"[-2,-1,-1,-1,1,1,1,2,-1,0,1,1,1,3,3,0,1,0,0,1,1,0,0,0,1,1,1,1,1,2,0,-1,-1,-1,0,2]","[-2,-1,-1,-1,1,1,1,2,-1,0,2,1,1,2,3,0,1,0,0,1,1,1,0,0,1,1,1,1,1,3,0,-1,-1,0,0,1]","[-2,-1,-1,-1,1,1,1,2,0,1,2,0,2,2,1,0,1,1,1,1,1,0,1,2,2,2,1,2,2,2,-1,-1,-1,0,1,2]",c,"[[{8, 3}, {5, 7}, {4, 6}, {1, 2}]]",0,- 28 K_1^2 - 8 K_1 K_2 + 4 K_1 + 14 K_2 + 4 K_3 + 15,O1O2O3U2O4U5U3O6U1U6O7U4U7O8O5U8,O1O2U1O3O4U3O5O6U2O7U5U7U4O8U6U8,O1O2U3O4O3U5O6O5U7U1O7U4U8U2O8U6,c,{'O1O2O3U4O5O4U6U7O6U8U3O8U1U5O7U2'},1,"<a href=""/flatknot/8.975773"">8.975773</a>",t^9-53t^7-170t^6-44t^5+250t^4+64t^3-124t^2+18t,0,,
8.975774,O1O2O3U4O5O4U6U7O6U8U3O8U2U1O7U5,3,21z^2+82z+81,-8w^4z^2+29w^3z^2+82w^2z+81w,False,False,"[[ 0  0  0  1  1  2 -1 -2 -1],[ 0  0  0  1  0  1  0 -1 -1],[ 0  0  0  1  0  0  0  0 -1],[-1 -1 -1  0 -1 -2 -1  1 -1],[-1  0  0  1  0  2 -2 -3 -2],[-2 -1  0  2 -2  0 -3 -1 -2],[ 1  0  0  1  2  3  0 -2  0],[ 2  1  0 -1  3  1  2  0  1],[ 1  1  1  1  2  2  0 -1  0]]","[[ 0  2  1  1  0  0 -1 -1 -2],[-2  0  2 -2  0 -1 -2 -3 -1],[-1 -2  0 -1 -1 -1 -1 -1  1],[-1  2  1  0  0  0 -2 -2 -3],[ 0  0  1  0  0  0 -1  0  0],[ 0  1  1  0  0  0 -1  0 -1],[ 1  2  1  2  1  1  0  0 -1],[ 1  3  1  2  0  0  0  0 -2],[ 2  1 -1  3  0  1  1  2  0]]",True,"[-2,-1,-1,0,0,1,1,2,-2,2,0,1,2,3,1,1,1,1,1,1,-1,0,0,2,2,3,0,1,0,0,1,0,1,0,1,2]","[-2,-1,-1,0,0,1,1,2,-2,2,0,1,2,3,1,1,1,1,1,1,-1,0,0,2,2,3,0,1,0,0,1,0,1,0,1,2]",t^8+54t^6+198t^4+164t^2,"[-2,-1,-1,0,0,1,1,2,-1,0,1,2,0,4,3,0,1,1,0,1,0,0,0,0,1,1,0,1,0,1,1,0,2,-1,-1,3]","[-2,-1,-1,0,0,1,1,2,-1,3,1,2,0,1,3,1,1,1,0,0,0,0,0,1,1,4,0,1,0,1,1,0,2,0,-1,0]","[-2,-1,-1,0,0,1,1,2,1,2,0,1,-1,3,1,0,1,1,1,2,2,0,0,1,2,3,0,1,0,0,1,0,1,-1,-2,2]",c,"[[{8, 3}, {5, 7}, {4, 6}, {1, 2}], [{8, 3}, {5, 7}, {4, 6}, {2}, {1}]]",0,- 4 K_1^2 + 2 K_2 + 3,O1O2O3U4O5U3U2O6U1U6O7U5U7O8O4U8,O1O2U1O3O4U3O5O6U2O7U6U5U4O8U7U8,O1O2U3O4O3U5O6O5U7U8O7U4U2U1O8U6,c,{'O1O2O3U4O5O4U6U7O6U8U3O8U2U1O7U5'},1,"<a href=""/flatknot/8.975774"">8.975774</a>",t^9-54t^7-168t^6+28t^5+408t^4+220t^3-8t^2,0,,
8.975775,O1O2O3U4O5O4U6U7O6U8U3O8U5U1O7U2,4,13z^2+98z+145,13w^3z^2+98w^2z+145w,False,False,"[[ 0  0  1  1  1  1 -1 -2 -1],[ 0  0  0  0  1  0  0 -1 -1],[-1  0  0  1  0  1 -2 -2 -2],[-1  0 -1  0 -1 -1 -1  0 -1],[-1 -1  0  1  0  1 -2 -2 -2],[-1  0 -1  1 -1  0 -1  0 -1],[ 1  0  2  1  2  1  0 -2  0],[ 2  1  2  0  2  0  2  0  1],[ 1  1  2  1  2  1  0 -1  0]]","[[ 0  1  1  1  1  0 -1 -1 -2],[-1  0  1  1  0  0 -2 -2 -2],[-1 -1  0  1 -1  0 -1 -1  0],[-1 -1 -1  0 -1  0 -1 -1  0],[-1  0  1  1  0 -1 -2 -2 -2],[ 0  0  0  0  1  0  0 -1 -1],[ 1  2  1  1  2  0  0  0 -2],[ 1  2  1  1  2  1  0  0 -1],[ 2  2  0  0  2  1  2  1  0]]",True,"[-1,-1,-1,-1,0,1,1,2,-1,-1,0,0,2,2,2,-1,1,0,1,1,0,1,0,1,1,0,1,2,2,2,0,1,1,0,2,1]","[-2,-1,-1,0,1,1,1,1,-1,0,1,1,1,3,3,0,1,0,0,1,1,0,0,0,1,1,0,1,1,1,0,-1,-1,-1,-1,-1]",t^8+41t^6+99t^4+45t^2+4,"[-2,-1,-1,0,1,1,1,1,-1,0,1,1,1,3,3,0,1,0,0,1,1,0,0,0,1,1,0,1,1,1,0,-1,-1,-1,-1,-1]","[-1,-1,-1,-1,0,1,1,2,-1,-1,-1,1,1,1,3,-1,-1,1,1,1,3,0,0,0,0,1,1,0,0,1,0,1,1,0,0,-1]","[-2,-1,-1,0,1,1,1,1,1,2,1,0,0,2,2,0,1,1,1,2,2,0,1,1,2,2,0,0,0,1,-1,-1,-1,-1,-1,0]",c,"[[{8, 1}, {5, 7}, {2, 6}, {3, 4}], [{8, 6}, {5, 7}, {3, 4}, {1, 2}]]",1,- 22 K_1^2 + 11 K_2 + 12,O1O2O3U2O4U3U5O6U1U6O7U4U7O8O5U8,O1O2U1O3O4U3O5O6U2O7U6U7U4O8U5U8,O1O2U3O4O3U5O6O5U7U2O7U4U8U1O8U6,c,{'O1O2O3U4O5O4U6U7O6U8U3O8U5U1O7U2'},1,"<a href=""/flatknot/8.975775"">8.975775</a>",t^9-43t^7-100t^6+74t^5+214t^4-62t^3-144t^2,t^2-2t,,
8.975776,O1O2O3U4O5O4U6U7O6U8U5O8U1U2O7U3,4,8z^3+52z^2+105z+67,8w^4z^3+52w^3z^2+105w^2z+67w,False,False,"[[ 0 -1  1  2  1  1 -1 -2 -1],[ 1  0  1  1  2  0  1  0  0],[-1 -1  0  0  0  0 -1 -1 -2],[-2 -1  0  0 -1  1 -3 -2 -3],[-1 -2  0  1  0  1 -2 -2 -1],[-1  0  0 -1 -1  0 -1  1 -1],[ 1 -1  1  3  2  1  0 -2  0],[ 2  0  1  2  2 -1  2  0  1],[ 1  0  2  3  1  1  0 -1  0]]","[[ 0  2  1  1  1 -1 -1 -1 -2],[-2  0  1  0 -1 -1 -3 -3 -2],[-1 -1  0  0 -1  0 -1 -1  1],[-1  0  0  0  0 -1 -1 -2 -1],[-1  1  1  0  0 -2 -2 -1 -2],[ 1  1  0  1  2  0  1  0  0],[ 1  3  1  1  2 -1  0  0 -2],[ 1  3  1  2  1  0  0  0 -1],[ 2  2 -1  1  2  0  2  1  0]]",True,"[-2,-1,-1,-1,1,1,1,2,-1,0,1,1,3,3,2,0,1,0,1,1,-1,0,1,1,2,1,2,2,1,2,-1,0,0,0,2,1]","[-2,-1,-1,-1,1,1,1,2,-1,0,1,1,2,4,2,0,1,0,1,1,0,0,1,0,1,0,0,1,2,2,0,-1,0,0,1,2]",t^8+55t^6+233t^4+161t^2+9,"[-2,-1,-1,-1,1,1,1,2,-1,0,1,1,2,4,2,0,1,0,1,1,0,0,1,0,1,0,0,1,2,2,0,-1,0,0,1,2]","[-2,-1,-1,-1,1,1,1,2,0,1,2,0,0,2,2,0,1,0,1,0,1,0,1,0,1,2,1,1,2,4,0,-1,-1,0,0,1]","[-2,-1,-1,-1,1,1,1,2,0,1,2,-1,1,2,2,0,1,0,1,2,1,0,1,2,1,3,1,1,2,3,0,-1,-1,0,0,1]",c,"[[{8, 2}, {3, 7}, {5, 6}, {1, 4}], [{8, 4}, {3, 7}, {5, 6}, {1, 2}], [{8, 5}, {3, 7}, {2, 6}, {1, 4}]]",1,12 K_1^3 - 4 K_1^2 - 8 K_1 K_2 - 5 K_1 + 2 K_2 + K_3 + 3,O1O2O3U1O4U2U3O5U6U5O7U4U7O8O6U8,O1O2U1O3O4U3O5O6U2O7U5U6U7O8U4U8,O1O2U3O4O3U5O6O5U7U4O7U8U1U2O8U6,c,{'O1O2O3U4O5O4U6U7O6U8U5O8U1U2O7U3'},1,"<a href=""/flatknot/8.975776"">8.975776</a>",t^9-55t^7-148t^6+99t^5+380t^4-6t^3-232t^2-26t+30,0,,
8.975777,O1O2O3U4O5O4U6U7O6U8U5O8U1U3O7U2,4,2z^3+35z^2+114z+105,2w^4z^3+35w^3z^2+114w^2z+105w,False,False,"[[ 0 -1  1  2  1  1 -1 -2 -1],[ 1  0  1  1  2  0  1  0  0],[-1 -1  0  1  0  1 -2 -2 -2],[-2 -1 -1  0 -1  0 -2 -2 -3],[-1 -2  0  1  0  1 -2 -2 -1],[-1  0 -1  0 -1  0 -1  1 -1],[ 1 -1  2  2  2  1  0 -2  0],[ 2  0  2  2  2 -1  2  0  1],[ 1  0  2  3  1  1  0 -1  0]]","[[ 0  2  1  1  1 -1 -1 -1 -2],[-2  0  0 -1 -1 -1 -2 -3 -2],[-1  0  0 -1 -1  0 -1 -1  1],[-1  1  1  0  0 -1 -2 -2 -2],[-1  1  1  0  0 -2 -2 -1 -2],[ 1  1  0  1  2  0  1  0  0],[ 1  2  1  2  2 -1  0  0 -2],[ 1  3  1  2  1  0  0  0 -1],[ 2  2 -1  2  2  0  2  1  0]]",True,"[-2,-1,-1,-1,1,1,1,2,0,1,1,1,2,3,2,1,1,0,1,1,-1,0,1,2,2,2,2,2,1,2,-1,0,0,0,2,1]","[-2,-1,-1,-1,1,1,1,2,-1,0,1,1,1,4,2,0,1,0,0,1,1,0,0,1,1,0,1,0,2,2,0,-1,0,-1,0,1]",t^8+57t^6+255t^4+227t^2+4,"[-2,-1,-1,-1,1,1,1,2,-1,0,1,1,1,4,2,0,1,0,0,1,1,0,0,1,1,0,1,0,2,2,0,-1,0,-1,0,1]","[-2,-1,-1,-1,1,1,1,2,0,0,1,0,1,2,2,0,1,0,0,1,1,1,1,0,0,1,1,1,2,4,0,0,0,-1,-1,1]","[-2,-1,-1,-1,1,1,1,2,0,1,2,-1,2,2,2,0,1,0,1,2,1,0,1,2,1,3,1,2,2,2,-1,-1,0,0,1,1]",c,"[[{8, 2}, {3, 7}, {5, 6}, {1, 4}], [{8, 3}, {6, 7}, {2, 5}, {1, 4}], [{8, 4}, {3, 7}, {2, 6}, {1, 5}], [{8, 4}, {3, 7}, {5, 6}, {1, 2}], [{8, 5}, {3, 7}, {2, 6}, {1, 4}], [{8, 6}, {5, 7}, {1, 4}, {2, 3}]]",1,20 K_1^3 - 12 K_1^2 - 28 K_1 K_2 - K_1 + 6 K_2 + 9 K_3 + 7,O1O2O3U2O4U1U3O5U6U5O7U4U7O8O6U8,O1O2U1O3O4U3O5O6U2O7U5U7U6O8U4U8,O1O2U3O4O3U5O6O5U7U4O7U1U8U2O8U6,c,{'O1O2O3U4O5O4U6U7O6U8U5O8U1U3O7U2'},1,"<a href=""/flatknot/8.975777"">8.975777</a>",t^9-57t^7-174t^6+35t^5+428t^4+133t^3-78t^2-20t-2,0,,
8.975778,O1O2O3U4O5O4U6U7O6U8U5O8U2U1O7U3,4,6z^3+49z^2+116z+85,6w^4z^3+49w^3z^2+116w^2z+85w,False,False,"[[ 0  0  0  2  1  1 -1 -2 -1],[ 0  0  0  1  1  0  0 -1 -1],[ 0  0  0  0  1  0  0  0 -1],[-2 -1  0  0 -1  1 -3 -2 -3],[-1 -1 -1  1  0  1 -2 -2 -1],[-1  0  0 -1 -1  0 -1  1 -1],[ 1  0  0  3  2  1  0 -2  0],[ 2  1  0  2  2 -1  2  0  1],[ 1  1  1  3  1  1  0 -1  0]]","[[ 0  2  1  1  0  0 -1 -1 -2],[-2  0  1 -1  0 -1 -3 -3 -2],[-1 -1  0 -1  0  0 -1 -1  1],[-1  1  1  0 -1 -1 -1 -2 -2],[ 0  0  0  1  0  0 -1  0  0],[ 0  1  0  1  0  0 -1  0 -1],[ 1  3  1  1  1  1  0  0 -1],[ 1  3  1  2  0  0  0  0 -2],[ 2  2 -1  2  0  1  1  2  0]]",True,"[-2,-1,-1,0,0,1,1,2,-1,1,0,1,3,3,2,1,0,0,1,1,-1,1,1,1,2,2,0,1,0,0,1,0,1,0,1,2]","[-2,-1,-1,0,0,1,1,2,-1,0,1,2,1,4,2,0,1,1,0,1,0,0,0,1,1,0,0,0,1,1,0,1,2,-1,0,2]",t^8+48t^6+190t^4+99t^2+1,"[-2,-1,-1,0,0,1,1,2,-1,0,1,2,1,4,2,0,1,1,0,1,0,0,0,1,1,0,0,0,1,1,0,1,2,-1,0,2]","[-2,-1,-1,0,0,1,1,2,0,2,1,2,0,0,2,1,0,0,0,1,1,1,1,1,1,4,0,1,0,1,1,0,2,0,-1,0]","[-2,-1,-1,0,0,1,1,2,1,2,0,1,-1,2,2,0,1,1,1,1,3,0,0,1,2,3,0,0,1,0,0,1,1,-1,-1,1]",c,"[[{8, 4}, {3, 7}, {5, 6}, {1, 2}], [{8, 4}, {3, 7}, {5, 6}, {2}, {1}]]",1,4 K_1^3 - 4 K_1 K_2 - K_1 + K_3 + 1,O1O2O3U1O4U3U2O5U6U5O7U4U7O8O6U8,O1O2U1O3O4U3O5O6U2O7U6U5U7O8U4U8,O1O2U3O4O3U5O6O5U7U4O7U8U2U1O8U6,c,{'O1O2O3U4O5O4U6U7O6U8U5O8U2U1O7U3'},1,"<a href=""/flatknot/8.975778"">8.975778</a>",t^9-48t^7-140t^6+8t^5+230t^4-24t^3+4t^2+34t-12,0,,
8.975779,O1O2O3U4O5O4U6U7O6U8U5O8U3U1O7U2,3,10z^2+55z+71,10w^3z^2+55w^2z+71w,False,False,"[[ 0  0  1  1  1  1 -1 -2 -1],[ 0  0  0  0  1  0  0 -1 -1],[-1  0  0  1  0  1 -2 -2 -2],[-1  0 -1  0  0  0 -1 -1 -2],[-1 -1  0  0  0  1 -2 -2 -1],[-1  0 -1  0 -1  0 -1  1 -1],[ 1  0  2  1  2  1  0 -2  0],[ 2  1  2  1  2 -1  2  0  1],[ 1  1  2  2  1  1  0 -1  0]]","[[ 0  1  1  1  1  0 -1 -1 -2],[-1  0  1  1  0  0 -2 -2 -2],[-1 -1  0  0  0  0 -1 -2 -1],[-1 -1  0  0 -1  0 -1 -1  1],[-1  0  0  1  0 -1 -2 -1 -2],[ 0  0  0  0  1  0  0 -1 -1],[ 1  2  1  1  2  0  0  0 -2],[ 1  2  2  1  1  1  0  0 -1],[ 2  2  1 -1  2  1  2  1  0]]",True,"[-1,-1,-1,-1,0,1,1,2,-1,-1,0,0,2,2,2,0,0,0,1,2,1,1,0,1,1,-1,1,2,1,2,0,1,1,0,2,1]","[-2,-1,-1,0,1,1,1,1,-1,0,1,1,1,2,4,0,1,0,0,1,1,0,0,1,0,1,1,0,1,1,0,-1,-1,0,-1,0]",t^8+41t^6+165t^4+46t^2,"[-2,-1,-1,0,1,1,1,1,-1,0,1,1,1,2,4,0,1,0,0,1,1,0,0,1,0,1,1,0,1,1,0,-1,-1,0,-1,0]","[-1,-1,-1,-1,0,1,1,2,-1,-1,0,1,1,1,4,0,0,0,0,1,1,1,1,0,0,1,1,1,0,2,1,0,1,0,-1,0]","[-2,-1,-1,0,1,1,1,1,1,2,1,-1,1,2,2,0,1,1,2,1,2,0,1,1,2,2,0,0,1,0,0,-1,-1,0,-1,0]",c,"[[{8, 1}, {5, 7}, {2, 6}, {3, 4}], [{8, 1}, {5, 7}, {2, 6}, {4}, {3}], [{8, 6}, {5, 7}, {3, 4}, {1, 2}], [{8, 6}, {5, 7}, {4}, {3}, {1, 2}]]",1,- 10 K_1^2 + 5 K_2 + 6,O1O2O3U2O4U3U1O5U6U5O7U4U7O8O6U8,O1O2U1O3O4U3O5O6U2O7U6U7U5O8U4U8,O1O2U3O4O3U5O6O5U7U4O7U2U8U1O8U6,c,"{'O1O2U3O4O3U5O6O5U7U1O7U8U6O8U2U4', 'O1O2O3U4O5O4U6U7O6U8U5O8U3U1O7U2'}",2,"<a href=""/flatknot/8.975779"">8.975779</a>",t^9-43t^7-110t^6+62t^5+302t^4+41t^3-128t^2-20t,t^2-2t,,
8.975780,O1O2O3U4O5O4U6U1O7U2U3O6U8U7O8U5,4,6z^3+37z^2+96z+93,6w^4z^3+37w^3z^2+96w^2z+93w,False,False,"[[ 0 -2 -1  1  1  2 -2  2 -1],[ 2  0  1  2  2  1  0  1  2],[ 1 -1  0  1  1  1  0  1  0],[-1 -2 -1  0 -1  0 -1  0 -2],[-1 -2 -1  1  0  2 -3  2 -2],[-2 -1 -1  0 -2  0 -1  0 -3],[ 2  0  0  1  3  1  0  2  2],[-2 -1 -1  0 -2  0 -2  0 -2],[ 1 -2  0  2  2  3 -2  2  0]]","[[ 0  2  2  1  1 -1 -1 -2 -2],[-2  0  0  0 -2 -1 -2 -1 -2],[-2  0  0  0 -2 -1 -3 -1 -1],[-1  0  0  0 -1 -1 -2 -2 -1],[-1  2  2  1  0 -1 -2 -2 -3],[ 1  1  1  1  1  0  0 -1  0],[ 1  2  3  2  2  0  0 -2 -2],[ 2  1  1  2  2  1  2  0  0],[ 2  2  1  1  3  0  2  0  0]]",True,"[-2,-2,-1,-1,1,1,2,2,0,0,2,1,2,1,2,0,2,1,3,1,1,1,1,2,2,1,1,2,2,3,0,1,0,2,2,0]","[-2,-2,-1,-1,1,1,2,2,0,-1,0,1,1,3,3,-1,1,0,2,2,3,0,0,0,1,0,1,1,2,2,-1,-1,-1,1,1,0]",t^8+68t^6+197t^4+120t^2+4,"[-2,-2,-1,-1,1,1,2,2,0,-1,0,1,1,3,3,-1,1,0,2,2,3,0,0,0,1,0,1,1,2,2,-1,-1,-1,1,1,0]","[-2,-2,-1,-1,1,1,2,2,0,-1,1,0,2,3,3,-1,1,1,2,2,3,1,0,1,0,1,0,1,2,1,0,-1,-1,1,0,0]","[-2,-2,-1,-1,1,1,2,2,0,0,2,1,3,1,2,1,2,2,2,1,1,0,1,1,1,1,2,2,3,2,-1,0,0,2,2,0]",c,"[[{8, 3}, {1, 7}, {5, 6}, {2, 4}], [{8, 3}, {6, 7}, {1, 5}, {2, 4}]]",1,4 K_1^3 - 12 K_1^2 - 4 K_1 K_2 - K_1 + 6 K_2 + K_3 + 7,O1O2O3U4O5U6U5O7U1U2O6U3U7O8O4U8,O1O2U3O4O5U1O6O3U6O7U2U4U5O8U7U8,O1O2U3O4O5U1O6O3U7U8O7U4U5U6O8U2,c,{'O1O2O3U4O5O4U6U1O7U2U3O6U8U7O8U5'},1,"<a href=""/flatknot/8.975780"">8.975780</a>",t^9-68t^7-250t^6-25t^5+586t^4+281t^3-104t^2+17t-70,0,,
8.975781,O1O2O3U4O5O4U6U1O7U2U5O6U8U7O8U3,3,9z^2+54z+73,9w^3z^2+54w^2z+73w,False,False,"[[ 0 -2 -1  2  1  1 -2  2 -1],[ 2  0  1  2  2  1  0  1  2],[ 1 -1  0  2  1  0  0  1  0],[-2 -2 -2  0 -1 -1 -2  1 -3],[-1 -2 -1  1  0  1 -2  1 -2],[-1 -1  0  1 -1  0 -1  0 -2],[ 2  0  0  2  2  1  0  2  2],[-2 -1 -1 -1 -1  0 -2  0 -2],[ 1 -2  0  3  2  2 -2  2  0]]","[[ 0  2  2  1  1 -1 -1 -2 -2],[-2  0  1 -1 -1 -2 -3 -2 -2],[-2 -1  0  0 -1 -1 -2 -1 -2],[-1  1  0  0 -1  0 -2 -1 -1],[-1  1  1  1  0 -1 -2 -2 -2],[ 1  2  1  0  1  0  0 -1  0],[ 1  3  2  2  2  0  0 -2 -2],[ 2  2  1  1  2  1  2  0  0],[ 2  2  2  1  2  0  2  0  0]]",True,"[-2,-2,-1,-1,1,1,2,2,-1,1,1,2,3,2,2,0,1,1,2,1,2,1,0,2,1,1,1,2,2,2,0,1,0,2,2,0]","[-2,-2,-1,-1,1,1,2,2,-1,0,1,1,2,2,3,0,0,0,1,2,2,1,0,1,1,1,0,2,2,2,0,-1,-1,1,0,0]",t^8+64t^6+228t^4+75t^2,"[-2,-2,-1,-1,1,1,2,2,0,-1,0,1,2,2,3,-1,1,1,2,2,2,0,0,0,0,1,1,2,1,2,-1,0,0,0,1,-1]","[-2,-2,-1,-1,1,1,2,2,-1,0,1,1,2,2,3,0,0,0,1,2,2,1,0,1,1,1,0,2,2,2,0,-1,-1,1,0,0]","[-2,-2,-1,-1,1,1,2,2,0,0,2,1,2,2,2,1,2,1,2,1,2,0,0,1,1,2,2,2,2,3,-1,0,1,1,1,-1]",c,"[[{8, 3}, {2, 7}, {4, 6}, {1, 5}], [{8, 3}, {2, 7}, {5, 6}, {1, 4}], [{8, 4}, {1, 7}, {3, 6}, {2, 5}], [{8, 5}, {6, 7}, {2, 4}, {1, 3}], [{8}, {2, 7}, {4, 6}, {1, 5}, {3}], [{8}, {2, 7}, {5, 6}, {1, 4}, {3}]]",1,4 K_1^3 - 12 K_1^2 - 4 K_1 K_2 - K_1 + 6 K_2 + K_3 + 7,O1O2O3U1O4U5U4O6U7U2O5U3U6O8O7U8,O1O2U3O4O5U1O6O3U6O7U2U4U7O8U5U8,O1O2U3O4O5U1O6O3U7U4O7U8U5U6O8U2,c,{'O1O2O3U4O5O4U6U1O7U2U5O6U8U7O8U3'},1,"<a href=""/flatknot/8.975781"">8.975781</a>",t^9-64t^7-254t^6-198t^5+278t^4+315t^3-8t^2+8t+40,0,,
8.975782,O1O2O3U4O5O4U6U1O7U2U8O6U5U7O8U3,4,z^3+24z^2+106z+125,w^4z^3+24w^3z^2+106w^2z+125w,False,False,"[[ 0 -2 -1  2  1  1 -2  2 -1],[ 2  0  1  2  2  0  1  1  2],[ 1 -1  0  2  1 -1  1  1  0],[-2 -2 -2  0 -1 -1 -2  1 -3],[-1 -2 -1  1  0  1 -3  1 -1],[-1  0  1  1 -1  0 -1  0 -1],[ 2 -1 -1  2  3  1  0  2  1],[-2 -1 -1 -1 -1  0 -2  0 -2],[ 1 -2  0  3  1  1 -1  2  0]]","[[ 0  2  2  1  1 -1 -1 -2 -2],[-2  0  1 -1 -1 -2 -3 -2 -2],[-2 -1  0  0 -1 -1 -2 -1 -2],[-1  1  0  0 -1  1 -1  0 -1],[-1  1  1  1  0 -1 -1 -2 -3],[ 1  2  1 -1  1  0  0 -1  1],[ 1  3  2  1  1  0  0 -2 -1],[ 2  2  1  0  2  1  2  0  1],[ 2  2  2  1  3 -1  1 -1  0]]",True,"[-2,-2,-1,-1,1,1,2,2,-1,1,1,2,3,2,2,0,1,1,2,1,2,1,-1,1,0,1,1,1,2,3,0,1,-1,2,1,-1]","[-2,-2,-1,-1,1,1,2,2,-1,-1,0,1,3,2,3,0,2,0,2,2,2,0,1,1,0,1,1,3,1,2,-1,0,0,0,1,-1]",t^8+62t^6+421t^4+231t^2+16,"[-2,-2,-1,-1,1,1,2,2,-1,-1,0,1,3,2,3,0,2,0,2,2,2,0,1,1,0,1,1,3,1,2,-1,0,0,0,1,-1]","[-2,-2,-1,-1,1,1,2,2,-1,0,1,1,2,2,3,0,0,0,1,2,2,1,1,1,0,1,1,3,2,3,0,0,-1,2,0,-1]","[-2,-2,-1,-1,1,1,2,2,-1,-1,1,1,3,2,2,1,2,0,2,1,2,0,-1,1,1,2,1,1,2,3,-1,0,1,1,1,-1]",c,"[[{8, 1}, {2, 7}, {3, 6}, {4, 5}], [{8, 1}, {2, 7}, {4, 6}, {3, 5}], [{8, 1}, {2, 7}, {5, 6}, {3, 4}], [{8, 1}, {2, 7}, {5, 6}, {4}, {3}], [{8, 1}, {3, 7}, {2, 6}, {4, 5}], [{8, 1}, {3, 7}, {4, 6}, {2, 5}], [{8, 1}, {3, 7}, {5, 6}, {2, 4}], [{8, 1}, {4, 7}, {2, 6}, {3, 5}], [{8, 1}, {4, 7}, {3, 6}, {2, 5}], [{8, 1}, {4, 7}, {5, 6}, {2, 3}], [{8, 1}, {5, 7}, {2, 6}, {3, 4}], [{8, 1}, {5, 7}, {3, 6}, {2, 4}], [{8, 1}, {5, 7}, {4, 6}, {2, 3}], [{8, 1}, {6, 7}, {2, 5}, {3, 4}], [{8, 1}, {6, 7}, {3, 5}, {2, 4}], [{8, 1}, {6, 7}, {4, 5}, {2, 3}], [{8, 1}, {7}, {4, 6}, {2, 5}, {3}], [{8, 1}, {7}, {4, 6}, {3, 5}, {2}], [{8, 1}, {7}, {4, 6}, {5}, {2, 3}], [{8, 2}, {1, 7}, {3, 6}, {4, 5}], [{8, 2}, {1, 7}, {4, 6}, {3, 5}], [{8, 2}, {1, 7}, {5, 6}, {3, 4}], [{8, 2}, {1, 7}, {6}, {4, 5}, {3}], [{8, 2}, {3, 7}, {1, 6}, {4, 5}], [{8, 2}, {3, 7}, {4, 6}, {1, 5}], [{8, 2}, {3, 7}, {5, 6}, {1, 4}], [{8, 2}, {3, 7}, {6}, {4, 5}, {1}], [{8, 2}, {4, 7}, {1, 6}, {3, 5}], [{8, 2}, {4, 7}, {3, 6}, {1, 5}], [{8, 2}, {4, 7}, {5, 6}, {1, 3}], [{8, 2}, {5, 7}, {1, 6}, {3, 4}], [{8, 2}, {5, 7}, {3, 6}, {1, 4}], [{8, 2}, {5, 7}, {4, 6}, {1, 3}], [{8, 2}, {6, 7}, {1, 5}, {3, 4}], [{8, 2}, {6, 7}, {3, 5}, {1, 4}], [{8, 2}, {6, 7}, {4, 5}, {1, 3}], [{8, 2}, {7}, {4, 6}, {3, 5}, {1}], [{8, 2}, {7}, {6}, {4, 5}, {1, 3}], [{8, 3}, {1, 7}, {2, 6}, {4, 5}], [{8, 3}, {1, 7}, {4, 6}, {2, 5}], [{8, 3}, {1, 7}, {5, 6}, {2, 4}], [{8, 3}, {1, 7}, {6}, {4, 5}, {2}], [{8, 3}, {2, 7}, {1, 6}, {4, 5}], [{8, 3}, {2, 7}, {4, 6}, {1, 5}], [{8, 3}, {2, 7}, {5, 6}, {1, 4}], [{8, 3}, {4, 7}, {1, 6}, {2, 5}], [{8, 3}, {4, 7}, {2, 6}, {1, 5}], [{8, 3}, {4, 7}, {5, 6}, {1, 2}], [{8, 3}, {4, 7}, {5, 6}, {2}, {1}], [{8, 3}, {5, 7}, {1, 6}, {2, 4}], [{8, 3}, {5, 7}, {1, 6}, {4}, {2}], [{8, 3}, {5, 7}, {2, 6}, {1, 4}], [{8, 3}, {5, 7}, {4, 6}, {1, 2}], [{8, 3}, {6, 7}, {1, 5}, {2, 4}], [{8, 3}, {6, 7}, {2, 5}, {1, 4}], [{8, 3}, {6, 7}, {4, 5}, {1, 2}], [{8, 4}, {1, 7}, {2, 6}, {3, 5}], [{8, 4}, {1, 7}, {3, 6}, {2, 5}], [{8, 4}, {1, 7}, {5, 6}, {2, 3}], [{8, 4}, {2, 7}, {1, 6}, {3, 5}], [{8, 4}, {2, 7}, {1, 6}, {5}, {3}], [{8, 4}, {2, 7}, {3, 6}, {1, 5}], [{8, 4}, {2, 7}, {3, 6}, {5}, {1}], [{8, 4}, {2, 7}, {5, 6}, {1, 3}], [{8, 4}, {2, 7}, {5, 6}, {3}, {1}], [{8, 4}, {2, 7}, {6}, {1, 5}, {3}], [{8, 4}, {2, 7}, {6}, {3, 5}, {1}], [{8, 4}, {2, 7}, {6}, {5}, {1, 3}], [{8, 4}, {3, 7}, {1, 6}, {2, 5}], [{8, 4}, {3, 7}, {2, 6}, {1, 5}], [{8, 4}, {3, 7}, {5, 6}, {1, 2}], [{8, 4}, {5, 7}, {1, 6}, {2, 3}], [{8, 4}, {5, 7}, {2, 6}, {1, 3}], [{8, 4}, {5, 7}, {3, 6}, {1, 2}], [{8, 4}, {6, 7}, {1, 5}, {2, 3}], [{8, 4}, {6, 7}, {2, 5}, {1, 3}], [{8, 4}, {6, 7}, {3, 5}, {1, 2}], [{8, 5}, {1, 7}, {2, 6}, {3, 4}], [{8, 5}, {1, 7}, {3, 6}, {2, 4}], [{8, 5}, {1, 7}, {4, 6}, {2, 3}], [{8, 5}, {2, 7}, {1, 6}, {3, 4}], [{8, 5}, {2, 7}, {3, 6}, {1, 4}], [{8, 5}, {2, 7}, {4, 6}, {1, 3}], [{8, 5}, {2, 7}, {6}, {1, 4}, {3}], [{8, 5}, {3, 7}, {1, 6}, {2, 4}], [{8, 5}, {3, 7}, {2, 6}, {1, 4}], [{8, 5}, {3, 7}, {4, 6}, {1, 2}], [{8, 5}, {4, 7}, {1, 6}, {2, 3}], [{8, 5}, {4, 7}, {2, 6}, {1, 3}], [{8, 5}, {4, 7}, {3, 6}, {1, 2}], [{8, 5}, {4, 7}, {6}, {3}, {1, 2}], [{8, 5}, {6, 7}, {1, 4}, {2, 3}], [{8, 5}, {6, 7}, {2, 4}, {1, 3}], [{8, 5}, {6, 7}, {3, 4}, {1, 2}], [{8, 5}, {7}, {4, 6}, {1, 3}, {2}], [{8, 6}, {1, 7}, {2, 5}, {3, 4}], [{8, 6}, {1, 7}, {3, 5}, {2, 4}], [{8, 6}, {1, 7}, {4, 5}, {2, 3}], [{8, 6}, {2, 7}, {1, 5}, {3, 4}], [{8, 6}, {2, 7}, {3, 5}, {1, 4}], [{8, 6}, {2, 7}, {4, 5}, {1, 3}], [{8, 6}, {2, 7}, {5}, {1, 4}, {3}], [{8, 6}, {2, 7}, {5}, {3, 4}, {1}], [{8, 6}, {2, 7}, {5}, {4}, {1, 3}], [{8, 6}, {3, 7}, {1, 5}, {2, 4}], [{8, 6}, {3, 7}, {2, 5}, {1, 4}], [{8, 6}, {3, 7}, {4, 5}, {1, 2}], [{8, 6}, {3, 7}, {5}, {1, 4}, {2}], [{8, 6}, {4, 7}, {1, 5}, {2, 3}], [{8, 6}, {4, 7}, {2, 5}, {1, 3}], [{8, 6}, {4, 7}, {3, 5}, {1, 2}], [{8, 6}, {5, 7}, {1, 4}, {2, 3}], [{8, 6}, {5, 7}, {1, 4}, {3}, {2}], [{8, 6}, {5, 7}, {2, 4}, {1, 3}], [{8, 6}, {5, 7}, {3, 4}, {1, 2}], [{8, 6}, {7}, {2, 5}, {1, 4}, {3}], [{8, 6}, {7}, {3, 5}, {1, 4}, {2}], [{8, 6}, {7}, {5}, {1, 4}, {2, 3}], [{8, 6}, {7}, {5}, {1, 4}, {3}, {2}], [{8, 7}, {1, 6}, {2, 5}, {3, 4}], [{8, 7}, {1, 6}, {3, 5}, {2, 4}], [{8, 7}, {1, 6}, {4, 5}, {2, 3}], [{8, 7}, {2, 6}, {1, 5}, {3, 4}], [{8, 7}, {2, 6}, {3, 5}, {1, 4}], [{8, 7}, {2, 6}, {4, 5}, {1, 3}], [{8, 7}, {2, 6}, {5}, {4}, {1, 3}], [{8, 7}, {3, 6}, {1, 5}, {2, 4}], [{8, 7}, {3, 6}, {2, 5}, {1, 4}], [{8, 7}, {3, 6}, {4, 5}, {1, 2}], [{8, 7}, {4, 6}, {1, 5}, {2, 3}], [{8, 7}, {4, 6}, {2, 5}, {1, 3}], [{8, 7}, {4, 6}, {3, 5}, {1, 2}], [{8, 7}, {5, 6}, {1, 4}, {2, 3}], [{8, 7}, {5, 6}, {2, 4}, {1, 3}], [{8, 7}, {5, 6}, {3, 4}, {1, 2}], [{8, 7}, {5, 6}, {4}, {1, 3}, {2}], [{8, 7}, {6}, {2, 5}, {4}, {1, 3}], [{8, 7}, {6}, {3, 5}, {2, 4}, {1}], [{8, 7}, {6}, {4, 5}, {3}, {1, 2}], [{8}, {1, 7}, {5, 6}, {2, 4}, {3}], [{8}, {1, 7}, {6}, {4, 5}, {2, 3}], [{8}, {2, 7}, {4, 6}, {5}, {1, 3}], [{8}, {2, 7}, {5, 6}, {1, 4}, {3}], [{8}, {3, 7}, {4, 6}, {2, 5}, {1}], [{8}, {3, 7}, {5, 6}, {2, 4}, {1}], [{8}, {6, 7}, {4, 5}, {1, 3}, {2}], [{8}, {7}, {3, 6}, {4, 5}, {1, 2}], [{8}, {7}, {4, 6}, {3, 5}, {1, 2}], [{8}, {7}, {5, 6}, {2, 4}, {1, 3}], [{8}, {7}, {5, 6}, {3, 4}, {1, 2}]]",2,4 K_1^3 - 16 K_1^2 - 4 K_1 K_2 - K_1 + 8 K_2 + K_3 + 9,O1O2O3U1O4U5U6O7U4U2O5U3U7O8O6U8,O1O2U3O4O5U1O6O3U5O7U2U4U7O8U6U8,O1O2U3O4O5U1O6O3U7U2O7U8U5U6O8U4,c,{'O1O2O3U4O5O4U6U1O7U2U8O6U5U7O8U3'},1,"<a href=""/flatknot/8.975782"">8.975782</a>",t^9-62t^7-246t^6-219t^5+142t^4+165t^3+70t^2-34t-12,0,,
8.975783,O1O2O3U4O5O4U6U1O7U2U8O6U7U3O8U5,4,19z^2+88z+101,19w^3z^2+88w^2z+101w,False,False,"[[ 0 -2 -1  2  1  2 -2  1 -1],[ 2  0  1  1  2  1  1  0  2],[ 1 -1  0  1  1  1  1  0  0],[-2 -1 -1  0 -2 -1 -1 -1 -2],[-1 -2 -1  2  0  2 -3  1 -2],[-2 -1 -1  1 -2  0 -2  0 -2],[ 2 -1 -1  1  3  2  0  1  1],[-1  0  0  1 -1  0 -1  0 -1],[ 1 -2  0  2  2  2 -1  1  0]]","[[ 0  2  2  1  1 -1 -1 -2 -2],[-2  0  1  0 -2 -1 -2 -1 -2],[-2 -1  0 -1 -2 -1 -2 -1 -1],[-1  0  1  0 -1  0 -1  0 -1],[-1  2  2  1  0 -1 -2 -2 -3],[ 1  1  1  0  1  0  0 -1  1],[ 1  2  2  1  2  0  0 -2 -1],[ 2  1  1  0  2  1  2  0  1],[ 2  2  1  1  3 -1  1 -1  0]]",True,"[-2,-2,-1,-1,1,1,2,2,-1,0,2,1,2,1,2,1,2,1,2,1,1,1,0,1,0,1,1,2,2,3,0,1,-1,2,1,-1]","[-2,-2,-1,-1,1,1,2,2,-1,-1,0,1,2,3,3,-1,1,1,2,2,3,1,0,1,0,1,1,2,2,3,0,0,-1,2,0,-1]",t^8+56t^6+194t^4+107t^2+9,"[-2,-2,-1,-1,1,1,2,2,-1,-1,0,1,3,3,3,0,2,0,2,2,3,0,0,1,1,1,1,2,2,2,-1,-1,-1,1,0,-1]","[-2,-2,-1,-1,1,1,2,2,-1,-1,0,1,2,3,3,-1,1,1,2,2,3,1,0,1,0,1,1,2,2,3,0,0,-1,2,0,-1]","[-2,-2,-1,-1,1,1,2,2,-1,-1,1,1,3,1,2,1,2,0,2,1,1,0,0,1,1,1,1,2,2,2,-1,1,0,2,2,-1]",c,"[[{8, 4}, {2, 7}, {5, 6}, {1, 3}]]",1,4 K_1^3 - 20 K_1^2 - 4 K_1 K_2 - K_1 + 10 K_2 + K_3 + 11,O1O2O3U4O5U1U6O7U5U2O6U3U7O8O4U8,O1O2U3O4O5U1O3O6U5O7U2U4U6O8U7U8,O1O2U3O4O5U2O6O3U7U8O7U1U5U6O8U4,c,{'O1O2O3U4O5O4U6U1O7U2U8O6U7U3O8U5'},1,"<a href=""/flatknot/8.975783"">8.975783</a>",t^9-56t^7-236t^6-310t^5-10t^4+233t^3+140t^2+27t+2,0,,
8.975784,O1O2O3U4O5O4U6U1O7U2U8O6U7U5O8U3,4,z^3+19z^2+101z+135,w^4z^3+19w^3z^2+101w^2z+135w,False,False,"[[ 0 -2 -1  2  1  2 -2  1 -1],[ 2  0  1  2  2  0  1  0  2],[ 1 -1  0  2  1  0  1  0  0],[-2 -2 -2  0 -1  0 -2  0 -3],[-1 -2 -1  1  0  2 -3  1 -1],[-2  0  0  0 -2  0 -1 -1 -2],[ 2 -1 -1  2  3  1  0  1  1],[-1  0  0  0 -1  1 -1  0 -1],[ 1 -2  0  3  1  2 -1  1  0]]","[[ 0  2  2  1  1 -1 -1 -2 -2],[-2  0  0  0 -1 -2 -3 -2 -2],[-2  0  0 -1 -2  0 -2  0 -1],[-1  0  1  0 -1  0 -1  0 -1],[-1  1  2  1  0 -1 -1 -2 -3],[ 1  2  0  0  1  0  0 -1  1],[ 1  3  2  1  1  0  0 -2 -1],[ 2  2  0  0  2  1  2  0  1],[ 2  2  1  1  3 -1  1 -1  0]]",True,"[-2,-2,-1,-1,1,1,2,2,0,0,1,2,3,2,2,1,2,0,2,0,1,1,0,1,0,1,1,1,2,3,0,1,-1,2,1,-1]","[-2,-2,-1,-1,1,1,2,2,-1,-1,0,1,3,2,4,0,2,0,2,2,3,0,1,1,0,1,1,2,1,3,-1,0,-1,1,0,0]",t^8+58t^6+348t^4+207t^2+1,"[-2,-2,-1,-1,1,1,2,2,-1,-1,0,1,3,2,4,0,2,0,2,2,3,0,1,1,0,1,1,2,1,3,-1,0,-1,1,0,0]","[-2,-2,-1,-1,1,1,2,2,0,-1,0,1,3,3,4,0,1,0,1,2,2,1,1,1,0,1,1,2,2,3,0,0,-1,2,0,-1]","[-2,-2,-1,-1,1,1,2,2,-1,-1,1,1,3,1,2,1,2,0,2,0,2,0,0,1,0,2,1,1,2,3,-1,1,0,2,1,0]",c,"[[{8, 1}, {3, 7}, {5, 6}, {2, 4}], [{8, 3}, {1, 7}, {5, 6}, {2, 4}], [{8, 7}, {5, 6}, {2, 4}, {1, 3}]]",1,4 K_1^3 - 20 K_1^2 - 4 K_1 K_2 - K_1 + 10 K_2 + K_3 + 11,O1O2O3U1O4U5U6O7U4U2O6U3U7O8O5U8,O1O2U3O4O5U1O3O6U5O7U2U4U7O8U6U8,O1O2U3O4O5U2O6O3U7U1O7U8U5U6O8U4,c,{'O1O2O3U4O5O4U6U1O7U2U8O6U7U5O8U3'},1,"<a href=""/flatknot/8.975784"">8.975784</a>",t^9-58t^7-186t^6+66t^5+642t^4+493t^3-38t^2-182t-76,0,,
8.975785,O1O2O3U4O5O4U6U1O7U3U2O6U8U7O8U5,4,5z^3+37z^2+107z+107,5w^4z^3+37w^3z^2+107w^2z+107w,False,False,"[[ 0 -2  0  0  1  2 -2  2 -1],[ 2  0  2  1  2  1  0  1  2],[ 0 -2  0  0  0  1 -1  1 -1],[ 0 -1  0  0  0  0  0  0 -1],[-1 -2  0  0  0  2 -3  2 -2],[-2 -1 -1  0 -2  0 -1  0 -3],[ 2  0  1  0  3  1  0  2  2],[-2 -1 -1  0 -2  0 -2  0 -2],[ 1 -2  1  1  2  3 -2  2  0]]","[[ 0  2  2  1  0  0 -1 -2 -2],[-2  0  0 -2  0 -1 -2 -1 -2],[-2  0  0 -2  0 -1 -3 -1 -1],[-1  2  2  0  0  0 -2 -2 -3],[ 0  0  0  0  0  0 -1 -1  0],[ 0  1  1  0  0  0 -1 -2 -1],[ 1  2  3  2  1  1  0 -2 -2],[ 2  1  1  2  1  2  2  0  0],[ 2  2  1  3  0  1  2  0  0]]",True,"[-2,-2,-1,0,0,1,2,2,0,2,0,1,2,1,2,2,0,1,3,1,1,0,0,2,2,3,0,1,1,0,1,2,1,2,2,0]","[-2,-2,-1,0,0,1,2,2,0,-1,0,1,1,3,3,-1,1,2,0,2,3,0,0,0,1,0,0,1,1,1,1,2,2,-1,-1,0]",t^8+63t^6+174t^4+96t^2+9,"[-2,-2,-1,0,0,1,2,2,0,-1,0,1,1,3,3,-1,1,2,0,2,3,0,0,0,1,0,0,1,1,1,1,2,2,-1,-1,0]","[-2,-2,-1,0,0,1,2,2,0,-1,1,2,0,3,3,-1,1,2,1,2,3,1,1,0,0,1,0,0,1,0,0,2,1,-1,-1,0]","[-2,-2,-1,0,0,1,2,2,0,2,0,1,3,1,2,2,1,2,2,1,1,1,1,2,3,2,0,0,0,0,0,1,1,2,2,0]",c,"[[{8, 1}, {2, 7}, {3, 6}, {4, 5}], [{8, 1}, {2, 7}, {4, 6}, {3, 5}], [{8, 1}, {2, 7}, {5, 6}, {3, 4}], [{8, 1}, {2, 7}, {5, 6}, {4}, {3}], [{8, 1}, {3, 7}, {2, 6}, {4, 5}], [{8, 1}, {3, 7}, {4, 6}, {2, 5}], [{8, 1}, {3, 7}, {5, 6}, {2, 4}], [{8, 1}, {3, 7}, {6}, {5}, {2, 4}], [{8, 1}, {4, 7}, {2, 6}, {3, 5}], [{8, 1}, {4, 7}, {3, 6}, {2, 5}], [{8, 1}, {4, 7}, {5, 6}, {2, 3}], [{8, 1}, {4, 7}, {5, 6}, {3}, {2}], [{8, 1}, {5, 7}, {2, 6}, {3, 4}], [{8, 1}, {5, 7}, {3, 6}, {2, 4}], [{8, 1}, {5, 7}, {4, 6}, {2, 3}], [{8, 1}, {5, 7}, {6}, {3, 4}, {2}], [{8, 1}, {6, 7}, {2, 5}, {3, 4}], [{8, 1}, {6, 7}, {3, 5}, {2, 4}], [{8, 1}, {6, 7}, {4, 5}, {2, 3}], [{8, 1}, {6, 7}, {4, 5}, {3}, {2}], [{8, 1}, {7}, {5, 6}, {2, 4}, {3}], [{8, 2}, {1, 7}, {3, 6}, {4, 5}], [{8, 2}, {1, 7}, {3, 6}, {5}, {4}], [{8, 2}, {1, 7}, {4, 6}, {3, 5}], [{8, 2}, {1, 7}, {5, 6}, {3, 4}], [{8, 2}, {3, 7}, {1, 6}, {4, 5}], [{8, 2}, {3, 7}, {4, 6}, {1, 5}], [{8, 2}, {3, 7}, {4, 6}, {5}, {1}], [{8, 2}, {3, 7}, {5, 6}, {1, 4}], [{8, 2}, {4, 7}, {1, 6}, {3, 5}], [{8, 2}, {4, 7}, {3, 6}, {1, 5}], [{8, 2}, {4, 7}, {5, 6}, {1, 3}], [{8, 2}, {5, 7}, {1, 6}, {3, 4}], [{8, 2}, {5, 7}, {3, 6}, {1, 4}], [{8, 2}, {5, 7}, {4, 6}, {1, 3}], [{8, 2}, {5, 7}, {4, 6}, {3}, {1}], [{8, 2}, {6, 7}, {1, 5}, {3, 4}], [{8, 2}, {6, 7}, {3, 5}, {1, 4}], [{8, 2}, {6, 7}, {4, 5}, {1, 3}], [{8, 2}, {6, 7}, {5}, {1, 4}, {3}], [{8, 2}, {6, 7}, {5}, {3, 4}, {1}], [{8, 2}, {6, 7}, {5}, {4}, {1, 3}], [{8, 2}, {7}, {4, 6}, {3, 5}, {1}], [{8, 3}, {1, 7}, {2, 6}, {4, 5}], [{8, 3}, {1, 7}, {4, 6}, {2, 5}], [{8, 3}, {1, 7}, {5, 6}, {2, 4}], [{8, 3}, {2, 7}, {1, 6}, {4, 5}], [{8, 3}, {2, 7}, {4, 6}, {1, 5}], [{8, 3}, {2, 7}, {5, 6}, {1, 4}], [{8, 3}, {4, 7}, {1, 6}, {2, 5}], [{8, 3}, {4, 7}, {2, 6}, {1, 5}], [{8, 3}, {4, 7}, {5, 6}, {1, 2}], [{8, 3}, {5, 7}, {1, 6}, {2, 4}], [{8, 3}, {5, 7}, {2, 6}, {1, 4}], [{8, 3}, {5, 7}, {4, 6}, {1, 2}], [{8, 3}, {5, 7}, {6}, {1, 4}, {2}], [{8, 3}, {6, 7}, {1, 5}, {2, 4}], [{8, 3}, {6, 7}, {2, 5}, {1, 4}], [{8, 3}, {6, 7}, {4, 5}, {1, 2}], [{8, 3}, {6, 7}, {5}, {2, 4}, {1}], [{8, 3}, {7}, {2, 6}, {1, 5}, {4}], [{8, 3}, {7}, {5, 6}, {4}, {1, 2}], [{8, 4}, {1, 7}, {2, 6}, {3, 5}], [{8, 4}, {1, 7}, {3, 6}, {2, 5}], [{8, 4}, {1, 7}, {5, 6}, {2, 3}], [{8, 4}, {1, 7}, {5, 6}, {3}, {2}], [{8, 4}, {2, 7}, {1, 6}, {3, 5}], [{8, 4}, {2, 7}, {3, 6}, {1, 5}], [{8, 4}, {2, 7}, {3, 6}, {5}, {1}], [{8, 4}, {2, 7}, {5, 6}, {1, 3}], [{8, 4}, {3, 7}, {1, 6}, {2, 5}], [{8, 4}, {3, 7}, {2, 6}, {1, 5}], [{8, 4}, {3, 7}, {2, 6}, {5}, {1}], [{8, 4}, {3, 7}, {5, 6}, {1, 2}], [{8, 4}, {5, 7}, {1, 6}, {2, 3}], [{8, 4}, {5, 7}, {1, 6}, {3}, {2}], [{8, 4}, {5, 7}, {2, 6}, {1, 3}], [{8, 4}, {5, 7}, {2, 6}, {3}, {1}], [{8, 4}, {5, 7}, {3, 6}, {1, 2}], [{8, 4}, {5, 7}, {3, 6}, {2}, {1}], [{8, 4}, {5, 7}, {6}, {1, 3}, {2}], [{8, 4}, {5, 7}, {6}, {2, 3}, {1}], [{8, 4}, {5, 7}, {6}, {3}, {1, 2}], [{8, 4}, {5, 7}, {6}, {3}, {2}, {1}], [{8, 4}, {6, 7}, {1, 5}, {2, 3}], [{8, 4}, {6, 7}, {1, 5}, {3}, {2}], [{8, 4}, {6, 7}, {2, 5}, {1, 3}], [{8, 4}, {6, 7}, {3, 5}, {1, 2}], [{8, 4}, {7}, {2, 6}, {3, 5}, {1}], [{8, 4}, {7}, {3, 6}, {2, 5}, {1}], [{8, 5}, {1, 7}, {2, 6}, {3, 4}], [{8, 5}, {1, 7}, {3, 6}, {2, 4}], [{8, 5}, {1, 7}, {4, 6}, {2, 3}], [{8, 5}, {1, 7}, {4, 6}, {3}, {2}], [{8, 5}, {2, 7}, {1, 6}, {3, 4}], [{8, 5}, {2, 7}, {3, 6}, {1, 4}], [{8, 5}, {2, 7}, {4, 6}, {1, 3}], [{8, 5}, {2, 7}, {6}, {1, 4}, {3}], [{8, 5}, {2, 7}, {6}, {3, 4}, {1}], [{8, 5}, {2, 7}, {6}, {4}, {1, 3}], [{8, 5}, {3, 7}, {1, 6}, {2, 4}], [{8, 5}, {3, 7}, {2, 6}, {1, 4}], [{8, 5}, {3, 7}, {4, 6}, {1, 2}], [{8, 5}, {3, 7}, {6}, {2, 4}, {1}], [{8, 5}, {4, 7}, {1, 6}, {2, 3}], [{8, 5}, {4, 7}, {2, 6}, {1, 3}], [{8, 5}, {4, 7}, {3, 6}, {1, 2}], [{8, 5}, {6, 7}, {1, 4}, {2, 3}], [{8, 5}, {6, 7}, {1, 4}, {3}, {2}], [{8, 5}, {6, 7}, {2, 4}, {1, 3}], [{8, 5}, {6, 7}, {3, 4}, {1, 2}], [{8, 5}, {6, 7}, {3, 4}, {2}, {1}], [{8, 5}, {6, 7}, {4}, {1, 3}, {2}], [{8, 5}, {7}, {1, 6}, {2, 4}, {3}], [{8, 5}, {7}, {2, 6}, {1, 4}, {3}], [{8, 5}, {7}, {2, 6}, {3, 4}, {1}], [{8, 5}, {7}, {2, 6}, {4}, {1, 3}], [{8, 6}, {1, 7}, {2, 5}, {3, 4}], [{8, 6}, {1, 7}, {2, 5}, {4}, {3}], [{8, 6}, {1, 7}, {3, 5}, {2, 4}], [{8, 6}, {1, 7}, {4, 5}, {2, 3}], [{8, 6}, {1, 7}, {4, 5}, {3}, {2}], [{8, 6}, {1, 7}, {5}, {2, 4}, {3}], [{8, 6}, {2, 7}, {1, 5}, {3, 4}], [{8, 6}, {2, 7}, {1, 5}, {4}, {3}], [{8, 6}, {2, 7}, {3, 5}, {1, 4}], [{8, 6}, {2, 7}, {4, 5}, {1, 3}], [{8, 6}, {3, 7}, {1, 5}, {2, 4}], [{8, 6}, {3, 7}, {2, 5}, {1, 4}], [{8, 6}, {3, 7}, {4, 5}, {1, 2}], [{8, 6}, {3, 7}, {5}, {2, 4}, {1}], [{8, 6}, {4, 7}, {1, 5}, {2, 3}], [{8, 6}, {4, 7}, {1, 5}, {3}, {2}], [{8, 6}, {4, 7}, {2, 5}, {1, 3}], [{8, 6}, {4, 7}, {3, 5}, {1, 2}], [{8, 6}, {5, 7}, {1, 4}, {2, 3}], [{8, 6}, {5, 7}, {2, 4}, {1, 3}], [{8, 6}, {5, 7}, {2, 4}, {3}, {1}], [{8, 6}, {5, 7}, {3, 4}, {1, 2}], [{8, 6}, {7}, {1, 5}, {2, 4}, {3}], [{8, 6}, {7}, {3, 5}, {2, 4}, {1}], [{8, 6}, {7}, {5}, {1, 4}, {2, 3}], [{8, 6}, {7}, {5}, {2, 4}, {1, 3}], [{8, 6}, {7}, {5}, {2, 4}, {3}, {1}], [{8, 6}, {7}, {5}, {3, 4}, {1, 2}], [{8, 7}, {1, 6}, {2, 5}, {3, 4}], [{8, 7}, {1, 6}, {3, 5}, {2, 4}], [{8, 7}, {1, 6}, {4, 5}, {2, 3}], [{8, 7}, {1, 6}, {5}, {3, 4}, {2}], [{8, 7}, {2, 6}, {1, 5}, {3, 4}], [{8, 7}, {2, 6}, {3, 5}, {1, 4}], [{8, 7}, {2, 6}, {4, 5}, {1, 3}], [{8, 7}, {3, 6}, {1, 5}, {2, 4}], [{8, 7}, {3, 6}, {1, 5}, {4}, {2}], [{8, 7}, {3, 6}, {2, 5}, {1, 4}], [{8, 7}, {3, 6}, {4, 5}, {1, 2}], [{8, 7}, {3, 6}, {5}, {2, 4}, {1}], [{8, 7}, {4, 6}, {1, 5}, {2, 3}], [{8, 7}, {4, 6}, {1, 5}, {3}, {2}], [{8, 7}, {4, 6}, {2, 5}, {1, 3}], [{8, 7}, {4, 6}, {2, 5}, {3}, {1}], [{8, 7}, {4, 6}, {3, 5}, {1, 2}], [{8, 7}, {4, 6}, {5}, {3}, {1, 2}], [{8, 7}, {5, 6}, {1, 4}, {2, 3}], [{8, 7}, {5, 6}, {1, 4}, {3}, {2}], [{8, 7}, {5, 6}, {2, 4}, {1, 3}], [{8, 7}, {5, 6}, {3, 4}, {1, 2}], [{8, 7}, {5, 6}, {3, 4}, {2}, {1}], [{8, 7}, {5, 6}, {4}, {1, 3}, {2}], [{8, 7}, {6}, {1, 5}, {3, 4}, {2}], [{8}, {1, 7}, {6}, {2, 5}, {3, 4}], [{8}, {3, 7}, {1, 6}, {5}, {2, 4}], [{8}, {3, 7}, {5, 6}, {2, 4}, {1}], [{8}, {3, 7}, {6}, {1, 5}, {2, 4}], [{8}, {3, 7}, {6}, {5}, {2, 4}, {1}], [{8}, {5, 7}, {1, 6}, {4}, {2, 3}], [{8}, {6, 7}, {2, 5}, {1, 4}, {3}], [{8}, {6, 7}, {2, 5}, {3, 4}, {1}], [{8}, {6, 7}, {2, 5}, {4}, {1, 3}], [{8}, {6, 7}, {3, 5}, {4}, {1, 2}], [{8}, {7}, {1, 6}, {2, 5}, {3, 4}], [{8}, {7}, {3, 6}, {4, 5}, {1, 2}]]",2,- 8 K_1^2 - 4 K_1 K_2 + 2 K_1 + 4 K_2 + 2 K_3 + 5,O1O2O3U4O5U6U5O7U2U1O6U3U7O8O4U8,O1O2U3O4O5U1O6O3U6O7U2U5U4O8U7U8,O1O2U3O4O5U1O6O3U7U8O7U5U4U6O8U2,c,{'O1O2O3U4O5O4U6U1O7U3U2O6U8U7O8U5'},1,"<a href=""/flatknot/8.975785"">8.975785</a>",t^9-63t^7-220t^6-64t^5+398t^4+233t^3-110t^2+2t,0,,
8.975786,O1O2O3U4O5O4U6U1O7U3U7O6U8U2O8U5,3,12z^2+95z+143,12w^3z^2+95w^2z+143w,False,False,"[[ 0 -2  1  0  1  2 -2  1 -1],[ 2  0  1  1  2  1  1  1  1],[-1 -1  0  0 -1  0 -2  1 -1],[ 0 -1  0  0  0  0 -1  1  0],[-1 -2  1  0  0  2 -3  1 -2],[-2 -1  0  0 -2  0 -2  0 -2],[ 2 -1  2  1  3  2  0  1  1],[-1 -1 -1 -1 -1  0 -1  0 -1],[ 1 -1  1  0  2  2 -1  1  0]]","[[ 0  2  1  1  1  0 -1 -2 -2],[-2  0  0  0 -2  0 -2 -1 -2],[-1  0  0  1 -1  0 -1 -1 -2],[-1  0 -1  0 -1 -1 -1 -1 -1],[-1  2  1  1  0  0 -2 -2 -3],[ 0  0  0  1  0  0  0 -1 -1],[ 1  2  1  1  2  0  0 -1 -1],[ 2  1  1  1  2  1  1  0  1],[ 2  2  2  1  3  1  1 -1  0]]",True,"[-2,-1,-1,-1,0,1,2,2,0,0,2,0,2,1,2,-1,1,0,1,1,2,1,1,1,1,1,0,2,2,3,0,1,1,1,1,-1]","[-2,-2,-1,0,1,1,1,2,-1,0,1,1,2,2,3,0,1,0,1,2,2,1,0,1,1,1,1,1,0,2,-1,-1,-1,-1,1,1]",t^8+48t^6+114t^4+32t^2,"[-2,-2,-1,0,1,1,1,2,-1,0,1,1,2,2,3,0,1,0,1,2,2,1,0,1,1,1,1,1,0,2,-1,-1,-1,-1,1,1]","[-2,-1,-1,-1,0,1,2,2,-1,1,1,2,1,2,3,1,1,1,0,0,1,-1,0,1,2,2,1,1,1,2,1,1,1,0,0,-1]","[-2,-2,-1,0,1,1,1,2,-1,1,1,1,2,3,2,1,1,1,1,2,1,0,1,1,2,2,1,0,0,0,-1,-1,0,-1,0,2]",c,"[[{8, 1}, {2, 7}, {3, 6}, {4, 5}], [{8, 1}, {2, 7}, {4, 6}, {3, 5}], [{8, 1}, {2, 7}, {5, 6}, {3, 4}], [{8, 1}, {2, 7}, {6}, {4, 5}, {3}], [{8, 1}, {3, 7}, {2, 6}, {4, 5}], [{8, 1}, {3, 7}, {4, 6}, {2, 5}], [{8, 1}, {3, 7}, {5, 6}, {2, 4}], [{8, 1}, {4, 7}, {2, 6}, {3, 5}], [{8, 1}, {4, 7}, {3, 6}, {2, 5}], [{8, 1}, {4, 7}, {5, 6}, {2, 3}], [{8, 1}, {4, 7}, {6}, {2, 5}, {3}], [{8, 1}, {4, 7}, {6}, {3, 5}, {2}], [{8, 1}, {4, 7}, {6}, {5}, {2, 3}], [{8, 1}, {5, 7}, {2, 6}, {3, 4}], [{8, 1}, {5, 7}, {3, 6}, {2, 4}], [{8, 1}, {5, 7}, {4, 6}, {2, 3}], [{8, 1}, {5, 7}, {6}, {3, 4}, {2}], [{8, 1}, {6, 7}, {2, 5}, {3, 4}], [{8, 1}, {6, 7}, {2, 5}, {4}, {3}], [{8, 1}, {6, 7}, {3, 5}, {2, 4}], [{8, 1}, {6, 7}, {3, 5}, {4}, {2}], [{8, 1}, {6, 7}, {4, 5}, {2, 3}], [{8, 1}, {6, 7}, {4, 5}, {3}, {2}], [{8, 1}, {6, 7}, {5}, {2, 4}, {3}], [{8, 1}, {6, 7}, {5}, {3, 4}, {2}], [{8, 1}, {6, 7}, {5}, {4}, {2, 3}], [{8, 1}, {6, 7}, {5}, {4}, {3}, {2}], [{8, 1}, {7}, {2, 6}, {4, 5}, {3}], [{8, 1}, {7}, {4, 6}, {2, 5}, {3}], [{8, 1}, {7}, {4, 6}, {3, 5}, {2}], [{8, 1}, {7}, {4, 6}, {5}, {2, 3}], [{8, 1}, {7}, {5, 6}, {3, 4}, {2}], [{8, 2}, {1, 7}, {3, 6}, {4, 5}], [{8, 2}, {1, 7}, {4, 6}, {3, 5}], [{8, 2}, {1, 7}, {5, 6}, {3, 4}], [{8, 2}, {3, 7}, {1, 6}, {4, 5}], [{8, 2}, {3, 7}, {4, 6}, {1, 5}], [{8, 2}, {3, 7}, {5, 6}, {1, 4}], [{8, 2}, {4, 7}, {1, 6}, {3, 5}], [{8, 2}, {4, 7}, {3, 6}, {1, 5}], [{8, 2}, {4, 7}, {5, 6}, {1, 3}], [{8, 2}, {4, 7}, {6}, {1, 5}, {3}], [{8, 2}, {4, 7}, {6}, {3, 5}, {1}], [{8, 2}, {4, 7}, {6}, {5}, {1, 3}], [{8, 2}, {5, 7}, {1, 6}, {3, 4}], [{8, 2}, {5, 7}, {3, 6}, {1, 4}], [{8, 2}, {5, 7}, {4, 6}, {1, 3}], [{8, 2}, {5, 7}, {6}, {3, 4}, {1}], [{8, 2}, {6, 7}, {1, 5}, {3, 4}], [{8, 2}, {6, 7}, {1, 5}, {4}, {3}], [{8, 2}, {6, 7}, {3, 5}, {1, 4}], [{8, 2}, {6, 7}, {3, 5}, {4}, {1}], [{8, 2}, {6, 7}, {4, 5}, {1, 3}], [{8, 2}, {6, 7}, {4, 5}, {3}, {1}], [{8, 2}, {6, 7}, {5}, {1, 4}, {3}], [{8, 2}, {6, 7}, {5}, {3, 4}, {1}], [{8, 2}, {6, 7}, {5}, {4}, {1, 3}], [{8, 2}, {6, 7}, {5}, {4}, {3}, {1}], [{8, 2}, {7}, {4, 6}, {1, 5}, {3}], [{8, 2}, {7}, {4, 6}, {3, 5}, {1}], [{8, 2}, {7}, {4, 6}, {5}, {1, 3}], [{8, 2}, {7}, {5, 6}, {3, 4}, {1}], [{8, 3}, {1, 7}, {2, 6}, {4, 5}], [{8, 3}, {1, 7}, {4, 6}, {2, 5}], [{8, 3}, {1, 7}, {4, 6}, {5}, {2}], [{8, 3}, {1, 7}, {5, 6}, {2, 4}], [{8, 3}, {2, 7}, {1, 6}, {4, 5}], [{8, 3}, {2, 7}, {4, 6}, {1, 5}], [{8, 3}, {2, 7}, {4, 6}, {5}, {1}], [{8, 3}, {2, 7}, {5, 6}, {1, 4}], [{8, 3}, {4, 7}, {1, 6}, {2, 5}], [{8, 3}, {4, 7}, {1, 6}, {5}, {2}], [{8, 3}, {4, 7}, {2, 6}, {1, 5}], [{8, 3}, {4, 7}, {2, 6}, {5}, {1}], [{8, 3}, {4, 7}, {5, 6}, {1, 2}], [{8, 3}, {4, 7}, {5, 6}, {2}, {1}], [{8, 3}, {4, 7}, {6}, {1, 5}, {2}], [{8, 3}, {4, 7}, {6}, {2, 5}, {1}], [{8, 3}, {4, 7}, {6}, {5}, {1, 2}], [{8, 3}, {4, 7}, {6}, {5}, {2}, {1}], [{8, 3}, {5, 7}, {1, 6}, {2, 4}], [{8, 3}, {5, 7}, {2, 6}, {1, 4}], [{8, 3}, {5, 7}, {4, 6}, {1, 2}], [{8, 3}, {5, 7}, {4, 6}, {2}, {1}], [{8, 3}, {6, 7}, {1, 5}, {2, 4}], [{8, 3}, {6, 7}, {1, 5}, {4}, {2}], [{8, 3}, {6, 7}, {2, 5}, {1, 4}], [{8, 3}, {6, 7}, {2, 5}, {4}, {1}], [{8, 3}, {6, 7}, {4, 5}, {1, 2}], [{8, 3}, {6, 7}, {4, 5}, {2}, {1}], [{8, 3}, {6, 7}, {5}, {1, 4}, {2}], [{8, 3}, {6, 7}, {5}, {2, 4}, {1}], [{8, 3}, {6, 7}, {5}, {4}, {1, 2}], [{8, 3}, {6, 7}, {5}, {4}, {2}, {1}], [{8, 3}, {7}, {4, 6}, {1, 5}, {2}], [{8, 3}, {7}, {4, 6}, {2, 5}, {1}], [{8, 3}, {7}, {4, 6}, {5}, {1, 2}], [{8, 3}, {7}, {4, 6}, {5}, {2}, {1}], [{8, 4}, {1, 7}, {2, 6}, {3, 5}], [{8, 4}, {1, 7}, {3, 6}, {2, 5}], [{8, 4}, {1, 7}, {5, 6}, {2, 3}], [{8, 4}, {2, 7}, {1, 6}, {3, 5}], [{8, 4}, {2, 7}, {3, 6}, {1, 5}], [{8, 4}, {2, 7}, {5, 6}, {1, 3}], [{8, 4}, {2, 7}, {6}, {1, 5}, {3}], [{8, 4}, {3, 7}, {1, 6}, {2, 5}], [{8, 4}, {3, 7}, {2, 6}, {1, 5}], [{8, 4}, {3, 7}, {5, 6}, {1, 2}], [{8, 4}, {3, 7}, {5, 6}, {2}, {1}], [{8, 4}, {5, 7}, {1, 6}, {2, 3}], [{8, 4}, {5, 7}, {2, 6}, {1, 3}], [{8, 4}, {5, 7}, {3, 6}, {1, 2}], [{8, 4}, {5, 7}, {3, 6}, {2}, {1}], [{8, 4}, {6, 7}, {1, 5}, {2, 3}], [{8, 4}, {6, 7}, {1, 5}, {3}, {2}], [{8, 4}, {6, 7}, {2, 5}, {1, 3}], [{8, 4}, {6, 7}, {2, 5}, {3}, {1}], [{8, 4}, {6, 7}, {3, 5}, {1, 2}], [{8, 4}, {6, 7}, {3, 5}, {2}, {1}], [{8, 4}, {6, 7}, {5}, {1, 3}, {2}], [{8, 4}, {6, 7}, {5}, {2, 3}, {1}], [{8, 4}, {6, 7}, {5}, {3}, {1, 2}], [{8, 4}, {6, 7}, {5}, {3}, {2}, {1}], [{8, 4}, {7}, {2, 6}, {1, 5}, {3}], [{8, 5}, {1, 7}, {2, 6}, {3, 4}], [{8, 5}, {1, 7}, {2, 6}, {4}, {3}], [{8, 5}, {1, 7}, {3, 6}, {2, 4}], [{8, 5}, {1, 7}, {3, 6}, {4}, {2}], [{8, 5}, {1, 7}, {4, 6}, {2, 3}], [{8, 5}, {1, 7}, {4, 6}, {3}, {2}], [{8, 5}, {1, 7}, {6}, {2, 4}, {3}], [{8, 5}, {1, 7}, {6}, {3, 4}, {2}], [{8, 5}, {1, 7}, {6}, {4}, {2, 3}], [{8, 5}, {1, 7}, {6}, {4}, {3}, {2}], [{8, 5}, {2, 7}, {1, 6}, {3, 4}], [{8, 5}, {2, 7}, {1, 6}, {4}, {3}], [{8, 5}, {2, 7}, {3, 6}, {1, 4}], [{8, 5}, {2, 7}, {3, 6}, {4}, {1}], [{8, 5}, {2, 7}, {4, 6}, {1, 3}], [{8, 5}, {2, 7}, {4, 6}, {3}, {1}], [{8, 5}, {2, 7}, {6}, {1, 4}, {3}], [{8, 5}, {2, 7}, {6}, {3, 4}, {1}], [{8, 5}, {2, 7}, {6}, {4}, {1, 3}], [{8, 5}, {2, 7}, {6}, {4}, {3}, {1}], [{8, 5}, {3, 7}, {1, 6}, {2, 4}], [{8, 5}, {3, 7}, {1, 6}, {4}, {2}], [{8, 5}, {3, 7}, {2, 6}, {1, 4}], [{8, 5}, {3, 7}, {2, 6}, {4}, {1}], [{8, 5}, {3, 7}, {4, 6}, {1, 2}], [{8, 5}, {3, 7}, {4, 6}, {2}, {1}], [{8, 5}, {3, 7}, {6}, {1, 4}, {2}], [{8, 5}, {3, 7}, {6}, {2, 4}, {1}], [{8, 5}, {3, 7}, {6}, {4}, {1, 2}], [{8, 5}, {3, 7}, {6}, {4}, {2}, {1}], [{8, 5}, {4, 7}, {1, 6}, {2, 3}], [{8, 5}, {4, 7}, {1, 6}, {3}, {2}], [{8, 5}, {4, 7}, {2, 6}, {1, 3}], [{8, 5}, {4, 7}, {2, 6}, {3}, {1}], [{8, 5}, {4, 7}, {3, 6}, {1, 2}], [{8, 5}, {4, 7}, {3, 6}, {2}, {1}], [{8, 5}, {4, 7}, {6}, {1, 3}, {2}], [{8, 5}, {4, 7}, {6}, {2, 3}, {1}], [{8, 5}, {4, 7}, {6}, {3}, {1, 2}], [{8, 5}, {4, 7}, {6}, {3}, {2}, {1}], [{8, 5}, {6, 7}, {1, 4}, {2, 3}], [{8, 5}, {6, 7}, {1, 4}, {3}, {2}], [{8, 5}, {6, 7}, {2, 4}, {1, 3}], [{8, 5}, {6, 7}, {2, 4}, {3}, {1}], [{8, 5}, {6, 7}, {3, 4}, {1, 2}], [{8, 5}, {6, 7}, {3, 4}, {2}, {1}], [{8, 5}, {6, 7}, {4}, {1, 3}, {2}], [{8, 5}, {6, 7}, {4}, {2, 3}, {1}], [{8, 5}, {6, 7}, {4}, {3}, {1, 2}], [{8, 5}, {6, 7}, {4}, {3}, {2}, {1}], [{8, 5}, {7}, {1, 6}, {2, 4}, {3}], [{8, 5}, {7}, {1, 6}, {3, 4}, {2}], [{8, 5}, {7}, {1, 6}, {4}, {2, 3}], [{8, 5}, {7}, {1, 6}, {4}, {3}, {2}], [{8, 5}, {7}, {2, 6}, {1, 4}, {3}], [{8, 5}, {7}, {2, 6}, {3, 4}, {1}], [{8, 5}, {7}, {2, 6}, {4}, {1, 3}], [{8, 5}, {7}, {2, 6}, {4}, {3}, {1}], [{8, 5}, {7}, {3, 6}, {1, 4}, {2}], [{8, 5}, {7}, {3, 6}, {2, 4}, {1}], [{8, 5}, {7}, {3, 6}, {4}, {1, 2}], [{8, 5}, {7}, {3, 6}, {4}, {2}, {1}], [{8, 5}, {7}, {4, 6}, {1, 3}, {2}], [{8, 5}, {7}, {4, 6}, {2, 3}, {1}], [{8, 5}, {7}, {4, 6}, {3}, {1, 2}], [{8, 5}, {7}, {4, 6}, {3}, {2}, {1}], [{8, 5}, {7}, {6}, {1, 4}, {2, 3}], [{8, 5}, {7}, {6}, {1, 4}, {3}, {2}], [{8, 5}, {7}, {6}, {2, 4}, {1, 3}], [{8, 5}, {7}, {6}, {2, 4}, {3}, {1}], [{8, 5}, {7}, {6}, {3, 4}, {1, 2}], [{8, 5}, {7}, {6}, {3, 4}, {2}, {1}], [{8, 5}, {7}, {6}, {4}, {1, 3}, {2}], [{8, 5}, {7}, {6}, {4}, {2, 3}, {1}], [{8, 5}, {7}, {6}, {4}, {3}, {1, 2}], [{8, 5}, {7}, {6}, {4}, {3}, {2}, {1}], [{8, 6}, {1, 7}, {2, 5}, {3, 4}], [{8, 6}, {1, 7}, {3, 5}, {2, 4}], [{8, 6}, {1, 7}, {4, 5}, {2, 3}], [{8, 6}, {1, 7}, {5}, {3, 4}, {2}], [{8, 6}, {2, 7}, {1, 5}, {3, 4}], [{8, 6}, {2, 7}, {3, 5}, {1, 4}], [{8, 6}, {2, 7}, {4, 5}, {1, 3}], [{8, 6}, {2, 7}, {5}, {3, 4}, {1}], [{8, 6}, {3, 7}, {1, 5}, {2, 4}], [{8, 6}, {3, 7}, {2, 5}, {1, 4}], [{8, 6}, {3, 7}, {4, 5}, {1, 2}], [{8, 6}, {3, 7}, {4, 5}, {2}, {1}], [{8, 6}, {4, 7}, {1, 5}, {2, 3}], [{8, 6}, {4, 7}, {2, 5}, {1, 3}], [{8, 6}, {4, 7}, {3, 5}, {1, 2}], [{8, 6}, {4, 7}, {3, 5}, {2}, {1}], [{8, 6}, {5, 7}, {1, 4}, {2, 3}], [{8, 6}, {5, 7}, {1, 4}, {3}, {2}], [{8, 6}, {5, 7}, {2, 4}, {1, 3}], [{8, 6}, {5, 7}, {2, 4}, {3}, {1}], [{8, 6}, {5, 7}, {3, 4}, {1, 2}], [{8, 6}, {5, 7}, {3, 4}, {2}, {1}], [{8, 6}, {5, 7}, {4}, {1, 3}, {2}], [{8, 6}, {5, 7}, {4}, {2, 3}, {1}], [{8, 6}, {5, 7}, {4}, {3}, {1, 2}], [{8, 6}, {5, 7}, {4}, {3}, {2}, {1}], [{8, 6}, {7}, {1, 5}, {3, 4}, {2}], [{8, 6}, {7}, {2, 5}, {3, 4}, {1}], [{8, 6}, {7}, {5}, {1, 4}, {2, 3}], [{8, 6}, {7}, {5}, {2, 4}, {1, 3}], [{8, 6}, {7}, {5}, {3, 4}, {1, 2}], [{8, 6}, {7}, {5}, {3, 4}, {2}, {1}], [{8, 7}, {1, 6}, {2, 5}, {3, 4}], [{8, 7}, {1, 6}, {3, 5}, {2, 4}], [{8, 7}, {1, 6}, {4, 5}, {2, 3}], [{8, 7}, {1, 6}, {5}, {3, 4}, {2}], [{8, 7}, {2, 6}, {1, 5}, {3, 4}], [{8, 7}, {2, 6}, {3, 5}, {1, 4}], [{8, 7}, {2, 6}, {4, 5}, {1, 3}], [{8, 7}, {2, 6}, {5}, {3, 4}, {1}], [{8, 7}, {3, 6}, {1, 5}, {2, 4}], [{8, 7}, {3, 6}, {2, 5}, {1, 4}], [{8, 7}, {3, 6}, {4, 5}, {1, 2}], [{8, 7}, {3, 6}, {4, 5}, {2}, {1}], [{8, 7}, {4, 6}, {1, 5}, {2, 3}], [{8, 7}, {4, 6}, {2, 5}, {1, 3}], [{8, 7}, {4, 6}, {3, 5}, {1, 2}], [{8, 7}, {4, 6}, {3, 5}, {2}, {1}], [{8, 7}, {5, 6}, {1, 4}, {2, 3}], [{8, 7}, {5, 6}, {1, 4}, {3}, {2}], [{8, 7}, {5, 6}, {2, 4}, {1, 3}], [{8, 7}, {5, 6}, {2, 4}, {3}, {1}], [{8, 7}, {5, 6}, {3, 4}, {1, 2}], [{8, 7}, {5, 6}, {3, 4}, {2}, {1}], [{8, 7}, {5, 6}, {4}, {1, 3}, {2}], [{8, 7}, {5, 6}, {4}, {2, 3}, {1}], [{8, 7}, {5, 6}, {4}, {3}, {1, 2}], [{8, 7}, {5, 6}, {4}, {3}, {2}, {1}], [{8, 7}, {6}, {1, 5}, {3, 4}, {2}], [{8, 7}, {6}, {2, 5}, {3, 4}, {1}], [{8, 7}, {6}, {5}, {1, 4}, {2, 3}], [{8, 7}, {6}, {5}, {2, 4}, {1, 3}], [{8, 7}, {6}, {5}, {3, 4}, {1, 2}], [{8, 7}, {6}, {5}, {3, 4}, {2}, {1}], [{8}, {1, 7}, {4, 6}, {3, 5}, {2}], [{8}, {1, 7}, {5, 6}, {3, 4}, {2}], [{8}, {2, 7}, {4, 6}, {3, 5}, {1}], [{8}, {2, 7}, {5, 6}, {3, 4}, {1}], [{8}, {4, 7}, {1, 6}, {3, 5}, {2}], [{8}, {4, 7}, {2, 6}, {3, 5}, {1}], [{8}, {4, 7}, {6}, {1, 5}, {2, 3}], [{8}, {4, 7}, {6}, {2, 5}, {1, 3}], [{8}, {4, 7}, {6}, {3, 5}, {1, 2}], [{8}, {4, 7}, {6}, {3, 5}, {2}, {1}], [{8}, {5, 7}, {1, 6}, {3, 4}, {2}], [{8}, {5, 7}, {2, 6}, {3, 4}, {1}], [{8}, {5, 7}, {6}, {1, 4}, {2, 3}], [{8}, {5, 7}, {6}, {2, 4}, {1, 3}], [{8}, {5, 7}, {6}, {3, 4}, {1, 2}], [{8}, {5, 7}, {6}, {3, 4}, {2}, {1}], [{8}, {6, 7}, {1, 5}, {2, 4}, {3}], [{8}, {6, 7}, {1, 5}, {3, 4}, {2}], [{8}, {6, 7}, {1, 5}, {4}, {2, 3}], [{8}, {6, 7}, {1, 5}, {4}, {3}, {2}], [{8}, {6, 7}, {2, 5}, {1, 4}, {3}], [{8}, {6, 7}, {2, 5}, {3, 4}, {1}], [{8}, {6, 7}, {2, 5}, {4}, {1, 3}], [{8}, {6, 7}, {2, 5}, {4}, {3}, {1}], [{8}, {6, 7}, {3, 5}, {1, 4}, {2}], [{8}, {6, 7}, {3, 5}, {2, 4}, {1}], [{8}, {6, 7}, {3, 5}, {4}, {1, 2}], [{8}, {6, 7}, {3, 5}, {4}, {2}, {1}], [{8}, {6, 7}, {4, 5}, {1, 3}, {2}], [{8}, {6, 7}, {4, 5}, {2, 3}, {1}], [{8}, {6, 7}, {4, 5}, {3}, {1, 2}], [{8}, {6, 7}, {4, 5}, {3}, {2}, {1}], [{8}, {6, 7}, {5}, {1, 4}, {2, 3}], [{8}, {6, 7}, {5}, {1, 4}, {3}, {2}], [{8}, {6, 7}, {5}, {2, 4}, {1, 3}], [{8}, {6, 7}, {5}, {2, 4}, {3}, {1}], [{8}, {6, 7}, {5}, {3, 4}, {1, 2}], [{8}, {6, 7}, {5}, {3, 4}, {2}, {1}], [{8}, {6, 7}, {5}, {4}, {1, 3}, {2}], [{8}, {6, 7}, {5}, {4}, {2, 3}, {1}], [{8}, {6, 7}, {5}, {4}, {3}, {1, 2}], [{8}, {6, 7}, {5}, {4}, {3}, {2}, {1}], [{8}, {7}, {4, 6}, {1, 5}, {2, 3}], [{8}, {7}, {4, 6}, {2, 5}, {1, 3}], [{8}, {7}, {4, 6}, {3, 5}, {1, 2}], [{8}, {7}, {4, 6}, {3, 5}, {2}, {1}], [{8}, {7}, {5, 6}, {1, 4}, {2, 3}], [{8}, {7}, {5, 6}, {2, 4}, {1, 3}], [{8}, {7}, {5, 6}, {3, 4}, {1, 2}], [{8}, {7}, {5, 6}, {3, 4}, {2}, {1}]]",2,- 18 K_1^2 - 4 K_1 K_2 + 2 K_1 + 9 K_2 + 2 K_3 + 10,O1O2O3U4O5U2U5O6U7U1O7U3U6O8O4U8,O1O2U3O4O3U1O5O6U5O7U2U6U4O8U7U8,O1O2U3O4O5U4O6O3U7U8O7U5U1U6O8U2,c,{'O1O2O3U4O5O4U6U1O7U3U7O6U8U2O8U5'},1,"<a href=""/flatknot/8.975786"">8.975786</a>",t^9-50t^7-166t^6-89t^5+254t^4+262t^3-46t^2-64t,t^2-2t,,
8.975787,O1O2O3U4O5O4U6U1O7U3U7O6U8U5O8U2,4,2z^3+34z^2+113z+107,2w^4z^3+34w^3z^2+113w^2z+107w,False,False,"[[ 0 -2  1  0  1  2 -2  1 -1],[ 2  0  2  1  2  0  1  1  1],[-1 -2  0 -1  0  1 -2  1 -2],[ 0 -1  1  0  0  0 -1  1 -1],[-1 -2  0  0  0  2 -3  1 -1],[-2  0 -1  0 -2  0 -2  0 -2],[ 2 -1  2  1  3  2  0  1  1],[-1 -1 -1 -1 -1  0 -1  0 -1],[ 1 -1  2  1  1  2 -1  1  0]]","[[ 0  2  1  1  1  0 -1 -2 -2],[-2  0  0 -1 -2  0 -2  0 -2],[-1  0  0 -1 -1 -1 -1 -1 -1],[-1  1  1  0  0 -1 -2 -2 -2],[-1  2  1  0  0  0 -1 -2 -3],[ 0  0  1  1  0  0 -1 -1 -1],[ 1  2  1  2  1  1  0 -1 -1],[ 2  0  1  2  2  1  1  0  1],[ 2  2  1  2  3  1  1 -1  0]]",True,"[-2,-1,-1,-1,0,1,2,2,0,1,2,0,2,0,2,1,1,1,1,1,1,0,1,2,2,2,0,1,2,3,1,1,1,1,1,-1]","[-2,-2,-1,0,1,1,1,2,-1,0,1,1,1,2,4,0,1,0,1,2,2,0,1,0,1,1,1,0,0,2,0,-1,-1,-1,0,1]",t^8+52t^6+189t^4+77t^2+1,"[-2,-2,-1,0,1,1,1,2,-1,0,1,1,1,2,4,0,1,0,1,2,2,0,1,0,1,1,1,0,0,2,0,-1,-1,-1,0,1]","[-2,-1,-1,-1,0,1,2,2,-1,0,1,2,1,2,4,0,1,1,1,0,1,1,0,0,1,1,0,1,2,2,0,1,1,0,0,-1]","[-2,-2,-1,0,1,1,1,2,-1,1,1,1,2,3,2,1,1,1,2,2,0,1,1,2,1,2,1,1,0,0,-1,-1,0,0,1,2]",c,"[[{8, 1}, {2, 7}, {3, 6}, {4, 5}], [{8, 1}, {2, 7}, {4, 6}, {3, 5}], [{8, 1}, {2, 7}, {5, 6}, {3, 4}], [{8, 1}, {2, 7}, {6}, {4, 5}, {3}], [{8, 1}, {3, 7}, {2, 6}, {4, 5}], [{8, 1}, {3, 7}, {4, 6}, {2, 5}], [{8, 1}, {3, 7}, {5, 6}, {2, 4}], [{8, 1}, {3, 7}, {5, 6}, {4}, {2}], [{8, 1}, {3, 7}, {6}, {5}, {2, 4}], [{8, 1}, {4, 7}, {2, 6}, {3, 5}], [{8, 1}, {4, 7}, {3, 6}, {2, 5}], [{8, 1}, {4, 7}, {5, 6}, {2, 3}], [{8, 1}, {5, 7}, {2, 6}, {3, 4}], [{8, 1}, {5, 7}, {2, 6}, {4}, {3}], [{8, 1}, {5, 7}, {3, 6}, {2, 4}], [{8, 1}, {5, 7}, {3, 6}, {4}, {2}], [{8, 1}, {5, 7}, {4, 6}, {2, 3}], [{8, 1}, {5, 7}, {4, 6}, {3}, {2}], [{8, 1}, {5, 7}, {6}, {2, 4}, {3}], [{8, 1}, {5, 7}, {6}, {3, 4}, {2}], [{8, 1}, {5, 7}, {6}, {4}, {2, 3}], [{8, 1}, {6, 7}, {2, 5}, {3, 4}], [{8, 1}, {6, 7}, {3, 5}, {2, 4}], [{8, 1}, {6, 7}, {4, 5}, {2, 3}], [{8, 1}, {7}, {6}, {3, 5}, {2, 4}], [{8, 2}, {1, 7}, {3, 6}, {4, 5}], [{8, 2}, {1, 7}, {4, 6}, {3, 5}], [{8, 2}, {1, 7}, {5, 6}, {3, 4}], [{8, 2}, {1, 7}, {5, 6}, {4}, {3}], [{8, 2}, {3, 7}, {1, 6}, {4, 5}], [{8, 2}, {3, 7}, {4, 6}, {1, 5}], [{8, 2}, {3, 7}, {5, 6}, {1, 4}], [{8, 2}, {4, 7}, {1, 6}, {3, 5}], [{8, 2}, {4, 7}, {1, 6}, {5}, {3}], [{8, 2}, {4, 7}, {3, 6}, {1, 5}], [{8, 2}, {4, 7}, {3, 6}, {5}, {1}], [{8, 2}, {4, 7}, {5, 6}, {1, 3}], [{8, 2}, {4, 7}, {5, 6}, {3}, {1}], [{8, 2}, {4, 7}, {6}, {1, 5}, {3}], [{8, 2}, {4, 7}, {6}, {3, 5}, {1}], [{8, 2}, {4, 7}, {6}, {5}, {1, 3}], [{8, 2}, {4, 7}, {6}, {5}, {3}, {1}], [{8, 2}, {5, 7}, {1, 6}, {3, 4}], [{8, 2}, {5, 7}, {3, 6}, {1, 4}], [{8, 2}, {5, 7}, {3, 6}, {4}, {1}], [{8, 2}, {5, 7}, {4, 6}, {1, 3}], [{8, 2}, {6, 7}, {1, 5}, {3, 4}], [{8, 2}, {6, 7}, {1, 5}, {4}, {3}], [{8, 2}, {6, 7}, {3, 5}, {1, 4}], [{8, 2}, {6, 7}, {3, 5}, {4}, {1}], [{8, 2}, {6, 7}, {4, 5}, {1, 3}], [{8, 2}, {6, 7}, {5}, {4}, {1, 3}], [{8, 2}, {7}, {3, 6}, {4, 5}, {1}], [{8, 2}, {7}, {4, 6}, {1, 5}, {3}], [{8, 2}, {7}, {4, 6}, {3, 5}, {1}], [{8, 2}, {7}, {4, 6}, {5}, {1, 3}], [{8, 2}, {7}, {5, 6}, {1, 4}, {3}], [{8, 3}, {1, 7}, {2, 6}, {4, 5}], [{8, 3}, {1, 7}, {4, 6}, {2, 5}], [{8, 3}, {1, 7}, {5, 6}, {2, 4}], [{8, 3}, {1, 7}, {6}, {5}, {2, 4}], [{8, 3}, {2, 7}, {1, 6}, {4, 5}], [{8, 3}, {2, 7}, {4, 6}, {1, 5}], [{8, 3}, {2, 7}, {5, 6}, {1, 4}], [{8, 3}, {2, 7}, {6}, {4, 5}, {1}], [{8, 3}, {4, 7}, {1, 6}, {2, 5}], [{8, 3}, {4, 7}, {2, 6}, {1, 5}], [{8, 3}, {4, 7}, {5, 6}, {1, 2}], [{8, 3}, {5, 7}, {1, 6}, {2, 4}], [{8, 3}, {5, 7}, {2, 6}, {1, 4}], [{8, 3}, {5, 7}, {4, 6}, {1, 2}], [{8, 3}, {5, 7}, {6}, {1, 4}, {2}], [{8, 3}, {5, 7}, {6}, {2, 4}, {1}], [{8, 3}, {5, 7}, {6}, {4}, {1, 2}], [{8, 3}, {6, 7}, {1, 5}, {2, 4}], [{8, 3}, {6, 7}, {2, 5}, {1, 4}], [{8, 3}, {6, 7}, {4, 5}, {1, 2}], [{8, 3}, {6, 7}, {5}, {2, 4}, {1}], [{8, 3}, {7}, {1, 6}, {5}, {2, 4}], [{8, 3}, {7}, {5, 6}, {2, 4}, {1}], [{8, 3}, {7}, {6}, {1, 5}, {2, 4}], [{8, 4}, {1, 7}, {2, 6}, {3, 5}], [{8, 4}, {1, 7}, {3, 6}, {2, 5}], [{8, 4}, {1, 7}, {5, 6}, {2, 3}], [{8, 4}, {1, 7}, {5, 6}, {3}, {2}], [{8, 4}, {1, 7}, {6}, {5}, {2, 3}], [{8, 4}, {2, 7}, {1, 6}, {3, 5}], [{8, 4}, {2, 7}, {1, 6}, {5}, {3}], [{8, 4}, {2, 7}, {3, 6}, {1, 5}], [{8, 4}, {2, 7}, {3, 6}, {5}, {1}], [{8, 4}, {2, 7}, {5, 6}, {1, 3}], [{8, 4}, {2, 7}, {5, 6}, {3}, {1}], [{8, 4}, {2, 7}, {6}, {1, 5}, {3}], [{8, 4}, {2, 7}, {6}, {3, 5}, {1}], [{8, 4}, {2, 7}, {6}, {5}, {1, 3}], [{8, 4}, {2, 7}, {6}, {5}, {3}, {1}], [{8, 4}, {3, 7}, {1, 6}, {2, 5}], [{8, 4}, {3, 7}, {2, 6}, {1, 5}], [{8, 4}, {3, 7}, {5, 6}, {1, 2}], [{8, 4}, {3, 7}, {5, 6}, {2}, {1}], [{8, 4}, {3, 7}, {6}, {5}, {1, 2}], [{8, 4}, {5, 7}, {1, 6}, {2, 3}], [{8, 4}, {5, 7}, {2, 6}, {1, 3}], [{8, 4}, {5, 7}, {3, 6}, {1, 2}], [{8, 4}, {5, 7}, {3, 6}, {2}, {1}], [{8, 4}, {6, 7}, {1, 5}, {2, 3}], [{8, 4}, {6, 7}, {1, 5}, {3}, {2}], [{8, 4}, {6, 7}, {2, 5}, {1, 3}], [{8, 4}, {6, 7}, {3, 5}, {1, 2}], [{8, 4}, {7}, {2, 6}, {1, 5}, {3}], [{8, 4}, {7}, {3, 6}, {2, 5}, {1}], [{8, 4}, {7}, {5, 6}, {1, 3}, {2}], [{8, 4}, {7}, {5, 6}, {2, 3}, {1}], [{8, 4}, {7}, {5, 6}, {3}, {1, 2}], [{8, 5}, {1, 7}, {2, 6}, {3, 4}], [{8, 5}, {1, 7}, {3, 6}, {2, 4}], [{8, 5}, {1, 7}, {4, 6}, {2, 3}], [{8, 5}, {2, 7}, {1, 6}, {3, 4}], [{8, 5}, {2, 7}, {1, 6}, {4}, {3}], [{8, 5}, {2, 7}, {3, 6}, {1, 4}], [{8, 5}, {2, 7}, {3, 6}, {4}, {1}], [{8, 5}, {2, 7}, {4, 6}, {1, 3}], [{8, 5}, {2, 7}, {4, 6}, {3}, {1}], [{8, 5}, {2, 7}, {6}, {1, 4}, {3}], [{8, 5}, {2, 7}, {6}, {3, 4}, {1}], [{8, 5}, {2, 7}, {6}, {4}, {1, 3}], [{8, 5}, {2, 7}, {6}, {4}, {3}, {1}], [{8, 5}, {3, 7}, {1, 6}, {2, 4}], [{8, 5}, {3, 7}, {2, 6}, {1, 4}], [{8, 5}, {3, 7}, {4, 6}, {1, 2}], [{8, 5}, {4, 7}, {1, 6}, {2, 3}], [{8, 5}, {4, 7}, {2, 6}, {1, 3}], [{8, 5}, {4, 7}, {3, 6}, {1, 2}], [{8, 5}, {4, 7}, {3, 6}, {2}, {1}], [{8, 5}, {6, 7}, {1, 4}, {2, 3}], [{8, 5}, {6, 7}, {2, 4}, {1, 3}], [{8, 5}, {6, 7}, {3, 4}, {1, 2}], [{8, 5}, {6, 7}, {3, 4}, {2}, {1}], [{8, 5}, {7}, {2, 6}, {3, 4}, {1}], [{8, 5}, {7}, {3, 6}, {2, 4}, {1}], [{8, 6}, {1, 7}, {2, 5}, {3, 4}], [{8, 6}, {1, 7}, {3, 5}, {2, 4}], [{8, 6}, {1, 7}, {4, 5}, {2, 3}], [{8, 6}, {2, 7}, {1, 5}, {3, 4}], [{8, 6}, {2, 7}, {3, 5}, {1, 4}], [{8, 6}, {2, 7}, {4, 5}, {1, 3}], [{8, 6}, {2, 7}, {4, 5}, {3}, {1}], [{8, 6}, {3, 7}, {1, 5}, {2, 4}], [{8, 6}, {3, 7}, {2, 5}, {1, 4}], [{8, 6}, {3, 7}, {4, 5}, {1, 2}], [{8, 6}, {3, 7}, {4, 5}, {2}, {1}], [{8, 6}, {4, 7}, {1, 5}, {2, 3}], [{8, 6}, {4, 7}, {2, 5}, {1, 3}], [{8, 6}, {4, 7}, {3, 5}, {1, 2}], [{8, 6}, {5, 7}, {1, 4}, {2, 3}], [{8, 6}, {5, 7}, {1, 4}, {3}, {2}], [{8, 6}, {5, 7}, {2, 4}, {1, 3}], [{8, 6}, {5, 7}, {2, 4}, {3}, {1}], [{8, 6}, {5, 7}, {3, 4}, {1, 2}], [{8, 6}, {5, 7}, {4}, {3}, {1, 2}], [{8, 6}, {7}, {1, 5}, {3, 4}, {2}], [{8, 6}, {7}, {4, 5}, {2, 3}, {1}], [{8, 7}, {1, 6}, {2, 5}, {3, 4}], [{8, 7}, {1, 6}, {3, 5}, {2, 4}], [{8, 7}, {1, 6}, {4, 5}, {2, 3}], [{8, 7}, {2, 6}, {1, 5}, {3, 4}], [{8, 7}, {2, 6}, {3, 5}, {1, 4}], [{8, 7}, {2, 6}, {4, 5}, {1, 3}], [{8, 7}, {2, 6}, {5}, {1, 4}, {3}], [{8, 7}, {2, 6}, {5}, {3, 4}, {1}], [{8, 7}, {2, 6}, {5}, {4}, {1, 3}], [{8, 7}, {3, 6}, {1, 5}, {2, 4}], [{8, 7}, {3, 6}, {2, 5}, {1, 4}], [{8, 7}, {3, 6}, {2, 5}, {4}, {1}], [{8, 7}, {3, 6}, {4, 5}, {1, 2}], [{8, 7}, {3, 6}, {4, 5}, {2}, {1}], [{8, 7}, {3, 6}, {5}, {2, 4}, {1}], [{8, 7}, {4, 6}, {1, 5}, {2, 3}], [{8, 7}, {4, 6}, {2, 5}, {1, 3}], [{8, 7}, {4, 6}, {3, 5}, {1, 2}], [{8, 7}, {4, 6}, {5}, {3}, {1, 2}], [{8, 7}, {5, 6}, {1, 4}, {2, 3}], [{8, 7}, {5, 6}, {2, 4}, {1, 3}], [{8, 7}, {5, 6}, {3, 4}, {1, 2}], [{8}, {1, 7}, {4, 6}, {2, 5}, {3}], [{8}, {1, 7}, {5, 6}, {2, 4}, {3}], [{8}, {2, 7}, {1, 6}, {4, 5}, {3}], [{8}, {2, 7}, {3, 6}, {4, 5}, {1}], [{8}, {2, 7}, {6}, {4, 5}, {1, 3}], [{8}, {2, 7}, {6}, {4, 5}, {3}, {1}], [{8}, {3, 7}, {4, 6}, {1, 5}, {2}], [{8}, {3, 7}, {5, 6}, {1, 4}, {2}], [{8}, {4, 7}, {3, 6}, {2, 5}, {1}], [{8}, {5, 7}, {1, 6}, {2, 4}, {3}], [{8}, {5, 7}, {2, 6}, {3, 4}, {1}], [{8}, {5, 7}, {3, 6}, {1, 4}, {2}], [{8}, {5, 7}, {3, 6}, {2, 4}, {1}], [{8}, {5, 7}, {3, 6}, {4}, {1, 2}], [{8}, {5, 7}, {3, 6}, {4}, {2}, {1}], [{8}, {5, 7}, {4, 6}, {2, 3}, {1}], [{8}, {5, 7}, {6}, {2, 4}, {1, 3}], [{8}, {5, 7}, {6}, {2, 4}, {3}, {1}], [{8}, {6, 7}, {1, 5}, {2, 4}, {3}], [{8}, {6, 7}, {2, 5}, {1, 4}, {3}], [{8}, {6, 7}, {3, 5}, {1, 4}, {2}], [{8}, {6, 7}, {5}, {1, 4}, {2, 3}], [{8}, {6, 7}, {5}, {3, 4}, {1, 2}]]",2,4 K_1^3 - 10 K_1^2 - 4 K_1 K_2 - K_1 + 5 K_2 + K_3 + 6,O1O2O3U2O4U5U4O6U7U1O7U3U6O8O5U8,O1O2U3O4O3U1O5O6U5O7U2U7U4O8U6U8,O1O2U3O4O5U4O6O3U7U1O7U5U8U6O8U2,c,{'O1O2O3U4O5O4U6U1O7U3U7O6U8U5O8U2'},1,"<a href=""/flatknot/8.975787"">8.975787</a>",t^9-54t^7-160t^6+20t^5+404t^4+161t^3-326t^2-188t+34,t^2-2t,,
8.975788,O1O2O3U4O5O4U6U1O7U3U8O6U5U7O8U2,4,2z^3+23z^2+94z+113,2w^4z^3-2w^4z^2+25w^3z^2-6w^3z+100w^2z+113w,False,False,"[[ 0 -2  1  0  1  1 -2  2 -1],[ 2  0  2  1  2  0  1  1  2],[-1 -2  0 -1  0  0 -2  2 -2],[ 0 -1  1  0  0 -1  0  1 -1],[-1 -2  0  0  0  1 -3  1 -1],[-1  0  0  1 -1  0 -1  0 -1],[ 2 -1  2  0  3  1  0  2  1],[-2 -1 -2 -1 -1  0 -2  0 -2],[ 1 -2  2  1  1  1 -1  2  0]]","[[ 0  2  1  1  1  0 -1 -2 -2],[-2  0  0 -1 -2 -1 -2 -1 -2],[-1  0  0 -1  0  1 -1  0 -1],[-1  1  1  0  0  0 -1 -2 -3],[-1  2  0  0  0 -1 -2 -2 -2],[ 0  1 -1  0  1  0 -1 -1  0],[ 1  2  1  1  2  1  0 -2 -1],[ 2  1  0  2  2  1  2  0  1],[ 2  2  1  3  2  0  1 -1  0]]",True,"[-2,-1,-1,-1,0,1,2,2,0,1,2,1,2,1,2,1,0,-1,1,0,1,0,0,1,2,3,1,2,2,2,1,1,0,2,1,-1]","[-2,-2,-1,0,1,1,1,2,-1,-1,1,1,1,3,3,0,2,0,1,2,2,0,1,0,1,1,1,0,2,1,0,-1,0,0,-1,1]",t^8+54t^6+275t^4+152t^2+16,"[-2,-2,-1,0,1,1,1,2,-1,-1,1,1,1,3,3,0,2,0,1,2,2,0,1,0,1,1,1,0,2,1,0,-1,0,0,-1,1]","[-2,-1,-1,-1,0,1,2,2,-1,0,1,1,1,2,3,0,0,0,0,1,1,1,1,1,0,1,2,1,2,3,0,2,1,0,-1,-1]","[-2,-2,-1,0,1,1,1,2,-1,1,0,1,2,3,2,2,1,0,2,2,1,1,1,2,1,2,-1,1,0,1,0,-1,0,0,2,1]",c,"[[{8, 1}, {2, 7}, {3, 6}, {4, 5}], [{8, 1}, {2, 7}, {4, 6}, {3, 5}], [{8, 1}, {2, 7}, {5, 6}, {3, 4}], [{8, 1}, {3, 7}, {2, 6}, {4, 5}], [{8, 1}, {3, 7}, {4, 6}, {2, 5}], [{8, 1}, {3, 7}, {4, 6}, {5}, {2}], [{8, 1}, {3, 7}, {5, 6}, {2, 4}], [{8, 1}, {3, 7}, {5, 6}, {4}, {2}], [{8, 1}, {3, 7}, {6}, {4, 5}, {2}], [{8, 1}, {4, 7}, {2, 6}, {3, 5}], [{8, 1}, {4, 7}, {3, 6}, {2, 5}], [{8, 1}, {4, 7}, {3, 6}, {5}, {2}], [{8, 1}, {4, 7}, {5, 6}, {2, 3}], [{8, 1}, {5, 7}, {2, 6}, {3, 4}], [{8, 1}, {5, 7}, {3, 6}, {2, 4}], [{8, 1}, {5, 7}, {4, 6}, {2, 3}], [{8, 1}, {5, 7}, {4, 6}, {3}, {2}], [{8, 1}, {6, 7}, {2, 5}, {3, 4}], [{8, 1}, {6, 7}, {3, 5}, {2, 4}], [{8, 1}, {6, 7}, {4, 5}, {2, 3}], [{8, 1}, {7}, {3, 6}, {2, 5}, {4}], [{8, 1}, {7}, {4, 6}, {3, 5}, {2}], [{8, 2}, {1, 7}, {3, 6}, {4, 5}], [{8, 2}, {1, 7}, {4, 6}, {3, 5}], [{8, 2}, {1, 7}, {4, 6}, {5}, {3}], [{8, 2}, {1, 7}, {5, 6}, {3, 4}], [{8, 2}, {1, 7}, {5, 6}, {4}, {3}], [{8, 2}, {1, 7}, {6}, {4, 5}, {3}], [{8, 2}, {3, 7}, {1, 6}, {4, 5}], [{8, 2}, {3, 7}, {4, 6}, {1, 5}], [{8, 2}, {3, 7}, {5, 6}, {1, 4}], [{8, 2}, {3, 7}, {6}, {4, 5}, {1}], [{8, 2}, {4, 7}, {1, 6}, {3, 5}], [{8, 2}, {4, 7}, {3, 6}, {1, 5}], [{8, 2}, {4, 7}, {5, 6}, {1, 3}], [{8, 2}, {5, 7}, {1, 6}, {3, 4}], [{8, 2}, {5, 7}, {3, 6}, {1, 4}], [{8, 2}, {5, 7}, {4, 6}, {1, 3}], [{8, 2}, {6, 7}, {1, 5}, {3, 4}], [{8, 2}, {6, 7}, {1, 5}, {4}, {3}], [{8, 2}, {6, 7}, {3, 5}, {1, 4}], [{8, 2}, {6, 7}, {4, 5}, {1, 3}], [{8, 2}, {6, 7}, {4, 5}, {3}, {1}], [{8, 2}, {6, 7}, {5}, {1, 4}, {3}], [{8, 2}, {7}, {1, 6}, {4, 5}, {3}], [{8, 2}, {7}, {3, 6}, {4, 5}, {1}], [{8, 2}, {7}, {6}, {4, 5}, {1, 3}], [{8, 2}, {7}, {6}, {4, 5}, {3}, {1}], [{8, 3}, {1, 7}, {2, 6}, {4, 5}], [{8, 3}, {1, 7}, {4, 6}, {2, 5}], [{8, 3}, {1, 7}, {4, 6}, {5}, {2}], [{8, 3}, {1, 7}, {5, 6}, {2, 4}], [{8, 3}, {2, 7}, {1, 6}, {4, 5}], [{8, 3}, {2, 7}, {4, 6}, {1, 5}], [{8, 3}, {2, 7}, {5, 6}, {1, 4}], [{8, 3}, {2, 7}, {6}, {4, 5}, {1}], [{8, 3}, {4, 7}, {1, 6}, {2, 5}], [{8, 3}, {4, 7}, {2, 6}, {1, 5}], [{8, 3}, {4, 7}, {5, 6}, {1, 2}], [{8, 3}, {5, 7}, {1, 6}, {2, 4}], [{8, 3}, {5, 7}, {2, 6}, {1, 4}], [{8, 3}, {5, 7}, {4, 6}, {1, 2}], [{8, 3}, {5, 7}, {6}, {4}, {1, 2}], [{8, 3}, {6, 7}, {1, 5}, {2, 4}], [{8, 3}, {6, 7}, {2, 5}, {1, 4}], [{8, 3}, {6, 7}, {4, 5}, {1, 2}], [{8, 3}, {7}, {5, 6}, {2, 4}, {1}], [{8, 4}, {1, 7}, {2, 6}, {3, 5}], [{8, 4}, {1, 7}, {3, 6}, {2, 5}], [{8, 4}, {1, 7}, {5, 6}, {2, 3}], [{8, 4}, {2, 7}, {1, 6}, {3, 5}], [{8, 4}, {2, 7}, {3, 6}, {1, 5}], [{8, 4}, {2, 7}, {5, 6}, {1, 3}], [{8, 4}, {3, 7}, {1, 6}, {2, 5}], [{8, 4}, {3, 7}, {1, 6}, {5}, {2}], [{8, 4}, {3, 7}, {2, 6}, {1, 5}], [{8, 4}, {3, 7}, {2, 6}, {5}, {1}], [{8, 4}, {3, 7}, {5, 6}, {1, 2}], [{8, 4}, {3, 7}, {5, 6}, {2}, {1}], [{8, 4}, {3, 7}, {6}, {1, 5}, {2}], [{8, 4}, {3, 7}, {6}, {2, 5}, {1}], [{8, 4}, {3, 7}, {6}, {5}, {1, 2}], [{8, 4}, {3, 7}, {6}, {5}, {2}, {1}], [{8, 4}, {5, 7}, {1, 6}, {2, 3}], [{8, 4}, {5, 7}, {2, 6}, {1, 3}], [{8, 4}, {5, 7}, {3, 6}, {1, 2}], [{8, 4}, {5, 7}, {6}, {3}, {1, 2}], [{8, 4}, {6, 7}, {1, 5}, {2, 3}], [{8, 4}, {6, 7}, {2, 5}, {1, 3}], [{8, 4}, {6, 7}, {3, 5}, {1, 2}], [{8, 4}, {7}, {6}, {3, 5}, {1, 2}], [{8, 5}, {1, 7}, {2, 6}, {3, 4}], [{8, 5}, {1, 7}, {2, 6}, {4}, {3}], [{8, 5}, {1, 7}, {3, 6}, {2, 4}], [{8, 5}, {1, 7}, {4, 6}, {2, 3}], [{8, 5}, {1, 7}, {4, 6}, {3}, {2}], [{8, 5}, {1, 7}, {6}, {2, 4}, {3}], [{8, 5}, {2, 7}, {1, 6}, {3, 4}], [{8, 5}, {2, 7}, {3, 6}, {1, 4}], [{8, 5}, {2, 7}, {4, 6}, {1, 3}], [{8, 5}, {2, 7}, {6}, {3, 4}, {1}], [{8, 5}, {3, 7}, {1, 6}, {2, 4}], [{8, 5}, {3, 7}, {1, 6}, {4}, {2}], [{8, 5}, {3, 7}, {2, 6}, {1, 4}], [{8, 5}, {3, 7}, {2, 6}, {4}, {1}], [{8, 5}, {3, 7}, {4, 6}, {1, 2}], [{8, 5}, {3, 7}, {4, 6}, {2}, {1}], [{8, 5}, {3, 7}, {6}, {1, 4}, {2}], [{8, 5}, {3, 7}, {6}, {2, 4}, {1}], [{8, 5}, {3, 7}, {6}, {4}, {1, 2}], [{8, 5}, {3, 7}, {6}, {4}, {2}, {1}], [{8, 5}, {4, 7}, {1, 6}, {2, 3}], [{8, 5}, {4, 7}, {2, 6}, {1, 3}], [{8, 5}, {4, 7}, {3, 6}, {1, 2}], [{8, 5}, {4, 7}, {6}, {2, 3}, {1}], [{8, 5}, {6, 7}, {1, 4}, {2, 3}], [{8, 5}, {6, 7}, {1, 4}, {3}, {2}], [{8, 5}, {6, 7}, {2, 4}, {1, 3}], [{8, 5}, {6, 7}, {2, 4}, {3}, {1}], [{8, 5}, {6, 7}, {3, 4}, {1, 2}], [{8, 5}, {6, 7}, {4}, {3}, {1, 2}], [{8, 5}, {7}, {1, 6}, {2, 4}, {3}], [{8, 5}, {7}, {2, 6}, {4}, {1, 3}], [{8, 5}, {7}, {3, 6}, {1, 4}, {2}], [{8, 5}, {7}, {3, 6}, {2, 4}, {1}], [{8, 5}, {7}, {3, 6}, {4}, {1, 2}], [{8, 5}, {7}, {4, 6}, {1, 3}, {2}], [{8, 5}, {7}, {6}, {2, 4}, {1, 3}], [{8, 5}, {7}, {6}, {2, 4}, {3}, {1}], [{8, 6}, {1, 7}, {2, 5}, {3, 4}], [{8, 6}, {1, 7}, {3, 5}, {2, 4}], [{8, 6}, {1, 7}, {4, 5}, {2, 3}], [{8, 6}, {2, 7}, {1, 5}, {3, 4}], [{8, 6}, {2, 7}, {3, 5}, {1, 4}], [{8, 6}, {2, 7}, {4, 5}, {1, 3}], [{8, 6}, {2, 7}, {5}, {1, 4}, {3}], [{8, 6}, {2, 7}, {5}, {3, 4}, {1}], [{8, 6}, {2, 7}, {5}, {4}, {1, 3}], [{8, 6}, {3, 7}, {1, 5}, {2, 4}], [{8, 6}, {3, 7}, {1, 5}, {4}, {2}], [{8, 6}, {3, 7}, {2, 5}, {1, 4}], [{8, 6}, {3, 7}, {4, 5}, {1, 2}], [{8, 6}, {3, 7}, {4, 5}, {2}, {1}], [{8, 6}, {3, 7}, {5}, {1, 4}, {2}], [{8, 6}, {4, 7}, {1, 5}, {2, 3}], [{8, 6}, {4, 7}, {2, 5}, {1, 3}], [{8, 6}, {4, 7}, {3, 5}, {1, 2}], [{8, 6}, {5, 7}, {1, 4}, {2, 3}], [{8, 6}, {5, 7}, {2, 4}, {1, 3}], [{8, 6}, {5, 7}, {3, 4}, {1, 2}], [{8, 6}, {5, 7}, {4}, {1, 3}, {2}], [{8, 6}, {7}, {2, 5}, {4}, {1, 3}], [{8, 6}, {7}, {3, 5}, {2, 4}, {1}], [{8, 6}, {7}, {5}, {1, 4}, {2, 3}], [{8, 7}, {1, 6}, {2, 5}, {3, 4}], [{8, 7}, {1, 6}, {2, 5}, {4}, {3}], [{8, 7}, {1, 6}, {3, 5}, {2, 4}], [{8, 7}, {1, 6}, {4, 5}, {2, 3}], [{8, 7}, {2, 6}, {1, 5}, {3, 4}], [{8, 7}, {2, 6}, {3, 5}, {1, 4}], [{8, 7}, {2, 6}, {4, 5}, {1, 3}], [{8, 7}, {3, 6}, {1, 5}, {2, 4}], [{8, 7}, {3, 6}, {1, 5}, {4}, {2}], [{8, 7}, {3, 6}, {2, 5}, {1, 4}], [{8, 7}, {3, 6}, {4, 5}, {1, 2}], [{8, 7}, {4, 6}, {1, 5}, {2, 3}], [{8, 7}, {4, 6}, {2, 5}, {1, 3}], [{8, 7}, {4, 6}, {3, 5}, {1, 2}], [{8, 7}, {4, 6}, {3, 5}, {2}, {1}], [{8, 7}, {5, 6}, {1, 4}, {2, 3}], [{8, 7}, {5, 6}, {2, 4}, {1, 3}], [{8, 7}, {5, 6}, {3, 4}, {1, 2}], [{8, 7}, {5, 6}, {4}, {1, 3}, {2}], [{8, 7}, {6}, {2, 5}, {3, 4}, {1}], [{8, 7}, {6}, {3, 5}, {4}, {1, 2}], [{8, 7}, {6}, {4, 5}, {2, 3}, {1}], [{8}, {1, 7}, {4, 6}, {2, 5}, {3}], [{8}, {1, 7}, {4, 6}, {3, 5}, {2}], [{8}, {1, 7}, {4, 6}, {5}, {2, 3}], [{8}, {2, 7}, {5, 6}, {3, 4}, {1}], [{8}, {3, 7}, {1, 6}, {4, 5}, {2}], [{8}, {3, 7}, {2, 6}, {4, 5}, {1}], [{8}, {3, 7}, {4, 6}, {1, 5}, {2}], [{8}, {3, 7}, {5, 6}, {1, 4}, {2}], [{8}, {3, 7}, {6}, {4, 5}, {1, 2}], [{8}, {3, 7}, {6}, {4, 5}, {2}, {1}], [{8}, {4, 7}, {2, 6}, {5}, {1, 3}], [{8}, {4, 7}, {6}, {3, 5}, {1, 2}], [{8}, {5, 7}, {2, 6}, {1, 4}, {3}], [{8}, {5, 7}, {6}, {3, 4}, {1, 2}], [{8}, {6, 7}, {2, 5}, {1, 4}, {3}], [{8}, {6, 7}, {5}, {2, 4}, {1, 3}], [{8}, {7}, {1, 6}, {2, 5}, {3, 4}]]",2,- 10 K_1^2 + 5 K_2 + 6,O1O2O3U2O4U5U6O7U4U1O5U3U7O8O6U8,O1O2U3O4O5U1O6O3U5O7U2U7U4O8U6U8,O1O2U3O4O5U1O6O3U7U2O7U5U8U6O8U4,c,{'O1O2O3U4O5O4U6U1O7U3U8O6U5U7O8U2'},1,"<a href=""/flatknot/8.975788"">8.975788</a>",t^9-56t^7-182t^6-2t^5+534t^4+460t^3-88t^2-213t-122,t^2-2t,,
8.975789,O1O2O3U4O5O4U6U1O7U3U8O6U7U5O8U2,3,15z^2+76z+93,-4w^4z^2+19w^3z^2-4w^3z+80w^2z+93w,False,False,"[[ 0 -2  1  0  1  2 -2  1 -1],[ 2  0  2  1  2  0  1  0  2],[-1 -2  0 -1  0  1 -2  1 -2],[ 0 -1  1  0  0  0  0  0 -1],[-1 -2  0  0  0  2 -3  1 -1],[-2  0 -1  0 -2  0 -1 -1 -2],[ 2 -1  2  0  3  1  0  1  1],[-1  0 -1  0 -1  1 -1  0 -1],[ 1 -2  2  1  1  2 -1  1  0]]","[[ 0  2  1  1  1  0 -1 -2 -2],[-2  0 -1 -1 -2  0 -2  0 -1],[-1  1  0  1  0 -1 -2 -2 -2],[-1  1 -1  0 -1  0 -1  0 -1],[-1  2  0  1  0  0 -1 -2 -3],[ 0  0  1  0  0  0 -1 -1  0],[ 1  2  2  1  1  1  0 -2 -1],[ 2  0  2  0  2  1  2  0  1],[ 2  1  2  1  3  0  1 -1  0]]",True,"[-2,-1,-1,-1,0,1,2,2,1,1,2,0,2,0,1,-1,0,1,2,2,2,1,0,1,0,1,0,1,2,3,1,1,0,2,1,-1]","[-2,-2,-1,0,1,1,1,2,-1,-1,1,1,1,3,4,0,2,0,1,2,3,0,1,0,1,1,1,0,1,2,0,-1,-1,-1,0,0]",t^8+50t^6+196t^4+92t^2,"[-2,-2,-1,0,1,1,1,2,-1,-1,1,1,1,3,4,0,2,0,1,2,3,0,1,0,1,1,1,0,1,2,0,-1,-1,-1,0,0]","[-2,-1,-1,-1,0,1,2,2,-1,0,0,2,1,3,4,0,1,1,1,0,1,1,0,0,1,1,1,1,2,3,0,2,1,0,-1,-1]","[-2,-2,-1,0,1,1,1,2,-1,1,0,1,2,3,1,2,1,0,2,2,0,1,1,2,1,2,0,1,0,0,-1,-1,1,0,1,2]",c,"[[{8, 1}, {3, 7}, {4, 6}, {2, 5}], [{8, 1}, {6, 7}, {2, 5}, {3, 4}], [{8, 1}, {6, 7}, {3, 5}, {2, 4}], [{8, 5}, {4, 7}, {3, 6}, {1, 2}], [{8, 5}, {7}, {3, 6}, {4}, {1, 2}]]",1,- 6 K_1^2 + 3 K_2 + 4,O1O2O3U2O4U5U6O7U4U1O6U3U7O8O5U8,O1O2U3O4O5U1O3O6U5O7U2U7U4O8U6U8,O1O2U3O4O5U2O6O3U7U1O7U5U8U6O8U4,c,{'O1O2O3U4O5O4U6U1O7U3U8O6U7U5O8U2'},1,"<a href=""/flatknot/8.975789"">8.975789</a>",t^9-52t^7-140t^6+51t^5+342t^4+43t^3-276t^2-108t,t^2-2t,,
8.975790,O1O2O3U4O5O4U6U1O7U5U2O6U8U7O8U3,4,9z^2+78z+121,9w^3z^2+78w^2z+121w,False,False,"[[ 0 -2  0  2  1  0 -2  2 -1],[ 2  0  2  2  2  0  0  1  2],[ 0 -2  0  1  1 -1 -1  1 -1],[-2 -2 -1  0 -1 -1 -2  1 -3],[-1 -2 -1  1  0  0 -2  1 -2],[ 0  0  1  1  0  0  0  0 -1],[ 2  0  1  2  2  0  0  2  2],[-2 -1 -1 -1 -1  0 -2  0 -2],[ 1 -2  1  3  2  1 -2  2  0]]","[[ 0  2  2  1  0  0 -1 -2 -2],[-2  0  1 -1 -1 -1 -3 -2 -2],[-2 -1  0 -1  0 -1 -2 -1 -2],[-1  1  1  0  0 -1 -2 -2 -2],[ 0  1  0  0  0  1 -1  0  0],[ 0  1  1  1 -1  0 -1 -2 -1],[ 1  3  2  2  1  1  0 -2 -2],[ 2  2  1  2  0  2  2  0  0],[ 2  2  2  2  0  1  2  0  0]]",True,"[-2,-2,-1,0,0,1,2,2,-1,1,1,1,3,2,2,1,0,1,2,1,2,0,1,2,2,2,-1,1,0,0,1,2,1,2,2,0]","[-2,-2,-1,0,0,1,2,2,-1,0,1,2,1,2,3,0,1,1,0,2,2,0,1,0,1,1,-1,0,1,0,0,2,2,-1,-1,0]",t^8+61t^6+230t^4+169t^2+9,"[-2,-2,-1,0,0,1,2,2,0,-1,0,2,1,2,3,-1,1,2,1,2,2,0,0,0,0,1,1,0,1,1,1,1,2,0,0,-1]","[-2,-2,-1,0,0,1,2,2,-1,0,1,2,1,2,3,0,1,1,0,2,2,0,1,0,1,1,-1,0,1,0,0,2,2,-1,-1,0]","[-2,-2,-1,0,0,1,2,2,0,2,0,1,2,2,2,2,0,2,2,1,2,1,1,2,2,3,1,0,0,1,1,1,1,1,1,-1]",c,"[[{8, 4}, {1, 7}, {3, 6}, {2, 5}], [{8, 4}, {2, 7}, {3, 6}, {1, 5}], [{8, 4}, {2, 7}, {5, 6}, {1, 3}], [{8, 4}, {5, 7}, {2, 6}, {1, 3}], [{8, 4}, {5, 7}, {3, 6}, {1, 2}], [{8, 4}, {6, 7}, {2, 5}, {1, 3}]]",1,- 20 K_1^2 - 4 K_1 K_2 + 2 K_1 + 10 K_2 + 2 K_3 + 11,O1O2O3U1O4U5U4O6U2U7O5U3U6O8O7U8,O1O2U3O4O5U1O6O3U6O7U2U5U7O8U4U8,O1O2U3O4O5U1O6O3U7U5O7U8U4U6O8U2,c,{'O1O2O3U4O5O4U6U1O7U5U2O6U8U7O8U3'},1,"<a href=""/flatknot/8.975790"">8.975790</a>",t^9-61t^7-252t^6-302t^5-2t^4+140t^3+28t^2-37t-10,0,,
8.975791,O1O2O3U4O5O4U6U1O7U5U3O6U8U7O8U2,3,17z^2+86z+105,17w^3z^2+86w^2z+105w,False,False,"[[ 0 -2  1  1  1  0 -2  2 -1],[ 2  0  2  2  2  0  0  1  2],[-1 -2  0  0  0 -1 -2  2 -2],[-1 -2  0  0  0 -1 -2  1 -2],[-1 -2  0  0  0  0 -2  1 -2],[ 0  0  1  1  0  0  0  0 -1],[ 2  0  2  2  2  0  0  2  2],[-2 -1 -2 -1 -1  0 -2  0 -2],[ 1 -2  2  2  2  1 -2  2  0]]","[[ 0  2  1  1  1  0 -1 -2 -2],[-2  0 -1 -1 -2  0 -2 -1 -2],[-1  1  0  0  0  0 -2 -2 -2],[-1  1  0  0  0 -1 -2 -2 -2],[-1  2  0  0  0 -1 -2 -2 -2],[ 0  0  0  1  1  0 -1  0  0],[ 1  2  2  2  2  1  0 -2 -2],[ 2  1  2  2  2  0  2  0  0],[ 2  2  2  2  2  0  2  0  0]]",True,"[-2,-1,-1,-1,0,1,2,2,1,1,2,0,2,1,2,0,0,0,2,2,2,0,1,2,2,2,1,2,2,2,1,0,0,2,2,0]","[-2,-2,-1,0,1,1,1,2,0,-1,2,1,1,1,2,-1,2,1,1,1,3,0,0,0,0,1,0,0,1,2,0,0,-1,0,0,0]",t^8+62t^6+208t^4+96t^2,"[-2,-2,-1,0,1,1,1,2,0,-1,2,1,1,1,2,-1,2,1,1,1,3,0,0,0,0,1,0,0,1,2,0,0,-1,0,0,0]","[-2,-1,-1,-1,0,1,2,2,-1,0,0,2,1,2,3,0,0,0,0,1,1,0,0,0,1,1,1,0,1,1,0,2,2,-1,-1,0]","[-2,-2,-1,0,1,1,1,2,0,2,0,2,2,2,1,2,0,2,2,2,2,1,2,2,2,2,0,1,1,0,0,0,1,0,1,2]",c,"[[{8, 2}, {1, 7}, {3, 6}, {4, 5}], [{8, 2}, {1, 7}, {4, 6}, {3, 5}], [{8, 2}, {1, 7}, {5, 6}, {3, 4}], [{8, 2}, {1, 7}, {6}, {3, 5}, {4}], [{8, 2}, {3, 7}, {4, 6}, {1, 5}], [{8, 2}, {3, 7}, {6}, {1, 5}, {4}], [{8, 2}, {5, 7}, {3, 6}, {1, 4}], [{8, 4}, {5, 7}, {3, 6}, {1, 2}], [{8, 7}, {3, 6}, {4, 5}, {1, 2}]]",1,4 K_1^3 - 14 K_1^2 - 4 K_1 K_2 - K_1 + 7 K_2 + K_3 + 8,O1O2O3U2O4U5U4O6U1U7O5U3U6O8O7U8,O1O2U3O4O5U1O6O3U6O7U2U7U5O8U4U8,O1O2U3O4O5U1O6O3U7U5O7U4U8U6O8U2,c,{'O1O2O3U4O5O4U6U1O7U5U3O6U8U7O8U2'},1,"<a href=""/flatknot/8.975791"">8.975791</a>",t^9-64t^7-208t^6-77t^5+228t^4+59t^3-20t^2,t^2-2t,,
8.975792,O1O2O3U4O5O4U6U1O7U5U7O6U8U3O8U2,4,4z^3+34z^2+91z+79,4w^4z^3+34w^3z^2+91w^2z+79w,False,False,"[[ 0 -2  1  2  1  0 -2  1 -1],[ 2  0  2  1  2  0  1  1  1],[-1 -2  0  1  0 -1 -2  1 -2],[-2 -1 -1  0 -1 -1 -3  1 -2],[-1 -2  0  1  0  0 -2  0 -2],[ 0  0  1  1  0  0 -1  1  0],[ 2 -1  2  3  2  1  0  1  1],[-1 -1 -1 -1  0 -1 -1  0 -1],[ 1 -1  2  2  2  0 -1  1  0]]","[[ 0  2  1  1  1  0 -1 -2 -2],[-2  0  1 -1 -1 -1 -2 -1 -3],[-1 -1  0  0 -1 -1 -1 -1 -1],[-1  1  0  0  0  0 -2 -2 -2],[-1  1  1  0  0 -1 -2 -2 -2],[ 0  1  1  0  1  0  0  0 -1],[ 1  2  1  2  2  0  0 -1 -1],[ 2  1  1  2  2  0  1  0  1],[ 2  3  1  2  2  1  1 -1  0]]",True,"[-2,-1,-1,-1,0,1,2,2,-1,1,1,1,2,1,3,0,1,1,1,1,1,0,0,2,2,2,1,2,2,2,0,0,1,1,1,-1]","[-2,-2,-1,0,1,1,1,2,-1,0,2,1,1,2,3,0,1,1,1,2,1,1,0,0,1,1,0,1,0,1,0,-1,0,0,0,2]",t^8+52t^6+184t^4+92t^2+4,"[-2,-2,-1,0,1,1,1,2,-1,0,2,1,1,2,3,0,1,1,1,2,1,1,0,0,1,1,0,1,0,1,0,-1,0,0,0,2]","[-2,-1,-1,-1,0,1,2,2,0,0,2,1,1,1,3,0,0,1,0,1,1,1,0,0,1,1,0,1,2,2,1,1,2,0,0,-1]","[-2,-2,-1,0,1,1,1,2,-1,1,1,1,2,2,3,1,0,1,2,2,1,0,1,2,2,2,1,0,1,1,0,-1,-1,0,1,1]",c,"[[{8, 2}, {4, 7}, {5, 6}, {1, 3}], [{8, 2}, {5, 7}, {4, 6}, {1, 3}], [{8, 2}, {6, 7}, {3, 5}, {1, 4}], [{8, 2}, {6, 7}, {4, 5}, {1, 3}], [{8, 3}, {6, 7}, {4, 5}, {1, 2}], [{8, 4}, {2, 7}, {5, 6}, {1, 3}], [{8, 4}, {5, 7}, {2, 6}, {1, 3}], [{8, 4}, {6, 7}, {2, 5}, {1, 3}]]",1,8 K_1^3 - 6 K_1^2 - 4 K_1 K_2 - 4 K_1 + 3 K_2 + 4,O1O2O3U2O4U1U4O5U6U7O6U3U5O8O7U8,O1O2U3O4O3U1O5O6U5O7U2U7U6O8U4U8,O1O2U3O4O5U4O6O3U7U5O7U1U8U6O8U2,c,{'O1O2O3U4O5O4U6U1O7U5U7O6U8U3O8U2'},1,"<a href=""/flatknot/8.975792"">8.975792</a>",t^9-54t^7-172t^6-41t^5+378t^4+388t^3+44t^2-40t+6,t^2-2t,,
8.975793,O1O2O3U4O5O4U6U1O7U5U8O6U7U2O8U3,4,2z^3+25z^2+102z+121,2w^4z^3+25w^3z^2+102w^2z+121w,False,False,"[[ 0 -2  1  2  1  0 -2  1 -1],[ 2  0  1  2  2  0  1  0  2],[-1 -1  0  0  0 -1 -1  0 -1],[-2 -2  0  0 -1 -1 -3  1 -2],[-1 -2  0  1  0  0 -2  0 -2],[ 0  0  1  1  0  0  0  0  0],[ 2 -1  1  3  2  0  0  1  1],[-1  0  0 -1  0  0 -1  0 -1],[ 1 -2  1  2  2  0 -1  1  0]]","[[ 0  2  1  1  1  0 -1 -2 -2],[-2  0  1  0 -1 -1 -2 -2 -3],[-1 -1  0  0  0  0 -1  0 -1],[-1  0  0  0  0 -1 -1 -1 -1],[-1  1  0  0  0  0 -2 -2 -2],[ 0  1  0  1  0  0  0  0  0],[ 1  2  1  1  2  0  0 -2 -1],[ 2  2  0  1  2  0  2  0  1],[ 2  3  1  1  2  0  1 -1  0]]",True,"[-2,-1,-1,-1,0,1,2,2,-1,0,1,1,2,2,3,0,0,0,1,0,1,0,1,1,1,1,0,2,2,2,0,0,0,2,1,-1]","[-2,-2,-1,0,1,1,1,2,-1,-1,2,1,2,3,2,0,2,1,2,2,1,1,0,1,1,1,1,0,1,1,0,0,0,0,1,2]",t^8+44t^6+108t^4+71t^2+9,"[-2,-2,-1,0,1,1,1,2,-1,-1,2,1,2,3,2,0,2,1,2,2,1,1,0,1,1,1,1,0,1,1,0,0,0,0,1,2]","[-2,-1,-1,-1,0,1,2,2,0,1,2,1,1,1,2,0,0,1,0,1,1,0,0,1,2,2,1,1,2,3,1,2,2,0,-1,-1]","[-2,-2,-1,0,1,1,1,2,-1,1,0,1,1,2,3,2,0,0,1,2,2,0,1,1,2,2,0,1,0,1,0,0,-1,0,0,1]",c,"[[{8, 1}, {2, 7}, {3, 6}, {4, 5}], [{8, 1}, {2, 7}, {4, 6}, {3, 5}], [{8, 1}, {2, 7}, {5, 6}, {3, 4}], [{8, 1}, {2, 7}, {6}, {4, 5}, {3}], [{8, 1}, {3, 7}, {2, 6}, {4, 5}], [{8, 1}, {3, 7}, {4, 6}, {2, 5}], [{8, 1}, {3, 7}, {5, 6}, {2, 4}], [{8, 1}, {3, 7}, {5, 6}, {4}, {2}], [{8, 1}, {4, 7}, {2, 6}, {3, 5}], [{8, 1}, {4, 7}, {3, 6}, {2, 5}], [{8, 1}, {4, 7}, {3, 6}, {5}, {2}], [{8, 1}, {4, 7}, {5, 6}, {2, 3}], [{8, 1}, {4, 7}, {5, 6}, {3}, {2}], [{8, 1}, {4, 7}, {6}, {3, 5}, {2}], [{8, 1}, {5, 7}, {2, 6}, {3, 4}], [{8, 1}, {5, 7}, {3, 6}, {2, 4}], [{8, 1}, {5, 7}, {4, 6}, {2, 3}], [{8, 1}, {6, 7}, {2, 5}, {3, 4}], [{8, 1}, {6, 7}, {3, 5}, {2, 4}], [{8, 1}, {6, 7}, {4, 5}, {2, 3}], [{8, 1}, {6, 7}, {4, 5}, {3}, {2}], [{8, 1}, {7}, {2, 6}, {4, 5}, {3}], [{8, 1}, {7}, {5, 6}, {3, 4}, {2}], [{8, 2}, {1, 7}, {3, 6}, {4, 5}], [{8, 2}, {1, 7}, {3, 6}, {5}, {4}], [{8, 2}, {1, 7}, {4, 6}, {3, 5}], [{8, 2}, {1, 7}, {5, 6}, {3, 4}], [{8, 2}, {3, 7}, {1, 6}, {4, 5}], [{8, 2}, {3, 7}, {4, 6}, {1, 5}], [{8, 2}, {3, 7}, {5, 6}, {1, 4}], [{8, 2}, {3, 7}, {5, 6}, {4}, {1}], [{8, 2}, {4, 7}, {1, 6}, {3, 5}], [{8, 2}, {4, 7}, {3, 6}, {1, 5}], [{8, 2}, {4, 7}, {3, 6}, {5}, {1}], [{8, 2}, {4, 7}, {5, 6}, {1, 3}], [{8, 2}, {4, 7}, {5, 6}, {3}, {1}], [{8, 2}, {4, 7}, {6}, {3, 5}, {1}], [{8, 2}, {5, 7}, {1, 6}, {3, 4}], [{8, 2}, {5, 7}, {3, 6}, {1, 4}], [{8, 2}, {5, 7}, {4, 6}, {1, 3}], [{8, 2}, {6, 7}, {1, 5}, {3, 4}], [{8, 2}, {6, 7}, {3, 5}, {1, 4}], [{8, 2}, {6, 7}, {4, 5}, {1, 3}], [{8, 2}, {6, 7}, {4, 5}, {3}, {1}], [{8, 2}, {7}, {3, 6}, {5}, {1, 4}], [{8, 2}, {7}, {5, 6}, {3, 4}, {1}], [{8, 3}, {1, 7}, {2, 6}, {4, 5}], [{8, 3}, {1, 7}, {4, 6}, {2, 5}], [{8, 3}, {1, 7}, {5, 6}, {2, 4}], [{8, 3}, {1, 7}, {6}, {4, 5}, {2}], [{8, 3}, {2, 7}, {1, 6}, {4, 5}], [{8, 3}, {2, 7}, {4, 6}, {1, 5}], [{8, 3}, {2, 7}, {5, 6}, {1, 4}], [{8, 3}, {2, 7}, {6}, {4, 5}, {1}], [{8, 3}, {4, 7}, {1, 6}, {2, 5}], [{8, 3}, {4, 7}, {1, 6}, {5}, {2}], [{8, 3}, {4, 7}, {2, 6}, {1, 5}], [{8, 3}, {4, 7}, {2, 6}, {5}, {1}], [{8, 3}, {4, 7}, {5, 6}, {1, 2}], [{8, 3}, {4, 7}, {5, 6}, {2}, {1}], [{8, 3}, {4, 7}, {6}, {1, 5}, {2}], [{8, 3}, {4, 7}, {6}, {2, 5}, {1}], [{8, 3}, {4, 7}, {6}, {5}, {1, 2}], [{8, 3}, {4, 7}, {6}, {5}, {2}, {1}], [{8, 3}, {5, 7}, {1, 6}, {2, 4}], [{8, 3}, {5, 7}, {1, 6}, {4}, {2}], [{8, 3}, {5, 7}, {2, 6}, {1, 4}], [{8, 3}, {5, 7}, {2, 6}, {4}, {1}], [{8, 3}, {5, 7}, {4, 6}, {1, 2}], [{8, 3}, {5, 7}, {4, 6}, {2}, {1}], [{8, 3}, {5, 7}, {6}, {1, 4}, {2}], [{8, 3}, {5, 7}, {6}, {2, 4}, {1}], [{8, 3}, {5, 7}, {6}, {4}, {1, 2}], [{8, 3}, {5, 7}, {6}, {4}, {2}, {1}], [{8, 3}, {6, 7}, {1, 5}, {2, 4}], [{8, 3}, {6, 7}, {2, 5}, {1, 4}], [{8, 3}, {6, 7}, {4, 5}, {1, 2}], [{8, 3}, {6, 7}, {4, 5}, {2}, {1}], [{8, 3}, {7}, {1, 6}, {4, 5}, {2}], [{8, 3}, {7}, {2, 6}, {4, 5}, {1}], [{8, 3}, {7}, {6}, {4, 5}, {1, 2}], [{8, 3}, {7}, {6}, {4, 5}, {2}, {1}], [{8, 4}, {1, 7}, {2, 6}, {3, 5}], [{8, 4}, {1, 7}, {3, 6}, {2, 5}], [{8, 4}, {1, 7}, {5, 6}, {2, 3}], [{8, 4}, {2, 7}, {1, 6}, {3, 5}], [{8, 4}, {2, 7}, {3, 6}, {1, 5}], [{8, 4}, {2, 7}, {5, 6}, {1, 3}], [{8, 4}, {2, 7}, {6}, {5}, {1, 3}], [{8, 4}, {3, 7}, {1, 6}, {2, 5}], [{8, 4}, {3, 7}, {2, 6}, {1, 5}], [{8, 4}, {3, 7}, {5, 6}, {1, 2}], [{8, 4}, {3, 7}, {5, 6}, {2}, {1}], [{8, 4}, {5, 7}, {1, 6}, {2, 3}], [{8, 4}, {5, 7}, {2, 6}, {1, 3}], [{8, 4}, {5, 7}, {3, 6}, {1, 2}], [{8, 4}, {5, 7}, {3, 6}, {2}, {1}], [{8, 4}, {6, 7}, {1, 5}, {2, 3}], [{8, 4}, {6, 7}, {1, 5}, {3}, {2}], [{8, 4}, {6, 7}, {2, 5}, {1, 3}], [{8, 4}, {6, 7}, {2, 5}, {3}, {1}], [{8, 4}, {6, 7}, {3, 5}, {1, 2}], [{8, 4}, {6, 7}, {3, 5}, {2}, {1}], [{8, 4}, {6, 7}, {5}, {1, 3}, {2}], [{8, 4}, {6, 7}, {5}, {2, 3}, {1}], [{8, 4}, {6, 7}, {5}, {3}, {1, 2}], [{8, 4}, {6, 7}, {5}, {3}, {2}, {1}], [{8, 4}, {7}, {2, 6}, {5}, {1, 3}], [{8, 5}, {1, 7}, {2, 6}, {3, 4}], [{8, 5}, {1, 7}, {3, 6}, {2, 4}], [{8, 5}, {1, 7}, {4, 6}, {2, 3}], [{8, 5}, {1, 7}, {4, 6}, {3}, {2}], [{8, 5}, {2, 7}, {1, 6}, {3, 4}], [{8, 5}, {2, 7}, {3, 6}, {1, 4}], [{8, 5}, {2, 7}, {4, 6}, {1, 3}], [{8, 5}, {2, 7}, {4, 6}, {3}, {1}], [{8, 5}, {2, 7}, {6}, {4}, {1, 3}], [{8, 5}, {3, 7}, {1, 6}, {2, 4}], [{8, 5}, {3, 7}, {2, 6}, {1, 4}], [{8, 5}, {3, 7}, {4, 6}, {1, 2}], [{8, 5}, {3, 7}, {4, 6}, {2}, {1}], [{8, 5}, {4, 7}, {1, 6}, {2, 3}], [{8, 5}, {4, 7}, {1, 6}, {3}, {2}], [{8, 5}, {4, 7}, {2, 6}, {1, 3}], [{8, 5}, {4, 7}, {2, 6}, {3}, {1}], [{8, 5}, {4, 7}, {3, 6}, {1, 2}], [{8, 5}, {4, 7}, {3, 6}, {2}, {1}], [{8, 5}, {4, 7}, {6}, {1, 3}, {2}], [{8, 5}, {4, 7}, {6}, {2, 3}, {1}], [{8, 5}, {4, 7}, {6}, {3}, {1, 2}], [{8, 5}, {4, 7}, {6}, {3}, {2}, {1}], [{8, 5}, {6, 7}, {1, 4}, {2, 3}], [{8, 5}, {6, 7}, {1, 4}, {3}, {2}], [{8, 5}, {6, 7}, {2, 4}, {1, 3}], [{8, 5}, {6, 7}, {2, 4}, {3}, {1}], [{8, 5}, {6, 7}, {3, 4}, {1, 2}], [{8, 5}, {6, 7}, {3, 4}, {2}, {1}], [{8, 5}, {6, 7}, {4}, {1, 3}, {2}], [{8, 5}, {6, 7}, {4}, {2, 3}, {1}], [{8, 5}, {6, 7}, {4}, {3}, {1, 2}], [{8, 5}, {6, 7}, {4}, {3}, {2}, {1}], [{8, 5}, {7}, {2, 6}, {4}, {1, 3}], [{8, 5}, {7}, {4, 6}, {1, 3}, {2}], [{8, 5}, {7}, {4, 6}, {2, 3}, {1}], [{8, 5}, {7}, {4, 6}, {3}, {1, 2}], [{8, 5}, {7}, {4, 6}, {3}, {2}, {1}], [{8, 5}, {7}, {6}, {2, 4}, {1, 3}], [{8, 6}, {1, 7}, {2, 5}, {3, 4}], [{8, 6}, {1, 7}, {3, 5}, {2, 4}], [{8, 6}, {1, 7}, {4, 5}, {2, 3}], [{8, 6}, {2, 7}, {1, 5}, {3, 4}], [{8, 6}, {2, 7}, {3, 5}, {1, 4}], [{8, 6}, {2, 7}, {4, 5}, {1, 3}], [{8, 6}, {3, 7}, {1, 5}, {2, 4}], [{8, 6}, {3, 7}, {2, 5}, {1, 4}], [{8, 6}, {3, 7}, {4, 5}, {1, 2}], [{8, 6}, {3, 7}, {4, 5}, {2}, {1}], [{8, 6}, {4, 7}, {1, 5}, {2, 3}], [{8, 6}, {4, 7}, {1, 5}, {3}, {2}], [{8, 6}, {4, 7}, {2, 5}, {1, 3}], [{8, 6}, {4, 7}, {2, 5}, {3}, {1}], [{8, 6}, {4, 7}, {3, 5}, {1, 2}], [{8, 6}, {4, 7}, {3, 5}, {2}, {1}], [{8, 6}, {4, 7}, {5}, {1, 3}, {2}], [{8, 6}, {4, 7}, {5}, {2, 3}, {1}], [{8, 6}, {4, 7}, {5}, {3}, {1, 2}], [{8, 6}, {4, 7}, {5}, {3}, {2}, {1}], [{8, 6}, {5, 7}, {1, 4}, {2, 3}], [{8, 6}, {5, 7}, {2, 4}, {1, 3}], [{8, 6}, {5, 7}, {3, 4}, {1, 2}], [{8, 6}, {5, 7}, {3, 4}, {2}, {1}], [{8, 7}, {1, 6}, {2, 5}, {3, 4}], [{8, 7}, {1, 6}, {3, 5}, {2, 4}], [{8, 7}, {1, 6}, {4, 5}, {2, 3}], [{8, 7}, {1, 6}, {5}, {3, 4}, {2}], [{8, 7}, {2, 6}, {1, 5}, {3, 4}], [{8, 7}, {2, 6}, {3, 5}, {1, 4}], [{8, 7}, {2, 6}, {4, 5}, {1, 3}], [{8, 7}, {2, 6}, {5}, {3, 4}, {1}], [{8, 7}, {3, 6}, {1, 5}, {2, 4}], [{8, 7}, {3, 6}, {2, 5}, {1, 4}], [{8, 7}, {3, 6}, {4, 5}, {1, 2}], [{8, 7}, {3, 6}, {4, 5}, {2}, {1}], [{8, 7}, {4, 6}, {1, 5}, {2, 3}], [{8, 7}, {4, 6}, {2, 5}, {1, 3}], [{8, 7}, {4, 6}, {3, 5}, {1, 2}], [{8, 7}, {4, 6}, {3, 5}, {2}, {1}], [{8, 7}, {5, 6}, {1, 4}, {2, 3}], [{8, 7}, {5, 6}, {2, 4}, {1, 3}], [{8, 7}, {5, 6}, {3, 4}, {1, 2}], [{8, 7}, {5, 6}, {3, 4}, {2}, {1}], [{8, 7}, {6}, {1, 5}, {3, 4}, {2}], [{8, 7}, {6}, {2, 5}, {3, 4}, {1}], [{8, 7}, {6}, {5}, {3, 4}, {1, 2}], [{8, 7}, {6}, {5}, {3, 4}, {2}, {1}], [{8}, {1, 7}, {2, 6}, {3, 5}, {4}], [{8}, {1, 7}, {4, 6}, {5}, {2, 3}], [{8}, {1, 7}, {5, 6}, {3, 4}, {2}], [{8}, {2, 7}, {5, 6}, {3, 4}, {1}], [{8}, {2, 7}, {6}, {4, 5}, {1, 3}], [{8}, {3, 7}, {2, 6}, {5}, {1, 4}], [{8}, {3, 7}, {5, 6}, {1, 4}, {2}], [{8}, {3, 7}, {5, 6}, {2, 4}, {1}], [{8}, {3, 7}, {5, 6}, {4}, {1, 2}], [{8}, {3, 7}, {5, 6}, {4}, {2}, {1}], [{8}, {3, 7}, {6}, {2, 5}, {1, 4}], [{8}, {4, 7}, {1, 6}, {3, 5}, {2}], [{8}, {4, 7}, {2, 6}, {3, 5}, {1}], [{8}, {4, 7}, {3, 6}, {1, 5}, {2}], [{8}, {4, 7}, {3, 6}, {2, 5}, {1}], [{8}, {4, 7}, {3, 6}, {5}, {1, 2}], [{8}, {4, 7}, {3, 6}, {5}, {2}, {1}], [{8}, {4, 7}, {5, 6}, {1, 3}, {2}], [{8}, {4, 7}, {5, 6}, {2, 3}, {1}], [{8}, {4, 7}, {5, 6}, {3}, {1, 2}], [{8}, {4, 7}, {5, 6}, {3}, {2}, {1}], [{8}, {4, 7}, {6}, {3, 5}, {1, 2}], [{8}, {4, 7}, {6}, {3, 5}, {2}, {1}], [{8}, {5, 7}, {2, 6}, {1, 4}, {3}], [{8}, {6, 7}, {4, 5}, {1, 3}, {2}], [{8}, {6, 7}, {4, 5}, {2, 3}, {1}], [{8}, {6, 7}, {4, 5}, {3}, {1, 2}], [{8}, {6, 7}, {4, 5}, {3}, {2}, {1}], [{8}, {7}, {1, 6}, {2, 5}, {3, 4}], [{8}, {7}, {2, 6}, {1, 5}, {3, 4}], [{8}, {7}, {2, 6}, {3, 5}, {1, 4}], [{8}, {7}, {2, 6}, {4, 5}, {1, 3}], [{8}, {7}, {5, 6}, {3, 4}, {1, 2}], [{8}, {7}, {5, 6}, {3, 4}, {2}, {1}]]",2,12 K_1^3 - 18 K_1^2 - 12 K_1 K_2 - 3 K_1 + 9 K_2 + 3 K_3 + 10,O1O2O3U1O4U2U5O6U4U7O5U3U6O8O7U8,O1O2U3O4O5U1O3O6U5O7U2U6U7O8U4U8,O1O2U3O4O5U2O6O3U7U5O7U8U1U6O8U4,c,{'O1O2O3U4O5O4U6U1O7U5U8O6U7U2O8U3'},1,"<a href=""/flatknot/8.975793"">8.975793</a>",t^9-46t^7-136t^6-41t^5+144t^4+7t^3-60t^2+46t+22,t^2-2t,,
8.975794,O1O2O3U4O5O4U6U1O7U5U8O6U7U3O8U2,4,z^3+23z^2+97z+111,w^4z^3+23w^3z^2+97w^2z+111w,False,False,"[[ 0 -2  1  2  1  0 -2  1 -1],[ 2  0  2  1  2  0  1  0  2],[-1 -2  0  1  0 -1 -2  1 -2],[-2 -1 -1  0 -1 -1 -2  0 -2],[-1 -2  0  1  0  0 -2  0 -2],[ 0  0  1  1  0  0  0  0  0],[ 2 -1  2  2  2  0  0  1  1],[-1  0 -1  0  0  0 -1  0 -1],[ 1 -2  2  2  2  0 -1  1  0]]","[[ 0  2  1  1  1  0 -1 -2 -2],[-2  0  0 -1 -1 -1 -2 -1 -2],[-1  0  0  0 -1  0 -1  0 -1],[-1  1  0  0  0  0 -2 -2 -2],[-1  1  1  0  0 -1 -2 -2 -2],[ 0  1  0  0  1  0  0  0  0],[ 1  2  1  2  2  0  0 -2 -1],[ 2  1  0  2  2  0  2  0  1],[ 2  2  1  2  2  0  1 -1  0]]",True,"[-2,-1,-1,-1,0,1,2,2,0,1,1,1,2,1,2,0,1,0,1,0,1,0,0,2,2,2,1,2,2,2,0,0,0,2,1,-1]","[-2,-2,-1,0,1,1,1,2,-1,-1,2,1,1,3,3,0,2,1,1,2,2,1,0,0,1,1,0,1,1,1,0,-1,0,0,0,1]",t^8+46t^6+79t^4+32t^2+1,"[-2,-2,-1,0,1,1,1,2,-1,-1,2,1,1,3,3,0,2,1,1,2,2,1,0,0,1,1,0,1,1,1,0,-1,0,0,0,1]","[-2,-1,-1,-1,0,1,2,2,0,0,1,1,1,2,3,0,0,1,0,1,1,1,0,0,1,1,1,1,2,3,1,2,2,0,-1,-1]","[-2,-2,-1,0,1,1,1,2,-1,1,0,1,2,2,2,2,0,0,2,2,1,0,1,2,2,2,0,0,1,1,0,-1,0,0,1,1]",c,"[[{8, 1}, {2, 7}, {3, 6}, {4, 5}], [{8, 1}, {2, 7}, {4, 6}, {3, 5}], [{8, 1}, {2, 7}, {5, 6}, {3, 4}], [{8, 1}, {3, 7}, {2, 6}, {4, 5}], [{8, 1}, {3, 7}, {4, 6}, {2, 5}], [{8, 1}, {3, 7}, {5, 6}, {2, 4}], [{8, 1}, {4, 7}, {2, 6}, {3, 5}], [{8, 1}, {4, 7}, {3, 6}, {2, 5}], [{8, 1}, {4, 7}, {3, 6}, {5}, {2}], [{8, 1}, {4, 7}, {5, 6}, {2, 3}], [{8, 1}, {5, 7}, {2, 6}, {3, 4}], [{8, 1}, {5, 7}, {3, 6}, {2, 4}], [{8, 1}, {5, 7}, {3, 6}, {4}, {2}], [{8, 1}, {5, 7}, {4, 6}, {2, 3}], [{8, 1}, {6, 7}, {2, 5}, {3, 4}], [{8, 1}, {6, 7}, {3, 5}, {2, 4}], [{8, 1}, {6, 7}, {4, 5}, {2, 3}], [{8, 1}, {7}, {2, 6}, {4, 5}, {3}], [{8, 1}, {7}, {3, 6}, {4, 5}, {2}], [{8, 1}, {7}, {4, 6}, {2, 5}, {3}], [{8, 1}, {7}, {6}, {4, 5}, {2, 3}], [{8, 2}, {1, 7}, {3, 6}, {4, 5}], [{8, 2}, {1, 7}, {3, 6}, {5}, {4}], [{8, 2}, {1, 7}, {4, 6}, {3, 5}], [{8, 2}, {1, 7}, {5, 6}, {3, 4}], [{8, 2}, {3, 7}, {1, 6}, {4, 5}], [{8, 2}, {3, 7}, {4, 6}, {1, 5}], [{8, 2}, {3, 7}, {4, 6}, {5}, {1}], [{8, 2}, {3, 7}, {5, 6}, {1, 4}], [{8, 2}, {4, 7}, {1, 6}, {3, 5}], [{8, 2}, {4, 7}, {3, 6}, {1, 5}], [{8, 2}, {4, 7}, {3, 6}, {5}, {1}], [{8, 2}, {4, 7}, {5, 6}, {1, 3}], [{8, 2}, {4, 7}, {5, 6}, {3}, {1}], [{8, 2}, {4, 7}, {6}, {3, 5}, {1}], [{8, 2}, {5, 7}, {1, 6}, {3, 4}], [{8, 2}, {5, 7}, {3, 6}, {1, 4}], [{8, 2}, {5, 7}, {3, 6}, {4}, {1}], [{8, 2}, {5, 7}, {4, 6}, {1, 3}], [{8, 2}, {6, 7}, {1, 5}, {3, 4}], [{8, 2}, {6, 7}, {3, 5}, {1, 4}], [{8, 2}, {6, 7}, {4, 5}, {1, 3}], [{8, 2}, {7}, {1, 6}, {4, 5}, {3}], [{8, 2}, {7}, {3, 6}, {1, 5}, {4}], [{8, 2}, {7}, {3, 6}, {4, 5}, {1}], [{8, 2}, {7}, {3, 6}, {5}, {1, 4}], [{8, 2}, {7}, {6}, {4, 5}, {1, 3}], [{8, 3}, {1, 7}, {2, 6}, {4, 5}], [{8, 3}, {1, 7}, {4, 6}, {2, 5}], [{8, 3}, {1, 7}, {5, 6}, {2, 4}], [{8, 3}, {1, 7}, {6}, {4, 5}, {2}], [{8, 3}, {2, 7}, {1, 6}, {4, 5}], [{8, 3}, {2, 7}, {4, 6}, {1, 5}], [{8, 3}, {2, 7}, {4, 6}, {5}, {1}], [{8, 3}, {2, 7}, {5, 6}, {1, 4}], [{8, 3}, {2, 7}, {5, 6}, {4}, {1}], [{8, 3}, {2, 7}, {6}, {4, 5}, {1}], [{8, 3}, {4, 7}, {1, 6}, {2, 5}], [{8, 3}, {4, 7}, {1, 6}, {5}, {2}], [{8, 3}, {4, 7}, {2, 6}, {1, 5}], [{8, 3}, {4, 7}, {2, 6}, {5}, {1}], [{8, 3}, {4, 7}, {5, 6}, {1, 2}], [{8, 3}, {4, 7}, {5, 6}, {2}, {1}], [{8, 3}, {4, 7}, {6}, {1, 5}, {2}], [{8, 3}, {4, 7}, {6}, {2, 5}, {1}], [{8, 3}, {4, 7}, {6}, {5}, {1, 2}], [{8, 3}, {4, 7}, {6}, {5}, {2}, {1}], [{8, 3}, {5, 7}, {1, 6}, {2, 4}], [{8, 3}, {5, 7}, {1, 6}, {4}, {2}], [{8, 3}, {5, 7}, {2, 6}, {1, 4}], [{8, 3}, {5, 7}, {2, 6}, {4}, {1}], [{8, 3}, {5, 7}, {4, 6}, {1, 2}], [{8, 3}, {5, 7}, {4, 6}, {2}, {1}], [{8, 3}, {5, 7}, {6}, {1, 4}, {2}], [{8, 3}, {5, 7}, {6}, {2, 4}, {1}], [{8, 3}, {5, 7}, {6}, {4}, {1, 2}], [{8, 3}, {5, 7}, {6}, {4}, {2}, {1}], [{8, 3}, {6, 7}, {1, 5}, {2, 4}], [{8, 3}, {6, 7}, {2, 5}, {1, 4}], [{8, 3}, {6, 7}, {2, 5}, {4}, {1}], [{8, 3}, {6, 7}, {4, 5}, {1, 2}], [{8, 3}, {6, 7}, {4, 5}, {2}, {1}], [{8, 3}, {6, 7}, {5}, {2, 4}, {1}], [{8, 3}, {7}, {1, 6}, {4, 5}, {2}], [{8, 3}, {7}, {2, 6}, {4, 5}, {1}], [{8, 3}, {7}, {4, 6}, {2, 5}, {1}], [{8, 3}, {7}, {5, 6}, {2, 4}, {1}], [{8, 3}, {7}, {6}, {4, 5}, {1, 2}], [{8, 3}, {7}, {6}, {4, 5}, {2}, {1}], [{8, 4}, {1, 7}, {2, 6}, {3, 5}], [{8, 4}, {1, 7}, {3, 6}, {2, 5}], [{8, 4}, {1, 7}, {5, 6}, {2, 3}], [{8, 4}, {2, 7}, {1, 6}, {3, 5}], [{8, 4}, {2, 7}, {1, 6}, {5}, {3}], [{8, 4}, {2, 7}, {3, 6}, {1, 5}], [{8, 4}, {2, 7}, {5, 6}, {1, 3}], [{8, 4}, {2, 7}, {5, 6}, {3}, {1}], [{8, 4}, {2, 7}, {6}, {1, 5}, {3}], [{8, 4}, {3, 7}, {1, 6}, {2, 5}], [{8, 4}, {3, 7}, {2, 6}, {1, 5}], [{8, 4}, {3, 7}, {5, 6}, {1, 2}], [{8, 4}, {3, 7}, {6}, {5}, {1, 2}], [{8, 4}, {5, 7}, {1, 6}, {2, 3}], [{8, 4}, {5, 7}, {2, 6}, {1, 3}], [{8, 4}, {5, 7}, {3, 6}, {1, 2}], [{8, 4}, {5, 7}, {3, 6}, {2}, {1}], [{8, 4}, {6, 7}, {1, 5}, {2, 3}], [{8, 4}, {6, 7}, {2, 5}, {1, 3}], [{8, 4}, {6, 7}, {3, 5}, {1, 2}], [{8, 4}, {6, 7}, {5}, {2, 3}, {1}], [{8, 4}, {7}, {6}, {2, 5}, {1, 3}], [{8, 5}, {1, 7}, {2, 6}, {3, 4}], [{8, 5}, {1, 7}, {3, 6}, {2, 4}], [{8, 5}, {1, 7}, {4, 6}, {2, 3}], [{8, 5}, {2, 7}, {1, 6}, {3, 4}], [{8, 5}, {2, 7}, {3, 6}, {1, 4}], [{8, 5}, {2, 7}, {4, 6}, {1, 3}], [{8, 5}, {2, 7}, {4, 6}, {3}, {1}], [{8, 5}, {3, 7}, {1, 6}, {2, 4}], [{8, 5}, {3, 7}, {2, 6}, {1, 4}], [{8, 5}, {3, 7}, {4, 6}, {1, 2}], [{8, 5}, {3, 7}, {6}, {4}, {1, 2}], [{8, 5}, {4, 7}, {1, 6}, {2, 3}], [{8, 5}, {4, 7}, {2, 6}, {1, 3}], [{8, 5}, {4, 7}, {2, 6}, {3}, {1}], [{8, 5}, {4, 7}, {3, 6}, {1, 2}], [{8, 5}, {4, 7}, {3, 6}, {2}, {1}], [{8, 5}, {4, 7}, {6}, {2, 3}, {1}], [{8, 5}, {6, 7}, {1, 4}, {2, 3}], [{8, 5}, {6, 7}, {2, 4}, {1, 3}], [{8, 5}, {6, 7}, {3, 4}, {1, 2}], [{8, 5}, {6, 7}, {4}, {1, 3}, {2}], [{8, 5}, {7}, {1, 6}, {2, 4}, {3}], [{8, 6}, {1, 7}, {2, 5}, {3, 4}], [{8, 6}, {1, 7}, {3, 5}, {2, 4}], [{8, 6}, {1, 7}, {4, 5}, {2, 3}], [{8, 6}, {1, 7}, {4, 5}, {3}, {2}], [{8, 6}, {2, 7}, {1, 5}, {3, 4}], [{8, 6}, {2, 7}, {3, 5}, {1, 4}], [{8, 6}, {2, 7}, {4, 5}, {1, 3}], [{8, 6}, {2, 7}, {4, 5}, {3}, {1}], [{8, 6}, {2, 7}, {5}, {4}, {1, 3}], [{8, 6}, {3, 7}, {1, 5}, {2, 4}], [{8, 6}, {3, 7}, {2, 5}, {1, 4}], [{8, 6}, {3, 7}, {4, 5}, {1, 2}], [{8, 6}, {3, 7}, {4, 5}, {2}, {1}], [{8, 6}, {4, 7}, {1, 5}, {2, 3}], [{8, 6}, {4, 7}, {1, 5}, {3}, {2}], [{8, 6}, {4, 7}, {2, 5}, {1, 3}], [{8, 6}, {4, 7}, {2, 5}, {3}, {1}], [{8, 6}, {4, 7}, {3, 5}, {1, 2}], [{8, 6}, {4, 7}, {3, 5}, {2}, {1}], [{8, 6}, {4, 7}, {5}, {1, 3}, {2}], [{8, 6}, {4, 7}, {5}, {2, 3}, {1}], [{8, 6}, {4, 7}, {5}, {3}, {1, 2}], [{8, 6}, {4, 7}, {5}, {3}, {2}, {1}], [{8, 6}, {5, 7}, {1, 4}, {2, 3}], [{8, 6}, {5, 7}, {1, 4}, {3}, {2}], [{8, 6}, {5, 7}, {2, 4}, {1, 3}], [{8, 6}, {5, 7}, {2, 4}, {3}, {1}], [{8, 6}, {5, 7}, {3, 4}, {1, 2}], [{8, 6}, {5, 7}, {3, 4}, {2}, {1}], [{8, 6}, {5, 7}, {4}, {1, 3}, {2}], [{8, 6}, {5, 7}, {4}, {2, 3}, {1}], [{8, 6}, {5, 7}, {4}, {3}, {1, 2}], [{8, 6}, {5, 7}, {4}, {3}, {2}, {1}], [{8, 6}, {7}, {2, 5}, {4}, {1, 3}], [{8, 6}, {7}, {4, 5}, {1, 3}, {2}], [{8, 6}, {7}, {4, 5}, {2, 3}, {1}], [{8, 6}, {7}, {4, 5}, {3}, {1, 2}], [{8, 6}, {7}, {4, 5}, {3}, {2}, {1}], [{8, 6}, {7}, {5}, {2, 4}, {1, 3}], [{8, 7}, {1, 6}, {2, 5}, {3, 4}], [{8, 7}, {1, 6}, {3, 5}, {2, 4}], [{8, 7}, {1, 6}, {4, 5}, {2, 3}], [{8, 7}, {2, 6}, {1, 5}, {3, 4}], [{8, 7}, {2, 6}, {3, 5}, {1, 4}], [{8, 7}, {2, 6}, {4, 5}, {1, 3}], [{8, 7}, {3, 6}, {1, 5}, {2, 4}], [{8, 7}, {3, 6}, {2, 5}, {1, 4}], [{8, 7}, {3, 6}, {4, 5}, {1, 2}], [{8, 7}, {3, 6}, {4, 5}, {2}, {1}], [{8, 7}, {4, 6}, {1, 5}, {2, 3}], [{8, 7}, {4, 6}, {2, 5}, {1, 3}], [{8, 7}, {4, 6}, {3, 5}, {1, 2}], [{8, 7}, {5, 6}, {1, 4}, {2, 3}], [{8, 7}, {5, 6}, {2, 4}, {1, 3}], [{8, 7}, {5, 6}, {3, 4}, {1, 2}], [{8, 7}, {5, 6}, {4}, {1, 3}, {2}], [{8, 7}, {6}, {3, 5}, {2, 4}, {1}], [{8, 7}, {6}, {4, 5}, {3}, {1, 2}], [{8}, {1, 7}, {3, 6}, {4, 5}, {2}], [{8}, {1, 7}, {4, 6}, {5}, {2, 3}], [{8}, {1, 7}, {5, 6}, {2, 4}, {3}], [{8}, {2, 7}, {1, 6}, {3, 5}, {4}], [{8}, {2, 7}, {3, 6}, {4, 5}, {1}], [{8}, {2, 7}, {4, 6}, {3, 5}, {1}], [{8}, {2, 7}, {5, 6}, {3, 4}, {1}], [{8}, {2, 7}, {6}, {3, 5}, {1, 4}], [{8}, {3, 7}, {5, 6}, {1, 4}, {2}], [{8}, {3, 7}, {6}, {4, 5}, {1, 2}], [{8}, {4, 7}, {2, 6}, {3, 5}, {1}], [{8}, {4, 7}, {3, 6}, {1, 5}, {2}], [{8}, {4, 7}, {3, 6}, {2, 5}, {1}], [{8}, {4, 7}, {3, 6}, {5}, {1, 2}], [{8}, {4, 7}, {3, 6}, {5}, {2}, {1}], [{8}, {4, 7}, {5, 6}, {2, 3}, {1}], [{8}, {5, 7}, {3, 6}, {1, 4}, {2}], [{8}, {5, 7}, {3, 6}, {2, 4}, {1}], [{8}, {5, 7}, {3, 6}, {4}, {1, 2}], [{8}, {5, 7}, {3, 6}, {4}, {2}, {1}], [{8}, {6, 7}, {1, 5}, {2, 4}, {3}], [{8}, {6, 7}, {2, 5}, {1, 4}, {3}], [{8}, {6, 7}, {3, 5}, {4}, {1, 2}], [{8}, {6, 7}, {4, 5}, {3}, {1, 2}], [{8}, {6, 7}, {5}, {3, 4}, {1, 2}], [{8}, {7}, {1, 6}, {4, 5}, {2, 3}], [{8}, {7}, {2, 6}, {1, 5}, {3, 4}], [{8}, {7}, {2, 6}, {4, 5}, {1, 3}], [{8}, {7}, {3, 6}, {4, 5}, {1, 2}], [{8}, {7}, {3, 6}, {4, 5}, {2}, {1}], [{8}, {7}, {4, 6}, {2, 5}, {1, 3}], [{8}, {7}, {6}, {4, 5}, {3}, {1, 2}]]",2,8 K_1^3 - 14 K_1^2 - 12 K_1 K_2 + 7 K_2 + 4 K_3 + 8,O1O2O3U2O4U1U5O6U4U7O5U3U6O8O7U8,O1O2U3O4O5U1O3O6U5O7U2U7U6O8U4U8,O1O2U3O4O5U2O6O3U7U5O7U1U8U6O8U4,c,{'O1O2O3U4O5O4U6U1O7U5U8O6U7U3O8U2'},1,"<a href=""/flatknot/8.975794"">8.975794</a>",t^9-48t^7-150t^6-66t^5+156t^4+111t^3+16t^2+10t-30,t^2-2t,,
8.975795,O1O2O3U4O5O4U6U1O7U8U2O6U7U3O8U5,4,2z^3+22z^2+101z+131,2w^4z^3+22w^3z^2+101w^2z+131w,False,False,"[[ 0 -2  0  2  1  2 -2  1 -2],[ 2  0  1  1  2  1  1  0  1],[ 0 -1  0  1  0  0  0  0 -1],[-2 -1 -1  0 -2 -1 -1 -1 -2],[-1 -2  0  2  0  2 -3  1 -3],[-2 -1  0  1 -2  0 -2  0 -2],[ 2 -1  0  1  3  2  0  1  0],[-1  0  0  1 -1  0 -1  0 -1],[ 2 -1  1  2  3  2  0  1  0]]","[[ 0  2  1  1  0 -2 -2],[-2  0 -1 -2 -1 -1 -2],[-1  1  0 -1  0  0 -1],[-1  2  1  0  0 -2 -3],[ 0  1  0  0  0 -1 -1],[ 2  1  0  2  1  0  1],[ 2  2  1  3  1 -1  0]]",False,"[-2,-1,-1,0,2,2,1,2,1,1,2,1,0,0,1,0,2,3,1,1,-1]","[-2,-2,0,1,1,2,-1,1,1,3,2,1,0,2,1,0,0,1,-1,1,2]",t^6+29t^4+31t^2+1,"[-2,-2,0,1,1,2,-1,1,1,3,3,1,0,2,2,1,1,1,-1,-1,0]","[-2,-1,-1,0,2,2,-1,0,1,2,3,1,1,0,1,1,2,3,1,1,-1]","[-2,-2,0,1,1,2,-1,1,1,3,2,1,0,2,1,0,0,1,-1,1,2]",c,"[[{8, 4}, {1, 7}, {5, 6}, {2, 3}]]",1,- 18 K_1^2 - 8 K_1 K_2 + 4 K_1 + 9 K_2 + 4 K_3 + 10,O1O2O3U4O5U1U6O7U2U5O6U3U7O8O4U8,O1O2U3O4O5U1O3O6U4O7U2U5U6O8U7U8,O1O2U3O4O5U2O6O3U7U8O7U1U4U6O8U5,c,{'O1O2O3U4O5O4U6U1O7U8U2O6U7U3O8U5'},1,"<a href=""/flatknot/8.975795"">8.975795</a>",t^7-31t^5-64t^4-12t^3+34t^2-6t-14,t^2-2t,,
8.975796,O1O2O3U4O5O4U6U1O7U8U3O6U7U2O8U5,4,3z^3+30z^2+106z+117,3w^4z^3+30w^3z^2+106w^2z+117w,False,False,"[[ 0 -2  1  1  1  2 -2  1 -2],[ 2  0  1  1  2  1  1  0  1],[-1 -1  0  0 -1  0 -1  0 -2],[-1 -1  0  0 -1 -1 -1  0 -1],[-1 -2  1  1  0  2 -3  1 -3],[-2 -1  0  1 -2  0 -2  0 -2],[ 2 -1  1  1  3  2  0  1  0],[-1  0  0  0 -1  0 -1  0 -1],[ 2 -1  2  1  3  2  0  1  0]]","[[ 0  2  1  1  1  1 -2 -2 -2],[-2  0  1  0  0 -2 -1 -2 -2],[-1 -1  0  0  0 -1 -1 -1 -1],[-1  0  0  0  0 -1  0 -1 -1],[-1  0  0  0  0 -1 -1 -1 -2],[-1  2  1  1  1  0 -2 -3 -3],[ 2  1  1  0  1  2  0  1  1],[ 2  2  1  1  1  3 -1  0  0],[ 2  2  1  1  2  3 -1  0  0]]",True,"[-2,-1,-1,-1,-1,2,2,2,-1,0,0,2,1,2,2,0,0,1,1,1,1,0,1,0,1,1,1,1,1,2,2,3,3,-1,-1,0]","[-2,-2,-2,1,1,1,1,2,-1,-1,1,2,2,3,3,0,0,1,2,2,2,0,2,2,2,2,-1,-1,-1,-1,0,0,1,0,2,1]",t^8+52t^6+95t^4+35t^2+1,"[-2,-2,-2,1,1,1,1,2,-1,-1,1,2,2,3,3,0,0,1,2,2,2,0,2,2,2,2,-1,-1,-1,-1,0,0,1,0,2,1]","[-2,-1,-1,-1,-1,2,2,2,-1,1,1,2,2,2,3,1,1,1,0,0,1,0,0,1,2,2,0,2,2,3,2,2,2,0,-1,-1]","[-2,-2,-2,1,1,1,1,2,-1,0,1,1,1,3,2,1,0,1,1,2,1,1,1,2,3,2,0,0,-1,0,0,-1,-1,-1,0,2]",c,"[[{8, 1}, {2, 7}, {3, 6}, {4, 5}], [{8, 1}, {2, 7}, {4, 6}, {3, 5}], [{8, 1}, {2, 7}, {4, 6}, {5}, {3}], [{8, 1}, {2, 7}, {5, 6}, {3, 4}], [{8, 1}, {2, 7}, {6}, {3, 5}, {4}], [{8, 1}, {3, 7}, {2, 6}, {4, 5}], [{8, 1}, {3, 7}, {4, 6}, {2, 5}], [{8, 1}, {3, 7}, {5, 6}, {2, 4}], [{8, 1}, {4, 7}, {2, 6}, {3, 5}], [{8, 1}, {4, 7}, {3, 6}, {2, 5}], [{8, 1}, {4, 7}, {5, 6}, {2, 3}], [{8, 1}, {4, 7}, {6}, {3, 5}, {2}], [{8, 1}, {5, 7}, {2, 6}, {3, 4}], [{8, 1}, {5, 7}, {3, 6}, {2, 4}], [{8, 1}, {5, 7}, {4, 6}, {2, 3}], [{8, 1}, {6, 7}, {2, 5}, {3, 4}], [{8, 1}, {6, 7}, {3, 5}, {2, 4}], [{8, 1}, {6, 7}, {3, 5}, {4}, {2}], [{8, 1}, {6, 7}, {4, 5}, {2, 3}], [{8, 1}, {6, 7}, {5}, {2, 4}, {3}], [{8, 1}, {7}, {2, 6}, {3, 5}, {4}], [{8, 1}, {7}, {3, 6}, {2, 5}, {4}], [{8, 1}, {7}, {4, 6}, {3, 5}, {2}], [{8, 1}, {7}, {5, 6}, {4}, {2, 3}], [{8, 1}, {7}, {6}, {3, 5}, {2, 4}], [{8, 1}, {7}, {6}, {3, 5}, {4}, {2}], [{8, 2}, {1, 7}, {3, 6}, {4, 5}], [{8, 2}, {1, 7}, {3, 6}, {5}, {4}], [{8, 2}, {1, 7}, {4, 6}, {3, 5}], [{8, 2}, {1, 7}, {5, 6}, {3, 4}], [{8, 2}, {1, 7}, {5, 6}, {4}, {3}], [{8, 2}, {1, 7}, {6}, {3, 5}, {4}], [{8, 2}, {3, 7}, {1, 6}, {4, 5}], [{8, 2}, {3, 7}, {1, 6}, {5}, {4}], [{8, 2}, {3, 7}, {4, 6}, {1, 5}], [{8, 2}, {3, 7}, {5, 6}, {1, 4}], [{8, 2}, {3, 7}, {5, 6}, {4}, {1}], [{8, 2}, {3, 7}, {6}, {1, 5}, {4}], [{8, 2}, {4, 7}, {1, 6}, {3, 5}], [{8, 2}, {4, 7}, {1, 6}, {5}, {3}], [{8, 2}, {4, 7}, {3, 6}, {1, 5}], [{8, 2}, {4, 7}, {3, 6}, {5}, {1}], [{8, 2}, {4, 7}, {5, 6}, {1, 3}], [{8, 2}, {4, 7}, {5, 6}, {3}, {1}], [{8, 2}, {4, 7}, {6}, {1, 5}, {3}], [{8, 2}, {4, 7}, {6}, {3, 5}, {1}], [{8, 2}, {4, 7}, {6}, {5}, {1, 3}], [{8, 2}, {5, 7}, {1, 6}, {3, 4}], [{8, 2}, {5, 7}, {1, 6}, {4}, {3}], [{8, 2}, {5, 7}, {3, 6}, {1, 4}], [{8, 2}, {5, 7}, {3, 6}, {4}, {1}], [{8, 2}, {5, 7}, {4, 6}, {1, 3}], [{8, 2}, {5, 7}, {6}, {4}, {1, 3}], [{8, 2}, {6, 7}, {1, 5}, {3, 4}], [{8, 2}, {6, 7}, {1, 5}, {4}, {3}], [{8, 2}, {6, 7}, {3, 5}, {1, 4}], [{8, 2}, {6, 7}, {3, 5}, {4}, {1}], [{8, 2}, {6, 7}, {4, 5}, {1, 3}], [{8, 2}, {6, 7}, {5}, {4}, {1, 3}], [{8, 2}, {7}, {1, 6}, {3, 5}, {4}], [{8, 2}, {7}, {1, 6}, {4, 5}, {3}], [{8, 2}, {7}, {1, 6}, {5}, {3, 4}], [{8, 2}, {7}, {1, 6}, {5}, {4}, {3}], [{8, 2}, {7}, {3, 6}, {1, 5}, {4}], [{8, 2}, {7}, {3, 6}, {4, 5}, {1}], [{8, 2}, {7}, {3, 6}, {5}, {1, 4}], [{8, 2}, {7}, {3, 6}, {5}, {4}, {1}], [{8, 2}, {7}, {4, 6}, {1, 5}, {3}], [{8, 2}, {7}, {4, 6}, {3, 5}, {1}], [{8, 2}, {7}, {4, 6}, {5}, {1, 3}], [{8, 2}, {7}, {5, 6}, {1, 4}, {3}], [{8, 2}, {7}, {5, 6}, {3, 4}, {1}], [{8, 2}, {7}, {5, 6}, {4}, {1, 3}], [{8, 2}, {7}, {5, 6}, {4}, {3}, {1}], [{8, 2}, {7}, {6}, {1, 5}, {3, 4}], [{8, 2}, {7}, {6}, {1, 5}, {4}, {3}], [{8, 2}, {7}, {6}, {3, 5}, {1, 4}], [{8, 2}, {7}, {6}, {3, 5}, {4}, {1}], [{8, 2}, {7}, {6}, {4, 5}, {1, 3}], [{8, 2}, {7}, {6}, {5}, {4}, {1, 3}], [{8, 3}, {1, 7}, {2, 6}, {4, 5}], [{8, 3}, {1, 7}, {4, 6}, {2, 5}], [{8, 3}, {1, 7}, {5, 6}, {2, 4}], [{8, 3}, {1, 7}, {6}, {2, 5}, {4}], [{8, 3}, {1, 7}, {6}, {4, 5}, {2}], [{8, 3}, {1, 7}, {6}, {5}, {2, 4}], [{8, 3}, {2, 7}, {1, 6}, {4, 5}], [{8, 3}, {2, 7}, {4, 6}, {1, 5}], [{8, 3}, {2, 7}, {5, 6}, {1, 4}], [{8, 3}, {2, 7}, {6}, {5}, {1, 4}], [{8, 3}, {4, 7}, {1, 6}, {2, 5}], [{8, 3}, {4, 7}, {2, 6}, {1, 5}], [{8, 3}, {4, 7}, {5, 6}, {1, 2}], [{8, 3}, {4, 7}, {6}, {2, 5}, {1}], [{8, 3}, {5, 7}, {1, 6}, {2, 4}], [{8, 3}, {5, 7}, {2, 6}, {1, 4}], [{8, 3}, {5, 7}, {4, 6}, {1, 2}], [{8, 3}, {5, 7}, {6}, {1, 4}, {2}], [{8, 3}, {6, 7}, {1, 5}, {2, 4}], [{8, 3}, {6, 7}, {2, 5}, {1, 4}], [{8, 3}, {6, 7}, {2, 5}, {4}, {1}], [{8, 3}, {6, 7}, {4, 5}, {1, 2}], [{8, 3}, {7}, {1, 6}, {2, 5}, {4}], [{8, 3}, {7}, {2, 6}, {1, 5}, {4}], [{8, 3}, {7}, {4, 6}, {2, 5}, {1}], [{8, 3}, {7}, {5, 6}, {4}, {1, 2}], [{8, 3}, {7}, {6}, {2, 5}, {1, 4}], [{8, 3}, {7}, {6}, {2, 5}, {4}, {1}], [{8, 4}, {1, 7}, {2, 6}, {3, 5}], [{8, 4}, {1, 7}, {3, 6}, {2, 5}], [{8, 4}, {1, 7}, {5, 6}, {2, 3}], [{8, 4}, {1, 7}, {6}, {2, 5}, {3}], [{8, 4}, {2, 7}, {1, 6}, {3, 5}], [{8, 4}, {2, 7}, {3, 6}, {1, 5}], [{8, 4}, {2, 7}, {5, 6}, {1, 3}], [{8, 4}, {3, 7}, {1, 6}, {2, 5}], [{8, 4}, {3, 7}, {2, 6}, {1, 5}], [{8, 4}, {3, 7}, {5, 6}, {1, 2}], [{8, 4}, {5, 7}, {1, 6}, {2, 3}], [{8, 4}, {5, 7}, {2, 6}, {1, 3}], [{8, 4}, {5, 7}, {3, 6}, {1, 2}], [{8, 4}, {5, 7}, {6}, {2, 3}, {1}], [{8, 4}, {6, 7}, {1, 5}, {2, 3}], [{8, 4}, {6, 7}, {2, 5}, {1, 3}], [{8, 4}, {6, 7}, {2, 5}, {3}, {1}], [{8, 4}, {6, 7}, {3, 5}, {1, 2}], [{8, 4}, {7}, {1, 6}, {2, 5}, {3}], [{8, 4}, {7}, {2, 6}, {5}, {1, 3}], [{8, 4}, {7}, {6}, {3, 5}, {1, 2}], [{8, 5}, {1, 7}, {2, 6}, {3, 4}], [{8, 5}, {1, 7}, {3, 6}, {2, 4}], [{8, 5}, {1, 7}, {4, 6}, {2, 3}], [{8, 5}, {1, 7}, {4, 6}, {3}, {2}], [{8, 5}, {2, 7}, {1, 6}, {3, 4}], [{8, 5}, {2, 7}, {1, 6}, {4}, {3}], [{8, 5}, {2, 7}, {3, 6}, {1, 4}], [{8, 5}, {2, 7}, {4, 6}, {1, 3}], [{8, 5}, {2, 7}, {6}, {3, 4}, {1}], [{8, 5}, {3, 7}, {1, 6}, {2, 4}], [{8, 5}, {3, 7}, {1, 6}, {4}, {2}], [{8, 5}, {3, 7}, {2, 6}, {1, 4}], [{8, 5}, {3, 7}, {4, 6}, {1, 2}], [{8, 5}, {3, 7}, {6}, {2, 4}, {1}], [{8, 5}, {4, 7}, {1, 6}, {2, 3}], [{8, 5}, {4, 7}, {1, 6}, {3}, {2}], [{8, 5}, {4, 7}, {2, 6}, {1, 3}], [{8, 5}, {4, 7}, {3, 6}, {1, 2}], [{8, 5}, {6, 7}, {1, 4}, {2, 3}], [{8, 5}, {6, 7}, {1, 4}, {3}, {2}], [{8, 5}, {6, 7}, {2, 4}, {1, 3}], [{8, 5}, {6, 7}, {3, 4}, {1, 2}], [{8, 5}, {7}, {1, 6}, {2, 4}, {3}], [{8, 5}, {7}, {1, 6}, {3, 4}, {2}], [{8, 5}, {7}, {1, 6}, {4}, {2, 3}], [{8, 5}, {7}, {1, 6}, {4}, {3}, {2}], [{8, 5}, {7}, {2, 6}, {4}, {1, 3}], [{8, 5}, {7}, {3, 6}, {4}, {1, 2}], [{8, 6}, {1, 7}, {2, 5}, {3, 4}], [{8, 6}, {1, 7}, {3, 5}, {2, 4}], [{8, 6}, {1, 7}, {4, 5}, {2, 3}], [{8, 6}, {2, 7}, {1, 5}, {3, 4}], [{8, 6}, {2, 7}, {3, 5}, {1, 4}], [{8, 6}, {2, 7}, {4, 5}, {1, 3}], [{8, 6}, {2, 7}, {5}, {4}, {1, 3}], [{8, 6}, {3, 7}, {1, 5}, {2, 4}], [{8, 6}, {3, 7}, {2, 5}, {1, 4}], [{8, 6}, {3, 7}, {4, 5}, {1, 2}], [{8, 6}, {4, 7}, {1, 5}, {2, 3}], [{8, 6}, {4, 7}, {2, 5}, {1, 3}], [{8, 6}, {4, 7}, {3, 5}, {1, 2}], [{8, 6}, {4, 7}, {5}, {1, 3}, {2}], [{8, 6}, {5, 7}, {1, 4}, {2, 3}], [{8, 6}, {5, 7}, {2, 4}, {1, 3}], [{8, 6}, {5, 7}, {3, 4}, {1, 2}], [{8, 6}, {5, 7}, {4}, {1, 3}, {2}], [{8, 6}, {7}, {1, 5}, {4}, {2, 3}], [{8, 6}, {7}, {2, 5}, {4}, {1, 3}], [{8, 6}, {7}, {3, 5}, {4}, {1, 2}], [{8, 6}, {7}, {4, 5}, {1, 3}, {2}], [{8, 6}, {7}, {5}, {2, 4}, {1, 3}], [{8, 6}, {7}, {5}, {4}, {1, 3}, {2}], [{8, 7}, {1, 6}, {2, 5}, {3, 4}], [{8, 7}, {1, 6}, {2, 5}, {4}, {3}], [{8, 7}, {1, 6}, {3, 5}, {2, 4}], [{8, 7}, {1, 6}, {4, 5}, {2, 3}], [{8, 7}, {2, 6}, {1, 5}, {3, 4}], [{8, 7}, {2, 6}, {3, 5}, {1, 4}], [{8, 7}, {2, 6}, {4, 5}, {1, 3}], [{8, 7}, {2, 6}, {5}, {4}, {1, 3}], [{8, 7}, {3, 6}, {1, 5}, {2, 4}], [{8, 7}, {3, 6}, {2, 5}, {1, 4}], [{8, 7}, {3, 6}, {4, 5}, {1, 2}], [{8, 7}, {4, 6}, {1, 5}, {2, 3}], [{8, 7}, {4, 6}, {2, 5}, {1, 3}], [{8, 7}, {4, 6}, {2, 5}, {3}, {1}], [{8, 7}, {4, 6}, {3, 5}, {1, 2}], [{8, 7}, {5, 6}, {1, 4}, {2, 3}], [{8, 7}, {5, 6}, {2, 4}, {1, 3}], [{8, 7}, {5, 6}, {3, 4}, {1, 2}], [{8, 7}, {6}, {2, 5}, {1, 4}, {3}], [{8, 7}, {6}, {3, 5}, {4}, {1, 2}], [{8, 7}, {6}, {4, 5}, {2, 3}, {1}], [{8}, {1, 7}, {2, 6}, {5}, {3, 4}], [{8}, {1, 7}, {5, 6}, {3, 4}, {2}], [{8}, {1, 7}, {6}, {2, 5}, {3, 4}], [{8}, {3, 7}, {1, 6}, {2, 5}, {4}], [{8}, {3, 7}, {2, 6}, {5}, {1, 4}], [{8}, {3, 7}, {4, 6}, {1, 5}, {2}], [{8}, {3, 7}, {4, 6}, {2, 5}, {1}], [{8}, {3, 7}, {4, 6}, {5}, {1, 2}], [{8}, {3, 7}, {5, 6}, {1, 4}, {2}], [{8}, {3, 7}, {6}, {2, 5}, {1, 4}], [{8}, {4, 7}, {1, 6}, {2, 5}, {3}], [{8}, {4, 7}, {2, 6}, {5}, {1, 3}], [{8}, {4, 7}, {6}, {3, 5}, {1, 2}], [{8}, {5, 7}, {2, 6}, {4}, {1, 3}], [{8}, {5, 7}, {4, 6}, {3}, {1, 2}], [{8}, {6, 7}, {1, 5}, {3, 4}, {2}], [{8}, {6, 7}, {2, 5}, {3, 4}, {1}], [{8}, {6, 7}, {3, 5}, {4}, {1, 2}], [{8}, {6, 7}, {4, 5}, {3}, {1, 2}], [{8}, {6, 7}, {5}, {3, 4}, {1, 2}], [{8}, {7}, {1, 6}, {2, 5}, {3, 4}], [{8}, {7}, {1, 6}, {2, 5}, {4}, {3}], [{8}, {7}, {2, 6}, {4, 5}, {1, 3}], [{8}, {7}, {2, 6}, {5}, {4}, {1, 3}], [{8}, {7}, {4, 6}, {3, 5}, {1, 2}], [{8}, {7}, {6}, {3, 5}, {4}, {1, 2}]]",2,8 K_1^3 - 16 K_1^2 - 8 K_1 K_2 - 2 K_1 + 8 K_2 + 2 K_3 + 9,O1O2O3U4O5U2U6O7U1U5O6U3U7O8O4U8,O1O2U3O4O5U1O3O6U4O7U2U6U5O8U7U8,O1O2U3O4O5U2O6O3U7U8O7U4U1U6O8U5,c,{'O1O2O3U4O5O4U6U1O7U8U3O6U7U2O8U5'},1,"<a href=""/flatknot/8.975796"">8.975796</a>",t^9-56t^7-160t^6-43t^5+178t^4+53t^3-68t^2-9t+6,2t^2-4t,,
8.975797,O1O2O3U4O5O4U6U1O7U8U3O6U7U5O8U2,4,4z^3+31z^2+88z+85,4w^4z^3+31w^3z^2+88w^2z+85w,False,False,"[[ 0 -2  1  1  1  2 -2  1 -2],[ 2  0  2  1  2  0  1  0  1],[-1 -2  0  0  0  1 -2  1 -3],[-1 -1  0  0 -1  0 -1  0 -2],[-1 -2  0  1  0  2 -3  1 -2],[-2  0 -1  0 -2  0 -1 -1 -2],[ 2 -1  2  1  3  1  0  1  0],[-1  0 -1  0 -1  1 -1  0 -1],[ 2 -1  3  2  2  2  0  1  0]]","[[ 0  2  1  1  1  1 -2 -2 -2],[-2  0  0 -1 -1 -2  0 -1 -2],[-1  0  0  0  0 -1 -1 -1 -2],[-1  1  0  0  1  0 -2 -2 -3],[-1  1  0 -1  0 -1  0 -1 -1],[-1  2  1  0  1  0 -2 -3 -2],[ 2  0  1  2  0  2  0  1  1],[ 2  1  1  2  1  3 -1  0  0],[ 2  2  2  3  1  2 -1  0  0]]",True,"[-2,-1,-1,-1,-1,2,2,2,0,1,1,2,0,1,2,0,0,1,1,1,2,-1,0,2,2,3,1,0,1,1,2,3,2,-1,-1,0]","[-2,-2,-2,1,1,1,1,2,-1,-1,1,1,2,3,4,0,0,1,1,2,2,1,0,2,2,3,0,0,-1,0,-1,-1,-1,0,1,0]",t^8+58t^6+217t^4+108t^2,"[-2,-2,-2,1,1,1,1,2,-1,-1,1,1,2,3,4,0,0,1,1,2,2,1,0,2,2,3,0,0,-1,0,-1,-1,-1,0,1,0]","[-2,-1,-1,-1,-1,2,2,2,-1,0,0,1,2,3,4,0,1,1,1,0,1,1,0,0,1,1,0,2,2,3,1,2,2,0,-1,-1]","[-2,-2,-2,1,1,1,1,2,-1,0,1,1,2,3,1,1,0,1,2,2,0,1,2,3,2,2,0,-1,-1,1,0,-1,0,0,1,2]",c,"[[{8, 1}, {2, 7}, {4, 6}, {3, 5}], [{8, 2}, {1, 7}, {4, 6}, {3, 5}], [{8, 2}, {1, 7}, {5, 6}, {3, 4}], [{8, 2}, {3, 7}, {4, 6}, {1, 5}], [{8, 3}, {1, 7}, {4, 6}, {2, 5}], [{8, 3}, {1, 7}, {5, 6}, {2, 4}], [{8, 3}, {2, 7}, {4, 6}, {1, 5}], [{8, 6}, {1, 7}, {2, 5}, {3, 4}]]",1,8 K_1^3 - 12 K_1^2 - 8 K_1 K_2 - 2 K_1 + 6 K_2 + 2 K_3 + 7,O1O2O3U2O4U5U6O7U1U4O6U3U7O8O5U8,O1O2U3O4O5U1O3O6U4O7U2U7U5O8U6U8,O1O2U3O4O5U2O6O3U7U1O7U4U8U6O8U5,c,{'O1O2O3U4O5O4U6U1O7U8U3O6U7U5O8U2'},1,"<a href=""/flatknot/8.975797"">8.975797</a>",t^9-62t^7-134t^6+165t^5+294t^4-204t^3-118t^2+76t-18,2t^2-4t,,
8.975798,O1O2O3U4O5O4U6U1O7U8U5O6U7U2O8U3,4,2z^3+26z^2+97z+107,2w^4z^3+26w^3z^2+97w^2z+107w,False,False,"[[ 0 -2  1  2  1  1 -2  1 -2],[ 2  0  1  2  2  0  1  0  1],[-1 -1  0  0  0 -1 -1  0 -2],[-2 -2  0  0 -1  0 -3  1 -3],[-1 -2  0  1  0  1 -2  0 -2],[-1  0  1  0 -1  0 -1  0 -1],[ 2 -1  1  3  2  1  0  1  0],[-1  0  0 -1  0  0 -1  0 -1],[ 2 -1  2  3  2  1  0  1  0]]","[[ 0  2  1  1  1  1 -2 -2 -2],[-2  0  1  0  0 -1 -2 -3 -3],[-1 -1  0  0  0  0  0 -1 -1],[-1  0  0  0  1 -1  0 -1 -1],[-1  0  0 -1  0  0 -1 -1 -2],[-1  1  0  1  0  0 -2 -2 -2],[ 2  2  0  0  1  2  0  1  1],[ 2  3  1  1  1  2 -1  0  0],[ 2  3  1  1  2  2 -1  0  0]]",True,"[-2,-1,-1,-1,-1,2,2,2,-1,0,0,1,2,3,3,0,0,0,0,1,1,-1,1,0,1,1,0,1,1,2,2,2,2,-1,-1,0]","[-2,-2,-2,1,1,1,1,2,-1,-1,1,2,3,3,2,0,1,1,2,2,1,1,2,2,2,1,0,-1,0,0,1,0,1,0,1,2]",t^8+50t^6+165t^4+116t^2+9,"[-2,-2,-2,1,1,1,1,2,-1,-1,1,2,3,3,2,0,1,1,2,2,1,1,2,2,2,1,0,-1,0,0,1,0,1,0,1,2]","[-2,-1,-1,-1,-1,2,2,2,0,1,1,2,1,1,2,0,1,0,1,1,1,-1,0,1,2,2,0,2,2,3,2,2,3,0,-1,-1]","[-2,-2,-2,1,1,1,1,2,-1,0,1,1,1,2,3,1,0,0,1,2,2,1,1,2,2,3,0,0,0,-1,1,-1,0,0,0,1]",c,"[[{8, 3}, {4, 7}, {1, 6}, {2, 5}], [{8, 3}, {4, 7}, {6}, {2, 5}, {1}]]",1,8 K_1^3 - 12 K_1^2 - 8 K_1 K_2 - 2 K_1 + 6 K_2 + 2 K_3 + 7,O1O2O3U1O4U2U5O6U7U4O5U3U6O8O7U8,O1O2U3O4O5U1O3O6U4O7U2U6U7O8U5U8,O1O2U3O4O5U2O6O3U7U4O7U8U1U6O8U5,c,{'O1O2O3U4O5O4U6U1O7U8U5O6U7U2O8U3'},1,"<a href=""/flatknot/8.975798"">8.975798</a>",t^9-54t^7-108t^6+93t^5+176t^4-85t^3-14t^2+68t-12,2t^2-4t,,
8.975799,O1O2O3U4O5O4U6U1O7U8U5O6U7U3O8U2,4,3z^3+28z^2+104z+121,3w^4z^3+28w^3z^2+104w^2z+121w,False,False,"[[ 0 -2  1  2  1  1 -2  1 -2],[ 2  0  2  1  2  0  1  0  1],[-1 -2  0  1  0  0 -2  1 -3],[-2 -1 -1  0 -1 -1 -2  0 -3],[-1 -2  0  1  0  1 -2  0 -2],[-1  0  0  1 -1  0 -1  0 -1],[ 2 -1  2  2  2  1  0  1  0],[-1  0 -1  0  0  0 -1  0 -1],[ 2 -1  3  3  2  1  0  1  0]]","[[ 0  2  1  1  1  1 -2 -2 -2],[-2  0  0 -1 -1 -1 -1 -2 -3],[-1  0  0  0  0 -1  0 -1 -1],[-1  1  0  0  1  0 -2 -2 -2],[-1  1  0 -1  0  0  0 -1 -1],[-1  1  1  0  0  0 -2 -2 -3],[ 2  1  0  2  0  2  0  1  1],[ 2  2  1  2  1  2 -1  0  0],[ 2  3  1  2  1  3 -1  0  0]]",True,"[-2,-1,-1,-1,-1,2,2,2,0,1,1,1,1,2,3,0,0,1,0,1,1,-1,0,2,2,2,0,0,1,1,2,2,3,-1,-1,0]","[-2,-2,-2,1,1,1,1,2,-1,-1,1,1,3,3,3,0,0,1,2,2,1,1,1,2,2,2,0,-1,0,0,0,-1,0,0,1,0]",t^8+54t^6+154t^4+84t^2,"[-2,-2,-2,1,1,1,1,2,-1,-1,1,1,3,3,3,0,0,1,2,2,1,1,1,2,2,2,0,-1,0,0,0,-1,0,0,1,0]","[-2,-1,-1,-1,-1,2,2,2,0,0,0,1,1,2,3,-1,0,0,2,2,3,0,0,1,1,1,1,0,1,1,2,2,3,0,-1,-1]","[-2,-2,-2,1,1,1,1,2,-1,0,1,1,2,2,2,1,0,0,2,2,1,1,1,2,3,3,0,-1,0,1,0,-1,0,0,1,1]",c,"[[{8, 3}, {4, 7}, {1, 6}, {2, 5}], [{8, 3}, {4, 7}, {6}, {2, 5}, {1}]]",1,4 K_1^3 - 16 K_1^2 - 8 K_1 K_2 + K_1 + 8 K_2 + 3 K_3 + 9,O1O2O3U2O4U1U5O6U7U4O5U3U6O8O7U8,O1O2U3O4O5U1O3O6U4O7U2U7U6O8U5U8,O1O2U3O4O5U2O6O3U7U4O7U1U8U6O8U5,c,{'O1O2O3U4O5O4U6U1O7U8U5O6U7U3O8U2'},1,"<a href=""/flatknot/8.975799"">8.975799</a>",t^9-58t^7-130t^6+80t^5+214t^4-50t^3-44t^2+43t-14,2t^2-4t,,
8.975800,O1O2O3U4O5O4U6U1O7U8U7O6U2U3O8U5,3,8z^2+59z+87,8w^3z^2+59w^2z+87w,False,False,"[[ 0 -2  0  2  1  2 -2  1 -2],[ 2  0  0  1  2  1  2  0  1],[ 0  0  0  1  0  0  0  0 -1],[-2 -1 -1  0 -2 -1 -2  0 -2],[-1 -2  0  2  0  2 -3  1 -3],[-2 -1  0  1 -2  0 -3  1 -2],[ 2 -2  0  2  3  3  0  1  0],[-1  0  0  0 -1 -1 -1  0 -1],[ 2 -1  1  2  3  2  0  1  0]]","[[ 0  2  2  1  1  0 -2 -2 -2],[-2  0  1  1 -2  0 -1 -2 -3],[-2 -1  0  0 -2 -1 -1 -2 -2],[-1 -1  0  0 -1  0  0 -1 -1],[-1  2  2  1  0  0 -2 -3 -3],[ 0  0  1  0  0  0  0 -1  0],[ 2  1  1  0  2  0  0  1  2],[ 2  2  2  1  3  1 -1  0  0],[ 2  3  2  1  3  0 -2  0  0]]",True,"[-2,-2,-1,-1,0,2,2,2,-1,-1,2,0,1,2,3,0,2,1,1,2,2,1,0,0,1,1,0,2,3,3,0,1,0,-1,-2,0]","[-2,-2,-2,0,1,1,2,2,-2,-1,2,1,3,3,3,0,2,0,2,1,2,1,0,2,2,2,1,1,2,1,-1,-1,-1,2,1,-1]",t^8+65t^6+167t^4+76t^2,"[-2,-2,-2,0,1,1,2,2,-2,-1,2,1,3,3,3,0,2,0,2,1,2,1,0,2,2,2,1,1,2,1,-1,-1,-1,2,1,-1]","[-2,-2,-1,-1,0,2,2,2,-1,-1,1,1,2,2,3,-1,2,2,1,2,3,1,1,0,0,1,1,2,2,3,2,1,2,0,-2,-1]","[-2,-2,-2,0,1,1,2,2,-2,0,0,1,3,2,3,1,0,0,2,1,1,1,1,3,2,2,0,0,1,0,-1,0,-1,2,2,-1]",c,"[[{8, 1}, {2, 7}, {3, 6}, {4, 5}], [{8, 1}, {2, 7}, {4, 6}, {3, 5}], [{8, 1}, {2, 7}, {5, 6}, {3, 4}], [{8, 1}, {2, 7}, {6}, {5}, {3, 4}], [{8, 1}, {3, 7}, {2, 6}, {4, 5}], [{8, 1}, {3, 7}, {4, 6}, {2, 5}], [{8, 1}, {3, 7}, {5, 6}, {2, 4}], [{8, 1}, {4, 7}, {2, 6}, {3, 5}], [{8, 1}, {4, 7}, {3, 6}, {2, 5}], [{8, 1}, {4, 7}, {5, 6}, {2, 3}], [{8, 1}, {4, 7}, {6}, {2, 5}, {3}], [{8, 1}, {4, 7}, {6}, {3, 5}, {2}], [{8, 1}, {4, 7}, {6}, {5}, {2, 3}], [{8, 1}, {5, 7}, {2, 6}, {3, 4}], [{8, 1}, {5, 7}, {3, 6}, {2, 4}], [{8, 1}, {5, 7}, {4, 6}, {2, 3}], [{8, 1}, {6, 7}, {2, 5}, {3, 4}], [{8, 1}, {6, 7}, {2, 5}, {4}, {3}], [{8, 1}, {6, 7}, {3, 5}, {2, 4}], [{8, 1}, {6, 7}, {3, 5}, {4}, {2}], [{8, 1}, {6, 7}, {4, 5}, {2, 3}], [{8, 1}, {6, 7}, {4, 5}, {3}, {2}], [{8, 1}, {6, 7}, {5}, {2, 4}, {3}], [{8, 1}, {6, 7}, {5}, {3, 4}, {2}], [{8, 1}, {6, 7}, {5}, {4}, {2, 3}], [{8, 1}, {6, 7}, {5}, {4}, {3}, {2}], [{8, 1}, {7}, {2, 6}, {5}, {3, 4}], [{8, 1}, {7}, {4, 6}, {2, 5}, {3}], [{8, 1}, {7}, {4, 6}, {3, 5}, {2}], [{8, 1}, {7}, {4, 6}, {5}, {2, 3}], [{8, 2}, {1, 7}, {3, 6}, {4, 5}], [{8, 2}, {1, 7}, {3, 6}, {5}, {4}], [{8, 2}, {1, 7}, {4, 6}, {3, 5}], [{8, 2}, {1, 7}, {4, 6}, {5}, {3}], [{8, 2}, {1, 7}, {5, 6}, {3, 4}], [{8, 2}, {1, 7}, {6}, {5}, {3, 4}], [{8, 2}, {3, 7}, {1, 6}, {4, 5}], [{8, 2}, {3, 7}, {4, 6}, {1, 5}], [{8, 2}, {3, 7}, {4, 6}, {5}, {1}], [{8, 2}, {3, 7}, {5, 6}, {1, 4}], [{8, 2}, {4, 7}, {1, 6}, {3, 5}], [{8, 2}, {4, 7}, {3, 6}, {1, 5}], [{8, 2}, {4, 7}, {5, 6}, {1, 3}], [{8, 2}, {4, 7}, {6}, {1, 5}, {3}], [{8, 2}, {4, 7}, {6}, {3, 5}, {1}], [{8, 2}, {4, 7}, {6}, {5}, {1, 3}], [{8, 2}, {5, 7}, {1, 6}, {3, 4}], [{8, 2}, {5, 7}, {3, 6}, {1, 4}], [{8, 2}, {5, 7}, {4, 6}, {1, 3}], [{8, 2}, {5, 7}, {4, 6}, {3}, {1}], [{8, 2}, {6, 7}, {1, 5}, {3, 4}], [{8, 2}, {6, 7}, {1, 5}, {4}, {3}], [{8, 2}, {6, 7}, {3, 5}, {1, 4}], [{8, 2}, {6, 7}, {3, 5}, {4}, {1}], [{8, 2}, {6, 7}, {4, 5}, {1, 3}], [{8, 2}, {6, 7}, {5}, {4}, {1, 3}], [{8, 2}, {7}, {4, 6}, {1, 5}, {3}], [{8, 2}, {7}, {4, 6}, {3, 5}, {1}], [{8, 2}, {7}, {4, 6}, {5}, {1, 3}], [{8, 2}, {7}, {4, 6}, {5}, {3}, {1}], [{8, 3}, {1, 7}, {2, 6}, {4, 5}], [{8, 3}, {1, 7}, {2, 6}, {5}, {4}], [{8, 3}, {1, 7}, {4, 6}, {2, 5}], [{8, 3}, {1, 7}, {4, 6}, {5}, {2}], [{8, 3}, {1, 7}, {5, 6}, {2, 4}], [{8, 3}, {1, 7}, {5, 6}, {4}, {2}], [{8, 3}, {1, 7}, {6}, {2, 5}, {4}], [{8, 3}, {1, 7}, {6}, {4, 5}, {2}], [{8, 3}, {1, 7}, {6}, {5}, {2, 4}], [{8, 3}, {1, 7}, {6}, {5}, {4}, {2}], [{8, 3}, {2, 7}, {1, 6}, {4, 5}], [{8, 3}, {2, 7}, {1, 6}, {5}, {4}], [{8, 3}, {2, 7}, {4, 6}, {1, 5}], [{8, 3}, {2, 7}, {4, 6}, {5}, {1}], [{8, 3}, {2, 7}, {5, 6}, {1, 4}], [{8, 3}, {2, 7}, {5, 6}, {4}, {1}], [{8, 3}, {2, 7}, {6}, {1, 5}, {4}], [{8, 3}, {2, 7}, {6}, {4, 5}, {1}], [{8, 3}, {2, 7}, {6}, {5}, {1, 4}], [{8, 3}, {2, 7}, {6}, {5}, {4}, {1}], [{8, 3}, {4, 7}, {1, 6}, {2, 5}], [{8, 3}, {4, 7}, {1, 6}, {5}, {2}], [{8, 3}, {4, 7}, {2, 6}, {1, 5}], [{8, 3}, {4, 7}, {2, 6}, {5}, {1}], [{8, 3}, {4, 7}, {5, 6}, {1, 2}], [{8, 3}, {4, 7}, {5, 6}, {2}, {1}], [{8, 3}, {4, 7}, {6}, {1, 5}, {2}], [{8, 3}, {4, 7}, {6}, {2, 5}, {1}], [{8, 3}, {4, 7}, {6}, {5}, {1, 2}], [{8, 3}, {4, 7}, {6}, {5}, {2}, {1}], [{8, 3}, {5, 7}, {1, 6}, {2, 4}], [{8, 3}, {5, 7}, {1, 6}, {4}, {2}], [{8, 3}, {5, 7}, {2, 6}, {1, 4}], [{8, 3}, {5, 7}, {2, 6}, {4}, {1}], [{8, 3}, {5, 7}, {4, 6}, {1, 2}], [{8, 3}, {5, 7}, {4, 6}, {2}, {1}], [{8, 3}, {5, 7}, {6}, {1, 4}, {2}], [{8, 3}, {5, 7}, {6}, {2, 4}, {1}], [{8, 3}, {5, 7}, {6}, {4}, {1, 2}], [{8, 3}, {5, 7}, {6}, {4}, {2}, {1}], [{8, 3}, {6, 7}, {1, 5}, {2, 4}], [{8, 3}, {6, 7}, {1, 5}, {4}, {2}], [{8, 3}, {6, 7}, {2, 5}, {1, 4}], [{8, 3}, {6, 7}, {2, 5}, {4}, {1}], [{8, 3}, {6, 7}, {4, 5}, {1, 2}], [{8, 3}, {6, 7}, {4, 5}, {2}, {1}], [{8, 3}, {6, 7}, {5}, {1, 4}, {2}], [{8, 3}, {6, 7}, {5}, {2, 4}, {1}], [{8, 3}, {6, 7}, {5}, {4}, {1, 2}], [{8, 3}, {6, 7}, {5}, {4}, {2}, {1}], [{8, 3}, {7}, {1, 6}, {2, 5}, {4}], [{8, 3}, {7}, {1, 6}, {4, 5}, {2}], [{8, 3}, {7}, {1, 6}, {5}, {2, 4}], [{8, 3}, {7}, {1, 6}, {5}, {4}, {2}], [{8, 3}, {7}, {2, 6}, {1, 5}, {4}], [{8, 3}, {7}, {2, 6}, {4, 5}, {1}], [{8, 3}, {7}, {2, 6}, {5}, {1, 4}], [{8, 3}, {7}, {2, 6}, {5}, {4}, {1}], [{8, 3}, {7}, {4, 6}, {1, 5}, {2}], [{8, 3}, {7}, {4, 6}, {2, 5}, {1}], [{8, 3}, {7}, {4, 6}, {5}, {1, 2}], [{8, 3}, {7}, {4, 6}, {5}, {2}, {1}], [{8, 3}, {7}, {5, 6}, {1, 4}, {2}], [{8, 3}, {7}, {5, 6}, {2, 4}, {1}], [{8, 3}, {7}, {5, 6}, {4}, {1, 2}], [{8, 3}, {7}, {5, 6}, {4}, {2}, {1}], [{8, 3}, {7}, {6}, {1, 5}, {2, 4}], [{8, 3}, {7}, {6}, {1, 5}, {4}, {2}], [{8, 3}, {7}, {6}, {2, 5}, {1, 4}], [{8, 3}, {7}, {6}, {2, 5}, {4}, {1}], [{8, 3}, {7}, {6}, {4, 5}, {1, 2}], [{8, 3}, {7}, {6}, {4, 5}, {2}, {1}], [{8, 3}, {7}, {6}, {5}, {1, 4}, {2}], [{8, 3}, {7}, {6}, {5}, {2, 4}, {1}], [{8, 3}, {7}, {6}, {5}, {4}, {1, 2}], [{8, 3}, {7}, {6}, {5}, {4}, {2}, {1}], [{8, 4}, {1, 7}, {2, 6}, {3, 5}], [{8, 4}, {1, 7}, {2, 6}, {5}, {3}], [{8, 4}, {1, 7}, {3, 6}, {2, 5}], [{8, 4}, {1, 7}, {3, 6}, {5}, {2}], [{8, 4}, {1, 7}, {5, 6}, {2, 3}], [{8, 4}, {1, 7}, {6}, {5}, {2, 3}], [{8, 4}, {2, 7}, {1, 6}, {3, 5}], [{8, 4}, {2, 7}, {3, 6}, {1, 5}], [{8, 4}, {2, 7}, {5, 6}, {1, 3}], [{8, 4}, {2, 7}, {6}, {5}, {1, 3}], [{8, 4}, {3, 7}, {1, 6}, {2, 5}], [{8, 4}, {3, 7}, {2, 6}, {1, 5}], [{8, 4}, {3, 7}, {2, 6}, {5}, {1}], [{8, 4}, {3, 7}, {5, 6}, {1, 2}], [{8, 4}, {5, 7}, {1, 6}, {2, 3}], [{8, 4}, {5, 7}, {2, 6}, {1, 3}], [{8, 4}, {5, 7}, {2, 6}, {3}, {1}], [{8, 4}, {5, 7}, {3, 6}, {1, 2}], [{8, 4}, {6, 7}, {1, 5}, {2, 3}], [{8, 4}, {6, 7}, {2, 5}, {1, 3}], [{8, 4}, {6, 7}, {3, 5}, {1, 2}], [{8, 4}, {6, 7}, {5}, {1, 3}, {2}], [{8, 4}, {7}, {1, 6}, {2, 5}, {3}], [{8, 4}, {7}, {2, 6}, {1, 5}, {3}], [{8, 4}, {7}, {2, 6}, {3, 5}, {1}], [{8, 4}, {7}, {2, 6}, {5}, {1, 3}], [{8, 4}, {7}, {2, 6}, {5}, {3}, {1}], [{8, 4}, {7}, {5, 6}, {3}, {1, 2}], [{8, 5}, {1, 7}, {2, 6}, {3, 4}], [{8, 5}, {1, 7}, {3, 6}, {2, 4}], [{8, 5}, {1, 7}, {3, 6}, {4}, {2}], [{8, 5}, {1, 7}, {4, 6}, {2, 3}], [{8, 5}, {2, 7}, {1, 6}, {3, 4}], [{8, 5}, {2, 7}, {3, 6}, {1, 4}], [{8, 5}, {2, 7}, {4, 6}, {1, 3}], [{8, 5}, {3, 7}, {1, 6}, {2, 4}], [{8, 5}, {3, 7}, {2, 6}, {1, 4}], [{8, 5}, {3, 7}, {2, 6}, {4}, {1}], [{8, 5}, {3, 7}, {4, 6}, {1, 2}], [{8, 5}, {4, 7}, {1, 6}, {2, 3}], [{8, 5}, {4, 7}, {1, 6}, {3}, {2}], [{8, 5}, {4, 7}, {2, 6}, {1, 3}], [{8, 5}, {4, 7}, {2, 6}, {3}, {1}], [{8, 5}, {4, 7}, {3, 6}, {1, 2}], [{8, 5}, {4, 7}, {3, 6}, {2}, {1}], [{8, 5}, {4, 7}, {6}, {1, 3}, {2}], [{8, 5}, {4, 7}, {6}, {2, 3}, {1}], [{8, 5}, {4, 7}, {6}, {3}, {1, 2}], [{8, 5}, {4, 7}, {6}, {3}, {2}, {1}], [{8, 5}, {6, 7}, {1, 4}, {2, 3}], [{8, 5}, {6, 7}, {2, 4}, {1, 3}], [{8, 5}, {6, 7}, {3, 4}, {1, 2}], [{8, 5}, {6, 7}, {4}, {1, 3}, {2}], [{8, 5}, {6, 7}, {4}, {2, 3}, {1}], [{8, 5}, {6, 7}, {4}, {3}, {1, 2}], [{8, 5}, {7}, {2, 6}, {3, 4}, {1}], [{8, 5}, {7}, {3, 6}, {1, 4}, {2}], [{8, 5}, {7}, {4, 6}, {1, 3}, {2}], [{8, 5}, {7}, {4, 6}, {2, 3}, {1}], [{8, 5}, {7}, {4, 6}, {3}, {1, 2}], [{8, 6}, {1, 7}, {2, 5}, {3, 4}], [{8, 6}, {1, 7}, {2, 5}, {4}, {3}], [{8, 6}, {1, 7}, {3, 5}, {2, 4}], [{8, 6}, {1, 7}, {3, 5}, {4}, {2}], [{8, 6}, {1, 7}, {4, 5}, {2, 3}], [{8, 6}, {1, 7}, {4, 5}, {3}, {2}], [{8, 6}, {1, 7}, {5}, {2, 4}, {3}], [{8, 6}, {1, 7}, {5}, {3, 4}, {2}], [{8, 6}, {1, 7}, {5}, {4}, {2, 3}], [{8, 6}, {1, 7}, {5}, {4}, {3}, {2}], [{8, 6}, {2, 7}, {1, 5}, {3, 4}], [{8, 6}, {2, 7}, {1, 5}, {4}, {3}], [{8, 6}, {2, 7}, {3, 5}, {1, 4}], [{8, 6}, {2, 7}, {4, 5}, {1, 3}], [{8, 6}, {3, 7}, {1, 5}, {2, 4}], [{8, 6}, {3, 7}, {2, 5}, {1, 4}], [{8, 6}, {3, 7}, {4, 5}, {1, 2}], [{8, 6}, {4, 7}, {1, 5}, {2, 3}], [{8, 6}, {4, 7}, {2, 5}, {1, 3}], [{8, 6}, {4, 7}, {3, 5}, {1, 2}], [{8, 6}, {4, 7}, {3, 5}, {2}, {1}], [{8, 6}, {5, 7}, {1, 4}, {2, 3}], [{8, 6}, {5, 7}, {2, 4}, {1, 3}], [{8, 6}, {5, 7}, {3, 4}, {1, 2}], [{8, 6}, {5, 7}, {4}, {3}, {1, 2}], [{8, 6}, {7}, {3, 5}, {1, 4}, {2}], [{8, 7}, {1, 6}, {2, 5}, {3, 4}], [{8, 7}, {1, 6}, {3, 5}, {2, 4}], [{8, 7}, {1, 6}, {4, 5}, {2, 3}], [{8, 7}, {2, 6}, {1, 5}, {3, 4}], [{8, 7}, {2, 6}, {3, 5}, {1, 4}], [{8, 7}, {2, 6}, {3, 5}, {4}, {1}], [{8, 7}, {2, 6}, {4, 5}, {1, 3}], [{8, 7}, {2, 6}, {4, 5}, {3}, {1}], [{8, 7}, {2, 6}, {5}, {3, 4}, {1}], [{8, 7}, {3, 6}, {1, 5}, {2, 4}], [{8, 7}, {3, 6}, {2, 5}, {1, 4}], [{8, 7}, {3, 6}, {4, 5}, {1, 2}], [{8, 7}, {4, 6}, {1, 5}, {2, 3}], [{8, 7}, {4, 6}, {2, 5}, {1, 3}], [{8, 7}, {4, 6}, {3, 5}, {1, 2}], [{8, 7}, {4, 6}, {5}, {2, 3}, {1}], [{8, 7}, {5, 6}, {1, 4}, {2, 3}], [{8, 7}, {5, 6}, {2, 4}, {1, 3}], [{8, 7}, {5, 6}, {3, 4}, {1, 2}], [{8}, {1, 7}, {2, 6}, {5}, {3, 4}], [{8}, {1, 7}, {3, 6}, {2, 5}, {4}], [{8}, {1, 7}, {3, 6}, {4, 5}, {2}], [{8}, {1, 7}, {3, 6}, {5}, {2, 4}], [{8}, {1, 7}, {3, 6}, {5}, {4}, {2}], [{8}, {1, 7}, {4, 6}, {5}, {2, 3}], [{8}, {2, 7}, {3, 6}, {1, 5}, {4}], [{8}, {3, 7}, {2, 6}, {4, 5}, {1}], [{8}, {4, 7}, {1, 6}, {3, 5}, {2}], [{8}, {4, 7}, {2, 6}, {3, 5}, {1}], [{8}, {4, 7}, {6}, {1, 5}, {2, 3}], [{8}, {4, 7}, {6}, {2, 5}, {1, 3}], [{8}, {4, 7}, {6}, {3, 5}, {1, 2}], [{8}, {4, 7}, {6}, {3, 5}, {2}, {1}], [{8}, {5, 7}, {2, 6}, {3, 4}, {1}], [{8}, {5, 7}, {3, 6}, {4}, {1, 2}], [{8}, {5, 7}, {4, 6}, {2, 3}, {1}], [{8}, {6, 7}, {1, 5}, {4}, {2, 3}], [{8}, {6, 7}, {2, 5}, {4}, {1, 3}], [{8}, {6, 7}, {3, 5}, {4}, {1, 2}], [{8}, {6, 7}, {4, 5}, {1, 3}, {2}], [{8}, {6, 7}, {5}, {2, 4}, {1, 3}], [{8}, {6, 7}, {5}, {4}, {1, 3}, {2}], [{8}, {7}, {1, 6}, {2, 5}, {3, 4}], [{8}, {7}, {2, 6}, {1, 5}, {3, 4}], [{8}, {7}, {2, 6}, {5}, {3, 4}, {1}], [{8}, {7}, {4, 6}, {1, 5}, {2, 3}], [{8}, {7}, {4, 6}, {2, 5}, {1, 3}], [{8}, {7}, {4, 6}, {3, 5}, {1, 2}], [{8}, {7}, {4, 6}, {5}, {2, 3}, {1}], [{8}, {7}, {5, 6}, {3, 4}, {1, 2}]]",2,4 K_1^3 - 22 K_1^2 - 4 K_1 K_2 - K_1 + 11 K_2 + K_3 + 12,O1O2O3U4O5U1U2O6U7U5O7U3U6O8O4U8,O1O2U3O4O3U1O5O6U4O7U2U5U6O8U7U8,O1O2U3O4O5U4O6O3U7U8O7U1U2U6O8U5,c,"{'O1O2O3U4O5O4U2U6O7U8U7U1O6U3O8U5', 'O1O2O3U4O5O4U6U1O7U8U7O6U2U3O8U5'}",2,"<a href=""/flatknot/8.975800"">8.975800</a>",t^9-67t^7-242t^6-108t^5+480t^4+436t^3-170t^2-164t+8,t^2-2t,,
8.975801,O1O2O3U4O5O4U6U1O7U8U7O6U2U5O8U3,3,5z^2+58z+97,5w^3z^2+58w^2z+97w,False,False,"[[ 0 -2  0  2  1  2 -2  1 -2],[ 2  0  0  2  2  0  2  0  1],[ 0  0  0  1  0  0  0  0 -1],[-2 -2 -1  0 -1  0 -3  1 -3],[-1 -2  0  1  0  2 -3  1 -2],[-2  0  0  0 -2  0 -2  0 -2],[ 2 -2  0  3  3  2  0  1  0],[-1  0  0 -1 -1  0 -1  0 -1],[ 2 -1  1  3  2  2  0  1  0]]","[[ 0  2  2  1  1  0 -2 -2 -2],[-2  0  0  1 -1 -1 -2 -3 -3],[-2  0  0  0 -2  0  0 -2 -2],[-1 -1  0  0 -1  0  0 -1 -1],[-1  1  2  1  0  0 -2 -2 -3],[ 0  1  0  0  0  0  0 -1  0],[ 2  2  0  0  2  0  0  1  2],[ 2  3  2  1  2  1 -1  0  0],[ 2  3  2  1  3  0 -2  0  0]]",True,"[-2,-2,-1,-1,0,2,2,2,0,-1,1,1,2,3,3,0,2,0,0,2,2,1,0,0,1,1,0,2,2,3,0,1,0,-1,-2,0]","[-2,-2,-2,0,1,1,2,2,-2,-1,2,1,3,2,4,0,2,0,2,1,2,1,1,2,1,2,1,1,1,2,-1,0,-1,2,1,0]",t^8+63t^6+214t^4+40t^2,"[-2,-2,-2,0,1,1,2,2,-2,-1,2,1,3,2,4,0,2,0,2,1,2,1,1,2,1,2,1,1,1,2,-1,0,-1,2,1,0]","[-2,-2,-1,-1,0,2,2,2,0,-1,1,2,2,2,4,0,2,1,1,1,2,1,1,0,1,1,1,2,2,3,2,1,2,0,-2,-1]","[-2,-2,-2,0,1,1,2,2,-2,0,0,1,3,2,3,1,0,0,2,0,2,1,1,2,2,3,0,0,0,1,-1,0,-1,2,1,0]",c,"[[{8, 1}, {2, 7}, {3, 6}, {4, 5}], [{8, 1}, {2, 7}, {4, 6}, {3, 5}], [{8, 1}, {2, 7}, {4, 6}, {5}, {3}], [{8, 1}, {2, 7}, {5, 6}, {3, 4}], [{8, 1}, {2, 7}, {6}, {3, 5}, {4}], [{8, 1}, {3, 7}, {2, 6}, {4, 5}], [{8, 1}, {3, 7}, {4, 6}, {2, 5}], [{8, 1}, {3, 7}, {5, 6}, {2, 4}], [{8, 1}, {3, 7}, {6}, {5}, {2, 4}], [{8, 1}, {4, 7}, {2, 6}, {3, 5}], [{8, 1}, {4, 7}, {2, 6}, {5}, {3}], [{8, 1}, {4, 7}, {3, 6}, {2, 5}], [{8, 1}, {4, 7}, {5, 6}, {2, 3}], [{8, 1}, {4, 7}, {6}, {3, 5}, {2}], [{8, 1}, {5, 7}, {2, 6}, {3, 4}], [{8, 1}, {5, 7}, {3, 6}, {2, 4}], [{8, 1}, {5, 7}, {4, 6}, {2, 3}], [{8, 1}, {5, 7}, {6}, {2, 4}, {3}], [{8, 1}, {6, 7}, {2, 5}, {3, 4}], [{8, 1}, {6, 7}, {2, 5}, {4}, {3}], [{8, 1}, {6, 7}, {3, 5}, {2, 4}], [{8, 1}, {6, 7}, {3, 5}, {4}, {2}], [{8, 1}, {6, 7}, {4, 5}, {2, 3}], [{8, 1}, {6, 7}, {4, 5}, {3}, {2}], [{8, 1}, {6, 7}, {5}, {2, 4}, {3}], [{8, 1}, {6, 7}, {5}, {3, 4}, {2}], [{8, 1}, {6, 7}, {5}, {4}, {2, 3}], [{8, 1}, {6, 7}, {5}, {4}, {3}, {2}], [{8, 1}, {7}, {2, 6}, {3, 5}, {4}], [{8, 1}, {7}, {3, 6}, {5}, {2, 4}], [{8, 1}, {7}, {4, 6}, {3, 5}, {2}], [{8, 1}, {7}, {5, 6}, {2, 4}, {3}], [{8, 1}, {7}, {6}, {3, 5}, {2, 4}], [{8, 1}, {7}, {6}, {5}, {2, 4}, {3}], [{8, 2}, {1, 7}, {3, 6}, {4, 5}], [{8, 2}, {1, 7}, {3, 6}, {5}, {4}], [{8, 2}, {1, 7}, {4, 6}, {3, 5}], [{8, 2}, {1, 7}, {5, 6}, {3, 4}], [{8, 2}, {1, 7}, {5, 6}, {4}, {3}], [{8, 2}, {1, 7}, {6}, {3, 5}, {4}], [{8, 2}, {3, 7}, {1, 6}, {4, 5}], [{8, 2}, {3, 7}, {4, 6}, {1, 5}], [{8, 2}, {3, 7}, {5, 6}, {1, 4}], [{8, 2}, {3, 7}, {6}, {5}, {1, 4}], [{8, 2}, {4, 7}, {1, 6}, {3, 5}], [{8, 2}, {4, 7}, {3, 6}, {1, 5}], [{8, 2}, {4, 7}, {3, 6}, {5}, {1}], [{8, 2}, {4, 7}, {5, 6}, {1, 3}], [{8, 2}, {4, 7}, {5, 6}, {3}, {1}], [{8, 2}, {4, 7}, {6}, {3, 5}, {1}], [{8, 2}, {5, 7}, {1, 6}, {3, 4}], [{8, 2}, {5, 7}, {3, 6}, {1, 4}], [{8, 2}, {5, 7}, {4, 6}, {1, 3}], [{8, 2}, {5, 7}, {6}, {1, 4}, {3}], [{8, 2}, {6, 7}, {1, 5}, {3, 4}], [{8, 2}, {6, 7}, {3, 5}, {1, 4}], [{8, 2}, {6, 7}, {4, 5}, {1, 3}], [{8, 2}, {6, 7}, {5}, {1, 4}, {3}], [{8, 2}, {6, 7}, {5}, {3, 4}, {1}], [{8, 2}, {6, 7}, {5}, {4}, {1, 3}], [{8, 2}, {7}, {3, 6}, {5}, {1, 4}], [{8, 2}, {7}, {5, 6}, {1, 4}, {3}], [{8, 2}, {7}, {6}, {3, 5}, {1, 4}], [{8, 2}, {7}, {6}, {5}, {1, 4}, {3}], [{8, 3}, {1, 7}, {2, 6}, {4, 5}], [{8, 3}, {1, 7}, {2, 6}, {5}, {4}], [{8, 3}, {1, 7}, {4, 6}, {2, 5}], [{8, 3}, {1, 7}, {4, 6}, {5}, {2}], [{8, 3}, {1, 7}, {5, 6}, {2, 4}], [{8, 3}, {1, 7}, {5, 6}, {4}, {2}], [{8, 3}, {1, 7}, {6}, {2, 5}, {4}], [{8, 3}, {1, 7}, {6}, {4, 5}, {2}], [{8, 3}, {1, 7}, {6}, {5}, {2, 4}], [{8, 3}, {1, 7}, {6}, {5}, {4}, {2}], [{8, 3}, {2, 7}, {1, 6}, {4, 5}], [{8, 3}, {2, 7}, {1, 6}, {5}, {4}], [{8, 3}, {2, 7}, {4, 6}, {1, 5}], [{8, 3}, {2, 7}, {4, 6}, {5}, {1}], [{8, 3}, {2, 7}, {5, 6}, {1, 4}], [{8, 3}, {2, 7}, {5, 6}, {4}, {1}], [{8, 3}, {2, 7}, {6}, {1, 5}, {4}], [{8, 3}, {2, 7}, {6}, {4, 5}, {1}], [{8, 3}, {2, 7}, {6}, {5}, {1, 4}], [{8, 3}, {2, 7}, {6}, {5}, {4}, {1}], [{8, 3}, {4, 7}, {1, 6}, {2, 5}], [{8, 3}, {4, 7}, {1, 6}, {5}, {2}], [{8, 3}, {4, 7}, {2, 6}, {1, 5}], [{8, 3}, {4, 7}, {2, 6}, {5}, {1}], [{8, 3}, {4, 7}, {5, 6}, {1, 2}], [{8, 3}, {4, 7}, {5, 6}, {2}, {1}], [{8, 3}, {4, 7}, {6}, {1, 5}, {2}], [{8, 3}, {4, 7}, {6}, {2, 5}, {1}], [{8, 3}, {4, 7}, {6}, {5}, {1, 2}], [{8, 3}, {4, 7}, {6}, {5}, {2}, {1}], [{8, 3}, {5, 7}, {1, 6}, {2, 4}], [{8, 3}, {5, 7}, {1, 6}, {4}, {2}], [{8, 3}, {5, 7}, {2, 6}, {1, 4}], [{8, 3}, {5, 7}, {2, 6}, {4}, {1}], [{8, 3}, {5, 7}, {4, 6}, {1, 2}], [{8, 3}, {5, 7}, {4, 6}, {2}, {1}], [{8, 3}, {5, 7}, {6}, {1, 4}, {2}], [{8, 3}, {5, 7}, {6}, {2, 4}, {1}], [{8, 3}, {5, 7}, {6}, {4}, {1, 2}], [{8, 3}, {5, 7}, {6}, {4}, {2}, {1}], [{8, 3}, {6, 7}, {1, 5}, {2, 4}], [{8, 3}, {6, 7}, {1, 5}, {4}, {2}], [{8, 3}, {6, 7}, {2, 5}, {1, 4}], [{8, 3}, {6, 7}, {2, 5}, {4}, {1}], [{8, 3}, {6, 7}, {4, 5}, {1, 2}], [{8, 3}, {6, 7}, {4, 5}, {2}, {1}], [{8, 3}, {6, 7}, {5}, {1, 4}, {2}], [{8, 3}, {6, 7}, {5}, {2, 4}, {1}], [{8, 3}, {6, 7}, {5}, {4}, {1, 2}], [{8, 3}, {6, 7}, {5}, {4}, {2}, {1}], [{8, 3}, {7}, {1, 6}, {2, 5}, {4}], [{8, 3}, {7}, {1, 6}, {4, 5}, {2}], [{8, 3}, {7}, {1, 6}, {5}, {2, 4}], [{8, 3}, {7}, {1, 6}, {5}, {4}, {2}], [{8, 3}, {7}, {2, 6}, {1, 5}, {4}], [{8, 3}, {7}, {2, 6}, {4, 5}, {1}], [{8, 3}, {7}, {2, 6}, {5}, {1, 4}], [{8, 3}, {7}, {2, 6}, {5}, {4}, {1}], [{8, 3}, {7}, {4, 6}, {1, 5}, {2}], [{8, 3}, {7}, {4, 6}, {2, 5}, {1}], [{8, 3}, {7}, {4, 6}, {5}, {1, 2}], [{8, 3}, {7}, {4, 6}, {5}, {2}, {1}], [{8, 3}, {7}, {5, 6}, {1, 4}, {2}], [{8, 3}, {7}, {5, 6}, {2, 4}, {1}], [{8, 3}, {7}, {5, 6}, {4}, {1, 2}], [{8, 3}, {7}, {5, 6}, {4}, {2}, {1}], [{8, 3}, {7}, {6}, {1, 5}, {2, 4}], [{8, 3}, {7}, {6}, {1, 5}, {4}, {2}], [{8, 3}, {7}, {6}, {2, 5}, {1, 4}], [{8, 3}, {7}, {6}, {2, 5}, {4}, {1}], [{8, 3}, {7}, {6}, {4, 5}, {1, 2}], [{8, 3}, {7}, {6}, {4, 5}, {2}, {1}], [{8, 3}, {7}, {6}, {5}, {1, 4}, {2}], [{8, 3}, {7}, {6}, {5}, {2, 4}, {1}], [{8, 3}, {7}, {6}, {5}, {4}, {1, 2}], [{8, 3}, {7}, {6}, {5}, {4}, {2}, {1}], [{8, 4}, {1, 7}, {2, 6}, {3, 5}], [{8, 4}, {1, 7}, {3, 6}, {2, 5}], [{8, 4}, {1, 7}, {3, 6}, {5}, {2}], [{8, 4}, {1, 7}, {5, 6}, {2, 3}], [{8, 4}, {2, 7}, {1, 6}, {3, 5}], [{8, 4}, {2, 7}, {3, 6}, {1, 5}], [{8, 4}, {2, 7}, {5, 6}, {1, 3}], [{8, 4}, {3, 7}, {1, 6}, {2, 5}], [{8, 4}, {3, 7}, {2, 6}, {1, 5}], [{8, 4}, {3, 7}, {2, 6}, {5}, {1}], [{8, 4}, {3, 7}, {5, 6}, {1, 2}], [{8, 4}, {5, 7}, {1, 6}, {2, 3}], [{8, 4}, {5, 7}, {2, 6}, {1, 3}], [{8, 4}, {5, 7}, {2, 6}, {3}, {1}], [{8, 4}, {5, 7}, {3, 6}, {1, 2}], [{8, 4}, {6, 7}, {1, 5}, {2, 3}], [{8, 4}, {6, 7}, {2, 5}, {1, 3}], [{8, 4}, {6, 7}, {3, 5}, {1, 2}], [{8, 4}, {6, 7}, {5}, {1, 3}, {2}], [{8, 4}, {6, 7}, {5}, {2, 3}, {1}], [{8, 4}, {6, 7}, {5}, {3}, {1, 2}], [{8, 4}, {7}, {2, 6}, {3, 5}, {1}], [{8, 5}, {1, 7}, {2, 6}, {3, 4}], [{8, 5}, {1, 7}, {2, 6}, {4}, {3}], [{8, 5}, {1, 7}, {3, 6}, {2, 4}], [{8, 5}, {1, 7}, {3, 6}, {4}, {2}], [{8, 5}, {1, 7}, {4, 6}, {2, 3}], [{8, 5}, {1, 7}, {6}, {4}, {2, 3}], [{8, 5}, {2, 7}, {1, 6}, {3, 4}], [{8, 5}, {2, 7}, {3, 6}, {1, 4}], [{8, 5}, {2, 7}, {4, 6}, {1, 3}], [{8, 5}, {2, 7}, {4, 6}, {3}, {1}], [{8, 5}, {2, 7}, {6}, {4}, {1, 3}], [{8, 5}, {3, 7}, {1, 6}, {2, 4}], [{8, 5}, {3, 7}, {2, 6}, {1, 4}], [{8, 5}, {3, 7}, {2, 6}, {4}, {1}], [{8, 5}, {3, 7}, {4, 6}, {1, 2}], [{8, 5}, {4, 7}, {1, 6}, {2, 3}], [{8, 5}, {4, 7}, {1, 6}, {3}, {2}], [{8, 5}, {4, 7}, {2, 6}, {1, 3}], [{8, 5}, {4, 7}, {2, 6}, {3}, {1}], [{8, 5}, {4, 7}, {3, 6}, {1, 2}], [{8, 5}, {4, 7}, {3, 6}, {2}, {1}], [{8, 5}, {4, 7}, {6}, {1, 3}, {2}], [{8, 5}, {4, 7}, {6}, {2, 3}, {1}], [{8, 5}, {4, 7}, {6}, {3}, {1, 2}], [{8, 5}, {4, 7}, {6}, {3}, {2}, {1}], [{8, 5}, {6, 7}, {1, 4}, {2, 3}], [{8, 5}, {6, 7}, {2, 4}, {1, 3}], [{8, 5}, {6, 7}, {2, 4}, {3}, {1}], [{8, 5}, {6, 7}, {3, 4}, {1, 2}], [{8, 5}, {6, 7}, {4}, {1, 3}, {2}], [{8, 5}, {7}, {2, 6}, {1, 4}, {3}], [{8, 5}, {7}, {2, 6}, {3, 4}, {1}], [{8, 5}, {7}, {2, 6}, {4}, {1, 3}], [{8, 5}, {7}, {2, 6}, {4}, {3}, {1}], [{8, 5}, {7}, {3, 6}, {1, 4}, {2}], [{8, 5}, {7}, {4, 6}, {1, 3}, {2}], [{8, 5}, {7}, {6}, {1, 4}, {2, 3}], [{8, 5}, {7}, {6}, {2, 4}, {1, 3}], [{8, 6}, {1, 7}, {2, 5}, {3, 4}], [{8, 6}, {1, 7}, {2, 5}, {4}, {3}], [{8, 6}, {1, 7}, {3, 5}, {2, 4}], [{8, 6}, {1, 7}, {3, 5}, {4}, {2}], [{8, 6}, {1, 7}, {4, 5}, {2, 3}], [{8, 6}, {1, 7}, {4, 5}, {3}, {2}], [{8, 6}, {1, 7}, {5}, {2, 4}, {3}], [{8, 6}, {1, 7}, {5}, {3, 4}, {2}], [{8, 6}, {1, 7}, {5}, {4}, {2, 3}], [{8, 6}, {1, 7}, {5}, {4}, {3}, {2}], [{8, 6}, {2, 7}, {1, 5}, {3, 4}], [{8, 6}, {2, 7}, {3, 5}, {1, 4}], [{8, 6}, {2, 7}, {4, 5}, {1, 3}], [{8, 6}, {3, 7}, {1, 5}, {2, 4}], [{8, 6}, {3, 7}, {2, 5}, {1, 4}], [{8, 6}, {3, 7}, {4, 5}, {1, 2}], [{8, 6}, {3, 7}, {5}, {2, 4}, {1}], [{8, 6}, {4, 7}, {1, 5}, {2, 3}], [{8, 6}, {4, 7}, {2, 5}, {1, 3}], [{8, 6}, {4, 7}, {2, 5}, {3}, {1}], [{8, 6}, {4, 7}, {3, 5}, {1, 2}], [{8, 6}, {4, 7}, {3, 5}, {2}, {1}], [{8, 6}, {4, 7}, {5}, {2, 3}, {1}], [{8, 6}, {5, 7}, {1, 4}, {2, 3}], [{8, 6}, {5, 7}, {2, 4}, {1, 3}], [{8, 6}, {5, 7}, {3, 4}, {1, 2}], [{8, 6}, {7}, {2, 5}, {1, 4}, {3}], [{8, 6}, {7}, {3, 5}, {1, 4}, {2}], [{8, 6}, {7}, {5}, {1, 4}, {2, 3}], [{8, 6}, {7}, {5}, {2, 4}, {1, 3}], [{8, 7}, {1, 6}, {2, 5}, {3, 4}], [{8, 7}, {1, 6}, {3, 5}, {2, 4}], [{8, 7}, {1, 6}, {4, 5}, {2, 3}], [{8, 7}, {1, 6}, {5}, {2, 4}, {3}], [{8, 7}, {2, 6}, {1, 5}, {3, 4}], [{8, 7}, {2, 6}, {3, 5}, {1, 4}], [{8, 7}, {2, 6}, {3, 5}, {4}, {1}], [{8, 7}, {2, 6}, {4, 5}, {1, 3}], [{8, 7}, {2, 6}, {4, 5}, {3}, {1}], [{8, 7}, {2, 6}, {5}, {3, 4}, {1}], [{8, 7}, {3, 6}, {1, 5}, {2, 4}], [{8, 7}, {3, 6}, {2, 5}, {1, 4}], [{8, 7}, {3, 6}, {4, 5}, {1, 2}], [{8, 7}, {3, 6}, {5}, {2, 4}, {1}], [{8, 7}, {4, 6}, {1, 5}, {2, 3}], [{8, 7}, {4, 6}, {2, 5}, {1, 3}], [{8, 7}, {4, 6}, {3, 5}, {1, 2}], [{8, 7}, {5, 6}, {1, 4}, {2, 3}], [{8, 7}, {5, 6}, {2, 4}, {1, 3}], [{8, 7}, {5, 6}, {3, 4}, {1, 2}], [{8, 7}, {5, 6}, {4}, {3}, {1, 2}], [{8, 7}, {6}, {5}, {1, 4}, {2, 3}], [{8, 7}, {6}, {5}, {2, 4}, {1, 3}], [{8}, {1, 7}, {2, 6}, {3, 5}, {4}], [{8}, {1, 7}, {3, 6}, {2, 5}, {4}], [{8}, {1, 7}, {3, 6}, {4, 5}, {2}], [{8}, {1, 7}, {3, 6}, {5}, {2, 4}], [{8}, {1, 7}, {3, 6}, {5}, {4}, {2}], [{8}, {1, 7}, {5, 6}, {4}, {2, 3}], [{8}, {2, 7}, {4, 6}, {1, 5}, {3}], [{8}, {2, 7}, {4, 6}, {3, 5}, {1}], [{8}, {2, 7}, {4, 6}, {5}, {1, 3}], [{8}, {3, 7}, {1, 6}, {5}, {2, 4}], [{8}, {3, 7}, {2, 6}, {4, 5}, {1}], [{8}, {3, 7}, {5, 6}, {4}, {1, 2}], [{8}, {4, 7}, {1, 6}, {3, 5}, {2}], [{8}, {4, 7}, {2, 6}, {1, 5}, {3}], [{8}, {4, 7}, {2, 6}, {3, 5}, {1}], [{8}, {4, 7}, {2, 6}, {5}, {1, 3}], [{8}, {4, 7}, {2, 6}, {5}, {3}, {1}], [{8}, {4, 7}, {3, 6}, {2, 5}, {1}], [{8}, {4, 7}, {5, 6}, {2, 3}, {1}], [{8}, {4, 7}, {6}, {3, 5}, {1, 2}], [{8}, {4, 7}, {6}, {3, 5}, {2}, {1}], [{8}, {5, 7}, {2, 6}, {3, 4}, {1}], [{8}, {5, 7}, {6}, {1, 4}, {2, 3}], [{8}, {5, 7}, {6}, {2, 4}, {1, 3}], [{8}, {6, 7}, {1, 5}, {2, 4}, {3}], [{8}, {6, 7}, {2, 5}, {4}, {1, 3}], [{8}, {6, 7}, {3, 5}, {2, 4}, {1}], [{8}, {6, 7}, {4, 5}, {1, 3}, {2}], [{8}, {6, 7}, {5}, {1, 4}, {2, 3}], [{8}, {6, 7}, {5}, {2, 4}, {1, 3}], [{8}, {6, 7}, {5}, {2, 4}, {3}, {1}], [{8}, {6, 7}, {5}, {3, 4}, {1, 2}], [{8}, {6, 7}, {5}, {4}, {1, 3}, {2}], [{8}, {7}, {2, 6}, {3, 5}, {1, 4}], [{8}, {7}, {2, 6}, {3, 5}, {4}, {1}], [{8}, {7}, {3, 6}, {2, 5}, {1, 4}], [{8}, {7}, {5, 6}, {1, 4}, {2, 3}], [{8}, {7}, {5, 6}, {2, 4}, {1, 3}], [{8}, {7}, {6}, {5}, {1, 4}, {2, 3}], [{8}, {7}, {6}, {5}, {2, 4}, {1, 3}]]",2,- 22 K_1^2 - 4 K_1 K_2 + 2 K_1 + 11 K_2 + 2 K_3 + 12,O1O2O3U1O4U5U2O6U7U4O7U3U6O8O5U8,O1O2U3O4O3U1O5O6U4O7U2U5U7O8U6U8,O1O2U3O4O5U4O6O3U7U1O7U8U2U6O8U5,c,"{'O1O2O3U4O5O4U2U6O7U8U7U1O6U5O8U3', 'O1O2O3U4O5O4U6U1O7U8U7O6U2U5O8U3'}",2,"<a href=""/flatknot/8.975801"">8.975801</a>",t^9-65t^7-182t^6+123t^5+464t^4-96t^3-260t^2+168t,t^2-2t,,
8.975802,O1O2O3U4O5O4U6U1O7U8U7O6U3U2O8U5,3,7z^2+50z+73,7w^3z^2+50w^2z+73w,False,False,"[[ 0 -2  1  1  1  2 -2  1 -2],[ 2  0  1  0  2  1  2  0  1],[-1 -1  0  0 -1  0 -1  0 -2],[-1  0  0  0 -1 -1 -1  0 -1],[-1 -2  1  1  0  2 -3  1 -3],[-2 -1  0  1 -2  0 -3  1 -2],[ 2 -2  1  1  3  3  0  1  0],[-1  0  0  0 -1 -1 -1  0 -1],[ 2 -1  2  1  3  2  0  1  0]]","[[ 0  2  1  1  1  1 -2 -2 -2],[-2  0  1  1  0 -2 -1 -2 -3],[-1 -1  0  0  0 -1  0 -1 -1],[-1 -1  0  0  0 -1  0 -1 -1],[-1  0  0  0  0 -1 -1 -2 -1],[-1  2  1  1  1  0 -2 -3 -3],[ 2  1  0  0  1  2  0  1  2],[ 2  2  1  1  2  3 -1  0  0],[ 2  3  1  1  1  3 -2  0  0]]",True,"[-2,-1,-1,-1,-1,2,2,2,-1,-1,0,2,1,2,3,0,0,1,0,1,1,0,1,0,1,1,1,1,2,1,2,3,3,-1,-2,0]","[-2,-2,-2,1,1,1,1,2,-2,-1,1,2,3,3,3,0,0,2,2,2,1,0,1,2,2,2,-1,-1,-1,-1,0,0,1,0,2,2]",t^8+60t^6+134t^4+37t^2,"[-2,-2,-2,1,1,1,1,2,-2,-1,1,2,3,3,3,0,0,2,2,2,1,0,1,2,2,2,-1,-1,-1,-1,0,0,1,0,2,2]","[-2,-1,-1,-1,-1,2,2,2,-1,1,2,2,1,2,3,1,1,1,0,0,1,0,0,2,1,2,0,2,2,3,2,2,3,0,-2,-1]","[-2,-2,-2,1,1,1,1,2,-2,0,1,1,1,3,3,1,0,0,1,2,1,1,1,2,3,2,0,0,-1,-1,0,-1,-1,-1,0,2]",c,"[[{8, 2}, {1, 7}, {3, 6}, {4, 5}], [{8, 2}, {1, 7}, {3, 6}, {5}, {4}], [{8, 2}, {6, 7}, {4, 5}, {1, 3}], [{8, 2}, {6, 7}, {5}, {4}, {1, 3}]]",1,- 8 K_1^2 + 4 K_2 + 5,O1O2O3U4O5U2U1O6U7U5O7U3U6O8O4U8,O1O2U3O4O3U1O5O6U4O7U2U6U5O8U7U8,O1O2U3O4O5U4O6O3U7U8O7U2U1U6O8U5,c,"{'O1O2O3U4O5O4U6U1O7U8U7O6U3U2O8U5', 'O1O2U3O4O5U6O3U1O7U8U7U4O6U2O8U5'}",2,"<a href=""/flatknot/8.975802"">8.975802</a>",t^9-64t^7-204t^6-8t^5+438t^4+128t^3-252t^2-8t,2t^2-4t,,
8.975803,O1O2O3U4O5O4U6U1O7U8U7O6U5U2O8U3,4,16z^2+85z+107,16w^3z^2+85w^2z+107w,False,False,"[[ 0 -2  1  2  1  1 -2  1 -2],[ 2  0  1  2  2 -1  2  0  1],[-1 -1  0  0  0 -1 -1  0 -2],[-2 -2  0  0 -1  0 -3  1 -3],[-1 -2  0  1  0  1 -3  1 -2],[-1  1  1  0 -1  0 -1  0 -1],[ 2 -2  1  3  3  1  0  1  0],[-1  0  0 -1 -1  0 -1  0 -1],[ 2 -1  2  3  2  1  0  1  0]]","[[ 0  2  1  1  1  1 -2 -2 -2],[-2  0  1  0  0 -1 -2 -3 -3],[-1 -1  0  0  0 -1  0 -1 -1],[-1  0  0  0  1 -1  1 -1 -1],[-1  0  0 -1  0  0 -1 -1 -2],[-1  1  1  1  0  0 -2 -3 -2],[ 2  2  0 -1  1  2  0  2  1],[ 2  3  1  1  1  3 -2  0  0],[ 2  3  1  1  2  2 -1  0  0]]",True,"[-2,-1,-1,-1,-1,2,2,2,-1,0,0,1,2,3,3,0,0,1,0,1,1,-1,1,-1,1,1,0,1,1,2,2,3,2,-2,-1,0]","[-2,-2,-2,1,1,1,1,2,-2,-1,1,2,3,4,2,0,0,2,2,2,1,1,1,2,2,1,0,-1,-1,0,0,1,1,0,2,1]",t^8+60t^6+286t^4+78t^2+1,"[-2,-2,-2,1,1,1,1,2,-2,-1,1,2,3,4,2,0,0,2,2,2,1,1,1,2,2,1,0,-1,-1,0,0,1,1,0,2,1]","[-2,-1,-1,-1,-1,2,2,2,0,1,1,2,1,1,2,0,1,1,0,1,1,-1,0,2,1,2,0,2,2,4,2,2,3,0,-2,-1]","[-2,-2,-2,1,1,1,1,2,-2,0,1,1,1,3,3,1,-1,0,1,2,2,1,1,2,2,3,0,1,-1,0,0,-1,-1,0,0,1]",c,"[[{8, 2}, {1, 7}, {4, 6}, {3, 5}], [{8, 2}, {6, 7}, {3, 5}, {1, 4}]]",1,4 K_1^3 - 12 K_1^2 - 4 K_1 K_2 - K_1 + 6 K_2 + K_3 + 7,O1O2O3U1O4U2U5O6U7U4O7U3U6O8O5U8,O1O2U3O4O3U1O5O6U4O7U2U6U7O8U5U8,O1O2U3O4O5U4O6O3U7U2O7U8U1U6O8U5,c,{'O1O2O3U4O5O4U6U1O7U8U7O6U5U2O8U3'},1,"<a href=""/flatknot/8.975803"">8.975803</a>",t^9-64t^7-176t^6+32t^5+376t^4+103t^3-192t^2+9t+70,2t^2-4t,,
8.975804,O1O2O3U4O5O4U6U1O7U8U7O6U5U3O8U2,4,6z^3+42z^2+109z+99,6w^4z^3+42w^3z^2+109w^2z+99w,False,False,"[[ 0 -2  1  2  1  1 -2  1 -2],[ 2  0  2  1  2 -1  2  0  1],[-1 -2  0  1  0  0 -2  1 -3],[-2 -1 -1  0 -1 -1 -2  0 -3],[-1 -2  0  1  0  1 -3  1 -2],[-1  1  0  1 -1  0 -1  0 -1],[ 2 -2  2  2  3  1  0  1  0],[-1  0 -1  0 -1  0 -1  0 -1],[ 2 -1  3  3  2  1  0  1  0]]","[[ 0  2  1  1  1  1 -2 -2 -2],[-2  0  0 -1 -1 -1 -1 -2 -3],[-1  0  0  0 -1 -1  0 -1 -1],[-1  1  0  0  0 -1  1 -1 -1],[-1  1  1  0  0  0 -2 -2 -3],[-1  1  1  1  0  0 -2 -3 -2],[ 2  1  0 -1  2  2  0  2  1],[ 2  2  1  1  2  3 -2  0  0],[ 2  3  1  1  3  2 -1  0  0]]",True,"[-2,-1,-1,-1,-1,2,2,2,0,1,1,1,1,2,3,0,1,1,0,1,1,0,1,-1,1,1,0,2,2,3,2,3,2,-2,-1,0]","[-2,-2,-2,1,1,1,1,2,-2,-1,1,1,3,4,3,0,0,1,2,2,2,1,0,2,2,1,0,-1,-1,0,-1,0,0,0,1,0]",t^8+64t^6+333t^4+104t^2+4,"[-2,-2,-2,1,1,1,1,2,-2,-1,1,1,3,4,3,0,0,1,2,2,2,1,0,2,2,1,0,-1,-1,0,-1,0,0,0,1,0]","[-2,-1,-1,-1,-1,2,2,2,0,0,0,1,1,2,3,-1,0,0,2,2,4,0,1,1,0,1,1,0,1,1,2,2,3,0,-1,-2]","[-2,-2,-2,1,1,1,1,2,-2,0,1,1,2,3,2,1,-1,0,2,2,1,1,1,3,2,3,0,0,-1,1,-1,-1,0,0,1,1]",c,"[[{8, 3}, {1, 7}, {4, 6}, {2, 5}], [{8, 3}, {6, 7}, {2, 5}, {1, 4}]]",1,4 K_1^3 - 12 K_1^2 - 4 K_1 K_2 - K_1 + 6 K_2 + K_3 + 7,O1O2O3U2O4U1U5O6U7U4O7U3U6O8O5U8,O1O2U3O4O3U1O5O6U4O7U2U7U6O8U5U8,O1O2U3O4O5U4O6O3U7U2O7U1U8U6O8U5,c,{'O1O2O3U4O5O4U6U1O7U8U7O6U5U3O8U2'},1,"<a href=""/flatknot/8.975804"">8.975804</a>",t^9-68t^7-192t^6+55t^5+392t^4+108t^3-58t^2+24t-22,2t^2-4t,,
8.975805,O1O2O3U4O5O4U6U2O7U1U3O6U8U7O8U5,4,2z^3+30z^2+109z+115,2w^4z^3+30w^3z^2+109w^2z+115w,False,False,"[[ 0 -2 -1  1  1  2 -2  2 -1],[ 2  0  0  2  2  2  0  1  1],[ 1  0  0  1  1  0  0  0  1],[-1 -2 -1  0 -1  0 -1  0 -2],[-1 -2 -1  1  0  2 -3  2 -2],[-2 -2  0  0 -2  0 -1  0 -3],[ 2  0  0  1  3  1  0  2  2],[-2 -1  0  0 -2  0 -2  0 -2],[ 1 -1 -1  2  2  3 -2  2  0]]","[[ 0  2  2  1  1 -1 -1 -2 -2],[-2  0  0  0 -2  0 -2 -1 -2],[-2  0  0  0 -2  0 -3 -2 -1],[-1  0  0  0 -1 -1 -2 -2 -1],[-1  2  2  1  0 -1 -2 -2 -3],[ 1  0  0  1  1  0  1  0  0],[ 1  2  3  2  2 -1  0 -1 -2],[ 2  1  2  2  2  0  1  0  0],[ 2  2  1  1  3  0  2  0  0]]",True,"[-2,-2,-1,-1,1,1,2,2,0,0,2,0,2,1,2,0,2,0,3,2,1,1,1,2,2,1,1,2,2,3,-1,0,0,1,2,0]","[-2,-2,-1,-1,1,1,2,2,0,-1,1,0,2,2,3,0,1,1,1,3,2,1,0,0,1,0,1,1,3,3,-1,-1,-1,1,1,0]",t^8+66t^6+210t^4+144t^2+1,"[-2,-2,-1,-1,1,1,2,2,0,-1,1,0,2,2,3,0,1,1,1,3,2,1,0,0,1,0,1,1,3,3,-1,-1,-1,1,1,0]","[-2,-2,-1,-1,1,1,2,2,0,-1,1,0,3,2,3,-1,1,1,3,3,2,1,0,1,1,0,0,1,1,2,-1,0,-1,1,1,0]","[-2,-2,-1,-1,1,1,2,2,0,0,1,2,2,1,2,0,2,1,3,2,1,1,1,1,0,0,2,2,2,3,-1,0,0,2,2,0]",c,"[[{8, 3}, {6, 7}, {1, 5}, {2, 4}], [{8, 6}, {3, 7}, {1, 5}, {2, 4}], [{8, 7}, {3, 6}, {1, 5}, {2, 4}]]",1,- 4 K_1^2 - 4 K_1 K_2 + 2 K_1 + 2 K_2 + 2 K_3 + 3,O1O2O3U4O5U6U5O7U1U3O6U2U7O8O4U8,O1O2U3O4O5U1O6O3U6O7U4U2U5O8U7U8,O1O2U3O4O5U1O6O3U7U8O7U4U6U5O8U2,c,{'O1O2O3U4O5O4U6U2O7U1U3O6U8U7O8U5'},1,"<a href=""/flatknot/8.975805"">8.975805</a>",t^9-66t^7-220t^6+66t^5+542t^4+104t^3-218t^2+23t+24,0,,
8.975806,O1O2O3U4O5O4U6U2O7U1U5O6U8U7O8U3,4,3z^3+28z^2+88z+89,3w^4z^3+28w^3z^2+88w^2z+89w,False,False,"[[ 0 -2 -1  2  1  1 -2  2 -1],[ 2  0  0  3  2  1  0  1  1],[ 1  0  0  1  1  0  0  0  1],[-2 -3 -1  0 -1 -1 -2  1 -3],[-1 -2 -1  1  0  1 -2  1 -2],[-1 -1  0  1 -1  0 -1  0 -2],[ 2  0  0  2  2  1  0  2  2],[-2 -1  0 -1 -1  0 -2  0 -2],[ 1 -1 -1  3  2  2 -2  2  0]]","[[ 0  2  2  1  1 -1 -1 -2 -2],[-2  0  1 -1 -1 -1 -3 -2 -3],[-2 -1  0  0 -1  0 -2 -2 -1],[-1  1  0  0 -1  0 -2 -1 -1],[-1  1  1  1  0 -1 -2 -2 -2],[ 1  1  0  0  1  0  1  0  0],[ 1  3  2  2  2 -1  0 -2 -1],[ 2  2  2  1  2  0  2  0  0],[ 2  3  1  1  2  0  1  0  0]]",True,"[-2,-2,-1,-1,1,1,2,2,-1,1,1,1,3,2,3,0,1,0,2,2,1,1,0,2,1,1,1,2,2,2,-1,0,0,2,1,0]","[-2,-2,-1,-1,1,1,2,2,-1,0,1,1,3,2,3,0,0,0,2,2,1,1,0,1,1,1,0,2,2,2,-1,-1,0,1,1,0]",t^8+62t^6+219t^4+132t^2+9,"[-2,-2,-1,-1,1,1,2,2,0,-1,1,1,2,2,2,0,1,1,2,1,3,1,0,0,0,1,1,2,2,3,-1,0,0,0,1,-1]","[-2,-2,-1,-1,1,1,2,2,-1,0,1,1,3,2,3,0,0,0,2,2,1,1,0,1,1,1,0,2,2,2,-1,-1,0,1,1,0]","[-2,-2,-1,-1,1,1,2,2,0,0,1,1,2,1,3,0,2,1,2,2,2,1,0,1,0,1,2,2,2,3,-1,0,1,1,1,-1]",c,"[[{8, 4}, {1, 7}, {3, 6}, {2, 5}], [{8, 4}, {6, 7}, {2, 5}, {1, 3}]]",1,- 8 K_1^2 - 4 K_1 K_2 + 2 K_1 + 4 K_2 + 2 K_3 + 5,O1O2O3U1O4U5U4O6U7U3O5U2U6O8O7U8,O1O2U3O4O5U1O6O3U6O7U4U2U7O8U5U8,O1O2U3O4O5U1O6O3U7U4O7U8U6U5O8U2,c,{'O1O2O3U4O5O4U6U2O7U1U5O6U8U7O8U3'},1,"<a href=""/flatknot/8.975806"">8.975806</a>",t^9-62t^7-222t^6-139t^5+186t^4+83t^3-44t^2+15t+2,0,,
8.975807,O1O2O3U4O5O4U6U2O7U1U7O6U8U3O8U5,4,z^3+20z^2+102z+133,w^4z^3+20w^3z^2+102w^2z+133w,False,False,"[[ 0 -2 -1  2  1  2 -2  1 -1],[ 2  0  0  2  2  2  0  1  1],[ 1  0  0  0  1  0  1  0  0],[-2 -2  0  0 -2 -1 -2  0 -2],[-1 -2 -1  2  0  2 -3  1 -2],[-2 -2  0  1 -2  0 -2  0 -2],[ 2  0 -1  2  3  2  0  1  1],[-1 -1  0  0 -1  0 -1  0 -1],[ 1 -1  0  2  2  2 -1  1  0]]","[[ 0  2  2  1  1 -1 -1 -2 -2],[-2  0  1  0 -2  0 -2 -2 -2],[-2 -1  0  0 -2  0 -2 -2 -2],[-1  0  0  0 -1  0 -1 -1 -1],[-1  2  2  1  0 -1 -2 -2 -3],[ 1  0  0  0  1  0  0  0  1],[ 1  2  2  1  2  0  0 -1 -1],[ 2  2  2  1  2  0  1  0  0],[ 2  2  2  1  3 -1  1  0  0]]",True,"[-2,-2,-1,-1,1,1,2,2,-1,0,2,0,2,2,2,0,2,0,2,2,2,1,0,1,1,1,1,2,2,3,0,0,-1,1,1,0]","[-2,-2,-1,-1,1,1,2,2,-1,-1,1,1,3,2,2,-1,1,1,3,2,2,1,0,1,0,1,1,2,2,2,0,0,0,2,1,0]",t^8+58t^6+95t^4+31t^2+1,"[-2,-2,-1,-1,1,1,2,2,0,0,1,1,2,2,2,0,2,0,2,2,2,0,0,1,1,1,1,2,3,3,-1,-1,-1,1,1,-1]","[-2,-2,-1,-1,1,1,2,2,-1,-1,1,1,3,2,2,-1,1,1,3,2,2,1,0,1,0,1,1,2,2,2,0,0,0,2,1,0]","[-2,-2,-1,-1,1,1,2,2,0,-1,1,1,3,2,2,0,1,1,2,2,2,0,0,1,0,0,1,2,2,2,-1,0,0,2,2,-1]",c,"[[{8, 1}, {2, 7}, {3, 6}, {4, 5}], [{8, 1}, {2, 7}, {4, 6}, {3, 5}], [{8, 1}, {2, 7}, {5, 6}, {3, 4}], [{8, 1}, {2, 7}, {6}, {3, 5}, {4}], [{8, 1}, {3, 7}, {2, 6}, {4, 5}], [{8, 1}, {3, 7}, {4, 6}, {2, 5}], [{8, 1}, {3, 7}, {5, 6}, {2, 4}], [{8, 1}, {4, 7}, {2, 6}, {3, 5}], [{8, 1}, {4, 7}, {3, 6}, {2, 5}], [{8, 1}, {4, 7}, {5, 6}, {2, 3}], [{8, 1}, {4, 7}, {6}, {3, 5}, {2}], [{8, 1}, {5, 7}, {2, 6}, {3, 4}], [{8, 1}, {5, 7}, {3, 6}, {2, 4}], [{8, 1}, {5, 7}, {4, 6}, {2, 3}], [{8, 1}, {6, 7}, {2, 5}, {3, 4}], [{8, 1}, {6, 7}, {3, 5}, {2, 4}], [{8, 1}, {6, 7}, {3, 5}, {4}, {2}], [{8, 1}, {6, 7}, {4, 5}, {2, 3}], [{8, 1}, {7}, {2, 6}, {3, 5}, {4}], [{8, 1}, {7}, {4, 6}, {3, 5}, {2}], [{8, 1}, {7}, {6}, {2, 5}, {3, 4}], [{8, 1}, {7}, {6}, {3, 5}, {2, 4}], [{8, 1}, {7}, {6}, {3, 5}, {4}, {2}], [{8, 1}, {7}, {6}, {4, 5}, {2, 3}], [{8, 2}, {1, 7}, {3, 6}, {4, 5}], [{8, 2}, {1, 7}, {4, 6}, {3, 5}], [{8, 2}, {1, 7}, {5, 6}, {3, 4}], [{8, 2}, {1, 7}, {6}, {3, 5}, {4}], [{8, 2}, {3, 7}, {1, 6}, {4, 5}], [{8, 2}, {3, 7}, {4, 6}, {1, 5}], [{8, 2}, {3, 7}, {5, 6}, {1, 4}], [{8, 2}, {3, 7}, {6}, {1, 5}, {4}], [{8, 2}, {4, 7}, {1, 6}, {3, 5}], [{8, 2}, {4, 7}, {1, 6}, {5}, {3}], [{8, 2}, {4, 7}, {3, 6}, {1, 5}], [{8, 2}, {4, 7}, {3, 6}, {5}, {1}], [{8, 2}, {4, 7}, {5, 6}, {1, 3}], [{8, 2}, {4, 7}, {5, 6}, {3}, {1}], [{8, 2}, {4, 7}, {6}, {1, 5}, {3}], [{8, 2}, {4, 7}, {6}, {3, 5}, {1}], [{8, 2}, {4, 7}, {6}, {5}, {1, 3}], [{8, 2}, {5, 7}, {1, 6}, {3, 4}], [{8, 2}, {5, 7}, {3, 6}, {1, 4}], [{8, 2}, {5, 7}, {4, 6}, {1, 3}], [{8, 2}, {5, 7}, {6}, {4}, {1, 3}], [{8, 2}, {6, 7}, {1, 5}, {3, 4}], [{8, 2}, {6, 7}, {1, 5}, {4}, {3}], [{8, 2}, {6, 7}, {3, 5}, {1, 4}], [{8, 2}, {6, 7}, {3, 5}, {4}, {1}], [{8, 2}, {6, 7}, {4, 5}, {1, 3}], [{8, 2}, {6, 7}, {5}, {4}, {1, 3}], [{8, 2}, {7}, {1, 6}, {3, 5}, {4}], [{8, 2}, {7}, {3, 6}, {1, 5}, {4}], [{8, 2}, {7}, {4, 6}, {1, 5}, {3}], [{8, 2}, {7}, {4, 6}, {3, 5}, {1}], [{8, 2}, {7}, {4, 6}, {5}, {1, 3}], [{8, 2}, {7}, {5, 6}, {4}, {1, 3}], [{8, 2}, {7}, {6}, {1, 5}, {3, 4}], [{8, 2}, {7}, {6}, {1, 5}, {4}, {3}], [{8, 2}, {7}, {6}, {3, 5}, {1, 4}], [{8, 2}, {7}, {6}, {3, 5}, {4}, {1}], [{8, 2}, {7}, {6}, {4, 5}, {1, 3}], [{8, 2}, {7}, {6}, {5}, {4}, {1, 3}], [{8, 3}, {1, 7}, {2, 6}, {4, 5}], [{8, 3}, {1, 7}, {2, 6}, {5}, {4}], [{8, 3}, {1, 7}, {4, 6}, {2, 5}], [{8, 3}, {1, 7}, {4, 6}, {5}, {2}], [{8, 3}, {1, 7}, {5, 6}, {2, 4}], [{8, 3}, {1, 7}, {5, 6}, {4}, {2}], [{8, 3}, {1, 7}, {6}, {2, 5}, {4}], [{8, 3}, {1, 7}, {6}, {4, 5}, {2}], [{8, 3}, {1, 7}, {6}, {5}, {2, 4}], [{8, 3}, {2, 7}, {1, 6}, {4, 5}], [{8, 3}, {2, 7}, {4, 6}, {1, 5}], [{8, 3}, {2, 7}, {5, 6}, {1, 4}], [{8, 3}, {2, 7}, {6}, {4, 5}, {1}], [{8, 3}, {4, 7}, {1, 6}, {2, 5}], [{8, 3}, {4, 7}, {2, 6}, {1, 5}], [{8, 3}, {4, 7}, {5, 6}, {1, 2}], [{8, 3}, {4, 7}, {6}, {2, 5}, {1}], [{8, 3}, {5, 7}, {1, 6}, {2, 4}], [{8, 3}, {5, 7}, {2, 6}, {1, 4}], [{8, 3}, {5, 7}, {4, 6}, {1, 2}], [{8, 3}, {5, 7}, {6}, {2, 4}, {1}], [{8, 3}, {6, 7}, {1, 5}, {2, 4}], [{8, 3}, {6, 7}, {2, 5}, {1, 4}], [{8, 3}, {6, 7}, {2, 5}, {4}, {1}], [{8, 3}, {6, 7}, {4, 5}, {1, 2}], [{8, 3}, {6, 7}, {4, 5}, {2}, {1}], [{8, 3}, {6, 7}, {5}, {2, 4}, {1}], [{8, 3}, {7}, {1, 6}, {2, 5}, {4}], [{8, 3}, {7}, {1, 6}, {4, 5}, {2}], [{8, 3}, {7}, {1, 6}, {5}, {2, 4}], [{8, 3}, {7}, {2, 6}, {4, 5}, {1}], [{8, 3}, {7}, {4, 6}, {2, 5}, {1}], [{8, 3}, {7}, {5, 6}, {2, 4}, {1}], [{8, 3}, {7}, {6}, {1, 5}, {2, 4}], [{8, 3}, {7}, {6}, {2, 5}, {1, 4}], [{8, 3}, {7}, {6}, {2, 5}, {4}, {1}], [{8, 3}, {7}, {6}, {4, 5}, {1, 2}], [{8, 3}, {7}, {6}, {4, 5}, {2}, {1}], [{8, 3}, {7}, {6}, {5}, {2, 4}, {1}], [{8, 4}, {1, 7}, {2, 6}, {3, 5}], [{8, 4}, {1, 7}, {3, 6}, {2, 5}], [{8, 4}, {1, 7}, {3, 6}, {5}, {2}], [{8, 4}, {1, 7}, {5, 6}, {2, 3}], [{8, 4}, {1, 7}, {5, 6}, {3}, {2}], [{8, 4}, {1, 7}, {6}, {3, 5}, {2}], [{8, 4}, {2, 7}, {1, 6}, {3, 5}], [{8, 4}, {2, 7}, {3, 6}, {1, 5}], [{8, 4}, {2, 7}, {5, 6}, {1, 3}], [{8, 4}, {2, 7}, {6}, {3, 5}, {1}], [{8, 4}, {3, 7}, {1, 6}, {2, 5}], [{8, 4}, {3, 7}, {2, 6}, {1, 5}], [{8, 4}, {3, 7}, {5, 6}, {1, 2}], [{8, 4}, {5, 7}, {1, 6}, {2, 3}], [{8, 4}, {5, 7}, {2, 6}, {1, 3}], [{8, 4}, {5, 7}, {3, 6}, {1, 2}], [{8, 4}, {6, 7}, {1, 5}, {2, 3}], [{8, 4}, {6, 7}, {2, 5}, {1, 3}], [{8, 4}, {6, 7}, {3, 5}, {1, 2}], [{8, 4}, {6, 7}, {3, 5}, {2}, {1}], [{8, 4}, {7}, {1, 6}, {3, 5}, {2}], [{8, 4}, {7}, {2, 6}, {3, 5}, {1}], [{8, 4}, {7}, {6}, {1, 5}, {2, 3}], [{8, 4}, {7}, {6}, {2, 5}, {1, 3}], [{8, 4}, {7}, {6}, {3, 5}, {1, 2}], [{8, 4}, {7}, {6}, {3, 5}, {2}, {1}], [{8, 5}, {1, 7}, {2, 6}, {3, 4}], [{8, 5}, {1, 7}, {3, 6}, {2, 4}], [{8, 5}, {1, 7}, {3, 6}, {4}, {2}], [{8, 5}, {1, 7}, {4, 6}, {2, 3}], [{8, 5}, {1, 7}, {6}, {2, 4}, {3}], [{8, 5}, {2, 7}, {1, 6}, {3, 4}], [{8, 5}, {2, 7}, {3, 6}, {1, 4}], [{8, 5}, {2, 7}, {4, 6}, {1, 3}], [{8, 5}, {3, 7}, {1, 6}, {2, 4}], [{8, 5}, {3, 7}, {2, 6}, {1, 4}], [{8, 5}, {3, 7}, {4, 6}, {1, 2}], [{8, 5}, {3, 7}, {6}, {2, 4}, {1}], [{8, 5}, {4, 7}, {1, 6}, {2, 3}], [{8, 5}, {4, 7}, {2, 6}, {1, 3}], [{8, 5}, {4, 7}, {3, 6}, {1, 2}], [{8, 5}, {6, 7}, {1, 4}, {2, 3}], [{8, 5}, {6, 7}, {2, 4}, {1, 3}], [{8, 5}, {6, 7}, {2, 4}, {3}, {1}], [{8, 5}, {6, 7}, {3, 4}, {1, 2}], [{8, 5}, {7}, {1, 6}, {2, 4}, {3}], [{8, 5}, {7}, {3, 6}, {2, 4}, {1}], [{8, 5}, {7}, {6}, {1, 4}, {2, 3}], [{8, 5}, {7}, {6}, {2, 4}, {1, 3}], [{8, 5}, {7}, {6}, {2, 4}, {3}, {1}], [{8, 5}, {7}, {6}, {3, 4}, {1, 2}], [{8, 6}, {1, 7}, {2, 5}, {3, 4}], [{8, 6}, {1, 7}, {3, 5}, {2, 4}], [{8, 6}, {1, 7}, {4, 5}, {2, 3}], [{8, 6}, {1, 7}, {4, 5}, {3}, {2}], [{8, 6}, {2, 7}, {1, 5}, {3, 4}], [{8, 6}, {2, 7}, {3, 5}, {1, 4}], [{8, 6}, {2, 7}, {4, 5}, {1, 3}], [{8, 6}, {3, 7}, {1, 5}, {2, 4}], [{8, 6}, {3, 7}, {2, 5}, {1, 4}], [{8, 6}, {3, 7}, {2, 5}, {4}, {1}], [{8, 6}, {3, 7}, {4, 5}, {1, 2}], [{8, 6}, {4, 7}, {1, 5}, {2, 3}], [{8, 6}, {4, 7}, {2, 5}, {1, 3}], [{8, 6}, {4, 7}, {3, 5}, {1, 2}], [{8, 6}, {4, 7}, {5}, {1, 3}, {2}], [{8, 6}, {5, 7}, {1, 4}, {2, 3}], [{8, 6}, {5, 7}, {2, 4}, {1, 3}], [{8, 6}, {5, 7}, {3, 4}, {1, 2}], [{8, 6}, {7}, {1, 5}, {3, 4}, {2}], [{8, 6}, {7}, {2, 5}, {1, 4}, {3}], [{8, 6}, {7}, {3, 5}, {1, 4}, {2}], [{8, 6}, {7}, {3, 5}, {2, 4}, {1}], [{8, 6}, {7}, {3, 5}, {4}, {1, 2}], [{8, 6}, {7}, {5}, {1, 4}, {2, 3}], [{8, 7}, {1, 6}, {2, 5}, {3, 4}], [{8, 7}, {1, 6}, {3, 5}, {2, 4}], [{8, 7}, {1, 6}, {4, 5}, {2, 3}], [{8, 7}, {2, 6}, {1, 5}, {3, 4}], [{8, 7}, {2, 6}, {3, 5}, {1, 4}], [{8, 7}, {2, 6}, {4, 5}, {1, 3}], [{8, 7}, {2, 6}, {5}, {3, 4}, {1}], [{8, 7}, {3, 6}, {1, 5}, {2, 4}], [{8, 7}, {3, 6}, {2, 5}, {1, 4}], [{8, 7}, {3, 6}, {2, 5}, {4}, {1}], [{8, 7}, {3, 6}, {4, 5}, {1, 2}], [{8, 7}, {4, 6}, {1, 5}, {2, 3}], [{8, 7}, {4, 6}, {2, 5}, {1, 3}], [{8, 7}, {4, 6}, {3, 5}, {1, 2}], [{8, 7}, {5, 6}, {1, 4}, {2, 3}], [{8, 7}, {5, 6}, {2, 4}, {1, 3}], [{8, 7}, {5, 6}, {3, 4}, {1, 2}], [{8, 7}, {5, 6}, {4}, {2, 3}, {1}], [{8, 7}, {6}, {1, 5}, {3, 4}, {2}], [{8, 7}, {6}, {2, 5}, {1, 4}, {3}], [{8, 7}, {6}, {3, 5}, {1, 4}, {2}], [{8, 7}, {6}, {3, 5}, {2, 4}, {1}], [{8, 7}, {6}, {3, 5}, {4}, {1, 2}], [{8, 7}, {6}, {5}, {1, 4}, {2, 3}], [{8}, {1, 7}, {3, 6}, {4, 5}, {2}], [{8}, {1, 7}, {5, 6}, {3, 4}, {2}], [{8}, {1, 7}, {6}, {3, 5}, {2, 4}], [{8}, {2, 7}, {3, 6}, {5}, {1, 4}], [{8}, {2, 7}, {5, 6}, {1, 4}, {3}], [{8}, {2, 7}, {6}, {1, 5}, {3, 4}], [{8}, {2, 7}, {6}, {3, 5}, {1, 4}], [{8}, {3, 7}, {2, 6}, {5}, {1, 4}], [{8}, {3, 7}, {4, 6}, {5}, {1, 2}], [{8}, {3, 7}, {5, 6}, {1, 4}, {2}], [{8}, {3, 7}, {6}, {2, 5}, {1, 4}], [{8}, {4, 7}, {2, 6}, {5}, {1, 3}], [{8}, {4, 7}, {6}, {3, 5}, {1, 2}], [{8}, {5, 7}, {1, 6}, {3, 4}, {2}], [{8}, {5, 7}, {2, 6}, {1, 4}, {3}], [{8}, {5, 7}, {3, 6}, {1, 4}, {2}], [{8}, {5, 7}, {4, 6}, {3}, {1, 2}], [{8}, {5, 7}, {6}, {1, 4}, {2, 3}], [{8}, {6, 7}, {1, 5}, {3, 4}, {2}], [{8}, {6, 7}, {2, 5}, {1, 4}, {3}], [{8}, {6, 7}, {3, 5}, {1, 4}, {2}], [{8}, {6, 7}, {3, 5}, {2, 4}, {1}], [{8}, {6, 7}, {3, 5}, {4}, {1, 2}], [{8}, {6, 7}, {5}, {1, 4}, {2, 3}], [{8}, {7}, {1, 6}, {3, 5}, {2, 4}], [{8}, {7}, {2, 6}, {1, 5}, {3, 4}], [{8}, {7}, {2, 6}, {3, 5}, {1, 4}], [{8}, {7}, {3, 6}, {2, 5}, {1, 4}], [{8}, {7}, {4, 6}, {3, 5}, {1, 2}], [{8}, {7}, {5, 6}, {1, 4}, {2, 3}], [{8}, {7}, {6}, {1, 5}, {3, 4}, {2}], [{8}, {7}, {6}, {2, 5}, {1, 4}, {3}], [{8}, {7}, {6}, {3, 5}, {1, 4}, {2}], [{8}, {7}, {6}, {3, 5}, {2, 4}, {1}], [{8}, {7}, {6}, {3, 5}, {4}, {1, 2}], [{8}, {7}, {6}, {5}, {1, 4}, {2, 3}]]",2,- 24 K_1^2 - 4 K_1 K_2 + 2 K_1 + 12 K_2 + 2 K_3 + 13,O1O2O3U4O5U1U5O6U7U3O7U2U6O8O4U8,O1O2U3O4O3U1O5O6U5O7U4U2U6O8U7U8,O1O2U3O4O5U4O6O3U7U8O7U1U6U5O8U2,c,{'O1O2O3U4O5O4U6U2O7U1U7O6U8U3O8U5'},1,"<a href=""/flatknot/8.975807"">8.975807</a>",t^9-58t^7-206t^6-119t^5+306t^4+324t^3-64t^2-100t+12,0,,
8.975808,O1O2O3U4O5O4U6U2O7U1U7O6U8U5O8U3,3,13z^2+62z+73,-4w^4z^2+17w^3z^2+62w^2z+73w,False,False,"[[ 0 -2 -1  2  1  2 -2  1 -1],[ 2  0  0  3  2  1  0  1  1],[ 1  0  0  1  1 -1  1  0  0],[-2 -3 -1  0 -1  0 -2  0 -3],[-1 -2 -1  1  0  2 -3  1 -1],[-2 -1  1  0 -2  0 -2  0 -2],[ 2  0 -1  2  3  2  0  1  1],[-1 -1  0  0 -1  0 -1  0 -1],[ 1 -1  0  3  1  2 -1  1  0]]","[[ 0  2  2  1  1 -1 -1 -2 -2],[-2  0  0  0 -1 -1 -3 -2 -3],[-2  0  0  0 -2  1 -2 -2 -1],[-1  0  0  0 -1  0 -1 -1 -1],[-1  1  2  1  0 -1 -1 -3 -2],[ 1  1 -1  0  1  0  0  1  0],[ 1  3  2  1  1  0  0 -1 -1],[ 2  2  2  1  3 -1  1  0  0],[ 2  3  1  1  2  0  1  0  0]]",True,"[-2,-2,-1,-1,1,1,2,2,0,0,1,1,3,2,3,0,2,-1,2,2,1,1,0,1,1,1,1,1,3,2,0,-1,0,1,1,0]","[-2,-2,-1,-1,1,1,2,2,0,-1,1,1,3,2,2,0,1,1,2,1,3,0,0,1,-1,1,1,1,2,3,-1,0,0,2,1,0]",t^8+60t^6+317t^4+118t^2,"[-2,-2,-1,-1,1,1,2,2,0,0,1,1,2,1,3,0,2,0,2,2,2,0,1,1,0,1,1,2,2,4,-1,0,-1,1,1,0]","[-2,-2,-1,-1,1,1,2,2,0,-1,1,1,4,2,3,0,1,0,2,2,1,1,1,1,0,1,1,2,2,2,0,0,0,2,1,0]","[-2,-2,-1,-1,1,1,2,2,0,-1,1,1,3,2,2,0,1,1,2,1,3,0,0,1,-1,1,1,1,2,3,-1,0,0,2,1,0]",c,"[[{8, 4}, {2, 7}, {3, 6}, {1, 5}], [{8, 4}, {2, 7}, {5, 6}, {1, 3}]]",1,- 12 K_1^2 - 4 K_1 K_2 + 2 K_1 + 6 K_2 + 2 K_3 + 7,O1O2O3U1O4U5U4O6U7U3O7U2U6O8O5U8,O1O2U3O4O3U1O5O6U5O7U4U2U7O8U6U8,O1O2U3O4O5U4O6O3U7U1O7U8U6U5O8U2,c,{'O1O2O3U4O5O4U6U2O7U1U7O6U8U5O8U3'},1,"<a href=""/flatknot/8.975808"">8.975808</a>",t^9-60t^7-156t^6+155t^5+498t^4+147t^3-170t^2-56t+16,0,,
8.975809,O1O2O3U4O5O4U6U2O7U1U8O6U5U7O8U3,4,13z^2+90z+129,-2w^4z^2+15w^3z^2-6w^3z+96w^2z+129w,False,False,"[[ 0 -2 -1  2  1  1 -2  2 -1],[ 2  0  0  3  2  0  1  1  1],[ 1  0  0  1  1 -1  1  0  1],[-2 -3 -1  0 -1 -1 -2  1 -3],[-1 -2 -1  1  0  1 -3  1 -1],[-1  0  1  1 -1  0 -1  0 -1],[ 2 -1 -1  2  3  1  0  2  1],[-2 -1  0 -1 -1  0 -2  0 -2],[ 1 -1 -1  3  1  1 -1  2  0]]","[[ 0  2  2  1  1 -1 -1 -2 -2],[-2  0  1 -1 -1 -1 -3 -2 -3],[-2 -1  0  0 -1  0 -2 -2 -1],[-1  1  0  0 -1  1 -1 -1  0],[-1  1  1  1  0 -1 -1 -3 -2],[ 1  1  0 -1  1  0  1  1  0],[ 1  3  2  1  1 -1  0 -1 -1],[ 2  2  2  1  3 -1  1  0 -1],[ 2  3  1  0  2  0  1  1  0]]",True,"[-2,-2,-1,-1,1,1,2,2,-1,1,1,1,3,2,3,0,1,0,2,2,1,1,-1,1,1,0,1,1,3,2,-1,-1,0,1,1,1]","[-2,-2,-1,-1,1,1,2,2,-1,-1,1,1,3,2,2,0,1,0,2,1,3,1,-1,1,0,1,1,1,2,3,-1,0,1,1,1,-1]",t^8+60t^6+366t^4+295t^2+16,"[-2,-2,-1,-1,1,1,2,2,-1,0,1,1,3,1,3,0,2,0,2,2,2,1,1,1,0,1,1,3,2,3,-1,0,0,0,1,-1]","[-2,-2,-1,-1,1,1,2,2,-1,0,1,1,3,2,3,0,0,0,2,2,1,1,1,1,0,1,1,3,2,3,-1,0,0,2,1,-1]","[-2,-2,-1,-1,1,1,2,2,-1,-1,1,1,3,2,2,0,1,0,2,1,3,1,-1,1,0,1,1,1,2,3,-1,0,1,1,1,-1]",c,"[[{8, 4}, {1, 7}, {3, 6}, {2, 5}], [{8, 6}, {4, 7}, {3, 5}, {1, 2}]]",1,- 12 K_1^2 - 4 K_1 K_2 + 2 K_1 + 6 K_2 + 2 K_3 + 7,O1O2O3U1O4U5U6O7U4U3O5U2U7O8O6U8,O1O2U3O4O5U1O6O3U5O7U4U2U7O8U6U8,O1O2U3O4O5U1O6O3U7U2O7U8U6U5O8U4,c,{'O1O2O3U4O5O4U6U2O7U1U8O6U5U7O8U3'},1,"<a href=""/flatknot/8.975809"">8.975809</a>",t^9-60t^7-212t^6-94t^5+334t^4+176t^3-86t^2-11t-24,0,,
8.975810,O1O2O3U4O5O4U6U2O7U1U8O6U7U3O8U5,4,2z^3+24z^2+87z+95,2w^4z^3+24w^3z^2+87w^2z+95w,False,False,"[[ 0 -2 -1  2  1  2 -2  1 -1],[ 2  0  0  2  2  2  1  0  1],[ 1  0  0  0  1  0  1 -1  1],[-2 -2  0  0 -2 -1 -1 -1 -2],[-1 -2 -1  2  0  2 -3  1 -2],[-2 -2  0  1 -2  0 -2  0 -2],[ 2 -1 -1  1  3  2  0  1  1],[-1  0  1  1 -1  0 -1  0 -1],[ 1 -1 -1  2  2  2 -1  1  0]]","[[ 0  2  2  1  1 -1 -1 -2 -2],[-2  0  1  0 -2  0 -2 -2 -2],[-2 -1  0 -1 -2  0 -2 -1 -2],[-1  0  1  0 -1  1 -1 -1  0],[-1  2  2  1  0 -1 -2 -3 -2],[ 1  0  0 -1  1  0  1  1  0],[ 1  2  2  1  2 -1  0 -1 -1],[ 2  2  1  1  3 -1  1  0 -1],[ 2  2  2  0  2  0  1  1  0]]",True,"[-2,-2,-1,-1,1,1,2,2,-1,0,2,0,2,2,2,1,2,0,2,1,2,1,-1,1,1,0,1,2,3,2,-1,-1,0,1,1,1]","[-2,-2,-1,-1,1,1,2,2,-1,-1,0,1,3,2,3,-1,1,1,3,2,2,1,0,1,1,0,1,3,3,2,-1,0,0,1,2,1]",t^8+58t^6+255t^4+106t^2+9,"[-2,-2,-1,-1,1,1,2,2,-1,0,1,1,3,2,2,0,2,0,2,2,3,1,0,1,1,1,1,3,3,3,-1,-1,-1,1,0,-1]","[-2,-2,-1,-1,1,1,2,2,-1,-1,0,1,3,2,3,-1,1,1,3,2,2,1,0,1,1,0,1,3,3,2,-1,0,0,1,2,1]","[-2,-2,-1,-1,1,1,2,2,-1,-1,1,1,3,1,2,0,1,0,2,2,2,1,-1,1,0,0,1,2,2,2,-1,1,0,2,2,-1]",c,"[[{8, 3}, {6, 7}, {2, 5}, {1, 4}], [{8, 4}, {2, 7}, {5, 6}, {1, 3}], [{8, 6}, {3, 7}, {4, 5}, {1, 2}]]",1,8 K_1^3 - 16 K_1^2 - 20 K_1 K_2 + 4 K_1 + 8 K_2 + 8 K_3 + 9,O1O2O3U4O5U1U6O7U5U3O6U2U7O8O4U8,O1O2U3O4O5U1O3O6U5O7U4U2U6O8U7U8,O1O2U3O4O5U2O6O3U7U8O7U1U6U5O8U4,c,{'O1O2O3U4O5O4U6U2O7U1U8O6U7U3O8U5'},1,"<a href=""/flatknot/8.975810"">8.975810</a>",t^9-58t^7-234t^6-205t^5+360t^4+586t^3+46t^2-119t+18,0,,
8.975811,O1O2O3U4O5O4U6U2O7U1U8O6U7U5O8U3,4,12z^2+89z+131,12w^3z^2+89w^2z+131w,False,False,"[[ 0 -2 -1  2  1  2 -2  1 -1],[ 2  0  0  3  2  1  1  0  1],[ 1  0  0  1  1 -1  1 -1  1],[-2 -3 -1  0 -1  0 -2  0 -3],[-1 -2 -1  1  0  2 -3  1 -1],[-2 -1  1  0 -2  0 -1 -1 -2],[ 2 -1 -1  2  3  1  0  1  1],[-1  0  1  0 -1  1 -1  0 -1],[ 1 -1 -1  3  1  2 -1  1  0]]","[[ 0  2  2  1  1 -1 -1 -2 -2],[-2  0  0  0 -1 -1 -3 -2 -3],[-2  0  0 -1 -2  1 -2 -1 -1],[-1  0  1  0 -1  1 -1 -1  0],[-1  1  2  1  0 -1 -1 -3 -2],[ 1  1 -1 -1  1  0  1  1  0],[ 1  3  2  1  1 -1  0 -1 -1],[ 2  2  1  1  3 -1  1  0 -1],[ 2  3  1  0  2  0  1  1  0]]",True,"[-2,-2,-1,-1,1,1,2,2,0,0,1,1,3,2,3,1,2,-1,2,1,1,1,-1,1,1,0,1,1,3,2,-1,-1,0,1,1,1]","[-2,-2,-1,-1,1,1,2,2,-1,-1,1,1,3,1,2,0,1,0,2,1,3,1,-1,1,-1,1,1,1,2,3,-1,1,0,2,1,0]",t^8+60t^6+425t^4+334t^2+4,"[-2,-2,-1,-1,1,1,2,2,-1,0,1,1,3,1,3,0,2,0,2,2,3,1,1,1,0,1,1,3,2,4,-1,0,-1,1,0,0]","[-2,-2,-1,-1,1,1,2,2,0,-1,0,1,4,3,3,0,1,0,2,1,2,1,1,1,1,0,1,3,3,2,-1,0,0,1,2,1]","[-2,-2,-1,-1,1,1,2,2,-1,-1,1,1,3,1,2,0,1,0,2,1,3,1,-1,1,-1,1,1,1,2,3,-1,1,0,2,1,0]",c,"[[{8, 4}, {2, 7}, {5, 6}, {1, 3}]]",1,- 16 K_1^2 - 8 K_1 K_2 + 4 K_1 + 8 K_2 + 4 K_3 + 9,O1O2O3U1O4U5U6O7U4U3O6U2U7O8O5U8,O1O2U3O4O5U1O3O6U5O7U4U2U7O8U6U8,O1O2U3O4O5U2O6O3U7U1O7U8U6U5O8U4,c,{'O1O2O3U4O5O4U6U2O7U1U8O6U7U5O8U3'},1,"<a href=""/flatknot/8.975811"">8.975811</a>",t^9-60t^7-198t^6+29t^5+624t^4+536t^3+82t^2-43t-54,0,,
8.975812,O1O2O3U4O5O4U6U2O7U3U1O6U8U5O8U7,4,z^3+27z^2+101z+103,w^4z^3+27w^3z^2+101w^2z+103w,False,False,"[[ 0 -1 -1  0  1  2 -2  2 -1],[ 1  0 -1  1  1  1 -1  2  0],[ 1  1  0  1  1  0  0  1  0],[ 0 -1 -1  0  0 -1  0  1 -1],[-1 -1 -1  0  0  2 -3  1 -1],[-2 -1  0  1 -2  0 -2 -1 -2],[ 2  1  0  0  3  2  0  2  1],[-2 -2 -1 -1 -1  1 -2  0 -2],[ 1  0  0  1  1  2 -1  2  0]]","[[ 0  2  2  1  0 -1 -1 -1 -2],[-2  0  1 -1 -1 -1 -2 -2 -2],[-2 -1  0 -2  1  0 -1 -2 -2],[-1  1  2  0  0 -1 -1 -1 -3],[ 0  1 -1  0  0 -1 -1 -1  0],[ 1  1  0  1  1  0  1  0  0],[ 1  2  1  1  1 -1  0  0 -1],[ 1  2  2  1  1  0  0  0 -1],[ 2  2  2  3  0  0  1  1  0]]",True,"[-2,-2,-1,0,1,1,1,2,-1,1,1,1,2,2,2,2,-1,0,1,2,2,0,1,1,1,3,1,1,1,0,-1,0,0,0,1,1]","[-2,-2,-1,0,1,1,1,2,-1,-1,3,1,2,3,2,0,1,1,1,2,2,1,1,1,1,0,0,0,0,2,0,0,0,-1,0,1]",t^8+48t^6+269t^4+187t^2+9,"[-2,-1,-1,-1,0,1,2,2,0,0,1,2,0,2,2,0,0,0,1,1,1,1,0,1,1,2,0,1,2,3,1,1,3,0,-1,-1]","[-2,-2,-1,0,1,1,1,2,-1,-1,3,1,2,3,2,0,1,1,1,2,2,1,1,1,1,0,0,0,0,2,0,0,0,-1,0,1]","[-2,-1,-1,-1,0,1,2,2,0,1,1,0,3,2,2,0,1,1,1,0,1,0,1,1,2,2,1,1,1,2,0,-1,1,2,1,-1]",c,"[[{8, 1}, {2, 7}, {3, 6}, {4, 5}], [{8, 1}, {2, 7}, {3, 6}, {5}, {4}], [{8, 1}, {2, 7}, {4, 6}, {3, 5}], [{8, 1}, {2, 7}, {5, 6}, {3, 4}], [{8, 1}, {3, 7}, {2, 6}, {4, 5}], [{8, 1}, {3, 7}, {4, 6}, {2, 5}], [{8, 1}, {3, 7}, {5, 6}, {2, 4}], [{8, 1}, {3, 7}, {6}, {4, 5}, {2}], [{8, 1}, {4, 7}, {2, 6}, {3, 5}], [{8, 1}, {4, 7}, {3, 6}, {2, 5}], [{8, 1}, {4, 7}, {5, 6}, {2, 3}], [{8, 1}, {5, 7}, {2, 6}, {3, 4}], [{8, 1}, {5, 7}, {3, 6}, {2, 4}], [{8, 1}, {5, 7}, {4, 6}, {2, 3}], [{8, 1}, {6, 7}, {2, 5}, {3, 4}], [{8, 1}, {6, 7}, {3, 5}, {2, 4}], [{8, 1}, {6, 7}, {4, 5}, {2, 3}], [{8, 1}, {6, 7}, {4, 5}, {3}, {2}], [{8, 1}, {7}, {2, 6}, {5}, {3, 4}], [{8, 1}, {7}, {3, 6}, {4, 5}, {2}], [{8, 1}, {7}, {4, 6}, {3, 5}, {2}], [{8, 1}, {7}, {5, 6}, {3, 4}, {2}], [{8, 1}, {7}, {6}, {2, 5}, {3, 4}], [{8, 2}, {1, 7}, {3, 6}, {4, 5}], [{8, 2}, {1, 7}, {4, 6}, {3, 5}], [{8, 2}, {1, 7}, {5, 6}, {3, 4}], [{8, 2}, {1, 7}, {6}, {3, 5}, {4}], [{8, 2}, {3, 7}, {1, 6}, {4, 5}], [{8, 2}, {3, 7}, {4, 6}, {1, 5}], [{8, 2}, {3, 7}, {5, 6}, {1, 4}], [{8, 2}, {3, 7}, {6}, {1, 5}, {4}], [{8, 2}, {4, 7}, {1, 6}, {3, 5}], [{8, 2}, {4, 7}, {3, 6}, {1, 5}], [{8, 2}, {4, 7}, {5, 6}, {1, 3}], [{8, 2}, {4, 7}, {5, 6}, {3}, {1}], [{8, 2}, {5, 7}, {1, 6}, {3, 4}], [{8, 2}, {5, 7}, {3, 6}, {1, 4}], [{8, 2}, {5, 7}, {4, 6}, {1, 3}], [{8, 2}, {5, 7}, {6}, {3, 4}, {1}], [{8, 2}, {6, 7}, {1, 5}, {3, 4}], [{8, 2}, {6, 7}, {3, 5}, {1, 4}], [{8, 2}, {6, 7}, {4, 5}, {1, 3}], [{8, 2}, {7}, {3, 6}, {5}, {1, 4}], [{8, 2}, {7}, {4, 6}, {3, 5}, {1}], [{8, 3}, {1, 7}, {2, 6}, {4, 5}], [{8, 3}, {1, 7}, {4, 6}, {2, 5}], [{8, 3}, {1, 7}, {5, 6}, {2, 4}], [{8, 3}, {1, 7}, {5, 6}, {4}, {2}], [{8, 3}, {2, 7}, {1, 6}, {4, 5}], [{8, 3}, {2, 7}, {4, 6}, {1, 5}], [{8, 3}, {2, 7}, {5, 6}, {1, 4}], [{8, 3}, {2, 7}, {6}, {1, 5}, {4}], [{8, 3}, {4, 7}, {1, 6}, {2, 5}], [{8, 3}, {4, 7}, {2, 6}, {1, 5}], [{8, 3}, {4, 7}, {5, 6}, {1, 2}], [{8, 3}, {4, 7}, {6}, {1, 5}, {2}], [{8, 3}, {4, 7}, {6}, {2, 5}, {1}], [{8, 3}, {4, 7}, {6}, {5}, {1, 2}], [{8, 3}, {5, 7}, {1, 6}, {2, 4}], [{8, 3}, {5, 7}, {1, 6}, {4}, {2}], [{8, 3}, {5, 7}, {2, 6}, {1, 4}], [{8, 3}, {5, 7}, {4, 6}, {1, 2}], [{8, 3}, {6, 7}, {1, 5}, {2, 4}], [{8, 3}, {6, 7}, {1, 5}, {4}, {2}], [{8, 3}, {6, 7}, {2, 5}, {1, 4}], [{8, 3}, {6, 7}, {2, 5}, {4}, {1}], [{8, 3}, {6, 7}, {4, 5}, {1, 2}], [{8, 3}, {6, 7}, {4, 5}, {2}, {1}], [{8, 3}, {6, 7}, {5}, {1, 4}, {2}], [{8, 3}, {6, 7}, {5}, {2, 4}, {1}], [{8, 3}, {6, 7}, {5}, {4}, {1, 2}], [{8, 3}, {6, 7}, {5}, {4}, {2}, {1}], [{8, 3}, {7}, {2, 6}, {1, 5}, {4}], [{8, 3}, {7}, {4, 6}, {1, 5}, {2}], [{8, 3}, {7}, {4, 6}, {2, 5}, {1}], [{8, 3}, {7}, {4, 6}, {5}, {1, 2}], [{8, 3}, {7}, {6}, {1, 5}, {2, 4}], [{8, 3}, {7}, {6}, {1, 5}, {4}, {2}], [{8, 4}, {1, 7}, {2, 6}, {3, 5}], [{8, 4}, {1, 7}, {3, 6}, {2, 5}], [{8, 4}, {1, 7}, {5, 6}, {2, 3}], [{8, 4}, {1, 7}, {5, 6}, {3}, {2}], [{8, 4}, {1, 7}, {6}, {5}, {2, 3}], [{8, 4}, {2, 7}, {1, 6}, {3, 5}], [{8, 4}, {2, 7}, {3, 6}, {1, 5}], [{8, 4}, {2, 7}, {5, 6}, {1, 3}], [{8, 4}, {2, 7}, {5, 6}, {3}, {1}], [{8, 4}, {2, 7}, {6}, {5}, {1, 3}], [{8, 4}, {3, 7}, {1, 6}, {2, 5}], [{8, 4}, {3, 7}, {1, 6}, {5}, {2}], [{8, 4}, {3, 7}, {2, 6}, {1, 5}], [{8, 4}, {3, 7}, {2, 6}, {5}, {1}], [{8, 4}, {3, 7}, {5, 6}, {1, 2}], [{8, 4}, {3, 7}, {5, 6}, {2}, {1}], [{8, 4}, {3, 7}, {6}, {1, 5}, {2}], [{8, 4}, {3, 7}, {6}, {2, 5}, {1}], [{8, 4}, {3, 7}, {6}, {5}, {1, 2}], [{8, 4}, {3, 7}, {6}, {5}, {2}, {1}], [{8, 4}, {5, 7}, {1, 6}, {2, 3}], [{8, 4}, {5, 7}, {2, 6}, {1, 3}], [{8, 4}, {5, 7}, {3, 6}, {1, 2}], [{8, 4}, {5, 7}, {6}, {3}, {1, 2}], [{8, 4}, {6, 7}, {1, 5}, {2, 3}], [{8, 4}, {6, 7}, {1, 5}, {3}, {2}], [{8, 4}, {6, 7}, {2, 5}, {1, 3}], [{8, 4}, {6, 7}, {2, 5}, {3}, {1}], [{8, 4}, {6, 7}, {3, 5}, {1, 2}], [{8, 4}, {6, 7}, {5}, {3}, {1, 2}], [{8, 4}, {7}, {3, 6}, {1, 5}, {2}], [{8, 4}, {7}, {3, 6}, {2, 5}, {1}], [{8, 4}, {7}, {3, 6}, {5}, {1, 2}], [{8, 4}, {7}, {5, 6}, {1, 3}, {2}], [{8, 4}, {7}, {5, 6}, {2, 3}, {1}], [{8, 4}, {7}, {5, 6}, {3}, {1, 2}], [{8, 4}, {7}, {6}, {3, 5}, {1, 2}], [{8, 4}, {7}, {6}, {5}, {3}, {1, 2}], [{8, 5}, {1, 7}, {2, 6}, {3, 4}], [{8, 5}, {1, 7}, {3, 6}, {2, 4}], [{8, 5}, {1, 7}, {3, 6}, {4}, {2}], [{8, 5}, {1, 7}, {4, 6}, {2, 3}], [{8, 5}, {2, 7}, {1, 6}, {3, 4}], [{8, 5}, {2, 7}, {3, 6}, {1, 4}], [{8, 5}, {2, 7}, {4, 6}, {1, 3}], [{8, 5}, {2, 7}, {6}, {3, 4}, {1}], [{8, 5}, {3, 7}, {1, 6}, {2, 4}], [{8, 5}, {3, 7}, {2, 6}, {1, 4}], [{8, 5}, {3, 7}, {4, 6}, {1, 2}], [{8, 5}, {3, 7}, {6}, {1, 4}, {2}], [{8, 5}, {4, 7}, {1, 6}, {2, 3}], [{8, 5}, {4, 7}, {2, 6}, {1, 3}], [{8, 5}, {4, 7}, {3, 6}, {1, 2}], [{8, 5}, {6, 7}, {1, 4}, {2, 3}], [{8, 5}, {6, 7}, {2, 4}, {1, 3}], [{8, 5}, {6, 7}, {3, 4}, {1, 2}], [{8, 5}, {7}, {4, 6}, {3}, {1, 2}], [{8, 6}, {1, 7}, {2, 5}, {3, 4}], [{8, 6}, {1, 7}, {3, 5}, {2, 4}], [{8, 6}, {1, 7}, {4, 5}, {2, 3}], [{8, 6}, {2, 7}, {1, 5}, {3, 4}], [{8, 6}, {2, 7}, {3, 5}, {1, 4}], [{8, 6}, {2, 7}, {4, 5}, {1, 3}], [{8, 6}, {3, 7}, {1, 5}, {2, 4}], [{8, 6}, {3, 7}, {1, 5}, {4}, {2}], [{8, 6}, {3, 7}, {2, 5}, {1, 4}], [{8, 6}, {3, 7}, {2, 5}, {4}, {1}], [{8, 6}, {3, 7}, {4, 5}, {1, 2}], [{8, 6}, {3, 7}, {5}, {4}, {1, 2}], [{8, 6}, {4, 7}, {1, 5}, {2, 3}], [{8, 6}, {4, 7}, {1, 5}, {3}, {2}], [{8, 6}, {4, 7}, {2, 5}, {1, 3}], [{8, 6}, {4, 7}, {2, 5}, {3}, {1}], [{8, 6}, {4, 7}, {3, 5}, {1, 2}], [{8, 6}, {4, 7}, {5}, {3}, {1, 2}], [{8, 6}, {5, 7}, {1, 4}, {2, 3}], [{8, 6}, {5, 7}, {2, 4}, {1, 3}], [{8, 6}, {5, 7}, {3, 4}, {1, 2}], [{8, 6}, {5, 7}, {4}, {3}, {1, 2}], [{8, 6}, {7}, {1, 5}, {3, 4}, {2}], [{8, 6}, {7}, {2, 5}, {3, 4}, {1}], [{8, 6}, {7}, {3, 5}, {4}, {1, 2}], [{8, 6}, {7}, {4, 5}, {1, 3}, {2}], [{8, 6}, {7}, {4, 5}, {2, 3}, {1}], [{8, 6}, {7}, {4, 5}, {3}, {1, 2}], [{8, 6}, {7}, {5}, {3, 4}, {1, 2}], [{8, 6}, {7}, {5}, {4}, {3}, {1, 2}], [{8, 7}, {1, 6}, {2, 5}, {3, 4}], [{8, 7}, {1, 6}, {3, 5}, {2, 4}], [{8, 7}, {1, 6}, {4, 5}, {2, 3}], [{8, 7}, {1, 6}, {5}, {3, 4}, {2}], [{8, 7}, {2, 6}, {1, 5}, {3, 4}], [{8, 7}, {2, 6}, {1, 5}, {4}, {3}], [{8, 7}, {2, 6}, {3, 5}, {1, 4}], [{8, 7}, {2, 6}, {4, 5}, {1, 3}], [{8, 7}, {2, 6}, {5}, {3, 4}, {1}], [{8, 7}, {3, 6}, {1, 5}, {2, 4}], [{8, 7}, {3, 6}, {1, 5}, {4}, {2}], [{8, 7}, {3, 6}, {2, 5}, {1, 4}], [{8, 7}, {3, 6}, {2, 5}, {4}, {1}], [{8, 7}, {3, 6}, {4, 5}, {1, 2}], [{8, 7}, {3, 6}, {5}, {4}, {1, 2}], [{8, 7}, {4, 6}, {1, 5}, {2, 3}], [{8, 7}, {4, 6}, {1, 5}, {3}, {2}], [{8, 7}, {4, 6}, {2, 5}, {1, 3}], [{8, 7}, {4, 6}, {2, 5}, {3}, {1}], [{8, 7}, {4, 6}, {3, 5}, {1, 2}], [{8, 7}, {4, 6}, {5}, {3}, {1, 2}], [{8, 7}, {5, 6}, {1, 4}, {2, 3}], [{8, 7}, {5, 6}, {2, 4}, {1, 3}], [{8, 7}, {5, 6}, {3, 4}, {1, 2}], [{8, 7}, {5, 6}, {3, 4}, {2}, {1}], [{8, 7}, {6}, {1, 5}, {2, 4}, {3}], [{8, 7}, {6}, {1, 5}, {3, 4}, {2}], [{8, 7}, {6}, {1, 5}, {4}, {2, 3}], [{8, 7}, {6}, {1, 5}, {4}, {3}, {2}], [{8, 7}, {6}, {2, 5}, {3, 4}, {1}], [{8, 7}, {6}, {3, 5}, {1, 4}, {2}], [{8, 7}, {6}, {4, 5}, {1, 3}, {2}], [{8, 7}, {6}, {5}, {3, 4}, {1, 2}], [{8, 7}, {6}, {5}, {3, 4}, {2}, {1}], [{8}, {1, 7}, {2, 6}, {5}, {3, 4}], [{8}, {1, 7}, {5, 6}, {3, 4}, {2}], [{8}, {1, 7}, {6}, {2, 5}, {3, 4}], [{8}, {2, 7}, {3, 6}, {4, 5}, {1}], [{8}, {3, 7}, {2, 6}, {1, 5}, {4}], [{8}, {3, 7}, {4, 6}, {1, 5}, {2}], [{8}, {3, 7}, {4, 6}, {2, 5}, {1}], [{8}, {3, 7}, {4, 6}, {5}, {1, 2}], [{8}, {3, 7}, {6}, {1, 5}, {2, 4}], [{8}, {3, 7}, {6}, {1, 5}, {4}, {2}], [{8}, {4, 7}, {3, 6}, {1, 5}, {2}], [{8}, {4, 7}, {3, 6}, {2, 5}, {1}], [{8}, {4, 7}, {3, 6}, {5}, {1, 2}], [{8}, {5, 7}, {4, 6}, {3}, {1, 2}], [{8}, {6, 7}, {1, 5}, {3, 4}, {2}], [{8}, {6, 7}, {2, 5}, {3, 4}, {1}], [{8}, {6, 7}, {4, 5}, {1, 3}, {2}], [{8}, {6, 7}, {5}, {3, 4}, {1, 2}], [{8}, {7}, {1, 6}, {2, 5}, {3, 4}], [{8}, {7}, {1, 6}, {3, 5}, {2, 4}], [{8}, {7}, {4, 6}, {3, 5}, {1, 2}], [{8}, {7}, {4, 6}, {5}, {3}, {1, 2}], [{8}, {7}, {6}, {2, 5}, {3, 4}, {1}]]",2,4 K_1^3 - 14 K_1^2 - 4 K_1 K_2 - K_1 + 7 K_2 + K_3 + 8,O1O2O3U4O5U6U5O7U3U1O4U2U7O8O6U8,O1O2U3O4O5U1O6O7U6O3U5U2U4O8U7U8,O1O2U3O4O5U6O7O3U8U1O8U5U7U4O6U2,c,{'O1O2O3U4O5O4U6U2O7U3U1O6U8U5O8U7'},1,"<a href=""/flatknot/8.975812"">8.975812</a>",t^9-46t^7-138t^6+24t^5+438t^4+288t^3-234t^2-230t-42,-t^2+2t,,
8.975813,O1O2O3U4O5O4U6U2O7U3U1O6U8U7O8U5,4,2z^3+23z^2+94z+113,2w^4z^3+23w^3z^2+94w^2z+113w,False,False,"[[ 0 -1 -1  0  1  2 -2  2 -1],[ 1  0 -1  1  1  2 -1  1  0],[ 1  1  0  1  1  0  0  0  1],[ 0 -1 -1  0  0  0  0  0 -1],[-1 -1 -1  0  0  2 -3  2 -2],[-2 -2  0  0 -2  0 -1  0 -3],[ 2  1  0  0  3  1  0  2  2],[-2 -1  0  0 -2  0 -2  0 -2],[ 1  0 -1  1  2  3 -2  2  0]]","[[ 0  2  2  1  0 -1 -1 -1 -2],[-2  0  0 -2  0  0 -1 -2 -2],[-2  0  0 -2  0  0 -2 -3 -1],[-1  2  2  0  0 -1 -1 -2 -3],[ 0  0  0  0  0 -1 -1 -1  0],[ 1  0  0  1  1  0  1  1  0],[ 1  1  2  1  1 -1  0  0 -1],[ 1  2  3  2  1 -1  0  0 -2],[ 2  2  1  3  0  0  1  2  0]]",True,"[-2,-2,-1,0,1,1,1,2,0,2,0,0,1,2,2,2,0,0,2,3,1,0,1,1,2,3,1,1,1,0,-1,-1,0,0,1,2]","[-2,-2,-1,0,1,1,1,2,0,-1,2,0,1,3,3,-1,2,1,2,3,2,1,0,1,1,0,0,0,0,2,0,-1,-1,-1,0,1]",t^8+56t^6+183t^4+98t^2+4,"[-2,-1,-1,-1,0,1,2,2,-1,0,1,2,0,2,3,0,1,0,0,1,0,1,0,1,2,1,0,1,3,3,1,2,2,-1,-1,0]","[-2,-2,-1,0,1,1,1,2,0,-1,2,0,1,3,3,-1,2,1,2,3,2,1,0,1,1,0,0,0,0,2,0,-1,-1,-1,0,1]","[-2,-1,-1,-1,0,1,2,2,0,1,2,0,3,1,2,1,1,1,1,0,0,0,1,1,2,1,1,2,3,2,0,0,0,2,2,0]",c,"[[{8, 1}, {2, 7}, {3, 6}, {4, 5}], [{8, 1}, {2, 7}, {3, 6}, {5}, {4}], [{8, 1}, {2, 7}, {4, 6}, {3, 5}], [{8, 1}, {2, 7}, {5, 6}, {3, 4}], [{8, 1}, {3, 7}, {2, 6}, {4, 5}], [{8, 1}, {3, 7}, {4, 6}, {2, 5}], [{8, 1}, {3, 7}, {5, 6}, {2, 4}], [{8, 1}, {4, 7}, {2, 6}, {3, 5}], [{8, 1}, {4, 7}, {3, 6}, {2, 5}], [{8, 1}, {4, 7}, {5, 6}, {2, 3}], [{8, 1}, {5, 7}, {2, 6}, {3, 4}], [{8, 1}, {5, 7}, {3, 6}, {2, 4}], [{8, 1}, {5, 7}, {4, 6}, {2, 3}], [{8, 1}, {5, 7}, {4, 6}, {3}, {2}], [{8, 1}, {6, 7}, {2, 5}, {3, 4}], [{8, 1}, {6, 7}, {3, 5}, {2, 4}], [{8, 1}, {6, 7}, {4, 5}, {2, 3}], [{8, 1}, {6, 7}, {4, 5}, {3}, {2}], [{8, 1}, {7}, {2, 6}, {3, 5}, {4}], [{8, 2}, {1, 7}, {3, 6}, {4, 5}], [{8, 2}, {1, 7}, {4, 6}, {3, 5}], [{8, 2}, {1, 7}, {5, 6}, {3, 4}], [{8, 2}, {3, 7}, {1, 6}, {4, 5}], [{8, 2}, {3, 7}, {1, 6}, {5}, {4}], [{8, 2}, {3, 7}, {4, 6}, {1, 5}], [{8, 2}, {3, 7}, {4, 6}, {5}, {1}], [{8, 2}, {3, 7}, {5, 6}, {1, 4}], [{8, 2}, {3, 7}, {6}, {5}, {1, 4}], [{8, 2}, {4, 7}, {1, 6}, {3, 5}], [{8, 2}, {4, 7}, {3, 6}, {1, 5}], [{8, 2}, {4, 7}, {5, 6}, {1, 3}], [{8, 2}, {5, 7}, {1, 6}, {3, 4}], [{8, 2}, {5, 7}, {3, 6}, {1, 4}], [{8, 2}, {5, 7}, {4, 6}, {1, 3}], [{8, 2}, {5, 7}, {6}, {1, 4}, {3}], [{8, 2}, {5, 7}, {6}, {3, 4}, {1}], [{8, 2}, {5, 7}, {6}, {4}, {1, 3}], [{8, 2}, {6, 7}, {1, 5}, {3, 4}], [{8, 2}, {6, 7}, {3, 5}, {1, 4}], [{8, 2}, {6, 7}, {4, 5}, {1, 3}], [{8, 2}, {6, 7}, {4, 5}, {3}, {1}], [{8, 2}, {7}, {3, 6}, {1, 5}, {4}], [{8, 2}, {7}, {6}, {3, 5}, {1, 4}], [{8, 3}, {1, 7}, {2, 6}, {4, 5}], [{8, 3}, {1, 7}, {4, 6}, {2, 5}], [{8, 3}, {1, 7}, {4, 6}, {5}, {2}], [{8, 3}, {1, 7}, {5, 6}, {2, 4}], [{8, 3}, {1, 7}, {5, 6}, {4}, {2}], [{8, 3}, {1, 7}, {6}, {4, 5}, {2}], [{8, 3}, {2, 7}, {1, 6}, {4, 5}], [{8, 3}, {2, 7}, {4, 6}, {1, 5}], [{8, 3}, {2, 7}, {4, 6}, {5}, {1}], [{8, 3}, {2, 7}, {5, 6}, {1, 4}], [{8, 3}, {2, 7}, {5, 6}, {4}, {1}], [{8, 3}, {2, 7}, {6}, {4, 5}, {1}], [{8, 3}, {4, 7}, {1, 6}, {2, 5}], [{8, 3}, {4, 7}, {2, 6}, {1, 5}], [{8, 3}, {4, 7}, {5, 6}, {1, 2}], [{8, 3}, {5, 7}, {1, 6}, {2, 4}], [{8, 3}, {5, 7}, {2, 6}, {1, 4}], [{8, 3}, {5, 7}, {4, 6}, {1, 2}], [{8, 3}, {6, 7}, {1, 5}, {2, 4}], [{8, 3}, {6, 7}, {1, 5}, {4}, {2}], [{8, 3}, {6, 7}, {2, 5}, {1, 4}], [{8, 3}, {6, 7}, {4, 5}, {1, 2}], [{8, 3}, {6, 7}, {4, 5}, {2}, {1}], [{8, 3}, {6, 7}, {5}, {1, 4}, {2}], [{8, 3}, {7}, {1, 6}, {2, 5}, {4}], [{8, 3}, {7}, {1, 6}, {4, 5}, {2}], [{8, 3}, {7}, {1, 6}, {5}, {2, 4}], [{8, 3}, {7}, {2, 6}, {4, 5}, {1}], [{8, 3}, {7}, {4, 6}, {5}, {1, 2}], [{8, 3}, {7}, {5, 6}, {4}, {1, 2}], [{8, 3}, {7}, {6}, {4, 5}, {1, 2}], [{8, 3}, {7}, {6}, {4, 5}, {2}, {1}], [{8, 4}, {1, 7}, {2, 6}, {3, 5}], [{8, 4}, {1, 7}, {3, 6}, {2, 5}], [{8, 4}, {1, 7}, {3, 6}, {5}, {2}], [{8, 4}, {1, 7}, {5, 6}, {2, 3}], [{8, 4}, {1, 7}, {6}, {2, 5}, {3}], [{8, 4}, {2, 7}, {1, 6}, {3, 5}], [{8, 4}, {2, 7}, {3, 6}, {1, 5}], [{8, 4}, {2, 7}, {5, 6}, {1, 3}], [{8, 4}, {3, 7}, {1, 6}, {2, 5}], [{8, 4}, {3, 7}, {2, 6}, {1, 5}], [{8, 4}, {3, 7}, {5, 6}, {1, 2}], [{8, 4}, {5, 7}, {1, 6}, {2, 3}], [{8, 4}, {5, 7}, {2, 6}, {1, 3}], [{8, 4}, {5, 7}, {3, 6}, {1, 2}], [{8, 4}, {5, 7}, {3, 6}, {2}, {1}], [{8, 4}, {5, 7}, {6}, {3}, {1, 2}], [{8, 4}, {6, 7}, {1, 5}, {2, 3}], [{8, 4}, {6, 7}, {2, 5}, {1, 3}], [{8, 4}, {6, 7}, {3, 5}, {1, 2}], [{8, 4}, {6, 7}, {5}, {1, 3}, {2}], [{8, 4}, {7}, {3, 6}, {1, 5}, {2}], [{8, 5}, {1, 7}, {2, 6}, {3, 4}], [{8, 5}, {1, 7}, {3, 6}, {2, 4}], [{8, 5}, {1, 7}, {4, 6}, {2, 3}], [{8, 5}, {2, 7}, {1, 6}, {3, 4}], [{8, 5}, {2, 7}, {1, 6}, {4}, {3}], [{8, 5}, {2, 7}, {3, 6}, {1, 4}], [{8, 5}, {2, 7}, {3, 6}, {4}, {1}], [{8, 5}, {2, 7}, {4, 6}, {1, 3}], [{8, 5}, {2, 7}, {6}, {4}, {1, 3}], [{8, 5}, {3, 7}, {1, 6}, {2, 4}], [{8, 5}, {3, 7}, {2, 6}, {1, 4}], [{8, 5}, {3, 7}, {4, 6}, {1, 2}], [{8, 5}, {3, 7}, {6}, {1, 4}, {2}], [{8, 5}, {4, 7}, {1, 6}, {2, 3}], [{8, 5}, {4, 7}, {2, 6}, {1, 3}], [{8, 5}, {4, 7}, {3, 6}, {1, 2}], [{8, 5}, {6, 7}, {1, 4}, {2, 3}], [{8, 5}, {6, 7}, {2, 4}, {1, 3}], [{8, 5}, {6, 7}, {3, 4}, {1, 2}], [{8, 5}, {6, 7}, {4}, {1, 3}, {2}], [{8, 5}, {7}, {1, 6}, {3, 4}, {2}], [{8, 5}, {7}, {2, 6}, {4}, {1, 3}], [{8, 6}, {1, 7}, {2, 5}, {3, 4}], [{8, 6}, {1, 7}, {3, 5}, {2, 4}], [{8, 6}, {1, 7}, {4, 5}, {2, 3}], [{8, 6}, {1, 7}, {5}, {3, 4}, {2}], [{8, 6}, {2, 7}, {1, 5}, {3, 4}], [{8, 6}, {2, 7}, {3, 5}, {1, 4}], [{8, 6}, {2, 7}, {3, 5}, {4}, {1}], [{8, 6}, {2, 7}, {4, 5}, {1, 3}], [{8, 6}, {3, 7}, {1, 5}, {2, 4}], [{8, 6}, {3, 7}, {1, 5}, {4}, {2}], [{8, 6}, {3, 7}, {2, 5}, {1, 4}], [{8, 6}, {3, 7}, {4, 5}, {1, 2}], [{8, 6}, {3, 7}, {4, 5}, {2}, {1}], [{8, 6}, {3, 7}, {5}, {1, 4}, {2}], [{8, 6}, {4, 7}, {1, 5}, {2, 3}], [{8, 6}, {4, 7}, {2, 5}, {1, 3}], [{8, 6}, {4, 7}, {3, 5}, {1, 2}], [{8, 6}, {5, 7}, {1, 4}, {2, 3}], [{8, 6}, {5, 7}, {2, 4}, {1, 3}], [{8, 6}, {5, 7}, {3, 4}, {1, 2}], [{8, 7}, {1, 6}, {2, 5}, {3, 4}], [{8, 7}, {1, 6}, {3, 5}, {2, 4}], [{8, 7}, {1, 6}, {4, 5}, {2, 3}], [{8, 7}, {1, 6}, {5}, {4}, {2, 3}], [{8, 7}, {2, 6}, {1, 5}, {3, 4}], [{8, 7}, {2, 6}, {1, 5}, {4}, {3}], [{8, 7}, {2, 6}, {3, 5}, {1, 4}], [{8, 7}, {2, 6}, {4, 5}, {1, 3}], [{8, 7}, {3, 6}, {1, 5}, {2, 4}], [{8, 7}, {3, 6}, {1, 5}, {4}, {2}], [{8, 7}, {3, 6}, {2, 5}, {1, 4}], [{8, 7}, {3, 6}, {4, 5}, {1, 2}], [{8, 7}, {3, 6}, {4, 5}, {2}, {1}], [{8, 7}, {3, 6}, {5}, {1, 4}, {2}], [{8, 7}, {4, 6}, {1, 5}, {2, 3}], [{8, 7}, {4, 6}, {1, 5}, {3}, {2}], [{8, 7}, {4, 6}, {2, 5}, {1, 3}], [{8, 7}, {4, 6}, {3, 5}, {1, 2}], [{8, 7}, {4, 6}, {3, 5}, {2}, {1}], [{8, 7}, {4, 6}, {5}, {1, 3}, {2}], [{8, 7}, {5, 6}, {1, 4}, {2, 3}], [{8, 7}, {5, 6}, {2, 4}, {1, 3}], [{8, 7}, {5, 6}, {3, 4}, {1, 2}], [{8, 7}, {5, 6}, {4}, {2, 3}, {1}], [{8, 7}, {6}, {1, 5}, {2, 4}, {3}], [{8, 7}, {6}, {1, 5}, {3, 4}, {2}], [{8, 7}, {6}, {1, 5}, {4}, {2, 3}], [{8, 7}, {6}, {1, 5}, {4}, {3}, {2}], [{8}, {2, 7}, {3, 6}, {1, 5}, {4}], [{8}, {3, 7}, {2, 6}, {5}, {1, 4}], [{8}, {3, 7}, {5, 6}, {1, 4}, {2}], [{8}, {3, 7}, {6}, {2, 5}, {1, 4}], [{8}, {3, 7}, {6}, {5}, {1, 4}, {2}], [{8}, {4, 7}, {3, 6}, {1, 5}, {2}], [{8}, {6, 7}, {2, 5}, {3, 4}, {1}], [{8}, {6, 7}, {3, 5}, {2, 4}, {1}], [{8}, {6, 7}, {4, 5}, {1, 3}, {2}], [{8}, {6, 7}, {4, 5}, {2, 3}, {1}], [{8}, {6, 7}, {4, 5}, {3}, {1, 2}], [{8}, {6, 7}, {4, 5}, {3}, {2}, {1}], [{8}, {7}, {3, 6}, {1, 5}, {2, 4}], [{8}, {7}, {3, 6}, {1, 5}, {4}, {2}]]",2,4 K_1^3 - 14 K_1^2 - 4 K_1 K_2 - K_1 + 7 K_2 + K_3 + 8,O1O2O3U4O5U6U5O7U3U1O6U2U7O8O4U8,O1O2U3O4O5U1O6O3U6O7U5U2U4O8U7U8,O1O2U3O4O5U1O6O3U7U8O7U5U6U4O8U2,c,{'O1O2O3U4O5O4U6U2O7U3U1O6U8U7O8U5'},1,"<a href=""/flatknot/8.975813"">8.975813</a>",t^9-54t^7-164t^6+44t^5+424t^4+227t^3-104t^2-45t+2,-t^2+2t,,
8.975814,O1O2O3U4O5O4U6U2O7U3U8O6U1U5O8U7,4,z^3+18z^2+92z+121,w^4z^3+18w^3z^2+92w^2z+121w,False,False,"[[ 0 -1 -1  0  1  2 -2  2 -1],[ 1  0  0  2  1  2 -1  1  1],[ 1  0  0  1  1  0  0  1  1],[ 0 -2 -1  0  0 -1  0  1  0],[-1 -1 -1  0  0  2 -3  1 -1],[-2 -2  0  1 -2  0 -2 -1 -1],[ 2  1  0  0  3  2  0  3  0],[-2 -1 -1 -1 -1  1 -3  0 -2],[ 1 -1 -1  0  1  1  0  2  0]]","[[ 0  2  2  1  0 -1 -1 -1 -2],[-2  0  1 -1 -1 -1 -1 -2 -3],[-2 -1  0 -2  1  0 -2 -1 -2],[-1  1  2  0  0 -1 -1 -1 -3],[ 0  1 -1  0  0 -1 -2  0  0],[ 1  1  0  1  1  0  0  1  0],[ 1  1  2  1  2  0  0  1 -1],[ 1  2  1  1  0 -1 -1  0  0],[ 2  3  2  3  0  0  1  0  0]]",True,"[-2,-2,-1,0,1,1,1,2,-1,1,1,1,1,2,3,2,-1,0,2,1,2,0,1,1,1,3,1,2,0,0,0,-1,0,-1,1,0]","[-2,-2,-1,0,1,1,1,2,-1,-1,3,1,2,3,2,0,1,2,1,2,1,1,1,1,1,0,-1,1,0,2,1,0,0,-1,1,1]",t^8+52t^6+432t^4+283t^2+4,"[-2,-1,-1,-1,0,1,2,2,0,1,1,2,0,1,2,-1,0,-1,1,2,1,1,1,1,1,2,0,1,2,3,1,1,3,0,-1,-1]","[-2,-2,-1,0,1,1,1,2,-1,-1,3,1,2,3,2,0,1,2,1,2,1,1,1,1,1,0,-1,1,0,2,1,0,0,-1,1,1]","[-2,-1,-1,-1,0,1,2,2,0,0,1,0,3,2,3,-1,-1,0,1,1,2,0,1,1,0,1,2,1,2,1,0,-1,1,2,1,-1]",c,"[[{8, 1}, {2, 7}, {3, 6}, {4, 5}], [{8, 1}, {2, 7}, {4, 6}, {3, 5}], [{8, 1}, {2, 7}, {5, 6}, {3, 4}], [{8, 1}, {3, 7}, {2, 6}, {4, 5}], [{8, 1}, {3, 7}, {4, 6}, {2, 5}], [{8, 1}, {3, 7}, {5, 6}, {2, 4}], [{8, 1}, {4, 7}, {2, 6}, {3, 5}], [{8, 1}, {4, 7}, {3, 6}, {2, 5}], [{8, 1}, {4, 7}, {5, 6}, {2, 3}], [{8, 1}, {5, 7}, {2, 6}, {3, 4}], [{8, 1}, {5, 7}, {3, 6}, {2, 4}], [{8, 1}, {5, 7}, {4, 6}, {2, 3}], [{8, 1}, {5, 7}, {4, 6}, {3}, {2}], [{8, 1}, {6, 7}, {2, 5}, {3, 4}], [{8, 1}, {6, 7}, {3, 5}, {2, 4}], [{8, 1}, {6, 7}, {4, 5}, {2, 3}], [{8, 1}, {6, 7}, {4, 5}, {3}, {2}], [{8, 1}, {7}, {6}, {3, 5}, {2, 4}], [{8, 2}, {1, 7}, {3, 6}, {4, 5}], [{8, 2}, {1, 7}, {4, 6}, {3, 5}], [{8, 2}, {1, 7}, {5, 6}, {3, 4}], [{8, 2}, {3, 7}, {1, 6}, {4, 5}], [{8, 2}, {3, 7}, {4, 6}, {1, 5}], [{8, 2}, {3, 7}, {5, 6}, {1, 4}], [{8, 2}, {4, 7}, {1, 6}, {3, 5}], [{8, 2}, {4, 7}, {3, 6}, {1, 5}], [{8, 2}, {4, 7}, {5, 6}, {1, 3}], [{8, 2}, {5, 7}, {1, 6}, {3, 4}], [{8, 2}, {5, 7}, {3, 6}, {1, 4}], [{8, 2}, {5, 7}, {4, 6}, {1, 3}], [{8, 2}, {5, 7}, {6}, {1, 4}, {3}], [{8, 2}, {5, 7}, {6}, {3, 4}, {1}], [{8, 2}, {5, 7}, {6}, {4}, {1, 3}], [{8, 2}, {6, 7}, {1, 5}, {3, 4}], [{8, 2}, {6, 7}, {3, 5}, {1, 4}], [{8, 2}, {6, 7}, {4, 5}, {1, 3}], [{8, 2}, {6, 7}, {4, 5}, {3}, {1}], [{8, 2}, {6, 7}, {5}, {4}, {1, 3}], [{8, 2}, {7}, {1, 6}, {3, 5}, {4}], [{8, 2}, {7}, {5, 6}, {4}, {1, 3}], [{8, 3}, {1, 7}, {2, 6}, {4, 5}], [{8, 3}, {1, 7}, {4, 6}, {2, 5}], [{8, 3}, {1, 7}, {4, 6}, {5}, {2}], [{8, 3}, {1, 7}, {5, 6}, {2, 4}], [{8, 3}, {2, 7}, {1, 6}, {4, 5}], [{8, 3}, {2, 7}, {4, 6}, {1, 5}], [{8, 3}, {2, 7}, {5, 6}, {1, 4}], [{8, 3}, {4, 7}, {1, 6}, {2, 5}], [{8, 3}, {4, 7}, {2, 6}, {1, 5}], [{8, 3}, {4, 7}, {5, 6}, {1, 2}], [{8, 3}, {5, 7}, {1, 6}, {2, 4}], [{8, 3}, {5, 7}, {2, 6}, {1, 4}], [{8, 3}, {5, 7}, {4, 6}, {1, 2}], [{8, 3}, {6, 7}, {1, 5}, {2, 4}], [{8, 3}, {6, 7}, {2, 5}, {1, 4}], [{8, 3}, {6, 7}, {4, 5}, {1, 2}], [{8, 3}, {6, 7}, {4, 5}, {2}, {1}], [{8, 3}, {7}, {1, 6}, {2, 5}, {4}], [{8, 4}, {1, 7}, {2, 6}, {3, 5}], [{8, 4}, {1, 7}, {3, 6}, {2, 5}], [{8, 4}, {1, 7}, {3, 6}, {5}, {2}], [{8, 4}, {1, 7}, {5, 6}, {2, 3}], [{8, 4}, {2, 7}, {1, 6}, {3, 5}], [{8, 4}, {2, 7}, {3, 6}, {1, 5}], [{8, 4}, {2, 7}, {5, 6}, {1, 3}], [{8, 4}, {2, 7}, {6}, {5}, {1, 3}], [{8, 4}, {3, 7}, {1, 6}, {2, 5}], [{8, 4}, {3, 7}, {1, 6}, {5}, {2}], [{8, 4}, {3, 7}, {2, 6}, {1, 5}], [{8, 4}, {3, 7}, {5, 6}, {1, 2}], [{8, 4}, {5, 7}, {1, 6}, {2, 3}], [{8, 4}, {5, 7}, {2, 6}, {1, 3}], [{8, 4}, {5, 7}, {3, 6}, {1, 2}], [{8, 4}, {5, 7}, {6}, {1, 3}, {2}], [{8, 4}, {5, 7}, {6}, {2, 3}, {1}], [{8, 4}, {5, 7}, {6}, {3}, {1, 2}], [{8, 4}, {6, 7}, {1, 5}, {2, 3}], [{8, 4}, {6, 7}, {2, 5}, {1, 3}], [{8, 4}, {6, 7}, {3, 5}, {1, 2}], [{8, 4}, {6, 7}, {5}, {1, 3}, {2}], [{8, 4}, {7}, {2, 6}, {5}, {1, 3}], [{8, 4}, {7}, {5, 6}, {1, 3}, {2}], [{8, 4}, {7}, {6}, {2, 5}, {1, 3}], [{8, 4}, {7}, {6}, {5}, {1, 3}, {2}], [{8, 5}, {1, 7}, {2, 6}, {3, 4}], [{8, 5}, {1, 7}, {2, 6}, {4}, {3}], [{8, 5}, {1, 7}, {3, 6}, {2, 4}], [{8, 5}, {1, 7}, {3, 6}, {4}, {2}], [{8, 5}, {1, 7}, {4, 6}, {2, 3}], [{8, 5}, {1, 7}, {4, 6}, {3}, {2}], [{8, 5}, {1, 7}, {6}, {2, 4}, {3}], [{8, 5}, {1, 7}, {6}, {3, 4}, {2}], [{8, 5}, {1, 7}, {6}, {4}, {2, 3}], [{8, 5}, {1, 7}, {6}, {4}, {3}, {2}], [{8, 5}, {2, 7}, {1, 6}, {3, 4}], [{8, 5}, {2, 7}, {3, 6}, {1, 4}], [{8, 5}, {2, 7}, {3, 6}, {4}, {1}], [{8, 5}, {2, 7}, {4, 6}, {1, 3}], [{8, 5}, {3, 7}, {1, 6}, {2, 4}], [{8, 5}, {3, 7}, {1, 6}, {4}, {2}], [{8, 5}, {3, 7}, {2, 6}, {1, 4}], [{8, 5}, {3, 7}, {4, 6}, {1, 2}], [{8, 5}, {4, 7}, {1, 6}, {2, 3}], [{8, 5}, {4, 7}, {2, 6}, {1, 3}], [{8, 5}, {4, 7}, {3, 6}, {1, 2}], [{8, 5}, {4, 7}, {3, 6}, {2}, {1}], [{8, 5}, {6, 7}, {1, 4}, {2, 3}], [{8, 5}, {6, 7}, {2, 4}, {1, 3}], [{8, 5}, {6, 7}, {3, 4}, {1, 2}], [{8, 5}, {6, 7}, {4}, {1, 3}, {2}], [{8, 5}, {7}, {3, 6}, {1, 4}, {2}], [{8, 5}, {7}, {3, 6}, {2, 4}, {1}], [{8, 5}, {7}, {3, 6}, {4}, {1, 2}], [{8, 5}, {7}, {3, 6}, {4}, {2}, {1}], [{8, 6}, {1, 7}, {2, 5}, {3, 4}], [{8, 6}, {1, 7}, {3, 5}, {2, 4}], [{8, 6}, {1, 7}, {4, 5}, {2, 3}], [{8, 6}, {1, 7}, {5}, {4}, {2, 3}], [{8, 6}, {2, 7}, {1, 5}, {3, 4}], [{8, 6}, {2, 7}, {1, 5}, {4}, {3}], [{8, 6}, {2, 7}, {3, 5}, {1, 4}], [{8, 6}, {2, 7}, {4, 5}, {1, 3}], [{8, 6}, {3, 7}, {1, 5}, {2, 4}], [{8, 6}, {3, 7}, {2, 5}, {1, 4}], [{8, 6}, {3, 7}, {4, 5}, {1, 2}], [{8, 6}, {4, 7}, {1, 5}, {2, 3}], [{8, 6}, {4, 7}, {2, 5}, {1, 3}], [{8, 6}, {4, 7}, {3, 5}, {1, 2}], [{8, 6}, {4, 7}, {5}, {1, 3}, {2}], [{8, 6}, {5, 7}, {1, 4}, {2, 3}], [{8, 6}, {5, 7}, {2, 4}, {1, 3}], [{8, 6}, {5, 7}, {3, 4}, {1, 2}], [{8, 6}, {7}, {2, 5}, {4}, {1, 3}], [{8, 6}, {7}, {3, 5}, {1, 4}, {2}], [{8, 7}, {1, 6}, {2, 5}, {3, 4}], [{8, 7}, {1, 6}, {3, 5}, {2, 4}], [{8, 7}, {1, 6}, {4, 5}, {2, 3}], [{8, 7}, {2, 6}, {1, 5}, {3, 4}], [{8, 7}, {2, 6}, {3, 5}, {1, 4}], [{8, 7}, {2, 6}, {4, 5}, {1, 3}], [{8, 7}, {2, 6}, {5}, {3, 4}, {1}], [{8, 7}, {3, 6}, {1, 5}, {2, 4}], [{8, 7}, {3, 6}, {2, 5}, {1, 4}], [{8, 7}, {3, 6}, {4, 5}, {1, 2}], [{8, 7}, {4, 6}, {1, 5}, {2, 3}], [{8, 7}, {4, 6}, {2, 5}, {1, 3}], [{8, 7}, {4, 6}, {3, 5}, {1, 2}], [{8, 7}, {4, 6}, {5}, {1, 3}, {2}], [{8, 7}, {5, 6}, {1, 4}, {2, 3}], [{8, 7}, {5, 6}, {2, 4}, {1, 3}], [{8, 7}, {5, 6}, {3, 4}, {1, 2}], [{8, 7}, {5, 6}, {3, 4}, {2}, {1}], [{8, 7}, {6}, {2, 5}, {1, 4}, {3}], [{8, 7}, {6}, {2, 5}, {3, 4}, {1}], [{8, 7}, {6}, {2, 5}, {4}, {1, 3}], [{8, 7}, {6}, {3, 5}, {1, 4}, {2}], [{8, 7}, {6}, {5}, {1, 4}, {2, 3}], [{8}, {1, 7}, {3, 6}, {4, 5}, {2}], [{8}, {1, 7}, {4, 6}, {3, 5}, {2}], [{8}, {1, 7}, {5, 6}, {4}, {2, 3}], [{8}, {2, 7}, {1, 6}, {5}, {3, 4}], [{8}, {3, 7}, {1, 6}, {4, 5}, {2}], [{8}, {4, 7}, {6}, {2, 5}, {1, 3}], [{8}, {5, 7}, {6}, {2, 4}, {1, 3}], [{8}, {6, 7}, {1, 5}, {3, 4}, {2}], [{8}, {6, 7}, {2, 5}, {4}, {1, 3}], [{8}, {6, 7}, {3, 5}, {1, 4}, {2}], [{8}, {6, 7}, {4, 5}, {1, 3}, {2}], [{8}, {6, 7}, {4, 5}, {2, 3}, {1}], [{8}, {6, 7}, {4, 5}, {3}, {1, 2}], [{8}, {6, 7}, {4, 5}, {3}, {2}, {1}], [{8}, {6, 7}, {5}, {2, 4}, {1, 3}], [{8}, {6, 7}, {5}, {4}, {1, 3}, {2}], [{8}, {7}, {4, 6}, {2, 5}, {1, 3}], [{8}, {7}, {5, 6}, {2, 4}, {1, 3}], [{8}, {7}, {5, 6}, {3, 4}, {1, 2}]]",2,- 14 K_1^2 - 4 K_1 K_2 + 2 K_1 + 7 K_2 + 2 K_3 + 8,O1O2O3U4O5U6U3O7U5U1O4U2U7O8O6U8,O1O2U3O4O5U1O6O7U5O3U6U2U4O8U7U8,O1O2U3O4O5U6O7O3U8U1O8U5U7U2O6U4,c,{'O1O2O3U4O5O4U6U2O7U3U8O6U1U5O8U7'},1,"<a href=""/flatknot/8.975814"">8.975814</a>",t^9-50t^7-126t^6+135t^5+460t^4-22t^3-352t^2-187t-36,-t^2+2t,,
8.975815,O1O2O3U4O5O4U6U2O7U3U8O6U1U7O8U5,3,12z^2+65z+83,12w^3z^2+65w^2z+83w,False,False,"[[ 0 -1 -1  0  1  2 -2  2 -1],[ 1  0  0  2  1  2 -1  1  1],[ 1  0  0  1  1  0  0  0  2],[ 0 -2 -1  0  0  0  0  0  0],[-1 -1 -1  0  0  2 -3  2 -2],[-2 -2  0  0 -2  0 -2  0 -2],[ 2  1  0  0  3  2  0  2  1],[-2 -1  0  0 -2  0 -2  0 -2],[ 1 -1 -2  0  2  2 -1  2  0]]","[[ 0  2  2  1  0 -1 -1 -1 -2],[-2  0  0 -2  0  0 -1 -2 -2],[-2  0  0 -2  0  0 -2 -2 -2],[-1  2  2  0  0 -1 -1 -2 -3],[ 0  0  0  0  0 -1 -2  0  0],[ 1  0  0  1  1  0  0  2  0],[ 1  1  2  1  2  0  0  1 -1],[ 1  2  2  2  0 -2 -1  0 -1],[ 2  2  2  3  0  0  1  1  0]]",True,"[-2,-2,-1,0,1,1,1,2,0,2,0,0,1,2,2,2,0,0,2,2,2,0,1,1,2,3,1,2,0,0,0,-2,0,-1,1,1]","[-2,-2,-1,0,1,1,1,2,0,-1,2,1,1,3,2,-1,2,1,2,3,2,1,0,1,1,0,1,-1,0,2,-1,-2,0,0,0,1]",t^8+56t^6+376t^4+219t^2,"[-2,-1,-1,-1,0,1,2,2,0,0,1,2,0,2,2,-1,0,-1,1,1,2,2,1,0,1,1,0,1,3,3,1,2,2,-1,-1,0]","[-2,-2,-1,0,1,1,1,2,0,-1,2,1,1,3,2,-1,2,1,2,3,2,1,0,1,1,0,1,-1,0,2,-1,-2,0,0,0,1]","[-2,-1,-1,-1,0,1,2,2,0,1,1,0,3,2,2,0,2,1,1,0,0,1,2,1,1,2,0,2,2,2,0,0,0,2,2,0]",c,"[[{8, 1}, {2, 7}, {3, 6}, {4, 5}], [{8, 1}, {2, 7}, {3, 6}, {5}, {4}], [{8, 1}, {2, 7}, {4, 6}, {3, 5}], [{8, 1}, {2, 7}, {5, 6}, {3, 4}], [{8, 1}, {3, 7}, {2, 6}, {4, 5}], [{8, 1}, {3, 7}, {4, 6}, {2, 5}], [{8, 1}, {3, 7}, {4, 6}, {5}, {2}], [{8, 1}, {3, 7}, {5, 6}, {2, 4}], [{8, 1}, {4, 7}, {2, 6}, {3, 5}], [{8, 1}, {4, 7}, {3, 6}, {2, 5}], [{8, 1}, {4, 7}, {3, 6}, {5}, {2}], [{8, 1}, {4, 7}, {5, 6}, {2, 3}], [{8, 1}, {5, 7}, {2, 6}, {3, 4}], [{8, 1}, {5, 7}, {3, 6}, {2, 4}], [{8, 1}, {5, 7}, {3, 6}, {4}, {2}], [{8, 1}, {5, 7}, {4, 6}, {2, 3}], [{8, 1}, {6, 7}, {2, 5}, {3, 4}], [{8, 1}, {6, 7}, {3, 5}, {2, 4}], [{8, 1}, {6, 7}, {4, 5}, {2, 3}], [{8, 1}, {6, 7}, {5}, {3, 4}, {2}], [{8, 1}, {7}, {3, 6}, {2, 5}, {4}], [{8, 1}, {7}, {3, 6}, {4, 5}, {2}], [{8, 1}, {7}, {3, 6}, {5}, {2, 4}], [{8, 1}, {7}, {3, 6}, {5}, {4}, {2}], [{8, 2}, {1, 7}, {3, 6}, {4, 5}], [{8, 2}, {1, 7}, {3, 6}, {5}, {4}], [{8, 2}, {1, 7}, {4, 6}, {3, 5}], [{8, 2}, {1, 7}, {5, 6}, {3, 4}], [{8, 2}, {3, 7}, {1, 6}, {4, 5}], [{8, 2}, {3, 7}, {4, 6}, {1, 5}], [{8, 2}, {3, 7}, {4, 6}, {5}, {1}], [{8, 2}, {3, 7}, {5, 6}, {1, 4}], [{8, 2}, {4, 7}, {1, 6}, {3, 5}], [{8, 2}, {4, 7}, {3, 6}, {1, 5}], [{8, 2}, {4, 7}, {3, 6}, {5}, {1}], [{8, 2}, {4, 7}, {5, 6}, {1, 3}], [{8, 2}, {5, 7}, {1, 6}, {3, 4}], [{8, 2}, {5, 7}, {3, 6}, {1, 4}], [{8, 2}, {5, 7}, {3, 6}, {4}, {1}], [{8, 2}, {5, 7}, {4, 6}, {1, 3}], [{8, 2}, {6, 7}, {1, 5}, {3, 4}], [{8, 2}, {6, 7}, {3, 5}, {1, 4}], [{8, 2}, {6, 7}, {4, 5}, {1, 3}], [{8, 2}, {6, 7}, {5}, {3, 4}, {1}], [{8, 2}, {7}, {3, 6}, {1, 5}, {4}], [{8, 2}, {7}, {3, 6}, {4, 5}, {1}], [{8, 2}, {7}, {3, 6}, {5}, {1, 4}], [{8, 2}, {7}, {3, 6}, {5}, {4}, {1}], [{8, 3}, {1, 7}, {2, 6}, {4, 5}], [{8, 3}, {1, 7}, {4, 6}, {2, 5}], [{8, 3}, {1, 7}, {5, 6}, {2, 4}], [{8, 3}, {2, 7}, {1, 6}, {4, 5}], [{8, 3}, {2, 7}, {4, 6}, {1, 5}], [{8, 3}, {2, 7}, {5, 6}, {1, 4}], [{8, 3}, {4, 7}, {1, 6}, {2, 5}], [{8, 3}, {4, 7}, {2, 6}, {1, 5}], [{8, 3}, {4, 7}, {5, 6}, {1, 2}], [{8, 3}, {4, 7}, {6}, {5}, {1, 2}], [{8, 3}, {5, 7}, {1, 6}, {2, 4}], [{8, 3}, {5, 7}, {2, 6}, {1, 4}], [{8, 3}, {5, 7}, {4, 6}, {1, 2}], [{8, 3}, {5, 7}, {6}, {4}, {1, 2}], [{8, 3}, {6, 7}, {1, 5}, {2, 4}], [{8, 3}, {6, 7}, {1, 5}, {4}, {2}], [{8, 3}, {6, 7}, {2, 5}, {1, 4}], [{8, 3}, {6, 7}, {2, 5}, {4}, {1}], [{8, 3}, {6, 7}, {4, 5}, {1, 2}], [{8, 3}, {6, 7}, {5}, {4}, {1, 2}], [{8, 3}, {7}, {4, 6}, {5}, {1, 2}], [{8, 3}, {7}, {5, 6}, {4}, {1, 2}], [{8, 3}, {7}, {6}, {4, 5}, {1, 2}], [{8, 3}, {7}, {6}, {5}, {4}, {1, 2}], [{8, 4}, {1, 7}, {2, 6}, {3, 5}], [{8, 4}, {1, 7}, {3, 6}, {2, 5}], [{8, 4}, {1, 7}, {5, 6}, {2, 3}], [{8, 4}, {1, 7}, {5, 6}, {3}, {2}], [{8, 4}, {1, 7}, {6}, {5}, {2, 3}], [{8, 4}, {2, 7}, {1, 6}, {3, 5}], [{8, 4}, {2, 7}, {3, 6}, {1, 5}], [{8, 4}, {2, 7}, {5, 6}, {1, 3}], [{8, 4}, {2, 7}, {5, 6}, {3}, {1}], [{8, 4}, {2, 7}, {6}, {5}, {1, 3}], [{8, 4}, {3, 7}, {1, 6}, {2, 5}], [{8, 4}, {3, 7}, {2, 6}, {1, 5}], [{8, 4}, {3, 7}, {5, 6}, {1, 2}], [{8, 4}, {3, 7}, {5, 6}, {2}, {1}], [{8, 4}, {3, 7}, {6}, {5}, {1, 2}], [{8, 4}, {5, 7}, {1, 6}, {2, 3}], [{8, 4}, {5, 7}, {2, 6}, {1, 3}], [{8, 4}, {5, 7}, {3, 6}, {1, 2}], [{8, 4}, {5, 7}, {6}, {3}, {1, 2}], [{8, 4}, {6, 7}, {1, 5}, {2, 3}], [{8, 4}, {6, 7}, {1, 5}, {3}, {2}], [{8, 4}, {6, 7}, {2, 5}, {1, 3}], [{8, 4}, {6, 7}, {2, 5}, {3}, {1}], [{8, 4}, {6, 7}, {3, 5}, {1, 2}], [{8, 4}, {6, 7}, {5}, {3}, {1, 2}], [{8, 4}, {7}, {3, 6}, {5}, {1, 2}], [{8, 4}, {7}, {5, 6}, {1, 3}, {2}], [{8, 4}, {7}, {5, 6}, {2, 3}, {1}], [{8, 4}, {7}, {5, 6}, {3}, {1, 2}], [{8, 4}, {7}, {6}, {3, 5}, {1, 2}], [{8, 4}, {7}, {6}, {5}, {3}, {1, 2}], [{8, 5}, {1, 7}, {2, 6}, {3, 4}], [{8, 5}, {1, 7}, {2, 6}, {4}, {3}], [{8, 5}, {1, 7}, {3, 6}, {2, 4}], [{8, 5}, {1, 7}, {3, 6}, {4}, {2}], [{8, 5}, {1, 7}, {4, 6}, {2, 3}], [{8, 5}, {1, 7}, {4, 6}, {3}, {2}], [{8, 5}, {1, 7}, {6}, {2, 4}, {3}], [{8, 5}, {1, 7}, {6}, {3, 4}, {2}], [{8, 5}, {1, 7}, {6}, {4}, {2, 3}], [{8, 5}, {1, 7}, {6}, {4}, {3}, {2}], [{8, 5}, {2, 7}, {1, 6}, {3, 4}], [{8, 5}, {2, 7}, {1, 6}, {4}, {3}], [{8, 5}, {2, 7}, {3, 6}, {1, 4}], [{8, 5}, {2, 7}, {3, 6}, {4}, {1}], [{8, 5}, {2, 7}, {4, 6}, {1, 3}], [{8, 5}, {2, 7}, {4, 6}, {3}, {1}], [{8, 5}, {2, 7}, {6}, {1, 4}, {3}], [{8, 5}, {2, 7}, {6}, {3, 4}, {1}], [{8, 5}, {2, 7}, {6}, {4}, {1, 3}], [{8, 5}, {2, 7}, {6}, {4}, {3}, {1}], [{8, 5}, {3, 7}, {1, 6}, {2, 4}], [{8, 5}, {3, 7}, {2, 6}, {1, 4}], [{8, 5}, {3, 7}, {4, 6}, {1, 2}], [{8, 5}, {3, 7}, {4, 6}, {2}, {1}], [{8, 5}, {3, 7}, {6}, {4}, {1, 2}], [{8, 5}, {4, 7}, {1, 6}, {2, 3}], [{8, 5}, {4, 7}, {2, 6}, {1, 3}], [{8, 5}, {4, 7}, {3, 6}, {1, 2}], [{8, 5}, {4, 7}, {6}, {3}, {1, 2}], [{8, 5}, {6, 7}, {1, 4}, {2, 3}], [{8, 5}, {6, 7}, {2, 4}, {1, 3}], [{8, 5}, {6, 7}, {3, 4}, {1, 2}], [{8, 5}, {6, 7}, {3, 4}, {2}, {1}], [{8, 5}, {6, 7}, {4}, {3}, {1, 2}], [{8, 5}, {7}, {1, 6}, {3, 4}, {2}], [{8, 5}, {7}, {2, 6}, {3, 4}, {1}], [{8, 5}, {7}, {3, 6}, {4}, {1, 2}], [{8, 5}, {7}, {4, 6}, {1, 3}, {2}], [{8, 5}, {7}, {4, 6}, {2, 3}, {1}], [{8, 5}, {7}, {4, 6}, {3}, {1, 2}], [{8, 5}, {7}, {6}, {3, 4}, {1, 2}], [{8, 5}, {7}, {6}, {4}, {3}, {1, 2}], [{8, 6}, {1, 7}, {2, 5}, {3, 4}], [{8, 6}, {1, 7}, {3, 5}, {2, 4}], [{8, 6}, {1, 7}, {4, 5}, {2, 3}], [{8, 6}, {1, 7}, {4, 5}, {3}, {2}], [{8, 6}, {1, 7}, {5}, {4}, {2, 3}], [{8, 6}, {2, 7}, {1, 5}, {3, 4}], [{8, 6}, {2, 7}, {3, 5}, {1, 4}], [{8, 6}, {2, 7}, {4, 5}, {1, 3}], [{8, 6}, {2, 7}, {4, 5}, {3}, {1}], [{8, 6}, {2, 7}, {5}, {4}, {1, 3}], [{8, 6}, {3, 7}, {1, 5}, {2, 4}], [{8, 6}, {3, 7}, {2, 5}, {1, 4}], [{8, 6}, {3, 7}, {4, 5}, {1, 2}], [{8, 6}, {3, 7}, {4, 5}, {2}, {1}], [{8, 6}, {3, 7}, {5}, {4}, {1, 2}], [{8, 6}, {4, 7}, {1, 5}, {2, 3}], [{8, 6}, {4, 7}, {2, 5}, {1, 3}], [{8, 6}, {4, 7}, {3, 5}, {1, 2}], [{8, 6}, {4, 7}, {5}, {1, 3}, {2}], [{8, 6}, {4, 7}, {5}, {2, 3}, {1}], [{8, 6}, {4, 7}, {5}, {3}, {1, 2}], [{8, 6}, {5, 7}, {1, 4}, {2, 3}], [{8, 6}, {5, 7}, {2, 4}, {1, 3}], [{8, 6}, {5, 7}, {3, 4}, {1, 2}], [{8, 6}, {5, 7}, {4}, {1, 3}, {2}], [{8, 6}, {5, 7}, {4}, {2, 3}, {1}], [{8, 6}, {5, 7}, {4}, {3}, {1, 2}], [{8, 6}, {7}, {1, 5}, {4}, {2, 3}], [{8, 6}, {7}, {2, 5}, {4}, {1, 3}], [{8, 6}, {7}, {3, 5}, {4}, {1, 2}], [{8, 6}, {7}, {4, 5}, {1, 3}, {2}], [{8, 6}, {7}, {4, 5}, {2, 3}, {1}], [{8, 6}, {7}, {4, 5}, {3}, {1, 2}], [{8, 6}, {7}, {5}, {1, 4}, {2, 3}], [{8, 6}, {7}, {5}, {2, 4}, {1, 3}], [{8, 6}, {7}, {5}, {3, 4}, {1, 2}], [{8, 6}, {7}, {5}, {4}, {1, 3}, {2}], [{8, 6}, {7}, {5}, {4}, {2, 3}, {1}], [{8, 6}, {7}, {5}, {4}, {3}, {1, 2}], [{8, 7}, {1, 6}, {2, 5}, {3, 4}], [{8, 7}, {1, 6}, {3, 5}, {2, 4}], [{8, 7}, {1, 6}, {4, 5}, {2, 3}], [{8, 7}, {2, 6}, {1, 5}, {3, 4}], [{8, 7}, {2, 6}, {3, 5}, {1, 4}], [{8, 7}, {2, 6}, {4, 5}, {1, 3}], [{8, 7}, {3, 6}, {1, 5}, {2, 4}], [{8, 7}, {3, 6}, {1, 5}, {4}, {2}], [{8, 7}, {3, 6}, {2, 5}, {1, 4}], [{8, 7}, {3, 6}, {2, 5}, {4}, {1}], [{8, 7}, {3, 6}, {4, 5}, {1, 2}], [{8, 7}, {3, 6}, {5}, {4}, {1, 2}], [{8, 7}, {4, 6}, {1, 5}, {2, 3}], [{8, 7}, {4, 6}, {2, 5}, {1, 3}], [{8, 7}, {4, 6}, {3, 5}, {1, 2}], [{8, 7}, {4, 6}, {5}, {3}, {1, 2}], [{8, 7}, {5, 6}, {1, 4}, {2, 3}], [{8, 7}, {5, 6}, {2, 4}, {1, 3}], [{8, 7}, {5, 6}, {3, 4}, {1, 2}], [{8, 7}, {5, 6}, {4}, {3}, {1, 2}], [{8, 7}, {6}, {3, 5}, {4}, {1, 2}], [{8, 7}, {6}, {4, 5}, {3}, {1, 2}], [{8, 7}, {6}, {5}, {1, 4}, {2, 3}], [{8, 7}, {6}, {5}, {2, 4}, {1, 3}], [{8, 7}, {6}, {5}, {3, 4}, {1, 2}], [{8, 7}, {6}, {5}, {4}, {3}, {1, 2}], [{8}, {1, 7}, {2, 6}, {5}, {3, 4}], [{8}, {1, 7}, {3, 6}, {2, 5}, {4}], [{8}, {1, 7}, {4, 6}, {5}, {2, 3}], [{8}, {1, 7}, {5, 6}, {4}, {2, 3}], [{8}, {1, 7}, {6}, {4, 5}, {2, 3}], [{8}, {2, 7}, {1, 6}, {5}, {3, 4}], [{8}, {2, 7}, {3, 6}, {1, 5}, {4}], [{8}, {2, 7}, {4, 6}, {5}, {1, 3}], [{8}, {2, 7}, {5, 6}, {4}, {1, 3}], [{8}, {2, 7}, {6}, {4, 5}, {1, 3}], [{8}, {3, 7}, {1, 6}, {5}, {2, 4}], [{8}, {3, 7}, {2, 6}, {5}, {1, 4}], [{8}, {3, 7}, {4, 6}, {1, 5}, {2}], [{8}, {3, 7}, {4, 6}, {2, 5}, {1}], [{8}, {3, 7}, {4, 6}, {5}, {1, 2}], [{8}, {3, 7}, {4, 6}, {5}, {2}, {1}], [{8}, {3, 7}, {5, 6}, {4}, {1, 2}], [{8}, {3, 7}, {6}, {4, 5}, {1, 2}], [{8}, {3, 7}, {6}, {5}, {4}, {1, 2}], [{8}, {4, 7}, {3, 6}, {5}, {1, 2}], [{8}, {4, 7}, {5, 6}, {3}, {1, 2}], [{8}, {4, 7}, {6}, {3, 5}, {1, 2}], [{8}, {4, 7}, {6}, {5}, {3}, {1, 2}], [{8}, {5, 7}, {3, 6}, {4}, {1, 2}], [{8}, {5, 7}, {4, 6}, {3}, {1, 2}], [{8}, {5, 7}, {6}, {3, 4}, {1, 2}], [{8}, {5, 7}, {6}, {4}, {3}, {1, 2}], [{8}, {6, 7}, {1, 5}, {3, 4}, {2}], [{8}, {6, 7}, {2, 5}, {3, 4}, {1}], [{8}, {6, 7}, {3, 5}, {4}, {1, 2}], [{8}, {6, 7}, {4, 5}, {3}, {1, 2}], [{8}, {6, 7}, {5}, {1, 4}, {2, 3}], [{8}, {6, 7}, {5}, {2, 4}, {1, 3}], [{8}, {6, 7}, {5}, {3, 4}, {1, 2}], [{8}, {6, 7}, {5}, {3, 4}, {2}, {1}], [{8}, {6, 7}, {5}, {4}, {3}, {1, 2}], [{8}, {7}, {3, 6}, {4, 5}, {1, 2}], [{8}, {7}, {3, 6}, {5}, {4}, {1, 2}], [{8}, {7}, {4, 6}, {3, 5}, {1, 2}], [{8}, {7}, {4, 6}, {5}, {3}, {1, 2}], [{8}, {7}, {5, 6}, {3, 4}, {1, 2}], [{8}, {7}, {5, 6}, {4}, {3}, {1, 2}], [{8}, {7}, {6}, {3, 5}, {4}, {1, 2}], [{8}, {7}, {6}, {4, 5}, {3}, {1, 2}], [{8}, {7}, {6}, {5}, {3, 4}, {1, 2}], [{8}, {7}, {6}, {5}, {4}, {3}, {1, 2}]]",2,- 22 K_1^2 - 4 K_1 K_2 + 2 K_1 + 11 K_2 + 2 K_3 + 12,O1O2O3U4O5U6U3O7U5U1O6U2U7O8O4U8,O1O2U3O4O5U1O6O3U5O7U6U2U4O8U7U8,O1O2U3O4O5U1O6O3U7U8O7U5U6U2O8U4,c,{'O1O2O3U4O5O4U6U2O7U3U8O6U1U7O8U5'},1,"<a href=""/flatknot/8.975815"">8.975815</a>",t^9-54t^7-162t^6+143t^5+700t^4-126t^3-606t^2+80t,-t^2+2t,,
8.975816,O1O2O3U4O5O4U6U2O7U3U8O6U5U1O8U7,4,z^3+19z^2+101z+135,w^4z^3+19w^3z^2+101w^2z+135w,False,False,"[[ 0  0 -1  0  1  1 -2  2 -1],[ 0  0 -1  1  1  1 -2  1  0],[ 1  1  0  1  1  0  0  1  1],[ 0 -1 -1  0  0 -1  0  1  0],[-1 -1 -1  0  0  1 -3  1 -1],[-1 -1  0  1 -1  0 -1 -1  0],[ 2  2  0  0  3  1  0  3  0],[-2 -1 -1 -1 -1  1 -3  0 -2],[ 1  0 -1  0  1  0  0  2  0]]","[[ 0  2  1  1  0  0 -1 -1 -2],[-2  0  1 -1 -1 -1 -1 -2 -3],[-1 -1  0 -1  1 -1  0  0 -1],[-1  1  1  0  0 -1 -1 -1 -3],[ 0  1 -1  0  0 -1 -1  0  0],[ 0  1  1  1  1  0 -1  0 -2],[ 1  1  0  1  1  1  0  1  0],[ 1  2  0  1  0  0 -1  0  0],[ 2  3  1  3  0  2  0  0  0]]",True,"[-2,-1,-1,0,0,1,1,2,-1,1,1,1,1,2,3,1,-1,1,0,0,1,0,1,1,1,3,1,1,0,0,1,0,2,-1,0,0]","[-2,-1,-1,0,0,1,1,2,-1,1,1,1,1,2,3,1,-1,1,0,0,1,0,1,1,1,3,1,1,0,0,1,0,2,-1,0,0]",t^8+42t^6+217t^4+67t^2+4,"[-2,-1,-1,0,0,1,1,2,1,1,0,2,0,2,1,-1,0,0,1,2,2,1,1,1,2,1,-1,0,0,1,1,2,1,-1,0,2]","[-2,-1,-1,0,0,1,1,2,0,2,1,1,1,2,1,1,0,1,1,1,0,0,2,2,2,2,1,1,0,0,1,0,2,-1,1,1]","[-2,-1,-1,0,0,1,1,2,0,0,0,2,1,3,3,-1,0,0,0,1,2,1,1,0,1,1,-1,-1,0,1,1,1,1,-1,-1,1]",c,"[[{8, 2}, {1, 7}, {3, 6}, {4, 5}], [{8, 5}, {6, 7}, {2, 4}, {1, 3}], [{8, 5}, {6, 7}, {2, 4}, {3}, {1}], [{8, 7}, {5, 6}, {3, 4}, {1, 2}]]",1,- 16 K_1^2 + 8 K_2 + 9,O1O2O3U4O5U3U6O7U5U1O4U2U7O8O6U8,O1O2U3O4O5U1O6O7U5O3U7U2U4O8U6U8,O1O2U3O4O5U6O7O3U8U2O8U5U7U1O6U4,c,{'O1O2O3U4O5O4U6U2O7U3U8O6U5U1O8U7'},1,"<a href=""/flatknot/8.975816"">8.975816</a>",t^9-42t^7-84t^6+85t^5+244t^4+73t^3-78t^2-174t-134,0,,
8.975817,O1O2O3U4O5O4U6U2O7U3U8O6U7U1O8U5,3,5z^2+42z+65,5w^3z^2+42w^2z+65w,False,False,"[[ 0  0 -1  0  1  2 -2  1 -1],[ 0  0  0  1  0  1 -1  0  0],[ 1  0  0  1  1  0  0  0  2],[ 0 -1 -1  0  0  0  0  0  0],[-1  0 -1  0  0  2 -3  1 -2],[-2 -1  0  0 -2  0 -2  0 -2],[ 2  1  0  0  3  2  0  1  1],[-1  0  0  0 -1  0 -1  0 -1],[ 1  0 -2  0  2  2 -1  1  0]]","[[ 0  2  1  1  0  0 -1 -1 -2],[-2  0  0 -2  0 -1  0 -2 -2],[-1  0  0 -1  0  0  0 -1 -1],[-1  2  1  0  0  0 -1 -2 -3],[ 0  0  0  0  0 -1 -1  0  0],[ 0  1  0  0  1  0  0  0 -1],[ 1  0  0  1  1  0  0  2  0],[ 1  2  1  2  0  0 -2  0 -1],[ 2  2  1  3  0  1  0  1  0]]",True,"[-2,-1,-1,0,0,1,1,2,0,2,0,1,0,2,2,1,0,0,0,1,1,0,0,1,2,3,1,1,0,0,0,0,1,-2,0,1]","[-2,-1,-1,0,0,1,1,2,-1,1,1,2,1,3,2,1,1,1,0,1,0,1,1,1,2,2,1,1,1,1,1,0,2,-2,0,1]",t^8+38t^6+145t^4+48t^2,"[-2,-1,-1,0,0,1,1,2,0,1,1,2,0,2,2,2,1,1,0,1,1,1,0,1,2,3,-1,1,1,1,1,1,2,-1,-1,1]","[-2,-1,-1,0,0,1,1,2,-1,1,1,2,1,3,2,1,1,1,0,1,0,1,1,1,2,2,1,1,1,1,1,0,2,-2,0,1]","[-2,-1,-1,0,0,1,1,2,0,1,0,1,1,3,2,2,1,0,0,1,0,0,0,1,2,2,-1,0,0,0,0,0,1,-1,0,2]",c,"[[{8, 1}, {4, 7}, {3, 6}, {2, 5}], [{8, 1}, {7}, {3, 6}, {2, 5}, {4}], [{8, 2}, {4, 7}, {3, 6}, {1, 5}], [{8, 2}, {7}, {3, 6}, {1, 5}, {4}], [{8, 4}, {2, 7}, {5, 6}, {1, 3}], [{8, 5}, {3, 7}, {4, 6}, {1, 2}], [{8, 5}, {6, 7}, {3, 4}, {1, 2}], [{8, 7}, {5, 6}, {2, 4}, {1, 3}]]",1,- 12 K_1^2 + 6 K_2 + 7,O1O2O3U4O5U3U6O7U5U1O6U2U7O8O4U8,O1O2U3O4O5U1O3O6U5O7U6U2U4O8U7U8,O1O2U3O4O5U2O6O3U7U8O7U5U6U1O8U4,c,{'O1O2O3U4O5O4U6U2O7U3U8O6U7U1O8U5'},1,"<a href=""/flatknot/8.975817"">8.975817</a>",t^9-38t^7-82t^6+101t^5+252t^4-80t^3-190t^2+12t,0,,
8.975818,O1O2O3U4O5O4U6U2O7U5U1O6U8U3O8U7,4,2z^3+25z^2+104z+125,2w^4z^3+25w^3z^2+104w^2z+125w,False,False,"[[ 0 -1 -1  2  1  0 -2  2 -1],[ 1  0 -1  1  2  0 -1  2  0],[ 1  1  0  1  1  0  0  1  0],[-2 -1 -1  0 -1  0 -3  0 -2],[-1 -2 -1  1  0  0 -2  1 -2],[ 0  0  0  0  0  0  0  0  0],[ 2  1  0  3  2  0  0  2  1],[-2 -2 -1  0 -1  0 -2  0 -2],[ 1  0  0  2  2  0 -1  2  0]]","[[ 0  2  2  1 -1 -1 -1 -2],[-2  0  0 -1 -1 -1 -2 -3],[-2  0  0 -1 -1 -2 -2 -2],[-1  1  1  0 -1 -2 -2 -2],[ 1  1  1  1  0  1  0  0],[ 1  1  2  2 -1  0  0 -1],[ 1  2  2  2  0  0  0 -1],[ 2  3  2  2  0  1  1  0]]",False,"[-2,-2,-1,1,1,1,2,0,1,1,1,2,3,1,1,2,2,2,1,2,2,2,-1,0,0,0,1,1]","[-2,-2,-1,1,1,1,2,0,0,1,1,2,2,0,1,2,2,1,0,0,1,1,0,0,0,-1,0,1]",t^7+46t^5+97t^3+28t,"[-2,-1,-1,-1,1,2,2,0,0,1,1,1,2,0,0,0,1,1,1,0,2,1,1,2,2,0,0,0]","[-2,-2,-1,1,1,1,2,0,0,1,1,2,2,0,1,2,2,1,0,0,1,1,0,0,0,-1,0,1]","[-2,-1,-1,-1,1,2,2,0,1,1,2,2,3,0,1,1,1,1,0,2,2,2,2,2,1,1,1,0]",c,"[[{8, 1}, {2, 7}, {3, 6}, {4, 5}], [{8, 1}, {2, 7}, {3, 6}, {5}, {4}], [{8, 1}, {2, 7}, {4, 6}, {3, 5}], [{8, 1}, {2, 7}, {4, 6}, {5}, {3}], [{8, 1}, {2, 7}, {5, 6}, {3, 4}], [{8, 1}, {2, 7}, {6}, {5}, {3, 4}], [{8, 1}, {3, 7}, {2, 6}, {4, 5}], [{8, 1}, {3, 7}, {2, 6}, {5}, {4}], [{8, 1}, {3, 7}, {4, 6}, {2, 5}], [{8, 1}, {3, 7}, {4, 6}, {5}, {2}], [{8, 1}, {3, 7}, {5, 6}, {2, 4}], [{8, 1}, {3, 7}, {6}, {5}, {2, 4}], [{8, 1}, {4, 7}, {2, 6}, {3, 5}], [{8, 1}, {4, 7}, {2, 6}, {5}, {3}], [{8, 1}, {4, 7}, {3, 6}, {2, 5}], [{8, 1}, {4, 7}, {3, 6}, {5}, {2}], [{8, 1}, {4, 7}, {5, 6}, {2, 3}], [{8, 1}, {4, 7}, {6}, {5}, {2, 3}], [{8, 1}, {5, 7}, {2, 6}, {3, 4}], [{8, 1}, {5, 7}, {3, 6}, {2, 4}], [{8, 1}, {5, 7}, {3, 6}, {4}, {2}], [{8, 1}, {5, 7}, {4, 6}, {2, 3}], [{8, 1}, {5, 7}, {4, 6}, {3}, {2}], [{8, 1}, {5, 7}, {6}, {3, 4}, {2}], [{8, 1}, {6, 7}, {2, 5}, {3, 4}], [{8, 1}, {6, 7}, {3, 5}, {2, 4}], [{8, 1}, {6, 7}, {4, 5}, {2, 3}], [{8, 1}, {6, 7}, {5}, {2, 4}, {3}], [{8, 1}, {6, 7}, {5}, {3, 4}, {2}], [{8, 1}, {6, 7}, {5}, {4}, {2, 3}], [{8, 1}, {7}, {2, 6}, {5}, {3, 4}], [{8, 1}, {7}, {3, 6}, {2, 5}, {4}], [{8, 1}, {7}, {3, 6}, {4, 5}, {2}], [{8, 1}, {7}, {3, 6}, {5}, {2, 4}], [{8, 1}, {7}, {3, 6}, {5}, {4}, {2}], [{8, 1}, {7}, {4, 6}, {2, 5}, {3}], [{8, 1}, {7}, {4, 6}, {3, 5}, {2}], [{8, 1}, {7}, {4, 6}, {5}, {2, 3}], [{8, 1}, {7}, {4, 6}, {5}, {3}, {2}], [{8, 1}, {7}, {5, 6}, {3, 4}, {2}], [{8, 1}, {7}, {6}, {2, 5}, {3, 4}], [{8, 1}, {7}, {6}, {5}, {3, 4}, {2}], [{8, 2}, {1, 7}, {3, 6}, {4, 5}], [{8, 2}, {1, 7}, {3, 6}, {5}, {4}], [{8, 2}, {1, 7}, {4, 6}, {3, 5}], [{8, 2}, {1, 7}, {4, 6}, {5}, {3}], [{8, 2}, {1, 7}, {5, 6}, {3, 4}], [{8, 2}, {1, 7}, {5, 6}, {4}, {3}], [{8, 2}, {1, 7}, {6}, {3, 5}, {4}], [{8, 2}, {1, 7}, {6}, {4, 5}, {3}], [{8, 2}, {1, 7}, {6}, {5}, {3, 4}], [{8, 2}, {1, 7}, {6}, {5}, {4}, {3}], [{8, 2}, {3, 7}, {1, 6}, {4, 5}], [{8, 2}, {3, 7}, {1, 6}, {5}, {4}], [{8, 2}, {3, 7}, {4, 6}, {1, 5}], [{8, 2}, {3, 7}, {4, 6}, {5}, {1}], [{8, 2}, {3, 7}, {5, 6}, {1, 4}], [{8, 2}, {3, 7}, {6}, {5}, {1, 4}], [{8, 2}, {4, 7}, {1, 6}, {3, 5}], [{8, 2}, {4, 7}, {1, 6}, {5}, {3}], [{8, 2}, {4, 7}, {3, 6}, {1, 5}], [{8, 2}, {4, 7}, {3, 6}, {5}, {1}], [{8, 2}, {4, 7}, {5, 6}, {1, 3}], [{8, 2}, {4, 7}, {6}, {5}, {1, 3}], [{8, 2}, {5, 7}, {1, 6}, {3, 4}], [{8, 2}, {5, 7}, {1, 6}, {4}, {3}], [{8, 2}, {5, 7}, {3, 6}, {1, 4}], [{8, 2}, {5, 7}, {4, 6}, {1, 3}], [{8, 2}, {6, 7}, {1, 5}, {3, 4}], [{8, 2}, {6, 7}, {1, 5}, {4}, {3}], [{8, 2}, {6, 7}, {3, 5}, {1, 4}], [{8, 2}, {6, 7}, {3, 5}, {4}, {1}], [{8, 2}, {6, 7}, {4, 5}, {1, 3}], [{8, 2}, {6, 7}, {4, 5}, {3}, {1}], [{8, 2}, {6, 7}, {5}, {1, 4}, {3}], [{8, 2}, {6, 7}, {5}, {3, 4}, {1}], [{8, 2}, {6, 7}, {5}, {4}, {1, 3}], [{8, 2}, {6, 7}, {5}, {4}, {3}, {1}], [{8, 2}, {7}, {1, 6}, {3, 5}, {4}], [{8, 2}, {7}, {1, 6}, {4, 5}, {3}], [{8, 2}, {7}, {1, 6}, {5}, {3, 4}], [{8, 2}, {7}, {1, 6}, {5}, {4}, {3}], [{8, 2}, {7}, {3, 6}, {5}, {1, 4}], [{8, 2}, {7}, {4, 6}, {5}, {1, 3}], [{8, 3}, {1, 7}, {2, 6}, {4, 5}], [{8, 3}, {1, 7}, {2, 6}, {5}, {4}], [{8, 3}, {1, 7}, {4, 6}, {2, 5}], [{8, 3}, {1, 7}, {4, 6}, {5}, {2}], [{8, 3}, {1, 7}, {5, 6}, {2, 4}], [{8, 3}, {1, 7}, {6}, {5}, {2, 4}], [{8, 3}, {2, 7}, {1, 6}, {4, 5}], [{8, 3}, {2, 7}, {1, 6}, {5}, {4}], [{8, 3}, {2, 7}, {4, 6}, {1, 5}], [{8, 3}, {2, 7}, {4, 6}, {5}, {1}], [{8, 3}, {2, 7}, {5, 6}, {1, 4}], [{8, 3}, {2, 7}, {5, 6}, {4}, {1}], [{8, 3}, {2, 7}, {6}, {1, 5}, {4}], [{8, 3}, {2, 7}, {6}, {4, 5}, {1}], [{8, 3}, {2, 7}, {6}, {5}, {1, 4}], [{8, 3}, {2, 7}, {6}, {5}, {4}, {1}], [{8, 3}, {4, 7}, {1, 6}, {2, 5}], [{8, 3}, {4, 7}, {1, 6}, {5}, {2}], [{8, 3}, {4, 7}, {2, 6}, {1, 5}], [{8, 3}, {4, 7}, {2, 6}, {5}, {1}], [{8, 3}, {4, 7}, {5, 6}, {1, 2}], [{8, 3}, {4, 7}, {5, 6}, {2}, {1}], [{8, 3}, {4, 7}, {6}, {1, 5}, {2}], [{8, 3}, {4, 7}, {6}, {2, 5}, {1}], [{8, 3}, {4, 7}, {6}, {5}, {1, 2}], [{8, 3}, {4, 7}, {6}, {5}, {2}, {1}], [{8, 3}, {5, 7}, {1, 6}, {2, 4}], [{8, 3}, {5, 7}, {2, 6}, {1, 4}], [{8, 3}, {5, 7}, {2, 6}, {4}, {1}], [{8, 3}, {5, 7}, {4, 6}, {1, 2}], [{8, 3}, {5, 7}, {4, 6}, {2}, {1}], [{8, 3}, {5, 7}, {6}, {2, 4}, {1}], [{8, 3}, {6, 7}, {1, 5}, {2, 4}], [{8, 3}, {6, 7}, {1, 5}, {4}, {2}], [{8, 3}, {6, 7}, {2, 5}, {1, 4}], [{8, 3}, {6, 7}, {2, 5}, {4}, {1}], [{8, 3}, {6, 7}, {4, 5}, {1, 2}], [{8, 3}, {6, 7}, {4, 5}, {2}, {1}], [{8, 3}, {6, 7}, {5}, {1, 4}, {2}], [{8, 3}, {6, 7}, {5}, {2, 4}, {1}], [{8, 3}, {6, 7}, {5}, {4}, {1, 2}], [{8, 3}, {6, 7}, {5}, {4}, {2}, {1}], [{8, 3}, {7}, {1, 6}, {5}, {2, 4}], [{8, 3}, {7}, {2, 6}, {1, 5}, {4}], [{8, 3}, {7}, {2, 6}, {4, 5}, {1}], [{8, 3}, {7}, {2, 6}, {5}, {1, 4}], [{8, 3}, {7}, {2, 6}, {5}, {4}, {1}], [{8, 3}, {7}, {4, 6}, {1, 5}, {2}], [{8, 3}, {7}, {4, 6}, {2, 5}, {1}], [{8, 3}, {7}, {4, 6}, {5}, {1, 2}], [{8, 3}, {7}, {4, 6}, {5}, {2}, {1}], [{8, 3}, {7}, {5, 6}, {2, 4}, {1}], [{8, 3}, {7}, {6}, {1, 5}, {2, 4}], [{8, 3}, {7}, {6}, {5}, {2, 4}, {1}], [{8, 4}, {1, 7}, {2, 6}, {3, 5}], [{8, 4}, {1, 7}, {2, 6}, {5}, {3}], [{8, 4}, {1, 7}, {3, 6}, {2, 5}], [{8, 4}, {1, 7}, {3, 6}, {5}, {2}], [{8, 4}, {1, 7}, {5, 6}, {2, 3}], [{8, 4}, {1, 7}, {6}, {5}, {2, 3}], [{8, 4}, {2, 7}, {1, 6}, {3, 5}], [{8, 4}, {2, 7}, {1, 6}, {5}, {3}], [{8, 4}, {2, 7}, {3, 6}, {1, 5}], [{8, 4}, {2, 7}, {3, 6}, {5}, {1}], [{8, 4}, {2, 7}, {5, 6}, {1, 3}], [{8, 4}, {2, 7}, {6}, {5}, {1, 3}], [{8, 4}, {3, 7}, {1, 6}, {2, 5}], [{8, 4}, {3, 7}, {1, 6}, {5}, {2}], [{8, 4}, {3, 7}, {2, 6}, {1, 5}], [{8, 4}, {3, 7}, {2, 6}, {5}, {1}], [{8, 4}, {3, 7}, {5, 6}, {1, 2}], [{8, 4}, {3, 7}, {6}, {5}, {1, 2}], [{8, 4}, {5, 7}, {1, 6}, {2, 3}], [{8, 4}, {5, 7}, {1, 6}, {3}, {2}], [{8, 4}, {5, 7}, {2, 6}, {1, 3}], [{8, 4}, {5, 7}, {2, 6}, {3}, {1}], [{8, 4}, {5, 7}, {3, 6}, {1, 2}], [{8, 4}, {5, 7}, {6}, {3}, {1, 2}], [{8, 4}, {6, 7}, {1, 5}, {2, 3}], [{8, 4}, {6, 7}, {2, 5}, {1, 3}], [{8, 4}, {6, 7}, {3, 5}, {1, 2}], [{8, 4}, {6, 7}, {5}, {1, 3}, {2}], [{8, 4}, {6, 7}, {5}, {2, 3}, {1}], [{8, 4}, {6, 7}, {5}, {3}, {1, 2}], [{8, 4}, {7}, {1, 6}, {2, 5}, {3}], [{8, 4}, {7}, {1, 6}, {3, 5}, {2}], [{8, 4}, {7}, {1, 6}, {5}, {2, 3}], [{8, 4}, {7}, {1, 6}, {5}, {3}, {2}], [{8, 4}, {7}, {2, 6}, {1, 5}, {3}], [{8, 4}, {7}, {2, 6}, {3, 5}, {1}], [{8, 4}, {7}, {2, 6}, {5}, {1, 3}], [{8, 4}, {7}, {2, 6}, {5}, {3}, {1}], [{8, 4}, {7}, {3, 6}, {5}, {1, 2}], [{8, 4}, {7}, {5, 6}, {3}, {1, 2}], [{8, 4}, {7}, {6}, {3, 5}, {1, 2}], [{8, 4}, {7}, {6}, {5}, {3}, {1, 2}], [{8, 5}, {1, 7}, {2, 6}, {3, 4}], [{8, 5}, {1, 7}, {3, 6}, {2, 4}], [{8, 5}, {1, 7}, {4, 6}, {2, 3}], [{8, 5}, {1, 7}, {6}, {3, 4}, {2}], [{8, 5}, {2, 7}, {1, 6}, {3, 4}], [{8, 5}, {2, 7}, {3, 6}, {1, 4}], [{8, 5}, {2, 7}, {3, 6}, {4}, {1}], [{8, 5}, {2, 7}, {4, 6}, {1, 3}], [{8, 5}, {3, 7}, {1, 6}, {2, 4}], [{8, 5}, {3, 7}, {2, 6}, {1, 4}], [{8, 5}, {3, 7}, {4, 6}, {1, 2}], [{8, 5}, {4, 7}, {1, 6}, {2, 3}], [{8, 5}, {4, 7}, {2, 6}, {1, 3}], [{8, 5}, {4, 7}, {3, 6}, {1, 2}], [{8, 5}, {6, 7}, {1, 4}, {2, 3}], [{8, 5}, {6, 7}, {1, 4}, {3}, {2}], [{8, 5}, {6, 7}, {2, 4}, {1, 3}], [{8, 5}, {6, 7}, {3, 4}, {1, 2}], [{8, 5}, {6, 7}, {4}, {2, 3}, {1}], [{8, 5}, {7}, {1, 6}, {2, 4}, {3}], [{8, 5}, {7}, {2, 6}, {3, 4}, {1}], [{8, 5}, {7}, {4, 6}, {1, 3}, {2}], [{8, 6}, {1, 7}, {2, 5}, {3, 4}], [{8, 6}, {1, 7}, {3, 5}, {2, 4}], [{8, 6}, {1, 7}, {4, 5}, {2, 3}], [{8, 6}, {1, 7}, {5}, {2, 4}, {3}], [{8, 6}, {1, 7}, {5}, {3, 4}, {2}], [{8, 6}, {1, 7}, {5}, {4}, {2, 3}], [{8, 6}, {2, 7}, {1, 5}, {3, 4}], [{8, 6}, {2, 7}, {1, 5}, {4}, {3}], [{8, 6}, {2, 7}, {3, 5}, {1, 4}], [{8, 6}, {2, 7}, {3, 5}, {4}, {1}], [{8, 6}, {2, 7}, {4, 5}, {1, 3}], [{8, 6}, {2, 7}, {4, 5}, {3}, {1}], [{8, 6}, {2, 7}, {5}, {1, 4}, {3}], [{8, 6}, {2, 7}, {5}, {3, 4}, {1}], [{8, 6}, {2, 7}, {5}, {4}, {1, 3}], [{8, 6}, {2, 7}, {5}, {4}, {3}, {1}], [{8, 6}, {3, 7}, {1, 5}, {2, 4}], [{8, 6}, {3, 7}, {2, 5}, {1, 4}], [{8, 6}, {3, 7}, {4, 5}, {1, 2}], [{8, 6}, {3, 7}, {5}, {1, 4}, {2}], [{8, 6}, {3, 7}, {5}, {2, 4}, {1}], [{8, 6}, {3, 7}, {5}, {4}, {1, 2}], [{8, 6}, {4, 7}, {1, 5}, {2, 3}], [{8, 6}, {4, 7}, {2, 5}, {1, 3}], [{8, 6}, {4, 7}, {3, 5}, {1, 2}], [{8, 6}, {4, 7}, {5}, {1, 3}, {2}], [{8, 6}, {4, 7}, {5}, {2, 3}, {1}], [{8, 6}, {4, 7}, {5}, {3}, {1, 2}], [{8, 6}, {5, 7}, {1, 4}, {2, 3}], [{8, 6}, {5, 7}, {1, 4}, {3}, {2}], [{8, 6}, {5, 7}, {2, 4}, {1, 3}], [{8, 6}, {5, 7}, {3, 4}, {1, 2}], [{8, 6}, {7}, {2, 5}, {1, 4}, {3}], [{8, 6}, {7}, {3, 5}, {1, 4}, {2}], [{8, 6}, {7}, {5}, {1, 4}, {2, 3}], [{8, 6}, {7}, {5}, {1, 4}, {3}, {2}], [{8, 6}, {7}, {5}, {2, 4}, {1, 3}], [{8, 6}, {7}, {5}, {3, 4}, {1, 2}], [{8, 7}, {1, 6}, {2, 5}, {3, 4}], [{8, 7}, {1, 6}, {3, 5}, {2, 4}], [{8, 7}, {1, 6}, {4, 5}, {2, 3}], [{8, 7}, {1, 6}, {5}, {2, 4}, {3}], [{8, 7}, {1, 6}, {5}, {3, 4}, {2}], [{8, 7}, {1, 6}, {5}, {4}, {2, 3}], [{8, 7}, {2, 6}, {1, 5}, {3, 4}], [{8, 7}, {2, 6}, {3, 5}, {1, 4}], [{8, 7}, {2, 6}, {4, 5}, {1, 3}], [{8, 7}, {2, 6}, {5}, {1, 4}, {3}], [{8, 7}, {2, 6}, {5}, {3, 4}, {1}], [{8, 7}, {2, 6}, {5}, {4}, {1, 3}], [{8, 7}, {3, 6}, {1, 5}, {2, 4}], [{8, 7}, {3, 6}, {2, 5}, {1, 4}], [{8, 7}, {3, 6}, {4, 5}, {1, 2}], [{8, 7}, {3, 6}, {5}, {1, 4}, {2}], [{8, 7}, {3, 6}, {5}, {2, 4}, {1}], [{8, 7}, {3, 6}, {5}, {4}, {1, 2}], [{8, 7}, {4, 6}, {1, 5}, {2, 3}], [{8, 7}, {4, 6}, {2, 5}, {1, 3}], [{8, 7}, {4, 6}, {3, 5}, {1, 2}], [{8, 7}, {4, 6}, {5}, {1, 3}, {2}], [{8, 7}, {4, 6}, {5}, {2, 3}, {1}], [{8, 7}, {4, 6}, {5}, {3}, {1, 2}], [{8, 7}, {5, 6}, {1, 4}, {2, 3}], [{8, 7}, {5, 6}, {1, 4}, {3}, {2}], [{8, 7}, {5, 6}, {2, 4}, {1, 3}], [{8, 7}, {5, 6}, {3, 4}, {1, 2}], [{8, 7}, {5, 6}, {3, 4}, {2}, {1}], [{8, 7}, {5, 6}, {4}, {1, 3}, {2}], [{8, 7}, {6}, {1, 5}, {3, 4}, {2}], [{8, 7}, {6}, {2, 5}, {1, 4}, {3}], [{8, 7}, {6}, {2, 5}, {3, 4}, {1}], [{8, 7}, {6}, {2, 5}, {4}, {1, 3}], [{8, 7}, {6}, {3, 5}, {1, 4}, {2}], [{8, 7}, {6}, {4, 5}, {1, 3}, {2}], [{8, 7}, {6}, {5}, {1, 4}, {2, 3}], [{8, 7}, {6}, {5}, {1, 4}, {3}, {2}], [{8, 7}, {6}, {5}, {2, 4}, {1, 3}], [{8, 7}, {6}, {5}, {3, 4}, {1, 2}], [{8, 7}, {6}, {5}, {3, 4}, {2}, {1}], [{8, 7}, {6}, {5}, {4}, {1, 3}, {2}], [{8}, {1, 7}, {2, 6}, {5}, {3, 4}], [{8}, {1, 7}, {3, 6}, {5}, {2, 4}], [{8}, {1, 7}, {4, 6}, {5}, {2, 3}], [{8}, {1, 7}, {5, 6}, {3, 4}, {2}], [{8}, {1, 7}, {6}, {2, 5}, {3, 4}], [{8}, {1, 7}, {6}, {5}, {3, 4}, {2}], [{8}, {2, 7}, {1, 6}, {5}, {3, 4}], [{8}, {2, 7}, {3, 6}, {1, 5}, {4}], [{8}, {2, 7}, {3, 6}, {4, 5}, {1}], [{8}, {2, 7}, {3, 6}, {5}, {1, 4}], [{8}, {2, 7}, {3, 6}, {5}, {4}, {1}], [{8}, {2, 7}, {4, 6}, {5}, {1, 3}], [{8}, {3, 7}, {1, 6}, {5}, {2, 4}], [{8}, {3, 7}, {2, 6}, {5}, {1, 4}], [{8}, {3, 7}, {4, 6}, {5}, {1, 2}], [{8}, {4, 7}, {1, 6}, {5}, {2, 3}], [{8}, {4, 7}, {2, 6}, {5}, {1, 3}], [{8}, {4, 7}, {3, 6}, {5}, {1, 2}], [{8}, {5, 7}, {1, 6}, {2, 4}, {3}], [{8}, {5, 7}, {2, 6}, {3, 4}, {1}], [{8}, {5, 7}, {4, 6}, {1, 3}, {2}], [{8}, {6, 7}, {1, 5}, {4}, {2, 3}], [{8}, {6, 7}, {2, 5}, {1, 4}, {3}], [{8}, {6, 7}, {3, 5}, {1, 4}, {2}], [{8}, {6, 7}, {4, 5}, {2, 3}, {1}], [{8}, {6, 7}, {5}, {1, 4}, {2, 3}], [{8}, {6, 7}, {5}, {1, 4}, {3}, {2}], [{8}, {6, 7}, {5}, {2, 4}, {1, 3}], [{8}, {6, 7}, {5}, {3, 4}, {1, 2}], [{8}, {6, 7}, {5}, {4}, {2, 3}, {1}], [{8}, {7}, {1, 6}, {3, 5}, {2, 4}], [{8}, {7}, {1, 6}, {5}, {2, 4}, {3}], [{8}, {7}, {2, 6}, {1, 5}, {3, 4}], [{8}, {7}, {2, 6}, {5}, {3, 4}, {1}], [{8}, {7}, {4, 6}, {2, 5}, {1, 3}], [{8}, {7}, {4, 6}, {5}, {1, 3}, {2}]]",2,8 K_1^3 - 18 K_1^2 - 4 K_1 K_2 - 4 K_1 + 9 K_2 + 10,O1O2O3U4O5U1U5O6U3U7O4U2U6O8O7U8,O1O2U3O4O5U1O6O7U6O3U5U2U7O8U4U8,O1O2U3O4O5U6O7O3U8U5O8U1U7U4O6U2,c,{'O1O2O3U4O5O4U6U2O7U5U1O6U8U3O8U7'},1,"<a href=""/flatknot/8.975818"">8.975818</a>",t^8-44t^6-114t^5-20t^4+126t^3+84t^2-4t-9,-t^2+2t,,
8.975819,O1O2O3U4O5O4U6U2O7U5U1O6U8U7O8U3,4,z^3+21z^2+87z+99,w^4z^3+21w^3z^2+87w^2z+99w,False,False,"[[ 0 -1 -1  2  1  0 -2  2 -1],[ 1  0 -1  2  2  0 -1  1  0],[ 1  1  0  1  1  0  0  0  1],[-2 -2 -1  0 -1 -1 -2  1 -3],[-1 -2 -1  1  0  0 -2  1 -2],[ 0  0  0  1  0  0  0  0 -1],[ 2  1  0  2  2  0  0  2  2],[-2 -1  0 -1 -1  0 -2  0 -2],[ 1  0 -1  3  2  1 -2  2  0]]","[[ 0  2  2  1  0 -1 -1 -1 -2],[-2  0  1 -1 -1 -1 -2 -3 -2],[-2 -1  0 -1  0  0 -1 -2 -2],[-1  1  1  0  0 -1 -2 -2 -2],[ 0  1  0  0  0  0  0 -1  0],[ 1  1  0  1  0  0  1  1  0],[ 1  2  1  2  0 -1  0  0 -1],[ 1  3  2  2  1 -1  0  0 -2],[ 2  2  2  2  0  0  1  2  0]]",True,"[-2,-2,-1,0,1,1,1,2,-1,1,1,1,2,3,2,1,0,0,1,2,2,0,1,2,2,2,0,0,1,0,-1,-1,0,0,1,2]","[-2,-2,-1,0,1,1,1,2,-1,0,2,1,2,3,2,0,1,0,1,2,2,1,0,0,1,1,0,1,1,2,0,-1,-1,-1,0,1]",t^8+52t^6+151t^4+102t^2+9,"[-2,-1,-1,-1,0,1,2,2,-1,0,1,2,1,2,2,0,1,0,0,0,1,1,1,0,1,2,1,1,2,3,1,1,2,0,0,-1]","[-2,-2,-1,0,1,1,1,2,-1,0,2,1,2,3,2,0,1,0,1,2,2,1,0,0,1,1,0,1,1,2,0,-1,-1,-1,0,1]","[-2,-1,-1,-1,0,1,2,2,0,1,2,0,2,2,2,1,1,0,1,0,1,0,0,2,1,2,1,2,2,3,0,0,1,1,1,-1]",c,"[[{8, 1}, {3, 7}, {4, 6}, {2, 5}], [{8, 3}, {1, 7}, {4, 6}, {2, 5}], [{8, 3}, {1, 7}, {4, 6}, {5}, {2}], [{8, 4}, {1, 7}, {3, 6}, {2, 5}], [{8, 4}, {2, 7}, {3, 6}, {1, 5}], [{8, 4}, {5, 7}, {3, 6}, {1, 2}]]",1,4 K_1^3 - 10 K_1^2 - 4 K_1 K_2 - K_1 + 5 K_2 + K_3 + 6,O1O2O3U1O4U5U4O6U3U7O5U2U6O8O7U8,O1O2U3O4O5U1O6O3U6O7U5U2U7O8U4U8,O1O2U3O4O5U1O6O3U7U5O7U8U6U4O8U2,c,{'O1O2O3U4O5O4U6U2O7U5U1O6U8U7O8U3'},1,"<a href=""/flatknot/8.975819"">8.975819</a>",t^9-50t^7-176t^6-120t^5+184t^4+223t^3+14t^2-53t-10,-t^2+2t,,
8.975820,O1O2O3U4O5O4U6U2O7U5U3O6U8U1O8U7,4,2z^3+29z^2+100z+101,2w^4z^3-2w^4z^2+31w^3z^2-6w^3z+106w^2z+101w,False,False,"[[ 0  0 -1  1  1  0 -2  2 -1],[ 0  0 -1  2  1  1 -3  1  0],[ 1  1  0  2  1  0 -1  1  1],[-1 -2 -2  0  0 -1 -2  1 -1],[-1 -1 -1  0  0  0 -2  1 -2],[ 0 -1  0  1  0  0  0  0  0],[ 2  3  1  2  2  0  0  2  1],[-2 -1 -1 -1 -1  0 -2  0 -2],[ 1  0 -1  1  2  0 -1  2  0]]","[[ 0  2  1  1  0  0 -1 -1 -2],[-2  0 -1 -1  0 -1 -1 -2 -2],[-1  1  0  0  0 -1 -1 -2 -2],[-1  1  0  0 -1 -2 -2 -1 -2],[ 0  0  0  1  0 -1  0  0  0],[ 0  1  1  2  1  0 -1  0 -3],[ 1  1  1  2  0  1  0  1 -1],[ 1  2  2  1  0  0 -1  0 -1],[ 2  2  2  2  0  3  1  1  0]]",True,"[-2,-1,-1,0,0,1,1,2,1,1,0,1,1,2,2,0,0,1,1,2,2,1,2,2,1,2,1,0,0,0,1,0,3,-1,1,1]","[-2,-1,-1,0,0,1,1,2,0,0,-1,2,1,1,2,-1,0,1,0,1,2,1,1,1,0,1,-1,-1,0,1,0,1,2,0,0,0]",t^8+50t^6+260t^4+224t^2,"[-2,-1,-1,0,0,1,1,2,0,0,-1,2,1,1,2,-1,0,1,0,1,2,1,1,1,0,1,-1,-1,0,1,0,1,2,0,0,0]","[-2,-1,-1,0,0,1,1,2,0,0,1,2,1,2,2,0,-1,0,1,0,1,0,1,0,1,1,1,1,0,-1,1,1,2,-1,0,0]","[-2,-1,-1,0,0,1,1,2,1,1,0,3,2,2,2,-1,0,0,1,2,2,0,1,2,1,1,-1,1,0,0,2,1,1,0,1,1]",c,"[[{8, 1}, {5, 7}, {3, 6}, {2, 4}]]",1,4 K_1^3 - 12 K_1^2 - 4 K_1 K_2 - K_1 + 6 K_2 + K_3 + 7,O1O2O3U4O5U3U5O6U1U7O4U2U6O8O7U8,O1O2U3O4O5U1O6O7U6O3U7U2U5O8U4U8,O1O2U3O4O5U6O7O3U8U5O8U4U7U1O6U2,c,{'O1O2O3U4O5O4U6U2O7U5U3O6U8U1O8U7'},1,"<a href=""/flatknot/8.975820"">8.975820</a>",t^9-50t^7-162t^6-34t^5+362t^4+424t^3+268t^2+33t+2,0,,
8.975821,O1O2O3U4O5O4U6U2O7U5U7O6U8U1O8U3,3,14z^2+67z+79,14w^3z^2+67w^2z+79w,False,False,"[[ 0  0 -1  2  1  0 -2  1 -1],[ 0  0  0  1  1  0 -2  1  0],[ 1  0  0  1  1  0  0  1  1],[-2 -1 -1  0 -1 -1 -3  1 -2],[-1 -1 -1  1  0  0 -2  0 -2],[ 0  0  0  1  0  0 -1  1  0],[ 2  2  0  3  2  1  0  1  1],[-1 -1 -1 -1  0 -1 -1  0 -1],[ 1  0 -1  2  2  0 -1  1  0]]","[[ 0  2  1  1  0  0 -1 -1 -2],[-2  0  1 -1 -1 -1 -1 -2 -3],[-1 -1  0  0 -1 -1 -1 -1 -1],[-1  1  0  0  0 -1 -1 -2 -2],[ 0  1  1  0  0  0  0  0 -1],[ 0  1  1  1  0  0  0  0 -2],[ 1  1  1  1  0  0  0  1  0],[ 1  2  1  2  0  0 -1  0 -1],[ 2  3  1  2  1  2  0  1  0]]",True,"[-2,-1,-1,0,0,1,1,2,-1,1,1,1,1,2,3,0,1,1,1,1,1,0,1,1,2,2,0,0,0,1,0,0,2,-1,0,1]","[-2,-1,-1,0,0,1,1,2,-1,1,1,1,1,2,3,0,1,1,1,1,1,0,1,1,2,2,0,0,0,1,0,0,2,-1,0,1]",t^8+40t^6+136t^4+75t^2,"[-2,-1,-1,0,0,1,1,2,0,1,0,1,1,2,1,1,1,1,0,1,1,1,1,1,1,2,0,0,0,1,1,0,1,0,0,2]","[-2,-1,-1,0,0,1,1,2,0,2,1,1,1,2,1,0,0,1,0,1,1,0,0,1,1,2,0,1,1,0,1,1,1,-1,0,1]","[-2,-1,-1,0,0,1,1,2,0,1,1,2,1,2,3,1,0,0,1,1,1,0,0,1,2,2,0,1,0,1,1,1,1,0,-1,1]",c,"[[{8, 1}, {6, 7}, {4, 5}, {2, 3}], [{8, 3}, {1, 7}, {4, 6}, {2, 5}], [{8, 3}, {5, 7}, {4, 6}, {1, 2}], [{8, 3}, {5, 7}, {6}, {4}, {1, 2}], [{8, 4}, {2, 7}, {3, 6}, {1, 5}]]",1,4 K_1^3 - 12 K_1^2 - 4 K_1 K_2 - K_1 + 6 K_2 + K_3 + 7,O1O2O3U1O4U3U4O5U6U7O6U2U5O8O7U8,O1O2U3O4O3U1O5O6U5O7U6U2U7O8U4U8,O1O2U3O4O5U4O6O3U7U5O7U8U6U1O8U2,c,{'O1O2O3U4O5O4U6U2O7U5U7O6U8U1O8U3'},1,"<a href=""/flatknot/8.975821"">8.975821</a>",t^9-40t^7-102t^6+34t^5+234t^4+67t^3-96t^2-20t,0,,
8.975822,O1O2O3U4O5O4U6U2O7U5U8O6U1U3O8U7,4,3z^3+33z^2+109z+111,3w^4z^3+33w^3z^2+109w^2z+111w,False,False,"[[ 0 -1 -1  2  1  0 -2  2 -1],[ 1  0  0  2  2  1 -1  1  1],[ 1  0  0  1  1  0  0  1  1],[-2 -2 -1  0 -1  0 -3  0 -1],[-1 -2 -1  1  0  0 -2  1 -2],[ 0 -1  0  0  0  0  0  0  1],[ 2  1  0  3  2  0  0  3  0],[-2 -1 -1  0 -1  0 -3  0 -2],[ 1 -1 -1  1  2 -1  0  2  0]]","[[ 0  2  2  1  0 -1 -1 -1 -2],[-2  0  0 -1  0 -1 -1 -2 -3],[-2  0  0 -1  0 -1 -2 -1 -3],[-1  1  1  0  0 -1 -2 -2 -2],[ 0  0  0  0  0  0  1 -1  0],[ 1  1  1  1  0  0  1  0  0],[ 1  1  2  2 -1 -1  0 -1  0],[ 1  2  1  2  1  0  1  0 -1],[ 2  3  3  2  0  0  0  1  0]]",True,"[-2,-2,-1,0,1,1,1,2,0,1,0,1,1,2,3,1,0,1,2,1,3,0,1,2,2,2,0,-1,1,0,-1,0,0,1,0,1]","[-2,-2,-1,0,1,1,1,2,0,0,2,1,2,2,1,0,2,2,1,2,1,1,0,0,1,1,0,2,1,2,1,0,0,-1,1,1]",t^8+50t^6+278t^4+203t^2,"[-2,-1,-1,-1,0,1,2,2,0,1,1,2,1,1,1,-1,0,0,0,1,2,1,2,0,2,1,1,1,2,2,1,2,2,0,0,0]","[-2,-2,-1,0,1,1,1,2,0,0,2,1,2,2,1,0,2,2,1,2,1,1,0,0,1,1,0,2,1,2,1,0,0,-1,1,1]","[-2,-1,-1,-1,0,1,2,2,0,0,1,0,2,3,3,-1,-1,-1,2,1,2,0,0,1,1,1,1,2,2,1,0,0,0,1,1,0]",c,"[[{8, 1}, {2, 7}, {3, 6}, {4, 5}], [{8, 1}, {2, 7}, {3, 6}, {5}, {4}], [{8, 1}, {2, 7}, {4, 6}, {3, 5}], [{8, 1}, {2, 7}, {4, 6}, {5}, {3}], [{8, 1}, {2, 7}, {5, 6}, {3, 4}], [{8, 1}, {2, 7}, {6}, {5}, {3, 4}], [{8, 1}, {3, 7}, {2, 6}, {4, 5}], [{8, 1}, {3, 7}, {2, 6}, {5}, {4}], [{8, 1}, {3, 7}, {4, 6}, {2, 5}], [{8, 1}, {3, 7}, {4, 6}, {5}, {2}], [{8, 1}, {3, 7}, {5, 6}, {2, 4}], [{8, 1}, {3, 7}, {6}, {5}, {2, 4}], [{8, 1}, {4, 7}, {2, 6}, {3, 5}], [{8, 1}, {4, 7}, {2, 6}, {5}, {3}], [{8, 1}, {4, 7}, {3, 6}, {2, 5}], [{8, 1}, {4, 7}, {3, 6}, {5}, {2}], [{8, 1}, {4, 7}, {5, 6}, {2, 3}], [{8, 1}, {4, 7}, {6}, {5}, {2, 3}], [{8, 1}, {5, 7}, {2, 6}, {3, 4}], [{8, 1}, {5, 7}, {2, 6}, {4}, {3}], [{8, 1}, {5, 7}, {3, 6}, {2, 4}], [{8, 1}, {5, 7}, {4, 6}, {2, 3}], [{8, 1}, {5, 7}, {4, 6}, {3}, {2}], [{8, 1}, {5, 7}, {6}, {2, 4}, {3}], [{8, 1}, {6, 7}, {2, 5}, {3, 4}], [{8, 1}, {6, 7}, {3, 5}, {2, 4}], [{8, 1}, {6, 7}, {4, 5}, {2, 3}], [{8, 1}, {6, 7}, {5}, {2, 4}, {3}], [{8, 1}, {6, 7}, {5}, {3, 4}, {2}], [{8, 1}, {6, 7}, {5}, {4}, {2, 3}], [{8, 1}, {7}, {2, 6}, {3, 5}, {4}], [{8, 1}, {7}, {2, 6}, {4, 5}, {3}], [{8, 1}, {7}, {2, 6}, {5}, {3, 4}], [{8, 1}, {7}, {2, 6}, {5}, {4}, {3}], [{8, 1}, {7}, {3, 6}, {5}, {2, 4}], [{8, 1}, {7}, {4, 6}, {2, 5}, {3}], [{8, 1}, {7}, {4, 6}, {3, 5}, {2}], [{8, 1}, {7}, {4, 6}, {5}, {2, 3}], [{8, 1}, {7}, {4, 6}, {5}, {3}, {2}], [{8, 1}, {7}, {5, 6}, {2, 4}, {3}], [{8, 1}, {7}, {6}, {3, 5}, {2, 4}], [{8, 1}, {7}, {6}, {5}, {2, 4}, {3}], [{8, 2}, {1, 7}, {3, 6}, {4, 5}], [{8, 2}, {1, 7}, {4, 6}, {3, 5}], [{8, 2}, {1, 7}, {4, 6}, {5}, {3}], [{8, 2}, {1, 7}, {5, 6}, {3, 4}], [{8, 2}, {3, 7}, {1, 6}, {4, 5}], [{8, 2}, {3, 7}, {4, 6}, {1, 5}], [{8, 2}, {3, 7}, {4, 6}, {5}, {1}], [{8, 2}, {3, 7}, {5, 6}, {1, 4}], [{8, 2}, {4, 7}, {1, 6}, {3, 5}], [{8, 2}, {4, 7}, {3, 6}, {1, 5}], [{8, 2}, {4, 7}, {5, 6}, {1, 3}], [{8, 2}, {4, 7}, {6}, {1, 5}, {3}], [{8, 2}, {5, 7}, {1, 6}, {3, 4}], [{8, 2}, {5, 7}, {1, 6}, {4}, {3}], [{8, 2}, {5, 7}, {3, 6}, {1, 4}], [{8, 2}, {5, 7}, {4, 6}, {1, 3}], [{8, 2}, {5, 7}, {4, 6}, {3}, {1}], [{8, 2}, {5, 7}, {6}, {1, 4}, {3}], [{8, 2}, {6, 7}, {1, 5}, {3, 4}], [{8, 2}, {6, 7}, {1, 5}, {4}, {3}], [{8, 2}, {6, 7}, {3, 5}, {1, 4}], [{8, 2}, {6, 7}, {4, 5}, {1, 3}], [{8, 2}, {7}, {4, 6}, {1, 5}, {3}], [{8, 2}, {7}, {4, 6}, {3, 5}, {1}], [{8, 2}, {7}, {4, 6}, {5}, {1, 3}], [{8, 2}, {7}, {4, 6}, {5}, {3}, {1}], [{8, 3}, {1, 7}, {2, 6}, {4, 5}], [{8, 3}, {1, 7}, {4, 6}, {2, 5}], [{8, 3}, {1, 7}, {4, 6}, {5}, {2}], [{8, 3}, {1, 7}, {5, 6}, {2, 4}], [{8, 3}, {1, 7}, {5, 6}, {4}, {2}], [{8, 3}, {1, 7}, {6}, {4, 5}, {2}], [{8, 3}, {2, 7}, {1, 6}, {4, 5}], [{8, 3}, {2, 7}, {4, 6}, {1, 5}], [{8, 3}, {2, 7}, {4, 6}, {5}, {1}], [{8, 3}, {2, 7}, {5, 6}, {1, 4}], [{8, 3}, {4, 7}, {1, 6}, {2, 5}], [{8, 3}, {4, 7}, {2, 6}, {1, 5}], [{8, 3}, {4, 7}, {2, 6}, {5}, {1}], [{8, 3}, {4, 7}, {5, 6}, {1, 2}], [{8, 3}, {5, 7}, {1, 6}, {2, 4}], [{8, 3}, {5, 7}, {2, 6}, {1, 4}], [{8, 3}, {5, 7}, {4, 6}, {1, 2}], [{8, 3}, {5, 7}, {6}, {1, 4}, {2}], [{8, 3}, {6, 7}, {1, 5}, {2, 4}], [{8, 3}, {6, 7}, {1, 5}, {4}, {2}], [{8, 3}, {6, 7}, {2, 5}, {1, 4}], [{8, 3}, {6, 7}, {4, 5}, {1, 2}], [{8, 3}, {6, 7}, {5}, {2, 4}, {1}], [{8, 3}, {7}, {4, 6}, {5}, {1, 2}], [{8, 4}, {1, 7}, {2, 6}, {3, 5}], [{8, 4}, {1, 7}, {3, 6}, {2, 5}], [{8, 4}, {1, 7}, {5, 6}, {2, 3}], [{8, 4}, {1, 7}, {6}, {3, 5}, {2}], [{8, 4}, {2, 7}, {1, 6}, {3, 5}], [{8, 4}, {2, 7}, {1, 6}, {5}, {3}], [{8, 4}, {2, 7}, {3, 6}, {1, 5}], [{8, 4}, {2, 7}, {5, 6}, {1, 3}], [{8, 4}, {3, 7}, {1, 6}, {2, 5}], [{8, 4}, {3, 7}, {1, 6}, {5}, {2}], [{8, 4}, {3, 7}, {2, 6}, {1, 5}], [{8, 4}, {3, 7}, {5, 6}, {1, 2}], [{8, 4}, {5, 7}, {1, 6}, {2, 3}], [{8, 4}, {5, 7}, {1, 6}, {3}, {2}], [{8, 4}, {5, 7}, {2, 6}, {1, 3}], [{8, 4}, {5, 7}, {2, 6}, {3}, {1}], [{8, 4}, {5, 7}, {3, 6}, {1, 2}], [{8, 4}, {5, 7}, {6}, {3}, {1, 2}], [{8, 4}, {6, 7}, {1, 5}, {2, 3}], [{8, 4}, {6, 7}, {2, 5}, {1, 3}], [{8, 4}, {6, 7}, {3, 5}, {1, 2}], [{8, 4}, {6, 7}, {3, 5}, {2}, {1}], [{8, 4}, {7}, {1, 6}, {2, 5}, {3}], [{8, 4}, {7}, {1, 6}, {3, 5}, {2}], [{8, 4}, {7}, {1, 6}, {5}, {2, 3}], [{8, 4}, {7}, {1, 6}, {5}, {3}, {2}], [{8, 4}, {7}, {3, 6}, {2, 5}, {1}], [{8, 4}, {7}, {5, 6}, {2, 3}, {1}], [{8, 4}, {7}, {6}, {1, 5}, {2, 3}], [{8, 4}, {7}, {6}, {2, 5}, {1, 3}], [{8, 5}, {1, 7}, {2, 6}, {3, 4}], [{8, 5}, {1, 7}, {3, 6}, {2, 4}], [{8, 5}, {1, 7}, {3, 6}, {4}, {2}], [{8, 5}, {1, 7}, {4, 6}, {2, 3}], [{8, 5}, {2, 7}, {1, 6}, {3, 4}], [{8, 5}, {2, 7}, {1, 6}, {4}, {3}], [{8, 5}, {2, 7}, {3, 6}, {1, 4}], [{8, 5}, {2, 7}, {4, 6}, {1, 3}], [{8, 5}, {3, 7}, {1, 6}, {2, 4}], [{8, 5}, {3, 7}, {2, 6}, {1, 4}], [{8, 5}, {3, 7}, {4, 6}, {1, 2}], [{8, 5}, {3, 7}, {6}, {2, 4}, {1}], [{8, 5}, {4, 7}, {1, 6}, {2, 3}], [{8, 5}, {4, 7}, {2, 6}, {1, 3}], [{8, 5}, {4, 7}, {3, 6}, {1, 2}], [{8, 5}, {6, 7}, {1, 4}, {2, 3}], [{8, 5}, {6, 7}, {1, 4}, {3}, {2}], [{8, 5}, {6, 7}, {2, 4}, {1, 3}], [{8, 5}, {6, 7}, {3, 4}, {1, 2}], [{8, 5}, {6, 7}, {4}, {2, 3}, {1}], [{8, 5}, {7}, {4, 6}, {3}, {1, 2}], [{8, 6}, {1, 7}, {2, 5}, {3, 4}], [{8, 6}, {1, 7}, {3, 5}, {2, 4}], [{8, 6}, {1, 7}, {4, 5}, {2, 3}], [{8, 6}, {2, 7}, {1, 5}, {3, 4}], [{8, 6}, {2, 7}, {3, 5}, {1, 4}], [{8, 6}, {2, 7}, {4, 5}, {1, 3}], [{8, 6}, {2, 7}, {5}, {1, 4}, {3}], [{8, 6}, {3, 7}, {1, 5}, {2, 4}], [{8, 6}, {3, 7}, {2, 5}, {1, 4}], [{8, 6}, {3, 7}, {4, 5}, {1, 2}], [{8, 6}, {3, 7}, {5}, {1, 4}, {2}], [{8, 6}, {4, 7}, {1, 5}, {2, 3}], [{8, 6}, {4, 7}, {2, 5}, {1, 3}], [{8, 6}, {4, 7}, {3, 5}, {1, 2}], [{8, 6}, {5, 7}, {1, 4}, {2, 3}], [{8, 6}, {5, 7}, {1, 4}, {3}, {2}], [{8, 6}, {5, 7}, {2, 4}, {1, 3}], [{8, 6}, {5, 7}, {2, 4}, {3}, {1}], [{8, 6}, {5, 7}, {3, 4}, {1, 2}], [{8, 6}, {5, 7}, {4}, {3}, {1, 2}], [{8, 6}, {7}, {1, 5}, {3, 4}, {2}], [{8, 6}, {7}, {2, 5}, {1, 4}, {3}], [{8, 6}, {7}, {3, 5}, {1, 4}, {2}], [{8, 6}, {7}, {4, 5}, {1, 3}, {2}], [{8, 6}, {7}, {5}, {1, 4}, {2, 3}], [{8, 6}, {7}, {5}, {1, 4}, {3}, {2}], [{8, 7}, {1, 6}, {2, 5}, {3, 4}], [{8, 7}, {1, 6}, {3, 5}, {2, 4}], [{8, 7}, {1, 6}, {4, 5}, {2, 3}], [{8, 7}, {2, 6}, {1, 5}, {3, 4}], [{8, 7}, {2, 6}, {3, 5}, {1, 4}], [{8, 7}, {2, 6}, {4, 5}, {1, 3}], [{8, 7}, {2, 6}, {5}, {3, 4}, {1}], [{8, 7}, {3, 6}, {1, 5}, {2, 4}], [{8, 7}, {3, 6}, {2, 5}, {1, 4}], [{8, 7}, {3, 6}, {4, 5}, {1, 2}], [{8, 7}, {3, 6}, {5}, {2, 4}, {1}], [{8, 7}, {4, 6}, {1, 5}, {2, 3}], [{8, 7}, {4, 6}, {2, 5}, {1, 3}], [{8, 7}, {4, 6}, {3, 5}, {1, 2}], [{8, 7}, {4, 6}, {5}, {1, 3}, {2}], [{8, 7}, {4, 6}, {5}, {2, 3}, {1}], [{8, 7}, {4, 6}, {5}, {3}, {1, 2}], [{8, 7}, {5, 6}, {1, 4}, {2, 3}], [{8, 7}, {5, 6}, {1, 4}, {3}, {2}], [{8, 7}, {5, 6}, {2, 4}, {1, 3}], [{8, 7}, {5, 6}, {3, 4}, {1, 2}], [{8, 7}, {5, 6}, {3, 4}, {2}, {1}], [{8, 7}, {5, 6}, {4}, {1, 3}, {2}], [{8, 7}, {6}, {2, 5}, {3, 4}, {1}], [{8, 7}, {6}, {4, 5}, {1, 3}, {2}], [{8}, {1, 7}, {2, 6}, {5}, {3, 4}], [{8}, {1, 7}, {3, 6}, {5}, {2, 4}], [{8}, {1, 7}, {4, 6}, {5}, {2, 3}], [{8}, {2, 7}, {1, 6}, {4, 5}, {3}], [{8}, {2, 7}, {4, 6}, {5}, {1, 3}], [{8}, {3, 7}, {4, 6}, {5}, {1, 2}], [{8}, {3, 7}, {6}, {1, 5}, {2, 4}], [{8}, {4, 7}, {2, 6}, {5}, {1, 3}], [{8}, {5, 7}, {1, 6}, {2, 4}, {3}], [{8}, {5, 7}, {2, 6}, {1, 4}, {3}], [{8}, {5, 7}, {3, 6}, {1, 4}, {2}], [{8}, {5, 7}, {4, 6}, {3}, {1, 2}], [{8}, {5, 7}, {6}, {1, 4}, {2, 3}], [{8}, {5, 7}, {6}, {1, 4}, {3}, {2}], [{8}, {6, 7}, {1, 5}, {4}, {2, 3}], [{8}, {6, 7}, {2, 5}, {4}, {1, 3}], [{8}, {6, 7}, {4, 5}, {1, 3}, {2}], [{8}, {6, 7}, {5}, {2, 4}, {1, 3}], [{8}, {7}, {4, 6}, {3, 5}, {1, 2}], [{8}, {7}, {4, 6}, {5}, {3}, {1, 2}]]",2,16 K_1^3 - 18 K_1^2 - 24 K_1 K_2 + 9 K_2 + 8 K_3 + 10,O1O2O3U4O5U1U3O6U5U7O4U2U6O8O7U8,O1O2U3O4O5U1O6O7U5O3U6U2U7O8U4U8,O1O2U3O4O5U6O7O3U8U5O8U1U7U2O6U4,c,{'O1O2O3U4O5O4U6U2O7U5U8O6U1U3O8U7'},1,"<a href=""/flatknot/8.975822"">8.975822</a>",t^9-48t^7-106t^6+73t^5+212t^4-59t^3-80t^2+39t,-t^2+2t,,
8.975823,O1O2O3U4O5O4U6U2O7U5U8O6U1U7O8U3,4,5z^3+33z^2+87z+83,5w^4z^3+33w^3z^2+87w^2z+83w,False,False,"[[ 0 -1 -1  2  1  0 -2  2 -1],[ 1  0  0  2  2  1 -1  1  1],[ 1  0  0  1  1  0  0  0  2],[-2 -2 -1  0 -1 -1 -3  1 -2],[-1 -2 -1  1  0  0 -2  1 -2],[ 0 -1  0  1  0  0  0  0  0],[ 2  1  0  3  2  0  0  2  1],[-2 -1  0 -1 -1  0 -2  0 -2],[ 1 -1 -2  2  2  0 -1  2  0]]","[[ 0  2  2  1  0 -1 -1 -1 -2],[-2  0  1 -1 -1 -1 -2 -2 -3],[-2 -1  0 -1  0  0 -1 -2 -2],[-1  1  1  0  0 -1 -2 -2 -2],[ 0  1  0  0  0  0 -1  0  0],[ 1  1  0  1  0  0  0  2  0],[ 1  2  1  2  1  0  0  1 -1],[ 1  2  2  2  0 -2 -1  0 -1],[ 2  3  2  2  0  0  1  1  0]]",True,"[-2,-2,-1,0,1,1,1,2,-1,1,1,1,2,2,3,1,0,0,1,2,2,0,1,2,2,2,0,1,0,0,0,-2,0,-1,1,1]","[-2,-2,-1,0,1,1,1,2,-1,0,2,1,2,3,2,0,1,1,1,2,1,1,0,0,1,1,1,0,1,2,-1,-2,0,0,0,1]",t^8+52t^6+226t^4+241t^2+1,"[-2,-1,-1,-1,0,1,2,2,0,0,1,2,1,1,2,-1,0,0,0,1,2,2,1,0,1,1,1,1,2,3,1,1,2,0,0,-1]","[-2,-2,-1,0,1,1,1,2,-1,0,2,1,2,3,2,0,1,1,1,2,1,1,0,0,1,1,1,0,1,2,-1,-2,0,0,0,1]","[-2,-1,-1,-1,0,1,2,2,0,1,1,0,2,2,3,0,2,0,1,0,1,1,1,2,1,2,0,2,2,2,0,0,1,1,1,-1]",c,"[[{8, 1}, {2, 7}, {3, 6}, {4, 5}], [{8, 1}, {2, 7}, {4, 6}, {3, 5}], [{8, 1}, {2, 7}, {5, 6}, {3, 4}], [{8, 1}, {3, 7}, {2, 6}, {4, 5}], [{8, 1}, {3, 7}, {4, 6}, {2, 5}], [{8, 1}, {3, 7}, {4, 6}, {5}, {2}], [{8, 1}, {3, 7}, {5, 6}, {2, 4}], [{8, 1}, {4, 7}, {2, 6}, {3, 5}], [{8, 1}, {4, 7}, {3, 6}, {2, 5}], [{8, 1}, {4, 7}, {3, 6}, {5}, {2}], [{8, 1}, {4, 7}, {5, 6}, {2, 3}], [{8, 1}, {5, 7}, {2, 6}, {3, 4}], [{8, 1}, {5, 7}, {3, 6}, {2, 4}], [{8, 1}, {5, 7}, {3, 6}, {4}, {2}], [{8, 1}, {5, 7}, {4, 6}, {2, 3}], [{8, 1}, {6, 7}, {2, 5}, {3, 4}], [{8, 1}, {6, 7}, {3, 5}, {2, 4}], [{8, 1}, {6, 7}, {4, 5}, {2, 3}], [{8, 1}, {6, 7}, {5}, {2, 4}, {3}], [{8, 1}, {7}, {3, 6}, {4, 5}, {2}], [{8, 1}, {7}, {6}, {3, 5}, {2, 4}], [{8, 2}, {1, 7}, {3, 6}, {4, 5}], [{8, 2}, {1, 7}, {4, 6}, {3, 5}], [{8, 2}, {1, 7}, {5, 6}, {3, 4}], [{8, 2}, {3, 7}, {1, 6}, {4, 5}], [{8, 2}, {3, 7}, {4, 6}, {1, 5}], [{8, 2}, {3, 7}, {5, 6}, {1, 4}], [{8, 2}, {4, 7}, {1, 6}, {3, 5}], [{8, 2}, {4, 7}, {3, 6}, {1, 5}], [{8, 2}, {4, 7}, {5, 6}, {1, 3}], [{8, 2}, {4, 7}, {6}, {1, 5}, {3}], [{8, 2}, {4, 7}, {6}, {3, 5}, {1}], [{8, 2}, {4, 7}, {6}, {5}, {1, 3}], [{8, 2}, {5, 7}, {1, 6}, {3, 4}], [{8, 2}, {5, 7}, {3, 6}, {1, 4}], [{8, 2}, {5, 7}, {3, 6}, {4}, {1}], [{8, 2}, {5, 7}, {4, 6}, {1, 3}], [{8, 2}, {6, 7}, {1, 5}, {3, 4}], [{8, 2}, {6, 7}, {3, 5}, {1, 4}], [{8, 2}, {6, 7}, {4, 5}, {1, 3}], [{8, 2}, {6, 7}, {5}, {4}, {1, 3}], [{8, 2}, {7}, {4, 6}, {5}, {1, 3}], [{8, 3}, {1, 7}, {2, 6}, {4, 5}], [{8, 3}, {1, 7}, {4, 6}, {2, 5}], [{8, 3}, {1, 7}, {4, 6}, {5}, {2}], [{8, 3}, {1, 7}, {5, 6}, {2, 4}], [{8, 3}, {1, 7}, {5, 6}, {4}, {2}], [{8, 3}, {1, 7}, {6}, {4, 5}, {2}], [{8, 3}, {2, 7}, {1, 6}, {4, 5}], [{8, 3}, {2, 7}, {4, 6}, {1, 5}], [{8, 3}, {2, 7}, {5, 6}, {1, 4}], [{8, 3}, {4, 7}, {1, 6}, {2, 5}], [{8, 3}, {4, 7}, {1, 6}, {5}, {2}], [{8, 3}, {4, 7}, {2, 6}, {1, 5}], [{8, 3}, {4, 7}, {5, 6}, {1, 2}], [{8, 3}, {5, 7}, {1, 6}, {2, 4}], [{8, 3}, {5, 7}, {2, 6}, {1, 4}], [{8, 3}, {5, 7}, {4, 6}, {1, 2}], [{8, 3}, {5, 7}, {6}, {1, 4}, {2}], [{8, 3}, {6, 7}, {1, 5}, {2, 4}], [{8, 3}, {6, 7}, {1, 5}, {4}, {2}], [{8, 3}, {6, 7}, {2, 5}, {1, 4}], [{8, 3}, {6, 7}, {4, 5}, {1, 2}], [{8, 3}, {6, 7}, {5}, {2, 4}, {1}], [{8, 4}, {1, 7}, {2, 6}, {3, 5}], [{8, 4}, {1, 7}, {3, 6}, {2, 5}], [{8, 4}, {1, 7}, {5, 6}, {2, 3}], [{8, 4}, {2, 7}, {1, 6}, {3, 5}], [{8, 4}, {2, 7}, {3, 6}, {1, 5}], [{8, 4}, {2, 7}, {5, 6}, {1, 3}], [{8, 4}, {2, 7}, {5, 6}, {3}, {1}], [{8, 4}, {2, 7}, {6}, {5}, {1, 3}], [{8, 4}, {3, 7}, {1, 6}, {2, 5}], [{8, 4}, {3, 7}, {2, 6}, {1, 5}], [{8, 4}, {3, 7}, {5, 6}, {1, 2}], [{8, 4}, {5, 7}, {1, 6}, {2, 3}], [{8, 4}, {5, 7}, {1, 6}, {3}, {2}], [{8, 4}, {5, 7}, {2, 6}, {1, 3}], [{8, 4}, {5, 7}, {3, 6}, {1, 2}], [{8, 4}, {5, 7}, {3, 6}, {2}, {1}], [{8, 4}, {5, 7}, {6}, {1, 3}, {2}], [{8, 4}, {6, 7}, {1, 5}, {2, 3}], [{8, 4}, {6, 7}, {1, 5}, {3}, {2}], [{8, 4}, {6, 7}, {2, 5}, {1, 3}], [{8, 4}, {6, 7}, {2, 5}, {3}, {1}], [{8, 4}, {6, 7}, {3, 5}, {1, 2}], [{8, 4}, {6, 7}, {3, 5}, {2}, {1}], [{8, 4}, {6, 7}, {5}, {1, 3}, {2}], [{8, 4}, {6, 7}, {5}, {2, 3}, {1}], [{8, 4}, {6, 7}, {5}, {3}, {1, 2}], [{8, 4}, {7}, {2, 6}, {5}, {1, 3}], [{8, 4}, {7}, {5, 6}, {1, 3}, {2}], [{8, 4}, {7}, {6}, {1, 5}, {2, 3}], [{8, 4}, {7}, {6}, {2, 5}, {1, 3}], [{8, 4}, {7}, {6}, {3, 5}, {1, 2}], [{8, 4}, {7}, {6}, {5}, {1, 3}, {2}], [{8, 5}, {1, 7}, {2, 6}, {3, 4}], [{8, 5}, {1, 7}, {3, 6}, {2, 4}], [{8, 5}, {1, 7}, {4, 6}, {2, 3}], [{8, 5}, {2, 7}, {1, 6}, {3, 4}], [{8, 5}, {2, 7}, {3, 6}, {1, 4}], [{8, 5}, {2, 7}, {4, 6}, {1, 3}], [{8, 5}, {2, 7}, {4, 6}, {3}, {1}], [{8, 5}, {2, 7}, {6}, {4}, {1, 3}], [{8, 5}, {3, 7}, {1, 6}, {2, 4}], [{8, 5}, {3, 7}, {2, 6}, {1, 4}], [{8, 5}, {3, 7}, {4, 6}, {1, 2}], [{8, 5}, {3, 7}, {6}, {4}, {1, 2}], [{8, 5}, {4, 7}, {1, 6}, {2, 3}], [{8, 5}, {4, 7}, {2, 6}, {1, 3}], [{8, 5}, {4, 7}, {3, 6}, {1, 2}], [{8, 5}, {6, 7}, {1, 4}, {2, 3}], [{8, 5}, {6, 7}, {2, 4}, {1, 3}], [{8, 5}, {6, 7}, {3, 4}, {1, 2}], [{8, 5}, {6, 7}, {4}, {3}, {1, 2}], [{8, 5}, {7}, {1, 6}, {2, 4}, {3}], [{8, 5}, {7}, {2, 6}, {1, 4}, {3}], [{8, 5}, {7}, {3, 6}, {4}, {1, 2}], [{8, 5}, {7}, {4, 6}, {1, 3}, {2}], [{8, 6}, {1, 7}, {2, 5}, {3, 4}], [{8, 6}, {1, 7}, {3, 5}, {2, 4}], [{8, 6}, {1, 7}, {4, 5}, {2, 3}], [{8, 6}, {2, 7}, {1, 5}, {3, 4}], [{8, 6}, {2, 7}, {3, 5}, {1, 4}], [{8, 6}, {2, 7}, {4, 5}, {1, 3}], [{8, 6}, {2, 7}, {4, 5}, {3}, {1}], [{8, 6}, {2, 7}, {5}, {4}, {1, 3}], [{8, 6}, {3, 7}, {1, 5}, {2, 4}], [{8, 6}, {3, 7}, {2, 5}, {1, 4}], [{8, 6}, {3, 7}, {4, 5}, {1, 2}], [{8, 6}, {4, 7}, {1, 5}, {2, 3}], [{8, 6}, {4, 7}, {1, 5}, {3}, {2}], [{8, 6}, {4, 7}, {2, 5}, {1, 3}], [{8, 6}, {4, 7}, {3, 5}, {1, 2}], [{8, 6}, {4, 7}, {3, 5}, {2}, {1}], [{8, 6}, {4, 7}, {5}, {1, 3}, {2}], [{8, 6}, {5, 7}, {1, 4}, {2, 3}], [{8, 6}, {5, 7}, {1, 4}, {3}, {2}], [{8, 6}, {5, 7}, {2, 4}, {1, 3}], [{8, 6}, {5, 7}, {3, 4}, {1, 2}], [{8, 6}, {5, 7}, {3, 4}, {2}, {1}], [{8, 6}, {5, 7}, {4}, {1, 3}, {2}], [{8, 6}, {7}, {2, 5}, {4}, {1, 3}], [{8, 6}, {7}, {4, 5}, {1, 3}, {2}], [{8, 6}, {7}, {5}, {2, 4}, {1, 3}], [{8, 6}, {7}, {5}, {4}, {1, 3}, {2}], [{8, 7}, {1, 6}, {2, 5}, {3, 4}], [{8, 7}, {1, 6}, {3, 5}, {2, 4}], [{8, 7}, {1, 6}, {4, 5}, {2, 3}], [{8, 7}, {1, 6}, {5}, {4}, {2, 3}], [{8, 7}, {2, 6}, {1, 5}, {3, 4}], [{8, 7}, {2, 6}, {3, 5}, {1, 4}], [{8, 7}, {2, 6}, {4, 5}, {1, 3}], [{8, 7}, {2, 6}, {5}, {4}, {1, 3}], [{8, 7}, {3, 6}, {1, 5}, {2, 4}], [{8, 7}, {3, 6}, {2, 5}, {1, 4}], [{8, 7}, {3, 6}, {4, 5}, {1, 2}], [{8, 7}, {3, 6}, {5}, {4}, {1, 2}], [{8, 7}, {4, 6}, {1, 5}, {2, 3}], [{8, 7}, {4, 6}, {2, 5}, {1, 3}], [{8, 7}, {4, 6}, {3, 5}, {1, 2}], [{8, 7}, {4, 6}, {5}, {1, 3}, {2}], [{8, 7}, {5, 6}, {1, 4}, {2, 3}], [{8, 7}, {5, 6}, {2, 4}, {1, 3}], [{8, 7}, {5, 6}, {2, 4}, {3}, {1}], [{8, 7}, {5, 6}, {3, 4}, {1, 2}], [{8, 7}, {6}, {2, 5}, {3, 4}, {1}], [{8, 7}, {6}, {3, 5}, {1, 4}, {2}], [{8, 7}, {6}, {5}, {2, 4}, {1, 3}], [{8}, {2, 7}, {4, 6}, {5}, {1, 3}], [{8}, {2, 7}, {5, 6}, {4}, {1, 3}], [{8}, {2, 7}, {6}, {4, 5}, {1, 3}], [{8}, {2, 7}, {6}, {5}, {4}, {1, 3}], [{8}, {3, 7}, {6}, {1, 5}, {2, 4}], [{8}, {4, 7}, {2, 6}, {1, 5}, {3}], [{8}, {4, 7}, {2, 6}, {3, 5}, {1}], [{8}, {4, 7}, {2, 6}, {5}, {1, 3}], [{8}, {5, 7}, {3, 6}, {1, 4}, {2}], [{8}, {5, 7}, {3, 6}, {2, 4}, {1}], [{8}, {5, 7}, {3, 6}, {4}, {1, 2}], [{8}, {5, 7}, {4, 6}, {1, 3}, {2}], [{8}, {6, 7}, {1, 5}, {3, 4}, {2}], [{8}, {6, 7}, {4, 5}, {3}, {1, 2}], [{8}, {6, 7}, {5}, {2, 4}, {1, 3}], [{8}, {7}, {4, 6}, {2, 5}, {1, 3}], [{8}, {7}, {4, 6}, {5}, {1, 3}, {2}], [{8}, {7}, {5, 6}, {1, 4}, {2, 3}]]",2,- 14 K_1^2 - 4 K_1 K_2 + 2 K_1 + 7 K_2 + 2 K_3 + 8,O1O2O3U1O4U5U3O6U4U7O5U2U6O8O7U8,O1O2U3O4O5U1O6O3U5O7U6U2U7O8U4U8,O1O2U3O4O5U1O6O3U7U5O7U8U6U2O8U4,c,{'O1O2O3U4O5O4U6U2O7U5U8O6U1U7O8U3'},1,"<a href=""/flatknot/8.975823"">8.975823</a>",t^9-50t^7-168t^6-89t^5+196t^4+164t^3+72t^2+79t+14,-t^2+2t,,
8.975824,O1O2O3U4O5O4U6U2O7U5U8O6U7U1O8U3,4,3z^3+31z^2+107z+115,3w^4z^3+31w^3z^2+107w^2z+115w,False,False,"[[ 0  0 -1  2  1  0 -2  1 -1],[ 0  0  0  1  1  0 -1  0  0],[ 1  0  0  1  1  0  0  0  2],[-2 -1 -1  0 -1 -1 -3  1 -2],[-1 -1 -1  1  0  0 -2  0 -2],[ 0  0  0  1  0  0  0  0  0],[ 2  1  0  3  2  0  0  1  1],[-1  0  0 -1  0  0 -1  0 -1],[ 1  0 -2  2  2  0 -1  1  0]]","[[ 0  2  1  1  0  0 -1 -1 -2],[-2  0  1 -1 -1 -1 -1 -2 -3],[-1 -1  0  0  0  0  0 -1 -1],[-1  1  0  0  0 -1 -1 -2 -2],[ 0  1  0  0  0  0  0  0  0],[ 0  1  0  1  0  0  0  0 -1],[ 1  1  0  1  0  0  0  2  0],[ 1  2  1  2  0  0 -2  0 -1],[ 2  3  1  2  0  1  0  1  0]]",True,"[-2,-1,-1,0,0,1,1,2,-1,1,1,1,1,2,3,0,0,0,0,1,1,0,1,1,2,2,0,0,0,0,0,0,1,-2,0,1]","[-2,-1,-1,0,0,1,1,2,-1,1,1,1,1,2,3,0,0,0,0,1,1,0,1,1,2,2,0,0,0,0,0,0,1,-2,0,1]",t^8+36t^6+122t^4+104t^2+1,"[-2,-1,-1,0,0,1,1,2,0,1,1,2,1,2,1,2,1,1,0,1,1,1,1,1,2,2,0,0,1,1,1,1,1,0,0,2]","[-2,-1,-1,0,0,1,1,2,0,2,1,1,1,2,1,0,0,1,0,1,1,1,1,1,2,2,0,1,1,1,1,1,2,-2,0,1]","[-2,-1,-1,0,0,1,1,2,0,1,0,1,1,2,3,2,0,0,0,1,1,0,0,1,2,2,0,0,0,1,0,1,1,0,-1,1]",c,"[[{8, 1}, {2, 7}, {3, 6}, {4, 5}], [{8, 1}, {2, 7}, {4, 6}, {3, 5}], [{8, 1}, {2, 7}, {5, 6}, {3, 4}], [{8, 1}, {2, 7}, {6}, {3, 5}, {4}], [{8, 1}, {3, 7}, {2, 6}, {4, 5}], [{8, 1}, {3, 7}, {4, 6}, {2, 5}], [{8, 1}, {3, 7}, {5, 6}, {2, 4}], [{8, 1}, {3, 7}, {6}, {2, 5}, {4}], [{8, 1}, {3, 7}, {6}, {4, 5}, {2}], [{8, 1}, {3, 7}, {6}, {5}, {2, 4}], [{8, 1}, {4, 7}, {2, 6}, {3, 5}], [{8, 1}, {4, 7}, {2, 6}, {5}, {3}], [{8, 1}, {4, 7}, {3, 6}, {2, 5}], [{8, 1}, {4, 7}, {5, 6}, {2, 3}], [{8, 1}, {4, 7}, {5, 6}, {3}, {2}], [{8, 1}, {4, 7}, {6}, {2, 5}, {3}], [{8, 1}, {5, 7}, {2, 6}, {3, 4}], [{8, 1}, {5, 7}, {3, 6}, {2, 4}], [{8, 1}, {5, 7}, {3, 6}, {4}, {2}], [{8, 1}, {5, 7}, {4, 6}, {2, 3}], [{8, 1}, {6, 7}, {2, 5}, {3, 4}], [{8, 1}, {6, 7}, {3, 5}, {2, 4}], [{8, 1}, {6, 7}, {4, 5}, {2, 3}], [{8, 1}, {6, 7}, {5}, {4}, {2, 3}], [{8, 1}, {7}, {6}, {2, 5}, {3, 4}], [{8, 2}, {1, 7}, {3, 6}, {4, 5}], [{8, 2}, {1, 7}, {4, 6}, {3, 5}], [{8, 2}, {1, 7}, {5, 6}, {3, 4}], [{8, 2}, {3, 7}, {1, 6}, {4, 5}], [{8, 2}, {3, 7}, {4, 6}, {1, 5}], [{8, 2}, {3, 7}, {4, 6}, {5}, {1}], [{8, 2}, {3, 7}, {5, 6}, {1, 4}], [{8, 2}, {4, 7}, {1, 6}, {3, 5}], [{8, 2}, {4, 7}, {3, 6}, {1, 5}], [{8, 2}, {4, 7}, {5, 6}, {1, 3}], [{8, 2}, {4, 7}, {6}, {1, 5}, {3}], [{8, 2}, {4, 7}, {6}, {3, 5}, {1}], [{8, 2}, {4, 7}, {6}, {5}, {1, 3}], [{8, 2}, {5, 7}, {1, 6}, {3, 4}], [{8, 2}, {5, 7}, {3, 6}, {1, 4}], [{8, 2}, {5, 7}, {3, 6}, {4}, {1}], [{8, 2}, {5, 7}, {4, 6}, {1, 3}], [{8, 2}, {6, 7}, {1, 5}, {3, 4}], [{8, 2}, {6, 7}, {3, 5}, {1, 4}], [{8, 2}, {6, 7}, {4, 5}, {1, 3}], [{8, 3}, {1, 7}, {2, 6}, {4, 5}], [{8, 3}, {1, 7}, {4, 6}, {2, 5}], [{8, 3}, {1, 7}, {4, 6}, {5}, {2}], [{8, 3}, {1, 7}, {5, 6}, {2, 4}], [{8, 3}, {1, 7}, {5, 6}, {4}, {2}], [{8, 3}, {1, 7}, {6}, {4, 5}, {2}], [{8, 3}, {2, 7}, {1, 6}, {4, 5}], [{8, 3}, {2, 7}, {4, 6}, {1, 5}], [{8, 3}, {2, 7}, {4, 6}, {5}, {1}], [{8, 3}, {2, 7}, {5, 6}, {1, 4}], [{8, 3}, {2, 7}, {5, 6}, {4}, {1}], [{8, 3}, {2, 7}, {6}, {4, 5}, {1}], [{8, 3}, {4, 7}, {1, 6}, {2, 5}], [{8, 3}, {4, 7}, {2, 6}, {1, 5}], [{8, 3}, {4, 7}, {5, 6}, {1, 2}], [{8, 3}, {4, 7}, {5, 6}, {2}, {1}], [{8, 3}, {5, 7}, {1, 6}, {2, 4}], [{8, 3}, {5, 7}, {2, 6}, {1, 4}], [{8, 3}, {5, 7}, {4, 6}, {1, 2}], [{8, 3}, {5, 7}, {4, 6}, {2}, {1}], [{8, 3}, {6, 7}, {1, 5}, {2, 4}], [{8, 3}, {6, 7}, {2, 5}, {1, 4}], [{8, 3}, {6, 7}, {4, 5}, {1, 2}], [{8, 3}, {6, 7}, {4, 5}, {2}, {1}], [{8, 3}, {7}, {1, 6}, {4, 5}, {2}], [{8, 3}, {7}, {2, 6}, {4, 5}, {1}], [{8, 3}, {7}, {4, 6}, {1, 5}, {2}], [{8, 3}, {7}, {4, 6}, {2, 5}, {1}], [{8, 3}, {7}, {4, 6}, {5}, {1, 2}], [{8, 3}, {7}, {4, 6}, {5}, {2}, {1}], [{8, 3}, {7}, {5, 6}, {1, 4}, {2}], [{8, 3}, {7}, {5, 6}, {2, 4}, {1}], [{8, 3}, {7}, {5, 6}, {4}, {1, 2}], [{8, 3}, {7}, {5, 6}, {4}, {2}, {1}], [{8, 3}, {7}, {6}, {4, 5}, {1, 2}], [{8, 3}, {7}, {6}, {4, 5}, {2}, {1}], [{8, 4}, {1, 7}, {2, 6}, {3, 5}], [{8, 4}, {1, 7}, {3, 6}, {2, 5}], [{8, 4}, {1, 7}, {5, 6}, {2, 3}], [{8, 4}, {1, 7}, {6}, {3, 5}, {2}], [{8, 4}, {2, 7}, {1, 6}, {3, 5}], [{8, 4}, {2, 7}, {3, 6}, {1, 5}], [{8, 4}, {2, 7}, {3, 6}, {5}, {1}], [{8, 4}, {2, 7}, {5, 6}, {1, 3}], [{8, 4}, {3, 7}, {1, 6}, {2, 5}], [{8, 4}, {3, 7}, {2, 6}, {1, 5}], [{8, 4}, {3, 7}, {5, 6}, {1, 2}], [{8, 4}, {5, 7}, {1, 6}, {2, 3}], [{8, 4}, {5, 7}, {2, 6}, {1, 3}], [{8, 4}, {5, 7}, {2, 6}, {3}, {1}], [{8, 4}, {5, 7}, {3, 6}, {1, 2}], [{8, 4}, {5, 7}, {3, 6}, {2}, {1}], [{8, 4}, {5, 7}, {6}, {2, 3}, {1}], [{8, 4}, {6, 7}, {1, 5}, {2, 3}], [{8, 4}, {6, 7}, {1, 5}, {3}, {2}], [{8, 4}, {6, 7}, {2, 5}, {1, 3}], [{8, 4}, {6, 7}, {3, 5}, {1, 2}], [{8, 4}, {7}, {3, 6}, {2, 5}, {1}], [{8, 5}, {1, 7}, {2, 6}, {3, 4}], [{8, 5}, {1, 7}, {3, 6}, {2, 4}], [{8, 5}, {1, 7}, {4, 6}, {2, 3}], [{8, 5}, {2, 7}, {1, 6}, {3, 4}], [{8, 5}, {2, 7}, {1, 6}, {4}, {3}], [{8, 5}, {2, 7}, {3, 6}, {1, 4}], [{8, 5}, {2, 7}, {4, 6}, {1, 3}], [{8, 5}, {3, 7}, {1, 6}, {2, 4}], [{8, 5}, {3, 7}, {2, 6}, {1, 4}], [{8, 5}, {3, 7}, {4, 6}, {1, 2}], [{8, 5}, {4, 7}, {1, 6}, {2, 3}], [{8, 5}, {4, 7}, {1, 6}, {3}, {2}], [{8, 5}, {4, 7}, {2, 6}, {1, 3}], [{8, 5}, {4, 7}, {2, 6}, {3}, {1}], [{8, 5}, {4, 7}, {3, 6}, {1, 2}], [{8, 5}, {4, 7}, {6}, {3}, {1, 2}], [{8, 5}, {6, 7}, {1, 4}, {2, 3}], [{8, 5}, {6, 7}, {2, 4}, {1, 3}], [{8, 5}, {6, 7}, {3, 4}, {1, 2}], [{8, 5}, {6, 7}, {4}, {2, 3}, {1}], [{8, 5}, {7}, {1, 6}, {2, 4}, {3}], [{8, 5}, {7}, {3, 6}, {1, 4}, {2}], [{8, 5}, {7}, {3, 6}, {2, 4}, {1}], [{8, 5}, {7}, {3, 6}, {4}, {1, 2}], [{8, 5}, {7}, {6}, {2, 4}, {1, 3}], [{8, 6}, {1, 7}, {2, 5}, {3, 4}], [{8, 6}, {1, 7}, {3, 5}, {2, 4}], [{8, 6}, {1, 7}, {4, 5}, {2, 3}], [{8, 6}, {2, 7}, {1, 5}, {3, 4}], [{8, 6}, {2, 7}, {3, 5}, {1, 4}], [{8, 6}, {2, 7}, {4, 5}, {1, 3}], [{8, 6}, {2, 7}, {5}, {3, 4}, {1}], [{8, 6}, {3, 7}, {1, 5}, {2, 4}], [{8, 6}, {3, 7}, {2, 5}, {1, 4}], [{8, 6}, {3, 7}, {4, 5}, {1, 2}], [{8, 6}, {3, 7}, {5}, {1, 4}, {2}], [{8, 6}, {4, 7}, {1, 5}, {2, 3}], [{8, 6}, {4, 7}, {1, 5}, {3}, {2}], [{8, 6}, {4, 7}, {2, 5}, {1, 3}], [{8, 6}, {4, 7}, {3, 5}, {1, 2}], [{8, 6}, {5, 7}, {1, 4}, {2, 3}], [{8, 6}, {5, 7}, {2, 4}, {1, 3}], [{8, 6}, {5, 7}, {3, 4}, {1, 2}], [{8, 6}, {5, 7}, {4}, {1, 3}, {2}], [{8, 7}, {1, 6}, {2, 5}, {3, 4}], [{8, 7}, {1, 6}, {3, 5}, {2, 4}], [{8, 7}, {1, 6}, {4, 5}, {2, 3}], [{8, 7}, {1, 6}, {5}, {2, 4}, {3}], [{8, 7}, {2, 6}, {1, 5}, {3, 4}], [{8, 7}, {2, 6}, {3, 5}, {1, 4}], [{8, 7}, {2, 6}, {4, 5}, {1, 3}], [{8, 7}, {2, 6}, {5}, {3, 4}, {1}], [{8, 7}, {3, 6}, {1, 5}, {2, 4}], [{8, 7}, {3, 6}, {2, 5}, {1, 4}], [{8, 7}, {3, 6}, {4, 5}, {1, 2}], [{8, 7}, {3, 6}, {5}, {1, 4}, {2}], [{8, 7}, {3, 6}, {5}, {2, 4}, {1}], [{8, 7}, {3, 6}, {5}, {4}, {1, 2}], [{8, 7}, {4, 6}, {1, 5}, {2, 3}], [{8, 7}, {4, 6}, {2, 5}, {1, 3}], [{8, 7}, {4, 6}, {3, 5}, {1, 2}], [{8, 7}, {4, 6}, {5}, {2, 3}, {1}], [{8, 7}, {5, 6}, {1, 4}, {2, 3}], [{8, 7}, {5, 6}, {2, 4}, {1, 3}], [{8, 7}, {5, 6}, {3, 4}, {1, 2}], [{8, 7}, {6}, {2, 5}, {4}, {1, 3}], [{8, 7}, {6}, {4, 5}, {1, 3}, {2}], [{8, 7}, {6}, {5}, {2, 4}, {1, 3}], [{8}, {4, 7}, {1, 6}, {5}, {2, 3}], [{8}, {4, 7}, {2, 6}, {1, 5}, {3}], [{8}, {4, 7}, {5, 6}, {1, 3}, {2}], [{8}, {5, 7}, {1, 6}, {2, 4}, {3}], [{8}, {5, 7}, {3, 6}, {1, 4}, {2}], [{8}, {5, 7}, {3, 6}, {2, 4}, {1}], [{8}, {5, 7}, {3, 6}, {4}, {1, 2}], [{8}, {5, 7}, {6}, {2, 4}, {1, 3}], [{8}, {6, 7}, {1, 5}, {4}, {2, 3}], [{8}, {6, 7}, {3, 5}, {2, 4}, {1}], [{8}, {6, 7}, {4, 5}, {3}, {1, 2}]]",2,12 K_1^3 - 16 K_1^2 - 12 K_1 K_2 - 3 K_1 + 8 K_2 + 3 K_3 + 9,O1O2O3U1O4U3U5O6U4U7O5U2U6O8O7U8,O1O2U3O4O5U1O3O6U5O7U6U2U7O8U4U8,O1O2U3O4O5U2O6O3U7U5O7U8U6U1O8U4,c,{'O1O2O3U4O5O4U6U2O7U5U8O6U7U1O8U3'},1,"<a href=""/flatknot/8.975824"">8.975824</a>",t^9-36t^7-82t^6+42t^5+140t^4-49t^3-24t^2+71t-12,0,,
8.975825,O1O2O3U4O5O4U6U2O7U8U1O6U7U3O8U5,4,3z^3+30z^2+106z+117,3w^4z^3+30w^3z^2+106w^2z+117w,False,False,"[[ 0 -1 -1  2  1  2 -2  1 -2],[ 1  0  0  2  1  1  0  0  0],[ 1  0  0  0  1  0  1 -1  1],[-2 -2  0  0 -2 -1 -1 -1 -2],[-1 -1 -1  2  0  2 -3  1 -3],[-2 -1  0  1 -2  0 -2  0 -2],[ 2  0 -1  1  3  2  0  1  0],[-1  0  1  1 -1  0 -1  0 -1],[ 2  0 -1  2  3  2  0  1  0]]","[[ 0  2  1  1 -1 -1 -2],[-2  0 -1 -2  0 -2 -2],[-1  1  0 -1  1  0 -1],[-1  2  1  0 -1 -1 -3],[ 1  0 -1  1  0  0  1],[ 1  2  0  1  0  0  0],[ 2  2  1  3 -1  0  0]]",False,"[-2,-1,-1,1,1,2,1,2,0,2,2,1,-1,0,1,1,1,3,0,-1,0]","[-2,-1,-1,1,1,2,-1,0,1,3,2,0,-1,1,0,0,1,2,-1,1,2]",t^6+28t^4+80t^2+9,"[-2,-1,-1,1,1,2,1,2,0,2,2,0,1,2,1,1,3,3,-1,-1,0]","[-2,-1,-1,1,1,2,-1,0,1,3,2,1,1,1,0,2,3,2,0,1,2]","[-2,-1,-1,1,1,2,-1,0,1,3,2,0,-1,1,0,0,1,2,-1,1,2]",c,"[[{8, 3}, {1, 7}, {5, 6}, {2, 4}], [{8, 3}, {2, 7}, {5, 6}, {1, 4}], [{8, 5}, {2, 7}, {3, 6}, {1, 4}]]",1,12 K_1^3 - 16 K_1^2 - 8 K_1 K_2 - 5 K_1 + 8 K_2 + K_3 + 9,O1O2O3U4O5U1U6O7U3U5O6U2U7O8O4U8,O1O2U3O4O5U1O3O6U4O7U5U2U6O8U7U8,O1O2U3O4O5U2O6O3U7U8O7U1U6U4O8U5,c,{'O1O2O3U4O5O4U6U2O7U8U1O6U7U3O8U5'},1,"<a href=""/flatknot/8.975825"">8.975825</a>",t^7-28t^5-46t^4+42t^3+52t^2-10t-8,0,,
8.975826,O1O2O3U4O5O4U6U2O7U8U1O6U7U5O8U3,3,19z^2+92z+109,19w^3z^2+92w^2z+109w,False,False,"[[ 0 -1 -1  2  1  2 -2  1 -2],[ 1  0  0  2  1  1  0  0  0],[ 1  0  0  1  1 -1  1 -1  1],[-2 -2 -1  0 -1  0 -2  0 -3],[-1 -1 -1  1  0  2 -3  1 -2],[-2 -1  1  0 -2  0 -1 -1 -2],[ 2  0 -1  2  3  1  0  1  0],[-1  0  1  0 -1  1 -1  0 -1],[ 2  0 -1  3  2  2  0  1  0]]","[[ 0  2  2  1  1 -1 -1 -2 -2],[-2  0  0  0 -1 -1 -2 -2 -3],[-2  0  0 -1 -2  1 -1 -1 -2],[-1  0  1  0 -1  1  0 -1 -1],[-1  1  2  1  0 -1 -1 -3 -2],[ 1  1 -1 -1  1  0  0  1  1],[ 1  2  1  0  1  0  0  0  0],[ 2  2  1  1  3 -1  0  0  0],[ 2  3  2  1  2 -1  0  0  0]]",True,"[-2,-2,-1,-1,1,1,2,2,0,0,1,1,2,2,3,1,2,-1,1,1,2,1,-1,0,1,1,1,1,3,2,0,-1,-1,0,0,0]","[-2,-2,-1,-1,1,1,2,2,0,-1,0,1,2,2,3,-1,0,1,3,1,2,0,-1,1,-1,1,0,1,1,2,-1,1,0,2,1,0]",t^8+52t^6+294t^4+178t^2,"[-2,-2,-1,-1,1,1,2,2,0,1,2,0,2,2,3,1,2,1,2,1,2,0,1,2,1,2,1,3,2,4,-1,0,-1,1,0,0]","[-2,-2,-1,-1,1,1,2,2,0,-1,0,2,4,2,3,0,1,1,2,1,2,1,1,1,1,0,2,3,2,2,0,1,1,2,2,0]","[-2,-2,-1,-1,1,1,2,2,0,-1,0,1,2,2,3,-1,0,1,3,1,2,0,-1,1,-1,1,0,1,1,2,-1,1,0,2,1,0]",c,"[[{8, 3}, {2, 7}, {5, 6}, {1, 4}]]",1,8 K_1^3 - 16 K_1^2 - 8 K_1 K_2 - 2 K_1 + 8 K_2 + 2 K_3 + 9,O1O2O3U1O4U5U6O7U3U4O6U2U7O8O5U8,O1O2U3O4O5U1O3O6U4O7U5U2U7O8U6U8,O1O2U3O4O5U2O6O3U7U1O7U8U6U4O8U5,c,{'O1O2O3U4O5O4U6U2O7U8U1O6U7U5O8U3'},1,"<a href=""/flatknot/8.975826"">8.975826</a>",t^9-52t^7-110t^6+100t^5+226t^4+31t^3-18t^2+16t,0,,
8.975827,O1O2O3U4O5O4U6U2O7U8U3O6U7U1O8U5,4,2z^3+30z^2+109z+115,2w^4z^3+30w^3z^2+109w^2z+115w,False,False,"[[ 0  0 -1  1  1  2 -2  1 -2],[ 0  0  0  1  0  1 -1  0 -1],[ 1  0  0  1  1  0  0  0  1],[-1 -1 -1  0 -1 -1 -1  0 -1],[-1  0 -1  1  0  2 -3  1 -3],[-2 -1  0  1 -2  0 -2  0 -2],[ 2  1  0  1  3  2  0  1  0],[-1  0  0  0 -1  0 -1  0 -1],[ 2  1 -1  1  3  2  0  1  0]]","[[ 0  2  1  1  1  0 -1 -2 -2],[-2  0  1  0 -2 -1  0 -2 -2],[-1 -1  0  0 -1 -1 -1 -1 -1],[-1  0  0  0 -1  0  0 -1 -1],[-1  2  1  1  0  0 -1 -3 -3],[ 0  1  1  0  0  0  0 -1 -1],[ 1  0  1  0  1  0  0  1  0],[ 2  2  1  1  3  1 -1  0  0],[ 2  2  1  1  3  1  0  0  0]]",True,"[-2,-1,-1,-1,0,1,2,2,-1,0,2,1,0,2,2,0,1,1,1,1,1,1,0,0,1,1,0,1,3,3,0,1,1,-1,0,0]","[-2,-2,-1,0,1,1,1,2,0,-1,1,1,1,3,2,0,1,1,1,3,2,0,0,1,1,0,0,1,0,1,0,-1,0,-1,-1,2]",t^8+44t^6+110t^4+27t^2+1,"[-2,-2,-1,0,1,1,1,2,0,1,1,0,2,2,2,2,1,0,2,2,2,1,1,1,2,3,1,0,1,1,-1,-1,-1,0,2,1]","[-2,-1,-1,-1,0,1,2,2,-1,1,2,1,3,2,2,1,1,1,1,0,0,0,1,2,2,2,0,1,2,2,1,1,1,1,2,0]","[-2,-2,-1,0,1,1,1,2,0,-1,1,1,1,3,2,0,1,1,1,3,2,0,0,1,1,0,0,1,0,1,0,-1,0,-1,-1,2]",c,"[[{8, 1}, {2, 7}, {3, 6}, {4, 5}], [{8, 1}, {2, 7}, {3, 6}, {5}, {4}], [{8, 1}, {2, 7}, {4, 6}, {3, 5}], [{8, 1}, {2, 7}, {5, 6}, {3, 4}], [{8, 1}, {3, 7}, {2, 6}, {4, 5}], [{8, 1}, {3, 7}, {4, 6}, {2, 5}], [{8, 1}, {3, 7}, {4, 6}, {5}, {2}], [{8, 1}, {3, 7}, {5, 6}, {2, 4}], [{8, 1}, {4, 7}, {2, 6}, {3, 5}], [{8, 1}, {4, 7}, {3, 6}, {2, 5}], [{8, 1}, {4, 7}, {3, 6}, {5}, {2}], [{8, 1}, {4, 7}, {5, 6}, {2, 3}], [{8, 1}, {5, 7}, {2, 6}, {3, 4}], [{8, 1}, {5, 7}, {3, 6}, {2, 4}], [{8, 1}, {5, 7}, {3, 6}, {4}, {2}], [{8, 1}, {5, 7}, {4, 6}, {2, 3}], [{8, 1}, {6, 7}, {2, 5}, {3, 4}], [{8, 1}, {6, 7}, {3, 5}, {2, 4}], [{8, 1}, {6, 7}, {4, 5}, {2, 3}], [{8, 1}, {6, 7}, {5}, {3, 4}, {2}], [{8, 1}, {7}, {2, 6}, {3, 5}, {4}], [{8, 1}, {7}, {3, 6}, {2, 5}, {4}], [{8, 1}, {7}, {3, 6}, {4, 5}, {2}], [{8, 1}, {7}, {3, 6}, {5}, {2, 4}], [{8, 1}, {7}, {3, 6}, {5}, {4}, {2}], [{8, 1}, {7}, {5, 6}, {4}, {2, 3}], [{8, 2}, {1, 7}, {3, 6}, {4, 5}], [{8, 2}, {1, 7}, {4, 6}, {3, 5}], [{8, 2}, {1, 7}, {5, 6}, {3, 4}], [{8, 2}, {3, 7}, {1, 6}, {4, 5}], [{8, 2}, {3, 7}, {4, 6}, {1, 5}], [{8, 2}, {3, 7}, {5, 6}, {1, 4}], [{8, 2}, {4, 7}, {1, 6}, {3, 5}], [{8, 2}, {4, 7}, {3, 6}, {1, 5}], [{8, 2}, {4, 7}, {5, 6}, {1, 3}], [{8, 2}, {4, 7}, {6}, {5}, {1, 3}], [{8, 2}, {5, 7}, {1, 6}, {3, 4}], [{8, 2}, {5, 7}, {3, 6}, {1, 4}], [{8, 2}, {5, 7}, {4, 6}, {1, 3}], [{8, 2}, {5, 7}, {6}, {4}, {1, 3}], [{8, 2}, {6, 7}, {1, 5}, {3, 4}], [{8, 2}, {6, 7}, {3, 5}, {1, 4}], [{8, 2}, {6, 7}, {4, 5}, {1, 3}], [{8, 2}, {6, 7}, {5}, {4}, {1, 3}], [{8, 2}, {7}, {1, 6}, {3, 5}, {4}], [{8, 2}, {7}, {3, 6}, {1, 5}, {4}], [{8, 2}, {7}, {4, 6}, {5}, {1, 3}], [{8, 2}, {7}, {5, 6}, {4}, {1, 3}], [{8, 2}, {7}, {6}, {4, 5}, {1, 3}], [{8, 2}, {7}, {6}, {5}, {4}, {1, 3}], [{8, 3}, {1, 7}, {2, 6}, {4, 5}], [{8, 3}, {1, 7}, {4, 6}, {2, 5}], [{8, 3}, {1, 7}, {5, 6}, {2, 4}], [{8, 3}, {1, 7}, {5, 6}, {4}, {2}], [{8, 3}, {1, 7}, {6}, {5}, {2, 4}], [{8, 3}, {2, 7}, {1, 6}, {4, 5}], [{8, 3}, {2, 7}, {1, 6}, {5}, {4}], [{8, 3}, {2, 7}, {4, 6}, {1, 5}], [{8, 3}, {2, 7}, {4, 6}, {5}, {1}], [{8, 3}, {2, 7}, {5, 6}, {1, 4}], [{8, 3}, {2, 7}, {5, 6}, {4}, {1}], [{8, 3}, {2, 7}, {6}, {1, 5}, {4}], [{8, 3}, {2, 7}, {6}, {4, 5}, {1}], [{8, 3}, {2, 7}, {6}, {5}, {1, 4}], [{8, 3}, {4, 7}, {1, 6}, {2, 5}], [{8, 3}, {4, 7}, {1, 6}, {5}, {2}], [{8, 3}, {4, 7}, {2, 6}, {1, 5}], [{8, 3}, {4, 7}, {5, 6}, {1, 2}], [{8, 3}, {4, 7}, {5, 6}, {2}, {1}], [{8, 3}, {4, 7}, {6}, {1, 5}, {2}], [{8, 3}, {5, 7}, {1, 6}, {2, 4}], [{8, 3}, {5, 7}, {1, 6}, {4}, {2}], [{8, 3}, {5, 7}, {2, 6}, {1, 4}], [{8, 3}, {5, 7}, {4, 6}, {1, 2}], [{8, 3}, {5, 7}, {6}, {2, 4}, {1}], [{8, 3}, {6, 7}, {1, 5}, {2, 4}], [{8, 3}, {6, 7}, {1, 5}, {4}, {2}], [{8, 3}, {6, 7}, {2, 5}, {1, 4}], [{8, 3}, {6, 7}, {4, 5}, {1, 2}], [{8, 3}, {6, 7}, {5}, {2, 4}, {1}], [{8, 3}, {7}, {1, 6}, {2, 5}, {4}], [{8, 3}, {7}, {1, 6}, {4, 5}, {2}], [{8, 3}, {7}, {1, 6}, {5}, {2, 4}], [{8, 3}, {7}, {1, 6}, {5}, {4}, {2}], [{8, 3}, {7}, {2, 6}, {1, 5}, {4}], [{8, 3}, {7}, {4, 6}, {1, 5}, {2}], [{8, 3}, {7}, {5, 6}, {1, 4}, {2}], [{8, 3}, {7}, {5, 6}, {2, 4}, {1}], [{8, 3}, {7}, {5, 6}, {4}, {1, 2}], [{8, 3}, {7}, {5, 6}, {4}, {2}, {1}], [{8, 3}, {7}, {6}, {1, 5}, {2, 4}], [{8, 3}, {7}, {6}, {1, 5}, {4}, {2}], [{8, 4}, {1, 7}, {2, 6}, {3, 5}], [{8, 4}, {1, 7}, {3, 6}, {2, 5}], [{8, 4}, {1, 7}, {5, 6}, {2, 3}], [{8, 4}, {1, 7}, {6}, {3, 5}, {2}], [{8, 4}, {2, 7}, {1, 6}, {3, 5}], [{8, 4}, {2, 7}, {3, 6}, {1, 5}], [{8, 4}, {2, 7}, {3, 6}, {5}, {1}], [{8, 4}, {2, 7}, {5, 6}, {1, 3}], [{8, 4}, {2, 7}, {5, 6}, {3}, {1}], [{8, 4}, {2, 7}, {6}, {3, 5}, {1}], [{8, 4}, {3, 7}, {1, 6}, {2, 5}], [{8, 4}, {3, 7}, {2, 6}, {1, 5}], [{8, 4}, {3, 7}, {5, 6}, {1, 2}], [{8, 4}, {3, 7}, {6}, {5}, {1, 2}], [{8, 4}, {5, 7}, {1, 6}, {2, 3}], [{8, 4}, {5, 7}, {2, 6}, {1, 3}], [{8, 4}, {5, 7}, {3, 6}, {1, 2}], [{8, 4}, {5, 7}, {6}, {3}, {1, 2}], [{8, 4}, {6, 7}, {1, 5}, {2, 3}], [{8, 4}, {6, 7}, {2, 5}, {1, 3}], [{8, 4}, {6, 7}, {2, 5}, {3}, {1}], [{8, 4}, {6, 7}, {3, 5}, {1, 2}], [{8, 4}, {7}, {2, 6}, {5}, {1, 3}], [{8, 4}, {7}, {3, 6}, {1, 5}, {2}], [{8, 4}, {7}, {6}, {3, 5}, {1, 2}], [{8, 5}, {1, 7}, {2, 6}, {3, 4}], [{8, 5}, {1, 7}, {3, 6}, {2, 4}], [{8, 5}, {1, 7}, {3, 6}, {4}, {2}], [{8, 5}, {1, 7}, {4, 6}, {2, 3}], [{8, 5}, {2, 7}, {1, 6}, {3, 4}], [{8, 5}, {2, 7}, {3, 6}, {1, 4}], [{8, 5}, {2, 7}, {3, 6}, {4}, {1}], [{8, 5}, {2, 7}, {4, 6}, {1, 3}], [{8, 5}, {2, 7}, {4, 6}, {3}, {1}], [{8, 5}, {2, 7}, {6}, {3, 4}, {1}], [{8, 5}, {3, 7}, {1, 6}, {2, 4}], [{8, 5}, {3, 7}, {2, 6}, {1, 4}], [{8, 5}, {3, 7}, {4, 6}, {1, 2}], [{8, 5}, {3, 7}, {6}, {2, 4}, {1}], [{8, 5}, {4, 7}, {1, 6}, {2, 3}], [{8, 5}, {4, 7}, {2, 6}, {1, 3}], [{8, 5}, {4, 7}, {3, 6}, {1, 2}], [{8, 5}, {4, 7}, {3, 6}, {2}, {1}], [{8, 5}, {6, 7}, {1, 4}, {2, 3}], [{8, 5}, {6, 7}, {2, 4}, {1, 3}], [{8, 5}, {6, 7}, {2, 4}, {3}, {1}], [{8, 5}, {6, 7}, {3, 4}, {1, 2}], [{8, 5}, {7}, {1, 6}, {4}, {2, 3}], [{8, 5}, {7}, {2, 6}, {4}, {1, 3}], [{8, 5}, {7}, {3, 6}, {1, 4}, {2}], [{8, 5}, {7}, {3, 6}, {2, 4}, {1}], [{8, 5}, {7}, {3, 6}, {4}, {1, 2}], [{8, 5}, {7}, {3, 6}, {4}, {2}, {1}], [{8, 6}, {1, 7}, {2, 5}, {3, 4}], [{8, 6}, {1, 7}, {3, 5}, {2, 4}], [{8, 6}, {1, 7}, {3, 5}, {4}, {2}], [{8, 6}, {1, 7}, {4, 5}, {2, 3}], [{8, 6}, {1, 7}, {5}, {2, 4}, {3}], [{8, 6}, {2, 7}, {1, 5}, {3, 4}], [{8, 6}, {2, 7}, {1, 5}, {4}, {3}], [{8, 6}, {2, 7}, {3, 5}, {1, 4}], [{8, 6}, {2, 7}, {3, 5}, {4}, {1}], [{8, 6}, {2, 7}, {4, 5}, {1, 3}], [{8, 6}, {2, 7}, {4, 5}, {3}, {1}], [{8, 6}, {2, 7}, {5}, {1, 4}, {3}], [{8, 6}, {2, 7}, {5}, {3, 4}, {1}], [{8, 6}, {2, 7}, {5}, {4}, {1, 3}], [{8, 6}, {3, 7}, {1, 5}, {2, 4}], [{8, 6}, {3, 7}, {1, 5}, {4}, {2}], [{8, 6}, {3, 7}, {2, 5}, {1, 4}], [{8, 6}, {3, 7}, {4, 5}, {1, 2}], [{8, 6}, {3, 7}, {5}, {2, 4}, {1}], [{8, 6}, {4, 7}, {1, 5}, {2, 3}], [{8, 6}, {4, 7}, {1, 5}, {3}, {2}], [{8, 6}, {4, 7}, {2, 5}, {1, 3}], [{8, 6}, {4, 7}, {3, 5}, {1, 2}], [{8, 6}, {4, 7}, {3, 5}, {2}, {1}], [{8, 6}, {4, 7}, {5}, {1, 3}, {2}], [{8, 6}, {5, 7}, {1, 4}, {2, 3}], [{8, 6}, {5, 7}, {2, 4}, {1, 3}], [{8, 6}, {5, 7}, {2, 4}, {3}, {1}], [{8, 6}, {5, 7}, {3, 4}, {1, 2}], [{8, 6}, {5, 7}, {4}, {1, 3}, {2}], [{8, 6}, {7}, {1, 5}, {2, 4}, {3}], [{8, 6}, {7}, {1, 5}, {3, 4}, {2}], [{8, 6}, {7}, {1, 5}, {4}, {2, 3}], [{8, 6}, {7}, {1, 5}, {4}, {3}, {2}], [{8, 6}, {7}, {2, 5}, {4}, {1, 3}], [{8, 6}, {7}, {3, 5}, {1, 4}, {2}], [{8, 6}, {7}, {3, 5}, {2, 4}, {1}], [{8, 6}, {7}, {3, 5}, {4}, {1, 2}], [{8, 6}, {7}, {3, 5}, {4}, {2}, {1}], [{8, 6}, {7}, {4, 5}, {1, 3}, {2}], [{8, 6}, {7}, {5}, {2, 4}, {1, 3}], [{8, 6}, {7}, {5}, {4}, {1, 3}, {2}], [{8, 7}, {1, 6}, {2, 5}, {3, 4}], [{8, 7}, {1, 6}, {3, 5}, {2, 4}], [{8, 7}, {1, 6}, {4, 5}, {2, 3}], [{8, 7}, {2, 6}, {1, 5}, {3, 4}], [{8, 7}, {2, 6}, {3, 5}, {1, 4}], [{8, 7}, {2, 6}, {4, 5}, {1, 3}], [{8, 7}, {2, 6}, {5}, {4}, {1, 3}], [{8, 7}, {3, 6}, {1, 5}, {2, 4}], [{8, 7}, {3, 6}, {1, 5}, {4}, {2}], [{8, 7}, {3, 6}, {2, 5}, {1, 4}], [{8, 7}, {3, 6}, {4, 5}, {1, 2}], [{8, 7}, {3, 6}, {5}, {2, 4}, {1}], [{8, 7}, {4, 6}, {1, 5}, {2, 3}], [{8, 7}, {4, 6}, {2, 5}, {1, 3}], [{8, 7}, {4, 6}, {2, 5}, {3}, {1}], [{8, 7}, {4, 6}, {3, 5}, {1, 2}], [{8, 7}, {5, 6}, {1, 4}, {2, 3}], [{8, 7}, {5, 6}, {2, 4}, {1, 3}], [{8, 7}, {5, 6}, {2, 4}, {3}, {1}], [{8, 7}, {5, 6}, {3, 4}, {1, 2}], [{8, 7}, {6}, {3, 5}, {1, 4}, {2}], [{8, 7}, {6}, {3, 5}, {2, 4}, {1}], [{8, 7}, {6}, {3, 5}, {4}, {1, 2}], [{8, 7}, {6}, {4, 5}, {3}, {1, 2}], [{8, 7}, {6}, {5}, {3, 4}, {1, 2}], [{8}, {1, 7}, {3, 6}, {5}, {2, 4}], [{8}, {1, 7}, {4, 6}, {3, 5}, {2}], [{8}, {1, 7}, {6}, {2, 5}, {3, 4}], [{8}, {2, 7}, {3, 6}, {1, 5}, {4}], [{8}, {2, 7}, {3, 6}, {4, 5}, {1}], [{8}, {2, 7}, {3, 6}, {5}, {1, 4}], [{8}, {2, 7}, {4, 6}, {3, 5}, {1}], [{8}, {2, 7}, {5, 6}, {3, 4}, {1}], [{8}, {3, 7}, {5, 6}, {2, 4}, {1}], [{8}, {3, 7}, {6}, {2, 5}, {1, 4}], [{8}, {4, 7}, {2, 6}, {5}, {1, 3}], [{8}, {4, 7}, {3, 6}, {1, 5}, {2}], [{8}, {4, 7}, {6}, {3, 5}, {1, 2}], [{8}, {5, 7}, {2, 6}, {4}, {1, 3}], [{8}, {5, 7}, {3, 6}, {2, 4}, {1}], [{8}, {5, 7}, {4, 6}, {2, 3}, {1}], [{8}, {6, 7}, {3, 5}, {1, 4}, {2}], [{8}, {6, 7}, {3, 5}, {2, 4}, {1}], [{8}, {6, 7}, {3, 5}, {4}, {1, 2}], [{8}, {6, 7}, {4, 5}, {2, 3}, {1}], [{8}, {7}, {2, 6}, {4, 5}, {1, 3}], [{8}, {7}, {2, 6}, {5}, {4}, {1, 3}], [{8}, {7}, {3, 6}, {1, 5}, {2, 4}], [{8}, {7}, {3, 6}, {1, 5}, {4}, {2}], [{8}, {7}, {4, 6}, {3, 5}, {1, 2}], [{8}, {7}, {6}, {3, 5}, {4}, {1, 2}]]",2,4 K_1^3 - 10 K_1^2 - 8 K_1 K_2 + K_1 + 5 K_2 + 3 K_3 + 6,O1O2O3U4O5U3U6O7U1U5O6U2U7O8O4U8,O1O2U3O4O5U1O3O6U4O7U6U2U5O8U7U8,O1O2U3O4O5U2O6O3U7U8O7U4U6U1O8U5,c,{'O1O2O3U4O5O4U6U2O7U8U3O6U7U1O8U5'},1,"<a href=""/flatknot/8.975827"">8.975827</a>",t^9-46t^7-96t^6+45t^5+162t^4+21t^3-62t^2-25t-2,t^2-2t,,
8.975828,O1O2O3U4O5O4U6U2O7U8U5O6U7U1O8U3,4,3z^3+28z^2+96z+105,3w^4z^3+28w^3z^2+96w^2z+105w,False,False,"[[ 0  0 -1  2  1  1 -2  1 -2],[ 0  0  0  1  1  0 -1  0 -1],[ 1  0  0  1  1  0  0  0  1],[-2 -1 -1  0 -1  0 -3  1 -3],[-1 -1 -1  1  0  1 -2  0 -2],[-1  0  0  0 -1  0 -1  0 -1],[ 2  1  0  3  2  1  0  1  0],[-1  0  0 -1  0  0 -1  0 -1],[ 2  1 -1  3  2  1  0  1  0]]","[[ 0  2  1  1  1  0 -1 -2 -2],[-2  0  1  0 -1 -1 -1 -3 -3],[-1 -1  0  0  0  0  0 -1 -1],[-1  0  0  0 -1  0  0 -1 -1],[-1  1  0  1  0 -1 -1 -2 -2],[ 0  1  0  0  1  0  0 -1 -1],[ 1  1  0  0  1  0  0  1  0],[ 2  3  1  1  2  1 -1  0  0],[ 2  3  1  1  2  1  0  0  0]]",True,"[-2,-1,-1,-1,0,1,2,2,-1,0,1,1,1,3,3,0,0,0,0,1,1,1,0,0,1,1,1,1,2,2,0,1,1,-1,0,0]","[-2,-2,-1,0,1,1,1,2,0,-1,1,1,1,2,3,0,1,1,1,2,3,0,0,0,1,1,0,0,1,1,0,-1,0,0,-1,1]",t^8+40t^6+96t^4+62t^2+9,"[-2,-2,-1,0,1,1,1,2,0,1,1,1,2,2,1,2,1,1,2,2,1,1,1,2,2,2,0,1,1,1,-1,0,0,0,1,2]","[-2,-1,-1,-1,0,1,2,2,0,1,2,1,2,1,1,1,0,0,1,1,1,0,1,2,2,2,1,2,2,2,1,1,1,1,2,0]","[-2,-2,-1,0,1,1,1,2,0,-1,1,1,1,2,3,0,1,1,1,2,3,0,0,0,1,1,0,0,1,1,0,-1,0,0,-1,1]",c,"[[{8, 1}, {4, 7}, {3, 6}, {2, 5}], [{8, 4}, {1, 7}, {3, 6}, {2, 5}], [{8, 4}, {7}, {3, 6}, {2, 5}, {1}], [{8, 5}, {2, 7}, {4, 6}, {1, 3}], [{8, 7}, {3, 6}, {2, 5}, {1, 4}], [{8, 7}, {3, 6}, {2, 5}, {4}, {1}], [{8}, {4, 7}, {3, 6}, {2, 5}, {1}]]",1,4 K_1^3 - 14 K_1^2 - 8 K_1 K_2 + K_1 + 7 K_2 + 3 K_3 + 8,O1O2O3U1O4U3U5O6U7U4O5U2U6O8O7U8,O1O2U3O4O5U1O3O6U4O7U6U2U7O8U5U8,O1O2U3O4O5U2O6O3U7U4O7U8U6U1O8U5,c,{'O1O2O3U4O5O4U6U2O7U8U5O6U7U1O8U3'},1,"<a href=""/flatknot/8.975828"">8.975828</a>",t^9-42t^7-72t^6+37t^5+50t^4-41t^3+22t^2+12t-12,t^2-2t,,
8.975829,O1O2O3U4O5O4U6U2O7U8U7O6U1U3O8U5,3,13z^2+82z+113,13w^3z^2+82w^2z+113w,False,False,"[[ 0 -1 -1  2  1  2 -2  1 -2],[ 1  0  1  2  1  1  0  0  0],[ 1 -1  0  0  1  0  1  0  1],[-2 -2  0  0 -2 -1 -2  0 -2],[-1 -1 -1  2  0  2 -3  1 -3],[-2 -1  0  1 -2  0 -3  1 -2],[ 2  0 -1  2  3  3  0  1  0],[-1  0  0  0 -1 -1 -1  0 -1],[ 2  0 -1  2  3  2  0  1  0]]","[[ 0  2  2  1  1 -1 -1 -2 -2],[-2  0  1  1 -2  0 -1 -2 -3],[-2 -1  0  0 -2  0 -2 -2 -2],[-1 -1  0  0 -1  0  0 -1 -1],[-1  2  2  1  0 -1 -1 -3 -3],[ 1  0  0  0  1  0 -1  1  1],[ 1  1  2  0  1  1  0  0  0],[ 2  2  2  1  3 -1  0  0  0],[ 2  3  2  1  3 -1  0  0  0]]",True,"[-2,-2,-1,-1,1,1,2,2,-1,-1,2,0,1,2,3,0,2,0,2,2,2,1,0,0,1,1,1,1,3,3,1,-1,-1,0,0,0]","[-2,-2,-1,-1,1,1,2,2,-1,-1,1,1,3,2,2,-1,2,2,3,1,2,1,1,1,0,0,2,2,2,2,1,1,1,2,2,0]",t^8+62t^6+249t^4+156t^2,"[-2,-2,-1,-1,1,1,2,2,0,1,2,0,2,1,2,1,2,0,2,2,2,-1,1,2,2,1,1,2,3,3,-1,-1,-1,2,1,-1]","[-2,-2,-1,-1,1,1,2,2,-1,-1,1,1,3,2,2,-1,2,2,3,1,2,1,1,1,0,0,2,2,2,2,1,1,1,2,2,0]","[-2,-2,-1,-1,1,1,2,2,0,-1,0,1,3,2,2,-1,0,1,3,2,3,-1,0,1,0,0,0,1,2,1,-1,0,-1,2,2,-1]",c,"[[{8, 3}, {2, 7}, {5, 6}, {1, 4}], [{8, 4}, {6, 7}, {2, 5}, {1, 3}], [{8, 5}, {1, 7}, {3, 6}, {2, 4}]]",1,8 K_1^3 - 24 K_1^2 - 16 K_1 K_2 + 2 K_1 + 12 K_2 + 6 K_3 + 13,O1O2O3U4O5U1U3O6U7U5O7U2U6O8O4U8,O1O2U3O4O3U1O5O6U4O7U5U2U6O8U7U8,O1O2U3O4O5U4O6O3U7U8O7U1U6U2O8U5,c,{'O1O2O3U4O5O4U6U2O7U8U7O6U1U3O8U5'},1,"<a href=""/flatknot/8.975829"">8.975829</a>",t^9-62t^7-172t^6+49t^5+324t^4+52t^3-22t^2-4t,0,,
8.975830,O1O2O3U4O5O4U6U2O7U8U7O6U1U5O8U3,4,z^3+24z^2+106z+125,w^4z^3+24w^3z^2+106w^2z+125w,False,False,"[[ 0 -1 -1  2  1  2 -2  1 -2],[ 1  0  1  2  1  1  0  0  0],[ 1 -1  0  1  1 -1  1  0  1],[-2 -2 -1  0 -1  0 -3  1 -3],[-1 -1 -1  1  0  2 -3  1 -2],[-2 -1  1  0 -2  0 -2  0 -2],[ 2  0 -1  3  3  2  0  1  0],[-1  0  0 -1 -1  0 -1  0 -1],[ 2  0 -1  3  2  2  0  1  0]]","[[ 0  2  2  1  1 -1 -1 -2 -2],[-2  0  0  1 -1 -1 -2 -3 -3],[-2  0  0  0 -2  1 -1 -2 -2],[-1 -1  0  0 -1  0  0 -1 -1],[-1  1  2  1  0 -1 -1 -2 -3],[ 1  1 -1  0  1  0 -1  1  1],[ 1  2  1  0  1  1  0  0  0],[ 2  3  2  1  2 -1  0  0  0],[ 2  3  2  1  3 -1  0  0  0]]",True,"[-2,-2,-1,-1,1,1,2,2,0,-1,1,1,2,3,3,0,2,-1,1,2,2,1,0,0,1,1,1,1,2,3,1,-1,-1,0,0,0]","[-2,-2,-1,-1,1,1,2,2,0,-1,0,1,2,2,3,-1,0,1,3,2,3,-1,0,1,-1,1,0,1,1,2,-1,0,-1,2,1,0]",t^8+60t^6+300t^4+110t^2,"[-2,-2,-1,-1,1,1,2,2,0,1,2,0,2,1,2,1,2,1,2,1,2,-1,1,2,1,2,1,2,2,4,-1,0,-1,2,1,0]","[-2,-2,-1,-1,1,1,2,2,0,-1,1,2,4,2,2,0,2,1,2,1,1,1,1,1,0,1,2,2,2,2,1,1,1,2,2,0]","[-2,-2,-1,-1,1,1,2,2,0,-1,0,1,2,2,3,-1,0,1,3,2,3,-1,0,1,-1,1,0,1,1,2,-1,0,-1,2,1,0]",c,"[[{8, 3}, {2, 7}, {5, 6}, {1, 4}], [{8, 4}, {6, 7}, {2, 5}, {1, 3}], [{8, 4}, {7}, {6}, {2, 5}, {1, 3}]]",1,- 16 K_1^2 - 4 K_1 K_2 + 2 K_1 + 8 K_2 + 2 K_3 + 9,O1O2O3U1O4U5U3O6U7U4O7U2U6O8O5U8,O1O2U3O4O3U1O5O6U4O7U5U2U7O8U6U8,O1O2U3O4O5U4O6O3U7U1O7U8U6U2O8U5,c,{'O1O2O3U4O5O4U6U2O7U8U7O6U1U5O8U3'},1,"<a href=""/flatknot/8.975830"">8.975830</a>",t^9-60t^7-138t^6+36t^5+192t^4+26t^3-66t^2-17t,0,,
8.975831,O1O2O3U4O5O4U6U2O7U8U7O6U5U1O8U3,4,2z^3+23z^2+94z+113,2w^4z^3+23w^3z^2+94w^2z+113w,False,False,"[[ 0  0 -1  2  1  1 -2  1 -2],[ 0  0  0  1  1  0 -1  0 -1],[ 1  0  0  1  1 -1  1  0  1],[-2 -1 -1  0 -1  0 -3  1 -3],[-1 -1 -1  1  0  1 -3  1 -2],[-1  0  1  0 -1  0 -1  0 -1],[ 2  1 -1  3  3  1  0  1  0],[-1  0  0 -1 -1  0 -1  0 -1],[ 2  1 -1  3  2  1  0  1  0]]","[[ 0  2  1  1  1  0 -1 -2 -2],[-2  0  1  0 -1 -1 -1 -3 -3],[-1 -1  0  0 -1  0  0 -1 -1],[-1  0  0  0 -1  0  1 -1 -1],[-1  1  1  1  0 -1 -1 -2 -3],[ 0  1  0  0  1  0  0 -1 -1],[ 1  1  0 -1  1  0  0  1  1],[ 2  3  1  1  2  1 -1  0  0],[ 2  3  1  1  3  1 -1  0  0]]",True,"[-2,-1,-1,-1,0,1,2,2,-1,0,1,1,1,3,3,0,1,0,0,1,1,1,0,-1,1,1,1,1,2,3,0,1,1,-1,-1,0]","[-2,-2,-1,0,1,1,1,2,0,-1,1,1,1,2,3,-1,1,1,1,3,3,0,-1,0,1,1,0,0,1,1,0,-1,0,-1,-1,1]",t^8+48t^6+131t^4+78t^2+4,"[-2,-2,-1,0,1,1,1,2,0,2,1,0,2,2,1,2,1,1,2,2,1,1,1,2,3,2,0,1,1,1,-1,-1,0,0,2,1]","[-2,-1,-1,-1,0,1,2,2,0,1,2,1,2,1,1,1,1,0,1,0,1,0,1,3,2,2,1,2,2,2,1,1,1,2,2,0]","[-2,-2,-1,0,1,1,1,2,0,-1,1,1,1,2,3,-1,1,1,1,3,3,0,-1,0,1,1,0,0,1,1,0,-1,0,-1,-1,1]",c,"[[{8, 1}, {2, 7}, {3, 6}, {4, 5}], [{8, 1}, {2, 7}, {4, 6}, {3, 5}], [{8, 1}, {2, 7}, {4, 6}, {5}, {3}], [{8, 1}, {2, 7}, {5, 6}, {3, 4}], [{8, 1}, {2, 7}, {5, 6}, {4}, {3}], [{8, 1}, {2, 7}, {6}, {4, 5}, {3}], [{8, 1}, {3, 7}, {2, 6}, {4, 5}], [{8, 1}, {3, 7}, {4, 6}, {2, 5}], [{8, 1}, {3, 7}, {5, 6}, {2, 4}], [{8, 1}, {3, 7}, {5, 6}, {4}, {2}], [{8, 1}, {4, 7}, {2, 6}, {3, 5}], [{8, 1}, {4, 7}, {3, 6}, {2, 5}], [{8, 1}, {4, 7}, {5, 6}, {2, 3}], [{8, 1}, {4, 7}, {5, 6}, {3}, {2}], [{8, 1}, {5, 7}, {2, 6}, {3, 4}], [{8, 1}, {5, 7}, {3, 6}, {2, 4}], [{8, 1}, {5, 7}, {4, 6}, {2, 3}], [{8, 1}, {5, 7}, {6}, {2, 4}, {3}], [{8, 1}, {6, 7}, {2, 5}, {3, 4}], [{8, 1}, {6, 7}, {3, 5}, {2, 4}], [{8, 1}, {6, 7}, {4, 5}, {2, 3}], [{8, 1}, {6, 7}, {5}, {2, 4}, {3}], [{8, 1}, {7}, {2, 6}, {3, 5}, {4}], [{8, 1}, {7}, {3, 6}, {2, 5}, {4}], [{8, 1}, {7}, {5, 6}, {2, 4}, {3}], [{8, 1}, {7}, {5, 6}, {3, 4}, {2}], [{8, 1}, {7}, {5, 6}, {4}, {2, 3}], [{8, 1}, {7}, {5, 6}, {4}, {3}, {2}], [{8, 2}, {1, 7}, {3, 6}, {4, 5}], [{8, 2}, {1, 7}, {3, 6}, {5}, {4}], [{8, 2}, {1, 7}, {4, 6}, {3, 5}], [{8, 2}, {1, 7}, {4, 6}, {5}, {3}], [{8, 2}, {1, 7}, {5, 6}, {3, 4}], [{8, 2}, {1, 7}, {6}, {5}, {3, 4}], [{8, 2}, {3, 7}, {1, 6}, {4, 5}], [{8, 2}, {3, 7}, {4, 6}, {1, 5}], [{8, 2}, {3, 7}, {5, 6}, {1, 4}], [{8, 2}, {4, 7}, {1, 6}, {3, 5}], [{8, 2}, {4, 7}, {3, 6}, {1, 5}], [{8, 2}, {4, 7}, {3, 6}, {5}, {1}], [{8, 2}, {4, 7}, {5, 6}, {1, 3}], [{8, 2}, {4, 7}, {5, 6}, {3}, {1}], [{8, 2}, {4, 7}, {6}, {3, 5}, {1}], [{8, 2}, {5, 7}, {1, 6}, {3, 4}], [{8, 2}, {5, 7}, {3, 6}, {1, 4}], [{8, 2}, {5, 7}, {3, 6}, {4}, {1}], [{8, 2}, {5, 7}, {4, 6}, {1, 3}], [{8, 2}, {6, 7}, {1, 5}, {3, 4}], [{8, 2}, {6, 7}, {3, 5}, {1, 4}], [{8, 2}, {6, 7}, {3, 5}, {4}, {1}], [{8, 2}, {6, 7}, {4, 5}, {1, 3}], [{8, 2}, {7}, {1, 6}, {4, 5}, {3}], [{8, 2}, {7}, {3, 6}, {1, 5}, {4}], [{8, 2}, {7}, {3, 6}, {4, 5}, {1}], [{8, 2}, {7}, {3, 6}, {5}, {1, 4}], [{8, 2}, {7}, {4, 6}, {3, 5}, {1}], [{8, 2}, {7}, {6}, {4, 5}, {1, 3}], [{8, 3}, {1, 7}, {2, 6}, {4, 5}], [{8, 3}, {1, 7}, {4, 6}, {2, 5}], [{8, 3}, {1, 7}, {4, 6}, {5}, {2}], [{8, 3}, {1, 7}, {5, 6}, {2, 4}], [{8, 3}, {2, 7}, {1, 6}, {4, 5}], [{8, 3}, {2, 7}, {4, 6}, {1, 5}], [{8, 3}, {2, 7}, {4, 6}, {5}, {1}], [{8, 3}, {2, 7}, {5, 6}, {1, 4}], [{8, 3}, {2, 7}, {5, 6}, {4}, {1}], [{8, 3}, {2, 7}, {6}, {4, 5}, {1}], [{8, 3}, {4, 7}, {1, 6}, {2, 5}], [{8, 3}, {4, 7}, {2, 6}, {1, 5}], [{8, 3}, {4, 7}, {5, 6}, {1, 2}], [{8, 3}, {4, 7}, {6}, {1, 5}, {2}], [{8, 3}, {4, 7}, {6}, {2, 5}, {1}], [{8, 3}, {4, 7}, {6}, {5}, {1, 2}], [{8, 3}, {5, 7}, {1, 6}, {2, 4}], [{8, 3}, {5, 7}, {1, 6}, {4}, {2}], [{8, 3}, {5, 7}, {2, 6}, {1, 4}], [{8, 3}, {5, 7}, {4, 6}, {1, 2}], [{8, 3}, {5, 7}, {4, 6}, {2}, {1}], [{8, 3}, {5, 7}, {6}, {1, 4}, {2}], [{8, 3}, {6, 7}, {1, 5}, {2, 4}], [{8, 3}, {6, 7}, {1, 5}, {4}, {2}], [{8, 3}, {6, 7}, {2, 5}, {1, 4}], [{8, 3}, {6, 7}, {2, 5}, {4}, {1}], [{8, 3}, {6, 7}, {4, 5}, {1, 2}], [{8, 3}, {6, 7}, {5}, {4}, {1, 2}], [{8, 3}, {7}, {4, 6}, {1, 5}, {2}], [{8, 3}, {7}, {4, 6}, {2, 5}, {1}], [{8, 3}, {7}, {4, 6}, {5}, {1, 2}], [{8, 3}, {7}, {4, 6}, {5}, {2}, {1}], [{8, 4}, {1, 7}, {2, 6}, {3, 5}], [{8, 4}, {1, 7}, {2, 6}, {5}, {3}], [{8, 4}, {1, 7}, {3, 6}, {2, 5}], [{8, 4}, {1, 7}, {5, 6}, {2, 3}], [{8, 4}, {1, 7}, {6}, {3, 5}, {2}], [{8, 4}, {2, 7}, {1, 6}, {3, 5}], [{8, 4}, {2, 7}, {3, 6}, {1, 5}], [{8, 4}, {2, 7}, {3, 6}, {5}, {1}], [{8, 4}, {2, 7}, {5, 6}, {1, 3}], [{8, 4}, {3, 7}, {1, 6}, {2, 5}], [{8, 4}, {3, 7}, {2, 6}, {1, 5}], [{8, 4}, {3, 7}, {5, 6}, {1, 2}], [{8, 4}, {3, 7}, {5, 6}, {2}, {1}], [{8, 4}, {5, 7}, {1, 6}, {2, 3}], [{8, 4}, {5, 7}, {2, 6}, {1, 3}], [{8, 4}, {5, 7}, {2, 6}, {3}, {1}], [{8, 4}, {5, 7}, {3, 6}, {1, 2}], [{8, 4}, {5, 7}, {3, 6}, {2}, {1}], [{8, 4}, {5, 7}, {6}, {2, 3}, {1}], [{8, 4}, {6, 7}, {1, 5}, {2, 3}], [{8, 4}, {6, 7}, {2, 5}, {1, 3}], [{8, 4}, {6, 7}, {3, 5}, {1, 2}], [{8, 4}, {6, 7}, {3, 5}, {2}, {1}], [{8, 4}, {6, 7}, {5}, {3}, {1, 2}], [{8, 4}, {7}, {1, 6}, {2, 5}, {3}], [{8, 4}, {7}, {1, 6}, {3, 5}, {2}], [{8, 4}, {7}, {1, 6}, {5}, {2, 3}], [{8, 4}, {7}, {2, 6}, {1, 5}, {3}], [{8, 4}, {7}, {3, 6}, {2, 5}, {1}], [{8, 4}, {7}, {6}, {2, 5}, {1, 3}], [{8, 5}, {1, 7}, {2, 6}, {3, 4}], [{8, 5}, {1, 7}, {3, 6}, {2, 4}], [{8, 5}, {1, 7}, {3, 6}, {4}, {2}], [{8, 5}, {1, 7}, {4, 6}, {2, 3}], [{8, 5}, {1, 7}, {4, 6}, {3}, {2}], [{8, 5}, {1, 7}, {6}, {3, 4}, {2}], [{8, 5}, {2, 7}, {1, 6}, {3, 4}], [{8, 5}, {2, 7}, {3, 6}, {1, 4}], [{8, 5}, {2, 7}, {3, 6}, {4}, {1}], [{8, 5}, {2, 7}, {4, 6}, {1, 3}], [{8, 5}, {3, 7}, {1, 6}, {2, 4}], [{8, 5}, {3, 7}, {2, 6}, {1, 4}], [{8, 5}, {3, 7}, {4, 6}, {1, 2}], [{8, 5}, {4, 7}, {1, 6}, {2, 3}], [{8, 5}, {4, 7}, {2, 6}, {1, 3}], [{8, 5}, {4, 7}, {2, 6}, {3}, {1}], [{8, 5}, {4, 7}, {3, 6}, {1, 2}], [{8, 5}, {4, 7}, {3, 6}, {2}, {1}], [{8, 5}, {4, 7}, {6}, {2, 3}, {1}], [{8, 5}, {6, 7}, {1, 4}, {2, 3}], [{8, 5}, {6, 7}, {2, 4}, {1, 3}], [{8, 5}, {6, 7}, {3, 4}, {1, 2}], [{8, 5}, {6, 7}, {4}, {2, 3}, {1}], [{8, 5}, {7}, {1, 6}, {2, 4}, {3}], [{8, 5}, {7}, {3, 6}, {1, 4}, {2}], [{8, 5}, {7}, {3, 6}, {2, 4}, {1}], [{8, 5}, {7}, {3, 6}, {4}, {1, 2}], [{8, 5}, {7}, {4, 6}, {2, 3}, {1}], [{8, 5}, {7}, {6}, {2, 4}, {1, 3}], [{8, 6}, {1, 7}, {2, 5}, {3, 4}], [{8, 6}, {1, 7}, {3, 5}, {2, 4}], [{8, 6}, {1, 7}, {3, 5}, {4}, {2}], [{8, 6}, {1, 7}, {4, 5}, {2, 3}], [{8, 6}, {2, 7}, {1, 5}, {3, 4}], [{8, 6}, {2, 7}, {1, 5}, {4}, {3}], [{8, 6}, {2, 7}, {3, 5}, {1, 4}], [{8, 6}, {2, 7}, {4, 5}, {1, 3}], [{8, 6}, {2, 7}, {4, 5}, {3}, {1}], [{8, 6}, {2, 7}, {5}, {1, 4}, {3}], [{8, 6}, {3, 7}, {1, 5}, {2, 4}], [{8, 6}, {3, 7}, {2, 5}, {1, 4}], [{8, 6}, {3, 7}, {4, 5}, {1, 2}], [{8, 6}, {4, 7}, {1, 5}, {2, 3}], [{8, 6}, {4, 7}, {2, 5}, {1, 3}], [{8, 6}, {4, 7}, {2, 5}, {3}, {1}], [{8, 6}, {4, 7}, {3, 5}, {1, 2}], [{8, 6}, {5, 7}, {1, 4}, {2, 3}], [{8, 6}, {5, 7}, {2, 4}, {1, 3}], [{8, 6}, {5, 7}, {3, 4}, {1, 2}], [{8, 6}, {5, 7}, {3, 4}, {2}, {1}], [{8, 6}, {7}, {4, 5}, {1, 3}, {2}], [{8, 7}, {1, 6}, {2, 5}, {3, 4}], [{8, 7}, {1, 6}, {3, 5}, {2, 4}], [{8, 7}, {1, 6}, {4, 5}, {2, 3}], [{8, 7}, {1, 6}, {4, 5}, {3}, {2}], [{8, 7}, {2, 6}, {1, 5}, {3, 4}], [{8, 7}, {2, 6}, {3, 5}, {1, 4}], [{8, 7}, {2, 6}, {4, 5}, {1, 3}], [{8, 7}, {2, 6}, {5}, {1, 4}, {3}], [{8, 7}, {3, 6}, {1, 5}, {2, 4}], [{8, 7}, {3, 6}, {2, 5}, {1, 4}], [{8, 7}, {3, 6}, {2, 5}, {4}, {1}], [{8, 7}, {3, 6}, {4, 5}, {1, 2}], [{8, 7}, {3, 6}, {4, 5}, {2}, {1}], [{8, 7}, {3, 6}, {5}, {2, 4}, {1}], [{8, 7}, {4, 6}, {1, 5}, {2, 3}], [{8, 7}, {4, 6}, {2, 5}, {1, 3}], [{8, 7}, {4, 6}, {3, 5}, {1, 2}], [{8, 7}, {5, 6}, {1, 4}, {2, 3}], [{8, 7}, {5, 6}, {2, 4}, {1, 3}], [{8, 7}, {5, 6}, {3, 4}, {1, 2}], [{8, 7}, {5, 6}, {4}, {2, 3}, {1}], [{8, 7}, {6}, {3, 5}, {1, 4}, {2}], [{8, 7}, {6}, {4, 5}, {1, 3}, {2}], [{8}, {1, 7}, {3, 6}, {2, 5}, {4}], [{8}, {1, 7}, {4, 6}, {2, 5}, {3}], [{8}, {1, 7}, {4, 6}, {3, 5}, {2}], [{8}, {1, 7}, {4, 6}, {5}, {2, 3}], [{8}, {1, 7}, {5, 6}, {4}, {2, 3}], [{8}, {1, 7}, {6}, {2, 5}, {3, 4}], [{8}, {1, 7}, {6}, {4, 5}, {2, 3}], [{8}, {2, 7}, {1, 6}, {4, 5}, {3}], [{8}, {2, 7}, {3, 6}, {4, 5}, {1}], [{8}, {2, 7}, {4, 6}, {5}, {1, 3}], [{8}, {2, 7}, {5, 6}, {4}, {1, 3}], [{8}, {2, 7}, {6}, {4, 5}, {1, 3}], [{8}, {2, 7}, {6}, {4, 5}, {3}, {1}], [{8}, {3, 7}, {5, 6}, {1, 4}, {2}], [{8}, {3, 7}, {6}, {1, 5}, {2, 4}], [{8}, {3, 7}, {6}, {4, 5}, {1, 2}], [{8}, {4, 7}, {3, 6}, {2, 5}, {1}], [{8}, {4, 7}, {5, 6}, {3}, {1, 2}], [{8}, {5, 7}, {3, 6}, {2, 4}, {1}], [{8}, {6, 7}, {3, 5}, {2, 4}, {1}], [{8}, {6, 7}, {4, 5}, {1, 3}, {2}], [{8}, {6, 7}, {5}, {3, 4}, {1, 2}], [{8}, {7}, {2, 6}, {4, 5}, {1, 3}], [{8}, {7}, {3, 6}, {2, 5}, {1, 4}], [{8}, {7}, {6}, {4, 5}, {1, 3}, {2}]]",2,- 14 K_1^2 - 4 K_1 K_2 + 2 K_1 + 7 K_2 + 2 K_3 + 8,O1O2O3U1O4U3U5O6U7U4O7U2U6O8O5U8,O1O2U3O4O3U1O5O6U4O7U6U2U7O8U5U8,O1O2U3O4O5U4O6O3U7U2O7U8U6U1O8U5,c,{'O1O2O3U4O5O4U6U2O7U8U7O6U5U1O8U3'},1,"<a href=""/flatknot/8.975831"">8.975831</a>",t^9-50t^7-114t^6-14t^5+92t^4+33t^3+8t^2+11t-6,t^2-2t,,
8.975832,O1O2O3U4O5O4U6U3O7U1U2O6U8U7O8U5,4,10z^2+63z+87,-10w^4z^2+20w^3z^2-22w^3z+85w^2z+87w,False,False,"[[ 0 -2  0  0  1  2 -2  2 -1],[ 2  0  1  0  2  2  0  1  1],[ 0 -1  0  0  0  1 -1  0 -1],[ 0  0  0  0  0 -1  0 -1  0],[-1 -2  0  0  0  2 -3  2 -2],[-2 -2 -1  1 -2  0 -1  0 -3],[ 2  0  1  0  3  1  0  2  2],[-2 -1  0  1 -2  0 -2  0 -2],[ 1 -1  1  0  2  3 -2  2  0]]","[[ 0  2  2  1  0  0 -1 -2 -2],[-2  0  0 -2  1  0 -2 -1 -2],[-2  0  0 -2  1 -1 -3 -2 -1],[-1  2  2  0  0  0 -2 -2 -3],[ 0 -1 -1  0  0  0  0  0  0],[ 0  0  1  0  0  0 -1 -1 -1],[ 1  2  3  2  0  1  0 -1 -2],[ 2  1  2  2  0  1  1  0  0],[ 2  2  1  3  0  1  2  0  0]]",True,"[-2,-2,-1,0,0,1,2,2,0,2,-1,0,2,1,2,2,-1,1,3,2,1,0,0,2,2,3,0,0,0,0,1,1,1,1,2,0]","[-2,-2,-1,0,0,1,2,2,0,-1,1,2,0,2,3,0,1,2,1,3,2,0,1,0,1,0,0,1,2,1,1,3,3,-1,-1,0]",t^8+59t^6+164t^4+108t^2+1,"[-2,-2,-1,0,0,1,2,2,0,-1,1,2,0,2,3,0,1,2,1,3,2,0,1,0,1,0,0,1,2,1,1,3,3,-1,-1,0]","[-2,-2,-1,0,0,1,2,2,0,-1,1,3,0,2,3,-1,2,3,1,3,2,1,1,0,1,0,0,0,1,1,1,2,2,0,-1,0]","[-2,-2,-1,0,0,1,2,2,0,1,0,1,2,1,2,2,0,1,3,2,1,0,1,2,2,3,0,0,-1,-1,0,0,1,2,2,0]",c,"[[{8, 1}, {2, 7}, {3, 6}, {4, 5}], [{8, 1}, {2, 7}, {4, 6}, {3, 5}], [{8, 1}, {2, 7}, {5, 6}, {3, 4}], [{8, 1}, {2, 7}, {6}, {3, 5}, {4}], [{8, 1}, {3, 7}, {2, 6}, {4, 5}], [{8, 1}, {3, 7}, {4, 6}, {2, 5}], [{8, 1}, {3, 7}, {5, 6}, {2, 4}], [{8, 1}, {4, 7}, {2, 6}, {3, 5}], [{8, 1}, {4, 7}, {3, 6}, {2, 5}], [{8, 1}, {4, 7}, {5, 6}, {2, 3}], [{8, 1}, {5, 7}, {2, 6}, {3, 4}], [{8, 1}, {5, 7}, {3, 6}, {2, 4}], [{8, 1}, {5, 7}, {4, 6}, {2, 3}], [{8, 1}, {6, 7}, {2, 5}, {3, 4}], [{8, 1}, {6, 7}, {3, 5}, {2, 4}], [{8, 1}, {6, 7}, {4, 5}, {2, 3}], [{8, 1}, {6, 7}, {4, 5}, {3}, {2}], [{8, 2}, {1, 7}, {3, 6}, {4, 5}], [{8, 2}, {1, 7}, {4, 6}, {3, 5}], [{8, 2}, {1, 7}, {5, 6}, {3, 4}], [{8, 2}, {1, 7}, {5, 6}, {4}, {3}], [{8, 2}, {3, 7}, {1, 6}, {4, 5}], [{8, 2}, {3, 7}, {4, 6}, {1, 5}], [{8, 2}, {3, 7}, {5, 6}, {1, 4}], [{8, 2}, {3, 7}, {5, 6}, {4}, {1}], [{8, 2}, {4, 7}, {1, 6}, {3, 5}], [{8, 2}, {4, 7}, {3, 6}, {1, 5}], [{8, 2}, {4, 7}, {5, 6}, {1, 3}], [{8, 2}, {5, 7}, {1, 6}, {3, 4}], [{8, 2}, {5, 7}, {3, 6}, {1, 4}], [{8, 2}, {5, 7}, {4, 6}, {1, 3}], [{8, 2}, {5, 7}, {6}, {1, 4}, {3}], [{8, 2}, {6, 7}, {1, 5}, {3, 4}], [{8, 2}, {6, 7}, {3, 5}, {1, 4}], [{8, 2}, {6, 7}, {4, 5}, {1, 3}], [{8, 2}, {7}, {1, 6}, {3, 5}, {4}], [{8, 2}, {7}, {3, 6}, {1, 5}, {4}], [{8, 2}, {7}, {5, 6}, {4}, {1, 3}], [{8, 3}, {1, 7}, {2, 6}, {4, 5}], [{8, 3}, {1, 7}, {2, 6}, {5}, {4}], [{8, 3}, {1, 7}, {4, 6}, {2, 5}], [{8, 3}, {1, 7}, {5, 6}, {2, 4}], [{8, 3}, {1, 7}, {6}, {4, 5}, {2}], [{8, 3}, {2, 7}, {1, 6}, {4, 5}], [{8, 3}, {2, 7}, {1, 6}, {5}, {4}], [{8, 3}, {2, 7}, {4, 6}, {1, 5}], [{8, 3}, {2, 7}, {5, 6}, {1, 4}], [{8, 3}, {4, 7}, {1, 6}, {2, 5}], [{8, 3}, {4, 7}, {2, 6}, {1, 5}], [{8, 3}, {4, 7}, {5, 6}, {1, 2}], [{8, 3}, {5, 7}, {1, 6}, {2, 4}], [{8, 3}, {5, 7}, {2, 6}, {1, 4}], [{8, 3}, {5, 7}, {4, 6}, {1, 2}], [{8, 3}, {6, 7}, {1, 5}, {2, 4}], [{8, 3}, {6, 7}, {2, 5}, {1, 4}], [{8, 3}, {6, 7}, {4, 5}, {1, 2}], [{8, 3}, {7}, {4, 6}, {1, 5}, {2}], [{8, 3}, {7}, {4, 6}, {2, 5}, {1}], [{8, 3}, {7}, {4, 6}, {5}, {1, 2}], [{8, 4}, {1, 7}, {2, 6}, {3, 5}], [{8, 4}, {1, 7}, {2, 6}, {5}, {3}], [{8, 4}, {1, 7}, {3, 6}, {2, 5}], [{8, 4}, {1, 7}, {5, 6}, {2, 3}], [{8, 4}, {1, 7}, {5, 6}, {3}, {2}], [{8, 4}, {1, 7}, {6}, {2, 5}, {3}], [{8, 4}, {2, 7}, {1, 6}, {3, 5}], [{8, 4}, {2, 7}, {1, 6}, {5}, {3}], [{8, 4}, {2, 7}, {3, 6}, {1, 5}], [{8, 4}, {2, 7}, {5, 6}, {1, 3}], [{8, 4}, {2, 7}, {6}, {3, 5}, {1}], [{8, 4}, {3, 7}, {1, 6}, {2, 5}], [{8, 4}, {3, 7}, {2, 6}, {1, 5}], [{8, 4}, {3, 7}, {5, 6}, {1, 2}], [{8, 4}, {5, 7}, {1, 6}, {2, 3}], [{8, 4}, {5, 7}, {2, 6}, {1, 3}], [{8, 4}, {5, 7}, {3, 6}, {1, 2}], [{8, 4}, {5, 7}, {6}, {1, 3}, {2}], [{8, 4}, {6, 7}, {1, 5}, {2, 3}], [{8, 4}, {6, 7}, {1, 5}, {3}, {2}], [{8, 4}, {6, 7}, {2, 5}, {1, 3}], [{8, 4}, {6, 7}, {3, 5}, {1, 2}], [{8, 4}, {7}, {1, 6}, {3, 5}, {2}], [{8, 5}, {1, 7}, {2, 6}, {3, 4}], [{8, 5}, {1, 7}, {3, 6}, {2, 4}], [{8, 5}, {1, 7}, {4, 6}, {2, 3}], [{8, 5}, {1, 7}, {4, 6}, {3}, {2}], [{8, 5}, {2, 7}, {1, 6}, {3, 4}], [{8, 5}, {2, 7}, {3, 6}, {1, 4}], [{8, 5}, {2, 7}, {4, 6}, {1, 3}], [{8, 5}, {2, 7}, {6}, {4}, {1, 3}], [{8, 5}, {3, 7}, {1, 6}, {2, 4}], [{8, 5}, {3, 7}, {2, 6}, {1, 4}], [{8, 5}, {3, 7}, {4, 6}, {1, 2}], [{8, 5}, {3, 7}, {4, 6}, {2}, {1}], [{8, 5}, {4, 7}, {1, 6}, {2, 3}], [{8, 5}, {4, 7}, {2, 6}, {1, 3}], [{8, 5}, {4, 7}, {3, 6}, {1, 2}], [{8, 5}, {4, 7}, {6}, {1, 3}, {2}], [{8, 5}, {6, 7}, {1, 4}, {2, 3}], [{8, 5}, {6, 7}, {1, 4}, {3}, {2}], [{8, 5}, {6, 7}, {2, 4}, {1, 3}], [{8, 5}, {6, 7}, {3, 4}, {1, 2}], [{8, 5}, {6, 7}, {3, 4}, {2}, {1}], [{8, 5}, {6, 7}, {4}, {1, 3}, {2}], [{8, 5}, {7}, {1, 6}, {4}, {2, 3}], [{8, 5}, {7}, {2, 6}, {4}, {1, 3}], [{8, 5}, {7}, {3, 6}, {4}, {1, 2}], [{8, 5}, {7}, {4, 6}, {1, 3}, {2}], [{8, 5}, {7}, {6}, {2, 4}, {1, 3}], [{8, 5}, {7}, {6}, {4}, {1, 3}, {2}], [{8, 6}, {1, 7}, {2, 5}, {3, 4}], [{8, 6}, {1, 7}, {3, 5}, {2, 4}], [{8, 6}, {1, 7}, {4, 5}, {2, 3}], [{8, 6}, {1, 7}, {4, 5}, {3}, {2}], [{8, 6}, {2, 7}, {1, 5}, {3, 4}], [{8, 6}, {2, 7}, {3, 5}, {1, 4}], [{8, 6}, {2, 7}, {4, 5}, {1, 3}], [{8, 6}, {3, 7}, {1, 5}, {2, 4}], [{8, 6}, {3, 7}, {2, 5}, {1, 4}], [{8, 6}, {3, 7}, {4, 5}, {1, 2}], [{8, 6}, {4, 7}, {1, 5}, {2, 3}], [{8, 6}, {4, 7}, {2, 5}, {1, 3}], [{8, 6}, {4, 7}, {3, 5}, {1, 2}], [{8, 6}, {5, 7}, {1, 4}, {2, 3}], [{8, 6}, {5, 7}, {2, 4}, {1, 3}], [{8, 6}, {5, 7}, {3, 4}, {1, 2}], [{8, 6}, {7}, {2, 5}, {4}, {1, 3}], [{8, 6}, {7}, {3, 5}, {1, 4}, {2}], [{8, 7}, {1, 6}, {2, 5}, {3, 4}], [{8, 7}, {1, 6}, {3, 5}, {2, 4}], [{8, 7}, {1, 6}, {4, 5}, {2, 3}], [{8, 7}, {1, 6}, {5}, {4}, {2, 3}], [{8, 7}, {2, 6}, {1, 5}, {3, 4}], [{8, 7}, {2, 6}, {3, 5}, {1, 4}], [{8, 7}, {2, 6}, {4, 5}, {1, 3}], [{8, 7}, {3, 6}, {1, 5}, {2, 4}], [{8, 7}, {3, 6}, {2, 5}, {1, 4}], [{8, 7}, {3, 6}, {4, 5}, {1, 2}], [{8, 7}, {4, 6}, {1, 5}, {2, 3}], [{8, 7}, {4, 6}, {2, 5}, {1, 3}], [{8, 7}, {4, 6}, {3, 5}, {1, 2}], [{8, 7}, {5, 6}, {1, 4}, {2, 3}], [{8, 7}, {5, 6}, {2, 4}, {1, 3}], [{8, 7}, {5, 6}, {3, 4}, {1, 2}], [{8, 7}, {5, 6}, {4}, {2, 3}, {1}], [{8, 7}, {6}, {1, 5}, {4}, {2, 3}], [{8, 7}, {6}, {4, 5}, {1, 3}, {2}], [{8}, {1, 7}, {2, 6}, {5}, {3, 4}], [{8}, {1, 7}, {3, 6}, {2, 5}, {4}], [{8}, {1, 7}, {3, 6}, {4, 5}, {2}], [{8}, {1, 7}, {3, 6}, {5}, {2, 4}], [{8}, {1, 7}, {5, 6}, {2, 4}, {3}], [{8}, {1, 7}, {6}, {3, 5}, {2, 4}], [{8}, {2, 7}, {1, 6}, {5}, {3, 4}], [{8}, {2, 7}, {6}, {3, 5}, {1, 4}], [{8}, {3, 7}, {2, 6}, {1, 5}, {4}], [{8}, {3, 7}, {5, 6}, {1, 4}, {2}], [{8}, {4, 7}, {2, 6}, {3, 5}, {1}], [{8}, {4, 7}, {3, 6}, {2, 5}, {1}], [{8}, {5, 7}, {1, 6}, {4}, {2, 3}], [{8}, {6, 7}, {3, 5}, {2, 4}, {1}], [{8}, {7}, {1, 6}, {3, 5}, {2, 4}], [{8}, {7}, {3, 6}, {2, 5}, {1, 4}]]",2,28 K_1^3 - 24 K_1^2 - 24 K_1 K_2 - 9 K_1 + 12 K_2 + 5 K_3 + 13,O1O2O3U4O5U6U5O7U2U3O6U1U7O8O4U8,O1O2U3O4O5U1O6O3U6O7U4U5U2O8U7U8,O1O2U3O4O5U1O6O3U7U8O7U6U4U5O8U2,c,{'O1O2O3U4O5O4U6U3O7U1U2O6U8U7O8U5'},1,"<a href=""/flatknot/8.975832"">8.975832</a>",t^9-59t^7-190t^6+30t^5+402t^4+52t^3-110t^2+86t+8,0,,
8.975833,O1O2O3U4O5O4U6U3O7U1U5O6U8U7O8U2,4,13z^2+82z+113,13w^3z^2+82w^2z+113w,False,False,"[[ 0 -2  1  0  1  1 -2  2 -1],[ 2  0  2  0  2  1  0  1  1],[-1 -2  0  0  0  0 -2  1 -2],[ 0  0  0  0  0  0 -1  0  0],[-1 -2  0  0  0  1 -2  1 -2],[-1 -1  0  0 -1  0 -1  0 -2],[ 2  0  2  1  2  1  0  2  2],[-2 -1 -1  0 -1  0 -2  0 -2],[ 1 -1  2  0  2  2 -2  2  0]]","[[ 0  2  1  1  1  0 -1 -2 -2],[-2  0  0 -1 -1  0 -2 -1 -2],[-1  0  0  0 -1  0 -2 -1 -1],[-1  1  0  0  0  0 -2 -2 -2],[-1  1  1  0  0  0 -2 -2 -2],[ 0  0  0  0  0  0  0  0 -1],[ 1  2  2  2  2  0  0 -1 -2],[ 2  1  1  2  2  0  1  0  0],[ 2  2  1  2  2  1  2  0  0]]",True,"[-2,-1,-1,-1,0,1,2,2,0,1,1,0,2,1,2,0,1,0,2,1,1,0,0,2,2,2,0,2,2,2,0,0,1,1,2,0]","[-2,-2,-1,0,1,1,1,2,0,-1,1,1,1,2,2,0,2,1,1,2,3,1,0,0,0,1,1,1,1,2,0,-1,0,0,0,1]",t^8+48t^6+91t^4+36t^2+1,"[-2,-2,-1,0,1,1,1,2,0,-1,1,1,1,2,2,0,2,1,1,2,3,1,0,0,0,1,1,1,1,2,0,-1,0,0,0,1]","[-2,-1,-1,-1,0,1,2,2,0,0,1,2,1,2,3,0,0,1,0,1,1,1,1,0,1,1,1,0,2,2,1,1,2,-1,0,0]","[-2,-2,-1,0,1,1,1,2,0,1,0,1,2,2,1,2,1,1,2,2,2,0,2,2,2,2,0,0,0,0,-1,0,0,0,1,1]",c,"[[{8, 2}, {1, 7}, {3, 6}, {4, 5}], [{8, 2}, {1, 7}, {4, 6}, {3, 5}], [{8, 2}, {1, 7}, {5, 6}, {3, 4}], [{8, 2}, {1, 7}, {6}, {5}, {3, 4}], [{8, 5}, {1, 7}, {2, 6}, {3, 4}], [{8, 5}, {1, 7}, {3, 6}, {2, 4}], [{8, 5}, {1, 7}, {4, 6}, {2, 3}], [{8, 6}, {1, 7}, {2, 5}, {3, 4}], [{8}, {1, 7}, {5, 6}, {3, 4}, {2}]]",1,8 K_1^3 - 26 K_1^2 - 16 K_1 K_2 + 2 K_1 + 13 K_2 + 6 K_3 + 14,O1O2O3U2O4U5U4O6U7U3O5U1U6O8O7U8,O1O2U3O4O5U1O6O3U6O7U4U7U2O8U5U8,O1O2U3O4O5U1O6O3U7U4O7U6U8U5O8U2,c,{'O1O2O3U4O5O4U6U3O7U1U5O6U8U7O8U2'},1,"<a href=""/flatknot/8.975833"">8.975833</a>",t^9-50t^7-138t^6-14t^5+162t^4+57t^3-36t^2-21t,t^2-2t,,
8.975834,O1O2O3U4O5O4U6U3O7U1U7O6U8U2O8U5,4,12z^2+97z+147,12w^3z^2+97w^2z+147w,False,False,"[[ 0 -2  1  0  1  2 -2  1 -1],[ 2  0  1  0  2  2  0  1  1],[-1 -1  0  1 -1  0 -2  0 -1],[ 0  0 -1  0  0 -1  0  0  0],[-1 -2  1  0  0  2 -3  1 -2],[-2 -2  0  1 -2  0 -2  0 -2],[ 2  0  2  0  3  2  0  1  1],[-1 -1  0  0 -1  0 -1  0 -1],[ 1 -1  1  0  2  2 -1  1  0]]","[[ 0  2  1  1  0 -2 -2],[-2  0  0 -2  1 -2 -2],[-1  0  0 -1  1 -1 -2],[-1  2  1  0  0 -2 -3],[ 0 -1 -1  0  0  0  0],[ 2  2  1  2  0  0  0],[ 2  2  2  3  0  0  0]]",False,"[-2,-1,-1,0,2,2,0,2,-1,2,2,1,-1,1,2,0,2,3,0,0,0]","[-2,-2,0,1,1,2,0,0,1,2,2,0,2,3,2,-1,0,-1,-1,0,2]",t^6+33t^4+41t^2+9,"[-2,-2,0,1,1,2,0,2,0,1,2,2,1,2,2,1,2,3,-1,-1,1]","[-2,-1,-1,0,2,2,-1,1,3,2,2,1,1,0,1,2,1,2,2,2,0]","[-2,-2,0,1,1,2,0,0,1,2,2,0,2,3,2,-1,0,-1,-1,0,2]",c,"[[{8, 2}, {3, 7}, {4, 6}, {1, 5}], [{8, 2}, {4, 7}, {3, 6}, {1, 5}], [{8, 2}, {6, 7}, {1, 5}, {3, 4}], [{8, 7}, {2, 6}, {1, 5}, {3, 4}], [{8, 7}, {3, 6}, {1, 5}, {2, 4}], [{8, 7}, {4, 6}, {1, 5}, {2, 3}]]",1,4 K_1^3 - 26 K_1^2 - 20 K_1 K_2 + 7 K_1 + 13 K_2 + 9 K_3 + 14,O1O2O3U4O5U2U5O6U7U3O7U1U6O8O4U8,O1O2U3O4O3U1O5O6U5O7U4U6U2O8U7U8,O1O2U3O4O5U4O6O3U7U8O7U6U1U5O8U2,c,{'O1O2O3U4O5O4U6U3O7U1U7O6U8U2O8U5'},1,"<a href=""/flatknot/8.975834"">8.975834</a>",t^7-35t^5-46t^4+76t^3+18t^2-31t+8,t^2-2t,,
8.975835,O1O2O3U4O5O4U6U3O7U1U7O6U8U5O8U2,4,4z^3+43z^2+116z+93,4w^4z^3+43w^3z^2+116w^2z+93w,False,False,"[[ 0 -2  1  0  1  2 -2  1 -1],[ 2  0  2  0  2  1  0  1  1],[-1 -2  0  0  0  1 -2  0 -2],[ 0  0  0  0  0 -1  0  0 -1],[-1 -2  0  0  0  2 -3  1 -1],[-2 -1 -1  1 -2  0 -2  0 -2],[ 2  0  2  0  3  2  0  1  1],[-1 -1  0  0 -1  0 -1  0 -1],[ 1 -1  2  1  1  2 -1  1  0]]","[[ 0  2  1  1  1  0 -1 -2 -2],[-2  0  0 -1 -2  1 -2 -1 -2],[-1  0  0  0 -1  0 -1 -1 -1],[-1  1  0  0  0  0 -2 -2 -2],[-1  2  1  0  0  0 -1 -2 -3],[ 0 -1  0  0  0  0 -1  0  0],[ 1  2  1  2  1  1  0 -1 -1],[ 2  1  1  2  2  0  1  0  0],[ 2  2  1  2  3  0  1  0  0]]",True,"[-2,-1,-1,-1,0,1,2,2,0,1,2,-1,2,1,2,0,1,0,1,1,1,0,0,2,2,2,0,1,2,3,1,0,0,1,1,0]","[-2,-2,-1,0,1,1,1,2,0,0,2,0,1,2,2,0,2,1,1,2,3,0,1,0,1,1,1,1,1,3,0,-1,-1,0,0,1]",t^8+48t^6+141t^4+73t^2+1,"[-2,-2,-1,0,1,1,1,2,0,0,2,0,1,2,2,0,2,1,1,2,3,0,1,0,1,1,1,1,1,3,0,-1,-1,0,0,1]","[-2,-1,-1,-1,0,1,2,2,-1,0,1,3,1,2,3,0,1,1,1,0,1,0,1,0,1,1,1,1,2,2,0,2,2,0,0,0]","[-2,-2,-1,0,1,1,1,2,0,1,0,1,2,2,1,1,0,1,2,3,2,1,1,2,1,2,0,0,0,-1,0,-1,0,0,1,2]",c,"[[{8, 2}, {3, 7}, {4, 6}, {1, 5}], [{8, 2}, {4, 7}, {3, 6}, {1, 5}], [{8, 2}, {6, 7}, {1, 5}, {3, 4}], [{8}, {6, 7}, {1, 5}, {3, 4}, {2}]]",1,20 K_1^3 - 6 K_1^2 - 20 K_1 K_2 - 5 K_1 + 3 K_2 + 5 K_3 + 4,O1O2O3U2O4U5U4O6U7U3O7U1U6O8O5U8,O1O2U3O4O3U1O5O6U5O7U4U7U2O8U6U8,O1O2U3O4O5U4O6O3U7U1O7U6U8U5O8U2,c,{'O1O2O3U4O5O4U6U3O7U1U7O6U8U5O8U2'},1,"<a href=""/flatknot/8.975835"">8.975835</a>",t^9-50t^7-112t^6+92t^5+268t^4-41t^3-144t^2-18t+4,t^2-2t,,
8.975836,O1O2O3U4O5O4U6U3O7U1U8O6U2U7O8U5,3,19z^2+82z+89,-4w^4z^2+23w^3z^2+82w^2z+89w,False,False,"[[ 0 -2  0  0  1  2 -2  2 -1],[ 2  0  0  0  2  2  1  1  1],[ 0  0  0  1  0  1 -1  0  0],[ 0  0 -1  0  0 -1  0 -1  1],[-1 -2  0  0  0  2 -3  2 -2],[-2 -2 -1  1 -2  0 -2  0 -2],[ 2 -1  1  0  3  2  0  2  1],[-2 -1  0  1 -2  0 -2  0 -2],[ 1 -1  0 -1  2  2 -1  2  0]]","[[ 0  2  2  1  0  0 -1 -2 -2],[-2  0  0 -2  1  0 -2 -1 -2],[-2  0  0 -2  1 -1 -2 -2 -2],[-1  2  2  0  0  0 -2 -2 -3],[ 0 -1 -1  0  0 -1  1  0  0],[ 0  0  1  0  1  0  0  0 -1],[ 1  2  2  2 -1  0  0 -1 -1],[ 2  1  2  2  0  0  1  0  1],[ 2  2  2  3  0  1  1 -1  0]]",True,"[-2,-2,-1,0,0,1,2,2,0,2,-1,0,2,1,2,2,-1,1,2,2,2,0,0,2,2,3,1,-1,0,0,0,0,1,1,1,-1]","[-2,-2,-1,0,0,1,2,2,-1,0,2,2,1,2,3,0,1,2,0,2,2,1,2,0,1,1,-1,1,1,2,1,3,3,-1,-1,0]",t^8+55t^6+216t^4+180t^2,"[-2,-2,-1,0,0,1,2,2,-1,0,2,2,1,2,3,0,1,2,0,2,2,1,2,0,1,1,-1,1,1,2,1,3,3,-1,-1,0]","[-2,-2,-1,0,0,1,2,2,0,-1,1,3,1,2,2,-1,2,3,1,2,3,1,1,0,0,1,1,1,1,2,2,2,2,0,0,-1]","[-2,-2,-1,0,0,1,2,2,-1,1,0,1,3,2,2,1,0,0,2,1,2,-1,0,2,2,2,-1,0,-1,-1,0,0,1,2,2,0]",c,"[[{8, 4}, {1, 7}, {5, 6}, {2, 3}], [{8, 4}, {2, 7}, {5, 6}, {1, 3}], [{8, 4}, {3, 7}, {5, 6}, {1, 2}]]",1,12 K_1^3 - 20 K_1^2 - 16 K_1 K_2 - K_1 + 10 K_2 + 5 K_3 + 11,O1O2O3U4O5U6U2O7U5U3O6U1U7O8O4U8,O1O2U3O4O5U1O6O3U5O7U4U6U2O8U7U8,O1O2U3O4O5U1O6O3U7U8O7U6U2U5O8U4,c,{'O1O2O3U4O5O4U6U3O7U1U8O6U2U7O8U5'},1,"<a href=""/flatknot/8.975836"">8.975836</a>",t^9-55t^7-192t^6-26t^5+560t^4+365t^3-342t^2-132t-8,0,,
8.975837,O1O2O3U4O5O4U6U3O7U1U8O6U5U7O8U2,4,3z^3+32z^2+108z+113,3w^4z^3+32w^3z^2+108w^2z+113w,False,False,"[[ 0 -2  1  0  1  1 -2  2 -1],[ 2  0  2  0  2  0  1  1  1],[-1 -2  0  0  0  0 -2  1 -2],[ 0  0  0  0  0 -1  0  0  0],[-1 -2  0  0  0  1 -3  1 -1],[-1  0  0  1 -1  0 -1  0 -1],[ 2 -1  2  0  3  1  0  2  1],[-2 -1 -1  0 -1  0 -2  0 -2],[ 1 -1  2  0  1  1 -1  2  0]]","[[ 0  2  1  1  1  0 -1 -2 -2],[-2  0  0 -1 -1  0 -2 -1 -2],[-1  0  0  0 -1  1 -1  0 -1],[-1  1  0  0  0  0 -2 -2 -2],[-1  1  1  0  0  0 -1 -2 -3],[ 0  0 -1  0  0  0  0  0  0],[ 1  2  1  2  1  0  0 -1 -1],[ 2  1  0  2  2  0  1  0  1],[ 2  2  1  2  3  0  1 -1  0]]",True,"[-2,-1,-1,-1,0,1,2,2,0,1,1,0,2,1,2,0,1,-1,1,0,1,0,0,2,2,2,0,1,2,3,0,0,0,1,1,-1]","[-2,-2,-1,0,1,1,1,2,-1,0,2,1,1,3,3,0,2,0,1,2,2,1,1,0,1,1,1,1,2,2,0,-1,0,0,0,1]",t^8+44t^6+118t^4+59t^2+4,"[-2,-2,-1,0,1,1,1,2,-1,0,2,1,1,3,3,0,2,0,1,2,2,1,1,0,1,1,1,1,2,2,0,-1,0,0,0,1]","[-2,-1,-1,-1,0,1,2,2,0,0,1,2,1,2,3,0,0,1,0,1,1,1,1,1,0,1,2,1,2,3,1,2,2,0,0,-1]","[-2,-2,-1,0,1,1,1,2,-1,1,0,1,2,3,2,1,0,0,2,2,1,0,1,2,1,2,-1,0,0,0,0,-1,0,0,1,1]",c,"[[{8, 4}, {1, 7}, {2, 6}, {3, 5}], [{8, 4}, {1, 7}, {3, 6}, {2, 5}], [{8, 4}, {1, 7}, {5, 6}, {2, 3}], [{8, 7}, {2, 6}, {3, 5}, {1, 4}]]",1,16 K_1^3 - 18 K_1^2 - 16 K_1 K_2 - 4 K_1 + 9 K_2 + 4 K_3 + 10,O1O2O3U2O4U5U6O7U4U3O5U1U7O8O6U8,O1O2U3O4O5U1O6O3U5O7U4U7U2O8U6U8,O1O2U3O4O5U1O6O3U7U2O7U6U8U5O8U4,c,{'O1O2O3U4O5O4U6U3O7U1U8O6U5U7O8U2'},1,"<a href=""/flatknot/8.975837"">8.975837</a>",t^9-46t^7-120t^6+5t^5+224t^4+141t^3-32t^2-46t-10,t^2-2t,,
8.975838,O1O2O3U4O5O4U6U3O7U1U8O6U7U2O8U5,4,3z^3+34z^2+94z+77,3w^4z^3+34w^3z^2+94w^2z+77w,False,False,"[[ 0 -2  1  0  1  2 -2  1 -1],[ 2  0  1  0  2  2  1  0  1],[-1 -1  0  1 -1  0 -1 -1 -1],[ 0  0 -1  0  0 -1  0 -1  1],[-1 -2  1  0  0  2 -3  1 -2],[-2 -2  0  1 -2  0 -2  0 -2],[ 2 -1  1  0  3  2  0  1  1],[-1  0  1  1 -1  0 -1  0 -1],[ 1 -1  1 -1  2  2 -1  1  0]]","[[ 0  2  1  1  1  0 -1 -2 -2],[-2  0  0  0 -2  1 -2 -2 -2],[-1  0  0  1 -1  1 -1  0 -1],[-1  0 -1  0 -1  1 -1 -1 -1],[-1  2  1  1  0  0 -2 -2 -3],[ 0 -1 -1 -1  0  0  1  0  0],[ 1  2  1  1  2 -1  0 -1 -1],[ 2  2  0  1  2  0  1  0  1],[ 2  2  1  1  3  0  1 -1  0]]",True,"[-2,-1,-1,-1,0,1,2,2,0,0,2,-1,2,2,2,-1,1,-1,1,0,1,1,-1,1,1,1,0,2,2,3,-1,0,0,1,1,-1]","[-2,-2,-1,0,1,1,1,2,-1,0,2,1,2,3,2,0,2,0,2,2,2,2,0,1,1,1,1,2,2,3,-1,-1,-1,1,1,1]",t^8+48t^6+195t^4+138t^2+9,"[-2,-2,-1,0,1,1,1,2,-1,0,2,1,2,3,2,0,2,0,2,2,2,2,0,1,1,1,1,2,2,3,-1,-1,-1,1,1,1]","[-2,-1,-1,-1,0,1,2,2,-1,1,1,3,1,2,2,1,1,1,0,0,1,-1,2,1,2,2,2,1,2,3,2,2,2,0,0,-1]","[-2,-2,-1,0,1,1,1,2,-1,1,0,1,1,3,2,1,0,0,1,2,2,-1,1,1,2,2,-1,-1,0,-1,1,-1,0,-1,0,2]",c,"[[{8, 4}, {1, 7}, {5, 6}, {2, 3}], [{8, 4}, {2, 7}, {5, 6}, {1, 3}], [{8, 4}, {3, 7}, {5, 6}, {1, 2}]]",1,8 K_1^3 - 10 K_1^2 - 8 K_1 K_2 - 2 K_1 + 5 K_2 + 2 K_3 + 6,O1O2O3U4O5U2U6O7U5U3O6U1U7O8O4U8,O1O2U3O4O5U1O3O6U5O7U4U6U2O8U7U8,O1O2U3O4O5U2O6O3U7U8O7U6U1U5O8U4,c,{'O1O2O3U4O5O4U6U3O7U1U8O6U7U2O8U5'},1,"<a href=""/flatknot/8.975838"">8.975838</a>",t^9-50t^7-164t^6-20t^5+500t^4+563t^3+64t^2-87t-2,t^2-2t,,
8.975839,O1O2O3U4O5O4U6U3O7U1U8O6U7U5O8U2,4,z^3+21z^2+103z+131,w^4z^3+21w^3z^2+103w^2z+131w,False,False,"[[ 0 -2  1  0  1  2 -2  1 -1],[ 2  0  2  0  2  1  1  0  1],[-1 -2  0  0  0  1 -2  0 -2],[ 0  0  0  0  0 -1  0 -1  0],[-1 -2  0  0  0  2 -3  1 -1],[-2 -1 -1  1 -2  0 -1 -1 -2],[ 2 -1  2  0  3  1  0  1  1],[-1  0  0  1 -1  1 -1  0 -1],[ 1 -1  2  0  1  2 -1  1  0]]","[[ 0  2  1  1  1  0 -1 -2 -2],[-2  0 -1 -1 -2  1 -2 -1 -1],[-1  1  0  0  0  0 -2 -2 -2],[-1  1  0  0 -1  1 -1  0 -1],[-1  2  0  1  0  0 -1 -2 -3],[ 0 -1  0 -1  0  0  0  0  0],[ 1  2  2  1  1  0  0 -1 -1],[ 2  1  2  0  2  0  1  0  1],[ 2  1  2  1  3  0  1 -1  0]]",True,"[-2,-1,-1,-1,0,1,2,2,1,1,2,-1,2,1,1,0,0,0,2,2,2,1,-1,1,0,1,0,1,2,3,0,0,0,1,1,-1]","[-2,-2,-1,0,1,1,1,2,-1,0,2,1,1,3,3,0,2,0,1,2,3,1,1,0,1,1,1,1,2,3,0,-1,-1,0,0,0]",t^8+46t^6+182t^4+116t^2+16,"[-2,-2,-1,0,1,1,1,2,-1,0,2,1,1,3,3,0,2,0,1,2,3,1,1,0,1,1,1,1,2,3,0,-1,-1,0,0,0]","[-2,-1,-1,-1,0,1,2,2,-1,0,0,3,1,3,3,0,1,1,1,0,1,0,1,0,1,1,2,1,2,3,1,2,2,0,0,-1]","[-2,-2,-1,0,1,1,1,2,-1,1,0,1,2,3,1,1,0,0,2,2,1,0,1,2,1,2,-1,0,0,-1,0,-1,1,0,1,2]",c,"[[{8, 1}, {2, 7}, {3, 6}, {4, 5}], [{8, 1}, {2, 7}, {4, 6}, {3, 5}], [{8, 1}, {2, 7}, {5, 6}, {3, 4}], [{8, 1}, {3, 7}, {2, 6}, {4, 5}], [{8, 1}, {3, 7}, {4, 6}, {2, 5}], [{8, 1}, {3, 7}, {5, 6}, {2, 4}], [{8, 1}, {3, 7}, {5, 6}, {4}, {2}], [{8, 1}, {4, 7}, {2, 6}, {3, 5}], [{8, 1}, {4, 7}, {3, 6}, {2, 5}], [{8, 1}, {4, 7}, {5, 6}, {2, 3}], [{8, 1}, {4, 7}, {6}, {3, 5}, {2}], [{8, 1}, {5, 7}, {2, 6}, {3, 4}], [{8, 1}, {5, 7}, {3, 6}, {2, 4}], [{8, 1}, {5, 7}, {4, 6}, {2, 3}], [{8, 1}, {6, 7}, {2, 5}, {3, 4}], [{8, 1}, {6, 7}, {3, 5}, {2, 4}], [{8, 1}, {6, 7}, {4, 5}, {2, 3}], [{8, 1}, {7}, {6}, {4, 5}, {2, 3}], [{8, 2}, {1, 7}, {3, 6}, {4, 5}], [{8, 2}, {1, 7}, {4, 6}, {3, 5}], [{8, 2}, {1, 7}, {5, 6}, {3, 4}], [{8, 2}, {1, 7}, {6}, {4, 5}, {3}], [{8, 2}, {3, 7}, {1, 6}, {4, 5}], [{8, 2}, {3, 7}, {1, 6}, {5}, {4}], [{8, 2}, {3, 7}, {4, 6}, {1, 5}], [{8, 2}, {3, 7}, {5, 6}, {1, 4}], [{8, 2}, {3, 7}, {5, 6}, {4}, {1}], [{8, 2}, {3, 7}, {6}, {1, 5}, {4}], [{8, 2}, {4, 7}, {1, 6}, {3, 5}], [{8, 2}, {4, 7}, {3, 6}, {1, 5}], [{8, 2}, {4, 7}, {5, 6}, {1, 3}], [{8, 2}, {4, 7}, {6}, {5}, {1, 3}], [{8, 2}, {5, 7}, {1, 6}, {3, 4}], [{8, 2}, {5, 7}, {3, 6}, {1, 4}], [{8, 2}, {5, 7}, {4, 6}, {1, 3}], [{8, 2}, {6, 7}, {1, 5}, {3, 4}], [{8, 2}, {6, 7}, {3, 5}, {1, 4}], [{8, 2}, {6, 7}, {4, 5}, {1, 3}], [{8, 2}, {6, 7}, {4, 5}, {3}, {1}], [{8, 2}, {7}, {1, 6}, {4, 5}, {3}], [{8, 2}, {7}, {3, 6}, {5}, {1, 4}], [{8, 3}, {1, 7}, {2, 6}, {4, 5}], [{8, 3}, {1, 7}, {4, 6}, {2, 5}], [{8, 3}, {1, 7}, {5, 6}, {2, 4}], [{8, 3}, {2, 7}, {1, 6}, {4, 5}], [{8, 3}, {2, 7}, {4, 6}, {1, 5}], [{8, 3}, {2, 7}, {5, 6}, {1, 4}], [{8, 3}, {2, 7}, {6}, {1, 5}, {4}], [{8, 3}, {4, 7}, {1, 6}, {2, 5}], [{8, 3}, {4, 7}, {1, 6}, {5}, {2}], [{8, 3}, {4, 7}, {2, 6}, {1, 5}], [{8, 3}, {4, 7}, {5, 6}, {1, 2}], [{8, 3}, {5, 7}, {1, 6}, {2, 4}], [{8, 3}, {5, 7}, {2, 6}, {1, 4}], [{8, 3}, {5, 7}, {4, 6}, {1, 2}], [{8, 3}, {6, 7}, {1, 5}, {2, 4}], [{8, 3}, {6, 7}, {2, 5}, {1, 4}], [{8, 3}, {6, 7}, {2, 5}, {4}, {1}], [{8, 3}, {6, 7}, {4, 5}, {1, 2}], [{8, 3}, {7}, {2, 6}, {4, 5}, {1}], [{8, 3}, {7}, {6}, {2, 5}, {1, 4}], [{8, 4}, {1, 7}, {2, 6}, {3, 5}], [{8, 4}, {1, 7}, {3, 6}, {2, 5}], [{8, 4}, {1, 7}, {5, 6}, {2, 3}], [{8, 4}, {2, 7}, {1, 6}, {3, 5}], [{8, 4}, {2, 7}, {1, 6}, {5}, {3}], [{8, 4}, {2, 7}, {3, 6}, {1, 5}], [{8, 4}, {2, 7}, {3, 6}, {5}, {1}], [{8, 4}, {2, 7}, {5, 6}, {1, 3}], [{8, 4}, {2, 7}, {6}, {5}, {1, 3}], [{8, 4}, {3, 7}, {1, 6}, {2, 5}], [{8, 4}, {3, 7}, {2, 6}, {1, 5}], [{8, 4}, {3, 7}, {2, 6}, {5}, {1}], [{8, 4}, {3, 7}, {5, 6}, {1, 2}], [{8, 4}, {3, 7}, {5, 6}, {2}, {1}], [{8, 4}, {3, 7}, {6}, {2, 5}, {1}], [{8, 4}, {5, 7}, {1, 6}, {2, 3}], [{8, 4}, {5, 7}, {2, 6}, {1, 3}], [{8, 4}, {5, 7}, {3, 6}, {1, 2}], [{8, 4}, {6, 7}, {1, 5}, {2, 3}], [{8, 4}, {6, 7}, {2, 5}, {1, 3}], [{8, 4}, {6, 7}, {3, 5}, {1, 2}], [{8, 4}, {6, 7}, {3, 5}, {2}, {1}], [{8, 5}, {1, 7}, {2, 6}, {3, 4}], [{8, 5}, {1, 7}, {3, 6}, {2, 4}], [{8, 5}, {1, 7}, {4, 6}, {2, 3}], [{8, 5}, {1, 7}, {6}, {2, 4}, {3}], [{8, 5}, {2, 7}, {1, 6}, {3, 4}], [{8, 5}, {2, 7}, {3, 6}, {1, 4}], [{8, 5}, {2, 7}, {4, 6}, {1, 3}], [{8, 5}, {3, 7}, {1, 6}, {2, 4}], [{8, 5}, {3, 7}, {2, 6}, {1, 4}], [{8, 5}, {3, 7}, {4, 6}, {1, 2}], [{8, 5}, {3, 7}, {4, 6}, {2}, {1}], [{8, 5}, {4, 7}, {1, 6}, {2, 3}], [{8, 5}, {4, 7}, {2, 6}, {1, 3}], [{8, 5}, {4, 7}, {3, 6}, {1, 2}], [{8, 5}, {6, 7}, {1, 4}, {2, 3}], [{8, 5}, {6, 7}, {2, 4}, {1, 3}], [{8, 5}, {6, 7}, {3, 4}, {1, 2}], [{8, 5}, {7}, {3, 6}, {4}, {1, 2}], [{8, 5}, {7}, {4, 6}, {3}, {1, 2}], [{8, 5}, {7}, {6}, {3, 4}, {1, 2}], [{8, 6}, {1, 7}, {2, 5}, {3, 4}], [{8, 6}, {1, 7}, {2, 5}, {4}, {3}], [{8, 6}, {1, 7}, {3, 5}, {2, 4}], [{8, 6}, {1, 7}, {3, 5}, {4}, {2}], [{8, 6}, {1, 7}, {4, 5}, {2, 3}], [{8, 6}, {1, 7}, {4, 5}, {3}, {2}], [{8, 6}, {1, 7}, {5}, {2, 4}, {3}], [{8, 6}, {1, 7}, {5}, {3, 4}, {2}], [{8, 6}, {1, 7}, {5}, {4}, {2, 3}], [{8, 6}, {1, 7}, {5}, {4}, {3}, {2}], [{8, 6}, {2, 7}, {1, 5}, {3, 4}], [{8, 6}, {2, 7}, {1, 5}, {4}, {3}], [{8, 6}, {2, 7}, {3, 5}, {1, 4}], [{8, 6}, {2, 7}, {4, 5}, {1, 3}], [{8, 6}, {3, 7}, {1, 5}, {2, 4}], [{8, 6}, {3, 7}, {1, 5}, {4}, {2}], [{8, 6}, {3, 7}, {2, 5}, {1, 4}], [{8, 6}, {3, 7}, {4, 5}, {1, 2}], [{8, 6}, {4, 7}, {1, 5}, {2, 3}], [{8, 6}, {4, 7}, {1, 5}, {3}, {2}], [{8, 6}, {4, 7}, {2, 5}, {1, 3}], [{8, 6}, {4, 7}, {3, 5}, {1, 2}], [{8, 6}, {5, 7}, {1, 4}, {2, 3}], [{8, 6}, {5, 7}, {1, 4}, {3}, {2}], [{8, 6}, {5, 7}, {2, 4}, {1, 3}], [{8, 6}, {5, 7}, {2, 4}, {3}, {1}], [{8, 6}, {5, 7}, {3, 4}, {1, 2}], [{8, 6}, {5, 7}, {3, 4}, {2}, {1}], [{8, 6}, {5, 7}, {4}, {1, 3}, {2}], [{8, 6}, {5, 7}, {4}, {2, 3}, {1}], [{8, 6}, {5, 7}, {4}, {3}, {1, 2}], [{8, 6}, {5, 7}, {4}, {3}, {2}, {1}], [{8, 6}, {7}, {1, 5}, {2, 4}, {3}], [{8, 6}, {7}, {1, 5}, {3, 4}, {2}], [{8, 6}, {7}, {1, 5}, {4}, {2, 3}], [{8, 6}, {7}, {1, 5}, {4}, {3}, {2}], [{8, 7}, {1, 6}, {2, 5}, {3, 4}], [{8, 7}, {1, 6}, {3, 5}, {2, 4}], [{8, 7}, {1, 6}, {4, 5}, {2, 3}], [{8, 7}, {1, 6}, {5}, {2, 4}, {3}], [{8, 7}, {2, 6}, {1, 5}, {3, 4}], [{8, 7}, {2, 6}, {3, 5}, {1, 4}], [{8, 7}, {2, 6}, {4, 5}, {1, 3}], [{8, 7}, {2, 6}, {5}, {1, 4}, {3}], [{8, 7}, {3, 6}, {1, 5}, {2, 4}], [{8, 7}, {3, 6}, {2, 5}, {1, 4}], [{8, 7}, {3, 6}, {4, 5}, {1, 2}], [{8, 7}, {4, 6}, {1, 5}, {2, 3}], [{8, 7}, {4, 6}, {2, 5}, {1, 3}], [{8, 7}, {4, 6}, {3, 5}, {1, 2}], [{8, 7}, {4, 6}, {3, 5}, {2}, {1}], [{8, 7}, {5, 6}, {1, 4}, {2, 3}], [{8, 7}, {5, 6}, {2, 4}, {1, 3}], [{8, 7}, {5, 6}, {3, 4}, {1, 2}], [{8, 7}, {6}, {1, 5}, {3, 4}, {2}], [{8}, {1, 7}, {2, 6}, {4, 5}, {3}], [{8}, {1, 7}, {5, 6}, {2, 4}, {3}], [{8}, {2, 7}, {3, 6}, {1, 5}, {4}], [{8}, {2, 7}, {5, 6}, {1, 4}, {3}], [{8}, {3, 7}, {2, 6}, {1, 5}, {4}], [{8}, {3, 7}, {4, 6}, {5}, {1, 2}], [{8}, {3, 7}, {5, 6}, {1, 4}, {2}], [{8}, {3, 7}, {5, 6}, {2, 4}, {1}], [{8}, {3, 7}, {5, 6}, {4}, {1, 2}], [{8}, {3, 7}, {6}, {4, 5}, {1, 2}], [{8}, {4, 7}, {2, 6}, {3, 5}, {1}], [{8}, {4, 7}, {3, 6}, {5}, {1, 2}], [{8}, {6, 7}, {1, 5}, {3, 4}, {2}], [{8}, {7}, {5, 6}, {1, 4}, {2, 3}], [{8}, {7}, {5, 6}, {2, 4}, {1, 3}]]",2,8 K_1^3 - 26 K_1^2 - 8 K_1 K_2 - 2 K_1 + 13 K_2 + 2 K_3 + 14,O1O2O3U2O4U5U6O7U4U3O6U1U7O8O5U8,O1O2U3O4O5U1O3O6U5O7U4U7U2O8U6U8,O1O2U3O4O5U2O6O3U7U1O7U6U8U5O8U4,c,{'O1O2O3U4O5O4U6U3O7U1U8O6U7U5O8U2'},1,"<a href=""/flatknot/8.975839"">8.975839</a>",t^9-48t^7-122t^6+61t^5+360t^4+164t^3-134t^2-92t-6,t^2-2t,,
8.975840,O1O2O3U4O5O4U6U3O7U2U1O6U8U5O8U7,4,4z^3+40z^2+105z+83,4w^4z^3+40w^3z^2+105w^2z+83w,False,False,"[[ 0 -1 -1  0  1  2 -2  2 -1],[ 1  0  0  0  1  1 -1  2  0],[ 1  0  0  0  1  0  0  1  0],[ 0  0  0  0  0 -1  0  0 -1],[-1 -1 -1  0  0  2 -3  1 -1],[-2 -1  0  1 -2  0 -2 -1 -2],[ 2  1  0  0  3  2  0  2  1],[-2 -2 -1  0 -1  1 -2  0 -2],[ 1  0  0  1  1  2 -1  2  0]]","[[ 0  2  2  1  0 -1 -1 -1 -2],[-2  0  1 -1  0 -1 -2 -2 -2],[-2 -1  0 -2  1  0 -1 -2 -2],[-1  1  2  0  0 -1 -1 -1 -3],[ 0  0 -1  0  0  0  0 -1  0],[ 1  1  0  1  0  0  0  0  0],[ 1  2  1  1  0  0  0  0 -1],[ 1  2  2  1  1  0  0  0 -1],[ 2  2  2  3  0  0  1  1  0]]",True,"[-2,-2,-1,0,1,1,1,2,-1,1,0,1,2,2,2,2,-1,0,1,2,2,0,1,1,1,3,0,0,1,0,0,0,0,0,1,1]","[-2,-2,-1,0,1,1,1,2,-1,-1,3,1,2,3,2,0,2,1,1,2,2,1,1,1,1,0,0,1,1,2,0,0,0,0,0,1]",t^8+44t^6+135t^4+85t^2+4,"[-2,-1,-1,-1,0,1,2,2,0,0,1,2,0,2,2,0,0,0,1,1,1,0,1,1,1,2,1,1,2,3,1,2,3,0,-1,-1]","[-2,-2,-1,0,1,1,1,2,-1,-1,3,1,2,3,2,0,2,1,1,2,2,1,1,1,1,0,0,1,1,2,0,0,0,0,0,1]","[-2,-1,-1,-1,0,1,2,2,0,1,1,0,3,2,2,0,0,0,1,0,1,0,0,1,1,2,1,1,2,2,0,-1,0,2,1,-1]",c,"[[{8, 1}, {2, 7}, {3, 6}, {4, 5}], [{8, 1}, {2, 7}, {4, 6}, {3, 5}], [{8, 1}, {2, 7}, {5, 6}, {3, 4}], [{8, 1}, {2, 7}, {6}, {3, 5}, {4}], [{8, 1}, {3, 7}, {2, 6}, {4, 5}], [{8, 1}, {3, 7}, {4, 6}, {2, 5}], [{8, 1}, {3, 7}, {5, 6}, {2, 4}], [{8, 1}, {4, 7}, {2, 6}, {3, 5}], [{8, 1}, {4, 7}, {3, 6}, {2, 5}], [{8, 1}, {4, 7}, {5, 6}, {2, 3}], [{8, 1}, {4, 7}, {5, 6}, {3}, {2}], [{8, 1}, {5, 7}, {2, 6}, {3, 4}], [{8, 1}, {5, 7}, {3, 6}, {2, 4}], [{8, 1}, {5, 7}, {4, 6}, {2, 3}], [{8, 1}, {5, 7}, {4, 6}, {3}, {2}], [{8, 1}, {6, 7}, {2, 5}, {3, 4}], [{8, 1}, {6, 7}, {3, 5}, {2, 4}], [{8, 1}, {6, 7}, {4, 5}, {2, 3}], [{8, 1}, {7}, {3, 6}, {5}, {2, 4}], [{8, 2}, {1, 7}, {3, 6}, {4, 5}], [{8, 2}, {1, 7}, {4, 6}, {3, 5}], [{8, 2}, {1, 7}, {5, 6}, {3, 4}], [{8, 2}, {1, 7}, {6}, {3, 5}, {4}], [{8, 2}, {3, 7}, {1, 6}, {4, 5}], [{8, 2}, {3, 7}, {4, 6}, {1, 5}], [{8, 2}, {3, 7}, {5, 6}, {1, 4}], [{8, 2}, {4, 7}, {1, 6}, {3, 5}], [{8, 2}, {4, 7}, {3, 6}, {1, 5}], [{8, 2}, {4, 7}, {5, 6}, {1, 3}], [{8, 2}, {5, 7}, {1, 6}, {3, 4}], [{8, 2}, {5, 7}, {3, 6}, {1, 4}], [{8, 2}, {5, 7}, {4, 6}, {1, 3}], [{8, 2}, {6, 7}, {1, 5}, {3, 4}], [{8, 2}, {6, 7}, {3, 5}, {1, 4}], [{8, 2}, {6, 7}, {4, 5}, {1, 3}], [{8, 2}, {7}, {1, 6}, {5}, {3, 4}], [{8, 2}, {7}, {3, 6}, {5}, {1, 4}], [{8, 2}, {7}, {4, 6}, {5}, {1, 3}], [{8, 3}, {1, 7}, {2, 6}, {4, 5}], [{8, 3}, {1, 7}, {2, 6}, {5}, {4}], [{8, 3}, {1, 7}, {4, 6}, {2, 5}], [{8, 3}, {1, 7}, {5, 6}, {2, 4}], [{8, 3}, {2, 7}, {1, 6}, {4, 5}], [{8, 3}, {2, 7}, {4, 6}, {1, 5}], [{8, 3}, {2, 7}, {4, 6}, {5}, {1}], [{8, 3}, {2, 7}, {5, 6}, {1, 4}], [{8, 3}, {2, 7}, {5, 6}, {4}, {1}], [{8, 3}, {2, 7}, {6}, {4, 5}, {1}], [{8, 3}, {4, 7}, {1, 6}, {2, 5}], [{8, 3}, {4, 7}, {1, 6}, {5}, {2}], [{8, 3}, {4, 7}, {2, 6}, {1, 5}], [{8, 3}, {4, 7}, {2, 6}, {5}, {1}], [{8, 3}, {4, 7}, {5, 6}, {1, 2}], [{8, 3}, {4, 7}, {5, 6}, {2}, {1}], [{8, 3}, {4, 7}, {6}, {1, 5}, {2}], [{8, 3}, {4, 7}, {6}, {2, 5}, {1}], [{8, 3}, {4, 7}, {6}, {5}, {1, 2}], [{8, 3}, {4, 7}, {6}, {5}, {2}, {1}], [{8, 3}, {5, 7}, {1, 6}, {2, 4}], [{8, 3}, {5, 7}, {2, 6}, {1, 4}], [{8, 3}, {5, 7}, {2, 6}, {4}, {1}], [{8, 3}, {5, 7}, {4, 6}, {1, 2}], [{8, 3}, {5, 7}, {4, 6}, {2}, {1}], [{8, 3}, {5, 7}, {6}, {2, 4}, {1}], [{8, 3}, {6, 7}, {1, 5}, {2, 4}], [{8, 3}, {6, 7}, {2, 5}, {1, 4}], [{8, 3}, {6, 7}, {2, 5}, {4}, {1}], [{8, 3}, {6, 7}, {4, 5}, {1, 2}], [{8, 3}, {6, 7}, {4, 5}, {2}, {1}], [{8, 3}, {6, 7}, {5}, {2, 4}, {1}], [{8, 3}, {7}, {2, 6}, {1, 5}, {4}], [{8, 3}, {7}, {2, 6}, {4, 5}, {1}], [{8, 3}, {7}, {2, 6}, {5}, {1, 4}], [{8, 3}, {7}, {2, 6}, {5}, {4}, {1}], [{8, 3}, {7}, {4, 6}, {2, 5}, {1}], [{8, 3}, {7}, {5, 6}, {2, 4}, {1}], [{8, 4}, {1, 7}, {2, 6}, {3, 5}], [{8, 4}, {1, 7}, {3, 6}, {2, 5}], [{8, 4}, {1, 7}, {5, 6}, {2, 3}], [{8, 4}, {1, 7}, {5, 6}, {3}, {2}], [{8, 4}, {1, 7}, {6}, {5}, {2, 3}], [{8, 4}, {2, 7}, {1, 6}, {3, 5}], [{8, 4}, {2, 7}, {3, 6}, {1, 5}], [{8, 4}, {2, 7}, {5, 6}, {1, 3}], [{8, 4}, {2, 7}, {5, 6}, {3}, {1}], [{8, 4}, {2, 7}, {6}, {5}, {1, 3}], [{8, 4}, {3, 7}, {1, 6}, {2, 5}], [{8, 4}, {3, 7}, {1, 6}, {5}, {2}], [{8, 4}, {3, 7}, {2, 6}, {1, 5}], [{8, 4}, {3, 7}, {2, 6}, {5}, {1}], [{8, 4}, {3, 7}, {5, 6}, {1, 2}], [{8, 4}, {3, 7}, {5, 6}, {2}, {1}], [{8, 4}, {3, 7}, {6}, {1, 5}, {2}], [{8, 4}, {3, 7}, {6}, {2, 5}, {1}], [{8, 4}, {3, 7}, {6}, {5}, {1, 2}], [{8, 4}, {3, 7}, {6}, {5}, {2}, {1}], [{8, 4}, {5, 7}, {1, 6}, {2, 3}], [{8, 4}, {5, 7}, {2, 6}, {1, 3}], [{8, 4}, {5, 7}, {3, 6}, {1, 2}], [{8, 4}, {5, 7}, {6}, {3}, {1, 2}], [{8, 4}, {6, 7}, {1, 5}, {2, 3}], [{8, 4}, {6, 7}, {1, 5}, {3}, {2}], [{8, 4}, {6, 7}, {2, 5}, {1, 3}], [{8, 4}, {6, 7}, {2, 5}, {3}, {1}], [{8, 4}, {6, 7}, {3, 5}, {1, 2}], [{8, 4}, {6, 7}, {5}, {3}, {1, 2}], [{8, 4}, {7}, {3, 6}, {1, 5}, {2}], [{8, 4}, {7}, {3, 6}, {2, 5}, {1}], [{8, 4}, {7}, {3, 6}, {5}, {1, 2}], [{8, 4}, {7}, {5, 6}, {1, 3}, {2}], [{8, 4}, {7}, {5, 6}, {2, 3}, {1}], [{8, 4}, {7}, {5, 6}, {3}, {1, 2}], [{8, 4}, {7}, {6}, {3, 5}, {1, 2}], [{8, 4}, {7}, {6}, {5}, {3}, {1, 2}], [{8, 5}, {1, 7}, {2, 6}, {3, 4}], [{8, 5}, {1, 7}, {2, 6}, {4}, {3}], [{8, 5}, {1, 7}, {3, 6}, {2, 4}], [{8, 5}, {1, 7}, {4, 6}, {2, 3}], [{8, 5}, {2, 7}, {1, 6}, {3, 4}], [{8, 5}, {2, 7}, {1, 6}, {4}, {3}], [{8, 5}, {2, 7}, {3, 6}, {1, 4}], [{8, 5}, {2, 7}, {4, 6}, {1, 3}], [{8, 5}, {2, 7}, {4, 6}, {3}, {1}], [{8, 5}, {2, 7}, {6}, {1, 4}, {3}], [{8, 5}, {3, 7}, {1, 6}, {2, 4}], [{8, 5}, {3, 7}, {2, 6}, {1, 4}], [{8, 5}, {3, 7}, {4, 6}, {1, 2}], [{8, 5}, {4, 7}, {1, 6}, {2, 3}], [{8, 5}, {4, 7}, {2, 6}, {1, 3}], [{8, 5}, {4, 7}, {3, 6}, {1, 2}], [{8, 5}, {6, 7}, {1, 4}, {2, 3}], [{8, 5}, {6, 7}, {2, 4}, {1, 3}], [{8, 5}, {6, 7}, {3, 4}, {1, 2}], [{8, 5}, {7}, {1, 6}, {3, 4}, {2}], [{8, 6}, {1, 7}, {2, 5}, {3, 4}], [{8, 6}, {1, 7}, {3, 5}, {2, 4}], [{8, 6}, {1, 7}, {3, 5}, {4}, {2}], [{8, 6}, {1, 7}, {4, 5}, {2, 3}], [{8, 6}, {2, 7}, {1, 5}, {3, 4}], [{8, 6}, {2, 7}, {3, 5}, {1, 4}], [{8, 6}, {2, 7}, {4, 5}, {1, 3}], [{8, 6}, {3, 7}, {1, 5}, {2, 4}], [{8, 6}, {3, 7}, {2, 5}, {1, 4}], [{8, 6}, {3, 7}, {4, 5}, {1, 2}], [{8, 6}, {4, 7}, {1, 5}, {2, 3}], [{8, 6}, {4, 7}, {1, 5}, {3}, {2}], [{8, 6}, {4, 7}, {2, 5}, {1, 3}], [{8, 6}, {4, 7}, {3, 5}, {1, 2}], [{8, 6}, {5, 7}, {1, 4}, {2, 3}], [{8, 6}, {5, 7}, {2, 4}, {1, 3}], [{8, 6}, {5, 7}, {3, 4}, {1, 2}], [{8, 6}, {7}, {2, 5}, {4}, {1, 3}], [{8, 6}, {7}, {5}, {1, 4}, {2, 3}], [{8, 7}, {1, 6}, {2, 5}, {3, 4}], [{8, 7}, {1, 6}, {3, 5}, {2, 4}], [{8, 7}, {1, 6}, {4, 5}, {2, 3}], [{8, 7}, {1, 6}, {5}, {3, 4}, {2}], [{8, 7}, {2, 6}, {1, 5}, {3, 4}], [{8, 7}, {2, 6}, {3, 5}, {1, 4}], [{8, 7}, {2, 6}, {4, 5}, {1, 3}], [{8, 7}, {2, 6}, {5}, {3, 4}, {1}], [{8, 7}, {3, 6}, {1, 5}, {2, 4}], [{8, 7}, {3, 6}, {1, 5}, {4}, {2}], [{8, 7}, {3, 6}, {2, 5}, {1, 4}], [{8, 7}, {3, 6}, {4, 5}, {1, 2}], [{8, 7}, {3, 6}, {5}, {2, 4}, {1}], [{8, 7}, {4, 6}, {1, 5}, {2, 3}], [{8, 7}, {4, 6}, {2, 5}, {1, 3}], [{8, 7}, {4, 6}, {3, 5}, {1, 2}], [{8, 7}, {5, 6}, {1, 4}, {2, 3}], [{8, 7}, {5, 6}, {2, 4}, {1, 3}], [{8, 7}, {5, 6}, {3, 4}, {1, 2}], [{8, 7}, {5, 6}, {4}, {1, 3}, {2}], [{8, 7}, {6}, {1, 5}, {2, 4}, {3}], [{8, 7}, {6}, {2, 5}, {1, 4}, {3}], [{8, 7}, {6}, {5}, {3, 4}, {1, 2}], [{8}, {1, 7}, {2, 6}, {3, 5}, {4}], [{8}, {1, 7}, {3, 6}, {2, 5}, {4}], [{8}, {1, 7}, {3, 6}, {4, 5}, {2}], [{8}, {1, 7}, {3, 6}, {5}, {2, 4}], [{8}, {1, 7}, {4, 6}, {2, 5}, {3}], [{8}, {1, 7}, {6}, {2, 5}, {3, 4}], [{8}, {2, 7}, {1, 6}, {5}, {3, 4}], [{8}, {2, 7}, {4, 6}, {3, 5}, {1}], [{8}, {2, 7}, {5, 6}, {3, 4}, {1}], [{8}, {2, 7}, {6}, {1, 5}, {3, 4}], [{8}, {4, 7}, {3, 6}, {1, 5}, {2}], [{8}, {4, 7}, {5, 6}, {1, 3}, {2}], [{8}, {5, 7}, {1, 6}, {3, 4}, {2}], [{8}, {5, 7}, {4, 6}, {1, 3}, {2}], [{8}, {6, 7}, {2, 5}, {3, 4}, {1}], [{8}, {7}, {1, 6}, {2, 5}, {3, 4}], [{8}, {7}, {1, 6}, {5}, {3, 4}, {2}]]",2,4 K_1^3 - 2 K_1^2 - 8 K_1 K_2 + K_1 + K_2 + 3 K_3 + 2,O1O2O3U4O5U6U5O7U3U2O4U1U7O8O6U8,O1O2U3O4O5U1O6O7U6O3U5U4U2O8U7U8,O1O2U3O4O5U6O7O3U8U1O8U7U5U4O6U2,c,{'O1O2O3U4O5O4U6U3O7U2U1O6U8U5O8U7'},1,"<a href=""/flatknot/8.975840"">8.975840</a>",t^9-42t^7-114t^6+16t^5+240t^4+112t^3-30t^2-13t+2,-t^2+2t,,
8.975841,O1O2O3U4O5O4U6U3O7U2U1O6U8U7O8U5,4,5z^3+37z^2+107z+107,5w^4z^3+37w^3z^2+107w^2z+107w,False,False,"[[ 0 -1 -1  0  1  2 -2  2 -1],[ 1  0  0  0  1  2 -1  1  0],[ 1  0  0  0  1  1  0  0  0],[ 0  0  0  0  0 -1  0 -1  0],[-1 -1 -1  0  0  2 -3  2 -2],[-2 -2 -1  1 -2  0 -1  0 -3],[ 2  1  0  0  3  1  0  2  2],[-2 -1  0  1 -2  0 -2  0 -2],[ 1  0  0  0  2  3 -2  2  0]]","[[ 0  2  2  1  0 -1 -1 -1 -2],[-2  0  0 -2  1  0 -1 -2 -2],[-2  0  0 -2  1 -1 -2 -3 -1],[-1  2  2  0  0 -1 -1 -2 -3],[ 0 -1 -1  0  0  0  0  0  0],[ 1  0  1  1  0  0  0  0  0],[ 1  1  2  1  0  0  0  0 -1],[ 1  2  3  2  0  0  0  0 -2],[ 2  2  1  3  0  0  1  2  0]]",True,"[-2,-2,-1,0,1,1,1,2,0,2,-1,0,1,2,2,2,-1,1,2,3,1,0,1,1,2,3,0,0,0,0,0,0,0,0,1,2]","[-2,-2,-1,0,1,1,1,2,0,-1,3,0,1,2,3,-1,3,1,2,3,2,1,0,1,1,0,1,1,1,2,0,0,-1,0,0,1]",t^8+54t^6+145t^4+86t^2+1,"[-2,-1,-1,-1,0,1,2,2,-1,0,1,2,0,2,3,0,0,1,0,1,0,0,1,1,2,1,1,1,3,2,1,3,3,-1,-1,0]","[-2,-2,-1,0,1,1,1,2,0,-1,3,0,1,2,3,-1,3,1,2,3,2,1,0,1,1,0,1,1,1,2,0,0,-1,0,0,1]","[-2,-1,-1,-1,0,1,2,2,0,1,2,0,3,1,2,0,0,0,1,1,0,0,0,1,2,1,0,2,3,2,0,-1,-1,2,2,0]",c,"[[{8, 1}, {2, 7}, {3, 6}, {4, 5}], [{8, 1}, {2, 7}, {4, 6}, {3, 5}], [{8, 1}, {2, 7}, {5, 6}, {3, 4}], [{8, 1}, {2, 7}, {6}, {4, 5}, {3}], [{8, 1}, {3, 7}, {2, 6}, {4, 5}], [{8, 1}, {3, 7}, {4, 6}, {2, 5}], [{8, 1}, {3, 7}, {5, 6}, {2, 4}], [{8, 1}, {4, 7}, {2, 6}, {3, 5}], [{8, 1}, {4, 7}, {3, 6}, {2, 5}], [{8, 1}, {4, 7}, {5, 6}, {2, 3}], [{8, 1}, {5, 7}, {2, 6}, {3, 4}], [{8, 1}, {5, 7}, {3, 6}, {2, 4}], [{8, 1}, {5, 7}, {4, 6}, {2, 3}], [{8, 1}, {5, 7}, {6}, {2, 4}, {3}], [{8, 1}, {6, 7}, {2, 5}, {3, 4}], [{8, 1}, {6, 7}, {3, 5}, {2, 4}], [{8, 1}, {6, 7}, {4, 5}, {2, 3}], [{8, 1}, {7}, {4, 6}, {3, 5}, {2}], [{8, 2}, {1, 7}, {3, 6}, {4, 5}], [{8, 2}, {1, 7}, {3, 6}, {5}, {4}], [{8, 2}, {1, 7}, {4, 6}, {3, 5}], [{8, 2}, {1, 7}, {5, 6}, {3, 4}], [{8, 2}, {3, 7}, {1, 6}, {4, 5}], [{8, 2}, {3, 7}, {4, 6}, {1, 5}], [{8, 2}, {3, 7}, {5, 6}, {1, 4}], [{8, 2}, {4, 7}, {1, 6}, {3, 5}], [{8, 2}, {4, 7}, {3, 6}, {1, 5}], [{8, 2}, {4, 7}, {5, 6}, {1, 3}], [{8, 2}, {5, 7}, {1, 6}, {3, 4}], [{8, 2}, {5, 7}, {3, 6}, {1, 4}], [{8, 2}, {5, 7}, {4, 6}, {1, 3}], [{8, 2}, {6, 7}, {1, 5}, {3, 4}], [{8, 2}, {6, 7}, {3, 5}, {1, 4}], [{8, 2}, {6, 7}, {4, 5}, {1, 3}], [{8, 2}, {7}, {5, 6}, {1, 4}, {3}], [{8, 2}, {7}, {5, 6}, {3, 4}, {1}], [{8, 2}, {7}, {5, 6}, {4}, {1, 3}], [{8, 3}, {1, 7}, {2, 6}, {4, 5}], [{8, 3}, {1, 7}, {2, 6}, {5}, {4}], [{8, 3}, {1, 7}, {4, 6}, {2, 5}], [{8, 3}, {1, 7}, {4, 6}, {5}, {2}], [{8, 3}, {1, 7}, {5, 6}, {2, 4}], [{8, 3}, {1, 7}, {5, 6}, {4}, {2}], [{8, 3}, {1, 7}, {6}, {2, 5}, {4}], [{8, 3}, {1, 7}, {6}, {4, 5}, {2}], [{8, 3}, {1, 7}, {6}, {5}, {2, 4}], [{8, 3}, {2, 7}, {1, 6}, {4, 5}], [{8, 3}, {2, 7}, {1, 6}, {5}, {4}], [{8, 3}, {2, 7}, {4, 6}, {1, 5}], [{8, 3}, {2, 7}, {4, 6}, {5}, {1}], [{8, 3}, {2, 7}, {5, 6}, {1, 4}], [{8, 3}, {2, 7}, {6}, {5}, {1, 4}], [{8, 3}, {4, 7}, {1, 6}, {2, 5}], [{8, 3}, {4, 7}, {2, 6}, {1, 5}], [{8, 3}, {4, 7}, {5, 6}, {1, 2}], [{8, 3}, {5, 7}, {1, 6}, {2, 4}], [{8, 3}, {5, 7}, {2, 6}, {1, 4}], [{8, 3}, {5, 7}, {4, 6}, {1, 2}], [{8, 3}, {5, 7}, {4, 6}, {2}, {1}], [{8, 3}, {6, 7}, {1, 5}, {2, 4}], [{8, 3}, {6, 7}, {2, 5}, {1, 4}], [{8, 3}, {6, 7}, {4, 5}, {1, 2}], [{8, 3}, {7}, {2, 6}, {4, 5}, {1}], [{8, 3}, {7}, {4, 6}, {1, 5}, {2}], [{8, 3}, {7}, {4, 6}, {2, 5}, {1}], [{8, 3}, {7}, {4, 6}, {5}, {1, 2}], [{8, 3}, {7}, {4, 6}, {5}, {2}, {1}], [{8, 3}, {7}, {5, 6}, {2, 4}, {1}], [{8, 4}, {1, 7}, {2, 6}, {3, 5}], [{8, 4}, {1, 7}, {2, 6}, {5}, {3}], [{8, 4}, {1, 7}, {3, 6}, {2, 5}], [{8, 4}, {1, 7}, {5, 6}, {2, 3}], [{8, 4}, {2, 7}, {1, 6}, {3, 5}], [{8, 4}, {2, 7}, {1, 6}, {5}, {3}], [{8, 4}, {2, 7}, {3, 6}, {1, 5}], [{8, 4}, {2, 7}, {5, 6}, {1, 3}], [{8, 4}, {3, 7}, {1, 6}, {2, 5}], [{8, 4}, {3, 7}, {2, 6}, {1, 5}], [{8, 4}, {3, 7}, {5, 6}, {1, 2}], [{8, 4}, {3, 7}, {5, 6}, {2}, {1}], [{8, 4}, {5, 7}, {1, 6}, {2, 3}], [{8, 4}, {5, 7}, {2, 6}, {1, 3}], [{8, 4}, {5, 7}, {3, 6}, {1, 2}], [{8, 4}, {6, 7}, {1, 5}, {2, 3}], [{8, 4}, {6, 7}, {2, 5}, {1, 3}], [{8, 4}, {6, 7}, {3, 5}, {1, 2}], [{8, 4}, {7}, {1, 6}, {3, 5}, {2}], [{8, 4}, {7}, {3, 6}, {2, 5}, {1}], [{8, 5}, {1, 7}, {2, 6}, {3, 4}], [{8, 5}, {1, 7}, {3, 6}, {2, 4}], [{8, 5}, {1, 7}, {4, 6}, {2, 3}], [{8, 5}, {1, 7}, {6}, {2, 4}, {3}], [{8, 5}, {2, 7}, {1, 6}, {3, 4}], [{8, 5}, {2, 7}, {3, 6}, {1, 4}], [{8, 5}, {2, 7}, {4, 6}, {1, 3}], [{8, 5}, {2, 7}, {6}, {1, 4}, {3}], [{8, 5}, {2, 7}, {6}, {3, 4}, {1}], [{8, 5}, {2, 7}, {6}, {4}, {1, 3}], [{8, 5}, {3, 7}, {1, 6}, {2, 4}], [{8, 5}, {3, 7}, {2, 6}, {1, 4}], [{8, 5}, {3, 7}, {4, 6}, {1, 2}], [{8, 5}, {3, 7}, {6}, {2, 4}, {1}], [{8, 5}, {4, 7}, {1, 6}, {2, 3}], [{8, 5}, {4, 7}, {2, 6}, {1, 3}], [{8, 5}, {4, 7}, {3, 6}, {1, 2}], [{8, 5}, {4, 7}, {6}, {1, 3}, {2}], [{8, 5}, {6, 7}, {1, 4}, {2, 3}], [{8, 5}, {6, 7}, {2, 4}, {1, 3}], [{8, 5}, {6, 7}, {3, 4}, {1, 2}], [{8, 5}, {6, 7}, {4}, {1, 3}, {2}], [{8, 5}, {7}, {1, 6}, {4}, {2, 3}], [{8, 5}, {7}, {2, 6}, {4}, {1, 3}], [{8, 5}, {7}, {3, 6}, {4}, {1, 2}], [{8, 5}, {7}, {4, 6}, {1, 3}, {2}], [{8, 5}, {7}, {6}, {2, 4}, {1, 3}], [{8, 5}, {7}, {6}, {4}, {1, 3}, {2}], [{8, 6}, {1, 7}, {2, 5}, {3, 4}], [{8, 6}, {1, 7}, {3, 5}, {2, 4}], [{8, 6}, {1, 7}, {4, 5}, {2, 3}], [{8, 6}, {2, 7}, {1, 5}, {3, 4}], [{8, 6}, {2, 7}, {3, 5}, {1, 4}], [{8, 6}, {2, 7}, {4, 5}, {1, 3}], [{8, 6}, {2, 7}, {5}, {1, 4}, {3}], [{8, 6}, {3, 7}, {1, 5}, {2, 4}], [{8, 6}, {3, 7}, {2, 5}, {1, 4}], [{8, 6}, {3, 7}, {4, 5}, {1, 2}], [{8, 6}, {3, 7}, {4, 5}, {2}, {1}], [{8, 6}, {4, 7}, {1, 5}, {2, 3}], [{8, 6}, {4, 7}, {2, 5}, {1, 3}], [{8, 6}, {4, 7}, {3, 5}, {1, 2}], [{8, 6}, {5, 7}, {1, 4}, {2, 3}], [{8, 6}, {5, 7}, {2, 4}, {1, 3}], [{8, 6}, {5, 7}, {3, 4}, {1, 2}], [{8, 6}, {7}, {1, 5}, {3, 4}, {2}], [{8, 6}, {7}, {2, 5}, {4}, {1, 3}], [{8, 7}, {1, 6}, {2, 5}, {3, 4}], [{8, 7}, {1, 6}, {3, 5}, {2, 4}], [{8, 7}, {1, 6}, {3, 5}, {4}, {2}], [{8, 7}, {1, 6}, {4, 5}, {2, 3}], [{8, 7}, {2, 6}, {1, 5}, {3, 4}], [{8, 7}, {2, 6}, {3, 5}, {1, 4}], [{8, 7}, {2, 6}, {4, 5}, {1, 3}], [{8, 7}, {3, 6}, {1, 5}, {2, 4}], [{8, 7}, {3, 6}, {2, 5}, {1, 4}], [{8, 7}, {3, 6}, {4, 5}, {1, 2}], [{8, 7}, {4, 6}, {1, 5}, {2, 3}], [{8, 7}, {4, 6}, {2, 5}, {1, 3}], [{8, 7}, {4, 6}, {3, 5}, {1, 2}], [{8, 7}, {5, 6}, {1, 4}, {2, 3}], [{8, 7}, {5, 6}, {1, 4}, {3}, {2}], [{8, 7}, {5, 6}, {2, 4}, {1, 3}], [{8, 7}, {5, 6}, {3, 4}, {1, 2}], [{8, 7}, {5, 6}, {4}, {2, 3}, {1}], [{8}, {1, 7}, {2, 6}, {5}, {3, 4}], [{8}, {1, 7}, {6}, {3, 5}, {2, 4}], [{8}, {2, 7}, {1, 6}, {5}, {3, 4}], [{8}, {2, 7}, {3, 6}, {1, 5}, {4}], [{8}, {2, 7}, {3, 6}, {4, 5}, {1}], [{8}, {2, 7}, {3, 6}, {5}, {1, 4}], [{8}, {2, 7}, {5, 6}, {1, 4}, {3}], [{8}, {2, 7}, {6}, {3, 5}, {1, 4}], [{8}, {3, 7}, {2, 6}, {1, 5}, {4}], [{8}, {4, 7}, {1, 6}, {3, 5}, {2}], [{8}, {6, 7}, {3, 5}, {1, 4}, {2}], [{8}, {6, 7}, {5}, {2, 4}, {1, 3}], [{8}, {7}, {2, 6}, {3, 5}, {1, 4}]]",2,- 10 K_1^2 - 8 K_1 K_2 + 4 K_1 + 5 K_2 + 4 K_3 + 6,O1O2O3U4O5U6U5O7U3U2O6U1U7O8O4U8,O1O2U3O4O5U1O6O3U6O7U5U4U2O8U7U8,O1O2U3O4O5U1O6O3U7U8O7U6U5U4O8U2,c,{'O1O2O3U4O5O4U6U3O7U2U1O6U8U7O8U5'},1,"<a href=""/flatknot/8.975841"">8.975841</a>",t^9-52t^7-154t^6+46t^5+298t^4-41t^3-118t^2+20t,-t^2+2t,,
8.975842,O1O2O3U4O5O4U6U3O7U2U5O6U8U1O8U7,4,22z^2+107z+127,22w^3z^2+107w^2z+127w,False,False,"[[ 0  0 -1  0  1  1 -2  2 -1],[ 0  0  0  0  1  2 -3  1  0],[ 1  0  0  0  1  1 -1  1  1],[ 0  0  0  0  0  0 -1  0  0],[-1 -1 -1  0  0  1 -2  1 -2],[-1 -2 -1  0 -1  0 -1  0 -1],[ 2  3  1  1  2  1  0  2  1],[-2 -1 -1  0 -1  0 -2  0 -2],[ 1  0 -1  0  2  1 -1  2  0]]","[[ 0  2  1  1  0  0 -1 -1 -2],[-2  0  0 -1  0 -1 -1 -2 -2],[-1  0  0 -1  0 -2 -1 -1 -1],[-1  1  1  0  0 -1 -1 -2 -2],[ 0  0  0  0  0  0  0  0 -1],[ 0  1  2  1  0  0  0  0 -3],[ 1  1  1  1  0  0  0  1 -1],[ 1  2  1  2  0  0 -1  0 -1],[ 2  2  1  2  1  3  1  1  0]]",True,"[-2,-1,-1,0,0,1,1,2,0,1,0,1,1,2,2,1,0,2,1,1,1,0,1,1,2,2,0,0,0,1,0,0,3,-1,1,1]","[-2,-1,-1,0,0,1,1,2,0,0,-1,1,1,2,2,-1,1,1,1,1,2,1,1,0,1,1,0,0,-1,1,1,1,2,-1,0,1]",t^8+42t^6+166t^4+70t^2+1,"[-2,-1,-1,0,0,1,1,2,0,0,-1,1,1,2,2,-1,1,1,1,1,2,1,1,0,1,1,0,0,-1,1,1,1,2,-1,0,1]","[-2,-1,-1,0,0,1,1,2,0,1,1,2,1,2,2,1,0,1,0,1,1,-1,1,1,1,2,0,1,1,-1,1,1,1,-1,0,0]","[-2,-1,-1,0,0,1,1,2,1,1,1,3,1,2,2,-1,0,0,1,2,2,0,0,1,1,1,0,0,0,0,2,1,1,-1,0,1]",c,"[[{8, 1}, {2, 7}, {3, 6}, {4, 5}], [{8, 1}, {2, 7}, {4, 6}, {3, 5}], [{8, 1}, {2, 7}, {5, 6}, {3, 4}], [{8, 1}, {2, 7}, {6}, {5}, {3, 4}], [{8, 1}, {3, 7}, {2, 6}, {4, 5}], [{8, 1}, {3, 7}, {4, 6}, {2, 5}], [{8, 1}, {3, 7}, {5, 6}, {2, 4}], [{8, 1}, {4, 7}, {2, 6}, {3, 5}], [{8, 1}, {4, 7}, {3, 6}, {2, 5}], [{8, 1}, {4, 7}, {5, 6}, {2, 3}], [{8, 1}, {4, 7}, {6}, {3, 5}, {2}], [{8, 1}, {5, 7}, {2, 6}, {3, 4}], [{8, 1}, {5, 7}, {3, 6}, {2, 4}], [{8, 1}, {5, 7}, {4, 6}, {2, 3}], [{8, 1}, {6, 7}, {2, 5}, {3, 4}], [{8, 1}, {6, 7}, {3, 5}, {2, 4}], [{8, 1}, {6, 7}, {4, 5}, {2, 3}], [{8, 1}, {6, 7}, {5}, {2, 4}, {3}], [{8, 1}, {6, 7}, {5}, {3, 4}, {2}], [{8, 1}, {6, 7}, {5}, {4}, {2, 3}], [{8, 1}, {7}, {2, 6}, {5}, {3, 4}], [{8, 2}, {1, 7}, {3, 6}, {4, 5}], [{8, 2}, {1, 7}, {4, 6}, {3, 5}], [{8, 2}, {1, 7}, {5, 6}, {3, 4}], [{8, 2}, {3, 7}, {1, 6}, {4, 5}], [{8, 2}, {3, 7}, {4, 6}, {1, 5}], [{8, 2}, {3, 7}, {5, 6}, {1, 4}], [{8, 2}, {4, 7}, {1, 6}, {3, 5}], [{8, 2}, {4, 7}, {3, 6}, {1, 5}], [{8, 2}, {4, 7}, {5, 6}, {1, 3}], [{8, 2}, {5, 7}, {1, 6}, {3, 4}], [{8, 2}, {5, 7}, {1, 6}, {4}, {3}], [{8, 2}, {5, 7}, {3, 6}, {1, 4}], [{8, 2}, {5, 7}, {4, 6}, {1, 3}], [{8, 2}, {6, 7}, {1, 5}, {3, 4}], [{8, 2}, {6, 7}, {3, 5}, {1, 4}], [{8, 2}, {6, 7}, {4, 5}, {1, 3}], [{8, 2}, {7}, {3, 6}, {4, 5}, {1}], [{8, 2}, {7}, {5, 6}, {4}, {1, 3}], [{8, 3}, {1, 7}, {2, 6}, {4, 5}], [{8, 3}, {1, 7}, {4, 6}, {2, 5}], [{8, 3}, {1, 7}, {4, 6}, {5}, {2}], [{8, 3}, {1, 7}, {5, 6}, {2, 4}], [{8, 3}, {1, 7}, {5, 6}, {4}, {2}], [{8, 3}, {1, 7}, {6}, {4, 5}, {2}], [{8, 3}, {2, 7}, {1, 6}, {4, 5}], [{8, 3}, {2, 7}, {4, 6}, {1, 5}], [{8, 3}, {2, 7}, {5, 6}, {1, 4}], [{8, 3}, {4, 7}, {1, 6}, {2, 5}], [{8, 3}, {4, 7}, {2, 6}, {1, 5}], [{8, 3}, {4, 7}, {5, 6}, {1, 2}], [{8, 3}, {4, 7}, {6}, {1, 5}, {2}], [{8, 3}, {5, 7}, {1, 6}, {2, 4}], [{8, 3}, {5, 7}, {2, 6}, {1, 4}], [{8, 3}, {5, 7}, {4, 6}, {1, 2}], [{8, 3}, {6, 7}, {1, 5}, {2, 4}], [{8, 3}, {6, 7}, {2, 5}, {1, 4}], [{8, 3}, {6, 7}, {4, 5}, {1, 2}], [{8, 4}, {1, 7}, {2, 6}, {3, 5}], [{8, 4}, {1, 7}, {3, 6}, {2, 5}], [{8, 4}, {1, 7}, {5, 6}, {2, 3}], [{8, 4}, {1, 7}, {6}, {2, 5}, {3}], [{8, 4}, {2, 7}, {1, 6}, {3, 5}], [{8, 4}, {2, 7}, {3, 6}, {1, 5}], [{8, 4}, {2, 7}, {3, 6}, {5}, {1}], [{8, 4}, {2, 7}, {5, 6}, {1, 3}], [{8, 4}, {2, 7}, {6}, {1, 5}, {3}], [{8, 4}, {3, 7}, {1, 6}, {2, 5}], [{8, 4}, {3, 7}, {2, 6}, {1, 5}], [{8, 4}, {3, 7}, {2, 6}, {5}, {1}], [{8, 4}, {3, 7}, {5, 6}, {1, 2}], [{8, 4}, {3, 7}, {6}, {1, 5}, {2}], [{8, 4}, {5, 7}, {1, 6}, {2, 3}], [{8, 4}, {5, 7}, {2, 6}, {1, 3}], [{8, 4}, {5, 7}, {3, 6}, {1, 2}], [{8, 4}, {6, 7}, {1, 5}, {2, 3}], [{8, 4}, {6, 7}, {2, 5}, {1, 3}], [{8, 4}, {6, 7}, {2, 5}, {3}, {1}], [{8, 4}, {6, 7}, {3, 5}, {1, 2}], [{8, 4}, {7}, {1, 6}, {2, 5}, {3}], [{8, 4}, {7}, {5, 6}, {1, 3}, {2}], [{8, 4}, {7}, {6}, {1, 5}, {2, 3}], [{8, 5}, {1, 7}, {2, 6}, {3, 4}], [{8, 5}, {1, 7}, {3, 6}, {2, 4}], [{8, 5}, {1, 7}, {4, 6}, {2, 3}], [{8, 5}, {2, 7}, {1, 6}, {3, 4}], [{8, 5}, {2, 7}, {3, 6}, {1, 4}], [{8, 5}, {2, 7}, {4, 6}, {1, 3}], [{8, 5}, {2, 7}, {6}, {4}, {1, 3}], [{8, 5}, {3, 7}, {1, 6}, {2, 4}], [{8, 5}, {3, 7}, {1, 6}, {4}, {2}], [{8, 5}, {3, 7}, {2, 6}, {1, 4}], [{8, 5}, {3, 7}, {4, 6}, {1, 2}], [{8, 5}, {3, 7}, {6}, {2, 4}, {1}], [{8, 5}, {4, 7}, {1, 6}, {2, 3}], [{8, 5}, {4, 7}, {2, 6}, {1, 3}], [{8, 5}, {4, 7}, {3, 6}, {1, 2}], [{8, 5}, {6, 7}, {1, 4}, {2, 3}], [{8, 5}, {6, 7}, {2, 4}, {1, 3}], [{8, 5}, {6, 7}, {2, 4}, {3}, {1}], [{8, 5}, {6, 7}, {3, 4}, {1, 2}], [{8, 5}, {7}, {3, 6}, {1, 4}, {2}], [{8, 5}, {7}, {3, 6}, {2, 4}, {1}], [{8, 5}, {7}, {3, 6}, {4}, {1, 2}], [{8, 6}, {1, 7}, {2, 5}, {3, 4}], [{8, 6}, {1, 7}, {3, 5}, {2, 4}], [{8, 6}, {1, 7}, {4, 5}, {2, 3}], [{8, 6}, {1, 7}, {5}, {4}, {2, 3}], [{8, 6}, {2, 7}, {1, 5}, {3, 4}], [{8, 6}, {2, 7}, {1, 5}, {4}, {3}], [{8, 6}, {2, 7}, {3, 5}, {1, 4}], [{8, 6}, {2, 7}, {3, 5}, {4}, {1}], [{8, 6}, {2, 7}, {4, 5}, {1, 3}], [{8, 6}, {2, 7}, {5}, {4}, {1, 3}], [{8, 6}, {3, 7}, {1, 5}, {2, 4}], [{8, 6}, {3, 7}, {1, 5}, {4}, {2}], [{8, 6}, {3, 7}, {2, 5}, {1, 4}], [{8, 6}, {3, 7}, {4, 5}, {1, 2}], [{8, 6}, {4, 7}, {1, 5}, {2, 3}], [{8, 6}, {4, 7}, {1, 5}, {3}, {2}], [{8, 6}, {4, 7}, {2, 5}, {1, 3}], [{8, 6}, {4, 7}, {3, 5}, {1, 2}], [{8, 6}, {5, 7}, {1, 4}, {2, 3}], [{8, 6}, {5, 7}, {2, 4}, {1, 3}], [{8, 6}, {5, 7}, {3, 4}, {1, 2}], [{8, 6}, {5, 7}, {4}, {2, 3}, {1}], [{8, 6}, {7}, {1, 5}, {2, 4}, {3}], [{8, 6}, {7}, {1, 5}, {3, 4}, {2}], [{8, 6}, {7}, {1, 5}, {4}, {2, 3}], [{8, 6}, {7}, {1, 5}, {4}, {3}, {2}], [{8, 7}, {1, 6}, {2, 5}, {3, 4}], [{8, 7}, {1, 6}, {3, 5}, {2, 4}], [{8, 7}, {1, 6}, {4, 5}, {2, 3}], [{8, 7}, {1, 6}, {4, 5}, {3}, {2}], [{8, 7}, {2, 6}, {1, 5}, {3, 4}], [{8, 7}, {2, 6}, {3, 5}, {1, 4}], [{8, 7}, {2, 6}, {4, 5}, {1, 3}], [{8, 7}, {2, 6}, {5}, {4}, {1, 3}], [{8, 7}, {3, 6}, {1, 5}, {2, 4}], [{8, 7}, {3, 6}, {2, 5}, {1, 4}], [{8, 7}, {3, 6}, {4, 5}, {1, 2}], [{8, 7}, {3, 6}, {5}, {1, 4}, {2}], [{8, 7}, {3, 6}, {5}, {2, 4}, {1}], [{8, 7}, {3, 6}, {5}, {4}, {1, 2}], [{8, 7}, {4, 6}, {1, 5}, {2, 3}], [{8, 7}, {4, 6}, {2, 5}, {1, 3}], [{8, 7}, {4, 6}, {3, 5}, {1, 2}], [{8, 7}, {4, 6}, {5}, {2, 3}, {1}], [{8, 7}, {5, 6}, {1, 4}, {2, 3}], [{8, 7}, {5, 6}, {2, 4}, {1, 3}], [{8, 7}, {5, 6}, {3, 4}, {1, 2}], [{8, 7}, {5, 6}, {4}, {1, 3}, {2}], [{8, 7}, {5, 6}, {4}, {2, 3}, {1}], [{8, 7}, {5, 6}, {4}, {3}, {1, 2}], [{8, 7}, {6}, {1, 5}, {2, 4}, {3}], [{8, 7}, {6}, {2, 5}, {4}, {1, 3}], [{8, 7}, {6}, {3, 5}, {4}, {1, 2}], [{8, 7}, {6}, {4, 5}, {2, 3}, {1}], [{8}, {2, 7}, {4, 6}, {1, 5}, {3}], [{8}, {2, 7}, {5, 6}, {1, 4}, {3}], [{8}, {2, 7}, {5, 6}, {3, 4}, {1}], [{8}, {2, 7}, {5, 6}, {4}, {1, 3}], [{8}, {3, 7}, {4, 6}, {1, 5}, {2}], [{8}, {3, 7}, {4, 6}, {2, 5}, {1}], [{8}, {3, 7}, {4, 6}, {5}, {1, 2}], [{8}, {3, 7}, {5, 6}, {1, 4}, {2}], [{8}, {4, 7}, {3, 6}, {1, 5}, {2}], [{8}, {4, 7}, {5, 6}, {1, 3}, {2}], [{8}, {5, 7}, {3, 6}, {1, 4}, {2}], [{8}, {5, 7}, {3, 6}, {2, 4}, {1}], [{8}, {5, 7}, {3, 6}, {4}, {1, 2}], [{8}, {5, 7}, {4, 6}, {1, 3}, {2}], [{8}, {6, 7}, {1, 5}, {2, 4}, {3}], [{8}, {6, 7}, {3, 5}, {1, 4}, {2}], [{8}, {6, 7}, {4, 5}, {1, 3}, {2}], [{8}, {7}, {4, 6}, {1, 5}, {2, 3}], [{8}, {7}, {5, 6}, {1, 4}, {2, 3}], [{8}, {7}, {5, 6}, {2, 4}, {1, 3}]]",2,4 K_1^3 - 16 K_1^2 - 8 K_1 K_2 + K_1 + 8 K_2 + 3 K_3 + 9,O1O2O3U4O5U3U5O6U7U2O4U1U6O8O7U8,O1O2U3O4O5U1O6O7U6O3U7U4U2O8U5U8,O1O2U3O4O5U6O7O3U8U4O8U7U5U1O6U2,c,{'O1O2O3U4O5O4U6U3O7U2U5O6U8U1O8U7'},1,"<a href=""/flatknot/8.975842"">8.975842</a>",t^9-42t^7-114t^6+16t^5+242t^4+121t^3-64t^2-25t-8,0,,
8.975843,O1O2O3U4O5O4U6U3O7U2U7O6U8U1O8U5,3,18z^2+101z+131,18w^3z^2+101w^2z+131w,False,False,"[[ 0  0 -1  0  1  2 -2  1 -1],[ 0  0  0  1  0  1 -2  1  0],[ 1  0  0  0  1  1 -1  1  1],[ 0 -1  0  0  0 -1  0  0  0],[-1  0 -1  0  0  2 -3  1 -2],[-2 -1 -1  1 -2  0 -2  0 -2],[ 2  2  1  0  3  2  0  1  1],[-1 -1 -1  0 -1  0 -1  0 -1],[ 1  0 -1  0  2  2 -1  1  0]]","[[ 0  2  1  1  0  0 -1 -1 -2],[-2  0  0 -2  1 -1 -1 -2 -2],[-1  0  0 -1  0 -1 -1 -1 -1],[-1  2  1  0  0  0 -1 -2 -3],[ 0 -1  0  0  0 -1  0  0  0],[ 0  1  1  0  1  0  0  0 -2],[ 1  1  1  1  0  0  0  1 -1],[ 1  2  1  2  0  0 -1  0 -1],[ 2  2  1  3  0  2  1  1  0]]",True,"[-2,-1,-1,0,0,1,1,2,0,2,-1,1,1,2,2,1,0,1,1,1,1,0,0,1,2,3,1,0,0,0,0,0,2,-1,1,1]","[-2,-1,-1,0,0,1,1,2,-1,1,1,3,1,2,2,1,1,1,0,1,0,0,1,1,1,2,1,1,1,0,1,1,2,-1,0,0]",t^8+42t^6+144t^4+72t^2,"[-2,-1,-1,0,0,1,1,2,0,0,0,2,0,2,2,-1,1,1,1,1,2,1,1,0,1,1,-1,1,0,1,1,1,3,-1,-1,1]","[-2,-1,-1,0,0,1,1,2,-1,1,1,3,1,2,2,1,1,1,0,1,0,0,1,1,1,2,1,1,1,0,1,1,2,-1,0,0]","[-2,-1,-1,0,0,1,1,2,1,1,0,2,1,3,2,-1,0,0,1,2,2,0,0,1,1,1,-1,0,0,-1,1,0,1,-1,0,2]",c,"[[{8, 1}, {4, 7}, {3, 6}, {2, 5}], [{8, 4}, {1, 7}, {3, 6}, {2, 5}], [{8, 4}, {2, 7}, {5, 6}, {1, 3}], [{8, 4}, {2, 7}, {5, 6}, {3}, {1}], [{8, 4}, {5, 7}, {3, 6}, {1, 2}], [{8, 5}, {1, 7}, {3, 6}, {2, 4}]]",1,8 K_1^3 - 24 K_1^2 - 12 K_1 K_2 + 12 K_2 + 4 K_3 + 13,O1O2O3U4O5U3U5O6U7U2O7U1U6O8O4U8,O1O2U3O4O3U1O5O6U5O7U6U4U2O8U7U8,O1O2U3O4O5U4O6O3U7U8O7U6U5U1O8U2,c,{'O1O2O3U4O5O4U6U3O7U2U7O6U8U1O8U5'},1,"<a href=""/flatknot/8.975843"">8.975843</a>",t^9-42t^7-116t^6+4t^5+260t^4+160t^3-56t^2-16t,0,,
8.975844,O1O2O3U4O5O4U6U3O7U2U8O6U1U5O8U7,4,12z^2+97z+147,12w^3z^2+97w^2z+147w,False,False,"[[ 0 -1 -1  0  1  2 -2  2 -1],[ 1  0  1  1  1  2 -1  1  1],[ 1 -1  0  0  1  0  0  1  1],[ 0 -1  0  0  0 -1  0  0  0],[-1 -1 -1  0  0  2 -3  1 -1],[-2 -2  0  1 -2  0 -2 -1 -1],[ 2  1  0  0  3  2  0  3  0],[-2 -1 -1  0 -1  1 -3  0 -2],[ 1 -1 -1  0  1  1  0  2  0]]","[[ 0  2  2  1  0 -1 -1 -1 -2],[-2  0  1 -1  0 -1 -1 -2 -3],[-2 -1  0 -2  1  0 -2 -1 -2],[-1  1  2  0  0 -1 -1 -1 -3],[ 0  0 -1  0  0  0 -1  0  0],[ 1  1  0  1  0  0 -1  1  0],[ 1  1  2  1  1  1  0  1 -1],[ 1  2  1  1  0 -1 -1  0  0],[ 2  3  2  3  0  0  1  0  0]]",True,"[-2,-2,-1,0,1,1,1,2,-1,1,0,1,1,2,3,2,-1,0,2,1,2,0,1,1,1,3,0,1,0,0,1,-1,0,-1,1,0]","[-2,-2,-1,0,1,1,1,2,-1,-1,3,1,2,3,2,0,2,2,1,2,1,1,1,1,1,0,0,1,1,2,1,1,0,-1,1,1]",t^8+48t^6+288t^4+208t^2,"[-2,-1,-1,-1,0,1,2,2,0,1,1,2,0,1,2,-1,-1,0,1,2,1,-1,1,1,2,3,1,1,1,2,1,2,3,0,-1,-1]","[-2,-2,-1,0,1,1,1,2,-1,-1,3,1,2,3,2,0,2,2,1,2,1,1,1,1,1,0,0,1,1,2,1,1,0,-1,1,1]","[-2,-1,-1,-1,0,1,2,2,0,0,1,0,3,2,3,-1,-1,0,1,1,2,-1,0,1,0,1,1,1,2,1,0,-1,0,2,1,-1]",c,"[[{8, 5}, {2, 7}, {1, 6}, {3, 4}], [{8, 7}, {1, 6}, {2, 5}, {3, 4}]]",1,4 K_1^3 - 30 K_1^2 - 8 K_1 K_2 + K_1 + 15 K_2 + 3 K_3 + 16,O1O2O3U4O5U6U3O7U5U2O4U1U7O8O6U8,O1O2U3O4O5U1O6O7U5O3U6U4U2O8U7U8,O1O2U3O4O5U6O7O3U8U1O8U7U5U2O6U4,c,{'O1O2O3U4O5O4U6U3O7U2U8O6U1U5O8U7'},1,"<a href=""/flatknot/8.975844"">8.975844</a>",t^9-46t^7-122t^6+33t^5+318t^4+149t^3-162t^2-148t-50,-t^2+2t,,
8.975845,O1O2O3U4O5O4U6U3O7U2U8O6U1U7O8U5,4,z^3+16z^2+82z+109,w^4z^3+16w^3z^2+82w^2z+109w,False,False,"[[ 0 -1 -1  0  1  2 -2  2 -1],[ 1  0  1  1  1  2 -1  1  1],[ 1 -1  0  0  1  1  0  0  1],[ 0 -1  0  0  0 -1  0 -1  1],[-1 -1 -1  0  0  2 -3  2 -2],[-2 -2 -1  1 -2  0 -2  0 -2],[ 2  1  0  0  3  2  0  2  1],[-2 -1  0  1 -2  0 -2  0 -2],[ 1 -1 -1 -1  2  2 -1  2  0]]","[[ 0  2  2  1  0 -1 -1 -1 -2],[-2  0  0 -2  1  0 -1 -2 -2],[-2  0  0 -2  1 -1 -2 -2 -2],[-1  2  2  0  0 -1 -1 -2 -3],[ 0 -1 -1  0  0  0 -1  1  0],[ 1  0  1  1  0  0 -1  1  0],[ 1  1  2  1  1  1  0  1 -1],[ 1  2  2  2 -1 -1 -1  0 -1],[ 2  2  2  3  0  0  1  1  0]]",True,"[-2,-2,-1,0,1,1,1,2,0,2,-1,0,1,2,2,2,-1,1,2,2,2,0,1,1,2,3,0,1,-1,0,1,-1,0,-1,1,1]","[-2,-2,-1,0,1,1,1,2,0,-1,3,1,1,2,2,-1,3,1,2,3,2,1,0,1,1,0,2,0,1,2,-1,-1,0,1,0,1]",t^8+54t^6+314t^4+169t^2+9,"[-2,-1,-1,-1,0,1,2,2,0,0,1,2,0,2,2,-1,-1,0,1,1,2,1,2,0,1,1,1,1,2,3,1,3,3,-1,-1,0]","[-2,-2,-1,0,1,1,1,2,0,-1,3,1,1,2,2,-1,3,1,2,3,2,1,0,1,1,0,2,0,1,2,-1,-1,0,1,0,1]","[-2,-1,-1,-1,0,1,2,2,0,1,1,0,3,2,2,-1,1,0,1,0,1,1,1,1,1,2,-1,2,2,2,0,-1,-1,2,2,0]",c,"[[{8, 1}, {2, 7}, {3, 6}, {4, 5}], [{8, 1}, {2, 7}, {3, 6}, {5}, {4}], [{8, 1}, {2, 7}, {4, 6}, {3, 5}], [{8, 1}, {2, 7}, {4, 6}, {5}, {3}], [{8, 1}, {2, 7}, {5, 6}, {3, 4}], [{8, 1}, {2, 7}, {6}, {5}, {3, 4}], [{8, 1}, {3, 7}, {2, 6}, {4, 5}], [{8, 1}, {3, 7}, {2, 6}, {5}, {4}], [{8, 1}, {3, 7}, {4, 6}, {2, 5}], [{8, 1}, {3, 7}, {4, 6}, {5}, {2}], [{8, 1}, {3, 7}, {5, 6}, {2, 4}], [{8, 1}, {3, 7}, {6}, {5}, {2, 4}], [{8, 1}, {4, 7}, {2, 6}, {3, 5}], [{8, 1}, {4, 7}, {3, 6}, {2, 5}], [{8, 1}, {4, 7}, {5, 6}, {2, 3}], [{8, 1}, {5, 7}, {2, 6}, {3, 4}], [{8, 1}, {5, 7}, {3, 6}, {2, 4}], [{8, 1}, {5, 7}, {4, 6}, {2, 3}], [{8, 1}, {5, 7}, {6}, {2, 4}, {3}], [{8, 1}, {6, 7}, {2, 5}, {3, 4}], [{8, 1}, {6, 7}, {3, 5}, {2, 4}], [{8, 1}, {6, 7}, {3, 5}, {4}, {2}], [{8, 1}, {6, 7}, {4, 5}, {2, 3}], [{8, 1}, {7}, {2, 6}, {4, 5}, {3}], [{8, 1}, {7}, {4, 6}, {5}, {2, 3}], [{8, 1}, {7}, {6}, {3, 5}, {2, 4}], [{8, 2}, {1, 7}, {3, 6}, {4, 5}], [{8, 2}, {1, 7}, {4, 6}, {3, 5}], [{8, 2}, {1, 7}, {5, 6}, {3, 4}], [{8, 2}, {3, 7}, {1, 6}, {4, 5}], [{8, 2}, {3, 7}, {4, 6}, {1, 5}], [{8, 2}, {3, 7}, {4, 6}, {5}, {1}], [{8, 2}, {3, 7}, {5, 6}, {1, 4}], [{8, 2}, {4, 7}, {1, 6}, {3, 5}], [{8, 2}, {4, 7}, {3, 6}, {1, 5}], [{8, 2}, {4, 7}, {5, 6}, {1, 3}], [{8, 2}, {5, 7}, {1, 6}, {3, 4}], [{8, 2}, {5, 7}, {3, 6}, {1, 4}], [{8, 2}, {5, 7}, {4, 6}, {1, 3}], [{8, 2}, {5, 7}, {4, 6}, {3}, {1}], [{8, 2}, {6, 7}, {1, 5}, {3, 4}], [{8, 2}, {6, 7}, {3, 5}, {1, 4}], [{8, 2}, {6, 7}, {4, 5}, {1, 3}], [{8, 2}, {7}, {3, 6}, {4, 5}, {1}], [{8, 2}, {7}, {4, 6}, {3, 5}, {1}], [{8, 2}, {7}, {5, 6}, {4}, {1, 3}], [{8, 2}, {7}, {6}, {1, 5}, {3, 4}], [{8, 3}, {1, 7}, {2, 6}, {4, 5}], [{8, 3}, {1, 7}, {4, 6}, {2, 5}], [{8, 3}, {1, 7}, {5, 6}, {2, 4}], [{8, 3}, {1, 7}, {6}, {2, 5}, {4}], [{8, 3}, {2, 7}, {1, 6}, {4, 5}], [{8, 3}, {2, 7}, {4, 6}, {1, 5}], [{8, 3}, {2, 7}, {4, 6}, {5}, {1}], [{8, 3}, {2, 7}, {5, 6}, {1, 4}], [{8, 3}, {2, 7}, {6}, {1, 5}, {4}], [{8, 3}, {4, 7}, {1, 6}, {2, 5}], [{8, 3}, {4, 7}, {2, 6}, {1, 5}], [{8, 3}, {4, 7}, {5, 6}, {1, 2}], [{8, 3}, {5, 7}, {1, 6}, {2, 4}], [{8, 3}, {5, 7}, {2, 6}, {1, 4}], [{8, 3}, {5, 7}, {4, 6}, {1, 2}], [{8, 3}, {5, 7}, {4, 6}, {2}, {1}], [{8, 3}, {6, 7}, {1, 5}, {2, 4}], [{8, 3}, {6, 7}, {2, 5}, {1, 4}], [{8, 3}, {6, 7}, {4, 5}, {1, 2}], [{8, 3}, {6, 7}, {4, 5}, {2}, {1}], [{8, 3}, {7}, {2, 6}, {5}, {1, 4}], [{8, 3}, {7}, {4, 6}, {2, 5}, {1}], [{8, 4}, {1, 7}, {2, 6}, {3, 5}], [{8, 4}, {1, 7}, {3, 6}, {2, 5}], [{8, 4}, {1, 7}, {5, 6}, {2, 3}], [{8, 4}, {1, 7}, {5, 6}, {3}, {2}], [{8, 4}, {1, 7}, {6}, {5}, {2, 3}], [{8, 4}, {2, 7}, {1, 6}, {3, 5}], [{8, 4}, {2, 7}, {3, 6}, {1, 5}], [{8, 4}, {2, 7}, {5, 6}, {1, 3}], [{8, 4}, {2, 7}, {5, 6}, {3}, {1}], [{8, 4}, {2, 7}, {6}, {5}, {1, 3}], [{8, 4}, {3, 7}, {1, 6}, {2, 5}], [{8, 4}, {3, 7}, {2, 6}, {1, 5}], [{8, 4}, {3, 7}, {5, 6}, {1, 2}], [{8, 4}, {3, 7}, {5, 6}, {2}, {1}], [{8, 4}, {3, 7}, {6}, {5}, {1, 2}], [{8, 4}, {5, 7}, {1, 6}, {2, 3}], [{8, 4}, {5, 7}, {2, 6}, {1, 3}], [{8, 4}, {5, 7}, {3, 6}, {1, 2}], [{8, 4}, {6, 7}, {1, 5}, {2, 3}], [{8, 4}, {6, 7}, {2, 5}, {1, 3}], [{8, 4}, {6, 7}, {3, 5}, {1, 2}], [{8, 4}, {6, 7}, {3, 5}, {2}, {1}], [{8, 4}, {7}, {5, 6}, {1, 3}, {2}], [{8, 4}, {7}, {5, 6}, {2, 3}, {1}], [{8, 4}, {7}, {5, 6}, {3}, {1, 2}], [{8, 5}, {1, 7}, {2, 6}, {3, 4}], [{8, 5}, {1, 7}, {3, 6}, {2, 4}], [{8, 5}, {1, 7}, {4, 6}, {2, 3}], [{8, 5}, {1, 7}, {4, 6}, {3}, {2}], [{8, 5}, {1, 7}, {6}, {4}, {2, 3}], [{8, 5}, {2, 7}, {1, 6}, {3, 4}], [{8, 5}, {2, 7}, {3, 6}, {1, 4}], [{8, 5}, {2, 7}, {4, 6}, {1, 3}], [{8, 5}, {2, 7}, {4, 6}, {3}, {1}], [{8, 5}, {2, 7}, {6}, {4}, {1, 3}], [{8, 5}, {3, 7}, {1, 6}, {2, 4}], [{8, 5}, {3, 7}, {2, 6}, {1, 4}], [{8, 5}, {3, 7}, {4, 6}, {1, 2}], [{8, 5}, {3, 7}, {4, 6}, {2}, {1}], [{8, 5}, {3, 7}, {6}, {4}, {1, 2}], [{8, 5}, {4, 7}, {1, 6}, {2, 3}], [{8, 5}, {4, 7}, {2, 6}, {1, 3}], [{8, 5}, {4, 7}, {3, 6}, {1, 2}], [{8, 5}, {4, 7}, {6}, {1, 3}, {2}], [{8, 5}, {6, 7}, {1, 4}, {2, 3}], [{8, 5}, {6, 7}, {2, 4}, {1, 3}], [{8, 5}, {6, 7}, {3, 4}, {1, 2}], [{8, 5}, {6, 7}, {4}, {1, 3}, {2}], [{8, 5}, {7}, {1, 6}, {3, 4}, {2}], [{8, 5}, {7}, {2, 6}, {4}, {1, 3}], [{8, 5}, {7}, {3, 6}, {1, 4}, {2}], [{8, 5}, {7}, {4, 6}, {1, 3}, {2}], [{8, 5}, {7}, {4, 6}, {2, 3}, {1}], [{8, 5}, {7}, {4, 6}, {3}, {1, 2}], [{8, 5}, {7}, {4, 6}, {3}, {2}, {1}], [{8, 5}, {7}, {6}, {2, 4}, {1, 3}], [{8, 5}, {7}, {6}, {4}, {1, 3}, {2}], [{8, 6}, {1, 7}, {2, 5}, {3, 4}], [{8, 6}, {1, 7}, {3, 5}, {2, 4}], [{8, 6}, {1, 7}, {4, 5}, {2, 3}], [{8, 6}, {1, 7}, {4, 5}, {3}, {2}], [{8, 6}, {1, 7}, {5}, {4}, {2, 3}], [{8, 6}, {2, 7}, {1, 5}, {3, 4}], [{8, 6}, {2, 7}, {3, 5}, {1, 4}], [{8, 6}, {2, 7}, {4, 5}, {1, 3}], [{8, 6}, {2, 7}, {4, 5}, {3}, {1}], [{8, 6}, {2, 7}, {5}, {4}, {1, 3}], [{8, 6}, {3, 7}, {1, 5}, {2, 4}], [{8, 6}, {3, 7}, {2, 5}, {1, 4}], [{8, 6}, {3, 7}, {4, 5}, {1, 2}], [{8, 6}, {3, 7}, {4, 5}, {2}, {1}], [{8, 6}, {3, 7}, {5}, {4}, {1, 2}], [{8, 6}, {4, 7}, {1, 5}, {2, 3}], [{8, 6}, {4, 7}, {2, 5}, {1, 3}], [{8, 6}, {4, 7}, {3, 5}, {1, 2}], [{8, 6}, {4, 7}, {5}, {1, 3}, {2}], [{8, 6}, {5, 7}, {1, 4}, {2, 3}], [{8, 6}, {5, 7}, {2, 4}, {1, 3}], [{8, 6}, {5, 7}, {2, 4}, {3}, {1}], [{8, 6}, {5, 7}, {3, 4}, {1, 2}], [{8, 6}, {5, 7}, {4}, {1, 3}, {2}], [{8, 6}, {7}, {2, 5}, {4}, {1, 3}], [{8, 6}, {7}, {4, 5}, {1, 3}, {2}], [{8, 6}, {7}, {4, 5}, {2, 3}, {1}], [{8, 6}, {7}, {4, 5}, {3}, {1, 2}], [{8, 6}, {7}, {5}, {2, 4}, {1, 3}], [{8, 6}, {7}, {5}, {4}, {1, 3}, {2}], [{8, 7}, {1, 6}, {2, 5}, {3, 4}], [{8, 7}, {1, 6}, {3, 5}, {2, 4}], [{8, 7}, {1, 6}, {4, 5}, {2, 3}], [{8, 7}, {1, 6}, {5}, {4}, {2, 3}], [{8, 7}, {2, 6}, {1, 5}, {3, 4}], [{8, 7}, {2, 6}, {1, 5}, {4}, {3}], [{8, 7}, {2, 6}, {3, 5}, {1, 4}], [{8, 7}, {2, 6}, {4, 5}, {1, 3}], [{8, 7}, {3, 6}, {1, 5}, {2, 4}], [{8, 7}, {3, 6}, {2, 5}, {1, 4}], [{8, 7}, {3, 6}, {2, 5}, {4}, {1}], [{8, 7}, {3, 6}, {4, 5}, {1, 2}], [{8, 7}, {4, 6}, {1, 5}, {2, 3}], [{8, 7}, {4, 6}, {2, 5}, {1, 3}], [{8, 7}, {4, 6}, {2, 5}, {3}, {1}], [{8, 7}, {4, 6}, {3, 5}, {1, 2}], [{8, 7}, {4, 6}, {3, 5}, {2}, {1}], [{8, 7}, {4, 6}, {5}, {2, 3}, {1}], [{8, 7}, {5, 6}, {1, 4}, {2, 3}], [{8, 7}, {5, 6}, {2, 4}, {1, 3}], [{8, 7}, {5, 6}, {3, 4}, {1, 2}], [{8, 7}, {5, 6}, {4}, {1, 3}, {2}], [{8, 7}, {6}, {2, 5}, {3, 4}, {1}], [{8, 7}, {6}, {3, 5}, {4}, {1, 2}], [{8, 7}, {6}, {5}, {1, 4}, {2, 3}], [{8}, {1, 7}, {3, 6}, {5}, {2, 4}], [{8}, {1, 7}, {4, 6}, {5}, {2, 3}], [{8}, {1, 7}, {5, 6}, {4}, {2, 3}], [{8}, {1, 7}, {6}, {4, 5}, {2, 3}], [{8}, {2, 7}, {4, 6}, {1, 5}, {3}], [{8}, {2, 7}, {4, 6}, {3, 5}, {1}], [{8}, {2, 7}, {4, 6}, {5}, {1, 3}], [{8}, {2, 7}, {4, 6}, {5}, {3}, {1}], [{8}, {2, 7}, {5, 6}, {4}, {1, 3}], [{8}, {2, 7}, {6}, {4, 5}, {1, 3}], [{8}, {3, 7}, {4, 6}, {1, 5}, {2}], [{8}, {3, 7}, {4, 6}, {2, 5}, {1}], [{8}, {3, 7}, {4, 6}, {5}, {1, 2}], [{8}, {3, 7}, {4, 6}, {5}, {2}, {1}], [{8}, {3, 7}, {5, 6}, {4}, {1, 2}], [{8}, {3, 7}, {6}, {4, 5}, {1, 2}], [{8}, {4, 7}, {3, 6}, {1, 5}, {2}], [{8}, {4, 7}, {5, 6}, {1, 3}, {2}], [{8}, {5, 7}, {1, 6}, {2, 4}, {3}], [{8}, {5, 7}, {4, 6}, {2, 3}, {1}], [{8}, {6, 7}, {1, 5}, {3, 4}, {2}], [{8}, {6, 7}, {3, 5}, {1, 4}, {2}], [{8}, {7}, {4, 6}, {1, 5}, {2, 3}], [{8}, {7}, {4, 6}, {5}, {2, 3}, {1}], [{8}, {7}, {5, 6}, {2, 4}, {1, 3}], [{8}, {7}, {5, 6}, {4}, {1, 3}, {2}]]",2,8 K_1^3 - 22 K_1^2 - 20 K_1 K_2 + 4 K_1 + 11 K_2 + 8 K_3 + 12,O1O2O3U4O5U6U3O7U5U2O6U1U7O8O4U8,O1O2U3O4O5U1O6O3U5O7U6U4U2O8U7U8,O1O2U3O4O5U1O6O3U7U8O7U6U5U2O8U4,c,{'O1O2O3U4O5O4U6U3O7U2U8O6U1U7O8U5'},1,"<a href=""/flatknot/8.975845"">8.975845</a>",t^9-52t^7-190t^6-101t^5+360t^4+318t^3-190t^2-167t-26,-t^2+2t,,
8.975846,O1O2O3U4O5O4U6U3O7U5U1O6U8U2O8U7,4,18z^2+103z+135,18w^3z^2+103w^2z+135w,False,False,"[[ 0 -1  1  0  1  0 -2  2 -1],[ 1  0  0 -1  2  0 -1  2  0],[-1  0  0  0  0  1 -3  0 -1],[ 0  1  0  0  0  0 -1  0  0],[-1 -2  0  0  0  0 -2  1 -2],[ 0  0 -1  0  0  0  0  0  0],[ 2  1  3  1  2  0  0  2  1],[-2 -2  0  0 -1  0 -2  0 -2],[ 1  0  1  0  2  0 -1  2  0]]","[[ 0  2  1  1  0  0 -1 -1 -2],[-2  0  0 -1  0  0 -2 -2 -2],[-1  0  0  0  1  0  0 -1 -3],[-1  1  0  0  0  0 -2 -2 -2],[ 0  0 -1  0  0  0  0  0  0],[ 0  0  0  0  0  0  1  0 -1],[ 1  2  0  2  0 -1  0  0 -1],[ 1  2  1  2  0  0  0  0 -1],[ 2  2  3  2  0  1  1  1  0]]",True,"[-2,-1,-1,0,0,1,1,2,0,1,0,0,2,2,2,0,-1,0,0,1,3,0,0,2,2,2,0,0,0,0,-1,0,1,0,1,1]","[-2,-1,-1,0,0,1,1,2,0,0,1,2,0,1,2,0,1,1,1,0,1,2,1,2,0,1,0,1,1,2,2,1,2,0,1,0]",t^8+40t^6+216t^4+74t^2+1,"[-2,-1,-1,0,0,1,1,2,0,0,1,2,0,1,2,0,1,1,1,0,1,2,1,2,0,1,0,1,1,2,2,1,2,0,1,0]","[-2,-1,-1,0,0,1,1,2,0,1,2,2,1,1,2,0,1,1,0,0,1,1,2,1,2,0,0,1,2,1,1,1,2,0,0,0]","[-2,-1,-1,0,0,1,1,2,1,1,0,1,2,3,2,0,0,-1,2,0,2,0,0,2,1,2,0,0,-1,0,0,0,0,0,1,0]",c,"[[{8, 2}, {6, 7}, {3, 5}, {1, 4}], [{8, 3}, {5, 7}, {1, 6}, {2, 4}], [{8}, {5, 7}, {1, 6}, {2, 4}, {3}]]",1,8 K_1^3 - 20 K_1^2 - 16 K_1 K_2 + 2 K_1 + 10 K_2 + 6 K_3 + 11,O1O2O3U4O5U2U5O6U3U7O4U1U6O8O7U8,O1O2U3O4O5U1O6O7U6O3U5U7U2O8U4U8,O1O2U3O4O5U6O7O3U8U5O8U7U1U4O6U2,c,{'O1O2O3U4O5O4U6U3O7U5U1O6U8U2O8U7'},1,"<a href=""/flatknot/8.975846"">8.975846</a>",t^9-40t^7-68t^6+126t^5+232t^4+77t^3-66t^2-54t,0,,
8.975847,O1O2O3U4O5O4U6U3O7U5U1O6U8U7O8U2,4,13z^2+98z+145,13w^3z^2+98w^2z+145w,False,False,"[[ 0 -1  1  0  1  0 -2  2 -1],[ 1  0  1 -1  2  0 -1  1  0],[-1 -1  0  0  0  0 -2  1 -2],[ 0  1  0  0  0  0 -1  0  0],[-1 -2  0  0  0  0 -2  1 -2],[ 0  0  0  0  0  0  0  0 -1],[ 2  1  2  1  2  0  0  2  2],[-2 -1 -1  0 -1  0 -2  0 -2],[ 1  0  2  0  2  1 -2  2  0]]","[[ 0  2  1  1  0  0 -1 -1 -2],[-2  0 -1 -1  0  0 -1 -2 -2],[-1  1  0  0  0  0 -1 -2 -2],[-1  1  0  0  0  0 -2 -2 -2],[ 0  0  0  0  0  0  1  0 -1],[ 0  0  0  0  0  0  0 -1  0],[ 1  1  1  2 -1  0  0  0 -1],[ 1  2  2  2  0  1  0  0 -2],[ 2  2  2  2  1  0  1  2  0]]",True,"[-2,-1,-1,0,0,1,1,2,1,1,0,0,1,2,2,0,0,0,1,2,2,0,0,2,2,2,0,-1,0,1,0,1,0,0,1,2]","[-2,-1,-1,0,0,1,1,2,-1,0,1,2,1,1,2,0,1,0,0,0,1,2,1,0,1,2,0,1,1,2,1,1,2,0,0,0]",t^8+40t^6+124t^4+66t^2+1,"[-2,-1,-1,0,0,1,1,2,-1,0,1,2,1,1,2,0,1,0,0,0,1,2,1,0,1,2,0,1,1,2,1,1,2,0,0,0]","[-2,-1,-1,0,0,1,1,2,0,0,2,2,1,2,2,0,1,1,0,0,1,1,1,0,1,1,0,0,1,2,1,2,1,0,-1,0]","[-2,-1,-1,0,0,1,1,2,1,2,0,1,2,2,2,0,0,-1,1,2,1,1,0,2,2,2,0,0,0,0,0,0,0,0,1,1]",c,"[[{8, 3}, {1, 7}, {4, 6}, {2, 5}], [{8, 4}, {5, 7}, {1, 6}, {2, 3}], [{8, 4}, {5, 7}, {1, 6}, {3}, {2}], [{8, 6}, {1, 7}, {2, 5}, {3, 4}]]",1,8 K_1^3 - 36 K_1^2 - 16 K_1 K_2 + 2 K_1 + 18 K_2 + 6 K_3 + 19,O1O2O3U2O4U5U4O6U3U7O5U1U6O8O7U8,O1O2U3O4O5U1O6O3U6O7U5U7U2O8U4U8,O1O2U3O4O5U1O6O3U7U5O7U6U8U4O8U2,c,{'O1O2O3U4O5O4U6U3O7U5U1O6U8U7O8U2'},1,"<a href=""/flatknot/8.975847"">8.975847</a>",t^9-40t^7-108t^6-32t^5+98t^4+124t^3+76t^2+13t-4,0,,
8.975848,O1O2O3U4O5O4U6U3O7U5U2O6U8U1O8U7,4,11z^2+96z+149,11w^3z^2+96w^2z+149w,False,False,"[[ 0  0  0  0  1  0 -2  2 -1],[ 0  0  1  0  1  1 -3  1  0],[ 0 -1  0 -1  1  0 -2  1  0],[ 0  0  1  0  0  0 -1  0  0],[-1 -1 -1  0  0  0 -2  1 -2],[ 0 -1  0  0  0  0  0  0  0],[ 2  3  2  1  2  0  0  2  1],[-2 -1 -1  0 -1  0 -2  0 -2],[ 1  0  0  0  2  0 -1  2  0]]","[[ 0  2  1  0  0  0  0 -1 -2],[-2  0 -1  0  0 -1 -1 -2 -2],[-1  1  0  0  0 -1 -1 -2 -2],[ 0  0  0  0  0  1  0  0 -1],[ 0  0  0  0  0  0 -1  0  0],[ 0  1  1 -1  0  0 -1  0 -2],[ 0  1  1  0  1  1  0  0 -3],[ 1  2  2  0  0  0  0  0 -1],[ 2  2  2  1  0  2  3  1  0]]",True,"[-2,-1,0,0,0,0,1,2,1,0,0,1,1,2,2,0,0,1,1,2,2,0,-1,0,0,1,0,1,0,0,1,0,2,0,3,1]","[-2,-1,0,0,0,0,1,2,0,-1,0,1,2,1,2,1,1,1,1,0,1,-1,0,-1,0,1,1,0,0,1,0,1,2,1,2,0]",t^8+39t^6+181t^4+84t^2+1,"[-2,-1,0,0,0,0,1,2,0,-1,0,1,2,1,2,1,1,1,1,0,1,-1,0,-1,0,1,1,0,0,1,0,1,2,1,2,0]","[-2,-1,0,0,0,0,1,2,0,1,1,2,2,1,2,0,0,1,1,0,1,-1,-1,0,1,0,0,1,1,-1,0,1,1,1,2,0]","[-2,-1,0,0,0,0,1,2,1,0,1,2,3,2,2,0,0,0,0,2,2,0,0,-1,0,0,1,0,0,0,-1,1,1,1,1,1]",c,"[[{8, 4}, {6, 7}, {1, 5}, {2, 3}]]",1,4 K_1^3 - 32 K_1^2 - 16 K_1 K_2 + 5 K_1 + 16 K_2 + 7 K_3 + 17,O1O2O3U4O5U3U5O6U2U7O4U1U6O8O7U8,O1O2U3O4O5U1O6O7U6O3U7U5U2O8U4U8,O1O2U3O4O5U6O7O3U8U5O8U7U4U1O6U2,c,{'O1O2O3U4O5O4U6U3O7U5U2O6U8U1O8U7'},1,"<a href=""/flatknot/8.975848"">8.975848</a>",t^9-39t^7-96t^6+19t^5+144t^4+11t^3-46t^2-7t+2,0,,
8.975849,O1O2O3U4O5O4U6U3O7U5U8O6U1U2O8U7,4,22z^2+91z+95,-6w^4z^2+28w^3z^2-10w^3z+101w^2z+95w,False,False,"[[ 0 -1  1  0  1  0 -2  2 -1],[ 1  0  1  0  2  1 -1  1  1],[-1 -1  0  0  0  1 -3  0  0],[ 0  0  0  0  0  0 -1  0  1],[-1 -2  0  0  0  0 -2  1 -2],[ 0 -1 -1  0  0  0  0  0  1],[ 2  1  3  1  2  0  0  3  0],[-2 -1  0  0 -1  0 -3  0 -2],[ 1 -1  0 -1  2 -1  0  2  0]]","[[ 0  2  1  1  0  0 -1 -1 -2],[-2  0  0 -1  0  0 -1 -2 -3],[-1  0  0  0  1  0 -1  0 -3],[-1  1  0  0  0  0 -2 -2 -2],[ 0  0 -1  0  0  0 -1  1  0],[ 0  0  0  0  0  0  0  1 -1],[ 1  1  1  2  1  0  0  1 -1],[ 1  2  0  2 -1 -1 -1  0  0],[ 2  3  3  2  0  1  1  0  0]]",True,"[-2,-1,-1,0,0,1,1,2,0,1,0,0,1,2,3,0,-1,0,1,0,3,0,0,2,2,2,0,1,-1,0,0,-1,1,-1,1,0]","[-2,-1,-1,0,0,1,1,2,0,1,0,0,1,2,3,0,-1,0,1,0,3,0,0,2,2,2,0,1,-1,0,0,-1,1,-1,1,0]",t^8+44t^6+353t^4+339t^2+4,"[-2,-1,-1,0,0,1,1,2,0,1,1,2,0,1,1,-1,1,0,1,0,2,2,2,2,0,1,0,1,1,2,2,1,2,0,1,0]","[-2,-1,-1,0,0,1,1,2,0,1,2,2,1,2,1,0,1,1,0,0,1,1,2,2,1,0,0,2,1,1,2,0,2,-1,1,0]","[-2,-1,-1,0,0,1,1,2,0,1,0,1,2,3,3,-1,-1,-1,2,0,2,1,0,2,1,1,0,0,-1,0,0,0,0,0,1,0]",c,"[[{8, 1}, {2, 7}, {3, 6}, {4, 5}], [{8, 1}, {2, 7}, {4, 6}, {3, 5}], [{8, 1}, {2, 7}, {5, 6}, {3, 4}], [{8, 1}, {3, 7}, {2, 6}, {4, 5}], [{8, 1}, {3, 7}, {4, 6}, {2, 5}], [{8, 1}, {3, 7}, {5, 6}, {2, 4}], [{8, 1}, {4, 7}, {2, 6}, {3, 5}], [{8, 1}, {4, 7}, {3, 6}, {2, 5}], [{8, 1}, {4, 7}, {5, 6}, {2, 3}], [{8, 1}, {4, 7}, {6}, {2, 5}, {3}], [{8, 1}, {5, 7}, {2, 6}, {3, 4}], [{8, 1}, {5, 7}, {3, 6}, {2, 4}], [{8, 1}, {5, 7}, {3, 6}, {4}, {2}], [{8, 1}, {5, 7}, {4, 6}, {2, 3}], [{8, 1}, {5, 7}, {6}, {2, 4}, {3}], [{8, 1}, {6, 7}, {2, 5}, {3, 4}], [{8, 1}, {6, 7}, {3, 5}, {2, 4}], [{8, 1}, {6, 7}, {4, 5}, {2, 3}], [{8, 1}, {6, 7}, {5}, {4}, {2, 3}], [{8, 1}, {7}, {4, 6}, {3, 5}, {2}], [{8, 1}, {7}, {5, 6}, {3, 4}, {2}], [{8, 2}, {1, 7}, {3, 6}, {4, 5}], [{8, 2}, {1, 7}, {3, 6}, {5}, {4}], [{8, 2}, {1, 7}, {4, 6}, {3, 5}], [{8, 2}, {1, 7}, {5, 6}, {3, 4}], [{8, 2}, {3, 7}, {1, 6}, {4, 5}], [{8, 2}, {3, 7}, {4, 6}, {1, 5}], [{8, 2}, {3, 7}, {5, 6}, {1, 4}], [{8, 2}, {4, 7}, {1, 6}, {3, 5}], [{8, 2}, {4, 7}, {3, 6}, {1, 5}], [{8, 2}, {4, 7}, {5, 6}, {1, 3}], [{8, 2}, {4, 7}, {6}, {1, 5}, {3}], [{8, 2}, {5, 7}, {1, 6}, {3, 4}], [{8, 2}, {5, 7}, {3, 6}, {1, 4}], [{8, 2}, {5, 7}, {4, 6}, {1, 3}], [{8, 2}, {5, 7}, {6}, {1, 4}, {3}], [{8, 2}, {5, 7}, {6}, {3, 4}, {1}], [{8, 2}, {5, 7}, {6}, {4}, {1, 3}], [{8, 2}, {6, 7}, {1, 5}, {3, 4}], [{8, 2}, {6, 7}, {3, 5}, {1, 4}], [{8, 2}, {6, 7}, {4, 5}, {1, 3}], [{8, 2}, {6, 7}, {5}, {1, 4}, {3}], [{8, 2}, {7}, {1, 6}, {5}, {3, 4}], [{8, 2}, {7}, {4, 6}, {5}, {1, 3}], [{8, 2}, {7}, {5, 6}, {1, 4}, {3}], [{8, 3}, {1, 7}, {2, 6}, {4, 5}], [{8, 3}, {1, 7}, {4, 6}, {2, 5}], [{8, 3}, {1, 7}, {4, 6}, {5}, {2}], [{8, 3}, {1, 7}, {5, 6}, {2, 4}], [{8, 3}, {2, 7}, {1, 6}, {4, 5}], [{8, 3}, {2, 7}, {4, 6}, {1, 5}], [{8, 3}, {2, 7}, {5, 6}, {1, 4}], [{8, 3}, {4, 7}, {1, 6}, {2, 5}], [{8, 3}, {4, 7}, {2, 6}, {1, 5}], [{8, 3}, {4, 7}, {5, 6}, {1, 2}], [{8, 3}, {5, 7}, {1, 6}, {2, 4}], [{8, 3}, {5, 7}, {1, 6}, {4}, {2}], [{8, 3}, {5, 7}, {2, 6}, {1, 4}], [{8, 3}, {5, 7}, {4, 6}, {1, 2}], [{8, 3}, {5, 7}, {6}, {2, 4}, {1}], [{8, 3}, {6, 7}, {1, 5}, {2, 4}], [{8, 3}, {6, 7}, {2, 5}, {1, 4}], [{8, 3}, {6, 7}, {4, 5}, {1, 2}], [{8, 3}, {7}, {5, 6}, {1, 4}, {2}], [{8, 4}, {1, 7}, {2, 6}, {3, 5}], [{8, 4}, {1, 7}, {3, 6}, {2, 5}], [{8, 4}, {1, 7}, {5, 6}, {2, 3}], [{8, 4}, {1, 7}, {6}, {5}, {2, 3}], [{8, 4}, {2, 7}, {1, 6}, {3, 5}], [{8, 4}, {2, 7}, {3, 6}, {1, 5}], [{8, 4}, {2, 7}, {5, 6}, {1, 3}], [{8, 4}, {2, 7}, {6}, {3, 5}, {1}], [{8, 4}, {3, 7}, {1, 6}, {2, 5}], [{8, 4}, {3, 7}, {2, 6}, {1, 5}], [{8, 4}, {3, 7}, {5, 6}, {1, 2}], [{8, 4}, {5, 7}, {1, 6}, {2, 3}], [{8, 4}, {5, 7}, {2, 6}, {1, 3}], [{8, 4}, {5, 7}, {3, 6}, {1, 2}], [{8, 4}, {5, 7}, {6}, {1, 3}, {2}], [{8, 4}, {6, 7}, {1, 5}, {2, 3}], [{8, 4}, {6, 7}, {2, 5}, {1, 3}], [{8, 4}, {6, 7}, {3, 5}, {1, 2}], [{8, 4}, {6, 7}, {5}, {3}, {1, 2}], [{8, 4}, {7}, {2, 6}, {5}, {1, 3}], [{8, 5}, {1, 7}, {2, 6}, {3, 4}], [{8, 5}, {1, 7}, {3, 6}, {2, 4}], [{8, 5}, {1, 7}, {4, 6}, {2, 3}], [{8, 5}, {2, 7}, {1, 6}, {3, 4}], [{8, 5}, {2, 7}, {3, 6}, {1, 4}], [{8, 5}, {2, 7}, {4, 6}, {1, 3}], [{8, 5}, {2, 7}, {6}, {1, 4}, {3}], [{8, 5}, {2, 7}, {6}, {3, 4}, {1}], [{8, 5}, {2, 7}, {6}, {4}, {1, 3}], [{8, 5}, {3, 7}, {1, 6}, {2, 4}], [{8, 5}, {3, 7}, {1, 6}, {4}, {2}], [{8, 5}, {3, 7}, {2, 6}, {1, 4}], [{8, 5}, {3, 7}, {4, 6}, {1, 2}], [{8, 5}, {4, 7}, {1, 6}, {2, 3}], [{8, 5}, {4, 7}, {2, 6}, {1, 3}], [{8, 5}, {4, 7}, {3, 6}, {1, 2}], [{8, 5}, {6, 7}, {1, 4}, {2, 3}], [{8, 5}, {6, 7}, {1, 4}, {3}, {2}], [{8, 5}, {6, 7}, {2, 4}, {1, 3}], [{8, 5}, {6, 7}, {3, 4}, {1, 2}], [{8, 5}, {7}, {2, 6}, {1, 4}, {3}], [{8, 5}, {7}, {4, 6}, {1, 3}, {2}], [{8, 6}, {1, 7}, {2, 5}, {3, 4}], [{8, 6}, {1, 7}, {2, 5}, {4}, {3}], [{8, 6}, {1, 7}, {3, 5}, {2, 4}], [{8, 6}, {1, 7}, {4, 5}, {2, 3}], [{8, 6}, {1, 7}, {4, 5}, {3}, {2}], [{8, 6}, {1, 7}, {5}, {2, 4}, {3}], [{8, 6}, {2, 7}, {1, 5}, {3, 4}], [{8, 6}, {2, 7}, {1, 5}, {4}, {3}], [{8, 6}, {2, 7}, {3, 5}, {1, 4}], [{8, 6}, {2, 7}, {4, 5}, {1, 3}], [{8, 6}, {2, 7}, {4, 5}, {3}, {1}], [{8, 6}, {2, 7}, {5}, {1, 4}, {3}], [{8, 6}, {3, 7}, {1, 5}, {2, 4}], [{8, 6}, {3, 7}, {2, 5}, {1, 4}], [{8, 6}, {3, 7}, {4, 5}, {1, 2}], [{8, 6}, {3, 7}, {4, 5}, {2}, {1}], [{8, 6}, {4, 7}, {1, 5}, {2, 3}], [{8, 6}, {4, 7}, {1, 5}, {3}, {2}], [{8, 6}, {4, 7}, {2, 5}, {1, 3}], [{8, 6}, {4, 7}, {2, 5}, {3}, {1}], [{8, 6}, {4, 7}, {3, 5}, {1, 2}], [{8, 6}, {4, 7}, {3, 5}, {2}, {1}], [{8, 6}, {4, 7}, {5}, {1, 3}, {2}], [{8, 6}, {4, 7}, {5}, {2, 3}, {1}], [{8, 6}, {4, 7}, {5}, {3}, {1, 2}], [{8, 6}, {4, 7}, {5}, {3}, {2}, {1}], [{8, 6}, {5, 7}, {1, 4}, {2, 3}], [{8, 6}, {5, 7}, {1, 4}, {3}, {2}], [{8, 6}, {5, 7}, {2, 4}, {1, 3}], [{8, 6}, {5, 7}, {2, 4}, {3}, {1}], [{8, 6}, {5, 7}, {3, 4}, {1, 2}], [{8, 6}, {5, 7}, {3, 4}, {2}, {1}], [{8, 6}, {5, 7}, {4}, {1, 3}, {2}], [{8, 6}, {5, 7}, {4}, {2, 3}, {1}], [{8, 6}, {5, 7}, {4}, {3}, {1, 2}], [{8, 6}, {5, 7}, {4}, {3}, {2}, {1}], [{8, 6}, {7}, {1, 5}, {2, 4}, {3}], [{8, 6}, {7}, {2, 5}, {1, 4}, {3}], [{8, 6}, {7}, {4, 5}, {1, 3}, {2}], [{8, 6}, {7}, {4, 5}, {2, 3}, {1}], [{8, 6}, {7}, {4, 5}, {3}, {1, 2}], [{8, 6}, {7}, {4, 5}, {3}, {2}, {1}], [{8, 7}, {1, 6}, {2, 5}, {3, 4}], [{8, 7}, {1, 6}, {3, 5}, {2, 4}], [{8, 7}, {1, 6}, {4, 5}, {2, 3}], [{8, 7}, {2, 6}, {1, 5}, {3, 4}], [{8, 7}, {2, 6}, {3, 5}, {1, 4}], [{8, 7}, {2, 6}, {4, 5}, {1, 3}], [{8, 7}, {2, 6}, {5}, {1, 4}, {3}], [{8, 7}, {3, 6}, {1, 5}, {2, 4}], [{8, 7}, {3, 6}, {2, 5}, {1, 4}], [{8, 7}, {3, 6}, {4, 5}, {1, 2}], [{8, 7}, {3, 6}, {5}, {4}, {1, 2}], [{8, 7}, {4, 6}, {1, 5}, {2, 3}], [{8, 7}, {4, 6}, {2, 5}, {1, 3}], [{8, 7}, {4, 6}, {3, 5}, {1, 2}], [{8, 7}, {4, 6}, {5}, {1, 3}, {2}], [{8, 7}, {4, 6}, {5}, {2, 3}, {1}], [{8, 7}, {4, 6}, {5}, {3}, {1, 2}], [{8, 7}, {5, 6}, {1, 4}, {2, 3}], [{8, 7}, {5, 6}, {1, 4}, {3}, {2}], [{8, 7}, {5, 6}, {2, 4}, {1, 3}], [{8, 7}, {5, 6}, {3, 4}, {1, 2}], [{8, 7}, {6}, {1, 5}, {2, 4}, {3}], [{8, 7}, {6}, {1, 5}, {3, 4}, {2}], [{8, 7}, {6}, {1, 5}, {4}, {2, 3}], [{8, 7}, {6}, {2, 5}, {1, 4}, {3}], [{8, 7}, {6}, {2, 5}, {3, 4}, {1}], [{8, 7}, {6}, {2, 5}, {4}, {1, 3}], [{8, 7}, {6}, {5}, {3, 4}, {1, 2}], [{8}, {1, 7}, {2, 6}, {5}, {3, 4}], [{8}, {2, 7}, {4, 6}, {5}, {1, 3}], [{8}, {2, 7}, {5, 6}, {1, 4}, {3}], [{8}, {3, 7}, {2, 6}, {1, 5}, {4}], [{8}, {3, 7}, {5, 6}, {1, 4}, {2}], [{8}, {4, 7}, {1, 6}, {2, 5}, {3}], [{8}, {4, 7}, {2, 6}, {1, 5}, {3}], [{8}, {4, 7}, {6}, {3, 5}, {1, 2}], [{8}, {5, 7}, {1, 6}, {2, 4}, {3}], [{8}, {5, 7}, {2, 6}, {1, 4}, {3}], [{8}, {5, 7}, {2, 6}, {3, 4}, {1}], [{8}, {5, 7}, {2, 6}, {4}, {1, 3}], [{8}, {5, 7}, {3, 6}, {2, 4}, {1}], [{8}, {5, 7}, {4, 6}, {1, 3}, {2}], [{8}, {5, 7}, {6}, {2, 4}, {1, 3}], [{8}, {5, 7}, {6}, {4}, {1, 3}, {2}], [{8}, {6, 7}, {1, 5}, {2, 4}, {3}], [{8}, {6, 7}, {2, 5}, {1, 4}, {3}], [{8}, {7}, {2, 6}, {1, 5}, {3, 4}], [{8}, {7}, {4, 6}, {2, 5}, {1, 3}], [{8}, {7}, {5, 6}, {1, 4}, {2, 3}]]",2,20 K_1^3 - 16 K_1^2 - 16 K_1 K_2 - 7 K_1 + 8 K_2 + 3 K_3 + 9,O1O2O3U4O5U2U3O6U5U7O4U1U6O8O7U8,O1O2U3O4O5U1O6O7U5O3U6U7U2O8U4U8,O1O2U3O4O5U6O7O3U8U5O8U7U1U2O6U4,c,{'O1O2O3U4O5O4U6U3O7U5U8O6U1U2O8U7'},1,"<a href=""/flatknot/8.975849"">8.975849</a>",t^9-44t^7-62t^6+183t^5+200t^4-120t^3+56t^2-104t,0,,
8.975850,O1O2O3U4O5O4U6U3O7U5U8O6U1U7O8U2,4,18z^2+103z+135,18w^3z^2+103w^2z+135w,False,False,"[[ 0 -1  1  0  1  0 -2  2 -1],[ 1  0  1  0  2  1 -1  1  1],[-1 -1  0  0  0  0 -3  1 -1],[ 0  0  0  0  0  0 -1  0  1],[-1 -2  0  0  0  0 -2  1 -2],[ 0 -1  0  0  0  0  0  0  0],[ 2  1  3  1  2  0  0  2  1],[-2 -1 -1  0 -1  0 -2  0 -2],[ 1 -1  1 -1  2  0 -1  2  0]]","[[ 0  2  1  1  0  0 -1 -1 -2],[-2  0 -1 -1  0  0 -1 -2 -2],[-1  1  0  0  0  0 -1 -1 -3],[-1  1  0  0  0  0 -2 -2 -2],[ 0  0  0  0  0  0  0  1 -1],[ 0  0  0  0  0  0 -1  0  0],[ 1  1  1  2  0  1  0  1 -1],[ 1  2  1  2 -1  0 -1  0 -1],[ 2  2  3  2  1  0  1  1  0]]",True,"[-2,-1,-1,0,0,1,1,2,1,1,0,0,1,2,2,0,0,0,1,1,3,0,0,2,2,2,0,0,-1,1,1,0,0,-1,1,1]","[-2,-1,-1,0,0,1,1,2,0,0,1,2,0,1,2,-1,1,0,1,0,2,2,1,1,0,1,0,1,1,2,1,1,2,0,0,0]",t^8+40t^6+172t^4+123t^2,"[-2,-1,-1,0,0,1,1,2,0,0,1,2,0,1,2,-1,1,0,1,0,2,2,1,1,0,1,0,1,1,2,1,1,2,0,0,0]","[-2,-1,-1,0,0,1,1,2,0,0,2,2,1,2,2,0,1,1,0,0,1,1,1,1,1,0,0,1,0,2,2,1,1,-1,0,0]","[-2,-1,-1,0,0,1,1,2,1,1,0,1,2,3,2,-1,0,-1,2,1,2,1,0,2,1,1,0,0,0,0,0,0,0,0,1,1]",c,"[[{8, 4}, {6, 7}, {3, 5}, {1, 2}], [{8, 7}, {1, 6}, {2, 5}, {3, 4}], [{8, 7}, {6}, {2, 5}, {3, 4}, {1}]]",1,24 K_1^3 - 28 K_1^2 - 36 K_1 K_2 + 14 K_2 + 12 K_3 + 15,O1O2O3U2O4U5U3O6U4U7O5U1U6O8O7U8,O1O2U3O4O5U1O6O3U5O7U6U7U2O8U4U8,O1O2U3O4O5U1O6O3U7U5O7U6U8U2O8U4,c,{'O1O2O3U4O5O4U6U3O7U5U8O6U1U7O8U2'},1,"<a href=""/flatknot/8.975850"">8.975850</a>",t^9-40t^7-98t^6-18t^5+84t^4+69t^3+66t^2-32t-16,0,,
8.975851,O1O2O3U4O5O4U6U3O7U5U8O6U2U1O8U7,4,4z^3+40z^2+109z+91,4w^4z^3-4w^4z^2+44w^3z^2+109w^2z+91w,False,False,"[[ 0  0  0  0  1  0 -2  2 -1],[ 0  0  0  0  1  1 -2  1  0],[ 0  0  0  0  1  1 -2  0  1],[ 0  0  0  0  0  0 -1  0  1],[-1 -1 -1  0  0  0 -2  1 -2],[ 0 -1 -1  0  0  0  0  0  1],[ 2  2  2  1  2  0  0  3  0],[-2 -1  0  0 -1  0 -3  0 -2],[ 1  0 -1 -1  2 -1  0  2  0]]","[[ 0  2  1  0  0  0  0 -1 -2],[-2  0 -1  0  0  0 -1 -2 -3],[-1  1  0  0  0 -1 -1 -2 -2],[ 0  0  0  0  0  0  0  1 -1],[ 0  0  0  0  0 -1 -1  1  0],[ 0  0  1  0  1  0  0  1 -2],[ 0  1  1  0  1  0  0  0 -2],[ 1  2  2 -1 -1 -1  0  0  0],[ 2  3  2  1  0  2  2  0  0]]",True,"[-2,-1,0,0,0,0,1,2,1,0,0,0,1,2,3,0,0,1,1,2,2,0,0,0,-1,1,1,1,-1,0,0,-1,2,0,2,0]","[-2,-1,0,0,0,0,1,2,0,0,1,2,2,2,3,-1,-1,-1,0,2,2,0,-1,-1,0,0,0,0,0,0,0,1,0,1,1,1]",t^8+39t^6+309t^4+280t^2+16,"[-2,-1,0,0,0,0,1,2,1,0,0,1,2,1,1,1,2,2,2,0,1,0,0,-1,0,1,0,-1,0,2,0,1,2,1,2,0]","[-2,-1,0,0,0,0,1,2,0,1,2,2,2,1,1,0,0,1,1,0,1,0,0,1,1,0,0,1,2,0,0,2,1,2,2,1]","[-2,-1,0,0,0,0,1,2,0,0,1,2,2,2,3,-1,-1,-1,0,2,2,0,-1,-1,0,0,0,0,0,0,0,1,0,1,1,1]",c,"[[{8, 1}, {2, 7}, {3, 6}, {4, 5}], [{8, 1}, {2, 7}, {4, 6}, {3, 5}], [{8, 1}, {2, 7}, {5, 6}, {3, 4}], [{8, 1}, {3, 7}, {2, 6}, {4, 5}], [{8, 1}, {3, 7}, {4, 6}, {2, 5}], [{8, 1}, {3, 7}, {5, 6}, {2, 4}], [{8, 1}, {3, 7}, {6}, {2, 5}, {4}], [{8, 1}, {4, 7}, {2, 6}, {3, 5}], [{8, 1}, {4, 7}, {3, 6}, {2, 5}], [{8, 1}, {4, 7}, {5, 6}, {2, 3}], [{8, 1}, {4, 7}, {6}, {2, 5}, {3}], [{8, 1}, {5, 7}, {2, 6}, {3, 4}], [{8, 1}, {5, 7}, {3, 6}, {2, 4}], [{8, 1}, {5, 7}, {4, 6}, {2, 3}], [{8, 1}, {5, 7}, {6}, {2, 4}, {3}], [{8, 1}, {6, 7}, {2, 5}, {3, 4}], [{8, 1}, {6, 7}, {2, 5}, {4}, {3}], [{8, 1}, {6, 7}, {3, 5}, {2, 4}], [{8, 1}, {6, 7}, {3, 5}, {4}, {2}], [{8, 1}, {6, 7}, {4, 5}, {2, 3}], [{8, 1}, {6, 7}, {5}, {4}, {2, 3}], [{8, 1}, {7}, {2, 6}, {5}, {3, 4}], [{8, 1}, {7}, {3, 6}, {2, 5}, {4}], [{8, 1}, {7}, {4, 6}, {2, 5}, {3}], [{8, 1}, {7}, {5, 6}, {3, 4}, {2}], [{8, 1}, {7}, {6}, {2, 5}, {3, 4}], [{8, 2}, {1, 7}, {3, 6}, {4, 5}], [{8, 2}, {1, 7}, {4, 6}, {3, 5}], [{8, 2}, {1, 7}, {5, 6}, {3, 4}], [{8, 2}, {3, 7}, {1, 6}, {4, 5}], [{8, 2}, {3, 7}, {4, 6}, {1, 5}], [{8, 2}, {3, 7}, {5, 6}, {1, 4}], [{8, 2}, {3, 7}, {6}, {1, 5}, {4}], [{8, 2}, {4, 7}, {1, 6}, {3, 5}], [{8, 2}, {4, 7}, {3, 6}, {1, 5}], [{8, 2}, {4, 7}, {5, 6}, {1, 3}], [{8, 2}, {4, 7}, {6}, {1, 5}, {3}], [{8, 2}, {5, 7}, {1, 6}, {3, 4}], [{8, 2}, {5, 7}, {3, 6}, {1, 4}], [{8, 2}, {5, 7}, {4, 6}, {1, 3}], [{8, 2}, {5, 7}, {6}, {1, 4}, {3}], [{8, 2}, {6, 7}, {1, 5}, {3, 4}], [{8, 2}, {6, 7}, {1, 5}, {4}, {3}], [{8, 2}, {6, 7}, {3, 5}, {1, 4}], [{8, 2}, {6, 7}, {4, 5}, {1, 3}], [{8, 2}, {7}, {3, 6}, {1, 5}, {4}], [{8, 2}, {7}, {4, 6}, {1, 5}, {3}], [{8, 2}, {7}, {4, 6}, {3, 5}, {1}], [{8, 2}, {7}, {4, 6}, {5}, {1, 3}], [{8, 2}, {7}, {5, 6}, {4}, {1, 3}], [{8, 2}, {7}, {6}, {1, 5}, {3, 4}], [{8, 2}, {7}, {6}, {4, 5}, {1, 3}], [{8, 3}, {1, 7}, {2, 6}, {4, 5}], [{8, 3}, {1, 7}, {4, 6}, {2, 5}], [{8, 3}, {1, 7}, {5, 6}, {2, 4}], [{8, 3}, {1, 7}, {6}, {2, 5}, {4}], [{8, 3}, {2, 7}, {1, 6}, {4, 5}], [{8, 3}, {2, 7}, {4, 6}, {1, 5}], [{8, 3}, {2, 7}, {5, 6}, {1, 4}], [{8, 3}, {2, 7}, {6}, {1, 5}, {4}], [{8, 3}, {4, 7}, {1, 6}, {2, 5}], [{8, 3}, {4, 7}, {2, 6}, {1, 5}], [{8, 3}, {4, 7}, {5, 6}, {1, 2}], [{8, 3}, {5, 7}, {1, 6}, {2, 4}], [{8, 3}, {5, 7}, {2, 6}, {1, 4}], [{8, 3}, {5, 7}, {2, 6}, {4}, {1}], [{8, 3}, {5, 7}, {4, 6}, {1, 2}], [{8, 3}, {6, 7}, {1, 5}, {2, 4}], [{8, 3}, {6, 7}, {2, 5}, {1, 4}], [{8, 3}, {6, 7}, {4, 5}, {1, 2}], [{8, 4}, {1, 7}, {2, 6}, {3, 5}], [{8, 4}, {1, 7}, {3, 6}, {2, 5}], [{8, 4}, {1, 7}, {5, 6}, {2, 3}], [{8, 4}, {1, 7}, {6}, {2, 5}, {3}], [{8, 4}, {1, 7}, {6}, {3, 5}, {2}], [{8, 4}, {1, 7}, {6}, {5}, {2, 3}], [{8, 4}, {2, 7}, {1, 6}, {3, 5}], [{8, 4}, {2, 7}, {3, 6}, {1, 5}], [{8, 4}, {2, 7}, {5, 6}, {1, 3}], [{8, 4}, {2, 7}, {6}, {1, 5}, {3}], [{8, 4}, {3, 7}, {1, 6}, {2, 5}], [{8, 4}, {3, 7}, {2, 6}, {1, 5}], [{8, 4}, {3, 7}, {5, 6}, {1, 2}], [{8, 4}, {5, 7}, {1, 6}, {2, 3}], [{8, 4}, {5, 7}, {2, 6}, {1, 3}], [{8, 4}, {5, 7}, {3, 6}, {1, 2}], [{8, 4}, {5, 7}, {6}, {1, 3}, {2}], [{8, 4}, {6, 7}, {1, 5}, {2, 3}], [{8, 4}, {6, 7}, {1, 5}, {3}, {2}], [{8, 4}, {6, 7}, {2, 5}, {1, 3}], [{8, 4}, {6, 7}, {2, 5}, {3}, {1}], [{8, 4}, {6, 7}, {3, 5}, {1, 2}], [{8, 4}, {6, 7}, {3, 5}, {2}, {1}], [{8, 4}, {6, 7}, {5}, {1, 3}, {2}], [{8, 4}, {6, 7}, {5}, {2, 3}, {1}], [{8, 4}, {6, 7}, {5}, {3}, {1, 2}], [{8, 4}, {6, 7}, {5}, {3}, {2}, {1}], [{8, 4}, {7}, {1, 6}, {2, 5}, {3}], [{8, 4}, {7}, {1, 6}, {3, 5}, {2}], [{8, 4}, {7}, {1, 6}, {5}, {2, 3}], [{8, 4}, {7}, {2, 6}, {1, 5}, {3}], [{8, 4}, {7}, {5, 6}, {1, 3}, {2}], [{8, 5}, {1, 7}, {2, 6}, {3, 4}], [{8, 5}, {1, 7}, {3, 6}, {2, 4}], [{8, 5}, {1, 7}, {4, 6}, {2, 3}], [{8, 5}, {2, 7}, {1, 6}, {3, 4}], [{8, 5}, {2, 7}, {3, 6}, {1, 4}], [{8, 5}, {2, 7}, {4, 6}, {1, 3}], [{8, 5}, {3, 7}, {1, 6}, {2, 4}], [{8, 5}, {3, 7}, {2, 6}, {1, 4}], [{8, 5}, {3, 7}, {4, 6}, {1, 2}], [{8, 5}, {3, 7}, {6}, {2, 4}, {1}], [{8, 5}, {4, 7}, {1, 6}, {2, 3}], [{8, 5}, {4, 7}, {2, 6}, {1, 3}], [{8, 5}, {4, 7}, {3, 6}, {1, 2}], [{8, 5}, {6, 7}, {1, 4}, {2, 3}], [{8, 5}, {6, 7}, {2, 4}, {1, 3}], [{8, 5}, {6, 7}, {3, 4}, {1, 2}], [{8, 5}, {6, 7}, {4}, {1, 3}, {2}], [{8, 5}, {7}, {1, 6}, {3, 4}, {2}], [{8, 6}, {1, 7}, {2, 5}, {3, 4}], [{8, 6}, {1, 7}, {2, 5}, {4}, {3}], [{8, 6}, {1, 7}, {3, 5}, {2, 4}], [{8, 6}, {1, 7}, {4, 5}, {2, 3}], [{8, 6}, {1, 7}, {4, 5}, {3}, {2}], [{8, 6}, {1, 7}, {5}, {2, 4}, {3}], [{8, 6}, {2, 7}, {1, 5}, {3, 4}], [{8, 6}, {2, 7}, {1, 5}, {4}, {3}], [{8, 6}, {2, 7}, {3, 5}, {1, 4}], [{8, 6}, {2, 7}, {4, 5}, {1, 3}], [{8, 6}, {2, 7}, {4, 5}, {3}, {1}], [{8, 6}, {2, 7}, {5}, {1, 4}, {3}], [{8, 6}, {3, 7}, {1, 5}, {2, 4}], [{8, 6}, {3, 7}, {2, 5}, {1, 4}], [{8, 6}, {3, 7}, {4, 5}, {1, 2}], [{8, 6}, {4, 7}, {1, 5}, {2, 3}], [{8, 6}, {4, 7}, {1, 5}, {3}, {2}], [{8, 6}, {4, 7}, {2, 5}, {1, 3}], [{8, 6}, {4, 7}, {2, 5}, {3}, {1}], [{8, 6}, {4, 7}, {3, 5}, {1, 2}], [{8, 6}, {4, 7}, {3, 5}, {2}, {1}], [{8, 6}, {4, 7}, {5}, {1, 3}, {2}], [{8, 6}, {4, 7}, {5}, {2, 3}, {1}], [{8, 6}, {4, 7}, {5}, {3}, {1, 2}], [{8, 6}, {4, 7}, {5}, {3}, {2}, {1}], [{8, 6}, {5, 7}, {1, 4}, {2, 3}], [{8, 6}, {5, 7}, {1, 4}, {3}, {2}], [{8, 6}, {5, 7}, {2, 4}, {1, 3}], [{8, 6}, {5, 7}, {2, 4}, {3}, {1}], [{8, 6}, {5, 7}, {3, 4}, {1, 2}], [{8, 6}, {5, 7}, {4}, {3}, {1, 2}], [{8, 6}, {7}, {1, 5}, {2, 4}, {3}], [{8, 6}, {7}, {2, 5}, {1, 4}, {3}], [{8, 6}, {7}, {4, 5}, {3}, {1, 2}], [{8, 7}, {1, 6}, {2, 5}, {3, 4}], [{8, 7}, {1, 6}, {2, 5}, {4}, {3}], [{8, 7}, {1, 6}, {3, 5}, {2, 4}], [{8, 7}, {1, 6}, {4, 5}, {2, 3}], [{8, 7}, {1, 6}, {5}, {3, 4}, {2}], [{8, 7}, {2, 6}, {1, 5}, {3, 4}], [{8, 7}, {2, 6}, {1, 5}, {4}, {3}], [{8, 7}, {2, 6}, {3, 5}, {1, 4}], [{8, 7}, {2, 6}, {4, 5}, {1, 3}], [{8, 7}, {2, 6}, {5}, {3, 4}, {1}], [{8, 7}, {3, 6}, {1, 5}, {2, 4}], [{8, 7}, {3, 6}, {1, 5}, {4}, {2}], [{8, 7}, {3, 6}, {2, 5}, {1, 4}], [{8, 7}, {3, 6}, {2, 5}, {4}, {1}], [{8, 7}, {3, 6}, {4, 5}, {1, 2}], [{8, 7}, {3, 6}, {4, 5}, {2}, {1}], [{8, 7}, {3, 6}, {5}, {1, 4}, {2}], [{8, 7}, {3, 6}, {5}, {2, 4}, {1}], [{8, 7}, {3, 6}, {5}, {4}, {1, 2}], [{8, 7}, {3, 6}, {5}, {4}, {2}, {1}], [{8, 7}, {4, 6}, {1, 5}, {2, 3}], [{8, 7}, {4, 6}, {1, 5}, {3}, {2}], [{8, 7}, {4, 6}, {2, 5}, {1, 3}], [{8, 7}, {4, 6}, {2, 5}, {3}, {1}], [{8, 7}, {4, 6}, {3, 5}, {1, 2}], [{8, 7}, {4, 6}, {3, 5}, {2}, {1}], [{8, 7}, {4, 6}, {5}, {1, 3}, {2}], [{8, 7}, {4, 6}, {5}, {2, 3}, {1}], [{8, 7}, {4, 6}, {5}, {3}, {1, 2}], [{8, 7}, {4, 6}, {5}, {3}, {2}, {1}], [{8, 7}, {5, 6}, {1, 4}, {2, 3}], [{8, 7}, {5, 6}, {2, 4}, {1, 3}], [{8, 7}, {5, 6}, {3, 4}, {1, 2}], [{8, 7}, {5, 6}, {3, 4}, {2}, {1}], [{8, 7}, {6}, {1, 5}, {2, 4}, {3}], [{8, 7}, {6}, {1, 5}, {3, 4}, {2}], [{8, 7}, {6}, {1, 5}, {4}, {2, 3}], [{8, 7}, {6}, {2, 5}, {1, 4}, {3}], [{8, 7}, {6}, {2, 5}, {3, 4}, {1}], [{8, 7}, {6}, {2, 5}, {4}, {1, 3}], [{8, 7}, {6}, {5}, {3, 4}, {1, 2}], [{8, 7}, {6}, {5}, {3, 4}, {2}, {1}], [{8}, {1, 7}, {2, 6}, {5}, {3, 4}], [{8}, {1, 7}, {3, 6}, {2, 5}, {4}], [{8}, {1, 7}, {4, 6}, {2, 5}, {3}], [{8}, {1, 7}, {5, 6}, {3, 4}, {2}], [{8}, {1, 7}, {6}, {2, 5}, {3, 4}], [{8}, {2, 7}, {3, 6}, {1, 5}, {4}], [{8}, {2, 7}, {4, 6}, {1, 5}, {3}], [{8}, {2, 7}, {4, 6}, {3, 5}, {1}], [{8}, {2, 7}, {4, 6}, {5}, {1, 3}], [{8}, {2, 7}, {6}, {1, 5}, {3, 4}], [{8}, {4, 7}, {1, 6}, {2, 5}, {3}], [{8}, {4, 7}, {2, 6}, {1, 5}, {3}], [{8}, {4, 7}, {6}, {3, 5}, {1, 2}], [{8}, {5, 7}, {1, 6}, {2, 4}, {3}], [{8}, {5, 7}, {1, 6}, {3, 4}, {2}], [{8}, {5, 7}, {1, 6}, {4}, {2, 3}], [{8}, {5, 7}, {2, 6}, {1, 4}, {3}], [{8}, {6, 7}, {1, 5}, {2, 4}, {3}], [{8}, {6, 7}, {2, 5}, {1, 4}, {3}], [{8}, {6, 7}, {3, 5}, {1, 4}, {2}], [{8}, {6, 7}, {4, 5}, {1, 3}, {2}], [{8}, {6, 7}, {5}, {1, 4}, {2, 3}], [{8}, {7}, {5, 6}, {2, 4}, {1, 3}]]",2,4 K_1^3 - 4 K_1^2 - 8 K_1 K_2 + K_1 + 2 K_2 + 3 K_3 + 3,O1O2O3U4O5U3U2O6U5U7O4U1U6O8O7U8,O1O2U3O4O5U1O6O7U5O3U7U6U2O8U4U8,O1O2U3O4O5U6O7O3U8U5O8U7U2U1O6U4,c,{'O1O2O3U4O5O4U6U3O7U5U8O6U2U1O8U7'},1,"<a href=""/flatknot/8.975851"">8.975851</a>",t^9-39t^7-52t^6+81t^5-28t^4+19t^3+88t^2-42t,0,,
8.975852,O1O2O3U4O5O4U6U3O7U5U8O6U7U1O8U2,3,9z^2+76z+117,9w^3z^2+76w^2z+117w,False,False,"[[ 0  0  1  0  1  0 -2  1 -1],[ 0  0  0  0  1  0 -1  0  0],[-1  0  0  0  0  0 -3  1 -1],[ 0  0  0  0  0  0 -1  0  1],[-1 -1  0  0  0  0 -2  0 -2],[ 0  0  0  0  0  0  0  0  0],[ 2  1  3  1  2  0  0  1  1],[-1  0 -1  0  0  0 -1  0 -1],[ 1  0  1 -1  2  0 -1  1  0]]","[[ 0  1  1  1  0  0 -1 -2],[-1  0  1  0  0  0 -1 -3],[-1 -1  0  0  0  0 -1 -1],[-1  0  0  0  0 -1 -2 -2],[ 0  0  0  0  0  0  1 -1],[ 0  0  0  1  0  0  0 -1],[ 1  1  1  2 -1  0  0 -1],[ 2  3  1  2  1  1  1  0]]",False,"[-1,-1,-1,0,0,1,2,-1,0,0,0,1,3,0,0,0,1,1,0,1,2,2,0,-1,1,0,1,1]","[-2,-1,0,0,1,1,1,0,1,1,0,1,2,1,2,1,0,1,0,1,0,1,1,1,1,0,-1,0]",t^7+26t^5+83t^3+48t,"[-2,-1,0,0,1,1,1,0,1,1,0,1,2,1,2,1,0,1,0,1,0,1,1,1,1,0,-1,0]","[-1,-1,-1,0,0,1,2,-1,0,1,1,1,2,0,1,1,1,0,0,1,0,1,0,1,1,2,1,0]","[-2,-1,0,0,1,1,1,1,1,1,1,2,3,-1,0,1,2,1,0,0,0,0,0,1,0,0,-1,0]",c,"[[{8, 1}, {2, 7}, {3, 6}, {4, 5}], [{8, 1}, {2, 7}, {3, 6}, {5}, {4}], [{8, 1}, {2, 7}, {4, 6}, {3, 5}], [{8, 1}, {2, 7}, {4, 6}, {5}, {3}], [{8, 1}, {2, 7}, {5, 6}, {3, 4}], [{8, 1}, {2, 7}, {6}, {5}, {3, 4}], [{8, 1}, {3, 7}, {2, 6}, {4, 5}], [{8, 1}, {3, 7}, {2, 6}, {5}, {4}], [{8, 1}, {3, 7}, {4, 6}, {2, 5}], [{8, 1}, {3, 7}, {4, 6}, {5}, {2}], [{8, 1}, {3, 7}, {5, 6}, {2, 4}], [{8, 1}, {3, 7}, {6}, {5}, {2, 4}], [{8, 1}, {4, 7}, {2, 6}, {3, 5}], [{8, 1}, {4, 7}, {2, 6}, {5}, {3}], [{8, 1}, {4, 7}, {3, 6}, {2, 5}], [{8, 1}, {4, 7}, {3, 6}, {5}, {2}], [{8, 1}, {4, 7}, {5, 6}, {2, 3}], [{8, 1}, {4, 7}, {6}, {5}, {2, 3}], [{8, 1}, {5, 7}, {2, 6}, {3, 4}], [{8, 1}, {5, 7}, {3, 6}, {2, 4}], [{8, 1}, {5, 7}, {4, 6}, {2, 3}], [{8, 1}, {5, 7}, {4, 6}, {3}, {2}], [{8, 1}, {6, 7}, {2, 5}, {3, 4}], [{8, 1}, {6, 7}, {3, 5}, {2, 4}], [{8, 1}, {6, 7}, {4, 5}, {2, 3}], [{8, 1}, {6, 7}, {5}, {2, 4}, {3}], [{8, 1}, {6, 7}, {5}, {3, 4}, {2}], [{8, 1}, {6, 7}, {5}, {4}, {2, 3}], [{8, 1}, {7}, {2, 6}, {5}, {3, 4}], [{8, 1}, {7}, {3, 6}, {5}, {2, 4}], [{8, 1}, {7}, {4, 6}, {2, 5}, {3}], [{8, 1}, {7}, {4, 6}, {3, 5}, {2}], [{8, 1}, {7}, {4, 6}, {5}, {2, 3}], [{8, 1}, {7}, {4, 6}, {5}, {3}, {2}], [{8, 2}, {1, 7}, {3, 6}, {4, 5}], [{8, 2}, {1, 7}, {3, 6}, {5}, {4}], [{8, 2}, {1, 7}, {4, 6}, {3, 5}], [{8, 2}, {1, 7}, {4, 6}, {5}, {3}], [{8, 2}, {1, 7}, {5, 6}, {3, 4}], [{8, 2}, {1, 7}, {6}, {5}, {3, 4}], [{8, 2}, {3, 7}, {1, 6}, {4, 5}], [{8, 2}, {3, 7}, {1, 6}, {5}, {4}], [{8, 2}, {3, 7}, {4, 6}, {1, 5}], [{8, 2}, {3, 7}, {4, 6}, {5}, {1}], [{8, 2}, {3, 7}, {5, 6}, {1, 4}], [{8, 2}, {3, 7}, {6}, {5}, {1, 4}], [{8, 2}, {4, 7}, {1, 6}, {3, 5}], [{8, 2}, {4, 7}, {1, 6}, {5}, {3}], [{8, 2}, {4, 7}, {3, 6}, {1, 5}], [{8, 2}, {4, 7}, {3, 6}, {5}, {1}], [{8, 2}, {4, 7}, {5, 6}, {1, 3}], [{8, 2}, {4, 7}, {5, 6}, {3}, {1}], [{8, 2}, {4, 7}, {6}, {1, 5}, {3}], [{8, 2}, {4, 7}, {6}, {3, 5}, {1}], [{8, 2}, {4, 7}, {6}, {5}, {1, 3}], [{8, 2}, {4, 7}, {6}, {5}, {3}, {1}], [{8, 2}, {5, 7}, {1, 6}, {3, 4}], [{8, 2}, {5, 7}, {3, 6}, {1, 4}], [{8, 2}, {5, 7}, {4, 6}, {1, 3}], [{8, 2}, {5, 7}, {4, 6}, {3}, {1}], [{8, 2}, {6, 7}, {1, 5}, {3, 4}], [{8, 2}, {6, 7}, {1, 5}, {4}, {3}], [{8, 2}, {6, 7}, {3, 5}, {1, 4}], [{8, 2}, {6, 7}, {3, 5}, {4}, {1}], [{8, 2}, {6, 7}, {4, 5}, {1, 3}], [{8, 2}, {6, 7}, {4, 5}, {3}, {1}], [{8, 2}, {6, 7}, {5}, {1, 4}, {3}], [{8, 2}, {6, 7}, {5}, {3, 4}, {1}], [{8, 2}, {6, 7}, {5}, {4}, {1, 3}], [{8, 2}, {6, 7}, {5}, {4}, {3}, {1}], [{8, 2}, {7}, {1, 6}, {5}, {3, 4}], [{8, 2}, {7}, {3, 6}, {5}, {1, 4}], [{8, 2}, {7}, {4, 6}, {1, 5}, {3}], [{8, 2}, {7}, {4, 6}, {3, 5}, {1}], [{8, 2}, {7}, {4, 6}, {5}, {1, 3}], [{8, 2}, {7}, {4, 6}, {5}, {3}, {1}], [{8, 3}, {1, 7}, {2, 6}, {4, 5}], [{8, 3}, {1, 7}, {2, 6}, {5}, {4}], [{8, 3}, {1, 7}, {4, 6}, {2, 5}], [{8, 3}, {1, 7}, {4, 6}, {5}, {2}], [{8, 3}, {1, 7}, {5, 6}, {2, 4}], [{8, 3}, {1, 7}, {6}, {5}, {2, 4}], [{8, 3}, {2, 7}, {1, 6}, {4, 5}], [{8, 3}, {2, 7}, {1, 6}, {5}, {4}], [{8, 3}, {2, 7}, {4, 6}, {1, 5}], [{8, 3}, {2, 7}, {4, 6}, {5}, {1}], [{8, 3}, {2, 7}, {5, 6}, {1, 4}], [{8, 3}, {2, 7}, {6}, {5}, {1, 4}], [{8, 3}, {4, 7}, {1, 6}, {2, 5}], [{8, 3}, {4, 7}, {1, 6}, {5}, {2}], [{8, 3}, {4, 7}, {2, 6}, {1, 5}], [{8, 3}, {4, 7}, {2, 6}, {5}, {1}], [{8, 3}, {4, 7}, {5, 6}, {1, 2}], [{8, 3}, {4, 7}, {6}, {5}, {1, 2}], [{8, 3}, {5, 7}, {1, 6}, {2, 4}], [{8, 3}, {5, 7}, {2, 6}, {1, 4}], [{8, 3}, {5, 7}, {4, 6}, {1, 2}], [{8, 3}, {5, 7}, {4, 6}, {2}, {1}], [{8, 3}, {6, 7}, {1, 5}, {2, 4}], [{8, 3}, {6, 7}, {2, 5}, {1, 4}], [{8, 3}, {6, 7}, {4, 5}, {1, 2}], [{8, 3}, {6, 7}, {5}, {1, 4}, {2}], [{8, 3}, {6, 7}, {5}, {2, 4}, {1}], [{8, 3}, {6, 7}, {5}, {4}, {1, 2}], [{8, 3}, {7}, {1, 6}, {5}, {2, 4}], [{8, 3}, {7}, {2, 6}, {5}, {1, 4}], [{8, 3}, {7}, {4, 6}, {1, 5}, {2}], [{8, 3}, {7}, {4, 6}, {2, 5}, {1}], [{8, 3}, {7}, {4, 6}, {5}, {1, 2}], [{8, 3}, {7}, {4, 6}, {5}, {2}, {1}], [{8, 4}, {1, 7}, {2, 6}, {3, 5}], [{8, 4}, {1, 7}, {2, 6}, {5}, {3}], [{8, 4}, {1, 7}, {3, 6}, {2, 5}], [{8, 4}, {1, 7}, {3, 6}, {5}, {2}], [{8, 4}, {1, 7}, {5, 6}, {2, 3}], [{8, 4}, {1, 7}, {5, 6}, {3}, {2}], [{8, 4}, {1, 7}, {6}, {2, 5}, {3}], [{8, 4}, {1, 7}, {6}, {3, 5}, {2}], [{8, 4}, {1, 7}, {6}, {5}, {2, 3}], [{8, 4}, {1, 7}, {6}, {5}, {3}, {2}], [{8, 4}, {2, 7}, {1, 6}, {3, 5}], [{8, 4}, {2, 7}, {1, 6}, {5}, {3}], [{8, 4}, {2, 7}, {3, 6}, {1, 5}], [{8, 4}, {2, 7}, {3, 6}, {5}, {1}], [{8, 4}, {2, 7}, {5, 6}, {1, 3}], [{8, 4}, {2, 7}, {5, 6}, {3}, {1}], [{8, 4}, {2, 7}, {6}, {1, 5}, {3}], [{8, 4}, {2, 7}, {6}, {3, 5}, {1}], [{8, 4}, {2, 7}, {6}, {5}, {1, 3}], [{8, 4}, {2, 7}, {6}, {5}, {3}, {1}], [{8, 4}, {3, 7}, {1, 6}, {2, 5}], [{8, 4}, {3, 7}, {1, 6}, {5}, {2}], [{8, 4}, {3, 7}, {2, 6}, {1, 5}], [{8, 4}, {3, 7}, {2, 6}, {5}, {1}], [{8, 4}, {3, 7}, {5, 6}, {1, 2}], [{8, 4}, {3, 7}, {5, 6}, {2}, {1}], [{8, 4}, {3, 7}, {6}, {1, 5}, {2}], [{8, 4}, {3, 7}, {6}, {2, 5}, {1}], [{8, 4}, {3, 7}, {6}, {5}, {1, 2}], [{8, 4}, {3, 7}, {6}, {5}, {2}, {1}], [{8, 4}, {5, 7}, {1, 6}, {2, 3}], [{8, 4}, {5, 7}, {1, 6}, {3}, {2}], [{8, 4}, {5, 7}, {2, 6}, {1, 3}], [{8, 4}, {5, 7}, {2, 6}, {3}, {1}], [{8, 4}, {5, 7}, {3, 6}, {1, 2}], [{8, 4}, {5, 7}, {3, 6}, {2}, {1}], [{8, 4}, {5, 7}, {6}, {1, 3}, {2}], [{8, 4}, {5, 7}, {6}, {2, 3}, {1}], [{8, 4}, {5, 7}, {6}, {3}, {1, 2}], [{8, 4}, {5, 7}, {6}, {3}, {2}, {1}], [{8, 4}, {6, 7}, {1, 5}, {2, 3}], [{8, 4}, {6, 7}, {1, 5}, {3}, {2}], [{8, 4}, {6, 7}, {2, 5}, {1, 3}], [{8, 4}, {6, 7}, {2, 5}, {3}, {1}], [{8, 4}, {6, 7}, {3, 5}, {1, 2}], [{8, 4}, {6, 7}, {3, 5}, {2}, {1}], [{8, 4}, {6, 7}, {5}, {1, 3}, {2}], [{8, 4}, {6, 7}, {5}, {2, 3}, {1}], [{8, 4}, {6, 7}, {5}, {3}, {1, 2}], [{8, 4}, {6, 7}, {5}, {3}, {2}, {1}], [{8, 4}, {7}, {1, 6}, {2, 5}, {3}], [{8, 4}, {7}, {1, 6}, {3, 5}, {2}], [{8, 4}, {7}, {1, 6}, {5}, {2, 3}], [{8, 4}, {7}, {1, 6}, {5}, {3}, {2}], [{8, 4}, {7}, {2, 6}, {1, 5}, {3}], [{8, 4}, {7}, {2, 6}, {3, 5}, {1}], [{8, 4}, {7}, {2, 6}, {5}, {1, 3}], [{8, 4}, {7}, {2, 6}, {5}, {3}, {1}], [{8, 4}, {7}, {3, 6}, {1, 5}, {2}], [{8, 4}, {7}, {3, 6}, {2, 5}, {1}], [{8, 4}, {7}, {3, 6}, {5}, {1, 2}], [{8, 4}, {7}, {3, 6}, {5}, {2}, {1}], [{8, 4}, {7}, {5, 6}, {1, 3}, {2}], [{8, 4}, {7}, {5, 6}, {2, 3}, {1}], [{8, 4}, {7}, {5, 6}, {3}, {1, 2}], [{8, 4}, {7}, {5, 6}, {3}, {2}, {1}], [{8, 4}, {7}, {6}, {1, 5}, {2, 3}], [{8, 4}, {7}, {6}, {1, 5}, {3}, {2}], [{8, 4}, {7}, {6}, {2, 5}, {1, 3}], [{8, 4}, {7}, {6}, {2, 5}, {3}, {1}], [{8, 4}, {7}, {6}, {3, 5}, {1, 2}], [{8, 4}, {7}, {6}, {3, 5}, {2}, {1}], [{8, 4}, {7}, {6}, {5}, {1, 3}, {2}], [{8, 4}, {7}, {6}, {5}, {2, 3}, {1}], [{8, 4}, {7}, {6}, {5}, {3}, {1, 2}], [{8, 4}, {7}, {6}, {5}, {3}, {2}, {1}], [{8, 5}, {1, 7}, {2, 6}, {3, 4}], [{8, 5}, {1, 7}, {3, 6}, {2, 4}], [{8, 5}, {1, 7}, {4, 6}, {2, 3}], [{8, 5}, {1, 7}, {4, 6}, {3}, {2}], [{8, 5}, {2, 7}, {1, 6}, {3, 4}], [{8, 5}, {2, 7}, {3, 6}, {1, 4}], [{8, 5}, {2, 7}, {4, 6}, {1, 3}], [{8, 5}, {2, 7}, {4, 6}, {3}, {1}], [{8, 5}, {3, 7}, {1, 6}, {2, 4}], [{8, 5}, {3, 7}, {2, 6}, {1, 4}], [{8, 5}, {3, 7}, {4, 6}, {1, 2}], [{8, 5}, {3, 7}, {4, 6}, {2}, {1}], [{8, 5}, {3, 7}, {6}, {4}, {1, 2}], [{8, 5}, {4, 7}, {1, 6}, {2, 3}], [{8, 5}, {4, 7}, {2, 6}, {1, 3}], [{8, 5}, {4, 7}, {2, 6}, {3}, {1}], [{8, 5}, {4, 7}, {3, 6}, {1, 2}], [{8, 5}, {6, 7}, {1, 4}, {2, 3}], [{8, 5}, {6, 7}, {2, 4}, {1, 3}], [{8, 5}, {6, 7}, {2, 4}, {3}, {1}], [{8, 5}, {6, 7}, {3, 4}, {1, 2}], [{8, 5}, {7}, {4, 6}, {1, 3}, {2}], [{8, 5}, {7}, {4, 6}, {2, 3}, {1}], [{8, 5}, {7}, {4, 6}, {3}, {1, 2}], [{8, 5}, {7}, {4, 6}, {3}, {2}, {1}], [{8, 6}, {1, 7}, {2, 5}, {3, 4}], [{8, 6}, {1, 7}, {2, 5}, {4}, {3}], [{8, 6}, {1, 7}, {3, 5}, {2, 4}], [{8, 6}, {1, 7}, {3, 5}, {4}, {2}], [{8, 6}, {1, 7}, {4, 5}, {2, 3}], [{8, 6}, {1, 7}, {4, 5}, {3}, {2}], [{8, 6}, {1, 7}, {5}, {2, 4}, {3}], [{8, 6}, {1, 7}, {5}, {3, 4}, {2}], [{8, 6}, {1, 7}, {5}, {4}, {2, 3}], [{8, 6}, {1, 7}, {5}, {4}, {3}, {2}], [{8, 6}, {2, 7}, {1, 5}, {3, 4}], [{8, 6}, {2, 7}, {1, 5}, {4}, {3}], [{8, 6}, {2, 7}, {3, 5}, {1, 4}], [{8, 6}, {2, 7}, {3, 5}, {4}, {1}], [{8, 6}, {2, 7}, {4, 5}, {1, 3}], [{8, 6}, {2, 7}, {4, 5}, {3}, {1}], [{8, 6}, {2, 7}, {5}, {1, 4}, {3}], [{8, 6}, {2, 7}, {5}, {3, 4}, {1}], [{8, 6}, {2, 7}, {5}, {4}, {1, 3}], [{8, 6}, {2, 7}, {5}, {4}, {3}, {1}], [{8, 6}, {3, 7}, {1, 5}, {2, 4}], [{8, 6}, {3, 7}, {1, 5}, {4}, {2}], [{8, 6}, {3, 7}, {2, 5}, {1, 4}], [{8, 6}, {3, 7}, {2, 5}, {4}, {1}], [{8, 6}, {3, 7}, {4, 5}, {1, 2}], [{8, 6}, {3, 7}, {4, 5}, {2}, {1}], [{8, 6}, {3, 7}, {5}, {1, 4}, {2}], [{8, 6}, {3, 7}, {5}, {2, 4}, {1}], [{8, 6}, {3, 7}, {5}, {4}, {1, 2}], [{8, 6}, {3, 7}, {5}, {4}, {2}, {1}], [{8, 6}, {4, 7}, {1, 5}, {2, 3}], [{8, 6}, {4, 7}, {1, 5}, {3}, {2}], [{8, 6}, {4, 7}, {2, 5}, {1, 3}], [{8, 6}, {4, 7}, {2, 5}, {3}, {1}], [{8, 6}, {4, 7}, {3, 5}, {1, 2}], [{8, 6}, {4, 7}, {3, 5}, {2}, {1}], [{8, 6}, {4, 7}, {5}, {1, 3}, {2}], [{8, 6}, {4, 7}, {5}, {2, 3}, {1}], [{8, 6}, {4, 7}, {5}, {3}, {1, 2}], [{8, 6}, {4, 7}, {5}, {3}, {2}, {1}], [{8, 6}, {5, 7}, {1, 4}, {2, 3}], [{8, 6}, {5, 7}, {1, 4}, {3}, {2}], [{8, 6}, {5, 7}, {2, 4}, {1, 3}], [{8, 6}, {5, 7}, {2, 4}, {3}, {1}], [{8, 6}, {5, 7}, {3, 4}, {1, 2}], [{8, 6}, {5, 7}, {3, 4}, {2}, {1}], [{8, 6}, {5, 7}, {4}, {1, 3}, {2}], [{8, 6}, {5, 7}, {4}, {2, 3}, {1}], [{8, 6}, {5, 7}, {4}, {3}, {1, 2}], [{8, 6}, {5, 7}, {4}, {3}, {2}, {1}], [{8, 6}, {7}, {1, 5}, {2, 4}, {3}], [{8, 6}, {7}, {1, 5}, {3, 4}, {2}], [{8, 6}, {7}, {1, 5}, {4}, {2, 3}], [{8, 6}, {7}, {1, 5}, {4}, {3}, {2}], [{8, 6}, {7}, {2, 5}, {1, 4}, {3}], [{8, 6}, {7}, {2, 5}, {3, 4}, {1}], [{8, 6}, {7}, {2, 5}, {4}, {1, 3}], [{8, 6}, {7}, {2, 5}, {4}, {3}, {1}], [{8, 6}, {7}, {3, 5}, {1, 4}, {2}], [{8, 6}, {7}, {3, 5}, {2, 4}, {1}], [{8, 6}, {7}, {3, 5}, {4}, {1, 2}], [{8, 6}, {7}, {3, 5}, {4}, {2}, {1}], [{8, 6}, {7}, {4, 5}, {1, 3}, {2}], [{8, 6}, {7}, {4, 5}, {2, 3}, {1}], [{8, 6}, {7}, {4, 5}, {3}, {1, 2}], [{8, 6}, {7}, {4, 5}, {3}, {2}, {1}], [{8, 6}, {7}, {5}, {1, 4}, {2, 3}], [{8, 6}, {7}, {5}, {1, 4}, {3}, {2}], [{8, 6}, {7}, {5}, {2, 4}, {1, 3}], [{8, 6}, {7}, {5}, {2, 4}, {3}, {1}], [{8, 6}, {7}, {5}, {3, 4}, {1, 2}], [{8, 6}, {7}, {5}, {3, 4}, {2}, {1}], [{8, 6}, {7}, {5}, {4}, {1, 3}, {2}], [{8, 6}, {7}, {5}, {4}, {2, 3}, {1}], [{8, 6}, {7}, {5}, {4}, {3}, {1, 2}], [{8, 6}, {7}, {5}, {4}, {3}, {2}, {1}], [{8, 7}, {1, 6}, {2, 5}, {3, 4}], [{8, 7}, {1, 6}, {3, 5}, {2, 4}], [{8, 7}, {1, 6}, {4, 5}, {2, 3}], [{8, 7}, {1, 6}, {5}, {2, 4}, {3}], [{8, 7}, {1, 6}, {5}, {3, 4}, {2}], [{8, 7}, {1, 6}, {5}, {4}, {2, 3}], [{8, 7}, {2, 6}, {1, 5}, {3, 4}], [{8, 7}, {2, 6}, {1, 5}, {4}, {3}], [{8, 7}, {2, 6}, {3, 5}, {1, 4}], [{8, 7}, {2, 6}, {3, 5}, {4}, {1}], [{8, 7}, {2, 6}, {4, 5}, {1, 3}], [{8, 7}, {2, 6}, {4, 5}, {3}, {1}], [{8, 7}, {2, 6}, {5}, {1, 4}, {3}], [{8, 7}, {2, 6}, {5}, {3, 4}, {1}], [{8, 7}, {2, 6}, {5}, {4}, {1, 3}], [{8, 7}, {2, 6}, {5}, {4}, {3}, {1}], [{8, 7}, {3, 6}, {1, 5}, {2, 4}], [{8, 7}, {3, 6}, {2, 5}, {1, 4}], [{8, 7}, {3, 6}, {4, 5}, {1, 2}], [{8, 7}, {3, 6}, {5}, {1, 4}, {2}], [{8, 7}, {3, 6}, {5}, {2, 4}, {1}], [{8, 7}, {3, 6}, {5}, {4}, {1, 2}], [{8, 7}, {4, 6}, {1, 5}, {2, 3}], [{8, 7}, {4, 6}, {1, 5}, {3}, {2}], [{8, 7}, {4, 6}, {2, 5}, {1, 3}], [{8, 7}, {4, 6}, {2, 5}, {3}, {1}], [{8, 7}, {4, 6}, {3, 5}, {1, 2}], [{8, 7}, {4, 6}, {3, 5}, {2}, {1}], [{8, 7}, {4, 6}, {5}, {1, 3}, {2}], [{8, 7}, {4, 6}, {5}, {2, 3}, {1}], [{8, 7}, {4, 6}, {5}, {3}, {1, 2}], [{8, 7}, {4, 6}, {5}, {3}, {2}, {1}], [{8, 7}, {5, 6}, {1, 4}, {2, 3}], [{8, 7}, {5, 6}, {2, 4}, {1, 3}], [{8, 7}, {5, 6}, {2, 4}, {3}, {1}], [{8, 7}, {5, 6}, {3, 4}, {1, 2}], [{8, 7}, {6}, {1, 5}, {2, 4}, {3}], [{8, 7}, {6}, {3, 5}, {2, 4}, {1}], [{8, 7}, {6}, {5}, {1, 4}, {2, 3}], [{8, 7}, {6}, {5}, {2, 4}, {1, 3}], [{8, 7}, {6}, {5}, {2, 4}, {3}, {1}], [{8, 7}, {6}, {5}, {3, 4}, {1, 2}], [{8}, {1, 7}, {2, 6}, {5}, {3, 4}], [{8}, {1, 7}, {3, 6}, {5}, {2, 4}], [{8}, {1, 7}, {4, 6}, {2, 5}, {3}], [{8}, {1, 7}, {4, 6}, {3, 5}, {2}], [{8}, {1, 7}, {4, 6}, {5}, {2, 3}], [{8}, {1, 7}, {4, 6}, {5}, {3}, {2}], [{8}, {2, 7}, {1, 6}, {5}, {3, 4}], [{8}, {2, 7}, {3, 6}, {5}, {1, 4}], [{8}, {2, 7}, {4, 6}, {1, 5}, {3}], [{8}, {2, 7}, {4, 6}, {3, 5}, {1}], [{8}, {2, 7}, {4, 6}, {5}, {1, 3}], [{8}, {2, 7}, {4, 6}, {5}, {3}, {1}], [{8}, {3, 7}, {1, 6}, {5}, {2, 4}], [{8}, {3, 7}, {2, 6}, {5}, {1, 4}], [{8}, {3, 7}, {4, 6}, {1, 5}, {2}], [{8}, {3, 7}, {4, 6}, {2, 5}, {1}], [{8}, {3, 7}, {4, 6}, {5}, {1, 2}], [{8}, {3, 7}, {4, 6}, {5}, {2}, {1}], [{8}, {3, 7}, {5, 6}, {4}, {1, 2}], [{8}, {3, 7}, {6}, {4, 5}, {1, 2}], [{8}, {3, 7}, {6}, {5}, {4}, {1, 2}], [{8}, {4, 7}, {1, 6}, {5}, {2, 3}], [{8}, {4, 7}, {2, 6}, {1, 5}, {3}], [{8}, {4, 7}, {2, 6}, {3, 5}, {1}], [{8}, {4, 7}, {2, 6}, {5}, {1, 3}], [{8}, {4, 7}, {2, 6}, {5}, {3}, {1}], [{8}, {4, 7}, {3, 6}, {5}, {1, 2}], [{8}, {5, 7}, {4, 6}, {1, 3}, {2}], [{8}, {5, 7}, {4, 6}, {2, 3}, {1}], [{8}, {5, 7}, {4, 6}, {3}, {1, 2}], [{8}, {5, 7}, {4, 6}, {3}, {2}, {1}], [{8}, {6, 7}, {1, 5}, {2, 4}, {3}], [{8}, {6, 7}, {3, 5}, {2, 4}, {1}], [{8}, {6, 7}, {5}, {1, 4}, {2, 3}], [{8}, {6, 7}, {5}, {2, 4}, {1, 3}], [{8}, {6, 7}, {5}, {2, 4}, {3}, {1}], [{8}, {6, 7}, {5}, {3, 4}, {1, 2}], [{8}, {7}, {4, 6}, {1, 5}, {2, 3}], [{8}, {7}, {4, 6}, {1, 5}, {3}, {2}], [{8}, {7}, {4, 6}, {2, 5}, {1, 3}], [{8}, {7}, {4, 6}, {2, 5}, {3}, {1}], [{8}, {7}, {4, 6}, {3, 5}, {1, 2}], [{8}, {7}, {4, 6}, {3, 5}, {2}, {1}], [{8}, {7}, {4, 6}, {5}, {1, 3}, {2}], [{8}, {7}, {4, 6}, {5}, {2, 3}, {1}], [{8}, {7}, {4, 6}, {5}, {3}, {1, 2}], [{8}, {7}, {4, 6}, {5}, {3}, {2}, {1}]]",2,- 22 K_1^2 + 11 K_2 + 12,O1O2O3U2O4U3U5O6U4U7O5U1U6O8O7U8,O1O2U3O4O5U1O3O6U5O7U6U7U2O8U4U8,O1O2U3O4O5U2O6O3U7U5O7U6U8U1O8U4,c,{'O1O2O3U4O5O4U6U3O7U5U8O6U7U1O8U2'},1,"<a href=""/flatknot/8.975852"">8.975852</a>",t^8-28t^6-32t^5+42t^4+12t^3-3t^2+8t-4,t^2-2t,,
8.975853,O1O2O3U4O5O4U6U3O7U8U1O6U7U2O8U5,4,2z^3+30z^2+109z+115,2w^4z^3+30w^3z^2+109w^2z+115w,False,False,"[[ 0 -1  1  0  1  2 -2  1 -2],[ 1  0  1  0  1  1  0  0  0],[-1 -1  0  1 -1  0 -1 -1 -1],[ 0  0 -1  0  0 -1  0 -1  1],[-1 -1  1  0  0  2 -3  1 -3],[-2 -1  0  1 -2  0 -2  0 -2],[ 2  0  1  0  3  2  0  1  0],[-1  0  1  1 -1  0 -1  0 -1],[ 2  0  1 -1  3  2  0  1  0]]","[[ 0  1  1  1  0 -1 -2],[-1  0  1  1  0 -1 -3],[-1 -1  0  1  1  0 -1],[-1 -1 -1  0  1 -1 -1],[ 0  0 -1 -1  0  0  0],[ 1  1  0  1  0  0  0],[ 2  3  1  1  0  0  0]]",False,"[-1,-1,-1,0,1,2,-1,-1,0,1,3,-1,-1,0,1,-1,1,1,0,0,0]","[-2,-1,0,1,1,1,0,0,1,1,3,0,0,1,1,-1,-1,0,1,-1,-1]",t^6+18t^4+40t^2+9,"[-2,-1,0,1,1,1,1,2,0,2,2,1,1,1,2,1,2,2,-1,-1,1]","[-1,-1,-1,0,1,2,-1,-1,2,1,2,-1,2,2,2,1,1,0,1,2,1]","[-2,-1,0,1,1,1,0,0,1,1,3,0,0,1,1,-1,-1,0,1,-1,-1]",c,"[[{8, 5}, {2, 7}, {3, 6}, {1, 4}], [{8, 5}, {3, 7}, {2, 6}, {1, 4}], [{8, 5}, {3, 7}, {2, 6}, {4}, {1}], [{8, 5}, {6, 7}, {1, 4}, {2, 3}]]",1,4 K_1^3 - 10 K_1^2 - 8 K_1 K_2 + K_1 + 5 K_2 + 3 K_3 + 6,O1O2O3U4O5U2U6O7U3U5O6U1U7O8O4U8,O1O2U3O4O5U1O3O6U4O7U5U6U2O8U7U8,O1O2U3O4O5U2O6O3U7U8O7U6U1U4O8U5,c,{'O1O2O3U4O5O4U6U3O7U8U1O6U7U2O8U5'},1,"<a href=""/flatknot/8.975853"">8.975853</a>",t^7-20t^5-14t^4+43t^3+28t^2-15t-2,t^2-2t,,
8.975854,O1O2O3U4O5O4U6U3O7U8U2O6U7U1O8U5,4,3z^3+26z^2+102z+125,3w^4z^3+26w^3z^2+102w^2z+125w,False,False,"[[ 0  0  0  0  1  2 -2  1 -2],[ 0  0  0  1  0  1 -1  0 -1],[ 0  0  0  0  0  0 -1  0  0],[ 0 -1  0  0  0 -1  0 -1  1],[-1  0  0  0  0  2 -3  1 -3],[-2 -1  0  1 -2  0 -2  0 -2],[ 2  1  1  0  3  2  0  1  0],[-1  0  0  1 -1  0 -1  0 -1],[ 2  1  0 -1  3  2  0  1  0]]","[[ 0  1  1  0  0  0 -2],[-1  0  1  0  0  0 -3],[-1 -1  0  1  0  0 -1],[ 0  0 -1  0  0 -1  0],[ 0  0  0  0  0  0 -1],[ 0  0  0  1  0  0 -1],[ 2  3  1  0  1  1  0]]",False,"[-1,-1,0,0,0,2,-1,0,0,0,3,-1,0,0,1,0,1,0,0,1,1]","[-2,0,0,0,1,1,0,1,1,1,3,-1,0,-1,0,0,0,0,0,0,-1]",t^6+15t^4+23t^2+1,"[-2,0,0,0,1,1,1,1,2,0,2,0,-1,1,1,0,1,1,1,2,-1]","[-1,-1,0,0,0,2,-1,1,1,2,2,1,1,1,0,0,0,1,1,1,2]","[-2,0,0,0,1,1,0,1,1,1,3,-1,0,-1,0,0,0,0,0,0,-1]",c,"[[{8, 5}, {2, 7}, {3, 6}, {1, 4}], [{8, 5}, {2, 7}, {3, 6}, {4}, {1}], [{8, 5}, {3, 7}, {1, 6}, {2, 4}], [{8, 7}, {1, 6}, {3, 5}, {2, 4}]]",1,8 K_1^3 - 22 K_1^2 - 8 K_1 K_2 - 2 K_1 + 11 K_2 + 2 K_3 + 12,O1O2O3U4O5U3U6O7U2U5O6U1U7O8O4U8,O1O2U3O4O5U1O3O6U4O7U6U5U2O8U7U8,O1O2U3O4O5U2O6O3U7U8O7U6U4U1O8U5,c,{'O1O2O3U4O5O4U6U3O7U8U2O6U7U1O8U5'},1,"<a href=""/flatknot/8.975854"">8.975854</a>",t^7-17t^5-4t^4+24t^3-6t^2+7t+2,t^2-2t,,
8.975855,O1O2O3U4O5O4U6U3O7U8U5O6U7U1O8U2,4,18z^2+87z+103,18w^3z^2+87w^2z+103w,False,False,"[[ 0  0  1  0  1  1 -2  1 -2],[ 0  0  0  0  1  0 -1  0 -1],[-1  0  0  0  0  1 -3  1 -2],[ 0  0  0  0  0  0 -1  0  0],[-1 -1  0  0  0  1 -2  0 -2],[-1  0 -1  0 -1  0 -1  0 -1],[ 2  1  3  1  2  1  0  1  0],[-1  0 -1  0  0  0 -1  0 -1],[ 2  1  2  0  2  1  0  1  0]]","[[ 0  1  1  1  1  0  0 -2 -2],[-1  0  1  1  0  0  0 -2 -3],[-1 -1  0  0  0  0  0 -1 -1],[-1 -1  0  0 -1  0  0 -1 -1],[-1  0  0  1  0  0 -1 -2 -2],[ 0  0  0  0  0  0  0  0 -1],[ 0  0  0  0  1  0  0 -1 -1],[ 2  2  1  1  2  0  1  0  0],[ 2  3  1  1  2  1  1  0  0]]",True,"[-1,-1,-1,-1,0,0,2,2,-1,-1,0,0,0,2,3,0,0,0,0,1,1,1,0,0,1,1,0,1,2,2,0,0,1,1,1,0]","[-2,-2,0,0,1,1,1,1,0,0,1,1,1,2,2,1,1,1,1,2,3,0,0,0,0,0,0,0,1,0,0,-1,-1,0,-1,0]",t^8+32t^6+63t^4+27t^2+1,"[-2,-2,0,0,1,1,1,1,0,1,1,0,1,2,2,1,2,1,1,2,2,0,1,0,1,1,1,1,1,1,0,-1,-1,-1,0,0]","[-1,-1,-1,-1,0,0,2,2,-1,-1,0,1,1,2,2,0,0,0,1,1,1,1,1,1,0,1,1,1,2,2,0,1,1,1,2,0]","[-2,-2,0,0,1,1,1,1,0,0,1,1,1,2,2,1,1,1,1,2,3,0,0,0,0,0,0,0,1,0,0,-1,-1,0,-1,0]",c,"[[{8, 2}, {3, 7}, {1, 6}, {4, 5}], [{8, 6}, {3, 7}, {4, 5}, {1, 2}]]",1,4 K_1^3 - 12 K_1^2 - 8 K_1 K_2 + K_1 + 6 K_2 + 3 K_3 + 7,O1O2O3U2O4U3U5O6U7U4O5U1U6O8O7U8,O1O2U3O4O5U1O3O6U4O7U6U7U2O8U5U8,O1O2U3O4O5U2O6O3U7U4O7U6U8U1O8U5,c,{'O1O2O3U4O5O4U6U3O7U8U5O6U7U1O8U2'},1,"<a href=""/flatknot/8.975855"">8.975855</a>",t^9-36t^7-30t^6+63t^5+30t^4-28t^3+10t^2+9t-2,2t^2-4t,,
8.975856,O1O2O3U4O5O4U6U3O7U8U7O6U1U2O8U5,4,3z^3+30z^2+106z+117,3w^4z^3+30w^3z^2+106w^2z+117w,False,False,"[[ 0 -1  1  0  1  2 -2  1 -2],[ 1  0  1  1  1  1  0  0  0],[-1 -1  0  1 -1  0 -2  0 -1],[ 0 -1 -1  0  0 -1  0  0  1],[-1 -1  1  0  0  2 -3  1 -3],[-2 -1  0  1 -2  0 -3  1 -2],[ 2  0  2  0  3  3  0  1  0],[-1  0  0  0 -1 -1 -1  0 -1],[ 2  0  1 -1  3  2  0  1  0]]","[[ 0  2  1  1  1  0 -1 -2 -2],[-2  0  1  0 -2  1 -1 -2 -3],[-1 -1  0  0 -1  0  0 -1 -1],[-1  0  0  0 -1  1 -1 -1 -2],[-1  2  1  1  0  0 -1 -3 -3],[ 0 -1  0 -1  0  0 -1  1  0],[ 1  1  0  1  1  1  0  0  0],[ 2  2  1  1  3 -1  0  0  0],[ 2  3  1  2  3  0  0  0  0]]",True,"[-2,-1,-1,-1,0,1,2,2,-1,0,2,-1,1,2,3,0,1,0,0,1,1,1,-1,1,1,2,0,1,3,3,1,-1,0,0,0,0]","[-2,-2,-1,0,1,1,1,2,0,0,-1,1,1,3,2,0,0,1,2,3,3,1,0,1,1,1,0,-1,0,-1,0,-1,-1,-1,0,2]",t^8+52t^6+187t^4+91t^2+4,"[-2,-2,-1,0,1,1,1,2,0,1,2,0,1,2,1,1,3,0,2,2,2,0,1,1,2,2,1,2,1,3,-1,-1,-1,0,1,2]","[-2,-1,-1,-1,0,1,2,2,-1,1,2,3,2,1,2,1,1,1,1,0,0,0,2,1,1,2,1,2,2,2,0,2,3,1,1,0]","[-2,-2,-1,0,1,1,1,2,0,0,-1,1,1,3,2,0,0,1,2,3,3,1,0,1,1,1,0,-1,0,-1,0,-1,-1,-1,0,2]",c,"[[{8, 5}, {3, 7}, {4, 6}, {1, 2}], [{8, 5}, {4, 7}, {3, 6}, {1, 2}], [{8, 5}, {6, 7}, {3, 4}, {1, 2}]]",1,20 K_1^3 - 18 K_1^2 - 20 K_1 K_2 - 5 K_1 + 9 K_2 + 5 K_3 + 10,O1O2O3U4O5U2U3O6U7U5O7U1U6O8O4U8,O1O2U3O4O3U1O5O6U4O7U5U6U2O8U7U8,O1O2U3O4O5U4O6O3U7U8O7U6U1U2O8U5,c,{'O1O2O3U4O5O4U6U3O7U8U7O6U1U2O8U5'},1,"<a href=""/flatknot/8.975856"">8.975856</a>",t^9-54t^7-104t^6+144t^5+196t^4-64t^3-66t^2+11t+2,t^2-2t,,
8.975857,O1O2O3U4O5O4U6U3O7U8U7O6U1U5O8U2,4,12z^2+97z+147,12w^3z^2+97w^2z+147w,False,False,"[[ 0 -1  1  0  1  2 -2  1 -2],[ 1  0  1  1  1  1  0  0  0],[-1 -1  0  0  0  1 -3  1 -2],[ 0 -1  0  0  0 -1  0  0  0],[-1 -1  0  0  0  2 -3  1 -2],[-2 -1 -1  1 -2  0 -2  0 -2],[ 2  0  3  0  3  2  0  1  0],[-1  0 -1  0 -1  0 -1  0 -1],[ 2  0  2  0  2  2  0  1  0]]","[[ 0  2  1  1  1  0 -1 -2 -2],[-2  0  0 -1 -2  1 -1 -2 -2],[-1  0  0 -1 -1  0  0 -1 -1],[-1  1  1  0  0  0 -1 -2 -3],[-1  2  1  0  0  0 -1 -2 -3],[ 0 -1  0  0  0  0 -1  0  0],[ 1  1  0  1  1  1  0  0  0],[ 2  2  1  2  2  0  0  0  0],[ 2  2  1  3  3  0  0  0  0]]",True,"[-2,-1,-1,-1,0,1,2,2,0,1,2,-1,1,2,2,1,1,0,0,1,1,0,0,1,2,3,0,1,2,3,1,0,0,0,0,0]","[-2,-2,-1,0,1,1,1,2,0,0,0,1,2,2,2,0,0,1,3,3,2,1,0,1,1,1,0,0,0,-1,-1,-1,0,0,1,2]",t^8+48t^6+118t^4+33t^2+1,"[-2,-2,-1,0,1,1,1,2,0,1,2,0,0,2,2,1,2,1,1,2,2,0,1,1,2,2,1,1,1,3,0,-1,-1,-1,0,1]","[-2,-1,-1,-1,0,1,2,2,-1,0,1,3,2,2,2,0,1,1,1,0,1,1,1,1,0,1,1,2,2,2,0,2,2,1,1,0]","[-2,-2,-1,0,1,1,1,2,0,0,0,1,2,2,2,0,0,1,3,3,2,1,0,1,1,1,0,0,0,-1,-1,-1,0,0,1,2]",c,"[[{8, 5}, {1, 7}, {2, 6}, {3, 4}], [{8, 5}, {1, 7}, {3, 6}, {2, 4}], [{8, 5}, {1, 7}, {4, 6}, {2, 3}], [{8, 5}, {3, 7}, {4, 6}, {1, 2}], [{8, 5}, {4, 7}, {3, 6}, {1, 2}], [{8, 5}, {6, 7}, {3, 4}, {1, 2}]]",1,12 K_1^3 - 34 K_1^2 - 20 K_1 K_2 + K_1 + 17 K_2 + 7 K_3 + 18,O1O2O3U2O4U5U3O6U7U4O7U1U6O8O5U8,O1O2U3O4O3U1O5O6U4O7U5U7U2O8U6U8,O1O2U3O4O5U4O6O3U7U1O7U6U8U2O8U5,c,{'O1O2O3U4O5O4U6U3O7U8U7O6U1U5O8U2'},1,"<a href=""/flatknot/8.975857"">8.975857</a>",t^9-50t^7-72t^6+131t^5+128t^4-59t^3-22t^2+11t,t^2-2t,,
8.975858,O1O2O3U4O5O4U6U3O7U8U7O6U2U1O8U5,4,2z^3+32z^2+107z+103,2w^4z^3-8w^4z^2+40w^3z^2+107w^2z+103w,False,False,"[[ 0  0  0  0  1  2 -2  1 -2],[ 0  0  0  1  0  1 -1  0 -1],[ 0  0  0  1  0  0 -1  0  0],[ 0 -1 -1  0  0 -1  0  0  1],[-1  0  0  0  0  2 -3  1 -3],[-2 -1  0  1 -2  0 -3  1 -2],[ 2  1  1  0  3  3  0  1  0],[-1  0  0  0 -1 -1 -1  0 -1],[ 2  1  0 -1  3  2  0  1  0]]","[[ 0  2  1  1  0  0  0 -2 -2],[-2  0  1 -2  1  0 -1 -2 -3],[-1 -1  0 -1  0  0  0 -1 -1],[-1  2  1  0  0  0  0 -3 -3],[ 0 -1  0  0  0 -1 -1  1  0],[ 0  0  0  0  1  0  0  0 -1],[ 0  1  0  0  1  0  0 -1 -1],[ 2  2  1  3 -1  0  1  0  0],[ 2  3  1  3  0  1  1  0  0]]",True,"[-2,-1,-1,0,0,0,2,2,-1,2,-1,0,1,2,3,1,0,0,0,1,1,0,0,0,3,3,1,1,-1,0,0,0,1,1,1,0]","[-2,-2,0,0,0,1,1,2,0,-1,0,1,1,3,2,0,1,1,1,3,3,-1,-1,0,0,-1,0,0,0,0,0,0,1,-1,-1,2]",t^8+47t^6+167t^4+105t^2+4,"[-2,-2,0,0,0,1,1,2,0,1,1,2,0,2,1,1,2,3,0,2,2,0,-1,1,1,1,-1,1,1,2,1,1,3,-1,-1,2]","[-2,-1,-1,0,0,0,2,2,-1,2,1,2,3,1,2,1,1,1,1,0,0,1,1,1,2,2,0,1,1,1,1,1,2,2,3,0]","[-2,-2,0,0,0,1,1,2,0,-1,0,1,1,3,2,0,1,1,1,3,3,-1,-1,0,0,-1,0,0,0,0,0,0,1,-1,-1,2]",c,"[[{8, 5}, {3, 7}, {4, 6}, {1, 2}], [{8, 5}, {3, 7}, {4, 6}, {2}, {1}], [{8, 5}, {4, 7}, {3, 6}, {1, 2}], [{8, 5}, {4, 7}, {3, 6}, {2}, {1}], [{8, 5}, {6, 7}, {3, 4}, {1, 2}], [{8, 5}, {6, 7}, {3, 4}, {2}, {1}]]",1,- 10 K_1^2 - 8 K_1 K_2 + 4 K_1 + 5 K_2 + 4 K_3 + 6,O1O2O3U4O5U3U2O6U7U5O7U1U6O8O4U8,O1O2U3O4O3U1O5O6U4O7U6U5U2O8U7U8,O1O2U3O4O5U4O6O3U7U8O7U6U2U1O8U5,c,{'O1O2O3U4O5O4U6U3O7U8U7O6U2U1O8U5'},1,"<a href=""/flatknot/8.975858"">8.975858</a>",t^9-49t^7-90t^6+124t^5+170t^4-107t^3-52t^2+18t+2,t^2-2t,,
8.975859,O1O2O3U4O5O4U6U3O7U8U7O6U5U1O8U2,4,19z^2+104z+133,19w^3z^2+104w^2z+133w,False,False,"[[ 0  0  1  0  1  1 -2  1 -2],[ 0  0  0  0  1  0 -1  0 -1],[-1  0  0  0  0  1 -3  1 -2],[ 0  0  0  0  0 -1  0  0  0],[-1 -1  0  0  0  1 -3  1 -2],[-1  0 -1  1 -1  0 -1  0 -1],[ 2  1  3  0  3  1  0  1  0],[-1  0 -1  0 -1  0 -1  0 -1],[ 2  1  2  0  2  1  0  1  0]]","[[ 0  1  1  1  1  0  0 -2 -2],[-1  0  1  1  0  0  0 -2 -3],[-1 -1  0  0 -1  1  0 -1 -1],[-1 -1  0  0 -1  0  0 -1 -1],[-1  0  1  1  0  0 -1 -2 -3],[ 0  0 -1  0  0  0  0  0  0],[ 0  0  0  0  1  0  0 -1 -1],[ 2  2  1  1  2  0  1  0  0],[ 2  3  1  1  3  0  1  0  0]]",True,"[-1,-1,-1,-1,0,0,2,2,-1,-1,0,0,0,2,3,0,1,-1,0,1,1,1,0,0,1,1,0,1,2,3,0,0,0,1,1,0]","[-2,-2,0,0,1,1,1,1,0,0,1,1,1,2,2,0,1,1,1,3,3,0,-1,0,0,0,0,0,0,1,0,-1,-1,-1,-1,0]",t^8+38t^6+74t^4+30t^2+1,"[-2,-2,0,0,1,1,1,1,0,1,2,0,0,2,2,1,2,1,1,2,2,0,0,1,1,1,1,1,1,2,0,-1,-1,-1,-1,0]","[-1,-1,-1,-1,0,0,2,2,-1,-1,0,1,1,2,2,0,1,0,1,0,1,1,1,1,0,1,1,2,2,2,0,1,1,2,2,0]","[-2,-2,0,0,1,1,1,1,0,0,1,1,1,2,2,0,1,1,1,3,3,0,-1,0,0,0,0,0,0,1,0,-1,-1,-1,-1,0]",c,"[[{8, 5}, {4, 7}, {3, 6}, {1, 2}]]",1,4 K_1^3 - 24 K_1^2 - 8 K_1 K_2 + K_1 + 12 K_2 + 3 K_3 + 13,O1O2O3U2O4U3U5O6U7U4O7U1U6O8O5U8,O1O2U3O4O3U1O5O6U4O7U6U7U2O8U5U8,O1O2U3O4O5U4O6O3U7U2O7U6U8U1O8U5,c,{'O1O2O3U4O5O4U6U3O7U8U7O6U5U1O8U2'},1,"<a href=""/flatknot/8.975859"">8.975859</a>",t^9-42t^7-42t^6+80t^5+14t^4-42t^3+6t^2+6t,2t^2-4t,,
8.975860,O1O2O3U4O5O4U6U5O7U1U2O6U8U7O8U3,3,23z^2+90z+89,23w^3z^2+90w^2z+89w,False,False,"[[ 0 -2  0  2  1  0 -2  2 -1],[ 2  0  1  2  3 -1  0  1  1],[ 0 -1  0  1  1 -1 -1  0 -1],[-2 -2 -1  0 -1  0 -2  0 -3],[-1 -3 -1  1  0  0 -2  2 -2],[ 0  1  1  0  0  0  0 -1  0],[ 2  0  1  2  2  0  0  2  2],[-2 -1  0  0 -2  1 -2  0 -2],[ 1 -1  1  3  2  0 -2  2  0]]","[[ 0  2  1  0  0 -1 -2],[-2  0 -2  1  0 -2 -1],[-1  2  0  0 -1 -2 -3],[ 0 -1  0  0  1  0  1],[ 0  0  1 -1  0 -1 -1],[ 1  2  2  0  1  0 -1],[ 2  1  3 -1  1  1  0]]",False,"[-2,-1,0,0,1,2,2,-1,0,2,1,0,1,2,3,-1,0,-1,1,1,1]","[-2,-1,0,0,1,2,-1,2,3,1,3,0,1,0,0,-1,0,1,1,3,0]",t^6+29t^4+70t^2,"[-2,-1,0,0,1,2,0,1,3,0,3,0,1,0,1,1,0,2,1,3,-1]","[-2,-1,0,0,1,2,-1,2,3,1,3,0,1,0,0,-1,0,1,1,3,0]","[-2,-1,0,0,1,2,1,-1,1,3,1,0,1,2,2,1,0,-1,1,0,2]",c,"[[{8, 1}, {2, 7}, {3, 6}, {4, 5}], [{8, 3}, {2, 7}, {4, 6}, {1, 5}], [{8, 4}, {1, 7}, {3, 6}, {2, 5}], [{8, 4}, {1, 7}, {3, 6}, {5}, {2}], [{8, 4}, {2, 7}, {1, 6}, {3, 5}], [{8, 4}, {2, 7}, {3, 6}, {1, 5}], [{8, 4}, {5, 7}, {3, 6}, {1, 2}], [{8, 4}, {6, 7}, {2, 5}, {1, 3}], [{8, 4}, {6, 7}, {5}, {1, 3}, {2}]]",1,8 K_1^3 - 12 K_1^2 - 4 K_1 K_2 - 4 K_1 + 6 K_2 + 7,O1O2O3U1O4U5U4O6U2U3O5U7U6O8O7U8,O1O2U3O4O5U1O6O3U6O7U4U5U7O8U2U8,O1O2U3O4O5U1O6O3U7U6O7U8U4U5O8U2,c,{'O1O2O3U4O5O4U6U5O7U1U2O6U8U7O8U3'},1,"<a href=""/flatknot/8.975860"">8.975860</a>",t^7-29t^5-56t^4-10t^3-36t^2-24t+8,0,,
8.975861,O1O2O3U4O5O4U6U5O7U1U3O6U8U7O8U2,3,12z^2+81z+115,12w^3z^2+81w^2z+115w,False,False,"[[ 0 -2  1  1  1  0 -2  2 -1],[ 2  0  2  1  3 -1  0  1  1],[-1 -2  0  0  0  0 -2  1 -2],[-1 -1  0  0  0 -1 -2  0 -2],[-1 -3  0  0  0  0 -2  2 -2],[ 0  1  0  1  0  0  0 -1  0],[ 2  0  2  2  2  0  0  2  2],[-2 -1 -1  0 -2  1 -2  0 -2],[ 1 -1  2  2  2  0 -2  2  0]]","[[ 0  2  1  1  1  0 -1 -2 -2],[-2  0  0 -1 -2  1 -2 -1 -2],[-1  0  0  0  0 -1 -2 -1 -2],[-1  1  0  0  0  0 -2 -2 -2],[-1  2  0  0  0  0 -2 -3 -2],[ 0 -1  1  0  0  0  0  1  0],[ 1  2  2  2  2  0  0 -1 -2],[ 2  1  1  2  3 -1  1  0  0],[ 2  2  2  2  2  0  2  0  0]]",True,"[-2,-1,-1,-1,0,1,2,2,0,1,2,-1,2,1,2,0,0,1,2,1,2,0,0,2,2,2,0,2,3,2,0,-1,0,1,2,0]","[-2,-2,-1,0,1,1,1,2,0,-1,2,1,1,1,2,0,3,0,1,2,3,1,0,0,0,1,1,1,0,3,0,0,-1,0,0,1]",t^8+60t^6+301t^4+82t^2,"[-2,-2,-1,0,1,1,1,2,0,-1,2,1,1,1,2,0,3,0,1,2,3,1,0,0,0,1,1,1,0,3,0,0,-1,0,0,1]","[-2,-1,-1,-1,0,1,2,2,-1,0,1,3,1,2,3,0,0,1,0,1,0,0,1,0,1,1,0,0,1,2,1,2,3,-1,0,0]","[-2,-2,-1,0,1,1,1,2,0,1,-1,1,2,3,1,2,0,2,2,2,2,0,2,2,2,2,1,0,0,-1,0,0,0,0,1,2]",c,"[[{8, 2}, {1, 7}, {3, 6}, {4, 5}], [{8, 2}, {1, 7}, {4, 6}, {3, 5}], [{8, 2}, {1, 7}, {5, 6}, {3, 4}], [{8, 2}, {1, 7}, {6}, {3, 5}, {4}], [{8, 4}, {1, 7}, {2, 6}, {3, 5}], [{8, 4}, {1, 7}, {3, 6}, {2, 5}], [{8, 4}, {1, 7}, {5, 6}, {2, 3}], [{8, 4}, {1, 7}, {6}, {3, 5}, {2}], [{8, 4}, {2, 7}, {3, 6}, {1, 5}], [{8, 6}, {1, 7}, {3, 5}, {2, 4}], [{8, 6}, {1, 7}, {3, 5}, {4}, {2}], [{8}, {1, 7}, {2, 6}, {3, 5}, {4}], [{8}, {1, 7}, {4, 6}, {3, 5}, {2}], [{8}, {1, 7}, {6}, {3, 5}, {2, 4}], [{8}, {1, 7}, {6}, {3, 5}, {4}, {2}]]",1,- 22 K_1^2 - 4 K_1 K_2 + 2 K_1 + 11 K_2 + 2 K_3 + 12,O1O2O3U2O4U5U4O6U1U3O5U7U6O8O7U8,O1O2U3O4O5U1O6O3U6O7U4U7U5O8U2U8,O1O2U3O4O5U1O6O3U7U6O7U4U8U5O8U2,c,{'O1O2O3U4O5O4U6U5O7U1U3O6U8U7O8U2'},1,"<a href=""/flatknot/8.975861"">8.975861</a>",t^9-62t^7-160t^6+142t^5+412t^4-209t^3-70t^2-16t,t^2-2t,,
8.975862,O1O2O3U4O5O4U6U5O7U1U7O6U8U3O8U2,4,4z^3+32z^2+97z+99,4w^4z^3+32w^3z^2+97w^2z+99w,False,False,"[[ 0 -2  1  2  1  0 -2  1 -1],[ 2  0  2  1  3 -1  0  1  1],[-1 -2  0  1  0  0 -2  0 -2],[-2 -1 -1  0 -1  0 -3  0 -2],[-1 -3  0  1  0  0 -2  1 -2],[ 0  1  0  0  0  0  0  0  0],[ 2  0  2  3  2  0  0  1  1],[-1 -1  0  0 -1  0 -1  0 -1],[ 1 -1  2  2  2  0 -1  1  0]]","[[ 0  2  1  1  1  0 -1 -2 -2],[-2  0  0 -1 -1  0 -2 -1 -3],[-1  0  0  0 -1  0 -1 -1 -1],[-1  1  0  0  0  0 -2 -2 -2],[-1  1  1  0  0  0 -2 -3 -2],[ 0  0  0  0  0  0  0  1  0],[ 1  2  1  2  2  0  0 -1 -1],[ 2  1  1  2  3 -1  1  0  0],[ 2  3  1  2  2  0  1  0  0]]",True,"[-2,-1,-1,-1,0,1,2,2,0,1,1,0,2,1,3,0,1,0,1,1,1,0,0,2,2,2,0,2,3,2,0,-1,0,1,1,0]","[-2,-2,-1,0,1,1,1,2,0,0,2,1,1,2,1,0,3,0,1,2,3,1,0,0,1,1,1,1,1,2,0,-1,0,0,0,1]",t^8+52t^6+171t^4+84t^2+9,"[-2,-2,-1,0,1,1,1,2,0,0,2,1,1,2,1,0,3,0,1,2,3,1,0,0,1,1,1,1,1,2,0,-1,0,0,0,1]","[-2,-1,-1,-1,0,1,2,2,0,0,1,2,1,1,3,0,0,1,0,1,1,1,1,0,1,0,1,1,2,2,1,2,3,0,0,0]","[-2,-2,-1,0,1,1,1,2,0,1,-1,1,2,3,1,1,0,1,2,2,3,0,1,2,2,2,0,0,0,0,0,-1,0,0,1,1]",c,"[[{8, 1}, {2, 7}, {3, 6}, {4, 5}], [{8, 1}, {2, 7}, {3, 6}, {5}, {4}], [{8, 1}, {2, 7}, {4, 6}, {3, 5}], [{8, 1}, {2, 7}, {5, 6}, {3, 4}], [{8, 1}, {3, 7}, {2, 6}, {4, 5}], [{8, 1}, {3, 7}, {4, 6}, {2, 5}], [{8, 1}, {3, 7}, {5, 6}, {2, 4}], [{8, 1}, {3, 7}, {5, 6}, {4}, {2}], [{8, 1}, {4, 7}, {2, 6}, {3, 5}], [{8, 1}, {4, 7}, {3, 6}, {2, 5}], [{8, 1}, {4, 7}, {3, 6}, {5}, {2}], [{8, 1}, {4, 7}, {5, 6}, {2, 3}], [{8, 1}, {4, 7}, {6}, {2, 5}, {3}], [{8, 1}, {5, 7}, {2, 6}, {3, 4}], [{8, 1}, {5, 7}, {3, 6}, {2, 4}], [{8, 1}, {5, 7}, {4, 6}, {2, 3}], [{8, 1}, {6, 7}, {2, 5}, {3, 4}], [{8, 1}, {6, 7}, {2, 5}, {4}, {3}], [{8, 1}, {6, 7}, {3, 5}, {2, 4}], [{8, 1}, {6, 7}, {4, 5}, {2, 3}], [{8, 1}, {7}, {2, 6}, {4, 5}, {3}], [{8, 1}, {7}, {3, 6}, {5}, {2, 4}], [{8, 1}, {7}, {4, 6}, {2, 5}, {3}], [{8, 1}, {7}, {4, 6}, {3, 5}, {2}], [{8, 1}, {7}, {4, 6}, {5}, {2, 3}], [{8, 2}, {1, 7}, {3, 6}, {4, 5}], [{8, 2}, {1, 7}, {3, 6}, {5}, {4}], [{8, 2}, {1, 7}, {4, 6}, {3, 5}], [{8, 2}, {1, 7}, {5, 6}, {3, 4}], [{8, 2}, {3, 7}, {1, 6}, {4, 5}], [{8, 2}, {3, 7}, {4, 6}, {1, 5}], [{8, 2}, {3, 7}, {5, 6}, {1, 4}], [{8, 2}, {4, 7}, {1, 6}, {3, 5}], [{8, 2}, {4, 7}, {1, 6}, {5}, {3}], [{8, 2}, {4, 7}, {3, 6}, {1, 5}], [{8, 2}, {4, 7}, {3, 6}, {5}, {1}], [{8, 2}, {4, 7}, {5, 6}, {1, 3}], [{8, 2}, {4, 7}, {5, 6}, {3}, {1}], [{8, 2}, {4, 7}, {6}, {1, 5}, {3}], [{8, 2}, {4, 7}, {6}, {3, 5}, {1}], [{8, 2}, {4, 7}, {6}, {5}, {1, 3}], [{8, 2}, {5, 7}, {1, 6}, {3, 4}], [{8, 2}, {5, 7}, {1, 6}, {4}, {3}], [{8, 2}, {5, 7}, {3, 6}, {1, 4}], [{8, 2}, {5, 7}, {4, 6}, {1, 3}], [{8, 2}, {6, 7}, {1, 5}, {3, 4}], [{8, 2}, {6, 7}, {1, 5}, {4}, {3}], [{8, 2}, {6, 7}, {3, 5}, {1, 4}], [{8, 2}, {6, 7}, {3, 5}, {4}, {1}], [{8, 2}, {6, 7}, {4, 5}, {1, 3}], [{8, 2}, {6, 7}, {5}, {4}, {1, 3}], [{8, 2}, {7}, {1, 6}, {4, 5}, {3}], [{8, 2}, {7}, {3, 6}, {5}, {1, 4}], [{8, 2}, {7}, {4, 6}, {1, 5}, {3}], [{8, 2}, {7}, {4, 6}, {3, 5}, {1}], [{8, 2}, {7}, {4, 6}, {5}, {1, 3}], [{8, 3}, {1, 7}, {2, 6}, {4, 5}], [{8, 3}, {1, 7}, {2, 6}, {5}, {4}], [{8, 3}, {1, 7}, {4, 6}, {2, 5}], [{8, 3}, {1, 7}, {4, 6}, {5}, {2}], [{8, 3}, {1, 7}, {5, 6}, {2, 4}], [{8, 3}, {1, 7}, {5, 6}, {4}, {2}], [{8, 3}, {1, 7}, {6}, {2, 5}, {4}], [{8, 3}, {1, 7}, {6}, {4, 5}, {2}], [{8, 3}, {1, 7}, {6}, {5}, {2, 4}], [{8, 3}, {1, 7}, {6}, {5}, {4}, {2}], [{8, 3}, {2, 7}, {1, 6}, {4, 5}], [{8, 3}, {2, 7}, {4, 6}, {1, 5}], [{8, 3}, {2, 7}, {4, 6}, {5}, {1}], [{8, 3}, {2, 7}, {5, 6}, {1, 4}], [{8, 3}, {4, 7}, {1, 6}, {2, 5}], [{8, 3}, {4, 7}, {1, 6}, {5}, {2}], [{8, 3}, {4, 7}, {2, 6}, {1, 5}], [{8, 3}, {4, 7}, {5, 6}, {1, 2}], [{8, 3}, {5, 7}, {1, 6}, {2, 4}], [{8, 3}, {5, 7}, {2, 6}, {1, 4}], [{8, 3}, {5, 7}, {4, 6}, {1, 2}], [{8, 3}, {5, 7}, {4, 6}, {2}, {1}], [{8, 3}, {6, 7}, {1, 5}, {2, 4}], [{8, 3}, {6, 7}, {2, 5}, {1, 4}], [{8, 3}, {6, 7}, {4, 5}, {1, 2}], [{8, 3}, {6, 7}, {5}, {1, 4}, {2}], [{8, 3}, {7}, {2, 6}, {4, 5}, {1}], [{8, 3}, {7}, {4, 6}, {1, 5}, {2}], [{8, 3}, {7}, {4, 6}, {2, 5}, {1}], [{8, 3}, {7}, {4, 6}, {5}, {1, 2}], [{8, 3}, {7}, {4, 6}, {5}, {2}, {1}], [{8, 3}, {7}, {5, 6}, {2, 4}, {1}], [{8, 4}, {1, 7}, {2, 6}, {3, 5}], [{8, 4}, {1, 7}, {3, 6}, {2, 5}], [{8, 4}, {1, 7}, {3, 6}, {5}, {2}], [{8, 4}, {1, 7}, {5, 6}, {2, 3}], [{8, 4}, {2, 7}, {1, 6}, {3, 5}], [{8, 4}, {2, 7}, {3, 6}, {1, 5}], [{8, 4}, {2, 7}, {3, 6}, {5}, {1}], [{8, 4}, {2, 7}, {5, 6}, {1, 3}], [{8, 4}, {3, 7}, {1, 6}, {2, 5}], [{8, 4}, {3, 7}, {2, 6}, {1, 5}], [{8, 4}, {3, 7}, {5, 6}, {1, 2}], [{8, 4}, {5, 7}, {1, 6}, {2, 3}], [{8, 4}, {5, 7}, {2, 6}, {1, 3}], [{8, 4}, {5, 7}, {3, 6}, {1, 2}], [{8, 4}, {5, 7}, {3, 6}, {2}, {1}], [{8, 4}, {6, 7}, {1, 5}, {2, 3}], [{8, 4}, {6, 7}, {2, 5}, {1, 3}], [{8, 4}, {6, 7}, {3, 5}, {1, 2}], [{8, 4}, {7}, {1, 6}, {2, 5}, {3}], [{8, 4}, {7}, {2, 6}, {1, 5}, {3}], [{8, 4}, {7}, {3, 6}, {1, 5}, {2}], [{8, 4}, {7}, {3, 6}, {2, 5}, {1}], [{8, 4}, {7}, {3, 6}, {5}, {1, 2}], [{8, 4}, {7}, {3, 6}, {5}, {2}, {1}], [{8, 4}, {7}, {6}, {1, 5}, {2, 3}], [{8, 4}, {7}, {6}, {2, 5}, {1, 3}], [{8, 5}, {1, 7}, {2, 6}, {3, 4}], [{8, 5}, {1, 7}, {3, 6}, {2, 4}], [{8, 5}, {1, 7}, {3, 6}, {4}, {2}], [{8, 5}, {1, 7}, {4, 6}, {2, 3}], [{8, 5}, {2, 7}, {1, 6}, {3, 4}], [{8, 5}, {2, 7}, {3, 6}, {1, 4}], [{8, 5}, {2, 7}, {3, 6}, {4}, {1}], [{8, 5}, {2, 7}, {4, 6}, {1, 3}], [{8, 5}, {3, 7}, {1, 6}, {2, 4}], [{8, 5}, {3, 7}, {2, 6}, {1, 4}], [{8, 5}, {3, 7}, {4, 6}, {1, 2}], [{8, 5}, {4, 7}, {1, 6}, {2, 3}], [{8, 5}, {4, 7}, {2, 6}, {1, 3}], [{8, 5}, {4, 7}, {3, 6}, {1, 2}], [{8, 5}, {6, 7}, {1, 4}, {2, 3}], [{8, 5}, {6, 7}, {1, 4}, {3}, {2}], [{8, 5}, {6, 7}, {2, 4}, {1, 3}], [{8, 5}, {6, 7}, {3, 4}, {1, 2}], [{8, 5}, {7}, {1, 6}, {2, 4}, {3}], [{8, 5}, {7}, {3, 6}, {4}, {1, 2}], [{8, 5}, {7}, {4, 6}, {1, 3}, {2}], [{8, 5}, {7}, {4, 6}, {2, 3}, {1}], [{8, 5}, {7}, {4, 6}, {3}, {1, 2}], [{8, 5}, {7}, {6}, {3, 4}, {1, 2}], [{8, 6}, {1, 7}, {2, 5}, {3, 4}], [{8, 6}, {1, 7}, {2, 5}, {4}, {3}], [{8, 6}, {1, 7}, {3, 5}, {2, 4}], [{8, 6}, {1, 7}, {3, 5}, {4}, {2}], [{8, 6}, {1, 7}, {4, 5}, {2, 3}], [{8, 6}, {1, 7}, {4, 5}, {3}, {2}], [{8, 6}, {1, 7}, {5}, {2, 4}, {3}], [{8, 6}, {1, 7}, {5}, {3, 4}, {2}], [{8, 6}, {1, 7}, {5}, {4}, {2, 3}], [{8, 6}, {1, 7}, {5}, {4}, {3}, {2}], [{8, 6}, {2, 7}, {1, 5}, {3, 4}], [{8, 6}, {2, 7}, {3, 5}, {1, 4}], [{8, 6}, {2, 7}, {4, 5}, {1, 3}], [{8, 6}, {2, 7}, {5}, {3, 4}, {1}], [{8, 6}, {3, 7}, {1, 5}, {2, 4}], [{8, 6}, {3, 7}, {2, 5}, {1, 4}], [{8, 6}, {3, 7}, {2, 5}, {4}, {1}], [{8, 6}, {3, 7}, {4, 5}, {1, 2}], [{8, 6}, {4, 7}, {1, 5}, {2, 3}], [{8, 6}, {4, 7}, {2, 5}, {1, 3}], [{8, 6}, {4, 7}, {3, 5}, {1, 2}], [{8, 6}, {5, 7}, {1, 4}, {2, 3}], [{8, 6}, {5, 7}, {2, 4}, {1, 3}], [{8, 6}, {5, 7}, {3, 4}, {1, 2}], [{8, 6}, {5, 7}, {4}, {2, 3}, {1}], [{8, 6}, {7}, {1, 5}, {4}, {2, 3}], [{8, 6}, {7}, {2, 5}, {4}, {1, 3}], [{8, 6}, {7}, {5}, {3, 4}, {1, 2}], [{8, 7}, {1, 6}, {2, 5}, {3, 4}], [{8, 7}, {1, 6}, {3, 5}, {2, 4}], [{8, 7}, {1, 6}, {4, 5}, {2, 3}], [{8, 7}, {1, 6}, {4, 5}, {3}, {2}], [{8, 7}, {2, 6}, {1, 5}, {3, 4}], [{8, 7}, {2, 6}, {3, 5}, {1, 4}], [{8, 7}, {2, 6}, {4, 5}, {1, 3}], [{8, 7}, {3, 6}, {1, 5}, {2, 4}], [{8, 7}, {3, 6}, {2, 5}, {1, 4}], [{8, 7}, {3, 6}, {4, 5}, {1, 2}], [{8, 7}, {3, 6}, {5}, {1, 4}, {2}], [{8, 7}, {3, 6}, {5}, {2, 4}, {1}], [{8, 7}, {3, 6}, {5}, {4}, {1, 2}], [{8, 7}, {4, 6}, {1, 5}, {2, 3}], [{8, 7}, {4, 6}, {2, 5}, {1, 3}], [{8, 7}, {4, 6}, {3, 5}, {1, 2}], [{8, 7}, {4, 6}, {5}, {3}, {1, 2}], [{8, 7}, {5, 6}, {1, 4}, {2, 3}], [{8, 7}, {5, 6}, {2, 4}, {1, 3}], [{8, 7}, {5, 6}, {3, 4}, {1, 2}], [{8, 7}, {5, 6}, {4}, {1, 3}, {2}], [{8, 7}, {6}, {4, 5}, {2, 3}, {1}], [{8, 7}, {6}, {5}, {3, 4}, {1, 2}], [{8}, {1, 7}, {3, 6}, {2, 5}, {4}], [{8}, {1, 7}, {3, 6}, {4, 5}, {2}], [{8}, {1, 7}, {3, 6}, {5}, {2, 4}], [{8}, {1, 7}, {3, 6}, {5}, {4}, {2}], [{8}, {2, 7}, {1, 6}, {4, 5}, {3}], [{8}, {2, 7}, {3, 6}, {1, 5}, {4}], [{8}, {2, 7}, {3, 6}, {4, 5}, {1}], [{8}, {2, 7}, {3, 6}, {5}, {1, 4}], [{8}, {2, 7}, {3, 6}, {5}, {4}, {1}], [{8}, {2, 7}, {6}, {4, 5}, {1, 3}], [{8}, {3, 7}, {4, 6}, {5}, {1, 2}], [{8}, {4, 7}, {1, 6}, {5}, {2, 3}], [{8}, {4, 7}, {3, 6}, {5}, {1, 2}], [{8}, {5, 7}, {1, 6}, {3, 4}, {2}], [{8}, {5, 7}, {2, 6}, {3, 4}, {1}], [{8}, {5, 7}, {3, 6}, {4}, {1, 2}], [{8}, {5, 7}, {4, 6}, {3}, {1, 2}], [{8}, {5, 7}, {6}, {3, 4}, {1, 2}], [{8}, {6, 7}, {1, 5}, {3, 4}, {2}], [{8}, {6, 7}, {2, 5}, {3, 4}, {1}], [{8}, {6, 7}, {3, 5}, {1, 4}, {2}], [{8}, {6, 7}, {4, 5}, {1, 3}, {2}], [{8}, {6, 7}, {5}, {3, 4}, {1, 2}], [{8}, {7}, {2, 6}, {4, 5}, {1, 3}], [{8}, {7}, {3, 6}, {4, 5}, {1, 2}], [{8}, {7}, {3, 6}, {5}, {4}, {1, 2}], [{8}, {7}, {4, 6}, {1, 5}, {2, 3}], [{8}, {7}, {4, 6}, {2, 5}, {1, 3}], [{8}, {7}, {4, 6}, {3, 5}, {1, 2}], [{8}, {7}, {4, 6}, {5}, {3}, {1, 2}], [{8}, {7}, {5, 6}, {1, 4}, {2, 3}], [{8}, {7}, {5, 6}, {3, 4}, {1, 2}], [{8}, {7}, {6}, {5}, {3, 4}, {1, 2}]]",2,8 K_1^3 - 14 K_1^2 - 4 K_1 K_2 - 4 K_1 + 7 K_2 + 8,O1O2O3U2O4U1U4O5U6U3O6U7U5O8O7U8,O1O2U3O4O3U1O5O6U5O7U4U7U6O8U2U8,O1O2U3O4O5U4O6O3U7U6O7U1U8U5O8U2,c,{'O1O2O3U4O5O4U6U5O7U1U7O6U8U3O8U2'},1,"<a href=""/flatknot/8.975862"">8.975862</a>",t^9-54t^7-118t^6+88t^5+284t^4+57t^3-34t^2+6t,t^2-2t,,
8.975863,O1O2O3U4O5O4U6U5O7U1U8O6U2U7O8U3,4,17z^2+102z+137,17w^3z^2+102w^2z+137w,False,False,"[[ 0 -2  0  2  1  0 -2  2 -1],[ 2  0  0  2  3 -1  1  1  1],[ 0  0  0  1  1  0 -1  0  0],[-2 -2 -1  0 -1  0 -3  0 -2],[-1 -3 -1  1  0  0 -2  2 -2],[ 0  1  0  0  0  0  0 -1  1],[ 2 -1  1  3  2  0  0  2  1],[-2 -1  0  0 -2  1 -2  0 -2],[ 1 -1  0  2  2 -1 -1  2  0]]","[[ 0  2  2  1  0  0 -1 -2 -2],[-2  0  0 -1  0 -1 -2 -2 -3],[-2  0  0 -2  1  0 -2 -1 -2],[-1  1  2  0  0 -1 -2 -3 -2],[ 0  0 -1  0  0  0  1  1  0],[ 0  1  0  1  0  0  0  0 -1],[ 1  2  2  2 -1  0  0 -1 -1],[ 2  2  1  3 -1  0  1  0  1],[ 2  3  2  2  0  1  1 -1  0]]",True,"[-2,-2,-1,0,0,1,2,2,0,1,0,1,2,2,3,2,-1,0,2,1,2,0,1,2,3,2,0,-1,-1,0,0,0,1,1,1,-1]","[-2,-2,-1,0,0,1,2,2,-1,0,2,3,0,2,3,0,1,2,1,1,2,1,2,0,1,1,0,0,1,2,1,2,3,0,-1,0]",t^8+57t^6+236t^4+125t^2+9,"[-2,-2,-1,0,0,1,2,2,-1,0,2,3,0,2,3,0,1,2,1,1,2,1,2,0,1,1,0,0,1,2,1,2,3,0,-1,0]","[-2,-2,-1,0,0,1,2,2,0,-1,2,3,1,2,3,0,1,2,1,1,2,0,1,0,1,0,0,1,1,2,2,2,3,0,0,-1]","[-2,-2,-1,0,0,1,2,2,-1,1,0,1,2,2,3,1,-1,0,3,1,2,-1,0,2,2,2,0,0,-1,0,1,0,1,2,1,0]",c,"[[{8, 1}, {2, 7}, {3, 6}, {4, 5}], [{8, 1}, {2, 7}, {4, 6}, {3, 5}], [{8, 1}, {2, 7}, {5, 6}, {3, 4}], [{8, 1}, {3, 7}, {2, 6}, {4, 5}], [{8, 1}, {3, 7}, {4, 6}, {2, 5}], [{8, 1}, {3, 7}, {5, 6}, {2, 4}], [{8, 1}, {4, 7}, {2, 6}, {3, 5}], [{8, 1}, {4, 7}, {3, 6}, {2, 5}], [{8, 1}, {4, 7}, {3, 6}, {5}, {2}], [{8, 1}, {4, 7}, {5, 6}, {2, 3}], [{8, 1}, {5, 7}, {2, 6}, {3, 4}], [{8, 1}, {5, 7}, {3, 6}, {2, 4}], [{8, 1}, {5, 7}, {4, 6}, {2, 3}], [{8, 1}, {6, 7}, {2, 5}, {3, 4}], [{8, 1}, {6, 7}, {3, 5}, {2, 4}], [{8, 1}, {6, 7}, {4, 5}, {2, 3}], [{8, 1}, {6, 7}, {5}, {3, 4}, {2}], [{8, 1}, {7}, {6}, {4, 5}, {2, 3}], [{8, 2}, {1, 7}, {3, 6}, {4, 5}], [{8, 2}, {1, 7}, {4, 6}, {3, 5}], [{8, 2}, {1, 7}, {5, 6}, {3, 4}], [{8, 2}, {1, 7}, {6}, {4, 5}, {3}], [{8, 2}, {3, 7}, {1, 6}, {4, 5}], [{8, 2}, {3, 7}, {1, 6}, {5}, {4}], [{8, 2}, {3, 7}, {4, 6}, {1, 5}], [{8, 2}, {3, 7}, {5, 6}, {1, 4}], [{8, 2}, {3, 7}, {6}, {4, 5}, {1}], [{8, 2}, {4, 7}, {1, 6}, {3, 5}], [{8, 2}, {4, 7}, {3, 6}, {1, 5}], [{8, 2}, {4, 7}, {5, 6}, {1, 3}], [{8, 2}, {5, 7}, {1, 6}, {3, 4}], [{8, 2}, {5, 7}, {3, 6}, {1, 4}], [{8, 2}, {5, 7}, {4, 6}, {1, 3}], [{8, 2}, {6, 7}, {1, 5}, {3, 4}], [{8, 2}, {6, 7}, {3, 5}, {1, 4}], [{8, 2}, {6, 7}, {4, 5}, {1, 3}], [{8, 2}, {6, 7}, {5}, {1, 4}, {3}], [{8, 2}, {7}, {4, 6}, {1, 5}, {3}], [{8, 2}, {7}, {6}, {4, 5}, {1, 3}], [{8, 3}, {1, 7}, {2, 6}, {4, 5}], [{8, 3}, {1, 7}, {4, 6}, {2, 5}], [{8, 3}, {1, 7}, {4, 6}, {5}, {2}], [{8, 3}, {1, 7}, {5, 6}, {2, 4}], [{8, 3}, {1, 7}, {5, 6}, {4}, {2}], [{8, 3}, {1, 7}, {6}, {4, 5}, {2}], [{8, 3}, {2, 7}, {1, 6}, {4, 5}], [{8, 3}, {2, 7}, {4, 6}, {1, 5}], [{8, 3}, {2, 7}, {5, 6}, {1, 4}], [{8, 3}, {4, 7}, {1, 6}, {2, 5}], [{8, 3}, {4, 7}, {2, 6}, {1, 5}], [{8, 3}, {4, 7}, {5, 6}, {1, 2}], [{8, 3}, {5, 7}, {1, 6}, {2, 4}], [{8, 3}, {5, 7}, {2, 6}, {1, 4}], [{8, 3}, {5, 7}, {4, 6}, {1, 2}], [{8, 3}, {5, 7}, {4, 6}, {2}, {1}], [{8, 3}, {6, 7}, {1, 5}, {2, 4}], [{8, 3}, {6, 7}, {2, 5}, {1, 4}], [{8, 3}, {6, 7}, {4, 5}, {1, 2}], [{8, 3}, {6, 7}, {5}, {1, 4}, {2}], [{8, 3}, {7}, {1, 6}, {5}, {2, 4}], [{8, 3}, {7}, {4, 6}, {1, 5}, {2}], [{8, 4}, {1, 7}, {2, 6}, {3, 5}], [{8, 4}, {1, 7}, {3, 6}, {2, 5}], [{8, 4}, {1, 7}, {3, 6}, {5}, {2}], [{8, 4}, {1, 7}, {5, 6}, {2, 3}], [{8, 4}, {2, 7}, {1, 6}, {3, 5}], [{8, 4}, {2, 7}, {3, 6}, {1, 5}], [{8, 4}, {2, 7}, {5, 6}, {1, 3}], [{8, 4}, {2, 7}, {5, 6}, {3}, {1}], [{8, 4}, {3, 7}, {1, 6}, {2, 5}], [{8, 4}, {3, 7}, {1, 6}, {5}, {2}], [{8, 4}, {3, 7}, {2, 6}, {1, 5}], [{8, 4}, {3, 7}, {2, 6}, {5}, {1}], [{8, 4}, {3, 7}, {5, 6}, {1, 2}], [{8, 4}, {3, 7}, {5, 6}, {2}, {1}], [{8, 4}, {3, 7}, {6}, {1, 5}, {2}], [{8, 4}, {3, 7}, {6}, {2, 5}, {1}], [{8, 4}, {3, 7}, {6}, {5}, {1, 2}], [{8, 4}, {3, 7}, {6}, {5}, {2}, {1}], [{8, 4}, {5, 7}, {1, 6}, {2, 3}], [{8, 4}, {5, 7}, {2, 6}, {1, 3}], [{8, 4}, {5, 7}, {2, 6}, {3}, {1}], [{8, 4}, {5, 7}, {3, 6}, {1, 2}], [{8, 4}, {6, 7}, {1, 5}, {2, 3}], [{8, 4}, {6, 7}, {2, 5}, {1, 3}], [{8, 4}, {6, 7}, {3, 5}, {1, 2}], [{8, 4}, {6, 7}, {5}, {1, 3}, {2}], [{8, 4}, {7}, {2, 6}, {3, 5}, {1}], [{8, 4}, {7}, {5, 6}, {2, 3}, {1}], [{8, 5}, {1, 7}, {2, 6}, {3, 4}], [{8, 5}, {1, 7}, {3, 6}, {2, 4}], [{8, 5}, {1, 7}, {4, 6}, {2, 3}], [{8, 5}, {1, 7}, {6}, {2, 4}, {3}], [{8, 5}, {2, 7}, {1, 6}, {3, 4}], [{8, 5}, {2, 7}, {3, 6}, {1, 4}], [{8, 5}, {2, 7}, {4, 6}, {1, 3}], [{8, 5}, {2, 7}, {6}, {4}, {1, 3}], [{8, 5}, {3, 7}, {1, 6}, {2, 4}], [{8, 5}, {3, 7}, {1, 6}, {4}, {2}], [{8, 5}, {3, 7}, {2, 6}, {1, 4}], [{8, 5}, {3, 7}, {4, 6}, {1, 2}], [{8, 5}, {3, 7}, {6}, {2, 4}, {1}], [{8, 5}, {4, 7}, {1, 6}, {2, 3}], [{8, 5}, {4, 7}, {2, 6}, {1, 3}], [{8, 5}, {4, 7}, {3, 6}, {1, 2}], [{8, 5}, {4, 7}, {6}, {1, 3}, {2}], [{8, 5}, {6, 7}, {1, 4}, {2, 3}], [{8, 5}, {6, 7}, {2, 4}, {1, 3}], [{8, 5}, {6, 7}, {3, 4}, {1, 2}], [{8, 5}, {6, 7}, {4}, {2, 3}, {1}], [{8, 5}, {7}, {3, 6}, {1, 4}, {2}], [{8, 5}, {7}, {6}, {2, 4}, {1, 3}], [{8, 6}, {1, 7}, {2, 5}, {3, 4}], [{8, 6}, {1, 7}, {3, 5}, {2, 4}], [{8, 6}, {1, 7}, {4, 5}, {2, 3}], [{8, 6}, {1, 7}, {5}, {2, 4}, {3}], [{8, 6}, {1, 7}, {5}, {3, 4}, {2}], [{8, 6}, {1, 7}, {5}, {4}, {2, 3}], [{8, 6}, {2, 7}, {1, 5}, {3, 4}], [{8, 6}, {2, 7}, {3, 5}, {1, 4}], [{8, 6}, {2, 7}, {4, 5}, {1, 3}], [{8, 6}, {2, 7}, {5}, {1, 4}, {3}], [{8, 6}, {3, 7}, {1, 5}, {2, 4}], [{8, 6}, {3, 7}, {1, 5}, {4}, {2}], [{8, 6}, {3, 7}, {2, 5}, {1, 4}], [{8, 6}, {3, 7}, {4, 5}, {1, 2}], [{8, 6}, {4, 7}, {1, 5}, {2, 3}], [{8, 6}, {4, 7}, {2, 5}, {1, 3}], [{8, 6}, {4, 7}, {3, 5}, {1, 2}], [{8, 6}, {4, 7}, {5}, {1, 3}, {2}], [{8, 6}, {5, 7}, {1, 4}, {2, 3}], [{8, 6}, {5, 7}, {2, 4}, {1, 3}], [{8, 6}, {5, 7}, {3, 4}, {1, 2}], [{8, 7}, {1, 6}, {2, 5}, {3, 4}], [{8, 7}, {1, 6}, {3, 5}, {2, 4}], [{8, 7}, {1, 6}, {4, 5}, {2, 3}], [{8, 7}, {1, 6}, {5}, {2, 4}, {3}], [{8, 7}, {2, 6}, {1, 5}, {3, 4}], [{8, 7}, {2, 6}, {3, 5}, {1, 4}], [{8, 7}, {2, 6}, {4, 5}, {1, 3}], [{8, 7}, {2, 6}, {5}, {4}, {1, 3}], [{8, 7}, {3, 6}, {1, 5}, {2, 4}], [{8, 7}, {3, 6}, {2, 5}, {1, 4}], [{8, 7}, {3, 6}, {4, 5}, {1, 2}], [{8, 7}, {3, 6}, {5}, {1, 4}, {2}], [{8, 7}, {3, 6}, {5}, {2, 4}, {1}], [{8, 7}, {3, 6}, {5}, {4}, {1, 2}], [{8, 7}, {4, 6}, {1, 5}, {2, 3}], [{8, 7}, {4, 6}, {1, 5}, {3}, {2}], [{8, 7}, {4, 6}, {2, 5}, {1, 3}], [{8, 7}, {4, 6}, {2, 5}, {3}, {1}], [{8, 7}, {4, 6}, {3, 5}, {1, 2}], [{8, 7}, {4, 6}, {3, 5}, {2}, {1}], [{8, 7}, {4, 6}, {5}, {1, 3}, {2}], [{8, 7}, {4, 6}, {5}, {2, 3}, {1}], [{8, 7}, {4, 6}, {5}, {3}, {1, 2}], [{8, 7}, {5, 6}, {1, 4}, {2, 3}], [{8, 7}, {5, 6}, {2, 4}, {1, 3}], [{8, 7}, {5, 6}, {3, 4}, {1, 2}], [{8, 7}, {5, 6}, {4}, {2, 3}, {1}], [{8, 7}, {6}, {4, 5}, {2, 3}, {1}], [{8, 7}, {6}, {5}, {2, 4}, {1, 3}], [{8, 7}, {6}, {5}, {3, 4}, {1, 2}], [{8}, {1, 7}, {5, 6}, {2, 4}, {3}], [{8}, {1, 7}, {6}, {4, 5}, {2, 3}], [{8}, {2, 7}, {3, 6}, {4, 5}, {1}], [{8}, {2, 7}, {4, 6}, {1, 5}, {3}], [{8}, {3, 7}, {1, 6}, {2, 5}, {4}], [{8}, {3, 7}, {1, 6}, {4, 5}, {2}], [{8}, {3, 7}, {1, 6}, {5}, {2, 4}], [{8}, {3, 7}, {4, 6}, {1, 5}, {2}], [{8}, {4, 7}, {5, 6}, {1, 3}, {2}], [{8}, {4, 7}, {5, 6}, {2, 3}, {1}], [{8}, {4, 7}, {5, 6}, {3}, {1, 2}], [{8}, {5, 7}, {1, 6}, {4}, {2, 3}], [{8}, {5, 7}, {3, 6}, {1, 4}, {2}], [{8}, {5, 7}, {6}, {2, 4}, {1, 3}], [{8}, {6, 7}, {2, 5}, {3, 4}, {1}], [{8}, {6, 7}, {3, 5}, {2, 4}, {1}], [{8}, {6, 7}, {5}, {1, 4}, {2, 3}], [{8}, {7}, {2, 6}, {1, 5}, {3, 4}], [{8}, {7}, {3, 6}, {1, 5}, {2, 4}], [{8}, {7}, {4, 6}, {1, 5}, {2, 3}], [{8}, {7}, {4, 6}, {1, 5}, {3}, {2}], [{8}, {7}, {4, 6}, {2, 5}, {1, 3}], [{8}, {7}, {4, 6}, {3, 5}, {1, 2}]]",2,4 K_1^3 - 16 K_1^2 - 4 K_1 K_2 - K_1 + 8 K_2 + K_3 + 9,O1O2O3U1O4U5U2O6U4U3O5U7U6O8O7U8,O1O2U3O4O5U1O6O3U5O7U4U6U7O8U2U8,O1O2U3O4O5U1O6O3U7U6O7U8U2U5O8U4,c,{'O1O2O3U4O5O4U6U5O7U1U8O6U2U7O8U3'},1,"<a href=""/flatknot/8.975863"">8.975863</a>",t^9-57t^7-182t^6-16t^5+384t^4+308t^3+84t^2-2,0,,
8.975864,O1O2O3U4O5O4U6U5O7U1U8O6U3U7O8U2,4,z^3+17z^2+67z+75,w^4z^3+17w^3z^2+67w^2z+75w,False,False,"[[ 0 -2  1  1  1  0 -2  2 -1],[ 2  0  2  0  3 -1  1  1  1],[-1 -2  0  0  0  0 -2  1 -2],[-1  0  0  0  0  0 -2  0 -1],[-1 -3  0  0  0  0 -2  2 -2],[ 0  1  0  0  0  0  0 -1  1],[ 2 -1  2  2  2  0  0  2  1],[-2 -1 -1  0 -2  1 -2  0 -2],[ 1 -1  2  1  2 -1 -1  2  0]]","[[ 0  2  1  1  1  0 -1 -2 -2],[-2  0  0 -1 -2  1 -2 -1 -2],[-1  0  0  0  0  0 -1  0 -2],[-1  1  0  0  0  0 -2 -2 -2],[-1  2  0  0  0  0 -2 -3 -2],[ 0 -1  0  0  0  0  1  1  0],[ 1  2  1  2  2 -1  0 -1 -1],[ 2  1  0  2  3 -1  1  0  1],[ 2  2  2  2  2  0  1 -1  0]]",True,"[-2,-1,-1,-1,0,1,2,2,0,1,2,-1,2,1,2,0,0,0,1,0,2,0,0,2,2,2,0,2,3,2,-1,-1,0,1,1,-1]","[-2,-2,-1,0,1,1,1,2,-1,0,3,0,1,3,3,0,2,1,1,1,2,2,0,0,1,1,1,1,1,3,0,0,-1,0,0,1]",t^8+54t^6+210t^4+76t^2+4,"[-2,-2,-1,0,1,1,1,2,-1,0,3,0,1,3,3,0,2,1,1,1,2,2,0,0,1,1,1,1,1,3,0,0,-1,0,0,1]","[-2,-1,-1,-1,0,1,2,2,-1,0,1,3,1,2,3,0,0,1,0,1,0,0,1,0,1,1,1,1,1,3,2,2,3,0,0,-1]","[-2,-2,-1,0,1,1,1,2,-1,1,0,2,2,2,2,1,-1,0,2,3,1,-1,1,2,2,2,0,0,0,-1,0,0,0,0,1,2]",c,"[[{8, 5}, {1, 7}, {3, 6}, {2, 4}], [{8, 5}, {1, 7}, {3, 6}, {4}, {2}]]",1,- 10 K_1^2 + 5 K_2 + 6,O1O2O3U2O4U5U1O6U4U3O5U7U6O8O7U8,O1O2U3O4O5U1O6O3U5O7U4U7U6O8U2U8,O1O2U3O4O5U1O6O3U7U6O7U2U8U5O8U4,c,"{'O1O2O3U4O5O4U6U5O7U1U8O6U3U7O8U2', 'O1O2U3O4O5U6O3U5O7U1U8U4O6U7O8U2'}",2,"<a href=""/flatknot/8.975864"">8.975864</a>",t^9-56t^7-154t^6+45t^5+320t^4+65t^3-126t^2-19t,t^2-2t,,
8.975865,O1O2O3U4O5O4U6U5O7U1U8O6U7U2O8U3,4,3z^3+26z^2+86z+93,3w^4z^3+26w^3z^2+86w^2z+93w,False,False,"[[ 0 -2  1  2  1  0 -2  1 -1],[ 2  0  1  2  3 -1  1  0  1],[-1 -1  0  0  0  0 -1 -1 -1],[-2 -2  0  0 -1  0 -3  0 -2],[-1 -3  0  1  0  0 -2  1 -2],[ 0  1  0  0  0  0  0 -1  1],[ 2 -1  1  3  2  0  0  1  1],[-1  0  1  0 -1  1 -1  0 -1],[ 1 -1  1  2  2 -1 -1  1  0]]","[[ 0  2  1  1  1  0 -1 -2 -2],[-2  0  0  0 -1  0 -2 -2 -3],[-1  0  0  1 -1  1 -1  0 -1],[-1  0 -1  0  0  0 -1 -1 -1],[-1  1  1  0  0  0 -2 -3 -2],[ 0  0 -1  0  0  0  1  1  0],[ 1  2  1  1  2 -1  0 -1 -1],[ 2  2  0  1  3 -1  1  0  1],[ 2  3  1  1  2  0  1 -1  0]]",True,"[-2,-1,-1,-1,0,1,2,2,0,0,1,0,2,2,3,-1,1,-1,1,0,1,0,0,1,1,1,0,2,3,2,-1,-1,0,1,1,-1]","[-2,-2,-1,0,1,1,1,2,-1,0,3,0,2,3,2,0,2,1,2,2,1,2,0,1,1,1,1,1,2,2,0,-1,0,1,1,1]",t^8+48t^6+207t^4+183t^2,"[-2,-2,-1,0,1,1,1,2,-1,0,3,0,2,3,2,0,2,1,2,2,1,2,0,1,1,1,1,1,2,2,0,-1,0,1,1,1]","[-2,-1,-1,-1,0,1,2,2,0,1,1,2,1,1,2,0,1,1,0,1,0,-1,1,1,2,2,2,1,2,3,2,2,3,0,0,-1]","[-2,-2,-1,0,1,1,1,2,-1,1,0,1,1,2,3,1,-1,0,1,3,2,-1,1,1,2,2,-1,0,0,0,1,-1,0,0,0,1]",c,"[[{8, 1}, {2, 7}, {3, 6}, {4, 5}], [{8, 1}, {2, 7}, {4, 6}, {3, 5}], [{8, 1}, {2, 7}, {5, 6}, {3, 4}], [{8, 1}, {3, 7}, {2, 6}, {4, 5}], [{8, 1}, {3, 7}, {4, 6}, {2, 5}], [{8, 1}, {3, 7}, {4, 6}, {5}, {2}], [{8, 1}, {3, 7}, {5, 6}, {2, 4}], [{8, 1}, {4, 7}, {2, 6}, {3, 5}], [{8, 1}, {4, 7}, {3, 6}, {2, 5}], [{8, 1}, {4, 7}, {5, 6}, {2, 3}], [{8, 1}, {5, 7}, {2, 6}, {3, 4}], [{8, 1}, {5, 7}, {3, 6}, {2, 4}], [{8, 1}, {5, 7}, {4, 6}, {2, 3}], [{8, 1}, {6, 7}, {2, 5}, {3, 4}], [{8, 1}, {6, 7}, {3, 5}, {2, 4}], [{8, 1}, {6, 7}, {4, 5}, {2, 3}], [{8, 1}, {6, 7}, {5}, {4}, {2, 3}], [{8, 1}, {7}, {6}, {4, 5}, {2, 3}], [{8, 2}, {1, 7}, {3, 6}, {4, 5}], [{8, 2}, {1, 7}, {4, 6}, {3, 5}], [{8, 2}, {1, 7}, {5, 6}, {3, 4}], [{8, 2}, {3, 7}, {1, 6}, {4, 5}], [{8, 2}, {3, 7}, {4, 6}, {1, 5}], [{8, 2}, {3, 7}, {5, 6}, {1, 4}], [{8, 2}, {4, 7}, {1, 6}, {3, 5}], [{8, 2}, {4, 7}, {3, 6}, {1, 5}], [{8, 2}, {4, 7}, {5, 6}, {1, 3}], [{8, 2}, {4, 7}, {5, 6}, {3}, {1}], [{8, 2}, {4, 7}, {6}, {5}, {1, 3}], [{8, 2}, {5, 7}, {1, 6}, {3, 4}], [{8, 2}, {5, 7}, {3, 6}, {1, 4}], [{8, 2}, {5, 7}, {4, 6}, {1, 3}], [{8, 2}, {5, 7}, {4, 6}, {3}, {1}], [{8, 2}, {5, 7}, {6}, {4}, {1, 3}], [{8, 2}, {6, 7}, {1, 5}, {3, 4}], [{8, 2}, {6, 7}, {1, 5}, {4}, {3}], [{8, 2}, {6, 7}, {3, 5}, {1, 4}], [{8, 2}, {6, 7}, {3, 5}, {4}, {1}], [{8, 2}, {6, 7}, {4, 5}, {1, 3}], [{8, 2}, {6, 7}, {4, 5}, {3}, {1}], [{8, 2}, {6, 7}, {5}, {1, 4}, {3}], [{8, 2}, {6, 7}, {5}, {3, 4}, {1}], [{8, 2}, {6, 7}, {5}, {4}, {1, 3}], [{8, 2}, {6, 7}, {5}, {4}, {3}, {1}], [{8, 2}, {7}, {4, 6}, {5}, {1, 3}], [{8, 2}, {7}, {5, 6}, {4}, {1, 3}], [{8, 2}, {7}, {6}, {1, 5}, {3, 4}], [{8, 2}, {7}, {6}, {4, 5}, {1, 3}], [{8, 3}, {1, 7}, {2, 6}, {4, 5}], [{8, 3}, {1, 7}, {4, 6}, {2, 5}], [{8, 3}, {1, 7}, {5, 6}, {2, 4}], [{8, 3}, {2, 7}, {1, 6}, {4, 5}], [{8, 3}, {2, 7}, {4, 6}, {1, 5}], [{8, 3}, {2, 7}, {5, 6}, {1, 4}], [{8, 3}, {4, 7}, {1, 6}, {2, 5}], [{8, 3}, {4, 7}, {2, 6}, {1, 5}], [{8, 3}, {4, 7}, {5, 6}, {1, 2}], [{8, 3}, {4, 7}, {6}, {1, 5}, {2}], [{8, 3}, {5, 7}, {1, 6}, {2, 4}], [{8, 3}, {5, 7}, {2, 6}, {1, 4}], [{8, 3}, {5, 7}, {4, 6}, {1, 2}], [{8, 3}, {6, 7}, {1, 5}, {2, 4}], [{8, 3}, {6, 7}, {2, 5}, {1, 4}], [{8, 3}, {6, 7}, {4, 5}, {1, 2}], [{8, 3}, {6, 7}, {5}, {4}, {1, 2}], [{8, 3}, {7}, {2, 6}, {4, 5}, {1}], [{8, 4}, {1, 7}, {2, 6}, {3, 5}], [{8, 4}, {1, 7}, {3, 6}, {2, 5}], [{8, 4}, {1, 7}, {5, 6}, {2, 3}], [{8, 4}, {2, 7}, {1, 6}, {3, 5}], [{8, 4}, {2, 7}, {3, 6}, {1, 5}], [{8, 4}, {2, 7}, {5, 6}, {1, 3}], [{8, 4}, {2, 7}, {6}, {5}, {1, 3}], [{8, 4}, {3, 7}, {1, 6}, {2, 5}], [{8, 4}, {3, 7}, {2, 6}, {1, 5}], [{8, 4}, {3, 7}, {5, 6}, {1, 2}], [{8, 4}, {3, 7}, {6}, {5}, {1, 2}], [{8, 4}, {5, 7}, {1, 6}, {2, 3}], [{8, 4}, {5, 7}, {1, 6}, {3}, {2}], [{8, 4}, {5, 7}, {2, 6}, {1, 3}], [{8, 4}, {5, 7}, {3, 6}, {1, 2}], [{8, 4}, {5, 7}, {3, 6}, {2}, {1}], [{8, 4}, {5, 7}, {6}, {1, 3}, {2}], [{8, 4}, {6, 7}, {1, 5}, {2, 3}], [{8, 4}, {6, 7}, {1, 5}, {3}, {2}], [{8, 4}, {6, 7}, {2, 5}, {1, 3}], [{8, 4}, {6, 7}, {3, 5}, {1, 2}], [{8, 4}, {6, 7}, {3, 5}, {2}, {1}], [{8, 4}, {6, 7}, {5}, {1, 3}, {2}], [{8, 4}, {7}, {2, 6}, {5}, {1, 3}], [{8, 4}, {7}, {5, 6}, {1, 3}, {2}], [{8, 4}, {7}, {5, 6}, {2, 3}, {1}], [{8, 4}, {7}, {5, 6}, {3}, {1, 2}], [{8, 4}, {7}, {6}, {2, 5}, {1, 3}], [{8, 5}, {1, 7}, {2, 6}, {3, 4}], [{8, 5}, {1, 7}, {3, 6}, {2, 4}], [{8, 5}, {1, 7}, {4, 6}, {2, 3}], [{8, 5}, {1, 7}, {4, 6}, {3}, {2}], [{8, 5}, {2, 7}, {1, 6}, {3, 4}], [{8, 5}, {2, 7}, {3, 6}, {1, 4}], [{8, 5}, {2, 7}, {4, 6}, {1, 3}], [{8, 5}, {3, 7}, {1, 6}, {2, 4}], [{8, 5}, {3, 7}, {2, 6}, {1, 4}], [{8, 5}, {3, 7}, {4, 6}, {1, 2}], [{8, 5}, {4, 7}, {1, 6}, {2, 3}], [{8, 5}, {4, 7}, {1, 6}, {3}, {2}], [{8, 5}, {4, 7}, {2, 6}, {1, 3}], [{8, 5}, {4, 7}, {3, 6}, {1, 2}], [{8, 5}, {6, 7}, {1, 4}, {2, 3}], [{8, 5}, {6, 7}, {1, 4}, {3}, {2}], [{8, 5}, {6, 7}, {2, 4}, {1, 3}], [{8, 5}, {6, 7}, {3, 4}, {1, 2}], [{8, 5}, {6, 7}, {3, 4}, {2}, {1}], [{8, 5}, {6, 7}, {4}, {1, 3}, {2}], [{8, 6}, {1, 7}, {2, 5}, {3, 4}], [{8, 6}, {1, 7}, {3, 5}, {2, 4}], [{8, 6}, {1, 7}, {3, 5}, {4}, {2}], [{8, 6}, {1, 7}, {4, 5}, {2, 3}], [{8, 6}, {2, 7}, {1, 5}, {3, 4}], [{8, 6}, {2, 7}, {3, 5}, {1, 4}], [{8, 6}, {2, 7}, {4, 5}, {1, 3}], [{8, 6}, {2, 7}, {5}, {1, 4}, {3}], [{8, 6}, {3, 7}, {1, 5}, {2, 4}], [{8, 6}, {3, 7}, {2, 5}, {1, 4}], [{8, 6}, {3, 7}, {2, 5}, {4}, {1}], [{8, 6}, {3, 7}, {4, 5}, {1, 2}], [{8, 6}, {4, 7}, {1, 5}, {2, 3}], [{8, 6}, {4, 7}, {1, 5}, {3}, {2}], [{8, 6}, {4, 7}, {2, 5}, {1, 3}], [{8, 6}, {4, 7}, {3, 5}, {1, 2}], [{8, 6}, {5, 7}, {1, 4}, {2, 3}], [{8, 6}, {5, 7}, {1, 4}, {3}, {2}], [{8, 6}, {5, 7}, {2, 4}, {1, 3}], [{8, 6}, {5, 7}, {3, 4}, {1, 2}], [{8, 6}, {5, 7}, {3, 4}, {2}, {1}], [{8, 6}, {5, 7}, {4}, {1, 3}, {2}], [{8, 6}, {7}, {2, 5}, {1, 4}, {3}], [{8, 7}, {1, 6}, {2, 5}, {3, 4}], [{8, 7}, {1, 6}, {2, 5}, {4}, {3}], [{8, 7}, {1, 6}, {3, 5}, {2, 4}], [{8, 7}, {1, 6}, {4, 5}, {2, 3}], [{8, 7}, {2, 6}, {1, 5}, {3, 4}], [{8, 7}, {2, 6}, {3, 5}, {1, 4}], [{8, 7}, {2, 6}, {4, 5}, {1, 3}], [{8, 7}, {2, 6}, {4, 5}, {3}, {1}], [{8, 7}, {3, 6}, {1, 5}, {2, 4}], [{8, 7}, {3, 6}, {2, 5}, {1, 4}], [{8, 7}, {3, 6}, {4, 5}, {1, 2}], [{8, 7}, {3, 6}, {5}, {1, 4}, {2}], [{8, 7}, {3, 6}, {5}, {2, 4}, {1}], [{8, 7}, {3, 6}, {5}, {4}, {1, 2}], [{8, 7}, {4, 6}, {1, 5}, {2, 3}], [{8, 7}, {4, 6}, {1, 5}, {3}, {2}], [{8, 7}, {4, 6}, {2, 5}, {1, 3}], [{8, 7}, {4, 6}, {2, 5}, {3}, {1}], [{8, 7}, {4, 6}, {3, 5}, {1, 2}], [{8, 7}, {4, 6}, {5}, {3}, {1, 2}], [{8, 7}, {5, 6}, {1, 4}, {2, 3}], [{8, 7}, {5, 6}, {2, 4}, {1, 3}], [{8, 7}, {5, 6}, {3, 4}, {1, 2}], [{8, 7}, {5, 6}, {4}, {1, 3}, {2}], [{8, 7}, {6}, {2, 5}, {1, 4}, {3}], [{8, 7}, {6}, {5}, {3, 4}, {1, 2}], [{8}, {1, 7}, {3, 6}, {4, 5}, {2}], [{8}, {2, 7}, {3, 6}, {4, 5}, {1}], [{8}, {2, 7}, {5, 6}, {4}, {1, 3}], [{8}, {3, 7}, {2, 6}, {1, 5}, {4}], [{8}, {3, 7}, {2, 6}, {4, 5}, {1}], [{8}, {3, 7}, {2, 6}, {5}, {1, 4}], [{8}, {4, 7}, {3, 6}, {1, 5}, {2}], [{8}, {4, 7}, {5, 6}, {1, 3}, {2}], [{8}, {5, 7}, {2, 6}, {4}, {1, 3}], [{8}, {5, 7}, {4, 6}, {1, 3}, {2}], [{8}, {5, 7}, {6}, {2, 4}, {1, 3}], [{8}, {5, 7}, {6}, {4}, {1, 3}, {2}], [{8}, {6, 7}, {1, 5}, {2, 4}, {3}], [{8}, {6, 7}, {2, 5}, {1, 4}, {3}], [{8}, {6, 7}, {2, 5}, {3, 4}, {1}], [{8}, {6, 7}, {2, 5}, {4}, {1, 3}], [{8}, {6, 7}, {3, 5}, {2, 4}, {1}], [{8}, {6, 7}, {4, 5}, {1, 3}, {2}], [{8}, {6, 7}, {5}, {2, 4}, {1, 3}], [{8}, {6, 7}, {5}, {4}, {1, 3}, {2}], [{8}, {7}, {3, 6}, {4, 5}, {1, 2}], [{8}, {7}, {5, 6}, {2, 4}, {1, 3}], [{8}, {7}, {5, 6}, {4}, {1, 3}, {2}]]",2,4 K_1^3 - 14 K_1^2 - 8 K_1 K_2 + K_1 + 7 K_2 + 3 K_3 + 8,O1O2O3U1O4U2U5O6U4U3O5U7U6O8O7U8,O1O2U3O4O5U1O3O6U5O7U4U6U7O8U2U8,O1O2U3O4O5U2O6O3U7U6O7U8U1U5O8U4,c,{'O1O2O3U4O5O4U6U5O7U1U8O6U7U2O8U3'},1,"<a href=""/flatknot/8.975865"">8.975865</a>",t^9-50t^7-130t^6+18t^5+214t^4+109t^3+72t^2+78t+18,t^2-2t,,
8.975866,O1O2O3U4O5O4U6U5O7U1U8O6U7U3O8U2,4,3z^3+30z^2+106z+117,3w^4z^3+30w^3z^2+106w^2z+117w,False,False,"[[ 0 -2  1  2  1  0 -2  1 -1],[ 2  0  2  1  3 -1  1  0  1],[-1 -2  0  1  0  0 -2  0 -2],[-2 -1 -1  0 -1  0 -2 -1 -2],[-1 -3  0  1  0  0 -2  1 -2],[ 0  1  0  0  0  0  0 -1  1],[ 2 -1  2  2  2  0  0  1  1],[-1  0  0  1 -1  1 -1  0 -1],[ 1 -1  2  2  2 -1 -1  1  0]]","[[ 0  2  1  1  1  0 -1 -2 -2],[-2  0 -1 -1 -1  0 -2 -1 -2],[-1  1  0  1  0  0 -2 -3 -2],[-1  1 -1  0  0  1 -1  0 -1],[-1  1  0  0  0  0 -2 -2 -2],[ 0  0  0 -1  0  0  1  1  0],[ 1  2  2  1  2 -1  0 -1 -1],[ 2  1  3  0  2 -1  1  0  1],[ 2  2  2  1  2  0  1 -1  0]]",True,"[-2,-1,-1,-1,0,1,2,2,1,1,1,0,2,1,2,-1,0,0,2,3,2,0,-1,1,0,1,0,2,2,2,-1,-1,0,1,1,-1]","[-2,-2,-1,0,1,1,1,2,-1,0,3,0,1,3,3,0,2,1,1,2,2,2,0,0,1,1,1,1,2,2,0,-1,0,0,0,0]",t^8+50t^6+202t^4+116t^2,"[-2,-2,-1,0,1,1,1,2,-1,0,3,0,1,3,3,0,2,1,1,2,2,2,0,0,1,1,1,1,2,2,0,-1,0,0,0,0]","[-2,-1,-1,-1,0,1,2,2,0,0,0,2,1,2,3,-1,0,2,1,2,3,0,1,0,1,0,1,0,1,1,2,2,3,0,0,-1]","[-2,-2,-1,0,1,1,1,2,-1,1,0,1,2,2,2,1,-1,0,2,3,1,-1,1,2,2,2,-1,0,0,0,0,-1,1,0,1,1]",c,"[[{8, 1}, {2, 7}, {3, 6}, {4, 5}], [{8, 1}, {2, 7}, {4, 6}, {3, 5}], [{8, 1}, {2, 7}, {5, 6}, {3, 4}], [{8, 1}, {2, 7}, {6}, {4, 5}, {3}], [{8, 1}, {3, 7}, {2, 6}, {4, 5}], [{8, 1}, {3, 7}, {4, 6}, {2, 5}], [{8, 1}, {3, 7}, {5, 6}, {2, 4}], [{8, 1}, {4, 7}, {2, 6}, {3, 5}], [{8, 1}, {4, 7}, {3, 6}, {2, 5}], [{8, 1}, {4, 7}, {5, 6}, {2, 3}], [{8, 1}, {5, 7}, {2, 6}, {3, 4}], [{8, 1}, {5, 7}, {3, 6}, {2, 4}], [{8, 1}, {5, 7}, {4, 6}, {2, 3}], [{8, 1}, {5, 7}, {4, 6}, {3}, {2}], [{8, 1}, {6, 7}, {2, 5}, {3, 4}], [{8, 1}, {6, 7}, {3, 5}, {2, 4}], [{8, 1}, {6, 7}, {4, 5}, {2, 3}], [{8, 1}, {6, 7}, {4, 5}, {3}, {2}], [{8, 1}, {7}, {2, 6}, {4, 5}, {3}], [{8, 2}, {1, 7}, {3, 6}, {4, 5}], [{8, 2}, {1, 7}, {4, 6}, {3, 5}], [{8, 2}, {1, 7}, {5, 6}, {3, 4}], [{8, 2}, {3, 7}, {1, 6}, {4, 5}], [{8, 2}, {3, 7}, {4, 6}, {1, 5}], [{8, 2}, {3, 7}, {5, 6}, {1, 4}], [{8, 2}, {3, 7}, {6}, {5}, {1, 4}], [{8, 2}, {4, 7}, {1, 6}, {3, 5}], [{8, 2}, {4, 7}, {3, 6}, {1, 5}], [{8, 2}, {4, 7}, {5, 6}, {1, 3}], [{8, 2}, {4, 7}, {5, 6}, {3}, {1}], [{8, 2}, {4, 7}, {6}, {5}, {1, 3}], [{8, 2}, {5, 7}, {1, 6}, {3, 4}], [{8, 2}, {5, 7}, {3, 6}, {1, 4}], [{8, 2}, {5, 7}, {4, 6}, {1, 3}], [{8, 2}, {6, 7}, {1, 5}, {3, 4}], [{8, 2}, {6, 7}, {3, 5}, {1, 4}], [{8, 2}, {6, 7}, {4, 5}, {1, 3}], [{8, 2}, {6, 7}, {5}, {4}, {1, 3}], [{8, 2}, {7}, {3, 6}, {1, 5}, {4}], [{8, 2}, {7}, {4, 6}, {5}, {1, 3}], [{8, 3}, {1, 7}, {2, 6}, {4, 5}], [{8, 3}, {1, 7}, {4, 6}, {2, 5}], [{8, 3}, {1, 7}, {5, 6}, {2, 4}], [{8, 3}, {1, 7}, {5, 6}, {4}, {2}], [{8, 3}, {2, 7}, {1, 6}, {4, 5}], [{8, 3}, {2, 7}, {4, 6}, {1, 5}], [{8, 3}, {2, 7}, {5, 6}, {1, 4}], [{8, 3}, {2, 7}, {6}, {5}, {1, 4}], [{8, 3}, {4, 7}, {1, 6}, {2, 5}], [{8, 3}, {4, 7}, {2, 6}, {1, 5}], [{8, 3}, {4, 7}, {5, 6}, {1, 2}], [{8, 3}, {4, 7}, {6}, {1, 5}, {2}], [{8, 3}, {4, 7}, {6}, {2, 5}, {1}], [{8, 3}, {4, 7}, {6}, {5}, {1, 2}], [{8, 3}, {5, 7}, {1, 6}, {2, 4}], [{8, 3}, {5, 7}, {2, 6}, {1, 4}], [{8, 3}, {5, 7}, {4, 6}, {1, 2}], [{8, 3}, {6, 7}, {1, 5}, {2, 4}], [{8, 3}, {6, 7}, {2, 5}, {1, 4}], [{8, 3}, {6, 7}, {4, 5}, {1, 2}], [{8, 3}, {7}, {2, 6}, {4, 5}, {1}], [{8, 4}, {1, 7}, {2, 6}, {3, 5}], [{8, 4}, {1, 7}, {3, 6}, {2, 5}], [{8, 4}, {1, 7}, {5, 6}, {2, 3}], [{8, 4}, {2, 7}, {1, 6}, {3, 5}], [{8, 4}, {2, 7}, {3, 6}, {1, 5}], [{8, 4}, {2, 7}, {5, 6}, {1, 3}], [{8, 4}, {2, 7}, {5, 6}, {3}, {1}], [{8, 4}, {3, 7}, {1, 6}, {2, 5}], [{8, 4}, {3, 7}, {2, 6}, {1, 5}], [{8, 4}, {3, 7}, {5, 6}, {1, 2}], [{8, 4}, {3, 7}, {5, 6}, {2}, {1}], [{8, 4}, {5, 7}, {1, 6}, {2, 3}], [{8, 4}, {5, 7}, {2, 6}, {1, 3}], [{8, 4}, {5, 7}, {3, 6}, {1, 2}], [{8, 4}, {5, 7}, {3, 6}, {2}, {1}], [{8, 4}, {6, 7}, {1, 5}, {2, 3}], [{8, 4}, {6, 7}, {2, 5}, {1, 3}], [{8, 4}, {6, 7}, {2, 5}, {3}, {1}], [{8, 4}, {6, 7}, {3, 5}, {1, 2}], [{8, 4}, {7}, {5, 6}, {2, 3}, {1}], [{8, 5}, {1, 7}, {2, 6}, {3, 4}], [{8, 5}, {1, 7}, {3, 6}, {2, 4}], [{8, 5}, {1, 7}, {3, 6}, {4}, {2}], [{8, 5}, {1, 7}, {4, 6}, {2, 3}], [{8, 5}, {2, 7}, {1, 6}, {3, 4}], [{8, 5}, {2, 7}, {3, 6}, {1, 4}], [{8, 5}, {2, 7}, {4, 6}, {1, 3}], [{8, 5}, {3, 7}, {1, 6}, {2, 4}], [{8, 5}, {3, 7}, {1, 6}, {4}, {2}], [{8, 5}, {3, 7}, {2, 6}, {1, 4}], [{8, 5}, {3, 7}, {2, 6}, {4}, {1}], [{8, 5}, {3, 7}, {4, 6}, {1, 2}], [{8, 5}, {3, 7}, {6}, {4}, {1, 2}], [{8, 5}, {4, 7}, {1, 6}, {2, 3}], [{8, 5}, {4, 7}, {1, 6}, {3}, {2}], [{8, 5}, {4, 7}, {2, 6}, {1, 3}], [{8, 5}, {4, 7}, {3, 6}, {1, 2}], [{8, 5}, {6, 7}, {1, 4}, {2, 3}], [{8, 5}, {6, 7}, {2, 4}, {1, 3}], [{8, 5}, {6, 7}, {2, 4}, {3}, {1}], [{8, 5}, {6, 7}, {3, 4}, {1, 2}], [{8, 5}, {6, 7}, {4}, {1, 3}, {2}], [{8, 5}, {7}, {1, 6}, {3, 4}, {2}], [{8, 6}, {1, 7}, {2, 5}, {3, 4}], [{8, 6}, {1, 7}, {3, 5}, {2, 4}], [{8, 6}, {1, 7}, {3, 5}, {4}, {2}], [{8, 6}, {1, 7}, {4, 5}, {2, 3}], [{8, 6}, {2, 7}, {1, 5}, {3, 4}], [{8, 6}, {2, 7}, {3, 5}, {1, 4}], [{8, 6}, {2, 7}, {4, 5}, {1, 3}], [{8, 6}, {2, 7}, {5}, {1, 4}, {3}], [{8, 6}, {3, 7}, {1, 5}, {2, 4}], [{8, 6}, {3, 7}, {2, 5}, {1, 4}], [{8, 6}, {3, 7}, {4, 5}, {1, 2}], [{8, 6}, {4, 7}, {1, 5}, {2, 3}], [{8, 6}, {4, 7}, {1, 5}, {3}, {2}], [{8, 6}, {4, 7}, {2, 5}, {1, 3}], [{8, 6}, {4, 7}, {2, 5}, {3}, {1}], [{8, 6}, {4, 7}, {3, 5}, {1, 2}], [{8, 6}, {4, 7}, {5}, {3}, {1, 2}], [{8, 6}, {5, 7}, {1, 4}, {2, 3}], [{8, 6}, {5, 7}, {2, 4}, {1, 3}], [{8, 6}, {5, 7}, {3, 4}, {1, 2}], [{8, 7}, {1, 6}, {2, 5}, {3, 4}], [{8, 7}, {1, 6}, {3, 5}, {2, 4}], [{8, 7}, {1, 6}, {4, 5}, {2, 3}], [{8, 7}, {1, 6}, {5}, {2, 4}, {3}], [{8, 7}, {2, 6}, {1, 5}, {3, 4}], [{8, 7}, {2, 6}, {3, 5}, {1, 4}], [{8, 7}, {2, 6}, {4, 5}, {1, 3}], [{8, 7}, {3, 6}, {1, 5}, {2, 4}], [{8, 7}, {3, 6}, {2, 5}, {1, 4}], [{8, 7}, {3, 6}, {4, 5}, {1, 2}], [{8, 7}, {3, 6}, {4, 5}, {2}, {1}], [{8, 7}, {4, 6}, {1, 5}, {2, 3}], [{8, 7}, {4, 6}, {2, 5}, {1, 3}], [{8, 7}, {4, 6}, {3, 5}, {1, 2}], [{8, 7}, {4, 6}, {3, 5}, {2}, {1}], [{8, 7}, {5, 6}, {1, 4}, {2, 3}], [{8, 7}, {5, 6}, {2, 4}, {1, 3}], [{8, 7}, {5, 6}, {3, 4}, {1, 2}], [{8, 7}, {5, 6}, {3, 4}, {2}, {1}], [{8}, {2, 7}, {3, 6}, {5}, {1, 4}], [{8}, {2, 7}, {5, 6}, {4}, {1, 3}], [{8}, {3, 7}, {4, 6}, {1, 5}, {2}], [{8}, {3, 7}, {4, 6}, {2, 5}, {1}], [{8}, {3, 7}, {4, 6}, {5}, {1, 2}], [{8}, {4, 7}, {2, 6}, {3, 5}, {1}], [{8}, {4, 7}, {3, 6}, {1, 5}, {2}], [{8}, {4, 7}, {3, 6}, {2, 5}, {1}], [{8}, {4, 7}, {3, 6}, {5}, {1, 2}], [{8}, {4, 7}, {5, 6}, {1, 3}, {2}], [{8}, {5, 7}, {1, 6}, {4}, {2, 3}], [{8}, {5, 7}, {2, 6}, {3, 4}, {1}], [{8}, {5, 7}, {3, 6}, {4}, {1, 2}], [{8}, {6, 7}, {1, 5}, {4}, {2, 3}], [{8}, {6, 7}, {2, 5}, {4}, {1, 3}], [{8}, {7}, {2, 6}, {4, 5}, {1, 3}], [{8}, {7}, {3, 6}, {4, 5}, {1, 2}], [{8}, {7}, {5, 6}, {2, 4}, {1, 3}]]",2,20 K_1^3 - 26 K_1^2 - 28 K_1 K_2 - K_1 + 13 K_2 + 9 K_3 + 14,O1O2O3U2O4U1U5O6U4U3O5U7U6O8O7U8,O1O2U3O4O5U1O3O6U5O7U4U7U6O8U2U8,O1O2U3O4O5U2O6O3U7U6O7U1U8U5O8U4,c,{'O1O2O3U4O5O4U6U5O7U1U8O6U7U3O8U2'},1,"<a href=""/flatknot/8.975866"">8.975866</a>",t^9-52t^7-142t^6-15t^5+182t^4+9t^3-24t^2+110t-24,t^2-2t,,
8.975867,O1O2O3U4O5O4U6U5O7U2U1O6U8U3O8U7,4,2z^3+26z^2+97z+107,2w^4z^3+26w^3z^2+97w^2z+107w,False,False,"[[ 0 -1 -1  2  1  0 -2  2 -1],[ 1  0  0  1  2 -1 -1  2  0],[ 1  0  0  0  2 -1  0  1  0],[-2 -1  0  0 -1  0 -3 -1 -2],[-1 -2 -2  1  0  0 -2  2 -2],[ 0  1  1  0  0  0  0 -1  0],[ 2  1  0  3  2  0  0  2  1],[-2 -2 -1  1 -2  1 -2  0 -2],[ 1  0  0  2  2  0 -1  2  0]]","[[ 0  2  2  1  0 -1 -1 -1 -2],[-2  0  1 -2  1 -1 -2 -2 -2],[-2 -1  0 -1  0  0 -1 -2 -3],[-1  2  1  0  0 -2 -2 -2 -2],[ 0 -1  0  0  0  1  1  0  0],[ 1  1  0  2 -1  0  0  0  0],[ 1  2  1  2 -1  0  0  0 -1],[ 1  2  2  2  0  0  0  0 -1],[ 2  2  3  2  0  0  1  1  0]]",True,"[-2,-2,-1,0,1,1,1,2,-1,2,-1,1,2,2,2,1,0,0,1,2,3,0,2,2,2,2,-1,-1,0,0,0,0,0,0,1,1]","[-2,-2,-1,0,1,1,1,2,-1,0,2,1,2,3,1,-1,3,1,1,2,2,1,0,0,0,1,1,2,2,2,0,0,0,0,0,1]",t^8+54t^6+332t^4+120t^2+9,"[-2,-1,-1,-1,0,1,2,2,0,0,1,2,1,1,2,0,0,1,0,1,1,0,2,0,2,1,2,0,3,2,1,2,3,0,-1,1]","[-2,-2,-1,0,1,1,1,2,-1,0,2,1,2,3,1,-1,3,1,1,2,2,1,0,0,0,1,1,2,2,2,0,0,0,0,0,1]","[-2,-1,-1,-1,0,1,2,2,0,1,1,0,2,2,3,0,0,-1,2,1,0,0,-1,2,2,1,0,2,2,2,0,-1,0,2,1,1]",c,"[[{8, 1}, {2, 7}, {3, 6}, {4, 5}], [{8, 1}, {2, 7}, {3, 6}, {5}, {4}], [{8, 1}, {2, 7}, {4, 6}, {3, 5}], [{8, 1}, {2, 7}, {5, 6}, {3, 4}], [{8, 1}, {2, 7}, {5, 6}, {4}, {3}], [{8, 1}, {2, 7}, {6}, {3, 5}, {4}], [{8, 1}, {3, 7}, {2, 6}, {4, 5}], [{8, 1}, {3, 7}, {2, 6}, {5}, {4}], [{8, 1}, {3, 7}, {4, 6}, {2, 5}], [{8, 1}, {3, 7}, {4, 6}, {5}, {2}], [{8, 1}, {3, 7}, {5, 6}, {2, 4}], [{8, 1}, {3, 7}, {6}, {5}, {2, 4}], [{8, 1}, {4, 7}, {2, 6}, {3, 5}], [{8, 1}, {4, 7}, {3, 6}, {2, 5}], [{8, 1}, {4, 7}, {3, 6}, {5}, {2}], [{8, 1}, {4, 7}, {5, 6}, {2, 3}], [{8, 1}, {5, 7}, {2, 6}, {3, 4}], [{8, 1}, {5, 7}, {3, 6}, {2, 4}], [{8, 1}, {5, 7}, {4, 6}, {2, 3}], [{8, 1}, {6, 7}, {2, 5}, {3, 4}], [{8, 1}, {6, 7}, {3, 5}, {2, 4}], [{8, 1}, {6, 7}, {4, 5}, {2, 3}], [{8, 1}, {6, 7}, {5}, {2, 4}, {3}], [{8, 1}, {7}, {3, 6}, {5}, {2, 4}], [{8, 1}, {7}, {6}, {4, 5}, {2, 3}], [{8, 2}, {1, 7}, {3, 6}, {4, 5}], [{8, 2}, {1, 7}, {3, 6}, {5}, {4}], [{8, 2}, {1, 7}, {4, 6}, {3, 5}], [{8, 2}, {1, 7}, {4, 6}, {5}, {3}], [{8, 2}, {1, 7}, {5, 6}, {3, 4}], [{8, 2}, {1, 7}, {6}, {5}, {3, 4}], [{8, 2}, {3, 7}, {1, 6}, {4, 5}], [{8, 2}, {3, 7}, {4, 6}, {1, 5}], [{8, 2}, {3, 7}, {5, 6}, {1, 4}], [{8, 2}, {4, 7}, {1, 6}, {3, 5}], [{8, 2}, {4, 7}, {3, 6}, {1, 5}], [{8, 2}, {4, 7}, {3, 6}, {5}, {1}], [{8, 2}, {4, 7}, {5, 6}, {1, 3}], [{8, 2}, {5, 7}, {1, 6}, {3, 4}], [{8, 2}, {5, 7}, {3, 6}, {1, 4}], [{8, 2}, {5, 7}, {4, 6}, {1, 3}], [{8, 2}, {6, 7}, {1, 5}, {3, 4}], [{8, 2}, {6, 7}, {1, 5}, {4}, {3}], [{8, 2}, {6, 7}, {3, 5}, {1, 4}], [{8, 2}, {6, 7}, {4, 5}, {1, 3}], [{8, 2}, {7}, {1, 6}, {3, 5}, {4}], [{8, 2}, {7}, {3, 6}, {5}, {1, 4}], [{8, 2}, {7}, {4, 6}, {3, 5}, {1}], [{8, 2}, {7}, {5, 6}, {1, 4}, {3}], [{8, 2}, {7}, {6}, {3, 5}, {1, 4}], [{8, 3}, {1, 7}, {2, 6}, {4, 5}], [{8, 3}, {1, 7}, {4, 6}, {2, 5}], [{8, 3}, {1, 7}, {4, 6}, {5}, {2}], [{8, 3}, {1, 7}, {5, 6}, {2, 4}], [{8, 3}, {2, 7}, {1, 6}, {4, 5}], [{8, 3}, {2, 7}, {1, 6}, {5}, {4}], [{8, 3}, {2, 7}, {4, 6}, {1, 5}], [{8, 3}, {2, 7}, {4, 6}, {5}, {1}], [{8, 3}, {2, 7}, {5, 6}, {1, 4}], [{8, 3}, {2, 7}, {5, 6}, {4}, {1}], [{8, 3}, {2, 7}, {6}, {1, 5}, {4}], [{8, 3}, {2, 7}, {6}, {4, 5}, {1}], [{8, 3}, {2, 7}, {6}, {5}, {1, 4}], [{8, 3}, {2, 7}, {6}, {5}, {4}, {1}], [{8, 3}, {4, 7}, {1, 6}, {2, 5}], [{8, 3}, {4, 7}, {2, 6}, {1, 5}], [{8, 3}, {4, 7}, {2, 6}, {5}, {1}], [{8, 3}, {4, 7}, {5, 6}, {1, 2}], [{8, 3}, {4, 7}, {5, 6}, {2}, {1}], [{8, 3}, {4, 7}, {6}, {2, 5}, {1}], [{8, 3}, {5, 7}, {1, 6}, {2, 4}], [{8, 3}, {5, 7}, {2, 6}, {1, 4}], [{8, 3}, {5, 7}, {2, 6}, {4}, {1}], [{8, 3}, {5, 7}, {4, 6}, {1, 2}], [{8, 3}, {5, 7}, {4, 6}, {2}, {1}], [{8, 3}, {5, 7}, {6}, {2, 4}, {1}], [{8, 3}, {6, 7}, {1, 5}, {2, 4}], [{8, 3}, {6, 7}, {2, 5}, {1, 4}], [{8, 3}, {6, 7}, {2, 5}, {4}, {1}], [{8, 3}, {6, 7}, {4, 5}, {1, 2}], [{8, 3}, {6, 7}, {4, 5}, {2}, {1}], [{8, 3}, {6, 7}, {5}, {2, 4}, {1}], [{8, 3}, {7}, {2, 6}, {4, 5}, {1}], [{8, 3}, {7}, {4, 6}, {1, 5}, {2}], [{8, 3}, {7}, {4, 6}, {2, 5}, {1}], [{8, 3}, {7}, {4, 6}, {5}, {1, 2}], [{8, 3}, {7}, {4, 6}, {5}, {2}, {1}], [{8, 3}, {7}, {5, 6}, {2, 4}, {1}], [{8, 4}, {1, 7}, {2, 6}, {3, 5}], [{8, 4}, {1, 7}, {3, 6}, {2, 5}], [{8, 4}, {1, 7}, {3, 6}, {5}, {2}], [{8, 4}, {1, 7}, {5, 6}, {2, 3}], [{8, 4}, {2, 7}, {1, 6}, {3, 5}], [{8, 4}, {2, 7}, {3, 6}, {1, 5}], [{8, 4}, {2, 7}, {3, 6}, {5}, {1}], [{8, 4}, {2, 7}, {5, 6}, {1, 3}], [{8, 4}, {3, 7}, {1, 6}, {2, 5}], [{8, 4}, {3, 7}, {2, 6}, {1, 5}], [{8, 4}, {3, 7}, {5, 6}, {1, 2}], [{8, 4}, {3, 7}, {6}, {2, 5}, {1}], [{8, 4}, {5, 7}, {1, 6}, {2, 3}], [{8, 4}, {5, 7}, {2, 6}, {1, 3}], [{8, 4}, {5, 7}, {2, 6}, {3}, {1}], [{8, 4}, {5, 7}, {3, 6}, {1, 2}], [{8, 4}, {5, 7}, {3, 6}, {2}, {1}], [{8, 4}, {5, 7}, {6}, {2, 3}, {1}], [{8, 4}, {6, 7}, {1, 5}, {2, 3}], [{8, 4}, {6, 7}, {2, 5}, {1, 3}], [{8, 4}, {6, 7}, {2, 5}, {3}, {1}], [{8, 4}, {6, 7}, {3, 5}, {1, 2}], [{8, 4}, {7}, {3, 6}, {1, 5}, {2}], [{8, 4}, {7}, {3, 6}, {2, 5}, {1}], [{8, 4}, {7}, {3, 6}, {5}, {1, 2}], [{8, 4}, {7}, {3, 6}, {5}, {2}, {1}], [{8, 5}, {1, 7}, {2, 6}, {3, 4}], [{8, 5}, {1, 7}, {3, 6}, {2, 4}], [{8, 5}, {1, 7}, {3, 6}, {4}, {2}], [{8, 5}, {1, 7}, {4, 6}, {2, 3}], [{8, 5}, {1, 7}, {4, 6}, {3}, {2}], [{8, 5}, {1, 7}, {6}, {3, 4}, {2}], [{8, 5}, {2, 7}, {1, 6}, {3, 4}], [{8, 5}, {2, 7}, {1, 6}, {4}, {3}], [{8, 5}, {2, 7}, {3, 6}, {1, 4}], [{8, 5}, {2, 7}, {3, 6}, {4}, {1}], [{8, 5}, {2, 7}, {4, 6}, {1, 3}], [{8, 5}, {2, 7}, {6}, {4}, {1, 3}], [{8, 5}, {3, 7}, {1, 6}, {2, 4}], [{8, 5}, {3, 7}, {2, 6}, {1, 4}], [{8, 5}, {3, 7}, {4, 6}, {1, 2}], [{8, 5}, {4, 7}, {1, 6}, {2, 3}], [{8, 5}, {4, 7}, {2, 6}, {1, 3}], [{8, 5}, {4, 7}, {3, 6}, {1, 2}], [{8, 5}, {6, 7}, {1, 4}, {2, 3}], [{8, 5}, {6, 7}, {2, 4}, {1, 3}], [{8, 5}, {6, 7}, {3, 4}, {1, 2}], [{8, 5}, {7}, {3, 6}, {4}, {1, 2}], [{8, 5}, {7}, {4, 6}, {2, 3}, {1}], [{8, 6}, {1, 7}, {2, 5}, {3, 4}], [{8, 6}, {1, 7}, {3, 5}, {2, 4}], [{8, 6}, {1, 7}, {4, 5}, {2, 3}], [{8, 6}, {1, 7}, {5}, {3, 4}, {2}], [{8, 6}, {2, 7}, {1, 5}, {3, 4}], [{8, 6}, {2, 7}, {1, 5}, {4}, {3}], [{8, 6}, {2, 7}, {3, 5}, {1, 4}], [{8, 6}, {2, 7}, {3, 5}, {4}, {1}], [{8, 6}, {2, 7}, {4, 5}, {1, 3}], [{8, 6}, {2, 7}, {4, 5}, {3}, {1}], [{8, 6}, {2, 7}, {5}, {1, 4}, {3}], [{8, 6}, {2, 7}, {5}, {3, 4}, {1}], [{8, 6}, {2, 7}, {5}, {4}, {1, 3}], [{8, 6}, {2, 7}, {5}, {4}, {3}, {1}], [{8, 6}, {3, 7}, {1, 5}, {2, 4}], [{8, 6}, {3, 7}, {1, 5}, {4}, {2}], [{8, 6}, {3, 7}, {2, 5}, {1, 4}], [{8, 6}, {3, 7}, {4, 5}, {1, 2}], [{8, 6}, {4, 7}, {1, 5}, {2, 3}], [{8, 6}, {4, 7}, {2, 5}, {1, 3}], [{8, 6}, {4, 7}, {3, 5}, {1, 2}], [{8, 6}, {5, 7}, {1, 4}, {2, 3}], [{8, 6}, {5, 7}, {2, 4}, {1, 3}], [{8, 6}, {5, 7}, {3, 4}, {1, 2}], [{8, 6}, {5, 7}, {4}, {1, 3}, {2}], [{8, 6}, {7}, {1, 5}, {4}, {2, 3}], [{8, 6}, {7}, {2, 5}, {4}, {1, 3}], [{8, 6}, {7}, {5}, {3, 4}, {1, 2}], [{8, 7}, {1, 6}, {2, 5}, {3, 4}], [{8, 7}, {1, 6}, {3, 5}, {2, 4}], [{8, 7}, {1, 6}, {3, 5}, {4}, {2}], [{8, 7}, {1, 6}, {4, 5}, {2, 3}], [{8, 7}, {2, 6}, {1, 5}, {3, 4}], [{8, 7}, {2, 6}, {3, 5}, {1, 4}], [{8, 7}, {2, 6}, {4, 5}, {1, 3}], [{8, 7}, {2, 6}, {4, 5}, {3}, {1}], [{8, 7}, {3, 6}, {1, 5}, {2, 4}], [{8, 7}, {3, 6}, {2, 5}, {1, 4}], [{8, 7}, {3, 6}, {4, 5}, {1, 2}], [{8, 7}, {3, 6}, {5}, {1, 4}, {2}], [{8, 7}, {3, 6}, {5}, {2, 4}, {1}], [{8, 7}, {3, 6}, {5}, {4}, {1, 2}], [{8, 7}, {4, 6}, {1, 5}, {2, 3}], [{8, 7}, {4, 6}, {2, 5}, {1, 3}], [{8, 7}, {4, 6}, {3, 5}, {1, 2}], [{8, 7}, {4, 6}, {5}, {1, 3}, {2}], [{8, 7}, {5, 6}, {1, 4}, {2, 3}], [{8, 7}, {5, 6}, {2, 4}, {1, 3}], [{8, 7}, {5, 6}, {3, 4}, {1, 2}], [{8, 7}, {5, 6}, {4}, {2, 3}, {1}], [{8, 7}, {6}, {2, 5}, {1, 4}, {3}], [{8}, {1, 7}, {2, 6}, {5}, {3, 4}], [{8}, {1, 7}, {3, 6}, {2, 5}, {4}], [{8}, {1, 7}, {3, 6}, {4, 5}, {2}], [{8}, {1, 7}, {3, 6}, {5}, {2, 4}], [{8}, {1, 7}, {3, 6}, {5}, {4}, {2}], [{8}, {1, 7}, {4, 6}, {2, 5}, {3}], [{8}, {1, 7}, {4, 6}, {3, 5}, {2}], [{8}, {1, 7}, {4, 6}, {5}, {2, 3}], [{8}, {1, 7}, {4, 6}, {5}, {3}, {2}], [{8}, {1, 7}, {5, 6}, {3, 4}, {2}], [{8}, {1, 7}, {6}, {2, 5}, {3, 4}], [{8}, {1, 7}, {6}, {5}, {3, 4}, {2}], [{8}, {2, 7}, {1, 6}, {3, 5}, {4}], [{8}, {2, 7}, {3, 6}, {1, 5}, {4}], [{8}, {2, 7}, {3, 6}, {4, 5}, {1}], [{8}, {2, 7}, {3, 6}, {5}, {1, 4}], [{8}, {2, 7}, {3, 6}, {5}, {4}, {1}], [{8}, {2, 7}, {5, 6}, {4}, {1, 3}], [{8}, {3, 7}, {2, 6}, {4, 5}, {1}], [{8}, {3, 7}, {5, 6}, {1, 4}, {2}], [{8}, {4, 7}, {3, 6}, {5}, {1, 2}], [{8}, {4, 7}, {6}, {1, 5}, {2, 3}], [{8}, {5, 7}, {2, 6}, {3, 4}, {1}], [{8}, {5, 7}, {3, 6}, {4}, {1, 2}], [{8}, {6, 7}, {2, 5}, {3, 4}, {1}], [{8}, {6, 7}, {5}, {2, 4}, {1, 3}], [{8}, {7}, {1, 6}, {2, 5}, {3, 4}], [{8}, {7}, {2, 6}, {1, 5}, {3, 4}], [{8}, {7}, {3, 6}, {4, 5}, {1, 2}], [{8}, {7}, {3, 6}, {5}, {4}, {1, 2}]]",2,- 6 K_1^2 - 4 K_1 K_2 + 2 K_1 + 3 K_2 + 2 K_3 + 4,O1O2O3U4O5U1U5O6U3U2O4U7U6O8O7U8,O1O2U3O4O5U1O6O7U6O3U5U4U7O8U2U8,O1O2U3O4O5U6O7O3U8U7O8U1U5U4O6U2,c,{'O1O2O3U4O5O4U6U5O7U2U1O6U8U3O8U7'},1,"<a href=""/flatknot/8.975867"">8.975867</a>",t^9-52t^7-152t^6+67t^5+566t^4+359t^3-152t^2-66t+20,-t^2+2t,,
8.975868,O1O2O3U4O5O4U6U5O7U2U1O6U8U7O8U3,3,20z^2+73z+67,20w^3z^2+73w^2z+67w,False,False,"[[ 0 -1 -1  2  1  0 -2  2 -1],[ 1  0  0  2  2 -1 -1  1  0],[ 1  0  0  1  2 -1  0  0  0],[-2 -2 -1  0 -1  0 -2  0 -3],[-1 -2 -2  1  0  0 -2  2 -2],[ 0  1  1  0  0  0  0 -1  0],[ 2  1  0  2  2  0  0  2  2],[-2 -1  0  0 -2  1 -2  0 -2],[ 1  0  0  3  2  0 -2  2  0]]","[[ 0  2  1  0 -1 -1 -1],[-2  0 -2  1  0 -1 -2],[-1  2  0  0 -2 -2 -2],[ 0 -1  0  0  1  1  0],[ 1  0  2 -1  0  0  0],[ 1  1  2 -1  0  0  0],[ 1  2  2  0  0  0  0]]",False,"[-2,-1,0,1,1,1,2,-1,0,1,2,0,2,2,2,-1,-1,0,0,0,0]","[-2,-1,0,1,1,1,-1,3,1,2,3,1,0,0,0,1,2,2,0,0,0]",t^6+24t^4+45t^2+4,"[-1,-1,-1,0,1,2,0,0,1,0,1,0,2,0,2,2,0,3,1,3,-1]","[-2,-1,0,1,1,1,-1,3,1,2,3,1,0,0,0,1,2,2,0,0,0]","[-1,-1,-1,0,1,2,0,0,-1,2,0,0,-1,2,1,0,2,2,0,-1,2]",c,"[[{8, 1}, {2, 7}, {3, 6}, {4, 5}], [{8, 1}, {2, 7}, {4, 6}, {3, 5}], [{8, 3}, {2, 7}, {1, 6}, {4, 5}], [{8, 3}, {2, 7}, {4, 6}, {1, 5}], [{8, 4}, {1, 7}, {3, 6}, {2, 5}], [{8, 4}, {2, 7}, {1, 6}, {3, 5}], [{8, 4}, {2, 7}, {3, 6}, {1, 5}], [{8, 4}, {5, 7}, {3, 6}, {1, 2}], [{8, 4}, {7}, {3, 6}, {2, 5}, {1}]]",1,4 K_1^3 - 6 K_1^2 - 4 K_1 K_2 - K_1 + 3 K_2 + K_3 + 4,O1O2O3U1O4U5U4O6U3U2O5U7U6O8O7U8,O1O2U3O4O5U1O6O3U6O7U5U4U7O8U2U8,O1O2U3O4O5U1O6O3U7U6O7U8U5U4O8U2,c,{'O1O2O3U4O5O4U6U5O7U2U1O6U8U7O8U3'},1,"<a href=""/flatknot/8.975868"">8.975868</a>",t^7-22t^5-18t^4+28t^3-4t,-t^2+2t,,
8.975869,O1O2O3U4O5O4U6U5O7U2U3O6U8U1O8U7,4,9z^3+48z^2+106z+93,9w^4z^3+48w^3z^2+106w^2z+93w,False,False,"[[ 0  0 -1  1  1  0 -2  2 -1],[ 0  0  0  2  1  0 -3  1  0],[ 1  0  0  1  2 -1 -1  1  1],[-1 -2 -1  0  0 -1 -2  0 -1],[-1 -1 -2  0  0  0 -2  2 -2],[ 0  0  1  1  0  0  0 -1  0],[ 2  3  1  2  2  0  0  2  1],[-2 -1 -1  0 -2  1 -2  0 -2],[ 1  0 -1  1  2  0 -1  2  0]]","[[ 0  2  1  1  0  0 -1 -1 -2],[-2  0  0 -2  1 -1 -1 -2 -2],[-1  0  0  0 -1 -2 -1 -1 -2],[-1  2  0  0  0 -1 -2 -2 -2],[ 0 -1  1  0  0  0  1  0  0],[ 0  1  2  1  0  0  0  0 -3],[ 1  1  1  2 -1  0  0  1 -1],[ 1  2  1  2  0  0 -1  0 -1],[ 2  2  2  2  0  3  1  1  0]]",True,"[-2,-1,-1,0,0,1,1,2,0,2,-1,1,1,2,2,0,1,2,1,1,2,0,1,2,2,2,0,-1,0,0,0,0,3,-1,1,1]","[-2,-1,-1,0,0,1,1,2,-1,1,1,3,1,2,2,0,0,1,0,0,1,-1,0,1,1,1,0,1,1,-1,1,2,2,-1,0,0]",t^8+52t^6+382t^4+236t^2+1,"[-2,-1,-1,0,0,1,1,2,0,0,-1,2,1,1,2,-1,1,2,0,1,2,1,1,0,1,1,0,0,-1,1,1,0,3,0,-1,1]","[-2,-1,-1,0,0,1,1,2,-1,1,1,3,1,2,2,0,0,1,0,0,1,-1,0,1,1,1,0,1,1,-1,1,2,2,-1,0,0]","[-2,-1,-1,0,0,1,1,2,1,1,0,3,2,2,2,-1,0,0,1,2,2,-1,0,1,2,1,0,1,0,-1,2,1,1,0,0,2]",c,"[[{8, 4}, {6, 7}, {1, 5}, {2, 3}], [{8, 5}, {2, 7}, {3, 6}, {1, 4}], [{8, 7}, {3, 6}, {2, 5}, {1, 4}], [{8, 7}, {3, 6}, {4, 5}, {1, 2}]]",1,4 K_1^3 - 12 K_1^2 - 4 K_1 K_2 - K_1 + 6 K_2 + K_3 + 7,O1O2O3U4O5U3U5O6U1U2O4U7U6O8O7U8,O1O2U3O4O5U1O6O7U6O3U7U4U5O8U2U8,O1O2U3O4O5U6O7O3U8U7O8U4U5U1O6U2,c,{'O1O2O3U4O5O4U6U5O7U2U3O6U8U1O8U7'},1,"<a href=""/flatknot/8.975869"">8.975869</a>",t^9-52t^7-150t^6+150t^5+756t^4+250t^3-410t^2-241t-44,0,,
8.975870,O1O2O3U4O5O4U6U5O7U2U7O6U8U1O8U3,4,10z^2+79z+119,10w^3z^2+79w^2z+119w,False,False,"[[ 0  0 -1  2  1  0 -2  1 -1],[ 0  0  0  1  1  0 -2  1  0],[ 1  0  0  1  2 -1 -1  1  1],[-2 -1 -1  0 -1  0 -3  0 -2],[-1 -1 -2  1  0  0 -2  1 -2],[ 0  0  1  0  0  0  0  0  0],[ 2  2  1  3  2  0  0  1  1],[-1 -1 -1  0 -1  0 -1  0 -1],[ 1  0 -1  2  2  0 -1  1  0]]","[[ 0  2  1  1  0  0 -1 -1 -2],[-2  0  0 -1  0 -1 -1 -2 -3],[-1  0  0 -1  0 -1 -1 -1 -1],[-1  1  1  0  0 -1 -2 -2 -2],[ 0  0  0  0  0  0  1  0  0],[ 0  1  1  1  0  0  0  0 -2],[ 1  1  1  2 -1  0  0  1 -1],[ 1  2  1  2  0  0 -1  0 -1],[ 2  3  1  2  0  2  1  1  0]]",True,"[-2,-1,-1,0,0,1,1,2,0,1,0,1,1,2,3,1,0,1,1,1,1,0,1,2,2,2,0,-1,0,0,0,0,2,-1,1,1]","[-2,-1,-1,0,0,1,1,2,0,0,0,2,1,2,1,-1,1,2,0,1,2,1,1,0,1,1,0,0,0,1,1,1,2,-1,0,1]",t^8+42t^6+158t^4+76t^2+9,"[-2,-1,-1,0,0,1,1,2,0,0,0,2,1,2,1,-1,1,2,0,1,2,1,1,0,1,1,0,0,0,1,1,1,2,-1,0,1]","[-2,-1,-1,0,0,1,1,2,0,1,1,2,1,2,1,1,0,1,0,0,1,0,1,1,1,2,0,1,1,0,1,2,2,-1,0,0]","[-2,-1,-1,0,0,1,1,2,1,1,0,2,1,2,3,-1,0,0,1,2,2,-1,0,1,2,1,0,0,0,0,1,1,1,-1,0,1]",c,"[[{8, 4}, {2, 7}, {3, 6}, {1, 5}], [{8, 7}, {3, 6}, {1, 5}, {2, 4}]]",1,- 20 K_1^2 - 4 K_1 K_2 + 2 K_1 + 10 K_2 + 2 K_3 + 11,O1O2O3U1O4U3U4O5U6U2O6U7U5O8O7U8,O1O2U3O4O3U1O5O6U5O7U6U4U7O8U2U8,O1O2U3O4O5U4O6O3U7U6O7U8U5U1O8U2,c,{'O1O2O3U4O5O4U6U5O7U2U7O6U8U1O8U3'},1,"<a href=""/flatknot/8.975870"">8.975870</a>",t^9-42t^7-122t^6-16t^5+214t^4+109t^3-60t^2-17t+4,0,,
8.975871,O1O2O3U4O5O4U6U5O7U2U8O6U1U3O8U7,4,23z^2+108z+125,23w^3z^2+108w^2z+125w,False,False,"[[ 0 -1 -1  2  1  0 -2  2 -1],[ 1  0  1  2  2  0 -1  1  1],[ 1 -1  0  0  2 -1  0  1  1],[-2 -2  0  0 -1  0 -3 -1 -1],[-1 -2 -2  1  0  0 -2  2 -2],[ 0  0  1  0  0  0  0 -1  1],[ 2  1  0  3  2  0  0  3  0],[-2 -1 -1  1 -2  1 -3  0 -2],[ 1 -1 -1  1  2 -1  0  2  0]]","[[ 0  2  2  1  0 -1 -1 -1 -2],[-2  0  1 -2  1 -1 -1 -2 -3],[-2 -1  0 -1  0  0 -2 -1 -3],[-1  2  1  0  0 -2 -2 -2 -2],[ 0 -1  0  0  0  1  0  1  0],[ 1  1  0  2 -1  0 -1  1  0],[ 1  1  2  2  0  1  0  1 -1],[ 1  2  1  2 -1 -1 -1  0  0],[ 2  3  3  2  0  0  1  0  0]]",True,"[-2,-2,-1,0,1,1,1,2,-1,2,-1,1,1,2,3,1,0,0,2,1,3,0,2,2,2,2,-1,0,-1,0,1,-1,0,-1,1,0]","[-2,-2,-1,0,1,1,1,2,-1,0,2,1,2,3,1,-1,3,2,1,2,1,1,0,0,0,1,1,2,2,2,1,1,0,-1,1,1]",t^8+58t^6+497t^4+100t^2+4,"[-2,-1,-1,-1,0,1,2,2,0,1,1,2,1,1,1,-1,-1,1,0,1,2,-1,2,0,3,2,2,0,2,1,1,2,3,0,-1,1]","[-2,-2,-1,0,1,1,1,2,-1,0,2,1,2,3,1,-1,3,2,1,2,1,1,0,0,0,1,1,2,2,2,1,1,0,-1,1,1]","[-2,-1,-1,-1,0,1,2,2,0,0,1,0,2,3,3,-1,-1,-1,2,1,2,-1,-1,2,0,1,0,2,2,1,0,0,-1,1,2,-1]",c,"[[{8, 1}, {2, 7}, {3, 6}, {4, 5}], [{8, 1}, {2, 7}, {4, 6}, {3, 5}], [{8, 1}, {2, 7}, {5, 6}, {3, 4}], [{8, 1}, {3, 7}, {2, 6}, {4, 5}], [{8, 1}, {3, 7}, {4, 6}, {2, 5}], [{8, 1}, {3, 7}, {5, 6}, {2, 4}], [{8, 1}, {3, 7}, {6}, {5}, {2, 4}], [{8, 1}, {4, 7}, {2, 6}, {3, 5}], [{8, 1}, {4, 7}, {3, 6}, {2, 5}], [{8, 1}, {4, 7}, {5, 6}, {2, 3}], [{8, 1}, {5, 7}, {2, 6}, {3, 4}], [{8, 1}, {5, 7}, {3, 6}, {2, 4}], [{8, 1}, {5, 7}, {4, 6}, {2, 3}], [{8, 1}, {5, 7}, {6}, {2, 4}, {3}], [{8, 1}, {6, 7}, {2, 5}, {3, 4}], [{8, 1}, {6, 7}, {3, 5}, {2, 4}], [{8, 1}, {6, 7}, {4, 5}, {2, 3}], [{8, 1}, {6, 7}, {5}, {2, 4}, {3}], [{8, 1}, {7}, {2, 6}, {5}, {3, 4}], [{8, 1}, {7}, {3, 6}, {5}, {2, 4}], [{8, 1}, {7}, {4, 6}, {5}, {2, 3}], [{8, 1}, {7}, {5, 6}, {2, 4}, {3}], [{8, 1}, {7}, {6}, {3, 5}, {2, 4}], [{8, 1}, {7}, {6}, {5}, {2, 4}, {3}], [{8, 2}, {1, 7}, {3, 6}, {4, 5}], [{8, 2}, {1, 7}, {4, 6}, {3, 5}], [{8, 2}, {1, 7}, {5, 6}, {3, 4}], [{8, 2}, {3, 7}, {1, 6}, {4, 5}], [{8, 2}, {3, 7}, {4, 6}, {1, 5}], [{8, 2}, {3, 7}, {4, 6}, {5}, {1}], [{8, 2}, {3, 7}, {5, 6}, {1, 4}], [{8, 2}, {4, 7}, {1, 6}, {3, 5}], [{8, 2}, {4, 7}, {3, 6}, {1, 5}], [{8, 2}, {4, 7}, {5, 6}, {1, 3}], [{8, 2}, {4, 7}, {6}, {5}, {1, 3}], [{8, 2}, {5, 7}, {1, 6}, {3, 4}], [{8, 2}, {5, 7}, {3, 6}, {1, 4}], [{8, 2}, {5, 7}, {4, 6}, {1, 3}], [{8, 2}, {6, 7}, {1, 5}, {3, 4}], [{8, 2}, {6, 7}, {3, 5}, {1, 4}], [{8, 2}, {6, 7}, {4, 5}, {1, 3}], [{8, 2}, {7}, {3, 6}, {5}, {1, 4}], [{8, 3}, {1, 7}, {2, 6}, {4, 5}], [{8, 3}, {1, 7}, {2, 6}, {5}, {4}], [{8, 3}, {1, 7}, {4, 6}, {2, 5}], [{8, 3}, {1, 7}, {5, 6}, {2, 4}], [{8, 3}, {2, 7}, {1, 6}, {4, 5}], [{8, 3}, {2, 7}, {4, 6}, {1, 5}], [{8, 3}, {2, 7}, {4, 6}, {5}, {1}], [{8, 3}, {2, 7}, {5, 6}, {1, 4}], [{8, 3}, {4, 7}, {1, 6}, {2, 5}], [{8, 3}, {4, 7}, {2, 6}, {1, 5}], [{8, 3}, {4, 7}, {5, 6}, {1, 2}], [{8, 3}, {4, 7}, {6}, {1, 5}, {2}], [{8, 3}, {4, 7}, {6}, {2, 5}, {1}], [{8, 3}, {4, 7}, {6}, {5}, {1, 2}], [{8, 3}, {5, 7}, {1, 6}, {2, 4}], [{8, 3}, {5, 7}, {2, 6}, {1, 4}], [{8, 3}, {5, 7}, {4, 6}, {1, 2}], [{8, 3}, {5, 7}, {6}, {1, 4}, {2}], [{8, 3}, {6, 7}, {1, 5}, {2, 4}], [{8, 3}, {6, 7}, {2, 5}, {1, 4}], [{8, 3}, {6, 7}, {4, 5}, {1, 2}], [{8, 3}, {6, 7}, {5}, {2, 4}, {1}], [{8, 3}, {7}, {1, 6}, {4, 5}, {2}], [{8, 4}, {1, 7}, {2, 6}, {3, 5}], [{8, 4}, {1, 7}, {2, 6}, {5}, {3}], [{8, 4}, {1, 7}, {3, 6}, {2, 5}], [{8, 4}, {1, 7}, {5, 6}, {2, 3}], [{8, 4}, {2, 7}, {1, 6}, {3, 5}], [{8, 4}, {2, 7}, {3, 6}, {1, 5}], [{8, 4}, {2, 7}, {5, 6}, {1, 3}], [{8, 4}, {3, 7}, {1, 6}, {2, 5}], [{8, 4}, {3, 7}, {2, 6}, {1, 5}], [{8, 4}, {3, 7}, {2, 6}, {5}, {1}], [{8, 4}, {3, 7}, {5, 6}, {1, 2}], [{8, 4}, {5, 7}, {1, 6}, {2, 3}], [{8, 4}, {5, 7}, {2, 6}, {1, 3}], [{8, 4}, {5, 7}, {3, 6}, {1, 2}], [{8, 4}, {6, 7}, {1, 5}, {2, 3}], [{8, 4}, {6, 7}, {2, 5}, {1, 3}], [{8, 4}, {6, 7}, {3, 5}, {1, 2}], [{8, 4}, {7}, {2, 6}, {5}, {1, 3}], [{8, 4}, {7}, {6}, {3, 5}, {1, 2}], [{8, 5}, {1, 7}, {2, 6}, {3, 4}], [{8, 5}, {1, 7}, {2, 6}, {4}, {3}], [{8, 5}, {1, 7}, {3, 6}, {2, 4}], [{8, 5}, {1, 7}, {4, 6}, {2, 3}], [{8, 5}, {2, 7}, {1, 6}, {3, 4}], [{8, 5}, {2, 7}, {3, 6}, {1, 4}], [{8, 5}, {2, 7}, {4, 6}, {1, 3}], [{8, 5}, {2, 7}, {6}, {1, 4}, {3}], [{8, 5}, {3, 7}, {1, 6}, {2, 4}], [{8, 5}, {3, 7}, {2, 6}, {1, 4}], [{8, 5}, {3, 7}, {4, 6}, {1, 2}], [{8, 5}, {3, 7}, {6}, {2, 4}, {1}], [{8, 5}, {4, 7}, {1, 6}, {2, 3}], [{8, 5}, {4, 7}, {2, 6}, {1, 3}], [{8, 5}, {4, 7}, {2, 6}, {3}, {1}], [{8, 5}, {4, 7}, {3, 6}, {1, 2}], [{8, 5}, {6, 7}, {1, 4}, {2, 3}], [{8, 5}, {6, 7}, {1, 4}, {3}, {2}], [{8, 5}, {6, 7}, {2, 4}, {1, 3}], [{8, 5}, {6, 7}, {3, 4}, {1, 2}], [{8, 5}, {7}, {2, 6}, {1, 4}, {3}], [{8, 5}, {7}, {4, 6}, {1, 3}, {2}], [{8, 5}, {7}, {4, 6}, {2, 3}, {1}], [{8, 5}, {7}, {4, 6}, {3}, {1, 2}], [{8, 6}, {1, 7}, {2, 5}, {3, 4}], [{8, 6}, {1, 7}, {3, 5}, {2, 4}], [{8, 6}, {1, 7}, {4, 5}, {2, 3}], [{8, 6}, {2, 7}, {1, 5}, {3, 4}], [{8, 6}, {2, 7}, {1, 5}, {4}, {3}], [{8, 6}, {2, 7}, {3, 5}, {1, 4}], [{8, 6}, {2, 7}, {3, 5}, {4}, {1}], [{8, 6}, {2, 7}, {4, 5}, {1, 3}], [{8, 6}, {2, 7}, {5}, {4}, {1, 3}], [{8, 6}, {3, 7}, {1, 5}, {2, 4}], [{8, 6}, {3, 7}, {2, 5}, {1, 4}], [{8, 6}, {3, 7}, {4, 5}, {1, 2}], [{8, 6}, {4, 7}, {1, 5}, {2, 3}], [{8, 6}, {4, 7}, {2, 5}, {1, 3}], [{8, 6}, {4, 7}, {3, 5}, {1, 2}], [{8, 6}, {5, 7}, {1, 4}, {2, 3}], [{8, 6}, {5, 7}, {2, 4}, {1, 3}], [{8, 6}, {5, 7}, {3, 4}, {1, 2}], [{8, 6}, {7}, {2, 5}, {1, 4}, {3}], [{8, 7}, {1, 6}, {2, 5}, {3, 4}], [{8, 7}, {1, 6}, {3, 5}, {2, 4}], [{8, 7}, {1, 6}, {4, 5}, {2, 3}], [{8, 7}, {1, 6}, {5}, {3, 4}, {2}], [{8, 7}, {2, 6}, {1, 5}, {3, 4}], [{8, 7}, {2, 6}, {3, 5}, {1, 4}], [{8, 7}, {2, 6}, {4, 5}, {1, 3}], [{8, 7}, {2, 6}, {5}, {3, 4}, {1}], [{8, 7}, {3, 6}, {1, 5}, {2, 4}], [{8, 7}, {3, 6}, {1, 5}, {4}, {2}], [{8, 7}, {3, 6}, {2, 5}, {1, 4}], [{8, 7}, {3, 6}, {2, 5}, {4}, {1}], [{8, 7}, {3, 6}, {4, 5}, {1, 2}], [{8, 7}, {3, 6}, {4, 5}, {2}, {1}], [{8, 7}, {3, 6}, {5}, {1, 4}, {2}], [{8, 7}, {3, 6}, {5}, {2, 4}, {1}], [{8, 7}, {3, 6}, {5}, {4}, {1, 2}], [{8, 7}, {3, 6}, {5}, {4}, {2}, {1}], [{8, 7}, {4, 6}, {1, 5}, {2, 3}], [{8, 7}, {4, 6}, {1, 5}, {3}, {2}], [{8, 7}, {4, 6}, {2, 5}, {1, 3}], [{8, 7}, {4, 6}, {2, 5}, {3}, {1}], [{8, 7}, {4, 6}, {3, 5}, {1, 2}], [{8, 7}, {4, 6}, {3, 5}, {2}, {1}], [{8, 7}, {4, 6}, {5}, {1, 3}, {2}], [{8, 7}, {4, 6}, {5}, {2, 3}, {1}], [{8, 7}, {4, 6}, {5}, {3}, {1, 2}], [{8, 7}, {4, 6}, {5}, {3}, {2}, {1}], [{8, 7}, {5, 6}, {1, 4}, {2, 3}], [{8, 7}, {5, 6}, {2, 4}, {1, 3}], [{8, 7}, {5, 6}, {3, 4}, {1, 2}], [{8, 7}, {5, 6}, {3, 4}, {2}, {1}], [{8, 7}, {6}, {1, 5}, {3, 4}, {2}], [{8, 7}, {6}, {2, 5}, {3, 4}, {1}], [{8, 7}, {6}, {5}, {3, 4}, {1, 2}], [{8, 7}, {6}, {5}, {3, 4}, {2}, {1}], [{8}, {1, 7}, {2, 6}, {3, 5}, {4}], [{8}, {1, 7}, {2, 6}, {4, 5}, {3}], [{8}, {1, 7}, {2, 6}, {5}, {3, 4}], [{8}, {1, 7}, {2, 6}, {5}, {4}, {3}], [{8}, {1, 7}, {3, 6}, {5}, {2, 4}], [{8}, {1, 7}, {4, 6}, {5}, {2, 3}], [{8}, {2, 7}, {1, 6}, {4, 5}, {3}], [{8}, {2, 7}, {3, 6}, {5}, {1, 4}], [{8}, {3, 7}, {6}, {1, 5}, {2, 4}], [{8}, {4, 7}, {1, 6}, {3, 5}, {2}], [{8}, {4, 7}, {5, 6}, {1, 3}, {2}], [{8}, {5, 7}, {4, 6}, {1, 3}, {2}], [{8}, {5, 7}, {4, 6}, {2, 3}, {1}], [{8}, {5, 7}, {4, 6}, {3}, {1, 2}], [{8}, {6, 7}, {2, 5}, {4}, {1, 3}], [{8}, {6, 7}, {4, 5}, {1, 3}, {2}], [{8}, {6, 7}, {5}, {2, 4}, {1, 3}], [{8}, {7}, {1, 6}, {2, 5}, {3, 4}], [{8}, {7}, {4, 6}, {1, 5}, {2, 3}], [{8}, {7}, {4, 6}, {5}, {2, 3}, {1}], [{8}, {7}, {5, 6}, {3, 4}, {1, 2}]]",2,12 K_1^3 - 22 K_1^2 - 16 K_1 K_2 - K_1 + 11 K_2 + 5 K_3 + 12,O1O2O3U4O5U1U3O6U5U2O4U7U6O8O7U8,O1O2U3O4O5U1O6O7U5O3U6U4U7O8U2U8,O1O2U3O4O5U6O7O3U8U7O8U1U5U2O6U4,c,{'O1O2O3U4O5O4U6U5O7U2U8O6U1U3O8U7'},1,"<a href=""/flatknot/8.975871"">8.975871</a>",t^9-56t^7-174t^6+64t^5+644t^4+427t^3-26t^2+116t+108,-t^2+2t,,
8.975872,O1O2O3U4O5O4U6U5O7U2U8O6U1U7O8U3,4,2z^3+26z^2+97z+107,2w^4z^3+26w^3z^2+97w^2z+107w,False,False,"[[ 0 -1 -1  2  1  0 -2  2 -1],[ 1  0  1  2  2  0 -1  1  1],[ 1 -1  0  1  2 -1  0  0  1],[-2 -2 -1  0 -1  0 -3  0 -2],[-1 -2 -2  1  0  0 -2  2 -2],[ 0  0  1  0  0  0  0 -1  1],[ 2  1  0  3  2  0  0  2  1],[-2 -1  0  0 -2  1 -2  0 -2],[ 1 -1 -1  2  2 -1 -1  2  0]]","[[ 0  2  2  1  0 -1 -1 -1 -2],[-2  0  0 -1  0 -1 -2 -2 -3],[-2  0  0 -2  1  0 -1 -2 -2],[-1  1  2  0  0 -2 -2 -2 -2],[ 0  0 -1  0  0  1  0  1  0],[ 1  1  0  2 -1  0 -1  1  0],[ 1  2  1  2  0  1  0  1 -1],[ 1  2  2  2 -1 -1 -1  0 -1],[ 2  3  2  2  0  0  1  1  0]]",True,"[-2,-2,-1,0,1,1,1,2,0,1,0,1,2,2,3,2,-1,0,1,2,2,0,2,2,2,2,-1,0,-1,0,1,-1,0,-1,1,1]","[-2,-2,-1,0,1,1,1,2,0,-1,3,1,2,3,2,0,2,1,1,2,1,1,0,0,0,1,2,1,2,2,-1,-1,0,1,0,1]",t^8+56t^6+342t^4+135t^2+9,"[-2,-1,-1,-1,0,1,2,2,0,0,1,2,1,1,2,-1,-1,1,0,1,2,1,2,0,1,1,2,0,2,3,1,2,3,0,-1,0]","[-2,-2,-1,0,1,1,1,2,0,-1,3,1,2,3,2,0,2,1,1,2,1,1,0,0,0,1,2,1,2,2,-1,-1,0,1,0,1]","[-2,-1,-1,-1,0,1,2,2,0,1,1,0,2,2,3,-1,1,-1,2,0,1,1,0,2,1,2,-1,2,2,2,0,-1,0,2,1,0]",c,"[[{8, 1}, {2, 7}, {3, 6}, {4, 5}], [{8, 7}, {3, 6}, {4, 5}, {1, 2}], [{8, 7}, {4, 6}, {3, 5}, {1, 2}]]",1,8 K_1^3 - 6 K_1^2 - 4 K_1 K_2 - 4 K_1 + 3 K_2 + 4,O1O2O3U1O4U5U3O6U4U2O5U7U6O8O7U8,O1O2U3O4O5U1O6O3U5O7U6U4U7O8U2U8,O1O2U3O4O5U1O6O3U7U6O7U8U5U2O8U4,c,{'O1O2O3U4O5O4U6U5O7U2U8O6U1U7O8U3'},1,"<a href=""/flatknot/8.975872"">8.975872</a>",t^9-54t^7-180t^6-43t^5+360t^4+227t^3-70t^2+60t+36,-t^2+2t,,
8.975873,O1O2O3U4O5O4U6U5O7U3U1O6U8U2O8U7,4,13z^2+90z+129,13w^3z^2+90w^2z+129w,False,False,"[[ 0 -1  1  0  1  0 -2  2 -1],[ 1  0  0  0  2 -1 -1  2  0],[-1  0  0  1  0  0 -3  0 -1],[ 0  0 -1  0  1 -1 -1  0  0],[-1 -2  0 -1  0  0 -2  2 -2],[ 0  1  0  1  0  0  0 -1  0],[ 2  1  3  1  2  0  0  2  1],[-2 -2  0  0 -2  1 -2  0 -2],[ 1  0  1  0  2  0 -1  2  0]]","[[ 0  2  1  1  0  0 -1 -1 -2],[-2  0  0 -2  1  0 -2 -2 -2],[-1  0  0  0  0  1  0 -1 -3],[-1  2  0  0  0 -1 -2 -2 -2],[ 0 -1  0  0  0  1  1  0  0],[ 0  0 -1  1 -1  0  0  0 -1],[ 1  2  0  2 -1  0  0  0 -1],[ 1  2  1  2  0  0  0  0 -1],[ 2  2  3  2  0  1  1  1  0]]",True,"[-2,-1,-1,0,0,1,1,2,0,2,-1,0,2,2,2,0,0,-1,0,1,3,0,1,2,2,2,-1,-1,0,0,0,0,1,0,1,1]","[-2,-1,-1,0,0,1,1,2,-1,1,2,3,1,1,2,0,0,1,0,0,1,2,1,1,2,0,-1,1,1,1,1,2,2,0,0,0]",t^8+46t^6+345t^4+127t^2+9,"[-2,-1,-1,0,0,1,1,2,0,0,1,2,0,1,2,0,1,1,1,0,1,1,2,2,0,1,1,2,0,2,1,1,3,0,1,-1]","[-2,-1,-1,0,0,1,1,2,-1,1,2,3,1,1,2,0,0,1,0,0,1,2,1,1,2,0,-1,1,1,1,1,2,2,0,0,0]","[-2,-1,-1,0,0,1,1,2,1,1,0,1,2,3,2,0,-1,0,2,0,2,0,0,2,1,2,1,0,0,-1,1,-1,0,0,2,0]",c,"[[{8, 4}, {6, 7}, {3, 5}, {1, 2}], [{8, 4}, {6, 7}, {5}, {3}, {1, 2}], [{8, 5}, {1, 7}, {4, 6}, {2, 3}]]",1,- 20 K_1^2 - 4 K_1 K_2 + 2 K_1 + 10 K_2 + 2 K_3 + 11,O1O2O3U4O5U2U5O6U3U1O4U7U6O8O7U8,O1O2U3O4O5U1O6O7U6O3U5U7U4O8U2U8,O1O2U3O4O5U6O7O3U8U7O8U5U1U4O6U2,c,{'O1O2O3U4O5O4U6U5O7U3U1O6U8U2O8U7'},1,"<a href=""/flatknot/8.975873"">8.975873</a>",t^9-46t^7-100t^6+213t^5+580t^4-51t^3-518t^2-132t+56,0,,
8.975874,O1O2O3U4O5O4U6U5O7U3U1O6U8U7O8U2,3,6z^2+59z+95,6w^3z^2+59w^2z+95w,False,False,"[[ 0 -1  1  0  1  0 -2  2 -1],[ 1  0  1  0  2 -1 -1  1  0],[-1 -1  0  0  0  0 -2  1 -2],[ 0  0  0  0  1 -1 -1  0 -1],[-1 -2  0 -1  0  0 -2  2 -2],[ 0  1  0  1  0  0  0 -1  0],[ 2  1  2  1  2  0  0  2  2],[-2 -1 -1  0 -2  1 -2  0 -2],[ 1  0  2  1  2  0 -2  2  0]]","[[ 0  2  1  1  0  0 -1 -1 -2],[-2  0 -1 -2  1  0 -1 -2 -2],[-1  1  0  0  0  0 -1 -2 -2],[-1  2  0  0  0 -1 -2 -2 -2],[ 0 -1  0  0  0  1  1  0  0],[ 0  0  0  1 -1  0  0 -1 -1],[ 1  1  1  2 -1  0  0  0 -1],[ 1  2  2  2  0  1  0  0 -2],[ 2  2  2  2  0  1  1  2  0]]",True,"[-2,-1,-1,0,0,1,1,2,1,2,-1,0,1,2,2,0,0,0,1,2,2,0,1,2,2,2,-1,-1,0,0,0,1,1,0,1,2]","[-2,-1,-1,0,0,1,1,2,-1,0,1,2,1,1,2,0,0,1,0,0,1,1,2,0,1,2,1,0,1,2,1,1,3,0,-1,0]",t^8+46t^6+217t^4+33t^2,"[-2,-1,-1,0,0,1,1,2,-1,0,1,2,1,1,2,0,0,1,0,0,1,1,2,0,1,2,1,0,1,2,1,1,3,0,-1,0]","[-2,-1,-1,0,0,1,1,2,-1,0,2,3,1,2,2,0,0,1,0,0,1,1,1,0,1,1,-1,0,1,1,1,2,2,0,-1,0]","[-2,-1,-1,0,0,1,1,2,1,2,0,1,2,2,2,0,-1,0,1,2,1,0,1,2,2,2,1,0,0,-1,0,1,0,0,1,2]",c,"[[{8, 2}, {6, 7}, {3, 5}, {1, 4}], [{8, 2}, {6, 7}, {5}, {1, 4}, {3}], [{8, 4}, {6, 7}, {3, 5}, {1, 2}], [{8, 4}, {6, 7}, {5}, {3}, {1, 2}]]",1,4 K_1^3 - 16 K_1^2 - 4 K_1 K_2 - K_1 + 8 K_2 + K_3 + 9,O1O2O3U2O4U5U4O6U3U1O5U7U6O8O7U8,O1O2U3O4O5U1O6O3U6O7U5U7U4O8U2U8,O1O2U3O4O5U1O6O3U7U6O7U5U8U4O8U2,c,"{'O1O2O3U4O5O4U6U5O7U3U1O6U8U7O8U2', 'O1O2U3O4O3U5O6O5U7U6O8U2U4O7U1U8'}",2,"<a href=""/flatknot/8.975874"">8.975874</a>",t^9-46t^7-136t^6-5t^5+226t^4+52t^3+54t^2,0,,
8.975875,O1O2O3U4O5O4U6U5O7U3U2O6U8U1O8U7,4,18z^2+95z+119,18w^3z^2+95w^2z+119w,False,False,"[[ 0  0  0  0  1  0 -2  2 -1],[ 0  0  1  1  1  0 -3  1  0],[ 0 -1  0  0  1 -1 -2  1  0],[ 0 -1  0  0  1 -1 -1  0  0],[-1 -1 -1 -1  0  0 -2  2 -2],[ 0  0  1  1  0  0  0 -1  0],[ 2  3  2  1  2  0  0  2  1],[-2 -1 -1  0 -2  1 -2  0 -2],[ 1  0  0  0  2  0 -1  2  0]]","[[ 0  2  1  0  0  0  0 -1 -2],[-2  0 -2  1  0 -1 -1 -2 -2],[-1  2  0  0 -1 -1 -1 -2 -2],[ 0 -1  0  0  1  1  0  0  0],[ 0  0  1 -1  0  0 -1  0 -1],[ 0  1  1 -1  0  0 -1  0 -2],[ 0  1  1  0  1  1  0  0 -3],[ 1  2  2  0  0  0  0  0 -1],[ 2  2  2  0  1  2  3  1  0]]",True,"[-2,-1,0,0,0,0,1,2,2,-1,0,1,1,2,2,0,1,1,1,2,2,-1,-1,0,0,0,0,1,0,1,1,0,2,0,3,1]","[-2,-1,0,0,0,0,1,2,-1,1,1,2,3,1,2,0,0,0,1,0,1,-1,0,-1,1,0,1,0,1,-1,-1,1,1,1,2,0]",t^8+45t^6+322t^4+207t^2+9,"[-2,-1,0,0,0,0,1,2,0,-1,0,1,2,1,2,1,1,1,1,0,1,-1,-1,0,0,1,0,1,0,1,1,0,2,1,3,-1]","[-2,-1,0,0,0,0,1,2,-1,1,1,2,3,1,2,0,0,0,1,0,1,-1,0,-1,1,0,1,0,1,-1,-1,1,1,1,2,0]","[-2,-1,0,0,0,0,1,2,1,0,1,2,3,2,2,0,0,0,0,2,2,1,1,0,0,-1,0,-1,1,0,-1,1,1,1,1,2]",c,"[[{8, 4}, {6, 7}, {1, 5}, {2, 3}], [{8, 4}, {6, 7}, {1, 5}, {3}, {2}]]",1,- 12 K_1^2 - 4 K_1 K_2 + 2 K_1 + 6 K_2 + 2 K_3 + 7,O1O2O3U4O5U3U5O6U2U1O4U7U6O8O7U8,O1O2U3O4O5U1O6O7U6O3U7U5U4O8U2U8,O1O2U3O4O5U6O7O3U8U7O8U5U4U1O6U2,c,{'O1O2O3U4O5O4U6U5O7U3U2O6U8U1O8U7'},1,"<a href=""/flatknot/8.975875"">8.975875</a>",t^9-45t^7-122t^6+56t^5+286t^4-145t^3-254t^2+140t-20,0,,
8.975876,O1O2O3U4O5O4U6U5O7U3U8O6U1U7O8U2,4,17z^2+102z+137,17w^3z^2+102w^2z+137w,False,False,"[[ 0 -1  1  0  1  0 -2  2 -1],[ 1  0  1  1  2  0 -1  1  1],[-1 -1  0  0  0  0 -3  1 -1],[ 0 -1  0  0  1 -1 -1  0  0],[-1 -2  0 -1  0  0 -2  2 -2],[ 0  0  0  1  0  0  0 -1  1],[ 2  1  3  1  2  0  0  2  1],[-2 -1 -1  0 -2  1 -2  0 -2],[ 1 -1  1  0  2 -1 -1  2  0]]","[[ 0  2  1  1  0  0 -1 -1 -2],[-2  0 -1 -2  1  0 -1 -2 -2],[-1  1  0  0  0  0 -1 -1 -3],[-1  2  0  0  0 -1 -2 -2 -2],[ 0 -1  0  0  0  1  0  1  0],[ 0  0  0  1 -1  0 -1  0 -1],[ 1  1  1  2  0  1  0  1 -1],[ 1  2  1  2 -1  0 -1  0 -1],[ 2  2  3  2  0  1  1  1  0]]",True,"[-2,-1,-1,0,0,1,1,2,1,2,-1,0,1,2,2,0,0,0,1,1,3,0,1,2,2,2,-1,0,-1,0,1,0,1,-1,1,1]","[-2,-1,-1,0,0,1,1,2,-1,0,2,3,1,2,2,0,0,1,0,0,1,1,1,1,1,0,-1,1,0,1,2,1,2,-1,0,0]",t^8+46t^6+251t^4+134t^2+9,"[-2,-1,-1,0,0,1,1,2,0,0,1,2,0,1,2,-1,0,1,1,0,2,1,2,1,0,1,1,1,0,2,1,1,3,0,0,-1]","[-2,-1,-1,0,0,1,1,2,-1,0,2,3,1,2,2,0,0,1,0,0,1,1,1,1,1,0,-1,1,0,1,2,1,2,-1,0,0]","[-2,-1,-1,0,0,1,1,2,1,1,0,1,2,3,2,-1,-1,0,2,1,2,0,1,2,1,1,1,0,0,-1,1,0,0,0,2,1]",c,"[[{8, 2}, {6, 7}, {3, 5}, {1, 4}], [{8, 2}, {6, 7}, {5}, {1, 4}, {3}]]",1,4 K_1^3 - 24 K_1^2 - 4 K_1 K_2 - K_1 + 12 K_2 + K_3 + 13,O1O2O3U2O4U5U3O6U4U1O5U7U6O8O7U8,O1O2U3O4O5U1O6O3U5O7U6U7U4O8U2U8,O1O2U3O4O5U1O6O3U7U6O7U5U8U2O8U4,c,{'O1O2O3U4O5O4U6U5O7U3U8O6U1U7O8U2'},1,"<a href=""/flatknot/8.975876"">8.975876</a>",t^9-46t^7-126t^6+31t^5+276t^4+85t^3-40t^2+21t-12,0,,
8.975877,O1O2O3U4O5O4U6U5O7U3U8O6U2U1O8U7,4,27z^2+112z+117,27w^3z^2+112w^2z+117w,False,False,"[[ 0  0  0  0  1  0 -2  2 -1],[ 0  0  0  1  1  0 -2  1  0],[ 0  0  0  1  1  0 -2  0  1],[ 0 -1 -1  0  1 -1 -1  0  1],[-1 -1 -1 -1  0  0 -2  2 -2],[ 0  0  0  1  0  0  0 -1  1],[ 2  2  2  1  2  0  0  3  0],[-2 -1  0  0 -2  1 -3  0 -2],[ 1  0 -1 -1  2 -1  0  2  0]]","[[ 0  2  1  0  0  0  0 -1 -2],[-2  0 -2  1  0  0 -1 -2 -3],[-1  2  0  0 -1 -1 -1 -2 -2],[ 0 -1  0  0  1  0  0  1  0],[ 0  0  1 -1  0 -1 -1  1 -1],[ 0  0  1  0  1  0  0  1 -2],[ 0  1  1  0  1  0  0  0 -2],[ 1  2  2 -1 -1 -1  0  0  0],[ 2  3  2  0  1  2  2  0  0]]",True,"[-2,-1,0,0,0,0,1,2,2,-1,0,0,1,2,3,0,1,1,1,2,2,-1,0,0,-1,0,1,1,-1,1,0,-1,2,0,2,0]","[-2,-1,0,0,0,0,1,2,-1,1,2,2,3,1,1,0,0,0,1,0,1,0,1,0,1,0,1,0,2,0,-1,2,1,2,2,1]",t^8+45t^6+428t^4+101t^2+1,"[-2,-1,0,0,0,0,1,2,1,0,0,1,2,1,1,1,2,2,2,0,1,0,-1,0,0,1,-1,0,0,2,1,0,2,1,3,-1]","[-2,-1,0,0,0,0,1,2,-1,1,2,2,3,1,1,0,0,0,1,0,1,0,1,0,1,0,1,0,2,0,-1,2,1,2,2,1]","[-2,-1,0,0,0,0,1,2,0,0,1,2,2,2,3,-1,-1,-1,0,2,2,1,0,0,0,-1,-1,-1,1,0,0,1,0,1,1,2]",c,"[[{8, 1}, {2, 7}, {3, 6}, {4, 5}], [{8, 1}, {2, 7}, {4, 6}, {3, 5}], [{8, 1}, {2, 7}, {5, 6}, {3, 4}], [{8, 1}, {3, 7}, {2, 6}, {4, 5}], [{8, 1}, {3, 7}, {4, 6}, {2, 5}], [{8, 1}, {3, 7}, {5, 6}, {2, 4}], [{8, 1}, {3, 7}, {6}, {5}, {2, 4}], [{8, 1}, {4, 7}, {2, 6}, {3, 5}], [{8, 1}, {4, 7}, {3, 6}, {2, 5}], [{8, 1}, {4, 7}, {5, 6}, {2, 3}], [{8, 1}, {5, 7}, {2, 6}, {3, 4}], [{8, 1}, {5, 7}, {3, 6}, {2, 4}], [{8, 1}, {5, 7}, {3, 6}, {4}, {2}], [{8, 1}, {5, 7}, {4, 6}, {2, 3}], [{8, 1}, {6, 7}, {2, 5}, {3, 4}], [{8, 1}, {6, 7}, {3, 5}, {2, 4}], [{8, 1}, {6, 7}, {4, 5}, {2, 3}], [{8, 1}, {6, 7}, {5}, {2, 4}, {3}], [{8, 1}, {7}, {2, 6}, {4, 5}, {3}], [{8, 1}, {7}, {3, 6}, {5}, {2, 4}], [{8, 1}, {7}, {4, 6}, {2, 5}, {3}], [{8, 1}, {7}, {4, 6}, {3, 5}, {2}], [{8, 1}, {7}, {4, 6}, {5}, {2, 3}], [{8, 1}, {7}, {5, 6}, {3, 4}, {2}], [{8, 2}, {1, 7}, {3, 6}, {4, 5}], [{8, 2}, {1, 7}, {4, 6}, {3, 5}], [{8, 2}, {1, 7}, {5, 6}, {3, 4}], [{8, 2}, {3, 7}, {1, 6}, {4, 5}], [{8, 2}, {3, 7}, {4, 6}, {1, 5}], [{8, 2}, {3, 7}, {4, 6}, {5}, {1}], [{8, 2}, {3, 7}, {5, 6}, {1, 4}], [{8, 2}, {4, 7}, {1, 6}, {3, 5}], [{8, 2}, {4, 7}, {3, 6}, {1, 5}], [{8, 2}, {4, 7}, {3, 6}, {5}, {1}], [{8, 2}, {4, 7}, {5, 6}, {1, 3}], [{8, 2}, {5, 7}, {1, 6}, {3, 4}], [{8, 2}, {5, 7}, {3, 6}, {1, 4}], [{8, 2}, {5, 7}, {4, 6}, {1, 3}], [{8, 2}, {6, 7}, {1, 5}, {3, 4}], [{8, 2}, {6, 7}, {1, 5}, {4}, {3}], [{8, 2}, {6, 7}, {3, 5}, {1, 4}], [{8, 2}, {6, 7}, {3, 5}, {4}, {1}], [{8, 2}, {6, 7}, {4, 5}, {1, 3}], [{8, 2}, {6, 7}, {4, 5}, {3}, {1}], [{8, 2}, {6, 7}, {5}, {1, 4}, {3}], [{8, 2}, {6, 7}, {5}, {3, 4}, {1}], [{8, 2}, {6, 7}, {5}, {4}, {1, 3}], [{8, 2}, {6, 7}, {5}, {4}, {3}, {1}], [{8, 2}, {7}, {6}, {3, 5}, {1, 4}], [{8, 2}, {7}, {6}, {4, 5}, {1, 3}], [{8, 3}, {1, 7}, {2, 6}, {4, 5}], [{8, 3}, {1, 7}, {4, 6}, {2, 5}], [{8, 3}, {1, 7}, {5, 6}, {2, 4}], [{8, 3}, {2, 7}, {1, 6}, {4, 5}], [{8, 3}, {2, 7}, {4, 6}, {1, 5}], [{8, 3}, {2, 7}, {4, 6}, {5}, {1}], [{8, 3}, {2, 7}, {5, 6}, {1, 4}], [{8, 3}, {4, 7}, {1, 6}, {2, 5}], [{8, 3}, {4, 7}, {2, 6}, {1, 5}], [{8, 3}, {4, 7}, {2, 6}, {5}, {1}], [{8, 3}, {4, 7}, {5, 6}, {1, 2}], [{8, 3}, {5, 7}, {1, 6}, {2, 4}], [{8, 3}, {5, 7}, {2, 6}, {1, 4}], [{8, 3}, {5, 7}, {4, 6}, {1, 2}], [{8, 3}, {6, 7}, {1, 5}, {2, 4}], [{8, 3}, {6, 7}, {2, 5}, {1, 4}], [{8, 3}, {6, 7}, {4, 5}, {1, 2}], [{8, 3}, {6, 7}, {5}, {2, 4}, {1}], [{8, 4}, {1, 7}, {2, 6}, {3, 5}], [{8, 4}, {1, 7}, {2, 6}, {5}, {3}], [{8, 4}, {1, 7}, {3, 6}, {2, 5}], [{8, 4}, {1, 7}, {5, 6}, {2, 3}], [{8, 4}, {2, 7}, {1, 6}, {3, 5}], [{8, 4}, {2, 7}, {1, 6}, {5}, {3}], [{8, 4}, {2, 7}, {3, 6}, {1, 5}], [{8, 4}, {2, 7}, {3, 6}, {5}, {1}], [{8, 4}, {2, 7}, {5, 6}, {1, 3}], [{8, 4}, {2, 7}, {5, 6}, {3}, {1}], [{8, 4}, {2, 7}, {6}, {1, 5}, {3}], [{8, 4}, {2, 7}, {6}, {3, 5}, {1}], [{8, 4}, {2, 7}, {6}, {5}, {1, 3}], [{8, 4}, {2, 7}, {6}, {5}, {3}, {1}], [{8, 4}, {3, 7}, {1, 6}, {2, 5}], [{8, 4}, {3, 7}, {2, 6}, {1, 5}], [{8, 4}, {3, 7}, {2, 6}, {5}, {1}], [{8, 4}, {3, 7}, {5, 6}, {1, 2}], [{8, 4}, {5, 7}, {1, 6}, {2, 3}], [{8, 4}, {5, 7}, {2, 6}, {1, 3}], [{8, 4}, {5, 7}, {2, 6}, {3}, {1}], [{8, 4}, {5, 7}, {3, 6}, {1, 2}], [{8, 4}, {6, 7}, {1, 5}, {2, 3}], [{8, 4}, {6, 7}, {1, 5}, {3}, {2}], [{8, 4}, {6, 7}, {2, 5}, {1, 3}], [{8, 4}, {6, 7}, {2, 5}, {3}, {1}], [{8, 4}, {6, 7}, {3, 5}, {1, 2}], [{8, 4}, {6, 7}, {3, 5}, {2}, {1}], [{8, 4}, {6, 7}, {5}, {1, 3}, {2}], [{8, 4}, {6, 7}, {5}, {2, 3}, {1}], [{8, 4}, {6, 7}, {5}, {3}, {1, 2}], [{8, 4}, {6, 7}, {5}, {3}, {2}, {1}], [{8, 4}, {7}, {2, 6}, {1, 5}, {3}], [{8, 4}, {7}, {2, 6}, {3, 5}, {1}], [{8, 4}, {7}, {2, 6}, {5}, {1, 3}], [{8, 4}, {7}, {2, 6}, {5}, {3}, {1}], [{8, 5}, {1, 7}, {2, 6}, {3, 4}], [{8, 5}, {1, 7}, {3, 6}, {2, 4}], [{8, 5}, {1, 7}, {3, 6}, {4}, {2}], [{8, 5}, {1, 7}, {4, 6}, {2, 3}], [{8, 5}, {2, 7}, {1, 6}, {3, 4}], [{8, 5}, {2, 7}, {3, 6}, {1, 4}], [{8, 5}, {2, 7}, {4, 6}, {1, 3}], [{8, 5}, {3, 7}, {1, 6}, {2, 4}], [{8, 5}, {3, 7}, {2, 6}, {1, 4}], [{8, 5}, {3, 7}, {4, 6}, {1, 2}], [{8, 5}, {3, 7}, {6}, {2, 4}, {1}], [{8, 5}, {4, 7}, {1, 6}, {2, 3}], [{8, 5}, {4, 7}, {2, 6}, {1, 3}], [{8, 5}, {4, 7}, {3, 6}, {1, 2}], [{8, 5}, {6, 7}, {1, 4}, {2, 3}], [{8, 5}, {6, 7}, {2, 4}, {1, 3}], [{8, 5}, {6, 7}, {2, 4}, {3}, {1}], [{8, 5}, {6, 7}, {3, 4}, {1, 2}], [{8, 5}, {7}, {1, 6}, {3, 4}, {2}], [{8, 5}, {7}, {2, 6}, {1, 4}, {3}], [{8, 5}, {7}, {3, 6}, {2, 4}, {1}], [{8, 5}, {7}, {4, 6}, {1, 3}, {2}], [{8, 5}, {7}, {4, 6}, {2, 3}, {1}], [{8, 5}, {7}, {4, 6}, {3}, {1, 2}], [{8, 6}, {1, 7}, {2, 5}, {3, 4}], [{8, 6}, {1, 7}, {3, 5}, {2, 4}], [{8, 6}, {1, 7}, {4, 5}, {2, 3}], [{8, 6}, {2, 7}, {1, 5}, {3, 4}], [{8, 6}, {2, 7}, {3, 5}, {1, 4}], [{8, 6}, {2, 7}, {4, 5}, {1, 3}], [{8, 6}, {2, 7}, {5}, {3, 4}, {1}], [{8, 6}, {3, 7}, {1, 5}, {2, 4}], [{8, 6}, {3, 7}, {2, 5}, {1, 4}], [{8, 6}, {3, 7}, {4, 5}, {1, 2}], [{8, 6}, {3, 7}, {5}, {2, 4}, {1}], [{8, 6}, {4, 7}, {1, 5}, {2, 3}], [{8, 6}, {4, 7}, {1, 5}, {3}, {2}], [{8, 6}, {4, 7}, {2, 5}, {1, 3}], [{8, 6}, {4, 7}, {2, 5}, {3}, {1}], [{8, 6}, {4, 7}, {3, 5}, {1, 2}], [{8, 6}, {4, 7}, {3, 5}, {2}, {1}], [{8, 6}, {4, 7}, {5}, {1, 3}, {2}], [{8, 6}, {4, 7}, {5}, {2, 3}, {1}], [{8, 6}, {4, 7}, {5}, {3}, {1, 2}], [{8, 6}, {4, 7}, {5}, {3}, {2}, {1}], [{8, 6}, {5, 7}, {1, 4}, {2, 3}], [{8, 6}, {5, 7}, {2, 4}, {1, 3}], [{8, 6}, {5, 7}, {3, 4}, {1, 2}], [{8, 7}, {1, 6}, {2, 5}, {3, 4}], [{8, 7}, {1, 6}, {3, 5}, {2, 4}], [{8, 7}, {1, 6}, {4, 5}, {2, 3}], [{8, 7}, {1, 6}, {5}, {3, 4}, {2}], [{8, 7}, {2, 6}, {1, 5}, {3, 4}], [{8, 7}, {2, 6}, {3, 5}, {1, 4}], [{8, 7}, {2, 6}, {4, 5}, {1, 3}], [{8, 7}, {2, 6}, {5}, {3, 4}, {1}], [{8, 7}, {3, 6}, {1, 5}, {2, 4}], [{8, 7}, {3, 6}, {1, 5}, {4}, {2}], [{8, 7}, {3, 6}, {2, 5}, {1, 4}], [{8, 7}, {3, 6}, {2, 5}, {4}, {1}], [{8, 7}, {3, 6}, {4, 5}, {1, 2}], [{8, 7}, {3, 6}, {4, 5}, {2}, {1}], [{8, 7}, {3, 6}, {5}, {1, 4}, {2}], [{8, 7}, {3, 6}, {5}, {2, 4}, {1}], [{8, 7}, {3, 6}, {5}, {4}, {1, 2}], [{8, 7}, {3, 6}, {5}, {4}, {2}, {1}], [{8, 7}, {4, 6}, {1, 5}, {2, 3}], [{8, 7}, {4, 6}, {1, 5}, {3}, {2}], [{8, 7}, {4, 6}, {2, 5}, {1, 3}], [{8, 7}, {4, 6}, {2, 5}, {3}, {1}], [{8, 7}, {4, 6}, {3, 5}, {1, 2}], [{8, 7}, {4, 6}, {3, 5}, {2}, {1}], [{8, 7}, {4, 6}, {5}, {1, 3}, {2}], [{8, 7}, {4, 6}, {5}, {2, 3}, {1}], [{8, 7}, {4, 6}, {5}, {3}, {1, 2}], [{8, 7}, {4, 6}, {5}, {3}, {2}, {1}], [{8, 7}, {5, 6}, {1, 4}, {2, 3}], [{8, 7}, {5, 6}, {2, 4}, {1, 3}], [{8, 7}, {5, 6}, {3, 4}, {1, 2}], [{8, 7}, {5, 6}, {3, 4}, {2}, {1}], [{8, 7}, {6}, {1, 5}, {3, 4}, {2}], [{8, 7}, {6}, {2, 5}, {3, 4}, {1}], [{8, 7}, {6}, {5}, {3, 4}, {1, 2}], [{8, 7}, {6}, {5}, {3, 4}, {2}, {1}], [{8}, {1, 7}, {3, 6}, {5}, {2, 4}], [{8}, {1, 7}, {4, 6}, {2, 5}, {3}], [{8}, {1, 7}, {4, 6}, {3, 5}, {2}], [{8}, {1, 7}, {4, 6}, {5}, {2, 3}], [{8}, {1, 7}, {5, 6}, {3, 4}, {2}], [{8}, {3, 7}, {1, 6}, {5}, {2, 4}], [{8}, {3, 7}, {5, 6}, {2, 4}, {1}], [{8}, {3, 7}, {6}, {1, 5}, {2, 4}], [{8}, {3, 7}, {6}, {5}, {2, 4}, {1}], [{8}, {4, 7}, {6}, {2, 5}, {1, 3}], [{8}, {4, 7}, {6}, {3, 5}, {1, 2}], [{8}, {5, 7}, {1, 6}, {3, 4}, {2}], [{8}, {5, 7}, {3, 6}, {2, 4}, {1}], [{8}, {5, 7}, {4, 6}, {1, 3}, {2}], [{8}, {5, 7}, {4, 6}, {2, 3}, {1}], [{8}, {5, 7}, {4, 6}, {3}, {1, 2}], [{8}, {6, 7}, {1, 5}, {2, 4}, {3}], [{8}, {6, 7}, {3, 5}, {2, 4}, {1}], [{8}, {6, 7}, {5}, {2, 4}, {1, 3}], [{8}, {6, 7}, {5}, {2, 4}, {3}, {1}], [{8}, {7}, {3, 6}, {1, 5}, {2, 4}], [{8}, {7}, {3, 6}, {5}, {2, 4}, {1}], [{8}, {7}, {4, 6}, {1, 5}, {2, 3}], [{8}, {7}, {4, 6}, {5}, {2, 3}, {1}]]",2,- 8 K_1^2 + 4 K_2 + 5,O1O2O3U4O5U3U2O6U5U1O4U7U6O8O7U8,O1O2U3O4O5U1O6O7U5O3U7U6U4O8U2U8,O1O2U3O4O5U6O7O3U8U7O8U5U2U1O6U4,c,{'O1O2O3U4O5O4U6U5O7U3U8O6U2U1O8U7'},1,"<a href=""/flatknot/8.975877"">8.975877</a>",t^9-45t^7-96t^6+92t^5+128t^4-173t^3+260t^2+253t-80,0,,
8.975878,O1O2O3U4O5O4U6U5O7U3U8O6U7U1O8U2,4,18z^2+87z+103,18w^3z^2+87w^2z+103w,False,False,"[[ 0  0  1  0  1  0 -2  1 -1],[ 0  0  0  0  1  0 -1  0  0],[-1  0  0  0  0  0 -3  1 -1],[ 0  0  0  0  1 -1 -1  0  0],[-1 -1  0 -1  0  0 -2  1 -2],[ 0  0  0  1  0  0  0 -1  1],[ 2  1  3  1  2  0  0  1  1],[-1  0 -1  0 -1  1 -1  0 -1],[ 1  0  1  0  2 -1 -1  1  0]]","[[ 0  1  1  1  0  0  0 -1 -2],[-1  0  1  0  0  0  0 -1 -3],[-1 -1  0 -1  1  0  0 -1 -1],[-1  0  1  0  0 -1 -1 -2 -2],[ 0  0 -1  0  0  1  0  1  0],[ 0  0  0  1 -1  0  0  0 -1],[ 0  0  0  1  0  0  0  0 -1],[ 1  1  1  2 -1  0  0  0 -1],[ 2  3  1  2  0  1  1  1  0]]",True,"[-1,-1,-1,0,0,0,1,2,-1,0,0,0,0,1,3,1,-1,0,0,1,1,0,1,1,2,2,-1,0,-1,0,0,0,1,0,1,1]","[-2,-1,0,0,0,1,1,1,0,1,1,2,0,1,2,1,1,2,1,0,1,0,0,1,0,1,1,1,0,1,1,1,2,0,-1,-1]",t^8+30t^6+118t^4+63t^2+4,"[-2,-1,0,0,0,1,1,1,0,1,1,2,0,1,2,1,1,2,1,0,1,0,0,1,0,1,1,1,0,1,1,1,2,0,-1,-1]","[-1,-1,-1,0,0,0,1,2,-1,-1,1,1,2,1,2,0,0,0,1,0,1,1,1,1,1,0,0,-1,1,1,0,1,1,2,2,0]","[-2,-1,0,0,0,1,1,1,1,0,1,1,1,2,3,-1,0,0,1,2,1,0,1,-1,0,0,0,0,1,0,0,1,0,-1,-1,0]",c,"[[{8, 1}, {2, 7}, {3, 6}, {4, 5}], [{8, 1}, {2, 7}, {4, 6}, {3, 5}], [{8, 1}, {2, 7}, {5, 6}, {3, 4}], [{8, 1}, {3, 7}, {2, 6}, {4, 5}], [{8, 1}, {3, 7}, {4, 6}, {2, 5}], [{8, 1}, {3, 7}, {4, 6}, {5}, {2}], [{8, 1}, {3, 7}, {5, 6}, {2, 4}], [{8, 1}, {3, 7}, {6}, {2, 5}, {4}], [{8, 1}, {4, 7}, {2, 6}, {3, 5}], [{8, 1}, {4, 7}, {3, 6}, {2, 5}], [{8, 1}, {4, 7}, {3, 6}, {5}, {2}], [{8, 1}, {4, 7}, {5, 6}, {2, 3}], [{8, 1}, {4, 7}, {6}, {2, 5}, {3}], [{8, 1}, {5, 7}, {2, 6}, {3, 4}], [{8, 1}, {5, 7}, {3, 6}, {2, 4}], [{8, 1}, {5, 7}, {4, 6}, {2, 3}], [{8, 1}, {6, 7}, {2, 5}, {3, 4}], [{8, 1}, {6, 7}, {2, 5}, {4}, {3}], [{8, 1}, {6, 7}, {3, 5}, {2, 4}], [{8, 1}, {6, 7}, {4, 5}, {2, 3}], [{8, 1}, {6, 7}, {5}, {3, 4}, {2}], [{8, 1}, {7}, {3, 6}, {2, 5}, {4}], [{8, 1}, {7}, {4, 6}, {2, 5}, {3}], [{8, 1}, {7}, {6}, {2, 5}, {3, 4}], [{8, 1}, {7}, {6}, {2, 5}, {4}, {3}], [{8, 2}, {1, 7}, {3, 6}, {4, 5}], [{8, 2}, {1, 7}, {4, 6}, {3, 5}], [{8, 2}, {1, 7}, {4, 6}, {5}, {3}], [{8, 2}, {1, 7}, {5, 6}, {3, 4}], [{8, 2}, {1, 7}, {6}, {3, 5}, {4}], [{8, 2}, {3, 7}, {1, 6}, {4, 5}], [{8, 2}, {3, 7}, {4, 6}, {1, 5}], [{8, 2}, {3, 7}, {4, 6}, {5}, {1}], [{8, 2}, {3, 7}, {5, 6}, {1, 4}], [{8, 2}, {3, 7}, {6}, {1, 5}, {4}], [{8, 2}, {4, 7}, {1, 6}, {3, 5}], [{8, 2}, {4, 7}, {1, 6}, {5}, {3}], [{8, 2}, {4, 7}, {3, 6}, {1, 5}], [{8, 2}, {4, 7}, {3, 6}, {5}, {1}], [{8, 2}, {4, 7}, {5, 6}, {1, 3}], [{8, 2}, {4, 7}, {5, 6}, {3}, {1}], [{8, 2}, {4, 7}, {6}, {1, 5}, {3}], [{8, 2}, {4, 7}, {6}, {3, 5}, {1}], [{8, 2}, {4, 7}, {6}, {5}, {1, 3}], [{8, 2}, {4, 7}, {6}, {5}, {3}, {1}], [{8, 2}, {5, 7}, {1, 6}, {3, 4}], [{8, 2}, {5, 7}, {3, 6}, {1, 4}], [{8, 2}, {5, 7}, {4, 6}, {1, 3}], [{8, 2}, {5, 7}, {4, 6}, {3}, {1}], [{8, 2}, {6, 7}, {1, 5}, {3, 4}], [{8, 2}, {6, 7}, {1, 5}, {4}, {3}], [{8, 2}, {6, 7}, {3, 5}, {1, 4}], [{8, 2}, {6, 7}, {3, 5}, {4}, {1}], [{8, 2}, {6, 7}, {4, 5}, {1, 3}], [{8, 2}, {6, 7}, {4, 5}, {3}, {1}], [{8, 2}, {6, 7}, {5}, {1, 4}, {3}], [{8, 2}, {6, 7}, {5}, {3, 4}, {1}], [{8, 2}, {6, 7}, {5}, {4}, {1, 3}], [{8, 2}, {6, 7}, {5}, {4}, {3}, {1}], [{8, 2}, {7}, {1, 6}, {3, 5}, {4}], [{8, 2}, {7}, {3, 6}, {1, 5}, {4}], [{8, 2}, {7}, {4, 6}, {1, 5}, {3}], [{8, 2}, {7}, {4, 6}, {3, 5}, {1}], [{8, 2}, {7}, {4, 6}, {5}, {1, 3}], [{8, 2}, {7}, {4, 6}, {5}, {3}, {1}], [{8, 2}, {7}, {6}, {1, 5}, {3, 4}], [{8, 2}, {7}, {6}, {3, 5}, {1, 4}], [{8, 3}, {1, 7}, {2, 6}, {4, 5}], [{8, 3}, {1, 7}, {4, 6}, {2, 5}], [{8, 3}, {1, 7}, {5, 6}, {2, 4}], [{8, 3}, {2, 7}, {1, 6}, {4, 5}], [{8, 3}, {2, 7}, {4, 6}, {1, 5}], [{8, 3}, {2, 7}, {4, 6}, {5}, {1}], [{8, 3}, {2, 7}, {5, 6}, {1, 4}], [{8, 3}, {4, 7}, {1, 6}, {2, 5}], [{8, 3}, {4, 7}, {2, 6}, {1, 5}], [{8, 3}, {4, 7}, {5, 6}, {1, 2}], [{8, 3}, {5, 7}, {1, 6}, {2, 4}], [{8, 3}, {5, 7}, {1, 6}, {4}, {2}], [{8, 3}, {5, 7}, {2, 6}, {1, 4}], [{8, 3}, {5, 7}, {4, 6}, {1, 2}], [{8, 3}, {5, 7}, {4, 6}, {2}, {1}], [{8, 3}, {5, 7}, {6}, {1, 4}, {2}], [{8, 3}, {6, 7}, {1, 5}, {2, 4}], [{8, 3}, {6, 7}, {1, 5}, {4}, {2}], [{8, 3}, {6, 7}, {2, 5}, {1, 4}], [{8, 3}, {6, 7}, {4, 5}, {1, 2}], [{8, 3}, {7}, {4, 6}, {2, 5}, {1}], [{8, 3}, {7}, {5, 6}, {4}, {1, 2}], [{8, 4}, {1, 7}, {2, 6}, {3, 5}], [{8, 4}, {1, 7}, {3, 6}, {2, 5}], [{8, 4}, {1, 7}, {5, 6}, {2, 3}], [{8, 4}, {1, 7}, {5, 6}, {3}, {2}], [{8, 4}, {2, 7}, {1, 6}, {3, 5}], [{8, 4}, {2, 7}, {3, 6}, {1, 5}], [{8, 4}, {2, 7}, {5, 6}, {1, 3}], [{8, 4}, {2, 7}, {6}, {1, 5}, {3}], [{8, 4}, {2, 7}, {6}, {3, 5}, {1}], [{8, 4}, {2, 7}, {6}, {5}, {1, 3}], [{8, 4}, {3, 7}, {1, 6}, {2, 5}], [{8, 4}, {3, 7}, {2, 6}, {1, 5}], [{8, 4}, {3, 7}, {5, 6}, {1, 2}], [{8, 4}, {3, 7}, {6}, {5}, {1, 2}], [{8, 4}, {5, 7}, {1, 6}, {2, 3}], [{8, 4}, {5, 7}, {2, 6}, {1, 3}], [{8, 4}, {5, 7}, {3, 6}, {1, 2}], [{8, 4}, {6, 7}, {1, 5}, {2, 3}], [{8, 4}, {6, 7}, {1, 5}, {3}, {2}], [{8, 4}, {6, 7}, {2, 5}, {1, 3}], [{8, 4}, {6, 7}, {3, 5}, {1, 2}], [{8, 4}, {6, 7}, {3, 5}, {2}, {1}], [{8, 4}, {6, 7}, {5}, {1, 3}, {2}], [{8, 4}, {7}, {1, 6}, {2, 5}, {3}], [{8, 4}, {7}, {2, 6}, {1, 5}, {3}], [{8, 4}, {7}, {2, 6}, {3, 5}, {1}], [{8, 4}, {7}, {2, 6}, {5}, {1, 3}], [{8, 5}, {1, 7}, {2, 6}, {3, 4}], [{8, 5}, {1, 7}, {2, 6}, {4}, {3}], [{8, 5}, {1, 7}, {3, 6}, {2, 4}], [{8, 5}, {1, 7}, {3, 6}, {4}, {2}], [{8, 5}, {1, 7}, {4, 6}, {2, 3}], [{8, 5}, {1, 7}, {4, 6}, {3}, {2}], [{8, 5}, {1, 7}, {6}, {2, 4}, {3}], [{8, 5}, {1, 7}, {6}, {3, 4}, {2}], [{8, 5}, {1, 7}, {6}, {4}, {2, 3}], [{8, 5}, {2, 7}, {1, 6}, {3, 4}], [{8, 5}, {2, 7}, {3, 6}, {1, 4}], [{8, 5}, {2, 7}, {3, 6}, {4}, {1}], [{8, 5}, {2, 7}, {4, 6}, {1, 3}], [{8, 5}, {2, 7}, {4, 6}, {3}, {1}], [{8, 5}, {2, 7}, {6}, {3, 4}, {1}], [{8, 5}, {3, 7}, {1, 6}, {2, 4}], [{8, 5}, {3, 7}, {2, 6}, {1, 4}], [{8, 5}, {3, 7}, {4, 6}, {1, 2}], [{8, 5}, {3, 7}, {4, 6}, {2}, {1}], [{8, 5}, {3, 7}, {6}, {4}, {1, 2}], [{8, 5}, {4, 7}, {1, 6}, {2, 3}], [{8, 5}, {4, 7}, {2, 6}, {1, 3}], [{8, 5}, {4, 7}, {3, 6}, {1, 2}], [{8, 5}, {4, 7}, {3, 6}, {2}, {1}], [{8, 5}, {4, 7}, {6}, {3}, {1, 2}], [{8, 5}, {6, 7}, {1, 4}, {2, 3}], [{8, 5}, {6, 7}, {2, 4}, {1, 3}], [{8, 5}, {6, 7}, {3, 4}, {1, 2}], [{8, 5}, {6, 7}, {3, 4}, {2}, {1}], [{8, 5}, {6, 7}, {4}, {3}, {1, 2}], [{8, 5}, {7}, {1, 6}, {3, 4}, {2}], [{8, 5}, {7}, {2, 6}, {3, 4}, {1}], [{8, 5}, {7}, {3, 6}, {1, 4}, {2}], [{8, 5}, {7}, {3, 6}, {2, 4}, {1}], [{8, 5}, {7}, {3, 6}, {4}, {1, 2}], [{8, 5}, {7}, {3, 6}, {4}, {2}, {1}], [{8, 5}, {7}, {4, 6}, {1, 3}, {2}], [{8, 5}, {7}, {4, 6}, {2, 3}, {1}], [{8, 5}, {7}, {4, 6}, {3}, {1, 2}], [{8, 5}, {7}, {4, 6}, {3}, {2}, {1}], [{8, 5}, {7}, {6}, {3, 4}, {1, 2}], [{8, 5}, {7}, {6}, {3, 4}, {2}, {1}], [{8, 6}, {1, 7}, {2, 5}, {3, 4}], [{8, 6}, {1, 7}, {3, 5}, {2, 4}], [{8, 6}, {1, 7}, {4, 5}, {2, 3}], [{8, 6}, {2, 7}, {1, 5}, {3, 4}], [{8, 6}, {2, 7}, {3, 5}, {1, 4}], [{8, 6}, {2, 7}, {3, 5}, {4}, {1}], [{8, 6}, {2, 7}, {4, 5}, {1, 3}], [{8, 6}, {3, 7}, {1, 5}, {2, 4}], [{8, 6}, {3, 7}, {2, 5}, {1, 4}], [{8, 6}, {3, 7}, {4, 5}, {1, 2}], [{8, 6}, {3, 7}, {5}, {4}, {1, 2}], [{8, 6}, {4, 7}, {1, 5}, {2, 3}], [{8, 6}, {4, 7}, {2, 5}, {1, 3}], [{8, 6}, {4, 7}, {3, 5}, {1, 2}], [{8, 6}, {4, 7}, {3, 5}, {2}, {1}], [{8, 6}, {5, 7}, {1, 4}, {2, 3}], [{8, 6}, {5, 7}, {2, 4}, {1, 3}], [{8, 6}, {5, 7}, {3, 4}, {1, 2}], [{8, 6}, {5, 7}, {4}, {1, 3}, {2}], [{8, 6}, {7}, {2, 5}, {1, 4}, {3}], [{8, 6}, {7}, {3, 5}, {2, 4}, {1}], [{8, 6}, {7}, {4, 5}, {3}, {1, 2}], [{8, 7}, {1, 6}, {2, 5}, {3, 4}], [{8, 7}, {1, 6}, {3, 5}, {2, 4}], [{8, 7}, {1, 6}, {4, 5}, {2, 3}], [{8, 7}, {1, 6}, {5}, {4}, {2, 3}], [{8, 7}, {2, 6}, {1, 5}, {3, 4}], [{8, 7}, {2, 6}, {3, 5}, {1, 4}], [{8, 7}, {2, 6}, {3, 5}, {4}, {1}], [{8, 7}, {2, 6}, {4, 5}, {1, 3}], [{8, 7}, {2, 6}, {4, 5}, {3}, {1}], [{8, 7}, {2, 6}, {5}, {3, 4}, {1}], [{8, 7}, {3, 6}, {1, 5}, {2, 4}], [{8, 7}, {3, 6}, {2, 5}, {1, 4}], [{8, 7}, {3, 6}, {4, 5}, {1, 2}], [{8, 7}, {3, 6}, {5}, {2, 4}, {1}], [{8, 7}, {4, 6}, {1, 5}, {2, 3}], [{8, 7}, {4, 6}, {2, 5}, {1, 3}], [{8, 7}, {4, 6}, {2, 5}, {3}, {1}], [{8, 7}, {4, 6}, {3, 5}, {1, 2}], [{8, 7}, {4, 6}, {3, 5}, {2}, {1}], [{8, 7}, {4, 6}, {5}, {2, 3}, {1}], [{8, 7}, {5, 6}, {1, 4}, {2, 3}], [{8, 7}, {5, 6}, {1, 4}, {3}, {2}], [{8, 7}, {5, 6}, {2, 4}, {1, 3}], [{8, 7}, {5, 6}, {2, 4}, {3}, {1}], [{8, 7}, {5, 6}, {3, 4}, {1, 2}], [{8, 7}, {5, 6}, {4}, {3}, {1, 2}], [{8, 7}, {6}, {3, 5}, {2, 4}, {1}], [{8, 7}, {6}, {4, 5}, {1, 3}, {2}], [{8, 7}, {6}, {5}, {1, 4}, {2, 3}], [{8}, {1, 7}, {4, 6}, {2, 5}, {3}], [{8}, {2, 7}, {1, 6}, {4, 5}, {3}], [{8}, {2, 7}, {3, 6}, {5}, {1, 4}], [{8}, {2, 7}, {4, 6}, {3, 5}, {1}], [{8}, {3, 7}, {1, 6}, {5}, {2, 4}], [{8}, {3, 7}, {2, 6}, {5}, {1, 4}], [{8}, {3, 7}, {4, 6}, {1, 5}, {2}], [{8}, {3, 7}, {4, 6}, {2, 5}, {1}], [{8}, {3, 7}, {4, 6}, {5}, {1, 2}], [{8}, {3, 7}, {4, 6}, {5}, {2}, {1}], [{8}, {3, 7}, {5, 6}, {4}, {1, 2}], [{8}, {3, 7}, {6}, {4, 5}, {1, 2}], [{8}, {3, 7}, {6}, {5}, {4}, {1, 2}], [{8}, {4, 7}, {2, 6}, {3, 5}, {1}], [{8}, {4, 7}, {3, 6}, {1, 5}, {2}], [{8}, {4, 7}, {3, 6}, {2, 5}, {1}], [{8}, {4, 7}, {3, 6}, {5}, {1, 2}], [{8}, {4, 7}, {5, 6}, {1, 3}, {2}], [{8}, {5, 7}, {2, 6}, {3, 4}, {1}], [{8}, {5, 7}, {3, 6}, {2, 4}, {1}], [{8}, {5, 7}, {4, 6}, {2, 3}, {1}], [{8}, {6, 7}, {1, 5}, {2, 4}, {3}], [{8}, {6, 7}, {1, 5}, {3, 4}, {2}], [{8}, {6, 7}, {1, 5}, {4}, {2, 3}], [{8}, {6, 7}, {1, 5}, {4}, {3}, {2}], [{8}, {6, 7}, {2, 5}, {3, 4}, {1}], [{8}, {6, 7}, {3, 5}, {2, 4}, {1}], [{8}, {6, 7}, {5}, {2, 4}, {1, 3}], [{8}, {6, 7}, {5}, {3, 4}, {1, 2}], [{8}, {7}, {4, 6}, {2, 5}, {1, 3}], [{8}, {7}, {4, 6}, {2, 5}, {3}, {1}]]",2,- 6 K_1^2 + 3 K_2 + 4,O1O2O3U2O4U3U5O6U4U1O5U7U6O8O7U8,O1O2U3O4O5U1O3O6U5O7U6U7U4O8U2U8,O1O2U3O4O5U2O6O3U7U6O7U5U8U1O8U4,c,{'O1O2O3U4O5O4U6U5O7U3U8O6U7U1O8U2'},1,"<a href=""/flatknot/8.975878"">8.975878</a>",t^9-32t^7-42t^6+103t^5+72t^4-69t^3-18t^2+12t-4,t^2-2t,,
8.975879,O1O2O3U4O5O4U6U5O7U8U1O6U7U2O8U3,4,3z^3+28z^2+96z+105,3w^4z^3+28w^3z^2+96w^2z+105w,False,False,"[[ 0 -1  1  2  1  0 -2  1 -2],[ 1  0  1  1  2 -1  0  0  0],[-1 -1  0  0  0  0 -1 -1 -1],[-2 -1  0  0 -1  0 -3  0 -2],[-1 -2  0  1  0  0 -2  1 -3],[ 0  1  0  0  0  0  0 -1  1],[ 2  0  1  3  2  0  0  1  0],[-1  0  1  0 -1  1 -1  0 -1],[ 2  0  1  2  3 -1  0  1  0]]","[[ 0  2  1  1  1  0 -1 -2 -2],[-2  0  0  0 -1  0 -1 -2 -3],[-1  0  0  1 -1  1  0 -1 -1],[-1  0 -1  0  0  0 -1 -1 -1],[-1  1  1  0  0  0 -2 -3 -2],[ 0  0 -1  0  0  0  1  1  0],[ 1  1  0  1  2 -1  0  0  0],[ 2  2  1  1  3 -1  0  0  0],[ 2  3  1  1  2  0  0  0  0]]",True,"[-2,-1,-1,-1,0,1,2,2,0,0,1,0,1,2,3,-1,1,-1,0,1,1,0,0,1,1,1,0,2,3,2,-1,-1,0,0,0,0]","[-2,-2,-1,0,1,1,1,2,0,0,-1,1,1,3,2,0,0,1,1,2,3,-1,0,1,2,1,-1,0,0,0,1,-1,0,0,0,1]",t^8+42t^6+190t^4+173t^2+9,"[-2,-2,-1,0,1,1,1,2,0,1,2,1,2,2,1,1,3,0,2,2,2,2,0,1,2,2,1,1,2,2,0,-1,0,1,1,1]","[-2,-1,-1,-1,0,1,2,2,0,1,1,2,2,1,2,0,1,1,0,1,0,-1,1,1,2,2,2,2,2,2,2,2,3,1,1,0]","[-2,-2,-1,0,1,1,1,2,0,0,-1,1,1,3,2,0,0,1,1,2,3,-1,0,1,2,1,-1,0,0,0,1,-1,0,0,0,1]",c,"[[{8, 1}, {4, 7}, {3, 6}, {2, 5}], [{8}, {4, 7}, {3, 6}, {2, 5}, {1}]]",1,4 K_1^3 - 14 K_1^2 - 8 K_1 K_2 + K_1 + 7 K_2 + 3 K_3 + 8,O1O2O3U1O4U2U5O6U3U4O5U7U6O8O7U8,O1O2U3O4O5U1O3O6U4O7U5U6U7O8U2U8,O1O2U3O4O5U2O6O3U7U6O7U8U1U4O8U5,c,{'O1O2O3U4O5O4U6U5O7U8U1O6U7U2O8U3'},1,"<a href=""/flatknot/8.975879"">8.975879</a>",t^9-44t^7-36t^6+145t^5+20t^4-55t^3+58t^2-4,t^2-2t,,
8.975880,O1O2O3U4O5O4U6U5O7U8U3O6U7U1O8U2,4,9z^3+48z^2+106z+93,9w^4z^3+48w^3z^2+106w^2z+93w,False,False,"[[ 0  0  1  1  1  0 -2  1 -2],[ 0  0  0  0  1  0 -1  0 -1],[-1  0  0  1  0  0 -3  1 -2],[-1  0 -1  0  0 -1 -2  0 -1],[-1 -1  0  0  0  0 -2  1 -3],[ 0  0  0  1  0  0  0 -1  1],[ 2  1  3  2  2  0  0  1  0],[-1  0 -1  0 -1  1 -1  0 -1],[ 2  1  2  1  3 -1  0  1  0]]","[[ 0  1  1  1  1  0  0 -2 -2],[-1  0  1  1  0  0  0 -2 -3],[-1 -1  0  0  0  0 -1 -1 -2],[-1 -1  0  0 -1  0  1 -1 -1],[-1  0  0  1  0 -1  0 -3 -2],[ 0  0  0  0  1  0  0 -1 -1],[ 0  0  1 -1  0  0  0  1  0],[ 2  2  1  1  3  1 -1  0  0],[ 2  3  2  1  2  1  0  0  0]]",True,"[-1,-1,-1,-1,0,0,2,2,-1,-1,0,0,0,2,3,0,0,0,1,1,2,1,0,-1,1,1,1,0,3,2,0,1,1,-1,0,0]","[-2,-2,0,0,1,1,1,1,0,-1,1,1,1,2,3,0,1,1,2,3,2,0,-1,1,0,0,0,0,0,1,0,-1,-1,-1,0,0]",t^8+42t^6+195t^4+153t^2+9,"[-2,-2,0,0,1,1,1,1,0,1,2,0,1,1,2,1,3,1,0,2,2,0,1,0,1,1,1,1,0,2,0,-1,-1,0,-1,0]","[-1,-1,-1,-1,0,0,2,2,-1,-1,0,1,2,2,2,0,0,0,1,0,1,1,1,1,1,0,1,0,2,1,0,1,1,3,2,0]","[-2,-2,0,0,1,1,1,1,0,-1,1,1,1,2,3,0,1,1,2,3,2,0,-1,1,0,0,0,0,0,1,0,-1,-1,-1,0,0]",c,"[[{8, 2}, {1, 7}, {3, 6}, {4, 5}], [{8, 2}, {3, 7}, {4, 6}, {1, 5}], [{8, 2}, {4, 7}, {3, 6}, {1, 5}], [{8, 5}, {1, 7}, {4, 6}, {2, 3}], [{8, 5}, {3, 7}, {1, 6}, {2, 4}], [{8, 5}, {3, 7}, {4, 6}, {1, 2}], [{8, 5}, {4, 7}, {1, 6}, {2, 3}], [{8, 7}, {1, 6}, {3, 5}, {2, 4}], [{8, 7}, {4, 6}, {3, 5}, {1, 2}]]",1,4 K_1^3 - 12 K_1^2 - 8 K_1 K_2 + K_1 + 6 K_2 + 3 K_3 + 7,O1O2O3U2O4U3U5O6U1U4O5U7U6O8O7U8,O1O2U3O4O5U1O3O6U4O7U6U7U5O8U2U8,O1O2U3O4O5U2O6O3U7U6O7U4U8U1O8U5,c,{'O1O2O3U4O5O4U6U5O7U8U3O6U7U1O8U2'},1,"<a href=""/flatknot/8.975880"">8.975880</a>",t^9-46t^7-44t^6+187t^5+134t^4-169t^3-70t^2+29t-14,2t^2-4t,,
8.975881,O1O2O3U4O5O4U6U5O7U8U7O6U1U2O8U3,4,4z^3+42z^2+107z+79,4w^4z^3+42w^3z^2+107w^2z+79w,False,False,"[[ 0 -1  1  2  1  0 -2  1 -2],[ 1  0  1  1  2  0  0  0  0],[-1 -1  0  0  0  0 -2  0 -1],[-2 -1  0  0 -1  0 -4  1 -2],[-1 -2  0  1  0  0 -2  1 -3],[ 0  0  0  0  0  0  0  0  1],[ 2  0  2  4  2  0  0  1  0],[-1  0  0 -1 -1  0 -1  0 -1],[ 2  0  1  2  3 -1  0  1  0]]","[[ 0  2  1  1  1  0 -1 -2 -2],[-2  0  1  0 -1  0 -1 -2 -4],[-1 -1  0  0 -1  0  0 -1 -1],[-1  0  0  0  0  0 -1 -1 -2],[-1  1  1  0  0  0 -2 -3 -2],[ 0  0  0  0  0  0  0  1  0],[ 1  1  0  1  2  0  0  0  0],[ 2  2  1  1  3 -1  0  0  0],[ 2  4  1  2  2  0  0  0  0]]",True,"[-2,-1,-1,-1,0,1,2,2,-1,0,1,0,1,2,4,0,1,0,0,1,1,0,0,1,1,2,0,2,3,2,0,-1,0,0,0,0]","[-2,-2,-1,0,1,1,1,2,0,0,-1,1,1,3,2,0,0,1,2,2,4,0,0,1,2,1,0,0,0,0,0,-1,-1,0,0,1]",t^8+50t^6+203t^4+153t^2+9,"[-2,-2,-1,0,1,1,1,2,0,1,2,1,1,2,0,1,3,0,2,2,2,1,0,1,2,2,1,1,1,2,0,-1,0,0,1,2]","[-2,-1,-1,-1,0,1,2,2,0,1,2,2,2,0,2,0,1,1,0,1,0,0,1,1,1,2,1,2,2,2,1,2,3,1,1,0]","[-2,-2,-1,0,1,1,1,2,0,0,-1,1,1,3,2,0,0,1,2,2,4,0,0,1,2,1,0,0,0,0,0,-1,-1,0,0,1]",c,"[[{8, 1}, {2, 7}, {3, 6}, {4, 5}], [{8, 1}, {2, 7}, {4, 6}, {3, 5}], [{8, 1}, {2, 7}, {5, 6}, {3, 4}], [{8, 1}, {2, 7}, {6}, {4, 5}, {3}], [{8, 1}, {3, 7}, {2, 6}, {4, 5}], [{8, 1}, {3, 7}, {4, 6}, {2, 5}], [{8, 1}, {3, 7}, {5, 6}, {2, 4}], [{8, 1}, {4, 7}, {2, 6}, {3, 5}], [{8, 1}, {4, 7}, {3, 6}, {2, 5}], [{8, 1}, {4, 7}, {5, 6}, {2, 3}], [{8, 1}, {5, 7}, {2, 6}, {3, 4}], [{8, 1}, {5, 7}, {3, 6}, {2, 4}], [{8, 1}, {5, 7}, {4, 6}, {2, 3}], [{8, 1}, {6, 7}, {2, 5}, {3, 4}], [{8, 1}, {6, 7}, {3, 5}, {2, 4}], [{8, 1}, {6, 7}, {4, 5}, {2, 3}], [{8, 1}, {6, 7}, {4, 5}, {3}, {2}], [{8, 1}, {7}, {2, 6}, {4, 5}, {3}], [{8, 1}, {7}, {4, 6}, {2, 5}, {3}], [{8, 1}, {7}, {4, 6}, {3, 5}, {2}], [{8, 1}, {7}, {4, 6}, {5}, {2, 3}], [{8, 2}, {1, 7}, {3, 6}, {4, 5}], [{8, 2}, {1, 7}, {4, 6}, {3, 5}], [{8, 2}, {1, 7}, {4, 6}, {5}, {3}], [{8, 2}, {1, 7}, {5, 6}, {3, 4}], [{8, 2}, {3, 7}, {1, 6}, {4, 5}], [{8, 2}, {3, 7}, {1, 6}, {5}, {4}], [{8, 2}, {3, 7}, {4, 6}, {1, 5}], [{8, 2}, {3, 7}, {4, 6}, {5}, {1}], [{8, 2}, {3, 7}, {5, 6}, {1, 4}], [{8, 2}, {3, 7}, {6}, {5}, {1, 4}], [{8, 2}, {4, 7}, {1, 6}, {3, 5}], [{8, 2}, {4, 7}, {1, 6}, {5}, {3}], [{8, 2}, {4, 7}, {3, 6}, {1, 5}], [{8, 2}, {4, 7}, {5, 6}, {1, 3}], [{8, 2}, {5, 7}, {1, 6}, {3, 4}], [{8, 2}, {5, 7}, {1, 6}, {4}, {3}], [{8, 2}, {5, 7}, {3, 6}, {1, 4}], [{8, 2}, {5, 7}, {4, 6}, {1, 3}], [{8, 2}, {5, 7}, {4, 6}, {3}, {1}], [{8, 2}, {5, 7}, {6}, {1, 4}, {3}], [{8, 2}, {6, 7}, {1, 5}, {3, 4}], [{8, 2}, {6, 7}, {3, 5}, {1, 4}], [{8, 2}, {6, 7}, {4, 5}, {1, 3}], [{8, 2}, {6, 7}, {5}, {1, 4}, {3}], [{8, 2}, {7}, {1, 6}, {3, 5}, {4}], [{8, 2}, {7}, {1, 6}, {4, 5}, {3}], [{8, 2}, {7}, {1, 6}, {5}, {3, 4}], [{8, 2}, {7}, {1, 6}, {5}, {4}, {3}], [{8, 2}, {7}, {3, 6}, {5}, {1, 4}], [{8, 2}, {7}, {4, 6}, {1, 5}, {3}], [{8, 2}, {7}, {4, 6}, {3, 5}, {1}], [{8, 2}, {7}, {4, 6}, {5}, {1, 3}], [{8, 2}, {7}, {4, 6}, {5}, {3}, {1}], [{8, 2}, {7}, {5, 6}, {1, 4}, {3}], [{8, 2}, {7}, {6}, {3, 5}, {1, 4}], [{8, 2}, {7}, {6}, {5}, {1, 4}, {3}], [{8, 3}, {1, 7}, {2, 6}, {4, 5}], [{8, 3}, {1, 7}, {4, 6}, {2, 5}], [{8, 3}, {1, 7}, {5, 6}, {2, 4}], [{8, 3}, {1, 7}, {6}, {4, 5}, {2}], [{8, 3}, {2, 7}, {1, 6}, {4, 5}], [{8, 3}, {2, 7}, {4, 6}, {1, 5}], [{8, 3}, {2, 7}, {5, 6}, {1, 4}], [{8, 3}, {2, 7}, {6}, {5}, {1, 4}], [{8, 3}, {4, 7}, {1, 6}, {2, 5}], [{8, 3}, {4, 7}, {2, 6}, {1, 5}], [{8, 3}, {4, 7}, {5, 6}, {1, 2}], [{8, 3}, {4, 7}, {5, 6}, {2}, {1}], [{8, 3}, {4, 7}, {6}, {5}, {1, 2}], [{8, 3}, {5, 7}, {1, 6}, {2, 4}], [{8, 3}, {5, 7}, {1, 6}, {4}, {2}], [{8, 3}, {5, 7}, {2, 6}, {1, 4}], [{8, 3}, {5, 7}, {4, 6}, {1, 2}], [{8, 3}, {6, 7}, {1, 5}, {2, 4}], [{8, 3}, {6, 7}, {2, 5}, {1, 4}], [{8, 3}, {6, 7}, {4, 5}, {1, 2}], [{8, 3}, {6, 7}, {5}, {1, 4}, {2}], [{8, 3}, {6, 7}, {5}, {2, 4}, {1}], [{8, 3}, {6, 7}, {5}, {4}, {1, 2}], [{8, 3}, {7}, {2, 6}, {5}, {1, 4}], [{8, 3}, {7}, {4, 6}, {1, 5}, {2}], [{8, 3}, {7}, {4, 6}, {2, 5}, {1}], [{8, 3}, {7}, {4, 6}, {5}, {1, 2}], [{8, 4}, {1, 7}, {2, 6}, {3, 5}], [{8, 4}, {1, 7}, {2, 6}, {5}, {3}], [{8, 4}, {1, 7}, {3, 6}, {2, 5}], [{8, 4}, {1, 7}, {5, 6}, {2, 3}], [{8, 4}, {2, 7}, {1, 6}, {3, 5}], [{8, 4}, {2, 7}, {3, 6}, {1, 5}], [{8, 4}, {2, 7}, {5, 6}, {1, 3}], [{8, 4}, {2, 7}, {6}, {1, 5}, {3}], [{8, 4}, {3, 7}, {1, 6}, {2, 5}], [{8, 4}, {3, 7}, {2, 6}, {1, 5}], [{8, 4}, {3, 7}, {5, 6}, {1, 2}], [{8, 4}, {5, 7}, {1, 6}, {2, 3}], [{8, 4}, {5, 7}, {2, 6}, {1, 3}], [{8, 4}, {5, 7}, {3, 6}, {1, 2}], [{8, 4}, {5, 7}, {6}, {2, 3}, {1}], [{8, 4}, {6, 7}, {1, 5}, {2, 3}], [{8, 4}, {6, 7}, {2, 5}, {1, 3}], [{8, 4}, {6, 7}, {3, 5}, {1, 2}], [{8, 4}, {6, 7}, {5}, {1, 3}, {2}], [{8, 4}, {7}, {2, 6}, {3, 5}, {1}], [{8, 4}, {7}, {6}, {2, 5}, {1, 3}], [{8, 5}, {1, 7}, {2, 6}, {3, 4}], [{8, 5}, {1, 7}, {3, 6}, {2, 4}], [{8, 5}, {1, 7}, {4, 6}, {2, 3}], [{8, 5}, {2, 7}, {1, 6}, {3, 4}], [{8, 5}, {2, 7}, {3, 6}, {1, 4}], [{8, 5}, {2, 7}, {4, 6}, {1, 3}], [{8, 5}, {2, 7}, {6}, {1, 4}, {3}], [{8, 5}, {3, 7}, {1, 6}, {2, 4}], [{8, 5}, {3, 7}, {1, 6}, {4}, {2}], [{8, 5}, {3, 7}, {2, 6}, {1, 4}], [{8, 5}, {3, 7}, {4, 6}, {1, 2}], [{8, 5}, {4, 7}, {1, 6}, {2, 3}], [{8, 5}, {4, 7}, {2, 6}, {1, 3}], [{8, 5}, {4, 7}, {3, 6}, {1, 2}], [{8, 5}, {4, 7}, {6}, {3}, {1, 2}], [{8, 5}, {6, 7}, {1, 4}, {2, 3}], [{8, 5}, {6, 7}, {2, 4}, {1, 3}], [{8, 5}, {6, 7}, {3, 4}, {1, 2}], [{8, 5}, {6, 7}, {3, 4}, {2}, {1}], [{8, 5}, {6, 7}, {4}, {3}, {1, 2}], [{8, 5}, {7}, {2, 6}, {4}, {1, 3}], [{8, 5}, {7}, {3, 6}, {1, 4}, {2}], [{8, 5}, {7}, {4, 6}, {1, 3}, {2}], [{8, 5}, {7}, {4, 6}, {2, 3}, {1}], [{8, 5}, {7}, {4, 6}, {3}, {1, 2}], [{8, 5}, {7}, {6}, {2, 4}, {1, 3}], [{8, 6}, {1, 7}, {2, 5}, {3, 4}], [{8, 6}, {1, 7}, {3, 5}, {2, 4}], [{8, 6}, {1, 7}, {4, 5}, {2, 3}], [{8, 6}, {1, 7}, {4, 5}, {3}, {2}], [{8, 6}, {2, 7}, {1, 5}, {3, 4}], [{8, 6}, {2, 7}, {3, 5}, {1, 4}], [{8, 6}, {2, 7}, {4, 5}, {1, 3}], [{8, 6}, {2, 7}, {5}, {1, 4}, {3}], [{8, 6}, {3, 7}, {1, 5}, {2, 4}], [{8, 6}, {3, 7}, {2, 5}, {1, 4}], [{8, 6}, {3, 7}, {4, 5}, {1, 2}], [{8, 6}, {3, 7}, {5}, {1, 4}, {2}], [{8, 6}, {4, 7}, {1, 5}, {2, 3}], [{8, 6}, {4, 7}, {2, 5}, {1, 3}], [{8, 6}, {4, 7}, {3, 5}, {1, 2}], [{8, 6}, {4, 7}, {5}, {1, 3}, {2}], [{8, 6}, {5, 7}, {1, 4}, {2, 3}], [{8, 6}, {5, 7}, {2, 4}, {1, 3}], [{8, 6}, {5, 7}, {3, 4}, {1, 2}], [{8, 6}, {5, 7}, {3, 4}, {2}, {1}], [{8, 6}, {5, 7}, {4}, {3}, {1, 2}], [{8, 6}, {7}, {2, 5}, {4}, {1, 3}], [{8, 6}, {7}, {5}, {1, 4}, {2, 3}], [{8, 7}, {1, 6}, {2, 5}, {3, 4}], [{8, 7}, {1, 6}, {3, 5}, {2, 4}], [{8, 7}, {1, 6}, {4, 5}, {2, 3}], [{8, 7}, {1, 6}, {5}, {3, 4}, {2}], [{8, 7}, {2, 6}, {1, 5}, {3, 4}], [{8, 7}, {2, 6}, {3, 5}, {1, 4}], [{8, 7}, {2, 6}, {4, 5}, {1, 3}], [{8, 7}, {2, 6}, {5}, {1, 4}, {3}], [{8, 7}, {2, 6}, {5}, {3, 4}, {1}], [{8, 7}, {2, 6}, {5}, {4}, {1, 3}], [{8, 7}, {3, 6}, {1, 5}, {2, 4}], [{8, 7}, {3, 6}, {2, 5}, {1, 4}], [{8, 7}, {3, 6}, {4, 5}, {1, 2}], [{8, 7}, {3, 6}, {5}, {1, 4}, {2}], [{8, 7}, {4, 6}, {1, 5}, {2, 3}], [{8, 7}, {4, 6}, {2, 5}, {1, 3}], [{8, 7}, {4, 6}, {3, 5}, {1, 2}], [{8, 7}, {4, 6}, {5}, {1, 3}, {2}], [{8, 7}, {5, 6}, {1, 4}, {2, 3}], [{8, 7}, {5, 6}, {1, 4}, {3}, {2}], [{8, 7}, {5, 6}, {2, 4}, {1, 3}], [{8, 7}, {5, 6}, {3, 4}, {1, 2}], [{8, 7}, {5, 6}, {3, 4}, {2}, {1}], [{8, 7}, {5, 6}, {4}, {1, 3}, {2}], [{8, 7}, {6}, {1, 5}, {3, 4}, {2}], [{8, 7}, {6}, {2, 5}, {1, 4}, {3}], [{8, 7}, {6}, {2, 5}, {3, 4}, {1}], [{8, 7}, {6}, {2, 5}, {4}, {1, 3}], [{8, 7}, {6}, {3, 5}, {1, 4}, {2}], [{8, 7}, {6}, {4, 5}, {1, 3}, {2}], [{8, 7}, {6}, {5}, {1, 4}, {2, 3}], [{8, 7}, {6}, {5}, {1, 4}, {3}, {2}], [{8, 7}, {6}, {5}, {2, 4}, {1, 3}], [{8, 7}, {6}, {5}, {3, 4}, {1, 2}], [{8, 7}, {6}, {5}, {3, 4}, {2}, {1}], [{8, 7}, {6}, {5}, {4}, {1, 3}, {2}], [{8}, {1, 7}, {3, 6}, {4, 5}, {2}], [{8}, {2, 7}, {1, 6}, {5}, {3, 4}], [{8}, {2, 7}, {3, 6}, {5}, {1, 4}], [{8}, {2, 7}, {4, 6}, {5}, {1, 3}], [{8}, {2, 7}, {5, 6}, {1, 4}, {3}], [{8}, {2, 7}, {6}, {3, 5}, {1, 4}], [{8}, {2, 7}, {6}, {5}, {1, 4}, {3}], [{8}, {3, 7}, {1, 6}, {2, 5}, {4}], [{8}, {3, 7}, {2, 6}, {5}, {1, 4}], [{8}, {4, 7}, {3, 6}, {1, 5}, {2}], [{8}, {4, 7}, {6}, {2, 5}, {1, 3}], [{8}, {4, 7}, {6}, {3, 5}, {1, 2}], [{8}, {5, 7}, {1, 6}, {4}, {2, 3}], [{8}, {5, 7}, {2, 6}, {4}, {1, 3}], [{8}, {5, 7}, {3, 6}, {1, 4}, {2}], [{8}, {5, 7}, {4, 6}, {1, 3}, {2}], [{8}, {5, 7}, {6}, {2, 4}, {1, 3}], [{8}, {6, 7}, {2, 5}, {4}, {1, 3}], [{8}, {6, 7}, {3, 5}, {4}, {1, 2}], [{8}, {6, 7}, {5}, {1, 4}, {2, 3}], [{8}, {7}, {2, 6}, {1, 5}, {3, 4}], [{8}, {7}, {3, 6}, {2, 5}, {1, 4}], [{8}, {7}, {3, 6}, {5}, {1, 4}, {2}], [{8}, {7}, {4, 6}, {1, 5}, {2, 3}], [{8}, {7}, {4, 6}, {2, 5}, {1, 3}], [{8}, {7}, {4, 6}, {3, 5}, {1, 2}], [{8}, {7}, {4, 6}, {5}, {1, 3}, {2}]]",2,8 K_1^3 - 2 K_1^2 - 4 K_1 K_2 - 4 K_1 + K_2 + 2,O1O2O3U1O4U2U3O5U6U4O6U7U5O8O7U8,O1O2U3O4O3U1O5O6U4O7U5U6U7O8U2U8,O1O2U3O4O5U4O6O3U7U6O7U8U1U2O8U5,c,{'O1O2O3U4O5O4U6U5O7U8U7O6U1U2O8U3'},1,"<a href=""/flatknot/8.975881"">8.975881</a>",t^9-52t^7-46t^6+198t^5+70t^4-172t^3-12t^2+30t+2,t^2-2t,,
8.975882,O1O2O3U4O5O4U6U5O7U8U7O6U1U3O8U2,4,23z^2+108z+125,23w^3z^2+108w^2z+125w,False,False,"[[ 0 -1  1  2  1  0 -2  1 -2],[ 1  0  1  1  2  0  0  0  0],[-1 -1  0  1  0  0 -3  1 -2],[-2 -1 -1  0 -1  0 -3  0 -2],[-1 -2  0  1  0  0 -2  1 -3],[ 0  0  0  0  0  0  0  0  1],[ 2  0  3  3  2  0  0  1  0],[-1  0 -1  0 -1  0 -1  0 -1],[ 2  0  2  2  3 -1  0  1  0]]","[[ 0  2  1  1  1  0 -1 -2 -2],[-2  0  0 -1 -1  0 -1 -2 -3],[-1  0  0 -1 -1  0  0 -1 -1],[-1  1  1  0  0  0 -1 -2 -3],[-1  1  1  0  0  0 -2 -3 -2],[ 0  0  0  0  0  0  0  1  0],[ 1  1  0  1  2  0  0  0  0],[ 2  2  1  2  3 -1  0  0  0],[ 2  3  1  3  2  0  0  0  0]]",True,"[-2,-1,-1,-1,0,1,2,2,0,1,1,0,1,2,3,1,1,0,0,1,1,0,0,1,2,3,0,2,3,2,0,-1,0,0,0,0]","[-2,-2,-1,0,1,1,1,2,0,0,-1,1,2,3,2,0,0,1,3,2,3,0,0,1,2,1,0,0,0,0,-1,-1,0,0,1,1]",t^8+52t^6+150t^4+88t^2+9,"[-2,-2,-1,0,1,1,1,2,0,1,2,0,1,2,1,1,3,1,0,2,2,1,1,0,2,2,1,1,1,2,0,-1,0,-1,0,1]","[-2,-1,-1,-1,0,1,2,2,0,0,1,2,2,1,2,0,1,1,0,1,0,1,1,1,0,1,1,2,2,2,1,2,3,1,1,0]","[-2,-2,-1,0,1,1,1,2,0,0,-1,1,2,3,2,0,0,1,3,2,3,0,0,1,2,1,0,0,0,0,-1,-1,0,0,1,1]",c,"[[{8, 5}, {3, 7}, {4, 6}, {1, 2}], [{8, 5}, {7}, {4, 6}, {3}, {1, 2}]]",1,8 K_1^3 - 18 K_1^2 - 8 K_1 K_2 - 2 K_1 + 9 K_2 + 2 K_3 + 10,O1O2O3U2O4U1U3O5U6U4O6U7U5O8O7U8,O1O2U3O4O3U1O5O6U4O7U5U7U6O8U2U8,O1O2U3O4O5U4O6O3U7U6O7U1U8U2O8U5,c,{'O1O2O3U4O5O4U6U5O7U8U7O6U1U3O8U2'},1,"<a href=""/flatknot/8.975882"">8.975882</a>",t^9-54t^7-64t^6+143t^5+140t^4-71t^3-46t^2-2t+4,t^2-2t,,
8.975883,O1O2O3U4O5O4U6U5O7U8U7O6U2U1O8U3,4,33z^2+118z+105,33w^3z^2+118w^2z+105w,False,False,"[[ 0  0  0  2  1  0 -2  1 -2],[ 0  0  0  1  1  0 -1  0 -1],[ 0  0  0  0  1  0 -1  0  0],[-2 -1  0  0 -1  0 -4  1 -2],[-1 -1 -1  1  0  0 -2  1 -3],[ 0  0  0  0  0  0  0  0  1],[ 2  1  1  4  2  0  0  1  0],[-1  0  0 -1 -1  0 -1  0 -1],[ 2  1  0  2  3 -1  0  1  0]]","[[ 0  2  1  1  0  0  0 -2 -2],[-2  0  1 -1  0  0 -1 -2 -4],[-1 -1  0 -1  0  0  0 -1 -1],[-1  1  1  0  0 -1 -1 -3 -2],[ 0  0  0  0  0  0  0  1  0],[ 0  0  0  1  0  0  0  0 -1],[ 0  1  0  1  0  0  0 -1 -1],[ 2  2  1  3 -1  0  1  0  0],[ 2  4  1  2  0  1  1  0  0]]",True,"[-2,-1,-1,0,0,0,2,2,-1,1,0,0,1,2,4,1,0,0,0,1,1,0,1,1,3,2,0,0,-1,0,0,0,1,1,1,0]","[-2,-2,0,0,0,1,1,2,0,-1,0,1,1,3,2,0,1,1,1,2,4,0,0,0,0,0,0,0,1,0,0,1,1,-1,-1,1]",t^8+45t^6+187t^4+123t^2+4,"[-2,-2,0,0,0,1,1,2,0,1,1,2,1,2,0,1,2,3,0,2,2,0,0,0,1,1,0,0,1,2,1,1,2,-1,0,2]","[-2,-1,-1,0,0,0,2,2,0,2,1,2,2,0,2,1,0,0,1,1,0,1,1,1,2,2,0,0,1,1,0,1,2,2,3,0]","[-2,-2,0,0,0,1,1,2,0,-1,0,1,1,3,2,0,1,1,1,2,4,0,0,0,0,0,0,0,1,0,0,1,1,-1,-1,1]",c,"[[{8, 1}, {2, 7}, {3, 6}, {4, 5}], [{8, 1}, {2, 7}, {4, 6}, {3, 5}], [{8, 1}, {2, 7}, {4, 6}, {5}, {3}], [{8, 1}, {2, 7}, {5, 6}, {3, 4}], [{8, 1}, {2, 7}, {6}, {3, 5}, {4}], [{8, 1}, {3, 7}, {2, 6}, {4, 5}], [{8, 1}, {3, 7}, {2, 6}, {5}, {4}], [{8, 1}, {3, 7}, {4, 6}, {2, 5}], [{8, 1}, {3, 7}, {4, 6}, {5}, {2}], [{8, 1}, {3, 7}, {5, 6}, {2, 4}], [{8, 1}, {3, 7}, {6}, {5}, {2, 4}], [{8, 1}, {4, 7}, {2, 6}, {3, 5}], [{8, 1}, {4, 7}, {2, 6}, {5}, {3}], [{8, 1}, {4, 7}, {3, 6}, {2, 5}], [{8, 1}, {4, 7}, {5, 6}, {2, 3}], [{8, 1}, {4, 7}, {6}, {3, 5}, {2}], [{8, 1}, {5, 7}, {2, 6}, {3, 4}], [{8, 1}, {5, 7}, {2, 6}, {4}, {3}], [{8, 1}, {5, 7}, {3, 6}, {2, 4}], [{8, 1}, {5, 7}, {3, 6}, {4}, {2}], [{8, 1}, {5, 7}, {4, 6}, {2, 3}], [{8, 1}, {5, 7}, {4, 6}, {3}, {2}], [{8, 1}, {5, 7}, {6}, {2, 4}, {3}], [{8, 1}, {5, 7}, {6}, {3, 4}, {2}], [{8, 1}, {5, 7}, {6}, {4}, {2, 3}], [{8, 1}, {6, 7}, {2, 5}, {3, 4}], [{8, 1}, {6, 7}, {3, 5}, {2, 4}], [{8, 1}, {6, 7}, {3, 5}, {4}, {2}], [{8, 1}, {6, 7}, {4, 5}, {2, 3}], [{8, 1}, {6, 7}, {5}, {2, 4}, {3}], [{8, 1}, {7}, {2, 6}, {3, 5}, {4}], [{8, 1}, {7}, {2, 6}, {4, 5}, {3}], [{8, 1}, {7}, {2, 6}, {5}, {3, 4}], [{8, 1}, {7}, {2, 6}, {5}, {4}, {3}], [{8, 1}, {7}, {3, 6}, {5}, {2, 4}], [{8, 1}, {7}, {4, 6}, {2, 5}, {3}], [{8, 1}, {7}, {4, 6}, {3, 5}, {2}], [{8, 1}, {7}, {4, 6}, {5}, {2, 3}], [{8, 1}, {7}, {4, 6}, {5}, {3}, {2}], [{8, 1}, {7}, {5, 6}, {2, 4}, {3}], [{8, 1}, {7}, {6}, {3, 5}, {2, 4}], [{8, 1}, {7}, {6}, {5}, {2, 4}, {3}], [{8, 2}, {1, 7}, {3, 6}, {4, 5}], [{8, 2}, {1, 7}, {4, 6}, {3, 5}], [{8, 2}, {1, 7}, {5, 6}, {3, 4}], [{8, 2}, {1, 7}, {6}, {5}, {3, 4}], [{8, 2}, {3, 7}, {1, 6}, {4, 5}], [{8, 2}, {3, 7}, {4, 6}, {1, 5}], [{8, 2}, {3, 7}, {5, 6}, {1, 4}], [{8, 2}, {4, 7}, {1, 6}, {3, 5}], [{8, 2}, {4, 7}, {3, 6}, {1, 5}], [{8, 2}, {4, 7}, {3, 6}, {5}, {1}], [{8, 2}, {4, 7}, {5, 6}, {1, 3}], [{8, 2}, {4, 7}, {5, 6}, {3}, {1}], [{8, 2}, {4, 7}, {6}, {3, 5}, {1}], [{8, 2}, {5, 7}, {1, 6}, {3, 4}], [{8, 2}, {5, 7}, {3, 6}, {1, 4}], [{8, 2}, {5, 7}, {4, 6}, {1, 3}], [{8, 2}, {5, 7}, {6}, {4}, {1, 3}], [{8, 2}, {6, 7}, {1, 5}, {3, 4}], [{8, 2}, {6, 7}, {3, 5}, {1, 4}], [{8, 2}, {6, 7}, {3, 5}, {4}, {1}], [{8, 2}, {6, 7}, {4, 5}, {1, 3}], [{8, 2}, {7}, {1, 6}, {4, 5}, {3}], [{8, 2}, {7}, {4, 6}, {1, 5}, {3}], [{8, 2}, {7}, {4, 6}, {3, 5}, {1}], [{8, 2}, {7}, {4, 6}, {5}, {1, 3}], [{8, 3}, {1, 7}, {2, 6}, {4, 5}], [{8, 3}, {1, 7}, {4, 6}, {2, 5}], [{8, 3}, {1, 7}, {4, 6}, {5}, {2}], [{8, 3}, {1, 7}, {5, 6}, {2, 4}], [{8, 3}, {1, 7}, {6}, {2, 5}, {4}], [{8, 3}, {2, 7}, {1, 6}, {4, 5}], [{8, 3}, {2, 7}, {4, 6}, {1, 5}], [{8, 3}, {2, 7}, {4, 6}, {5}, {1}], [{8, 3}, {2, 7}, {5, 6}, {1, 4}], [{8, 3}, {2, 7}, {6}, {1, 5}, {4}], [{8, 3}, {4, 7}, {1, 6}, {2, 5}], [{8, 3}, {4, 7}, {1, 6}, {5}, {2}], [{8, 3}, {4, 7}, {2, 6}, {1, 5}], [{8, 3}, {4, 7}, {2, 6}, {5}, {1}], [{8, 3}, {4, 7}, {5, 6}, {1, 2}], [{8, 3}, {4, 7}, {5, 6}, {2}, {1}], [{8, 3}, {4, 7}, {6}, {1, 5}, {2}], [{8, 3}, {4, 7}, {6}, {2, 5}, {1}], [{8, 3}, {4, 7}, {6}, {5}, {1, 2}], [{8, 3}, {4, 7}, {6}, {5}, {2}, {1}], [{8, 3}, {5, 7}, {1, 6}, {2, 4}], [{8, 3}, {5, 7}, {2, 6}, {1, 4}], [{8, 3}, {5, 7}, {4, 6}, {1, 2}], [{8, 3}, {5, 7}, {4, 6}, {2}, {1}], [{8, 3}, {6, 7}, {1, 5}, {2, 4}], [{8, 3}, {6, 7}, {1, 5}, {4}, {2}], [{8, 3}, {6, 7}, {2, 5}, {1, 4}], [{8, 3}, {6, 7}, {2, 5}, {4}, {1}], [{8, 3}, {6, 7}, {4, 5}, {1, 2}], [{8, 3}, {6, 7}, {4, 5}, {2}, {1}], [{8, 3}, {6, 7}, {5}, {1, 4}, {2}], [{8, 3}, {6, 7}, {5}, {2, 4}, {1}], [{8, 3}, {6, 7}, {5}, {4}, {1, 2}], [{8, 3}, {6, 7}, {5}, {4}, {2}, {1}], [{8, 3}, {7}, {1, 6}, {2, 5}, {4}], [{8, 3}, {7}, {2, 6}, {1, 5}, {4}], [{8, 3}, {7}, {4, 6}, {1, 5}, {2}], [{8, 3}, {7}, {4, 6}, {2, 5}, {1}], [{8, 3}, {7}, {4, 6}, {5}, {1, 2}], [{8, 3}, {7}, {4, 6}, {5}, {2}, {1}], [{8, 3}, {7}, {6}, {1, 5}, {2, 4}], [{8, 3}, {7}, {6}, {2, 5}, {1, 4}], [{8, 4}, {1, 7}, {2, 6}, {3, 5}], [{8, 4}, {1, 7}, {2, 6}, {5}, {3}], [{8, 4}, {1, 7}, {3, 6}, {2, 5}], [{8, 4}, {1, 7}, {5, 6}, {2, 3}], [{8, 4}, {2, 7}, {1, 6}, {3, 5}], [{8, 4}, {2, 7}, {3, 6}, {1, 5}], [{8, 4}, {2, 7}, {3, 6}, {5}, {1}], [{8, 4}, {2, 7}, {5, 6}, {1, 3}], [{8, 4}, {3, 7}, {1, 6}, {2, 5}], [{8, 4}, {3, 7}, {2, 6}, {1, 5}], [{8, 4}, {3, 7}, {5, 6}, {1, 2}], [{8, 4}, {3, 7}, {5, 6}, {2}, {1}], [{8, 4}, {5, 7}, {1, 6}, {2, 3}], [{8, 4}, {5, 7}, {2, 6}, {1, 3}], [{8, 4}, {5, 7}, {3, 6}, {1, 2}], [{8, 4}, {5, 7}, {3, 6}, {2}, {1}], [{8, 4}, {6, 7}, {1, 5}, {2, 3}], [{8, 4}, {6, 7}, {2, 5}, {1, 3}], [{8, 4}, {6, 7}, {3, 5}, {1, 2}], [{8, 4}, {6, 7}, {3, 5}, {2}, {1}], [{8, 4}, {7}, {1, 6}, {2, 5}, {3}], [{8, 4}, {7}, {3, 6}, {2, 5}, {1}], [{8, 4}, {7}, {6}, {2, 5}, {1, 3}], [{8, 5}, {1, 7}, {2, 6}, {3, 4}], [{8, 5}, {1, 7}, {3, 6}, {2, 4}], [{8, 5}, {1, 7}, {4, 6}, {2, 3}], [{8, 5}, {1, 7}, {4, 6}, {3}, {2}], [{8, 5}, {2, 7}, {1, 6}, {3, 4}], [{8, 5}, {2, 7}, {3, 6}, {1, 4}], [{8, 5}, {2, 7}, {4, 6}, {1, 3}], [{8, 5}, {2, 7}, {4, 6}, {3}, {1}], [{8, 5}, {2, 7}, {6}, {4}, {1, 3}], [{8, 5}, {3, 7}, {1, 6}, {2, 4}], [{8, 5}, {3, 7}, {2, 6}, {1, 4}], [{8, 5}, {3, 7}, {4, 6}, {1, 2}], [{8, 5}, {3, 7}, {4, 6}, {2}, {1}], [{8, 5}, {4, 7}, {1, 6}, {2, 3}], [{8, 5}, {4, 7}, {1, 6}, {3}, {2}], [{8, 5}, {4, 7}, {2, 6}, {1, 3}], [{8, 5}, {4, 7}, {2, 6}, {3}, {1}], [{8, 5}, {4, 7}, {3, 6}, {1, 2}], [{8, 5}, {4, 7}, {3, 6}, {2}, {1}], [{8, 5}, {4, 7}, {6}, {1, 3}, {2}], [{8, 5}, {4, 7}, {6}, {2, 3}, {1}], [{8, 5}, {4, 7}, {6}, {3}, {1, 2}], [{8, 5}, {4, 7}, {6}, {3}, {2}, {1}], [{8, 5}, {6, 7}, {1, 4}, {2, 3}], [{8, 5}, {6, 7}, {1, 4}, {3}, {2}], [{8, 5}, {6, 7}, {2, 4}, {1, 3}], [{8, 5}, {6, 7}, {2, 4}, {3}, {1}], [{8, 5}, {6, 7}, {3, 4}, {1, 2}], [{8, 5}, {6, 7}, {3, 4}, {2}, {1}], [{8, 5}, {6, 7}, {4}, {1, 3}, {2}], [{8, 5}, {6, 7}, {4}, {2, 3}, {1}], [{8, 5}, {6, 7}, {4}, {3}, {1, 2}], [{8, 5}, {6, 7}, {4}, {3}, {2}, {1}], [{8, 5}, {7}, {2, 6}, {4}, {1, 3}], [{8, 5}, {7}, {4, 6}, {1, 3}, {2}], [{8, 5}, {7}, {4, 6}, {2, 3}, {1}], [{8, 5}, {7}, {4, 6}, {3}, {1, 2}], [{8, 5}, {7}, {4, 6}, {3}, {2}, {1}], [{8, 5}, {7}, {6}, {2, 4}, {1, 3}], [{8, 6}, {1, 7}, {2, 5}, {3, 4}], [{8, 6}, {1, 7}, {3, 5}, {2, 4}], [{8, 6}, {1, 7}, {4, 5}, {2, 3}], [{8, 6}, {1, 7}, {5}, {4}, {2, 3}], [{8, 6}, {2, 7}, {1, 5}, {3, 4}], [{8, 6}, {2, 7}, {3, 5}, {1, 4}], [{8, 6}, {2, 7}, {4, 5}, {1, 3}], [{8, 6}, {3, 7}, {1, 5}, {2, 4}], [{8, 6}, {3, 7}, {2, 5}, {1, 4}], [{8, 6}, {3, 7}, {4, 5}, {1, 2}], [{8, 6}, {3, 7}, {4, 5}, {2}, {1}], [{8, 6}, {4, 7}, {1, 5}, {2, 3}], [{8, 6}, {4, 7}, {2, 5}, {1, 3}], [{8, 6}, {4, 7}, {2, 5}, {3}, {1}], [{8, 6}, {4, 7}, {3, 5}, {1, 2}], [{8, 6}, {4, 7}, {3, 5}, {2}, {1}], [{8, 6}, {4, 7}, {5}, {2, 3}, {1}], [{8, 6}, {5, 7}, {1, 4}, {2, 3}], [{8, 6}, {5, 7}, {2, 4}, {1, 3}], [{8, 6}, {5, 7}, {3, 4}, {1, 2}], [{8, 6}, {5, 7}, {3, 4}, {2}, {1}], [{8, 6}, {5, 7}, {4}, {3}, {1, 2}], [{8, 6}, {7}, {2, 5}, {4}, {1, 3}], [{8, 6}, {7}, {5}, {1, 4}, {2, 3}], [{8, 7}, {1, 6}, {2, 5}, {3, 4}], [{8, 7}, {1, 6}, {3, 5}, {2, 4}], [{8, 7}, {1, 6}, {4, 5}, {2, 3}], [{8, 7}, {1, 6}, {5}, {4}, {2, 3}], [{8, 7}, {2, 6}, {1, 5}, {3, 4}], [{8, 7}, {2, 6}, {3, 5}, {1, 4}], [{8, 7}, {2, 6}, {4, 5}, {1, 3}], [{8, 7}, {2, 6}, {5}, {1, 4}, {3}], [{8, 7}, {3, 6}, {1, 5}, {2, 4}], [{8, 7}, {3, 6}, {2, 5}, {1, 4}], [{8, 7}, {3, 6}, {2, 5}, {4}, {1}], [{8, 7}, {3, 6}, {4, 5}, {1, 2}], [{8, 7}, {3, 6}, {4, 5}, {2}, {1}], [{8, 7}, {3, 6}, {5}, {2, 4}, {1}], [{8, 7}, {4, 6}, {1, 5}, {2, 3}], [{8, 7}, {4, 6}, {1, 5}, {3}, {2}], [{8, 7}, {4, 6}, {2, 5}, {1, 3}], [{8, 7}, {4, 6}, {3, 5}, {1, 2}], [{8, 7}, {4, 6}, {3, 5}, {2}, {1}], [{8, 7}, {4, 6}, {5}, {1, 3}, {2}], [{8, 7}, {5, 6}, {1, 4}, {2, 3}], [{8, 7}, {5, 6}, {2, 4}, {1, 3}], [{8, 7}, {5, 6}, {3, 4}, {1, 2}], [{8, 7}, {5, 6}, {3, 4}, {2}, {1}], [{8, 7}, {6}, {5}, {3, 4}, {1, 2}], [{8}, {1, 7}, {3, 6}, {5}, {2, 4}], [{8}, {1, 7}, {4, 6}, {3, 5}, {2}], [{8}, {1, 7}, {6}, {4, 5}, {2, 3}], [{8}, {2, 7}, {1, 6}, {5}, {3, 4}], [{8}, {2, 7}, {4, 6}, {1, 5}, {3}], [{8}, {2, 7}, {4, 6}, {3, 5}, {1}], [{8}, {2, 7}, {4, 6}, {5}, {1, 3}], [{8}, {3, 7}, {4, 6}, {1, 5}, {2}], [{8}, {4, 7}, {1, 6}, {3, 5}, {2}], [{8}, {4, 7}, {2, 6}, {1, 5}, {3}], [{8}, {4, 7}, {2, 6}, {3, 5}, {1}], [{8}, {4, 7}, {2, 6}, {5}, {1, 3}], [{8}, {4, 7}, {2, 6}, {5}, {3}, {1}], [{8}, {4, 7}, {3, 6}, {2, 5}, {1}], [{8}, {4, 7}, {5, 6}, {2, 3}, {1}], [{8}, {4, 7}, {6}, {3, 5}, {1, 2}], [{8}, {4, 7}, {6}, {3, 5}, {2}, {1}], [{8}, {5, 7}, {1, 6}, {3, 4}, {2}], [{8}, {5, 7}, {3, 6}, {1, 4}, {2}], [{8}, {5, 7}, {4, 6}, {1, 3}, {2}], [{8}, {6, 7}, {1, 5}, {2, 4}, {3}], [{8}, {6, 7}, {3, 5}, {1, 4}, {2}], [{8}, {6, 7}, {3, 5}, {2, 4}, {1}], [{8}, {6, 7}, {3, 5}, {4}, {1, 2}], [{8}, {6, 7}, {3, 5}, {4}, {2}, {1}], [{8}, {6, 7}, {5}, {2, 4}, {1, 3}], [{8}, {7}, {1, 6}, {2, 5}, {3, 4}], [{8}, {7}, {4, 6}, {1, 5}, {2, 3}], [{8}, {7}, {4, 6}, {1, 5}, {3}, {2}], [{8}, {7}, {4, 6}, {2, 5}, {1, 3}], [{8}, {7}, {4, 6}, {3, 5}, {1, 2}], [{8}, {7}, {4, 6}, {3, 5}, {2}, {1}], [{8}, {7}, {4, 6}, {5}, {1, 3}, {2}]]",2,4 K_1^3 - 6 K_1^2 - 4 K_1 K_2 - K_1 + 3 K_2 + K_3 + 4,O1O2O3U1O4U3U2O5U6U4O6U7U5O8O7U8,O1O2U3O4O3U1O5O6U4O7U6U5U7O8U2U8,O1O2U3O4O5U4O6O3U7U6O7U8U2U1O8U5,c,{'O1O2O3U4O5O4U6U5O7U8U7O6U2U1O8U3'},1,"<a href=""/flatknot/8.975883"">8.975883</a>",t^9-47t^7-70t^6+130t^5+70t^4-94t^3+118t^2-8t-4,t^2-2t,,
8.975884,O1O2O3U4O5O4U6U5O7U8U7O6U3U1O8U2,3,4z^2+41z+67,4w^3z^2+41w^2z+67w,False,False,"[[ 0  0  1  1  1  0 -2  1 -2],[ 0  0  0  0  1  0 -1  0 -1],[-1  0  0  1  0  0 -3  1 -2],[-1  0 -1  0  0  0 -2  0 -1],[-1 -1  0  0  0  0 -2  1 -3],[ 0  0  0  0  0  0  0  0  1],[ 2  1  3  2  2  0  0  1  0],[-1  0 -1  0 -1  0 -1  0 -1],[ 2  1  2  1  3 -1  0  1  0]]","[[ 0  1  1  1  1  0  0 -2 -2],[-1  0  1  1  0  0  0 -2 -3],[-1 -1  0  0  0  0  0 -1 -2],[-1 -1  0  0 -1  0  0 -1 -1],[-1  0  0  1  0  0 -1 -3 -2],[ 0  0  0  0  0  0  0  1  0],[ 0  0  0  0  1  0  0 -1 -1],[ 2  2  1  1  3 -1  1  0  0],[ 2  3  2  1  2  0  1  0  0]]",True,"[-1,-1,-1,-1,0,0,2,2,-1,-1,0,0,0,2,3,0,0,0,0,1,2,1,0,0,1,1,0,1,3,2,0,-1,0,1,1,0]","[-2,-2,0,0,1,1,1,1,0,-1,1,1,1,2,3,0,1,1,2,3,2,0,0,0,0,0,0,0,0,1,0,-1,-1,-1,0,0]",t^8+40t^6+125t^4+51t^2,"[-2,-2,0,0,1,1,1,1,0,1,2,0,1,1,2,1,3,1,0,2,2,0,1,0,1,1,1,1,1,1,0,-1,-1,0,-1,0]","[-1,-1,-1,-1,0,0,2,2,-1,-1,0,1,1,2,2,0,0,0,1,0,1,1,1,1,1,0,1,1,2,1,0,1,1,3,2,0]","[-2,-2,0,0,1,1,1,1,0,-1,1,1,1,2,3,0,1,1,2,3,2,0,0,0,0,0,0,0,0,1,0,-1,-1,-1,0,0]",c,"[[{8, 2}, {3, 7}, {4, 6}, {1, 5}], [{8, 2}, {7}, {4, 6}, {1, 5}, {3}], [{8, 5}, {3, 7}, {1, 6}, {2, 4}], [{8, 5}, {3, 7}, {4, 6}, {1, 2}], [{8, 5}, {7}, {4, 6}, {3}, {1, 2}]]",1,- 12 K_1^2 + 6 K_2 + 7,O1O2O3U2O4U3U1O5U6U4O6U7U5O8O7U8,O1O2U3O4O3U1O5O6U4O7U6U7U5O8U2U8,O1O2U3O4O5U4O6O3U7U6O7U2U8U1O8U5,c,"{'O1O2U3O4O3U5O6O5U7U6O8U1U8O7U2U4', 'O1O2U3O4O5U6O3U5O7U8U7U4O6U1O8U2', 'O1O2O3U4O5O4U6U5O7U8U7O6U3U1O8U2'}",3,"<a href=""/flatknot/8.975884"">8.975884</a>",t^9-44t^7-40t^6+129t^5+130t^4-22t^3+6t^2+16t-8,2t^2-4t,,
8.975885,O1O2O3U4O5O4U6U7O8U1U2O6U8U3O7U5,4,2z^3+27z^2+106z+121,2w^4z^3+27w^3z^2+106w^2z+121w,False,False,"[[ 0 -2  0  2  1  2 -2 -2  1],[ 2  0  1  2  2  1  1  0  1],[ 0 -1  0  1  0  0  0 -1  0],[-2 -2 -1  0 -2 -1 -1 -1 -1],[-1 -2  0  2  0  2 -3 -3  1],[-2 -1  0  1 -2  0 -2 -1 -1],[ 2 -1  0  1  3  2  0  0  1],[ 2  0  1  1  3  1  0  0  1],[-1 -1  0  1 -1  1 -1 -1  0]]","[[ 0  2  2  1  1  0 -2 -2 -2],[-2  0  1 -1 -2  0 -1 -1 -2],[-2 -1  0 -1 -2 -1 -1 -2 -1],[-1  1  1  0 -1  0 -1 -1 -1],[-1  2  2  1  0  0 -3 -2 -3],[ 0  0  1  0  0  0 -1 -1  0],[ 2  1  1  1  3  1  0  0  0],[ 2  1  2  1  2  1  0  0  1],[ 2  2  1  1  3  0  0 -1  0]]",True,"[-2,-2,-1,-1,0,2,2,2,-1,1,2,0,1,1,2,1,2,1,1,2,1,1,0,1,1,1,0,3,2,3,1,1,0,0,0,-1]","[-2,-2,-2,0,1,1,2,2,-1,0,0,1,3,1,2,0,1,1,2,2,1,1,1,3,1,1,0,0,1,0,-1,1,1,2,2,-1]",t^8+53t^6+227t^4+198t^2+9,"[-2,-2,-2,0,1,1,2,2,-1,0,1,1,2,2,3,0,2,0,2,3,2,1,0,2,3,3,1,1,1,2,-1,-1,-1,0,0,1]","[-2,-2,-1,-1,0,2,2,2,-1,-1,0,1,2,3,3,-1,0,2,3,2,3,1,1,1,0,0,1,2,2,2,1,2,1,1,0,0]","[-2,-2,-2,0,1,1,2,2,-1,0,0,1,3,1,2,0,1,1,2,2,1,1,1,3,1,1,0,0,1,0,-1,1,1,2,2,-1]",c,"[[{8, 7}, {5, 6}, {1, 4}, {2, 3}]]",1,28 K_1^3 - 26 K_1^2 - 28 K_1 K_2 - 7 K_1 + 13 K_2 + 7 K_3 + 14,O1O2O3U4O5U1U6O7U2U3O6U5U7O8O4U8,O1O2U3O4O5U1O3O6U2O7U4U5U6O8U7U8,O1O2U3O4O5U2O6O3U7U8O7U1U4U5O8U6,c,{'O1O2O3U4O5O4U6U7O8U1U2O6U8U3O7U5'},1,"<a href=""/flatknot/8.975885"">8.975885</a>",t^9-55t^7-146t^6-6t^5+218t^4+93t^3-40t^2+5t,t^2-2t,,
8.975886,O1O2O3U4O5O4U6U7O8U1U2O6U8U5O7U3,4,2z^3+35z^2+106z+89,2w^4z^3+35w^3z^2+106w^2z+89w,False,False,"[[ 0 -2  0  2  1  2 -2 -2  1],[ 2  0  1  2  2  1  1  0  1],[ 0 -1  0  1  0  0  0 -1  0],[-2 -2 -1  0 -1  0 -2 -2 -1],[-1 -2  0  1  0  2 -3 -2  1],[-2 -1  0  0 -2  0 -1 -1 -1],[ 2 -1  0  2  3  1  0  0  1],[ 2  0  1  2  2  1  0  0  1],[-1 -1  0  1 -1  1 -1 -1  0]]","[[ 0  2  2  1  1  0 -2 -2 -2],[-2  0  0 -1 -1 -1 -2 -2 -2],[-2  0  0 -1 -2  0 -1 -1 -1],[-1  1  1  0 -1  0 -1 -1 -1],[-1  1  2  1  0  0 -2 -2 -3],[ 0  1  0  0  0  0 -1 -1  0],[ 2  2  1  1  2  1  0  0  1],[ 2  2  1  1  2  1  0  0  0],[ 2  2  1  1  3  0 -1  0  0]]",True,"[-2,-2,-1,-1,0,2,2,2,0,1,1,1,2,2,2,1,2,0,1,1,1,1,0,1,1,1,0,2,2,3,1,1,0,0,-1,0]","[-2,-2,-2,0,1,1,2,2,-1,0,0,1,3,1,2,0,1,1,2,1,2,1,1,2,1,2,0,0,0,1,-1,1,1,2,1,0]",t^8+47t^6+172t^4+67t^2+4,"[-2,-2,-2,0,1,1,2,2,-1,0,1,1,2,2,3,0,2,0,2,2,3,1,1,2,2,3,1,1,1,2,-1,0,-1,0,0,0]","[-2,-2,-1,-1,0,2,2,2,0,-1,0,2,3,3,3,0,0,1,2,2,2,1,1,0,1,1,1,2,2,2,2,1,1,-1,0,0]","[-2,-2,-2,0,1,1,2,2,-1,0,0,1,3,1,2,0,1,1,2,1,2,1,1,2,1,2,0,0,0,1,-1,1,1,2,1,0]",c,"[[{8, 7}, {5, 6}, {1, 4}, {2, 3}]]",1,12 K_1^3 - 10 K_1^2 - 8 K_1 K_2 - 5 K_1 + 5 K_2 + K_3 + 6,O1O2O3U1O4U5U6O7U2U3O6U4U7O8O5U8,O1O2U3O4O5U1O3O6U2O7U4U5U7O8U6U8,O1O2U3O4O5U2O6O3U7U1O7U8U4U5O8U6,c,{'O1O2O3U4O5O4U6U7O8U1U2O6U8U5O7U3'},1,"<a href=""/flatknot/8.975886"">8.975886</a>",t^9-49t^7-112t^6+27t^5+188t^4+84t^3+38t^2+31t+8,t^2-2t,,
8.975887,O1O2O3U4O5O4U6U7O8U1U3O6U8U2O7U5,3,17z^2+86z+105,17w^3z^2+86w^2z+105w,False,False,"[[ 0 -2  1  1  1  2 -2 -2  1],[ 2  0  2  1  2  1  1  0  1],[-1 -2  0  0 -1  0 -1 -1  0],[-1 -1  0  0 -1 -1 -1 -1  0],[-1 -2  1  1  0  2 -3 -3  1],[-2 -1  0  1 -2  0 -2 -1 -1],[ 2 -1  1  1  3  2  0  0  1],[ 2  0  1  1  3  1  0  0  1],[-1 -1  0  0 -1  1 -1 -1  0]]","[[ 0  2  1  1  1  1 -2 -2 -2],[-2  0  1  0 -1 -2 -1 -1 -2],[-1 -1  0  0  0 -1 -1 -1 -1],[-1  0  0  0  0 -1 -1 -2 -1],[-1  1  0  0  0 -1 -1 -1 -1],[-1  2  1  1  1  0 -3 -2 -3],[ 2  1  1  1  1  3  0  0  0],[ 2  1  1  2  1  2  0  0  1],[ 2  2  1  1  1  3  0 -1  0]]",True,"[-2,-1,-1,-1,-1,2,2,2,-1,0,1,2,1,1,2,0,0,1,1,1,1,0,1,1,2,1,1,1,1,1,3,2,3,0,0,-1]","[-2,-2,-2,1,1,1,1,2,-1,0,1,1,1,3,2,0,1,1,2,2,1,1,1,1,3,1,0,0,-1,-1,0,-1,1,-1,0,2]",t^8+50t^6+186t^4+175t^2,"[-2,-2,-2,1,1,1,1,2,-1,0,1,1,2,2,3,0,0,2,2,2,2,0,2,2,2,3,-1,-1,-1,-1,0,0,1,0,0,2]","[-2,-1,-1,-1,-1,2,2,2,-1,0,1,2,2,3,3,1,1,1,0,0,1,0,0,2,2,2,0,2,2,1,2,2,2,0,-1,0]","[-2,-2,-2,1,1,1,1,2,-1,0,1,1,1,3,2,0,1,1,2,2,1,1,1,1,3,1,0,0,-1,-1,0,-1,1,-1,0,2]",c,"[[{8, 1}, {2, 7}, {3, 6}, {4, 5}], [{8, 1}, {2, 7}, {3, 6}, {5}, {4}], [{8, 1}, {2, 7}, {4, 6}, {3, 5}], [{8, 1}, {2, 7}, {5, 6}, {3, 4}], [{8, 1}, {2, 7}, {6}, {4, 5}, {3}], [{8, 1}, {3, 7}, {2, 6}, {4, 5}], [{8, 1}, {3, 7}, {4, 6}, {2, 5}], [{8, 1}, {3, 7}, {5, 6}, {2, 4}], [{8, 1}, {4, 7}, {2, 6}, {3, 5}], [{8, 1}, {4, 7}, {3, 6}, {2, 5}], [{8, 1}, {4, 7}, {5, 6}, {2, 3}], [{8, 1}, {5, 7}, {2, 6}, {3, 4}], [{8, 1}, {5, 7}, {3, 6}, {2, 4}], [{8, 1}, {5, 7}, {4, 6}, {2, 3}], [{8, 1}, {6, 7}, {2, 5}, {3, 4}], [{8, 1}, {6, 7}, {3, 5}, {2, 4}], [{8, 1}, {6, 7}, {4, 5}, {2, 3}], [{8, 1}, {7}, {3, 6}, {4, 5}, {2}], [{8, 1}, {7}, {4, 6}, {2, 5}, {3}], [{8, 1}, {7}, {5, 6}, {2, 4}, {3}], [{8, 2}, {1, 7}, {3, 6}, {4, 5}], [{8, 2}, {1, 7}, {4, 6}, {3, 5}], [{8, 2}, {1, 7}, {5, 6}, {3, 4}], [{8, 2}, {3, 7}, {1, 6}, {4, 5}], [{8, 2}, {3, 7}, {4, 6}, {1, 5}], [{8, 2}, {3, 7}, {5, 6}, {1, 4}], [{8, 2}, {3, 7}, {6}, {1, 5}, {4}], [{8, 2}, {4, 7}, {1, 6}, {3, 5}], [{8, 2}, {4, 7}, {3, 6}, {1, 5}], [{8, 2}, {4, 7}, {5, 6}, {1, 3}], [{8, 2}, {4, 7}, {6}, {1, 5}, {3}], [{8, 2}, {5, 7}, {1, 6}, {3, 4}], [{8, 2}, {5, 7}, {3, 6}, {1, 4}], [{8, 2}, {5, 7}, {4, 6}, {1, 3}], [{8, 2}, {6, 7}, {1, 5}, {3, 4}], [{8, 2}, {6, 7}, {1, 5}, {4}, {3}], [{8, 2}, {6, 7}, {3, 5}, {1, 4}], [{8, 2}, {6, 7}, {3, 5}, {4}, {1}], [{8, 2}, {6, 7}, {4, 5}, {1, 3}], [{8, 2}, {6, 7}, {5}, {4}, {1, 3}], [{8, 2}, {7}, {3, 6}, {1, 5}, {4}], [{8, 2}, {7}, {4, 6}, {1, 5}, {3}], [{8, 2}, {7}, {6}, {1, 5}, {3, 4}], [{8, 2}, {7}, {6}, {1, 5}, {4}, {3}], [{8, 3}, {1, 7}, {2, 6}, {4, 5}], [{8, 3}, {1, 7}, {2, 6}, {5}, {4}], [{8, 3}, {1, 7}, {4, 6}, {2, 5}], [{8, 3}, {1, 7}, {4, 6}, {5}, {2}], [{8, 3}, {1, 7}, {5, 6}, {2, 4}], [{8, 3}, {1, 7}, {5, 6}, {4}, {2}], [{8, 3}, {1, 7}, {6}, {2, 5}, {4}], [{8, 3}, {1, 7}, {6}, {4, 5}, {2}], [{8, 3}, {1, 7}, {6}, {5}, {2, 4}], [{8, 3}, {1, 7}, {6}, {5}, {4}, {2}], [{8, 3}, {2, 7}, {1, 6}, {4, 5}], [{8, 3}, {2, 7}, {4, 6}, {1, 5}], [{8, 3}, {2, 7}, {4, 6}, {5}, {1}], [{8, 3}, {2, 7}, {5, 6}, {1, 4}], [{8, 3}, {2, 7}, {6}, {1, 5}, {4}], [{8, 3}, {4, 7}, {1, 6}, {2, 5}], [{8, 3}, {4, 7}, {2, 6}, {1, 5}], [{8, 3}, {4, 7}, {5, 6}, {1, 2}], [{8, 3}, {4, 7}, {6}, {1, 5}, {2}], [{8, 3}, {5, 7}, {1, 6}, {2, 4}], [{8, 3}, {5, 7}, {1, 6}, {4}, {2}], [{8, 3}, {5, 7}, {2, 6}, {1, 4}], [{8, 3}, {5, 7}, {2, 6}, {4}, {1}], [{8, 3}, {5, 7}, {4, 6}, {1, 2}], [{8, 3}, {5, 7}, {4, 6}, {2}, {1}], [{8, 3}, {5, 7}, {6}, {1, 4}, {2}], [{8, 3}, {5, 7}, {6}, {2, 4}, {1}], [{8, 3}, {5, 7}, {6}, {4}, {1, 2}], [{8, 3}, {5, 7}, {6}, {4}, {2}, {1}], [{8, 3}, {6, 7}, {1, 5}, {2, 4}], [{8, 3}, {6, 7}, {1, 5}, {4}, {2}], [{8, 3}, {6, 7}, {2, 5}, {1, 4}], [{8, 3}, {6, 7}, {4, 5}, {1, 2}], [{8, 3}, {6, 7}, {5}, {2, 4}, {1}], [{8, 3}, {7}, {1, 6}, {5}, {2, 4}], [{8, 3}, {7}, {2, 6}, {1, 5}, {4}], [{8, 3}, {7}, {4, 6}, {1, 5}, {2}], [{8, 3}, {7}, {4, 6}, {2, 5}, {1}], [{8, 3}, {7}, {4, 6}, {5}, {1, 2}], [{8, 3}, {7}, {5, 6}, {2, 4}, {1}], [{8, 3}, {7}, {6}, {1, 5}, {2, 4}], [{8, 3}, {7}, {6}, {1, 5}, {4}, {2}], [{8, 4}, {1, 7}, {2, 6}, {3, 5}], [{8, 4}, {1, 7}, {3, 6}, {2, 5}], [{8, 4}, {1, 7}, {5, 6}, {2, 3}], [{8, 4}, {2, 7}, {1, 6}, {3, 5}], [{8, 4}, {2, 7}, {3, 6}, {1, 5}], [{8, 4}, {2, 7}, {3, 6}, {5}, {1}], [{8, 4}, {2, 7}, {5, 6}, {1, 3}], [{8, 4}, {2, 7}, {6}, {1, 5}, {3}], [{8, 4}, {3, 7}, {1, 6}, {2, 5}], [{8, 4}, {3, 7}, {2, 6}, {1, 5}], [{8, 4}, {3, 7}, {5, 6}, {1, 2}], [{8, 4}, {3, 7}, {6}, {1, 5}, {2}], [{8, 4}, {5, 7}, {1, 6}, {2, 3}], [{8, 4}, {5, 7}, {2, 6}, {1, 3}], [{8, 4}, {5, 7}, {3, 6}, {1, 2}], [{8, 4}, {6, 7}, {1, 5}, {2, 3}], [{8, 4}, {6, 7}, {1, 5}, {3}, {2}], [{8, 4}, {6, 7}, {2, 5}, {1, 3}], [{8, 4}, {6, 7}, {3, 5}, {1, 2}], [{8, 4}, {6, 7}, {5}, {2, 3}, {1}], [{8, 4}, {7}, {2, 6}, {1, 5}, {3}], [{8, 4}, {7}, {3, 6}, {1, 5}, {2}], [{8, 4}, {7}, {6}, {1, 5}, {2, 3}], [{8, 4}, {7}, {6}, {1, 5}, {3}, {2}], [{8, 5}, {1, 7}, {2, 6}, {3, 4}], [{8, 5}, {1, 7}, {3, 6}, {2, 4}], [{8, 5}, {1, 7}, {4, 6}, {2, 3}], [{8, 5}, {2, 7}, {1, 6}, {3, 4}], [{8, 5}, {2, 7}, {3, 6}, {1, 4}], [{8, 5}, {2, 7}, {3, 6}, {4}, {1}], [{8, 5}, {2, 7}, {4, 6}, {1, 3}], [{8, 5}, {2, 7}, {6}, {1, 4}, {3}], [{8, 5}, {3, 7}, {1, 6}, {2, 4}], [{8, 5}, {3, 7}, {2, 6}, {1, 4}], [{8, 5}, {3, 7}, {4, 6}, {1, 2}], [{8, 5}, {4, 7}, {1, 6}, {2, 3}], [{8, 5}, {4, 7}, {2, 6}, {1, 3}], [{8, 5}, {4, 7}, {3, 6}, {1, 2}], [{8, 5}, {6, 7}, {1, 4}, {2, 3}], [{8, 5}, {6, 7}, {2, 4}, {1, 3}], [{8, 5}, {6, 7}, {3, 4}, {1, 2}], [{8, 5}, {7}, {1, 6}, {2, 4}, {3}], [{8, 5}, {7}, {3, 6}, {1, 4}, {2}], [{8, 5}, {7}, {4, 6}, {3}, {1, 2}], [{8, 6}, {1, 7}, {2, 5}, {3, 4}], [{8, 6}, {1, 7}, {3, 5}, {2, 4}], [{8, 6}, {1, 7}, {4, 5}, {2, 3}], [{8, 6}, {2, 7}, {1, 5}, {3, 4}], [{8, 6}, {2, 7}, {1, 5}, {4}, {3}], [{8, 6}, {2, 7}, {3, 5}, {1, 4}], [{8, 6}, {2, 7}, {3, 5}, {4}, {1}], [{8, 6}, {2, 7}, {4, 5}, {1, 3}], [{8, 6}, {2, 7}, {5}, {4}, {1, 3}], [{8, 6}, {3, 7}, {1, 5}, {2, 4}], [{8, 6}, {3, 7}, {1, 5}, {4}, {2}], [{8, 6}, {3, 7}, {2, 5}, {1, 4}], [{8, 6}, {3, 7}, {4, 5}, {1, 2}], [{8, 6}, {4, 7}, {1, 5}, {2, 3}], [{8, 6}, {4, 7}, {1, 5}, {3}, {2}], [{8, 6}, {4, 7}, {2, 5}, {1, 3}], [{8, 6}, {4, 7}, {3, 5}, {1, 2}], [{8, 6}, {5, 7}, {1, 4}, {2, 3}], [{8, 6}, {5, 7}, {2, 4}, {1, 3}], [{8, 6}, {5, 7}, {3, 4}, {1, 2}], [{8, 6}, {7}, {1, 5}, {2, 4}, {3}], [{8, 6}, {7}, {1, 5}, {3, 4}, {2}], [{8, 6}, {7}, {1, 5}, {4}, {2, 3}], [{8, 6}, {7}, {1, 5}, {4}, {3}, {2}], [{8, 7}, {1, 6}, {2, 5}, {3, 4}], [{8, 7}, {1, 6}, {3, 5}, {2, 4}], [{8, 7}, {1, 6}, {3, 5}, {4}, {2}], [{8, 7}, {1, 6}, {4, 5}, {2, 3}], [{8, 7}, {1, 6}, {5}, {2, 4}, {3}], [{8, 7}, {2, 6}, {1, 5}, {3, 4}], [{8, 7}, {2, 6}, {1, 5}, {4}, {3}], [{8, 7}, {2, 6}, {3, 5}, {1, 4}], [{8, 7}, {2, 6}, {3, 5}, {4}, {1}], [{8, 7}, {2, 6}, {4, 5}, {1, 3}], [{8, 7}, {2, 6}, {5}, {4}, {1, 3}], [{8, 7}, {3, 6}, {1, 5}, {2, 4}], [{8, 7}, {3, 6}, {1, 5}, {4}, {2}], [{8, 7}, {3, 6}, {2, 5}, {1, 4}], [{8, 7}, {3, 6}, {4, 5}, {1, 2}], [{8, 7}, {3, 6}, {5}, {2, 4}, {1}], [{8, 7}, {4, 6}, {1, 5}, {2, 3}], [{8, 7}, {4, 6}, {1, 5}, {3}, {2}], [{8, 7}, {4, 6}, {2, 5}, {1, 3}], [{8, 7}, {4, 6}, {2, 5}, {3}, {1}], [{8, 7}, {4, 6}, {3, 5}, {1, 2}], [{8, 7}, {4, 6}, {3, 5}, {2}, {1}], [{8, 7}, {4, 6}, {5}, {1, 3}, {2}], [{8, 7}, {4, 6}, {5}, {2, 3}, {1}], [{8, 7}, {4, 6}, {5}, {3}, {1, 2}], [{8, 7}, {5, 6}, {1, 4}, {2, 3}], [{8, 7}, {5, 6}, {2, 4}, {1, 3}], [{8, 7}, {5, 6}, {2, 4}, {3}, {1}], [{8, 7}, {5, 6}, {3, 4}, {1, 2}], [{8, 7}, {5, 6}, {4}, {1, 3}, {2}], [{8, 7}, {6}, {1, 5}, {2, 4}, {3}], [{8, 7}, {6}, {1, 5}, {3, 4}, {2}], [{8, 7}, {6}, {1, 5}, {4}, {2, 3}], [{8, 7}, {6}, {1, 5}, {4}, {3}, {2}], [{8, 7}, {6}, {2, 5}, {4}, {1, 3}], [{8, 7}, {6}, {3, 5}, {1, 4}, {2}], [{8, 7}, {6}, {3, 5}, {2, 4}, {1}], [{8, 7}, {6}, {3, 5}, {4}, {1, 2}], [{8, 7}, {6}, {3, 5}, {4}, {2}, {1}], [{8, 7}, {6}, {4, 5}, {1, 3}, {2}], [{8, 7}, {6}, {5}, {2, 4}, {1, 3}], [{8, 7}, {6}, {5}, {4}, {1, 3}, {2}], [{8}, {1, 7}, {4, 6}, {2, 5}, {3}], [{8}, {1, 7}, {5, 6}, {2, 4}, {3}], [{8}, {2, 7}, {3, 6}, {1, 5}, {4}], [{8}, {2, 7}, {3, 6}, {4, 5}, {1}], [{8}, {2, 7}, {3, 6}, {5}, {1, 4}], [{8}, {2, 7}, {4, 6}, {1, 5}, {3}], [{8}, {2, 7}, {6}, {1, 5}, {3, 4}], [{8}, {2, 7}, {6}, {1, 5}, {4}, {3}], [{8}, {3, 7}, {1, 6}, {5}, {2, 4}], [{8}, {3, 7}, {2, 6}, {1, 5}, {4}], [{8}, {3, 7}, {4, 6}, {1, 5}, {2}], [{8}, {3, 7}, {4, 6}, {2, 5}, {1}], [{8}, {3, 7}, {4, 6}, {5}, {1, 2}], [{8}, {3, 7}, {5, 6}, {2, 4}, {1}], [{8}, {3, 7}, {6}, {1, 5}, {2, 4}], [{8}, {3, 7}, {6}, {1, 5}, {4}, {2}], [{8}, {4, 7}, {2, 6}, {1, 5}, {3}], [{8}, {4, 7}, {3, 6}, {1, 5}, {2}], [{8}, {4, 7}, {3, 6}, {2, 5}, {1}], [{8}, {4, 7}, {3, 6}, {5}, {1, 2}], [{8}, {4, 7}, {6}, {1, 5}, {2, 3}], [{8}, {4, 7}, {6}, {1, 5}, {3}, {2}], [{8}, {5, 7}, {1, 6}, {2, 4}, {3}], [{8}, {5, 7}, {4, 6}, {3}, {1, 2}], [{8}, {6, 7}, {1, 5}, {2, 4}, {3}], [{8}, {6, 7}, {1, 5}, {3, 4}, {2}], [{8}, {6, 7}, {1, 5}, {4}, {2, 3}], [{8}, {6, 7}, {1, 5}, {4}, {3}, {2}], [{8}, {6, 7}, {2, 5}, {3, 4}, {1}], [{8}, {6, 7}, {5}, {3, 4}, {1, 2}], [{8}, {7}, {1, 6}, {3, 5}, {2, 4}], [{8}, {7}, {1, 6}, {5}, {2, 4}, {3}], [{8}, {7}, {2, 6}, {1, 5}, {3, 4}], [{8}, {7}, {2, 6}, {1, 5}, {4}, {3}], [{8}, {7}, {3, 6}, {1, 5}, {2, 4}], [{8}, {7}, {3, 6}, {1, 5}, {4}, {2}], [{8}, {7}, {4, 6}, {1, 5}, {2, 3}], [{8}, {7}, {4, 6}, {1, 5}, {3}, {2}], [{8}, {7}, {4, 6}, {2, 5}, {1, 3}], [{8}, {7}, {4, 6}, {2, 5}, {3}, {1}], [{8}, {7}, {4, 6}, {3, 5}, {1, 2}], [{8}, {7}, {4, 6}, {5}, {3}, {1, 2}], [{8}, {7}, {5, 6}, {2, 4}, {1, 3}], [{8}, {7}, {5, 6}, {2, 4}, {3}, {1}], [{8}, {7}, {6}, {1, 5}, {2, 4}, {3}], [{8}, {7}, {6}, {1, 5}, {3, 4}, {2}], [{8}, {7}, {6}, {1, 5}, {4}, {2, 3}], [{8}, {7}, {6}, {1, 5}, {4}, {3}, {2}]]",2,4 K_1^3 - 12 K_1^2 - 8 K_1 K_2 + K_1 + 6 K_2 + 3 K_3 + 7,O1O2O3U4O5U2U6O7U1U3O6U5U7O8O4U8,O1O2U3O4O5U1O3O6U2O7U4U6U5O8U7U8,O1O2U3O4O5U2O6O3U7U8O7U4U1U5O8U6,c,{'O1O2O3U4O5O4U6U7O8U1U3O6U8U2O7U5'},1,"<a href=""/flatknot/8.975887"">8.975887</a>",t^9-54t^7-130t^6+26t^5+182t^4+21t^3-18t^2,2t^2-4t,,
8.975888,O1O2O3U4O5O4U6U7O8U1U3O6U8U5O7U2,4,2z^3+27z^2+106z+121,2w^4z^3+27w^3z^2+106w^2z+121w,False,False,"[[ 0 -2  1  1  1  2 -2 -2  1],[ 2  0  2  1  2  1  1  0  1],[-1 -2  0  0  0  1 -2 -2  0],[-1 -1  0  0 -1  0 -1 -2  0],[-1 -2  0  1  0  2 -3 -2  1],[-2 -1 -1  0 -2  0 -1 -1 -1],[ 2 -1  2  1  3  1  0  0  1],[ 2  0  2  2  2  1  0  0  1],[-1 -1  0  0 -1  1 -1 -1  0]]","[[ 0  2  1  1  1  1 -2 -2 -2],[-2  0  0 -1 -1 -2 -1 -1 -1],[-1  0  0  0  0 -1 -1 -1 -2],[-1  1  0  0  0  0 -2 -2 -2],[-1  1  0  0  0 -1 -1 -1 -1],[-1  2  1  0  1  0 -2 -3 -2],[ 2  1  1  2  1  2  0  1  0],[ 2  1  1  2  1  3 -1  0  0],[ 2  1  2  2  1  2  0  0  0]]",True,"[-2,-1,-1,-1,-1,2,2,2,0,1,1,2,1,1,1,0,0,1,1,1,2,0,0,2,2,2,1,1,1,1,2,3,2,-1,0,0]","[-2,-2,-2,1,1,1,1,2,-1,0,1,1,2,2,3,0,0,1,2,2,3,1,1,1,2,3,0,-1,-1,-1,0,0,0,0,1,0]",t^8+50t^6+144t^4+88t^2+4,"[-2,-2,-2,1,1,1,1,2,-1,0,1,1,2,2,3,0,0,1,2,2,3,1,1,1,2,3,0,-1,-1,-1,0,0,0,0,1,0]","[-2,-1,-1,-1,-1,2,2,2,-1,0,0,1,3,3,3,0,1,1,0,1,1,0,0,1,1,1,0,2,2,2,2,1,2,0,-1,0]","[-2,-2,-2,1,1,1,1,2,-1,0,1,1,2,3,1,0,1,1,2,2,1,1,2,2,2,1,0,0,-1,1,0,-1,0,0,1,2]",c,"[[{8, 2}, {1, 7}, {4, 6}, {3, 5}], [{8, 7}, {5, 6}, {1, 4}, {2, 3}], [{8, 7}, {5, 6}, {1, 4}, {3}, {2}]]",1,4 K_1^3 - 16 K_1^2 - 8 K_1 K_2 + K_1 + 8 K_2 + 3 K_3 + 9,O1O2O3U2O4U5U6O7U1U3O6U4U7O8O5U8,O1O2U3O4O5U1O3O6U2O7U4U7U5O8U6U8,O1O2U3O4O5U2O6O3U7U1O7U4U8U5O8U6,c,{'O1O2O3U4O5O4U6U7O8U1U3O6U8U5O7U2'},1,"<a href=""/flatknot/8.975888"">8.975888</a>",t^9-54t^7-96t^6+64t^5+112t^4+13t^3+14t^2-11t-24,2t^2-4t,,
8.975889,O1O2O3U4O5O4U6U7O8U1U5O6U8U2O7U3,4,3z^3+34z^2+110z+109,3w^4z^3+34w^3z^2+110w^2z+109w,False,False,"[[ 0 -2  1  2  1  1 -2 -2  1],[ 2  0  2  2  2  0  1  0  1],[-1 -2  0  0  0 -1 -1 -1  0],[-2 -2  0  0 -1  0 -3 -2  0],[-1 -2  0  1  0  1 -2 -2  0],[-1  0  1  0 -1  0 -1 -1  0],[ 2 -1  1  3  2  1  0  0  1],[ 2  0  1  2  2  1  0  0  1],[-1 -1  0  0  0  0 -1 -1  0]]","[[ 0  2  1  1  1  1 -2 -2 -2],[-2  0  0  0  0 -1 -2 -2 -3],[-1  0  0  1  0 -1  0 -1 -1],[-1  0 -1  0  0  0 -2 -1 -1],[-1  0  0  0  0  0 -1 -1 -1],[-1  1  1  0  0  0 -2 -2 -2],[ 2  2  0  2  1  2  0  0  1],[ 2  2  1  1  1  2  0  0  0],[ 2  3  1  1  1  2 -1  0  0]]",True,"[-2,-1,-1,-1,-1,2,2,2,0,0,0,1,2,2,3,-1,0,1,0,1,1,0,0,2,1,1,0,1,1,1,2,2,2,0,-1,0]","[-2,-2,-2,1,1,1,1,2,-1,0,1,1,1,2,3,0,0,1,2,2,2,1,1,1,2,2,0,1,-1,0,0,0,0,0,0,1]",t^8+44t^6+154t^4+61t^2,"[-2,-2,-2,1,1,1,1,2,-1,0,1,1,2,3,2,0,1,2,2,2,1,1,2,2,2,2,0,0,-1,0,0,1,1,0,1,1]","[-2,-1,-1,-1,-1,2,2,2,0,1,1,1,1,2,2,0,0,1,1,1,1,0,-1,2,1,2,0,2,2,2,2,3,2,-1,0,0]","[-2,-2,-2,1,1,1,1,2,-1,0,1,1,1,2,3,0,0,1,2,2,2,1,1,1,2,2,0,1,-1,0,0,0,0,0,0,1]",c,"[[{8, 4}, {6, 7}, {2, 5}, {1, 3}], [{8, 4}, {7}, {6}, {2, 5}, {1, 3}]]",1,4 K_1^3 - 12 K_1^2 - 8 K_1 K_2 + K_1 + 6 K_2 + 3 K_3 + 7,O1O2O3U1O4U2U5O6U7U3O5U4U6O8O7U8,O1O2U3O4O5U1O3O6U2O7U4U6U7O8U5U8,O1O2U3O4O5U2O6O3U7U4O7U8U1U5O8U6,c,{'O1O2O3U4O5O4U6U7O8U1U5O6U8U2O7U3'},1,"<a href=""/flatknot/8.975889"">8.975889</a>",t^9-48t^7-66t^6+108t^5+58t^4-48t^3-18t^2+3t+2,2t^2-4t,,
8.975890,O1O2O3U4O5O4U6U7O8U1U5O6U8U3O7U2,4,16z^2+101z+139,16w^3z^2+101w^2z+139w,False,False,"[[ 0 -2  1  2  1  1 -2 -2  1],[ 2  0  2  2  2  0  1  0  1],[-1 -2  0  1  0  0 -2 -2  0],[-2 -2 -1  0 -1 -1 -2 -2  0],[-1 -2  0  1  0  1 -2 -2  0],[-1  0  0  1 -1  0 -1 -1  0],[ 2 -1  2  2  2  1  0  0  1],[ 2  0  2  2  2  1  0  0  1],[-1 -1  0  0  0  0 -1 -1  0]]","[[ 0  2  1  1  1  1 -2 -2 -2],[-2  0  0 -1 -1 -1 -2 -2 -2],[-1  0  0  0  0  0 -1 -1 -1],[-1  1  0  0  1  0 -2 -2 -2],[-1  1  0 -1  0  0  0 -1 -1],[-1  1  0  0  0  0 -2 -2 -2],[ 2  2  1  2  0  2  0  1  0],[ 2  2  1  2  1  2 -1  0  0],[ 2  2  1  2  1  2  0  0  0]]",True,"[-2,-1,-1,-1,-1,2,2,2,0,1,1,1,2,2,2,0,0,0,1,1,1,-1,0,2,2,2,0,0,1,1,2,2,2,-1,0,0]","[-2,-2,-2,1,1,1,1,2,-1,0,1,1,2,2,2,0,0,1,2,2,2,1,1,2,2,2,0,-1,0,1,0,0,0,0,1,1]",t^8+46t^6+109t^4+26t^2+1,"[-2,-2,-2,1,1,1,1,2,-1,0,1,1,2,3,2,0,1,1,2,2,2,1,1,2,2,2,0,0,-1,0,0,0,0,0,1,0]","[-2,-1,-1,-1,-1,2,2,2,0,0,0,1,2,2,2,-1,0,0,2,2,3,0,0,1,1,1,0,1,1,1,2,2,2,0,-1,0]","[-2,-2,-2,1,1,1,1,2,-1,0,1,1,2,2,2,0,0,1,2,2,2,1,1,2,2,2,0,-1,0,1,0,0,0,0,1,1]",c,"[[{8, 1}, {2, 7}, {3, 6}, {4, 5}], [{8, 1}, {2, 7}, {4, 6}, {3, 5}], [{8, 1}, {2, 7}, {5, 6}, {3, 4}], [{8, 1}, {3, 7}, {2, 6}, {4, 5}], [{8, 1}, {3, 7}, {4, 6}, {2, 5}], [{8, 1}, {3, 7}, {5, 6}, {2, 4}], [{8, 1}, {3, 7}, {5, 6}, {4}, {2}], [{8, 1}, {4, 7}, {2, 6}, {3, 5}], [{8, 1}, {4, 7}, {3, 6}, {2, 5}], [{8, 1}, {4, 7}, {5, 6}, {2, 3}], [{8, 1}, {4, 7}, {5, 6}, {3}, {2}], [{8, 1}, {5, 7}, {2, 6}, {3, 4}], [{8, 1}, {5, 7}, {3, 6}, {2, 4}], [{8, 1}, {5, 7}, {4, 6}, {2, 3}], [{8, 1}, {5, 7}, {4, 6}, {3}, {2}], [{8, 1}, {6, 7}, {2, 5}, {3, 4}], [{8, 1}, {6, 7}, {3, 5}, {2, 4}], [{8, 1}, {6, 7}, {4, 5}, {2, 3}], [{8, 1}, {7}, {3, 6}, {4, 5}, {2}], [{8, 1}, {7}, {5, 6}, {3, 4}, {2}], [{8, 1}, {7}, {6}, {3, 5}, {2, 4}], [{8, 2}, {1, 7}, {3, 6}, {4, 5}], [{8, 2}, {1, 7}, {4, 6}, {3, 5}], [{8, 2}, {1, 7}, {5, 6}, {3, 4}], [{8, 2}, {1, 7}, {6}, {5}, {3, 4}], [{8, 2}, {3, 7}, {1, 6}, {4, 5}], [{8, 2}, {3, 7}, {4, 6}, {1, 5}], [{8, 2}, {3, 7}, {5, 6}, {1, 4}], [{8, 2}, {4, 7}, {1, 6}, {3, 5}], [{8, 2}, {4, 7}, {3, 6}, {1, 5}], [{8, 2}, {4, 7}, {5, 6}, {1, 3}], [{8, 2}, {5, 7}, {1, 6}, {3, 4}], [{8, 2}, {5, 7}, {3, 6}, {1, 4}], [{8, 2}, {5, 7}, {4, 6}, {1, 3}], [{8, 2}, {5, 7}, {6}, {1, 4}, {3}], [{8, 2}, {6, 7}, {1, 5}, {3, 4}], [{8, 2}, {6, 7}, {3, 5}, {1, 4}], [{8, 2}, {6, 7}, {4, 5}, {1, 3}], [{8, 2}, {7}, {1, 6}, {4, 5}, {3}], [{8, 2}, {7}, {3, 6}, {4, 5}, {1}], [{8, 2}, {7}, {4, 6}, {3, 5}, {1}], [{8, 2}, {7}, {5, 6}, {3, 4}, {1}], [{8, 2}, {7}, {6}, {4, 5}, {1, 3}], [{8, 3}, {1, 7}, {2, 6}, {4, 5}], [{8, 3}, {1, 7}, {4, 6}, {2, 5}], [{8, 3}, {1, 7}, {5, 6}, {2, 4}], [{8, 3}, {2, 7}, {1, 6}, {4, 5}], [{8, 3}, {2, 7}, {4, 6}, {1, 5}], [{8, 3}, {2, 7}, {5, 6}, {1, 4}], [{8, 3}, {2, 7}, {6}, {1, 5}, {4}], [{8, 3}, {4, 7}, {1, 6}, {2, 5}], [{8, 3}, {4, 7}, {2, 6}, {1, 5}], [{8, 3}, {4, 7}, {5, 6}, {1, 2}], [{8, 3}, {5, 7}, {1, 6}, {2, 4}], [{8, 3}, {5, 7}, {2, 6}, {1, 4}], [{8, 3}, {5, 7}, {4, 6}, {1, 2}], [{8, 3}, {5, 7}, {6}, {4}, {1, 2}], [{8, 3}, {6, 7}, {1, 5}, {2, 4}], [{8, 3}, {6, 7}, {2, 5}, {1, 4}], [{8, 3}, {6, 7}, {4, 5}, {1, 2}], [{8, 3}, {6, 7}, {5}, {1, 4}, {2}], [{8, 3}, {7}, {2, 6}, {4, 5}, {1}], [{8, 3}, {7}, {4, 6}, {1, 5}, {2}], [{8, 3}, {7}, {4, 6}, {2, 5}, {1}], [{8, 3}, {7}, {4, 6}, {5}, {1, 2}], [{8, 3}, {7}, {5, 6}, {2, 4}, {1}], [{8, 4}, {1, 7}, {2, 6}, {3, 5}], [{8, 4}, {1, 7}, {3, 6}, {2, 5}], [{8, 4}, {1, 7}, {5, 6}, {2, 3}], [{8, 4}, {2, 7}, {1, 6}, {3, 5}], [{8, 4}, {2, 7}, {3, 6}, {1, 5}], [{8, 4}, {2, 7}, {5, 6}, {1, 3}], [{8, 4}, {2, 7}, {6}, {3, 5}, {1}], [{8, 4}, {3, 7}, {1, 6}, {2, 5}], [{8, 4}, {3, 7}, {2, 6}, {1, 5}], [{8, 4}, {3, 7}, {5, 6}, {1, 2}], [{8, 4}, {5, 7}, {1, 6}, {2, 3}], [{8, 4}, {5, 7}, {2, 6}, {1, 3}], [{8, 4}, {5, 7}, {3, 6}, {1, 2}], [{8, 4}, {6, 7}, {1, 5}, {2, 3}], [{8, 4}, {6, 7}, {2, 5}, {1, 3}], [{8, 4}, {6, 7}, {3, 5}, {1, 2}], [{8, 4}, {7}, {1, 6}, {2, 5}, {3}], [{8, 4}, {7}, {3, 6}, {5}, {1, 2}], [{8, 4}, {7}, {5, 6}, {2, 3}, {1}], [{8, 5}, {1, 7}, {2, 6}, {3, 4}], [{8, 5}, {1, 7}, {3, 6}, {2, 4}], [{8, 5}, {1, 7}, {4, 6}, {2, 3}], [{8, 5}, {1, 7}, {6}, {2, 4}, {3}], [{8, 5}, {2, 7}, {1, 6}, {3, 4}], [{8, 5}, {2, 7}, {1, 6}, {4}, {3}], [{8, 5}, {2, 7}, {3, 6}, {1, 4}], [{8, 5}, {2, 7}, {4, 6}, {1, 3}], [{8, 5}, {3, 7}, {1, 6}, {2, 4}], [{8, 5}, {3, 7}, {1, 6}, {4}, {2}], [{8, 5}, {3, 7}, {2, 6}, {1, 4}], [{8, 5}, {3, 7}, {4, 6}, {1, 2}], [{8, 5}, {4, 7}, {1, 6}, {2, 3}], [{8, 5}, {4, 7}, {1, 6}, {3}, {2}], [{8, 5}, {4, 7}, {2, 6}, {1, 3}], [{8, 5}, {4, 7}, {3, 6}, {1, 2}], [{8, 5}, {6, 7}, {1, 4}, {2, 3}], [{8, 5}, {6, 7}, {2, 4}, {1, 3}], [{8, 5}, {6, 7}, {2, 4}, {3}, {1}], [{8, 5}, {6, 7}, {3, 4}, {1, 2}], [{8, 5}, {7}, {1, 6}, {2, 4}, {3}], [{8, 5}, {7}, {1, 6}, {3, 4}, {2}], [{8, 5}, {7}, {1, 6}, {4}, {2, 3}], [{8, 5}, {7}, {1, 6}, {4}, {3}, {2}], [{8, 5}, {7}, {2, 6}, {4}, {1, 3}], [{8, 5}, {7}, {3, 6}, {4}, {1, 2}], [{8, 6}, {1, 7}, {2, 5}, {3, 4}], [{8, 6}, {1, 7}, {3, 5}, {2, 4}], [{8, 6}, {1, 7}, {4, 5}, {2, 3}], [{8, 6}, {2, 7}, {1, 5}, {3, 4}], [{8, 6}, {2, 7}, {3, 5}, {1, 4}], [{8, 6}, {2, 7}, {3, 5}, {4}, {1}], [{8, 6}, {2, 7}, {4, 5}, {1, 3}], [{8, 6}, {3, 7}, {1, 5}, {2, 4}], [{8, 6}, {3, 7}, {1, 5}, {4}, {2}], [{8, 6}, {3, 7}, {2, 5}, {1, 4}], [{8, 6}, {3, 7}, {2, 5}, {4}, {1}], [{8, 6}, {3, 7}, {4, 5}, {1, 2}], [{8, 6}, {3, 7}, {4, 5}, {2}, {1}], [{8, 6}, {3, 7}, {5}, {1, 4}, {2}], [{8, 6}, {3, 7}, {5}, {2, 4}, {1}], [{8, 6}, {3, 7}, {5}, {4}, {1, 2}], [{8, 6}, {3, 7}, {5}, {4}, {2}, {1}], [{8, 6}, {4, 7}, {1, 5}, {2, 3}], [{8, 6}, {4, 7}, {1, 5}, {3}, {2}], [{8, 6}, {4, 7}, {2, 5}, {1, 3}], [{8, 6}, {4, 7}, {3, 5}, {1, 2}], [{8, 6}, {5, 7}, {1, 4}, {2, 3}], [{8, 6}, {5, 7}, {2, 4}, {1, 3}], [{8, 6}, {5, 7}, {3, 4}, {1, 2}], [{8, 6}, {5, 7}, {4}, {2, 3}, {1}], [{8, 6}, {7}, {1, 5}, {3, 4}, {2}], [{8, 7}, {1, 6}, {2, 5}, {3, 4}], [{8, 7}, {1, 6}, {3, 5}, {2, 4}], [{8, 7}, {1, 6}, {4, 5}, {2, 3}], [{8, 7}, {2, 6}, {1, 5}, {3, 4}], [{8, 7}, {2, 6}, {3, 5}, {1, 4}], [{8, 7}, {2, 6}, {4, 5}, {1, 3}], [{8, 7}, {3, 6}, {1, 5}, {2, 4}], [{8, 7}, {3, 6}, {1, 5}, {4}, {2}], [{8, 7}, {3, 6}, {2, 5}, {1, 4}], [{8, 7}, {3, 6}, {4, 5}, {1, 2}], [{8, 7}, {4, 6}, {1, 5}, {2, 3}], [{8, 7}, {4, 6}, {2, 5}, {1, 3}], [{8, 7}, {4, 6}, {3, 5}, {1, 2}], [{8, 7}, {4, 6}, {3, 5}, {2}, {1}], [{8, 7}, {5, 6}, {1, 4}, {2, 3}], [{8, 7}, {5, 6}, {1, 4}, {3}, {2}], [{8, 7}, {5, 6}, {2, 4}, {1, 3}], [{8, 7}, {5, 6}, {3, 4}, {1, 2}], [{8, 7}, {5, 6}, {3, 4}, {2}, {1}], [{8, 7}, {5, 6}, {4}, {1, 3}, {2}], [{8, 7}, {6}, {4, 5}, {2, 3}, {1}], [{8, 7}, {6}, {5}, {3, 4}, {1, 2}], [{8}, {1, 7}, {5, 6}, {3, 4}, {2}], [{8}, {2, 7}, {3, 6}, {5}, {1, 4}], [{8}, {2, 7}, {4, 6}, {1, 5}, {3}], [{8}, {2, 7}, {4, 6}, {3, 5}, {1}], [{8}, {2, 7}, {4, 6}, {5}, {1, 3}], [{8}, {2, 7}, {5, 6}, {3, 4}, {1}], [{8}, {3, 7}, {6}, {2, 5}, {1, 4}], [{8}, {3, 7}, {6}, {4, 5}, {1, 2}], [{8}, {4, 7}, {6}, {2, 5}, {1, 3}], [{8}, {4, 7}, {6}, {3, 5}, {1, 2}], [{8}, {5, 7}, {3, 6}, {1, 4}, {2}], [{8}, {6, 7}, {2, 5}, {1, 4}, {3}], [{8}, {6, 7}, {4, 5}, {3}, {1, 2}], [{8}, {7}, {2, 6}, {3, 5}, {1, 4}], [{8}, {7}, {3, 6}, {2, 5}, {1, 4}], [{8}, {7}, {3, 6}, {4, 5}, {1, 2}], [{8}, {7}, {5, 6}, {3, 4}, {1, 2}], [{8}, {7}, {5, 6}, {3, 4}, {2}, {1}]]",2,8 K_1^3 - 28 K_1^2 - 20 K_1 K_2 + 4 K_1 + 14 K_2 + 8 K_3 + 15,O1O2O3U2O4U1U5O6U7U3O5U4U6O8O7U8,O1O2U3O4O5U1O3O6U2O7U4U7U6O8U5U8,O1O2U3O4O5U2O6O3U7U4O7U1U8U5O8U6,c,{'O1O2O3U4O5O4U6U7O8U1U5O6U8U3O7U2'},1,"<a href=""/flatknot/8.975890"">8.975890</a>",t^9-50t^7-86t^6+25t^5+70t^4+21t^3+4t^2-3t,2t^2-4t,,
8.975891,O1O2O3U4O5O4U6U7O8U1U8O6U2U3O7U5,4,26z^2+111z+119,26w^3z^2+111w^2z+119w,False,False,"[[ 0 -2  0  2  1  2 -2 -2  1],[ 2  0  1  2  2  1  1  0  1],[ 0 -1  0  1  0  0  0  0  0],[-2 -2 -1  0 -2 -1 -2 -1  0],[-1 -2  0  2  0  2 -3 -3  1],[-2 -1  0  1 -2  0 -3 -1  0],[ 2 -1  0  2  3  3  0 -1  1],[ 2  0  0  1  3  1  1  0  1],[-1 -1  0  0 -1  0 -1 -1  0]]","[[ 0  2  2  1  1  0 -2 -2 -2],[-2  0  1  0 -2  0 -1 -1 -3],[-2 -1  0  0 -2 -1 -1 -2 -2],[-1  0  0  0 -1  0 -1 -1 -1],[-1  2  2  1  0  0 -3 -2 -3],[ 0  0  1  0  0  0  0 -1  0],[ 2  1  1  1  3  0  0  0  1],[ 2  1  2  1  2  1  0  0  1],[ 2  3  2  1  3  0 -1 -1  0]]",True,"[-2,-2,-1,-1,0,2,2,2,-1,0,2,0,1,1,3,0,2,1,1,2,2,1,0,1,1,1,0,3,2,3,0,1,0,0,-1,-1]","[-2,-2,-2,0,1,1,2,2,-1,-1,0,1,3,2,3,0,0,1,3,1,1,1,1,2,2,1,0,0,1,0,-1,0,0,2,2,-1]",t^8+59t^6+208t^4+133t^2+4,"[-2,-2,-2,0,1,1,2,2,-1,0,1,1,2,2,3,1,2,0,2,2,1,2,0,2,3,3,1,1,1,2,-1,-1,-1,1,1,1]","[-2,-2,-1,-1,0,2,2,2,-1,-1,1,1,2,2,3,-1,1,2,1,3,3,1,1,0,1,0,1,2,2,2,2,1,2,-1,-1,0]","[-2,-2,-2,0,1,1,2,2,-1,-1,0,1,3,2,3,0,0,1,3,1,1,1,1,2,2,1,0,0,1,0,-1,0,0,2,2,-1]",c,"[[{8, 1}, {2, 7}, {3, 6}, {4, 5}], [{8, 1}, {2, 7}, {4, 6}, {3, 5}], [{8, 1}, {2, 7}, {5, 6}, {3, 4}], [{8, 1}, {2, 7}, {6}, {5}, {3, 4}], [{8, 1}, {3, 7}, {2, 6}, {4, 5}], [{8, 1}, {3, 7}, {2, 6}, {5}, {4}], [{8, 1}, {3, 7}, {4, 6}, {2, 5}], [{8, 1}, {3, 7}, {5, 6}, {2, 4}], [{8, 1}, {4, 7}, {2, 6}, {3, 5}], [{8, 1}, {4, 7}, {3, 6}, {2, 5}], [{8, 1}, {4, 7}, {5, 6}, {2, 3}], [{8, 1}, {5, 7}, {2, 6}, {3, 4}], [{8, 1}, {5, 7}, {3, 6}, {2, 4}], [{8, 1}, {5, 7}, {4, 6}, {2, 3}], [{8, 1}, {5, 7}, {6}, {4}, {2, 3}], [{8, 1}, {6, 7}, {2, 5}, {3, 4}], [{8, 1}, {6, 7}, {3, 5}, {2, 4}], [{8, 1}, {6, 7}, {4, 5}, {2, 3}], [{8, 1}, {7}, {3, 6}, {5}, {2, 4}], [{8, 1}, {7}, {4, 6}, {5}, {2, 3}], [{8, 1}, {7}, {5, 6}, {2, 4}, {3}], [{8, 1}, {7}, {6}, {3, 5}, {2, 4}], [{8, 2}, {1, 7}, {3, 6}, {4, 5}], [{8, 2}, {1, 7}, {3, 6}, {5}, {4}], [{8, 2}, {1, 7}, {4, 6}, {3, 5}], [{8, 2}, {1, 7}, {5, 6}, {3, 4}], [{8, 2}, {3, 7}, {1, 6}, {4, 5}], [{8, 2}, {3, 7}, {4, 6}, {1, 5}], [{8, 2}, {3, 7}, {5, 6}, {1, 4}], [{8, 2}, {3, 7}, {6}, {1, 5}, {4}], [{8, 2}, {4, 7}, {1, 6}, {3, 5}], [{8, 2}, {4, 7}, {3, 6}, {1, 5}], [{8, 2}, {4, 7}, {3, 6}, {5}, {1}], [{8, 2}, {4, 7}, {5, 6}, {1, 3}], [{8, 2}, {4, 7}, {5, 6}, {3}, {1}], [{8, 2}, {4, 7}, {6}, {3, 5}, {1}], [{8, 2}, {5, 7}, {1, 6}, {3, 4}], [{8, 2}, {5, 7}, {3, 6}, {1, 4}], [{8, 2}, {5, 7}, {4, 6}, {1, 3}], [{8, 2}, {5, 7}, {6}, {4}, {1, 3}], [{8, 2}, {6, 7}, {1, 5}, {3, 4}], [{8, 2}, {6, 7}, {3, 5}, {1, 4}], [{8, 2}, {6, 7}, {4, 5}, {1, 3}], [{8, 2}, {6, 7}, {5}, {4}, {1, 3}], [{8, 2}, {7}, {1, 6}, {4, 5}, {3}], [{8, 2}, {7}, {3, 6}, {5}, {1, 4}], [{8, 2}, {7}, {5, 6}, {4}, {1, 3}], [{8, 3}, {1, 7}, {2, 6}, {4, 5}], [{8, 3}, {1, 7}, {4, 6}, {2, 5}], [{8, 3}, {1, 7}, {5, 6}, {2, 4}], [{8, 3}, {2, 7}, {1, 6}, {4, 5}], [{8, 3}, {2, 7}, {4, 6}, {1, 5}], [{8, 3}, {2, 7}, {5, 6}, {1, 4}], [{8, 3}, {4, 7}, {1, 6}, {2, 5}], [{8, 3}, {4, 7}, {2, 6}, {1, 5}], [{8, 3}, {4, 7}, {5, 6}, {1, 2}], [{8, 3}, {5, 7}, {1, 6}, {2, 4}], [{8, 3}, {5, 7}, {2, 6}, {1, 4}], [{8, 3}, {5, 7}, {4, 6}, {1, 2}], [{8, 3}, {5, 7}, {6}, {4}, {1, 2}], [{8, 3}, {6, 7}, {1, 5}, {2, 4}], [{8, 3}, {6, 7}, {2, 5}, {1, 4}], [{8, 3}, {6, 7}, {4, 5}, {1, 2}], [{8, 3}, {7}, {5, 6}, {2, 4}, {1}], [{8, 4}, {1, 7}, {2, 6}, {3, 5}], [{8, 4}, {1, 7}, {3, 6}, {2, 5}], [{8, 4}, {1, 7}, {5, 6}, {2, 3}], [{8, 4}, {1, 7}, {6}, {3, 5}, {2}], [{8, 4}, {2, 7}, {1, 6}, {3, 5}], [{8, 4}, {2, 7}, {3, 6}, {1, 5}], [{8, 4}, {2, 7}, {5, 6}, {1, 3}], [{8, 4}, {2, 7}, {5, 6}, {3}, {1}], [{8, 4}, {3, 7}, {1, 6}, {2, 5}], [{8, 4}, {3, 7}, {2, 6}, {1, 5}], [{8, 4}, {3, 7}, {5, 6}, {1, 2}], [{8, 4}, {3, 7}, {6}, {1, 5}, {2}], [{8, 4}, {5, 7}, {1, 6}, {2, 3}], [{8, 4}, {5, 7}, {2, 6}, {1, 3}], [{8, 4}, {5, 7}, {3, 6}, {1, 2}], [{8, 4}, {5, 7}, {6}, {1, 3}, {2}], [{8, 4}, {5, 7}, {6}, {2, 3}, {1}], [{8, 4}, {5, 7}, {6}, {3}, {1, 2}], [{8, 4}, {6, 7}, {1, 5}, {2, 3}], [{8, 4}, {6, 7}, {1, 5}, {3}, {2}], [{8, 4}, {6, 7}, {2, 5}, {1, 3}], [{8, 4}, {6, 7}, {3, 5}, {1, 2}], [{8, 4}, {6, 7}, {3, 5}, {2}, {1}], [{8, 4}, {6, 7}, {5}, {1, 3}, {2}], [{8, 4}, {7}, {1, 6}, {3, 5}, {2}], [{8, 4}, {7}, {3, 6}, {1, 5}, {2}], [{8, 4}, {7}, {5, 6}, {1, 3}, {2}], [{8, 5}, {1, 7}, {2, 6}, {3, 4}], [{8, 5}, {1, 7}, {3, 6}, {2, 4}], [{8, 5}, {1, 7}, {4, 6}, {2, 3}], [{8, 5}, {2, 7}, {1, 6}, {3, 4}], [{8, 5}, {2, 7}, {3, 6}, {1, 4}], [{8, 5}, {2, 7}, {4, 6}, {1, 3}], [{8, 5}, {2, 7}, {6}, {3, 4}, {1}], [{8, 5}, {3, 7}, {1, 6}, {2, 4}], [{8, 5}, {3, 7}, {2, 6}, {1, 4}], [{8, 5}, {3, 7}, {2, 6}, {4}, {1}], [{8, 5}, {3, 7}, {4, 6}, {1, 2}], [{8, 5}, {4, 7}, {1, 6}, {2, 3}], [{8, 5}, {4, 7}, {2, 6}, {1, 3}], [{8, 5}, {4, 7}, {3, 6}, {1, 2}], [{8, 5}, {4, 7}, {6}, {1, 3}, {2}], [{8, 5}, {4, 7}, {6}, {2, 3}, {1}], [{8, 5}, {4, 7}, {6}, {3}, {1, 2}], [{8, 5}, {6, 7}, {1, 4}, {2, 3}], [{8, 5}, {6, 7}, {2, 4}, {1, 3}], [{8, 5}, {6, 7}, {3, 4}, {1, 2}], [{8, 5}, {6, 7}, {4}, {1, 3}, {2}], [{8, 5}, {7}, {4, 6}, {1, 3}, {2}], [{8, 6}, {1, 7}, {2, 5}, {3, 4}], [{8, 6}, {1, 7}, {3, 5}, {2, 4}], [{8, 6}, {1, 7}, {3, 5}, {4}, {2}], [{8, 6}, {1, 7}, {4, 5}, {2, 3}], [{8, 6}, {1, 7}, {4, 5}, {3}, {2}], [{8, 6}, {1, 7}, {5}, {3, 4}, {2}], [{8, 6}, {2, 7}, {1, 5}, {3, 4}], [{8, 6}, {2, 7}, {3, 5}, {1, 4}], [{8, 6}, {2, 7}, {4, 5}, {1, 3}], [{8, 6}, {3, 7}, {1, 5}, {2, 4}], [{8, 6}, {3, 7}, {1, 5}, {4}, {2}], [{8, 6}, {3, 7}, {2, 5}, {1, 4}], [{8, 6}, {3, 7}, {4, 5}, {1, 2}], [{8, 6}, {3, 7}, {4, 5}, {2}, {1}], [{8, 6}, {3, 7}, {5}, {1, 4}, {2}], [{8, 6}, {4, 7}, {1, 5}, {2, 3}], [{8, 6}, {4, 7}, {2, 5}, {1, 3}], [{8, 6}, {4, 7}, {2, 5}, {3}, {1}], [{8, 6}, {4, 7}, {3, 5}, {1, 2}], [{8, 6}, {4, 7}, {5}, {1, 3}, {2}], [{8, 6}, {5, 7}, {1, 4}, {2, 3}], [{8, 6}, {5, 7}, {2, 4}, {1, 3}], [{8, 6}, {5, 7}, {3, 4}, {1, 2}], [{8, 6}, {5, 7}, {4}, {1, 3}, {2}], [{8, 6}, {5, 7}, {4}, {2, 3}, {1}], [{8, 6}, {5, 7}, {4}, {3}, {1, 2}], [{8, 6}, {7}, {4, 5}, {1, 3}, {2}], [{8, 7}, {1, 6}, {2, 5}, {3, 4}], [{8, 7}, {1, 6}, {3, 5}, {2, 4}], [{8, 7}, {1, 6}, {3, 5}, {4}, {2}], [{8, 7}, {1, 6}, {4, 5}, {2, 3}], [{8, 7}, {1, 6}, {4, 5}, {3}, {2}], [{8, 7}, {1, 6}, {5}, {3, 4}, {2}], [{8, 7}, {2, 6}, {1, 5}, {3, 4}], [{8, 7}, {2, 6}, {3, 5}, {1, 4}], [{8, 7}, {2, 6}, {4, 5}, {1, 3}], [{8, 7}, {2, 6}, {4, 5}, {3}, {1}], [{8, 7}, {3, 6}, {1, 5}, {2, 4}], [{8, 7}, {3, 6}, {1, 5}, {4}, {2}], [{8, 7}, {3, 6}, {2, 5}, {1, 4}], [{8, 7}, {3, 6}, {4, 5}, {1, 2}], [{8, 7}, {3, 6}, {4, 5}, {2}, {1}], [{8, 7}, {3, 6}, {5}, {1, 4}, {2}], [{8, 7}, {4, 6}, {1, 5}, {2, 3}], [{8, 7}, {4, 6}, {2, 5}, {1, 3}], [{8, 7}, {4, 6}, {3, 5}, {1, 2}], [{8, 7}, {4, 6}, {5}, {1, 3}, {2}], [{8, 7}, {5, 6}, {1, 4}, {2, 3}], [{8, 7}, {5, 6}, {2, 4}, {1, 3}], [{8, 7}, {5, 6}, {2, 4}, {3}, {1}], [{8, 7}, {5, 6}, {3, 4}, {1, 2}], [{8, 7}, {5, 6}, {4}, {1, 3}, {2}], [{8, 7}, {6}, {2, 5}, {3, 4}, {1}], [{8, 7}, {6}, {4, 5}, {1, 3}, {2}], [{8, 7}, {6}, {4, 5}, {2, 3}, {1}], [{8, 7}, {6}, {4, 5}, {3}, {1, 2}], [{8}, {1, 7}, {4, 6}, {3, 5}, {2}], [{8}, {1, 7}, {5, 6}, {2, 4}, {3}], [{8}, {2, 7}, {1, 6}, {4, 5}, {3}], [{8}, {2, 7}, {3, 6}, {5}, {1, 4}], [{8}, {2, 7}, {4, 6}, {3, 5}, {1}], [{8}, {2, 7}, {5, 6}, {4}, {1, 3}], [{8}, {2, 7}, {6}, {1, 5}, {3, 4}], [{8}, {3, 7}, {1, 6}, {5}, {2, 4}], [{8}, {3, 7}, {2, 6}, {1, 5}, {4}], [{8}, {3, 7}, {4, 6}, {1, 5}, {2}], [{8}, {3, 7}, {4, 6}, {2, 5}, {1}], [{8}, {3, 7}, {4, 6}, {5}, {1, 2}], [{8}, {3, 7}, {5, 6}, {2, 4}, {1}], [{8}, {3, 7}, {6}, {1, 5}, {2, 4}], [{8}, {4, 7}, {1, 6}, {3, 5}, {2}], [{8}, {4, 7}, {3, 6}, {1, 5}, {2}], [{8}, {4, 7}, {5, 6}, {1, 3}, {2}], [{8}, {5, 7}, {1, 6}, {4}, {2, 3}], [{8}, {5, 7}, {2, 6}, {4}, {1, 3}], [{8}, {5, 7}, {3, 6}, {4}, {1, 2}], [{8}, {5, 7}, {4, 6}, {1, 3}, {2}], [{8}, {5, 7}, {4, 6}, {2, 3}, {1}], [{8}, {5, 7}, {4, 6}, {3}, {1, 2}], [{8}, {5, 7}, {6}, {1, 4}, {2, 3}], [{8}, {5, 7}, {6}, {2, 4}, {1, 3}], [{8}, {5, 7}, {6}, {3, 4}, {1, 2}], [{8}, {5, 7}, {6}, {4}, {1, 3}, {2}], [{8}, {5, 7}, {6}, {4}, {2, 3}, {1}], [{8}, {5, 7}, {6}, {4}, {3}, {1, 2}], [{8}, {6, 7}, {2, 5}, {4}, {1, 3}], [{8}, {6, 7}, {4, 5}, {1, 3}, {2}], [{8}, {6, 7}, {5}, {1, 4}, {2, 3}], [{8}, {6, 7}, {5}, {2, 4}, {1, 3}], [{8}, {6, 7}, {5}, {3, 4}, {1, 2}], [{8}, {6, 7}, {5}, {4}, {1, 3}, {2}], [{8}, {7}, {1, 6}, {2, 5}, {3, 4}], [{8}, {7}, {4, 6}, {3, 5}, {1, 2}], [{8}, {7}, {5, 6}, {1, 4}, {2, 3}], [{8}, {7}, {5, 6}, {2, 4}, {1, 3}], [{8}, {7}, {5, 6}, {2, 4}, {3}, {1}], [{8}, {7}, {5, 6}, {3, 4}, {1, 2}], [{8}, {7}, {5, 6}, {4}, {1, 3}, {2}]]",2,20 K_1^3 - 26 K_1^2 - 20 K_1 K_2 - 5 K_1 + 13 K_2 + 5 K_3 + 14,O1O2O3U4O5U1U2O6U7U3O7U5U6O8O4U8,O1O2U3O4O3U1O5O6U2O7U4U5U6O8U7U8,O1O2U3O4O5U4O6O3U7U8O7U1U2U5O8U6,c,{'O1O2O3U4O5O4U6U7O8U1U8O6U2U3O7U5'},1,"<a href=""/flatknot/8.975891"">8.975891</a>",t^9-61t^7-202t^6-19t^5+482t^4+247t^3-200t^2-59t-6,t^2-2t,,
8.975892,O1O2O3U4O5O4U6U7O8U1U8O6U2U5O7U3,4,5z^2+90z+161,5w^3z^2+90w^2z+161w,False,False,"[[ 0 -2  0  2  1  2 -2 -2  1],[ 2  0  1  2  2  1  1  0  1],[ 0 -1  0  1  0  0  0  0  0],[-2 -2 -1  0 -1  0 -3 -2  0],[-1 -2  0  1  0  2 -3 -2  1],[-2 -1  0  0 -2  0 -2 -1  0],[ 2 -1  0  3  3  2  0 -1  1],[ 2  0  0  2  2  1  1  0  1],[-1 -1  0  0 -1  0 -1 -1  0]]","[[ 0  2  2  1  1  0 -2 -2 -2],[-2  0  0  0 -1 -1 -2 -2 -3],[-2  0  0  0 -2  0 -1 -1 -2],[-1  0  0  0 -1  0 -1 -1 -1],[-1  1  2  1  0  0 -2 -2 -3],[ 0  1  0  0  0  0  0 -1  0],[ 2  2  1  1  2  0  0  0  1],[ 2  2  1  1  2  1  0  0  1],[ 2  3  2  1  3  0 -1 -1  0]]",True,"[-2,-2,-1,-1,0,2,2,2,0,0,1,1,2,2,3,0,2,0,1,1,2,1,0,1,1,1,0,2,2,3,0,1,0,0,-1,-1]","[-2,-2,-2,0,1,1,2,2,-1,-1,0,1,3,2,3,0,0,1,2,1,2,1,1,2,1,2,0,0,0,1,-1,0,0,2,1,0]",t^8+53t^6+123t^4+46t^2+4,"[-2,-2,-2,0,1,1,2,2,-1,0,1,1,2,2,3,1,2,0,2,1,2,2,1,2,2,3,1,1,1,2,-1,0,-1,1,1,0]","[-2,-2,-1,-1,0,2,2,2,0,-1,1,2,2,3,3,0,1,1,1,2,2,1,1,0,1,1,1,2,2,2,2,1,2,-1,-1,0]","[-2,-2,-2,0,1,1,2,2,-1,-1,0,1,3,2,3,0,0,1,2,1,2,1,1,2,1,2,0,0,0,1,-1,0,0,2,1,0]",c,"[[{8, 1}, {2, 7}, {3, 6}, {4, 5}], [{8, 1}, {2, 7}, {3, 6}, {5}, {4}], [{8, 1}, {2, 7}, {4, 6}, {3, 5}], [{8, 1}, {2, 7}, {5, 6}, {3, 4}], [{8, 1}, {2, 7}, {5, 6}, {4}, {3}], [{8, 1}, {2, 7}, {6}, {3, 5}, {4}], [{8, 1}, {3, 7}, {2, 6}, {4, 5}], [{8, 1}, {3, 7}, {4, 6}, {2, 5}], [{8, 1}, {3, 7}, {5, 6}, {2, 4}], [{8, 1}, {4, 7}, {2, 6}, {3, 5}], [{8, 1}, {4, 7}, {3, 6}, {2, 5}], [{8, 1}, {4, 7}, {5, 6}, {2, 3}], [{8, 1}, {5, 7}, {2, 6}, {3, 4}], [{8, 1}, {5, 7}, {3, 6}, {2, 4}], [{8, 1}, {5, 7}, {4, 6}, {2, 3}], [{8, 1}, {5, 7}, {6}, {4}, {2, 3}], [{8, 1}, {6, 7}, {2, 5}, {3, 4}], [{8, 1}, {6, 7}, {3, 5}, {2, 4}], [{8, 1}, {6, 7}, {4, 5}, {2, 3}], [{8, 1}, {7}, {4, 6}, {2, 5}, {3}], [{8, 2}, {1, 7}, {3, 6}, {4, 5}], [{8, 2}, {1, 7}, {4, 6}, {3, 5}], [{8, 2}, {1, 7}, {5, 6}, {3, 4}], [{8, 2}, {3, 7}, {1, 6}, {4, 5}], [{8, 2}, {3, 7}, {4, 6}, {1, 5}], [{8, 2}, {3, 7}, {5, 6}, {1, 4}], [{8, 2}, {4, 7}, {1, 6}, {3, 5}], [{8, 2}, {4, 7}, {3, 6}, {1, 5}], [{8, 2}, {4, 7}, {3, 6}, {5}, {1}], [{8, 2}, {4, 7}, {5, 6}, {1, 3}], [{8, 2}, {4, 7}, {5, 6}, {3}, {1}], [{8, 2}, {4, 7}, {6}, {3, 5}, {1}], [{8, 2}, {5, 7}, {1, 6}, {3, 4}], [{8, 2}, {5, 7}, {3, 6}, {1, 4}], [{8, 2}, {5, 7}, {4, 6}, {1, 3}], [{8, 2}, {5, 7}, {6}, {4}, {1, 3}], [{8, 2}, {6, 7}, {1, 5}, {3, 4}], [{8, 2}, {6, 7}, {1, 5}, {4}, {3}], [{8, 2}, {6, 7}, {3, 5}, {1, 4}], [{8, 2}, {6, 7}, {4, 5}, {1, 3}], [{8, 2}, {7}, {1, 6}, {3, 5}, {4}], [{8, 2}, {7}, {1, 6}, {4, 5}, {3}], [{8, 2}, {7}, {1, 6}, {5}, {3, 4}], [{8, 2}, {7}, {4, 6}, {5}, {1, 3}], [{8, 3}, {1, 7}, {2, 6}, {4, 5}], [{8, 3}, {1, 7}, {4, 6}, {2, 5}], [{8, 3}, {1, 7}, {5, 6}, {2, 4}], [{8, 3}, {1, 7}, {6}, {5}, {2, 4}], [{8, 3}, {2, 7}, {1, 6}, {4, 5}], [{8, 3}, {2, 7}, {4, 6}, {1, 5}], [{8, 3}, {2, 7}, {5, 6}, {1, 4}], [{8, 3}, {4, 7}, {1, 6}, {2, 5}], [{8, 3}, {4, 7}, {2, 6}, {1, 5}], [{8, 3}, {4, 7}, {5, 6}, {1, 2}], [{8, 3}, {5, 7}, {1, 6}, {2, 4}], [{8, 3}, {5, 7}, {2, 6}, {1, 4}], [{8, 3}, {5, 7}, {4, 6}, {1, 2}], [{8, 3}, {5, 7}, {6}, {4}, {1, 2}], [{8, 3}, {6, 7}, {1, 5}, {2, 4}], [{8, 3}, {6, 7}, {2, 5}, {1, 4}], [{8, 3}, {6, 7}, {4, 5}, {1, 2}], [{8, 3}, {6, 7}, {5}, {4}, {1, 2}], [{8, 3}, {7}, {4, 6}, {2, 5}, {1}], [{8, 3}, {7}, {5, 6}, {4}, {1, 2}], [{8, 4}, {1, 7}, {2, 6}, {3, 5}], [{8, 4}, {1, 7}, {3, 6}, {2, 5}], [{8, 4}, {1, 7}, {5, 6}, {2, 3}], [{8, 4}, {1, 7}, {6}, {2, 5}, {3}], [{8, 4}, {1, 7}, {6}, {3, 5}, {2}], [{8, 4}, {1, 7}, {6}, {5}, {2, 3}], [{8, 4}, {2, 7}, {1, 6}, {3, 5}], [{8, 4}, {2, 7}, {3, 6}, {1, 5}], [{8, 4}, {2, 7}, {5, 6}, {1, 3}], [{8, 4}, {2, 7}, {6}, {1, 5}, {3}], [{8, 4}, {2, 7}, {6}, {3, 5}, {1}], [{8, 4}, {2, 7}, {6}, {5}, {1, 3}], [{8, 4}, {3, 7}, {1, 6}, {2, 5}], [{8, 4}, {3, 7}, {2, 6}, {1, 5}], [{8, 4}, {3, 7}, {5, 6}, {1, 2}], [{8, 4}, {3, 7}, {6}, {1, 5}, {2}], [{8, 4}, {3, 7}, {6}, {2, 5}, {1}], [{8, 4}, {3, 7}, {6}, {5}, {1, 2}], [{8, 4}, {5, 7}, {1, 6}, {2, 3}], [{8, 4}, {5, 7}, {2, 6}, {1, 3}], [{8, 4}, {5, 7}, {3, 6}, {1, 2}], [{8, 4}, {5, 7}, {6}, {1, 3}, {2}], [{8, 4}, {5, 7}, {6}, {2, 3}, {1}], [{8, 4}, {5, 7}, {6}, {3}, {1, 2}], [{8, 4}, {6, 7}, {1, 5}, {2, 3}], [{8, 4}, {6, 7}, {1, 5}, {3}, {2}], [{8, 4}, {6, 7}, {2, 5}, {1, 3}], [{8, 4}, {6, 7}, {2, 5}, {3}, {1}], [{8, 4}, {6, 7}, {3, 5}, {1, 2}], [{8, 4}, {6, 7}, {3, 5}, {2}, {1}], [{8, 4}, {6, 7}, {5}, {1, 3}, {2}], [{8, 4}, {6, 7}, {5}, {2, 3}, {1}], [{8, 4}, {6, 7}, {5}, {3}, {1, 2}], [{8, 4}, {7}, {1, 6}, {2, 5}, {3}], [{8, 4}, {7}, {1, 6}, {3, 5}, {2}], [{8, 4}, {7}, {1, 6}, {5}, {2, 3}], [{8, 4}, {7}, {2, 6}, {1, 5}, {3}], [{8, 4}, {7}, {2, 6}, {3, 5}, {1}], [{8, 4}, {7}, {2, 6}, {5}, {1, 3}], [{8, 4}, {7}, {3, 6}, {1, 5}, {2}], [{8, 4}, {7}, {3, 6}, {2, 5}, {1}], [{8, 4}, {7}, {3, 6}, {5}, {1, 2}], [{8, 4}, {7}, {5, 6}, {1, 3}, {2}], [{8, 4}, {7}, {5, 6}, {2, 3}, {1}], [{8, 4}, {7}, {5, 6}, {3}, {1, 2}], [{8, 4}, {7}, {6}, {1, 5}, {2, 3}], [{8, 4}, {7}, {6}, {1, 5}, {3}, {2}], [{8, 4}, {7}, {6}, {2, 5}, {1, 3}], [{8, 4}, {7}, {6}, {2, 5}, {3}, {1}], [{8, 4}, {7}, {6}, {3, 5}, {1, 2}], [{8, 4}, {7}, {6}, {3, 5}, {2}, {1}], [{8, 4}, {7}, {6}, {5}, {1, 3}, {2}], [{8, 4}, {7}, {6}, {5}, {2, 3}, {1}], [{8, 4}, {7}, {6}, {5}, {3}, {1, 2}], [{8, 5}, {1, 7}, {2, 6}, {3, 4}], [{8, 5}, {1, 7}, {3, 6}, {2, 4}], [{8, 5}, {1, 7}, {4, 6}, {2, 3}], [{8, 5}, {2, 7}, {1, 6}, {3, 4}], [{8, 5}, {2, 7}, {3, 6}, {1, 4}], [{8, 5}, {2, 7}, {4, 6}, {1, 3}], [{8, 5}, {3, 7}, {1, 6}, {2, 4}], [{8, 5}, {3, 7}, {2, 6}, {1, 4}], [{8, 5}, {3, 7}, {4, 6}, {1, 2}], [{8, 5}, {3, 7}, {6}, {2, 4}, {1}], [{8, 5}, {4, 7}, {1, 6}, {2, 3}], [{8, 5}, {4, 7}, {2, 6}, {1, 3}], [{8, 5}, {4, 7}, {3, 6}, {1, 2}], [{8, 5}, {4, 7}, {6}, {1, 3}, {2}], [{8, 5}, {4, 7}, {6}, {2, 3}, {1}], [{8, 5}, {4, 7}, {6}, {3}, {1, 2}], [{8, 5}, {6, 7}, {1, 4}, {2, 3}], [{8, 5}, {6, 7}, {2, 4}, {1, 3}], [{8, 5}, {6, 7}, {3, 4}, {1, 2}], [{8, 5}, {6, 7}, {4}, {1, 3}, {2}], [{8, 5}, {7}, {2, 6}, {3, 4}, {1}], [{8, 5}, {7}, {4, 6}, {1, 3}, {2}], [{8, 6}, {1, 7}, {2, 5}, {3, 4}], [{8, 6}, {1, 7}, {2, 5}, {4}, {3}], [{8, 6}, {1, 7}, {3, 5}, {2, 4}], [{8, 6}, {1, 7}, {3, 5}, {4}, {2}], [{8, 6}, {1, 7}, {4, 5}, {2, 3}], [{8, 6}, {1, 7}, {4, 5}, {3}, {2}], [{8, 6}, {1, 7}, {5}, {2, 4}, {3}], [{8, 6}, {1, 7}, {5}, {3, 4}, {2}], [{8, 6}, {1, 7}, {5}, {4}, {2, 3}], [{8, 6}, {1, 7}, {5}, {4}, {3}, {2}], [{8, 6}, {2, 7}, {1, 5}, {3, 4}], [{8, 6}, {2, 7}, {1, 5}, {4}, {3}], [{8, 6}, {2, 7}, {3, 5}, {1, 4}], [{8, 6}, {2, 7}, {3, 5}, {4}, {1}], [{8, 6}, {2, 7}, {4, 5}, {1, 3}], [{8, 6}, {2, 7}, {5}, {4}, {1, 3}], [{8, 6}, {3, 7}, {1, 5}, {2, 4}], [{8, 6}, {3, 7}, {1, 5}, {4}, {2}], [{8, 6}, {3, 7}, {2, 5}, {1, 4}], [{8, 6}, {3, 7}, {2, 5}, {4}, {1}], [{8, 6}, {3, 7}, {4, 5}, {1, 2}], [{8, 6}, {3, 7}, {4, 5}, {2}, {1}], [{8, 6}, {3, 7}, {5}, {1, 4}, {2}], [{8, 6}, {3, 7}, {5}, {2, 4}, {1}], [{8, 6}, {3, 7}, {5}, {4}, {1, 2}], [{8, 6}, {3, 7}, {5}, {4}, {2}, {1}], [{8, 6}, {4, 7}, {1, 5}, {2, 3}], [{8, 6}, {4, 7}, {2, 5}, {1, 3}], [{8, 6}, {4, 7}, {2, 5}, {3}, {1}], [{8, 6}, {4, 7}, {3, 5}, {1, 2}], [{8, 6}, {4, 7}, {5}, {1, 3}, {2}], [{8, 6}, {5, 7}, {1, 4}, {2, 3}], [{8, 6}, {5, 7}, {2, 4}, {1, 3}], [{8, 6}, {5, 7}, {3, 4}, {1, 2}], [{8, 6}, {5, 7}, {4}, {1, 3}, {2}], [{8, 6}, {5, 7}, {4}, {2, 3}, {1}], [{8, 6}, {5, 7}, {4}, {3}, {1, 2}], [{8, 6}, {7}, {1, 5}, {4}, {2, 3}], [{8, 6}, {7}, {2, 5}, {1, 4}, {3}], [{8, 6}, {7}, {2, 5}, {3, 4}, {1}], [{8, 6}, {7}, {2, 5}, {4}, {1, 3}], [{8, 6}, {7}, {2, 5}, {4}, {3}, {1}], [{8, 6}, {7}, {3, 5}, {4}, {1, 2}], [{8, 6}, {7}, {4, 5}, {1, 3}, {2}], [{8, 6}, {7}, {5}, {2, 4}, {1, 3}], [{8, 6}, {7}, {5}, {4}, {1, 3}, {2}], [{8, 7}, {1, 6}, {2, 5}, {3, 4}], [{8, 7}, {1, 6}, {3, 5}, {2, 4}], [{8, 7}, {1, 6}, {3, 5}, {4}, {2}], [{8, 7}, {1, 6}, {4, 5}, {2, 3}], [{8, 7}, {1, 6}, {4, 5}, {3}, {2}], [{8, 7}, {1, 6}, {5}, {3, 4}, {2}], [{8, 7}, {2, 6}, {1, 5}, {3, 4}], [{8, 7}, {2, 6}, {3, 5}, {1, 4}], [{8, 7}, {2, 6}, {4, 5}, {1, 3}], [{8, 7}, {2, 6}, {4, 5}, {3}, {1}], [{8, 7}, {3, 6}, {1, 5}, {2, 4}], [{8, 7}, {3, 6}, {1, 5}, {4}, {2}], [{8, 7}, {3, 6}, {2, 5}, {1, 4}], [{8, 7}, {3, 6}, {4, 5}, {1, 2}], [{8, 7}, {3, 6}, {4, 5}, {2}, {1}], [{8, 7}, {3, 6}, {5}, {1, 4}, {2}], [{8, 7}, {4, 6}, {1, 5}, {2, 3}], [{8, 7}, {4, 6}, {2, 5}, {1, 3}], [{8, 7}, {4, 6}, {2, 5}, {3}, {1}], [{8, 7}, {4, 6}, {3, 5}, {1, 2}], [{8, 7}, {4, 6}, {5}, {1, 3}, {2}], [{8, 7}, {5, 6}, {1, 4}, {2, 3}], [{8, 7}, {5, 6}, {2, 4}, {1, 3}], [{8, 7}, {5, 6}, {3, 4}, {1, 2}], [{8, 7}, {5, 6}, {4}, {1, 3}, {2}], [{8, 7}, {6}, {3, 5}, {2, 4}, {1}], [{8, 7}, {6}, {4, 5}, {1, 3}, {2}], [{8, 7}, {6}, {4, 5}, {2, 3}, {1}], [{8, 7}, {6}, {4, 5}, {3}, {1, 2}], [{8}, {1, 7}, {3, 6}, {5}, {2, 4}], [{8}, {1, 7}, {4, 6}, {2, 5}, {3}], [{8}, {1, 7}, {4, 6}, {3, 5}, {2}], [{8}, {1, 7}, {4, 6}, {5}, {2, 3}], [{8}, {2, 7}, {1, 6}, {3, 5}, {4}], [{8}, {2, 7}, {1, 6}, {4, 5}, {3}], [{8}, {2, 7}, {1, 6}, {5}, {3, 4}], [{8}, {2, 7}, {4, 6}, {1, 5}, {3}], [{8}, {2, 7}, {4, 6}, {3, 5}, {1}], [{8}, {2, 7}, {4, 6}, {5}, {1, 3}], [{8}, {2, 7}, {6}, {3, 5}, {1, 4}], [{8}, {2, 7}, {6}, {3, 5}, {4}, {1}], [{8}, {3, 7}, {4, 6}, {1, 5}, {2}], [{8}, {3, 7}, {4, 6}, {2, 5}, {1}], [{8}, {3, 7}, {4, 6}, {5}, {1, 2}], [{8}, {3, 7}, {5, 6}, {2, 4}, {1}], [{8}, {4, 7}, {1, 6}, {3, 5}, {2}], [{8}, {4, 7}, {3, 6}, {1, 5}, {2}], [{8}, {4, 7}, {5, 6}, {1, 3}, {2}], [{8}, {5, 7}, {1, 6}, {4}, {2, 3}], [{8}, {5, 7}, {2, 6}, {4}, {1, 3}], [{8}, {5, 7}, {3, 6}, {4}, {1, 2}], [{8}, {5, 7}, {4, 6}, {1, 3}, {2}], [{8}, {5, 7}, {4, 6}, {2, 3}, {1}], [{8}, {5, 7}, {4, 6}, {3}, {1, 2}], [{8}, {5, 7}, {6}, {1, 4}, {2, 3}], [{8}, {5, 7}, {6}, {2, 4}, {1, 3}], [{8}, {5, 7}, {6}, {3, 4}, {1, 2}], [{8}, {5, 7}, {6}, {4}, {1, 3}, {2}], [{8}, {5, 7}, {6}, {4}, {2, 3}, {1}], [{8}, {5, 7}, {6}, {4}, {3}, {1, 2}], [{8}, {6, 7}, {1, 5}, {2, 4}, {3}], [{8}, {6, 7}, {4, 5}, {1, 3}, {2}], [{8}, {6, 7}, {5}, {3, 4}, {1, 2}], [{8}, {7}, {1, 6}, {3, 5}, {2, 4}], [{8}, {7}, {4, 6}, {1, 5}, {2, 3}], [{8}, {7}, {4, 6}, {2, 5}, {1, 3}], [{8}, {7}, {4, 6}, {2, 5}, {3}, {1}], [{8}, {7}, {4, 6}, {3, 5}, {1, 2}], [{8}, {7}, {4, 6}, {5}, {1, 3}, {2}], [{8}, {7}, {5, 6}, {3, 4}, {1, 2}]]",2,- 34 K_1^2 - 4 K_1 K_2 + 2 K_1 + 17 K_2 + 2 K_3 + 18,O1O2O3U1O4U5U2O6U7U3O7U4U6O8O5U8,O1O2U3O4O3U1O5O6U2O7U4U5U7O8U6U8,O1O2U3O4O5U4O6O3U7U1O7U8U2U5O8U6,c,{'O1O2O3U4O5O4U6U7O8U1U8O6U2U5O7U3'},1,"<a href=""/flatknot/8.975892"">8.975892</a>",t^9-55t^7-154t^6+6t^5+296t^4+100t^3-80t^2-11t+2,t^2-2t,,
8.975893,O1O2O3U4O5O4U6U7O8U1U8O6U3U2O7U5,3,12z^2+57z+67,-2w^4z^2+14w^3z^2-6w^3z+63w^2z+67w,False,False,"[[ 0 -2  1  1  1  2 -2 -2  1],[ 2  0  2  1  2  1  1  0  1],[-1 -2  0  0 -1  0 -1 -1  0],[-1 -1  0  0 -1 -1 -1  0  0],[-1 -2  1  1  0  2 -3 -3  1],[-2 -1  0  1 -2  0 -3 -1  0],[ 2 -1  1  1  3  3  0 -1  1],[ 2  0  1  0  3  1  1  0  1],[-1 -1  0  0 -1  0 -1 -1  0]]","[[ 0  2  1  1  1  1 -2 -2 -2],[-2  0  1  0  0 -2 -1 -1 -3],[-1 -1  0  0  0 -1  0 -1 -1],[-1  0  0  0  0 -1 -1 -1 -1],[-1  0  0  0  0 -1 -1 -2 -1],[-1  2  1  1  1  0 -3 -2 -3],[ 2  1  0  1  1  3  0  0  1],[ 2  1  1  1  2  2  0  0  1],[ 2  3  1  1  1  3 -1 -1  0]]",True,"[-2,-1,-1,-1,-1,2,2,2,-1,0,0,2,1,1,3,0,0,1,0,1,1,0,1,1,1,1,1,1,2,1,3,2,3,0,-1,-1]","[-2,-2,-2,1,1,1,1,2,-1,-1,1,1,1,3,3,0,0,1,1,3,1,1,1,2,2,1,0,0,-1,-1,0,-1,0,-1,0,2]",t^8+54t^6+187t^4+120t^2,"[-2,-2,-2,1,1,1,1,2,-1,0,0,2,2,3,3,1,0,2,2,2,1,1,1,2,2,3,-1,-1,-1,-1,0,0,1,0,1,2]","[-2,-1,-1,-1,-1,2,2,2,-1,1,1,2,1,3,3,1,1,1,0,0,1,0,0,2,2,1,0,2,2,2,2,3,2,-1,-1,0]","[-2,-2,-2,1,1,1,1,2,-1,-1,1,1,1,3,3,0,0,1,1,3,1,1,1,2,2,1,0,0,-1,-1,0,-1,0,-1,0,2]",c,"[[{8, 6}, {3, 7}, {4, 5}, {1, 2}]]",1,- 4 K_1^2 + 2 K_2 + 3,O1O2O3U4O5U2U1O6U7U3O7U5U6O8O4U8,O1O2U3O4O3U1O5O6U2O7U4U6U5O8U7U8,O1O2U3O4O5U4O6O3U7U8O7U2U1U5O8U6,c,"{'O1O2U3O4O5U6O3U7O8U1U8U4O6U2O7U5', 'O1O2O3U4O5O4U6U7O8U1U8O6U3U2O7U5'}",2,"<a href=""/flatknot/8.975893"">8.975893</a>",t^9-58t^7-166t^6+61t^5+402t^4-19t^3-182t^2+28t-8,2t^2-4t,,
8.975894,O1O2O3U4O5O4U6U7O8U1U8O6U5U2O7U3,4,14z^2+99z+143,14w^3z^2+99w^2z+143w,False,False,"[[ 0 -2  1  2  1  1 -2 -2  1],[ 2  0  2  2  2  0  1  0  1],[-1 -2  0  0  0 -1 -1 -1  0],[-2 -2  0  0 -1  0 -3 -2  0],[-1 -2  0  1  0  1 -3 -2  1],[-1  0  1  0 -1  0 -1  0  0],[ 2 -1  1  3  3  1  0 -1  1],[ 2  0  1  2  2  0  1  0  1],[-1 -1  0  0 -1  0 -1 -1  0]]","[[ 0  2  1  1  1  1 -2 -2 -2],[-2  0  0  0  0 -1 -2 -2 -3],[-1  0  0  1  0 -1  0  0 -1],[-1  0 -1  0  0  0 -1 -2 -1],[-1  0  0  0  0 -1 -1 -1 -1],[-1  1  1  0  1  0 -2 -2 -3],[ 2  2  0  1  1  2  0  0  1],[ 2  2  0  2  1  2  0  0  1],[ 2  3  1  1  1  3 -1 -1  0]]",True,"[-2,-1,-1,-1,-1,2,2,2,0,0,0,1,2,2,3,-1,0,1,0,0,1,0,0,1,2,1,1,1,1,1,2,2,3,0,-1,-1]","[-2,-2,-2,1,1,1,1,2,-1,-1,1,1,1,3,3,0,0,1,1,2,2,0,1,2,2,2,0,1,-1,0,0,-1,0,0,0,1]",t^8+50t^6+177t^4+64t^2+4,"[-2,-2,-2,1,1,1,1,2,-1,0,1,1,2,3,2,1,0,2,2,2,1,1,2,2,3,2,0,-1,-1,0,0,1,1,0,1,1]","[-2,-1,-1,-1,-1,2,2,2,0,1,1,1,1,2,2,0,1,1,0,1,1,-1,0,2,1,2,0,2,3,3,2,2,2,-1,-1,0]","[-2,-2,-2,1,1,1,1,2,-1,-1,1,1,1,3,3,0,0,1,1,2,2,0,1,2,2,2,0,1,-1,0,0,-1,0,0,0,1]",c,"[[{8, 6}, {4, 7}, {2, 5}, {1, 3}], [{8, 6}, {4, 7}, {3, 5}, {1, 2}], [{8, 7}, {4, 6}, {2, 5}, {1, 3}]]",1,- 20 K_1^2 - 4 K_1 K_2 + 2 K_1 + 10 K_2 + 2 K_3 + 11,O1O2O3U1O4U2U5O6U7U3O7U4U6O8O5U8,O1O2U3O4O3U1O5O6U2O7U4U6U7O8U5U8,O1O2U3O4O5U4O6O3U7U2O7U8U1U5O8U6,c,{'O1O2O3U4O5O4U6U7O8U1U8O6U5U2O7U3'},1,"<a href=""/flatknot/8.975894"">8.975894</a>",t^9-54t^7-120t^6+49t^5+192t^4+11t^3-96t^2+3t+2,2t^2-4t,,
8.975895,O1O2O3U4O5O4U6U7O8U1U8O6U5U3O7U2,4,6z^3+47z^2+114z+89,6w^4z^3+47w^3z^2+114w^2z+89w,False,False,"[[ 0 -2  1  2  1  1 -2 -2  1],[ 2  0  2  2  2  0  1  0  1],[-1 -2  0  1  0  0 -2 -2  0],[-2 -2 -1  0 -1 -1 -2 -2  0],[-1 -2  0  1  0  1 -3 -2  1],[-1  0  0  1 -1  0 -1  0  0],[ 2 -1  2  2  3  1  0 -1  1],[ 2  0  2  2  2  0  1  0  1],[-1 -1  0  0 -1  0 -1 -1  0]]","[[ 0  2  1  1  1  1 -2 -2 -2],[-2  0  0 -1 -1 -1 -2 -2 -2],[-1  0  0  0  0 -1 -1 -1 -1],[-1  1  0  0  0  0 -2 -2 -2],[-1  1  0  0  0 -1  0  0 -1],[-1  1  1  0  1  0 -2 -2 -3],[ 2  2  1  2  0  2  0  0  1],[ 2  2  1  2  0  2  0  0  1],[ 2  2  1  2  1  3 -1 -1  0]]",True,"[-2,-1,-1,-1,-1,2,2,2,0,1,1,1,2,2,2,0,0,1,1,1,1,0,0,2,2,2,1,0,0,1,2,2,3,0,-1,-1]","[-2,-2,-2,1,1,1,1,2,-1,-1,1,1,2,3,2,0,0,1,2,2,2,0,1,2,2,2,0,0,-1,1,0,-1,0,0,1,1]",t^8+52t^6+162t^4+60t^2,"[-2,-2,-2,1,1,1,1,2,-1,0,1,1,2,3,2,1,0,1,2,2,2,1,1,2,3,2,0,-1,-1,0,0,0,0,0,1,0]","[-2,-1,-1,-1,-1,2,2,2,0,0,0,1,2,2,2,-1,0,0,2,3,3,0,1,0,1,1,0,1,1,1,2,2,2,-1,-1,0]","[-2,-2,-2,1,1,1,1,2,-1,-1,1,1,2,3,2,0,0,1,2,2,2,0,1,2,2,2,0,0,-1,1,0,-1,0,0,1,1]",c,"[[{8, 1}, {2, 7}, {3, 6}, {4, 5}], [{8, 1}, {2, 7}, {3, 6}, {5}, {4}], [{8, 1}, {2, 7}, {4, 6}, {3, 5}], [{8, 1}, {2, 7}, {5, 6}, {3, 4}], [{8, 1}, {2, 7}, {6}, {4, 5}, {3}], [{8, 1}, {3, 7}, {2, 6}, {4, 5}], [{8, 1}, {3, 7}, {2, 6}, {5}, {4}], [{8, 1}, {3, 7}, {4, 6}, {2, 5}], [{8, 1}, {3, 7}, {4, 6}, {5}, {2}], [{8, 1}, {3, 7}, {5, 6}, {2, 4}], [{8, 1}, {3, 7}, {6}, {5}, {2, 4}], [{8, 1}, {4, 7}, {2, 6}, {3, 5}], [{8, 1}, {4, 7}, {3, 6}, {2, 5}], [{8, 1}, {4, 7}, {5, 6}, {2, 3}], [{8, 1}, {5, 7}, {2, 6}, {3, 4}], [{8, 1}, {5, 7}, {3, 6}, {2, 4}], [{8, 1}, {5, 7}, {4, 6}, {2, 3}], [{8, 1}, {6, 7}, {2, 5}, {3, 4}], [{8, 1}, {6, 7}, {3, 5}, {2, 4}], [{8, 1}, {6, 7}, {4, 5}, {2, 3}], [{8, 1}, {7}, {4, 6}, {2, 5}, {3}], [{8, 1}, {7}, {5, 6}, {2, 4}, {3}], [{8, 2}, {1, 7}, {3, 6}, {4, 5}], [{8, 2}, {1, 7}, {4, 6}, {3, 5}], [{8, 2}, {1, 7}, {5, 6}, {3, 4}], [{8, 2}, {1, 7}, {6}, {4, 5}, {3}], [{8, 2}, {3, 7}, {1, 6}, {4, 5}], [{8, 2}, {3, 7}, {4, 6}, {1, 5}], [{8, 2}, {3, 7}, {5, 6}, {1, 4}], [{8, 2}, {3, 7}, {6}, {1, 5}, {4}], [{8, 2}, {3, 7}, {6}, {4, 5}, {1}], [{8, 2}, {3, 7}, {6}, {5}, {1, 4}], [{8, 2}, {4, 7}, {1, 6}, {3, 5}], [{8, 2}, {4, 7}, {3, 6}, {1, 5}], [{8, 2}, {4, 7}, {5, 6}, {1, 3}], [{8, 2}, {4, 7}, {6}, {5}, {1, 3}], [{8, 2}, {5, 7}, {1, 6}, {3, 4}], [{8, 2}, {5, 7}, {3, 6}, {1, 4}], [{8, 2}, {5, 7}, {4, 6}, {1, 3}], [{8, 2}, {5, 7}, {6}, {4}, {1, 3}], [{8, 2}, {6, 7}, {1, 5}, {3, 4}], [{8, 2}, {6, 7}, {3, 5}, {1, 4}], [{8, 2}, {6, 7}, {4, 5}, {1, 3}], [{8, 2}, {6, 7}, {4, 5}, {3}, {1}], [{8, 2}, {7}, {1, 6}, {4, 5}, {3}], [{8, 2}, {7}, {3, 6}, {4, 5}, {1}], [{8, 2}, {7}, {4, 6}, {3, 5}, {1}], [{8, 2}, {7}, {5, 6}, {3, 4}, {1}], [{8, 2}, {7}, {6}, {4, 5}, {1, 3}], [{8, 2}, {7}, {6}, {4, 5}, {3}, {1}], [{8, 3}, {1, 7}, {2, 6}, {4, 5}], [{8, 3}, {1, 7}, {4, 6}, {2, 5}], [{8, 3}, {1, 7}, {4, 6}, {5}, {2}], [{8, 3}, {1, 7}, {5, 6}, {2, 4}], [{8, 3}, {2, 7}, {1, 6}, {4, 5}], [{8, 3}, {2, 7}, {4, 6}, {1, 5}], [{8, 3}, {2, 7}, {4, 6}, {5}, {1}], [{8, 3}, {2, 7}, {5, 6}, {1, 4}], [{8, 3}, {4, 7}, {1, 6}, {2, 5}], [{8, 3}, {4, 7}, {2, 6}, {1, 5}], [{8, 3}, {4, 7}, {5, 6}, {1, 2}], [{8, 3}, {5, 7}, {1, 6}, {2, 4}], [{8, 3}, {5, 7}, {2, 6}, {1, 4}], [{8, 3}, {5, 7}, {4, 6}, {1, 2}], [{8, 3}, {5, 7}, {4, 6}, {2}, {1}], [{8, 3}, {6, 7}, {1, 5}, {2, 4}], [{8, 3}, {6, 7}, {2, 5}, {1, 4}], [{8, 3}, {6, 7}, {4, 5}, {1, 2}], [{8, 3}, {7}, {2, 6}, {4, 5}, {1}], [{8, 3}, {7}, {4, 6}, {1, 5}, {2}], [{8, 3}, {7}, {4, 6}, {2, 5}, {1}], [{8, 3}, {7}, {4, 6}, {5}, {1, 2}], [{8, 3}, {7}, {4, 6}, {5}, {2}, {1}], [{8, 3}, {7}, {5, 6}, {2, 4}, {1}], [{8, 4}, {1, 7}, {2, 6}, {3, 5}], [{8, 4}, {1, 7}, {3, 6}, {2, 5}], [{8, 4}, {1, 7}, {5, 6}, {2, 3}], [{8, 4}, {1, 7}, {6}, {2, 5}, {3}], [{8, 4}, {2, 7}, {1, 6}, {3, 5}], [{8, 4}, {2, 7}, {3, 6}, {1, 5}], [{8, 4}, {2, 7}, {5, 6}, {1, 3}], [{8, 4}, {3, 7}, {1, 6}, {2, 5}], [{8, 4}, {3, 7}, {2, 6}, {1, 5}], [{8, 4}, {3, 7}, {5, 6}, {1, 2}], [{8, 4}, {3, 7}, {6}, {2, 5}, {1}], [{8, 4}, {5, 7}, {1, 6}, {2, 3}], [{8, 4}, {5, 7}, {2, 6}, {1, 3}], [{8, 4}, {5, 7}, {3, 6}, {1, 2}], [{8, 4}, {6, 7}, {1, 5}, {2, 3}], [{8, 4}, {6, 7}, {2, 5}, {1, 3}], [{8, 4}, {6, 7}, {2, 5}, {3}, {1}], [{8, 4}, {6, 7}, {3, 5}, {1, 2}], [{8, 4}, {7}, {1, 6}, {2, 5}, {3}], [{8, 4}, {7}, {2, 6}, {3, 5}, {1}], [{8, 4}, {7}, {3, 6}, {2, 5}, {1}], [{8, 4}, {7}, {5, 6}, {2, 3}, {1}], [{8, 4}, {7}, {6}, {2, 5}, {1, 3}], [{8, 4}, {7}, {6}, {2, 5}, {3}, {1}], [{8, 5}, {1, 7}, {2, 6}, {3, 4}], [{8, 5}, {1, 7}, {3, 6}, {2, 4}], [{8, 5}, {1, 7}, {4, 6}, {2, 3}], [{8, 5}, {1, 7}, {6}, {3, 4}, {2}], [{8, 5}, {2, 7}, {1, 6}, {3, 4}], [{8, 5}, {2, 7}, {3, 6}, {1, 4}], [{8, 5}, {2, 7}, {4, 6}, {1, 3}], [{8, 5}, {2, 7}, {6}, {3, 4}, {1}], [{8, 5}, {3, 7}, {1, 6}, {2, 4}], [{8, 5}, {3, 7}, {1, 6}, {4}, {2}], [{8, 5}, {3, 7}, {2, 6}, {1, 4}], [{8, 5}, {3, 7}, {4, 6}, {1, 2}], [{8, 5}, {4, 7}, {1, 6}, {2, 3}], [{8, 5}, {4, 7}, {1, 6}, {3}, {2}], [{8, 5}, {4, 7}, {2, 6}, {1, 3}], [{8, 5}, {4, 7}, {3, 6}, {1, 2}], [{8, 5}, {6, 7}, {1, 4}, {2, 3}], [{8, 5}, {6, 7}, {1, 4}, {3}, {2}], [{8, 5}, {6, 7}, {2, 4}, {1, 3}], [{8, 5}, {6, 7}, {3, 4}, {1, 2}], [{8, 5}, {6, 7}, {3, 4}, {2}, {1}], [{8, 5}, {6, 7}, {4}, {1, 3}, {2}], [{8, 5}, {7}, {1, 6}, {3, 4}, {2}], [{8, 5}, {7}, {2, 6}, {3, 4}, {1}], [{8, 5}, {7}, {3, 6}, {2, 4}, {1}], [{8, 5}, {7}, {4, 6}, {2, 3}, {1}], [{8, 5}, {7}, {6}, {3, 4}, {1, 2}], [{8, 5}, {7}, {6}, {3, 4}, {2}, {1}], [{8, 6}, {1, 7}, {2, 5}, {3, 4}], [{8, 6}, {1, 7}, {2, 5}, {4}, {3}], [{8, 6}, {1, 7}, {3, 5}, {2, 4}], [{8, 6}, {1, 7}, {3, 5}, {4}, {2}], [{8, 6}, {1, 7}, {4, 5}, {2, 3}], [{8, 6}, {1, 7}, {5}, {4}, {2, 3}], [{8, 6}, {2, 7}, {1, 5}, {3, 4}], [{8, 6}, {2, 7}, {3, 5}, {1, 4}], [{8, 6}, {2, 7}, {3, 5}, {4}, {1}], [{8, 6}, {2, 7}, {4, 5}, {1, 3}], [{8, 6}, {3, 7}, {1, 5}, {2, 4}], [{8, 6}, {3, 7}, {2, 5}, {1, 4}], [{8, 6}, {3, 7}, {2, 5}, {4}, {1}], [{8, 6}, {3, 7}, {4, 5}, {1, 2}], [{8, 6}, {4, 7}, {1, 5}, {2, 3}], [{8, 6}, {4, 7}, {2, 5}, {1, 3}], [{8, 6}, {4, 7}, {2, 5}, {3}, {1}], [{8, 6}, {4, 7}, {3, 5}, {1, 2}], [{8, 6}, {4, 7}, {3, 5}, {2}, {1}], [{8, 6}, {4, 7}, {5}, {2, 3}, {1}], [{8, 6}, {5, 7}, {1, 4}, {2, 3}], [{8, 6}, {5, 7}, {2, 4}, {1, 3}], [{8, 6}, {5, 7}, {3, 4}, {1, 2}], [{8, 6}, {5, 7}, {4}, {2, 3}, {1}], [{8, 6}, {7}, {1, 5}, {4}, {2, 3}], [{8, 6}, {7}, {2, 5}, {1, 4}, {3}], [{8, 6}, {7}, {2, 5}, {3, 4}, {1}], [{8, 6}, {7}, {2, 5}, {4}, {1, 3}], [{8, 6}, {7}, {2, 5}, {4}, {3}, {1}], [{8, 6}, {7}, {3, 5}, {1, 4}, {2}], [{8, 6}, {7}, {3, 5}, {2, 4}, {1}], [{8, 6}, {7}, {3, 5}, {4}, {1, 2}], [{8, 6}, {7}, {3, 5}, {4}, {2}, {1}], [{8, 6}, {7}, {4, 5}, {2, 3}, {1}], [{8, 6}, {7}, {5}, {1, 4}, {2, 3}], [{8, 6}, {7}, {5}, {4}, {2, 3}, {1}], [{8, 7}, {1, 6}, {2, 5}, {3, 4}], [{8, 7}, {1, 6}, {3, 5}, {2, 4}], [{8, 7}, {1, 6}, {4, 5}, {2, 3}], [{8, 7}, {2, 6}, {1, 5}, {3, 4}], [{8, 7}, {2, 6}, {3, 5}, {1, 4}], [{8, 7}, {2, 6}, {4, 5}, {1, 3}], [{8, 7}, {2, 6}, {5}, {4}, {1, 3}], [{8, 7}, {3, 6}, {1, 5}, {2, 4}], [{8, 7}, {3, 6}, {2, 5}, {1, 4}], [{8, 7}, {3, 6}, {4, 5}, {1, 2}], [{8, 7}, {3, 6}, {5}, {4}, {1, 2}], [{8, 7}, {4, 6}, {1, 5}, {2, 3}], [{8, 7}, {4, 6}, {2, 5}, {1, 3}], [{8, 7}, {4, 6}, {2, 5}, {3}, {1}], [{8, 7}, {4, 6}, {3, 5}, {1, 2}], [{8, 7}, {4, 6}, {5}, {1, 3}, {2}], [{8, 7}, {5, 6}, {1, 4}, {2, 3}], [{8, 7}, {5, 6}, {2, 4}, {1, 3}], [{8, 7}, {5, 6}, {2, 4}, {3}, {1}], [{8, 7}, {5, 6}, {3, 4}, {1, 2}], [{8, 7}, {6}, {4, 5}, {3}, {1, 2}], [{8, 7}, {6}, {5}, {2, 4}, {1, 3}], [{8}, {1, 7}, {4, 6}, {2, 5}, {3}], [{8}, {1, 7}, {5, 6}, {2, 4}, {3}], [{8}, {2, 7}, {5, 6}, {4}, {1, 3}], [{8}, {2, 7}, {6}, {3, 5}, {1, 4}], [{8}, {3, 7}, {4, 6}, {2, 5}, {1}], [{8}, {3, 7}, {5, 6}, {1, 4}, {2}], [{8}, {3, 7}, {5, 6}, {2, 4}, {1}], [{8}, {3, 7}, {5, 6}, {4}, {1, 2}], [{8}, {4, 7}, {3, 6}, {1, 5}, {2}], [{8}, {4, 7}, {5, 6}, {1, 3}, {2}], [{8}, {4, 7}, {6}, {3, 5}, {1, 2}], [{8}, {5, 7}, {3, 6}, {1, 4}, {2}], [{8}, {7}, {4, 6}, {2, 5}, {1, 3}], [{8}, {7}, {4, 6}, {2, 5}, {3}, {1}], [{8}, {7}, {5, 6}, {2, 4}, {1, 3}], [{8}, {7}, {5, 6}, {2, 4}, {3}, {1}]]",2,20 K_1^3 - 8 K_1^2 - 20 K_1 K_2 - 5 K_1 + 4 K_2 + 5 K_3 + 5,O1O2O3U2O4U1U5O6U7U3O7U4U6O8O5U8,O1O2U3O4O3U1O5O6U2O7U4U7U6O8U5U8,O1O2U3O4O5U4O6O3U7U2O7U1U8U5O8U6,c,{'O1O2O3U4O5O4U6U7O8U1U8O6U5U3O7U2'},1,"<a href=""/flatknot/8.975895"">8.975895</a>",t^9-56t^7-138t^6-32t^5+96t^4+95t^3+42t^2-26t,2t^2-4t,,
8.975896,O1O2O3U4O5O4U6U7O8U2U1O6U8U3O7U5,4,4z^3+36z^2+107z+103,4w^4z^3-4w^4z^2+40w^3z^2+107w^2z+103w,False,False,"[[ 0 -1 -1  2  1  2 -2 -2  1],[ 1  0  0  2  1  1  0 -1  1],[ 1  0  0  1  1  0  1  0  0],[-2 -2 -1  0 -2 -1 -1 -1 -1],[-1 -1 -1  2  0  2 -3 -3  1],[-2 -1  0  1 -2  0 -2 -1 -1],[ 2  0 -1  1  3  2  0  0  1],[ 2  1  0  1  3  1  0  0  1],[-1 -1  0  1 -1  1 -1 -1  0]]","[[ 0  2  2  1  1 -1 -1 -2 -2],[-2  0  1 -1 -2  0 -1 -1 -2],[-2 -1  0 -1 -2 -1 -2 -1 -1],[-1  1  1  0 -1  0 -1 -1 -1],[-1  2  2  1  0 -1 -1 -3 -3],[ 1  0  1  0  1  0  0  0  1],[ 1  1  2  1  1  0  0 -1  0],[ 2  1  1  1  3  0  1  0  0],[ 2  2  1  1  3 -1  0  0  0]]",True,"[-2,-2,-1,-1,1,1,2,2,-1,1,2,0,1,1,2,1,2,1,2,1,1,1,0,1,1,1,1,1,3,3,0,0,-1,1,0,0]","[-2,-2,-1,-1,1,1,2,2,-1,-1,0,1,2,3,3,-1,0,2,3,2,3,1,1,1,0,0,1,2,2,2,0,1,0,2,1,0]",t^8+50t^6+205t^4+176t^2+9,"[-2,-2,-1,-1,1,1,2,2,0,0,1,0,2,3,3,1,2,0,2,2,3,0,1,1,2,1,1,2,3,2,-1,-1,-1,0,0,-1]","[-2,-2,-1,-1,1,1,2,2,-1,-1,0,1,2,3,3,-1,0,2,3,2,3,1,1,1,0,0,1,2,2,2,0,1,0,2,1,0]","[-2,-2,-1,-1,1,1,2,2,0,-1,0,1,3,1,2,0,1,1,3,1,1,0,0,1,1,0,1,1,2,1,-1,1,1,2,2,-1]",c,"[[{8, 1}, {3, 7}, {5, 6}, {2, 4}], [{8, 3}, {1, 7}, {5, 6}, {2, 4}], [{8, 7}, {5, 6}, {2, 4}, {1, 3}]]",1,- 8 K_1^2 - 4 K_1 K_2 + 2 K_1 + 4 K_2 + 2 K_3 + 5,O1O2O3U4O5U1U6O7U3U2O6U5U7O8O4U8,O1O2U3O4O5U1O3O6U2O7U5U4U6O8U7U8,O1O2U3O4O5U2O6O3U7U8O7U1U5U4O8U6,c,{'O1O2O3U4O5O4U6U7O8U2U1O6U8U3O7U5'},1,"<a href=""/flatknot/8.975896"">8.975896</a>",t^9-50t^7-130t^6+29t^5+250t^4+55t^3-32t^2+20t-16,0,,
8.975897,O1O2O3U4O5O4U6U7O8U2U1O6U8U5O7U3,4,2z^3+39z^2+118z+97,2w^4z^3+39w^3z^2+118w^2z+97w,False,False,"[[ 0 -1 -1  2  1  2 -2 -2  1],[ 1  0  0  2  1  1  0 -1  1],[ 1  0  0  1  1  0  1  0  0],[-2 -2 -1  0 -1  0 -2 -2 -1],[-1 -1 -1  1  0  2 -3 -2  1],[-2 -1  0  0 -2  0 -1 -1 -1],[ 2  0 -1  2  3  1  0  0  1],[ 2  1  0  2  2  1  0  0  1],[-1 -1  0  1 -1  1 -1 -1  0]]","[[ 0  2  2  1 -1 -2 -2],[-2  0  0 -1 -1 -1 -1],[-2  0  0 -1 -2 -2 -2],[-1  1  1  0 -1 -1 -1],[ 1  1  2  1  0  0 -1],[ 2  1  2  1  0  0  0],[ 2  1  2  1  1  0  0]]",False,"[-2,-2,-1,1,2,2,0,1,1,1,1,1,2,2,2,1,1,1,0,1,0]","[-2,-2,-1,1,2,2,0,0,1,1,2,1,1,1,2,1,1,2,1,1,0]",t^6+21t^4+11t^2+1,"[-2,-2,-1,1,2,2,0,0,2,2,3,1,2,2,3,1,1,2,0,0,0]","[-2,-2,-1,1,2,2,0,0,1,2,2,0,2,3,3,1,2,2,0,1,0]","[-2,-2,-1,1,2,2,0,0,1,1,2,1,1,1,2,1,1,2,1,1,0]",c,"[[{8, 1}, {3, 7}, {5, 6}, {2, 4}], [{8, 1}, {5, 7}, {3, 6}, {2, 4}], [{8, 3}, {1, 7}, {5, 6}, {2, 4}], [{8, 7}, {5, 6}, {2, 4}, {1, 3}]]",1,4 K_1^3 - 4 K_1^2 - 4 K_1 K_2 - K_1 + 2 K_2 + K_3 + 3,O1O2O3U1O4U5U6O7U3U2O6U4U7O8O5U8,O1O2U3O4O5U1O3O6U2O7U5U4U7O8U6U8,O1O2U3O4O5U2O6O3U7U1O7U8U5U4O8U6,c,{'O1O2O3U4O5O4U6U7O8U2U1O6U8U5O7U3'},1,"<a href=""/flatknot/8.975897"">8.975897</a>",t^7-21t^5-26t^4+9t^3-2t^2-14t+4,0,,
8.975898,O1O2O3U4O5O4U6U7O8U2U3O6U8U1O7U5,3,11z^2+60z+77,-4w^4z^2+15w^3z^2+60w^2z+77w,False,False,"[[ 0  0 -1  1  1  2 -2 -2  1],[ 0  0 -1  1  0  1 -1 -1  1],[ 1  1  0  1  1  0  0  0  1],[-1 -1 -1  0 -1 -1 -1 -1  0],[-1  0 -1  1  0  2 -3 -3  1],[-2 -1  0  1 -2  0 -2 -1 -1],[ 2  1  0  1  3  2  0  0  1],[ 2  1  0  1  3  1  0  0  1],[-1 -1 -1  0 -1  1 -1 -1  0]]","[[ 0  2  1  1  1  0 -1 -2 -2],[-2  0  1 -1 -2 -1  0 -1 -2],[-1 -1  0  0 -1 -1 -1 -1 -1],[-1  1  0  0 -1 -1 -1 -1 -1],[-1  2  1  1  0  0 -1 -3 -3],[ 0  1  1  1  0  0 -1 -1 -1],[ 1  0  1  1  1  1  0  0  0],[ 2  1  1  1  3  1  0  0  0],[ 2  2  1  1  3  1  0  0  0]]",True,"[-2,-1,-1,-1,0,1,2,2,-1,1,2,1,0,1,2,0,1,1,1,1,1,1,1,1,1,1,0,1,3,3,1,1,1,0,0,0]","[-2,-2,-1,0,1,1,1,2,0,0,1,1,1,3,1,0,1,1,1,3,2,1,1,1,1,0,1,1,0,1,0,-1,-1,-1,1,2]",t^8+44t^6+155t^4+116t^2,"[-2,-2,-1,0,1,1,1,2,0,1,1,0,2,2,2,1,1,0,2,2,3,0,1,1,1,3,1,0,0,1,-1,-1,-1,0,0,2]","[-2,-1,-1,-1,0,1,2,2,-1,0,2,1,3,2,3,1,1,1,1,0,0,0,0,1,2,2,0,1,2,2,0,1,1,1,1,0]","[-2,-2,-1,0,1,1,1,2,0,0,1,1,1,3,1,0,1,1,1,3,2,1,1,1,1,0,1,1,0,1,0,-1,-1,-1,1,2]",c,"[[{8, 1}, {2, 7}, {3, 6}, {4, 5}], [{8, 1}, {2, 7}, {4, 6}, {3, 5}], [{8, 1}, {2, 7}, {5, 6}, {3, 4}], [{8, 1}, {3, 7}, {2, 6}, {4, 5}], [{8, 1}, {3, 7}, {4, 6}, {2, 5}], [{8, 1}, {3, 7}, {5, 6}, {2, 4}], [{8, 1}, {4, 7}, {2, 6}, {3, 5}], [{8, 1}, {4, 7}, {3, 6}, {2, 5}], [{8, 1}, {4, 7}, {3, 6}, {5}, {2}], [{8, 1}, {4, 7}, {5, 6}, {2, 3}], [{8, 1}, {4, 7}, {5, 6}, {3}, {2}], [{8, 1}, {4, 7}, {6}, {3, 5}, {2}], [{8, 1}, {5, 7}, {2, 6}, {3, 4}], [{8, 1}, {5, 7}, {3, 6}, {2, 4}], [{8, 1}, {5, 7}, {4, 6}, {2, 3}], [{8, 1}, {5, 7}, {4, 6}, {3}, {2}], [{8, 1}, {6, 7}, {2, 5}, {3, 4}], [{8, 1}, {6, 7}, {3, 5}, {2, 4}], [{8, 1}, {6, 7}, {4, 5}, {2, 3}], [{8, 1}, {7}, {6}, {2, 5}, {3, 4}], [{8, 2}, {1, 7}, {3, 6}, {4, 5}], [{8, 2}, {1, 7}, {4, 6}, {3, 5}], [{8, 2}, {1, 7}, {5, 6}, {3, 4}], [{8, 2}, {1, 7}, {6}, {5}, {3, 4}], [{8, 2}, {3, 7}, {1, 6}, {4, 5}], [{8, 2}, {3, 7}, {4, 6}, {1, 5}], [{8, 2}, {3, 7}, {4, 6}, {5}, {1}], [{8, 2}, {3, 7}, {5, 6}, {1, 4}], [{8, 2}, {3, 7}, {5, 6}, {4}, {1}], [{8, 2}, {3, 7}, {6}, {4, 5}, {1}], [{8, 2}, {4, 7}, {1, 6}, {3, 5}], [{8, 2}, {4, 7}, {3, 6}, {1, 5}], [{8, 2}, {4, 7}, {3, 6}, {5}, {1}], [{8, 2}, {4, 7}, {5, 6}, {1, 3}], [{8, 2}, {4, 7}, {5, 6}, {3}, {1}], [{8, 2}, {4, 7}, {6}, {3, 5}, {1}], [{8, 2}, {5, 7}, {1, 6}, {3, 4}], [{8, 2}, {5, 7}, {3, 6}, {1, 4}], [{8, 2}, {5, 7}, {3, 6}, {4}, {1}], [{8, 2}, {5, 7}, {4, 6}, {1, 3}], [{8, 2}, {5, 7}, {4, 6}, {3}, {1}], [{8, 2}, {5, 7}, {6}, {3, 4}, {1}], [{8, 2}, {6, 7}, {1, 5}, {3, 4}], [{8, 2}, {6, 7}, {3, 5}, {1, 4}], [{8, 2}, {6, 7}, {3, 5}, {4}, {1}], [{8, 2}, {6, 7}, {4, 5}, {1, 3}], [{8, 2}, {6, 7}, {4, 5}, {3}, {1}], [{8, 2}, {6, 7}, {5}, {3, 4}, {1}], [{8, 2}, {7}, {1, 6}, {5}, {3, 4}], [{8, 2}, {7}, {3, 6}, {4, 5}, {1}], [{8, 2}, {7}, {4, 6}, {3, 5}, {1}], [{8, 2}, {7}, {5, 6}, {3, 4}, {1}], [{8, 2}, {7}, {6}, {1, 5}, {3, 4}], [{8, 2}, {7}, {6}, {5}, {3, 4}, {1}], [{8, 3}, {1, 7}, {2, 6}, {4, 5}], [{8, 3}, {1, 7}, {2, 6}, {5}, {4}], [{8, 3}, {1, 7}, {4, 6}, {2, 5}], [{8, 3}, {1, 7}, {4, 6}, {5}, {2}], [{8, 3}, {1, 7}, {5, 6}, {2, 4}], [{8, 3}, {1, 7}, {5, 6}, {4}, {2}], [{8, 3}, {1, 7}, {6}, {2, 5}, {4}], [{8, 3}, {1, 7}, {6}, {4, 5}, {2}], [{8, 3}, {1, 7}, {6}, {5}, {2, 4}], [{8, 3}, {1, 7}, {6}, {5}, {4}, {2}], [{8, 3}, {2, 7}, {1, 6}, {4, 5}], [{8, 3}, {2, 7}, {4, 6}, {1, 5}], [{8, 3}, {2, 7}, {4, 6}, {5}, {1}], [{8, 3}, {2, 7}, {5, 6}, {1, 4}], [{8, 3}, {2, 7}, {6}, {1, 5}, {4}], [{8, 3}, {4, 7}, {1, 6}, {2, 5}], [{8, 3}, {4, 7}, {2, 6}, {1, 5}], [{8, 3}, {4, 7}, {5, 6}, {1, 2}], [{8, 3}, {4, 7}, {5, 6}, {2}, {1}], [{8, 3}, {5, 7}, {1, 6}, {2, 4}], [{8, 3}, {5, 7}, {2, 6}, {1, 4}], [{8, 3}, {5, 7}, {4, 6}, {1, 2}], [{8, 3}, {5, 7}, {4, 6}, {2}, {1}], [{8, 3}, {5, 7}, {6}, {4}, {1, 2}], [{8, 3}, {6, 7}, {1, 5}, {2, 4}], [{8, 3}, {6, 7}, {2, 5}, {1, 4}], [{8, 3}, {6, 7}, {4, 5}, {1, 2}], [{8, 3}, {7}, {2, 6}, {4, 5}, {1}], [{8, 3}, {7}, {4, 6}, {1, 5}, {2}], [{8, 3}, {7}, {4, 6}, {2, 5}, {1}], [{8, 3}, {7}, {4, 6}, {5}, {1, 2}], [{8, 3}, {7}, {5, 6}, {1, 4}, {2}], [{8, 4}, {1, 7}, {2, 6}, {3, 5}], [{8, 4}, {1, 7}, {3, 6}, {2, 5}], [{8, 4}, {1, 7}, {5, 6}, {2, 3}], [{8, 4}, {1, 7}, {6}, {5}, {2, 3}], [{8, 4}, {2, 7}, {1, 6}, {3, 5}], [{8, 4}, {2, 7}, {3, 6}, {1, 5}], [{8, 4}, {2, 7}, {5, 6}, {1, 3}], [{8, 4}, {3, 7}, {1, 6}, {2, 5}], [{8, 4}, {3, 7}, {2, 6}, {1, 5}], [{8, 4}, {3, 7}, {5, 6}, {1, 2}], [{8, 4}, {5, 7}, {1, 6}, {2, 3}], [{8, 4}, {5, 7}, {2, 6}, {1, 3}], [{8, 4}, {5, 7}, {3, 6}, {1, 2}], [{8, 4}, {5, 7}, {6}, {2, 3}, {1}], [{8, 4}, {6, 7}, {1, 5}, {2, 3}], [{8, 4}, {6, 7}, {2, 5}, {1, 3}], [{8, 4}, {6, 7}, {3, 5}, {1, 2}], [{8, 4}, {6, 7}, {5}, {2, 3}, {1}], [{8, 4}, {7}, {1, 6}, {2, 5}, {3}], [{8, 4}, {7}, {1, 6}, {3, 5}, {2}], [{8, 4}, {7}, {1, 6}, {5}, {2, 3}], [{8, 4}, {7}, {2, 6}, {1, 5}, {3}], [{8, 4}, {7}, {2, 6}, {3, 5}, {1}], [{8, 4}, {7}, {2, 6}, {5}, {1, 3}], [{8, 4}, {7}, {3, 6}, {1, 5}, {2}], [{8, 4}, {7}, {3, 6}, {2, 5}, {1}], [{8, 4}, {7}, {3, 6}, {5}, {1, 2}], [{8, 4}, {7}, {5, 6}, {1, 3}, {2}], [{8, 4}, {7}, {5, 6}, {2, 3}, {1}], [{8, 4}, {7}, {5, 6}, {3}, {1, 2}], [{8, 4}, {7}, {6}, {1, 5}, {2, 3}], [{8, 4}, {7}, {6}, {2, 5}, {1, 3}], [{8, 4}, {7}, {6}, {3, 5}, {1, 2}], [{8, 4}, {7}, {6}, {5}, {2, 3}, {1}], [{8, 5}, {1, 7}, {2, 6}, {3, 4}], [{8, 5}, {1, 7}, {3, 6}, {2, 4}], [{8, 5}, {1, 7}, {3, 6}, {4}, {2}], [{8, 5}, {1, 7}, {4, 6}, {2, 3}], [{8, 5}, {2, 7}, {1, 6}, {3, 4}], [{8, 5}, {2, 7}, {3, 6}, {1, 4}], [{8, 5}, {2, 7}, {4, 6}, {1, 3}], [{8, 5}, {3, 7}, {1, 6}, {2, 4}], [{8, 5}, {3, 7}, {1, 6}, {4}, {2}], [{8, 5}, {3, 7}, {2, 6}, {1, 4}], [{8, 5}, {3, 7}, {4, 6}, {1, 2}], [{8, 5}, {4, 7}, {1, 6}, {2, 3}], [{8, 5}, {4, 7}, {2, 6}, {1, 3}], [{8, 5}, {4, 7}, {3, 6}, {1, 2}], [{8, 5}, {4, 7}, {3, 6}, {2}, {1}], [{8, 5}, {6, 7}, {1, 4}, {2, 3}], [{8, 5}, {6, 7}, {2, 4}, {1, 3}], [{8, 5}, {6, 7}, {3, 4}, {1, 2}], [{8, 5}, {7}, {3, 6}, {1, 4}, {2}], [{8, 5}, {7}, {4, 6}, {1, 3}, {2}], [{8, 5}, {7}, {6}, {3, 4}, {1, 2}], [{8, 6}, {1, 7}, {2, 5}, {3, 4}], [{8, 6}, {1, 7}, {3, 5}, {2, 4}], [{8, 6}, {1, 7}, {3, 5}, {4}, {2}], [{8, 6}, {1, 7}, {4, 5}, {2, 3}], [{8, 6}, {2, 7}, {1, 5}, {3, 4}], [{8, 6}, {2, 7}, {3, 5}, {1, 4}], [{8, 6}, {2, 7}, {4, 5}, {1, 3}], [{8, 6}, {3, 7}, {1, 5}, {2, 4}], [{8, 6}, {3, 7}, {1, 5}, {4}, {2}], [{8, 6}, {3, 7}, {2, 5}, {1, 4}], [{8, 6}, {3, 7}, {2, 5}, {4}, {1}], [{8, 6}, {3, 7}, {4, 5}, {1, 2}], [{8, 6}, {3, 7}, {5}, {4}, {1, 2}], [{8, 6}, {4, 7}, {1, 5}, {2, 3}], [{8, 6}, {4, 7}, {2, 5}, {1, 3}], [{8, 6}, {4, 7}, {3, 5}, {1, 2}], [{8, 6}, {4, 7}, {3, 5}, {2}, {1}], [{8, 6}, {5, 7}, {1, 4}, {2, 3}], [{8, 6}, {5, 7}, {2, 4}, {1, 3}], [{8, 6}, {5, 7}, {3, 4}, {1, 2}], [{8, 6}, {5, 7}, {4}, {2, 3}, {1}], [{8, 6}, {7}, {3, 5}, {1, 4}, {2}], [{8, 7}, {1, 6}, {2, 5}, {3, 4}], [{8, 7}, {1, 6}, {2, 5}, {4}, {3}], [{8, 7}, {1, 6}, {3, 5}, {2, 4}], [{8, 7}, {1, 6}, {3, 5}, {4}, {2}], [{8, 7}, {1, 6}, {4, 5}, {2, 3}], [{8, 7}, {1, 6}, {5}, {4}, {2, 3}], [{8, 7}, {2, 6}, {1, 5}, {3, 4}], [{8, 7}, {2, 6}, {1, 5}, {4}, {3}], [{8, 7}, {2, 6}, {3, 5}, {1, 4}], [{8, 7}, {2, 6}, {3, 5}, {4}, {1}], [{8, 7}, {2, 6}, {4, 5}, {1, 3}], [{8, 7}, {2, 6}, {5}, {4}, {1, 3}], [{8, 7}, {3, 6}, {1, 5}, {2, 4}], [{8, 7}, {3, 6}, {1, 5}, {4}, {2}], [{8, 7}, {3, 6}, {2, 5}, {1, 4}], [{8, 7}, {3, 6}, {2, 5}, {4}, {1}], [{8, 7}, {3, 6}, {4, 5}, {1, 2}], [{8, 7}, {3, 6}, {5}, {4}, {1, 2}], [{8, 7}, {4, 6}, {1, 5}, {2, 3}], [{8, 7}, {4, 6}, {2, 5}, {1, 3}], [{8, 7}, {4, 6}, {3, 5}, {1, 2}], [{8, 7}, {4, 6}, {5}, {1, 3}, {2}], [{8, 7}, {5, 6}, {1, 4}, {2, 3}], [{8, 7}, {5, 6}, {2, 4}, {1, 3}], [{8, 7}, {5, 6}, {3, 4}, {1, 2}], [{8, 7}, {5, 6}, {4}, {1, 3}, {2}], [{8, 7}, {5, 6}, {4}, {2, 3}, {1}], [{8, 7}, {5, 6}, {4}, {3}, {1, 2}], [{8, 7}, {6}, {1, 5}, {4}, {2, 3}], [{8, 7}, {6}, {2, 5}, {4}, {1, 3}], [{8, 7}, {6}, {3, 5}, {4}, {1, 2}], [{8, 7}, {6}, {4, 5}, {1, 3}, {2}], [{8, 7}, {6}, {5}, {2, 4}, {1, 3}], [{8, 7}, {6}, {5}, {4}, {1, 3}, {2}], [{8}, {1, 7}, {2, 6}, {4, 5}, {3}], [{8}, {1, 7}, {4, 6}, {2, 5}, {3}], [{8}, {2, 7}, {1, 6}, {4, 5}, {3}], [{8}, {2, 7}, {4, 6}, {1, 5}, {3}], [{8}, {4, 7}, {1, 6}, {2, 5}, {3}], [{8}, {4, 7}, {1, 6}, {3, 5}, {2}], [{8}, {4, 7}, {1, 6}, {5}, {2, 3}], [{8}, {4, 7}, {2, 6}, {1, 5}, {3}], [{8}, {4, 7}, {2, 6}, {3, 5}, {1}], [{8}, {4, 7}, {2, 6}, {5}, {1, 3}], [{8}, {4, 7}, {3, 6}, {1, 5}, {2}], [{8}, {4, 7}, {3, 6}, {2, 5}, {1}], [{8}, {4, 7}, {3, 6}, {5}, {1, 2}], [{8}, {4, 7}, {3, 6}, {5}, {2}, {1}], [{8}, {4, 7}, {5, 6}, {1, 3}, {2}], [{8}, {4, 7}, {5, 6}, {2, 3}, {1}], [{8}, {4, 7}, {5, 6}, {3}, {1, 2}], [{8}, {4, 7}, {5, 6}, {3}, {2}, {1}], [{8}, {4, 7}, {6}, {1, 5}, {2, 3}], [{8}, {4, 7}, {6}, {2, 5}, {1, 3}], [{8}, {4, 7}, {6}, {3, 5}, {1, 2}], [{8}, {4, 7}, {6}, {3, 5}, {2}, {1}], [{8}, {5, 7}, {4, 6}, {1, 3}, {2}], [{8}, {5, 7}, {4, 6}, {2, 3}, {1}], [{8}, {5, 7}, {4, 6}, {3}, {1, 2}], [{8}, {5, 7}, {4, 6}, {3}, {2}, {1}]]",2,- 14 K_1^2 + 7 K_2 + 8,O1O2O3U4O5U3U6O7U1U2O6U5U7O8O4U8,O1O2U3O4O5U1O3O6U2O7U6U4U5O8U7U8,O1O2U3O4O5U2O6O3U7U8O7U4U5U1O8U6,c,"{'O1O2O3U4O5O4U6U7U1O8U3O6U2U8O7U5', 'O1O2O3U4O5O4U6U7O8U2U3O6U8U1O7U5'}",2,"<a href=""/flatknot/8.975898"">8.975898</a>",t^9-46t^7-86t^6+52t^5+128t^4+6t^3-40t^2,t^2-2t,,
8.975899,O1O2O3U4O5O4U6U7O8U2U5O6U8U1O7U3,3,10z^2+63z+87,10w^3z^2+63w^2z+87w,False,False,"[[ 0  0 -1  2  1  1 -2 -2  1],[ 0  0 -1  1  1  0 -1 -1  1],[ 1  1  0  1  1  0  0  0  1],[-2 -1 -1  0 -1  0 -3 -2  0],[-1 -1 -1  1  0  1 -2 -2  0],[-1  0  0  0 -1  0 -1 -1  0],[ 2  1  0  3  2  1  0  0  1],[ 2  1  0  2  2  1  0  0  1],[-1 -1 -1  0  0  0 -1 -1  0]]","[[ 0  2  1  1  0 -2 -2],[-2  0  0  0 -1 -2 -3],[-1  0  0  0  0 -1 -1],[-1  0  0  0 -1 -1 -1],[ 0  1  0  1  0 -1 -1],[ 2  2  1  1  1  0  0],[ 2  3  1  1  1  0  0]]",False,"[-2,-1,-1,0,2,2,0,0,1,2,3,0,0,1,1,1,1,1,1,1,0]","[-2,-2,0,1,1,2,0,1,1,1,2,1,1,1,3,0,1,1,0,0,0]",t^6+21t^4+12t^2+1,"[-2,-2,0,1,1,2,0,1,2,2,1,1,2,2,2,0,1,1,0,1,1]","[-2,-1,-1,0,2,2,1,1,1,1,2,0,0,2,2,1,2,2,1,1,0]","[-2,-2,0,1,1,2,0,1,1,1,2,1,1,1,3,0,1,1,0,0,0]",c,"[[{8, 1}, {5, 7}, {3, 6}, {2, 4}], [{8, 1}, {5, 7}, {3, 6}, {4}, {2}], [{8, 2}, {1, 7}, {3, 6}, {4, 5}], [{8, 2}, {4, 7}, {3, 6}, {1, 5}], [{8, 2}, {4, 7}, {3, 6}, {5}, {1}], [{8, 2}, {5, 7}, {3, 6}, {1, 4}], [{8, 2}, {5, 7}, {3, 6}, {4}, {1}], [{8, 2}, {7}, {3, 6}, {4, 5}, {1}], [{8, 3}, {5, 7}, {1, 6}, {2, 4}], [{8, 3}, {5, 7}, {2, 6}, {1, 4}], [{8, 4}, {5, 7}, {3, 6}, {1, 2}], [{8, 4}, {5, 7}, {3, 6}, {2}, {1}], [{8, 5}, {1, 7}, {3, 6}, {2, 4}], [{8, 5}, {7}, {3, 6}, {2, 4}, {1}], [{8, 6}, {5, 7}, {1, 4}, {2, 3}], [{8, 6}, {5, 7}, {2, 4}, {1, 3}], [{8, 7}, {3, 6}, {1, 5}, {2, 4}], [{8, 7}, {3, 6}, {5}, {2, 4}, {1}], [{8}, {5, 7}, {1, 6}, {2, 4}, {3}], [{8}, {5, 7}, {2, 6}, {1, 4}, {3}], [{8}, {5, 7}, {3, 6}, {1, 4}, {2}], [{8}, {5, 7}, {3, 6}, {2, 4}, {1}], [{8}, {5, 7}, {3, 6}, {4}, {1, 2}], [{8}, {5, 7}, {3, 6}, {4}, {2}, {1}], [{8}, {5, 7}, {6}, {1, 4}, {2, 3}], [{8}, {5, 7}, {6}, {2, 4}, {1, 3}]]",1,- 18 K_1^2 - 4 K_1 K_2 + 2 K_1 + 9 K_2 + 2 K_3 + 10,O1O2O3U1O4U3U5O6U7U2O5U4U6O8O7U8,O1O2U3O4O5U1O3O6U2O7U6U4U7O8U5U8,O1O2U3O4O5U2O6O3U7U4O7U8U5U1O8U6,c,"{'O1O2O3U4O5O4U6U7U1O8U5O6U2U8O7U3', 'O1O2O3U4O5O4U6U7O8U2U5O6U8U1O7U3'}",2,"<a href=""/flatknot/8.975899"">8.975899</a>",t^7-23t^5-14t^4+15t^3+2t^2-2t,t^2-2t,,
8.975900,O1O2O3U4O5O4U6U7O8U2U8O6U1U3O7U5,4,19z^2+104z+133,19w^3z^2+104w^2z+133w,False,False,"[[ 0 -1 -1  2  1  2 -2 -2  1],[ 1  0  0  2  1  1  0  0  1],[ 1  0  0  1  1  0  0  0  1],[-2 -2 -1  0 -2 -1 -2 -1  0],[-1 -1 -1  2  0  2 -3 -3  1],[-2 -1  0  1 -2  0 -3 -1  0],[ 2  0  0  2  3  3  0 -1  1],[ 2  0  0  1  3  1  1  0  1],[-1 -1 -1  0 -1  0 -1 -1  0]]","[[ 0  2  2  1  1 -1 -1 -2 -2],[-2  0  1  0 -2  0 -1 -1 -3],[-2 -1  0  0 -2 -1 -2 -1 -2],[-1  0  0  0 -1 -1 -1 -1 -1],[-1  2  2  1  0 -1 -1 -3 -3],[ 1  0  1  1  1  0  0  0  0],[ 1  1  2  1  1  0  0  0  0],[ 2  1  1  1  3  0  0  0  1],[ 2  3  2  1  3  0  0 -1  0]]",True,"[-2,-2,-1,-1,1,1,2,2,-1,0,2,0,1,1,3,0,2,1,2,1,2,1,1,1,1,1,1,1,3,3,0,0,0,0,0,-1]","[-2,-2,-1,-1,1,1,2,2,-1,-1,1,1,2,2,3,-1,1,2,3,1,3,1,1,1,0,0,1,1,2,2,0,1,1,1,1,-1]",t^8+56t^6+203t^4+107t^2+1,"[-2,-2,-1,-1,1,1,2,2,-1,1,1,0,2,3,3,1,1,0,2,1,2,0,1,1,2,1,1,1,3,2,-1,-1,-1,1,1,-1]","[-2,-2,-1,-1,1,1,2,2,-1,-1,1,1,2,2,3,-1,1,2,3,1,3,1,1,1,0,0,1,1,2,2,0,1,1,1,1,-1]","[-2,-2,-1,-1,1,1,2,2,-1,0,0,1,3,2,3,0,0,1,3,1,1,0,1,1,1,0,1,1,2,1,-1,0,0,2,2,-1]",c,"[[{8, 2}, {3, 7}, {5, 6}, {1, 4}]]",1,8 K_1^3 - 28 K_1^2 - 24 K_1 K_2 + 6 K_1 + 14 K_2 + 10 K_3 + 15,O1O2O3U4O5U1U3O6U7U2O7U5U6O8O4U8,O1O2U3O4O3U1O5O6U2O7U5U4U6O8U7U8,O1O2U3O4O5U4O6O3U7U8O7U1U5U2O8U6,c,{'O1O2O3U4O5O4U6U7O8U2U8O6U1U3O7U5'},1,"<a href=""/flatknot/8.975900"">8.975900</a>",t^9-56t^7-154t^6+87t^5+348t^4-114t^3-98t^2+40t+10,0,,
8.975901,O1O2O3U4O5O4U6U7O8U2U8O6U1U5O7U3,4,10z^2+95z+151,10w^3z^2+95w^2z+151w,False,False,"[[ 0 -1 -1  2  1  2 -2 -2  1],[ 1  0  0  2  1  1  0  0  1],[ 1  0  0  1  1  0  0  0  1],[-2 -2 -1  0 -1  0 -3 -2  0],[-1 -1 -1  1  0  2 -3 -2  1],[-2 -1  0  0 -2  0 -2 -1  0],[ 2  0  0  3  3  2  0 -1  1],[ 2  0  0  2  2  1  1  0  1],[-1 -1 -1  0 -1  0 -1 -1  0]]","[[ 0  2  2  1  1 -1 -1 -2 -2],[-2  0  0  0 -1 -1 -2 -2 -3],[-2  0  0  0 -2  0 -1 -1 -2],[-1  0  0  0 -1 -1 -1 -1 -1],[-1  1  2  1  0 -1 -1 -2 -3],[ 1  1  0  1  1  0  0  0  0],[ 1  2  1  1  1  0  0  0  0],[ 2  2  1  1  2  0  0  0  1],[ 2  3  2  1  3  0  0 -1  0]]",True,"[-2,-2,-1,-1,1,1,2,2,0,0,1,1,2,2,3,0,2,0,1,1,2,1,1,1,1,1,1,1,2,3,0,0,0,0,0,-1]","[-2,-2,-1,-1,1,1,2,2,-1,0,0,1,3,2,3,0,0,1,2,1,2,0,1,1,0,1,1,1,1,2,-1,0,0,2,1,0]",t^8+50t^6+122t^4+68t^2+4,"[-2,-2,-1,-1,1,1,2,2,-1,1,1,1,2,2,3,1,1,0,2,1,2,0,1,1,1,2,1,1,2,3,-1,0,-1,1,1,0]","[-2,-2,-1,-1,1,1,2,2,0,-1,1,2,3,2,3,0,1,1,2,1,2,1,1,1,0,1,1,1,2,2,0,1,1,1,1,-1]","[-2,-2,-1,-1,1,1,2,2,-1,0,0,1,3,2,3,0,0,1,2,1,2,0,1,1,0,1,1,1,1,2,-1,0,0,2,1,0]",c,"[[{8, 2}, {3, 7}, {5, 6}, {1, 4}]]",1,- 20 K_1^2 - 4 K_1 K_2 + 2 K_1 + 10 K_2 + 2 K_3 + 11,O1O2O3U1O4U5U3O6U7U2O7U4U6O8O5U8,O1O2U3O4O3U1O5O6U2O7U5U4U7O8U6U8,O1O2U3O4O5U4O6O3U7U1O7U8U5U2O8U6,c,{'O1O2O3U4O5O4U6U7O8U2U8O6U1U5O7U3'},1,"<a href=""/flatknot/8.975901"">8.975901</a>",t^9-50t^7-106t^6+68t^5+178t^4-29t^3-46t^2+5t+2,0,,
8.975902,O1O2O3U4O5O4U6U7O8U2U8O6U3U1O7U5,4,10z^2+63z+87,10w^3z^2+63w^2z+87w,False,False,"[[ 0  0 -1  1  1  2 -2 -2  1],[ 0  0 -1  1  0  1 -1 -1  1],[ 1  1  0  1  1  0  0  0  1],[-1 -1 -1  0 -1 -1 -1  0  0],[-1  0 -1  1  0  2 -3 -3  1],[-2 -1  0  1 -2  0 -3 -1  0],[ 2  1  0  1  3  3  0 -1  1],[ 2  1  0  0  3  1  1  0  1],[-1 -1 -1  0 -1  0 -1 -1  0]]","[[ 0  2  1  1  1  0 -1 -2 -2],[-2  0  1  0 -2 -1  0 -1 -3],[-1 -1  0  0 -1 -1 -1  0 -1],[-1  0  0  0 -1 -1 -1 -1 -1],[-1  2  1  1  0  0 -1 -3 -3],[ 0  1  1  1  0  0 -1 -1 -1],[ 1  0  1  1  1  1  0  0  0],[ 2  1  0  1  3  1  0  0  1],[ 2  3  1  1  3  1  0 -1  0]]",True,"[-2,-1,-1,-1,0,1,2,2,-1,0,2,1,0,1,3,0,1,1,1,0,1,1,1,1,1,1,0,1,3,3,1,1,1,0,0,-1]","[-2,-2,-1,0,1,1,1,2,-1,0,1,1,1,3,3,0,1,0,1,3,1,1,1,1,1,0,1,1,0,1,0,-1,-1,-1,0,2]",t^8+48t^6+164t^4+104t^2+4,"[-2,-2,-1,0,1,1,1,2,-1,1,1,0,2,3,3,1,1,0,2,2,1,0,1,1,1,3,1,0,0,1,-1,-1,-1,0,1,2]","[-2,-1,-1,-1,0,1,2,2,-1,1,2,1,3,1,3,1,1,1,1,0,0,0,0,1,2,2,0,1,2,3,0,1,1,1,1,-1]","[-2,-2,-1,0,1,1,1,2,-1,0,1,1,1,3,3,0,1,0,1,3,1,1,1,1,1,0,1,1,0,1,0,-1,-1,-1,0,2]",c,"[[{8, 1}, {2, 7}, {3, 6}, {4, 5}], [{8, 1}, {2, 7}, {3, 6}, {5}, {4}], [{8, 1}, {2, 7}, {4, 6}, {3, 5}], [{8, 1}, {2, 7}, {4, 6}, {5}, {3}], [{8, 1}, {2, 7}, {5, 6}, {3, 4}], [{8, 1}, {2, 7}, {6}, {5}, {3, 4}], [{8, 1}, {3, 7}, {2, 6}, {4, 5}], [{8, 1}, {3, 7}, {4, 6}, {2, 5}], [{8, 1}, {3, 7}, {4, 6}, {5}, {2}], [{8, 1}, {3, 7}, {5, 6}, {2, 4}], [{8, 1}, {4, 7}, {2, 6}, {3, 5}], [{8, 1}, {4, 7}, {3, 6}, {2, 5}], [{8, 1}, {4, 7}, {5, 6}, {2, 3}], [{8, 1}, {4, 7}, {6}, {3, 5}, {2}], [{8, 1}, {5, 7}, {2, 6}, {3, 4}], [{8, 1}, {5, 7}, {3, 6}, {2, 4}], [{8, 1}, {5, 7}, {3, 6}, {4}, {2}], [{8, 1}, {5, 7}, {4, 6}, {2, 3}], [{8, 1}, {5, 7}, {4, 6}, {3}, {2}], [{8, 1}, {5, 7}, {6}, {3, 4}, {2}], [{8, 1}, {6, 7}, {2, 5}, {3, 4}], [{8, 1}, {6, 7}, {3, 5}, {2, 4}], [{8, 1}, {6, 7}, {3, 5}, {4}, {2}], [{8, 1}, {6, 7}, {4, 5}, {2, 3}], [{8, 1}, {7}, {3, 6}, {2, 5}, {4}], [{8, 1}, {7}, {4, 6}, {2, 5}, {3}], [{8, 1}, {7}, {4, 6}, {3, 5}, {2}], [{8, 1}, {7}, {4, 6}, {5}, {2, 3}], [{8, 1}, {7}, {4, 6}, {5}, {3}, {2}], [{8, 1}, {7}, {6}, {2, 5}, {3, 4}], [{8, 2}, {1, 7}, {3, 6}, {4, 5}], [{8, 2}, {1, 7}, {3, 6}, {5}, {4}], [{8, 2}, {1, 7}, {4, 6}, {3, 5}], [{8, 2}, {1, 7}, {4, 6}, {5}, {3}], [{8, 2}, {1, 7}, {5, 6}, {3, 4}], [{8, 2}, {1, 7}, {6}, {5}, {3, 4}], [{8, 2}, {3, 7}, {1, 6}, {4, 5}], [{8, 2}, {3, 7}, {4, 6}, {1, 5}], [{8, 2}, {3, 7}, {5, 6}, {1, 4}], [{8, 2}, {3, 7}, {5, 6}, {4}, {1}], [{8, 2}, {4, 7}, {1, 6}, {3, 5}], [{8, 2}, {4, 7}, {3, 6}, {1, 5}], [{8, 2}, {4, 7}, {5, 6}, {1, 3}], [{8, 2}, {4, 7}, {5, 6}, {3}, {1}], [{8, 2}, {5, 7}, {1, 6}, {3, 4}], [{8, 2}, {5, 7}, {3, 6}, {1, 4}], [{8, 2}, {5, 7}, {3, 6}, {4}, {1}], [{8, 2}, {5, 7}, {4, 6}, {1, 3}], [{8, 2}, {5, 7}, {4, 6}, {3}, {1}], [{8, 2}, {5, 7}, {6}, {3, 4}, {1}], [{8, 2}, {6, 7}, {1, 5}, {3, 4}], [{8, 2}, {6, 7}, {3, 5}, {1, 4}], [{8, 2}, {6, 7}, {4, 5}, {1, 3}], [{8, 2}, {6, 7}, {5}, {1, 4}, {3}], [{8, 2}, {6, 7}, {5}, {3, 4}, {1}], [{8, 2}, {6, 7}, {5}, {4}, {1, 3}], [{8, 2}, {7}, {1, 6}, {5}, {3, 4}], [{8, 2}, {7}, {3, 6}, {1, 5}, {4}], [{8, 2}, {7}, {4, 6}, {1, 5}, {3}], [{8, 2}, {7}, {5, 6}, {3, 4}, {1}], [{8, 2}, {7}, {6}, {1, 5}, {3, 4}], [{8, 2}, {7}, {6}, {5}, {3, 4}, {1}], [{8, 3}, {1, 7}, {2, 6}, {4, 5}], [{8, 3}, {1, 7}, {4, 6}, {2, 5}], [{8, 3}, {1, 7}, {5, 6}, {2, 4}], [{8, 3}, {1, 7}, {6}, {5}, {2, 4}], [{8, 3}, {2, 7}, {1, 6}, {4, 5}], [{8, 3}, {2, 7}, {4, 6}, {1, 5}], [{8, 3}, {2, 7}, {4, 6}, {5}, {1}], [{8, 3}, {2, 7}, {5, 6}, {1, 4}], [{8, 3}, {4, 7}, {1, 6}, {2, 5}], [{8, 3}, {4, 7}, {1, 6}, {5}, {2}], [{8, 3}, {4, 7}, {2, 6}, {1, 5}], [{8, 3}, {4, 7}, {5, 6}, {1, 2}], [{8, 3}, {4, 7}, {5, 6}, {2}, {1}], [{8, 3}, {4, 7}, {6}, {1, 5}, {2}], [{8, 3}, {5, 7}, {1, 6}, {2, 4}], [{8, 3}, {5, 7}, {2, 6}, {1, 4}], [{8, 3}, {5, 7}, {4, 6}, {1, 2}], [{8, 3}, {5, 7}, {4, 6}, {2}, {1}], [{8, 3}, {5, 7}, {6}, {4}, {1, 2}], [{8, 3}, {6, 7}, {1, 5}, {2, 4}], [{8, 3}, {6, 7}, {2, 5}, {1, 4}], [{8, 3}, {6, 7}, {4, 5}, {1, 2}], [{8, 3}, {7}, {2, 6}, {4, 5}, {1}], [{8, 3}, {7}, {4, 6}, {2, 5}, {1}], [{8, 4}, {1, 7}, {2, 6}, {3, 5}], [{8, 4}, {1, 7}, {3, 6}, {2, 5}], [{8, 4}, {1, 7}, {3, 6}, {5}, {2}], [{8, 4}, {1, 7}, {5, 6}, {2, 3}], [{8, 4}, {1, 7}, {5, 6}, {3}, {2}], [{8, 4}, {1, 7}, {6}, {3, 5}, {2}], [{8, 4}, {2, 7}, {1, 6}, {3, 5}], [{8, 4}, {2, 7}, {3, 6}, {1, 5}], [{8, 4}, {2, 7}, {5, 6}, {1, 3}], [{8, 4}, {2, 7}, {6}, {3, 5}, {1}], [{8, 4}, {3, 7}, {1, 6}, {2, 5}], [{8, 4}, {3, 7}, {2, 6}, {1, 5}], [{8, 4}, {3, 7}, {5, 6}, {1, 2}], [{8, 4}, {3, 7}, {6}, {1, 5}, {2}], [{8, 4}, {3, 7}, {6}, {2, 5}, {1}], [{8, 4}, {3, 7}, {6}, {5}, {1, 2}], [{8, 4}, {5, 7}, {1, 6}, {2, 3}], [{8, 4}, {5, 7}, {2, 6}, {1, 3}], [{8, 4}, {5, 7}, {3, 6}, {1, 2}], [{8, 4}, {5, 7}, {6}, {1, 3}, {2}], [{8, 4}, {5, 7}, {6}, {2, 3}, {1}], [{8, 4}, {5, 7}, {6}, {3}, {1, 2}], [{8, 4}, {6, 7}, {1, 5}, {2, 3}], [{8, 4}, {6, 7}, {2, 5}, {1, 3}], [{8, 4}, {6, 7}, {3, 5}, {1, 2}], [{8, 4}, {6, 7}, {5}, {2, 3}, {1}], [{8, 4}, {7}, {5, 6}, {2, 3}, {1}], [{8, 4}, {7}, {6}, {3, 5}, {1, 2}], [{8, 5}, {1, 7}, {2, 6}, {3, 4}], [{8, 5}, {1, 7}, {3, 6}, {2, 4}], [{8, 5}, {1, 7}, {3, 6}, {4}, {2}], [{8, 5}, {1, 7}, {4, 6}, {2, 3}], [{8, 5}, {1, 7}, {4, 6}, {3}, {2}], [{8, 5}, {1, 7}, {6}, {3, 4}, {2}], [{8, 5}, {2, 7}, {1, 6}, {3, 4}], [{8, 5}, {2, 7}, {3, 6}, {1, 4}], [{8, 5}, {2, 7}, {3, 6}, {4}, {1}], [{8, 5}, {2, 7}, {4, 6}, {1, 3}], [{8, 5}, {2, 7}, {4, 6}, {3}, {1}], [{8, 5}, {2, 7}, {6}, {3, 4}, {1}], [{8, 5}, {3, 7}, {1, 6}, {2, 4}], [{8, 5}, {3, 7}, {2, 6}, {1, 4}], [{8, 5}, {3, 7}, {4, 6}, {1, 2}], [{8, 5}, {4, 7}, {1, 6}, {2, 3}], [{8, 5}, {4, 7}, {1, 6}, {3}, {2}], [{8, 5}, {4, 7}, {2, 6}, {1, 3}], [{8, 5}, {4, 7}, {3, 6}, {1, 2}], [{8, 5}, {4, 7}, {3, 6}, {2}, {1}], [{8, 5}, {4, 7}, {6}, {1, 3}, {2}], [{8, 5}, {6, 7}, {1, 4}, {2, 3}], [{8, 5}, {6, 7}, {2, 4}, {1, 3}], [{8, 5}, {6, 7}, {3, 4}, {1, 2}], [{8, 5}, {7}, {2, 6}, {1, 4}, {3}], [{8, 5}, {7}, {3, 6}, {1, 4}, {2}], [{8, 5}, {7}, {3, 6}, {2, 4}, {1}], [{8, 5}, {7}, {3, 6}, {4}, {1, 2}], [{8, 5}, {7}, {3, 6}, {4}, {2}, {1}], [{8, 5}, {7}, {4, 6}, {3}, {1, 2}], [{8, 5}, {7}, {6}, {1, 4}, {2, 3}], [{8, 5}, {7}, {6}, {3, 4}, {1, 2}], [{8, 6}, {1, 7}, {2, 5}, {3, 4}], [{8, 6}, {1, 7}, {3, 5}, {2, 4}], [{8, 6}, {1, 7}, {4, 5}, {2, 3}], [{8, 6}, {1, 7}, {5}, {2, 4}, {3}], [{8, 6}, {2, 7}, {1, 5}, {3, 4}], [{8, 6}, {2, 7}, {3, 5}, {1, 4}], [{8, 6}, {2, 7}, {3, 5}, {4}, {1}], [{8, 6}, {2, 7}, {4, 5}, {1, 3}], [{8, 6}, {3, 7}, {1, 5}, {2, 4}], [{8, 6}, {3, 7}, {2, 5}, {1, 4}], [{8, 6}, {3, 7}, {2, 5}, {4}, {1}], [{8, 6}, {3, 7}, {4, 5}, {1, 2}], [{8, 6}, {4, 7}, {1, 5}, {2, 3}], [{8, 6}, {4, 7}, {2, 5}, {1, 3}], [{8, 6}, {4, 7}, {3, 5}, {1, 2}], [{8, 6}, {4, 7}, {3, 5}, {2}, {1}], [{8, 6}, {4, 7}, {5}, {3}, {1, 2}], [{8, 6}, {5, 7}, {1, 4}, {2, 3}], [{8, 6}, {5, 7}, {2, 4}, {1, 3}], [{8, 6}, {5, 7}, {3, 4}, {1, 2}], [{8, 6}, {5, 7}, {4}, {1, 3}, {2}], [{8, 6}, {5, 7}, {4}, {2, 3}, {1}], [{8, 6}, {5, 7}, {4}, {3}, {1, 2}], [{8, 6}, {7}, {1, 5}, {3, 4}, {2}], [{8, 6}, {7}, {3, 5}, {2, 4}, {1}], [{8, 6}, {7}, {4, 5}, {3}, {1, 2}], [{8, 7}, {1, 6}, {2, 5}, {3, 4}], [{8, 7}, {1, 6}, {3, 5}, {2, 4}], [{8, 7}, {1, 6}, {4, 5}, {2, 3}], [{8, 7}, {1, 6}, {5}, {4}, {2, 3}], [{8, 7}, {2, 6}, {1, 5}, {3, 4}], [{8, 7}, {2, 6}, {1, 5}, {4}, {3}], [{8, 7}, {2, 6}, {3, 5}, {1, 4}], [{8, 7}, {2, 6}, {4, 5}, {1, 3}], [{8, 7}, {2, 6}, {4, 5}, {3}, {1}], [{8, 7}, {2, 6}, {5}, {1, 4}, {3}], [{8, 7}, {3, 6}, {1, 5}, {2, 4}], [{8, 7}, {3, 6}, {1, 5}, {4}, {2}], [{8, 7}, {3, 6}, {2, 5}, {1, 4}], [{8, 7}, {3, 6}, {2, 5}, {4}, {1}], [{8, 7}, {3, 6}, {4, 5}, {1, 2}], [{8, 7}, {3, 6}, {5}, {4}, {1, 2}], [{8, 7}, {4, 6}, {1, 5}, {2, 3}], [{8, 7}, {4, 6}, {1, 5}, {3}, {2}], [{8, 7}, {4, 6}, {2, 5}, {1, 3}], [{8, 7}, {4, 6}, {2, 5}, {3}, {1}], [{8, 7}, {4, 6}, {3, 5}, {1, 2}], [{8, 7}, {4, 6}, {5}, {3}, {1, 2}], [{8, 7}, {5, 6}, {1, 4}, {2, 3}], [{8, 7}, {5, 6}, {2, 4}, {1, 3}], [{8, 7}, {5, 6}, {3, 4}, {1, 2}], [{8, 7}, {5, 6}, {4}, {2, 3}, {1}], [{8, 7}, {6}, {1, 5}, {2, 4}, {3}], [{8, 7}, {6}, {1, 5}, {3, 4}, {2}], [{8, 7}, {6}, {1, 5}, {4}, {2, 3}], [{8, 7}, {6}, {1, 5}, {4}, {3}, {2}], [{8, 7}, {6}, {2, 5}, {3, 4}, {1}], [{8, 7}, {6}, {5}, {3, 4}, {1, 2}], [{8}, {1, 7}, {3, 6}, {2, 5}, {4}], [{8}, {1, 7}, {3, 6}, {4, 5}, {2}], [{8}, {1, 7}, {3, 6}, {5}, {2, 4}], [{8}, {1, 7}, {3, 6}, {5}, {4}, {2}], [{8}, {1, 7}, {4, 6}, {2, 5}, {3}], [{8}, {1, 7}, {6}, {2, 5}, {3, 4}], [{8}, {2, 7}, {3, 6}, {1, 5}, {4}], [{8}, {2, 7}, {4, 6}, {1, 5}, {3}], [{8}, {2, 7}, {4, 6}, {3, 5}, {1}], [{8}, {2, 7}, {4, 6}, {5}, {1, 3}], [{8}, {2, 7}, {4, 6}, {5}, {3}, {1}], [{8}, {2, 7}, {5, 6}, {4}, {1, 3}], [{8}, {2, 7}, {6}, {1, 5}, {3, 4}], [{8}, {2, 7}, {6}, {4, 5}, {1, 3}], [{8}, {3, 7}, {2, 6}, {4, 5}, {1}], [{8}, {3, 7}, {4, 6}, {2, 5}, {1}], [{8}, {3, 7}, {5, 6}, {1, 4}, {2}], [{8}, {4, 7}, {1, 6}, {3, 5}, {2}], [{8}, {4, 7}, {5, 6}, {2, 3}, {1}], [{8}, {5, 7}, {1, 6}, {2, 4}, {3}], [{8}, {5, 7}, {2, 6}, {1, 4}, {3}], [{8}, {5, 7}, {3, 6}, {4}, {1, 2}], [{8}, {5, 7}, {4, 6}, {1, 3}, {2}], [{8}, {5, 7}, {4, 6}, {2, 3}, {1}], [{8}, {5, 7}, {4, 6}, {3}, {1, 2}], [{8}, {5, 7}, {4, 6}, {3}, {2}, {1}], [{8}, {5, 7}, {6}, {3, 4}, {1, 2}], [{8}, {5, 7}, {6}, {4}, {3}, {1, 2}], [{8}, {6, 7}, {1, 5}, {3, 4}, {2}], [{8}, {7}, {2, 6}, {1, 5}, {3, 4}], [{8}, {7}, {4, 6}, {2, 5}, {1, 3}], [{8}, {7}, {4, 6}, {2, 5}, {3}, {1}], [{8}, {7}, {6}, {1, 5}, {3, 4}, {2}]]",2,- 6 K_1^2 + 3 K_2 + 4,O1O2O3U4O5U3U1O6U7U2O7U5U6O8O4U8,O1O2U3O4O3U1O5O6U2O7U6U4U5O8U7U8,O1O2U3O4O5U4O6O3U7U8O7U2U5U1O8U6,c,"{'O1O2O3U4O5O4U6U7O8U2U8O6U3U1O7U5', 'O1O2U3O4O5U6O3U7O8U2U8U4O6U1O7U5'}",2,"<a href=""/flatknot/8.975902"">8.975902</a>",t^9-50t^7-120t^6+113t^5+378t^4+15t^3-238t^2-77t+6,t^2-2t,,
8.975903,O1O2O3U4O5O4U6U7O8U2U8O6U5U1O7U3,4,2z^3+23z^2+102z+129,2w^4z^3+23w^3z^2+102w^2z+129w,False,False,"[[ 0  0 -1  2  1  1 -2 -2  1],[ 0  0 -1  1  1  0 -1 -1  1],[ 1  1  0  1  1  0  0  0  1],[-2 -1 -1  0 -1  0 -3 -2  0],[-1 -1 -1  1  0  1 -3 -2  1],[-1  0  0  0 -1  0 -1  0  0],[ 2  1  0  3  3  1  0 -1  1],[ 2  1  0  2  2  0  1  0  1],[-1 -1 -1  0 -1  0 -1 -1  0]]","[[ 0  2  1  1  1  0 -1 -2 -2],[-2  0  0  0 -1 -1 -1 -2 -3],[-1  0  0  0 -1  0  0  0 -1],[-1  0  0  0 -1 -1 -1 -1 -1],[-1  1  1  1  0 -1 -1 -2 -3],[ 0  1  0  1  1  0 -1 -1 -1],[ 1  1  0  1  1  1  0  0  0],[ 2  2  0  1  2  1  0  0  1],[ 2  3  1  1  3  1  0 -1  0]]",True,"[-2,-1,-1,-1,0,1,2,2,0,0,1,1,1,2,3,0,1,0,0,0,1,1,1,1,1,1,1,1,2,3,1,1,1,0,0,-1]","[-2,-2,-1,0,1,1,1,2,-1,0,1,1,1,3,3,0,1,0,1,2,2,1,0,1,1,1,0,1,1,1,0,-1,0,-1,0,1]",t^8+42t^6+78t^4+31t^2+1,"[-2,-2,-1,0,1,1,1,2,-1,1,1,1,2,3,2,1,1,0,2,2,1,0,1,1,2,2,0,0,1,1,-1,-1,0,0,1,1]","[-2,-1,-1,-1,0,1,2,2,0,1,1,1,2,1,2,1,1,0,1,0,1,0,0,1,2,2,1,2,2,3,0,1,1,1,1,-1]","[-2,-2,-1,0,1,1,1,2,-1,0,1,1,1,3,3,0,1,0,1,2,2,1,0,1,1,1,0,1,1,1,0,-1,0,-1,0,1]",c,"[[{8, 1}, {2, 7}, {3, 6}, {4, 5}], [{8, 1}, {2, 7}, {4, 6}, {3, 5}], [{8, 1}, {2, 7}, {5, 6}, {3, 4}], [{8, 1}, {2, 7}, {5, 6}, {4}, {3}], [{8, 1}, {3, 7}, {2, 6}, {4, 5}], [{8, 1}, {3, 7}, {2, 6}, {5}, {4}], [{8, 1}, {3, 7}, {4, 6}, {2, 5}], [{8, 1}, {3, 7}, {5, 6}, {2, 4}], [{8, 1}, {4, 7}, {2, 6}, {3, 5}], [{8, 1}, {4, 7}, {2, 6}, {5}, {3}], [{8, 1}, {4, 7}, {3, 6}, {2, 5}], [{8, 1}, {4, 7}, {3, 6}, {5}, {2}], [{8, 1}, {4, 7}, {5, 6}, {2, 3}], [{8, 1}, {4, 7}, {6}, {5}, {2, 3}], [{8, 1}, {5, 7}, {2, 6}, {3, 4}], [{8, 1}, {5, 7}, {3, 6}, {2, 4}], [{8, 1}, {5, 7}, {4, 6}, {2, 3}], [{8, 1}, {5, 7}, {6}, {4}, {2, 3}], [{8, 1}, {6, 7}, {2, 5}, {3, 4}], [{8, 1}, {6, 7}, {3, 5}, {2, 4}], [{8, 1}, {6, 7}, {4, 5}, {2, 3}], [{8, 1}, {7}, {2, 6}, {5}, {3, 4}], [{8, 1}, {7}, {4, 6}, {3, 5}, {2}], [{8, 1}, {7}, {6}, {4, 5}, {2, 3}], [{8, 2}, {1, 7}, {3, 6}, {4, 5}], [{8, 2}, {1, 7}, {4, 6}, {3, 5}], [{8, 2}, {1, 7}, {5, 6}, {3, 4}], [{8, 2}, {1, 7}, {6}, {4, 5}, {3}], [{8, 2}, {3, 7}, {1, 6}, {4, 5}], [{8, 2}, {3, 7}, {4, 6}, {1, 5}], [{8, 2}, {3, 7}, {4, 6}, {5}, {1}], [{8, 2}, {3, 7}, {5, 6}, {1, 4}], [{8, 2}, {3, 7}, {5, 6}, {4}, {1}], [{8, 2}, {3, 7}, {6}, {4, 5}, {1}], [{8, 2}, {4, 7}, {1, 6}, {3, 5}], [{8, 2}, {4, 7}, {3, 6}, {1, 5}], [{8, 2}, {4, 7}, {3, 6}, {5}, {1}], [{8, 2}, {4, 7}, {5, 6}, {1, 3}], [{8, 2}, {5, 7}, {1, 6}, {3, 4}], [{8, 2}, {5, 7}, {3, 6}, {1, 4}], [{8, 2}, {5, 7}, {3, 6}, {4}, {1}], [{8, 2}, {5, 7}, {4, 6}, {1, 3}], [{8, 2}, {6, 7}, {1, 5}, {3, 4}], [{8, 2}, {6, 7}, {3, 5}, {1, 4}], [{8, 2}, {6, 7}, {4, 5}, {1, 3}], [{8, 2}, {6, 7}, {4, 5}, {3}, {1}], [{8, 2}, {7}, {1, 6}, {4, 5}, {3}], [{8, 2}, {7}, {3, 6}, {4, 5}, {1}], [{8, 2}, {7}, {6}, {1, 5}, {3, 4}], [{8, 2}, {7}, {6}, {3, 5}, {1, 4}], [{8, 2}, {7}, {6}, {4, 5}, {1, 3}], [{8, 2}, {7}, {6}, {4, 5}, {3}, {1}], [{8, 3}, {1, 7}, {2, 6}, {4, 5}], [{8, 3}, {1, 7}, {2, 6}, {5}, {4}], [{8, 3}, {1, 7}, {4, 6}, {2, 5}], [{8, 3}, {1, 7}, {5, 6}, {2, 4}], [{8, 3}, {2, 7}, {1, 6}, {4, 5}], [{8, 3}, {2, 7}, {4, 6}, {1, 5}], [{8, 3}, {2, 7}, {5, 6}, {1, 4}], [{8, 3}, {4, 7}, {1, 6}, {2, 5}], [{8, 3}, {4, 7}, {2, 6}, {1, 5}], [{8, 3}, {4, 7}, {5, 6}, {1, 2}], [{8, 3}, {4, 7}, {6}, {1, 5}, {2}], [{8, 3}, {4, 7}, {6}, {2, 5}, {1}], [{8, 3}, {4, 7}, {6}, {5}, {1, 2}], [{8, 3}, {5, 7}, {1, 6}, {2, 4}], [{8, 3}, {5, 7}, {2, 6}, {1, 4}], [{8, 3}, {5, 7}, {4, 6}, {1, 2}], [{8, 3}, {5, 7}, {6}, {1, 4}, {2}], [{8, 3}, {5, 7}, {6}, {2, 4}, {1}], [{8, 3}, {5, 7}, {6}, {4}, {1, 2}], [{8, 3}, {6, 7}, {1, 5}, {2, 4}], [{8, 3}, {6, 7}, {2, 5}, {1, 4}], [{8, 3}, {6, 7}, {4, 5}, {1, 2}], [{8, 3}, {6, 7}, {5}, {2, 4}, {1}], [{8, 3}, {7}, {5, 6}, {2, 4}, {1}], [{8, 3}, {7}, {6}, {4, 5}, {1, 2}], [{8, 4}, {1, 7}, {2, 6}, {3, 5}], [{8, 4}, {1, 7}, {2, 6}, {5}, {3}], [{8, 4}, {1, 7}, {3, 6}, {2, 5}], [{8, 4}, {1, 7}, {5, 6}, {2, 3}], [{8, 4}, {1, 7}, {5, 6}, {3}, {2}], [{8, 4}, {1, 7}, {6}, {2, 5}, {3}], [{8, 4}, {2, 7}, {1, 6}, {3, 5}], [{8, 4}, {2, 7}, {3, 6}, {1, 5}], [{8, 4}, {2, 7}, {3, 6}, {5}, {1}], [{8, 4}, {2, 7}, {5, 6}, {1, 3}], [{8, 4}, {3, 7}, {1, 6}, {2, 5}], [{8, 4}, {3, 7}, {1, 6}, {5}, {2}], [{8, 4}, {3, 7}, {2, 6}, {1, 5}], [{8, 4}, {3, 7}, {5, 6}, {1, 2}], [{8, 4}, {3, 7}, {5, 6}, {2}, {1}], [{8, 4}, {3, 7}, {6}, {1, 5}, {2}], [{8, 4}, {5, 7}, {1, 6}, {2, 3}], [{8, 4}, {5, 7}, {1, 6}, {3}, {2}], [{8, 4}, {5, 7}, {2, 6}, {1, 3}], [{8, 4}, {5, 7}, {3, 6}, {1, 2}], [{8, 4}, {5, 7}, {3, 6}, {2}, {1}], [{8, 4}, {5, 7}, {6}, {1, 3}, {2}], [{8, 4}, {6, 7}, {1, 5}, {2, 3}], [{8, 4}, {6, 7}, {2, 5}, {1, 3}], [{8, 4}, {6, 7}, {3, 5}, {1, 2}], [{8, 4}, {6, 7}, {5}, {1, 3}, {2}], [{8, 4}, {7}, {1, 6}, {3, 5}, {2}], [{8, 4}, {7}, {3, 6}, {2, 5}, {1}], [{8, 4}, {7}, {5, 6}, {1, 3}, {2}], [{8, 5}, {1, 7}, {2, 6}, {3, 4}], [{8, 5}, {1, 7}, {3, 6}, {2, 4}], [{8, 5}, {1, 7}, {4, 6}, {2, 3}], [{8, 5}, {1, 7}, {6}, {4}, {2, 3}], [{8, 5}, {2, 7}, {1, 6}, {3, 4}], [{8, 5}, {2, 7}, {3, 6}, {1, 4}], [{8, 5}, {2, 7}, {3, 6}, {4}, {1}], [{8, 5}, {2, 7}, {4, 6}, {1, 3}], [{8, 5}, {3, 7}, {1, 6}, {2, 4}], [{8, 5}, {3, 7}, {2, 6}, {1, 4}], [{8, 5}, {3, 7}, {4, 6}, {1, 2}], [{8, 5}, {3, 7}, {6}, {1, 4}, {2}], [{8, 5}, {3, 7}, {6}, {2, 4}, {1}], [{8, 5}, {3, 7}, {6}, {4}, {1, 2}], [{8, 5}, {4, 7}, {1, 6}, {2, 3}], [{8, 5}, {4, 7}, {1, 6}, {3}, {2}], [{8, 5}, {4, 7}, {2, 6}, {1, 3}], [{8, 5}, {4, 7}, {3, 6}, {1, 2}], [{8, 5}, {4, 7}, {3, 6}, {2}, {1}], [{8, 5}, {4, 7}, {6}, {1, 3}, {2}], [{8, 5}, {6, 7}, {1, 4}, {2, 3}], [{8, 5}, {6, 7}, {2, 4}, {1, 3}], [{8, 5}, {6, 7}, {2, 4}, {3}, {1}], [{8, 5}, {6, 7}, {3, 4}, {1, 2}], [{8, 5}, {6, 7}, {4}, {1, 3}, {2}], [{8, 5}, {7}, {2, 6}, {3, 4}, {1}], [{8, 5}, {7}, {3, 6}, {2, 4}, {1}], [{8, 5}, {7}, {4, 6}, {1, 3}, {2}], [{8, 5}, {7}, {4, 6}, {2, 3}, {1}], [{8, 5}, {7}, {4, 6}, {3}, {1, 2}], [{8, 6}, {1, 7}, {2, 5}, {3, 4}], [{8, 6}, {1, 7}, {3, 5}, {2, 4}], [{8, 6}, {1, 7}, {3, 5}, {4}, {2}], [{8, 6}, {1, 7}, {4, 5}, {2, 3}], [{8, 6}, {1, 7}, {5}, {2, 4}, {3}], [{8, 6}, {2, 7}, {1, 5}, {3, 4}], [{8, 6}, {2, 7}, {1, 5}, {4}, {3}], [{8, 6}, {2, 7}, {3, 5}, {1, 4}], [{8, 6}, {2, 7}, {3, 5}, {4}, {1}], [{8, 6}, {2, 7}, {4, 5}, {1, 3}], [{8, 6}, {2, 7}, {5}, {4}, {1, 3}], [{8, 6}, {3, 7}, {1, 5}, {2, 4}], [{8, 6}, {3, 7}, {1, 5}, {4}, {2}], [{8, 6}, {3, 7}, {2, 5}, {1, 4}], [{8, 6}, {3, 7}, {4, 5}, {1, 2}], [{8, 6}, {3, 7}, {5}, {2, 4}, {1}], [{8, 6}, {4, 7}, {1, 5}, {2, 3}], [{8, 6}, {4, 7}, {1, 5}, {3}, {2}], [{8, 6}, {4, 7}, {2, 5}, {1, 3}], [{8, 6}, {4, 7}, {2, 5}, {3}, {1}], [{8, 6}, {4, 7}, {3, 5}, {1, 2}], [{8, 6}, {4, 7}, {3, 5}, {2}, {1}], [{8, 6}, {4, 7}, {5}, {1, 3}, {2}], [{8, 6}, {4, 7}, {5}, {2, 3}, {1}], [{8, 6}, {4, 7}, {5}, {3}, {1, 2}], [{8, 6}, {5, 7}, {1, 4}, {2, 3}], [{8, 6}, {5, 7}, {2, 4}, {1, 3}], [{8, 6}, {5, 7}, {2, 4}, {3}, {1}], [{8, 6}, {5, 7}, {3, 4}, {1, 2}], [{8, 6}, {5, 7}, {4}, {1, 3}, {2}], [{8, 6}, {7}, {1, 5}, {2, 4}, {3}], [{8, 6}, {7}, {1, 5}, {3, 4}, {2}], [{8, 6}, {7}, {1, 5}, {4}, {2, 3}], [{8, 6}, {7}, {1, 5}, {4}, {3}, {2}], [{8, 6}, {7}, {2, 5}, {4}, {1, 3}], [{8, 6}, {7}, {3, 5}, {1, 4}, {2}], [{8, 6}, {7}, {3, 5}, {2, 4}, {1}], [{8, 6}, {7}, {3, 5}, {4}, {1, 2}], [{8, 6}, {7}, {3, 5}, {4}, {2}, {1}], [{8, 6}, {7}, {4, 5}, {1, 3}, {2}], [{8, 6}, {7}, {5}, {2, 4}, {1, 3}], [{8, 6}, {7}, {5}, {4}, {1, 3}, {2}], [{8, 7}, {1, 6}, {2, 5}, {3, 4}], [{8, 7}, {1, 6}, {3, 5}, {2, 4}], [{8, 7}, {1, 6}, {4, 5}, {2, 3}], [{8, 7}, {1, 6}, {4, 5}, {3}, {2}], [{8, 7}, {2, 6}, {1, 5}, {3, 4}], [{8, 7}, {2, 6}, {3, 5}, {1, 4}], [{8, 7}, {2, 6}, {4, 5}, {1, 3}], [{8, 7}, {2, 6}, {5}, {3, 4}, {1}], [{8, 7}, {3, 6}, {1, 5}, {2, 4}], [{8, 7}, {3, 6}, {2, 5}, {1, 4}], [{8, 7}, {3, 6}, {2, 5}, {4}, {1}], [{8, 7}, {3, 6}, {4, 5}, {1, 2}], [{8, 7}, {3, 6}, {4, 5}, {2}, {1}], [{8, 7}, {3, 6}, {5}, {2, 4}, {1}], [{8, 7}, {4, 6}, {1, 5}, {2, 3}], [{8, 7}, {4, 6}, {2, 5}, {1, 3}], [{8, 7}, {4, 6}, {3, 5}, {1, 2}], [{8, 7}, {4, 6}, {5}, {1, 3}, {2}], [{8, 7}, {4, 6}, {5}, {2, 3}, {1}], [{8, 7}, {4, 6}, {5}, {3}, {1, 2}], [{8, 7}, {5, 6}, {1, 4}, {2, 3}], [{8, 7}, {5, 6}, {2, 4}, {1, 3}], [{8, 7}, {5, 6}, {2, 4}, {3}, {1}], [{8, 7}, {5, 6}, {3, 4}, {1, 2}], [{8, 7}, {5, 6}, {4}, {1, 3}, {2}], [{8, 7}, {6}, {1, 5}, {4}, {2, 3}], [{8, 7}, {6}, {3, 5}, {1, 4}, {2}], [{8, 7}, {6}, {3, 5}, {2, 4}, {1}], [{8, 7}, {6}, {3, 5}, {4}, {1, 2}], [{8, 7}, {6}, {4, 5}, {1, 3}, {2}], [{8}, {1, 7}, {2, 6}, {5}, {3, 4}], [{8}, {2, 7}, {1, 6}, {4, 5}, {3}], [{8}, {2, 7}, {3, 6}, {4, 5}, {1}], [{8}, {2, 7}, {6}, {3, 5}, {1, 4}], [{8}, {2, 7}, {6}, {4, 5}, {1, 3}], [{8}, {3, 7}, {1, 6}, {2, 5}, {4}], [{8}, {3, 7}, {4, 6}, {1, 5}, {2}], [{8}, {3, 7}, {5, 6}, {2, 4}, {1}], [{8}, {4, 7}, {1, 6}, {5}, {2, 3}], [{8}, {4, 7}, {3, 6}, {1, 5}, {2}], [{8}, {4, 7}, {3, 6}, {2, 5}, {1}], [{8}, {4, 7}, {3, 6}, {5}, {1, 2}], [{8}, {4, 7}, {5, 6}, {1, 3}, {2}], [{8}, {5, 7}, {2, 6}, {3, 4}, {1}], [{8}, {5, 7}, {3, 6}, {2, 4}, {1}], [{8}, {5, 7}, {4, 6}, {1, 3}, {2}], [{8}, {5, 7}, {4, 6}, {2, 3}, {1}], [{8}, {5, 7}, {4, 6}, {3}, {1, 2}], [{8}, {6, 7}, {1, 5}, {4}, {2, 3}], [{8}, {6, 7}, {3, 5}, {1, 4}, {2}], [{8}, {6, 7}, {3, 5}, {2, 4}, {1}], [{8}, {6, 7}, {3, 5}, {4}, {1, 2}], [{8}, {6, 7}, {4, 5}, {1, 3}, {2}], [{8}, {7}, {2, 6}, {1, 5}, {3, 4}], [{8}, {7}, {2, 6}, {3, 5}, {1, 4}], [{8}, {7}, {2, 6}, {4, 5}, {1, 3}], [{8}, {7}, {2, 6}, {5}, {3, 4}, {1}], [{8}, {7}, {6}, {3, 5}, {1, 4}, {2}], [{8}, {7}, {6}, {4, 5}, {1, 3}, {2}]]",2,- 18 K_1^2 - 4 K_1 K_2 + 2 K_1 + 9 K_2 + 2 K_3 + 10,O1O2O3U1O4U3U5O6U7U2O7U4U6O8O5U8,O1O2U3O4O3U1O5O6U2O7U6U4U7O8U5U8,O1O2U3O4O5U4O6O3U7U2O7U8U5U1O8U6,c,{'O1O2O3U4O5O4U6U7O8U2U8O6U5U1O7U3'},1,"<a href=""/flatknot/8.975903"">8.975903</a>",t^9-44t^7-108t^6-17t^5+136t^4+66t^3-38t^2-15t-2,t^2-2t,,
8.975904,O1O2O3U4O5O4U6U7O8U3U1O6U8U2O7U5,3,5z^2+42z+65,5w^3z^2+42w^2z+65w,False,False,"[[ 0 -1  1  0  1  2 -2 -2  1],[ 1  0  1  0  1  1  0 -1  1],[-1 -1  0  0 -1  0 -1 -1  0],[ 0  0  0  0  0 -1  0  0  0],[-1 -1  1  0  0  2 -3 -3  1],[-2 -1  0  1 -2  0 -2 -1 -1],[ 2  0  1  0  3  2  0  0  1],[ 2  1  1  0  3  1  0  0  1],[-1 -1  0  0 -1  1 -1 -1  0]]","[[ 0  2  1  1  1  0 -1 -2 -2],[-2  0  0 -1 -2  1 -1 -1 -2],[-1  0  0  0 -1  0 -1 -1 -1],[-1  1  0  0 -1  0 -1 -1 -1],[-1  2  1  1  0  0 -1 -3 -3],[ 0 -1  0  0  0  0  0  0  0],[ 1  1  1  1  1  0  0 -1  0],[ 2  1  1  1  3  0  1  0  0],[ 2  2  1  1  3  0  0  0  0]]",True,"[-2,-1,-1,-1,0,1,2,2,0,1,2,-1,1,1,2,0,1,0,1,1,1,1,0,1,1,1,0,1,3,3,0,0,0,1,0,0]","[-2,-2,-1,0,1,1,1,2,0,0,0,1,1,3,2,1,0,1,1,3,1,0,1,1,1,1,0,0,0,-1,0,-1,0,-1,1,2]",t^8+40t^6+87t^4+32t^2,"[-2,-2,-1,0,1,1,1,2,0,0,2,0,2,2,3,1,2,0,2,2,2,1,1,1,1,2,1,1,1,3,-1,-1,-1,0,0,1]","[-2,-1,-1,-1,0,1,2,2,-1,0,1,3,2,2,3,1,1,1,1,0,0,0,1,1,2,2,1,1,2,2,1,2,2,1,0,0]","[-2,-2,-1,0,1,1,1,2,0,0,0,1,1,3,2,1,0,1,1,3,1,0,1,1,1,1,0,0,0,-1,0,-1,0,-1,1,2]",c,"[[{8, 4}, {2, 7}, {3, 6}, {1, 5}], [{8, 4}, {3, 7}, {2, 6}, {1, 5}], [{8}, {2, 7}, {3, 6}, {1, 5}, {4}], [{8}, {3, 7}, {2, 6}, {1, 5}, {4}]]",1,- 10 K_1^2 + 5 K_2 + 6,O1O2O3U4O5U2U6O7U3U1O6U5U7O8O4U8,O1O2U3O4O5U1O3O6U2O7U5U6U4O8U7U8,O1O2U3O4O5U2O6O3U7U8O7U5U1U4O8U6,c,"{'O1O2O3U4O5O4U6U7U2O8U1O6U3U8O7U5', 'O1O2O3U4O5O4U6U7O8U3U1O6U8U2O7U5', 'O1O2U3O4O5U6O3U7U2O8U1U4O6U8O7U5'}",3,"<a href=""/flatknot/8.975904"">8.975904</a>",t^9-42t^7-80t^6+48t^5+96t^4-19t^3-4t^2,t^2-2t,,
8.975905,O1O2O3U4O5O4U6U7O8U3U1O6U8U5O7U2,3,6z^2+51z+79,6w^3z^2+51w^2z+79w,False,False,"[[ 0 -1  1  0  1  2 -2 -2  1],[ 1  0  1  0  1  1  0 -1  1],[-1 -1  0  0  0  1 -2 -2  0],[ 0  0  0  0  0  0  0 -1  0],[-1 -1  0  0  0  2 -3 -2  1],[-2 -1 -1  0 -2  0 -1 -1 -1],[ 2  0  2  0  3  1  0  0  1],[ 2  1  2  1  2  1  0  0  1],[-1 -1  0  0 -1  1 -1 -1  0]]","[[ 0  2  1  1  1  0 -1 -2 -2],[-2  0 -1 -1 -2  0 -1 -1 -1],[-1  1  0  0  0  0 -1 -2 -2],[-1  1  0  0 -1  0 -1 -1 -1],[-1  2  0  1  0  0 -1 -2 -3],[ 0  0  0  0  0  0  0 -1  0],[ 1  1  1  1  1  0  0 -1  0],[ 2  1  2  1  2  1  1  0  0],[ 2  1  2  1  3  0  0  0  0]]",True,"[-2,-1,-1,-1,0,1,2,2,1,1,2,0,1,1,1,0,0,0,1,2,2,1,0,1,1,1,0,1,2,3,0,1,0,1,0,0]","[-2,-2,-1,0,1,1,1,2,0,0,0,1,2,3,1,1,1,1,2,2,1,0,1,1,1,1,0,0,0,0,0,-1,1,0,1,2]",t^8+38t^6+84t^4+44t^2,"[-2,-2,-1,0,1,1,1,2,0,0,1,1,1,2,3,1,2,0,1,2,3,1,1,1,1,2,1,1,1,2,0,-1,-1,0,0,0]","[-2,-1,-1,-1,0,1,2,2,-1,0,0,2,2,3,3,0,1,1,1,0,1,0,1,1,1,1,1,1,2,2,1,2,1,1,0,0]","[-2,-2,-1,0,1,1,1,2,0,0,0,1,2,3,1,1,1,1,2,2,1,0,1,1,1,1,0,0,0,0,0,-1,1,0,1,2]",c,"[[{8, 1}, {2, 7}, {4, 6}, {3, 5}], [{8, 1}, {7}, {4, 6}, {3, 5}, {2}], [{8, 2}, {3, 7}, {5, 6}, {1, 4}], [{8, 2}, {3, 7}, {6}, {5}, {1, 4}], [{8, 3}, {2, 7}, {4, 6}, {1, 5}], [{8, 3}, {2, 7}, {5, 6}, {1, 4}], [{8, 3}, {7}, {4, 6}, {1, 5}, {2}], [{8, 6}, {2, 7}, {1, 5}, {3, 4}], [{8, 7}, {5, 6}, {1, 4}, {2, 3}]]",1,- 10 K_1^2 + 5 K_2 + 6,O1O2O3U2O4U5U6O7U3U1O6U4U7O8O5U8,O1O2U3O4O5U1O3O6U2O7U5U7U4O8U6U8,O1O2U3O4O5U2O6O3U7U1O7U5U8U4O8U6,c,"{'O1O2O3U4O5O4U6U7O8U3U1O6U8U5O7U2', 'O1O2U3O4O3U5O6O5U7U1O8U2U4O7U8U6'}",2,"<a href=""/flatknot/8.975905"">8.975905</a>",t^9-40t^7-54t^6+47t^5+84t^4+12t^3-18t^2-8t,t^2-2t,,
8.975906,O1O2O3U4O5O4U6U7O8U3U2O6U8U1O7U5,3,11z^2+68z+93,11w^3z^2+68w^2z+93w,False,False,"[[ 0  0  0  0  1  2 -2 -2  1],[ 0  0  0  0  0  1 -1 -1  1],[ 0  0  0  0  0  0 -1 -1  1],[ 0  0  0  0  0 -1  0  0  0],[-1  0  0  0  0  2 -3 -3  1],[-2 -1  0  1 -2  0 -2 -1 -1],[ 2  1  1  0  3  2  0  0  1],[ 2  1  1  0  3  1  0  0  1],[-1 -1 -1  0 -1  1 -1 -1  0]]","[[ 0  2  1  1  0  0  0 -2 -2],[-2  0 -1 -2  1  0 -1 -1 -2],[-1  1  0 -1  0 -1 -1 -1 -1],[-1  2  1  0  0  0  0 -3 -3],[ 0 -1  0  0  0  0  0  0  0],[ 0  0  1  0  0  0  0 -1 -1],[ 0  1  1  0  0  0  0 -1 -1],[ 2  1  1  3  0  1  1  0  0],[ 2  2  1  3  0  1  1  0  0]]",True,"[-2,-1,-1,0,0,0,2,2,1,2,-1,0,1,1,2,1,0,1,1,1,1,0,0,0,3,3,0,0,0,0,0,1,1,1,1,0]","[-2,-2,0,0,0,1,1,2,0,0,1,1,1,3,1,0,1,1,1,3,2,0,0,0,0,-1,0,1,0,0,1,0,1,-1,1,2]",t^8+39t^6+104t^4+32t^2,"[-2,-2,0,0,0,1,1,2,0,1,1,2,0,2,2,1,1,2,0,2,3,0,0,1,0,1,0,1,0,2,1,1,3,-1,-1,0]","[-2,-1,-1,0,0,0,2,2,-1,0,1,2,3,2,3,1,1,1,1,0,0,0,0,1,2,2,0,0,1,1,0,1,1,2,2,0]","[-2,-2,0,0,0,1,1,2,0,0,1,1,1,3,1,0,1,1,1,3,2,0,0,0,0,-1,0,1,0,0,1,0,1,-1,1,2]",c,"[[{8, 4}, {1, 7}, {2, 6}, {3, 5}], [{8, 4}, {1, 7}, {3, 6}, {2, 5}], [{8, 4}, {7}, {2, 6}, {3, 5}, {1}], [{8, 4}, {7}, {3, 6}, {2, 5}, {1}]]",1,- 10 K_1^2 + 5 K_2 + 6,O1O2O3U4O5U3U6O7U2U1O6U5U7O8O4U8,O1O2U3O4O5U1O3O6U2O7U6U5U4O8U7U8,O1O2U3O4O5U2O6O3U7U8O7U5U4U1O8U6,c,{'O1O2O3U4O5O4U6U7O8U3U2O6U8U1O7U5'},1,"<a href=""/flatknot/8.975906"">8.975906</a>",t^9-41t^7-60t^6+51t^5+42t^4-27t^3-16t^2,t^2-2t,,
8.975907,O1O2O3U4O5O4U6U7O8U3U8O6U1U2O7U5,4,4z^3+38z^2+111z+103,4w^4z^3+38w^3z^2+111w^2z+103w,False,False,"[[ 0 -1  1  0  1  2 -2 -2  1],[ 1  0  1  0  1  1  0  0  1],[-1 -1  0  0 -1  0 -2 -1  1],[ 0  0  0  0  0 -1 -1  0  1],[-1 -1  1  0  0  2 -3 -3  1],[-2 -1  0  1 -2  0 -3 -1  0],[ 2  0  2  1  3  3  0 -1  1],[ 2  0  1  0  3  1  1  0  1],[-1 -1 -1 -1 -1  0 -1 -1  0]]","[[ 0  2  1  1  1  0 -1 -2 -2],[-2  0  0  0 -2  1 -1 -1 -3],[-1  0  0  1 -1  0 -1 -1 -2],[-1  0 -1  0 -1 -1 -1 -1 -1],[-1  2  1  1  0  0 -1 -3 -3],[ 0 -1  0  1  0  0  0  0 -1],[ 1  1  1  1  1  0  0  0  0],[ 2  1  1  1  3  0  0  0  1],[ 2  3  2  1  3  1  0 -1  0]]",True,"[-2,-1,-1,-1,0,1,2,2,0,0,2,-1,1,1,3,-1,1,0,1,1,2,1,1,1,1,1,0,1,3,3,0,0,1,0,0,-1]","[-2,-2,-1,0,1,1,1,2,-1,0,1,1,2,3,3,0,0,1,1,3,1,0,1,1,1,1,1,0,0,-1,-1,-1,0,-1,0,2]",t^8+50t^6+205t^4+107t^2+4,"[-2,-2,-1,0,1,1,1,2,-1,1,2,0,2,2,3,1,1,0,1,2,1,1,1,1,1,2,1,1,0,3,-1,-1,-1,-1,1,1]","[-2,-1,-1,-1,0,1,2,2,-1,1,1,3,2,1,3,1,1,1,1,0,0,-1,0,1,2,2,1,1,1,2,1,1,2,1,1,-1]","[-2,-2,-1,0,1,1,1,2,-1,0,1,1,2,3,3,0,0,1,1,3,1,0,1,1,1,1,1,0,0,-1,-1,-1,0,-1,0,2]",c,"[[{8, 5}, {4, 7}, {3, 6}, {1, 2}], [{8, 5}, {4, 7}, {3, 6}, {2}, {1}]]",1,4 K_1^3 - 22 K_1^2 - 4 K_1 K_2 - K_1 + 11 K_2 + K_3 + 12,O1O2O3U4O5U2U3O6U7U1O7U5U6O8O4U8,O1O2U3O4O3U1O5O6U2O7U5U6U4O8U7U8,O1O2U3O4O5U4O6O3U7U8O7U5U1U2O8U6,c,{'O1O2O3U4O5O4U6U7O8U3U8O6U1U2O7U5'},1,"<a href=""/flatknot/8.975907"">8.975907</a>",t^9-52t^7-128t^6+104t^5+284t^4-118t^3-76t^2-10,t^2-2t,,
8.975908,O1O2O3U4O5O4U6U7O8U3U8O6U1U5O7U2,4,13z^2+98z+145,13w^3z^2+98w^2z+145w,False,False,"[[ 0 -1  1  0  1  2 -2 -2  1],[ 1  0  1  0  1  1  0  0  1],[-1 -1  0  0  0  1 -3 -2  1],[ 0  0  0  0  0  0 -1 -1  1],[-1 -1  0  0  0  2 -3 -2  1],[-2 -1 -1  0 -2  0 -2 -1  0],[ 2  0  3  1  3  2  0 -1  1],[ 2  0  2  1  2  1  1  0  1],[-1 -1 -1 -1 -1  0 -1 -1  0]]","[[ 0  2  1  1  1  0 -1 -2 -2],[-2  0  0 -1 -2  0 -1 -1 -2],[-1  0  0 -1 -1 -1 -1 -1 -1],[-1  1  1  0  0  0 -1 -2 -3],[-1  2  1  0  0  0 -1 -2 -3],[ 0  0  1  0  0  0  0 -1 -1],[ 1  1  1  1  1  0  0  0  0],[ 2  1  1  2  2  1  0  0  1],[ 2  2  1  3  3  1  0 -1  0]]",True,"[-2,-1,-1,-1,0,1,2,2,0,1,2,0,1,1,2,1,1,1,1,1,1,0,0,1,2,3,0,1,2,3,0,1,1,0,0,-1]","[-2,-2,-1,0,1,1,1,2,-1,0,1,1,3,3,2,0,1,1,2,2,1,0,1,1,1,1,1,0,0,0,-1,-1,0,0,1,2]",t^8+48t^6+92t^4+47t^2+4,"[-2,-2,-1,0,1,1,1,2,-1,1,1,1,1,2,3,1,1,0,0,2,2,1,1,1,1,2,1,1,0,2,0,-1,-1,-1,0,1]","[-2,-1,-1,-1,0,1,2,2,-1,0,1,2,2,2,3,0,1,1,1,0,1,1,1,1,0,1,0,1,2,2,1,1,1,1,1,-1]","[-2,-2,-1,0,1,1,1,2,-1,0,1,1,3,3,2,0,1,1,2,2,1,0,1,1,1,1,1,0,0,0,-1,-1,0,0,1,2]",c,"[[{8, 1}, {2, 7}, {3, 6}, {4, 5}], [{8, 1}, {2, 7}, {3, 6}, {5}, {4}], [{8, 1}, {2, 7}, {4, 6}, {3, 5}], [{8, 1}, {2, 7}, {5, 6}, {3, 4}], [{8, 1}, {2, 7}, {5, 6}, {4}, {3}], [{8, 1}, {2, 7}, {6}, {3, 5}, {4}], [{8, 1}, {3, 7}, {2, 6}, {4, 5}], [{8, 1}, {3, 7}, {4, 6}, {2, 5}], [{8, 1}, {3, 7}, {5, 6}, {2, 4}], [{8, 1}, {3, 7}, {6}, {5}, {2, 4}], [{8, 1}, {4, 7}, {2, 6}, {3, 5}], [{8, 1}, {4, 7}, {2, 6}, {5}, {3}], [{8, 1}, {4, 7}, {3, 6}, {2, 5}], [{8, 1}, {4, 7}, {5, 6}, {2, 3}], [{8, 1}, {4, 7}, {5, 6}, {3}, {2}], [{8, 1}, {4, 7}, {6}, {2, 5}, {3}], [{8, 1}, {5, 7}, {2, 6}, {3, 4}], [{8, 1}, {5, 7}, {3, 6}, {2, 4}], [{8, 1}, {5, 7}, {4, 6}, {2, 3}], [{8, 1}, {6, 7}, {2, 5}, {3, 4}], [{8, 1}, {6, 7}, {3, 5}, {2, 4}], [{8, 1}, {6, 7}, {4, 5}, {2, 3}], [{8, 1}, {7}, {3, 6}, {4, 5}, {2}], [{8, 1}, {7}, {4, 6}, {3, 5}, {2}], [{8, 1}, {7}, {5, 6}, {2, 4}, {3}], [{8, 2}, {1, 7}, {3, 6}, {4, 5}], [{8, 2}, {1, 7}, {4, 6}, {3, 5}], [{8, 2}, {1, 7}, {4, 6}, {5}, {3}], [{8, 2}, {1, 7}, {5, 6}, {3, 4}], [{8, 2}, {3, 7}, {1, 6}, {4, 5}], [{8, 2}, {3, 7}, {4, 6}, {1, 5}], [{8, 2}, {3, 7}, {5, 6}, {1, 4}], [{8, 2}, {3, 7}, {6}, {4, 5}, {1}], [{8, 2}, {4, 7}, {1, 6}, {3, 5}], [{8, 2}, {4, 7}, {3, 6}, {1, 5}], [{8, 2}, {4, 7}, {5, 6}, {1, 3}], [{8, 2}, {4, 7}, {6}, {3, 5}, {1}], [{8, 2}, {5, 7}, {1, 6}, {3, 4}], [{8, 2}, {5, 7}, {3, 6}, {1, 4}], [{8, 2}, {5, 7}, {4, 6}, {1, 3}], [{8, 2}, {5, 7}, {6}, {1, 4}, {3}], [{8, 2}, {6, 7}, {1, 5}, {3, 4}], [{8, 2}, {6, 7}, {3, 5}, {1, 4}], [{8, 2}, {6, 7}, {3, 5}, {4}, {1}], [{8, 2}, {6, 7}, {4, 5}, {1, 3}], [{8, 2}, {7}, {3, 6}, {1, 5}, {4}], [{8, 2}, {7}, {4, 6}, {3, 5}, {1}], [{8, 2}, {7}, {5, 6}, {4}, {1, 3}], [{8, 3}, {1, 7}, {2, 6}, {4, 5}], [{8, 3}, {1, 7}, {4, 6}, {2, 5}], [{8, 3}, {1, 7}, {4, 6}, {5}, {2}], [{8, 3}, {1, 7}, {5, 6}, {2, 4}], [{8, 3}, {2, 7}, {1, 6}, {4, 5}], [{8, 3}, {2, 7}, {4, 6}, {1, 5}], [{8, 3}, {2, 7}, {5, 6}, {1, 4}], [{8, 3}, {2, 7}, {6}, {5}, {1, 4}], [{8, 3}, {4, 7}, {1, 6}, {2, 5}], [{8, 3}, {4, 7}, {2, 6}, {1, 5}], [{8, 3}, {4, 7}, {2, 6}, {5}, {1}], [{8, 3}, {4, 7}, {5, 6}, {1, 2}], [{8, 3}, {5, 7}, {1, 6}, {2, 4}], [{8, 3}, {5, 7}, {2, 6}, {1, 4}], [{8, 3}, {5, 7}, {4, 6}, {1, 2}], [{8, 3}, {6, 7}, {1, 5}, {2, 4}], [{8, 3}, {6, 7}, {2, 5}, {1, 4}], [{8, 3}, {6, 7}, {4, 5}, {1, 2}], [{8, 3}, {7}, {1, 6}, {2, 5}, {4}], [{8, 3}, {7}, {5, 6}, {2, 4}, {1}], [{8, 4}, {1, 7}, {2, 6}, {3, 5}], [{8, 4}, {1, 7}, {3, 6}, {2, 5}], [{8, 4}, {1, 7}, {5, 6}, {2, 3}], [{8, 4}, {1, 7}, {6}, {2, 5}, {3}], [{8, 4}, {1, 7}, {6}, {3, 5}, {2}], [{8, 4}, {1, 7}, {6}, {5}, {2, 3}], [{8, 4}, {2, 7}, {1, 6}, {3, 5}], [{8, 4}, {2, 7}, {3, 6}, {1, 5}], [{8, 4}, {2, 7}, {5, 6}, {1, 3}], [{8, 4}, {2, 7}, {6}, {1, 5}, {3}], [{8, 4}, {2, 7}, {6}, {3, 5}, {1}], [{8, 4}, {2, 7}, {6}, {5}, {1, 3}], [{8, 4}, {3, 7}, {1, 6}, {2, 5}], [{8, 4}, {3, 7}, {2, 6}, {1, 5}], [{8, 4}, {3, 7}, {5, 6}, {1, 2}], [{8, 4}, {3, 7}, {6}, {1, 5}, {2}], [{8, 4}, {3, 7}, {6}, {2, 5}, {1}], [{8, 4}, {3, 7}, {6}, {5}, {1, 2}], [{8, 4}, {5, 7}, {1, 6}, {2, 3}], [{8, 4}, {5, 7}, {2, 6}, {1, 3}], [{8, 4}, {5, 7}, {3, 6}, {1, 2}], [{8, 4}, {5, 7}, {6}, {1, 3}, {2}], [{8, 4}, {5, 7}, {6}, {2, 3}, {1}], [{8, 4}, {5, 7}, {6}, {3}, {1, 2}], [{8, 4}, {6, 7}, {1, 5}, {2, 3}], [{8, 4}, {6, 7}, {1, 5}, {3}, {2}], [{8, 4}, {6, 7}, {2, 5}, {1, 3}], [{8, 4}, {6, 7}, {3, 5}, {1, 2}], [{8, 4}, {6, 7}, {3, 5}, {2}, {1}], [{8, 4}, {6, 7}, {5}, {1, 3}, {2}], [{8, 4}, {7}, {1, 6}, {3, 5}, {2}], [{8, 4}, {7}, {2, 6}, {1, 5}, {3}], [{8, 4}, {7}, {2, 6}, {3, 5}, {1}], [{8, 4}, {7}, {2, 6}, {5}, {1, 3}], [{8, 4}, {7}, {3, 6}, {1, 5}, {2}], [{8, 4}, {7}, {5, 6}, {1, 3}, {2}], [{8, 4}, {7}, {6}, {1, 5}, {2, 3}], [{8, 4}, {7}, {6}, {1, 5}, {3}, {2}], [{8, 4}, {7}, {6}, {2, 5}, {1, 3}], [{8, 4}, {7}, {6}, {3, 5}, {1, 2}], [{8, 4}, {7}, {6}, {3, 5}, {2}, {1}], [{8, 4}, {7}, {6}, {5}, {1, 3}, {2}], [{8, 5}, {1, 7}, {2, 6}, {3, 4}], [{8, 5}, {1, 7}, {3, 6}, {2, 4}], [{8, 5}, {1, 7}, {4, 6}, {2, 3}], [{8, 5}, {1, 7}, {4, 6}, {3}, {2}], [{8, 5}, {2, 7}, {1, 6}, {3, 4}], [{8, 5}, {2, 7}, {3, 6}, {1, 4}], [{8, 5}, {2, 7}, {4, 6}, {1, 3}], [{8, 5}, {2, 7}, {6}, {1, 4}, {3}], [{8, 5}, {3, 7}, {1, 6}, {2, 4}], [{8, 5}, {3, 7}, {2, 6}, {1, 4}], [{8, 5}, {3, 7}, {4, 6}, {1, 2}], [{8, 5}, {4, 7}, {1, 6}, {2, 3}], [{8, 5}, {4, 7}, {2, 6}, {1, 3}], [{8, 5}, {4, 7}, {2, 6}, {3}, {1}], [{8, 5}, {4, 7}, {3, 6}, {1, 2}], [{8, 5}, {6, 7}, {1, 4}, {2, 3}], [{8, 5}, {6, 7}, {2, 4}, {1, 3}], [{8, 5}, {6, 7}, {3, 4}, {1, 2}], [{8, 5}, {6, 7}, {3, 4}, {2}, {1}], [{8, 5}, {7}, {1, 6}, {4}, {2, 3}], [{8, 5}, {7}, {3, 6}, {1, 4}, {2}], [{8, 5}, {7}, {6}, {3, 4}, {1, 2}], [{8, 6}, {1, 7}, {2, 5}, {3, 4}], [{8, 6}, {1, 7}, {2, 5}, {4}, {3}], [{8, 6}, {1, 7}, {3, 5}, {2, 4}], [{8, 6}, {1, 7}, {3, 5}, {4}, {2}], [{8, 6}, {1, 7}, {4, 5}, {2, 3}], [{8, 6}, {1, 7}, {5}, {4}, {2, 3}], [{8, 6}, {2, 7}, {1, 5}, {3, 4}], [{8, 6}, {2, 7}, {1, 5}, {4}, {3}], [{8, 6}, {2, 7}, {3, 5}, {1, 4}], [{8, 6}, {2, 7}, {3, 5}, {4}, {1}], [{8, 6}, {2, 7}, {4, 5}, {1, 3}], [{8, 6}, {2, 7}, {5}, {4}, {1, 3}], [{8, 6}, {3, 7}, {1, 5}, {2, 4}], [{8, 6}, {3, 7}, {1, 5}, {4}, {2}], [{8, 6}, {3, 7}, {2, 5}, {1, 4}], [{8, 6}, {3, 7}, {2, 5}, {4}, {1}], [{8, 6}, {3, 7}, {4, 5}, {1, 2}], [{8, 6}, {3, 7}, {4, 5}, {2}, {1}], [{8, 6}, {3, 7}, {5}, {1, 4}, {2}], [{8, 6}, {3, 7}, {5}, {2, 4}, {1}], [{8, 6}, {3, 7}, {5}, {4}, {1, 2}], [{8, 6}, {3, 7}, {5}, {4}, {2}, {1}], [{8, 6}, {4, 7}, {1, 5}, {2, 3}], [{8, 6}, {4, 7}, {2, 5}, {1, 3}], [{8, 6}, {4, 7}, {3, 5}, {1, 2}], [{8, 6}, {4, 7}, {3, 5}, {2}, {1}], [{8, 6}, {4, 7}, {5}, {3}, {1, 2}], [{8, 6}, {5, 7}, {1, 4}, {2, 3}], [{8, 6}, {5, 7}, {1, 4}, {3}, {2}], [{8, 6}, {5, 7}, {2, 4}, {1, 3}], [{8, 6}, {5, 7}, {2, 4}, {3}, {1}], [{8, 6}, {5, 7}, {3, 4}, {1, 2}], [{8, 6}, {5, 7}, {3, 4}, {2}, {1}], [{8, 6}, {5, 7}, {4}, {1, 3}, {2}], [{8, 6}, {5, 7}, {4}, {2, 3}, {1}], [{8, 6}, {5, 7}, {4}, {3}, {1, 2}], [{8, 6}, {5, 7}, {4}, {3}, {2}, {1}], [{8, 6}, {7}, {1, 5}, {4}, {2, 3}], [{8, 6}, {7}, {2, 5}, {4}, {1, 3}], [{8, 6}, {7}, {3, 5}, {1, 4}, {2}], [{8, 6}, {7}, {3, 5}, {2, 4}, {1}], [{8, 6}, {7}, {3, 5}, {4}, {1, 2}], [{8, 6}, {7}, {3, 5}, {4}, {2}, {1}], [{8, 6}, {7}, {4, 5}, {3}, {1, 2}], [{8, 6}, {7}, {5}, {3, 4}, {1, 2}], [{8, 6}, {7}, {5}, {4}, {3}, {1, 2}], [{8, 7}, {1, 6}, {2, 5}, {3, 4}], [{8, 7}, {1, 6}, {3, 5}, {2, 4}], [{8, 7}, {1, 6}, {4, 5}, {2, 3}], [{8, 7}, {1, 6}, {4, 5}, {3}, {2}], [{8, 7}, {2, 6}, {1, 5}, {3, 4}], [{8, 7}, {2, 6}, {1, 5}, {4}, {3}], [{8, 7}, {2, 6}, {3, 5}, {1, 4}], [{8, 7}, {2, 6}, {3, 5}, {4}, {1}], [{8, 7}, {2, 6}, {4, 5}, {1, 3}], [{8, 7}, {2, 6}, {5}, {4}, {1, 3}], [{8, 7}, {3, 6}, {1, 5}, {2, 4}], [{8, 7}, {3, 6}, {2, 5}, {1, 4}], [{8, 7}, {3, 6}, {2, 5}, {4}, {1}], [{8, 7}, {3, 6}, {4, 5}, {1, 2}], [{8, 7}, {4, 6}, {1, 5}, {2, 3}], [{8, 7}, {4, 6}, {2, 5}, {1, 3}], [{8, 7}, {4, 6}, {3, 5}, {1, 2}], [{8, 7}, {4, 6}, {3, 5}, {2}, {1}], [{8, 7}, {5, 6}, {1, 4}, {2, 3}], [{8, 7}, {5, 6}, {2, 4}, {1, 3}], [{8, 7}, {5, 6}, {3, 4}, {1, 2}], [{8, 7}, {5, 6}, {3, 4}, {2}, {1}], [{8, 7}, {6}, {3, 5}, {2, 4}, {1}], [{8}, {1, 7}, {4, 6}, {2, 5}, {3}], [{8}, {1, 7}, {4, 6}, {3, 5}, {2}], [{8}, {1, 7}, {4, 6}, {5}, {2, 3}], [{8}, {1, 7}, {4, 6}, {5}, {3}, {2}], [{8}, {2, 7}, {1, 6}, {3, 5}, {4}], [{8}, {2, 7}, {4, 6}, {1, 5}, {3}], [{8}, {2, 7}, {4, 6}, {3, 5}, {1}], [{8}, {2, 7}, {4, 6}, {5}, {1, 3}], [{8}, {2, 7}, {6}, {3, 5}, {1, 4}], [{8}, {2, 7}, {6}, {3, 5}, {4}, {1}], [{8}, {3, 7}, {1, 6}, {5}, {2, 4}], [{8}, {3, 7}, {2, 6}, {4, 5}, {1}], [{8}, {3, 7}, {4, 6}, {1, 5}, {2}], [{8}, {3, 7}, {4, 6}, {2, 5}, {1}], [{8}, {3, 7}, {4, 6}, {5}, {1, 2}], [{8}, {4, 7}, {2, 6}, {1, 5}, {3}], [{8}, {4, 7}, {2, 6}, {3, 5}, {1}], [{8}, {4, 7}, {2, 6}, {5}, {1, 3}], [{8}, {4, 7}, {5, 6}, {2, 3}, {1}], [{8}, {5, 7}, {2, 6}, {1, 4}, {3}], [{8}, {5, 7}, {4, 6}, {1, 3}, {2}], [{8}, {5, 7}, {4, 6}, {2, 3}, {1}], [{8}, {5, 7}, {4, 6}, {3}, {1, 2}], [{8}, {6, 7}, {3, 5}, {2, 4}, {1}], [{8}, {7}, {3, 6}, {1, 5}, {2, 4}], [{8}, {7}, {4, 6}, {1, 5}, {2, 3}], [{8}, {7}, {4, 6}, {2, 5}, {1, 3}], [{8}, {7}, {4, 6}, {3, 5}, {1, 2}], [{8}, {7}, {4, 6}, {3, 5}, {2}, {1}], [{8}, {7}, {5, 6}, {2, 4}, {1, 3}], [{8}, {7}, {5, 6}, {3, 4}, {1, 2}]]",2,- 26 K_1^2 - 4 K_1 K_2 + 2 K_1 + 13 K_2 + 2 K_3 + 14,O1O2O3U2O4U5U3O6U7U1O7U4U6O8O5U8,O1O2U3O4O3U1O5O6U2O7U5U7U4O8U6U8,O1O2U3O4O5U4O6O3U7U1O7U5U8U2O8U6,c,{'O1O2O3U4O5O4U6U7O8U3U8O6U1U5O7U2'},1,"<a href=""/flatknot/8.975908"">8.975908</a>",t^9-50t^7-106t^6+27t^5+118t^4-59t^3-52t^2+39t-2,t^2-2t,,
8.975909,O1O2O3U4O5O4U6U7O8U3U8O6U2U1O7U5,4,27z^2+112z+117,27w^3z^2+112w^2z+117w,False,False,"[[ 0  0  0  0  1  2 -2 -2  1],[ 0  0  0  0  0  1 -1 -1  1],[ 0  0  0  0  0  0 -1  0  1],[ 0  0  0  0  0 -1 -1  0  1],[-1  0  0  0  0  2 -3 -3  1],[-2 -1  0  1 -2  0 -3 -1  0],[ 2  1  1  1  3  3  0 -1  1],[ 2  1  0  0  3  1  1  0  1],[-1 -1 -1 -1 -1  0 -1 -1  0]]","[[ 0  2  1  1  0  0  0 -2 -2],[-2  0  0 -2  1  0 -1 -1 -3],[-1  0  0 -1 -1 -1 -1 -1 -1],[-1  2  1  0  0  0  0 -3 -3],[ 0 -1  1  0  0  0  0  0 -1],[ 0  0  1  0  0  0  0  0 -1],[ 0  1  1  0  0  0  0 -1 -1],[ 2  1  1  3  0  0  1  0  1],[ 2  3  1  3  1  1  1 -1  0]]",True,"[-2,-1,-1,0,0,0,2,2,0,2,-1,0,1,1,3,1,1,1,1,1,1,0,0,0,3,3,0,0,0,1,0,0,1,1,1,-1]","[-2,-2,0,0,0,1,1,2,-1,1,1,1,1,3,3,0,0,1,1,3,1,0,0,1,0,-1,0,1,0,0,1,0,1,-1,0,2]",t^8+45t^6+191t^4+91t^2+4,"[-2,-2,0,0,0,1,1,2,-1,1,2,2,0,2,3,1,1,1,0,2,1,0,0,1,0,1,0,1,0,2,1,0,3,-1,-1,1]","[-2,-1,-1,0,0,0,2,2,-1,1,1,2,3,1,3,1,1,1,1,0,0,0,0,0,2,2,0,0,1,1,0,1,2,1,2,-1]","[-2,-2,0,0,0,1,1,2,-1,1,1,1,1,3,3,0,0,1,1,3,1,0,0,1,0,-1,0,1,0,0,1,0,1,-1,0,2]",c,"[[{8, 5}, {4, 7}, {3, 6}, {1, 2}]]",1,- 2 K_1^2 + K_2 + 2,O1O2O3U4O5U3U2O6U7U1O7U5U6O8O4U8,O1O2U3O4O3U1O5O6U2O7U6U5U4O8U7U8,O1O2U3O4O5U4O6O3U7U8O7U5U2U1O8U6,c,{'O1O2O3U4O5O4U6U7O8U3U8O6U2U1O7U5'},1,"<a href=""/flatknot/8.975909"">8.975909</a>",t^9-47t^7-108t^6+102t^5+254t^4-96t^3-66t^2+3t+2,t^2-2t,,
8.975910,O1O2O3U4O5O4U6U7O8U3U8O6U5U1O7U2,3,14z^2+95z+135,14w^3z^2-4w^3z+99w^2z+135w,False,False,"[[ 0  0  1  0  1  1 -2 -2  1],[ 0  0  0 -1  1  0 -1 -1  1],[-1  0  0  0  0  1 -3 -2  1],[ 0  1  0  0  0  0 -1 -1  1],[-1 -1  0  0  0  1 -3 -2  1],[-1  0 -1  0 -1  0 -1  0  0],[ 2  1  3  1  3  1  0 -1  1],[ 2  1  2  1  2  0  1  0  1],[-1 -1 -1 -1 -1  0 -1 -1  0]]","[[ 0  1  1  1  1  0  0 -2 -2],[-1  0  1  1  0  0  0 -2 -3],[-1 -1  0  0 -1  0  0  0 -1],[-1 -1  0  0 -1 -1 -1 -1 -1],[-1  0  1  1  0  0 -1 -2 -3],[ 0  0  0  1  0  0  1 -1 -1],[ 0  0  0  1  1 -1  0 -1 -1],[ 2  2  0  1  2  1  1  0  1],[ 2  3  1  1  3  1  1 -1  0]]",True,"[-1,-1,-1,-1,0,0,2,2,-1,-1,0,0,0,2,3,0,1,0,0,0,1,1,1,1,1,1,0,1,2,3,-1,1,1,1,1,-1]","[-2,-2,0,0,1,1,1,1,-1,1,1,1,1,2,3,1,1,0,0,2,2,-1,1,1,0,1,0,1,0,1,0,-1,-1,-1,-1,0]",t^8+42t^6+117t^4+38t^2,"[-2,-2,0,0,1,1,1,1,-1,1,1,1,1,2,3,1,1,0,0,2,2,-1,1,1,0,1,0,1,0,1,0,-1,-1,-1,-1,0]","[-1,-1,-1,-1,0,0,2,2,-1,-1,0,0,0,2,2,0,1,0,1,0,1,1,1,1,0,1,1,1,2,3,-1,1,1,1,1,-1]","[-2,-2,0,0,1,1,1,1,-1,1,1,1,1,3,3,1,1,0,1,2,2,-1,0,1,0,1,0,1,0,0,0,-1,-1,-1,-1,0]",c,"[[{8, 1}, {2, 7}, {3, 6}, {4, 5}], [{8, 1}, {2, 7}, {3, 6}, {5}, {4}], [{8, 1}, {2, 7}, {4, 6}, {3, 5}], [{8, 1}, {2, 7}, {4, 6}, {5}, {3}], [{8, 1}, {2, 7}, {5, 6}, {3, 4}], [{8, 1}, {2, 7}, {6}, {5}, {3, 4}], [{8, 1}, {3, 7}, {2, 6}, {4, 5}], [{8, 1}, {3, 7}, {4, 6}, {2, 5}], [{8, 1}, {3, 7}, {4, 6}, {5}, {2}], [{8, 1}, {3, 7}, {5, 6}, {2, 4}], [{8, 1}, {4, 7}, {2, 6}, {3, 5}], [{8, 1}, {4, 7}, {3, 6}, {2, 5}], [{8, 1}, {4, 7}, {3, 6}, {5}, {2}], [{8, 1}, {4, 7}, {5, 6}, {2, 3}], [{8, 1}, {5, 7}, {2, 6}, {3, 4}], [{8, 1}, {5, 7}, {3, 6}, {2, 4}], [{8, 1}, {5, 7}, {3, 6}, {4}, {2}], [{8, 1}, {5, 7}, {4, 6}, {2, 3}], [{8, 1}, {5, 7}, {4, 6}, {3}, {2}], [{8, 1}, {5, 7}, {6}, {3, 4}, {2}], [{8, 1}, {6, 7}, {2, 5}, {3, 4}], [{8, 1}, {6, 7}, {3, 5}, {2, 4}], [{8, 1}, {6, 7}, {4, 5}, {2, 3}], [{8, 1}, {6, 7}, {5}, {3, 4}, {2}], [{8, 1}, {7}, {2, 6}, {5}, {3, 4}], [{8, 1}, {7}, {3, 6}, {2, 5}, {4}], [{8, 1}, {7}, {3, 6}, {4, 5}, {2}], [{8, 1}, {7}, {3, 6}, {5}, {2, 4}], [{8, 1}, {7}, {3, 6}, {5}, {4}, {2}], [{8, 1}, {7}, {4, 6}, {2, 5}, {3}], [{8, 1}, {7}, {4, 6}, {3, 5}, {2}], [{8, 1}, {7}, {4, 6}, {5}, {2, 3}], [{8, 1}, {7}, {4, 6}, {5}, {3}, {2}], [{8, 1}, {7}, {5, 6}, {3, 4}, {2}], [{8, 1}, {7}, {6}, {2, 5}, {3, 4}], [{8, 1}, {7}, {6}, {5}, {3, 4}, {2}], [{8, 2}, {1, 7}, {3, 6}, {4, 5}], [{8, 2}, {1, 7}, {4, 6}, {3, 5}], [{8, 2}, {1, 7}, {5, 6}, {3, 4}], [{8, 2}, {1, 7}, {6}, {3, 5}, {4}], [{8, 2}, {1, 7}, {6}, {4, 5}, {3}], [{8, 2}, {1, 7}, {6}, {5}, {3, 4}], [{8, 2}, {3, 7}, {1, 6}, {4, 5}], [{8, 2}, {3, 7}, {4, 6}, {1, 5}], [{8, 2}, {3, 7}, {5, 6}, {1, 4}], [{8, 2}, {3, 7}, {6}, {1, 5}, {4}], [{8, 2}, {3, 7}, {6}, {4, 5}, {1}], [{8, 2}, {3, 7}, {6}, {5}, {1, 4}], [{8, 2}, {4, 7}, {1, 6}, {3, 5}], [{8, 2}, {4, 7}, {3, 6}, {1, 5}], [{8, 2}, {4, 7}, {5, 6}, {1, 3}], [{8, 2}, {4, 7}, {6}, {1, 5}, {3}], [{8, 2}, {4, 7}, {6}, {3, 5}, {1}], [{8, 2}, {4, 7}, {6}, {5}, {1, 3}], [{8, 2}, {5, 7}, {1, 6}, {3, 4}], [{8, 2}, {5, 7}, {1, 6}, {4}, {3}], [{8, 2}, {5, 7}, {3, 6}, {1, 4}], [{8, 2}, {5, 7}, {3, 6}, {4}, {1}], [{8, 2}, {5, 7}, {4, 6}, {1, 3}], [{8, 2}, {5, 7}, {4, 6}, {3}, {1}], [{8, 2}, {5, 7}, {6}, {1, 4}, {3}], [{8, 2}, {5, 7}, {6}, {3, 4}, {1}], [{8, 2}, {5, 7}, {6}, {4}, {1, 3}], [{8, 2}, {5, 7}, {6}, {4}, {3}, {1}], [{8, 2}, {6, 7}, {1, 5}, {3, 4}], [{8, 2}, {6, 7}, {3, 5}, {1, 4}], [{8, 2}, {6, 7}, {4, 5}, {1, 3}], [{8, 2}, {6, 7}, {5}, {3, 4}, {1}], [{8, 2}, {7}, {1, 6}, {5}, {3, 4}], [{8, 2}, {7}, {5, 6}, {3, 4}, {1}], [{8, 2}, {7}, {6}, {1, 5}, {3, 4}], [{8, 2}, {7}, {6}, {3, 5}, {1, 4}], [{8, 2}, {7}, {6}, {4, 5}, {1, 3}], [{8, 2}, {7}, {6}, {5}, {3, 4}, {1}], [{8, 3}, {1, 7}, {2, 6}, {4, 5}], [{8, 3}, {1, 7}, {4, 6}, {2, 5}], [{8, 3}, {1, 7}, {4, 6}, {5}, {2}], [{8, 3}, {1, 7}, {5, 6}, {2, 4}], [{8, 3}, {2, 7}, {1, 6}, {4, 5}], [{8, 3}, {2, 7}, {4, 6}, {1, 5}], [{8, 3}, {2, 7}, {5, 6}, {1, 4}], [{8, 3}, {2, 7}, {6}, {4, 5}, {1}], [{8, 3}, {4, 7}, {1, 6}, {2, 5}], [{8, 3}, {4, 7}, {1, 6}, {5}, {2}], [{8, 3}, {4, 7}, {2, 6}, {1, 5}], [{8, 3}, {4, 7}, {5, 6}, {1, 2}], [{8, 3}, {5, 7}, {1, 6}, {2, 4}], [{8, 3}, {5, 7}, {2, 6}, {1, 4}], [{8, 3}, {5, 7}, {4, 6}, {1, 2}], [{8, 3}, {5, 7}, {6}, {2, 4}, {1}], [{8, 3}, {6, 7}, {1, 5}, {2, 4}], [{8, 3}, {6, 7}, {2, 5}, {1, 4}], [{8, 3}, {6, 7}, {4, 5}, {1, 2}], [{8, 3}, {6, 7}, {5}, {1, 4}, {2}], [{8, 4}, {1, 7}, {2, 6}, {3, 5}], [{8, 4}, {1, 7}, {3, 6}, {2, 5}], [{8, 4}, {1, 7}, {3, 6}, {5}, {2}], [{8, 4}, {1, 7}, {5, 6}, {2, 3}], [{8, 4}, {2, 7}, {1, 6}, {3, 5}], [{8, 4}, {2, 7}, {3, 6}, {1, 5}], [{8, 4}, {2, 7}, {5, 6}, {1, 3}], [{8, 4}, {2, 7}, {6}, {3, 5}, {1}], [{8, 4}, {3, 7}, {1, 6}, {2, 5}], [{8, 4}, {3, 7}, {1, 6}, {5}, {2}], [{8, 4}, {3, 7}, {2, 6}, {1, 5}], [{8, 4}, {3, 7}, {5, 6}, {1, 2}], [{8, 4}, {5, 7}, {1, 6}, {2, 3}], [{8, 4}, {5, 7}, {2, 6}, {1, 3}], [{8, 4}, {5, 7}, {3, 6}, {1, 2}], [{8, 4}, {5, 7}, {6}, {2, 3}, {1}], [{8, 4}, {6, 7}, {1, 5}, {2, 3}], [{8, 4}, {6, 7}, {2, 5}, {1, 3}], [{8, 4}, {6, 7}, {3, 5}, {1, 2}], [{8, 4}, {6, 7}, {5}, {1, 3}, {2}], [{8, 5}, {1, 7}, {2, 6}, {3, 4}], [{8, 5}, {1, 7}, {3, 6}, {2, 4}], [{8, 5}, {1, 7}, {4, 6}, {2, 3}], [{8, 5}, {1, 7}, {6}, {2, 4}, {3}], [{8, 5}, {1, 7}, {6}, {3, 4}, {2}], [{8, 5}, {1, 7}, {6}, {4}, {2, 3}], [{8, 5}, {2, 7}, {1, 6}, {3, 4}], [{8, 5}, {2, 7}, {1, 6}, {4}, {3}], [{8, 5}, {2, 7}, {3, 6}, {1, 4}], [{8, 5}, {2, 7}, {3, 6}, {4}, {1}], [{8, 5}, {2, 7}, {4, 6}, {1, 3}], [{8, 5}, {2, 7}, {4, 6}, {3}, {1}], [{8, 5}, {2, 7}, {6}, {1, 4}, {3}], [{8, 5}, {2, 7}, {6}, {3, 4}, {1}], [{8, 5}, {2, 7}, {6}, {4}, {1, 3}], [{8, 5}, {2, 7}, {6}, {4}, {3}, {1}], [{8, 5}, {3, 7}, {1, 6}, {2, 4}], [{8, 5}, {3, 7}, {2, 6}, {1, 4}], [{8, 5}, {3, 7}, {4, 6}, {1, 2}], [{8, 5}, {3, 7}, {6}, {1, 4}, {2}], [{8, 5}, {3, 7}, {6}, {2, 4}, {1}], [{8, 5}, {3, 7}, {6}, {4}, {1, 2}], [{8, 5}, {4, 7}, {1, 6}, {2, 3}], [{8, 5}, {4, 7}, {2, 6}, {1, 3}], [{8, 5}, {4, 7}, {3, 6}, {1, 2}], [{8, 5}, {4, 7}, {6}, {1, 3}, {2}], [{8, 5}, {4, 7}, {6}, {2, 3}, {1}], [{8, 5}, {4, 7}, {6}, {3}, {1, 2}], [{8, 5}, {6, 7}, {1, 4}, {2, 3}], [{8, 5}, {6, 7}, {2, 4}, {1, 3}], [{8, 5}, {6, 7}, {3, 4}, {1, 2}], [{8, 5}, {6, 7}, {3, 4}, {2}, {1}], [{8, 5}, {7}, {1, 6}, {3, 4}, {2}], [{8, 5}, {7}, {2, 6}, {3, 4}, {1}], [{8, 5}, {7}, {6}, {1, 4}, {2, 3}], [{8, 5}, {7}, {6}, {2, 4}, {1, 3}], [{8, 5}, {7}, {6}, {3, 4}, {1, 2}], [{8, 5}, {7}, {6}, {3, 4}, {2}, {1}], [{8, 6}, {1, 7}, {2, 5}, {3, 4}], [{8, 6}, {1, 7}, {2, 5}, {4}, {3}], [{8, 6}, {1, 7}, {3, 5}, {2, 4}], [{8, 6}, {1, 7}, {3, 5}, {4}, {2}], [{8, 6}, {1, 7}, {4, 5}, {2, 3}], [{8, 6}, {1, 7}, {4, 5}, {3}, {2}], [{8, 6}, {1, 7}, {5}, {2, 4}, {3}], [{8, 6}, {1, 7}, {5}, {3, 4}, {2}], [{8, 6}, {1, 7}, {5}, {4}, {2, 3}], [{8, 6}, {1, 7}, {5}, {4}, {3}, {2}], [{8, 6}, {2, 7}, {1, 5}, {3, 4}], [{8, 6}, {2, 7}, {3, 5}, {1, 4}], [{8, 6}, {2, 7}, {4, 5}, {1, 3}], [{8, 6}, {2, 7}, {5}, {1, 4}, {3}], [{8, 6}, {2, 7}, {5}, {3, 4}, {1}], [{8, 6}, {2, 7}, {5}, {4}, {1, 3}], [{8, 6}, {3, 7}, {1, 5}, {2, 4}], [{8, 6}, {3, 7}, {1, 5}, {4}, {2}], [{8, 6}, {3, 7}, {2, 5}, {1, 4}], [{8, 6}, {3, 7}, {2, 5}, {4}, {1}], [{8, 6}, {3, 7}, {4, 5}, {1, 2}], [{8, 6}, {3, 7}, {4, 5}, {2}, {1}], [{8, 6}, {3, 7}, {5}, {1, 4}, {2}], [{8, 6}, {3, 7}, {5}, {2, 4}, {1}], [{8, 6}, {3, 7}, {5}, {4}, {1, 2}], [{8, 6}, {3, 7}, {5}, {4}, {2}, {1}], [{8, 6}, {4, 7}, {1, 5}, {2, 3}], [{8, 6}, {4, 7}, {1, 5}, {3}, {2}], [{8, 6}, {4, 7}, {2, 5}, {1, 3}], [{8, 6}, {4, 7}, {2, 5}, {3}, {1}], [{8, 6}, {4, 7}, {3, 5}, {1, 2}], [{8, 6}, {4, 7}, {3, 5}, {2}, {1}], [{8, 6}, {4, 7}, {5}, {1, 3}, {2}], [{8, 6}, {4, 7}, {5}, {2, 3}, {1}], [{8, 6}, {4, 7}, {5}, {3}, {1, 2}], [{8, 6}, {4, 7}, {5}, {3}, {2}, {1}], [{8, 6}, {5, 7}, {1, 4}, {2, 3}], [{8, 6}, {5, 7}, {1, 4}, {3}, {2}], [{8, 6}, {5, 7}, {2, 4}, {1, 3}], [{8, 6}, {5, 7}, {3, 4}, {1, 2}], [{8, 6}, {5, 7}, {3, 4}, {2}, {1}], [{8, 6}, {5, 7}, {4}, {1, 3}, {2}], [{8, 6}, {7}, {1, 5}, {3, 4}, {2}], [{8, 6}, {7}, {2, 5}, {1, 4}, {3}], [{8, 6}, {7}, {2, 5}, {3, 4}, {1}], [{8, 6}, {7}, {2, 5}, {4}, {1, 3}], [{8, 6}, {7}, {3, 5}, {1, 4}, {2}], [{8, 6}, {7}, {4, 5}, {1, 3}, {2}], [{8, 6}, {7}, {5}, {1, 4}, {2, 3}], [{8, 6}, {7}, {5}, {1, 4}, {3}, {2}], [{8, 6}, {7}, {5}, {2, 4}, {1, 3}], [{8, 6}, {7}, {5}, {3, 4}, {1, 2}], [{8, 6}, {7}, {5}, {3, 4}, {2}, {1}], [{8, 6}, {7}, {5}, {4}, {1, 3}, {2}], [{8, 7}, {1, 6}, {2, 5}, {3, 4}], [{8, 7}, {1, 6}, {2, 5}, {4}, {3}], [{8, 7}, {1, 6}, {3, 5}, {2, 4}], [{8, 7}, {1, 6}, {3, 5}, {4}, {2}], [{8, 7}, {1, 6}, {4, 5}, {2, 3}], [{8, 7}, {1, 6}, {4, 5}, {3}, {2}], [{8, 7}, {1, 6}, {5}, {2, 4}, {3}], [{8, 7}, {1, 6}, {5}, {3, 4}, {2}], [{8, 7}, {1, 6}, {5}, {4}, {2, 3}], [{8, 7}, {1, 6}, {5}, {4}, {3}, {2}], [{8, 7}, {2, 6}, {1, 5}, {3, 4}], [{8, 7}, {2, 6}, {3, 5}, {1, 4}], [{8, 7}, {2, 6}, {4, 5}, {1, 3}], [{8, 7}, {2, 6}, {5}, {3, 4}, {1}], [{8, 7}, {3, 6}, {1, 5}, {2, 4}], [{8, 7}, {3, 6}, {2, 5}, {1, 4}], [{8, 7}, {3, 6}, {4, 5}, {1, 2}], [{8, 7}, {3, 6}, {5}, {1, 4}, {2}], [{8, 7}, {4, 6}, {1, 5}, {2, 3}], [{8, 7}, {4, 6}, {2, 5}, {1, 3}], [{8, 7}, {4, 6}, {3, 5}, {1, 2}], [{8, 7}, {4, 6}, {5}, {1, 3}, {2}], [{8, 7}, {5, 6}, {1, 4}, {2, 3}], [{8, 7}, {5, 6}, {2, 4}, {1, 3}], [{8, 7}, {5, 6}, {3, 4}, {1, 2}], [{8, 7}, {5, 6}, {3, 4}, {2}, {1}], [{8, 7}, {6}, {1, 5}, {3, 4}, {2}], [{8, 7}, {6}, {2, 5}, {3, 4}, {1}], [{8, 7}, {6}, {5}, {3, 4}, {1, 2}], [{8, 7}, {6}, {5}, {3, 4}, {2}, {1}], [{8}, {1, 7}, {2, 6}, {3, 5}, {4}], [{8}, {1, 7}, {2, 6}, {4, 5}, {3}], [{8}, {1, 7}, {2, 6}, {5}, {3, 4}], [{8}, {1, 7}, {5, 6}, {2, 4}, {3}], [{8}, {1, 7}, {5, 6}, {3, 4}, {2}], [{8}, {1, 7}, {5, 6}, {4}, {2, 3}], [{8}, {1, 7}, {6}, {2, 5}, {3, 4}], [{8}, {1, 7}, {6}, {5}, {3, 4}, {2}], [{8}, {2, 7}, {1, 6}, {5}, {3, 4}], [{8}, {2, 7}, {3, 6}, {1, 5}, {4}], [{8}, {2, 7}, {4, 6}, {1, 5}, {3}], [{8}, {2, 7}, {5, 6}, {1, 4}, {3}], [{8}, {2, 7}, {5, 6}, {3, 4}, {1}], [{8}, {2, 7}, {5, 6}, {4}, {1, 3}], [{8}, {2, 7}, {6}, {1, 5}, {3, 4}], [{8}, {2, 7}, {6}, {5}, {3, 4}, {1}], [{8}, {3, 7}, {2, 6}, {1, 5}, {4}], [{8}, {3, 7}, {2, 6}, {4, 5}, {1}], [{8}, {3, 7}, {2, 6}, {5}, {1, 4}], [{8}, {3, 7}, {5, 6}, {1, 4}, {2}], [{8}, {3, 7}, {5, 6}, {2, 4}, {1}], [{8}, {3, 7}, {5, 6}, {4}, {1, 2}], [{8}, {3, 7}, {6}, {2, 5}, {1, 4}], [{8}, {3, 7}, {6}, {5}, {1, 4}, {2}], [{8}, {4, 7}, {2, 6}, {1, 5}, {3}], [{8}, {4, 7}, {2, 6}, {3, 5}, {1}], [{8}, {4, 7}, {2, 6}, {5}, {1, 3}], [{8}, {4, 7}, {5, 6}, {1, 3}, {2}], [{8}, {4, 7}, {5, 6}, {2, 3}, {1}], [{8}, {4, 7}, {5, 6}, {3}, {1, 2}], [{8}, {4, 7}, {6}, {2, 5}, {1, 3}], [{8}, {4, 7}, {6}, {5}, {1, 3}, {2}], [{8}, {5, 7}, {1, 6}, {3, 4}, {2}], [{8}, {5, 7}, {2, 6}, {1, 4}, {3}], [{8}, {5, 7}, {2, 6}, {3, 4}, {1}], [{8}, {5, 7}, {2, 6}, {4}, {1, 3}], [{8}, {5, 7}, {3, 6}, {4}, {1, 2}], [{8}, {5, 7}, {4, 6}, {3}, {1, 2}], [{8}, {5, 7}, {6}, {3, 4}, {1, 2}], [{8}, {5, 7}, {6}, {3, 4}, {2}, {1}], [{8}, {6, 7}, {1, 5}, {3, 4}, {2}], [{8}, {6, 7}, {2, 5}, {3, 4}, {1}], [{8}, {6, 7}, {5}, {3, 4}, {1, 2}], [{8}, {6, 7}, {5}, {3, 4}, {2}, {1}], [{8}, {7}, {1, 6}, {2, 5}, {3, 4}], [{8}, {7}, {1, 6}, {5}, {3, 4}, {2}], [{8}, {7}, {2, 6}, {1, 5}, {3, 4}], [{8}, {7}, {2, 6}, {3, 5}, {1, 4}], [{8}, {7}, {2, 6}, {4, 5}, {1, 3}], [{8}, {7}, {2, 6}, {5}, {3, 4}, {1}], [{8}, {7}, {5, 6}, {1, 4}, {2, 3}], [{8}, {7}, {5, 6}, {2, 4}, {1, 3}], [{8}, {7}, {5, 6}, {3, 4}, {1, 2}], [{8}, {7}, {5, 6}, {3, 4}, {2}, {1}], [{8}, {7}, {6}, {1, 5}, {3, 4}, {2}], [{8}, {7}, {6}, {2, 5}, {3, 4}, {1}], [{8}, {7}, {6}, {5}, {3, 4}, {1, 2}], [{8}, {7}, {6}, {5}, {3, 4}, {2}, {1}]]",2,- 12 K_1^2 + 6 K_2 + 7,O1O2O3U2O4U3U5O6U7U1O7U4U6O8O5U8,O1O2U3O4O3U1O5O6U2O7U6U7U4O8U5U8,O1O2U3O4O5U4O6O3U7U2O7U5U8U1O8U6,c,{'O1O2O3U4O5O4U6U7O8U3U8O6U5U1O7U2'},1,"<a href=""/flatknot/8.975910"">8.975910</a>",t^9-46t^7-88t^6+47t^5+174t^4+28t^3-100t^2-36t+8,2t^2-4t,,
8.975911,O1O2O3U4O5O4U6U7O8U5U1O6U8U2O7U3,4,z^3+20z^2+94z+117,w^4z^3+20w^3z^2+94w^2z+117w,False,False,"[[ 0 -1  1  2  1  0 -2 -2  1],[ 1  0  1  1  2 -1  0 -1  1],[-1 -1  0  0  0 -1 -1 -1  0],[-2 -1  0  0 -1  0 -3 -2  0],[-1 -2  0  1  0  0 -2 -2  0],[ 0  1  1  0  0  0  0  0  0],[ 2  0  1  3  2  0  0  0  1],[ 2  1  1  2  2  0  0  0  1],[-1 -1  0  0  0  0 -1 -1  0]]","[[ 0  2  1  1  1  0 -1 -2 -2],[-2  0  0  0 -1  0 -1 -2 -3],[-1  0  0  0  0  0 -1 -1 -1],[-1  0  0  0  0 -1 -1 -1 -1],[-1  1  0  0  0  0 -2 -2 -2],[ 0  0  0  1  0  0  1  0  0],[ 1  1  1  1  2 -1  0 -1  0],[ 2  2  1  1  2  0  1  0  0],[ 2  3  1  1  2  0  0  0  0]]",True,"[-2,-1,-1,-1,0,1,2,2,0,0,1,0,1,2,3,0,0,0,1,1,1,0,1,1,1,1,0,2,2,2,-1,0,0,1,0,0]","[-2,-2,-1,0,1,1,1,2,0,0,0,1,1,2,3,1,0,1,1,2,2,-1,1,1,2,1,0,1,0,0,0,0,0,0,0,1]",t^8+36t^6+117t^4+44t^2+1,"[-2,-2,-1,0,1,1,1,2,0,0,2,1,2,2,2,1,2,1,2,2,1,2,0,1,1,2,1,0,1,2,0,0,0,0,1,1]","[-2,-1,-1,-1,0,1,2,2,0,1,1,2,2,1,2,0,0,1,0,1,1,0,0,1,2,2,1,1,2,2,2,2,2,1,0,0]","[-2,-2,-1,0,1,1,1,2,0,0,0,1,1,2,3,1,0,1,1,2,2,-1,1,1,2,1,0,1,0,0,0,0,0,0,0,1]",c,"[[{8, 1}, {2, 7}, {3, 6}, {4, 5}], [{8, 1}, {4, 7}, {3, 6}, {2, 5}], [{8, 1}, {5, 7}, {3, 6}, {2, 4}], [{8}, {2, 7}, {3, 6}, {4, 5}, {1}]]",1,4 K_1^3 - 18 K_1^2 - 12 K_1 K_2 + 3 K_1 + 9 K_2 + 5 K_3 + 10,O1O2O3U1O4U2U5O6U3U7O5U4U6O8O7U8,O1O2U3O4O5U1O3O6U2O7U5U6U7O8U4U8,O1O2U3O4O5U2O6O3U7U5O7U8U1U4O8U6,c,{'O1O2O3U4O5O4U6U7O8U5U1O6U8U2O7U3'},1,"<a href=""/flatknot/8.975911"">8.975911</a>",t^9-38t^7-42t^6+102t^5+102t^4-24t^3+8t-6,t^2-2t,,
8.975912,O1O2O3U4O5O4U6U7O8U5U1O6U8U3O7U2,4,15z^2+100z+141,15w^3z^2+100w^2z+141w,False,False,"[[ 0 -1  1  2  1  0 -2 -2  1],[ 1  0  1  1  2 -1  0 -1  1],[-1 -1  0  1  0  0 -2 -2  0],[-2 -1 -1  0 -1 -1 -2 -2  0],[-1 -2  0  1  0  0 -2 -2  0],[ 0  1  0  1  0  0  0  0  0],[ 2  0  2  2  2  0  0  0  1],[ 2  1  2  2  2  0  0  0  1],[-1 -1  0  0  0  0 -1 -1  0]]","[[ 0  2  1  1  1  0 -1 -2 -2],[-2  0  0 -1 -1 -1 -1 -2 -2],[-1  0  0  0  0  0 -1 -1 -1],[-1  1  0  0  0  0 -1 -2 -2],[-1  1  0  0  0  0 -2 -2 -2],[ 0  1  0  0  0  0  1  0  0],[ 1  1  1  1  2 -1  0  0 -1],[ 2  2  1  2  2  0  0  0  0],[ 2  2  1  2  2  0  1  0  0]]",True,"[-2,-1,-1,-1,0,1,2,2,0,1,1,1,1,2,2,0,0,0,1,1,1,0,0,1,2,2,0,2,2,2,-1,0,0,0,1,0]","[-2,-2,-1,0,1,1,1,2,0,0,0,1,2,2,2,1,0,1,2,2,2,-1,1,1,2,1,0,0,0,1,0,0,0,0,1,1]",t^8+38t^6+101t^4+23t^2,"[-2,-2,-1,0,1,1,1,2,0,0,2,1,1,2,2,1,2,1,1,2,2,2,0,1,1,2,1,1,1,1,0,0,0,0,0,1]","[-2,-1,-1,-1,0,1,2,2,0,0,1,1,2,2,2,0,0,1,0,1,1,0,1,1,1,1,1,1,2,2,2,2,2,0,1,0]","[-2,-2,-1,0,1,1,1,2,0,0,0,1,2,2,2,1,0,1,2,2,2,-1,1,1,2,1,0,0,0,1,0,0,0,0,1,1]",c,"[[{8, 1}, {4, 7}, {2, 6}, {3, 5}]]",1,8 K_1^3 - 34 K_1^2 - 12 K_1 K_2 + 17 K_2 + 4 K_3 + 18,O1O2O3U2O4U1U5O6U3U7O5U4U6O8O7U8,O1O2U3O4O5U1O3O6U2O7U5U7U6O8U4U8,O1O2U3O4O5U2O6O3U7U5O7U1U8U4O8U6,c,{'O1O2O3U4O5O4U6U7O8U5U1O6U8U3O7U2'},1,"<a href=""/flatknot/8.975912"">8.975912</a>",t^9-40t^7-54t^6+62t^5+44t^4+3t^3-10t^2-4t,t^2-2t,,
8.975913,O1O2O3U4O5O4U6U7O8U5U2O6U8U1O7U3,4,8z^2+77z+123,8w^3z^2+77w^2z+123w,False,False,"[[ 0  0  0  2  1  0 -2 -2  1],[ 0  0  0  1  1 -1 -1 -1  1],[ 0  0  0  0  1 -1 -1 -1  1],[-2 -1  0  0 -1  0 -3 -2  0],[-1 -1 -1  1  0  0 -2 -2  0],[ 0  1  1  0  0  0  0  0  0],[ 2  1  1  3  2  0  0  0  1],[ 2  1  1  2  2  0  0  0  1],[-1 -1 -1  0  0  0 -1 -1  0]]","[[ 0  2  1  1  0  0  0 -2 -2],[-2  0  0 -1  0  0 -1 -2 -3],[-1  0  0  0  0 -1 -1 -1 -1],[-1  1  0  0  0 -1 -1 -2 -2],[ 0  0  0  0  0  1  1  0  0],[ 0  0  1  1 -1  0  0 -1 -1],[ 0  1  1  1 -1  0  0 -1 -1],[ 2  2  1  2  0  1  1  0  0],[ 2  3  1  2  0  1  1  0  0]]",True,"[-2,-1,-1,0,0,0,2,2,0,1,0,0,1,2,3,0,0,1,1,1,1,0,1,1,2,2,-1,-1,0,0,0,1,1,1,1,0]","[-2,-2,0,0,0,1,1,2,0,0,1,1,1,2,2,0,1,1,1,2,3,1,1,0,0,0,0,1,1,0,1,1,1,0,0,1]",t^8+35t^6+116t^4+28t^2,"[-2,-2,0,0,0,1,1,2,0,1,1,2,1,2,1,1,1,2,1,2,2,0,1,0,0,1,1,0,0,2,1,1,2,0,0,1]","[-2,-1,-1,0,0,0,2,2,0,1,1,2,2,1,2,0,0,0,1,1,1,0,0,1,2,2,0,-1,1,1,-1,1,1,2,2,0]","[-2,-2,0,0,0,1,1,2,0,0,1,1,1,2,2,0,1,1,1,2,3,1,1,0,0,0,0,1,1,0,1,1,1,0,0,1]",c,"[[{8, 1}, {2, 7}, {3, 6}, {4, 5}], [{8, 1}, {2, 7}, {4, 6}, {3, 5}], [{8, 1}, {2, 7}, {5, 6}, {3, 4}], [{8, 1}, {3, 7}, {2, 6}, {4, 5}], [{8, 1}, {3, 7}, {2, 6}, {5}, {4}], [{8, 1}, {3, 7}, {4, 6}, {2, 5}], [{8, 1}, {3, 7}, {5, 6}, {2, 4}], [{8, 1}, {4, 7}, {2, 6}, {3, 5}], [{8, 1}, {4, 7}, {3, 6}, {2, 5}], [{8, 1}, {4, 7}, {5, 6}, {2, 3}], [{8, 1}, {4, 7}, {6}, {5}, {2, 3}], [{8, 1}, {5, 7}, {2, 6}, {3, 4}], [{8, 1}, {5, 7}, {3, 6}, {2, 4}], [{8, 1}, {5, 7}, {4, 6}, {2, 3}], [{8, 1}, {5, 7}, {6}, {4}, {2, 3}], [{8, 1}, {6, 7}, {2, 5}, {3, 4}], [{8, 1}, {6, 7}, {3, 5}, {2, 4}], [{8, 1}, {6, 7}, {4, 5}, {2, 3}], [{8, 1}, {7}, {2, 6}, {4, 5}, {3}], [{8, 1}, {7}, {3, 6}, {4, 5}, {2}], [{8, 1}, {7}, {6}, {4, 5}, {2, 3}], [{8, 2}, {1, 7}, {3, 6}, {4, 5}], [{8, 2}, {1, 7}, {4, 6}, {3, 5}], [{8, 2}, {1, 7}, {5, 6}, {3, 4}], [{8, 2}, {1, 7}, {6}, {4, 5}, {3}], [{8, 2}, {3, 7}, {1, 6}, {4, 5}], [{8, 2}, {3, 7}, {4, 6}, {1, 5}], [{8, 2}, {3, 7}, {4, 6}, {5}, {1}], [{8, 2}, {3, 7}, {5, 6}, {1, 4}], [{8, 2}, {3, 7}, {5, 6}, {4}, {1}], [{8, 2}, {3, 7}, {6}, {4, 5}, {1}], [{8, 2}, {4, 7}, {1, 6}, {3, 5}], [{8, 2}, {4, 7}, {3, 6}, {1, 5}], [{8, 2}, {4, 7}, {5, 6}, {1, 3}], [{8, 2}, {4, 7}, {5, 6}, {3}, {1}], [{8, 2}, {4, 7}, {6}, {5}, {1, 3}], [{8, 2}, {5, 7}, {1, 6}, {3, 4}], [{8, 2}, {5, 7}, {1, 6}, {4}, {3}], [{8, 2}, {5, 7}, {3, 6}, {1, 4}], [{8, 2}, {5, 7}, {3, 6}, {4}, {1}], [{8, 2}, {5, 7}, {4, 6}, {1, 3}], [{8, 2}, {5, 7}, {6}, {4}, {1, 3}], [{8, 2}, {6, 7}, {1, 5}, {3, 4}], [{8, 2}, {6, 7}, {3, 5}, {1, 4}], [{8, 2}, {6, 7}, {3, 5}, {4}, {1}], [{8, 2}, {6, 7}, {4, 5}, {1, 3}], [{8, 2}, {7}, {5, 6}, {3, 4}, {1}], [{8, 2}, {7}, {6}, {4, 5}, {1, 3}], [{8, 3}, {1, 7}, {2, 6}, {4, 5}], [{8, 3}, {1, 7}, {2, 6}, {5}, {4}], [{8, 3}, {1, 7}, {4, 6}, {2, 5}], [{8, 3}, {1, 7}, {4, 6}, {5}, {2}], [{8, 3}, {1, 7}, {5, 6}, {2, 4}], [{8, 3}, {1, 7}, {5, 6}, {4}, {2}], [{8, 3}, {1, 7}, {6}, {2, 5}, {4}], [{8, 3}, {1, 7}, {6}, {4, 5}, {2}], [{8, 3}, {1, 7}, {6}, {5}, {2, 4}], [{8, 3}, {1, 7}, {6}, {5}, {4}, {2}], [{8, 3}, {2, 7}, {1, 6}, {4, 5}], [{8, 3}, {2, 7}, {4, 6}, {1, 5}], [{8, 3}, {2, 7}, {5, 6}, {1, 4}], [{8, 3}, {2, 7}, {5, 6}, {4}, {1}], [{8, 3}, {4, 7}, {1, 6}, {2, 5}], [{8, 3}, {4, 7}, {2, 6}, {1, 5}], [{8, 3}, {4, 7}, {5, 6}, {1, 2}], [{8, 3}, {5, 7}, {1, 6}, {2, 4}], [{8, 3}, {5, 7}, {2, 6}, {1, 4}], [{8, 3}, {5, 7}, {4, 6}, {1, 2}], [{8, 3}, {6, 7}, {1, 5}, {2, 4}], [{8, 3}, {6, 7}, {2, 5}, {1, 4}], [{8, 3}, {6, 7}, {4, 5}, {1, 2}], [{8, 3}, {7}, {2, 6}, {4, 5}, {1}], [{8, 3}, {7}, {4, 6}, {2, 5}, {1}], [{8, 3}, {7}, {5, 6}, {4}, {1, 2}], [{8, 4}, {1, 7}, {2, 6}, {3, 5}], [{8, 4}, {1, 7}, {2, 6}, {5}, {3}], [{8, 4}, {1, 7}, {3, 6}, {2, 5}], [{8, 4}, {1, 7}, {5, 6}, {2, 3}], [{8, 4}, {1, 7}, {6}, {3, 5}, {2}], [{8, 4}, {2, 7}, {1, 6}, {3, 5}], [{8, 4}, {2, 7}, {3, 6}, {1, 5}], [{8, 4}, {2, 7}, {5, 6}, {1, 3}], [{8, 4}, {3, 7}, {1, 6}, {2, 5}], [{8, 4}, {3, 7}, {2, 6}, {1, 5}], [{8, 4}, {3, 7}, {2, 6}, {5}, {1}], [{8, 4}, {3, 7}, {5, 6}, {1, 2}], [{8, 4}, {3, 7}, {5, 6}, {2}, {1}], [{8, 4}, {3, 7}, {6}, {2, 5}, {1}], [{8, 4}, {5, 7}, {1, 6}, {2, 3}], [{8, 4}, {5, 7}, {1, 6}, {3}, {2}], [{8, 4}, {5, 7}, {2, 6}, {1, 3}], [{8, 4}, {5, 7}, {2, 6}, {3}, {1}], [{8, 4}, {5, 7}, {3, 6}, {1, 2}], [{8, 4}, {5, 7}, {3, 6}, {2}, {1}], [{8, 4}, {5, 7}, {6}, {1, 3}, {2}], [{8, 4}, {5, 7}, {6}, {2, 3}, {1}], [{8, 4}, {5, 7}, {6}, {3}, {1, 2}], [{8, 4}, {6, 7}, {1, 5}, {2, 3}], [{8, 4}, {6, 7}, {2, 5}, {1, 3}], [{8, 4}, {6, 7}, {3, 5}, {1, 2}], [{8, 4}, {7}, {1, 6}, {5}, {2, 3}], [{8, 4}, {7}, {2, 6}, {1, 5}, {3}], [{8, 4}, {7}, {2, 6}, {3, 5}, {1}], [{8, 4}, {7}, {2, 6}, {5}, {1, 3}], [{8, 4}, {7}, {2, 6}, {5}, {3}, {1}], [{8, 4}, {7}, {3, 6}, {5}, {1, 2}], [{8, 5}, {1, 7}, {2, 6}, {3, 4}], [{8, 5}, {1, 7}, {2, 6}, {4}, {3}], [{8, 5}, {1, 7}, {3, 6}, {2, 4}], [{8, 5}, {1, 7}, {4, 6}, {2, 3}], [{8, 5}, {1, 7}, {6}, {3, 4}, {2}], [{8, 5}, {2, 7}, {1, 6}, {3, 4}], [{8, 5}, {2, 7}, {3, 6}, {1, 4}], [{8, 5}, {2, 7}, {4, 6}, {1, 3}], [{8, 5}, {3, 7}, {1, 6}, {2, 4}], [{8, 5}, {3, 7}, {2, 6}, {1, 4}], [{8, 5}, {3, 7}, {2, 6}, {4}, {1}], [{8, 5}, {3, 7}, {4, 6}, {1, 2}], [{8, 5}, {3, 7}, {4, 6}, {2}, {1}], [{8, 5}, {3, 7}, {6}, {2, 4}, {1}], [{8, 5}, {4, 7}, {1, 6}, {2, 3}], [{8, 5}, {4, 7}, {2, 6}, {1, 3}], [{8, 5}, {4, 7}, {2, 6}, {3}, {1}], [{8, 5}, {4, 7}, {3, 6}, {1, 2}], [{8, 5}, {4, 7}, {3, 6}, {2}, {1}], [{8, 5}, {4, 7}, {6}, {2, 3}, {1}], [{8, 5}, {6, 7}, {1, 4}, {2, 3}], [{8, 5}, {6, 7}, {2, 4}, {1, 3}], [{8, 5}, {6, 7}, {3, 4}, {1, 2}], [{8, 5}, {7}, {2, 6}, {1, 4}, {3}], [{8, 5}, {7}, {2, 6}, {3, 4}, {1}], [{8, 5}, {7}, {2, 6}, {4}, {1, 3}], [{8, 5}, {7}, {2, 6}, {4}, {3}, {1}], [{8, 6}, {1, 7}, {2, 5}, {3, 4}], [{8, 6}, {1, 7}, {3, 5}, {2, 4}], [{8, 6}, {1, 7}, {4, 5}, {2, 3}], [{8, 6}, {1, 7}, {4, 5}, {3}, {2}], [{8, 6}, {2, 7}, {1, 5}, {3, 4}], [{8, 6}, {2, 7}, {3, 5}, {1, 4}], [{8, 6}, {2, 7}, {4, 5}, {1, 3}], [{8, 6}, {3, 7}, {1, 5}, {2, 4}], [{8, 6}, {3, 7}, {2, 5}, {1, 4}], [{8, 6}, {3, 7}, {2, 5}, {4}, {1}], [{8, 6}, {3, 7}, {4, 5}, {1, 2}], [{8, 6}, {3, 7}, {4, 5}, {2}, {1}], [{8, 6}, {3, 7}, {5}, {2, 4}, {1}], [{8, 6}, {4, 7}, {1, 5}, {2, 3}], [{8, 6}, {4, 7}, {2, 5}, {1, 3}], [{8, 6}, {4, 7}, {3, 5}, {1, 2}], [{8, 6}, {4, 7}, {3, 5}, {2}, {1}], [{8, 6}, {5, 7}, {1, 4}, {2, 3}], [{8, 6}, {5, 7}, {1, 4}, {3}, {2}], [{8, 6}, {5, 7}, {2, 4}, {1, 3}], [{8, 6}, {5, 7}, {3, 4}, {1, 2}], [{8, 6}, {7}, {1, 5}, {4}, {2, 3}], [{8, 6}, {7}, {4, 5}, {1, 3}, {2}], [{8, 7}, {1, 6}, {2, 5}, {3, 4}], [{8, 7}, {1, 6}, {3, 5}, {2, 4}], [{8, 7}, {1, 6}, {3, 5}, {4}, {2}], [{8, 7}, {1, 6}, {4, 5}, {2, 3}], [{8, 7}, {2, 6}, {1, 5}, {3, 4}], [{8, 7}, {2, 6}, {3, 5}, {1, 4}], [{8, 7}, {2, 6}, {4, 5}, {1, 3}], [{8, 7}, {2, 6}, {4, 5}, {3}, {1}], [{8, 7}, {3, 6}, {1, 5}, {2, 4}], [{8, 7}, {3, 6}, {2, 5}, {1, 4}], [{8, 7}, {3, 6}, {4, 5}, {1, 2}], [{8, 7}, {3, 6}, {4, 5}, {2}, {1}], [{8, 7}, {3, 6}, {5}, {4}, {1, 2}], [{8, 7}, {4, 6}, {1, 5}, {2, 3}], [{8, 7}, {4, 6}, {1, 5}, {3}, {2}], [{8, 7}, {4, 6}, {2, 5}, {1, 3}], [{8, 7}, {4, 6}, {2, 5}, {3}, {1}], [{8, 7}, {4, 6}, {3, 5}, {1, 2}], [{8, 7}, {4, 6}, {3, 5}, {2}, {1}], [{8, 7}, {4, 6}, {5}, {1, 3}, {2}], [{8, 7}, {4, 6}, {5}, {2, 3}, {1}], [{8, 7}, {4, 6}, {5}, {3}, {1, 2}], [{8, 7}, {5, 6}, {1, 4}, {2, 3}], [{8, 7}, {5, 6}, {2, 4}, {1, 3}], [{8, 7}, {5, 6}, {3, 4}, {1, 2}], [{8, 7}, {5, 6}, {4}, {2, 3}, {1}], [{8, 7}, {6}, {3, 5}, {1, 4}, {2}], [{8, 7}, {6}, {4, 5}, {2, 3}, {1}], [{8, 7}, {6}, {5}, {3, 4}, {1, 2}], [{8}, {1, 7}, {2, 6}, {3, 5}, {4}], [{8}, {1, 7}, {2, 6}, {4, 5}, {3}], [{8}, {1, 7}, {2, 6}, {5}, {3, 4}], [{8}, {1, 7}, {3, 6}, {4, 5}, {2}], [{8}, {1, 7}, {6}, {4, 5}, {2, 3}], [{8}, {1, 7}, {6}, {4, 5}, {3}, {2}], [{8}, {2, 7}, {1, 6}, {4, 5}, {3}], [{8}, {2, 7}, {3, 6}, {1, 5}, {4}], [{8}, {3, 7}, {2, 6}, {1, 5}, {4}], [{8}, {3, 7}, {2, 6}, {4, 5}, {1}], [{8}, {3, 7}, {2, 6}, {5}, {1, 4}], [{8}, {3, 7}, {4, 6}, {2, 5}, {1}], [{8}, {3, 7}, {5, 6}, {2, 4}, {1}], [{8}, {4, 7}, {3, 6}, {5}, {1, 2}], [{8}, {4, 7}, {6}, {1, 5}, {2, 3}], [{8}, {5, 7}, {1, 6}, {2, 4}, {3}], [{8}, {5, 7}, {3, 6}, {2, 4}, {1}], [{8}, {5, 7}, {6}, {1, 4}, {2, 3}], [{8}, {5, 7}, {6}, {2, 4}, {1, 3}], [{8}, {6, 7}, {2, 5}, {4}, {1, 3}], [{8}, {6, 7}, {4, 5}, {3}, {1, 2}], [{8}, {7}, {2, 6}, {4, 5}, {1, 3}], [{8}, {7}, {2, 6}, {4, 5}, {3}, {1}], [{8}, {7}, {3, 6}, {2, 5}, {1, 4}]]",2,4 K_1^3 - 30 K_1^2 - 12 K_1 K_2 + 3 K_1 + 15 K_2 + 5 K_3 + 16,O1O2O3U1O4U3U5O6U2U7O5U4U6O8O7U8,O1O2U3O4O5U1O3O6U2O7U6U5U7O8U4U8,O1O2U3O4O5U2O6O3U7U5O7U8U4U1O8U6,c,{'O1O2O3U4O5O4U6U7O8U5U2O6U8U1O7U3'},1,"<a href=""/flatknot/8.975913"">8.975913</a>",t^9-37t^7-52t^6+89t^5+66t^4-53t^3+4t^2-4t,t^2-2t,,
8.975914,O1O2O3U4O5O4U6U7O8U5U3O6U8U1O7U2,4,3z^3+35z^2+111z+107,3w^4z^3+35w^3z^2+111w^2z+107w,False,False,"[[ 0  0  1  1  1  0 -2 -2  1],[ 0  0  0  0  1 -1 -1 -1  1],[-1  0  0  1  0  0 -3 -2  1],[-1  0 -1  0  0 -1 -2 -2  1],[-1 -1  0  0  0  0 -2 -2  0],[ 0  1  0  1  0  0  0  0  0],[ 2  1  3  2  2  0  0  0  1],[ 2  1  2  2  2  0  0  0  1],[-1 -1 -1 -1  0  0 -1 -1  0]]","[[ 0  1  1  1  1  0  0 -2 -2],[-1  0  1  1  0  0  0 -2 -3],[-1 -1  0  1  0  0 -1 -2 -2],[-1 -1 -1  0  0 -1  0 -1 -1],[-1  0  0  0  0 -1  0 -2 -2],[ 0  0  0  1  1  0 -1 -1 -1],[ 0  0  1  0  0  1  0  0  0],[ 2  2  2  1  2  1  0  0  0],[ 2  3  2  1  2  1  0  0  0]]",True,"[-1,-1,-1,-1,0,0,2,2,-1,-1,0,0,0,2,3,-1,0,0,1,2,2,0,1,0,1,1,1,0,2,2,1,1,1,0,0,0]","[-2,-2,0,0,1,1,1,1,0,0,1,1,2,2,2,0,1,1,2,2,3,1,0,0,1,0,1,1,0,0,0,-1,-1,0,0,-1]",t^8+40t^6+127t^4+42t^2+1,"[-2,-2,0,0,1,1,1,1,0,1,2,0,1,1,2,1,2,1,1,1,2,1,1,0,1,0,1,1,0,1,0,-1,-1,0,0,-1]","[-1,-1,-1,-1,0,0,2,2,-1,-1,0,0,1,2,2,-1,0,1,0,1,1,0,1,1,0,1,0,1,1,1,-1,1,1,2,2,0]","[-2,-2,0,0,1,1,1,1,0,0,1,1,2,2,2,0,1,1,2,2,3,1,0,0,1,0,1,1,0,0,0,-1,-1,0,0,-1]",c,"[[{8, 1}, {2, 7}, {3, 6}, {4, 5}], [{8, 1}, {2, 7}, {3, 6}, {5}, {4}], [{8, 1}, {2, 7}, {4, 6}, {3, 5}], [{8, 1}, {2, 7}, {5, 6}, {3, 4}], [{8, 1}, {2, 7}, {6}, {4, 5}, {3}], [{8, 1}, {3, 7}, {2, 6}, {4, 5}], [{8, 1}, {3, 7}, {4, 6}, {2, 5}], [{8, 1}, {3, 7}, {5, 6}, {2, 4}], [{8, 1}, {3, 7}, {6}, {4, 5}, {2}], [{8, 1}, {4, 7}, {2, 6}, {3, 5}], [{8, 1}, {4, 7}, {3, 6}, {2, 5}], [{8, 1}, {4, 7}, {3, 6}, {5}, {2}], [{8, 1}, {4, 7}, {5, 6}, {2, 3}], [{8, 1}, {5, 7}, {2, 6}, {3, 4}], [{8, 1}, {5, 7}, {3, 6}, {2, 4}], [{8, 1}, {5, 7}, {4, 6}, {2, 3}], [{8, 1}, {5, 7}, {6}, {2, 4}, {3}], [{8, 1}, {6, 7}, {2, 5}, {3, 4}], [{8, 1}, {6, 7}, {3, 5}, {2, 4}], [{8, 1}, {6, 7}, {4, 5}, {2, 3}], [{8, 1}, {7}, {2, 6}, {5}, {3, 4}], [{8, 1}, {7}, {3, 6}, {5}, {2, 4}], [{8, 1}, {7}, {5, 6}, {3, 4}, {2}], [{8, 1}, {7}, {6}, {2, 5}, {3, 4}], [{8, 1}, {7}, {6}, {4, 5}, {2, 3}], [{8, 2}, {1, 7}, {3, 6}, {4, 5}], [{8, 2}, {1, 7}, {4, 6}, {3, 5}], [{8, 2}, {1, 7}, {4, 6}, {5}, {3}], [{8, 2}, {1, 7}, {5, 6}, {3, 4}], [{8, 2}, {1, 7}, {6}, {3, 5}, {4}], [{8, 2}, {3, 7}, {1, 6}, {4, 5}], [{8, 2}, {3, 7}, {1, 6}, {5}, {4}], [{8, 2}, {3, 7}, {4, 6}, {1, 5}], [{8, 2}, {3, 7}, {5, 6}, {1, 4}], [{8, 2}, {4, 7}, {1, 6}, {3, 5}], [{8, 2}, {4, 7}, {3, 6}, {1, 5}], [{8, 2}, {4, 7}, {3, 6}, {5}, {1}], [{8, 2}, {4, 7}, {5, 6}, {1, 3}], [{8, 2}, {5, 7}, {1, 6}, {3, 4}], [{8, 2}, {5, 7}, {3, 6}, {1, 4}], [{8, 2}, {5, 7}, {4, 6}, {1, 3}], [{8, 2}, {5, 7}, {6}, {3, 4}, {1}], [{8, 2}, {6, 7}, {1, 5}, {3, 4}], [{8, 2}, {6, 7}, {1, 5}, {4}, {3}], [{8, 2}, {6, 7}, {3, 5}, {1, 4}], [{8, 2}, {6, 7}, {4, 5}, {1, 3}], [{8, 2}, {6, 7}, {4, 5}, {3}, {1}], [{8, 2}, {6, 7}, {5}, {1, 4}, {3}], [{8, 3}, {1, 7}, {2, 6}, {4, 5}], [{8, 3}, {1, 7}, {4, 6}, {2, 5}], [{8, 3}, {1, 7}, {5, 6}, {2, 4}], [{8, 3}, {2, 7}, {1, 6}, {4, 5}], [{8, 3}, {2, 7}, {4, 6}, {1, 5}], [{8, 3}, {2, 7}, {5, 6}, {1, 4}], [{8, 3}, {2, 7}, {6}, {4, 5}, {1}], [{8, 3}, {4, 7}, {1, 6}, {2, 5}], [{8, 3}, {4, 7}, {2, 6}, {1, 5}], [{8, 3}, {4, 7}, {5, 6}, {1, 2}], [{8, 3}, {4, 7}, {6}, {2, 5}, {1}], [{8, 3}, {5, 7}, {1, 6}, {2, 4}], [{8, 3}, {5, 7}, {1, 6}, {4}, {2}], [{8, 3}, {5, 7}, {2, 6}, {1, 4}], [{8, 3}, {5, 7}, {2, 6}, {4}, {1}], [{8, 3}, {5, 7}, {4, 6}, {1, 2}], [{8, 3}, {5, 7}, {4, 6}, {2}, {1}], [{8, 3}, {5, 7}, {6}, {1, 4}, {2}], [{8, 3}, {5, 7}, {6}, {2, 4}, {1}], [{8, 3}, {5, 7}, {6}, {4}, {1, 2}], [{8, 3}, {5, 7}, {6}, {4}, {2}, {1}], [{8, 3}, {6, 7}, {1, 5}, {2, 4}], [{8, 3}, {6, 7}, {2, 5}, {1, 4}], [{8, 3}, {6, 7}, {4, 5}, {1, 2}], [{8, 4}, {1, 7}, {2, 6}, {3, 5}], [{8, 4}, {1, 7}, {2, 6}, {5}, {3}], [{8, 4}, {1, 7}, {3, 6}, {2, 5}], [{8, 4}, {1, 7}, {5, 6}, {2, 3}], [{8, 4}, {1, 7}, {5, 6}, {3}, {2}], [{8, 4}, {1, 7}, {6}, {2, 5}, {3}], [{8, 4}, {2, 7}, {1, 6}, {3, 5}], [{8, 4}, {2, 7}, {3, 6}, {1, 5}], [{8, 4}, {2, 7}, {3, 6}, {5}, {1}], [{8, 4}, {2, 7}, {5, 6}, {1, 3}], [{8, 4}, {3, 7}, {1, 6}, {2, 5}], [{8, 4}, {3, 7}, {2, 6}, {1, 5}], [{8, 4}, {3, 7}, {5, 6}, {1, 2}], [{8, 4}, {3, 7}, {6}, {5}, {1, 2}], [{8, 4}, {5, 7}, {1, 6}, {2, 3}], [{8, 4}, {5, 7}, {2, 6}, {1, 3}], [{8, 4}, {5, 7}, {3, 6}, {1, 2}], [{8, 4}, {5, 7}, {6}, {2, 3}, {1}], [{8, 4}, {6, 7}, {1, 5}, {2, 3}], [{8, 4}, {6, 7}, {2, 5}, {1, 3}], [{8, 4}, {6, 7}, {3, 5}, {1, 2}], [{8, 4}, {6, 7}, {5}, {1, 3}, {2}], [{8, 4}, {7}, {1, 6}, {5}, {2, 3}], [{8, 5}, {1, 7}, {2, 6}, {3, 4}], [{8, 5}, {1, 7}, {3, 6}, {2, 4}], [{8, 5}, {1, 7}, {4, 6}, {2, 3}], [{8, 5}, {1, 7}, {6}, {2, 4}, {3}], [{8, 5}, {2, 7}, {1, 6}, {3, 4}], [{8, 5}, {2, 7}, {3, 6}, {1, 4}], [{8, 5}, {2, 7}, {3, 6}, {4}, {1}], [{8, 5}, {2, 7}, {4, 6}, {1, 3}], [{8, 5}, {3, 7}, {1, 6}, {2, 4}], [{8, 5}, {3, 7}, {2, 6}, {1, 4}], [{8, 5}, {3, 7}, {4, 6}, {1, 2}], [{8, 5}, {4, 7}, {1, 6}, {2, 3}], [{8, 5}, {4, 7}, {1, 6}, {3}, {2}], [{8, 5}, {4, 7}, {2, 6}, {1, 3}], [{8, 5}, {4, 7}, {3, 6}, {1, 2}], [{8, 5}, {4, 7}, {3, 6}, {2}, {1}], [{8, 5}, {4, 7}, {6}, {1, 3}, {2}], [{8, 5}, {6, 7}, {1, 4}, {2, 3}], [{8, 5}, {6, 7}, {2, 4}, {1, 3}], [{8, 5}, {6, 7}, {3, 4}, {1, 2}], [{8, 5}, {6, 7}, {4}, {3}, {1, 2}], [{8, 5}, {7}, {1, 6}, {4}, {2, 3}], [{8, 5}, {7}, {2, 6}, {3, 4}, {1}], [{8, 5}, {7}, {3, 6}, {2, 4}, {1}], [{8, 6}, {1, 7}, {2, 5}, {3, 4}], [{8, 6}, {1, 7}, {3, 5}, {2, 4}], [{8, 6}, {1, 7}, {4, 5}, {2, 3}], [{8, 6}, {1, 7}, {4, 5}, {3}, {2}], [{8, 6}, {2, 7}, {1, 5}, {3, 4}], [{8, 6}, {2, 7}, {3, 5}, {1, 4}], [{8, 6}, {2, 7}, {4, 5}, {1, 3}], [{8, 6}, {2, 7}, {4, 5}, {3}, {1}], [{8, 6}, {3, 7}, {1, 5}, {2, 4}], [{8, 6}, {3, 7}, {2, 5}, {1, 4}], [{8, 6}, {3, 7}, {4, 5}, {1, 2}], [{8, 6}, {3, 7}, {4, 5}, {2}, {1}], [{8, 6}, {4, 7}, {1, 5}, {2, 3}], [{8, 6}, {4, 7}, {2, 5}, {1, 3}], [{8, 6}, {4, 7}, {2, 5}, {3}, {1}], [{8, 6}, {4, 7}, {3, 5}, {1, 2}], [{8, 6}, {5, 7}, {1, 4}, {2, 3}], [{8, 6}, {5, 7}, {2, 4}, {1, 3}], [{8, 6}, {5, 7}, {2, 4}, {3}, {1}], [{8, 6}, {5, 7}, {3, 4}, {1, 2}], [{8, 6}, {7}, {1, 5}, {4}, {2, 3}], [{8, 6}, {7}, {3, 5}, {4}, {1, 2}], [{8, 6}, {7}, {4, 5}, {1, 3}, {2}], [{8, 6}, {7}, {4, 5}, {2, 3}, {1}], [{8, 6}, {7}, {4, 5}, {3}, {1, 2}], [{8, 6}, {7}, {4, 5}, {3}, {2}, {1}], [{8, 6}, {7}, {5}, {1, 4}, {2, 3}], [{8, 6}, {7}, {5}, {3, 4}, {1, 2}], [{8, 7}, {1, 6}, {2, 5}, {3, 4}], [{8, 7}, {1, 6}, {2, 5}, {4}, {3}], [{8, 7}, {1, 6}, {3, 5}, {2, 4}], [{8, 7}, {1, 6}, {4, 5}, {2, 3}], [{8, 7}, {2, 6}, {1, 5}, {3, 4}], [{8, 7}, {2, 6}, {3, 5}, {1, 4}], [{8, 7}, {2, 6}, {4, 5}, {1, 3}], [{8, 7}, {2, 6}, {4, 5}, {3}, {1}], [{8, 7}, {2, 6}, {5}, {4}, {1, 3}], [{8, 7}, {3, 6}, {1, 5}, {2, 4}], [{8, 7}, {3, 6}, {2, 5}, {1, 4}], [{8, 7}, {3, 6}, {4, 5}, {1, 2}], [{8, 7}, {3, 6}, {5}, {2, 4}, {1}], [{8, 7}, {4, 6}, {1, 5}, {2, 3}], [{8, 7}, {4, 6}, {2, 5}, {1, 3}], [{8, 7}, {4, 6}, {2, 5}, {3}, {1}], [{8, 7}, {4, 6}, {3, 5}, {1, 2}], [{8, 7}, {5, 6}, {1, 4}, {2, 3}], [{8, 7}, {5, 6}, {2, 4}, {1, 3}], [{8, 7}, {5, 6}, {3, 4}, {1, 2}], [{8, 7}, {5, 6}, {4}, {2, 3}, {1}], [{8, 7}, {6}, {1, 5}, {2, 4}, {3}], [{8, 7}, {6}, {2, 5}, {1, 4}, {3}], [{8}, {1, 7}, {3, 6}, {5}, {2, 4}], [{8}, {2, 7}, {1, 6}, {3, 5}, {4}], [{8}, {2, 7}, {1, 6}, {4, 5}, {3}], [{8}, {2, 7}, {1, 6}, {5}, {3, 4}], [{8}, {2, 7}, {3, 6}, {1, 5}, {4}], [{8}, {2, 7}, {3, 6}, {4, 5}, {1}], [{8}, {2, 7}, {3, 6}, {5}, {1, 4}], [{8}, {2, 7}, {3, 6}, {5}, {4}, {1}], [{8}, {2, 7}, {4, 6}, {1, 5}, {3}], [{8}, {2, 7}, {4, 6}, {3, 5}, {1}], [{8}, {2, 7}, {4, 6}, {5}, {1, 3}], [{8}, {2, 7}, {5, 6}, {1, 4}, {3}], [{8}, {2, 7}, {5, 6}, {3, 4}, {1}], [{8}, {2, 7}, {5, 6}, {4}, {1, 3}], [{8}, {2, 7}, {6}, {1, 5}, {3, 4}], [{8}, {2, 7}, {6}, {3, 5}, {1, 4}], [{8}, {2, 7}, {6}, {4, 5}, {1, 3}], [{8}, {2, 7}, {6}, {4, 5}, {3}, {1}], [{8}, {3, 7}, {1, 6}, {4, 5}, {2}], [{8}, {3, 7}, {2, 6}, {1, 5}, {4}], [{8}, {3, 7}, {5, 6}, {2, 4}, {1}], [{8}, {4, 7}, {2, 6}, {1, 5}, {3}], [{8}, {4, 7}, {3, 6}, {1, 5}, {2}], [{8}, {4, 7}, {3, 6}, {2, 5}, {1}], [{8}, {4, 7}, {3, 6}, {5}, {1, 2}], [{8}, {4, 7}, {3, 6}, {5}, {2}, {1}], [{8}, {4, 7}, {5, 6}, {3}, {1, 2}], [{8}, {4, 7}, {6}, {1, 5}, {2, 3}], [{8}, {4, 7}, {6}, {3, 5}, {1, 2}], [{8}, {5, 7}, {1, 6}, {2, 4}, {3}], [{8}, {5, 7}, {2, 6}, {1, 4}, {3}], [{8}, {5, 7}, {3, 6}, {2, 4}, {1}], [{8}, {5, 7}, {4, 6}, {3}, {1, 2}], [{8}, {5, 7}, {6}, {2, 4}, {1, 3}], [{8}, {5, 7}, {6}, {2, 4}, {3}, {1}], [{8}, {6, 7}, {1, 5}, {3, 4}, {2}], [{8}, {6, 7}, {3, 5}, {2, 4}, {1}], [{8}, {7}, {1, 6}, {4, 5}, {2, 3}], [{8}, {7}, {2, 6}, {1, 5}, {3, 4}], [{8}, {7}, {3, 6}, {1, 5}, {2, 4}], [{8}, {7}, {3, 6}, {5}, {2, 4}, {1}]]",2,- 12 K_1^2 + 6 K_2 + 7,O1O2O3U2O4U3U5O6U1U7O5U4U6O8O7U8,O1O2U3O4O5U1O3O6U2O7U6U7U5O8U4U8,O1O2U3O4O5U2O6O3U7U5O7U4U8U1O8U6,c,{'O1O2O3U4O5O4U6U7O8U5U3O6U8U1O7U2'},1,"<a href=""/flatknot/8.975914"">8.975914</a>",t^9-44t^7-46t^6+137t^5+86t^4-120t^3-30t^2+9t,2t^2-4t,,
8.975915,O1O2O3U4O5O4U6U7O8U5U8O6U1U2O7U3,4,8z^3+48z^2+93z+59,8w^4z^3+48w^3z^2+93w^2z+59w,False,False,"[[ 0 -1  1  2  1  0 -2 -2  1],[ 1  0  1  1  2 -1  0  0  1],[-1 -1  0  0  0 -1 -2 -1  1],[-2 -1  0  0 -1  0 -4 -2  1],[-1 -2  0  1  0  0 -2 -2  0],[ 0  1  1  0  0  0 -1  0  1],[ 2  0  2  4  2  1  0 -1  1],[ 2  0  1  2  2  0  1  0  1],[-1 -1 -1 -1  0 -1 -1 -1  0]]","[[ 0  2  1  1  1  0 -1 -2 -2],[-2  0  1  0 -1  0 -1 -2 -4],[-1 -1  0 -1  0 -1 -1 -1 -1],[-1  0  1  0  0 -1 -1 -1 -2],[-1  1  0  0  0  0 -2 -2 -2],[ 0  0  1  1  0  0  1  0 -1],[ 1  1  1  1  2 -1  0  0  0],[ 2  2  1  1  2  0  0  0  1],[ 2  4  1  2  2  1  0 -1  0]]",True,"[-2,-1,-1,-1,0,1,2,2,-1,0,1,0,1,2,4,1,0,1,1,1,1,0,1,1,1,2,0,2,2,2,-1,0,1,0,0,-1]","[-2,-2,-1,0,1,1,1,2,-1,0,1,1,2,2,4,0,0,1,1,2,2,-1,1,1,2,1,1,1,0,0,-1,0,-1,0,0,1]",t^8+50t^6+293t^4+84t^2+4,"[-2,-2,-1,0,1,1,1,2,-1,1,2,1,2,2,2,1,1,1,1,2,0,2,0,1,1,2,1,0,0,2,0,0,0,-1,1,2]","[-2,-1,-1,-1,0,1,2,2,0,1,2,2,2,0,2,0,0,1,0,1,1,1,0,1,1,2,0,1,2,2,2,1,2,1,1,-1]","[-2,-2,-1,0,1,1,1,2,-1,0,1,1,2,2,4,0,0,1,1,2,2,-1,1,1,2,1,1,1,0,0,-1,0,-1,0,0,1]",c,"[[{8, 4}, {3, 7}, {5, 6}, {1, 2}], [{8, 5}, {3, 7}, {4, 6}, {1, 2}], [{8, 6}, {2, 7}, {4, 5}, {1, 3}], [{8, 6}, {3, 7}, {4, 5}, {1, 2}]]",1,8 K_1^3 - 6 K_1^2 - 4 K_1 K_2 - 4 K_1 + 3 K_2 + 4,O1O2O3U1O4U2U3O5U6U7O6U4U5O8O7U8,O1O2U3O4O3U1O5O6U2O7U5U6U7O8U4U8,O1O2U3O4O5U4O6O3U7U5O7U8U1U2O8U6,c,{'O1O2O3U4O5O4U6U7O8U5U8O6U1U2O7U3'},1,"<a href=""/flatknot/8.975915"">8.975915</a>",t^9-52t^7-90t^6+196t^5+340t^4-46t^3-202t^2-36t+18,t^2-2t,,
8.975916,O1O2O3U4O5O4U6U7O8U5U8O6U1U3O7U2,4,2z^3+29z^2+92z+85,2w^4z^3+29w^3z^2+92w^2z+85w,False,False,"[[ 0 -1  1  2  1  0 -2 -2  1],[ 1  0  1  1  2 -1  0  0  1],[-1 -1  0  1  0  0 -3 -2  1],[-2 -1 -1  0 -1 -1 -3 -2  1],[-1 -2  0  1  0  0 -2 -2  0],[ 0  1  0  1  0  0 -1  0  1],[ 2  0  3  3  2  1  0 -1  1],[ 2  0  2  2  2  0  1  0  1],[-1 -1 -1 -1  0 -1 -1 -1  0]]","[[ 0  2  1  1  1  0 -1 -2 -2],[-2  0  1 -1 -1 -1 -1 -2 -3],[-1 -1  0  0 -1 -1 -1 -1 -1],[-1  1  0  0  0  0 -2 -2 -2],[-1  1  1  0  0  0 -1 -2 -3],[ 0  1  1  0  0  0  1  0 -1],[ 1  1  1  2  1 -1  0  0  0],[ 2  2  1  2  2  0  0  0  1],[ 2  3  1  2  3  1  0 -1  0]]",True,"[-2,-1,-1,-1,0,1,2,2,-1,1,1,1,1,2,3,0,1,1,1,1,1,0,0,2,2,2,0,1,2,3,-1,0,1,0,0,-1]","[-2,-2,-1,0,1,1,1,2,-1,0,1,1,2,3,3,0,0,1,2,2,2,-1,1,2,1,1,1,0,0,1,0,-1,-1,0,1,1]",t^8+52t^6+257t^4+91t^2+4,"[-2,-2,-1,0,1,1,1,2,-1,1,2,1,1,2,2,1,1,0,1,2,1,2,1,0,1,2,1,1,0,1,0,-1,0,0,0,2]","[-2,-1,-1,-1,0,1,2,2,0,0,2,1,2,1,2,0,0,1,0,1,1,1,1,1,0,1,0,1,2,2,2,1,2,1,1,-1]","[-2,-2,-1,0,1,1,1,2,-1,0,1,1,2,3,3,0,0,1,2,2,2,-1,1,2,1,1,1,0,0,1,0,-1,-1,0,1,1]",c,"[[{8, 4}, {3, 7}, {5, 6}, {1, 2}], [{8, 5}, {1, 7}, {4, 6}, {2, 3}], [{8, 5}, {2, 7}, {4, 6}, {1, 3}], [{8, 5}, {3, 7}, {4, 6}, {1, 2}], [{8, 5}, {3, 7}, {4, 6}, {2}, {1}], [{8, 5}, {7}, {4, 6}, {3}, {1, 2}], [{8, 6}, {3, 7}, {4, 5}, {1, 2}]]",1,24 K_1^3 - 14 K_1^2 - 32 K_1 K_2 - 2 K_1 + 7 K_2 + 10 K_3 + 8,O1O2O3U2O4U1U3O5U6U7O6U4U5O8O7U8,O1O2U3O4O3U1O5O6U2O7U5U7U6O8U4U8,O1O2U3O4O5U4O6O3U7U5O7U1U8U2O8U6,c,{'O1O2O3U4O5O4U6U7O8U5U8O6U1U3O7U2'},1,"<a href=""/flatknot/8.975916"">8.975916</a>",t^9-54t^7-120t^6+86t^5+322t^4+83t^3-172t^2-124t-22,t^2-2t,,
8.975917,O1O2O3U4O5O4U6U7O8U5U8O6U2U1O7U3,4,6z^3+43z^2+94z+65,6w^4z^3+43w^3z^2+94w^2z+65w,False,False,"[[ 0  0  0  2  1  0 -2 -2  1],[ 0  0  0  1  1 -1 -1 -1  1],[ 0  0  0  0  1 -1 -1  0  1],[-2 -1  0  0 -1  0 -4 -2  1],[-1 -1 -1  1  0  0 -2 -2  0],[ 0  1  1  0  0  0 -1  0  1],[ 2  1  1  4  2  1  0 -1  1],[ 2  1  0  2  2  0  1  0  1],[-1 -1 -1 -1  0 -1 -1 -1  0]]","[[ 0  2  1  1  0  0  0 -2 -2],[-2  0  1 -1  0  0 -1 -2 -4],[-1 -1  0  0 -1 -1 -1 -1 -1],[-1  1  0  0  0 -1 -1 -2 -2],[ 0  0  1  0  0  1  1  0 -1],[ 0  0  1  1 -1  0  0  0 -1],[ 0  1  1  1 -1  0  0 -1 -1],[ 2  2  1  2  0  0  1  0  1],[ 2  4  1  2  1  1  1 -1  0]]",True,"[-2,-1,-1,0,0,0,2,2,-1,1,0,0,1,2,4,0,1,1,1,1,1,0,1,1,2,2,-1,-1,0,1,0,0,1,1,1,-1]","[-2,-2,0,0,0,1,1,2,-1,1,1,1,1,2,4,0,0,1,1,2,2,-1,0,1,1,0,1,1,0,0,1,1,1,0,-1,1]",t^8+45t^6+259t^4+84t^2+4,"[-2,-2,0,0,0,1,1,2,-1,1,2,2,1,2,2,1,1,1,1,2,0,0,1,0,0,1,1,0,0,2,1,0,2,0,0,2]","[-2,-1,-1,0,0,0,2,2,0,2,1,2,2,0,2,0,0,0,1,1,1,0,0,0,2,2,0,-1,1,1,-1,1,2,1,2,-1]","[-2,-2,0,0,0,1,1,2,-1,1,1,1,1,2,4,0,0,1,1,2,2,-1,0,1,1,0,1,1,0,0,1,1,1,0,-1,1]",c,"[[{8, 4}, {3, 7}, {5, 6}, {1, 2}], [{8, 4}, {3, 7}, {5, 6}, {2}, {1}], [{8, 5}, {3, 7}, {4, 6}, {1, 2}], [{8, 5}, {3, 7}, {4, 6}, {2}, {1}], [{8, 6}, {3, 7}, {4, 5}, {1, 2}], [{8, 6}, {3, 7}, {4, 5}, {2}, {1}]]",1,4 K_1^3 + 2 K_1^2 - 4 K_1 K_2 - K_1 - K_2 + K_3,O1O2O3U1O4U3U2O5U6U7O6U4U5O8O7U8,O1O2U3O4O3U1O5O6U2O7U6U5U7O8U4U8,O1O2U3O4O5U4O6O3U7U5O7U8U2U1O8U6,c,{'O1O2O3U4O5O4U6U7O8U5U8O6U2U1O7U3'},1,"<a href=""/flatknot/8.975917"">8.975917</a>",t^9-47t^7-108t^6+108t^5+336t^4+83t^3+32t^2+20t-6,t^2-2t,,
8.975918,O1O2O3U4O5O4U6U1O7U2U3O8U5U7O6U8,4,3z^3+31z^2+107z+115,3w^4z^3+31w^3z^2+107w^2z+115w,False,False,"[[ 0 -2 -1  1  1  1 -3  2  1],[ 2  0  1  2  2  2 -1  3  0],[ 1 -1  0  1  1  1 -2  3  1],[-1 -2 -1  0 -1  0 -3  2  1],[-1 -2 -1  1  0  1 -3  1  0],[-1 -2 -1  0 -1  0 -2  1  1],[ 3  1  2  3  3  2  0  2  0],[-2 -3 -3 -2 -1 -1 -2  0  1],[-1  0 -1 -1  0 -1  0 -1  0]]","[[ 0  2  1  1  1  1 -1 -2 -3],[-2  0  1 -1 -1 -2 -3 -3 -2],[-1 -1  0  0 -1 -1 -1  0  0],[-1  1  0  0  1  1 -1 -2 -3],[-1  1  1 -1  0  0 -1 -2 -2],[-1  2  1 -1  0  0 -1 -2 -3],[ 1  3  1  1  1  1  0 -1 -2],[ 2  3  0  2  2  2  1  0 -1],[ 3  2  0  3  2  3  2  1  0]]",True,"[-2,-1,-1,-1,-1,1,2,3,-1,1,1,2,3,3,2,0,1,1,1,0,0,-1,-1,1,2,3,0,1,2,2,1,2,3,1,2,1]","[-3,-2,-1,1,1,1,1,2,0,0,1,1,2,4,3,0,1,1,1,3,1,1,1,1,1,0,-1,-1,0,0,0,-1,-1,-1,0,2]",t^8+77t^6+271t^4+135t^2+1,"[-3,-2,-1,1,1,1,1,2,0,0,1,1,2,4,3,0,1,1,1,3,1,1,1,1,1,0,-1,-1,0,0,0,-1,-1,-1,0,2]","[-2,-1,-1,-1,-1,1,2,3,-1,0,0,2,0,1,3,-1,0,1,1,1,1,1,0,1,1,1,1,1,1,2,1,3,4,0,0,0]","[-3,-2,-1,1,1,1,1,2,1,2,0,2,3,3,2,1,0,2,2,2,3,1,1,1,1,3,-1,-1,0,-1,0,-1,1,-1,2,1]",c,"[[{8, 7}, {4, 6}, {2, 5}, {1, 3}]]",1,4 K_1^3 - 20 K_1^2 - 6 K_1 K_2 + 10 K_2 + 2 K_3 + 11,O1O2O3U4O5U6U7O4U1U2O6U3U5O8O7U8,O1O2U3O4O5U6O7O3U1O6U2U4U5O8U7U8,O1O2U3O4O5U1O6O7U8U2O8U4U5U6O3U7,c,{'O1O2O3U4O5O4U6U1O7U2U3O8U5U7O6U8'},1,"<a href=""/flatknot/8.975918"">8.975918</a>",t^9-83t^7-322t^6-137t^5+474t^4+171t^3-90t^2-4t+6,t^3-3t,,
8.975919,O1O2O3U4O5O4U6U1O7U2U3O8U7U5O6U8,4,3z^3+35z^2+110z+105,3w^4z^3+35w^3z^2+110w^2z+105w,False,False,"[[ 0 -2 -1  1  1  2 -3  1  1],[ 2  0  1  2  2  2 -1  2  0],[ 1 -1  0  1  1  2 -2  2  1],[-1 -2 -1  0 -1  1 -3  1  1],[-1 -2 -1  1  0  2 -3  1  0],[-2 -2 -2 -1 -2  0 -2  0  1],[ 3  1  2  3  3  2  0  1  0],[-1 -2 -2 -1 -1  0 -1  0  1],[-1  0 -1 -1  0 -1  0 -1  0]]","[[ 0  2  1  1  1  1 -1 -2 -3],[-2  0  1  0 -1 -2 -2 -2 -2],[-1 -1  0 -1 -1  0 -1  0  0],[-1  0  1  0 -1 -1 -2 -2 -1],[-1  1  1  1  0 -1 -1 -2 -3],[-1  2  0  1  1  0 -1 -2 -3],[ 1  2  1  2  1  1  0 -1 -2],[ 2  2  0  2  2  2  1  0 -1],[ 3  2  0  1  3  3  2  1  0]]",True,"[-2,-1,-1,-1,-1,1,2,3,-1,0,1,2,2,2,2,1,1,0,1,0,0,1,1,2,2,1,1,1,2,3,1,2,3,1,2,1]","[-3,-2,-1,1,1,1,1,2,0,0,1,1,3,4,3,0,1,1,1,3,2,1,1,0,1,1,-1,-1,0,-1,-1,-1,0,-1,1,2]",t^8+67t^6+166t^4+87t^2+4,"[-3,-2,-1,1,1,1,1,2,0,0,1,1,3,4,3,0,1,1,1,3,2,1,1,0,1,1,-1,-1,0,-1,-1,-1,0,-1,1,2]","[-2,-1,-1,-1,-1,1,2,3,-1,0,1,2,1,2,3,1,1,0,1,1,1,1,1,1,1,1,1,0,1,3,1,3,4,0,0,0]","[-3,-2,-1,1,1,1,1,2,1,2,0,1,3,3,2,1,0,2,2,2,2,1,2,1,1,2,-1,-1,0,-1,-1,-1,0,-1,1,2]",c,"[[{8, 2}, {3, 7}, {4, 6}, {1, 5}], [{8, 2}, {4, 7}, {3, 6}, {1, 5}], [{8, 2}, {4, 7}, {5, 6}, {1, 3}], [{8, 2}, {6, 7}, {1, 5}, {3, 4}], [{8, 3}, {4, 7}, {2, 6}, {1, 5}], [{8, 4}, {6, 7}, {1, 5}, {2, 3}], [{8, 6}, {4, 7}, {1, 5}, {2, 3}], [{8, 6}, {4, 7}, {5}, {2, 3}, {1}], [{8, 7}, {4, 6}, {1, 5}, {2, 3}], [{8}, {4, 7}, {3, 6}, {1, 5}, {2}]]",1,4 K_1^3 - 12 K_1^2 - 6 K_1 K_2 + 6 K_2 + 2 K_3 + 7,O1O2O3U4O5U6U7O4U1U2O7U3U5O8O6U8,O1O2U3O4O5U6O3O7U1O6U2U4U5O8U7U8,O1O2U3O4O5U2O6O7U8U1O8U4U5U6O3U7,c,{'O1O2O3U4O5O4U6U1O7U2U3O8U7U5O6U8'},1,"<a href=""/flatknot/8.975919"">8.975919</a>",t^9-73t^7-270t^6-122t^5+320t^4+181t^3+124t^2+148t+42,t^3-3t,,
8.975920,O1O2O3U4O5O4U6U1O7U2U3O8U7U8O6U5,4,7z^3+47z^2+111z+91,7w^4z^3+47w^3z^2+111w^2z+91w,False,False,"[[ 0 -2 -1  1  1  2 -3  1  1],[ 2  0  1  2  2  1  0  2  0],[ 1 -1  0  1  1  1 -1  2  1],[-1 -2 -1  0 -1  0 -2  1  1],[-1 -2 -1  1  0  2 -4  1  1],[-2 -1 -1  0 -2  0 -2 -1  1],[ 3  0  1  2  4  2  0  2  0],[-1 -2 -2 -1 -1  1 -2  0  1],[-1  0 -1 -1 -1 -1  0 -1  0]]","[[ 0  2  1  1  1  1 -1 -2 -3],[-2  0  1  0 -1 -2 -1 -1 -2],[-1 -1  0 -1 -1 -1 -1  0  0],[-1  0  1  0  1 -1 -1 -2 -2],[-1  1  1 -1  0 -1 -2 -2 -2],[-1  2  1  1  1  0 -1 -2 -4],[ 1  1  1  1  2  1  0 -1 -1],[ 2  1  0  2  2  2  1  0  0],[ 3  2  0  2  2  4  1  0  0]]",True,"[-2,-1,-1,-1,-1,1,2,3,-1,0,1,2,1,1,2,1,1,1,1,0,0,-1,1,1,2,2,1,2,2,2,1,2,4,1,1,0]","[-3,-2,-1,1,1,1,1,2,0,1,0,2,2,4,2,1,0,2,2,2,1,1,1,2,1,1,-1,-1,-1,-1,1,-1,0,-1,1,2]",t^8+63t^6+217t^4+104t^2+9,"[-3,-2,-1,1,1,1,1,2,1,1,0,2,2,4,3,0,1,1,1,3,3,1,0,1,1,2,-1,-1,-1,-1,1,-1,0,-1,1,2]","[-2,-1,-1,-1,-1,1,2,3,-1,0,1,2,2,3,3,1,1,1,1,1,0,-1,1,0,1,2,1,1,1,2,1,3,4,0,1,1]","[-3,-2,-1,1,1,1,1,2,0,1,0,2,2,4,2,1,0,2,2,2,1,1,1,2,1,1,-1,-1,-1,-1,1,-1,0,-1,1,2]",c,"[[{8, 1}, {2, 7}, {3, 6}, {4, 5}], [{8, 1}, {2, 7}, {3, 6}, {5}, {4}], [{8, 1}, {2, 7}, {4, 6}, {3, 5}], [{8, 1}, {2, 7}, {5, 6}, {3, 4}], [{8, 1}, {2, 7}, {5, 6}, {4}, {3}], [{8, 1}, {2, 7}, {6}, {3, 5}, {4}], [{8, 1}, {3, 7}, {2, 6}, {4, 5}], [{8, 1}, {3, 7}, {4, 6}, {2, 5}], [{8, 1}, {3, 7}, {5, 6}, {2, 4}], [{8, 1}, {3, 7}, {6}, {4, 5}, {2}], [{8, 1}, {4, 7}, {2, 6}, {3, 5}], [{8, 1}, {4, 7}, {3, 6}, {2, 5}], [{8, 1}, {4, 7}, {5, 6}, {2, 3}], [{8, 1}, {4, 7}, {6}, {3, 5}, {2}], [{8, 1}, {5, 7}, {2, 6}, {3, 4}], [{8, 1}, {5, 7}, {3, 6}, {2, 4}], [{8, 1}, {5, 7}, {4, 6}, {2, 3}], [{8, 1}, {5, 7}, {6}, {3, 4}, {2}], [{8, 1}, {6, 7}, {2, 5}, {3, 4}], [{8, 1}, {6, 7}, {3, 5}, {2, 4}], [{8, 1}, {6, 7}, {3, 5}, {4}, {2}], [{8, 1}, {6, 7}, {4, 5}, {2, 3}], [{8, 1}, {7}, {2, 6}, {3, 5}, {4}], [{8, 1}, {7}, {4, 6}, {3, 5}, {2}], [{8, 1}, {7}, {6}, {3, 5}, {2, 4}], [{8, 1}, {7}, {6}, {3, 5}, {4}, {2}], [{8, 2}, {1, 7}, {3, 6}, {4, 5}], [{8, 2}, {1, 7}, {4, 6}, {3, 5}], [{8, 2}, {1, 7}, {4, 6}, {5}, {3}], [{8, 2}, {1, 7}, {5, 6}, {3, 4}], [{8, 2}, {3, 7}, {1, 6}, {4, 5}], [{8, 2}, {3, 7}, {4, 6}, {1, 5}], [{8, 2}, {3, 7}, {4, 6}, {5}, {1}], [{8, 2}, {3, 7}, {5, 6}, {1, 4}], [{8, 2}, {4, 7}, {1, 6}, {3, 5}], [{8, 2}, {4, 7}, {3, 6}, {1, 5}], [{8, 2}, {4, 7}, {3, 6}, {5}, {1}], [{8, 2}, {4, 7}, {5, 6}, {1, 3}], [{8, 2}, {4, 7}, {5, 6}, {3}, {1}], [{8, 2}, {4, 7}, {6}, {3, 5}, {1}], [{8, 2}, {5, 7}, {1, 6}, {3, 4}], [{8, 2}, {5, 7}, {3, 6}, {1, 4}], [{8, 2}, {5, 7}, {4, 6}, {1, 3}], [{8, 2}, {5, 7}, {6}, {1, 4}, {3}], [{8, 2}, {5, 7}, {6}, {3, 4}, {1}], [{8, 2}, {5, 7}, {6}, {4}, {1, 3}], [{8, 2}, {6, 7}, {1, 5}, {3, 4}], [{8, 2}, {6, 7}, {1, 5}, {4}, {3}], [{8, 2}, {6, 7}, {3, 5}, {1, 4}], [{8, 2}, {6, 7}, {4, 5}, {1, 3}], [{8, 2}, {7}, {1, 6}, {4, 5}, {3}], [{8, 2}, {7}, {4, 6}, {5}, {1, 3}], [{8, 3}, {1, 7}, {2, 6}, {4, 5}], [{8, 3}, {1, 7}, {4, 6}, {2, 5}], [{8, 3}, {1, 7}, {5, 6}, {2, 4}], [{8, 3}, {1, 7}, {6}, {4, 5}, {2}], [{8, 3}, {2, 7}, {1, 6}, {4, 5}], [{8, 3}, {2, 7}, {4, 6}, {1, 5}], [{8, 3}, {2, 7}, {5, 6}, {1, 4}], [{8, 3}, {4, 7}, {1, 6}, {2, 5}], [{8, 3}, {4, 7}, {2, 6}, {1, 5}], [{8, 3}, {4, 7}, {2, 6}, {5}, {1}], [{8, 3}, {4, 7}, {5, 6}, {1, 2}], [{8, 3}, {4, 7}, {5, 6}, {2}, {1}], [{8, 3}, {4, 7}, {6}, {2, 5}, {1}], [{8, 3}, {5, 7}, {1, 6}, {2, 4}], [{8, 3}, {5, 7}, {2, 6}, {1, 4}], [{8, 3}, {5, 7}, {4, 6}, {1, 2}], [{8, 3}, {5, 7}, {4, 6}, {2}, {1}], [{8, 3}, {5, 7}, {6}, {4}, {1, 2}], [{8, 3}, {6, 7}, {1, 5}, {2, 4}], [{8, 3}, {6, 7}, {2, 5}, {1, 4}], [{8, 3}, {6, 7}, {4, 5}, {1, 2}], [{8, 3}, {6, 7}, {5}, {1, 4}, {2}], [{8, 4}, {1, 7}, {2, 6}, {3, 5}], [{8, 4}, {1, 7}, {3, 6}, {2, 5}], [{8, 4}, {1, 7}, {5, 6}, {2, 3}], [{8, 4}, {1, 7}, {6}, {3, 5}, {2}], [{8, 4}, {2, 7}, {1, 6}, {3, 5}], [{8, 4}, {2, 7}, {1, 6}, {5}, {3}], [{8, 4}, {2, 7}, {3, 6}, {1, 5}], [{8, 4}, {2, 7}, {5, 6}, {1, 3}], [{8, 4}, {3, 7}, {1, 6}, {2, 5}], [{8, 4}, {3, 7}, {2, 6}, {1, 5}], [{8, 4}, {3, 7}, {5, 6}, {1, 2}], [{8, 4}, {3, 7}, {5, 6}, {2}, {1}], [{8, 4}, {5, 7}, {1, 6}, {2, 3}], [{8, 4}, {5, 7}, {2, 6}, {1, 3}], [{8, 4}, {5, 7}, {3, 6}, {1, 2}], [{8, 4}, {5, 7}, {3, 6}, {2}, {1}], [{8, 4}, {5, 7}, {6}, {3}, {1, 2}], [{8, 4}, {6, 7}, {1, 5}, {2, 3}], [{8, 4}, {6, 7}, {2, 5}, {1, 3}], [{8, 4}, {6, 7}, {3, 5}, {1, 2}], [{8, 4}, {6, 7}, {5}, {1, 3}, {2}], [{8, 4}, {6, 7}, {5}, {2, 3}, {1}], [{8, 4}, {6, 7}, {5}, {3}, {1, 2}], [{8, 4}, {7}, {5, 6}, {3}, {1, 2}], [{8, 5}, {1, 7}, {2, 6}, {3, 4}], [{8, 5}, {1, 7}, {3, 6}, {2, 4}], [{8, 5}, {1, 7}, {4, 6}, {2, 3}], [{8, 5}, {1, 7}, {6}, {4}, {2, 3}], [{8, 5}, {2, 7}, {1, 6}, {3, 4}], [{8, 5}, {2, 7}, {3, 6}, {1, 4}], [{8, 5}, {2, 7}, {4, 6}, {1, 3}], [{8, 5}, {2, 7}, {6}, {3, 4}, {1}], [{8, 5}, {3, 7}, {1, 6}, {2, 4}], [{8, 5}, {3, 7}, {2, 6}, {1, 4}], [{8, 5}, {3, 7}, {4, 6}, {1, 2}], [{8, 5}, {3, 7}, {4, 6}, {2}, {1}], [{8, 5}, {4, 7}, {1, 6}, {2, 3}], [{8, 5}, {4, 7}, {2, 6}, {1, 3}], [{8, 5}, {4, 7}, {2, 6}, {3}, {1}], [{8, 5}, {4, 7}, {3, 6}, {1, 2}], [{8, 5}, {4, 7}, {3, 6}, {2}, {1}], [{8, 5}, {4, 7}, {6}, {2, 3}, {1}], [{8, 5}, {6, 7}, {1, 4}, {2, 3}], [{8, 5}, {6, 7}, {2, 4}, {1, 3}], [{8, 5}, {6, 7}, {3, 4}, {1, 2}], [{8, 5}, {6, 7}, {4}, {1, 3}, {2}], [{8, 5}, {7}, {6}, {1, 4}, {2, 3}], [{8, 6}, {1, 7}, {2, 5}, {3, 4}], [{8, 6}, {1, 7}, {3, 5}, {2, 4}], [{8, 6}, {1, 7}, {4, 5}, {2, 3}], [{8, 6}, {1, 7}, {4, 5}, {3}, {2}], [{8, 6}, {1, 7}, {5}, {4}, {2, 3}], [{8, 6}, {2, 7}, {1, 5}, {3, 4}], [{8, 6}, {2, 7}, {3, 5}, {1, 4}], [{8, 6}, {2, 7}, {4, 5}, {1, 3}], [{8, 6}, {2, 7}, {5}, {4}, {1, 3}], [{8, 6}, {3, 7}, {1, 5}, {2, 4}], [{8, 6}, {3, 7}, {1, 5}, {4}, {2}], [{8, 6}, {3, 7}, {2, 5}, {1, 4}], [{8, 6}, {3, 7}, {4, 5}, {1, 2}], [{8, 6}, {3, 7}, {5}, {2, 4}, {1}], [{8, 6}, {4, 7}, {1, 5}, {2, 3}], [{8, 6}, {4, 7}, {2, 5}, {1, 3}], [{8, 6}, {4, 7}, {2, 5}, {3}, {1}], [{8, 6}, {4, 7}, {3, 5}, {1, 2}], [{8, 6}, {4, 7}, {3, 5}, {2}, {1}], [{8, 6}, {4, 7}, {5}, {2, 3}, {1}], [{8, 6}, {5, 7}, {1, 4}, {2, 3}], [{8, 6}, {5, 7}, {2, 4}, {1, 3}], [{8, 6}, {5, 7}, {3, 4}, {1, 2}], [{8, 6}, {5, 7}, {3, 4}, {2}, {1}], [{8, 6}, {5, 7}, {4}, {3}, {1, 2}], [{8, 6}, {7}, {5}, {1, 4}, {2, 3}], [{8, 7}, {1, 6}, {2, 5}, {3, 4}], [{8, 7}, {1, 6}, {3, 5}, {2, 4}], [{8, 7}, {1, 6}, {4, 5}, {2, 3}], [{8, 7}, {2, 6}, {1, 5}, {3, 4}], [{8, 7}, {2, 6}, {3, 5}, {1, 4}], [{8, 7}, {2, 6}, {4, 5}, {1, 3}], [{8, 7}, {3, 6}, {1, 5}, {2, 4}], [{8, 7}, {3, 6}, {2, 5}, {1, 4}], [{8, 7}, {3, 6}, {4, 5}, {1, 2}], [{8, 7}, {3, 6}, {5}, {1, 4}, {2}], [{8, 7}, {4, 6}, {1, 5}, {2, 3}], [{8, 7}, {4, 6}, {1, 5}, {3}, {2}], [{8, 7}, {4, 6}, {2, 5}, {1, 3}], [{8, 7}, {4, 6}, {3, 5}, {1, 2}], [{8, 7}, {5, 6}, {1, 4}, {2, 3}], [{8, 7}, {5, 6}, {1, 4}, {3}, {2}], [{8, 7}, {5, 6}, {2, 4}, {1, 3}], [{8, 7}, {5, 6}, {3, 4}, {1, 2}], [{8, 7}, {6}, {2, 5}, {3, 4}, {1}], [{8, 7}, {6}, {3, 5}, {1, 4}, {2}], [{8}, {1, 7}, {3, 6}, {4, 5}, {2}], [{8}, {1, 7}, {5, 6}, {2, 4}, {3}], [{8}, {1, 7}, {5, 6}, {3, 4}, {2}], [{8}, {1, 7}, {5, 6}, {4}, {2, 3}], [{8}, {3, 7}, {4, 6}, {2, 5}, {1}], [{8}, {3, 7}, {6}, {1, 5}, {2, 4}], [{8}, {4, 7}, {1, 6}, {3, 5}, {2}], [{8}, {4, 7}, {2, 6}, {3, 5}, {1}], [{8}, {4, 7}, {3, 6}, {2, 5}, {1}], [{8}, {4, 7}, {5, 6}, {2, 3}, {1}], [{8}, {4, 7}, {6}, {3, 5}, {1, 2}], [{8}, {4, 7}, {6}, {3, 5}, {2}, {1}], [{8}, {5, 7}, {1, 6}, {2, 4}, {3}], [{8}, {5, 7}, {1, 6}, {3, 4}, {2}], [{8}, {5, 7}, {1, 6}, {4}, {2, 3}], [{8}, {5, 7}, {2, 6}, {3, 4}, {1}], [{8}, {5, 7}, {3, 6}, {4}, {1, 2}], [{8}, {5, 7}, {4, 6}, {3}, {1, 2}], [{8}, {5, 7}, {6}, {3, 4}, {1, 2}], [{8}, {5, 7}, {6}, {3, 4}, {2}, {1}], [{8}, {6, 7}, {1, 5}, {3, 4}, {2}], [{8}, {6, 7}, {4, 5}, {1, 3}, {2}], [{8}, {7}, {4, 6}, {1, 5}, {2, 3}], [{8}, {7}, {5, 6}, {1, 4}, {2, 3}]]",2,8 K_1^3 - 12 K_1^2 - 6 K_1 K_2 - 3 K_1 + 6 K_2 + K_3 + 7,O1O2O3U4O5U6U7O6U1U2O7U3U5O8O4U8,O1O2U3O4O5U6O3O6U1O7U2U4U5O8U7U8,O1O2U1O3O4U2O5O6U7U8O7U3U4U5O8U6,c,{'O1O2O3U4O5O4U6U1O7U2U3O8U7U8O6U5'},1,"<a href=""/flatknot/8.975920"">8.975920</a>",t^9-69t^7-186t^6+41t^5+358t^4+85t^3-54t^2-28t,t^3-3t,,
8.975921,O1O2O3U4O5O4U6U1O7U2U5O8U3U7O6U8,4,11z^2+80z+117,11w^3z^2+80w^2z+117w,False,False,"[[ 0 -2 -1  1  1  1 -3  2  1],[ 2  0  1  3  2  1 -1  3  0],[ 1 -1  0  2  1  0 -2  3  1],[-1 -3 -2  0  0 -1 -3  2  1],[-1 -2 -1  0  0  1 -3  1  1],[-1 -1  0  1 -1  0 -2  1  0],[ 3  1  2  3  3  2  0  2  0],[-2 -3 -3 -2 -1 -1 -2  0  1],[-1  0 -1 -1 -1  0  0 -1  0]]","[[ 0  2  1  1  1  1 -1 -2 -3],[-2  0  1 -1 -1 -2 -3 -3 -2],[-1 -1  0  0 -1 -1 -1  0  0],[-1  1  0  0 -1  1  0 -1 -2],[-1  1  1  1  0  0 -1 -2 -3],[-1  2  1 -1  0  0 -2 -3 -3],[ 1  3  1  0  1  2  0 -1 -2],[ 2  3  0  1  2  3  1  0 -1],[ 3  2  0  2  3  3  2  1  0]]",True,"[-2,-1,-1,-1,-1,1,2,3,-1,1,1,2,3,3,2,0,1,1,1,0,0,1,-1,0,1,2,0,1,2,3,2,3,3,1,2,1]","[-3,-2,-1,1,1,1,1,2,0,0,1,1,2,4,3,0,0,1,2,3,1,0,1,2,1,0,0,1,-1,-1,-1,-1,0,0,0,2]",t^8+81t^6+329t^4+131t^2+4,"[-3,-2,-1,1,1,1,1,2,0,0,1,1,2,4,3,0,0,1,2,3,1,0,1,2,1,0,0,1,-1,-1,-1,-1,0,0,0,2]","[-2,-1,-1,-1,-1,1,2,3,-1,0,0,2,0,1,3,-1,0,1,0,0,1,-1,0,2,2,2,1,1,1,1,1,3,4,0,0,0]","[-3,-2,-1,1,1,1,1,2,1,2,0,2,3,3,2,1,0,1,2,3,3,1,0,1,2,3,0,-1,-1,-1,-1,1,1,0,1,2]",c,"[[{8, 1}, {2, 7}, {3, 6}, {4, 5}], [{8, 1}, {2, 7}, {4, 6}, {3, 5}], [{8, 1}, {2, 7}, {5, 6}, {3, 4}], [{8, 1}, {3, 7}, {2, 6}, {4, 5}], [{8, 1}, {3, 7}, {4, 6}, {2, 5}], [{8, 1}, {3, 7}, {5, 6}, {2, 4}], [{8, 1}, {4, 7}, {2, 6}, {3, 5}], [{8, 1}, {4, 7}, {3, 6}, {2, 5}], [{8, 1}, {4, 7}, {5, 6}, {2, 3}], [{8, 1}, {5, 7}, {2, 6}, {3, 4}], [{8, 1}, {5, 7}, {2, 6}, {4}, {3}], [{8, 1}, {5, 7}, {3, 6}, {2, 4}], [{8, 1}, {5, 7}, {4, 6}, {2, 3}], [{8, 1}, {5, 7}, {6}, {3, 4}, {2}], [{8, 1}, {6, 7}, {2, 5}, {3, 4}], [{8, 1}, {6, 7}, {3, 5}, {2, 4}], [{8, 1}, {6, 7}, {3, 5}, {4}, {2}], [{8, 1}, {6, 7}, {4, 5}, {2, 3}], [{8, 1}, {7}, {4, 6}, {2, 5}, {3}], [{8, 2}, {1, 7}, {3, 6}, {4, 5}], [{8, 2}, {1, 7}, {4, 6}, {3, 5}], [{8, 2}, {1, 7}, {5, 6}, {3, 4}], [{8, 2}, {1, 7}, {6}, {3, 5}, {4}], [{8, 2}, {3, 7}, {1, 6}, {4, 5}], [{8, 2}, {3, 7}, {4, 6}, {1, 5}], [{8, 2}, {3, 7}, {5, 6}, {1, 4}], [{8, 2}, {4, 7}, {1, 6}, {3, 5}], [{8, 2}, {4, 7}, {1, 6}, {5}, {3}], [{8, 2}, {4, 7}, {3, 6}, {1, 5}], [{8, 2}, {4, 7}, {5, 6}, {1, 3}], [{8, 2}, {5, 7}, {1, 6}, {3, 4}], [{8, 2}, {5, 7}, {3, 6}, {1, 4}], [{8, 2}, {5, 7}, {4, 6}, {1, 3}], [{8, 2}, {5, 7}, {6}, {1, 4}, {3}], [{8, 2}, {5, 7}, {6}, {3, 4}, {1}], [{8, 2}, {5, 7}, {6}, {4}, {1, 3}], [{8, 2}, {6, 7}, {1, 5}, {3, 4}], [{8, 2}, {6, 7}, {3, 5}, {1, 4}], [{8, 2}, {6, 7}, {4, 5}, {1, 3}], [{8, 2}, {6, 7}, {5}, {1, 4}, {3}], [{8, 2}, {6, 7}, {5}, {3, 4}, {1}], [{8, 2}, {6, 7}, {5}, {4}, {1, 3}], [{8, 2}, {7}, {4, 6}, {1, 5}, {3}], [{8, 2}, {7}, {5, 6}, {1, 4}, {3}], [{8, 2}, {7}, {5, 6}, {3, 4}, {1}], [{8, 2}, {7}, {5, 6}, {4}, {1, 3}], [{8, 3}, {1, 7}, {2, 6}, {4, 5}], [{8, 3}, {1, 7}, {2, 6}, {5}, {4}], [{8, 3}, {1, 7}, {4, 6}, {2, 5}], [{8, 3}, {1, 7}, {4, 6}, {5}, {2}], [{8, 3}, {1, 7}, {5, 6}, {2, 4}], [{8, 3}, {1, 7}, {5, 6}, {4}, {2}], [{8, 3}, {1, 7}, {6}, {2, 5}, {4}], [{8, 3}, {1, 7}, {6}, {4, 5}, {2}], [{8, 3}, {1, 7}, {6}, {5}, {2, 4}], [{8, 3}, {1, 7}, {6}, {5}, {4}, {2}], [{8, 3}, {2, 7}, {1, 6}, {4, 5}], [{8, 3}, {2, 7}, {4, 6}, {1, 5}], [{8, 3}, {2, 7}, {4, 6}, {5}, {1}], [{8, 3}, {2, 7}, {5, 6}, {1, 4}], [{8, 3}, {2, 7}, {6}, {1, 5}, {4}], [{8, 3}, {4, 7}, {1, 6}, {2, 5}], [{8, 3}, {4, 7}, {2, 6}, {1, 5}], [{8, 3}, {4, 7}, {5, 6}, {1, 2}], [{8, 3}, {5, 7}, {1, 6}, {2, 4}], [{8, 3}, {5, 7}, {2, 6}, {1, 4}], [{8, 3}, {5, 7}, {4, 6}, {1, 2}], [{8, 3}, {5, 7}, {4, 6}, {2}, {1}], [{8, 3}, {5, 7}, {6}, {4}, {1, 2}], [{8, 3}, {6, 7}, {1, 5}, {2, 4}], [{8, 3}, {6, 7}, {2, 5}, {1, 4}], [{8, 3}, {6, 7}, {4, 5}, {1, 2}], [{8, 3}, {7}, {4, 6}, {1, 5}, {2}], [{8, 3}, {7}, {4, 6}, {2, 5}, {1}], [{8, 3}, {7}, {4, 6}, {5}, {1, 2}], [{8, 3}, {7}, {5, 6}, {2, 4}, {1}], [{8, 4}, {1, 7}, {2, 6}, {3, 5}], [{8, 4}, {1, 7}, {3, 6}, {2, 5}], [{8, 4}, {1, 7}, {3, 6}, {5}, {2}], [{8, 4}, {1, 7}, {5, 6}, {2, 3}], [{8, 4}, {1, 7}, {6}, {2, 5}, {3}], [{8, 4}, {2, 7}, {1, 6}, {3, 5}], [{8, 4}, {2, 7}, {1, 6}, {5}, {3}], [{8, 4}, {2, 7}, {3, 6}, {1, 5}], [{8, 4}, {2, 7}, {3, 6}, {5}, {1}], [{8, 4}, {2, 7}, {5, 6}, {1, 3}], [{8, 4}, {2, 7}, {5, 6}, {3}, {1}], [{8, 4}, {2, 7}, {6}, {1, 5}, {3}], [{8, 4}, {2, 7}, {6}, {3, 5}, {1}], [{8, 4}, {2, 7}, {6}, {5}, {1, 3}], [{8, 4}, {2, 7}, {6}, {5}, {3}, {1}], [{8, 4}, {3, 7}, {1, 6}, {2, 5}], [{8, 4}, {3, 7}, {2, 6}, {1, 5}], [{8, 4}, {3, 7}, {5, 6}, {1, 2}], [{8, 4}, {5, 7}, {1, 6}, {2, 3}], [{8, 4}, {5, 7}, {2, 6}, {1, 3}], [{8, 4}, {5, 7}, {3, 6}, {1, 2}], [{8, 4}, {5, 7}, {3, 6}, {2}, {1}], [{8, 4}, {5, 7}, {6}, {3}, {1, 2}], [{8, 4}, {6, 7}, {1, 5}, {2, 3}], [{8, 4}, {6, 7}, {2, 5}, {1, 3}], [{8, 4}, {6, 7}, {3, 5}, {1, 2}], [{8, 4}, {6, 7}, {5}, {1, 3}, {2}], [{8, 4}, {7}, {2, 6}, {5}, {1, 3}], [{8, 4}, {7}, {3, 6}, {1, 5}, {2}], [{8, 4}, {7}, {3, 6}, {2, 5}, {1}], [{8, 4}, {7}, {3, 6}, {5}, {1, 2}], [{8, 5}, {1, 7}, {2, 6}, {3, 4}], [{8, 5}, {1, 7}, {3, 6}, {2, 4}], [{8, 5}, {1, 7}, {4, 6}, {2, 3}], [{8, 5}, {1, 7}, {6}, {4}, {2, 3}], [{8, 5}, {2, 7}, {1, 6}, {3, 4}], [{8, 5}, {2, 7}, {3, 6}, {1, 4}], [{8, 5}, {2, 7}, {4, 6}, {1, 3}], [{8, 5}, {3, 7}, {1, 6}, {2, 4}], [{8, 5}, {3, 7}, {2, 6}, {1, 4}], [{8, 5}, {3, 7}, {4, 6}, {1, 2}], [{8, 5}, {3, 7}, {6}, {1, 4}, {2}], [{8, 5}, {3, 7}, {6}, {2, 4}, {1}], [{8, 5}, {3, 7}, {6}, {4}, {1, 2}], [{8, 5}, {4, 7}, {1, 6}, {2, 3}], [{8, 5}, {4, 7}, {1, 6}, {3}, {2}], [{8, 5}, {4, 7}, {2, 6}, {1, 3}], [{8, 5}, {4, 7}, {3, 6}, {1, 2}], [{8, 5}, {6, 7}, {1, 4}, {2, 3}], [{8, 5}, {6, 7}, {1, 4}, {3}, {2}], [{8, 5}, {6, 7}, {2, 4}, {1, 3}], [{8, 5}, {6, 7}, {3, 4}, {1, 2}], [{8, 5}, {7}, {3, 6}, {1, 4}, {2}], [{8, 5}, {7}, {4, 6}, {3}, {1, 2}], [{8, 6}, {1, 7}, {2, 5}, {3, 4}], [{8, 6}, {1, 7}, {2, 5}, {4}, {3}], [{8, 6}, {1, 7}, {3, 5}, {2, 4}], [{8, 6}, {1, 7}, {4, 5}, {2, 3}], [{8, 6}, {1, 7}, {5}, {3, 4}, {2}], [{8, 6}, {2, 7}, {1, 5}, {3, 4}], [{8, 6}, {2, 7}, {1, 5}, {4}, {3}], [{8, 6}, {2, 7}, {3, 5}, {1, 4}], [{8, 6}, {2, 7}, {4, 5}, {1, 3}], [{8, 6}, {2, 7}, {5}, {3, 4}, {1}], [{8, 6}, {3, 7}, {1, 5}, {2, 4}], [{8, 6}, {3, 7}, {2, 5}, {1, 4}], [{8, 6}, {3, 7}, {4, 5}, {1, 2}], [{8, 6}, {3, 7}, {5}, {1, 4}, {2}], [{8, 6}, {4, 7}, {1, 5}, {2, 3}], [{8, 6}, {4, 7}, {2, 5}, {1, 3}], [{8, 6}, {4, 7}, {3, 5}, {1, 2}], [{8, 6}, {4, 7}, {3, 5}, {2}, {1}], [{8, 6}, {5, 7}, {1, 4}, {2, 3}], [{8, 6}, {5, 7}, {2, 4}, {1, 3}], [{8, 6}, {5, 7}, {3, 4}, {1, 2}], [{8, 6}, {5, 7}, {3, 4}, {2}, {1}], [{8, 6}, {5, 7}, {4}, {3}, {1, 2}], [{8, 6}, {7}, {1, 5}, {3, 4}, {2}], [{8, 6}, {7}, {2, 5}, {3, 4}, {1}], [{8, 6}, {7}, {4, 5}, {2, 3}, {1}], [{8, 6}, {7}, {5}, {3, 4}, {1, 2}], [{8, 7}, {1, 6}, {2, 5}, {3, 4}], [{8, 7}, {1, 6}, {3, 5}, {2, 4}], [{8, 7}, {1, 6}, {4, 5}, {2, 3}], [{8, 7}, {2, 6}, {1, 5}, {3, 4}], [{8, 7}, {2, 6}, {3, 5}, {1, 4}], [{8, 7}, {2, 6}, {4, 5}, {1, 3}], [{8, 7}, {3, 6}, {1, 5}, {2, 4}], [{8, 7}, {3, 6}, {2, 5}, {1, 4}], [{8, 7}, {3, 6}, {4, 5}, {1, 2}], [{8, 7}, {4, 6}, {1, 5}, {2, 3}], [{8, 7}, {4, 6}, {1, 5}, {3}, {2}], [{8, 7}, {4, 6}, {2, 5}, {1, 3}], [{8, 7}, {4, 6}, {2, 5}, {3}, {1}], [{8, 7}, {4, 6}, {3, 5}, {1, 2}], [{8, 7}, {4, 6}, {3, 5}, {2}, {1}], [{8, 7}, {4, 6}, {5}, {1, 3}, {2}], [{8, 7}, {4, 6}, {5}, {2, 3}, {1}], [{8, 7}, {4, 6}, {5}, {3}, {1, 2}], [{8, 7}, {5, 6}, {1, 4}, {2, 3}], [{8, 7}, {5, 6}, {2, 4}, {1, 3}], [{8, 7}, {5, 6}, {3, 4}, {1, 2}], [{8}, {1, 7}, {3, 6}, {2, 5}, {4}], [{8}, {1, 7}, {4, 6}, {2, 5}, {3}], [{8}, {1, 7}, {6}, {2, 5}, {3, 4}], [{8}, {1, 7}, {6}, {2, 5}, {4}, {3}], [{8}, {2, 7}, {3, 6}, {1, 5}, {4}], [{8}, {2, 7}, {4, 6}, {1, 5}, {3}], [{8}, {2, 7}, {6}, {1, 5}, {3, 4}], [{8}, {3, 7}, {4, 6}, {1, 5}, {2}], [{8}, {3, 7}, {4, 6}, {2, 5}, {1}], [{8}, {3, 7}, {4, 6}, {5}, {1, 2}], [{8}, {3, 7}, {5, 6}, {1, 4}, {2}], [{8}, {4, 7}, {1, 6}, {2, 5}, {3}], [{8}, {4, 7}, {6}, {1, 5}, {2, 3}], [{8}, {5, 7}, {1, 6}, {3, 4}, {2}], [{8}, {5, 7}, {2, 6}, {3, 4}, {1}], [{8}, {5, 7}, {3, 6}, {4}, {1, 2}], [{8}, {5, 7}, {4, 6}, {3}, {1, 2}], [{8}, {5, 7}, {6}, {3, 4}, {1, 2}], [{8}, {5, 7}, {6}, {3, 4}, {2}, {1}], [{8}, {6, 7}, {1, 5}, {4}, {2, 3}], [{8}, {6, 7}, {2, 5}, {1, 4}, {3}], [{8}, {6, 7}, {5}, {2, 4}, {1, 3}], [{8}, {7}, {2, 6}, {3, 5}, {1, 4}], [{8}, {7}, {4, 6}, {1, 5}, {2, 3}], [{8}, {7}, {4, 6}, {1, 5}, {3}, {2}], [{8}, {7}, {4, 6}, {2, 5}, {1, 3}], [{8}, {7}, {4, 6}, {2, 5}, {3}, {1}], [{8}, {7}, {4, 6}, {3, 5}, {1, 2}], [{8}, {7}, {4, 6}, {5}, {3}, {1, 2}]]",2,- 12 K_1^2 - 2 K_1 K_2 + K_1 + 6 K_2 + K_3 + 7,O1O2O3U4O5U6U1O4U7U2O6U3U5O8O7U8,O1O2U3O4O5U6O7O3U1O6U2U4U7O8U5U8,O1O2U3O4O5U1O6O7U8U4O8U2U5U6O3U7,c,{'O1O2O3U4O5O4U6U1O7U2U5O8U3U7O6U8'},1,"<a href=""/flatknot/8.975921"">8.975921</a>",t^9-87t^7-330t^6-99t^5+636t^4+519t^3+82t^2+46t+32,t^3-3t,,
8.975922,O1O2O3U4O5O4U6U1O7U2U5O8U7U3O6U8,4,3z^3+29z^2+105z+119,3w^4z^3+29w^3z^2+105w^2z+119w,False,False,"[[ 0 -2 -1  2  1  1 -3  1  1],[ 2  0  1  3  2  1 -1  2  0],[ 1 -1  0  3  1  0 -2  2  1],[-2 -3 -3  0 -1 -2 -3  1  1],[-1 -2 -1  1  0  1 -3  0  1],[-1 -1  0  2 -1  0 -2  1  0],[ 3  1  2  3  3  2  0  1  0],[-1 -2 -2 -1  0 -1 -1  0  1],[-1  0 -1 -1 -1  0  0 -1  0]]","[[ 0  2  1  1  1  1 -1 -2 -3],[-2  0  1  1 -1 -2 -3 -3 -3],[-1 -1  0  1  0 -1 -2 -2 -1],[-1 -1 -1  0 -1  0 -1  0  0],[-1  1  0  1  0  1 -1 -2 -3],[-1  2  1  0 -1  0  0 -1 -2],[ 1  3  2  1  1  0  0 -1 -2],[ 2  3  2  0  2  1  1  0 -1],[ 3  3  1  0  3  2  2  1  0]]",True,"[-2,-1,-1,-1,-1,1,2,3,-1,-1,1,2,3,3,3,-1,0,1,2,2,1,1,0,1,0,0,-1,1,2,3,0,1,2,1,2,1]","[-3,-2,-1,1,1,1,1,2,0,0,1,2,3,4,2,0,1,2,1,3,1,1,2,0,1,0,-1,0,-1,0,-1,0,-1,-1,2,2]",t^8+73t^6+386t^4+153t^2+9,"[-3,-2,-1,1,1,1,1,2,0,0,1,2,3,4,2,0,1,2,1,3,1,1,2,0,1,0,-1,0,-1,0,-1,0,-1,-1,2,2]","[-2,-1,-1,-1,-1,1,2,3,-1,0,2,2,0,1,2,-1,0,1,2,2,2,1,0,1,1,1,-1,1,3,4,0,1,3,0,0,0]","[-3,-2,-1,1,1,1,1,2,1,2,0,1,2,3,3,1,0,2,1,2,3,1,2,0,1,3,-1,0,-1,-1,-1,0,-1,-1,2,1]",c,"[[{8, 2}, {1, 7}, {3, 6}, {4, 5}]]",1,- 12 K_1^2 - 2 K_1 K_2 + K_1 + 6 K_2 + K_3 + 7,O1O2O3U4O5U1U6O4U7U2O6U3U5O8O7U8,O1O2U3O4O5U6O3O7U1O6U2U4U7O8U5U8,O1O2U3O4O5U2O6O7U8U4O8U1U5U6O3U7,c,{'O1O2O3U4O5O4U6U1O7U2U5O8U7U3O6U8'},1,"<a href=""/flatknot/8.975922"">8.975922</a>",t^9-79t^7-278t^6+16t^5+634t^4+343t^3-42t^2-13t+6,t^3-3t,,
8.975923,O1O2O3U4O5O4U6U1O7U3U2O8U5U7O6U8,4,2z^3+24z^2+87z+95,2w^4z^3-6w^4z^2+30w^3z^2-10w^3z+97w^2z+95w,False,False,"[[ 0 -2  0  0  1  1 -3  2  1],[ 2  0  2  1  2  2 -1  3  0],[ 0 -2  0  0  0  1 -3  3  1],[ 0 -1  0  0  0  0 -2  2  1],[-1 -2  0  0  0  1 -3  1  0],[-1 -2 -1  0 -1  0 -2  1  1],[ 3  1  3  2  3  2  0  2  0],[-2 -3 -3 -2 -1 -1 -2  0  1],[-1  0 -1 -1  0 -1  0 -1  0]]","[[ 0  2  1  1  1  0  0 -2 -3],[-2  0  1 -1 -1 -2 -3 -3 -2],[-1 -1  0  0 -1 -1 -1  0  0],[-1  1  0  0  1  0  0 -2 -3],[-1  1  1 -1  0  0 -1 -2 -2],[ 0  2  1  0  0  0  0 -1 -2],[ 0  3  1  0  1  0  0 -2 -3],[ 2  3  0  2  2  1  2  0 -1],[ 3  2  0  3  2  2  3  1  0]]",True,"[-2,-1,-1,-1,0,0,2,3,-1,1,1,2,3,3,2,0,1,1,1,0,0,-1,0,0,2,3,0,1,2,2,0,1,2,2,3,1]","[-3,-2,0,0,1,1,1,2,0,0,1,1,2,4,3,0,1,1,1,3,1,0,1,0,0,-1,1,1,0,0,-1,0,0,-1,0,2]",t^8+74t^6+241t^4+143t^2+1,"[-3,-2,0,0,1,1,1,2,0,0,1,1,2,4,3,0,1,1,1,3,1,0,1,0,0,-1,1,1,0,0,-1,0,0,-1,0,2]","[-2,-1,-1,-1,0,0,2,3,0,0,2,-1,0,1,3,-1,1,0,1,1,2,0,1,1,1,1,0,0,3,4,0,0,0,1,1,0]","[-3,-2,0,0,1,1,1,2,1,2,3,0,2,3,2,1,2,0,2,2,3,0,1,0,0,2,1,1,0,3,-1,0,-1,-1,1,1]",c,"[[{8, 1}, {2, 7}, {3, 6}, {4, 5}], [{8, 1}, {2, 7}, {4, 6}, {3, 5}], [{8, 1}, {2, 7}, {5, 6}, {3, 4}], [{8, 1}, {2, 7}, {6}, {5}, {3, 4}], [{8, 1}, {3, 7}, {2, 6}, {4, 5}], [{8, 1}, {3, 7}, {4, 6}, {2, 5}], [{8, 1}, {3, 7}, {5, 6}, {2, 4}], [{8, 1}, {4, 7}, {2, 6}, {3, 5}], [{8, 1}, {4, 7}, {3, 6}, {2, 5}], [{8, 1}, {4, 7}, {3, 6}, {5}, {2}], [{8, 1}, {4, 7}, {5, 6}, {2, 3}], [{8, 1}, {4, 7}, {5, 6}, {3}, {2}], [{8, 1}, {4, 7}, {6}, {3, 5}, {2}], [{8, 1}, {5, 7}, {2, 6}, {3, 4}], [{8, 1}, {5, 7}, {3, 6}, {2, 4}], [{8, 1}, {5, 7}, {4, 6}, {2, 3}], [{8, 1}, {5, 7}, {4, 6}, {3}, {2}], [{8, 1}, {6, 7}, {2, 5}, {3, 4}], [{8, 1}, {6, 7}, {2, 5}, {4}, {3}], [{8, 1}, {6, 7}, {3, 5}, {2, 4}], [{8, 1}, {6, 7}, {4, 5}, {2, 3}], [{8, 1}, {6, 7}, {4, 5}, {3}, {2}], [{8, 1}, {6, 7}, {5}, {2, 4}, {3}], [{8, 2}, {1, 7}, {3, 6}, {4, 5}], [{8, 2}, {1, 7}, {4, 6}, {3, 5}], [{8, 2}, {1, 7}, {5, 6}, {3, 4}], [{8, 2}, {3, 7}, {1, 6}, {4, 5}], [{8, 2}, {3, 7}, {4, 6}, {1, 5}], [{8, 2}, {3, 7}, {4, 6}, {5}, {1}], [{8, 2}, {3, 7}, {5, 6}, {1, 4}], [{8, 2}, {4, 7}, {1, 6}, {3, 5}], [{8, 2}, {4, 7}, {3, 6}, {1, 5}], [{8, 2}, {4, 7}, {5, 6}, {1, 3}], [{8, 2}, {4, 7}, {6}, {5}, {1, 3}], [{8, 2}, {5, 7}, {1, 6}, {3, 4}], [{8, 2}, {5, 7}, {3, 6}, {1, 4}], [{8, 2}, {5, 7}, {4, 6}, {1, 3}], [{8, 2}, {6, 7}, {1, 5}, {3, 4}], [{8, 2}, {6, 7}, {3, 5}, {1, 4}], [{8, 2}, {6, 7}, {4, 5}, {1, 3}], [{8, 2}, {6, 7}, {5}, {3, 4}, {1}], [{8, 2}, {7}, {3, 6}, {1, 5}, {4}], [{8, 2}, {7}, {4, 6}, {1, 5}, {3}], [{8, 2}, {7}, {5, 6}, {1, 4}, {3}], [{8, 2}, {7}, {6}, {1, 5}, {3, 4}], [{8, 3}, {1, 7}, {2, 6}, {4, 5}], [{8, 3}, {1, 7}, {4, 6}, {2, 5}], [{8, 3}, {1, 7}, {4, 6}, {5}, {2}], [{8, 3}, {1, 7}, {5, 6}, {2, 4}], [{8, 3}, {2, 7}, {1, 6}, {4, 5}], [{8, 3}, {2, 7}, {4, 6}, {1, 5}], [{8, 3}, {2, 7}, {5, 6}, {1, 4}], [{8, 3}, {4, 7}, {1, 6}, {2, 5}], [{8, 3}, {4, 7}, {1, 6}, {5}, {2}], [{8, 3}, {4, 7}, {2, 6}, {1, 5}], [{8, 3}, {4, 7}, {5, 6}, {1, 2}], [{8, 3}, {4, 7}, {5, 6}, {2}, {1}], [{8, 3}, {4, 7}, {6}, {1, 5}, {2}], [{8, 3}, {5, 7}, {1, 6}, {2, 4}], [{8, 3}, {5, 7}, {2, 6}, {1, 4}], [{8, 3}, {5, 7}, {4, 6}, {1, 2}], [{8, 3}, {6, 7}, {1, 5}, {2, 4}], [{8, 3}, {6, 7}, {2, 5}, {1, 4}], [{8, 3}, {6, 7}, {4, 5}, {1, 2}], [{8, 3}, {6, 7}, {5}, {1, 4}, {2}], [{8, 4}, {1, 7}, {2, 6}, {3, 5}], [{8, 4}, {1, 7}, {3, 6}, {2, 5}], [{8, 4}, {1, 7}, {5, 6}, {2, 3}], [{8, 4}, {1, 7}, {5, 6}, {3}, {2}], [{8, 4}, {2, 7}, {1, 6}, {3, 5}], [{8, 4}, {2, 7}, {3, 6}, {1, 5}], [{8, 4}, {2, 7}, {5, 6}, {1, 3}], [{8, 4}, {2, 7}, {6}, {3, 5}, {1}], [{8, 4}, {3, 7}, {1, 6}, {2, 5}], [{8, 4}, {3, 7}, {2, 6}, {1, 5}], [{8, 4}, {3, 7}, {5, 6}, {1, 2}], [{8, 4}, {3, 7}, {5, 6}, {2}, {1}], [{8, 4}, {5, 7}, {1, 6}, {2, 3}], [{8, 4}, {5, 7}, {1, 6}, {3}, {2}], [{8, 4}, {5, 7}, {2, 6}, {1, 3}], [{8, 4}, {5, 7}, {3, 6}, {1, 2}], [{8, 4}, {6, 7}, {1, 5}, {2, 3}], [{8, 4}, {6, 7}, {1, 5}, {3}, {2}], [{8, 4}, {6, 7}, {2, 5}, {1, 3}], [{8, 4}, {6, 7}, {3, 5}, {1, 2}], [{8, 4}, {7}, {5, 6}, {1, 3}, {2}], [{8, 5}, {1, 7}, {2, 6}, {3, 4}], [{8, 5}, {1, 7}, {2, 6}, {4}, {3}], [{8, 5}, {1, 7}, {3, 6}, {2, 4}], [{8, 5}, {1, 7}, {4, 6}, {2, 3}], [{8, 5}, {1, 7}, {4, 6}, {3}, {2}], [{8, 5}, {1, 7}, {6}, {2, 4}, {3}], [{8, 5}, {2, 7}, {1, 6}, {3, 4}], [{8, 5}, {2, 7}, {3, 6}, {1, 4}], [{8, 5}, {2, 7}, {3, 6}, {4}, {1}], [{8, 5}, {2, 7}, {4, 6}, {1, 3}], [{8, 5}, {3, 7}, {1, 6}, {2, 4}], [{8, 5}, {3, 7}, {2, 6}, {1, 4}], [{8, 5}, {3, 7}, {4, 6}, {1, 2}], [{8, 5}, {4, 7}, {1, 6}, {2, 3}], [{8, 5}, {4, 7}, {1, 6}, {3}, {2}], [{8, 5}, {4, 7}, {2, 6}, {1, 3}], [{8, 5}, {4, 7}, {3, 6}, {1, 2}], [{8, 5}, {4, 7}, {3, 6}, {2}, {1}], [{8, 5}, {4, 7}, {6}, {1, 3}, {2}], [{8, 5}, {6, 7}, {1, 4}, {2, 3}], [{8, 5}, {6, 7}, {1, 4}, {3}, {2}], [{8, 5}, {6, 7}, {2, 4}, {1, 3}], [{8, 5}, {6, 7}, {3, 4}, {1, 2}], [{8, 5}, {7}, {2, 6}, {3, 4}, {1}], [{8, 5}, {7}, {3, 6}, {2, 4}, {1}], [{8, 6}, {1, 7}, {2, 5}, {3, 4}], [{8, 6}, {1, 7}, {3, 5}, {2, 4}], [{8, 6}, {1, 7}, {4, 5}, {2, 3}], [{8, 6}, {1, 7}, {4, 5}, {3}, {2}], [{8, 6}, {1, 7}, {5}, {4}, {2, 3}], [{8, 6}, {2, 7}, {1, 5}, {3, 4}], [{8, 6}, {2, 7}, {3, 5}, {1, 4}], [{8, 6}, {2, 7}, {4, 5}, {1, 3}], [{8, 6}, {2, 7}, {4, 5}, {3}, {1}], [{8, 6}, {3, 7}, {1, 5}, {2, 4}], [{8, 6}, {3, 7}, {2, 5}, {1, 4}], [{8, 6}, {3, 7}, {4, 5}, {1, 2}], [{8, 6}, {3, 7}, {4, 5}, {2}, {1}], [{8, 6}, {4, 7}, {1, 5}, {2, 3}], [{8, 6}, {4, 7}, {1, 5}, {3}, {2}], [{8, 6}, {4, 7}, {2, 5}, {1, 3}], [{8, 6}, {4, 7}, {2, 5}, {3}, {1}], [{8, 6}, {4, 7}, {3, 5}, {1, 2}], [{8, 6}, {4, 7}, {3, 5}, {2}, {1}], [{8, 6}, {4, 7}, {5}, {1, 3}, {2}], [{8, 6}, {4, 7}, {5}, {2, 3}, {1}], [{8, 6}, {4, 7}, {5}, {3}, {1, 2}], [{8, 6}, {4, 7}, {5}, {3}, {2}, {1}], [{8, 6}, {5, 7}, {1, 4}, {2, 3}], [{8, 6}, {5, 7}, {1, 4}, {3}, {2}], [{8, 6}, {5, 7}, {2, 4}, {1, 3}], [{8, 6}, {5, 7}, {2, 4}, {3}, {1}], [{8, 6}, {5, 7}, {3, 4}, {1, 2}], [{8, 6}, {5, 7}, {3, 4}, {2}, {1}], [{8, 6}, {5, 7}, {4}, {1, 3}, {2}], [{8, 6}, {5, 7}, {4}, {2, 3}, {1}], [{8, 6}, {5, 7}, {4}, {3}, {1, 2}], [{8, 6}, {5, 7}, {4}, {3}, {2}, {1}], [{8, 6}, {7}, {1, 5}, {4}, {2, 3}], [{8, 6}, {7}, {4, 5}, {1, 3}, {2}], [{8, 6}, {7}, {4, 5}, {2, 3}, {1}], [{8, 6}, {7}, {4, 5}, {3}, {1, 2}], [{8, 6}, {7}, {4, 5}, {3}, {2}, {1}], [{8, 6}, {7}, {5}, {1, 4}, {2, 3}], [{8, 7}, {1, 6}, {2, 5}, {3, 4}], [{8, 7}, {1, 6}, {3, 5}, {2, 4}], [{8, 7}, {1, 6}, {4, 5}, {2, 3}], [{8, 7}, {1, 6}, {4, 5}, {3}, {2}], [{8, 7}, {2, 6}, {1, 5}, {3, 4}], [{8, 7}, {2, 6}, {1, 5}, {4}, {3}], [{8, 7}, {2, 6}, {3, 5}, {1, 4}], [{8, 7}, {2, 6}, {4, 5}, {1, 3}], [{8, 7}, {3, 6}, {1, 5}, {2, 4}], [{8, 7}, {3, 6}, {2, 5}, {1, 4}], [{8, 7}, {3, 6}, {4, 5}, {1, 2}], [{8, 7}, {4, 6}, {1, 5}, {2, 3}], [{8, 7}, {4, 6}, {1, 5}, {3}, {2}], [{8, 7}, {4, 6}, {2, 5}, {1, 3}], [{8, 7}, {4, 6}, {2, 5}, {3}, {1}], [{8, 7}, {4, 6}, {3, 5}, {1, 2}], [{8, 7}, {4, 6}, {5}, {3}, {1, 2}], [{8, 7}, {5, 6}, {1, 4}, {2, 3}], [{8, 7}, {5, 6}, {1, 4}, {3}, {2}], [{8, 7}, {5, 6}, {2, 4}, {1, 3}], [{8, 7}, {5, 6}, {3, 4}, {1, 2}], [{8, 7}, {5, 6}, {3, 4}, {2}, {1}], [{8, 7}, {5, 6}, {4}, {1, 3}, {2}], [{8, 7}, {6}, {1, 5}, {2, 4}, {3}], [{8, 7}, {6}, {3, 5}, {4}, {1, 2}], [{8}, {1, 7}, {4, 6}, {3, 5}, {2}], [{8}, {2, 7}, {4, 6}, {1, 5}, {3}], [{8}, {2, 7}, {5, 6}, {1, 4}, {3}], [{8}, {3, 7}, {6}, {4, 5}, {1, 2}], [{8}, {4, 7}, {1, 6}, {3, 5}, {2}], [{8}, {4, 7}, {2, 6}, {5}, {1, 3}], [{8}, {4, 7}, {3, 6}, {1, 5}, {2}], [{8}, {4, 7}, {5, 6}, {1, 3}, {2}], [{8}, {4, 7}, {6}, {2, 5}, {1, 3}], [{8}, {4, 7}, {6}, {5}, {1, 3}, {2}], [{8}, {6, 7}, {3, 5}, {1, 4}, {2}], [{8}, {7}, {5, 6}, {3, 4}, {1, 2}]]",2,- 8 K_1^2 - 2 K_1 K_2 + K_1 + 4 K_2 + K_3 + 5,O1O2O3U4O5U6U7O4U2U1O6U3U5O8O7U8,O1O2U3O4O5U6O7O3U1O6U2U5U4O8U7U8,O1O2U3O4O5U1O6O7U8U2O8U5U4U6O3U7,c,{'O1O2O3U4O5O4U6U1O7U3U2O8U5U7O6U8'},1,"<a href=""/flatknot/8.975923"">8.975923</a>",t^9-80t^7-250t^6+111t^5+628t^4+412t^3+248t^2-t-48,t^3-3t,,
8.975924,O1O2O3U4O5O4U6U1O7U3U2O8U7U5O6U8,3,13z^2+61z+71,4w^5z^2-16w^4z^2+25w^3z^2-12w^3z+73w^2z+71w,False,False,"[[ 0 -2  0  0  1  2 -3  1  1],[ 2  0  2  1  2  2 -1  2  0],[ 0 -2  0  0  0  2 -3  2  1],[ 0 -1  0  0  0  1 -2  1  1],[-1 -2  0  0  0  2 -3  1  0],[-2 -2 -2 -1 -2  0 -2  0  1],[ 3  1  3  2  3  2  0  1  0],[-1 -2 -2 -1 -1  0 -1  0  1],[-1  0 -1 -1  0 -1  0 -1  0]]","[[ 0  2  1  1  1  0  0 -2 -3],[-2  0  1  0 -2 -1 -2 -2 -2],[-1 -1  0 -1  0 -1 -1  0  0],[-1  0  1  0 -1 -1 -2 -2 -1],[-1  2  0  1  0  0  0 -2 -3],[ 0  1  1  1  0  0  0 -1 -2],[ 0  2  1  2  0  0  0 -2 -3],[ 2  2  0  2  2  1  2  0 -1],[ 3  2  0  1  3  2  3  1  0]]",True,"[-2,-1,-1,-1,0,0,2,3,-1,0,2,1,2,2,2,1,0,1,1,0,0,1,1,2,2,1,0,0,2,3,0,1,2,2,3,1]","[-3,-2,0,0,1,1,1,2,0,0,1,1,3,4,3,0,1,1,1,3,2,0,1,-1,0,0,1,0,0,1,-1,0,-1,-1,1,2]",t^8+64t^6+136t^4+63t^2,"[-3,-2,0,0,1,1,1,2,0,0,1,1,3,4,3,0,1,1,1,3,2,0,1,-1,0,0,1,0,0,1,-1,0,-1,-1,1,2]","[-2,-1,-1,-1,0,0,2,3,-1,1,2,0,1,2,3,1,0,1,1,1,1,1,-1,0,1,3,0,0,3,4,0,0,0,1,1,0]","[-3,-2,0,0,1,1,1,2,1,2,3,0,1,3,2,1,2,0,2,2,2,0,1,1,0,1,1,2,0,2,-1,0,-1,-1,0,2]",c,"[[{8, 2}, {4, 7}, {3, 6}, {1, 5}], [{8, 3}, {4, 7}, {2, 6}, {1, 5}], [{8, 3}, {4, 7}, {6}, {1, 5}, {2}], [{8, 4}, {6, 7}, {1, 5}, {2, 3}], [{8, 4}, {6, 7}, {1, 5}, {3}, {2}], [{8, 6}, {4, 7}, {1, 5}, {2, 3}], [{8, 6}, {4, 7}, {1, 5}, {3}, {2}], [{8, 6}, {4, 7}, {2, 5}, {1, 3}], [{8, 6}, {4, 7}, {2, 5}, {3}, {1}], [{8, 6}, {4, 7}, {3, 5}, {1, 2}], [{8, 6}, {4, 7}, {3, 5}, {2}, {1}], [{8, 6}, {4, 7}, {5}, {1, 3}, {2}], [{8, 6}, {4, 7}, {5}, {2, 3}, {1}], [{8, 6}, {4, 7}, {5}, {3}, {1, 2}], [{8, 6}, {4, 7}, {5}, {3}, {2}, {1}], [{8, 7}, {4, 6}, {1, 5}, {2, 3}], [{8, 7}, {4, 6}, {1, 5}, {3}, {2}], [{8}, {4, 7}, {3, 6}, {1, 5}, {2}]]",1,- 4 K_1^2 - 2 K_1 K_2 + K_1 + 2 K_2 + K_3 + 3,O1O2O3U4O5U6U7O4U2U1O7U3U5O8O6U8,O1O2U3O4O5U6O3O7U1O6U2U5U4O8U7U8,O1O2U3O4O5U2O6O7U8U1O8U5U4U6O3U7,c,{'O1O2O3U4O5O4U6U1O7U3U2O8U7U5O6U8'},1,"<a href=""/flatknot/8.975924"">8.975924</a>",t^9-70t^7-190t^6+96t^5+258t^4+269t^3+334t^2-20t-24,t^3-3t,,
8.975925,O1O2O3U4O5O4U6U1O7U3U2O8U7U8O6U5,4,5z^3+42z^2+112z+97,5w^4z^3+42w^3z^2+112w^2z+97w,False,False,"[[ 0 -2  0  0  1  2 -3  1  1],[ 2  0  2  1  2  1  0  2  0],[ 0 -2  0  0  0  1 -2  2  1],[ 0 -1  0  0  0  0 -1  1  1],[-1 -2  0  0  0  2 -4  1  1],[-2 -1 -1  0 -2  0 -2 -1  1],[ 3  0  2  1  4  2  0  2  0],[-1 -2 -2 -1 -1  1 -2  0  1],[-1  0 -1 -1 -1 -1  0 -1  0]]","[[ 0  2  1  1  1  0  0 -2 -3],[-2  0  1 -1 -2  0 -1 -1 -2],[-1 -1  0 -1 -1 -1 -1  0  0],[-1  1  1  0 -1 -1 -2 -2 -2],[-1  2  1  1  0  0  0 -2 -4],[ 0  0  1  1  0  0  0 -1 -1],[ 0  1  1  2  0  0  0 -2 -2],[ 2  1  0  2  2  1  2  0  0],[ 3  2  0  2  4  1  2  0  0]]",True,"[-2,-1,-1,-1,0,0,2,3,-1,1,2,0,1,1,2,1,1,1,1,0,0,1,1,2,2,2,0,0,2,4,0,1,1,2,2,0]","[-3,-2,0,0,1,1,1,2,0,1,2,0,2,4,2,1,2,0,2,2,1,0,1,1,0,0,1,2,0,1,-1,-1,-1,-1,1,2]",t^8+60t^6+207t^4+100t^2+1,"[-3,-2,0,0,1,1,1,2,1,1,2,0,2,4,3,0,1,1,1,3,3,0,1,-1,0,1,1,0,0,2,-1,-1,-1,-1,0,2]","[-2,-1,-1,-1,0,0,2,3,-1,0,2,1,2,3,3,1,1,1,1,1,0,1,-1,0,1,2,0,0,3,4,0,0,1,1,2,1]","[-3,-2,0,0,1,1,1,2,0,1,2,0,2,4,2,1,2,0,2,2,1,0,1,1,0,0,1,2,0,1,-1,-1,-1,-1,1,2]",c,"[[{8, 1}, {2, 7}, {3, 6}, {4, 5}], [{8, 1}, {2, 7}, {4, 6}, {3, 5}], [{8, 1}, {2, 7}, {4, 6}, {5}, {3}], [{8, 1}, {2, 7}, {5, 6}, {3, 4}], [{8, 1}, {3, 7}, {2, 6}, {4, 5}], [{8, 1}, {3, 7}, {4, 6}, {2, 5}], [{8, 1}, {3, 7}, {5, 6}, {2, 4}], [{8, 1}, {4, 7}, {2, 6}, {3, 5}], [{8, 1}, {4, 7}, {2, 6}, {5}, {3}], [{8, 1}, {4, 7}, {3, 6}, {2, 5}], [{8, 1}, {4, 7}, {5, 6}, {2, 3}], [{8, 1}, {4, 7}, {5, 6}, {3}, {2}], [{8, 1}, {4, 7}, {6}, {2, 5}, {3}], [{8, 1}, {5, 7}, {2, 6}, {3, 4}], [{8, 1}, {5, 7}, {3, 6}, {2, 4}], [{8, 1}, {5, 7}, {4, 6}, {2, 3}], [{8, 1}, {5, 7}, {4, 6}, {3}, {2}], [{8, 1}, {6, 7}, {2, 5}, {3, 4}], [{8, 1}, {6, 7}, {2, 5}, {4}, {3}], [{8, 1}, {6, 7}, {3, 5}, {2, 4}], [{8, 1}, {6, 7}, {4, 5}, {2, 3}], [{8, 1}, {6, 7}, {4, 5}, {3}, {2}], [{8, 1}, {6, 7}, {5}, {2, 4}, {3}], [{8, 1}, {7}, {4, 6}, {2, 5}, {3}], [{8, 2}, {1, 7}, {3, 6}, {4, 5}], [{8, 2}, {1, 7}, {4, 6}, {3, 5}], [{8, 2}, {1, 7}, {5, 6}, {3, 4}], [{8, 2}, {1, 7}, {5, 6}, {4}, {3}], [{8, 2}, {3, 7}, {1, 6}, {4, 5}], [{8, 2}, {3, 7}, {4, 6}, {1, 5}], [{8, 2}, {3, 7}, {5, 6}, {1, 4}], [{8, 2}, {3, 7}, {6}, {4, 5}, {1}], [{8, 2}, {4, 7}, {1, 6}, {3, 5}], [{8, 2}, {4, 7}, {1, 6}, {5}, {3}], [{8, 2}, {4, 7}, {3, 6}, {1, 5}], [{8, 2}, {4, 7}, {3, 6}, {5}, {1}], [{8, 2}, {4, 7}, {5, 6}, {1, 3}], [{8, 2}, {4, 7}, {5, 6}, {3}, {1}], [{8, 2}, {4, 7}, {6}, {1, 5}, {3}], [{8, 2}, {4, 7}, {6}, {3, 5}, {1}], [{8, 2}, {4, 7}, {6}, {5}, {1, 3}], [{8, 2}, {4, 7}, {6}, {5}, {3}, {1}], [{8, 2}, {5, 7}, {1, 6}, {3, 4}], [{8, 2}, {5, 7}, {3, 6}, {1, 4}], [{8, 2}, {5, 7}, {4, 6}, {1, 3}], [{8, 2}, {5, 7}, {6}, {3, 4}, {1}], [{8, 2}, {6, 7}, {1, 5}, {3, 4}], [{8, 2}, {6, 7}, {3, 5}, {1, 4}], [{8, 2}, {6, 7}, {4, 5}, {1, 3}], [{8, 2}, {7}, {5, 6}, {1, 4}, {3}], [{8, 3}, {1, 7}, {2, 6}, {4, 5}], [{8, 3}, {1, 7}, {4, 6}, {2, 5}], [{8, 3}, {1, 7}, {5, 6}, {2, 4}], [{8, 3}, {1, 7}, {5, 6}, {4}, {2}], [{8, 3}, {2, 7}, {1, 6}, {4, 5}], [{8, 3}, {2, 7}, {4, 6}, {1, 5}], [{8, 3}, {2, 7}, {5, 6}, {1, 4}], [{8, 3}, {4, 7}, {1, 6}, {2, 5}], [{8, 3}, {4, 7}, {2, 6}, {1, 5}], [{8, 3}, {4, 7}, {2, 6}, {5}, {1}], [{8, 3}, {4, 7}, {5, 6}, {1, 2}], [{8, 3}, {4, 7}, {5, 6}, {2}, {1}], [{8, 3}, {4, 7}, {6}, {2, 5}, {1}], [{8, 3}, {5, 7}, {1, 6}, {2, 4}], [{8, 3}, {5, 7}, {2, 6}, {1, 4}], [{8, 3}, {5, 7}, {4, 6}, {1, 2}], [{8, 3}, {5, 7}, {4, 6}, {2}, {1}], [{8, 3}, {6, 7}, {1, 5}, {2, 4}], [{8, 3}, {6, 7}, {2, 5}, {1, 4}], [{8, 3}, {6, 7}, {4, 5}, {1, 2}], [{8, 3}, {7}, {4, 6}, {5}, {1, 2}], [{8, 3}, {7}, {5, 6}, {1, 4}, {2}], [{8, 4}, {1, 7}, {2, 6}, {3, 5}], [{8, 4}, {1, 7}, {3, 6}, {2, 5}], [{8, 4}, {1, 7}, {5, 6}, {2, 3}], [{8, 4}, {1, 7}, {5, 6}, {3}, {2}], [{8, 4}, {2, 7}, {1, 6}, {3, 5}], [{8, 4}, {2, 7}, {3, 6}, {1, 5}], [{8, 4}, {2, 7}, {5, 6}, {1, 3}], [{8, 4}, {3, 7}, {1, 6}, {2, 5}], [{8, 4}, {3, 7}, {2, 6}, {1, 5}], [{8, 4}, {3, 7}, {5, 6}, {1, 2}], [{8, 4}, {5, 7}, {1, 6}, {2, 3}], [{8, 4}, {5, 7}, {1, 6}, {3}, {2}], [{8, 4}, {5, 7}, {2, 6}, {1, 3}], [{8, 4}, {5, 7}, {3, 6}, {1, 2}], [{8, 4}, {5, 7}, {3, 6}, {2}, {1}], [{8, 4}, {5, 7}, {6}, {1, 3}, {2}], [{8, 4}, {6, 7}, {1, 5}, {2, 3}], [{8, 4}, {6, 7}, {1, 5}, {3}, {2}], [{8, 4}, {6, 7}, {2, 5}, {1, 3}], [{8, 4}, {6, 7}, {3, 5}, {1, 2}], [{8, 4}, {6, 7}, {5}, {2, 3}, {1}], [{8, 5}, {1, 7}, {2, 6}, {3, 4}], [{8, 5}, {1, 7}, {2, 6}, {4}, {3}], [{8, 5}, {1, 7}, {3, 6}, {2, 4}], [{8, 5}, {1, 7}, {3, 6}, {4}, {2}], [{8, 5}, {1, 7}, {4, 6}, {2, 3}], [{8, 5}, {1, 7}, {4, 6}, {3}, {2}], [{8, 5}, {1, 7}, {6}, {2, 4}, {3}], [{8, 5}, {1, 7}, {6}, {3, 4}, {2}], [{8, 5}, {1, 7}, {6}, {4}, {2, 3}], [{8, 5}, {1, 7}, {6}, {4}, {3}, {2}], [{8, 5}, {2, 7}, {1, 6}, {3, 4}], [{8, 5}, {2, 7}, {3, 6}, {1, 4}], [{8, 5}, {2, 7}, {3, 6}, {4}, {1}], [{8, 5}, {2, 7}, {4, 6}, {1, 3}], [{8, 5}, {2, 7}, {6}, {1, 4}, {3}], [{8, 5}, {3, 7}, {1, 6}, {2, 4}], [{8, 5}, {3, 7}, {2, 6}, {1, 4}], [{8, 5}, {3, 7}, {4, 6}, {1, 2}], [{8, 5}, {3, 7}, {6}, {1, 4}, {2}], [{8, 5}, {4, 7}, {1, 6}, {2, 3}], [{8, 5}, {4, 7}, {1, 6}, {3}, {2}], [{8, 5}, {4, 7}, {2, 6}, {1, 3}], [{8, 5}, {4, 7}, {2, 6}, {3}, {1}], [{8, 5}, {4, 7}, {3, 6}, {1, 2}], [{8, 5}, {4, 7}, {3, 6}, {2}, {1}], [{8, 5}, {4, 7}, {6}, {1, 3}, {2}], [{8, 5}, {4, 7}, {6}, {2, 3}, {1}], [{8, 5}, {4, 7}, {6}, {3}, {1, 2}], [{8, 5}, {4, 7}, {6}, {3}, {2}, {1}], [{8, 5}, {6, 7}, {1, 4}, {2, 3}], [{8, 5}, {6, 7}, {1, 4}, {3}, {2}], [{8, 5}, {6, 7}, {2, 4}, {1, 3}], [{8, 5}, {6, 7}, {3, 4}, {1, 2}], [{8, 5}, {7}, {2, 6}, {1, 4}, {3}], [{8, 5}, {7}, {3, 6}, {1, 4}, {2}], [{8, 5}, {7}, {3, 6}, {2, 4}, {1}], [{8, 5}, {7}, {3, 6}, {4}, {1, 2}], [{8, 5}, {7}, {6}, {1, 4}, {2, 3}], [{8, 5}, {7}, {6}, {1, 4}, {3}, {2}], [{8, 6}, {1, 7}, {2, 5}, {3, 4}], [{8, 6}, {1, 7}, {2, 5}, {4}, {3}], [{8, 6}, {1, 7}, {3, 5}, {2, 4}], [{8, 6}, {1, 7}, {3, 5}, {4}, {2}], [{8, 6}, {1, 7}, {4, 5}, {2, 3}], [{8, 6}, {1, 7}, {4, 5}, {3}, {2}], [{8, 6}, {1, 7}, {5}, {2, 4}, {3}], [{8, 6}, {1, 7}, {5}, {3, 4}, {2}], [{8, 6}, {1, 7}, {5}, {4}, {2, 3}], [{8, 6}, {1, 7}, {5}, {4}, {3}, {2}], [{8, 6}, {2, 7}, {1, 5}, {3, 4}], [{8, 6}, {2, 7}, {3, 5}, {1, 4}], [{8, 6}, {2, 7}, {4, 5}, {1, 3}], [{8, 6}, {2, 7}, {5}, {1, 4}, {3}], [{8, 6}, {3, 7}, {1, 5}, {2, 4}], [{8, 6}, {3, 7}, {1, 5}, {4}, {2}], [{8, 6}, {3, 7}, {2, 5}, {1, 4}], [{8, 6}, {3, 7}, {4, 5}, {1, 2}], [{8, 6}, {3, 7}, {4, 5}, {2}, {1}], [{8, 6}, {3, 7}, {5}, {1, 4}, {2}], [{8, 6}, {4, 7}, {1, 5}, {2, 3}], [{8, 6}, {4, 7}, {1, 5}, {3}, {2}], [{8, 6}, {4, 7}, {2, 5}, {1, 3}], [{8, 6}, {4, 7}, {2, 5}, {3}, {1}], [{8, 6}, {4, 7}, {3, 5}, {1, 2}], [{8, 6}, {4, 7}, {3, 5}, {2}, {1}], [{8, 6}, {4, 7}, {5}, {1, 3}, {2}], [{8, 6}, {4, 7}, {5}, {2, 3}, {1}], [{8, 6}, {4, 7}, {5}, {3}, {1, 2}], [{8, 6}, {4, 7}, {5}, {3}, {2}, {1}], [{8, 6}, {5, 7}, {1, 4}, {2, 3}], [{8, 6}, {5, 7}, {1, 4}, {3}, {2}], [{8, 6}, {5, 7}, {2, 4}, {1, 3}], [{8, 6}, {5, 7}, {3, 4}, {1, 2}], [{8, 6}, {5, 7}, {3, 4}, {2}, {1}], [{8, 6}, {5, 7}, {4}, {1, 3}, {2}], [{8, 6}, {7}, {1, 5}, {3, 4}, {2}], [{8, 6}, {7}, {2, 5}, {1, 4}, {3}], [{8, 6}, {7}, {3, 5}, {1, 4}, {2}], [{8, 6}, {7}, {4, 5}, {1, 3}, {2}], [{8, 6}, {7}, {5}, {1, 4}, {2, 3}], [{8, 6}, {7}, {5}, {1, 4}, {3}, {2}], [{8, 7}, {1, 6}, {2, 5}, {3, 4}], [{8, 7}, {1, 6}, {3, 5}, {2, 4}], [{8, 7}, {1, 6}, {4, 5}, {2, 3}], [{8, 7}, {1, 6}, {4, 5}, {3}, {2}], [{8, 7}, {2, 6}, {1, 5}, {3, 4}], [{8, 7}, {2, 6}, {3, 5}, {1, 4}], [{8, 7}, {2, 6}, {4, 5}, {1, 3}], [{8, 7}, {3, 6}, {1, 5}, {2, 4}], [{8, 7}, {3, 6}, {2, 5}, {1, 4}], [{8, 7}, {3, 6}, {4, 5}, {1, 2}], [{8, 7}, {4, 6}, {1, 5}, {2, 3}], [{8, 7}, {4, 6}, {1, 5}, {3}, {2}], [{8, 7}, {4, 6}, {2, 5}, {1, 3}], [{8, 7}, {4, 6}, {3, 5}, {1, 2}], [{8, 7}, {5, 6}, {1, 4}, {2, 3}], [{8, 7}, {5, 6}, {1, 4}, {3}, {2}], [{8, 7}, {5, 6}, {2, 4}, {1, 3}], [{8, 7}, {5, 6}, {3, 4}, {1, 2}], [{8, 7}, {6}, {3, 5}, {2, 4}, {1}], [{8}, {1, 7}, {5, 6}, {2, 4}, {3}], [{8}, {1, 7}, {5, 6}, {3, 4}, {2}], [{8}, {1, 7}, {5, 6}, {4}, {2, 3}], [{8}, {1, 7}, {5, 6}, {4}, {3}, {2}], [{8}, {2, 7}, {4, 6}, {3, 5}, {1}], [{8}, {2, 7}, {5, 6}, {1, 4}, {3}], [{8}, {3, 7}, {2, 6}, {4, 5}, {1}], [{8}, {3, 7}, {5, 6}, {1, 4}, {2}], [{8}, {4, 7}, {1, 6}, {2, 5}, {3}], [{8}, {4, 7}, {2, 6}, {1, 5}, {3}], [{8}, {4, 7}, {2, 6}, {3, 5}, {1}], [{8}, {4, 7}, {2, 6}, {5}, {1, 3}], [{8}, {4, 7}, {2, 6}, {5}, {3}, {1}], [{8}, {4, 7}, {3, 6}, {2, 5}, {1}], [{8}, {4, 7}, {5, 6}, {1, 3}, {2}], [{8}, {4, 7}, {5, 6}, {2, 3}, {1}], [{8}, {4, 7}, {5, 6}, {3}, {1, 2}], [{8}, {4, 7}, {5, 6}, {3}, {2}, {1}], [{8}, {4, 7}, {6}, {2, 5}, {1, 3}], [{8}, {4, 7}, {6}, {2, 5}, {3}, {1}], [{8}, {5, 7}, {1, 6}, {4}, {2, 3}], [{8}, {5, 7}, {2, 6}, {3, 4}, {1}], [{8}, {5, 7}, {4, 6}, {1, 3}, {2}], [{8}, {6, 7}, {5}, {3, 4}, {1, 2}], [{8}, {7}, {4, 6}, {1, 5}, {2, 3}], [{8}, {7}, {5, 6}, {1, 4}, {2, 3}], [{8}, {7}, {5, 6}, {1, 4}, {3}, {2}]]",2,- 2 K_1 K_2 + K_1 + K_3 + 1,O1O2O3U4O5U6U7O6U2U1O7U3U5O8O4U8,O1O2U3O4O5U6O3O6U1O7U2U5U4O8U7U8,O1O2U1O3O4U2O5O6U7U8O7U4U3U5O8U6,c,{'O1O2O3U4O5O4U6U1O7U3U2O8U7U8O6U5'},1,"<a href=""/flatknot/8.975925"">8.975925</a>",t^9-66t^7-130t^6+155t^5+318t^4+4t^3+40t^2+2t,t^3-3t,,
8.975926,O1O2O3U4O5O4U6U1O7U3U7O8U2U8O6U5,3,19z^2+96z+117,-2w^4z^2+21w^3z^2-6w^3z+102w^2z+117w,False,False,"[[ 0 -2  0  0  1  2 -3  1  1],[ 2  0  2  1  2  1  0  1  1],[ 0 -2  0 -1  0  1 -2  1  1],[ 0 -1  1  0  0  0 -1  1  0],[-1 -2  0  0  0  2 -4  1  1],[-2 -1 -1  0 -2  0 -2  0  0],[ 3  0  2  1  4  2  0  1  1],[-1 -1 -1 -1 -1  0 -1  0  0],[-1 -1 -1  0 -1  0 -1  0  0]]","[[ 0  2  1  1  1  0  0 -2 -3],[-2  0  0  0 -2  0 -1 -1 -2],[-1  0  0  0 -1  0 -1 -1 -1],[-1  0  0  0 -1 -1 -1 -1 -1],[-1  2  1  1  0  0  0 -2 -4],[ 0  0  0  1  0  0  1 -1 -1],[ 0  1  1  1  0 -1  0 -2 -2],[ 2  1  1  1  2  1  2  0  0],[ 3  2  1  1  4  1  2  0  0]]",True,"[-2,-1,-1,-1,0,0,2,3,0,0,2,0,1,1,2,0,1,0,1,1,1,1,1,1,1,1,0,0,2,4,-1,1,1,2,2,0]","[-3,-2,0,0,1,1,1,2,0,1,2,1,1,4,2,1,2,1,1,2,1,1,0,1,0,0,1,1,0,1,0,-1,0,-1,0,2]",t^8+50t^6+134t^4+44t^2,"[-3,-2,0,0,1,1,1,2,1,1,2,0,3,3,3,0,1,1,2,2,3,1,1,0,0,1,1,0,1,2,-1,-1,-1,0,1,1]","[-2,-1,-1,-1,0,0,2,3,-1,1,1,1,2,3,3,1,1,1,1,1,0,0,0,0,2,3,0,1,2,3,-1,0,1,1,2,1]","[-3,-2,0,0,1,1,1,2,0,1,2,1,1,4,2,1,2,1,1,2,1,1,0,1,0,0,1,1,0,1,0,-1,0,-1,0,2]",c,"[[{8, 4}, {1, 7}, {2, 6}, {3, 5}], [{8, 4}, {1, 7}, {2, 6}, {5}, {3}], [{8, 4}, {6, 7}, {3, 5}, {1, 2}], [{8, 4}, {6, 7}, {5}, {3}, {1, 2}]]",1,- 12 K_1^2 - 2 K_1 K_2 + K_1 + 6 K_2 + K_3 + 7,O1O2O3U4O5U6U2O6U7U1O7U3U5O8O4U8,O1O2U3O4O3U5O6O5U1O7U2U6U4O8U7U8,O1O2U1O3O4U3O5O6U7U8O7U4U2U5O8U6,c,{'O1O2O3U4O5O4U6U1O7U3U7O8U2U8O6U5'},1,"<a href=""/flatknot/8.975926"">8.975926</a>",t^9-56t^7-94t^6+106t^5+200t^4+24t^3-16t^2,t^3-3t,,
8.975927,O1O2O3U4O5O4U6U1O7U5U2O8U3U7O6U8,3,2z^2+39z+71,2w^3z^2+39w^2z+71w,False,False,"[[ 0 -2  0  1  1  0 -3  2  1],[ 2  0  2  3  2  0 -1  3  0],[ 0 -2  0  1  1 -1 -3  3  1],[-1 -3 -1  0  0 -1 -3  2  1],[-1 -2 -1  0  0  0 -3  1  1],[ 0  0  1  1  0  0 -1  1  0],[ 3  1  3  3  3  1  0  2  0],[-2 -3 -3 -2 -1 -1 -2  0  1],[-1  0 -1 -1 -1  0  0 -1  0]]","[[ 0  2  1  1  1  0  0 -2 -3],[-2  0  1 -1 -2 -1 -3 -3 -2],[-1 -1  0 -1 -1  0 -1  0  0],[-1  1  1  0  0  0 -1 -2 -3],[-1  2  1  0  0 -1 -1 -3 -3],[ 0  1  0  0  1  0  1  0 -1],[ 0  3  1  1  1 -1  0 -2 -3],[ 2  3  0  2  3  0  2  0 -1],[ 3  2  0  3  3  1  3  1  0]]",True,"[-2,-1,-1,-1,0,0,2,3,-1,1,2,1,3,3,2,1,1,0,1,0,0,0,0,1,2,3,1,1,3,3,-1,0,1,2,3,1]","[-3,-2,0,0,1,1,1,2,0,0,2,1,1,4,3,0,2,0,1,3,1,1,0,0,0,-1,0,1,1,1,0,-1,-1,-1,0,2]",t^8+82t^6+157t^4+32t^2,"[-3,-2,0,0,1,1,1,2,0,0,2,1,1,4,3,0,2,0,1,3,1,1,0,0,0,-1,0,1,1,1,0,-1,-1,-1,0,2]","[-2,-1,-1,-1,0,0,2,3,-1,0,2,-1,1,1,3,0,1,0,0,0,1,1,0,1,1,1,0,1,3,4,-1,0,0,2,2,0]","[-3,-2,0,0,1,1,1,2,1,1,3,0,3,3,2,0,2,0,2,3,3,1,0,0,1,1,1,1,1,3,-1,-1,-1,0,1,2]",c,"[[{8, 1}, {4, 7}, {5, 6}, {2, 3}], [{8, 3}, {5, 7}, {4, 6}, {1, 2}], [{8, 3}, {5, 7}, {4, 6}, {2}, {1}], [{8, 6}, {5, 7}, {3, 4}, {1, 2}], [{8, 6}, {5, 7}, {3, 4}, {2}, {1}], [{8, 7}, {5, 6}, {1, 4}, {2, 3}]]",1,- 12 K_1^2 - 2 K_1 K_2 + K_1 + 6 K_2 + K_3 + 7,O1O2O3U4O5U6U1O4U2U7O6U3U5O8O7U8,O1O2U3O4O5U6O7O3U1O6U2U5U7O8U4U8,O1O2U3O4O5U1O6O7U8U5O8U2U4U6O3U7,c,{'O1O2O3U4O5O4U6U1O7U5U2O8U3U7O6U8'},1,"<a href=""/flatknot/8.975927"">8.975927</a>",t^9-88t^7-320t^6-95t^5+548t^4+194t^3-276t^2+24,t^3-3t,,
8.975928,O1O2O3U4O5O4U6U1O7U5U2O8U7U3O6U8,4,3z^3+30z^2+106z+117,3w^4z^3+30w^3z^2+106w^2z+117w,False,False,"[[ 0 -2  0  2  1  0 -3  1  1],[ 2  0  2  3  2  0 -1  2  0],[ 0 -2  0  2  1 -1 -3  2  1],[-2 -3 -2  0 -1 -2 -3  1  1],[-1 -2 -1  1  0  0 -3  0  1],[ 0  0  1  2  0  0 -1  1  0],[ 3  1  3  3  3  1  0  1  0],[-1 -2 -2 -1  0 -1 -1  0  1],[-1  0 -1 -1 -1  0  0 -1  0]]","[[ 0  2  1  1  1  0  0 -2 -3],[-2  0  1  1 -1 -2 -2 -3 -3],[-1 -1  0  1  0 -1 -2 -2 -1],[-1 -1 -1  0 -1  0 -1  0  0],[-1  1  0  1  0  0 -1 -2 -3],[ 0  2  1  0  0  0  1  0 -1],[ 0  2  2  1  1 -1  0 -2 -3],[ 2  3  2  0  2  0  2  0 -1],[ 3  3  1  0  3  1  3  1  0]]",True,"[-2,-1,-1,-1,0,0,2,3,-1,-1,1,2,2,3,3,-1,0,1,2,2,1,1,0,1,0,0,0,1,2,3,-1,0,1,2,3,1]","[-3,-2,0,0,1,1,1,2,0,0,2,1,3,4,2,0,2,1,1,3,1,1,0,-1,0,0,1,0,1,0,0,-1,0,-1,2,2]",t^8+72t^6+235t^4+35t^2+1,"[-3,-2,0,0,1,1,1,2,0,0,2,1,3,4,2,0,2,1,1,3,1,1,0,-1,0,0,1,0,1,0,0,-1,0,-1,2,2]","[-2,-1,-1,-1,0,0,2,3,0,2,2,0,0,1,2,0,1,0,1,1,1,1,-1,0,1,3,0,1,3,4,-1,0,0,2,2,0]","[-3,-2,0,0,1,1,1,2,1,1,3,0,1,3,3,0,2,0,2,2,3,1,0,1,0,2,1,2,1,2,-1,-1,-1,0,-1,1]",c,"[[{8, 1}, {2, 7}, {3, 6}, {4, 5}], [{8, 1}, {2, 7}, {3, 6}, {5}, {4}], [{8, 1}, {2, 7}, {4, 6}, {3, 5}], [{8, 1}, {2, 7}, {5, 6}, {3, 4}], [{8, 1}, {3, 7}, {2, 6}, {4, 5}], [{8, 1}, {3, 7}, {4, 6}, {2, 5}], [{8, 1}, {3, 7}, {4, 6}, {5}, {2}], [{8, 1}, {3, 7}, {5, 6}, {2, 4}], [{8, 1}, {3, 7}, {5, 6}, {4}, {2}], [{8, 1}, {3, 7}, {6}, {4, 5}, {2}], [{8, 1}, {4, 7}, {2, 6}, {3, 5}], [{8, 1}, {4, 7}, {3, 6}, {2, 5}], [{8, 1}, {4, 7}, {5, 6}, {2, 3}], [{8, 1}, {4, 7}, {6}, {3, 5}, {2}], [{8, 1}, {5, 7}, {2, 6}, {3, 4}], [{8, 1}, {5, 7}, {3, 6}, {2, 4}], [{8, 1}, {5, 7}, {3, 6}, {4}, {2}], [{8, 1}, {5, 7}, {4, 6}, {2, 3}], [{8, 1}, {5, 7}, {4, 6}, {3}, {2}], [{8, 1}, {5, 7}, {6}, {3, 4}, {2}], [{8, 1}, {6, 7}, {2, 5}, {3, 4}], [{8, 1}, {6, 7}, {3, 5}, {2, 4}], [{8, 1}, {6, 7}, {3, 5}, {4}, {2}], [{8, 1}, {6, 7}, {4, 5}, {2, 3}], [{8, 1}, {7}, {2, 6}, {5}, {3, 4}], [{8, 1}, {7}, {3, 6}, {2, 5}, {4}], [{8, 1}, {7}, {4, 6}, {3, 5}, {2}], [{8, 2}, {1, 7}, {3, 6}, {4, 5}], [{8, 2}, {1, 7}, {4, 6}, {3, 5}], [{8, 2}, {1, 7}, {5, 6}, {3, 4}], [{8, 2}, {1, 7}, {6}, {3, 5}, {4}], [{8, 2}, {3, 7}, {1, 6}, {4, 5}], [{8, 2}, {3, 7}, {1, 6}, {5}, {4}], [{8, 2}, {3, 7}, {4, 6}, {1, 5}], [{8, 2}, {3, 7}, {5, 6}, {1, 4}], [{8, 2}, {3, 7}, {5, 6}, {4}, {1}], [{8, 2}, {3, 7}, {6}, {1, 5}, {4}], [{8, 2}, {4, 7}, {1, 6}, {3, 5}], [{8, 2}, {4, 7}, {3, 6}, {1, 5}], [{8, 2}, {4, 7}, {5, 6}, {1, 3}], [{8, 2}, {4, 7}, {5, 6}, {3}, {1}], [{8, 2}, {5, 7}, {1, 6}, {3, 4}], [{8, 2}, {5, 7}, {1, 6}, {4}, {3}], [{8, 2}, {5, 7}, {3, 6}, {1, 4}], [{8, 2}, {5, 7}, {3, 6}, {4}, {1}], [{8, 2}, {5, 7}, {4, 6}, {1, 3}], [{8, 2}, {5, 7}, {6}, {4}, {1, 3}], [{8, 2}, {6, 7}, {1, 5}, {3, 4}], [{8, 2}, {6, 7}, {3, 5}, {1, 4}], [{8, 2}, {6, 7}, {3, 5}, {4}, {1}], [{8, 2}, {6, 7}, {4, 5}, {1, 3}], [{8, 2}, {7}, {1, 6}, {3, 5}, {4}], [{8, 2}, {7}, {4, 6}, {1, 5}, {3}], [{8, 2}, {7}, {5, 6}, {3, 4}, {1}], [{8, 3}, {1, 7}, {2, 6}, {4, 5}], [{8, 3}, {1, 7}, {2, 6}, {5}, {4}], [{8, 3}, {1, 7}, {4, 6}, {2, 5}], [{8, 3}, {1, 7}, {5, 6}, {2, 4}], [{8, 3}, {2, 7}, {1, 6}, {4, 5}], [{8, 3}, {2, 7}, {4, 6}, {1, 5}], [{8, 3}, {2, 7}, {5, 6}, {1, 4}], [{8, 3}, {4, 7}, {1, 6}, {2, 5}], [{8, 3}, {4, 7}, {2, 6}, {1, 5}], [{8, 3}, {4, 7}, {2, 6}, {5}, {1}], [{8, 3}, {4, 7}, {5, 6}, {1, 2}], [{8, 3}, {5, 7}, {1, 6}, {2, 4}], [{8, 3}, {5, 7}, {1, 6}, {4}, {2}], [{8, 3}, {5, 7}, {2, 6}, {1, 4}], [{8, 3}, {5, 7}, {4, 6}, {1, 2}], [{8, 3}, {5, 7}, {4, 6}, {2}, {1}], [{8, 3}, {5, 7}, {6}, {1, 4}, {2}], [{8, 3}, {6, 7}, {1, 5}, {2, 4}], [{8, 3}, {6, 7}, {2, 5}, {1, 4}], [{8, 3}, {6, 7}, {4, 5}, {1, 2}], [{8, 3}, {7}, {2, 6}, {5}, {1, 4}], [{8, 3}, {7}, {5, 6}, {2, 4}, {1}], [{8, 4}, {1, 7}, {2, 6}, {3, 5}], [{8, 4}, {1, 7}, {2, 6}, {5}, {3}], [{8, 4}, {1, 7}, {3, 6}, {2, 5}], [{8, 4}, {1, 7}, {5, 6}, {2, 3}], [{8, 4}, {1, 7}, {6}, {3, 5}, {2}], [{8, 4}, {2, 7}, {1, 6}, {3, 5}], [{8, 4}, {2, 7}, {3, 6}, {1, 5}], [{8, 4}, {2, 7}, {3, 6}, {5}, {1}], [{8, 4}, {2, 7}, {5, 6}, {1, 3}], [{8, 4}, {3, 7}, {1, 6}, {2, 5}], [{8, 4}, {3, 7}, {1, 6}, {5}, {2}], [{8, 4}, {3, 7}, {2, 6}, {1, 5}], [{8, 4}, {3, 7}, {5, 6}, {1, 2}], [{8, 4}, {3, 7}, {5, 6}, {2}, {1}], [{8, 4}, {3, 7}, {6}, {1, 5}, {2}], [{8, 4}, {5, 7}, {1, 6}, {2, 3}], [{8, 4}, {5, 7}, {1, 6}, {3}, {2}], [{8, 4}, {5, 7}, {2, 6}, {1, 3}], [{8, 4}, {5, 7}, {3, 6}, {1, 2}], [{8, 4}, {5, 7}, {3, 6}, {2}, {1}], [{8, 4}, {5, 7}, {6}, {1, 3}, {2}], [{8, 4}, {6, 7}, {1, 5}, {2, 3}], [{8, 4}, {6, 7}, {2, 5}, {1, 3}], [{8, 4}, {6, 7}, {3, 5}, {1, 2}], [{8, 4}, {6, 7}, {3, 5}, {2}, {1}], [{8, 4}, {7}, {1, 6}, {3, 5}, {2}], [{8, 4}, {7}, {3, 6}, {2, 5}, {1}], [{8, 5}, {1, 7}, {2, 6}, {3, 4}], [{8, 5}, {1, 7}, {2, 6}, {4}, {3}], [{8, 5}, {1, 7}, {3, 6}, {2, 4}], [{8, 5}, {1, 7}, {4, 6}, {2, 3}], [{8, 5}, {2, 7}, {1, 6}, {3, 4}], [{8, 5}, {2, 7}, {3, 6}, {1, 4}], [{8, 5}, {2, 7}, {3, 6}, {4}, {1}], [{8, 5}, {2, 7}, {4, 6}, {1, 3}], [{8, 5}, {3, 7}, {1, 6}, {2, 4}], [{8, 5}, {3, 7}, {1, 6}, {4}, {2}], [{8, 5}, {3, 7}, {2, 6}, {1, 4}], [{8, 5}, {3, 7}, {4, 6}, {1, 2}], [{8, 5}, {3, 7}, {4, 6}, {2}, {1}], [{8, 5}, {3, 7}, {6}, {1, 4}, {2}], [{8, 5}, {4, 7}, {1, 6}, {2, 3}], [{8, 5}, {4, 7}, {2, 6}, {1, 3}], [{8, 5}, {4, 7}, {3, 6}, {1, 2}], [{8, 5}, {4, 7}, {6}, {2, 3}, {1}], [{8, 5}, {6, 7}, {1, 4}, {2, 3}], [{8, 5}, {6, 7}, {2, 4}, {1, 3}], [{8, 5}, {6, 7}, {3, 4}, {1, 2}], [{8, 6}, {1, 7}, {2, 5}, {3, 4}], [{8, 6}, {1, 7}, {3, 5}, {2, 4}], [{8, 6}, {1, 7}, {3, 5}, {4}, {2}], [{8, 6}, {1, 7}, {4, 5}, {2, 3}], [{8, 6}, {2, 7}, {1, 5}, {3, 4}], [{8, 6}, {2, 7}, {3, 5}, {1, 4}], [{8, 6}, {2, 7}, {4, 5}, {1, 3}], [{8, 6}, {3, 7}, {1, 5}, {2, 4}], [{8, 6}, {3, 7}, {1, 5}, {4}, {2}], [{8, 6}, {3, 7}, {2, 5}, {1, 4}], [{8, 6}, {3, 7}, {4, 5}, {1, 2}], [{8, 6}, {3, 7}, {4, 5}, {2}, {1}], [{8, 6}, {3, 7}, {5}, {1, 4}, {2}], [{8, 6}, {4, 7}, {1, 5}, {2, 3}], [{8, 6}, {4, 7}, {2, 5}, {1, 3}], [{8, 6}, {4, 7}, {3, 5}, {1, 2}], [{8, 6}, {4, 7}, {3, 5}, {2}, {1}], [{8, 6}, {5, 7}, {1, 4}, {2, 3}], [{8, 6}, {5, 7}, {1, 4}, {3}, {2}], [{8, 6}, {5, 7}, {2, 4}, {1, 3}], [{8, 6}, {5, 7}, {3, 4}, {1, 2}], [{8, 6}, {5, 7}, {3, 4}, {2}, {1}], [{8, 6}, {5, 7}, {4}, {1, 3}, {2}], [{8, 6}, {7}, {1, 5}, {2, 4}, {3}], [{8, 6}, {7}, {3, 5}, {1, 4}, {2}], [{8, 7}, {1, 6}, {2, 5}, {3, 4}], [{8, 7}, {1, 6}, {3, 5}, {2, 4}], [{8, 7}, {1, 6}, {3, 5}, {4}, {2}], [{8, 7}, {1, 6}, {4, 5}, {2, 3}], [{8, 7}, {2, 6}, {1, 5}, {3, 4}], [{8, 7}, {2, 6}, {3, 5}, {1, 4}], [{8, 7}, {2, 6}, {4, 5}, {1, 3}], [{8, 7}, {2, 6}, {5}, {3, 4}, {1}], [{8, 7}, {3, 6}, {1, 5}, {2, 4}], [{8, 7}, {3, 6}, {2, 5}, {1, 4}], [{8, 7}, {3, 6}, {2, 5}, {4}, {1}], [{8, 7}, {3, 6}, {4, 5}, {1, 2}], [{8, 7}, {4, 6}, {1, 5}, {2, 3}], [{8, 7}, {4, 6}, {2, 5}, {1, 3}], [{8, 7}, {4, 6}, {3, 5}, {1, 2}], [{8, 7}, {4, 6}, {3, 5}, {2}, {1}], [{8, 7}, {5, 6}, {1, 4}, {2, 3}], [{8, 7}, {5, 6}, {2, 4}, {1, 3}], [{8, 7}, {5, 6}, {2, 4}, {3}, {1}], [{8, 7}, {5, 6}, {3, 4}, {1, 2}], [{8, 7}, {6}, {3, 5}, {1, 4}, {2}], [{8, 7}, {6}, {4, 5}, {2, 3}, {1}], [{8}, {1, 7}, {2, 6}, {3, 5}, {4}], [{8}, {1, 7}, {2, 6}, {4, 5}, {3}], [{8}, {1, 7}, {2, 6}, {5}, {3, 4}], [{8}, {1, 7}, {2, 6}, {5}, {4}, {3}], [{8}, {1, 7}, {3, 6}, {2, 5}, {4}], [{8}, {1, 7}, {4, 6}, {3, 5}, {2}], [{8}, {1, 7}, {5, 6}, {4}, {2, 3}], [{8}, {1, 7}, {6}, {3, 5}, {2, 4}], [{8}, {1, 7}, {6}, {3, 5}, {4}, {2}], [{8}, {2, 7}, {1, 6}, {3, 5}, {4}], [{8}, {2, 7}, {3, 6}, {1, 5}, {4}], [{8}, {2, 7}, {3, 6}, {4, 5}, {1}], [{8}, {2, 7}, {3, 6}, {5}, {1, 4}], [{8}, {2, 7}, {3, 6}, {5}, {4}, {1}], [{8}, {2, 7}, {5, 6}, {4}, {1, 3}], [{8}, {3, 7}, {1, 6}, {2, 5}, {4}], [{8}, {3, 7}, {1, 6}, {4, 5}, {2}], [{8}, {3, 7}, {1, 6}, {5}, {2, 4}], [{8}, {3, 7}, {1, 6}, {5}, {4}, {2}], [{8}, {3, 7}, {2, 6}, {1, 5}, {4}], [{8}, {3, 7}, {4, 6}, {1, 5}, {2}], [{8}, {3, 7}, {5, 6}, {1, 4}, {2}], [{8}, {3, 7}, {5, 6}, {2, 4}, {1}], [{8}, {3, 7}, {5, 6}, {4}, {1, 2}], [{8}, {3, 7}, {5, 6}, {4}, {2}, {1}], [{8}, {3, 7}, {6}, {1, 5}, {2, 4}], [{8}, {3, 7}, {6}, {1, 5}, {4}, {2}], [{8}, {4, 7}, {1, 6}, {3, 5}, {2}], [{8}, {4, 7}, {3, 6}, {2, 5}, {1}], [{8}, {5, 7}, {1, 6}, {2, 4}, {3}], [{8}, {5, 7}, {1, 6}, {3, 4}, {2}], [{8}, {5, 7}, {1, 6}, {4}, {2, 3}], [{8}, {5, 7}, {1, 6}, {4}, {3}, {2}], [{8}, {5, 7}, {2, 6}, {4}, {1, 3}], [{8}, {5, 7}, {3, 6}, {1, 4}, {2}], [{8}, {5, 7}, {3, 6}, {2, 4}, {1}], [{8}, {5, 7}, {3, 6}, {4}, {1, 2}], [{8}, {5, 7}, {3, 6}, {4}, {2}, {1}], [{8}, {5, 7}, {4, 6}, {1, 3}, {2}], [{8}, {5, 7}, {6}, {2, 4}, {1, 3}], [{8}, {5, 7}, {6}, {4}, {1, 3}, {2}], [{8}, {6, 7}, {1, 5}, {4}, {2, 3}], [{8}, {6, 7}, {2, 5}, {4}, {1, 3}], [{8}, {6, 7}, {3, 5}, {1, 4}, {2}], [{8}, {6, 7}, {3, 5}, {2, 4}, {1}], [{8}, {6, 7}, {3, 5}, {4}, {1, 2}], [{8}, {6, 7}, {3, 5}, {4}, {2}, {1}], [{8}, {7}, {1, 6}, {3, 5}, {2, 4}], [{8}, {7}, {1, 6}, {3, 5}, {4}, {2}], [{8}, {7}, {3, 6}, {2, 5}, {1, 4}], [{8}, {7}, {3, 6}, {2, 5}, {4}, {1}]]",2,- 8 K_1^2 - 2 K_1 K_2 + K_1 + 4 K_2 + K_3 + 5,O1O2O3U4O5U1U6O4U2U7O6U3U5O8O7U8,O1O2U3O4O5U6O3O7U1O6U2U5U7O8U4U8,O1O2U3O4O5U2O6O7U8U5O8U1U4U6O3U7,c,{'O1O2O3U4O5O4U6U1O7U5U2O8U7U3O6U8'},1,"<a href=""/flatknot/8.975928"">8.975928</a>",t^9-78t^7-266t^6+5t^5+710t^4+521t^3+44t^2-147t+18,t^3-3t,,
8.975929,O1O2O3U4O5O4U6U1O7U5U3O8U7U2O6U8,4,2z^3+27z^2+90z+89,2w^4z^3-6w^4z^2+33w^3z^2-10w^3z+100w^2z+89w,False,False,"[[ 0 -2  1  1  1  0 -3  1  1],[ 2  0  3  2  2  0 -1  2  0],[-1 -3  0 -1  0 -2 -3  2  1],[-1 -2  1  0  0 -1 -3  2  0],[-1 -2  0  0  0  0 -3  0  1],[ 0  0  2  1  0  0 -1  1  0],[ 3  1  3  3  3  1  0  1  0],[-1 -2 -2 -2  0 -1 -1  0  1],[-1  0 -1  0 -1  0  0 -1  0]]","[[ 0  1  1  1  1  1  0 -2 -3],[-1  0  2  1  0  0 -1 -2 -3],[-1 -2  0 -2  1  0 -1 -2 -1],[-1 -1  2  0  1  0 -2 -3 -3],[-1  0 -1 -1  0 -1  0  0  0],[-1  0  0  0  1  0  0 -2 -3],[ 0  1  1  2  0  0  0  0 -1],[ 2  2  2  3  0  2  0  0 -1],[ 3  3  1  3  0  3  1  1  0]]",True,"[-1,-1,-1,-1,-1,0,2,3,-2,-1,0,0,1,2,3,2,-1,0,1,2,1,-1,0,2,3,3,1,0,0,0,0,2,3,0,1,1]","[-3,-2,0,1,1,1,1,1,0,2,1,1,1,3,4,2,0,1,1,1,3,-1,0,1,0,1,1,0,-2,-1,0,-2,0,0,-1,-1]",t^8+69t^6+319t^4+111t^2,"[-3,-2,0,1,1,1,1,1,0,2,1,1,1,3,4,2,0,1,1,1,3,-1,0,1,0,1,1,0,-2,-1,0,-2,0,0,-1,-1]","[-1,-1,-1,-1,-1,0,2,3,-2,-2,0,1,0,1,3,-1,0,1,-1,0,1,0,0,0,1,1,1,1,1,1,1,3,4,2,2,0]","[-3,-2,0,1,1,1,1,1,1,1,0,1,3,3,3,0,0,2,2,2,3,0,1,0,1,2,-1,-1,0,-1,0,-2,-2,0,0,1]",c,"[[{8, 7}, {5, 6}, {2, 4}, {1, 3}]]",1,16 K_1^3 - 14 K_1^2 - 14 K_1 K_2 - 5 K_1 + 7 K_2 + 3 K_3 + 8,O1O2O3U4O5U2U6O4U1U7O6U3U5O8O7U8,O1O2U3O4O5U6O3O7U1O6U2U7U5O8U4U8,O1O2U3O4O5U2O6O7U8U5O8U4U1U6O3U7,c,{'O1O2O3U4O5O4U6U1O7U5U3O8U7U2O6U8'},1,"<a href=""/flatknot/8.975929"">8.975929</a>",t^9-77t^7-184t^6+330t^5+872t^4-2t^3-138t^2+10t+16,t^3+t^2-5t,,
8.975930,O1O2O3U4O5O4U6U1O7U8U2O8U3U7O6U5,3,13z^2+66z+81,13w^3z^2+66w^2z+81w,False,False,"[[ 0 -2  0  1  1  2 -3  2 -1],[ 2  0  1  2  2  1  0  2  1],[ 0 -1  0  0  0  0 -1  1  0],[-1 -2  0  0 -1  0 -2  1 -1],[-1 -2  0  1  0  2 -4  2 -2],[-2 -1  0  0 -2  0 -2  0 -2],[ 3  0  1  2  4  2  0  2  2],[-2 -2 -1 -1 -2  0 -2  0 -2],[ 1 -1  0  1  2  2 -2  2  0]]","[[ 0  2  2  1  1  0 -1 -2 -3],[-2  0  0  0 -2  0 -2 -1 -2],[-2  0  0 -1 -2 -1 -2 -2 -2],[-1  0  1  0 -1  0 -1 -2 -2],[-1  2  2  1  0  0 -2 -2 -4],[ 0  0  1  0  0  0  0 -1 -1],[ 1  2  2  1  2  0  0 -1 -2],[ 2  1  2  2  2  1  1  0  0],[ 3  2  2  2  4  1  2  0  0]]",True,"[-2,-2,-1,-1,0,1,2,3,0,0,2,0,2,1,2,1,2,1,2,2,2,1,0,1,2,2,0,2,2,4,0,1,1,1,2,0]","[-3,-2,-1,0,1,1,2,2,0,2,1,2,4,2,2,1,1,2,2,1,2,0,1,2,2,2,0,0,0,1,-1,0,1,2,2,0]",t^8+72t^6+181t^4+36t^2,"[-3,-2,-1,0,1,1,2,2,1,0,2,0,2,3,3,0,1,1,1,2,3,1,0,1,1,1,1,1,1,2,-1,-1,-1,0,1,0]","[-2,-2,-1,-1,0,1,2,3,0,-1,0,1,1,2,3,-1,1,2,1,3,3,1,1,0,1,0,1,1,1,2,1,1,2,0,0,1]","[-3,-2,-1,0,1,1,2,2,0,2,1,2,4,2,2,1,1,2,2,1,2,0,1,2,2,2,0,0,0,1,-1,0,1,2,2,0]",c,"[[{8, 7}, {5, 6}, {1, 4}, {2, 3}]]",1,- 6 K_1^2 - 2 K_1 K_2 + K_1 + 3 K_2 + K_3 + 4,O1O2O3U4O5U6U1O7U2U7O6U3U5O8O4U8,O1O2U3O4O5U4O6O3U1O7U2U5U6O8U7U8,O1O2U3O4O3U1O5O6U7U8O7U2U4U5O8U6,c,"{'O1O2O3U4O5O4U6U1O7U8U2O8U3U7O6U5', 'O1O2O3U4O5O4U6U1O7U3U8U2O8U7O6U5'}",2,"<a href=""/flatknot/8.975930"">8.975930</a>",t^9-76t^7-270t^6-102t^5+526t^4+545t^3+132t^2+24t,t^3-t^2-t,,
8.975931,O1O2O3U4O5O4U6U2O7U1U3O8U5U7O6U8,4,16z^2+97z+131,16w^3z^2+97w^2z+131w,False,False,"[[ 0 -2 -1  1  1  1 -3  2  1],[ 2  0  0  2  2  2 -2  3  1],[ 1  0  0  1  1  1 -1  2  0],[-1 -2 -1  0 -1  0 -3  2  1],[-1 -2 -1  1  0  1 -3  1  0],[-1 -2 -1  0 -1  0 -2  1  1],[ 3  2  1  3  3  2  0  2  0],[-2 -3 -2 -2 -1 -1 -2  0  1],[-1 -1  0 -1  0 -1  0 -1  0]]","[[ 0  2  1  1  1  1 -1 -2 -3],[-2  0  1 -1 -1 -2 -2 -3 -2],[-1 -1  0  0 -1 -1  0 -1  0],[-1  1  0  0  1  1 -1 -2 -3],[-1  1  1 -1  0  0 -1 -2 -2],[-1  2  1 -1  0  0 -1 -2 -3],[ 1  2  0  1  1  1  0  0 -1],[ 2  3  1  2  2  2  0  0 -2],[ 3  2  0  3  2  3  1  2  0]]",True,"[-2,-1,-1,-1,-1,1,2,3,-1,1,1,2,2,3,2,0,1,1,0,1,0,-1,-1,1,2,3,0,1,2,2,1,2,3,0,1,2]","[-3,-2,-1,1,1,1,1,2,-1,1,1,1,2,4,3,1,1,1,1,2,1,1,1,1,2,1,-1,-1,0,0,0,-1,-1,-1,0,2]",t^8+71t^6+211t^4+107t^2+9,"[-3,-2,-1,1,1,1,1,2,-1,1,1,1,2,4,3,1,1,1,1,2,1,1,1,1,2,1,-1,-1,0,0,0,-1,-1,-1,0,2]","[-2,-1,-1,-1,-1,1,2,3,-1,0,0,2,1,1,3,-1,0,1,1,1,1,1,0,1,1,1,1,1,1,2,2,2,4,1,1,-1]","[-3,-2,-1,1,1,1,1,2,2,1,0,2,3,3,2,0,1,2,2,2,3,0,1,1,1,2,-1,-1,0,-1,0,-1,1,-1,2,1]",c,"[[{8, 1}, {2, 7}, {3, 6}, {4, 5}], [{8, 1}, {2, 7}, {4, 6}, {3, 5}], [{8, 1}, {2, 7}, {4, 6}, {5}, {3}], [{8, 1}, {2, 7}, {5, 6}, {3, 4}], [{8, 1}, {3, 7}, {2, 6}, {4, 5}], [{8, 1}, {3, 7}, {4, 6}, {2, 5}], [{8, 1}, {3, 7}, {4, 6}, {5}, {2}], [{8, 1}, {3, 7}, {5, 6}, {2, 4}], [{8, 1}, {4, 7}, {2, 6}, {3, 5}], [{8, 1}, {4, 7}, {2, 6}, {5}, {3}], [{8, 1}, {4, 7}, {3, 6}, {2, 5}], [{8, 1}, {4, 7}, {3, 6}, {5}, {2}], [{8, 1}, {4, 7}, {5, 6}, {2, 3}], [{8, 1}, {4, 7}, {5, 6}, {3}, {2}], [{8, 1}, {4, 7}, {6}, {2, 5}, {3}], [{8, 1}, {4, 7}, {6}, {3, 5}, {2}], [{8, 1}, {4, 7}, {6}, {5}, {2, 3}], [{8, 1}, {4, 7}, {6}, {5}, {3}, {2}], [{8, 1}, {5, 7}, {2, 6}, {3, 4}], [{8, 1}, {5, 7}, {3, 6}, {2, 4}], [{8, 1}, {5, 7}, {4, 6}, {2, 3}], [{8, 1}, {5, 7}, {4, 6}, {3}, {2}], [{8, 1}, {5, 7}, {6}, {4}, {2, 3}], [{8, 1}, {6, 7}, {2, 5}, {3, 4}], [{8, 1}, {6, 7}, {2, 5}, {4}, {3}], [{8, 1}, {6, 7}, {3, 5}, {2, 4}], [{8, 1}, {6, 7}, {3, 5}, {4}, {2}], [{8, 1}, {6, 7}, {4, 5}, {2, 3}], [{8, 1}, {6, 7}, {4, 5}, {3}, {2}], [{8, 1}, {6, 7}, {5}, {2, 4}, {3}], [{8, 1}, {6, 7}, {5}, {3, 4}, {2}], [{8, 1}, {6, 7}, {5}, {4}, {2, 3}], [{8, 1}, {6, 7}, {5}, {4}, {3}, {2}], [{8, 1}, {7}, {4, 6}, {2, 5}, {3}], [{8, 1}, {7}, {4, 6}, {3, 5}, {2}], [{8, 1}, {7}, {4, 6}, {5}, {2, 3}], [{8, 1}, {7}, {4, 6}, {5}, {3}, {2}], [{8, 1}, {7}, {5, 6}, {4}, {2, 3}], [{8, 1}, {7}, {6}, {4, 5}, {2, 3}], [{8, 2}, {1, 7}, {3, 6}, {4, 5}], [{8, 2}, {1, 7}, {4, 6}, {3, 5}], [{8, 2}, {1, 7}, {4, 6}, {5}, {3}], [{8, 2}, {1, 7}, {5, 6}, {3, 4}], [{8, 2}, {3, 7}, {1, 6}, {4, 5}], [{8, 2}, {3, 7}, {4, 6}, {1, 5}], [{8, 2}, {3, 7}, {5, 6}, {1, 4}], [{8, 2}, {4, 7}, {1, 6}, {3, 5}], [{8, 2}, {4, 7}, {1, 6}, {5}, {3}], [{8, 2}, {4, 7}, {3, 6}, {1, 5}], [{8, 2}, {4, 7}, {5, 6}, {1, 3}], [{8, 2}, {5, 7}, {1, 6}, {3, 4}], [{8, 2}, {5, 7}, {3, 6}, {1, 4}], [{8, 2}, {5, 7}, {4, 6}, {1, 3}], [{8, 2}, {6, 7}, {1, 5}, {3, 4}], [{8, 2}, {6, 7}, {3, 5}, {1, 4}], [{8, 2}, {6, 7}, {4, 5}, {1, 3}], [{8, 2}, {6, 7}, {5}, {1, 4}, {3}], [{8, 2}, {7}, {3, 6}, {4, 5}, {1}], [{8, 2}, {7}, {5, 6}, {3, 4}, {1}], [{8, 3}, {1, 7}, {2, 6}, {4, 5}], [{8, 3}, {1, 7}, {4, 6}, {2, 5}], [{8, 3}, {1, 7}, {4, 6}, {5}, {2}], [{8, 3}, {1, 7}, {5, 6}, {2, 4}], [{8, 3}, {2, 7}, {1, 6}, {4, 5}], [{8, 3}, {2, 7}, {4, 6}, {1, 5}], [{8, 3}, {2, 7}, {5, 6}, {1, 4}], [{8, 3}, {4, 7}, {1, 6}, {2, 5}], [{8, 3}, {4, 7}, {1, 6}, {5}, {2}], [{8, 3}, {4, 7}, {2, 6}, {1, 5}], [{8, 3}, {4, 7}, {5, 6}, {1, 2}], [{8, 3}, {4, 7}, {6}, {2, 5}, {1}], [{8, 3}, {5, 7}, {1, 6}, {2, 4}], [{8, 3}, {5, 7}, {2, 6}, {1, 4}], [{8, 3}, {5, 7}, {4, 6}, {1, 2}], [{8, 3}, {6, 7}, {1, 5}, {2, 4}], [{8, 3}, {6, 7}, {2, 5}, {1, 4}], [{8, 3}, {6, 7}, {2, 5}, {4}, {1}], [{8, 3}, {6, 7}, {4, 5}, {1, 2}], [{8, 3}, {6, 7}, {5}, {1, 4}, {2}], [{8, 3}, {7}, {4, 6}, {2, 5}, {1}], [{8, 4}, {1, 7}, {2, 6}, {3, 5}], [{8, 4}, {1, 7}, {3, 6}, {2, 5}], [{8, 4}, {1, 7}, {5, 6}, {2, 3}], [{8, 4}, {1, 7}, {5, 6}, {3}, {2}], [{8, 4}, {1, 7}, {6}, {5}, {2, 3}], [{8, 4}, {2, 7}, {1, 6}, {3, 5}], [{8, 4}, {2, 7}, {3, 6}, {1, 5}], [{8, 4}, {2, 7}, {5, 6}, {1, 3}], [{8, 4}, {2, 7}, {6}, {1, 5}, {3}], [{8, 4}, {2, 7}, {6}, {3, 5}, {1}], [{8, 4}, {2, 7}, {6}, {5}, {1, 3}], [{8, 4}, {3, 7}, {1, 6}, {2, 5}], [{8, 4}, {3, 7}, {2, 6}, {1, 5}], [{8, 4}, {3, 7}, {5, 6}, {1, 2}], [{8, 4}, {3, 7}, {6}, {1, 5}, {2}], [{8, 4}, {5, 7}, {1, 6}, {2, 3}], [{8, 4}, {5, 7}, {1, 6}, {3}, {2}], [{8, 4}, {5, 7}, {2, 6}, {1, 3}], [{8, 4}, {5, 7}, {3, 6}, {1, 2}], [{8, 4}, {5, 7}, {6}, {2, 3}, {1}], [{8, 4}, {6, 7}, {1, 5}, {2, 3}], [{8, 4}, {6, 7}, {1, 5}, {3}, {2}], [{8, 4}, {6, 7}, {2, 5}, {1, 3}], [{8, 4}, {6, 7}, {2, 5}, {3}, {1}], [{8, 4}, {6, 7}, {3, 5}, {1, 2}], [{8, 4}, {6, 7}, {3, 5}, {2}, {1}], [{8, 4}, {6, 7}, {5}, {1, 3}, {2}], [{8, 4}, {6, 7}, {5}, {2, 3}, {1}], [{8, 4}, {6, 7}, {5}, {3}, {1, 2}], [{8, 4}, {6, 7}, {5}, {3}, {2}, {1}], [{8, 4}, {7}, {1, 6}, {5}, {2, 3}], [{8, 4}, {7}, {2, 6}, {1, 5}, {3}], [{8, 4}, {7}, {2, 6}, {3, 5}, {1}], [{8, 4}, {7}, {2, 6}, {5}, {1, 3}], [{8, 4}, {7}, {3, 6}, {1, 5}, {2}], [{8, 4}, {7}, {5, 6}, {2, 3}, {1}], [{8, 4}, {7}, {6}, {1, 5}, {2, 3}], [{8, 4}, {7}, {6}, {1, 5}, {3}, {2}], [{8, 5}, {1, 7}, {2, 6}, {3, 4}], [{8, 5}, {1, 7}, {3, 6}, {2, 4}], [{8, 5}, {1, 7}, {4, 6}, {2, 3}], [{8, 5}, {1, 7}, {4, 6}, {3}, {2}], [{8, 5}, {1, 7}, {6}, {4}, {2, 3}], [{8, 5}, {2, 7}, {1, 6}, {3, 4}], [{8, 5}, {2, 7}, {3, 6}, {1, 4}], [{8, 5}, {2, 7}, {4, 6}, {1, 3}], [{8, 5}, {2, 7}, {6}, {1, 4}, {3}], [{8, 5}, {3, 7}, {1, 6}, {2, 4}], [{8, 5}, {3, 7}, {2, 6}, {1, 4}], [{8, 5}, {3, 7}, {4, 6}, {1, 2}], [{8, 5}, {3, 7}, {6}, {1, 4}, {2}], [{8, 5}, {4, 7}, {1, 6}, {2, 3}], [{8, 5}, {4, 7}, {1, 6}, {3}, {2}], [{8, 5}, {4, 7}, {2, 6}, {1, 3}], [{8, 5}, {4, 7}, {3, 6}, {1, 2}], [{8, 5}, {4, 7}, {6}, {2, 3}, {1}], [{8, 5}, {6, 7}, {1, 4}, {2, 3}], [{8, 5}, {6, 7}, {1, 4}, {3}, {2}], [{8, 5}, {6, 7}, {2, 4}, {1, 3}], [{8, 5}, {6, 7}, {3, 4}, {1, 2}], [{8, 5}, {6, 7}, {4}, {2, 3}, {1}], [{8, 5}, {7}, {1, 6}, {4}, {2, 3}], [{8, 5}, {7}, {2, 6}, {1, 4}, {3}], [{8, 5}, {7}, {3, 6}, {1, 4}, {2}], [{8, 5}, {7}, {3, 6}, {2, 4}, {1}], [{8, 5}, {7}, {3, 6}, {4}, {1, 2}], [{8, 5}, {7}, {4, 6}, {2, 3}, {1}], [{8, 5}, {7}, {6}, {1, 4}, {2, 3}], [{8, 5}, {7}, {6}, {1, 4}, {3}, {2}], [{8, 6}, {1, 7}, {2, 5}, {3, 4}], [{8, 6}, {1, 7}, {3, 5}, {2, 4}], [{8, 6}, {1, 7}, {4, 5}, {2, 3}], [{8, 6}, {1, 7}, {4, 5}, {3}, {2}], [{8, 6}, {1, 7}, {5}, {4}, {2, 3}], [{8, 6}, {2, 7}, {1, 5}, {3, 4}], [{8, 6}, {2, 7}, {3, 5}, {1, 4}], [{8, 6}, {2, 7}, {4, 5}, {1, 3}], [{8, 6}, {3, 7}, {1, 5}, {2, 4}], [{8, 6}, {3, 7}, {2, 5}, {1, 4}], [{8, 6}, {3, 7}, {4, 5}, {1, 2}], [{8, 6}, {4, 7}, {1, 5}, {2, 3}], [{8, 6}, {4, 7}, {1, 5}, {3}, {2}], [{8, 6}, {4, 7}, {2, 5}, {1, 3}], [{8, 6}, {4, 7}, {2, 5}, {3}, {1}], [{8, 6}, {4, 7}, {3, 5}, {1, 2}], [{8, 6}, {4, 7}, {3, 5}, {2}, {1}], [{8, 6}, {4, 7}, {5}, {1, 3}, {2}], [{8, 6}, {4, 7}, {5}, {2, 3}, {1}], [{8, 6}, {4, 7}, {5}, {3}, {1, 2}], [{8, 6}, {4, 7}, {5}, {3}, {2}, {1}], [{8, 6}, {5, 7}, {1, 4}, {2, 3}], [{8, 6}, {5, 7}, {1, 4}, {3}, {2}], [{8, 6}, {5, 7}, {2, 4}, {1, 3}], [{8, 6}, {5, 7}, {3, 4}, {1, 2}], [{8, 6}, {5, 7}, {4}, {2, 3}, {1}], [{8, 6}, {7}, {1, 5}, {4}, {2, 3}], [{8, 6}, {7}, {4, 5}, {2, 3}, {1}], [{8, 6}, {7}, {5}, {1, 4}, {2, 3}], [{8, 7}, {1, 6}, {2, 5}, {3, 4}], [{8, 7}, {1, 6}, {3, 5}, {2, 4}], [{8, 7}, {1, 6}, {4, 5}, {2, 3}], [{8, 7}, {1, 6}, {4, 5}, {3}, {2}], [{8, 7}, {1, 6}, {5}, {4}, {2, 3}], [{8, 7}, {2, 6}, {1, 5}, {3, 4}], [{8, 7}, {2, 6}, {3, 5}, {1, 4}], [{8, 7}, {2, 6}, {4, 5}, {1, 3}], [{8, 7}, {2, 6}, {4, 5}, {3}, {1}], [{8, 7}, {3, 6}, {1, 5}, {2, 4}], [{8, 7}, {3, 6}, {2, 5}, {1, 4}], [{8, 7}, {3, 6}, {4, 5}, {1, 2}], [{8, 7}, {3, 6}, {4, 5}, {2}, {1}], [{8, 7}, {4, 6}, {1, 5}, {2, 3}], [{8, 7}, {4, 6}, {1, 5}, {3}, {2}], [{8, 7}, {4, 6}, {2, 5}, {1, 3}], [{8, 7}, {4, 6}, {2, 5}, {3}, {1}], [{8, 7}, {4, 6}, {3, 5}, {1, 2}], [{8, 7}, {4, 6}, {3, 5}, {2}, {1}], [{8, 7}, {4, 6}, {5}, {1, 3}, {2}], [{8, 7}, {4, 6}, {5}, {2, 3}, {1}], [{8, 7}, {4, 6}, {5}, {3}, {1, 2}], [{8, 7}, {4, 6}, {5}, {3}, {2}, {1}], [{8, 7}, {5, 6}, {1, 4}, {2, 3}], [{8, 7}, {5, 6}, {1, 4}, {3}, {2}], [{8, 7}, {5, 6}, {2, 4}, {1, 3}], [{8, 7}, {5, 6}, {2, 4}, {3}, {1}], [{8, 7}, {5, 6}, {3, 4}, {1, 2}], [{8, 7}, {5, 6}, {3, 4}, {2}, {1}], [{8, 7}, {5, 6}, {4}, {1, 3}, {2}], [{8, 7}, {5, 6}, {4}, {2, 3}, {1}], [{8, 7}, {5, 6}, {4}, {3}, {1, 2}], [{8, 7}, {5, 6}, {4}, {3}, {2}, {1}], [{8, 7}, {6}, {1, 5}, {4}, {2, 3}], [{8, 7}, {6}, {4, 5}, {1, 3}, {2}], [{8, 7}, {6}, {4, 5}, {2, 3}, {1}], [{8, 7}, {6}, {4, 5}, {3}, {1, 2}], [{8, 7}, {6}, {4, 5}, {3}, {2}, {1}], [{8, 7}, {6}, {5}, {1, 4}, {2, 3}], [{8}, {1, 7}, {4, 6}, {2, 5}, {3}], [{8}, {1, 7}, {4, 6}, {3, 5}, {2}], [{8}, {1, 7}, {4, 6}, {5}, {2, 3}], [{8}, {1, 7}, {4, 6}, {5}, {3}, {2}], [{8}, {1, 7}, {5, 6}, {4}, {2, 3}], [{8}, {1, 7}, {6}, {4, 5}, {2, 3}], [{8}, {2, 7}, {3, 6}, {4, 5}, {1}], [{8}, {2, 7}, {5, 6}, {3, 4}, {1}], [{8}, {3, 7}, {4, 6}, {2, 5}, {1}], [{8}, {4, 7}, {1, 6}, {2, 5}, {3}], [{8}, {4, 7}, {1, 6}, {3, 5}, {2}], [{8}, {4, 7}, {1, 6}, {5}, {2, 3}], [{8}, {4, 7}, {1, 6}, {5}, {3}, {2}], [{8}, {4, 7}, {3, 6}, {2, 5}, {1}], [{8}, {4, 7}, {5, 6}, {2, 3}, {1}], [{8}, {4, 7}, {6}, {1, 5}, {2, 3}], [{8}, {4, 7}, {6}, {2, 5}, {1, 3}], [{8}, {5, 7}, {1, 6}, {4}, {2, 3}], [{8}, {5, 7}, {4, 6}, {2, 3}, {1}], [{8}, {5, 7}, {6}, {1, 4}, {2, 3}], [{8}, {5, 7}, {6}, {4}, {2, 3}, {1}], [{8}, {6, 7}, {1, 5}, {4}, {2, 3}], [{8}, {6, 7}, {2, 5}, {1, 4}, {3}], [{8}, {6, 7}, {2, 5}, {3, 4}, {1}], [{8}, {6, 7}, {2, 5}, {4}, {1, 3}], [{8}, {6, 7}, {3, 5}, {1, 4}, {2}], [{8}, {6, 7}, {4, 5}, {2, 3}, {1}], [{8}, {6, 7}, {5}, {1, 4}, {2, 3}], [{8}, {6, 7}, {5}, {1, 4}, {3}, {2}], [{8}, {7}, {1, 6}, {4, 5}, {2, 3}], [{8}, {7}, {4, 6}, {1, 5}, {2, 3}], [{8}, {7}, {4, 6}, {2, 5}, {1, 3}], [{8}, {7}, {5, 6}, {1, 4}, {2, 3}], [{8}, {7}, {5, 6}, {2, 4}, {1, 3}]]",2,- 16 K_1^2 - 6 K_1 K_2 + 3 K_1 + 8 K_2 + 3 K_3 + 9,O1O2O3U4O5U6U7O4U1U3O6U2U5O8O7U8,O1O2U3O4O5U6O7O3U1O6U4U2U5O8U7U8,O1O2U3O4O5U1O6O7U8U2O8U4U6U5O3U7,c,{'O1O2O3U4O5O4U6U2O7U1U3O8U5U7O6U8'},1,"<a href=""/flatknot/8.975931"">8.975931</a>",t^9-77t^7-298t^6-151t^5+388t^4-18t^3-344t^2+103t-6,t^3-3t,,
8.975932,O1O2O3U4O5O4U6U2O7U1U3O8U7U5O6U8,4,z^3+23z^2+105z+127,w^4z^3+23w^3z^2+105w^2z+127w,False,False,"[[ 0 -2 -1  1  1  2 -3  1  1],[ 2  0  0  2  2  3 -2  2  1],[ 1  0  0  1  1  1 -1  1  0],[-1 -2 -1  0 -1  1 -3  1  1],[-1 -2 -1  1  0  2 -3  1  0],[-2 -3 -1 -1 -2  0 -2  0  1],[ 3  2  1  3  3  2  0  1  0],[-1 -2 -1 -1 -1  0 -1  0  1],[-1 -1  0 -1  0 -1  0 -1  0]]","[[ 0  2  1  1  1  1 -1 -2 -3],[-2  0  1  0 -1 -2 -1 -3 -2],[-1 -1  0 -1 -1  0  0 -1  0],[-1  0  1  0 -1 -1 -1 -2 -1],[-1  1  1  1  0 -1 -1 -2 -3],[-1  2  0  1  1  0 -1 -2 -3],[ 1  1  0  1  1  1  0  0 -1],[ 2  3  1  2  2  2  0  0 -2],[ 3  2  0  1  3  3  1  2  0]]",True,"[-2,-1,-1,-1,-1,1,2,3,-1,0,1,2,1,3,2,1,1,0,0,1,0,1,1,1,2,1,1,1,2,3,1,2,3,0,1,2]","[-3,-2,-1,1,1,1,1,2,-1,1,1,1,3,4,3,1,1,1,1,2,1,1,1,1,2,2,-1,-1,0,-1,-1,-1,0,-1,1,2]",t^8+65t^6+138t^4+56t^2+4,"[-3,-2,-1,1,1,1,1,2,-1,1,1,1,3,4,3,1,1,1,1,2,1,1,1,1,2,2,-1,-1,0,-1,-1,-1,0,-1,1,2]","[-2,-1,-1,-1,-1,1,2,3,-1,0,1,2,2,1,3,1,1,0,1,1,1,1,1,1,1,1,1,1,1,3,2,2,4,1,1,-1]","[-3,-2,-1,1,1,1,1,2,2,1,0,1,3,3,2,0,1,2,2,2,3,0,1,1,1,1,-1,-1,0,-1,-1,-1,0,-1,1,2]",c,"[[{8, 1}, {2, 7}, {3, 6}, {4, 5}], [{8, 1}, {2, 7}, {4, 6}, {3, 5}], [{8, 1}, {2, 7}, {5, 6}, {3, 4}], [{8, 1}, {2, 7}, {6}, {5}, {3, 4}], [{8, 1}, {3, 7}, {2, 6}, {4, 5}], [{8, 1}, {3, 7}, {4, 6}, {2, 5}], [{8, 1}, {3, 7}, {5, 6}, {2, 4}], [{8, 1}, {3, 7}, {6}, {5}, {2, 4}], [{8, 1}, {4, 7}, {2, 6}, {3, 5}], [{8, 1}, {4, 7}, {3, 6}, {2, 5}], [{8, 1}, {4, 7}, {5, 6}, {2, 3}], [{8, 1}, {4, 7}, {6}, {5}, {2, 3}], [{8, 1}, {5, 7}, {2, 6}, {3, 4}], [{8, 1}, {5, 7}, {3, 6}, {2, 4}], [{8, 1}, {5, 7}, {4, 6}, {2, 3}], [{8, 1}, {6, 7}, {2, 5}, {3, 4}], [{8, 1}, {6, 7}, {3, 5}, {2, 4}], [{8, 1}, {6, 7}, {4, 5}, {2, 3}], [{8, 1}, {6, 7}, {5}, {4}, {2, 3}], [{8, 1}, {7}, {4, 6}, {2, 5}, {3}], [{8, 1}, {7}, {4, 6}, {3, 5}, {2}], [{8, 1}, {7}, {4, 6}, {5}, {2, 3}], [{8, 1}, {7}, {5, 6}, {3, 4}, {2}], [{8, 2}, {1, 7}, {3, 6}, {4, 5}], [{8, 2}, {1, 7}, {4, 6}, {3, 5}], [{8, 2}, {1, 7}, {5, 6}, {3, 4}], [{8, 2}, {1, 7}, {5, 6}, {4}, {3}], [{8, 2}, {3, 7}, {1, 6}, {4, 5}], [{8, 2}, {3, 7}, {4, 6}, {1, 5}], [{8, 2}, {3, 7}, {5, 6}, {1, 4}], [{8, 2}, {4, 7}, {1, 6}, {3, 5}], [{8, 2}, {4, 7}, {1, 6}, {5}, {3}], [{8, 2}, {4, 7}, {3, 6}, {1, 5}], [{8, 2}, {4, 7}, {3, 6}, {5}, {1}], [{8, 2}, {4, 7}, {5, 6}, {1, 3}], [{8, 2}, {4, 7}, {6}, {5}, {1, 3}], [{8, 2}, {5, 7}, {1, 6}, {3, 4}], [{8, 2}, {5, 7}, {3, 6}, {1, 4}], [{8, 2}, {5, 7}, {3, 6}, {4}, {1}], [{8, 2}, {5, 7}, {4, 6}, {1, 3}], [{8, 2}, {6, 7}, {1, 5}, {3, 4}], [{8, 2}, {6, 7}, {3, 5}, {1, 4}], [{8, 2}, {6, 7}, {4, 5}, {1, 3}], [{8, 2}, {6, 7}, {5}, {1, 4}, {3}], [{8, 2}, {6, 7}, {5}, {3, 4}, {1}], [{8, 2}, {6, 7}, {5}, {4}, {1, 3}], [{8, 2}, {7}, {3, 6}, {4, 5}, {1}], [{8, 2}, {7}, {4, 6}, {1, 5}, {3}], [{8, 2}, {7}, {4, 6}, {3, 5}, {1}], [{8, 2}, {7}, {4, 6}, {5}, {1, 3}], [{8, 3}, {1, 7}, {2, 6}, {4, 5}], [{8, 3}, {1, 7}, {4, 6}, {2, 5}], [{8, 3}, {1, 7}, {4, 6}, {5}, {2}], [{8, 3}, {1, 7}, {5, 6}, {2, 4}], [{8, 3}, {1, 7}, {6}, {2, 5}, {4}], [{8, 3}, {2, 7}, {1, 6}, {4, 5}], [{8, 3}, {2, 7}, {4, 6}, {1, 5}], [{8, 3}, {2, 7}, {4, 6}, {5}, {1}], [{8, 3}, {2, 7}, {5, 6}, {1, 4}], [{8, 3}, {4, 7}, {1, 6}, {2, 5}], [{8, 3}, {4, 7}, {2, 6}, {1, 5}], [{8, 3}, {4, 7}, {2, 6}, {5}, {1}], [{8, 3}, {4, 7}, {5, 6}, {1, 2}], [{8, 3}, {5, 7}, {1, 6}, {2, 4}], [{8, 3}, {5, 7}, {2, 6}, {1, 4}], [{8, 3}, {5, 7}, {4, 6}, {1, 2}], [{8, 3}, {5, 7}, {4, 6}, {2}, {1}], [{8, 3}, {6, 7}, {1, 5}, {2, 4}], [{8, 3}, {6, 7}, {2, 5}, {1, 4}], [{8, 3}, {6, 7}, {4, 5}, {1, 2}], [{8, 3}, {6, 7}, {5}, {2, 4}, {1}], [{8, 3}, {7}, {4, 6}, {1, 5}, {2}], [{8, 3}, {7}, {4, 6}, {2, 5}, {1}], [{8, 3}, {7}, {4, 6}, {5}, {1, 2}], [{8, 3}, {7}, {4, 6}, {5}, {2}, {1}], [{8, 4}, {1, 7}, {2, 6}, {3, 5}], [{8, 4}, {1, 7}, {3, 6}, {2, 5}], [{8, 4}, {1, 7}, {3, 6}, {5}, {2}], [{8, 4}, {1, 7}, {5, 6}, {2, 3}], [{8, 4}, {1, 7}, {5, 6}, {3}, {2}], [{8, 4}, {1, 7}, {6}, {3, 5}, {2}], [{8, 4}, {2, 7}, {1, 6}, {3, 5}], [{8, 4}, {2, 7}, {1, 6}, {5}, {3}], [{8, 4}, {2, 7}, {3, 6}, {1, 5}], [{8, 4}, {2, 7}, {3, 6}, {5}, {1}], [{8, 4}, {2, 7}, {5, 6}, {1, 3}], [{8, 4}, {2, 7}, {6}, {5}, {1, 3}], [{8, 4}, {3, 7}, {1, 6}, {2, 5}], [{8, 4}, {3, 7}, {2, 6}, {1, 5}], [{8, 4}, {3, 7}, {5, 6}, {1, 2}], [{8, 4}, {3, 7}, {6}, {1, 5}, {2}], [{8, 4}, {5, 7}, {1, 6}, {2, 3}], [{8, 4}, {5, 7}, {2, 6}, {1, 3}], [{8, 4}, {5, 7}, {3, 6}, {1, 2}], [{8, 4}, {5, 7}, {3, 6}, {2}, {1}], [{8, 4}, {6, 7}, {1, 5}, {2, 3}], [{8, 4}, {6, 7}, {1, 5}, {3}, {2}], [{8, 4}, {6, 7}, {2, 5}, {1, 3}], [{8, 4}, {6, 7}, {3, 5}, {1, 2}], [{8, 4}, {7}, {3, 6}, {1, 5}, {2}], [{8, 4}, {7}, {3, 6}, {2, 5}, {1}], [{8, 4}, {7}, {3, 6}, {5}, {1, 2}], [{8, 4}, {7}, {3, 6}, {5}, {2}, {1}], [{8, 5}, {1, 7}, {2, 6}, {3, 4}], [{8, 5}, {1, 7}, {3, 6}, {2, 4}], [{8, 5}, {1, 7}, {4, 6}, {2, 3}], [{8, 5}, {2, 7}, {1, 6}, {3, 4}], [{8, 5}, {2, 7}, {3, 6}, {1, 4}], [{8, 5}, {2, 7}, {3, 6}, {4}, {1}], [{8, 5}, {2, 7}, {4, 6}, {1, 3}], [{8, 5}, {3, 7}, {1, 6}, {2, 4}], [{8, 5}, {3, 7}, {2, 6}, {1, 4}], [{8, 5}, {3, 7}, {4, 6}, {1, 2}], [{8, 5}, {4, 7}, {1, 6}, {2, 3}], [{8, 5}, {4, 7}, {2, 6}, {1, 3}], [{8, 5}, {4, 7}, {3, 6}, {1, 2}], [{8, 5}, {4, 7}, {3, 6}, {2}, {1}], [{8, 5}, {6, 7}, {1, 4}, {2, 3}], [{8, 5}, {6, 7}, {2, 4}, {1, 3}], [{8, 5}, {6, 7}, {3, 4}, {1, 2}], [{8, 5}, {6, 7}, {3, 4}, {2}, {1}], [{8, 5}, {7}, {3, 6}, {2, 4}, {1}], [{8, 5}, {7}, {4, 6}, {1, 3}, {2}], [{8, 5}, {7}, {4, 6}, {2, 3}, {1}], [{8, 5}, {7}, {4, 6}, {3}, {1, 2}], [{8, 6}, {1, 7}, {2, 5}, {3, 4}], [{8, 6}, {1, 7}, {3, 5}, {2, 4}], [{8, 6}, {1, 7}, {4, 5}, {2, 3}], [{8, 6}, {1, 7}, {4, 5}, {3}, {2}], [{8, 6}, {2, 7}, {1, 5}, {3, 4}], [{8, 6}, {2, 7}, {1, 5}, {4}, {3}], [{8, 6}, {2, 7}, {3, 5}, {1, 4}], [{8, 6}, {2, 7}, {4, 5}, {1, 3}], [{8, 6}, {3, 7}, {1, 5}, {2, 4}], [{8, 6}, {3, 7}, {2, 5}, {1, 4}], [{8, 6}, {3, 7}, {4, 5}, {1, 2}], [{8, 6}, {4, 7}, {1, 5}, {2, 3}], [{8, 6}, {4, 7}, {1, 5}, {3}, {2}], [{8, 6}, {4, 7}, {2, 5}, {1, 3}], [{8, 6}, {4, 7}, {3, 5}, {1, 2}], [{8, 6}, {5, 7}, {1, 4}, {2, 3}], [{8, 6}, {5, 7}, {2, 4}, {1, 3}], [{8, 6}, {5, 7}, {3, 4}, {1, 2}], [{8, 6}, {7}, {1, 5}, {2, 4}, {3}], [{8, 6}, {7}, {2, 5}, {1, 4}, {3}], [{8, 6}, {7}, {5}, {3, 4}, {1, 2}], [{8, 7}, {1, 6}, {2, 5}, {3, 4}], [{8, 7}, {1, 6}, {3, 5}, {2, 4}], [{8, 7}, {1, 6}, {4, 5}, {2, 3}], [{8, 7}, {1, 6}, {5}, {2, 4}, {3}], [{8, 7}, {2, 6}, {1, 5}, {3, 4}], [{8, 7}, {2, 6}, {3, 5}, {1, 4}], [{8, 7}, {2, 6}, {4, 5}, {1, 3}], [{8, 7}, {2, 6}, {5}, {3, 4}, {1}], [{8, 7}, {3, 6}, {1, 5}, {2, 4}], [{8, 7}, {3, 6}, {2, 5}, {1, 4}], [{8, 7}, {3, 6}, {2, 5}, {4}, {1}], [{8, 7}, {3, 6}, {4, 5}, {1, 2}], [{8, 7}, {3, 6}, {4, 5}, {2}, {1}], [{8, 7}, {3, 6}, {5}, {2, 4}, {1}], [{8, 7}, {4, 6}, {1, 5}, {2, 3}], [{8, 7}, {4, 6}, {2, 5}, {1, 3}], [{8, 7}, {4, 6}, {3, 5}, {1, 2}], [{8, 7}, {4, 6}, {5}, {3}, {1, 2}], [{8, 7}, {5, 6}, {1, 4}, {2, 3}], [{8, 7}, {5, 6}, {2, 4}, {1, 3}], [{8, 7}, {5, 6}, {3, 4}, {1, 2}], [{8, 7}, {6}, {3, 5}, {1, 4}, {2}], [{8, 7}, {6}, {5}, {2, 4}, {1, 3}], [{8}, {1, 7}, {5, 6}, {2, 4}, {3}], [{8}, {2, 7}, {3, 6}, {4, 5}, {1}], [{8}, {2, 7}, {5, 6}, {1, 4}, {3}], [{8}, {2, 7}, {5, 6}, {3, 4}, {1}], [{8}, {2, 7}, {5, 6}, {4}, {1, 3}], [{8}, {3, 7}, {2, 6}, {5}, {1, 4}], [{8}, {3, 7}, {4, 6}, {5}, {1, 2}], [{8}, {3, 7}, {5, 6}, {2, 4}, {1}], [{8}, {4, 7}, {3, 6}, {2, 5}, {1}], [{8}, {4, 7}, {5, 6}, {1, 3}, {2}], [{8}, {4, 7}, {5, 6}, {2, 3}, {1}], [{8}, {4, 7}, {5, 6}, {3}, {1, 2}], [{8}, {5, 7}, {3, 6}, {2, 4}, {1}], [{8}, {5, 7}, {4, 6}, {3}, {1, 2}], [{8}, {6, 7}, {2, 5}, {3, 4}, {1}], [{8}, {6, 7}, {4, 5}, {1, 3}, {2}], [{8}, {6, 7}, {4, 5}, {2, 3}, {1}], [{8}, {6, 7}, {4, 5}, {3}, {1, 2}], [{8}, {7}, {4, 6}, {1, 5}, {2, 3}], [{8}, {7}, {4, 6}, {2, 5}, {1, 3}], [{8}, {7}, {4, 6}, {3, 5}, {1, 2}], [{8}, {7}, {4, 6}, {5}, {3}, {1, 2}], [{8}, {7}, {5, 6}, {2, 4}, {1, 3}]]",2,- 12 K_1^2 - 10 K_1 K_2 + 5 K_1 + 6 K_2 + 5 K_3 + 7,O1O2O3U4O5U6U7O4U1U3O7U2U5O8O6U8,O1O2U3O4O5U6O3O7U1O6U4U2U5O8U7U8,O1O2U3O4O5U2O6O7U8U1O8U4U6U5O3U7,c,{'O1O2O3U4O5O4U6U2O7U1U3O8U7U5O6U8'},1,"<a href=""/flatknot/8.975932"">8.975932</a>",t^9-71t^7-264t^6-106t^5+342t^4+19t^3-134t^2+25t+20,t^3-3t,,
8.975933,O1O2O3U4O5O4U6U2O7U1U3O8U7U8O6U5,4,3z^3+30z^2+106z+117,3w^4z^3+30w^3z^2+106w^2z+117w,False,False,"[[ 0 -2 -1  1  1  2 -3  1  1],[ 2  0  0  2  2  2 -1  2  1],[ 1  0  0  1  1  0  0  1  0],[-1 -2 -1  0 -1  0 -2  1  1],[-1 -2 -1  1  0  2 -4  1  1],[-2 -2  0  0 -2  0 -2 -1  1],[ 3  1  0  2  4  2  0  2  0],[-1 -2 -1 -1 -1  1 -2  0  1],[-1 -1  0 -1 -1 -1  0 -1  0]]","[[ 0  2  1  1  1  1 -1 -2 -3],[-2  0  1  0 -1 -2  0 -2 -2],[-1 -1  0 -1 -1 -1  0 -1  0],[-1  0  1  0  1 -1 -1 -2 -2],[-1  1  1 -1  0 -1 -1 -2 -2],[-1  2  1  1  1  0 -1 -2 -4],[ 1  0  0  1  1  1  0  0  0],[ 2  2  1  2  2  2  0  0 -1],[ 3  2  0  2  2  4  0  1  0]]",True,"[-2,-1,-1,-1,-1,1,2,3,-1,0,1,2,0,2,2,1,1,1,0,1,0,-1,1,1,2,2,1,1,2,2,1,2,4,0,0,1]","[-3,-2,-1,1,1,1,1,2,0,2,0,2,2,4,3,1,1,1,1,2,2,1,1,1,2,3,-1,-1,-1,-1,-1,-1,1,-1,0,2]",t^8+61t^6+183t^4+114t^2+1,"[-3,-2,-1,1,1,1,1,2,0,2,0,2,2,4,3,1,1,1,1,2,2,1,1,1,2,3,-1,-1,-1,-1,-1,-1,1,-1,0,2]","[-2,-1,-1,-1,-1,1,2,3,-1,0,1,2,3,2,3,1,1,1,1,1,0,-1,1,1,1,2,1,1,1,2,2,2,4,1,2,0]","[-3,-2,-1,1,1,1,1,2,1,0,0,2,2,4,2,0,1,2,2,2,2,0,1,1,1,0,-1,-1,-1,-1,-1,-1,1,-1,0,2]",c,"[[{8, 1}, {6, 7}, {2, 5}, {3, 4}]]",1,4 K_1^3 - 12 K_1^2 - 14 K_1 K_2 + 4 K_1 + 6 K_2 + 6 K_3 + 7,O1O2O3U4O5U6U7O6U1U3O7U2U5O8O4U8,O1O2U3O4O5U6O3O6U1O7U4U2U5O8U7U8,O1O2U1O3O4U2O5O6U7U8O7U3U5U4O8U6,c,{'O1O2O3U4O5O4U6U2O7U1U3O8U7U8O6U5'},1,"<a href=""/flatknot/8.975933"">8.975933</a>",t^9-67t^7-192t^6+3t^5+308t^4+50t^3-140t^2-11t+8,t^3-3t,,
8.975934,O1O2O3U4O5O4U6U2O7U1U5O8U7U3O6U8,4,6z^3+45z^2+112z+93,6w^4z^3+45w^3z^2+112w^2z+93w,False,False,"[[ 0 -2 -1  2  1  1 -3  1  1],[ 2  0  0  4  2  1 -2  2  1],[ 1  0  0  2  1  0 -1  1  0],[-2 -4 -2  0 -1 -2 -3  1  1],[-1 -2 -1  1  0  1 -3  0  1],[-1 -1  0  2 -1  0 -2  1  0],[ 3  2  1  3  3  2  0  1  0],[-1 -2 -1 -1  0 -1 -1  0  1],[-1 -1  0 -1 -1  0  0 -1  0]]","[[ 0  2  1  1  1  1 -1 -2 -3],[-2  0  1  1 -1 -2 -2 -4 -3],[-1 -1  0  1  0 -1 -1 -2 -1],[-1 -1 -1  0 -1  0  0 -1  0],[-1  1  0  1  0  1 -1 -2 -3],[-1  2  1  0 -1  0  0 -1 -2],[ 1  2  1  0  1  0  0  0 -1],[ 2  4  2  1  2  1  0  0 -2],[ 3  3  1  0  3  2  1  2  0]]",True,"[-2,-1,-1,-1,-1,1,2,3,-1,-1,1,2,2,4,3,-1,0,1,1,2,1,1,0,0,1,0,-1,1,2,3,0,1,2,0,1,2]","[-3,-2,-1,1,1,1,1,2,-1,1,1,2,3,4,2,1,1,2,1,2,0,1,2,1,2,1,-1,0,-1,0,-1,0,-1,-1,2,2]",t^8+71t^6+340t^4+111t^2+4,"[-3,-2,-1,1,1,1,1,2,-1,1,1,2,3,4,2,1,1,2,1,2,0,1,2,1,2,1,-1,0,-1,0,-1,0,-1,-1,2,2]","[-2,-1,-1,-1,-1,1,2,3,-1,0,2,2,1,0,2,-1,0,1,2,2,2,1,0,1,1,1,-1,2,2,4,1,1,3,1,1,-1]","[-3,-2,-1,1,1,1,1,2,2,1,0,1,2,3,3,0,1,2,1,2,4,0,1,0,1,2,-1,0,-1,-1,-1,0,-1,-1,2,1]",c,"[[{8, 1}, {2, 7}, {3, 6}, {4, 5}], [{8, 1}, {2, 7}, {3, 6}, {5}, {4}], [{8, 1}, {2, 7}, {4, 6}, {3, 5}], [{8, 1}, {2, 7}, {5, 6}, {3, 4}], [{8, 1}, {3, 7}, {2, 6}, {4, 5}], [{8, 1}, {3, 7}, {4, 6}, {2, 5}], [{8, 1}, {3, 7}, {5, 6}, {2, 4}], [{8, 1}, {4, 7}, {2, 6}, {3, 5}], [{8, 1}, {4, 7}, {3, 6}, {2, 5}], [{8, 1}, {4, 7}, {3, 6}, {5}, {2}], [{8, 1}, {4, 7}, {5, 6}, {2, 3}], [{8, 1}, {5, 7}, {2, 6}, {3, 4}], [{8, 1}, {5, 7}, {3, 6}, {2, 4}], [{8, 1}, {5, 7}, {3, 6}, {4}, {2}], [{8, 1}, {5, 7}, {4, 6}, {2, 3}], [{8, 1}, {6, 7}, {2, 5}, {3, 4}], [{8, 1}, {6, 7}, {3, 5}, {2, 4}], [{8, 1}, {6, 7}, {4, 5}, {2, 3}], [{8, 1}, {7}, {3, 6}, {2, 5}, {4}], [{8, 1}, {7}, {3, 6}, {4, 5}, {2}], [{8, 1}, {7}, {3, 6}, {5}, {2, 4}], [{8, 1}, {7}, {3, 6}, {5}, {4}, {2}], [{8, 1}, {7}, {4, 6}, {2, 5}, {3}], [{8, 1}, {7}, {6}, {2, 5}, {3, 4}], [{8, 2}, {1, 7}, {3, 6}, {4, 5}], [{8, 2}, {1, 7}, {4, 6}, {3, 5}], [{8, 2}, {1, 7}, {5, 6}, {3, 4}], [{8, 2}, {3, 7}, {1, 6}, {4, 5}], [{8, 2}, {3, 7}, {4, 6}, {1, 5}], [{8, 2}, {3, 7}, {5, 6}, {1, 4}], [{8, 2}, {4, 7}, {1, 6}, {3, 5}], [{8, 2}, {4, 7}, {3, 6}, {1, 5}], [{8, 2}, {4, 7}, {5, 6}, {1, 3}], [{8, 2}, {4, 7}, {6}, {3, 5}, {1}], [{8, 2}, {5, 7}, {1, 6}, {3, 4}], [{8, 2}, {5, 7}, {3, 6}, {1, 4}], [{8, 2}, {5, 7}, {4, 6}, {1, 3}], [{8, 2}, {5, 7}, {4, 6}, {3}, {1}], [{8, 2}, {5, 7}, {6}, {4}, {1, 3}], [{8, 2}, {6, 7}, {1, 5}, {3, 4}], [{8, 2}, {6, 7}, {3, 5}, {1, 4}], [{8, 2}, {6, 7}, {4, 5}, {1, 3}], [{8, 2}, {7}, {3, 6}, {1, 5}, {4}], [{8, 2}, {7}, {5, 6}, {1, 4}, {3}], [{8, 3}, {1, 7}, {2, 6}, {4, 5}], [{8, 3}, {1, 7}, {4, 6}, {2, 5}], [{8, 3}, {1, 7}, {5, 6}, {2, 4}], [{8, 3}, {1, 7}, {5, 6}, {4}, {2}], [{8, 3}, {2, 7}, {1, 6}, {4, 5}], [{8, 3}, {2, 7}, {4, 6}, {1, 5}], [{8, 3}, {2, 7}, {5, 6}, {1, 4}], [{8, 3}, {4, 7}, {1, 6}, {2, 5}], [{8, 3}, {4, 7}, {2, 6}, {1, 5}], [{8, 3}, {4, 7}, {5, 6}, {1, 2}], [{8, 3}, {4, 7}, {6}, {1, 5}, {2}], [{8, 3}, {4, 7}, {6}, {2, 5}, {1}], [{8, 3}, {4, 7}, {6}, {5}, {1, 2}], [{8, 3}, {5, 7}, {1, 6}, {2, 4}], [{8, 3}, {5, 7}, {1, 6}, {4}, {2}], [{8, 3}, {5, 7}, {2, 6}, {1, 4}], [{8, 3}, {5, 7}, {4, 6}, {1, 2}], [{8, 3}, {6, 7}, {1, 5}, {2, 4}], [{8, 3}, {6, 7}, {2, 5}, {1, 4}], [{8, 3}, {6, 7}, {4, 5}, {1, 2}], [{8, 4}, {1, 7}, {2, 6}, {3, 5}], [{8, 4}, {1, 7}, {3, 6}, {2, 5}], [{8, 4}, {1, 7}, {5, 6}, {2, 3}], [{8, 4}, {2, 7}, {1, 6}, {3, 5}], [{8, 4}, {2, 7}, {3, 6}, {1, 5}], [{8, 4}, {2, 7}, {5, 6}, {1, 3}], [{8, 4}, {2, 7}, {6}, {3, 5}, {1}], [{8, 4}, {3, 7}, {1, 6}, {2, 5}], [{8, 4}, {3, 7}, {2, 6}, {1, 5}], [{8, 4}, {3, 7}, {5, 6}, {1, 2}], [{8, 4}, {5, 7}, {1, 6}, {2, 3}], [{8, 4}, {5, 7}, {2, 6}, {1, 3}], [{8, 4}, {5, 7}, {2, 6}, {3}, {1}], [{8, 4}, {5, 7}, {3, 6}, {1, 2}], [{8, 4}, {6, 7}, {1, 5}, {2, 3}], [{8, 4}, {6, 7}, {2, 5}, {1, 3}], [{8, 4}, {6, 7}, {3, 5}, {1, 2}], [{8, 4}, {7}, {3, 6}, {1, 5}, {2}], [{8, 5}, {1, 7}, {2, 6}, {3, 4}], [{8, 5}, {1, 7}, {2, 6}, {4}, {3}], [{8, 5}, {1, 7}, {3, 6}, {2, 4}], [{8, 5}, {1, 7}, {3, 6}, {4}, {2}], [{8, 5}, {1, 7}, {4, 6}, {2, 3}], [{8, 5}, {1, 7}, {6}, {4}, {2, 3}], [{8, 5}, {2, 7}, {1, 6}, {3, 4}], [{8, 5}, {2, 7}, {3, 6}, {1, 4}], [{8, 5}, {2, 7}, {3, 6}, {4}, {1}], [{8, 5}, {2, 7}, {4, 6}, {1, 3}], [{8, 5}, {3, 7}, {1, 6}, {2, 4}], [{8, 5}, {3, 7}, {2, 6}, {1, 4}], [{8, 5}, {3, 7}, {4, 6}, {1, 2}], [{8, 5}, {4, 7}, {1, 6}, {2, 3}], [{8, 5}, {4, 7}, {2, 6}, {1, 3}], [{8, 5}, {4, 7}, {2, 6}, {3}, {1}], [{8, 5}, {4, 7}, {3, 6}, {1, 2}], [{8, 5}, {4, 7}, {3, 6}, {2}, {1}], [{8, 5}, {4, 7}, {6}, {2, 3}, {1}], [{8, 5}, {6, 7}, {1, 4}, {2, 3}], [{8, 5}, {6, 7}, {2, 4}, {1, 3}], [{8, 5}, {6, 7}, {3, 4}, {1, 2}], [{8, 5}, {7}, {2, 6}, {1, 4}, {3}], [{8, 5}, {7}, {3, 6}, {1, 4}, {2}], [{8, 5}, {7}, {3, 6}, {2, 4}, {1}], [{8, 5}, {7}, {3, 6}, {4}, {1, 2}], [{8, 5}, {7}, {3, 6}, {4}, {2}, {1}], [{8, 5}, {7}, {6}, {1, 4}, {2, 3}], [{8, 6}, {1, 7}, {2, 5}, {3, 4}], [{8, 6}, {1, 7}, {3, 5}, {2, 4}], [{8, 6}, {1, 7}, {3, 5}, {4}, {2}], [{8, 6}, {1, 7}, {4, 5}, {2, 3}], [{8, 6}, {2, 7}, {1, 5}, {3, 4}], [{8, 6}, {2, 7}, {3, 5}, {1, 4}], [{8, 6}, {2, 7}, {3, 5}, {4}, {1}], [{8, 6}, {2, 7}, {4, 5}, {1, 3}], [{8, 6}, {2, 7}, {4, 5}, {3}, {1}], [{8, 6}, {2, 7}, {5}, {3, 4}, {1}], [{8, 6}, {3, 7}, {1, 5}, {2, 4}], [{8, 6}, {3, 7}, {2, 5}, {1, 4}], [{8, 6}, {3, 7}, {4, 5}, {1, 2}], [{8, 6}, {4, 7}, {1, 5}, {2, 3}], [{8, 6}, {4, 7}, {1, 5}, {3}, {2}], [{8, 6}, {4, 7}, {2, 5}, {1, 3}], [{8, 6}, {4, 7}, {3, 5}, {1, 2}], [{8, 6}, {5, 7}, {1, 4}, {2, 3}], [{8, 6}, {5, 7}, {2, 4}, {1, 3}], [{8, 6}, {5, 7}, {3, 4}, {1, 2}], [{8, 6}, {5, 7}, {4}, {1, 3}, {2}], [{8, 6}, {7}, {2, 5}, {1, 4}, {3}], [{8, 6}, {7}, {3, 5}, {4}, {1, 2}], [{8, 7}, {1, 6}, {2, 5}, {3, 4}], [{8, 7}, {1, 6}, {2, 5}, {4}, {3}], [{8, 7}, {1, 6}, {3, 5}, {2, 4}], [{8, 7}, {1, 6}, {4, 5}, {2, 3}], [{8, 7}, {2, 6}, {1, 5}, {3, 4}], [{8, 7}, {2, 6}, {3, 5}, {1, 4}], [{8, 7}, {2, 6}, {4, 5}, {1, 3}], [{8, 7}, {3, 6}, {1, 5}, {2, 4}], [{8, 7}, {3, 6}, {1, 5}, {4}, {2}], [{8, 7}, {3, 6}, {2, 5}, {1, 4}], [{8, 7}, {3, 6}, {4, 5}, {1, 2}], [{8, 7}, {3, 6}, {5}, {2, 4}, {1}], [{8, 7}, {4, 6}, {1, 5}, {2, 3}], [{8, 7}, {4, 6}, {1, 5}, {3}, {2}], [{8, 7}, {4, 6}, {2, 5}, {1, 3}], [{8, 7}, {4, 6}, {3, 5}, {1, 2}], [{8, 7}, {5, 6}, {1, 4}, {2, 3}], [{8, 7}, {5, 6}, {2, 4}, {1, 3}], [{8, 7}, {5, 6}, {3, 4}, {1, 2}], [{8, 7}, {6}, {1, 5}, {3, 4}, {2}], [{8, 7}, {6}, {3, 5}, {1, 4}, {2}], [{8}, {1, 7}, {3, 6}, {5}, {2, 4}], [{8}, {2, 7}, {3, 6}, {1, 5}, {4}], [{8}, {2, 7}, {4, 6}, {3, 5}, {1}], [{8}, {2, 7}, {6}, {4, 5}, {1, 3}], [{8}, {3, 7}, {5, 6}, {2, 4}, {1}], [{8}, {4, 7}, {3, 6}, {1, 5}, {2}], [{8}, {4, 7}, {5, 6}, {1, 3}, {2}], [{8}, {5, 7}, {2, 6}, {4}, {1, 3}], [{8}, {5, 7}, {3, 6}, {2, 4}, {1}], [{8}, {5, 7}, {6}, {3, 4}, {1, 2}], [{8}, {6, 7}, {3, 5}, {2, 4}, {1}], [{8}, {6, 7}, {5}, {1, 4}, {2, 3}], [{8}, {7}, {3, 6}, {1, 5}, {2, 4}], [{8}, {7}, {3, 6}, {1, 5}, {4}, {2}]]",2,4 K_1^3 - 4 K_1^2 - 10 K_1 K_2 + 2 K_1 + 2 K_2 + 4 K_3 + 3,O1O2O3U4O5U1U6O4U7U3O6U2U5O8O7U8,O1O2U3O4O5U6O3O7U1O6U4U2U7O8U5U8,O1O2U3O4O5U2O6O7U8U4O8U1U6U5O3U7,c,{'O1O2O3U4O5O4U6U2O7U1U5O8U7U3O6U8'},1,"<a href=""/flatknot/8.975934"">8.975934</a>",t^9-77t^7-266t^6-4t^5+494t^4+50t^3-234t^2+42t,t^3-3t,,
8.975935,O1O2O3U4O5O4U6U2O7U1U7O8U3U8O6U5,3,17z^2+94z+121,-2w^4z^2+19w^3z^2-6w^3z+100w^2z+121w,False,False,"[[ 0 -2 -1  1  1  2 -3  1  1],[ 2  0  0  3  2  2 -1  1  1],[ 1  0  0  1  1  0  0  0  1],[-1 -3 -1  0 -1  0 -2  0  1],[-1 -2 -1  1  0  2 -4  1  1],[-2 -2  0  0 -2  0 -2  0  0],[ 3  1  0  2  4  2  0  1  1],[-1 -1  0  0 -1  0 -1  0  0],[-1 -1 -1 -1 -1  0 -1  0  0]]","[[ 0  2  1  1  1  1 -1 -2 -3],[-2  0  0  0  0 -2  0 -2 -2],[-1  0  0  1  0 -1 -1 -3 -2],[-1  0 -1  0  0 -1 -1 -1 -1],[-1  0  0  0  0 -1  0 -1 -1],[-1  2  1  1  1  0 -1 -2 -4],[ 1  0  1  1  0  1  0  0  0],[ 2  2  3  1  1  2  0  0 -1],[ 3  2  2  1  1  4  0  1  0]]",True,"[-2,-1,-1,-1,-1,1,2,3,0,0,0,2,0,2,2,-1,0,1,1,3,2,0,1,1,1,1,1,0,1,1,1,2,4,0,0,1]","[-3,-2,-1,1,1,1,1,2,0,2,0,2,3,3,3,1,1,0,2,2,2,1,1,1,2,3,-1,-1,-1,-1,-1,0,1,0,1,1]",t^8+57t^6+177t^4+56t^2,"[-3,-2,-1,1,1,1,1,2,0,2,0,2,3,3,3,1,1,0,2,2,2,1,1,1,2,3,-1,-1,-1,-1,-1,0,1,0,1,1]","[-2,-1,-1,-1,-1,1,2,3,-1,1,1,1,3,2,3,1,1,1,1,1,0,-1,0,1,2,3,0,1,0,2,2,2,3,1,2,0]","[-3,-2,-1,1,1,1,1,2,1,0,1,1,2,4,2,0,1,1,3,2,2,0,1,1,1,0,0,0,-1,0,-1,-1,0,-1,0,2]",c,"[[{8, 1}, {2, 7}, {3, 6}, {4, 5}], [{8, 1}, {2, 7}, {3, 6}, {5}, {4}], [{8, 1}, {2, 7}, {4, 6}, {3, 5}], [{8, 1}, {2, 7}, {4, 6}, {5}, {3}], [{8, 1}, {2, 7}, {5, 6}, {3, 4}], [{8, 1}, {2, 7}, {6}, {5}, {3, 4}], [{8, 1}, {3, 7}, {2, 6}, {4, 5}], [{8, 1}, {3, 7}, {4, 6}, {2, 5}], [{8, 1}, {3, 7}, {4, 6}, {5}, {2}], [{8, 1}, {3, 7}, {5, 6}, {2, 4}], [{8, 1}, {4, 7}, {2, 6}, {3, 5}], [{8, 1}, {4, 7}, {3, 6}, {2, 5}], [{8, 1}, {4, 7}, {3, 6}, {5}, {2}], [{8, 1}, {4, 7}, {5, 6}, {2, 3}], [{8, 1}, {5, 7}, {2, 6}, {3, 4}], [{8, 1}, {5, 7}, {3, 6}, {2, 4}], [{8, 1}, {5, 7}, {3, 6}, {4}, {2}], [{8, 1}, {5, 7}, {4, 6}, {2, 3}], [{8, 1}, {5, 7}, {4, 6}, {3}, {2}], [{8, 1}, {5, 7}, {6}, {3, 4}, {2}], [{8, 1}, {6, 7}, {2, 5}, {3, 4}], [{8, 1}, {6, 7}, {3, 5}, {2, 4}], [{8, 1}, {6, 7}, {4, 5}, {2, 3}], [{8, 1}, {6, 7}, {5}, {3, 4}, {2}], [{8, 1}, {7}, {2, 6}, {5}, {3, 4}], [{8, 1}, {7}, {3, 6}, {2, 5}, {4}], [{8, 1}, {7}, {3, 6}, {4, 5}, {2}], [{8, 1}, {7}, {3, 6}, {5}, {2, 4}], [{8, 1}, {7}, {3, 6}, {5}, {4}, {2}], [{8, 1}, {7}, {4, 6}, {2, 5}, {3}], [{8, 1}, {7}, {4, 6}, {3, 5}, {2}], [{8, 1}, {7}, {4, 6}, {5}, {2, 3}], [{8, 1}, {7}, {4, 6}, {5}, {3}, {2}], [{8, 1}, {7}, {5, 6}, {3, 4}, {2}], [{8, 1}, {7}, {6}, {2, 5}, {3, 4}], [{8, 1}, {7}, {6}, {5}, {3, 4}, {2}], [{8, 2}, {1, 7}, {3, 6}, {4, 5}], [{8, 2}, {1, 7}, {4, 6}, {3, 5}], [{8, 2}, {1, 7}, {5, 6}, {3, 4}], [{8, 2}, {1, 7}, {6}, {5}, {3, 4}], [{8, 2}, {3, 7}, {1, 6}, {4, 5}], [{8, 2}, {3, 7}, {1, 6}, {5}, {4}], [{8, 2}, {3, 7}, {4, 6}, {1, 5}], [{8, 2}, {3, 7}, {5, 6}, {1, 4}], [{8, 2}, {4, 7}, {1, 6}, {3, 5}], [{8, 2}, {4, 7}, {1, 6}, {5}, {3}], [{8, 2}, {4, 7}, {3, 6}, {1, 5}], [{8, 2}, {4, 7}, {5, 6}, {1, 3}], [{8, 2}, {5, 7}, {1, 6}, {3, 4}], [{8, 2}, {5, 7}, {1, 6}, {4}, {3}], [{8, 2}, {5, 7}, {3, 6}, {1, 4}], [{8, 2}, {5, 7}, {4, 6}, {1, 3}], [{8, 2}, {5, 7}, {6}, {3, 4}, {1}], [{8, 2}, {6, 7}, {1, 5}, {3, 4}], [{8, 2}, {6, 7}, {3, 5}, {1, 4}], [{8, 2}, {6, 7}, {4, 5}, {1, 3}], [{8, 2}, {6, 7}, {5}, {3, 4}, {1}], [{8, 2}, {7}, {1, 6}, {3, 5}, {4}], [{8, 2}, {7}, {1, 6}, {4, 5}, {3}], [{8, 2}, {7}, {1, 6}, {5}, {3, 4}], [{8, 2}, {7}, {1, 6}, {5}, {4}, {3}], [{8, 2}, {7}, {3, 6}, {5}, {1, 4}], [{8, 2}, {7}, {4, 6}, {5}, {1, 3}], [{8, 2}, {7}, {5, 6}, {3, 4}, {1}], [{8, 2}, {7}, {6}, {1, 5}, {3, 4}], [{8, 2}, {7}, {6}, {5}, {3, 4}, {1}], [{8, 3}, {1, 7}, {2, 6}, {4, 5}], [{8, 3}, {1, 7}, {4, 6}, {2, 5}], [{8, 3}, {1, 7}, {5, 6}, {2, 4}], [{8, 3}, {1, 7}, {6}, {4, 5}, {2}], [{8, 3}, {2, 7}, {1, 6}, {4, 5}], [{8, 3}, {2, 7}, {4, 6}, {1, 5}], [{8, 3}, {2, 7}, {5, 6}, {1, 4}], [{8, 3}, {4, 7}, {1, 6}, {2, 5}], [{8, 3}, {4, 7}, {2, 6}, {1, 5}], [{8, 3}, {4, 7}, {5, 6}, {1, 2}], [{8, 3}, {5, 7}, {1, 6}, {2, 4}], [{8, 3}, {5, 7}, {2, 6}, {1, 4}], [{8, 3}, {5, 7}, {4, 6}, {1, 2}], [{8, 3}, {6, 7}, {1, 5}, {2, 4}], [{8, 3}, {6, 7}, {1, 5}, {4}, {2}], [{8, 3}, {6, 7}, {2, 5}, {1, 4}], [{8, 3}, {6, 7}, {4, 5}, {1, 2}], [{8, 3}, {7}, {1, 6}, {5}, {2, 4}], [{8, 3}, {7}, {2, 6}, {5}, {1, 4}], [{8, 3}, {7}, {4, 6}, {5}, {1, 2}], [{8, 4}, {1, 7}, {2, 6}, {3, 5}], [{8, 4}, {1, 7}, {3, 6}, {2, 5}], [{8, 4}, {1, 7}, {5, 6}, {2, 3}], [{8, 4}, {1, 7}, {6}, {3, 5}, {2}], [{8, 4}, {2, 7}, {1, 6}, {3, 5}], [{8, 4}, {2, 7}, {3, 6}, {1, 5}], [{8, 4}, {2, 7}, {5, 6}, {1, 3}], [{8, 4}, {3, 7}, {1, 6}, {2, 5}], [{8, 4}, {3, 7}, {2, 6}, {1, 5}], [{8, 4}, {3, 7}, {5, 6}, {1, 2}], [{8, 4}, {5, 7}, {1, 6}, {2, 3}], [{8, 4}, {5, 7}, {2, 6}, {1, 3}], [{8, 4}, {5, 7}, {3, 6}, {1, 2}], [{8, 4}, {6, 7}, {1, 5}, {2, 3}], [{8, 4}, {6, 7}, {1, 5}, {3}, {2}], [{8, 4}, {6, 7}, {2, 5}, {1, 3}], [{8, 4}, {6, 7}, {3, 5}, {1, 2}], [{8, 4}, {7}, {1, 6}, {5}, {2, 3}], [{8, 4}, {7}, {2, 6}, {5}, {1, 3}], [{8, 4}, {7}, {3, 6}, {5}, {1, 2}], [{8, 5}, {1, 7}, {2, 6}, {3, 4}], [{8, 5}, {1, 7}, {2, 6}, {4}, {3}], [{8, 5}, {1, 7}, {3, 6}, {2, 4}], [{8, 5}, {1, 7}, {3, 6}, {4}, {2}], [{8, 5}, {1, 7}, {4, 6}, {2, 3}], [{8, 5}, {1, 7}, {4, 6}, {3}, {2}], [{8, 5}, {1, 7}, {6}, {2, 4}, {3}], [{8, 5}, {1, 7}, {6}, {3, 4}, {2}], [{8, 5}, {1, 7}, {6}, {4}, {2, 3}], [{8, 5}, {1, 7}, {6}, {4}, {3}, {2}], [{8, 5}, {2, 7}, {1, 6}, {3, 4}], [{8, 5}, {2, 7}, {3, 6}, {1, 4}], [{8, 5}, {2, 7}, {4, 6}, {1, 3}], [{8, 5}, {2, 7}, {6}, {1, 4}, {3}], [{8, 5}, {2, 7}, {6}, {3, 4}, {1}], [{8, 5}, {2, 7}, {6}, {4}, {1, 3}], [{8, 5}, {3, 7}, {1, 6}, {2, 4}], [{8, 5}, {3, 7}, {2, 6}, {1, 4}], [{8, 5}, {3, 7}, {4, 6}, {1, 2}], [{8, 5}, {3, 7}, {6}, {1, 4}, {2}], [{8, 5}, {3, 7}, {6}, {2, 4}, {1}], [{8, 5}, {3, 7}, {6}, {4}, {1, 2}], [{8, 5}, {4, 7}, {1, 6}, {2, 3}], [{8, 5}, {4, 7}, {2, 6}, {1, 3}], [{8, 5}, {4, 7}, {3, 6}, {1, 2}], [{8, 5}, {4, 7}, {6}, {1, 3}, {2}], [{8, 5}, {4, 7}, {6}, {2, 3}, {1}], [{8, 5}, {4, 7}, {6}, {3}, {1, 2}], [{8, 5}, {6, 7}, {1, 4}, {2, 3}], [{8, 5}, {6, 7}, {2, 4}, {1, 3}], [{8, 5}, {6, 7}, {3, 4}, {1, 2}], [{8, 5}, {6, 7}, {3, 4}, {2}, {1}], [{8, 5}, {7}, {1, 6}, {3, 4}, {2}], [{8, 5}, {7}, {2, 6}, {3, 4}, {1}], [{8, 5}, {7}, {6}, {1, 4}, {2, 3}], [{8, 5}, {7}, {6}, {2, 4}, {1, 3}], [{8, 5}, {7}, {6}, {3, 4}, {1, 2}], [{8, 5}, {7}, {6}, {3, 4}, {2}, {1}], [{8, 6}, {1, 7}, {2, 5}, {3, 4}], [{8, 6}, {1, 7}, {3, 5}, {2, 4}], [{8, 6}, {1, 7}, {4, 5}, {2, 3}], [{8, 6}, {1, 7}, {5}, {2, 4}, {3}], [{8, 6}, {1, 7}, {5}, {3, 4}, {2}], [{8, 6}, {1, 7}, {5}, {4}, {2, 3}], [{8, 6}, {2, 7}, {1, 5}, {3, 4}], [{8, 6}, {2, 7}, {3, 5}, {1, 4}], [{8, 6}, {2, 7}, {4, 5}, {1, 3}], [{8, 6}, {2, 7}, {5}, {1, 4}, {3}], [{8, 6}, {2, 7}, {5}, {3, 4}, {1}], [{8, 6}, {2, 7}, {5}, {4}, {1, 3}], [{8, 6}, {3, 7}, {1, 5}, {2, 4}], [{8, 6}, {3, 7}, {2, 5}, {1, 4}], [{8, 6}, {3, 7}, {4, 5}, {1, 2}], [{8, 6}, {3, 7}, {5}, {1, 4}, {2}], [{8, 6}, {3, 7}, {5}, {2, 4}, {1}], [{8, 6}, {3, 7}, {5}, {4}, {1, 2}], [{8, 6}, {4, 7}, {1, 5}, {2, 3}], [{8, 6}, {4, 7}, {2, 5}, {1, 3}], [{8, 6}, {4, 7}, {3, 5}, {1, 2}], [{8, 6}, {4, 7}, {5}, {1, 3}, {2}], [{8, 6}, {4, 7}, {5}, {2, 3}, {1}], [{8, 6}, {4, 7}, {5}, {3}, {1, 2}], [{8, 6}, {5, 7}, {1, 4}, {2, 3}], [{8, 6}, {5, 7}, {1, 4}, {3}, {2}], [{8, 6}, {5, 7}, {2, 4}, {1, 3}], [{8, 6}, {5, 7}, {2, 4}, {3}, {1}], [{8, 6}, {5, 7}, {3, 4}, {1, 2}], [{8, 6}, {5, 7}, {3, 4}, {2}, {1}], [{8, 6}, {5, 7}, {4}, {1, 3}, {2}], [{8, 6}, {5, 7}, {4}, {2, 3}, {1}], [{8, 6}, {5, 7}, {4}, {3}, {1, 2}], [{8, 6}, {7}, {1, 5}, {2, 4}, {3}], [{8, 6}, {7}, {1, 5}, {3, 4}, {2}], [{8, 6}, {7}, {1, 5}, {4}, {2, 3}], [{8, 6}, {7}, {2, 5}, {1, 4}, {3}], [{8, 6}, {7}, {2, 5}, {3, 4}, {1}], [{8, 6}, {7}, {2, 5}, {4}, {1, 3}], [{8, 6}, {7}, {3, 5}, {1, 4}, {2}], [{8, 6}, {7}, {3, 5}, {2, 4}, {1}], [{8, 6}, {7}, {3, 5}, {4}, {1, 2}], [{8, 6}, {7}, {4, 5}, {1, 3}, {2}], [{8, 6}, {7}, {4, 5}, {2, 3}, {1}], [{8, 6}, {7}, {4, 5}, {3}, {1, 2}], [{8, 6}, {7}, {5}, {1, 4}, {2, 3}], [{8, 6}, {7}, {5}, {1, 4}, {3}, {2}], [{8, 6}, {7}, {5}, {2, 4}, {1, 3}], [{8, 6}, {7}, {5}, {2, 4}, {3}, {1}], [{8, 6}, {7}, {5}, {3, 4}, {1, 2}], [{8, 6}, {7}, {5}, {3, 4}, {2}, {1}], [{8, 6}, {7}, {5}, {4}, {1, 3}, {2}], [{8, 6}, {7}, {5}, {4}, {2, 3}, {1}], [{8, 6}, {7}, {5}, {4}, {3}, {1, 2}], [{8, 7}, {1, 6}, {2, 5}, {3, 4}], [{8, 7}, {1, 6}, {3, 5}, {2, 4}], [{8, 7}, {1, 6}, {4, 5}, {2, 3}], [{8, 7}, {1, 6}, {5}, {3, 4}, {2}], [{8, 7}, {2, 6}, {1, 5}, {3, 4}], [{8, 7}, {2, 6}, {3, 5}, {1, 4}], [{8, 7}, {2, 6}, {4, 5}, {1, 3}], [{8, 7}, {2, 6}, {5}, {3, 4}, {1}], [{8, 7}, {3, 6}, {1, 5}, {2, 4}], [{8, 7}, {3, 6}, {1, 5}, {4}, {2}], [{8, 7}, {3, 6}, {2, 5}, {1, 4}], [{8, 7}, {3, 6}, {4, 5}, {1, 2}], [{8, 7}, {4, 6}, {1, 5}, {2, 3}], [{8, 7}, {4, 6}, {1, 5}, {3}, {2}], [{8, 7}, {4, 6}, {2, 5}, {1, 3}], [{8, 7}, {4, 6}, {3, 5}, {1, 2}], [{8, 7}, {5, 6}, {1, 4}, {2, 3}], [{8, 7}, {5, 6}, {2, 4}, {1, 3}], [{8, 7}, {5, 6}, {3, 4}, {1, 2}], [{8, 7}, {5, 6}, {3, 4}, {2}, {1}], [{8, 7}, {6}, {1, 5}, {3, 4}, {2}], [{8, 7}, {6}, {2, 5}, {3, 4}, {1}], [{8, 7}, {6}, {5}, {1, 4}, {2, 3}], [{8, 7}, {6}, {5}, {2, 4}, {1, 3}], [{8, 7}, {6}, {5}, {3, 4}, {1, 2}], [{8, 7}, {6}, {5}, {3, 4}, {2}, {1}], [{8}, {1, 7}, {2, 6}, {5}, {3, 4}], [{8}, {1, 7}, {5, 6}, {2, 4}, {3}], [{8}, {1, 7}, {5, 6}, {3, 4}, {2}], [{8}, {1, 7}, {5, 6}, {4}, {2, 3}], [{8}, {1, 7}, {6}, {2, 5}, {3, 4}], [{8}, {1, 7}, {6}, {5}, {3, 4}, {2}], [{8}, {2, 7}, {1, 6}, {5}, {3, 4}], [{8}, {2, 7}, {5, 6}, {1, 4}, {3}], [{8}, {2, 7}, {5, 6}, {3, 4}, {1}], [{8}, {2, 7}, {5, 6}, {4}, {1, 3}], [{8}, {2, 7}, {6}, {1, 5}, {3, 4}], [{8}, {2, 7}, {6}, {5}, {3, 4}, {1}], [{8}, {3, 7}, {5, 6}, {1, 4}, {2}], [{8}, {3, 7}, {5, 6}, {2, 4}, {1}], [{8}, {3, 7}, {5, 6}, {4}, {1, 2}], [{8}, {4, 7}, {5, 6}, {1, 3}, {2}], [{8}, {4, 7}, {5, 6}, {2, 3}, {1}], [{8}, {4, 7}, {5, 6}, {3}, {1, 2}], [{8}, {5, 7}, {1, 6}, {3, 4}, {2}], [{8}, {5, 7}, {2, 6}, {3, 4}, {1}], [{8}, {5, 7}, {6}, {1, 4}, {2, 3}], [{8}, {5, 7}, {6}, {2, 4}, {1, 3}], [{8}, {5, 7}, {6}, {3, 4}, {1, 2}], [{8}, {5, 7}, {6}, {3, 4}, {2}, {1}], [{8}, {6, 7}, {1, 5}, {3, 4}, {2}], [{8}, {6, 7}, {2, 5}, {3, 4}, {1}], [{8}, {6, 7}, {5}, {1, 4}, {2, 3}], [{8}, {6, 7}, {5}, {2, 4}, {1, 3}], [{8}, {6, 7}, {5}, {3, 4}, {1, 2}], [{8}, {6, 7}, {5}, {3, 4}, {2}, {1}], [{8}, {7}, {1, 6}, {2, 5}, {3, 4}], [{8}, {7}, {1, 6}, {5}, {3, 4}, {2}], [{8}, {7}, {2, 6}, {1, 5}, {3, 4}], [{8}, {7}, {2, 6}, {5}, {3, 4}, {1}], [{8}, {7}, {5, 6}, {1, 4}, {2, 3}], [{8}, {7}, {5, 6}, {2, 4}, {1, 3}], [{8}, {7}, {5, 6}, {3, 4}, {1, 2}], [{8}, {7}, {5, 6}, {3, 4}, {2}, {1}], [{8}, {7}, {6}, {1, 5}, {3, 4}, {2}], [{8}, {7}, {6}, {2, 5}, {3, 4}, {1}], [{8}, {7}, {6}, {5}, {1, 4}, {2, 3}], [{8}, {7}, {6}, {5}, {2, 4}, {1, 3}], [{8}, {7}, {6}, {5}, {3, 4}, {1, 2}], [{8}, {7}, {6}, {5}, {3, 4}, {2}, {1}]]",2,- 16 K_1^2 - 2 K_1 K_2 + K_1 + 8 K_2 + K_3 + 9,O1O2O3U4O5U6U1O6U7U3O7U2U5O8O4U8,O1O2U3O4O3U5O6O5U1O7U4U2U6O8U7U8,O1O2U1O3O4U3O5O6U7U8O7U2U5U4O8U6,c,{'O1O2O3U4O5O4U6U2O7U1U7O8U3U8O6U5'},1,"<a href=""/flatknot/8.975935"">8.975935</a>",t^9-63t^7-154t^6+119t^5+280t^4+37t^3-42t^2,t^3-3t,,
8.975936,O1O2O3U4O5O4U6U2O7U1U7O8U5U3O6U8,4,7z^3+47z^2+107z+83,-2w^5z^3+9w^4z^3-6w^4z^2+53w^3z^2+107w^2z+83w,False,False,"[[ 0 -2 -1  2  1  1 -3  1  1],[ 2  0  0  4  2  2 -2  1  1],[ 1  0  0  2  1  0 -1  0  1],[-2 -4 -2  0 -1 -1 -3  0  1],[-1 -2 -1  1  0  1 -3  1  0],[-1 -2  0  1 -1  0 -1  0  0],[ 3  2  1  3  3  1  0  1  1],[-1 -1  0  0 -1  0 -1  0  0],[-1 -1 -1 -1  0  0 -1  0  0]]","[[ 0  2  1  1  1  1 -1 -2 -3],[-2  0  1  0 -1 -1 -2 -4 -3],[-1 -1  0  0  0  0 -1 -1 -1],[-1  0  0  0  0 -1  0 -1 -1],[-1  1  0  0  0 -1  0 -2 -1],[-1  1  0  1  1  0 -1 -2 -3],[ 1  2  1  0  0  1  0  0 -1],[ 2  4  1  1  2  2  0  0 -2],[ 3  3  1  1  1  3  1  2  0]]",True,"[-2,-1,-1,-1,-1,1,2,3,-1,0,1,1,2,4,3,0,0,0,1,1,1,0,1,0,1,1,1,0,2,1,1,2,3,0,1,2]","[-3,-2,-1,1,1,1,1,2,-1,1,1,3,3,3,2,1,1,1,2,2,0,1,2,1,2,1,-1,0,-1,0,0,0,0,0,2,1]",t^8+63t^6+238t^4+90t^2+4,"[-3,-2,-1,1,1,1,1,2,-1,1,1,3,3,3,2,1,1,1,2,2,0,1,2,1,2,1,-1,0,-1,0,0,0,0,0,2,1]","[-2,-1,-1,-1,-1,1,2,3,0,0,1,2,1,0,2,-1,0,0,2,1,3,1,0,1,1,1,0,2,2,3,1,2,3,1,1,-1]","[-3,-2,-1,1,1,1,1,2,2,1,1,1,1,3,3,0,1,1,2,2,4,0,1,0,1,2,0,0,-1,0,0,0,-1,-1,1,1]",c,"[[{8, 1}, {2, 7}, {3, 6}, {4, 5}], [{8, 1}, {2, 7}, {3, 6}, {5}, {4}], [{8, 1}, {2, 7}, {4, 6}, {3, 5}], [{8, 1}, {2, 7}, {5, 6}, {3, 4}], [{8, 1}, {3, 7}, {2, 6}, {4, 5}], [{8, 1}, {3, 7}, {4, 6}, {2, 5}], [{8, 1}, {3, 7}, {5, 6}, {2, 4}], [{8, 1}, {3, 7}, {6}, {4, 5}, {2}], [{8, 1}, {4, 7}, {2, 6}, {3, 5}], [{8, 1}, {4, 7}, {3, 6}, {2, 5}], [{8, 1}, {4, 7}, {3, 6}, {5}, {2}], [{8, 1}, {4, 7}, {5, 6}, {2, 3}], [{8, 1}, {5, 7}, {2, 6}, {3, 4}], [{8, 1}, {5, 7}, {3, 6}, {2, 4}], [{8, 1}, {5, 7}, {3, 6}, {4}, {2}], [{8, 1}, {5, 7}, {4, 6}, {2, 3}], [{8, 1}, {6, 7}, {2, 5}, {3, 4}], [{8, 1}, {6, 7}, {3, 5}, {2, 4}], [{8, 1}, {6, 7}, {4, 5}, {2, 3}], [{8, 1}, {6, 7}, {4, 5}, {3}, {2}], [{8, 1}, {7}, {3, 6}, {2, 5}, {4}], [{8, 1}, {7}, {3, 6}, {4, 5}, {2}], [{8, 1}, {7}, {3, 6}, {5}, {2, 4}], [{8, 1}, {7}, {3, 6}, {5}, {4}, {2}], [{8, 2}, {1, 7}, {3, 6}, {4, 5}], [{8, 2}, {1, 7}, {3, 6}, {5}, {4}], [{8, 2}, {1, 7}, {4, 6}, {3, 5}], [{8, 2}, {1, 7}, {5, 6}, {3, 4}], [{8, 2}, {1, 7}, {6}, {4, 5}, {3}], [{8, 2}, {3, 7}, {1, 6}, {4, 5}], [{8, 2}, {3, 7}, {4, 6}, {1, 5}], [{8, 2}, {3, 7}, {5, 6}, {1, 4}], [{8, 2}, {4, 7}, {1, 6}, {3, 5}], [{8, 2}, {4, 7}, {3, 6}, {1, 5}], [{8, 2}, {4, 7}, {5, 6}, {1, 3}], [{8, 2}, {5, 7}, {1, 6}, {3, 4}], [{8, 2}, {5, 7}, {3, 6}, {1, 4}], [{8, 2}, {5, 7}, {4, 6}, {1, 3}], [{8, 2}, {5, 7}, {4, 6}, {3}, {1}], [{8, 2}, {6, 7}, {1, 5}, {3, 4}], [{8, 2}, {6, 7}, {3, 5}, {1, 4}], [{8, 2}, {6, 7}, {4, 5}, {1, 3}], [{8, 2}, {6, 7}, {5}, {3, 4}, {1}], [{8, 2}, {7}, {4, 6}, {5}, {1, 3}], [{8, 3}, {1, 7}, {2, 6}, {4, 5}], [{8, 3}, {1, 7}, {4, 6}, {2, 5}], [{8, 3}, {1, 7}, {5, 6}, {2, 4}], [{8, 3}, {1, 7}, {6}, {4, 5}, {2}], [{8, 3}, {2, 7}, {1, 6}, {4, 5}], [{8, 3}, {2, 7}, {1, 6}, {5}, {4}], [{8, 3}, {2, 7}, {4, 6}, {1, 5}], [{8, 3}, {2, 7}, {5, 6}, {1, 4}], [{8, 3}, {4, 7}, {1, 6}, {2, 5}], [{8, 3}, {4, 7}, {1, 6}, {5}, {2}], [{8, 3}, {4, 7}, {2, 6}, {1, 5}], [{8, 3}, {4, 7}, {5, 6}, {1, 2}], [{8, 3}, {5, 7}, {1, 6}, {2, 4}], [{8, 3}, {5, 7}, {1, 6}, {4}, {2}], [{8, 3}, {5, 7}, {2, 6}, {1, 4}], [{8, 3}, {5, 7}, {4, 6}, {1, 2}], [{8, 3}, {6, 7}, {1, 5}, {2, 4}], [{8, 3}, {6, 7}, {2, 5}, {1, 4}], [{8, 3}, {6, 7}, {4, 5}, {1, 2}], [{8, 3}, {6, 7}, {4, 5}, {2}, {1}], [{8, 3}, {7}, {1, 6}, {2, 5}, {4}], [{8, 3}, {7}, {1, 6}, {4, 5}, {2}], [{8, 3}, {7}, {1, 6}, {5}, {2, 4}], [{8, 3}, {7}, {1, 6}, {5}, {4}, {2}], [{8, 4}, {1, 7}, {2, 6}, {3, 5}], [{8, 4}, {1, 7}, {3, 6}, {2, 5}], [{8, 4}, {1, 7}, {3, 6}, {5}, {2}], [{8, 4}, {1, 7}, {5, 6}, {2, 3}], [{8, 4}, {2, 7}, {1, 6}, {3, 5}], [{8, 4}, {2, 7}, {3, 6}, {1, 5}], [{8, 4}, {2, 7}, {5, 6}, {1, 3}], [{8, 4}, {2, 7}, {6}, {1, 5}, {3}], [{8, 4}, {3, 7}, {1, 6}, {2, 5}], [{8, 4}, {3, 7}, {2, 6}, {1, 5}], [{8, 4}, {3, 7}, {5, 6}, {1, 2}], [{8, 4}, {5, 7}, {1, 6}, {2, 3}], [{8, 4}, {5, 7}, {2, 6}, {1, 3}], [{8, 4}, {5, 7}, {3, 6}, {1, 2}], [{8, 4}, {6, 7}, {1, 5}, {2, 3}], [{8, 4}, {6, 7}, {2, 5}, {1, 3}], [{8, 4}, {6, 7}, {3, 5}, {1, 2}], [{8, 4}, {7}, {2, 6}, {5}, {1, 3}], [{8, 4}, {7}, {3, 6}, {2, 5}, {1}], [{8, 4}, {7}, {5, 6}, {3}, {1, 2}], [{8, 5}, {1, 7}, {2, 6}, {3, 4}], [{8, 5}, {1, 7}, {3, 6}, {2, 4}], [{8, 5}, {1, 7}, {3, 6}, {4}, {2}], [{8, 5}, {1, 7}, {4, 6}, {2, 3}], [{8, 5}, {2, 7}, {1, 6}, {3, 4}], [{8, 5}, {2, 7}, {3, 6}, {1, 4}], [{8, 5}, {2, 7}, {4, 6}, {1, 3}], [{8, 5}, {2, 7}, {6}, {1, 4}, {3}], [{8, 5}, {3, 7}, {1, 6}, {2, 4}], [{8, 5}, {3, 7}, {2, 6}, {1, 4}], [{8, 5}, {3, 7}, {4, 6}, {1, 2}], [{8, 5}, {3, 7}, {6}, {1, 4}, {2}], [{8, 5}, {4, 7}, {1, 6}, {2, 3}], [{8, 5}, {4, 7}, {2, 6}, {1, 3}], [{8, 5}, {4, 7}, {3, 6}, {1, 2}], [{8, 5}, {4, 7}, {6}, {1, 3}, {2}], [{8, 5}, {6, 7}, {1, 4}, {2, 3}], [{8, 5}, {6, 7}, {2, 4}, {1, 3}], [{8, 5}, {6, 7}, {3, 4}, {1, 2}], [{8, 5}, {6, 7}, {3, 4}, {2}, {1}], [{8, 5}, {7}, {3, 6}, {2, 4}, {1}], [{8, 5}, {7}, {6}, {1, 4}, {2, 3}], [{8, 6}, {1, 7}, {2, 5}, {3, 4}], [{8, 6}, {1, 7}, {3, 5}, {2, 4}], [{8, 6}, {1, 7}, {4, 5}, {2, 3}], [{8, 6}, {1, 7}, {4, 5}, {3}, {2}], [{8, 6}, {2, 7}, {1, 5}, {3, 4}], [{8, 6}, {2, 7}, {1, 5}, {4}, {3}], [{8, 6}, {2, 7}, {3, 5}, {1, 4}], [{8, 6}, {2, 7}, {3, 5}, {4}, {1}], [{8, 6}, {2, 7}, {4, 5}, {1, 3}], [{8, 6}, {2, 7}, {4, 5}, {3}, {1}], [{8, 6}, {2, 7}, {5}, {1, 4}, {3}], [{8, 6}, {2, 7}, {5}, {3, 4}, {1}], [{8, 6}, {2, 7}, {5}, {4}, {1, 3}], [{8, 6}, {3, 7}, {1, 5}, {2, 4}], [{8, 6}, {3, 7}, {2, 5}, {1, 4}], [{8, 6}, {3, 7}, {4, 5}, {1, 2}], [{8, 6}, {3, 7}, {4, 5}, {2}, {1}], [{8, 6}, {4, 7}, {1, 5}, {2, 3}], [{8, 6}, {4, 7}, {2, 5}, {1, 3}], [{8, 6}, {4, 7}, {3, 5}, {1, 2}], [{8, 6}, {4, 7}, {5}, {1, 3}, {2}], [{8, 6}, {5, 7}, {1, 4}, {2, 3}], [{8, 6}, {5, 7}, {2, 4}, {1, 3}], [{8, 6}, {5, 7}, {3, 4}, {1, 2}], [{8, 6}, {5, 7}, {4}, {1, 3}, {2}], [{8, 6}, {7}, {1, 5}, {3, 4}, {2}], [{8, 6}, {7}, {2, 5}, {4}, {1, 3}], [{8, 6}, {7}, {3, 5}, {1, 4}, {2}], [{8, 6}, {7}, {4, 5}, {1, 3}, {2}], [{8, 6}, {7}, {4, 5}, {2, 3}, {1}], [{8, 6}, {7}, {4, 5}, {3}, {1, 2}], [{8, 6}, {7}, {4, 5}, {3}, {2}, {1}], [{8, 6}, {7}, {5}, {2, 4}, {1, 3}], [{8, 6}, {7}, {5}, {4}, {1, 3}, {2}], [{8, 7}, {1, 6}, {2, 5}, {3, 4}], [{8, 7}, {1, 6}, {3, 5}, {2, 4}], [{8, 7}, {1, 6}, {4, 5}, {2, 3}], [{8, 7}, {1, 6}, {4, 5}, {3}, {2}], [{8, 7}, {2, 6}, {1, 5}, {3, 4}], [{8, 7}, {2, 6}, {3, 5}, {1, 4}], [{8, 7}, {2, 6}, {3, 5}, {4}, {1}], [{8, 7}, {2, 6}, {4, 5}, {1, 3}], [{8, 7}, {3, 6}, {1, 5}, {2, 4}], [{8, 7}, {3, 6}, {1, 5}, {4}, {2}], [{8, 7}, {3, 6}, {2, 5}, {1, 4}], [{8, 7}, {3, 6}, {2, 5}, {4}, {1}], [{8, 7}, {3, 6}, {4, 5}, {1, 2}], [{8, 7}, {3, 6}, {4, 5}, {2}, {1}], [{8, 7}, {3, 6}, {5}, {1, 4}, {2}], [{8, 7}, {3, 6}, {5}, {2, 4}, {1}], [{8, 7}, {3, 6}, {5}, {4}, {1, 2}], [{8, 7}, {3, 6}, {5}, {4}, {2}, {1}], [{8, 7}, {4, 6}, {1, 5}, {2, 3}], [{8, 7}, {4, 6}, {2, 5}, {1, 3}], [{8, 7}, {4, 6}, {3, 5}, {1, 2}], [{8, 7}, {5, 6}, {1, 4}, {2, 3}], [{8, 7}, {5, 6}, {2, 4}, {1, 3}], [{8, 7}, {5, 6}, {3, 4}, {1, 2}], [{8, 7}, {5, 6}, {4}, {2, 3}, {1}], [{8, 7}, {6}, {4, 5}, {1, 3}, {2}], [{8}, {1, 7}, {2, 6}, {4, 5}, {3}], [{8}, {1, 7}, {3, 6}, {2, 5}, {4}], [{8}, {1, 7}, {3, 6}, {4, 5}, {2}], [{8}, {1, 7}, {3, 6}, {5}, {2, 4}], [{8}, {1, 7}, {3, 6}, {5}, {4}, {2}], [{8}, {1, 7}, {4, 6}, {3, 5}, {2}], [{8}, {1, 7}, {5, 6}, {3, 4}, {2}], [{8}, {1, 7}, {6}, {4, 5}, {2, 3}], [{8}, {1, 7}, {6}, {4, 5}, {3}, {2}], [{8}, {2, 7}, {4, 6}, {1, 5}, {3}], [{8}, {2, 7}, {5, 6}, {1, 4}, {3}], [{8}, {3, 7}, {1, 6}, {4, 5}, {2}], [{8}, {3, 7}, {4, 6}, {1, 5}, {2}], [{8}, {3, 7}, {4, 6}, {2, 5}, {1}], [{8}, {3, 7}, {4, 6}, {5}, {1, 2}], [{8}, {3, 7}, {5, 6}, {2, 4}, {1}], [{8}, {4, 7}, {3, 6}, {2, 5}, {1}], [{8}, {4, 7}, {5, 6}, {1, 3}, {2}], [{8}, {4, 7}, {6}, {1, 5}, {2, 3}], [{8}, {5, 7}, {3, 6}, {2, 4}, {1}], [{8}, {5, 7}, {6}, {3, 4}, {1, 2}], [{8}, {6, 7}, {1, 5}, {4}, {2, 3}], [{8}, {6, 7}, {2, 5}, {3, 4}, {1}], [{8}, {6, 7}, {3, 5}, {2, 4}, {1}], [{8}, {6, 7}, {4, 5}, {1, 3}, {2}], [{8}, {7}, {3, 6}, {1, 5}, {2, 4}], [{8}, {7}, {3, 6}, {2, 5}, {1, 4}], [{8}, {7}, {4, 6}, {1, 5}, {2, 3}]]",2,- 8 K_1^2 - 2 K_1 K_2 + K_1 + 4 K_2 + K_3 + 5,O1O2O3U4O5U1U6O4U7U3O7U2U5O8O6U8,O1O2U3O4O3U5O6O7U1O5U4U2U7O8U6U8,O1O2U3O4O5U4O6O7U8U2O8U1U6U5O3U7,c,{'O1O2O3U4O5O4U6U2O7U1U7O8U5U3O6U8'},1,"<a href=""/flatknot/8.975936"">8.975936</a>",t^9-69t^7-226t^6-6t^5+456t^4+189t^3-152t^2-46t-36,t^3-3t,,
8.975937,O1O2O3U4O5O4U6U2O7U3U1O8U5U8O6U7,3,16z^2+69z+75,16w^3z^2+69w^2z+75w,False,False,"[[ 0 -1 -1  0  1  1 -3  2  1],[ 1  0 -1  1  1  2 -2  2  1],[ 1  1  0  1  1  1 -1  1  1],[ 0 -1 -1  0  0  0 -1  1  1],[-1 -1 -1  0  0  1 -3  1  0],[-1 -2 -1  0 -1  0 -2  1  1],[ 3  2  1  1  3  2  0  2  1],[-2 -2 -1 -1 -1 -1 -2  0  0],[-1 -1 -1 -1  0 -1 -1  0  0]]","[[ 0  2  1  1  1  0 -1 -1 -3],[-2  0  0 -1 -1 -1 -1 -2 -2],[-1  0  0  0 -1 -1 -1 -1 -1],[-1  1  0  0  1  0 -1 -1 -3],[-1  1  1 -1  0  0 -1 -2 -2],[ 0  1  1  0  0  0 -1 -1 -1],[ 1  1  1  1  1  1  0  1 -1],[ 1  2  1  1  2  1 -1  0 -2],[ 3  2  1  3  2  1  1  2  0]]",True,"[-2,-1,-1,-1,0,1,1,3,0,1,1,1,1,2,2,0,1,1,1,1,1,-1,0,1,1,3,0,1,2,2,1,1,1,-1,1,2]","[-3,-1,-1,0,1,1,1,2,0,1,2,1,2,3,3,1,0,1,0,1,1,0,1,1,1,2,1,1,0,1,-1,0,0,-1,0,1]",t^8+47t^6+136t^4+64t^2,"[-3,-1,-1,0,1,1,1,2,0,1,2,1,2,3,3,1,0,1,0,1,1,0,1,1,1,2,1,1,0,1,-1,0,0,-1,0,1]","[-2,-1,-1,-1,0,1,1,3,0,0,1,1,1,2,3,-1,1,1,0,1,2,0,1,1,1,1,0,1,1,3,0,0,2,-1,0,1]","[-3,-1,-1,0,1,1,1,2,1,2,1,1,2,3,2,1,1,1,1,1,1,1,1,2,1,2,1,0,0,1,-1,0,0,-1,1,1]",c,"[[{8, 2}, {1, 7}, {5, 6}, {3, 4}], [{8, 2}, {3, 7}, {4, 6}, {1, 5}], [{8, 2}, {4, 7}, {3, 6}, {1, 5}], [{8, 2}, {6, 7}, {1, 5}, {3, 4}], [{8, 4}, {1, 7}, {5, 6}, {2, 3}], [{8, 4}, {6, 7}, {1, 5}, {2, 3}], [{8, 5}, {3, 7}, {4, 6}, {1, 2}]]",1,4 K_1^3 - 10 K_1^2 - 2 K_1 K_2 - 2 K_1 + 5 K_2 + 6,O1O2O3U4O5U6U7O6U3U1O4U2U5O8O7U8,O1O2U3O4O5U6O7O6U1O3U5U2U4O8U7U8,O1O2U1O3O4U5O6O7U8U2O8U4U6U3O5U7,c,{'O1O2O3U4O5O4U6U2O7U3U1O8U5U8O6U7'},1,"<a href=""/flatknot/8.975937"">8.975937</a>",t^9-51t^7-178t^6-139t^5+168t^4+276t^3+96t^2,t^3-t^2-t,,
8.975938,O1O2O3U4O5O4U6U2O7U3U1O8U7U8O6U5,4,2z^3+20z^2+83z+103,2w^4z^3+20w^3z^2+83w^2z+103w,False,False,"[[ 0 -1 -1  0  1  2 -3  1  1],[ 1  0 -1  1  1  2 -2  2  1],[ 1  1  0  1  1  0  0  1  0],[ 0 -1 -1  0  0  0 -1  1  1],[-1 -1 -1  0  0  2 -4  1  1],[-2 -2  0  0 -2  0 -2 -1  1],[ 3  2  0  1  4  2  0  2  0],[-1 -2 -1 -1 -1  1 -2  0  1],[-1 -1  0 -1 -1 -1  0 -1  0]]","[[ 0  2  1  1  1  0 -1 -1 -3],[-2  0  1 -1 -2  0  0 -2 -2],[-1 -1  0 -1 -1 -1  0 -1  0],[-1  1  1  0 -1 -1 -1 -2 -2],[-1  2  1  1  0  0 -1 -1 -4],[ 0  0  1  1  0  0 -1 -1 -1],[ 1  0  0  1  1  1  0  1  0],[ 1  2  1  2  1  1 -1  0 -2],[ 3  2  0  2  4  1  0  2  0]]",True,"[-2,-1,-1,-1,0,1,1,3,-1,1,2,0,0,2,2,1,1,1,0,1,0,1,1,1,2,2,0,1,1,4,1,1,1,-1,0,2]","[-3,-1,-1,0,1,1,1,2,0,2,1,0,2,4,2,1,1,0,1,1,0,1,1,2,1,2,1,1,0,0,-1,-1,-1,-1,1,2]",t^8+55t^6+166t^4+88t^2,"[-3,-1,-1,0,1,1,1,2,0,2,2,0,2,4,3,1,0,1,0,1,1,0,1,1,2,3,1,0,0,2,-1,-1,-1,-1,0,2]","[-2,-1,-1,-1,0,1,1,3,-1,0,2,2,1,3,3,1,1,1,1,1,0,1,0,0,1,2,0,1,2,4,0,0,2,-1,0,2]","[-3,-1,-1,0,1,1,1,2,0,2,1,0,2,4,2,1,1,0,1,1,0,1,1,2,1,2,1,1,0,0,-1,-1,-1,-1,1,2]",c,"[[{8, 1}, {2, 7}, {3, 6}, {4, 5}], [{8, 1}, {2, 7}, {3, 6}, {5}, {4}], [{8, 1}, {2, 7}, {4, 6}, {3, 5}], [{8, 1}, {2, 7}, {4, 6}, {5}, {3}], [{8, 1}, {2, 7}, {5, 6}, {3, 4}], [{8, 1}, {2, 7}, {5, 6}, {4}, {3}], [{8, 1}, {2, 7}, {6}, {3, 5}, {4}], [{8, 1}, {2, 7}, {6}, {4, 5}, {3}], [{8, 1}, {2, 7}, {6}, {5}, {3, 4}], [{8, 1}, {3, 7}, {2, 6}, {4, 5}], [{8, 1}, {3, 7}, {4, 6}, {2, 5}], [{8, 1}, {3, 7}, {5, 6}, {2, 4}], [{8, 1}, {3, 7}, {5, 6}, {4}, {2}], [{8, 1}, {3, 7}, {6}, {5}, {2, 4}], [{8, 1}, {4, 7}, {2, 6}, {3, 5}], [{8, 1}, {4, 7}, {3, 6}, {2, 5}], [{8, 1}, {4, 7}, {3, 6}, {5}, {2}], [{8, 1}, {4, 7}, {5, 6}, {2, 3}], [{8, 1}, {4, 7}, {5, 6}, {3}, {2}], [{8, 1}, {4, 7}, {6}, {3, 5}, {2}], [{8, 1}, {5, 7}, {2, 6}, {3, 4}], [{8, 1}, {5, 7}, {3, 6}, {2, 4}], [{8, 1}, {5, 7}, {3, 6}, {4}, {2}], [{8, 1}, {5, 7}, {4, 6}, {2, 3}], [{8, 1}, {5, 7}, {6}, {2, 4}, {3}], [{8, 1}, {6, 7}, {2, 5}, {3, 4}], [{8, 1}, {6, 7}, {3, 5}, {2, 4}], [{8, 1}, {6, 7}, {3, 5}, {4}, {2}], [{8, 1}, {6, 7}, {4, 5}, {2, 3}], [{8, 1}, {6, 7}, {5}, {2, 4}, {3}], [{8, 1}, {7}, {2, 6}, {3, 5}, {4}], [{8, 1}, {7}, {3, 6}, {2, 5}, {4}], [{8, 1}, {7}, {3, 6}, {4, 5}, {2}], [{8, 1}, {7}, {3, 6}, {5}, {2, 4}], [{8, 1}, {7}, {3, 6}, {5}, {4}, {2}], [{8, 1}, {7}, {4, 6}, {3, 5}, {2}], [{8, 1}, {7}, {5, 6}, {2, 4}, {3}], [{8, 1}, {7}, {5, 6}, {3, 4}, {2}], [{8, 1}, {7}, {5, 6}, {4}, {2, 3}], [{8, 1}, {7}, {5, 6}, {4}, {3}, {2}], [{8, 1}, {7}, {6}, {3, 5}, {2, 4}], [{8, 1}, {7}, {6}, {3, 5}, {4}, {2}], [{8, 2}, {1, 7}, {3, 6}, {4, 5}], [{8, 2}, {1, 7}, {4, 6}, {3, 5}], [{8, 2}, {1, 7}, {4, 6}, {5}, {3}], [{8, 2}, {1, 7}, {5, 6}, {3, 4}], [{8, 2}, {1, 7}, {5, 6}, {4}, {3}], [{8, 2}, {1, 7}, {6}, {4, 5}, {3}], [{8, 2}, {3, 7}, {1, 6}, {4, 5}], [{8, 2}, {3, 7}, {4, 6}, {1, 5}], [{8, 2}, {3, 7}, {5, 6}, {1, 4}], [{8, 2}, {4, 7}, {1, 6}, {3, 5}], [{8, 2}, {4, 7}, {1, 6}, {5}, {3}], [{8, 2}, {4, 7}, {3, 6}, {1, 5}], [{8, 2}, {4, 7}, {3, 6}, {5}, {1}], [{8, 2}, {4, 7}, {5, 6}, {1, 3}], [{8, 2}, {4, 7}, {6}, {5}, {1, 3}], [{8, 2}, {5, 7}, {1, 6}, {3, 4}], [{8, 2}, {5, 7}, {3, 6}, {1, 4}], [{8, 2}, {5, 7}, {4, 6}, {1, 3}], [{8, 2}, {6, 7}, {1, 5}, {3, 4}], [{8, 2}, {6, 7}, {1, 5}, {4}, {3}], [{8, 2}, {6, 7}, {3, 5}, {1, 4}], [{8, 2}, {6, 7}, {4, 5}, {1, 3}], [{8, 2}, {7}, {4, 6}, {3, 5}, {1}], [{8, 3}, {1, 7}, {2, 6}, {4, 5}], [{8, 3}, {1, 7}, {4, 6}, {2, 5}], [{8, 3}, {1, 7}, {5, 6}, {2, 4}], [{8, 3}, {2, 7}, {1, 6}, {4, 5}], [{8, 3}, {2, 7}, {4, 6}, {1, 5}], [{8, 3}, {2, 7}, {5, 6}, {1, 4}], [{8, 3}, {2, 7}, {5, 6}, {4}, {1}], [{8, 3}, {4, 7}, {1, 6}, {2, 5}], [{8, 3}, {4, 7}, {2, 6}, {1, 5}], [{8, 3}, {4, 7}, {5, 6}, {1, 2}], [{8, 3}, {4, 7}, {6}, {5}, {1, 2}], [{8, 3}, {5, 7}, {1, 6}, {2, 4}], [{8, 3}, {5, 7}, {2, 6}, {1, 4}], [{8, 3}, {5, 7}, {4, 6}, {1, 2}], [{8, 3}, {5, 7}, {4, 6}, {2}, {1}], [{8, 3}, {6, 7}, {1, 5}, {2, 4}], [{8, 3}, {6, 7}, {2, 5}, {1, 4}], [{8, 3}, {6, 7}, {2, 5}, {4}, {1}], [{8, 3}, {6, 7}, {4, 5}, {1, 2}], [{8, 3}, {7}, {1, 6}, {4, 5}, {2}], [{8, 4}, {1, 7}, {2, 6}, {3, 5}], [{8, 4}, {1, 7}, {3, 6}, {2, 5}], [{8, 4}, {1, 7}, {5, 6}, {2, 3}], [{8, 4}, {2, 7}, {1, 6}, {3, 5}], [{8, 4}, {2, 7}, {3, 6}, {1, 5}], [{8, 4}, {2, 7}, {5, 6}, {1, 3}], [{8, 4}, {2, 7}, {5, 6}, {3}, {1}], [{8, 4}, {2, 7}, {6}, {5}, {1, 3}], [{8, 4}, {3, 7}, {1, 6}, {2, 5}], [{8, 4}, {3, 7}, {2, 6}, {1, 5}], [{8, 4}, {3, 7}, {5, 6}, {1, 2}], [{8, 4}, {5, 7}, {1, 6}, {2, 3}], [{8, 4}, {5, 7}, {2, 6}, {1, 3}], [{8, 4}, {5, 7}, {3, 6}, {1, 2}], [{8, 4}, {5, 7}, {6}, {1, 3}, {2}], [{8, 4}, {6, 7}, {1, 5}, {2, 3}], [{8, 4}, {6, 7}, {1, 5}, {3}, {2}], [{8, 4}, {6, 7}, {2, 5}, {1, 3}], [{8, 4}, {6, 7}, {2, 5}, {3}, {1}], [{8, 4}, {6, 7}, {3, 5}, {1, 2}], [{8, 4}, {6, 7}, {5}, {3}, {1, 2}], [{8, 4}, {7}, {1, 6}, {3, 5}, {2}], [{8, 4}, {7}, {6}, {2, 5}, {1, 3}], [{8, 5}, {1, 7}, {2, 6}, {3, 4}], [{8, 5}, {1, 7}, {3, 6}, {2, 4}], [{8, 5}, {1, 7}, {3, 6}, {4}, {2}], [{8, 5}, {1, 7}, {4, 6}, {2, 3}], [{8, 5}, {2, 7}, {1, 6}, {3, 4}], [{8, 5}, {2, 7}, {3, 6}, {1, 4}], [{8, 5}, {2, 7}, {4, 6}, {1, 3}], [{8, 5}, {2, 7}, {6}, {1, 4}, {3}], [{8, 5}, {3, 7}, {1, 6}, {2, 4}], [{8, 5}, {3, 7}, {2, 6}, {1, 4}], [{8, 5}, {3, 7}, {4, 6}, {1, 2}], [{8, 5}, {3, 7}, {4, 6}, {2}, {1}], [{8, 5}, {4, 7}, {1, 6}, {2, 3}], [{8, 5}, {4, 7}, {2, 6}, {1, 3}], [{8, 5}, {4, 7}, {3, 6}, {1, 2}], [{8, 5}, {4, 7}, {6}, {2, 3}, {1}], [{8, 5}, {6, 7}, {1, 4}, {2, 3}], [{8, 5}, {6, 7}, {2, 4}, {1, 3}], [{8, 5}, {6, 7}, {2, 4}, {3}, {1}], [{8, 5}, {6, 7}, {3, 4}, {1, 2}], [{8, 5}, {7}, {6}, {2, 4}, {1, 3}], [{8, 5}, {7}, {6}, {3, 4}, {1, 2}], [{8, 6}, {1, 7}, {2, 5}, {3, 4}], [{8, 6}, {1, 7}, {3, 5}, {2, 4}], [{8, 6}, {1, 7}, {4, 5}, {2, 3}], [{8, 6}, {1, 7}, {4, 5}, {3}, {2}], [{8, 6}, {2, 7}, {1, 5}, {3, 4}], [{8, 6}, {2, 7}, {3, 5}, {1, 4}], [{8, 6}, {2, 7}, {4, 5}, {1, 3}], [{8, 6}, {2, 7}, {5}, {1, 4}, {3}], [{8, 6}, {3, 7}, {1, 5}, {2, 4}], [{8, 6}, {3, 7}, {1, 5}, {4}, {2}], [{8, 6}, {3, 7}, {2, 5}, {1, 4}], [{8, 6}, {3, 7}, {4, 5}, {1, 2}], [{8, 6}, {4, 7}, {1, 5}, {2, 3}], [{8, 6}, {4, 7}, {1, 5}, {3}, {2}], [{8, 6}, {4, 7}, {2, 5}, {1, 3}], [{8, 6}, {4, 7}, {2, 5}, {3}, {1}], [{8, 6}, {4, 7}, {3, 5}, {1, 2}], [{8, 6}, {4, 7}, {5}, {3}, {1, 2}], [{8, 6}, {5, 7}, {1, 4}, {2, 3}], [{8, 6}, {5, 7}, {2, 4}, {1, 3}], [{8, 6}, {5, 7}, {3, 4}, {1, 2}], [{8, 6}, {5, 7}, {4}, {2, 3}, {1}], [{8, 6}, {7}, {1, 5}, {3, 4}, {2}], [{8, 6}, {7}, {2, 5}, {4}, {1, 3}], [{8, 6}, {7}, {3, 5}, {1, 4}, {2}], [{8, 7}, {1, 6}, {2, 5}, {3, 4}], [{8, 7}, {1, 6}, {3, 5}, {2, 4}], [{8, 7}, {1, 6}, {4, 5}, {2, 3}], [{8, 7}, {2, 6}, {1, 5}, {3, 4}], [{8, 7}, {2, 6}, {3, 5}, {1, 4}], [{8, 7}, {2, 6}, {4, 5}, {1, 3}], [{8, 7}, {3, 6}, {1, 5}, {2, 4}], [{8, 7}, {3, 6}, {1, 5}, {4}, {2}], [{8, 7}, {3, 6}, {2, 5}, {1, 4}], [{8, 7}, {3, 6}, {4, 5}, {1, 2}], [{8, 7}, {4, 6}, {1, 5}, {2, 3}], [{8, 7}, {4, 6}, {2, 5}, {1, 3}], [{8, 7}, {4, 6}, {3, 5}, {1, 2}], [{8, 7}, {4, 6}, {3, 5}, {2}, {1}], [{8, 7}, {5, 6}, {1, 4}, {2, 3}], [{8, 7}, {5, 6}, {2, 4}, {1, 3}], [{8, 7}, {5, 6}, {3, 4}, {1, 2}], [{8, 7}, {5, 6}, {4}, {3}, {1, 2}], [{8, 7}, {6}, {5}, {3, 4}, {1, 2}], [{8}, {1, 7}, {2, 6}, {4, 5}, {3}], [{8}, {1, 7}, {4, 6}, {3, 5}, {2}], [{8}, {2, 7}, {3, 6}, {4, 5}, {1}], [{8}, {2, 7}, {4, 6}, {3, 5}, {1}], [{8}, {2, 7}, {5, 6}, {1, 4}, {3}], [{8}, {2, 7}, {5, 6}, {3, 4}, {1}], [{8}, {2, 7}, {5, 6}, {4}, {1, 3}], [{8}, {2, 7}, {5, 6}, {4}, {3}, {1}], [{8}, {4, 7}, {3, 6}, {5}, {1, 2}], [{8}, {5, 7}, {6}, {1, 4}, {2, 3}], [{8}, {5, 7}, {6}, {3, 4}, {1, 2}], [{8}, {6, 7}, {1, 5}, {2, 4}, {3}], [{8}, {6, 7}, {2, 5}, {3, 4}, {1}], [{8}, {6, 7}, {4, 5}, {2, 3}, {1}], [{8}, {7}, {4, 6}, {1, 5}, {2, 3}], [{8}, {7}, {4, 6}, {2, 5}, {1, 3}], [{8}, {7}, {4, 6}, {3, 5}, {1, 2}], [{8}, {7}, {4, 6}, {3, 5}, {2}, {1}]]",2,4 K_1^3 - 10 K_1^2 - 2 K_1 K_2 - 2 K_1 + 5 K_2 + 6,O1O2O3U4O5U6U7O6U3U1O7U2U5O8O4U8,O1O2U3O4O5U6O3O6U1O7U5U2U4O8U7U8,O1O2U1O3O4U2O5O6U7U8O7U4U5U3O8U6,c,{'O1O2O3U4O5O4U6U2O7U3U1O8U7U8O6U5'},1,"<a href=""/flatknot/8.975938"">8.975938</a>",t^9-59t^7-166t^6+29t^5+394t^4+254t^3-22t^2-48t-12,t^3-t^2-t,,
8.975939,O1O2O3U4O5O4U6U2O7U5U1O8U3U8O6U7,4,18z^2+103z+135,18w^3z^2+103w^2z+135w,False,False,"[[ 0 -1 -1  1  1  0 -3  2  1],[ 1  0 -1  2  2  0 -2  2  1],[ 1  1  0  2  1  0 -1  1  1],[-1 -2 -2  0  0 -1 -3  2  1],[-1 -2 -1  0  0  0 -3  1  1],[ 0  0  0  1  0  0  0  0  0],[ 3  2  1  3  3  0  0  2  1],[-2 -2 -1 -2 -1  0 -2  0  0],[-1 -1 -1 -1 -1  0 -1  0  0]]","[[ 0  2  1  1  1  0 -1 -1 -3],[-2  0  0 -1 -2  0 -1 -2 -2],[-1  0  0 -1 -1  0 -1 -1 -1],[-1  1  1  0  0  0 -1 -2 -3],[-1  2  1  0  0 -1 -2 -2 -3],[ 0  0  0  0  1  0  0  0  0],[ 1  1  1  1  2  0  0  1 -1],[ 1  2  1  2  2  0 -1  0 -2],[ 3  2  1  3  3  0  1  2  0]]",True,"[-2,-1,-1,-1,0,1,1,3,0,1,2,0,1,2,2,1,1,0,1,1,1,0,0,1,2,3,1,2,2,3,0,0,0,-1,1,2]","[-3,-1,-1,0,1,1,1,2,0,1,3,1,1,3,3,1,1,0,0,1,1,1,0,1,1,2,0,1,1,2,0,-1,-1,-1,0,1]",t^8+57t^6+103t^4+38t^2+1,"[-3,-1,-1,0,1,1,1,2,0,1,3,1,1,3,3,1,1,0,0,1,1,1,0,1,1,2,0,1,1,2,0,-1,-1,-1,0,1]","[-2,-1,-1,-1,0,1,1,3,-1,0,1,2,1,2,3,0,1,0,0,0,1,1,1,0,1,1,1,1,1,3,1,1,3,-1,0,1]","[-3,-1,-1,0,1,1,1,2,1,2,0,1,3,3,2,1,0,1,1,2,1,0,1,2,2,2,0,0,1,0,-1,-1,0,0,1,2]",c,"[[{8, 2}, {1, 7}, {4, 6}, {3, 5}], [{8, 2}, {3, 7}, {5, 6}, {1, 4}], [{8, 2}, {5, 7}, {3, 6}, {1, 4}], [{8, 2}, {6, 7}, {3, 5}, {1, 4}], [{8, 5}, {6, 7}, {1, 4}, {2, 3}], [{8, 5}, {6, 7}, {4}, {2, 3}, {1}], [{8, 6}, {5, 7}, {1, 4}, {2, 3}], [{8, 7}, {5, 6}, {1, 4}, {2, 3}]]",1,4 K_1^3 - 14 K_1^2 - 2 K_1 K_2 - 2 K_1 + 7 K_2 + 8,O1O2O3U4O5U6U1O6U3U7O4U2U5O8O7U8,O1O2U3O4O5U6O7O6U1O3U5U2U7O8U4U8,O1O2U1O3O4U5O6O7U8U4O8U2U6U3O5U7,c,{'O1O2O3U4O5O4U6U2O7U5U1O8U3U8O6U7'},1,"<a href=""/flatknot/8.975939"">8.975939</a>",t^9-61t^7-214t^6-164t^5+190t^4+223t^3+4t^2-3t,t^3-t^2-t,,
8.975940,O1O2O3U4O5O4U6U2O7U5U3O8U1U8O6U7,4,3z^3+28z^2+100z+113,3w^4z^3+28w^3z^2+100w^2z+113w,False,False,"[[ 0 -1 -1  1  1  0 -3  2  1],[ 1  0 -2  1  2  0 -3  3  1],[ 1  2  0  2  1  0 -1  1  0],[-1 -1 -2  0  0 -1 -2  1  0],[-1 -2 -1  0  0  0 -3  1  1],[ 0  0  0  1  0  0  0  0  0],[ 3  3  1  2  3  0  0  2  1],[-2 -3 -1 -1 -1  0 -2  0  0],[-1 -1  0  0 -1  0 -1  0  0]]","[[ 0  2  1  1  1  0 -1 -1 -3],[-2  0  0 -1 -1  0 -1 -3 -2],[-1  0  0  0 -1  0  0 -1 -1],[-1  1  0  0  0 -1 -2 -1 -2],[-1  1  1  0  0  0 -1 -2 -3],[ 0  0  0  1  0  0  0  0  0],[ 1  1  0  2  1  0  0  2 -1],[ 1  3  1  1  2  0 -2  0 -3],[ 3  2  1  2  3  0  1  3  0]]",True,"[-2,-1,-1,-1,0,1,1,3,0,1,1,0,1,3,2,0,1,0,0,1,1,0,1,2,1,2,0,1,2,3,0,0,0,-2,1,3]","[-3,-1,-1,0,1,1,1,2,-1,1,3,1,2,3,3,2,1,0,1,1,0,1,1,0,2,2,1,0,1,2,0,-1,0,0,0,1]",t^8+57t^6+189t^4+92t^2+9,"[-3,-1,-1,0,1,1,1,2,-1,1,3,1,2,3,3,2,1,0,1,1,0,1,1,0,2,2,1,0,1,2,0,-1,0,0,0,1]","[-2,-1,-1,-1,0,1,1,3,0,0,1,2,0,2,3,0,0,0,1,0,2,1,1,0,1,1,1,1,2,3,1,1,3,-2,-1,1]","[-3,-1,-1,0,1,1,1,2,1,3,0,1,2,3,2,2,0,0,2,1,1,0,1,1,2,3,0,1,0,0,0,-1,0,0,1,1]",c,"[[{8, 4}, {5, 7}, {1, 6}, {2, 3}]]",1,12 K_1^3 - 22 K_1^2 - 22 K_1 K_2 + 2 K_1 + 11 K_2 + 8 K_3 + 12,O1O2O3U4O5U6U3O6U1U7O4U2U5O8O7U8,O1O2U3O4O5U6O7O6U1O3U7U2U5O8U4U8,O1O2U1O3O4U5O6O7U8U4O8U3U6U2O5U7,c,{'O1O2O3U4O5O4U6U2O7U5U3O8U1U8O6U7'},1,"<a href=""/flatknot/8.975940"">8.975940</a>",t^9-61t^7-220t^6-110t^5+380t^4+474t^3+174t^2+5t-10,t^3-t^2-t,,
8.975941,O1O2O3U4O5O4U6U2O7U5U3O8U7U1O6U8,4,3z^3+34z^2+110z+109,3w^4z^3+34w^3z^2+110w^2z+109w,False,False,"[[ 0  0 -1  1  1  0 -3  1  1],[ 0  0 -2  0  1 -1 -3  2  1],[ 1  2  0  2  1  0 -1  2 -1],[-1  0 -2  0  0 -1 -3  2  0],[-1 -1 -1  0  0  0 -3  0  1],[ 0  1  0  1  0  0 -1  1  0],[ 3  3  1  3  3  1  0  1  0],[-1 -2 -2 -2  0 -1 -1  0  1],[-1 -1  1  0 -1  0  0 -1  0]]","[[ 0  1  1  1  1  0  0 -1 -3],[-1  0  2  0  0  0 -1 -2 -3],[-1 -2  0  1  0 -2 -1 -2 -1],[-1  0 -1  0 -1 -1  0  1  0],[-1  0  0  1  0 -1  0 -1 -3],[ 0  0  2  1  1  0 -1 -2 -3],[ 0  1  1  0  0  1  0  0 -1],[ 1  2  2 -1  1  2  0  0 -1],[ 3  3  1  0  3  3  1  1  0]]",True,"[-1,-1,-1,-1,0,0,1,3,-2,0,0,0,1,2,3,-1,0,2,1,2,1,1,1,0,-1,0,1,0,1,3,1,2,3,0,1,1]","[-3,-1,0,0,1,1,1,1,1,0,2,1,1,3,4,-1,1,0,1,0,3,1,1,0,-1,0,0,1,0,1,0,-2,0,0,-1,-1]",t^8+59t^6+297t^4+97t^2+1,"[-3,-1,0,0,1,1,1,1,1,0,2,1,1,3,4,-1,1,0,1,0,3,1,1,0,-1,0,0,1,0,1,0,-2,0,0,-1,-1]","[-1,-1,-1,-1,0,0,1,3,-2,0,1,-1,0,0,3,0,0,1,0,0,1,1,0,1,1,1,0,1,3,4,-1,-1,0,1,2,1]","[-3,-1,0,0,1,1,1,1,1,1,3,0,1,3,3,0,2,-1,2,1,2,1,0,1,0,1,1,2,1,0,-1,-1,0,0,-2,0]",c,"[[{8, 1}, {2, 7}, {3, 6}, {4, 5}], [{8, 1}, {2, 7}, {3, 6}, {5}, {4}], [{8, 1}, {2, 7}, {4, 6}, {3, 5}], [{8, 1}, {2, 7}, {4, 6}, {5}, {3}], [{8, 1}, {2, 7}, {5, 6}, {3, 4}], [{8, 1}, {2, 7}, {5, 6}, {4}, {3}], [{8, 1}, {2, 7}, {6}, {3, 5}, {4}], [{8, 1}, {2, 7}, {6}, {4, 5}, {3}], [{8, 1}, {2, 7}, {6}, {5}, {3, 4}], [{8, 1}, {2, 7}, {6}, {5}, {4}, {3}], [{8, 1}, {3, 7}, {2, 6}, {4, 5}], [{8, 1}, {3, 7}, {4, 6}, {2, 5}], [{8, 1}, {3, 7}, {5, 6}, {2, 4}], [{8, 1}, {3, 7}, {6}, {2, 5}, {4}], [{8, 1}, {4, 7}, {2, 6}, {3, 5}], [{8, 1}, {4, 7}, {3, 6}, {2, 5}], [{8, 1}, {4, 7}, {5, 6}, {2, 3}], [{8, 1}, {4, 7}, {6}, {2, 5}, {3}], [{8, 1}, {5, 7}, {2, 6}, {3, 4}], [{8, 1}, {5, 7}, {2, 6}, {4}, {3}], [{8, 1}, {5, 7}, {3, 6}, {2, 4}], [{8, 1}, {5, 7}, {3, 6}, {4}, {2}], [{8, 1}, {5, 7}, {4, 6}, {2, 3}], [{8, 1}, {5, 7}, {4, 6}, {3}, {2}], [{8, 1}, {5, 7}, {6}, {2, 4}, {3}], [{8, 1}, {5, 7}, {6}, {3, 4}, {2}], [{8, 1}, {5, 7}, {6}, {4}, {2, 3}], [{8, 1}, {5, 7}, {6}, {4}, {3}, {2}], [{8, 1}, {6, 7}, {2, 5}, {3, 4}], [{8, 1}, {6, 7}, {2, 5}, {4}, {3}], [{8, 1}, {6, 7}, {3, 5}, {2, 4}], [{8, 1}, {6, 7}, {4, 5}, {2, 3}], [{8, 1}, {7}, {3, 6}, {2, 5}, {4}], [{8, 1}, {7}, {4, 6}, {2, 5}, {3}], [{8, 1}, {7}, {6}, {2, 5}, {3, 4}], [{8, 1}, {7}, {6}, {2, 5}, {4}, {3}], [{8, 2}, {1, 7}, {3, 6}, {4, 5}], [{8, 2}, {1, 7}, {4, 6}, {3, 5}], [{8, 2}, {1, 7}, {5, 6}, {3, 4}], [{8, 2}, {3, 7}, {1, 6}, {4, 5}], [{8, 2}, {3, 7}, {1, 6}, {5}, {4}], [{8, 2}, {3, 7}, {4, 6}, {1, 5}], [{8, 2}, {3, 7}, {5, 6}, {1, 4}], [{8, 2}, {4, 7}, {1, 6}, {3, 5}], [{8, 2}, {4, 7}, {3, 6}, {1, 5}], [{8, 2}, {4, 7}, {5, 6}, {1, 3}], [{8, 2}, {4, 7}, {5, 6}, {3}, {1}], [{8, 2}, {5, 7}, {1, 6}, {3, 4}], [{8, 2}, {5, 7}, {3, 6}, {1, 4}], [{8, 2}, {5, 7}, {4, 6}, {1, 3}], [{8, 2}, {5, 7}, {4, 6}, {3}, {1}], [{8, 2}, {6, 7}, {1, 5}, {3, 4}], [{8, 2}, {6, 7}, {1, 5}, {4}, {3}], [{8, 2}, {6, 7}, {3, 5}, {1, 4}], [{8, 2}, {6, 7}, {3, 5}, {4}, {1}], [{8, 2}, {6, 7}, {4, 5}, {1, 3}], [{8, 2}, {6, 7}, {5}, {4}, {1, 3}], [{8, 2}, {7}, {3, 6}, {5}, {1, 4}], [{8, 3}, {1, 7}, {2, 6}, {4, 5}], [{8, 3}, {1, 7}, {4, 6}, {2, 5}], [{8, 3}, {1, 7}, {5, 6}, {2, 4}], [{8, 3}, {2, 7}, {1, 6}, {4, 5}], [{8, 3}, {2, 7}, {1, 6}, {5}, {4}], [{8, 3}, {2, 7}, {4, 6}, {1, 5}], [{8, 3}, {2, 7}, {4, 6}, {5}, {1}], [{8, 3}, {2, 7}, {5, 6}, {1, 4}], [{8, 3}, {2, 7}, {6}, {5}, {1, 4}], [{8, 3}, {4, 7}, {1, 6}, {2, 5}], [{8, 3}, {4, 7}, {2, 6}, {1, 5}], [{8, 3}, {4, 7}, {5, 6}, {1, 2}], [{8, 3}, {5, 7}, {1, 6}, {2, 4}], [{8, 3}, {5, 7}, {2, 6}, {1, 4}], [{8, 3}, {5, 7}, {4, 6}, {1, 2}], [{8, 3}, {6, 7}, {1, 5}, {2, 4}], [{8, 3}, {6, 7}, {2, 5}, {1, 4}], [{8, 3}, {6, 7}, {4, 5}, {1, 2}], [{8, 3}, {7}, {4, 6}, {1, 5}, {2}], [{8, 4}, {1, 7}, {2, 6}, {3, 5}], [{8, 4}, {1, 7}, {3, 6}, {2, 5}], [{8, 4}, {1, 7}, {5, 6}, {2, 3}], [{8, 4}, {2, 7}, {1, 6}, {3, 5}], [{8, 4}, {2, 7}, {1, 6}, {5}, {3}], [{8, 4}, {2, 7}, {3, 6}, {1, 5}], [{8, 4}, {2, 7}, {3, 6}, {5}, {1}], [{8, 4}, {2, 7}, {5, 6}, {1, 3}], [{8, 4}, {2, 7}, {6}, {5}, {1, 3}], [{8, 4}, {3, 7}, {1, 6}, {2, 5}], [{8, 4}, {3, 7}, {2, 6}, {1, 5}], [{8, 4}, {3, 7}, {5, 6}, {1, 2}], [{8, 4}, {5, 7}, {1, 6}, {2, 3}], [{8, 4}, {5, 7}, {2, 6}, {1, 3}], [{8, 4}, {5, 7}, {3, 6}, {1, 2}], [{8, 4}, {6, 7}, {1, 5}, {2, 3}], [{8, 4}, {6, 7}, {2, 5}, {1, 3}], [{8, 4}, {6, 7}, {2, 5}, {3}, {1}], [{8, 4}, {6, 7}, {3, 5}, {1, 2}], [{8, 4}, {7}, {2, 6}, {3, 5}, {1}], [{8, 4}, {7}, {3, 6}, {1, 5}, {2}], [{8, 5}, {1, 7}, {2, 6}, {3, 4}], [{8, 5}, {1, 7}, {3, 6}, {2, 4}], [{8, 5}, {1, 7}, {4, 6}, {2, 3}], [{8, 5}, {1, 7}, {6}, {3, 4}, {2}], [{8, 5}, {2, 7}, {1, 6}, {3, 4}], [{8, 5}, {2, 7}, {1, 6}, {4}, {3}], [{8, 5}, {2, 7}, {3, 6}, {1, 4}], [{8, 5}, {2, 7}, {4, 6}, {1, 3}], [{8, 5}, {3, 7}, {1, 6}, {2, 4}], [{8, 5}, {3, 7}, {2, 6}, {1, 4}], [{8, 5}, {3, 7}, {4, 6}, {1, 2}], [{8, 5}, {4, 7}, {1, 6}, {2, 3}], [{8, 5}, {4, 7}, {2, 6}, {1, 3}], [{8, 5}, {4, 7}, {3, 6}, {1, 2}], [{8, 5}, {6, 7}, {1, 4}, {2, 3}], [{8, 5}, {6, 7}, {2, 4}, {1, 3}], [{8, 5}, {6, 7}, {2, 4}, {3}, {1}], [{8, 5}, {6, 7}, {3, 4}, {1, 2}], [{8, 5}, {7}, {2, 6}, {1, 4}, {3}], [{8, 5}, {7}, {4, 6}, {2, 3}, {1}], [{8, 6}, {1, 7}, {2, 5}, {3, 4}], [{8, 6}, {1, 7}, {3, 5}, {2, 4}], [{8, 6}, {1, 7}, {4, 5}, {2, 3}], [{8, 6}, {1, 7}, {4, 5}, {3}, {2}], [{8, 6}, {2, 7}, {1, 5}, {3, 4}], [{8, 6}, {2, 7}, {1, 5}, {4}, {3}], [{8, 6}, {2, 7}, {3, 5}, {1, 4}], [{8, 6}, {2, 7}, {3, 5}, {4}, {1}], [{8, 6}, {2, 7}, {4, 5}, {1, 3}], [{8, 6}, {2, 7}, {4, 5}, {3}, {1}], [{8, 6}, {2, 7}, {5}, {1, 4}, {3}], [{8, 6}, {2, 7}, {5}, {3, 4}, {1}], [{8, 6}, {2, 7}, {5}, {4}, {1, 3}], [{8, 6}, {2, 7}, {5}, {4}, {3}, {1}], [{8, 6}, {3, 7}, {1, 5}, {2, 4}], [{8, 6}, {3, 7}, {2, 5}, {1, 4}], [{8, 6}, {3, 7}, {4, 5}, {1, 2}], [{8, 6}, {3, 7}, {4, 5}, {2}, {1}], [{8, 6}, {4, 7}, {1, 5}, {2, 3}], [{8, 6}, {4, 7}, {2, 5}, {1, 3}], [{8, 6}, {4, 7}, {2, 5}, {3}, {1}], [{8, 6}, {4, 7}, {3, 5}, {1, 2}], [{8, 6}, {5, 7}, {1, 4}, {2, 3}], [{8, 6}, {5, 7}, {2, 4}, {1, 3}], [{8, 6}, {5, 7}, {2, 4}, {3}, {1}], [{8, 6}, {5, 7}, {3, 4}, {1, 2}], [{8, 6}, {7}, {4, 5}, {1, 3}, {2}], [{8, 6}, {7}, {4, 5}, {2, 3}, {1}], [{8, 6}, {7}, {4, 5}, {3}, {1, 2}], [{8, 6}, {7}, {4, 5}, {3}, {2}, {1}], [{8, 7}, {1, 6}, {2, 5}, {3, 4}], [{8, 7}, {1, 6}, {3, 5}, {2, 4}], [{8, 7}, {1, 6}, {4, 5}, {2, 3}], [{8, 7}, {1, 6}, {5}, {4}, {2, 3}], [{8, 7}, {2, 6}, {1, 5}, {3, 4}], [{8, 7}, {2, 6}, {1, 5}, {4}, {3}], [{8, 7}, {2, 6}, {3, 5}, {1, 4}], [{8, 7}, {2, 6}, {4, 5}, {1, 3}], [{8, 7}, {3, 6}, {1, 5}, {2, 4}], [{8, 7}, {3, 6}, {2, 5}, {1, 4}], [{8, 7}, {3, 6}, {4, 5}, {1, 2}], [{8, 7}, {3, 6}, {5}, {1, 4}, {2}], [{8, 7}, {4, 6}, {1, 5}, {2, 3}], [{8, 7}, {4, 6}, {2, 5}, {1, 3}], [{8, 7}, {4, 6}, {3, 5}, {1, 2}], [{8, 7}, {4, 6}, {3, 5}, {2}, {1}], [{8, 7}, {5, 6}, {1, 4}, {2, 3}], [{8, 7}, {5, 6}, {2, 4}, {1, 3}], [{8, 7}, {5, 6}, {3, 4}, {1, 2}], [{8, 7}, {5, 6}, {4}, {1, 3}, {2}], [{8, 7}, {6}, {4, 5}, {3}, {1, 2}], [{8}, {1, 7}, {5, 6}, {4}, {2, 3}], [{8}, {2, 7}, {1, 6}, {3, 5}, {4}], [{8}, {2, 7}, {1, 6}, {4, 5}, {3}], [{8}, {2, 7}, {1, 6}, {5}, {3, 4}], [{8}, {2, 7}, {1, 6}, {5}, {4}, {3}], [{8}, {2, 7}, {3, 6}, {5}, {1, 4}], [{8}, {2, 7}, {4, 6}, {5}, {1, 3}], [{8}, {3, 7}, {4, 6}, {2, 5}, {1}], [{8}, {4, 7}, {1, 6}, {2, 5}, {3}], [{8}, {4, 7}, {2, 6}, {5}, {1, 3}], [{8}, {4, 7}, {3, 6}, {5}, {1, 2}], [{8}, {5, 7}, {1, 6}, {2, 4}, {3}], [{8}, {5, 7}, {4, 6}, {3}, {1, 2}], [{8}, {6, 7}, {2, 5}, {1, 4}, {3}], [{8}, {6, 7}, {4, 5}, {3}, {1, 2}], [{8}, {7}, {5, 6}, {3, 4}, {1, 2}]]",2,16 K_1^3 - 16 K_1^2 - 14 K_1 K_2 - 5 K_1 + 8 K_2 + 3 K_3 + 9,O1O2O3U4O5U3U6O4U1U7O6U2U5O8O7U8,O1O2U3O4O5U6O3O7U1O6U7U2U5O8U4U8,O1O2U3O4O5U2O6O7U8U5O8U4U6U1O3U7,c,{'O1O2O3U4O5O4U6U2O7U5U3O8U7U1O6U8'},1,"<a href=""/flatknot/8.975941"">8.975941</a>",t^9-65t^7-148t^6+255t^5+690t^4+4t^3-556t^2-610t+28,t^3-3t,,
8.975942,O1O2O3U4O5O4U6U2O7U5U7O8U3U1O6U8,4,22z^2+91z+95,22w^3z^2+91w^2z+95w,False,False,"[[ 0  0 -1  1  1  0 -3  1  1],[ 0  0 -2  1  1 -1 -3  1  1],[ 1  2  0  2  1  0 -1  1  0],[-1 -1 -2  0  0 -2 -2  1  0],[-1 -1 -1  0  0  0 -3  0  1],[ 0  1  0  2  0  0 -1  1 -1],[ 3  3  1  2  3  1  0  1  1],[-1 -1 -1 -1  0 -1 -1  0  0],[-1 -1  0  0 -1  1 -1  0  0]]","[[ 0  1  1  1  1  0  0 -1 -3],[-1  0  1  0  0  0 -1 -1 -3],[-1 -1  0  0  0  1 -1  0 -1],[-1  0  0  0  1 -2 -1 -2 -2],[-1  0  0 -1  0 -1 -1 -1 -1],[ 0  0 -1  2  1  0  1  0 -1],[ 0  1  1  1  1 -1  0 -2 -3],[ 1  1  0  2  1  0  2  0 -1],[ 3  3  1  2  1  1  3  1  0]]",True,"[-1,-1,-1,-1,0,0,1,3,-1,0,0,0,1,1,3,0,0,-1,1,0,1,-1,2,1,2,2,1,1,1,1,-1,0,1,2,3,1]","[-3,-1,0,0,1,1,1,1,1,0,2,1,2,3,3,-1,1,1,0,1,2,1,0,0,0,0,1,-1,0,2,0,0,-1,-1,0,0]",t^8+49t^6+282t^4+95t^2+4,"[-3,-1,0,0,1,1,1,1,1,0,2,1,2,3,3,-1,1,1,0,1,2,1,0,0,0,0,1,-1,0,2,0,0,-1,-1,0,0]","[-1,-1,-1,-1,0,0,1,3,-1,0,0,0,0,1,3,0,0,-1,0,0,2,-1,2,0,2,3,1,0,1,1,1,1,2,-1,0,1]","[-3,-1,0,0,1,1,1,1,1,1,3,1,1,2,3,0,2,0,1,2,1,1,-1,1,2,0,1,1,1,1,0,0,-1,-1,0,0]",c,"[[{8, 3}, {2, 7}, {4, 6}, {1, 5}], [{8, 4}, {2, 7}, {3, 6}, {1, 5}], [{8, 4}, {5, 7}, {3, 6}, {1, 2}], [{8, 6}, {2, 7}, {1, 5}, {3, 4}], [{8, 6}, {7}, {1, 5}, {3, 4}, {2}]]",1,4 K_1^3 - 12 K_1^2 - 2 K_1 K_2 - 2 K_1 + 6 K_2 + 7,O1O2O3U4O5U3U1O4U6U7O6U2U5O8O7U8,O1O2U3O4O3U5O6O7U1O5U7U2U6O8U4U8,O1O2U3O4O5U4O6O7U8U5O8U2U6U1O3U7,c,{'O1O2O3U4O5O4U6U2O7U5U7O8U3U1O6U8'},1,"<a href=""/flatknot/8.975942"">8.975942</a>",t^9-55t^7-136t^6+140t^5+580t^4+313t^3-254t^2-246t-46,t^3-3t,,
8.975943,O1O2O3U4O5O4U6U2O7U8U1O8U5U3O6U7,4,3z^3+36z^2+112z+105,3w^4z^3+36w^3z^2+112w^2z+105w,False,False,"[[ 0 -1 -1  2  1  1 -3  2 -1],[ 1  0  0  2  1  0 -1  1  1],[ 1  0  0  2  1  0 -1  1  1],[-2 -2 -2  0 -1 -1 -3  1 -2],[-1 -1 -1  1  0  1 -3  1 -2],[-1  0  0  1 -1  0 -1  0 -1],[ 3  1  1  3  3  1  0  2  2],[-2 -1 -1 -1 -1  0 -2  0 -2],[ 1 -1 -1  2  2  1 -2  2  0]]","[[ 0  2  2  1  1 -1 -1 -1 -3],[-2  0  1 -1 -1 -2 -2 -2 -3],[-2 -1  0  0 -1 -1 -1 -2 -2],[-1  1  0  0 -1  0  0 -1 -1],[-1  1  1  1  0 -1 -1 -2 -3],[ 1  2  1  0  1  0  0  1 -1],[ 1  2  1  0  1  0  0  1 -1],[ 1  2  2  1  2 -1 -1  0 -2],[ 3  3  2  1  3  1  1  2  0]]",True,"[-2,-2,-1,-1,1,1,1,3,-1,1,1,2,2,2,3,0,1,1,1,2,2,1,0,0,1,1,1,1,2,3,0,-1,1,-1,1,2]","[-3,-1,-1,-1,1,1,2,2,0,1,1,1,3,2,3,1,1,0,1,1,1,0,1,2,1,2,1,2,1,2,-1,0,0,0,1,-1]",t^8+61t^6+208t^4+54t^2,"[-3,-1,-1,-1,1,1,2,2,0,1,1,1,3,2,3,1,1,0,1,1,1,0,1,2,1,2,1,2,1,2,-1,0,0,0,1,-1]","[-2,-2,-1,-1,1,1,1,3,-1,0,1,1,2,2,3,0,0,1,1,1,2,1,0,1,1,1,1,2,2,3,-1,-1,0,0,1,1]","[-3,-1,-1,-1,1,1,2,2,1,1,2,1,3,2,3,0,1,0,1,1,2,1,0,1,1,2,1,2,2,2,-1,0,1,1,1,-1]",c,"[[{8, 1}, {2, 7}, {3, 6}, {4, 5}], [{8, 1}, {2, 7}, {4, 6}, {3, 5}], [{8, 1}, {2, 7}, {5, 6}, {3, 4}], [{8, 1}, {3, 7}, {2, 6}, {4, 5}], [{8, 1}, {3, 7}, {4, 6}, {2, 5}], [{8, 1}, {3, 7}, {5, 6}, {2, 4}], [{8, 1}, {4, 7}, {2, 6}, {3, 5}], [{8, 1}, {4, 7}, {3, 6}, {2, 5}], [{8, 1}, {4, 7}, {5, 6}, {2, 3}], [{8, 1}, {4, 7}, {5, 6}, {3}, {2}], [{8, 1}, {5, 7}, {2, 6}, {3, 4}], [{8, 1}, {5, 7}, {3, 6}, {2, 4}], [{8, 1}, {5, 7}, {3, 6}, {4}, {2}], [{8, 1}, {5, 7}, {4, 6}, {2, 3}], [{8, 1}, {6, 7}, {2, 5}, {3, 4}], [{8, 1}, {6, 7}, {3, 5}, {2, 4}], [{8, 1}, {6, 7}, {4, 5}, {2, 3}], [{8, 1}, {6, 7}, {4, 5}, {3}, {2}], [{8, 1}, {7}, {3, 6}, {5}, {2, 4}], [{8, 1}, {7}, {4, 6}, {2, 5}, {3}], [{8, 1}, {7}, {4, 6}, {3, 5}, {2}], [{8, 1}, {7}, {4, 6}, {5}, {2, 3}], [{8, 2}, {1, 7}, {3, 6}, {4, 5}], [{8, 2}, {1, 7}, {4, 6}, {3, 5}], [{8, 2}, {1, 7}, {5, 6}, {3, 4}], [{8, 2}, {3, 7}, {1, 6}, {4, 5}], [{8, 2}, {3, 7}, {4, 6}, {1, 5}], [{8, 2}, {3, 7}, {5, 6}, {1, 4}], [{8, 2}, {4, 7}, {1, 6}, {3, 5}], [{8, 2}, {4, 7}, {3, 6}, {1, 5}], [{8, 2}, {4, 7}, {5, 6}, {1, 3}], [{8, 2}, {4, 7}, {5, 6}, {3}, {1}], [{8, 2}, {5, 7}, {1, 6}, {3, 4}], [{8, 2}, {5, 7}, {3, 6}, {1, 4}], [{8, 2}, {5, 7}, {3, 6}, {4}, {1}], [{8, 2}, {5, 7}, {4, 6}, {1, 3}], [{8, 2}, {6, 7}, {1, 5}, {3, 4}], [{8, 2}, {6, 7}, {3, 5}, {1, 4}], [{8, 2}, {6, 7}, {4, 5}, {1, 3}], [{8, 2}, {6, 7}, {4, 5}, {3}, {1}], [{8, 2}, {7}, {3, 6}, {5}, {1, 4}], [{8, 2}, {7}, {4, 6}, {1, 5}, {3}], [{8, 2}, {7}, {4, 6}, {3, 5}, {1}], [{8, 2}, {7}, {4, 6}, {5}, {1, 3}], [{8, 3}, {1, 7}, {2, 6}, {4, 5}], [{8, 3}, {1, 7}, {4, 6}, {2, 5}], [{8, 3}, {1, 7}, {5, 6}, {2, 4}], [{8, 3}, {1, 7}, {5, 6}, {4}, {2}], [{8, 3}, {2, 7}, {1, 6}, {4, 5}], [{8, 3}, {2, 7}, {4, 6}, {1, 5}], [{8, 3}, {2, 7}, {5, 6}, {1, 4}], [{8, 3}, {2, 7}, {5, 6}, {4}, {1}], [{8, 3}, {4, 7}, {1, 6}, {2, 5}], [{8, 3}, {4, 7}, {2, 6}, {1, 5}], [{8, 3}, {4, 7}, {5, 6}, {1, 2}], [{8, 3}, {4, 7}, {5, 6}, {2}, {1}], [{8, 3}, {5, 7}, {1, 6}, {2, 4}], [{8, 3}, {5, 7}, {2, 6}, {1, 4}], [{8, 3}, {5, 7}, {4, 6}, {1, 2}], [{8, 3}, {5, 7}, {4, 6}, {2}, {1}], [{8, 3}, {6, 7}, {1, 5}, {2, 4}], [{8, 3}, {6, 7}, {2, 5}, {1, 4}], [{8, 3}, {6, 7}, {4, 5}, {1, 2}], [{8, 3}, {6, 7}, {4, 5}, {2}, {1}], [{8, 3}, {7}, {5, 6}, {1, 4}, {2}], [{8, 3}, {7}, {5, 6}, {2, 4}, {1}], [{8, 3}, {7}, {5, 6}, {4}, {1, 2}], [{8, 3}, {7}, {5, 6}, {4}, {2}, {1}], [{8, 4}, {1, 7}, {2, 6}, {3, 5}], [{8, 4}, {1, 7}, {3, 6}, {2, 5}], [{8, 4}, {1, 7}, {5, 6}, {2, 3}], [{8, 4}, {1, 7}, {6}, {3, 5}, {2}], [{8, 4}, {2, 7}, {1, 6}, {3, 5}], [{8, 4}, {2, 7}, {3, 6}, {1, 5}], [{8, 4}, {2, 7}, {5, 6}, {1, 3}], [{8, 4}, {2, 7}, {6}, {3, 5}, {1}], [{8, 4}, {3, 7}, {1, 6}, {2, 5}], [{8, 4}, {3, 7}, {1, 6}, {5}, {2}], [{8, 4}, {3, 7}, {2, 6}, {1, 5}], [{8, 4}, {3, 7}, {2, 6}, {5}, {1}], [{8, 4}, {3, 7}, {5, 6}, {1, 2}], [{8, 4}, {3, 7}, {5, 6}, {2}, {1}], [{8, 4}, {3, 7}, {6}, {1, 5}, {2}], [{8, 4}, {3, 7}, {6}, {2, 5}, {1}], [{8, 4}, {3, 7}, {6}, {5}, {1, 2}], [{8, 4}, {3, 7}, {6}, {5}, {2}, {1}], [{8, 4}, {5, 7}, {1, 6}, {2, 3}], [{8, 4}, {5, 7}, {1, 6}, {3}, {2}], [{8, 4}, {5, 7}, {2, 6}, {1, 3}], [{8, 4}, {5, 7}, {2, 6}, {3}, {1}], [{8, 4}, {5, 7}, {3, 6}, {1, 2}], [{8, 4}, {5, 7}, {3, 6}, {2}, {1}], [{8, 4}, {5, 7}, {6}, {1, 3}, {2}], [{8, 4}, {5, 7}, {6}, {2, 3}, {1}], [{8, 4}, {5, 7}, {6}, {3}, {1, 2}], [{8, 4}, {5, 7}, {6}, {3}, {2}, {1}], [{8, 4}, {6, 7}, {1, 5}, {2, 3}], [{8, 4}, {6, 7}, {2, 5}, {1, 3}], [{8, 4}, {6, 7}, {3, 5}, {1, 2}], [{8, 4}, {6, 7}, {3, 5}, {2}, {1}], [{8, 4}, {7}, {1, 6}, {3, 5}, {2}], [{8, 4}, {7}, {2, 6}, {3, 5}, {1}], [{8, 4}, {7}, {6}, {3, 5}, {1, 2}], [{8, 4}, {7}, {6}, {3, 5}, {2}, {1}], [{8, 5}, {1, 7}, {2, 6}, {3, 4}], [{8, 5}, {1, 7}, {2, 6}, {4}, {3}], [{8, 5}, {1, 7}, {3, 6}, {2, 4}], [{8, 5}, {1, 7}, {3, 6}, {4}, {2}], [{8, 5}, {1, 7}, {4, 6}, {2, 3}], [{8, 5}, {1, 7}, {6}, {4}, {2, 3}], [{8, 5}, {2, 7}, {1, 6}, {3, 4}], [{8, 5}, {2, 7}, {1, 6}, {4}, {3}], [{8, 5}, {2, 7}, {3, 6}, {1, 4}], [{8, 5}, {2, 7}, {3, 6}, {4}, {1}], [{8, 5}, {2, 7}, {4, 6}, {1, 3}], [{8, 5}, {2, 7}, {6}, {4}, {1, 3}], [{8, 5}, {3, 7}, {1, 6}, {2, 4}], [{8, 5}, {3, 7}, {2, 6}, {1, 4}], [{8, 5}, {3, 7}, {4, 6}, {1, 2}], [{8, 5}, {3, 7}, {4, 6}, {2}, {1}], [{8, 5}, {4, 7}, {1, 6}, {2, 3}], [{8, 5}, {4, 7}, {2, 6}, {1, 3}], [{8, 5}, {4, 7}, {3, 6}, {1, 2}], [{8, 5}, {4, 7}, {3, 6}, {2}, {1}], [{8, 5}, {6, 7}, {1, 4}, {2, 3}], [{8, 5}, {6, 7}, {2, 4}, {1, 3}], [{8, 5}, {6, 7}, {3, 4}, {1, 2}], [{8, 5}, {6, 7}, {3, 4}, {2}, {1}], [{8, 5}, {7}, {3, 6}, {1, 4}, {2}], [{8, 5}, {7}, {3, 6}, {2, 4}, {1}], [{8, 5}, {7}, {3, 6}, {4}, {1, 2}], [{8, 5}, {7}, {3, 6}, {4}, {2}, {1}], [{8, 6}, {1, 7}, {2, 5}, {3, 4}], [{8, 6}, {1, 7}, {3, 5}, {2, 4}], [{8, 6}, {1, 7}, {3, 5}, {4}, {2}], [{8, 6}, {1, 7}, {4, 5}, {2, 3}], [{8, 6}, {1, 7}, {4, 5}, {3}, {2}], [{8, 6}, {1, 7}, {5}, {3, 4}, {2}], [{8, 6}, {2, 7}, {1, 5}, {3, 4}], [{8, 6}, {2, 7}, {3, 5}, {1, 4}], [{8, 6}, {2, 7}, {3, 5}, {4}, {1}], [{8, 6}, {2, 7}, {4, 5}, {1, 3}], [{8, 6}, {2, 7}, {4, 5}, {3}, {1}], [{8, 6}, {2, 7}, {5}, {3, 4}, {1}], [{8, 6}, {3, 7}, {1, 5}, {2, 4}], [{8, 6}, {3, 7}, {2, 5}, {1, 4}], [{8, 6}, {3, 7}, {4, 5}, {1, 2}], [{8, 6}, {3, 7}, {4, 5}, {2}, {1}], [{8, 6}, {4, 7}, {1, 5}, {2, 3}], [{8, 6}, {4, 7}, {2, 5}, {1, 3}], [{8, 6}, {4, 7}, {3, 5}, {1, 2}], [{8, 6}, {4, 7}, {3, 5}, {2}, {1}], [{8, 6}, {5, 7}, {1, 4}, {2, 3}], [{8, 6}, {5, 7}, {2, 4}, {1, 3}], [{8, 6}, {5, 7}, {3, 4}, {1, 2}], [{8, 6}, {5, 7}, {3, 4}, {2}, {1}], [{8, 6}, {7}, {1, 5}, {3, 4}, {2}], [{8, 6}, {7}, {2, 5}, {3, 4}, {1}], [{8, 6}, {7}, {3, 5}, {1, 4}, {2}], [{8, 6}, {7}, {3, 5}, {2, 4}, {1}], [{8, 6}, {7}, {3, 5}, {4}, {1, 2}], [{8, 6}, {7}, {3, 5}, {4}, {2}, {1}], [{8, 6}, {7}, {4, 5}, {1, 3}, {2}], [{8, 6}, {7}, {4, 5}, {2, 3}, {1}], [{8, 6}, {7}, {4, 5}, {3}, {1, 2}], [{8, 6}, {7}, {4, 5}, {3}, {2}, {1}], [{8, 6}, {7}, {5}, {3, 4}, {1, 2}], [{8, 6}, {7}, {5}, {3, 4}, {2}, {1}], [{8, 7}, {1, 6}, {2, 5}, {3, 4}], [{8, 7}, {1, 6}, {3, 5}, {2, 4}], [{8, 7}, {1, 6}, {4, 5}, {2, 3}], [{8, 7}, {1, 6}, {4, 5}, {3}, {2}], [{8, 7}, {2, 6}, {1, 5}, {3, 4}], [{8, 7}, {2, 6}, {3, 5}, {1, 4}], [{8, 7}, {2, 6}, {4, 5}, {1, 3}], [{8, 7}, {2, 6}, {4, 5}, {3}, {1}], [{8, 7}, {3, 6}, {1, 5}, {2, 4}], [{8, 7}, {3, 6}, {1, 5}, {4}, {2}], [{8, 7}, {3, 6}, {2, 5}, {1, 4}], [{8, 7}, {3, 6}, {2, 5}, {4}, {1}], [{8, 7}, {3, 6}, {4, 5}, {1, 2}], [{8, 7}, {3, 6}, {4, 5}, {2}, {1}], [{8, 7}, {3, 6}, {5}, {1, 4}, {2}], [{8, 7}, {3, 6}, {5}, {2, 4}, {1}], [{8, 7}, {3, 6}, {5}, {4}, {1, 2}], [{8, 7}, {3, 6}, {5}, {4}, {2}, {1}], [{8, 7}, {4, 6}, {1, 5}, {2, 3}], [{8, 7}, {4, 6}, {2, 5}, {1, 3}], [{8, 7}, {4, 6}, {3, 5}, {1, 2}], [{8, 7}, {4, 6}, {3, 5}, {2}, {1}], [{8, 7}, {5, 6}, {1, 4}, {2, 3}], [{8, 7}, {5, 6}, {2, 4}, {1, 3}], [{8, 7}, {5, 6}, {3, 4}, {1, 2}], [{8, 7}, {5, 6}, {3, 4}, {2}, {1}], [{8, 7}, {6}, {4, 5}, {1, 3}, {2}], [{8, 7}, {6}, {4, 5}, {2, 3}, {1}], [{8, 7}, {6}, {4, 5}, {3}, {1, 2}], [{8, 7}, {6}, {4, 5}, {3}, {2}, {1}], [{8}, {1, 7}, {3, 6}, {5}, {2, 4}], [{8}, {1, 7}, {4, 6}, {3, 5}, {2}], [{8}, {2, 7}, {3, 6}, {5}, {1, 4}], [{8}, {2, 7}, {4, 6}, {3, 5}, {1}], [{8}, {3, 7}, {1, 6}, {2, 5}, {4}], [{8}, {3, 7}, {2, 6}, {1, 5}, {4}], [{8}, {4, 7}, {1, 6}, {5}, {2, 3}], [{8}, {4, 7}, {2, 6}, {5}, {1, 3}], [{8}, {4, 7}, {5, 6}, {1, 3}, {2}], [{8}, {4, 7}, {5, 6}, {2, 3}, {1}], [{8}, {4, 7}, {5, 6}, {3}, {1, 2}], [{8}, {4, 7}, {5, 6}, {3}, {2}, {1}], [{8}, {4, 7}, {6}, {1, 5}, {2, 3}], [{8}, {4, 7}, {6}, {2, 5}, {1, 3}], [{8}, {5, 7}, {3, 6}, {1, 4}, {2}], [{8}, {5, 7}, {3, 6}, {2, 4}, {1}], [{8}, {5, 7}, {3, 6}, {4}, {1, 2}], [{8}, {5, 7}, {3, 6}, {4}, {2}, {1}], [{8}, {6, 7}, {4, 5}, {1, 3}, {2}], [{8}, {6, 7}, {4, 5}, {2, 3}, {1}], [{8}, {6, 7}, {4, 5}, {3}, {1, 2}], [{8}, {6, 7}, {4, 5}, {3}, {2}, {1}], [{8}, {7}, {3, 6}, {1, 5}, {2, 4}], [{8}, {7}, {3, 6}, {2, 5}, {1, 4}], [{8}, {7}, {4, 6}, {3, 5}, {1, 2}], [{8}, {7}, {4, 6}, {3, 5}, {2}, {1}]]",2,- 8 K_1^2 - 2 K_1 K_2 + K_1 + 4 K_2 + K_3 + 5,O1O2O3U4O5U1U6O7U3U7O4U2U5O8O6U8,O1O2U3O4O5U4O6O7U1O3U5U2U7O8U6U8,O1O2U3O4O3U5O6O7U8U2O8U1U6U4O5U7,c,{'O1O2O3U4O5O4U6U2O7U8U1O8U5U3O6U7'},1,"<a href=""/flatknot/8.975943"">8.975943</a>",t^9-63t^7-268t^6-402t^5-208t^4+23t^3+64t^2+14t,t^3-2t^2+t,,
8.975944,O1O2O3U4O5O4U6U2O7U8U3O8U1U5O6U7,4,19z^2+104z+133,19w^3z^2+104w^2z+133w,False,False,"[[ 0 -1 -1  1  1  2 -3  2 -1],[ 1  0 -1  2  1  2 -2  2  0],[ 1  1  0  1  1  1 -1  1  0],[-1 -2 -1  0 -1 -1 -1  0 -1],[-1 -1 -1  1  0  2 -3  1 -2],[-2 -2 -1  1 -2  0 -2  0 -2],[ 3  2  1  1  3  2  0  2  2],[-2 -2 -1  0 -1  0 -2  0 -2],[ 1  0  0  1  2  2 -2  2  0]]","[[ 0  2  2  1  1 -1 -1 -1 -3],[-2  0  0  1 -2 -1 -2 -2 -2],[-2  0  0  0 -1 -1 -2 -2 -2],[-1 -1  0  0 -1 -1 -1 -2 -1],[-1  2  1  1  0 -1 -2 -1 -3],[ 1  1  1  1  1  0  0  1 -1],[ 1  2  2  1  2  0  0  0 -2],[ 1  2  2  2  1 -1  0  0 -2],[ 3  2  2  1  3  1  2  2  0]]",True,"[-2,-2,-1,-1,1,1,1,3,0,-1,2,1,2,2,2,0,1,1,2,2,2,1,1,1,2,1,1,2,1,3,0,-1,1,0,2,2]","[-3,-1,-1,-1,1,1,2,2,0,0,1,1,3,3,3,0,0,0,1,1,1,1,1,0,1,1,1,1,2,2,-1,-1,0,2,1,0]",t^8+65t^6+153t^4+45t^2,"[-3,-1,-1,-1,1,1,2,2,0,0,1,1,3,3,3,0,0,0,1,1,1,1,1,0,1,1,1,1,2,2,-1,-1,0,2,1,0]","[-2,-2,-1,-1,1,1,1,3,0,-1,2,1,1,2,3,0,1,1,1,2,3,1,0,1,1,1,1,0,1,3,0,0,0,-1,0,1]","[-3,-1,-1,-1,1,1,2,2,1,2,2,1,3,2,2,0,1,1,1,1,1,0,1,2,2,2,2,1,2,2,-1,-1,0,2,1,0]",c,"[[{8, 1}, {2, 7}, {3, 6}, {4, 5}], [{8, 1}, {2, 7}, {4, 6}, {3, 5}], [{8, 1}, {2, 7}, {4, 6}, {5}, {3}], [{8, 1}, {2, 7}, {5, 6}, {3, 4}], [{8, 1}, {3, 7}, {2, 6}, {4, 5}], [{8, 1}, {3, 7}, {4, 6}, {2, 5}], [{8, 1}, {3, 7}, {5, 6}, {2, 4}], [{8, 1}, {4, 7}, {2, 6}, {3, 5}], [{8, 1}, {4, 7}, {3, 6}, {2, 5}], [{8, 1}, {4, 7}, {5, 6}, {2, 3}], [{8, 1}, {4, 7}, {6}, {5}, {2, 3}], [{8, 1}, {5, 7}, {2, 6}, {3, 4}], [{8, 1}, {5, 7}, {2, 6}, {4}, {3}], [{8, 1}, {5, 7}, {3, 6}, {2, 4}], [{8, 1}, {5, 7}, {4, 6}, {2, 3}], [{8, 1}, {6, 7}, {2, 5}, {3, 4}], [{8, 1}, {6, 7}, {2, 5}, {4}, {3}], [{8, 1}, {6, 7}, {3, 5}, {2, 4}], [{8, 1}, {6, 7}, {4, 5}, {2, 3}], [{8, 1}, {7}, {2, 6}, {5}, {3, 4}], [{8, 1}, {7}, {3, 6}, {4, 5}, {2}], [{8, 1}, {7}, {5, 6}, {2, 4}, {3}], [{8, 2}, {1, 7}, {3, 6}, {4, 5}], [{8, 2}, {1, 7}, {4, 6}, {3, 5}], [{8, 2}, {1, 7}, {5, 6}, {3, 4}], [{8, 2}, {1, 7}, {5, 6}, {4}, {3}], [{8, 2}, {3, 7}, {1, 6}, {4, 5}], [{8, 2}, {3, 7}, {4, 6}, {1, 5}], [{8, 2}, {3, 7}, {4, 6}, {5}, {1}], [{8, 2}, {3, 7}, {5, 6}, {1, 4}], [{8, 2}, {3, 7}, {6}, {1, 5}, {4}], [{8, 2}, {4, 7}, {1, 6}, {3, 5}], [{8, 2}, {4, 7}, {3, 6}, {1, 5}], [{8, 2}, {4, 7}, {5, 6}, {1, 3}], [{8, 2}, {5, 7}, {1, 6}, {3, 4}], [{8, 2}, {5, 7}, {3, 6}, {1, 4}], [{8, 2}, {5, 7}, {4, 6}, {1, 3}], [{8, 2}, {6, 7}, {1, 5}, {3, 4}], [{8, 2}, {6, 7}, {3, 5}, {1, 4}], [{8, 2}, {6, 7}, {4, 5}, {1, 3}], [{8, 2}, {6, 7}, {5}, {4}, {1, 3}], [{8, 2}, {7}, {1, 6}, {5}, {3, 4}], [{8, 2}, {7}, {3, 6}, {4, 5}, {1}], [{8, 3}, {1, 7}, {2, 6}, {4, 5}], [{8, 3}, {1, 7}, {4, 6}, {2, 5}], [{8, 3}, {1, 7}, {5, 6}, {2, 4}], [{8, 3}, {2, 7}, {1, 6}, {4, 5}], [{8, 3}, {2, 7}, {4, 6}, {1, 5}], [{8, 3}, {2, 7}, {5, 6}, {1, 4}], [{8, 3}, {2, 7}, {6}, {1, 5}, {4}], [{8, 3}, {4, 7}, {1, 6}, {2, 5}], [{8, 3}, {4, 7}, {2, 6}, {1, 5}], [{8, 3}, {4, 7}, {5, 6}, {1, 2}], [{8, 3}, {5, 7}, {1, 6}, {2, 4}], [{8, 3}, {5, 7}, {2, 6}, {1, 4}], [{8, 3}, {5, 7}, {4, 6}, {1, 2}], [{8, 3}, {6, 7}, {1, 5}, {2, 4}], [{8, 3}, {6, 7}, {2, 5}, {1, 4}], [{8, 3}, {6, 7}, {2, 5}, {4}, {1}], [{8, 3}, {6, 7}, {4, 5}, {1, 2}], [{8, 3}, {7}, {1, 6}, {4, 5}, {2}], [{8, 3}, {7}, {2, 6}, {4, 5}, {1}], [{8, 3}, {7}, {4, 6}, {5}, {1, 2}], [{8, 3}, {7}, {5, 6}, {4}, {1, 2}], [{8, 3}, {7}, {6}, {2, 5}, {1, 4}], [{8, 3}, {7}, {6}, {4, 5}, {1, 2}], [{8, 4}, {1, 7}, {2, 6}, {3, 5}], [{8, 4}, {1, 7}, {3, 6}, {2, 5}], [{8, 4}, {1, 7}, {5, 6}, {2, 3}], [{8, 4}, {1, 7}, {6}, {5}, {2, 3}], [{8, 4}, {2, 7}, {1, 6}, {3, 5}], [{8, 4}, {2, 7}, {1, 6}, {5}, {3}], [{8, 4}, {2, 7}, {3, 6}, {1, 5}], [{8, 4}, {2, 7}, {5, 6}, {1, 3}], [{8, 4}, {3, 7}, {1, 6}, {2, 5}], [{8, 4}, {3, 7}, {2, 6}, {1, 5}], [{8, 4}, {3, 7}, {2, 6}, {5}, {1}], [{8, 4}, {3, 7}, {5, 6}, {1, 2}], [{8, 4}, {5, 7}, {1, 6}, {2, 3}], [{8, 4}, {5, 7}, {2, 6}, {1, 3}], [{8, 4}, {5, 7}, {3, 6}, {1, 2}], [{8, 4}, {6, 7}, {1, 5}, {2, 3}], [{8, 4}, {6, 7}, {2, 5}, {1, 3}], [{8, 4}, {6, 7}, {2, 5}, {3}, {1}], [{8, 4}, {6, 7}, {3, 5}, {1, 2}], [{8, 4}, {6, 7}, {5}, {1, 3}, {2}], [{8, 4}, {7}, {3, 6}, {5}, {1, 2}], [{8, 4}, {7}, {5, 6}, {3}, {1, 2}], [{8, 4}, {7}, {6}, {3, 5}, {1, 2}], [{8, 5}, {1, 7}, {2, 6}, {3, 4}], [{8, 5}, {1, 7}, {3, 6}, {2, 4}], [{8, 5}, {1, 7}, {3, 6}, {4}, {2}], [{8, 5}, {1, 7}, {4, 6}, {2, 3}], [{8, 5}, {2, 7}, {1, 6}, {3, 4}], [{8, 5}, {2, 7}, {3, 6}, {1, 4}], [{8, 5}, {2, 7}, {3, 6}, {4}, {1}], [{8, 5}, {2, 7}, {4, 6}, {1, 3}], [{8, 5}, {3, 7}, {1, 6}, {2, 4}], [{8, 5}, {3, 7}, {2, 6}, {1, 4}], [{8, 5}, {3, 7}, {4, 6}, {1, 2}], [{8, 5}, {4, 7}, {1, 6}, {2, 3}], [{8, 5}, {4, 7}, {2, 6}, {1, 3}], [{8, 5}, {4, 7}, {3, 6}, {1, 2}], [{8, 5}, {6, 7}, {1, 4}, {2, 3}], [{8, 5}, {6, 7}, {2, 4}, {1, 3}], [{8, 5}, {6, 7}, {3, 4}, {1, 2}], [{8, 5}, {6, 7}, {4}, {1, 3}, {2}], [{8, 5}, {7}, {1, 6}, {2, 4}, {3}], [{8, 5}, {7}, {3, 6}, {4}, {1, 2}], [{8, 5}, {7}, {4, 6}, {3}, {1, 2}], [{8, 5}, {7}, {6}, {3, 4}, {1, 2}], [{8, 6}, {1, 7}, {2, 5}, {3, 4}], [{8, 6}, {1, 7}, {3, 5}, {2, 4}], [{8, 6}, {1, 7}, {4, 5}, {2, 3}], [{8, 6}, {1, 7}, {5}, {4}, {2, 3}], [{8, 6}, {2, 7}, {1, 5}, {3, 4}], [{8, 6}, {2, 7}, {3, 5}, {1, 4}], [{8, 6}, {2, 7}, {4, 5}, {1, 3}], [{8, 6}, {3, 7}, {1, 5}, {2, 4}], [{8, 6}, {3, 7}, {2, 5}, {1, 4}], [{8, 6}, {3, 7}, {4, 5}, {1, 2}], [{8, 6}, {4, 7}, {1, 5}, {2, 3}], [{8, 6}, {4, 7}, {2, 5}, {1, 3}], [{8, 6}, {4, 7}, {3, 5}, {1, 2}], [{8, 6}, {4, 7}, {5}, {1, 3}, {2}], [{8, 6}, {5, 7}, {1, 4}, {2, 3}], [{8, 6}, {5, 7}, {2, 4}, {1, 3}], [{8, 6}, {5, 7}, {3, 4}, {1, 2}], [{8, 6}, {7}, {2, 5}, {1, 4}, {3}], [{8, 6}, {7}, {3, 5}, {4}, {1, 2}], [{8, 6}, {7}, {4, 5}, {3}, {1, 2}], [{8, 6}, {7}, {5}, {3, 4}, {1, 2}], [{8, 7}, {1, 6}, {2, 5}, {3, 4}], [{8, 7}, {1, 6}, {3, 5}, {2, 4}], [{8, 7}, {1, 6}, {4, 5}, {2, 3}], [{8, 7}, {2, 6}, {1, 5}, {3, 4}], [{8, 7}, {2, 6}, {3, 5}, {1, 4}], [{8, 7}, {2, 6}, {4, 5}, {1, 3}], [{8, 7}, {3, 6}, {1, 5}, {2, 4}], [{8, 7}, {3, 6}, {2, 5}, {1, 4}], [{8, 7}, {3, 6}, {4, 5}, {1, 2}], [{8, 7}, {4, 6}, {1, 5}, {2, 3}], [{8, 7}, {4, 6}, {2, 5}, {1, 3}], [{8, 7}, {4, 6}, {3, 5}, {1, 2}], [{8, 7}, {4, 6}, {5}, {1, 3}, {2}], [{8, 7}, {5, 6}, {1, 4}, {2, 3}], [{8, 7}, {5, 6}, {2, 4}, {1, 3}], [{8, 7}, {5, 6}, {3, 4}, {1, 2}], [{8, 7}, {5, 6}, {4}, {2, 3}, {1}], [{8, 7}, {6}, {2, 5}, {1, 4}, {3}], [{8, 7}, {6}, {3, 5}, {4}, {1, 2}], [{8, 7}, {6}, {4, 5}, {3}, {1, 2}], [{8, 7}, {6}, {5}, {3, 4}, {1, 2}], [{8}, {1, 7}, {4, 6}, {2, 5}, {3}], [{8}, {1, 7}, {4, 6}, {3, 5}, {2}], [{8}, {1, 7}, {4, 6}, {5}, {2, 3}], [{8}, {1, 7}, {5, 6}, {3, 4}, {2}], [{8}, {2, 7}, {4, 6}, {3, 5}, {1}], [{8}, {2, 7}, {5, 6}, {3, 4}, {1}], [{8}, {3, 7}, {6}, {2, 5}, {1, 4}], [{8}, {3, 7}, {6}, {4, 5}, {1, 2}], [{8}, {4, 7}, {1, 6}, {2, 5}, {3}], [{8}, {4, 7}, {6}, {3, 5}, {1, 2}], [{8}, {5, 7}, {6}, {3, 4}, {1, 2}], [{8}, {6, 7}, {1, 5}, {2, 4}, {3}], [{8}, {6, 7}, {1, 5}, {3, 4}, {2}], [{8}, {6, 7}, {1, 5}, {4}, {2, 3}], [{8}, {6, 7}, {2, 5}, {1, 4}, {3}], [{8}, {6, 7}, {2, 5}, {3, 4}, {1}], [{8}, {6, 7}, {2, 5}, {4}, {1, 3}], [{8}, {6, 7}, {2, 5}, {4}, {3}, {1}], [{8}, {6, 7}, {3, 5}, {1, 4}, {2}], [{8}, {6, 7}, {3, 5}, {2, 4}, {1}], [{8}, {6, 7}, {3, 5}, {4}, {1, 2}], [{8}, {6, 7}, {4, 5}, {1, 3}, {2}], [{8}, {6, 7}, {4, 5}, {2, 3}, {1}], [{8}, {6, 7}, {4, 5}, {3}, {1, 2}], [{8}, {6, 7}, {5}, {1, 4}, {2, 3}], [{8}, {6, 7}, {5}, {2, 4}, {1, 3}], [{8}, {6, 7}, {5}, {3, 4}, {1, 2}], [{8}, {6, 7}, {5}, {4}, {1, 3}, {2}], [{8}, {7}, {3, 6}, {2, 5}, {1, 4}], [{8}, {7}, {3, 6}, {4, 5}, {1, 2}], [{8}, {7}, {4, 6}, {3, 5}, {1, 2}], [{8}, {7}, {5, 6}, {3, 4}, {1, 2}], [{8}, {7}, {6}, {2, 5}, {1, 4}, {3}], [{8}, {7}, {6}, {3, 5}, {4}, {1, 2}], [{8}, {7}, {6}, {4, 5}, {3}, {1, 2}], [{8}, {7}, {6}, {5}, {3, 4}, {1, 2}]]",2,- 12 K_1^2 - 10 K_1 K_2 + 5 K_1 + 6 K_2 + 5 K_3 + 7,O1O2O3U4O5U6U3O7U1U7O4U2U5O8O6U8,O1O2U3O4O5U4O6O7U1O3U6U2U5O8U7U8,O1O2U3O4O3U5O6O7U8U1O8U4U6U2O5U7,c,{'O1O2O3U4O5O4U6U2O7U8U3O8U1U5O6U7'},1,"<a href=""/flatknot/8.975944"">8.975944</a>",t^9-67t^7-276t^6-185t^5+480t^4+507t^3-172t^2-221t-12,t^3-2t^2+t,,
8.975945,O1O2O3U4O5O4U6U2O7U8U3O8U1U7O6U5,4,z^3+19z^2+101z+135,w^4z^3+19w^3z^2+101w^2z+135w,False,False,"[[ 0 -1 -1  1  1  2 -3  2 -1],[ 1  0 -1  2  1  2 -2  2  0],[ 1  1  0  1  1  0  0  1  0],[-1 -2 -1  0 -1 -1 -1  0 -1],[-1 -1 -1  1  0  2 -4  2 -2],[-2 -2  0  1 -2  0 -2  0 -2],[ 3  2  0  1  4  2  0  2  2],[-2 -2 -1  0 -2  0 -2  0 -2],[ 1  0  0  1  2  2 -2  2  0]]","[[ 0  2  2  1  1 -1 -1 -1 -3],[-2  0  0  1 -2  0 -2 -2 -2],[-2  0  0  0 -2 -1 -2 -2 -2],[-1 -1  0  0 -1 -1 -1 -2 -1],[-1  2  2  1  0 -1 -2 -1 -4],[ 1  0  1  1  1  0  0  1  0],[ 1  2  2  1  2  0  0  0 -2],[ 1  2  2  2  1 -1  0  0 -2],[ 3  2  2  1  4  0  2  2  0]]",True,"[-2,-2,-1,-1,1,1,1,3,0,-1,2,0,2,2,2,0,2,1,2,2,2,1,1,1,2,1,1,2,1,4,0,-1,0,0,2,2]","[-3,-1,-1,-1,1,1,2,2,0,0,2,0,3,3,3,0,0,0,1,1,1,1,1,0,1,1,1,1,2,3,-1,-1,-1,1,2,0]",t^8+73t^6+230t^4+163t^2+4,"[-3,-1,-1,-1,1,1,2,2,0,0,2,0,3,3,3,0,0,0,1,1,1,1,1,0,1,1,1,1,2,3,-1,-1,-1,1,2,0]","[-2,-2,-1,-1,1,1,1,3,0,-1,1,1,1,2,3,-1,2,1,1,3,3,1,0,1,1,0,1,0,1,3,0,0,0,-1,0,2]","[-3,-1,-1,-1,1,1,2,2,0,2,2,1,4,2,2,0,1,1,1,0,1,0,1,2,2,2,2,1,2,2,-1,-1,0,2,2,0]",c,"[[{8, 1}, {2, 7}, {3, 6}, {4, 5}], [{8, 1}, {2, 7}, {4, 6}, {3, 5}], [{8, 1}, {2, 7}, {5, 6}, {3, 4}], [{8, 1}, {2, 7}, {6}, {4, 5}, {3}], [{8, 1}, {3, 7}, {2, 6}, {4, 5}], [{8, 1}, {3, 7}, {4, 6}, {2, 5}], [{8, 1}, {3, 7}, {5, 6}, {2, 4}], [{8, 1}, {4, 7}, {2, 6}, {3, 5}], [{8, 1}, {4, 7}, {3, 6}, {2, 5}], [{8, 1}, {4, 7}, {5, 6}, {2, 3}], [{8, 1}, {4, 7}, {6}, {3, 5}, {2}], [{8, 1}, {5, 7}, {2, 6}, {3, 4}], [{8, 1}, {5, 7}, {3, 6}, {2, 4}], [{8, 1}, {5, 7}, {4, 6}, {2, 3}], [{8, 1}, {6, 7}, {2, 5}, {3, 4}], [{8, 1}, {6, 7}, {3, 5}, {2, 4}], [{8, 1}, {6, 7}, {4, 5}, {2, 3}], [{8, 1}, {6, 7}, {5}, {2, 4}, {3}], [{8, 1}, {7}, {2, 6}, {5}, {3, 4}], [{8, 1}, {7}, {5, 6}, {3, 4}, {2}], [{8, 1}, {7}, {6}, {2, 5}, {3, 4}], [{8, 2}, {1, 7}, {3, 6}, {4, 5}], [{8, 2}, {1, 7}, {4, 6}, {3, 5}], [{8, 2}, {1, 7}, {5, 6}, {3, 4}], [{8, 2}, {3, 7}, {1, 6}, {4, 5}], [{8, 2}, {3, 7}, {4, 6}, {1, 5}], [{8, 2}, {3, 7}, {5, 6}, {1, 4}], [{8, 2}, {4, 7}, {1, 6}, {3, 5}], [{8, 2}, {4, 7}, {3, 6}, {1, 5}], [{8, 2}, {4, 7}, {5, 6}, {1, 3}], [{8, 2}, {4, 7}, {6}, {3, 5}, {1}], [{8, 2}, {5, 7}, {1, 6}, {3, 4}], [{8, 2}, {5, 7}, {3, 6}, {1, 4}], [{8, 2}, {5, 7}, {4, 6}, {1, 3}], [{8, 2}, {5, 7}, {6}, {4}, {1, 3}], [{8, 2}, {6, 7}, {1, 5}, {3, 4}], [{8, 2}, {6, 7}, {3, 5}, {1, 4}], [{8, 2}, {6, 7}, {4, 5}, {1, 3}], [{8, 2}, {6, 7}, {5}, {1, 4}, {3}], [{8, 2}, {6, 7}, {5}, {3, 4}, {1}], [{8, 2}, {6, 7}, {5}, {4}, {1, 3}], [{8, 2}, {7}, {3, 6}, {1, 5}, {4}], [{8, 2}, {7}, {5, 6}, {4}, {1, 3}], [{8, 3}, {1, 7}, {2, 6}, {4, 5}], [{8, 3}, {1, 7}, {4, 6}, {2, 5}], [{8, 3}, {1, 7}, {5, 6}, {2, 4}], [{8, 3}, {2, 7}, {1, 6}, {4, 5}], [{8, 3}, {2, 7}, {4, 6}, {1, 5}], [{8, 3}, {2, 7}, {5, 6}, {1, 4}], [{8, 3}, {2, 7}, {5, 6}, {4}, {1}], [{8, 3}, {4, 7}, {1, 6}, {2, 5}], [{8, 3}, {4, 7}, {2, 6}, {1, 5}], [{8, 3}, {4, 7}, {5, 6}, {1, 2}], [{8, 3}, {4, 7}, {6}, {1, 5}, {2}], [{8, 3}, {5, 7}, {1, 6}, {2, 4}], [{8, 3}, {5, 7}, {2, 6}, {1, 4}], [{8, 3}, {5, 7}, {4, 6}, {1, 2}], [{8, 3}, {6, 7}, {1, 5}, {2, 4}], [{8, 3}, {6, 7}, {1, 5}, {4}, {2}], [{8, 3}, {6, 7}, {2, 5}, {1, 4}], [{8, 3}, {6, 7}, {4, 5}, {1, 2}], [{8, 3}, {6, 7}, {4, 5}, {2}, {1}], [{8, 3}, {6, 7}, {5}, {1, 4}, {2}], [{8, 3}, {7}, {4, 6}, {1, 5}, {2}], [{8, 4}, {1, 7}, {2, 6}, {3, 5}], [{8, 4}, {1, 7}, {3, 6}, {2, 5}], [{8, 4}, {1, 7}, {3, 6}, {5}, {2}], [{8, 4}, {1, 7}, {5, 6}, {2, 3}], [{8, 4}, {2, 7}, {1, 6}, {3, 5}], [{8, 4}, {2, 7}, {3, 6}, {1, 5}], [{8, 4}, {2, 7}, {5, 6}, {1, 3}], [{8, 4}, {3, 7}, {1, 6}, {2, 5}], [{8, 4}, {3, 7}, {2, 6}, {1, 5}], [{8, 4}, {3, 7}, {5, 6}, {1, 2}], [{8, 4}, {5, 7}, {1, 6}, {2, 3}], [{8, 4}, {5, 7}, {2, 6}, {1, 3}], [{8, 4}, {5, 7}, {3, 6}, {1, 2}], [{8, 4}, {6, 7}, {1, 5}, {2, 3}], [{8, 4}, {6, 7}, {2, 5}, {1, 3}], [{8, 4}, {6, 7}, {3, 5}, {1, 2}], [{8, 4}, {6, 7}, {3, 5}, {2}, {1}], [{8, 4}, {7}, {2, 6}, {5}, {1, 3}], [{8, 4}, {7}, {6}, {3, 5}, {1, 2}], [{8, 5}, {1, 7}, {2, 6}, {3, 4}], [{8, 5}, {1, 7}, {3, 6}, {2, 4}], [{8, 5}, {1, 7}, {4, 6}, {2, 3}], [{8, 5}, {2, 7}, {1, 6}, {3, 4}], [{8, 5}, {2, 7}, {3, 6}, {1, 4}], [{8, 5}, {2, 7}, {4, 6}, {1, 3}], [{8, 5}, {3, 7}, {1, 6}, {2, 4}], [{8, 5}, {3, 7}, {2, 6}, {1, 4}], [{8, 5}, {3, 7}, {4, 6}, {1, 2}], [{8, 5}, {4, 7}, {1, 6}, {2, 3}], [{8, 5}, {4, 7}, {2, 6}, {1, 3}], [{8, 5}, {4, 7}, {3, 6}, {1, 2}], [{8, 5}, {6, 7}, {1, 4}, {2, 3}], [{8, 5}, {6, 7}, {2, 4}, {1, 3}], [{8, 5}, {6, 7}, {3, 4}, {1, 2}], [{8, 5}, {6, 7}, {3, 4}, {2}, {1}], [{8, 5}, {7}, {6}, {1, 4}, {2, 3}], [{8, 6}, {1, 7}, {2, 5}, {3, 4}], [{8, 6}, {1, 7}, {3, 5}, {2, 4}], [{8, 6}, {1, 7}, {4, 5}, {2, 3}], [{8, 6}, {2, 7}, {1, 5}, {3, 4}], [{8, 6}, {2, 7}, {3, 5}, {1, 4}], [{8, 6}, {2, 7}, {4, 5}, {1, 3}], [{8, 6}, {3, 7}, {1, 5}, {2, 4}], [{8, 6}, {3, 7}, {2, 5}, {1, 4}], [{8, 6}, {3, 7}, {4, 5}, {1, 2}], [{8, 6}, {4, 7}, {1, 5}, {2, 3}], [{8, 6}, {4, 7}, {2, 5}, {1, 3}], [{8, 6}, {4, 7}, {3, 5}, {1, 2}], [{8, 6}, {5, 7}, {1, 4}, {2, 3}], [{8, 6}, {5, 7}, {2, 4}, {1, 3}], [{8, 6}, {5, 7}, {3, 4}, {1, 2}], [{8, 6}, {7}, {1, 5}, {2, 4}, {3}], [{8, 6}, {7}, {1, 5}, {3, 4}, {2}], [{8, 6}, {7}, {1, 5}, {4}, {2, 3}], [{8, 6}, {7}, {2, 5}, {1, 4}, {3}], [{8, 6}, {7}, {2, 5}, {3, 4}, {1}], [{8, 6}, {7}, {2, 5}, {4}, {1, 3}], [{8, 6}, {7}, {3, 5}, {1, 4}, {2}], [{8, 6}, {7}, {3, 5}, {2, 4}, {1}], [{8, 6}, {7}, {3, 5}, {4}, {1, 2}], [{8, 6}, {7}, {4, 5}, {1, 3}, {2}], [{8, 6}, {7}, {4, 5}, {2, 3}, {1}], [{8, 6}, {7}, {4, 5}, {3}, {1, 2}], [{8, 6}, {7}, {5}, {1, 4}, {2, 3}], [{8, 6}, {7}, {5}, {2, 4}, {1, 3}], [{8, 6}, {7}, {5}, {3, 4}, {1, 2}], [{8, 7}, {1, 6}, {2, 5}, {3, 4}], [{8, 7}, {1, 6}, {3, 5}, {2, 4}], [{8, 7}, {1, 6}, {4, 5}, {2, 3}], [{8, 7}, {1, 6}, {5}, {2, 4}, {3}], [{8, 7}, {2, 6}, {1, 5}, {3, 4}], [{8, 7}, {2, 6}, {3, 5}, {1, 4}], [{8, 7}, {2, 6}, {4, 5}, {1, 3}], [{8, 7}, {2, 6}, {5}, {1, 4}, {3}], [{8, 7}, {2, 6}, {5}, {3, 4}, {1}], [{8, 7}, {2, 6}, {5}, {4}, {1, 3}], [{8, 7}, {3, 6}, {1, 5}, {2, 4}], [{8, 7}, {3, 6}, {1, 5}, {4}, {2}], [{8, 7}, {3, 6}, {2, 5}, {1, 4}], [{8, 7}, {3, 6}, {4, 5}, {1, 2}], [{8, 7}, {3, 6}, {4, 5}, {2}, {1}], [{8, 7}, {3, 6}, {5}, {1, 4}, {2}], [{8, 7}, {4, 6}, {1, 5}, {2, 3}], [{8, 7}, {4, 6}, {2, 5}, {1, 3}], [{8, 7}, {4, 6}, {3, 5}, {1, 2}], [{8, 7}, {4, 6}, {3, 5}, {2}, {1}], [{8, 7}, {5, 6}, {1, 4}, {2, 3}], [{8, 7}, {5, 6}, {2, 4}, {1, 3}], [{8, 7}, {5, 6}, {3, 4}, {1, 2}], [{8, 7}, {5, 6}, {3, 4}, {2}, {1}], [{8, 7}, {6}, {2, 5}, {3, 4}, {1}], [{8, 7}, {6}, {3, 5}, {4}, {1, 2}], [{8, 7}, {6}, {5}, {1, 4}, {2, 3}], [{8}, {1, 7}, {2, 6}, {5}, {3, 4}], [{8}, {1, 7}, {5, 6}, {3, 4}, {2}], [{8}, {1, 7}, {6}, {2, 5}, {3, 4}], [{8}, {2, 7}, {3, 6}, {1, 5}, {4}], [{8}, {2, 7}, {5, 6}, {1, 4}, {3}], [{8}, {3, 7}, {4, 6}, {5}, {1, 2}], [{8}, {3, 7}, {5, 6}, {1, 4}, {2}], [{8}, {4, 7}, {2, 6}, {5}, {1, 3}], [{8}, {4, 7}, {6}, {3, 5}, {1, 2}], [{8}, {5, 7}, {4, 6}, {3}, {1, 2}], [{8}, {5, 7}, {6}, {1, 4}, {2, 3}], [{8}, {6, 7}, {2, 5}, {3, 4}, {1}], [{8}, {6, 7}, {3, 5}, {4}, {1, 2}], [{8}, {6, 7}, {5}, {1, 4}, {2, 3}], [{8}, {7}, {1, 6}, {2, 5}, {3, 4}], [{8}, {7}, {4, 6}, {3, 5}, {1, 2}], [{8}, {7}, {5, 6}, {1, 4}, {2, 3}], [{8}, {7}, {6}, {2, 5}, {3, 4}, {1}], [{8}, {7}, {6}, {3, 5}, {4}, {1, 2}], [{8}, {7}, {6}, {5}, {1, 4}, {2, 3}]]",2,- 24 K_1^2 - 10 K_1 K_2 + 5 K_1 + 12 K_2 + 5 K_3 + 13,O1O2O3U4O5U6U3O7U1U7O6U2U5O8O4U8,O1O2U3O4O5U4O6O3U1O7U6U2U5O8U7U8,O1O2U3O4O3U1O5O6U7U8O7U4U5U2O8U6,c,{'O1O2O3U4O5O4U6U2O7U8U3O8U1U7O6U5'},1,"<a href=""/flatknot/8.975945"">8.975945</a>",t^9-75t^7-292t^6-62t^5+770t^4+536t^3-416t^2-282t+28,t^3-2t^2+t,,
8.975946,O1O2O3U4O5O4U6U2O7U8U3O8U5U1O6U7,4,14z^2+99z+143,14w^3z^2+99w^2z+143w,False,False,"[[ 0  0 -1  1  1  1 -3  2 -1],[ 0  0 -2  1  1  1 -3  2 -1],[ 1  2  0  1  1  1 -1  1  0],[-1 -1 -1  0 -1 -1 -1  0 -1],[-1 -1 -1  1  0  1 -3  1 -2],[-1 -1 -1  1 -1  0 -1  0 -1],[ 3  3  1  1  3  1  0  2  2],[-2 -2 -1  0 -1  0 -2  0 -2],[ 1  1  0  1  2  1 -2  2  0]]","[[ 0  2  1  1  1  0 -1 -1 -3],[-2  0  0  0 -1 -2 -1 -2 -2],[-1  0  0  1 -1 -1 -1 -1 -1],[-1  0 -1  0 -1 -1 -1 -1 -1],[-1  1  1  1  0 -1 -1 -2 -3],[ 0  2  1  1  1  0 -2 -1 -3],[ 1  1  1  1  1  2  0  0 -1],[ 1  2  1  1  2  1  0  0 -2],[ 3  2  1  1  3  3  1  2  0]]",True,"[-2,-1,-1,-1,0,1,1,3,0,0,1,2,1,2,2,-1,1,1,1,1,1,1,1,1,1,1,1,1,2,3,2,1,3,0,1,2]","[-3,-1,-1,0,1,1,1,2,0,1,0,1,3,3,3,0,0,0,1,1,1,-1,1,1,1,2,0,0,0,0,-1,-1,0,-1,1,1]",t^8+59t^6+136t^4+62t^2,"[-3,-1,-1,0,1,1,1,2,0,1,0,1,3,3,3,0,0,0,1,1,1,-1,1,1,1,2,0,0,0,0,-1,-1,0,-1,1,1]","[-2,-1,-1,-1,0,1,1,3,0,1,1,0,1,2,3,1,1,0,0,1,1,-1,0,1,1,3,0,1,1,3,0,-1,0,0,0,1]","[-3,-1,-1,0,1,1,1,2,1,2,3,1,1,3,2,0,2,1,1,1,1,1,1,1,2,2,1,1,1,2,-1,-1,0,-1,0,1]",c,"[[{8, 2}, {6, 7}, {3, 5}, {1, 4}], [{8}, {6, 7}, {3, 5}, {1, 4}, {2}]]",1,12 K_1^3 - 26 K_1^2 - 10 K_1 K_2 - 4 K_1 + 13 K_2 + 2 K_3 + 14,O1O2O3U4O5U3U6O7U1U7O4U2U5O8O6U8,O1O2U3O4O5U4O6O7U1O3U7U2U5O8U6U8,O1O2U3O4O3U5O6O7U8U2O8U4U6U1O5U7,c,{'O1O2O3U4O5O4U6U2O7U8U3O8U5U1O6U7'},1,"<a href=""/flatknot/8.975946"">8.975946</a>",t^9-63t^7-248t^6-233t^5+228t^4+404t^3+50t^2-83t-4,t^3-t^2-t,,
8.975947,O1O2O3U4O5O4U6U2O7U8U5O8U1U3O6U7,4,4z^3+42z^2+111z+87,4w^4z^3-8w^4z^2+50w^3z^2+111w^2z+87w,False,False,"[[ 0 -1 -1  2  1  1 -3  2 -1],[ 1  0 -1  2  2  1 -2  2  0],[ 1  1  0  2  1  0 -1  1  0],[-2 -2 -2  0 -1  0 -3  1 -3],[-1 -2 -1  1  0  1 -3  1 -1],[-1 -1  0  0 -1  0  0 -1 -1],[ 3  2  1  3  3  0  0  2  2],[-2 -2 -1 -1 -1  1 -2  0 -2],[ 1  0  0  3  1  1 -2  2  0]]","[[ 0  2  2  1  1 -1 -1 -1 -3],[-2  0  1  0 -1 -2 -2 -3 -3],[-2 -1  0  1 -1 -1 -2 -2 -2],[-1  0 -1  0 -1  0 -1 -1  0],[-1  1  1  1  0 -1 -2 -1 -3],[ 1  2  1  0  1  0  1  0 -1],[ 1  2  2  1  2 -1  0  0 -2],[ 1  3  2  1  1  0  0  0 -2],[ 3  3  2  0  3  1  2  2  0]]",True,"[-2,-2,-1,-1,1,1,1,3,-1,0,1,2,2,3,3,-1,1,1,2,2,2,1,0,1,1,0,1,2,1,3,-1,0,1,0,2,2]","[-3,-1,-1,-1,1,1,2,2,0,0,1,1,4,2,3,0,0,1,1,0,1,1,0,1,1,1,1,2,1,2,-1,0,0,1,2,-1]",t^8+71t^6+223t^4+121t^2+16,"[-3,-1,-1,-1,1,1,2,2,0,0,1,1,4,2,3,0,0,1,1,0,1,1,0,1,1,1,1,2,1,2,-1,0,0,1,2,-1]","[-2,-2,-1,-1,1,1,1,3,-1,0,2,1,1,2,3,0,1,0,1,1,2,1,1,0,1,1,1,1,2,4,0,0,0,-1,0,1]","[-3,-1,-1,-1,1,1,2,2,1,2,2,0,3,2,3,0,1,0,1,1,2,0,1,1,2,3,1,2,2,2,-1,-1,0,1,1,-1]",c,"[[{8, 1}, {3, 7}, {4, 6}, {2, 5}], [{8, 2}, {3, 7}, {5, 6}, {1, 4}], [{8, 3}, {6, 7}, {1, 5}, {2, 4}], [{8, 3}, {6, 7}, {2, 5}, {1, 4}], [{8, 6}, {3, 7}, {1, 5}, {2, 4}], [{8, 6}, {3, 7}, {2, 5}, {1, 4}], [{8, 7}, {3, 6}, {1, 5}, {2, 4}], [{8, 7}, {3, 6}, {2, 5}, {1, 4}]]",1,4 K_1^3 - 4 K_1^2 - 10 K_1 K_2 + 2 K_1 + 2 K_2 + 4 K_3 + 3,O1O2O3U4O5U1U3O6U7U6O4U2U5O8O7U8,O1O2U3O4O5U4O6O7U1O3U6U2U7O8U5U8,O1O2U3O4O3U5O6O7U8U4O8U1U6U2O5U7,c,{'O1O2O3U4O5O4U6U2O7U8U5O8U1U3O6U7'},1,"<a href=""/flatknot/8.975947"">8.975947</a>",t^9-73t^7-296t^6-189t^5+390t^4+237t^3-164t^2-4t+10,t^3-2t^2+t,,
8.975948,O1O2O3U4O5O4U6U2O7U8U5O8U3U1O6U7,4,z^3+28z^2+102z+101,w^4z^3+28w^3z^2+102w^2z+101w,False,False,"[[ 0  0 -1  1  1  1 -3  2 -1],[ 0  0 -2  1  1  1 -3  2 -1],[ 1  2  0  2  1  0 -1  1  0],[-1 -1 -2  0  0  0 -2  1 -2],[-1 -1 -1  0  0  1 -3  1 -1],[-1 -1  0  0 -1  0  0 -1 -1],[ 3  3  1  2  3  0  0  2  2],[-2 -2 -1 -1 -1  1 -2  0 -2],[ 1  1  0  2  1  1 -2  2  0]]","[[ 0  2  1  1  1  0 -1 -1 -3],[-2  0  1 -1 -1 -2 -1 -2 -2],[-1 -1  0  0 -1 -1  0 -1  0],[-1  1  0  0  0 -1 -2 -2 -2],[-1  1  1  0  0 -1 -1 -1 -3],[ 0  2  1  1  1  0 -2 -1 -3],[ 1  1  0  2  1  2  0  0 -1],[ 1  2  1  2  1  1  0  0 -2],[ 3  2  0  2  3  3  1  2  0]]",True,"[-2,-1,-1,-1,0,1,1,3,-1,1,1,2,1,2,2,0,1,1,0,1,0,0,1,2,2,2,1,1,1,3,2,1,3,0,1,2]","[-3,-1,-1,0,1,1,1,2,0,1,0,1,2,4,3,0,0,1,0,1,1,-1,1,0,2,2,0,0,0,0,0,-1,0,0,0,2]",t^8+63t^6+198t^4+88t^2+9,"[-3,-1,-1,0,1,1,1,2,0,1,0,1,2,4,3,0,0,1,0,1,1,-1,1,0,2,2,0,0,0,0,0,-1,0,0,0,2]","[-2,-1,-1,-1,0,1,1,3,0,0,2,0,1,2,3,0,0,0,0,0,2,1,0,1,1,1,0,1,2,4,0,-1,0,0,0,1]","[-3,-1,-1,0,1,1,1,2,1,2,3,0,2,3,2,0,2,0,2,1,1,1,1,2,1,2,1,1,1,2,0,-1,-1,0,1,1]",c,"[[{8, 2}, {6, 7}, {1, 5}, {3, 4}], [{8}, {6, 7}, {1, 5}, {3, 4}, {2}]]",1,4 K_1^3 - 14 K_1^2 - 2 K_1 K_2 - 2 K_1 + 7 K_2 + 8,O1O2O3U4O5U3U1O6U7U6O4U2U5O8O7U8,O1O2U3O4O5U4O6O7U1O3U7U2U6O8U5U8,O1O2U3O4O3U5O6O7U8U4O8U2U6U1O5U7,c,{'O1O2O3U4O5O4U6U2O7U8U5O8U3U1O6U7'},1,"<a href=""/flatknot/8.975948"">8.975948</a>",t^9-67t^7-240t^6-129t^5+302t^4+136t^3-324t^2-102t+112,t^3-t^2-t,,
8.975949,O1O2O3U4O5O4U6U3O7U1U2O8U5U7O6U8,4,3z^3+30z^2+102z+109,3w^4z^3+30w^3z^2+102w^2z+109w,False,False,"[[ 0 -2  0  0  1  1 -3  2  1],[ 2  0  1  0  2  2 -2  3  1],[ 0 -1  0  0  0  1 -3  2  1],[ 0  0  0  0  0  0 -1  1  0],[-1 -2  0  0  0  1 -3  1  0],[-1 -2 -1  0 -1  0 -2  1  1],[ 3  2  3  1  3  2  0  2  0],[-2 -3 -2 -1 -1 -1 -2  0  1],[-1 -1 -1  0  0 -1  0 -1  0]]","[[ 0  2  1  1  1  0  0 -2 -3],[-2  0  1 -1 -1 -1 -2 -3 -2],[-1 -1  0  0 -1  0 -1 -1  0],[-1  1  0  0  1  0  0 -2 -3],[-1  1  1 -1  0  0 -1 -2 -2],[ 0  1  0  0  0  0  0  0 -1],[ 0  2  1  0  1  0  0 -1 -3],[ 2  3  1  2  2  0  1  0 -2],[ 3  2  0  3  2  1  3  2  0]]",True,"[-2,-1,-1,-1,0,0,2,3,-1,1,1,1,2,3,2,0,1,0,1,1,0,-1,0,0,2,3,0,1,2,2,0,0,1,1,3,2]","[-3,-2,0,0,1,1,1,2,-1,0,2,1,2,4,3,1,2,1,1,2,1,0,1,0,0,0,1,1,1,1,-1,0,0,-1,0,2]",t^8+62t^6+169t^4+86t^2+9,"[-3,-2,0,0,1,1,1,2,-1,0,2,1,2,4,3,1,2,1,1,2,1,0,1,0,0,0,1,1,1,1,-1,0,0,-1,0,2]","[-2,-1,-1,-1,0,0,2,3,0,0,2,0,1,1,3,-1,1,0,1,1,2,0,1,1,1,1,0,1,2,4,0,1,0,2,2,-1]","[-3,-2,0,0,1,1,1,2,2,1,3,0,2,3,2,0,1,1,2,2,3,0,0,0,0,1,1,1,0,2,-1,0,-1,-1,1,1]",c,"[[{8, 2}, {4, 7}, {1, 6}, {3, 5}], [{8, 5}, {4, 7}, {1, 6}, {2, 3}], [{8, 5}, {6, 7}, {1, 4}, {2, 3}], [{8, 5}, {6, 7}, {1, 4}, {3}, {2}]]",1,24 K_1^3 - 20 K_1^2 - 22 K_1 K_2 - 7 K_1 + 10 K_2 + 5 K_3 + 11,O1O2O3U4O5U6U7O4U2U3O6U1U5O8O7U8,O1O2U3O4O5U6O7O3U1O6U4U5U2O8U7U8,O1O2U3O4O5U1O6O7U8U2O8U6U4U5O3U7,c,{'O1O2O3U4O5O4U6U3O7U1U2O8U5U7O6U8'},1,"<a href=""/flatknot/8.975949"">8.975949</a>",t^9-68t^7-230t^6-41t^5+310t^4+109t^3+64t^2+79t-58,t^3-3t,,
8.975950,O1O2O3U4O5O4U6U3O7U1U2O8U7U5O6U8,4,5z^3+37z^2+99z+91,-2w^5z^3+7w^4z^3-4w^4z^2+41w^3z^2-2w^3z+101w^2z+91w,False,False,"[[ 0 -2  0  0  1  2 -3  1  1],[ 2  0  1  0  2  3 -2  2  1],[ 0 -1  0  0  0  2 -3  1  1],[ 0  0  0  0  0  0 -1  0  0],[-1 -2  0  0  0  2 -3  1  0],[-2 -3 -2  0 -2  0 -2  0  1],[ 3  2  3  1  3  2  0  1  0],[-1 -2 -1  0 -1  0 -1  0  1],[-1 -1 -1  0  0 -1  0 -1  0]]","[[ 0  2  1  1  1  0  0 -2 -3],[-2  0  1  0 -2  0 -2 -3 -2],[-1 -1  0 -1  0  0 -1 -1  0],[-1  0  1  0 -1  0 -1 -2 -1],[-1  2  0  1  0  0  0 -2 -3],[ 0  0  0  0  0  0  0  0 -1],[ 0  2  1  1  0  0  0 -1 -3],[ 2  3  1  2  2  0  1  0 -2],[ 3  2  0  1  3  1  3  2  0]]",True,"[-2,-1,-1,-1,0,0,2,3,-1,0,2,0,2,3,2,1,0,0,1,1,0,1,0,1,2,1,0,0,2,3,0,0,1,1,3,2]","[-3,-2,0,0,1,1,1,2,-1,0,2,1,3,4,3,1,2,1,1,2,1,0,1,0,0,0,1,1,1,2,-1,0,-1,-1,1,2]",t^8+60t^6+153t^4+91t^2+4,"[-3,-2,0,0,1,1,1,2,-1,0,2,1,3,4,3,1,2,1,1,2,1,0,1,0,0,0,1,1,1,2,-1,0,-1,-1,1,2]","[-2,-1,-1,-1,0,0,2,3,-1,1,2,0,2,1,3,1,0,1,1,1,1,1,0,1,1,3,0,1,2,4,0,1,0,2,2,-1]","[-3,-2,0,0,1,1,1,2,2,1,3,0,1,3,2,0,1,1,2,2,3,0,0,0,0,0,1,1,0,2,-1,0,-1,-1,0,2]",c,"[[{8, 1}, {2, 7}, {3, 6}, {4, 5}], [{8, 1}, {2, 7}, {4, 6}, {3, 5}], [{8, 1}, {2, 7}, {5, 6}, {3, 4}], [{8, 1}, {2, 7}, {5, 6}, {4}, {3}], [{8, 1}, {2, 7}, {6}, {5}, {3, 4}], [{8, 1}, {3, 7}, {2, 6}, {4, 5}], [{8, 1}, {3, 7}, {2, 6}, {5}, {4}], [{8, 1}, {3, 7}, {4, 6}, {2, 5}], [{8, 1}, {3, 7}, {5, 6}, {2, 4}], [{8, 1}, {4, 7}, {2, 6}, {3, 5}], [{8, 1}, {4, 7}, {2, 6}, {5}, {3}], [{8, 1}, {4, 7}, {3, 6}, {2, 5}], [{8, 1}, {4, 7}, {5, 6}, {2, 3}], [{8, 1}, {5, 7}, {2, 6}, {3, 4}], [{8, 1}, {5, 7}, {2, 6}, {4}, {3}], [{8, 1}, {5, 7}, {3, 6}, {2, 4}], [{8, 1}, {5, 7}, {4, 6}, {2, 3}], [{8, 1}, {5, 7}, {6}, {3, 4}, {2}], [{8, 1}, {6, 7}, {2, 5}, {3, 4}], [{8, 1}, {6, 7}, {2, 5}, {4}, {3}], [{8, 1}, {6, 7}, {3, 5}, {2, 4}], [{8, 1}, {6, 7}, {4, 5}, {2, 3}], [{8, 1}, {6, 7}, {5}, {3, 4}, {2}], [{8, 1}, {7}, {2, 6}, {3, 5}, {4}], [{8, 1}, {7}, {2, 6}, {4, 5}, {3}], [{8, 1}, {7}, {2, 6}, {5}, {3, 4}], [{8, 1}, {7}, {2, 6}, {5}, {4}, {3}], [{8, 1}, {7}, {3, 6}, {5}, {2, 4}], [{8, 1}, {7}, {4, 6}, {5}, {2, 3}], [{8, 1}, {7}, {5, 6}, {3, 4}, {2}], [{8, 1}, {7}, {6}, {2, 5}, {3, 4}], [{8, 1}, {7}, {6}, {5}, {3, 4}, {2}], [{8, 2}, {1, 7}, {3, 6}, {4, 5}], [{8, 2}, {1, 7}, {4, 6}, {3, 5}], [{8, 2}, {1, 7}, {4, 6}, {5}, {3}], [{8, 2}, {1, 7}, {5, 6}, {3, 4}], [{8, 2}, {1, 7}, {6}, {3, 5}, {4}], [{8, 2}, {3, 7}, {1, 6}, {4, 5}], [{8, 2}, {3, 7}, {4, 6}, {1, 5}], [{8, 2}, {3, 7}, {5, 6}, {1, 4}], [{8, 2}, {4, 7}, {1, 6}, {3, 5}], [{8, 2}, {4, 7}, {1, 6}, {5}, {3}], [{8, 2}, {4, 7}, {3, 6}, {1, 5}], [{8, 2}, {4, 7}, {5, 6}, {1, 3}], [{8, 2}, {4, 7}, {5, 6}, {3}, {1}], [{8, 2}, {4, 7}, {6}, {1, 5}, {3}], [{8, 2}, {5, 7}, {1, 6}, {3, 4}], [{8, 2}, {5, 7}, {3, 6}, {1, 4}], [{8, 2}, {5, 7}, {4, 6}, {1, 3}], [{8, 2}, {6, 7}, {1, 5}, {3, 4}], [{8, 2}, {6, 7}, {3, 5}, {1, 4}], [{8, 2}, {6, 7}, {4, 5}, {1, 3}], [{8, 3}, {1, 7}, {2, 6}, {4, 5}], [{8, 3}, {1, 7}, {4, 6}, {2, 5}], [{8, 3}, {1, 7}, {5, 6}, {2, 4}], [{8, 3}, {2, 7}, {1, 6}, {4, 5}], [{8, 3}, {2, 7}, {1, 6}, {5}, {4}], [{8, 3}, {2, 7}, {4, 6}, {1, 5}], [{8, 3}, {2, 7}, {4, 6}, {5}, {1}], [{8, 3}, {2, 7}, {5, 6}, {1, 4}], [{8, 3}, {2, 7}, {6}, {5}, {1, 4}], [{8, 3}, {4, 7}, {1, 6}, {2, 5}], [{8, 3}, {4, 7}, {2, 6}, {1, 5}], [{8, 3}, {4, 7}, {5, 6}, {1, 2}], [{8, 3}, {5, 7}, {1, 6}, {2, 4}], [{8, 3}, {5, 7}, {2, 6}, {1, 4}], [{8, 3}, {5, 7}, {4, 6}, {1, 2}], [{8, 3}, {5, 7}, {6}, {1, 4}, {2}], [{8, 3}, {6, 7}, {1, 5}, {2, 4}], [{8, 3}, {6, 7}, {2, 5}, {1, 4}], [{8, 3}, {6, 7}, {4, 5}, {1, 2}], [{8, 3}, {6, 7}, {5}, {1, 4}, {2}], [{8, 3}, {7}, {2, 6}, {5}, {1, 4}], [{8, 3}, {7}, {5, 6}, {1, 4}, {2}], [{8, 3}, {7}, {6}, {2, 5}, {1, 4}], [{8, 3}, {7}, {6}, {5}, {1, 4}, {2}], [{8, 4}, {1, 7}, {2, 6}, {3, 5}], [{8, 4}, {1, 7}, {3, 6}, {2, 5}], [{8, 4}, {1, 7}, {5, 6}, {2, 3}], [{8, 4}, {1, 7}, {6}, {2, 5}, {3}], [{8, 4}, {2, 7}, {1, 6}, {3, 5}], [{8, 4}, {2, 7}, {3, 6}, {1, 5}], [{8, 4}, {2, 7}, {5, 6}, {1, 3}], [{8, 4}, {2, 7}, {6}, {1, 5}, {3}], [{8, 4}, {2, 7}, {6}, {3, 5}, {1}], [{8, 4}, {2, 7}, {6}, {5}, {1, 3}], [{8, 4}, {3, 7}, {1, 6}, {2, 5}], [{8, 4}, {3, 7}, {2, 6}, {1, 5}], [{8, 4}, {3, 7}, {5, 6}, {1, 2}], [{8, 4}, {3, 7}, {6}, {2, 5}, {1}], [{8, 4}, {5, 7}, {1, 6}, {2, 3}], [{8, 4}, {5, 7}, {2, 6}, {1, 3}], [{8, 4}, {5, 7}, {3, 6}, {1, 2}], [{8, 4}, {5, 7}, {6}, {1, 3}, {2}], [{8, 4}, {6, 7}, {1, 5}, {2, 3}], [{8, 4}, {6, 7}, {2, 5}, {1, 3}], [{8, 4}, {6, 7}, {3, 5}, {1, 2}], [{8, 4}, {6, 7}, {5}, {1, 3}, {2}], [{8, 4}, {7}, {2, 6}, {5}, {1, 3}], [{8, 4}, {7}, {5, 6}, {1, 3}, {2}], [{8, 4}, {7}, {6}, {2, 5}, {1, 3}], [{8, 4}, {7}, {6}, {5}, {1, 3}, {2}], [{8, 5}, {1, 7}, {2, 6}, {3, 4}], [{8, 5}, {1, 7}, {3, 6}, {2, 4}], [{8, 5}, {1, 7}, {4, 6}, {2, 3}], [{8, 5}, {1, 7}, {6}, {3, 4}, {2}], [{8, 5}, {2, 7}, {1, 6}, {3, 4}], [{8, 5}, {2, 7}, {3, 6}, {1, 4}], [{8, 5}, {2, 7}, {4, 6}, {1, 3}], [{8, 5}, {3, 7}, {1, 6}, {2, 4}], [{8, 5}, {3, 7}, {2, 6}, {1, 4}], [{8, 5}, {3, 7}, {2, 6}, {4}, {1}], [{8, 5}, {3, 7}, {4, 6}, {1, 2}], [{8, 5}, {3, 7}, {6}, {1, 4}, {2}], [{8, 5}, {4, 7}, {1, 6}, {2, 3}], [{8, 5}, {4, 7}, {2, 6}, {1, 3}], [{8, 5}, {4, 7}, {3, 6}, {1, 2}], [{8, 5}, {4, 7}, {6}, {1, 3}, {2}], [{8, 5}, {6, 7}, {1, 4}, {2, 3}], [{8, 5}, {6, 7}, {1, 4}, {3}, {2}], [{8, 5}, {6, 7}, {2, 4}, {1, 3}], [{8, 5}, {6, 7}, {3, 4}, {1, 2}], [{8, 5}, {6, 7}, {3, 4}, {2}, {1}], [{8, 5}, {6, 7}, {4}, {1, 3}, {2}], [{8, 5}, {7}, {1, 6}, {3, 4}, {2}], [{8, 5}, {7}, {3, 6}, {1, 4}, {2}], [{8, 5}, {7}, {4, 6}, {1, 3}, {2}], [{8, 5}, {7}, {4, 6}, {2, 3}, {1}], [{8, 5}, {7}, {4, 6}, {3}, {1, 2}], [{8, 6}, {1, 7}, {2, 5}, {3, 4}], [{8, 6}, {1, 7}, {3, 5}, {2, 4}], [{8, 6}, {1, 7}, {4, 5}, {2, 3}], [{8, 6}, {1, 7}, {5}, {3, 4}, {2}], [{8, 6}, {2, 7}, {1, 5}, {3, 4}], [{8, 6}, {2, 7}, {3, 5}, {1, 4}], [{8, 6}, {2, 7}, {4, 5}, {1, 3}], [{8, 6}, {3, 7}, {1, 5}, {2, 4}], [{8, 6}, {3, 7}, {2, 5}, {1, 4}], [{8, 6}, {3, 7}, {4, 5}, {1, 2}], [{8, 6}, {3, 7}, {5}, {1, 4}, {2}], [{8, 6}, {4, 7}, {1, 5}, {2, 3}], [{8, 6}, {4, 7}, {2, 5}, {1, 3}], [{8, 6}, {4, 7}, {3, 5}, {1, 2}], [{8, 6}, {4, 7}, {5}, {1, 3}, {2}], [{8, 6}, {5, 7}, {1, 4}, {2, 3}], [{8, 6}, {5, 7}, {1, 4}, {3}, {2}], [{8, 6}, {5, 7}, {2, 4}, {1, 3}], [{8, 6}, {5, 7}, {3, 4}, {1, 2}], [{8, 6}, {5, 7}, {3, 4}, {2}, {1}], [{8, 6}, {5, 7}, {4}, {1, 3}, {2}], [{8, 6}, {7}, {1, 5}, {3, 4}, {2}], [{8, 6}, {7}, {3, 5}, {1, 4}, {2}], [{8, 6}, {7}, {4, 5}, {1, 3}, {2}], [{8, 7}, {1, 6}, {2, 5}, {3, 4}], [{8, 7}, {1, 6}, {3, 5}, {2, 4}], [{8, 7}, {1, 6}, {4, 5}, {2, 3}], [{8, 7}, {1, 6}, {5}, {3, 4}, {2}], [{8, 7}, {2, 6}, {1, 5}, {3, 4}], [{8, 7}, {2, 6}, {3, 5}, {1, 4}], [{8, 7}, {2, 6}, {4, 5}, {1, 3}], [{8, 7}, {3, 6}, {1, 5}, {2, 4}], [{8, 7}, {3, 6}, {2, 5}, {1, 4}], [{8, 7}, {3, 6}, {4, 5}, {1, 2}], [{8, 7}, {3, 6}, {5}, {1, 4}, {2}], [{8, 7}, {4, 6}, {1, 5}, {2, 3}], [{8, 7}, {4, 6}, {2, 5}, {1, 3}], [{8, 7}, {4, 6}, {3, 5}, {1, 2}], [{8, 7}, {4, 6}, {5}, {1, 3}, {2}], [{8, 7}, {5, 6}, {1, 4}, {2, 3}], [{8, 7}, {5, 6}, {1, 4}, {3}, {2}], [{8, 7}, {5, 6}, {2, 4}, {1, 3}], [{8, 7}, {5, 6}, {3, 4}, {1, 2}], [{8, 7}, {5, 6}, {3, 4}, {2}, {1}], [{8, 7}, {5, 6}, {4}, {1, 3}, {2}], [{8, 7}, {6}, {1, 5}, {3, 4}, {2}], [{8, 7}, {6}, {3, 5}, {1, 4}, {2}], [{8, 7}, {6}, {4, 5}, {1, 3}, {2}], [{8}, {1, 7}, {5, 6}, {3, 4}, {2}], [{8}, {2, 7}, {3, 6}, {4, 5}, {1}], [{8}, {3, 7}, {2, 6}, {1, 5}, {4}], [{8}, {3, 7}, {4, 6}, {5}, {1, 2}], [{8}, {3, 7}, {5, 6}, {1, 4}, {2}], [{8}, {3, 7}, {5, 6}, {2, 4}, {1}], [{8}, {3, 7}, {5, 6}, {4}, {1, 2}], [{8}, {3, 7}, {6}, {4, 5}, {1, 2}], [{8}, {4, 7}, {2, 6}, {3, 5}, {1}], [{8}, {4, 7}, {3, 6}, {5}, {1, 2}], [{8}, {4, 7}, {5, 6}, {1, 3}, {2}], [{8}, {5, 7}, {1, 6}, {3, 4}, {2}], [{8}, {5, 7}, {3, 6}, {1, 4}, {2}], [{8}, {5, 7}, {4, 6}, {1, 3}, {2}], [{8}, {6, 7}, {1, 5}, {3, 4}, {2}], [{8}, {6, 7}, {3, 5}, {1, 4}, {2}], [{8}, {6, 7}, {4, 5}, {1, 3}, {2}], [{8}, {7}, {4, 6}, {1, 5}, {2, 3}]]",2,8 K_1^3 - 12 K_1^2 - 10 K_1 K_2 - K_1 + 6 K_2 + 3 K_3 + 7,O1O2O3U4O5U6U7O4U2U3O7U1U5O8O6U8,O1O2U3O4O5U6O3O7U1O6U4U5U2O8U7U8,O1O2U3O4O5U2O6O7U8U1O8U6U4U5O3U7,c,{'O1O2O3U4O5O4U6U3O7U1U2O8U7U5O6U8'},1,"<a href=""/flatknot/8.975950"">8.975950</a>",t^9-66t^7-202t^6+77t^5+294t^4-171t^3+108t^2+7t+2,t^3-3t,,
8.975951,O1O2O3U4O5O4U6U3O7U1U2O8U7U8O6U5,3,14z^2+67z+79,-4w^4z^2+18w^3z^2-12w^3z+79w^2z+79w,False,False,"[[ 0 -2  0  0  1  2 -3  1  1],[ 2  0  1  0  2  2 -1  2  1],[ 0 -1  0  0  0  1 -2  1  1],[ 0  0  0  0  0 -1  0  0  0],[-1 -2  0  0  0  2 -4  1  1],[-2 -2 -1  1 -2  0 -2 -1  1],[ 3  1  2  0  4  2  0  2  0],[-1 -2 -1  0 -1  1 -2  0  1],[-1 -1 -1  0 -1 -1  0 -1  0]]","[[ 0  2  1  1  1  0  0 -2 -3],[-2  0  1 -1 -2  1 -1 -2 -2],[-1 -1  0 -1 -1  0 -1 -1  0],[-1  1  1  0 -1  0 -1 -2 -2],[-1  2  1  1  0  0  0 -2 -4],[ 0 -1  0  0  0  0  0  0  0],[ 0  1  1  1  0  0  0 -1 -2],[ 2  2  1  2  2  0  1  0 -1],[ 3  2  0  2  4  0  2  1  0]]",True,"[-2,-1,-1,-1,0,0,2,3,-1,1,2,-1,1,2,2,1,1,0,1,1,0,1,0,1,2,2,0,0,2,4,0,0,0,1,2,1]","[-3,-2,0,0,1,1,1,2,0,1,3,0,2,4,3,1,2,1,1,2,2,0,1,0,0,1,1,1,1,3,-1,-1,-1,-1,0,2]",t^8+56t^6+104t^4+48t^2,"[-3,-2,0,0,1,1,1,2,0,1,3,0,2,4,3,1,2,1,1,2,2,0,1,0,0,1,1,1,1,3,-1,-1,-1,-1,0,2]","[-2,-1,-1,-1,0,0,2,3,-1,0,2,1,3,2,3,1,1,1,1,1,0,1,0,1,1,2,0,1,2,4,0,1,1,2,3,0]","[-3,-2,0,0,1,1,1,2,1,0,2,0,2,4,2,0,1,1,2,2,2,0,0,0,0,-1,1,1,0,1,-1,-1,-1,-1,1,2]",c,"[[{8, 2}, {3, 7}, {5, 6}, {1, 4}], [{8, 4}, {6, 7}, {3, 5}, {1, 2}], [{8, 4}, {6, 7}, {3, 5}, {2}, {1}], [{8, 6}, {4, 7}, {2, 5}, {1, 3}], [{8, 6}, {4, 7}, {5}, {1, 3}, {2}], [{8}, {3, 7}, {5, 6}, {1, 4}, {2}]]",1,12 K_1^3 - 20 K_1^2 - 10 K_1 K_2 - 4 K_1 + 10 K_2 + 2 K_3 + 11,O1O2O3U4O5U6U7O6U2U3O7U1U5O8O4U8,O1O2U3O4O5U6O3O6U1O7U4U5U2O8U7U8,O1O2U1O3O4U2O5O6U7U8O7U5U3U4O8U6,c,{'O1O2O3U4O5O4U6U3O7U1U2O8U7U8O6U5'},1,"<a href=""/flatknot/8.975951"">8.975951</a>",t^9-62t^7-170t^6-12t^5+214t^4+60t^3+24t-16,t^3-3t,,
8.975952,O1O2O3U4O5O4U6U3O7U1U5O8U2U7O6U8,4,2z^3+29z^2+104z+109,2w^4z^3+29w^3z^2+104w^2z+109w,False,False,"[[ 0 -2  0  0  1  1 -3  2  1],[ 2  0  2  0  2  1 -2  3  1],[ 0 -2  0 -1  1  0 -3  2  1],[ 0  0  1  0  0  0 -1  1 -1],[-1 -2 -1  0  0  1 -3  1  1],[-1 -1  0  0 -1  0 -2  1  0],[ 3  2  3  1  3  2  0  2  0],[-2 -3 -2 -1 -1 -1 -2  0  1],[-1 -1 -1  1 -1  0  0 -1  0]]","[[ 0  2  1  1  1  0  0 -2 -3],[-2  0  1 -1 -1 -1 -2 -3 -2],[-1 -1  0  0 -1  1 -1 -1  0],[-1  1  0  0 -1  0  0 -1 -2],[-1  1  1  1  0  0 -1 -2 -3],[ 0  1 -1  0  0  0  1  0 -1],[ 0  2  1  0  1 -1  0 -2 -3],[ 2  3  1  1  2  0  2  0 -2],[ 3  2  0  2  3  1  3  2  0]]",True,"[-2,-1,-1,-1,0,0,2,3,-1,1,1,1,2,3,2,0,1,-1,1,1,0,1,0,0,1,2,0,1,2,3,-1,0,1,2,3,2]","[-3,-2,0,0,1,1,1,2,-1,0,2,1,2,4,3,0,2,1,2,2,1,1,0,1,0,0,1,1,2,1,-1,-1,0,0,0,2]",t^8+64t^6+277t^4+140t^2+1,"[-3,-2,0,0,1,1,1,2,-1,0,2,1,2,4,3,0,2,1,2,2,1,1,0,1,0,0,1,1,2,1,-1,-1,0,0,0,2]","[-2,-1,-1,-1,0,0,2,3,0,0,2,0,1,1,3,-1,0,1,1,2,2,1,0,1,1,1,0,2,2,4,-1,0,0,2,2,-1]","[-3,-2,0,0,1,1,1,2,2,1,3,0,2,3,2,0,2,1,1,2,3,1,-1,0,0,1,1,0,1,2,0,-1,-1,-1,1,1]",c,"[[{8, 1}, {2, 7}, {3, 6}, {4, 5}], [{8, 1}, {2, 7}, {4, 6}, {3, 5}], [{8, 1}, {2, 7}, {5, 6}, {3, 4}], [{8, 1}, {3, 7}, {2, 6}, {4, 5}], [{8, 1}, {3, 7}, {4, 6}, {2, 5}], [{8, 1}, {3, 7}, {5, 6}, {2, 4}], [{8, 1}, {4, 7}, {2, 6}, {3, 5}], [{8, 1}, {4, 7}, {3, 6}, {2, 5}], [{8, 1}, {4, 7}, {3, 6}, {5}, {2}], [{8, 1}, {4, 7}, {5, 6}, {2, 3}], [{8, 1}, {5, 7}, {2, 6}, {3, 4}], [{8, 1}, {5, 7}, {3, 6}, {2, 4}], [{8, 1}, {5, 7}, {4, 6}, {2, 3}], [{8, 1}, {6, 7}, {2, 5}, {3, 4}], [{8, 1}, {6, 7}, {3, 5}, {2, 4}], [{8, 1}, {6, 7}, {4, 5}, {2, 3}], [{8, 1}, {6, 7}, {5}, {3, 4}, {2}], [{8, 1}, {7}, {5, 6}, {4}, {2, 3}], [{8, 1}, {7}, {6}, {2, 5}, {3, 4}], [{8, 2}, {1, 7}, {3, 6}, {4, 5}], [{8, 2}, {1, 7}, {3, 6}, {5}, {4}], [{8, 2}, {1, 7}, {4, 6}, {3, 5}], [{8, 2}, {1, 7}, {5, 6}, {3, 4}], [{8, 2}, {3, 7}, {1, 6}, {4, 5}], [{8, 2}, {3, 7}, {4, 6}, {1, 5}], [{8, 2}, {3, 7}, {4, 6}, {5}, {1}], [{8, 2}, {3, 7}, {5, 6}, {1, 4}], [{8, 2}, {3, 7}, {6}, {1, 5}, {4}], [{8, 2}, {4, 7}, {1, 6}, {3, 5}], [{8, 2}, {4, 7}, {3, 6}, {1, 5}], [{8, 2}, {4, 7}, {5, 6}, {1, 3}], [{8, 2}, {5, 7}, {1, 6}, {3, 4}], [{8, 2}, {5, 7}, {3, 6}, {1, 4}], [{8, 2}, {5, 7}, {3, 6}, {4}, {1}], [{8, 2}, {5, 7}, {4, 6}, {1, 3}], [{8, 2}, {6, 7}, {1, 5}, {3, 4}], [{8, 2}, {6, 7}, {1, 5}, {4}, {3}], [{8, 2}, {6, 7}, {3, 5}, {1, 4}], [{8, 2}, {6, 7}, {4, 5}, {1, 3}], [{8, 2}, {6, 7}, {4, 5}, {3}, {1}], [{8, 2}, {6, 7}, {5}, {1, 4}, {3}], [{8, 2}, {7}, {3, 6}, {1, 5}, {4}], [{8, 2}, {7}, {6}, {3, 5}, {1, 4}], [{8, 3}, {1, 7}, {2, 6}, {4, 5}], [{8, 3}, {1, 7}, {2, 6}, {5}, {4}], [{8, 3}, {1, 7}, {4, 6}, {2, 5}], [{8, 3}, {1, 7}, {5, 6}, {2, 4}], [{8, 3}, {2, 7}, {1, 6}, {4, 5}], [{8, 3}, {2, 7}, {1, 6}, {5}, {4}], [{8, 3}, {2, 7}, {4, 6}, {1, 5}], [{8, 3}, {2, 7}, {5, 6}, {1, 4}], [{8, 3}, {4, 7}, {1, 6}, {2, 5}], [{8, 3}, {4, 7}, {2, 6}, {1, 5}], [{8, 3}, {4, 7}, {5, 6}, {1, 2}], [{8, 3}, {5, 7}, {1, 6}, {2, 4}], [{8, 3}, {5, 7}, {2, 6}, {1, 4}], [{8, 3}, {5, 7}, {4, 6}, {1, 2}], [{8, 3}, {5, 7}, {6}, {2, 4}, {1}], [{8, 3}, {6, 7}, {1, 5}, {2, 4}], [{8, 3}, {6, 7}, {2, 5}, {1, 4}], [{8, 3}, {6, 7}, {4, 5}, {1, 2}], [{8, 3}, {6, 7}, {5}, {1, 4}, {2}], [{8, 3}, {6, 7}, {5}, {2, 4}, {1}], [{8, 3}, {6, 7}, {5}, {4}, {1, 2}], [{8, 3}, {7}, {4, 6}, {1, 5}, {2}], [{8, 3}, {7}, {5, 6}, {2, 4}, {1}], [{8, 3}, {7}, {6}, {2, 5}, {1, 4}], [{8, 3}, {7}, {6}, {4, 5}, {1, 2}], [{8, 4}, {1, 7}, {2, 6}, {3, 5}], [{8, 4}, {1, 7}, {3, 6}, {2, 5}], [{8, 4}, {1, 7}, {5, 6}, {2, 3}], [{8, 4}, {1, 7}, {5, 6}, {3}, {2}], [{8, 4}, {2, 7}, {1, 6}, {3, 5}], [{8, 4}, {2, 7}, {3, 6}, {1, 5}], [{8, 4}, {2, 7}, {5, 6}, {1, 3}], [{8, 4}, {3, 7}, {1, 6}, {2, 5}], [{8, 4}, {3, 7}, {1, 6}, {5}, {2}], [{8, 4}, {3, 7}, {2, 6}, {1, 5}], [{8, 4}, {3, 7}, {2, 6}, {5}, {1}], [{8, 4}, {3, 7}, {5, 6}, {1, 2}], [{8, 4}, {3, 7}, {6}, {5}, {1, 2}], [{8, 4}, {5, 7}, {1, 6}, {2, 3}], [{8, 4}, {5, 7}, {2, 6}, {1, 3}], [{8, 4}, {5, 7}, {3, 6}, {1, 2}], [{8, 4}, {5, 7}, {3, 6}, {2}, {1}], [{8, 4}, {6, 7}, {1, 5}, {2, 3}], [{8, 4}, {6, 7}, {1, 5}, {3}, {2}], [{8, 4}, {6, 7}, {2, 5}, {1, 3}], [{8, 4}, {6, 7}, {3, 5}, {1, 2}], [{8, 4}, {7}, {6}, {2, 5}, {1, 3}], [{8, 5}, {1, 7}, {2, 6}, {3, 4}], [{8, 5}, {1, 7}, {3, 6}, {2, 4}], [{8, 5}, {1, 7}, {4, 6}, {2, 3}], [{8, 5}, {1, 7}, {4, 6}, {3}, {2}], [{8, 5}, {2, 7}, {1, 6}, {3, 4}], [{8, 5}, {2, 7}, {3, 6}, {1, 4}], [{8, 5}, {2, 7}, {4, 6}, {1, 3}], [{8, 5}, {3, 7}, {1, 6}, {2, 4}], [{8, 5}, {3, 7}, {2, 6}, {1, 4}], [{8, 5}, {3, 7}, {4, 6}, {1, 2}], [{8, 5}, {4, 7}, {1, 6}, {2, 3}], [{8, 5}, {4, 7}, {2, 6}, {1, 3}], [{8, 5}, {4, 7}, {3, 6}, {1, 2}], [{8, 5}, {6, 7}, {1, 4}, {2, 3}], [{8, 5}, {6, 7}, {1, 4}, {3}, {2}], [{8, 5}, {6, 7}, {2, 4}, {1, 3}], [{8, 5}, {6, 7}, {3, 4}, {1, 2}], [{8, 5}, {7}, {6}, {1, 4}, {2, 3}], [{8, 6}, {1, 7}, {2, 5}, {3, 4}], [{8, 6}, {1, 7}, {2, 5}, {4}, {3}], [{8, 6}, {1, 7}, {3, 5}, {2, 4}], [{8, 6}, {1, 7}, {3, 5}, {4}, {2}], [{8, 6}, {1, 7}, {4, 5}, {2, 3}], [{8, 6}, {1, 7}, {4, 5}, {3}, {2}], [{8, 6}, {1, 7}, {5}, {2, 4}, {3}], [{8, 6}, {1, 7}, {5}, {3, 4}, {2}], [{8, 6}, {1, 7}, {5}, {4}, {2, 3}], [{8, 6}, {1, 7}, {5}, {4}, {3}, {2}], [{8, 6}, {2, 7}, {1, 5}, {3, 4}], [{8, 6}, {2, 7}, {3, 5}, {1, 4}], [{8, 6}, {2, 7}, {3, 5}, {4}, {1}], [{8, 6}, {2, 7}, {4, 5}, {1, 3}], [{8, 6}, {3, 7}, {1, 5}, {2, 4}], [{8, 6}, {3, 7}, {2, 5}, {1, 4}], [{8, 6}, {3, 7}, {2, 5}, {4}, {1}], [{8, 6}, {3, 7}, {4, 5}, {1, 2}], [{8, 6}, {3, 7}, {5}, {1, 4}, {2}], [{8, 6}, {4, 7}, {1, 5}, {2, 3}], [{8, 6}, {4, 7}, {2, 5}, {1, 3}], [{8, 6}, {4, 7}, {2, 5}, {3}, {1}], [{8, 6}, {4, 7}, {3, 5}, {1, 2}], [{8, 6}, {4, 7}, {5}, {1, 3}, {2}], [{8, 6}, {5, 7}, {1, 4}, {2, 3}], [{8, 6}, {5, 7}, {2, 4}, {1, 3}], [{8, 6}, {5, 7}, {2, 4}, {3}, {1}], [{8, 6}, {5, 7}, {3, 4}, {1, 2}], [{8, 6}, {7}, {1, 5}, {2, 4}, {3}], [{8, 6}, {7}, {2, 5}, {1, 4}, {3}], [{8, 6}, {7}, {2, 5}, {3, 4}, {1}], [{8, 6}, {7}, {2, 5}, {4}, {1, 3}], [{8, 6}, {7}, {3, 5}, {4}, {1, 2}], [{8, 7}, {1, 6}, {2, 5}, {3, 4}], [{8, 7}, {1, 6}, {3, 5}, {2, 4}], [{8, 7}, {1, 6}, {4, 5}, {2, 3}], [{8, 7}, {2, 6}, {1, 5}, {3, 4}], [{8, 7}, {2, 6}, {1, 5}, {4}, {3}], [{8, 7}, {2, 6}, {3, 5}, {1, 4}], [{8, 7}, {2, 6}, {4, 5}, {1, 3}], [{8, 7}, {2, 6}, {4, 5}, {3}, {1}], [{8, 7}, {2, 6}, {5}, {1, 4}, {3}], [{8, 7}, {3, 6}, {1, 5}, {2, 4}], [{8, 7}, {3, 6}, {2, 5}, {1, 4}], [{8, 7}, {3, 6}, {4, 5}, {1, 2}], [{8, 7}, {4, 6}, {1, 5}, {2, 3}], [{8, 7}, {4, 6}, {1, 5}, {3}, {2}], [{8, 7}, {4, 6}, {2, 5}, {1, 3}], [{8, 7}, {4, 6}, {3, 5}, {1, 2}], [{8, 7}, {4, 6}, {3, 5}, {2}, {1}], [{8, 7}, {4, 6}, {5}, {1, 3}, {2}], [{8, 7}, {5, 6}, {1, 4}, {2, 3}], [{8, 7}, {5, 6}, {1, 4}, {3}, {2}], [{8, 7}, {5, 6}, {2, 4}, {1, 3}], [{8, 7}, {5, 6}, {3, 4}, {1, 2}], [{8, 7}, {6}, {1, 5}, {2, 4}, {3}], [{8, 7}, {6}, {2, 5}, {1, 4}, {3}], [{8, 7}, {6}, {2, 5}, {3, 4}, {1}], [{8, 7}, {6}, {2, 5}, {4}, {1, 3}], [{8}, {1, 7}, {6}, {2, 5}, {3, 4}], [{8}, {1, 7}, {6}, {3, 5}, {2, 4}], [{8}, {2, 7}, {5, 6}, {4}, {1, 3}], [{8}, {3, 7}, {4, 6}, {1, 5}, {2}], [{8}, {3, 7}, {6}, {2, 5}, {1, 4}], [{8}, {4, 7}, {2, 6}, {3, 5}, {1}], [{8}, {4, 7}, {6}, {2, 5}, {1, 3}], [{8}, {5, 7}, {2, 6}, {4}, {1, 3}], [{8}, {5, 7}, {3, 6}, {2, 4}, {1}], [{8}, {6, 7}, {1, 5}, {2, 4}, {3}], [{8}, {6, 7}, {2, 5}, {1, 4}, {3}], [{8}, {6, 7}, {2, 5}, {3, 4}, {1}], [{8}, {6, 7}, {2, 5}, {4}, {1, 3}], [{8}, {6, 7}, {3, 5}, {1, 4}, {2}], [{8}, {6, 7}, {5}, {1, 4}, {2, 3}], [{8}, {7}, {1, 6}, {2, 5}, {3, 4}], [{8}, {7}, {3, 6}, {2, 5}, {1, 4}], [{8}, {7}, {4, 6}, {2, 5}, {1, 3}], [{8}, {7}, {6}, {2, 5}, {1, 4}, {3}], [{8}, {7}, {6}, {2, 5}, {3, 4}, {1}], [{8}, {7}, {6}, {2, 5}, {4}, {1, 3}]]",2,12 K_1^3 - 16 K_1^2 - 14 K_1 K_2 - 2 K_1 + 8 K_2 + 4 K_3 + 9,O1O2O3U4O5U6U2O4U7U3O6U1U5O8O7U8,O1O2U3O4O5U6O7O3U1O6U4U7U2O8U5U8,O1O2U3O4O5U1O6O7U8U4O8U6U2U5O3U7,c,{'O1O2O3U4O5O4U6U3O7U1U5O8U2U7O6U8'},1,"<a href=""/flatknot/8.975952"">8.975952</a>",t^9-70t^7-262t^6-157t^5+336t^4+535t^3+752t^2+423t+60,t^3-3t,,
8.975953,O1O2O3U4O5O4U6U3O7U1U5O8U7U2O6U8,4,3z^3+34z^2+94z+77,3w^4z^3-6w^4z^2+40w^3z^2-16w^3z+110w^2z+77w,False,False,"[[ 0 -2  1  0  1  1 -3  1  1],[ 2  0  3  0  2  1 -2  2  1],[-1 -3  0 -1  0 -1 -3  1  1],[ 0  0  1  0  0  0 -1  1 -1],[-1 -2  0  0  0  1 -3  0  1],[-1 -1  1  0 -1  0 -2  1  0],[ 3  2  3  1  3  2  0  1  0],[-1 -2 -1 -1  0 -1 -1  0  1],[-1 -1 -1  1 -1  0  0 -1  0]]","[[ 0  1  1  1  1  1  0 -2 -3],[-1  0  1  1  0  0  0 -2 -3],[-1 -1  0  0  1  1  0 -1 -2],[-1 -1  0  0 -1 -1  1 -1  0],[-1  0 -1  1  0  1 -1 -3 -3],[-1  0 -1  1 -1  0 -1 -2 -1],[ 0  0  0 -1  1  1  0  0 -1],[ 2  2  1  1  3  2  0  0 -2],[ 3  3  2  0  3  1  1  2  0]]",True,"[-1,-1,-1,-1,-1,0,2,3,-1,-1,0,0,0,2,3,0,-1,-1,0,1,2,1,1,-1,1,0,-1,1,3,3,1,2,1,0,1,2]","[-3,-2,0,1,1,1,1,1,-1,2,1,1,2,3,4,2,0,1,2,1,2,0,1,1,0,2,0,1,-1,-1,-1,0,-1,-1,0,-1]",t^8+57t^6+319t^4+207t^2+1,"[-3,-2,0,1,1,1,1,1,-1,2,1,1,2,3,4,2,0,1,2,1,2,0,1,1,0,2,0,1,-1,-1,-1,0,-1,-1,0,-1]","[-1,-1,-1,-1,-1,0,2,3,-1,-1,-1,0,2,2,4,-1,0,-1,0,1,3,0,-1,0,0,1,1,1,1,1,1,2,2,2,2,-1]","[-3,-2,0,1,1,1,1,1,2,1,0,1,2,3,3,0,1,2,1,2,3,-1,1,0,0,1,-1,0,-1,-1,-1,0,-1,-1,1,0]",c,"[[{8, 1}, {2, 7}, {3, 6}, {4, 5}], [{8, 1}, {2, 7}, {4, 6}, {3, 5}], [{8, 1}, {2, 7}, {5, 6}, {3, 4}], [{8, 1}, {3, 7}, {2, 6}, {4, 5}], [{8, 1}, {3, 7}, {4, 6}, {2, 5}], [{8, 1}, {3, 7}, {5, 6}, {2, 4}], [{8, 1}, {3, 7}, {6}, {2, 5}, {4}], [{8, 1}, {4, 7}, {2, 6}, {3, 5}], [{8, 1}, {4, 7}, {3, 6}, {2, 5}], [{8, 1}, {4, 7}, {5, 6}, {2, 3}], [{8, 1}, {4, 7}, {6}, {2, 5}, {3}], [{8, 1}, {5, 7}, {2, 6}, {3, 4}], [{8, 1}, {5, 7}, {2, 6}, {4}, {3}], [{8, 1}, {5, 7}, {3, 6}, {2, 4}], [{8, 1}, {5, 7}, {4, 6}, {2, 3}], [{8, 1}, {6, 7}, {2, 5}, {3, 4}], [{8, 1}, {6, 7}, {3, 5}, {2, 4}], [{8, 1}, {6, 7}, {4, 5}, {2, 3}], [{8, 1}, {6, 7}, {5}, {3, 4}, {2}], [{8, 1}, {7}, {3, 6}, {5}, {2, 4}], [{8, 1}, {7}, {4, 6}, {3, 5}, {2}], [{8, 1}, {7}, {6}, {2, 5}, {3, 4}], [{8, 2}, {1, 7}, {3, 6}, {4, 5}], [{8, 2}, {1, 7}, {3, 6}, {5}, {4}], [{8, 2}, {1, 7}, {4, 6}, {3, 5}], [{8, 2}, {1, 7}, {5, 6}, {3, 4}], [{8, 2}, {3, 7}, {1, 6}, {4, 5}], [{8, 2}, {3, 7}, {4, 6}, {1, 5}], [{8, 2}, {3, 7}, {4, 6}, {5}, {1}], [{8, 2}, {3, 7}, {5, 6}, {1, 4}], [{8, 2}, {3, 7}, {6}, {1, 5}, {4}], [{8, 2}, {4, 7}, {1, 6}, {3, 5}], [{8, 2}, {4, 7}, {3, 6}, {1, 5}], [{8, 2}, {4, 7}, {5, 6}, {1, 3}], [{8, 2}, {5, 7}, {1, 6}, {3, 4}], [{8, 2}, {5, 7}, {3, 6}, {1, 4}], [{8, 2}, {5, 7}, {3, 6}, {4}, {1}], [{8, 2}, {5, 7}, {4, 6}, {1, 3}], [{8, 2}, {6, 7}, {1, 5}, {3, 4}], [{8, 2}, {6, 7}, {1, 5}, {4}, {3}], [{8, 2}, {6, 7}, {3, 5}, {1, 4}], [{8, 2}, {6, 7}, {4, 5}, {1, 3}], [{8, 2}, {6, 7}, {4, 5}, {3}, {1}], [{8, 2}, {6, 7}, {5}, {1, 4}, {3}], [{8, 2}, {7}, {3, 6}, {1, 5}, {4}], [{8, 2}, {7}, {5, 6}, {4}, {1, 3}], [{8, 3}, {1, 7}, {2, 6}, {4, 5}], [{8, 3}, {1, 7}, {2, 6}, {5}, {4}], [{8, 3}, {1, 7}, {4, 6}, {2, 5}], [{8, 3}, {1, 7}, {5, 6}, {2, 4}], [{8, 3}, {2, 7}, {1, 6}, {4, 5}], [{8, 3}, {2, 7}, {4, 6}, {1, 5}], [{8, 3}, {2, 7}, {5, 6}, {1, 4}], [{8, 3}, {4, 7}, {1, 6}, {2, 5}], [{8, 3}, {4, 7}, {2, 6}, {1, 5}], [{8, 3}, {4, 7}, {5, 6}, {1, 2}], [{8, 3}, {5, 7}, {1, 6}, {2, 4}], [{8, 3}, {5, 7}, {2, 6}, {1, 4}], [{8, 3}, {5, 7}, {2, 6}, {4}, {1}], [{8, 3}, {5, 7}, {4, 6}, {1, 2}], [{8, 3}, {6, 7}, {1, 5}, {2, 4}], [{8, 3}, {6, 7}, {2, 5}, {1, 4}], [{8, 3}, {6, 7}, {4, 5}, {1, 2}], [{8, 3}, {6, 7}, {5}, {1, 4}, {2}], [{8, 3}, {6, 7}, {5}, {2, 4}, {1}], [{8, 3}, {6, 7}, {5}, {4}, {1, 2}], [{8, 3}, {7}, {1, 6}, {2, 5}, {4}], [{8, 3}, {7}, {2, 6}, {1, 5}, {4}], [{8, 3}, {7}, {4, 6}, {2, 5}, {1}], [{8, 3}, {7}, {6}, {2, 5}, {1, 4}], [{8, 3}, {7}, {6}, {4, 5}, {1, 2}], [{8, 4}, {1, 7}, {2, 6}, {3, 5}], [{8, 4}, {1, 7}, {3, 6}, {2, 5}], [{8, 4}, {1, 7}, {5, 6}, {2, 3}], [{8, 4}, {1, 7}, {5, 6}, {3}, {2}], [{8, 4}, {2, 7}, {1, 6}, {3, 5}], [{8, 4}, {2, 7}, {3, 6}, {1, 5}], [{8, 4}, {2, 7}, {5, 6}, {1, 3}], [{8, 4}, {3, 7}, {1, 6}, {2, 5}], [{8, 4}, {3, 7}, {1, 6}, {5}, {2}], [{8, 4}, {3, 7}, {2, 6}, {1, 5}], [{8, 4}, {3, 7}, {2, 6}, {5}, {1}], [{8, 4}, {3, 7}, {5, 6}, {1, 2}], [{8, 4}, {3, 7}, {5, 6}, {2}, {1}], [{8, 4}, {3, 7}, {6}, {1, 5}, {2}], [{8, 4}, {3, 7}, {6}, {2, 5}, {1}], [{8, 4}, {3, 7}, {6}, {5}, {1, 2}], [{8, 4}, {3, 7}, {6}, {5}, {2}, {1}], [{8, 4}, {5, 7}, {1, 6}, {2, 3}], [{8, 4}, {5, 7}, {2, 6}, {1, 3}], [{8, 4}, {5, 7}, {3, 6}, {1, 2}], [{8, 4}, {6, 7}, {1, 5}, {2, 3}], [{8, 4}, {6, 7}, {2, 5}, {1, 3}], [{8, 4}, {6, 7}, {2, 5}, {3}, {1}], [{8, 4}, {6, 7}, {3, 5}, {1, 2}], [{8, 4}, {7}, {3, 6}, {2, 5}, {1}], [{8, 4}, {7}, {5, 6}, {1, 3}, {2}], [{8, 5}, {1, 7}, {2, 6}, {3, 4}], [{8, 5}, {1, 7}, {2, 6}, {4}, {3}], [{8, 5}, {1, 7}, {3, 6}, {2, 4}], [{8, 5}, {1, 7}, {4, 6}, {2, 3}], [{8, 5}, {2, 7}, {1, 6}, {3, 4}], [{8, 5}, {2, 7}, {3, 6}, {1, 4}], [{8, 5}, {2, 7}, {4, 6}, {1, 3}], [{8, 5}, {2, 7}, {4, 6}, {3}, {1}], [{8, 5}, {3, 7}, {1, 6}, {2, 4}], [{8, 5}, {3, 7}, {2, 6}, {1, 4}], [{8, 5}, {3, 7}, {4, 6}, {1, 2}], [{8, 5}, {4, 7}, {1, 6}, {2, 3}], [{8, 5}, {4, 7}, {2, 6}, {1, 3}], [{8, 5}, {4, 7}, {3, 6}, {1, 2}], [{8, 5}, {6, 7}, {1, 4}, {2, 3}], [{8, 5}, {6, 7}, {2, 4}, {1, 3}], [{8, 5}, {6, 7}, {2, 4}, {3}, {1}], [{8, 5}, {6, 7}, {3, 4}, {1, 2}], [{8, 5}, {7}, {1, 6}, {3, 4}, {2}], [{8, 5}, {7}, {6}, {1, 4}, {2, 3}], [{8, 6}, {1, 7}, {2, 5}, {3, 4}], [{8, 6}, {1, 7}, {3, 5}, {2, 4}], [{8, 6}, {1, 7}, {4, 5}, {2, 3}], [{8, 6}, {2, 7}, {1, 5}, {3, 4}], [{8, 6}, {2, 7}, {3, 5}, {1, 4}], [{8, 6}, {2, 7}, {3, 5}, {4}, {1}], [{8, 6}, {2, 7}, {4, 5}, {1, 3}], [{8, 6}, {3, 7}, {1, 5}, {2, 4}], [{8, 6}, {3, 7}, {1, 5}, {4}, {2}], [{8, 6}, {3, 7}, {2, 5}, {1, 4}], [{8, 6}, {3, 7}, {4, 5}, {1, 2}], [{8, 6}, {3, 7}, {5}, {2, 4}, {1}], [{8, 6}, {4, 7}, {1, 5}, {2, 3}], [{8, 6}, {4, 7}, {2, 5}, {1, 3}], [{8, 6}, {4, 7}, {2, 5}, {3}, {1}], [{8, 6}, {4, 7}, {3, 5}, {1, 2}], [{8, 6}, {5, 7}, {1, 4}, {2, 3}], [{8, 6}, {5, 7}, {2, 4}, {1, 3}], [{8, 6}, {5, 7}, {3, 4}, {1, 2}], [{8, 7}, {1, 6}, {2, 5}, {3, 4}], [{8, 7}, {1, 6}, {3, 5}, {2, 4}], [{8, 7}, {1, 6}, {4, 5}, {2, 3}], [{8, 7}, {2, 6}, {1, 5}, {3, 4}], [{8, 7}, {2, 6}, {1, 5}, {4}, {3}], [{8, 7}, {2, 6}, {3, 5}, {1, 4}], [{8, 7}, {2, 6}, {4, 5}, {1, 3}], [{8, 7}, {2, 6}, {4, 5}, {3}, {1}], [{8, 7}, {2, 6}, {5}, {1, 4}, {3}], [{8, 7}, {3, 6}, {1, 5}, {2, 4}], [{8, 7}, {3, 6}, {2, 5}, {1, 4}], [{8, 7}, {3, 6}, {4, 5}, {1, 2}], [{8, 7}, {4, 6}, {1, 5}, {2, 3}], [{8, 7}, {4, 6}, {2, 5}, {1, 3}], [{8, 7}, {4, 6}, {3, 5}, {1, 2}], [{8, 7}, {5, 6}, {1, 4}, {2, 3}], [{8, 7}, {5, 6}, {1, 4}, {3}, {2}], [{8, 7}, {5, 6}, {2, 4}, {1, 3}], [{8, 7}, {5, 6}, {3, 4}, {1, 2}], [{8, 7}, {5, 6}, {3, 4}, {2}, {1}], [{8, 7}, {5, 6}, {4}, {1, 3}, {2}], [{8, 7}, {6}, {2, 5}, {1, 4}, {3}], [{8}, {1, 7}, {2, 6}, {3, 5}, {4}], [{8}, {2, 7}, {5, 6}, {4}, {1, 3}], [{8}, {3, 7}, {2, 6}, {1, 5}, {4}], [{8}, {3, 7}, {4, 6}, {1, 5}, {2}], [{8}, {3, 7}, {6}, {1, 5}, {2, 4}], [{8}, {3, 7}, {6}, {2, 5}, {1, 4}], [{8}, {4, 7}, {1, 6}, {2, 5}, {3}], [{8}, {4, 7}, {5, 6}, {1, 3}, {2}], [{8}, {5, 7}, {2, 6}, {4}, {1, 3}], [{8}, {6, 7}, {2, 5}, {4}, {1, 3}], [{8}, {6, 7}, {3, 5}, {2, 4}, {1}], [{8}, {6, 7}, {5}, {1, 4}, {2, 3}], [{8}, {7}, {5, 6}, {2, 4}, {1, 3}], [{8}, {7}, {5, 6}, {4}, {1, 3}, {2}]]",2,12 K_1^3 - 6 K_1^2 - 10 K_1 K_2 - 4 K_1 + 3 K_2 + 2 K_3 + 4,O1O2O3U4O5U2U6O4U7U3O6U1U5O8O7U8,O1O2U3O4O5U6O3O7U1O6U4U7U2O8U5U8,O1O2U3O4O5U2O6O7U8U4O8U6U1U5O3U7,c,{'O1O2O3U4O5O4U6U3O7U1U5O8U7U2O6U8'},1,"<a href=""/flatknot/8.975953"">8.975953</a>",t^9-65t^7-178t^6+130t^5+544t^4+257t^3+52t^2+21t,t^3+t^2-5t,,
8.975954,O1O2O3U4O5O4U6U3O7U1U5O8U7U8O6U2,4,15z^2+100z+141,15w^3z^2+100w^2z+141w,False,False,"[[ 0 -2  1  0  1  1 -3  1  1],[ 2  0  2  0  2  1 -1  2  1],[-1 -2  0  0  0  0 -3  0  1],[ 0  0  0  0  0  0 -1  1  0],[-1 -2  0  0  0  1 -3  0  1],[-1 -1  0  0 -1  0 -2  1  1],[ 3  1  3  1  3  2  0  2  0],[-1 -2  0 -1  0 -1 -2  0  1],[-1 -1 -1  0 -1 -1  0 -1  0]]","[[ 0  1  1  1  1  1  0 -2 -3],[-1  0  1  1  0  0  0 -2 -3],[-1 -1  0  1  1  0  0 -1 -2],[-1 -1 -1  0 -1 -1  0 -1  0],[-1  0 -1  1  0  0 -1 -2 -2],[-1  0  0  1  0  0  0 -2 -3],[ 0  0  0  0  1  0  0  0 -1],[ 2  2  1  1  2  2  0  0 -1],[ 3  3  2  0  2  3  1  1  0]]",True,"[-1,-1,-1,-1,-1,0,2,3,-1,-1,0,0,0,2,3,-1,-1,0,0,1,2,1,1,0,1,0,0,1,2,2,0,2,3,0,1,1]","[-3,-2,0,1,1,1,1,1,0,2,1,1,2,2,4,2,1,1,1,2,2,1,1,0,1,1,0,0,-1,-1,0,0,-1,1,-1,-1]",t^8+49t^6+155t^4+70t^2+4,"[-3,-2,0,1,1,1,1,1,0,2,1,1,2,2,4,2,1,1,1,2,2,1,1,0,1,1,0,0,-1,-1,0,0,-1,1,-1,-1]","[-1,-1,-1,-1,-1,0,2,3,-1,-1,-1,-1,1,2,4,-1,0,0,0,1,2,-1,0,1,2,2,0,1,1,1,1,1,1,2,2,0]","[-3,-2,0,1,1,1,1,1,1,1,0,2,2,3,3,0,1,1,2,2,2,0,0,1,0,0,-1,-1,-1,-1,1,-1,0,0,0,0]",c,"[[{8, 1}, {2, 7}, {3, 6}, {4, 5}], [{8, 1}, {2, 7}, {4, 6}, {3, 5}], [{8, 1}, {2, 7}, {4, 6}, {5}, {3}], [{8, 1}, {2, 7}, {5, 6}, {3, 4}], [{8, 1}, {3, 7}, {2, 6}, {4, 5}], [{8, 1}, {3, 7}, {4, 6}, {2, 5}], [{8, 1}, {3, 7}, {5, 6}, {2, 4}], [{8, 1}, {3, 7}, {5, 6}, {4}, {2}], [{8, 1}, {4, 7}, {2, 6}, {3, 5}], [{8, 1}, {4, 7}, {2, 6}, {5}, {3}], [{8, 1}, {4, 7}, {3, 6}, {2, 5}], [{8, 1}, {4, 7}, {3, 6}, {5}, {2}], [{8, 1}, {4, 7}, {5, 6}, {2, 3}], [{8, 1}, {4, 7}, {6}, {5}, {2, 3}], [{8, 1}, {5, 7}, {2, 6}, {3, 4}], [{8, 1}, {5, 7}, {3, 6}, {2, 4}], [{8, 1}, {5, 7}, {4, 6}, {2, 3}], [{8, 1}, {5, 7}, {6}, {4}, {2, 3}], [{8, 1}, {6, 7}, {2, 5}, {3, 4}], [{8, 1}, {6, 7}, {2, 5}, {4}, {3}], [{8, 1}, {6, 7}, {3, 5}, {2, 4}], [{8, 1}, {6, 7}, {4, 5}, {2, 3}], [{8, 1}, {6, 7}, {4, 5}, {3}, {2}], [{8, 1}, {6, 7}, {5}, {2, 4}, {3}], [{8, 1}, {7}, {6}, {2, 5}, {3, 4}], [{8, 1}, {7}, {6}, {4, 5}, {2, 3}], [{8, 2}, {1, 7}, {3, 6}, {4, 5}], [{8, 2}, {1, 7}, {3, 6}, {5}, {4}], [{8, 2}, {1, 7}, {4, 6}, {3, 5}], [{8, 2}, {1, 7}, {5, 6}, {3, 4}], [{8, 2}, {3, 7}, {1, 6}, {4, 5}], [{8, 2}, {3, 7}, {4, 6}, {1, 5}], [{8, 2}, {3, 7}, {4, 6}, {5}, {1}], [{8, 2}, {3, 7}, {5, 6}, {1, 4}], [{8, 2}, {3, 7}, {6}, {1, 5}, {4}], [{8, 2}, {4, 7}, {1, 6}, {3, 5}], [{8, 2}, {4, 7}, {3, 6}, {1, 5}], [{8, 2}, {4, 7}, {5, 6}, {1, 3}], [{8, 2}, {5, 7}, {1, 6}, {3, 4}], [{8, 2}, {5, 7}, {3, 6}, {1, 4}], [{8, 2}, {5, 7}, {3, 6}, {4}, {1}], [{8, 2}, {5, 7}, {4, 6}, {1, 3}], [{8, 2}, {6, 7}, {1, 5}, {3, 4}], [{8, 2}, {6, 7}, {1, 5}, {4}, {3}], [{8, 2}, {6, 7}, {3, 5}, {1, 4}], [{8, 2}, {6, 7}, {4, 5}, {1, 3}], [{8, 2}, {6, 7}, {4, 5}, {3}, {1}], [{8, 2}, {6, 7}, {5}, {1, 4}, {3}], [{8, 2}, {7}, {3, 6}, {1, 5}, {4}], [{8, 3}, {1, 7}, {2, 6}, {4, 5}], [{8, 3}, {1, 7}, {4, 6}, {2, 5}], [{8, 3}, {1, 7}, {5, 6}, {2, 4}], [{8, 3}, {1, 7}, {5, 6}, {4}, {2}], [{8, 3}, {2, 7}, {1, 6}, {4, 5}], [{8, 3}, {2, 7}, {4, 6}, {1, 5}], [{8, 3}, {2, 7}, {5, 6}, {1, 4}], [{8, 3}, {2, 7}, {6}, {4, 5}, {1}], [{8, 3}, {4, 7}, {1, 6}, {2, 5}], [{8, 3}, {4, 7}, {2, 6}, {1, 5}], [{8, 3}, {4, 7}, {5, 6}, {1, 2}], [{8, 3}, {4, 7}, {6}, {2, 5}, {1}], [{8, 3}, {5, 7}, {1, 6}, {2, 4}], [{8, 3}, {5, 7}, {2, 6}, {1, 4}], [{8, 3}, {5, 7}, {4, 6}, {1, 2}], [{8, 3}, {5, 7}, {6}, {2, 4}, {1}], [{8, 3}, {6, 7}, {1, 5}, {2, 4}], [{8, 3}, {6, 7}, {1, 5}, {4}, {2}], [{8, 3}, {6, 7}, {2, 5}, {1, 4}], [{8, 3}, {6, 7}, {4, 5}, {1, 2}], [{8, 3}, {7}, {2, 6}, {5}, {1, 4}], [{8, 3}, {7}, {4, 6}, {5}, {1, 2}], [{8, 4}, {1, 7}, {2, 6}, {3, 5}], [{8, 4}, {1, 7}, {3, 6}, {2, 5}], [{8, 4}, {1, 7}, {3, 6}, {5}, {2}], [{8, 4}, {1, 7}, {5, 6}, {2, 3}], [{8, 4}, {1, 7}, {5, 6}, {3}, {2}], [{8, 4}, {1, 7}, {6}, {3, 5}, {2}], [{8, 4}, {2, 7}, {1, 6}, {3, 5}], [{8, 4}, {2, 7}, {3, 6}, {1, 5}], [{8, 4}, {2, 7}, {5, 6}, {1, 3}], [{8, 4}, {3, 7}, {1, 6}, {2, 5}], [{8, 4}, {3, 7}, {2, 6}, {1, 5}], [{8, 4}, {3, 7}, {2, 6}, {5}, {1}], [{8, 4}, {3, 7}, {5, 6}, {1, 2}], [{8, 4}, {3, 7}, {6}, {1, 5}, {2}], [{8, 4}, {5, 7}, {1, 6}, {2, 3}], [{8, 4}, {5, 7}, {1, 6}, {3}, {2}], [{8, 4}, {5, 7}, {2, 6}, {1, 3}], [{8, 4}, {5, 7}, {3, 6}, {1, 2}], [{8, 4}, {5, 7}, {3, 6}, {2}, {1}], [{8, 4}, {5, 7}, {6}, {1, 3}, {2}], [{8, 4}, {6, 7}, {1, 5}, {2, 3}], [{8, 4}, {6, 7}, {1, 5}, {3}, {2}], [{8, 4}, {6, 7}, {2, 5}, {1, 3}], [{8, 4}, {6, 7}, {2, 5}, {3}, {1}], [{8, 4}, {6, 7}, {3, 5}, {1, 2}], [{8, 4}, {6, 7}, {5}, {3}, {1, 2}], [{8, 4}, {7}, {3, 6}, {1, 5}, {2}], [{8, 5}, {1, 7}, {2, 6}, {3, 4}], [{8, 5}, {1, 7}, {3, 6}, {2, 4}], [{8, 5}, {1, 7}, {4, 6}, {2, 3}], [{8, 5}, {1, 7}, {6}, {2, 4}, {3}], [{8, 5}, {2, 7}, {1, 6}, {3, 4}], [{8, 5}, {2, 7}, {3, 6}, {1, 4}], [{8, 5}, {2, 7}, {4, 6}, {1, 3}], [{8, 5}, {2, 7}, {4, 6}, {3}, {1}], [{8, 5}, {3, 7}, {1, 6}, {2, 4}], [{8, 5}, {3, 7}, {1, 6}, {4}, {2}], [{8, 5}, {3, 7}, {2, 6}, {1, 4}], [{8, 5}, {3, 7}, {4, 6}, {1, 2}], [{8, 5}, {4, 7}, {1, 6}, {2, 3}], [{8, 5}, {4, 7}, {2, 6}, {1, 3}], [{8, 5}, {4, 7}, {2, 6}, {3}, {1}], [{8, 5}, {4, 7}, {3, 6}, {1, 2}], [{8, 5}, {4, 7}, {3, 6}, {2}, {1}], [{8, 5}, {4, 7}, {6}, {2, 3}, {1}], [{8, 5}, {6, 7}, {1, 4}, {2, 3}], [{8, 5}, {6, 7}, {1, 4}, {3}, {2}], [{8, 5}, {6, 7}, {2, 4}, {1, 3}], [{8, 5}, {6, 7}, {2, 4}, {3}, {1}], [{8, 5}, {6, 7}, {3, 4}, {1, 2}], [{8, 5}, {6, 7}, {4}, {3}, {1, 2}], [{8, 5}, {7}, {1, 6}, {2, 4}, {3}], [{8, 6}, {1, 7}, {2, 5}, {3, 4}], [{8, 6}, {1, 7}, {2, 5}, {4}, {3}], [{8, 6}, {1, 7}, {3, 5}, {2, 4}], [{8, 6}, {1, 7}, {4, 5}, {2, 3}], [{8, 6}, {2, 7}, {1, 5}, {3, 4}], [{8, 6}, {2, 7}, {3, 5}, {1, 4}], [{8, 6}, {2, 7}, {4, 5}, {1, 3}], [{8, 6}, {3, 7}, {1, 5}, {2, 4}], [{8, 6}, {3, 7}, {1, 5}, {4}, {2}], [{8, 6}, {3, 7}, {2, 5}, {1, 4}], [{8, 6}, {3, 7}, {2, 5}, {4}, {1}], [{8, 6}, {3, 7}, {4, 5}, {1, 2}], [{8, 6}, {3, 7}, {4, 5}, {2}, {1}], [{8, 6}, {3, 7}, {5}, {1, 4}, {2}], [{8, 6}, {3, 7}, {5}, {2, 4}, {1}], [{8, 6}, {3, 7}, {5}, {4}, {1, 2}], [{8, 6}, {3, 7}, {5}, {4}, {2}, {1}], [{8, 6}, {4, 7}, {1, 5}, {2, 3}], [{8, 6}, {4, 7}, {2, 5}, {1, 3}], [{8, 6}, {4, 7}, {3, 5}, {1, 2}], [{8, 6}, {5, 7}, {1, 4}, {2, 3}], [{8, 6}, {5, 7}, {1, 4}, {3}, {2}], [{8, 6}, {5, 7}, {2, 4}, {1, 3}], [{8, 6}, {5, 7}, {2, 4}, {3}, {1}], [{8, 6}, {5, 7}, {3, 4}, {1, 2}], [{8, 6}, {5, 7}, {4}, {3}, {1, 2}], [{8, 6}, {7}, {2, 5}, {4}, {1, 3}], [{8, 6}, {7}, {3, 5}, {1, 4}, {2}], [{8, 6}, {7}, {3, 5}, {2, 4}, {1}], [{8, 6}, {7}, {3, 5}, {4}, {1, 2}], [{8, 7}, {1, 6}, {2, 5}, {3, 4}], [{8, 7}, {1, 6}, {2, 5}, {4}, {3}], [{8, 7}, {1, 6}, {3, 5}, {2, 4}], [{8, 7}, {1, 6}, {3, 5}, {4}, {2}], [{8, 7}, {1, 6}, {4, 5}, {2, 3}], [{8, 7}, {1, 6}, {5}, {4}, {2, 3}], [{8, 7}, {2, 6}, {1, 5}, {3, 4}], [{8, 7}, {2, 6}, {3, 5}, {1, 4}], [{8, 7}, {2, 6}, {4, 5}, {1, 3}], [{8, 7}, {3, 6}, {1, 5}, {2, 4}], [{8, 7}, {3, 6}, {1, 5}, {4}, {2}], [{8, 7}, {3, 6}, {2, 5}, {1, 4}], [{8, 7}, {3, 6}, {4, 5}, {1, 2}], [{8, 7}, {4, 6}, {1, 5}, {2, 3}], [{8, 7}, {4, 6}, {2, 5}, {1, 3}], [{8, 7}, {4, 6}, {3, 5}, {1, 2}], [{8, 7}, {5, 6}, {1, 4}, {2, 3}], [{8, 7}, {5, 6}, {1, 4}, {3}, {2}], [{8, 7}, {5, 6}, {2, 4}, {1, 3}], [{8, 7}, {5, 6}, {2, 4}, {3}, {1}], [{8, 7}, {5, 6}, {3, 4}, {1, 2}], [{8, 7}, {5, 6}, {4}, {3}, {1, 2}], [{8}, {1, 7}, {3, 6}, {5}, {2, 4}], [{8}, {1, 7}, {5, 6}, {3, 4}, {2}], [{8}, {2, 7}, {1, 6}, {5}, {3, 4}], [{8}, {2, 7}, {3, 6}, {1, 5}, {4}], [{8}, {2, 7}, {4, 6}, {1, 5}, {3}], [{8}, {2, 7}, {5, 6}, {3, 4}, {1}], [{8}, {2, 7}, {6}, {1, 5}, {3, 4}], [{8}, {3, 7}, {2, 6}, {1, 5}, {4}], [{8}, {3, 7}, {4, 6}, {1, 5}, {2}], [{8}, {3, 7}, {6}, {1, 5}, {2, 4}], [{8}, {3, 7}, {6}, {1, 5}, {4}, {2}], [{8}, {4, 7}, {2, 6}, {1, 5}, {3}], [{8}, {4, 7}, {3, 6}, {1, 5}, {2}], [{8}, {4, 7}, {6}, {1, 5}, {2, 3}], [{8}, {4, 7}, {6}, {3, 5}, {1, 2}], [{8}, {5, 7}, {3, 6}, {2, 4}, {1}], [{8}, {6, 7}, {1, 5}, {2, 4}, {3}], [{8}, {6, 7}, {1, 5}, {3, 4}, {2}], [{8}, {6, 7}, {1, 5}, {4}, {2, 3}], [{8}, {6, 7}, {1, 5}, {4}, {3}, {2}], [{8}, {6, 7}, {2, 5}, {1, 4}, {3}], [{8}, {6, 7}, {4, 5}, {3}, {1, 2}], [{8}, {7}, {2, 6}, {1, 5}, {3, 4}], [{8}, {7}, {3, 6}, {1, 5}, {2, 4}], [{8}, {7}, {3, 6}, {1, 5}, {4}, {2}], [{8}, {7}, {4, 6}, {1, 5}, {2, 3}], [{8}, {7}, {5, 6}, {1, 4}, {2, 3}], [{8}, {7}, {5, 6}, {2, 4}, {1, 3}], [{8}, {7}, {5, 6}, {3, 4}, {1, 2}]]",2,4 K_1^3 - 34 K_1^2 - 10 K_1 K_2 + 2 K_1 + 17 K_2 + 4 K_3 + 18,O1O2O3U2O4U5U6O5U7U3O6U1U4O8O7U8,O1O2U3O4O5U6O3O6U1O7U4U7U2O8U5U8,O1O2U1O3O4U2O5O6U7U3O7U5U8U4O8U6,c,{'O1O2O3U4O5O4U6U3O7U1U5O8U7U8O6U2'},1,"<a href=""/flatknot/8.975954"">8.975954</a>",t^9-57t^7-86t^6+138t^5+142t^4-113t^3-52t^2+31t-2,t^3+t^2-5t,,
8.975955,O1O2O3U4O5O4U6U3O7U1U7O8U2U5O6U8,4,z^3+27z^2+109z+119,w^4z^3+27w^3z^2+109w^2z+119w,False,False,"[[ 0 -2  0  0  1  2 -3  1  1],[ 2  0  2  0  2  3 -2  1  1],[ 0 -2  0  0  0  1 -2  0  1],[ 0  0  0  0  0  0 -1  0  0],[-1 -2  0  0  0  2 -3  1  0],[-2 -3 -1  0 -2  0 -2  0  0],[ 3  2  2  1  3  2  0  1  1],[-1 -1  0  0 -1  0 -1  0  0],[-1 -1 -1  0  0  0 -1  0  0]]","[[ 0  2  1  1  1  0  0 -2 -3],[-2  0  0  0 -2  0 -1 -3 -2],[-1  0  0  0  0  0 -1 -1 -1],[-1  0  0  0 -1  0  0 -1 -1],[-1  2  0  1  0  0  0 -2 -3],[ 0  0  0  0  0  0  0  0 -1],[ 0  1  1  0  0  0  0 -2 -2],[ 2  3  1  1  2  0  2  0 -2],[ 3  2  1  1  3  1  2  2  0]]",True,"[-2,-1,-1,-1,0,0,2,3,0,0,2,0,1,3,2,0,0,0,1,1,1,1,0,0,1,1,0,0,2,3,0,0,1,2,2,2]","[-3,-2,0,0,1,1,1,2,-1,1,2,1,3,3,3,0,2,1,2,2,1,0,1,0,1,1,1,1,1,2,0,-1,-1,0,1,1]",t^8+50t^6+91t^4+35t^2,"[-3,-2,0,0,1,1,1,2,-1,1,2,1,3,3,3,0,2,1,2,2,1,0,1,0,1,1,1,1,1,2,0,-1,-1,0,1,1]","[-2,-1,-1,-1,0,0,2,3,-1,1,1,1,2,1,3,0,1,1,1,1,1,0,0,1,2,3,1,1,2,3,0,0,1,2,2,-1]","[-3,-2,0,0,1,1,1,2,2,1,2,1,1,3,2,0,2,1,1,2,3,0,0,0,0,0,0,1,0,1,0,-1,0,0,0,2]",c,"[[{8, 1}, {2, 7}, {3, 6}, {4, 5}], [{8, 1}, {2, 7}, {4, 6}, {3, 5}], [{8, 1}, {2, 7}, {4, 6}, {5}, {3}], [{8, 1}, {2, 7}, {5, 6}, {3, 4}], [{8, 1}, {2, 7}, {6}, {3, 5}, {4}], [{8, 1}, {3, 7}, {2, 6}, {4, 5}], [{8, 1}, {3, 7}, {4, 6}, {2, 5}], [{8, 1}, {3, 7}, {5, 6}, {2, 4}], [{8, 1}, {3, 7}, {6}, {5}, {2, 4}], [{8, 1}, {4, 7}, {2, 6}, {3, 5}], [{8, 1}, {4, 7}, {3, 6}, {2, 5}], [{8, 1}, {4, 7}, {5, 6}, {2, 3}], [{8, 1}, {5, 7}, {2, 6}, {3, 4}], [{8, 1}, {5, 7}, {3, 6}, {2, 4}], [{8, 1}, {5, 7}, {4, 6}, {2, 3}], [{8, 1}, {5, 7}, {6}, {4}, {2, 3}], [{8, 1}, {6, 7}, {2, 5}, {3, 4}], [{8, 1}, {6, 7}, {3, 5}, {2, 4}], [{8, 1}, {6, 7}, {4, 5}, {2, 3}], [{8, 1}, {6, 7}, {5}, {2, 4}, {3}], [{8, 1}, {7}, {2, 6}, {5}, {3, 4}], [{8, 1}, {7}, {3, 6}, {5}, {2, 4}], [{8, 1}, {7}, {4, 6}, {3, 5}, {2}], [{8, 1}, {7}, {5, 6}, {3, 4}, {2}], [{8, 1}, {7}, {6}, {2, 5}, {3, 4}], [{8, 2}, {1, 7}, {3, 6}, {4, 5}], [{8, 2}, {1, 7}, {4, 6}, {3, 5}], [{8, 2}, {1, 7}, {5, 6}, {3, 4}], [{8, 2}, {3, 7}, {1, 6}, {4, 5}], [{8, 2}, {3, 7}, {4, 6}, {1, 5}], [{8, 2}, {3, 7}, {4, 6}, {5}, {1}], [{8, 2}, {3, 7}, {5, 6}, {1, 4}], [{8, 2}, {3, 7}, {6}, {1, 5}, {4}], [{8, 2}, {4, 7}, {1, 6}, {3, 5}], [{8, 2}, {4, 7}, {1, 6}, {5}, {3}], [{8, 2}, {4, 7}, {3, 6}, {1, 5}], [{8, 2}, {4, 7}, {5, 6}, {1, 3}], [{8, 2}, {5, 7}, {1, 6}, {3, 4}], [{8, 2}, {5, 7}, {3, 6}, {1, 4}], [{8, 2}, {5, 7}, {4, 6}, {1, 3}], [{8, 2}, {6, 7}, {1, 5}, {3, 4}], [{8, 2}, {6, 7}, {3, 5}, {1, 4}], [{8, 2}, {6, 7}, {4, 5}, {1, 3}], [{8, 2}, {6, 7}, {5}, {1, 4}, {3}], [{8, 2}, {7}, {3, 6}, {4, 5}, {1}], [{8, 2}, {7}, {5, 6}, {4}, {1, 3}], [{8, 3}, {1, 7}, {2, 6}, {4, 5}], [{8, 3}, {1, 7}, {4, 6}, {2, 5}], [{8, 3}, {1, 7}, {5, 6}, {2, 4}], [{8, 3}, {1, 7}, {6}, {5}, {2, 4}], [{8, 3}, {2, 7}, {1, 6}, {4, 5}], [{8, 3}, {2, 7}, {1, 6}, {5}, {4}], [{8, 3}, {2, 7}, {4, 6}, {1, 5}], [{8, 3}, {2, 7}, {5, 6}, {1, 4}], [{8, 3}, {4, 7}, {1, 6}, {2, 5}], [{8, 3}, {4, 7}, {2, 6}, {1, 5}], [{8, 3}, {4, 7}, {5, 6}, {1, 2}], [{8, 3}, {5, 7}, {1, 6}, {2, 4}], [{8, 3}, {5, 7}, {2, 6}, {1, 4}], [{8, 3}, {5, 7}, {4, 6}, {1, 2}], [{8, 3}, {5, 7}, {6}, {2, 4}, {1}], [{8, 3}, {6, 7}, {1, 5}, {2, 4}], [{8, 3}, {6, 7}, {2, 5}, {1, 4}], [{8, 3}, {6, 7}, {4, 5}, {1, 2}], [{8, 3}, {7}, {4, 6}, {5}, {1, 2}], [{8, 3}, {7}, {6}, {1, 5}, {2, 4}], [{8, 4}, {1, 7}, {2, 6}, {3, 5}], [{8, 4}, {1, 7}, {3, 6}, {2, 5}], [{8, 4}, {1, 7}, {5, 6}, {2, 3}], [{8, 4}, {2, 7}, {1, 6}, {3, 5}], [{8, 4}, {2, 7}, {1, 6}, {5}, {3}], [{8, 4}, {2, 7}, {3, 6}, {1, 5}], [{8, 4}, {2, 7}, {5, 6}, {1, 3}], [{8, 4}, {3, 7}, {1, 6}, {2, 5}], [{8, 4}, {3, 7}, {2, 6}, {1, 5}], [{8, 4}, {3, 7}, {5, 6}, {1, 2}], [{8, 4}, {3, 7}, {6}, {1, 5}, {2}], [{8, 4}, {5, 7}, {1, 6}, {2, 3}], [{8, 4}, {5, 7}, {2, 6}, {1, 3}], [{8, 4}, {5, 7}, {3, 6}, {1, 2}], [{8, 4}, {6, 7}, {1, 5}, {2, 3}], [{8, 4}, {6, 7}, {2, 5}, {1, 3}], [{8, 4}, {6, 7}, {3, 5}, {1, 2}], [{8, 4}, {6, 7}, {3, 5}, {2}, {1}], [{8, 4}, {7}, {3, 6}, {2, 5}, {1}], [{8, 4}, {7}, {5, 6}, {1, 3}, {2}], [{8, 4}, {7}, {5, 6}, {2, 3}, {1}], [{8, 4}, {7}, {5, 6}, {3}, {1, 2}], [{8, 5}, {1, 7}, {2, 6}, {3, 4}], [{8, 5}, {1, 7}, {3, 6}, {2, 4}], [{8, 5}, {1, 7}, {3, 6}, {4}, {2}], [{8, 5}, {1, 7}, {4, 6}, {2, 3}], [{8, 5}, {2, 7}, {1, 6}, {3, 4}], [{8, 5}, {2, 7}, {3, 6}, {1, 4}], [{8, 5}, {2, 7}, {3, 6}, {4}, {1}], [{8, 5}, {2, 7}, {4, 6}, {1, 3}], [{8, 5}, {3, 7}, {1, 6}, {2, 4}], [{8, 5}, {3, 7}, {2, 6}, {1, 4}], [{8, 5}, {3, 7}, {4, 6}, {1, 2}], [{8, 5}, {3, 7}, {6}, {2, 4}, {1}], [{8, 5}, {4, 7}, {1, 6}, {2, 3}], [{8, 5}, {4, 7}, {2, 6}, {1, 3}], [{8, 5}, {4, 7}, {3, 6}, {1, 2}], [{8, 5}, {4, 7}, {3, 6}, {2}, {1}], [{8, 5}, {6, 7}, {1, 4}, {2, 3}], [{8, 5}, {6, 7}, {2, 4}, {1, 3}], [{8, 5}, {6, 7}, {2, 4}, {3}, {1}], [{8, 5}, {6, 7}, {3, 4}, {1, 2}], [{8, 5}, {7}, {2, 6}, {1, 4}, {3}], [{8, 5}, {7}, {3, 6}, {1, 4}, {2}], [{8, 5}, {7}, {3, 6}, {2, 4}, {1}], [{8, 5}, {7}, {3, 6}, {4}, {1, 2}], [{8, 5}, {7}, {3, 6}, {4}, {2}, {1}], [{8, 5}, {7}, {6}, {1, 4}, {2, 3}], [{8, 6}, {1, 7}, {2, 5}, {3, 4}], [{8, 6}, {1, 7}, {3, 5}, {2, 4}], [{8, 6}, {1, 7}, {4, 5}, {2, 3}], [{8, 6}, {1, 7}, {5}, {2, 4}, {3}], [{8, 6}, {2, 7}, {1, 5}, {3, 4}], [{8, 6}, {2, 7}, {3, 5}, {1, 4}], [{8, 6}, {2, 7}, {4, 5}, {1, 3}], [{8, 6}, {3, 7}, {1, 5}, {2, 4}], [{8, 6}, {3, 7}, {1, 5}, {4}, {2}], [{8, 6}, {3, 7}, {2, 5}, {1, 4}], [{8, 6}, {3, 7}, {4, 5}, {1, 2}], [{8, 6}, {4, 7}, {1, 5}, {2, 3}], [{8, 6}, {4, 7}, {2, 5}, {1, 3}], [{8, 6}, {4, 7}, {3, 5}, {1, 2}], [{8, 6}, {5, 7}, {1, 4}, {2, 3}], [{8, 6}, {5, 7}, {2, 4}, {1, 3}], [{8, 6}, {5, 7}, {2, 4}, {3}, {1}], [{8, 6}, {5, 7}, {3, 4}, {1, 2}], [{8, 6}, {5, 7}, {4}, {1, 3}, {2}], [{8, 6}, {7}, {1, 5}, {2, 4}, {3}], [{8, 7}, {1, 6}, {2, 5}, {3, 4}], [{8, 7}, {1, 6}, {3, 5}, {2, 4}], [{8, 7}, {1, 6}, {4, 5}, {2, 3}], [{8, 7}, {2, 6}, {1, 5}, {3, 4}], [{8, 7}, {2, 6}, {3, 5}, {1, 4}], [{8, 7}, {2, 6}, {3, 5}, {4}, {1}], [{8, 7}, {2, 6}, {4, 5}, {1, 3}], [{8, 7}, {3, 6}, {1, 5}, {2, 4}], [{8, 7}, {3, 6}, {2, 5}, {1, 4}], [{8, 7}, {3, 6}, {4, 5}, {1, 2}], [{8, 7}, {3, 6}, {5}, {2, 4}, {1}], [{8, 7}, {4, 6}, {1, 5}, {2, 3}], [{8, 7}, {4, 6}, {2, 5}, {1, 3}], [{8, 7}, {4, 6}, {3, 5}, {1, 2}], [{8, 7}, {4, 6}, {5}, {1, 3}, {2}], [{8, 7}, {5, 6}, {1, 4}, {2, 3}], [{8, 7}, {5, 6}, {2, 4}, {1, 3}], [{8, 7}, {5, 6}, {3, 4}, {1, 2}], [{8, 7}, {6}, {1, 5}, {2, 4}, {3}], [{8, 7}, {6}, {5}, {3, 4}, {1, 2}], [{8}, {1, 7}, {3, 6}, {5}, {2, 4}], [{8}, {1, 7}, {4, 6}, {5}, {2, 3}], [{8}, {1, 7}, {5, 6}, {4}, {2, 3}], [{8}, {1, 7}, {6}, {4, 5}, {2, 3}], [{8}, {2, 7}, {1, 6}, {5}, {3, 4}], [{8}, {2, 7}, {3, 6}, {5}, {1, 4}], [{8}, {2, 7}, {5, 6}, {3, 4}, {1}], [{8}, {2, 7}, {6}, {1, 5}, {3, 4}], [{8}, {3, 7}, {1, 6}, {2, 5}, {4}], [{8}, {3, 7}, {2, 6}, {1, 5}, {4}], [{8}, {3, 7}, {4, 6}, {1, 5}, {2}], [{8}, {3, 7}, {5, 6}, {4}, {1, 2}], [{8}, {3, 7}, {6}, {1, 5}, {2, 4}], [{8}, {3, 7}, {6}, {1, 5}, {4}, {2}], [{8}, {4, 7}, {3, 6}, {5}, {1, 2}], [{8}, {4, 7}, {6}, {1, 5}, {2, 3}], [{8}, {5, 7}, {3, 6}, {2, 4}, {1}], [{8}, {6, 7}, {1, 5}, {2, 4}, {3}], [{8}, {6, 7}, {4, 5}, {3}, {1, 2}], [{8}, {7}, {1, 6}, {3, 5}, {2, 4}], [{8}, {7}, {2, 6}, {4, 5}, {1, 3}], [{8}, {7}, {3, 6}, {1, 5}, {2, 4}], [{8}, {7}, {3, 6}, {5}, {2, 4}, {1}], [{8}, {7}, {4, 6}, {2, 5}, {1, 3}], [{8}, {7}, {5, 6}, {2, 4}, {1, 3}], [{8}, {7}, {6}, {1, 5}, {2, 4}, {3}]]",2,4 K_1^3 - 12 K_1^2 - 6 K_1 K_2 + 6 K_2 + 2 K_3 + 7,O1O2O3U4O5U6U2O4U7U3O7U1U5O8O6U8,O1O2U3O4O3U5O6O7U1O5U4U6U2O8U7U8,O1O2U3O4O5U4O6O7U8U1O8U6U2U5O3U7,c,{'O1O2O3U4O5O4U6U3O7U1U7O8U2U5O6U8'},1,"<a href=""/flatknot/8.975955"">8.975955</a>",t^9-56t^7-172t^6-41t^5+170t^4+67t^3+6t^2-13t-8,t^3-3t,,
8.975956,O1O2O3U4O5O4U6U3O7U1U7O8U2U8O6U5,4,z^3+20z^2+102z+133,w^4z^3+20w^3z^2+102w^2z+133w,False,False,"[[ 0 -2  0  0  1  2 -3  1  1],[ 2  0  2  0  2  2 -1  1  1],[ 0 -2  0  0  0  1 -2  0  1],[ 0  0  0  0  0 -1  0  0  0],[-1 -2  0  0  0  2 -4  1  1],[-2 -2 -1  1 -2  0 -2  0  0],[ 3  1  2  0  4  2  0  1  1],[-1 -1  0  0 -1  0 -1  0  0],[-1 -1 -1  0 -1  0 -1  0  0]]","[[ 0  2  1  1  1  0  0 -2 -3],[-2  0  0  0 -2  1 -1 -2 -2],[-1  0  0  0 -1  0  0 -1 -1],[-1  0  0  0 -1  0 -1 -1 -1],[-1  2  1  1  0  0  0 -2 -4],[ 0 -1  0  0  0  0  0  0  0],[ 0  1  0  1  0  0  0 -2 -2],[ 2  2  1  1  2  0  2  0 -1],[ 3  2  1  1  4  0  2  1  0]]",True,"[-2,-1,-1,-1,0,0,2,3,0,0,2,-1,1,2,2,0,1,0,0,1,1,1,0,1,1,1,0,0,2,4,0,0,0,2,2,1]","[-3,-2,0,0,1,1,1,2,0,1,3,0,3,3,3,0,2,1,2,2,2,0,1,0,1,1,1,1,1,3,-1,-1,-1,0,1,1]",t^8+50t^6+85t^4+37t^2+1,"[-3,-2,0,0,1,1,1,2,0,1,3,0,3,3,3,0,2,1,2,2,2,0,1,0,1,1,1,1,1,3,-1,-1,-1,0,1,1]","[-2,-1,-1,-1,0,0,2,3,-1,1,1,1,3,2,3,1,1,1,1,1,0,0,0,1,2,3,1,1,2,3,0,0,1,2,3,0]","[-3,-2,0,0,1,1,1,2,1,0,2,1,1,4,2,0,2,1,1,2,2,0,0,0,0,-1,0,1,0,1,0,-1,0,-1,0,2]",c,"[[{8, 1}, {2, 7}, {3, 6}, {4, 5}], [{8, 1}, {2, 7}, {4, 6}, {3, 5}], [{8, 1}, {2, 7}, {5, 6}, {3, 4}], [{8, 1}, {3, 7}, {2, 6}, {4, 5}], [{8, 1}, {3, 7}, {4, 6}, {2, 5}], [{8, 1}, {3, 7}, {5, 6}, {2, 4}], [{8, 1}, {3, 7}, {5, 6}, {4}, {2}], [{8, 1}, {4, 7}, {2, 6}, {3, 5}], [{8, 1}, {4, 7}, {3, 6}, {2, 5}], [{8, 1}, {4, 7}, {5, 6}, {2, 3}], [{8, 1}, {5, 7}, {2, 6}, {3, 4}], [{8, 1}, {5, 7}, {3, 6}, {2, 4}], [{8, 1}, {5, 7}, {4, 6}, {2, 3}], [{8, 1}, {5, 7}, {4, 6}, {3}, {2}], [{8, 1}, {6, 7}, {2, 5}, {3, 4}], [{8, 1}, {6, 7}, {3, 5}, {2, 4}], [{8, 1}, {6, 7}, {4, 5}, {2, 3}], [{8, 1}, {6, 7}, {4, 5}, {3}, {2}], [{8, 1}, {7}, {2, 6}, {5}, {3, 4}], [{8, 1}, {7}, {3, 6}, {5}, {2, 4}], [{8, 1}, {7}, {4, 6}, {5}, {2, 3}], [{8, 1}, {7}, {5, 6}, {2, 4}, {3}], [{8, 1}, {7}, {6}, {3, 5}, {2, 4}], [{8, 2}, {1, 7}, {3, 6}, {4, 5}], [{8, 2}, {1, 7}, {4, 6}, {3, 5}], [{8, 2}, {1, 7}, {5, 6}, {3, 4}], [{8, 2}, {3, 7}, {1, 6}, {4, 5}], [{8, 2}, {3, 7}, {4, 6}, {1, 5}], [{8, 2}, {3, 7}, {5, 6}, {1, 4}], [{8, 2}, {3, 7}, {6}, {4, 5}, {1}], [{8, 2}, {4, 7}, {1, 6}, {3, 5}], [{8, 2}, {4, 7}, {3, 6}, {1, 5}], [{8, 2}, {4, 7}, {5, 6}, {1, 3}], [{8, 2}, {5, 7}, {1, 6}, {3, 4}], [{8, 2}, {5, 7}, {3, 6}, {1, 4}], [{8, 2}, {5, 7}, {4, 6}, {1, 3}], [{8, 2}, {6, 7}, {1, 5}, {3, 4}], [{8, 2}, {6, 7}, {3, 5}, {1, 4}], [{8, 2}, {6, 7}, {4, 5}, {1, 3}], [{8, 2}, {6, 7}, {4, 5}, {3}, {1}], [{8, 2}, {6, 7}, {5}, {4}, {1, 3}], [{8, 2}, {7}, {3, 6}, {4, 5}, {1}], [{8, 2}, {7}, {6}, {1, 5}, {3, 4}], [{8, 2}, {7}, {6}, {3, 5}, {1, 4}], [{8, 3}, {1, 7}, {2, 6}, {4, 5}], [{8, 3}, {1, 7}, {4, 6}, {2, 5}], [{8, 3}, {1, 7}, {5, 6}, {2, 4}], [{8, 3}, {2, 7}, {1, 6}, {4, 5}], [{8, 3}, {2, 7}, {4, 6}, {1, 5}], [{8, 3}, {2, 7}, {4, 6}, {5}, {1}], [{8, 3}, {2, 7}, {5, 6}, {1, 4}], [{8, 3}, {4, 7}, {1, 6}, {2, 5}], [{8, 3}, {4, 7}, {2, 6}, {1, 5}], [{8, 3}, {4, 7}, {2, 6}, {5}, {1}], [{8, 3}, {4, 7}, {5, 6}, {1, 2}], [{8, 3}, {5, 7}, {1, 6}, {2, 4}], [{8, 3}, {5, 7}, {2, 6}, {1, 4}], [{8, 3}, {5, 7}, {4, 6}, {1, 2}], [{8, 3}, {6, 7}, {1, 5}, {2, 4}], [{8, 3}, {6, 7}, {2, 5}, {1, 4}], [{8, 3}, {6, 7}, {4, 5}, {1, 2}], [{8, 3}, {6, 7}, {4, 5}, {2}, {1}], [{8, 3}, {7}, {6}, {2, 5}, {1, 4}], [{8, 4}, {1, 7}, {2, 6}, {3, 5}], [{8, 4}, {1, 7}, {2, 6}, {5}, {3}], [{8, 4}, {1, 7}, {3, 6}, {2, 5}], [{8, 4}, {1, 7}, {5, 6}, {2, 3}], [{8, 4}, {2, 7}, {1, 6}, {3, 5}], [{8, 4}, {2, 7}, {3, 6}, {1, 5}], [{8, 4}, {2, 7}, {5, 6}, {1, 3}], [{8, 4}, {2, 7}, {6}, {5}, {1, 3}], [{8, 4}, {3, 7}, {1, 6}, {2, 5}], [{8, 4}, {3, 7}, {2, 6}, {1, 5}], [{8, 4}, {3, 7}, {2, 6}, {5}, {1}], [{8, 4}, {3, 7}, {5, 6}, {1, 2}], [{8, 4}, {5, 7}, {1, 6}, {2, 3}], [{8, 4}, {5, 7}, {2, 6}, {1, 3}], [{8, 4}, {5, 7}, {3, 6}, {1, 2}], [{8, 4}, {6, 7}, {1, 5}, {2, 3}], [{8, 4}, {6, 7}, {2, 5}, {1, 3}], [{8, 4}, {6, 7}, {3, 5}, {1, 2}], [{8, 4}, {6, 7}, {5}, {1, 3}, {2}], [{8, 4}, {7}, {1, 6}, {5}, {2, 3}], [{8, 4}, {7}, {2, 6}, {5}, {1, 3}], [{8, 4}, {7}, {3, 6}, {5}, {1, 2}], [{8, 4}, {7}, {5, 6}, {3}, {1, 2}], [{8, 4}, {7}, {6}, {3, 5}, {1, 2}], [{8, 5}, {1, 7}, {2, 6}, {3, 4}], [{8, 5}, {1, 7}, {3, 6}, {2, 4}], [{8, 5}, {1, 7}, {4, 6}, {2, 3}], [{8, 5}, {2, 7}, {1, 6}, {3, 4}], [{8, 5}, {2, 7}, {3, 6}, {1, 4}], [{8, 5}, {2, 7}, {4, 6}, {1, 3}], [{8, 5}, {3, 7}, {1, 6}, {2, 4}], [{8, 5}, {3, 7}, {2, 6}, {1, 4}], [{8, 5}, {3, 7}, {4, 6}, {1, 2}], [{8, 5}, {4, 7}, {1, 6}, {2, 3}], [{8, 5}, {4, 7}, {2, 6}, {1, 3}], [{8, 5}, {4, 7}, {3, 6}, {1, 2}], [{8, 5}, {6, 7}, {1, 4}, {2, 3}], [{8, 5}, {6, 7}, {2, 4}, {1, 3}], [{8, 5}, {6, 7}, {3, 4}, {1, 2}], [{8, 5}, {6, 7}, {4}, {1, 3}, {2}], [{8, 5}, {7}, {2, 6}, {3, 4}, {1}], [{8, 5}, {7}, {6}, {1, 4}, {2, 3}], [{8, 6}, {1, 7}, {2, 5}, {3, 4}], [{8, 6}, {1, 7}, {3, 5}, {2, 4}], [{8, 6}, {1, 7}, {3, 5}, {4}, {2}], [{8, 6}, {1, 7}, {4, 5}, {2, 3}], [{8, 6}, {2, 7}, {1, 5}, {3, 4}], [{8, 6}, {2, 7}, {3, 5}, {1, 4}], [{8, 6}, {2, 7}, {3, 5}, {4}, {1}], [{8, 6}, {2, 7}, {4, 5}, {1, 3}], [{8, 6}, {3, 7}, {1, 5}, {2, 4}], [{8, 6}, {3, 7}, {2, 5}, {1, 4}], [{8, 6}, {3, 7}, {4, 5}, {1, 2}], [{8, 6}, {3, 7}, {5}, {2, 4}, {1}], [{8, 6}, {4, 7}, {1, 5}, {2, 3}], [{8, 6}, {4, 7}, {2, 5}, {1, 3}], [{8, 6}, {4, 7}, {3, 5}, {1, 2}], [{8, 6}, {4, 7}, {3, 5}, {2}, {1}], [{8, 6}, {5, 7}, {1, 4}, {2, 3}], [{8, 6}, {5, 7}, {2, 4}, {1, 3}], [{8, 6}, {5, 7}, {2, 4}, {3}, {1}], [{8, 6}, {5, 7}, {3, 4}, {1, 2}], [{8, 6}, {5, 7}, {4}, {1, 3}, {2}], [{8, 6}, {7}, {1, 5}, {3, 4}, {2}], [{8, 6}, {7}, {2, 5}, {1, 4}, {3}], [{8, 6}, {7}, {3, 5}, {1, 4}, {2}], [{8, 6}, {7}, {3, 5}, {2, 4}, {1}], [{8, 6}, {7}, {3, 5}, {4}, {1, 2}], [{8, 6}, {7}, {5}, {1, 4}, {2, 3}], [{8, 7}, {1, 6}, {2, 5}, {3, 4}], [{8, 7}, {1, 6}, {3, 5}, {2, 4}], [{8, 7}, {1, 6}, {3, 5}, {4}, {2}], [{8, 7}, {1, 6}, {4, 5}, {2, 3}], [{8, 7}, {2, 6}, {1, 5}, {3, 4}], [{8, 7}, {2, 6}, {3, 5}, {1, 4}], [{8, 7}, {2, 6}, {3, 5}, {4}, {1}], [{8, 7}, {2, 6}, {4, 5}, {1, 3}], [{8, 7}, {3, 6}, {1, 5}, {2, 4}], [{8, 7}, {3, 6}, {2, 5}, {1, 4}], [{8, 7}, {3, 6}, {4, 5}, {1, 2}], [{8, 7}, {3, 6}, {5}, {2, 4}, {1}], [{8, 7}, {4, 6}, {1, 5}, {2, 3}], [{8, 7}, {4, 6}, {2, 5}, {1, 3}], [{8, 7}, {4, 6}, {3, 5}, {1, 2}], [{8, 7}, {4, 6}, {3, 5}, {2}, {1}], [{8, 7}, {5, 6}, {1, 4}, {2, 3}], [{8, 7}, {5, 6}, {2, 4}, {1, 3}], [{8, 7}, {5, 6}, {2, 4}, {3}, {1}], [{8, 7}, {5, 6}, {3, 4}, {1, 2}], [{8, 7}, {5, 6}, {4}, {1, 3}, {2}], [{8, 7}, {6}, {1, 5}, {3, 4}, {2}], [{8, 7}, {6}, {2, 5}, {1, 4}, {3}], [{8, 7}, {6}, {3, 5}, {1, 4}, {2}], [{8, 7}, {6}, {3, 5}, {2, 4}, {1}], [{8, 7}, {6}, {3, 5}, {4}, {1, 2}], [{8, 7}, {6}, {5}, {1, 4}, {2, 3}], [{8}, {1, 7}, {3, 6}, {5}, {2, 4}], [{8}, {1, 7}, {5, 6}, {2, 4}, {3}], [{8}, {1, 7}, {6}, {3, 5}, {2, 4}], [{8}, {2, 7}, {1, 6}, {5}, {3, 4}], [{8}, {2, 7}, {3, 6}, {1, 5}, {4}], [{8}, {2, 7}, {4, 6}, {1, 5}, {3}], [{8}, {2, 7}, {5, 6}, {3, 4}, {1}], [{8}, {2, 7}, {6}, {1, 5}, {3, 4}], [{8}, {2, 7}, {6}, {3, 5}, {1, 4}], [{8}, {3, 7}, {1, 6}, {2, 5}, {4}], [{8}, {3, 7}, {4, 6}, {2, 5}, {1}], [{8}, {3, 7}, {6}, {2, 5}, {1, 4}], [{8}, {4, 7}, {6}, {3, 5}, {1, 2}], [{8}, {5, 7}, {6}, {1, 4}, {2, 3}], [{8}, {6, 7}, {1, 5}, {2, 4}, {3}], [{8}, {6, 7}, {1, 5}, {3, 4}, {2}], [{8}, {6, 7}, {1, 5}, {4}, {2, 3}], [{8}, {6, 7}, {2, 5}, {1, 4}, {3}], [{8}, {6, 7}, {2, 5}, {3, 4}, {1}], [{8}, {6, 7}, {2, 5}, {4}, {1, 3}], [{8}, {6, 7}, {3, 5}, {1, 4}, {2}], [{8}, {6, 7}, {3, 5}, {2, 4}, {1}], [{8}, {6, 7}, {3, 5}, {4}, {1, 2}], [{8}, {6, 7}, {4, 5}, {1, 3}, {2}], [{8}, {6, 7}, {4, 5}, {2, 3}, {1}], [{8}, {6, 7}, {4, 5}, {3}, {1, 2}], [{8}, {6, 7}, {4, 5}, {3}, {2}, {1}], [{8}, {6, 7}, {5}, {1, 4}, {2, 3}], [{8}, {6, 7}, {5}, {2, 4}, {1, 3}], [{8}, {6, 7}, {5}, {3, 4}, {1, 2}], [{8}, {6, 7}, {5}, {4}, {1, 3}, {2}], [{8}, {7}, {1, 6}, {3, 5}, {2, 4}], [{8}, {7}, {2, 6}, {1, 5}, {3, 4}], [{8}, {7}, {2, 6}, {3, 5}, {1, 4}], [{8}, {7}, {3, 6}, {2, 5}, {1, 4}], [{8}, {7}, {4, 6}, {3, 5}, {1, 2}], [{8}, {7}, {5, 6}, {1, 4}, {2, 3}], [{8}, {7}, {6}, {1, 5}, {3, 4}, {2}], [{8}, {7}, {6}, {2, 5}, {1, 4}, {3}], [{8}, {7}, {6}, {3, 5}, {1, 4}, {2}], [{8}, {7}, {6}, {3, 5}, {2, 4}, {1}], [{8}, {7}, {6}, {3, 5}, {4}, {1, 2}], [{8}, {7}, {6}, {5}, {1, 4}, {2, 3}]]",2,4 K_1^3 - 20 K_1^2 - 14 K_1 K_2 + 4 K_1 + 10 K_2 + 6 K_3 + 11,O1O2O3U4O5U6U2O6U7U3O7U1U5O8O4U8,O1O2U3O4O3U5O6O5U1O7U4U6U2O8U7U8,O1O2U1O3O4U3O5O6U7U8O7U5U2U4O8U6,c,{'O1O2O3U4O5O4U6U3O7U1U7O8U2U8O6U5'},1,"<a href=""/flatknot/8.975956"">8.975956</a>",t^9-56t^7-132t^6+13t^5+92t^4-4t^3-12t^2-t,t^3-3t,,
8.975957,O1O2O3U4O5O4U6U3O7U1U7O8U5U2O6U8,4,z^3+20z^2+102z+133,w^4z^3+20w^3z^2+102w^2z+133w,False,False,"[[ 0 -2  1  0  1  1 -3  1  1],[ 2  0  3  0  2  2 -2  1  1],[-1 -3  0 -1  0  0 -3  0  1],[ 0  0  1  0  0  0 -1  0  0],[-1 -2  0  0  0  1 -3  1  0],[-1 -2  0  0 -1  0 -1  0  0],[ 3  2  3  1  3  1  0  1  1],[-1 -1  0  0 -1  0 -1  0  0],[-1 -1 -1  0  0  0 -1  0  0]]","[[ 0  1  1  1  1  1  0 -2 -3],[-1  0  1  1  0  0  0 -2 -3],[-1 -1  0  0  0  0  0 -1 -1],[-1 -1  0  0  0  0  0 -2 -1],[-1  0  0  0  0  1 -1 -3 -3],[-1  0  0  0 -1  0  0 -1 -1],[ 0  0  0  0  1  0  0  0 -1],[ 2  2  1  2  3  1  0  0 -2],[ 3  3  1  1  3  1  1  2  0]]",True,"[-1,-1,-1,-1,-1,0,2,3,-1,-1,0,0,0,2,3,0,0,0,0,1,1,0,0,0,2,1,-1,1,3,3,0,1,1,0,1,2]","[-3,-2,0,1,1,1,1,1,-1,2,1,1,3,3,3,2,0,1,1,2,2,0,1,1,1,1,0,0,-1,0,-1,0,-1,0,0,0]",t^8+49t^6+133t^4+72t^2+4,"[-3,-2,0,1,1,1,1,1,-1,2,1,1,3,3,3,2,0,1,1,2,2,0,1,1,1,1,0,0,-1,0,-1,0,-1,0,0,0]","[-1,-1,-1,-1,-1,0,2,3,-1,0,0,0,1,1,3,0,0,1,1,1,1,-1,0,1,2,3,0,0,0,1,1,2,3,2,2,-1]","[-3,-2,0,1,1,1,1,1,2,1,1,1,1,3,3,0,1,1,2,2,3,0,0,0,0,1,0,0,-1,0,0,0,-1,-1,0,0]",c,"[[{8, 3}, {4, 7}, {2, 6}, {1, 5}], [{8}, {4, 7}, {2, 6}, {1, 5}, {3}]]",1,4 K_1^3 - 22 K_1^2 - 14 K_1 K_2 + 4 K_1 + 11 K_2 + 6 K_3 + 12,O1O2O3U4O5U2U6O4U7U3O7U1U5O8O6U8,O1O2U3O4O3U5O6O7U1O5U4U7U2O8U6U8,O1O2U3O4O5U4O6O7U8U2O8U6U1U5O3U7,c,{'O1O2O3U4O5O4U6U3O7U1U7O8U5U2O6U8'},1,"<a href=""/flatknot/8.975957"">8.975957</a>",t^9-57t^7-136t^6+82t^5+226t^4+55t^3+22t^2+23t-12,t^3+t^2-5t,,
8.975958,O1O2O3U4O5O4U6U3O7U1U7O8U5U8O6U2,4,4z^3+37z^2+94z+73,4w^4z^3+37w^3z^2+94w^2z+73w,False,False,"[[ 0 -2  1  0  1  1 -3  1  1],[ 2  0  2  0  2  2 -1  1  1],[-1 -2  0  0  0  0 -3  0  1],[ 0  0  0  0  0  0 -1  0  1],[-1 -2  0  0  0  1 -3  1  0],[-1 -2  0  0 -1  0 -2  0  1],[ 3  1  3  1  3  2  0  1  1],[-1 -1  0  0 -1  0 -1  0  0],[-1 -1 -1 -1  0 -1 -1  0  0]]","[[ 0  1  1  1  1  1  0 -2 -3],[-1  0  1  1  0  0  0 -2 -3],[-1 -1  0  0  1  0  0 -2 -2],[-1 -1  0  0  0  0  0 -1 -1],[-1  0 -1  0  0 -1 -1 -1 -1],[-1  0  0  0  1  0  0 -2 -3],[ 0  0  0  0  1  0  0  0 -1],[ 2  2  2  1  1  2  0  0 -1],[ 3  3  2  1  1  3  1  1  0]]",True,"[-1,-1,-1,-1,-1,0,2,3,-1,-1,0,0,0,2,3,0,-1,0,0,2,2,0,0,0,1,1,1,1,1,1,0,2,3,0,1,1]","[-3,-2,0,1,1,1,1,1,0,2,1,1,2,3,3,2,1,1,1,2,2,1,1,1,0,1,0,-1,0,-1,0,-1,0,-1,0,0]",t^8+45t^6+129t^4+64t^2+4,"[-3,-2,0,1,1,1,1,1,0,2,1,1,2,3,3,2,1,1,1,2,2,1,1,1,0,1,0,-1,0,-1,0,-1,0,-1,0,0]","[-1,-1,-1,-1,-1,0,2,3,-1,-1,0,0,0,2,3,0,-1,0,1,1,2,0,0,1,1,1,1,1,1,1,1,2,3,2,2,0]","[-3,-2,0,1,1,1,1,1,1,1,1,1,2,3,3,0,1,1,2,2,2,0,1,0,0,0,0,0,-1,0,-1,0,-1,-1,0,0]",c,"[[{8, 4}, {1, 7}, {5, 6}, {2, 3}], [{8, 6}, {2, 7}, {4, 5}, {1, 3}], [{8, 6}, {2, 7}, {4, 5}, {3}, {1}]]",1,24 K_1^3 - 6 K_1^2 - 22 K_1 K_2 - 7 K_1 + 3 K_2 + 5 K_3 + 4,O1O2O3U2O4U5U6O5U7U3O7U1U4O8O6U8,O1O2U3O4O3U5O6O5U1O7U4U7U2O8U6U8,O1O2U1O3O4U3O5O6U7U2O7U5U8U4O8U6,c,{'O1O2O3U4O5O4U6U3O7U1U7O8U5U8O6U2'},1,"<a href=""/flatknot/8.975958"">8.975958</a>",t^9-53t^7-90t^6+98t^5+166t^4-26t^3-24t^2-12t+4,t^3+t^2-5t,,
8.975959,O1O2O3U4O5O4U6U3O7U2U1O8U5U8O6U7,4,4z^3+37z^2+94z+73,4w^4z^3+37w^3z^2+94w^2z+73w,False,False,"[[ 0 -1 -1  0  1  1 -3  2  1],[ 1  0  0  0  1  2 -2  2  1],[ 1  0  0  0  1  1 -1  1  1],[ 0  0  0  0  0  0 -1  0  1],[-1 -1 -1  0  0  1 -3  1  0],[-1 -2 -1  0 -1  0 -2  1  1],[ 3  2  1  1  3  2  0  2  1],[-2 -2 -1  0 -1 -1 -2  0  0],[-1 -1 -1 -1  0 -1 -1  0  0]]","[[ 0  2  1  1  1  0 -1 -1 -3],[-2  0  0 -1 -1  0 -1 -2 -2],[-1  0  0  0 -1 -1 -1 -1 -1],[-1  1  0  0  1  0 -1 -1 -3],[-1  1  1 -1  0  0 -1 -2 -2],[ 0  0  1  0  0  0  0  0 -1],[ 1  1  1  1  1  0  0  0 -1],[ 1  2  1  1  2  0  0  0 -2],[ 3  2  1  3  2  1  1  2  0]]",True,"[-2,-1,-1,-1,0,1,1,3,0,1,1,0,1,2,2,0,1,1,1,1,1,-1,0,1,1,3,0,1,2,2,0,0,1,0,1,2]","[-3,-1,-1,0,1,1,1,2,0,1,2,1,2,3,3,0,1,1,0,1,1,1,1,1,1,2,1,1,0,2,-1,0,0,-1,0,1]",t^8+43t^6+118t^4+75t^2+4,"[-3,-1,-1,0,1,1,1,2,0,1,2,1,2,3,3,0,1,1,0,1,1,1,1,1,1,2,1,1,0,2,-1,0,0,-1,0,1]","[-2,-1,-1,-1,0,1,1,3,0,0,1,2,1,2,3,-1,1,1,0,1,2,0,1,1,1,1,0,1,1,3,1,1,2,0,0,1]","[-3,-1,-1,0,1,1,1,2,1,2,1,1,2,3,2,0,0,1,1,1,1,0,1,2,1,2,1,0,0,0,-1,0,0,-1,1,1]",c,"[[{8, 4}, {2, 7}, {1, 6}, {3, 5}], [{8, 4}, {2, 7}, {5, 6}, {1, 3}], [{8, 6}, {3, 7}, {4, 5}, {1, 2}], [{8, 6}, {7}, {4, 5}, {3}, {1, 2}], [{8, 7}, {5, 6}, {2, 4}, {1, 3}]]",1,4 K_1^3 - 2 K_1^2 - 6 K_1 K_2 + K_2 + 2 K_3 + 2,O1O2O3U4O5U6U7O6U3U2O4U1U5O8O7U8,O1O2U3O4O5U6O7O6U1O3U5U4U2O8U7U8,O1O2U1O3O4U5O6O7U8U2O8U6U4U3O5U7,c,{'O1O2O3U4O5O4U6U3O7U2U1O8U5U8O6U7'},1,"<a href=""/flatknot/8.975959"">8.975959</a>",t^9-47t^7-138t^6-25t^5+196t^4+83t^3-36t^2-26t,t^3-t^2-t,,
8.975960,O1O2O3U4O5O4U6U3O7U2U1O8U7U8O6U5,4,5z^3+42z^2+112z+97,5w^4z^3+42w^3z^2+112w^2z+97w,False,False,"[[ 0 -1 -1  0  1  2 -3  1  1],[ 1  0  0  0  1  2 -2  2  1],[ 1  0  0  0  1  1 -1  1  1],[ 0  0  0  0  0 -1  0  0  0],[-1 -1 -1  0  0  2 -4  1  1],[-2 -2 -1  1 -2  0 -2 -1  1],[ 3  2  1  0  4  2  0  2  0],[-1 -2 -1  0 -1  1 -2  0  1],[-1 -1 -1  0 -1 -1  0 -1  0]]","[[ 0  2  1  1  1  0 -1 -1 -3],[-2  0  1 -1 -2  1 -1 -2 -2],[-1 -1  0 -1 -1  0 -1 -1  0],[-1  1  1  0 -1  0 -1 -2 -2],[-1  2  1  1  0  0 -1 -1 -4],[ 0 -1  0  0  0  0  0  0  0],[ 1  1  1  1  1  0  0  0 -1],[ 1  2  1  2  1  0  0  0 -2],[ 3  2  0  2  4  0  1  2  0]]",True,"[-2,-1,-1,-1,0,1,1,3,-1,1,2,-1,1,2,2,1,1,0,1,1,0,1,0,1,2,2,0,1,1,4,0,0,0,0,1,2]","[-3,-1,-1,0,1,1,1,2,0,1,3,0,2,4,3,0,1,1,0,1,1,1,1,1,1,2,1,1,1,3,-1,-1,-1,-1,0,2]",t^8+53t^6+105t^4+56t^2+4,"[-3,-1,-1,0,1,1,1,2,0,1,3,0,2,4,3,0,1,1,0,1,1,1,1,1,1,2,1,1,1,3,-1,-1,-1,-1,0,2]","[-2,-1,-1,-1,0,1,1,3,-1,0,2,3,1,2,3,1,1,1,1,1,0,1,1,0,1,2,1,1,1,4,1,1,3,0,0,1]","[-3,-1,-1,0,1,1,1,2,1,2,0,0,2,4,2,0,0,1,1,1,1,0,1,2,1,2,0,0,0,-1,-1,-1,-1,-1,1,2]",c,"[[{8, 4}, {6, 7}, {3, 5}, {1, 2}], [{8, 6}, {4, 7}, {2, 5}, {1, 3}]]",1,- 2 K_1^2 - 2 K_1 K_2 + K_1 + K_2 + K_3 + 2,O1O2O3U4O5U6U7O6U3U2O7U1U5O8O4U8,O1O2U3O4O5U6O3O6U1O7U5U4U2O8U7U8,O1O2U1O3O4U2O5O6U7U8O7U5U4U3O8U6,c,{'O1O2O3U4O5O4U6U3O7U2U1O8U7U8O6U5'},1,"<a href=""/flatknot/8.975960"">8.975960</a>",t^9-57t^7-172t^6-18t^5+254t^4+40t^3-86t^2+8t+2,t^3-t^2-t,,
8.975961,O1O2O3U4O5O4U6U3O7U2U5O8U1U8O6U7,4,17z^2+102z+137,17w^3z^2+102w^2z+137w,False,False,"[[ 0 -1 -1  0  1  1 -3  2  1],[ 1  0 -1 -1  2  1 -3  3  1],[ 1  1  0  0  1  1 -1  1  0],[ 0  1  0  0  0  0 -1  0  0],[-1 -2 -1  0  0  1 -3  1  1],[-1 -1 -1  0 -1  0 -1  0  0],[ 3  3  1  1  3  1  0  2  1],[-2 -3 -1  0 -1  0 -2  0  0],[-1 -1  0  0 -1  0 -1  0  0]]","[[ 0  2  1  1  1  0 -1 -1 -3],[-2  0  0  0 -1  0 -1 -3 -2],[-1  0  0  0 -1  0  0 -1 -1],[-1  0  0  0 -1  0 -1 -1 -1],[-1  1  1  1  0  0 -1 -2 -3],[ 0  0  0  0  0  0  0  1 -1],[ 1  1  0  1  1  0  0  1 -1],[ 1  3  1  1  2 -1 -1  0 -3],[ 3  2  1  1  3  1  1  3  0]]",True,"[-2,-1,-1,-1,0,1,1,3,0,0,1,0,1,3,2,0,1,0,0,1,1,1,0,1,1,1,0,1,2,3,0,-1,1,-1,1,3]","[-3,-1,-1,0,1,1,1,2,-1,1,2,1,3,3,3,1,2,0,1,1,0,1,1,1,2,2,1,1,1,2,-1,-1,0,0,1,1]",t^8+49t^6+127t^4+66t^2+9,"[-3,-1,-1,0,1,1,1,2,-1,1,2,1,3,3,3,1,2,0,1,1,0,1,1,1,2,2,1,1,1,2,-1,-1,0,0,1,1]","[-2,-1,-1,-1,0,1,1,3,0,1,1,2,0,2,3,1,1,1,0,1,1,0,1,1,1,3,1,1,2,3,2,1,2,-1,-1,1]","[-3,-1,-1,0,1,1,1,2,1,3,1,1,1,3,2,1,0,0,1,1,1,-1,1,1,2,3,0,0,0,0,0,-1,0,-1,0,1]",c,"[[{8, 2}, {3, 7}, {1, 6}, {4, 5}], [{8, 2}, {7}, {1, 6}, {4, 5}, {3}]]",1,4 K_1^3 - 26 K_1^2 - 6 K_1 K_2 + 13 K_2 + 2 K_3 + 14,O1O2O3U4O5U6U3O6U7U2O4U1U5O8O7U8,O1O2U3O4O5U6O7O6U1O3U7U4U2O8U5U8,O1O2U1O3O4U5O6O7U8U3O8U6U4U2O5U7,c,{'O1O2O3U4O5O4U6U3O7U2U5O8U1U8O6U7'},1,"<a href=""/flatknot/8.975961"">8.975961</a>",t^9-53t^7-186t^6-134t^5+60t^4+19t^3-4t^2+30t-10,t^3-t^2-t,,
8.975962,O1O2O3U4O5O4U6U3O7U2U5O8U7U1O6U8,3,4z^2+49z+83,4w^3z^2+49w^2z+83w,False,False,"[[ 0  0 -1  0  1  1 -3  1  1],[ 0  0 -2 -1  1  0 -3  2  1],[ 1  2  0  0  1  1 -2  2  0],[ 0  1  0  0  0  0 -1  1 -1],[-1 -1 -1  0  0  1 -3  0  1],[-1  0 -1  0 -1  0 -2  1  0],[ 3  3  2  1  3  2  0  1  0],[-1 -2 -2 -1  0 -1 -1  0  1],[-1 -1  0  1 -1  0  0 -1  0]]","[[ 0  1  1  1  1  0  0 -1 -3],[-1  0  1  1  0  0 -1 -1 -3],[-1 -1  0  0  1  0  0 -1 -2],[-1 -1  0  0 -1  1 -1  0  0],[-1  0 -1  1  0 -1 -2 -2 -1],[ 0  0  0 -1  1  0  1  0 -1],[ 0  1  0  1  2 -1  0 -2 -3],[ 1  1  1  0  2  0  2  0 -2],[ 3  3  2  0  1  1  3  2  0]]",True,"[-1,-1,-1,-1,0,0,1,3,-1,-1,0,0,1,1,3,0,-1,0,0,1,2,1,-1,1,0,0,1,2,2,1,-1,0,1,2,3,2]","[-3,-1,0,0,1,1,1,1,0,0,2,1,2,3,4,-1,1,1,1,0,2,1,0,1,-1,0,1,1,0,2,-1,0,-1,-1,0,-1]",t^8+51t^6+293t^4+104t^2,"[-3,-1,0,0,1,1,1,1,0,0,2,1,2,3,4,-1,1,1,1,0,2,1,0,1,-1,0,1,1,0,2,-1,0,-1,-1,0,-1]","[-1,-1,-1,-1,0,0,1,3,-1,-1,0,0,2,2,4,0,-1,-1,0,0,3,1,0,1,1,1,1,1,1,2,-1,-1,0,1,2,0]","[-3,-1,0,0,1,1,1,1,2,1,3,0,1,2,3,0,2,0,2,1,1,1,-1,1,0,0,1,2,0,1,-1,0,-1,-1,0,-1]",c,"[[{8, 1}, {2, 7}, {3, 6}, {4, 5}], [{8, 1}, {2, 7}, {4, 6}, {3, 5}], [{8, 1}, {2, 7}, {5, 6}, {3, 4}], [{8, 1}, {2, 7}, {6}, {3, 5}, {4}], [{8, 1}, {3, 7}, {2, 6}, {4, 5}], [{8, 1}, {3, 7}, {4, 6}, {2, 5}], [{8, 1}, {3, 7}, {5, 6}, {2, 4}], [{8, 1}, {3, 7}, {6}, {5}, {2, 4}], [{8, 1}, {4, 7}, {2, 6}, {3, 5}], [{8, 1}, {4, 7}, {3, 6}, {2, 5}], [{8, 1}, {4, 7}, {5, 6}, {2, 3}], [{8, 1}, {4, 7}, {5, 6}, {3}, {2}], [{8, 1}, {4, 7}, {6}, {5}, {2, 3}], [{8, 1}, {5, 7}, {2, 6}, {3, 4}], [{8, 1}, {5, 7}, {3, 6}, {2, 4}], [{8, 1}, {5, 7}, {4, 6}, {2, 3}], [{8, 1}, {5, 7}, {4, 6}, {3}, {2}], [{8, 1}, {5, 7}, {6}, {4}, {2, 3}], [{8, 1}, {6, 7}, {2, 5}, {3, 4}], [{8, 1}, {6, 7}, {2, 5}, {4}, {3}], [{8, 1}, {6, 7}, {3, 5}, {2, 4}], [{8, 1}, {6, 7}, {3, 5}, {4}, {2}], [{8, 1}, {6, 7}, {4, 5}, {2, 3}], [{8, 1}, {6, 7}, {4, 5}, {3}, {2}], [{8, 1}, {6, 7}, {5}, {2, 4}, {3}], [{8, 1}, {6, 7}, {5}, {3, 4}, {2}], [{8, 1}, {6, 7}, {5}, {4}, {2, 3}], [{8, 1}, {6, 7}, {5}, {4}, {3}, {2}], [{8, 1}, {7}, {2, 6}, {3, 5}, {4}], [{8, 1}, {7}, {3, 6}, {5}, {2, 4}], [{8, 1}, {7}, {4, 6}, {5}, {2, 3}], [{8, 1}, {7}, {5, 6}, {4}, {2, 3}], [{8, 1}, {7}, {6}, {4, 5}, {2, 3}], [{8, 2}, {1, 7}, {3, 6}, {4, 5}], [{8, 2}, {1, 7}, {4, 6}, {3, 5}], [{8, 2}, {1, 7}, {5, 6}, {3, 4}], [{8, 2}, {1, 7}, {6}, {3, 5}, {4}], [{8, 2}, {3, 7}, {1, 6}, {4, 5}], [{8, 2}, {3, 7}, {4, 6}, {1, 5}], [{8, 2}, {3, 7}, {5, 6}, {1, 4}], [{8, 2}, {3, 7}, {6}, {5}, {1, 4}], [{8, 2}, {4, 7}, {1, 6}, {3, 5}], [{8, 2}, {4, 7}, {3, 6}, {1, 5}], [{8, 2}, {4, 7}, {5, 6}, {1, 3}], [{8, 2}, {4, 7}, {5, 6}, {3}, {1}], [{8, 2}, {4, 7}, {6}, {5}, {1, 3}], [{8, 2}, {5, 7}, {1, 6}, {3, 4}], [{8, 2}, {5, 7}, {3, 6}, {1, 4}], [{8, 2}, {5, 7}, {4, 6}, {1, 3}], [{8, 2}, {5, 7}, {4, 6}, {3}, {1}], [{8, 2}, {5, 7}, {6}, {4}, {1, 3}], [{8, 2}, {6, 7}, {1, 5}, {3, 4}], [{8, 2}, {6, 7}, {1, 5}, {4}, {3}], [{8, 2}, {6, 7}, {3, 5}, {1, 4}], [{8, 2}, {6, 7}, {3, 5}, {4}, {1}], [{8, 2}, {6, 7}, {4, 5}, {1, 3}], [{8, 2}, {6, 7}, {4, 5}, {3}, {1}], [{8, 2}, {6, 7}, {5}, {1, 4}, {3}], [{8, 2}, {6, 7}, {5}, {3, 4}, {1}], [{8, 2}, {6, 7}, {5}, {4}, {1, 3}], [{8, 2}, {6, 7}, {5}, {4}, {3}, {1}], [{8, 2}, {7}, {1, 6}, {3, 5}, {4}], [{8, 2}, {7}, {3, 6}, {5}, {1, 4}], [{8, 2}, {7}, {4, 6}, {5}, {1, 3}], [{8, 2}, {7}, {5, 6}, {4}, {1, 3}], [{8, 2}, {7}, {6}, {4, 5}, {1, 3}], [{8, 3}, {1, 7}, {2, 6}, {4, 5}], [{8, 3}, {1, 7}, {4, 6}, {2, 5}], [{8, 3}, {1, 7}, {4, 6}, {5}, {2}], [{8, 3}, {1, 7}, {5, 6}, {2, 4}], [{8, 3}, {1, 7}, {5, 6}, {4}, {2}], [{8, 3}, {1, 7}, {6}, {4, 5}, {2}], [{8, 3}, {2, 7}, {1, 6}, {4, 5}], [{8, 3}, {2, 7}, {4, 6}, {1, 5}], [{8, 3}, {2, 7}, {4, 6}, {5}, {1}], [{8, 3}, {2, 7}, {5, 6}, {1, 4}], [{8, 3}, {2, 7}, {5, 6}, {4}, {1}], [{8, 3}, {2, 7}, {6}, {4, 5}, {1}], [{8, 3}, {4, 7}, {1, 6}, {2, 5}], [{8, 3}, {4, 7}, {2, 6}, {1, 5}], [{8, 3}, {4, 7}, {5, 6}, {1, 2}], [{8, 3}, {4, 7}, {5, 6}, {2}, {1}], [{8, 3}, {4, 7}, {6}, {5}, {1, 2}], [{8, 3}, {5, 7}, {1, 6}, {2, 4}], [{8, 3}, {5, 7}, {2, 6}, {1, 4}], [{8, 3}, {5, 7}, {4, 6}, {1, 2}], [{8, 3}, {5, 7}, {4, 6}, {2}, {1}], [{8, 3}, {5, 7}, {6}, {4}, {1, 2}], [{8, 3}, {6, 7}, {1, 5}, {2, 4}], [{8, 3}, {6, 7}, {2, 5}, {1, 4}], [{8, 3}, {6, 7}, {4, 5}, {1, 2}], [{8, 3}, {6, 7}, {4, 5}, {2}, {1}], [{8, 3}, {6, 7}, {5}, {4}, {1, 2}], [{8, 3}, {7}, {1, 6}, {4, 5}, {2}], [{8, 3}, {7}, {2, 6}, {4, 5}, {1}], [{8, 3}, {7}, {4, 6}, {1, 5}, {2}], [{8, 3}, {7}, {4, 6}, {2, 5}, {1}], [{8, 3}, {7}, {4, 6}, {5}, {1, 2}], [{8, 3}, {7}, {4, 6}, {5}, {2}, {1}], [{8, 3}, {7}, {5, 6}, {1, 4}, {2}], [{8, 3}, {7}, {5, 6}, {2, 4}, {1}], [{8, 3}, {7}, {5, 6}, {4}, {1, 2}], [{8, 3}, {7}, {5, 6}, {4}, {2}, {1}], [{8, 3}, {7}, {6}, {4, 5}, {1, 2}], [{8, 3}, {7}, {6}, {4, 5}, {2}, {1}], [{8, 4}, {1, 7}, {2, 6}, {3, 5}], [{8, 4}, {1, 7}, {3, 6}, {2, 5}], [{8, 4}, {1, 7}, {3, 6}, {5}, {2}], [{8, 4}, {1, 7}, {5, 6}, {2, 3}], [{8, 4}, {2, 7}, {1, 6}, {3, 5}], [{8, 4}, {2, 7}, {3, 6}, {1, 5}], [{8, 4}, {2, 7}, {3, 6}, {5}, {1}], [{8, 4}, {2, 7}, {5, 6}, {1, 3}], [{8, 4}, {2, 7}, {5, 6}, {3}, {1}], [{8, 4}, {2, 7}, {6}, {3, 5}, {1}], [{8, 4}, {3, 7}, {1, 6}, {2, 5}], [{8, 4}, {3, 7}, {2, 6}, {1, 5}], [{8, 4}, {3, 7}, {5, 6}, {1, 2}], [{8, 4}, {3, 7}, {6}, {5}, {1, 2}], [{8, 4}, {5, 7}, {1, 6}, {2, 3}], [{8, 4}, {5, 7}, {2, 6}, {1, 3}], [{8, 4}, {5, 7}, {2, 6}, {3}, {1}], [{8, 4}, {5, 7}, {3, 6}, {1, 2}], [{8, 4}, {5, 7}, {3, 6}, {2}, {1}], [{8, 4}, {5, 7}, {6}, {2, 3}, {1}], [{8, 4}, {6, 7}, {1, 5}, {2, 3}], [{8, 4}, {6, 7}, {2, 5}, {1, 3}], [{8, 4}, {6, 7}, {3, 5}, {1, 2}], [{8, 4}, {6, 7}, {5}, {3}, {1, 2}], [{8, 4}, {7}, {3, 6}, {1, 5}, {2}], [{8, 4}, {7}, {3, 6}, {2, 5}, {1}], [{8, 4}, {7}, {3, 6}, {5}, {1, 2}], [{8, 4}, {7}, {3, 6}, {5}, {2}, {1}], [{8, 5}, {1, 7}, {2, 6}, {3, 4}], [{8, 5}, {1, 7}, {3, 6}, {2, 4}], [{8, 5}, {1, 7}, {4, 6}, {2, 3}], [{8, 5}, {2, 7}, {1, 6}, {3, 4}], [{8, 5}, {2, 7}, {3, 6}, {1, 4}], [{8, 5}, {2, 7}, {3, 6}, {4}, {1}], [{8, 5}, {2, 7}, {4, 6}, {1, 3}], [{8, 5}, {2, 7}, {4, 6}, {3}, {1}], [{8, 5}, {2, 7}, {6}, {3, 4}, {1}], [{8, 5}, {3, 7}, {1, 6}, {2, 4}], [{8, 5}, {3, 7}, {2, 6}, {1, 4}], [{8, 5}, {3, 7}, {4, 6}, {1, 2}], [{8, 5}, {3, 7}, {6}, {1, 4}, {2}], [{8, 5}, {4, 7}, {1, 6}, {2, 3}], [{8, 5}, {4, 7}, {2, 6}, {1, 3}], [{8, 5}, {4, 7}, {2, 6}, {3}, {1}], [{8, 5}, {4, 7}, {3, 6}, {1, 2}], [{8, 5}, {4, 7}, {6}, {1, 3}, {2}], [{8, 5}, {6, 7}, {1, 4}, {2, 3}], [{8, 5}, {6, 7}, {2, 4}, {1, 3}], [{8, 5}, {6, 7}, {3, 4}, {1, 2}], [{8, 5}, {6, 7}, {4}, {3}, {1, 2}], [{8, 5}, {7}, {1, 6}, {4}, {2, 3}], [{8, 5}, {7}, {2, 6}, {4}, {1, 3}], [{8, 6}, {1, 7}, {2, 5}, {3, 4}], [{8, 6}, {1, 7}, {3, 5}, {2, 4}], [{8, 6}, {1, 7}, {3, 5}, {4}, {2}], [{8, 6}, {1, 7}, {4, 5}, {2, 3}], [{8, 6}, {2, 7}, {1, 5}, {3, 4}], [{8, 6}, {2, 7}, {1, 5}, {4}, {3}], [{8, 6}, {2, 7}, {3, 5}, {1, 4}], [{8, 6}, {2, 7}, {3, 5}, {4}, {1}], [{8, 6}, {2, 7}, {4, 5}, {1, 3}], [{8, 6}, {2, 7}, {4, 5}, {3}, {1}], [{8, 6}, {2, 7}, {5}, {1, 4}, {3}], [{8, 6}, {2, 7}, {5}, {3, 4}, {1}], [{8, 6}, {2, 7}, {5}, {4}, {1, 3}], [{8, 6}, {2, 7}, {5}, {4}, {3}, {1}], [{8, 6}, {3, 7}, {1, 5}, {2, 4}], [{8, 6}, {3, 7}, {2, 5}, {1, 4}], [{8, 6}, {3, 7}, {2, 5}, {4}, {1}], [{8, 6}, {3, 7}, {4, 5}, {1, 2}], [{8, 6}, {3, 7}, {5}, {1, 4}, {2}], [{8, 6}, {4, 7}, {1, 5}, {2, 3}], [{8, 6}, {4, 7}, {1, 5}, {3}, {2}], [{8, 6}, {4, 7}, {2, 5}, {1, 3}], [{8, 6}, {4, 7}, {3, 5}, {1, 2}], [{8, 6}, {4, 7}, {3, 5}, {2}, {1}], [{8, 6}, {4, 7}, {5}, {1, 3}, {2}], [{8, 6}, {5, 7}, {1, 4}, {2, 3}], [{8, 6}, {5, 7}, {1, 4}, {3}, {2}], [{8, 6}, {5, 7}, {2, 4}, {1, 3}], [{8, 6}, {5, 7}, {3, 4}, {1, 2}], [{8, 6}, {5, 7}, {4}, {2, 3}, {1}], [{8, 6}, {7}, {1, 5}, {2, 4}, {3}], [{8, 6}, {7}, {2, 5}, {1, 4}, {3}], [{8, 6}, {7}, {3, 5}, {1, 4}, {2}], [{8, 6}, {7}, {3, 5}, {2, 4}, {1}], [{8, 6}, {7}, {3, 5}, {4}, {1, 2}], [{8, 6}, {7}, {3, 5}, {4}, {2}, {1}], [{8, 6}, {7}, {5}, {1, 4}, {2, 3}], [{8, 6}, {7}, {5}, {2, 4}, {1, 3}], [{8, 7}, {1, 6}, {2, 5}, {3, 4}], [{8, 7}, {1, 6}, {2, 5}, {4}, {3}], [{8, 7}, {1, 6}, {3, 5}, {2, 4}], [{8, 7}, {1, 6}, {3, 5}, {4}, {2}], [{8, 7}, {1, 6}, {4, 5}, {2, 3}], [{8, 7}, {1, 6}, {4, 5}, {3}, {2}], [{8, 7}, {1, 6}, {5}, {2, 4}, {3}], [{8, 7}, {1, 6}, {5}, {3, 4}, {2}], [{8, 7}, {1, 6}, {5}, {4}, {2, 3}], [{8, 7}, {1, 6}, {5}, {4}, {3}, {2}], [{8, 7}, {2, 6}, {1, 5}, {3, 4}], [{8, 7}, {2, 6}, {3, 5}, {1, 4}], [{8, 7}, {2, 6}, {3, 5}, {4}, {1}], [{8, 7}, {2, 6}, {4, 5}, {1, 3}], [{8, 7}, {3, 6}, {1, 5}, {2, 4}], [{8, 7}, {3, 6}, {2, 5}, {1, 4}], [{8, 7}, {3, 6}, {4, 5}, {1, 2}], [{8, 7}, {4, 6}, {1, 5}, {2, 3}], [{8, 7}, {4, 6}, {1, 5}, {3}, {2}], [{8, 7}, {4, 6}, {2, 5}, {1, 3}], [{8, 7}, {4, 6}, {3, 5}, {1, 2}], [{8, 7}, {5, 6}, {1, 4}, {2, 3}], [{8, 7}, {5, 6}, {1, 4}, {3}, {2}], [{8, 7}, {5, 6}, {2, 4}, {1, 3}], [{8, 7}, {5, 6}, {3, 4}, {1, 2}], [{8, 7}, {6}, {3, 5}, {4}, {1, 2}], [{8}, {1, 7}, {2, 6}, {3, 5}, {4}], [{8}, {2, 7}, {1, 6}, {3, 5}, {4}], [{8}, {2, 7}, {3, 6}, {4, 5}, {1}], [{8}, {2, 7}, {4, 6}, {3, 5}, {1}], [{8}, {2, 7}, {5, 6}, {3, 4}, {1}], [{8}, {2, 7}, {6}, {3, 5}, {1, 4}], [{8}, {2, 7}, {6}, {3, 5}, {4}, {1}], [{8}, {3, 7}, {1, 6}, {4, 5}, {2}], [{8}, {3, 7}, {2, 6}, {5}, {1, 4}], [{8}, {3, 7}, {4, 6}, {1, 5}, {2}], [{8}, {3, 7}, {5, 6}, {1, 4}, {2}], [{8}, {3, 7}, {6}, {2, 5}, {1, 4}], [{8}, {3, 7}, {6}, {5}, {1, 4}, {2}], [{8}, {4, 7}, {2, 6}, {5}, {1, 3}], [{8}, {4, 7}, {5, 6}, {1, 3}, {2}], [{8}, {4, 7}, {5, 6}, {2, 3}, {1}], [{8}, {4, 7}, {5, 6}, {3}, {1, 2}], [{8}, {4, 7}, {6}, {2, 5}, {1, 3}], [{8}, {4, 7}, {6}, {5}, {1, 3}, {2}], [{8}, {5, 7}, {1, 6}, {4}, {2, 3}], [{8}, {5, 7}, {4, 6}, {1, 3}, {2}], [{8}, {5, 7}, {4, 6}, {2, 3}, {1}], [{8}, {5, 7}, {4, 6}, {3}, {1, 2}], [{8}, {5, 7}, {6}, {1, 4}, {2, 3}], [{8}, {5, 7}, {6}, {4}, {2, 3}, {1}], [{8}, {6, 7}, {3, 5}, {4}, {1, 2}], [{8}, {6, 7}, {4, 5}, {1, 3}, {2}], [{8}, {6, 7}, {4, 5}, {2, 3}, {1}], [{8}, {6, 7}, {4, 5}, {3}, {1, 2}], [{8}, {6, 7}, {5}, {3, 4}, {1, 2}], [{8}, {6, 7}, {5}, {4}, {3}, {1, 2}]]",2,- 16 K_1^2 - 2 K_1 K_2 + K_1 + 8 K_2 + K_3 + 9,O1O2O3U4O5U3U6O4U7U2O6U1U5O8O7U8,O1O2U3O4O5U6O3O7U1O6U7U4U2O8U5U8,O1O2U3O4O5U2O6O7U8U4O8U6U5U1O3U7,c,"{'O1O2O3U4O5O4U6U3U1O7U5O8U2U7O6U8', 'O1O2O3U4O5O4U6U3O7U2U5O8U7U1O6U8'}",2,"<a href=""/flatknot/8.975962"">8.975962</a>",t^9-57t^7-150t^6+119t^5+476t^4+265t^3+428t^2-24t-144,t^3-3t,,
8.975963,O1O2O3U4O5O4U6U3O7U2U7O8U1U8O6U5,4,2z^3+24z^2+103z+127,2w^4z^3+24w^3z^2+103w^2z+127w,False,False,"[[ 0 -1 -1  0  1  2 -3  1  1],[ 1  0 -1  0  1  2 -2  1  1],[ 1  1  0  0  1  1 -1  1  0],[ 0  0  0  0  0 -1  0  0  0],[-1 -1 -1  0  0  2 -4  1  1],[-2 -2 -1  1 -2  0 -2  0  0],[ 3  2  1  0  4  2  0  1  1],[-1 -1 -1  0 -1  0 -1  0  0],[-1 -1  0  0 -1  0 -1  0  0]]","[[ 0  2  1  1  1  0 -1 -1 -3],[-2  0  0  0 -2  1 -1 -2 -2],[-1  0  0  0 -1  0  0 -1 -1],[-1  0  0  0 -1  0 -1 -1 -1],[-1  2  1  1  0  0 -1 -1 -4],[ 0 -1  0  0  0  0  0  0  0],[ 1  1  0  1  1  0  0  1 -1],[ 1  2  1  1  1  0 -1  0 -2],[ 3  2  1  1  4  0  1  2  0]]",True,"[-2,-1,-1,-1,0,1,1,3,0,0,2,-1,1,2,2,0,1,0,0,1,1,1,0,1,1,1,0,1,1,4,0,0,0,-1,1,2]","[-3,-1,-1,0,1,1,1,2,0,1,3,0,3,3,3,1,1,1,1,1,1,1,1,1,2,2,1,1,1,3,-1,-1,-1,0,1,1]",t^8+45t^6+73t^4+30t^2+1,"[-3,-1,-1,0,1,1,1,2,0,1,3,0,3,3,3,1,1,1,1,1,1,1,1,1,2,2,1,1,1,3,-1,-1,-1,0,1,1]","[-2,-1,-1,-1,0,1,1,3,-1,1,1,3,1,2,3,1,1,1,1,1,0,0,1,1,1,3,1,1,2,3,1,1,3,-1,0,1]","[-3,-1,-1,0,1,1,1,2,1,2,0,1,1,4,2,1,0,0,1,1,1,0,1,1,1,2,0,0,0,-1,0,-1,0,-1,0,2]",c,"[[{8, 2}, {3, 7}, {5, 6}, {1, 4}], [{8, 2}, {5, 7}, {3, 6}, {1, 4}], [{8, 2}, {6, 7}, {3, 5}, {1, 4}], [{8, 7}, {2, 6}, {3, 5}, {1, 4}]]",1,8 K_1^3 - 18 K_1^2 - 14 K_1 K_2 + K_1 + 9 K_2 + 5 K_3 + 10,O1O2O3U4O5U6U3O6U7U2O7U1U5O8O4U8,O1O2U3O4O3U5O6O5U1O7U6U4U2O8U7U8,O1O2U1O3O4U3O5O6U7U8O7U5U4U2O8U6,c,{'O1O2O3U4O5O4U6U3O7U2U7O8U1U8O6U5'},1,"<a href=""/flatknot/8.975963"">8.975963</a>",t^9-49t^7-140t^6-52t^5+104t^4+51t^3-16t^2-7t,t^3-t^2-t,,
8.975964,O1O2O3U4O5O4U6U3O7U2U7O8U5U1O6U8,4,20z^2+105z+131,20w^3z^2+105w^2z+131w,False,False,"[[ 0  0 -1  0  1  1 -3  1  1],[ 0  0 -2 -1  1  1 -3  1  1],[ 1  2  0  0  1  2 -2  1  0],[ 0  1  0  0  0  0 -1  0  0],[-1 -1 -1  0  0  1 -3  1  0],[-1 -1 -2  0 -1  0 -1  0  0],[ 3  3  2  1  3  1  0  1  1],[-1 -1 -1  0 -1  0 -1  0  0],[-1 -1  0  0  0  0 -1  0  0]]","[[ 0  1  1  1  1  0  0 -1 -3],[-1  0  1  1  0  0 -1 -1 -3],[-1 -1  0  0  0  0 -1 -1 -1],[-1 -1  0  0  0  0 -1 -2 -1],[-1  0  0  0  0  0 -1  0 -1],[ 0  0  0  0  0  0  1  0 -1],[ 0  1  1  1  1 -1  0 -2 -3],[ 1  1  1  2  0  0  2  0 -2],[ 3  3  1  1  1  1  3  2  0]]",True,"[-1,-1,-1,-1,0,0,1,3,-1,-1,0,0,1,1,3,0,0,0,1,1,1,0,0,1,2,1,0,1,0,1,-1,0,1,2,3,2]","[-3,-1,0,0,1,1,1,1,0,0,2,1,3,3,3,-1,1,1,0,1,2,1,0,0,0,0,1,1,1,1,-1,-1,0,0,0,0]",t^8+43t^6+137t^4+85t^2+4,"[-3,-1,0,0,1,1,1,1,0,0,2,1,3,3,3,-1,1,1,0,1,2,1,0,0,0,0,1,1,1,1,-1,-1,0,0,0,0]","[-1,-1,-1,-1,0,0,1,3,-1,0,0,0,1,0,3,0,1,0,1,1,1,0,0,1,2,3,0,1,1,3,-1,-1,0,1,2,0]","[-3,-1,0,0,1,1,1,1,2,1,3,1,1,1,3,0,2,0,1,2,1,1,0,0,0,0,1,1,1,1,0,0,0,0,-1,-1]",c,"[[{8, 1}, {2, 7}, {3, 6}, {4, 5}]]",1,8 K_1^3 - 24 K_1^2 - 14 K_1 K_2 + K_1 + 12 K_2 + 5 K_3 + 13,O1O2O3U4O5U3U6O4U7U2O7U1U5O8O6U8,O1O2U3O4O3U5O6O7U1O5U7U4U2O8U6U8,O1O2U3O4O5U4O6O7U8U2O8U6U5U1O3U7,c,{'O1O2O3U4O5O4U6U3O7U2U7O8U5U1O6U8'},1,"<a href=""/flatknot/8.975964"">8.975964</a>",t^9-49t^7-136t^6-35t^5+72t^4-5t^3+34t^2+31t-6,t^3-3t,,
8.975965,O1O2O3U4O5O4U6U3O7U5U1O8U7U8O6U2,4,14z^2+99z+143,14w^3z^2+99w^2z+143w,False,False,"[[ 0 -1  1  0  1  0 -3  1  1],[ 1  0  1 -1  2  0 -2  2  1],[-1 -1  0  0  0  0 -3  0  1],[ 0  1  0  0  0  0 -1  1  0],[-1 -2  0  0  0  0 -3  0  1],[ 0  0  0  0  0  0 -1  1  1],[ 3  2  3  1  3  1  0  2  0],[-1 -2  0 -1  0 -1 -2  0  1],[-1 -1 -1  0 -1 -1  0 -1  0]]","[[ 0  1  1  1  1  0  0 -1 -3],[-1  0  1  0  0  0  0 -1 -3],[-1 -1  0 -1 -1  0 -1 -1  0],[-1  0  1  0  0  0  0 -2 -3],[-1  0  1  0  0 -1 -1 -2 -2],[ 0  0  0  0  1  0  0  1 -1],[ 0  0  1  0  1  0  0  0 -1],[ 1  1  1  2  2 -1  0  0 -2],[ 3  3  0  3  2  1  1  2  0]]",True,"[-1,-1,-1,-1,0,0,1,3,-1,0,0,0,0,1,3,1,1,0,1,1,0,0,0,0,2,3,1,1,2,2,0,-1,1,0,1,2]","[-3,-1,0,0,1,1,1,1,0,2,2,1,1,2,4,1,2,0,1,0,1,0,1,1,0,0,1,1,0,1,0,0,-1,0,-1,-1]",t^8+45t^6+162t^4+95t^2+9,"[-3,-1,0,0,1,1,1,1,0,2,2,1,1,2,4,1,2,0,1,0,1,0,1,1,0,0,1,1,0,1,0,0,-1,0,-1,-1]","[-1,-1,-1,-1,0,0,1,3,-1,-1,-1,0,1,1,4,0,0,0,0,0,2,0,1,1,0,1,1,1,1,1,0,1,2,2,2,0]","[-3,-1,0,0,1,1,1,1,2,1,1,0,2,3,3,-1,0,1,2,1,2,0,0,1,0,0,1,1,0,0,-1,-1,-1,0,0,0]",c,"[[{8, 2}, {3, 7}, {4, 6}, {1, 5}], [{8, 2}, {3, 7}, {6}, {1, 5}, {4}]]",1,4 K_1^3 - 32 K_1^2 - 10 K_1 K_2 + 2 K_1 + 16 K_2 + 4 K_3 + 17,O1O2O3U2O4U5U6O5U3U7O6U1U4O8O7U8,O1O2U3O4O5U6O3O6U1O7U5U7U2O8U4U8,O1O2U1O3O4U2O5O6U7U4O7U5U8U3O8U6,c,{'O1O2O3U4O5O4U6U3O7U5U1O8U7U8O6U2'},1,"<a href=""/flatknot/8.975965"">8.975965</a>",t^9-51t^7-86t^6+146t^5+194t^4-99t^3-54t^2+32t+2,t^3-3t,,
8.975966,O1O2O3U4O5O4U6U3O7U5U2O8U1U8O6U7,3,14z^2+87z+119,14w^3z^2+87w^2z+119w,False,False,"[[ 0 -1  0  0  1  0 -3  2  1],[ 1  0  0 -1  2  0 -3  3  1],[ 0  0  0 -1  1  0 -2  1  0],[ 0  1  1  0  0  0 -1  0  0],[-1 -2 -1  0  0  0 -3  1  1],[ 0  0  0  0  0  0  0  0  0],[ 3  3  2  1  3  0  0  2  1],[-2 -3 -1  0 -1  0 -2  0  0],[-1 -1  0  0 -1  0 -1  0  0]]","[[ 0  2  1  1  0  0 -1 -3],[-2  0  0 -1  0 -1 -3 -2],[-1  0  0 -1  0  0 -1 -1],[-1  1  1  0  0 -1 -2 -3],[ 0  0  0  0  0  1  1 -1],[ 0  1  0  1 -1  0  0 -2],[ 1  3  1  2 -1  0  0 -3],[ 3  2  1  3  1  2  3  0]]",False,"[-2,-1,-1,0,0,1,3,0,1,0,1,3,2,1,0,0,1,1,0,1,2,3,-1,-1,1,0,2,3]","[-3,-1,0,0,1,1,2,-1,1,2,1,3,3,1,2,0,1,0,1,0,1,1,1,1,2,-1,0,1]",t^7+48t^5+136t^3+44t,"[-3,-1,0,0,1,1,2,-1,1,2,1,3,3,1,2,0,1,0,1,0,1,1,1,1,2,-1,0,1]","[-2,-1,-1,0,0,1,3,0,1,1,2,0,3,1,0,1,0,1,1,1,1,3,-1,1,1,2,2,-1]","[-3,-1,0,0,1,1,2,3,1,2,1,3,2,-1,0,1,2,3,1,0,0,0,0,1,1,-1,0,1]",c,"[[{8, 4}, {5, 7}, {1, 6}, {2, 3}], [{8, 4}, {7}, {1, 6}, {5}, {2, 3}]]",1,- 26 K_1^2 - 6 K_1 K_2 + 3 K_1 + 13 K_2 + 3 K_3 + 14,O1O2O3U4O5U6U3O6U2U7O4U1U5O8O7U8,O1O2U3O4O5U6O7O6U1O3U7U5U2O8U4U8,O1O2U1O3O4U5O6O7U8U4O8U6U3U2O5U7,c,{'O1O2O3U4O5O4U6U3O7U5U2O8U1U8O6U7'},1,"<a href=""/flatknot/8.975966"">8.975966</a>",t^8-52t^6-156t^5-35t^4+30t^3-106t^2-8t+8,t^3-t^2-t,,
8.975967,O1O2O3U4O5O4U6U3O7U5U2O8U7U1O6U8,4,10z^2+95z+151,10w^3z^2+95w^2z+151w,False,False,"[[ 0  0  0  0  1  0 -3  1  1],[ 0  0 -1 -1  1 -1 -3  2  1],[ 0  1  0 -1  1  0 -3  2  0],[ 0  1  1  0  0  0 -1  1 -1],[-1 -1 -1  0  0  0 -3  0  1],[ 0  1  0  0  0  0 -1  1  0],[ 3  3  3  1  3  1  0  1  0],[-1 -2 -2 -1  0 -1 -1  0  1],[-1 -1  0  1 -1  0  0 -1  0]]","[[ 0  1  1  1  0  0  0  0 -3],[-1  0  1  0  0  0 -1 -1 -3],[-1 -1  0 -1  1  0  0 -1  0],[-1  0  1  0 -1 -1 -2 -2 -1],[ 0  0 -1  1  0  0  1  1 -1],[ 0  0  0  1  0  0  0  1 -1],[ 0  1  0  2 -1  0  0  1 -3],[ 0  1  1  2 -1 -1 -1  0 -3],[ 3  3  0  1  1  1  3  3  0]]",True,"[-1,-1,-1,0,0,0,0,3,-1,0,0,0,1,1,3,1,-1,0,0,1,0,1,1,2,2,1,0,-1,-1,1,0,-1,1,-1,3,3]","[-3,0,0,0,0,1,1,1,0,0,2,2,1,3,4,-1,0,1,0,-1,1,1,1,0,-1,0,0,1,0,1,1,0,2,0,-1,-1]",t^8+50t^6+240t^4+125t^2+1,"[-3,0,0,0,0,1,1,1,0,0,2,2,1,3,4,-1,0,1,0,-1,1,1,1,0,-1,0,0,1,0,1,1,0,2,0,-1,-1]","[-1,-1,-1,0,0,0,0,3,-1,-1,0,1,1,2,4,0,-1,-1,0,0,3,0,0,1,1,1,-1,-1,-1,0,0,-1,0,0,2,2]","[-3,0,0,0,0,1,1,1,1,1,3,3,0,1,3,0,0,1,0,1,0,1,1,-1,1,0,1,0,2,1,1,2,1,-1,-1,0]",c,"[[{8, 1}, {2, 7}, {3, 6}, {4, 5}], [{8, 1}, {2, 7}, {4, 6}, {3, 5}], [{8, 1}, {2, 7}, {5, 6}, {3, 4}], [{8, 1}, {2, 7}, {6}, {3, 5}, {4}], [{8, 1}, {3, 7}, {2, 6}, {4, 5}], [{8, 1}, {3, 7}, {2, 6}, {5}, {4}], [{8, 1}, {3, 7}, {4, 6}, {2, 5}], [{8, 1}, {3, 7}, {4, 6}, {5}, {2}], [{8, 1}, {3, 7}, {5, 6}, {2, 4}], [{8, 1}, {3, 7}, {5, 6}, {4}, {2}], [{8, 1}, {3, 7}, {6}, {2, 5}, {4}], [{8, 1}, {3, 7}, {6}, {4, 5}, {2}], [{8, 1}, {3, 7}, {6}, {5}, {2, 4}], [{8, 1}, {3, 7}, {6}, {5}, {4}, {2}], [{8, 1}, {4, 7}, {2, 6}, {3, 5}], [{8, 1}, {4, 7}, {3, 6}, {2, 5}], [{8, 1}, {4, 7}, {5, 6}, {2, 3}], [{8, 1}, {4, 7}, {6}, {3, 5}, {2}], [{8, 1}, {5, 7}, {2, 6}, {3, 4}], [{8, 1}, {5, 7}, {2, 6}, {4}, {3}], [{8, 1}, {5, 7}, {3, 6}, {2, 4}], [{8, 1}, {5, 7}, {3, 6}, {4}, {2}], [{8, 1}, {5, 7}, {4, 6}, {2, 3}], [{8, 1}, {5, 7}, {4, 6}, {3}, {2}], [{8, 1}, {5, 7}, {6}, {2, 4}, {3}], [{8, 1}, {5, 7}, {6}, {3, 4}, {2}], [{8, 1}, {5, 7}, {6}, {4}, {2, 3}], [{8, 1}, {5, 7}, {6}, {4}, {3}, {2}], [{8, 1}, {6, 7}, {2, 5}, {3, 4}], [{8, 1}, {6, 7}, {3, 5}, {2, 4}], [{8, 1}, {6, 7}, {3, 5}, {4}, {2}], [{8, 1}, {6, 7}, {4, 5}, {2, 3}], [{8, 1}, {7}, {2, 6}, {3, 5}, {4}], [{8, 1}, {7}, {4, 6}, {3, 5}, {2}], [{8, 1}, {7}, {6}, {3, 5}, {2, 4}], [{8, 1}, {7}, {6}, {3, 5}, {4}, {2}], [{8, 2}, {1, 7}, {3, 6}, {4, 5}], [{8, 2}, {1, 7}, {4, 6}, {3, 5}], [{8, 2}, {1, 7}, {4, 6}, {5}, {3}], [{8, 2}, {1, 7}, {5, 6}, {3, 4}], [{8, 2}, {3, 7}, {1, 6}, {4, 5}], [{8, 2}, {3, 7}, {4, 6}, {1, 5}], [{8, 2}, {3, 7}, {4, 6}, {5}, {1}], [{8, 2}, {3, 7}, {5, 6}, {1, 4}], [{8, 2}, {4, 7}, {1, 6}, {3, 5}], [{8, 2}, {4, 7}, {1, 6}, {5}, {3}], [{8, 2}, {4, 7}, {3, 6}, {1, 5}], [{8, 2}, {4, 7}, {5, 6}, {1, 3}], [{8, 2}, {5, 7}, {1, 6}, {3, 4}], [{8, 2}, {5, 7}, {3, 6}, {1, 4}], [{8, 2}, {5, 7}, {4, 6}, {1, 3}], [{8, 2}, {5, 7}, {4, 6}, {3}, {1}], [{8, 2}, {6, 7}, {1, 5}, {3, 4}], [{8, 2}, {6, 7}, {3, 5}, {1, 4}], [{8, 2}, {6, 7}, {4, 5}, {1, 3}], [{8, 2}, {6, 7}, {5}, {1, 4}, {3}], [{8, 2}, {7}, {4, 6}, {1, 5}, {3}], [{8, 2}, {7}, {4, 6}, {3, 5}, {1}], [{8, 2}, {7}, {4, 6}, {5}, {1, 3}], [{8, 2}, {7}, {4, 6}, {5}, {3}, {1}], [{8, 3}, {1, 7}, {2, 6}, {4, 5}], [{8, 3}, {1, 7}, {4, 6}, {2, 5}], [{8, 3}, {1, 7}, {5, 6}, {2, 4}], [{8, 3}, {2, 7}, {1, 6}, {4, 5}], [{8, 3}, {2, 7}, {1, 6}, {5}, {4}], [{8, 3}, {2, 7}, {4, 6}, {1, 5}], [{8, 3}, {2, 7}, {5, 6}, {1, 4}], [{8, 3}, {4, 7}, {1, 6}, {2, 5}], [{8, 3}, {4, 7}, {2, 6}, {1, 5}], [{8, 3}, {4, 7}, {5, 6}, {1, 2}], [{8, 3}, {5, 7}, {1, 6}, {2, 4}], [{8, 3}, {5, 7}, {2, 6}, {1, 4}], [{8, 3}, {5, 7}, {4, 6}, {1, 2}], [{8, 3}, {6, 7}, {1, 5}, {2, 4}], [{8, 3}, {6, 7}, {2, 5}, {1, 4}], [{8, 3}, {6, 7}, {4, 5}, {1, 2}], [{8, 3}, {6, 7}, {5}, {4}, {1, 2}], [{8, 3}, {7}, {4, 6}, {2, 5}, {1}], [{8, 3}, {7}, {5, 6}, {1, 4}, {2}], [{8, 3}, {7}, {6}, {4, 5}, {1, 2}], [{8, 4}, {1, 7}, {2, 6}, {3, 5}], [{8, 4}, {1, 7}, {3, 6}, {2, 5}], [{8, 4}, {1, 7}, {5, 6}, {2, 3}], [{8, 4}, {1, 7}, {6}, {3, 5}, {2}], [{8, 4}, {2, 7}, {1, 6}, {3, 5}], [{8, 4}, {2, 7}, {3, 6}, {1, 5}], [{8, 4}, {2, 7}, {5, 6}, {1, 3}], [{8, 4}, {3, 7}, {1, 6}, {2, 5}], [{8, 4}, {3, 7}, {2, 6}, {1, 5}], [{8, 4}, {3, 7}, {2, 6}, {5}, {1}], [{8, 4}, {3, 7}, {5, 6}, {1, 2}], [{8, 4}, {5, 7}, {1, 6}, {2, 3}], [{8, 4}, {5, 7}, {2, 6}, {1, 3}], [{8, 4}, {5, 7}, {3, 6}, {1, 2}], [{8, 4}, {6, 7}, {1, 5}, {2, 3}], [{8, 4}, {6, 7}, {1, 5}, {3}, {2}], [{8, 4}, {6, 7}, {2, 5}, {1, 3}], [{8, 4}, {6, 7}, {3, 5}, {1, 2}], [{8, 4}, {6, 7}, {3, 5}, {2}, {1}], [{8, 4}, {6, 7}, {5}, {1, 3}, {2}], [{8, 4}, {7}, {1, 6}, {3, 5}, {2}], [{8, 4}, {7}, {3, 6}, {2, 5}, {1}], [{8, 5}, {1, 7}, {2, 6}, {3, 4}], [{8, 5}, {1, 7}, {2, 6}, {4}, {3}], [{8, 5}, {1, 7}, {3, 6}, {2, 4}], [{8, 5}, {1, 7}, {4, 6}, {2, 3}], [{8, 5}, {2, 7}, {1, 6}, {3, 4}], [{8, 5}, {2, 7}, {3, 6}, {1, 4}], [{8, 5}, {2, 7}, {4, 6}, {1, 3}], [{8, 5}, {2, 7}, {6}, {3, 4}, {1}], [{8, 5}, {3, 7}, {1, 6}, {2, 4}], [{8, 5}, {3, 7}, {2, 6}, {1, 4}], [{8, 5}, {3, 7}, {4, 6}, {1, 2}], [{8, 5}, {4, 7}, {1, 6}, {2, 3}], [{8, 5}, {4, 7}, {2, 6}, {1, 3}], [{8, 5}, {4, 7}, {3, 6}, {1, 2}], [{8, 5}, {6, 7}, {1, 4}, {2, 3}], [{8, 5}, {6, 7}, {2, 4}, {1, 3}], [{8, 5}, {6, 7}, {3, 4}, {1, 2}], [{8, 5}, {7}, {3, 6}, {1, 4}, {2}], [{8, 5}, {7}, {4, 6}, {2, 3}, {1}], [{8, 6}, {1, 7}, {2, 5}, {3, 4}], [{8, 6}, {1, 7}, {3, 5}, {2, 4}], [{8, 6}, {1, 7}, {3, 5}, {4}, {2}], [{8, 6}, {1, 7}, {4, 5}, {2, 3}], [{8, 6}, {2, 7}, {1, 5}, {3, 4}], [{8, 6}, {2, 7}, {3, 5}, {1, 4}], [{8, 6}, {2, 7}, {4, 5}, {1, 3}], [{8, 6}, {2, 7}, {5}, {3, 4}, {1}], [{8, 6}, {3, 7}, {1, 5}, {2, 4}], [{8, 6}, {3, 7}, {2, 5}, {1, 4}], [{8, 6}, {3, 7}, {2, 5}, {4}, {1}], [{8, 6}, {3, 7}, {4, 5}, {1, 2}], [{8, 6}, {4, 7}, {1, 5}, {2, 3}], [{8, 6}, {4, 7}, {1, 5}, {3}, {2}], [{8, 6}, {4, 7}, {2, 5}, {1, 3}], [{8, 6}, {4, 7}, {3, 5}, {1, 2}], [{8, 6}, {4, 7}, {3, 5}, {2}, {1}], [{8, 6}, {4, 7}, {5}, {1, 3}, {2}], [{8, 6}, {5, 7}, {1, 4}, {2, 3}], [{8, 6}, {5, 7}, {2, 4}, {1, 3}], [{8, 6}, {5, 7}, {2, 4}, {3}, {1}], [{8, 6}, {5, 7}, {3, 4}, {1, 2}], [{8, 6}, {7}, {1, 5}, {4}, {2, 3}], [{8, 6}, {7}, {2, 5}, {1, 4}, {3}], [{8, 6}, {7}, {3, 5}, {1, 4}, {2}], [{8, 6}, {7}, {4, 5}, {2, 3}, {1}], [{8, 6}, {7}, {5}, {1, 4}, {2, 3}], [{8, 7}, {1, 6}, {2, 5}, {3, 4}], [{8, 7}, {1, 6}, {3, 5}, {2, 4}], [{8, 7}, {1, 6}, {3, 5}, {4}, {2}], [{8, 7}, {1, 6}, {4, 5}, {2, 3}], [{8, 7}, {2, 6}, {1, 5}, {3, 4}], [{8, 7}, {2, 6}, {3, 5}, {1, 4}], [{8, 7}, {2, 6}, {4, 5}, {1, 3}], [{8, 7}, {3, 6}, {1, 5}, {2, 4}], [{8, 7}, {3, 6}, {1, 5}, {4}, {2}], [{8, 7}, {3, 6}, {2, 5}, {1, 4}], [{8, 7}, {3, 6}, {4, 5}, {1, 2}], [{8, 7}, {4, 6}, {1, 5}, {2, 3}], [{8, 7}, {4, 6}, {1, 5}, {3}, {2}], [{8, 7}, {4, 6}, {2, 5}, {1, 3}], [{8, 7}, {4, 6}, {3, 5}, {1, 2}], [{8, 7}, {4, 6}, {3, 5}, {2}, {1}], [{8, 7}, {4, 6}, {5}, {1, 3}, {2}], [{8, 7}, {5, 6}, {1, 4}, {2, 3}], [{8, 7}, {5, 6}, {2, 4}, {1, 3}], [{8, 7}, {5, 6}, {3, 4}, {1, 2}], [{8, 7}, {5, 6}, {4}, {1, 3}, {2}], [{8, 7}, {6}, {1, 5}, {3, 4}, {2}], [{8, 7}, {6}, {3, 5}, {1, 4}, {2}], [{8, 7}, {6}, {4, 5}, {1, 3}, {2}], [{8}, {1, 7}, {4, 6}, {3, 5}, {2}], [{8}, {1, 7}, {5, 6}, {4}, {2, 3}], [{8}, {2, 7}, {4, 6}, {1, 5}, {3}], [{8}, {2, 7}, {4, 6}, {3, 5}, {1}], [{8}, {2, 7}, {4, 6}, {5}, {1, 3}], [{8}, {2, 7}, {5, 6}, {3, 4}, {1}], [{8}, {3, 7}, {1, 6}, {2, 5}, {4}], [{8}, {3, 7}, {2, 6}, {5}, {1, 4}], [{8}, {3, 7}, {4, 6}, {5}, {1, 2}], [{8}, {4, 7}, {1, 6}, {3, 5}, {2}], [{8}, {4, 7}, {3, 6}, {5}, {1, 2}], [{8}, {5, 7}, {1, 6}, {2, 4}, {3}], [{8}, {5, 7}, {4, 6}, {3}, {1, 2}], [{8}, {6, 7}, {2, 5}, {4}, {1, 3}], [{8}, {6, 7}, {3, 5}, {1, 4}, {2}], [{8}, {6, 7}, {4, 5}, {3}, {1, 2}], [{8}, {7}, {4, 6}, {3, 5}, {1, 2}], [{8}, {7}, {4, 6}, {3, 5}, {2}, {1}], [{8}, {7}, {5, 6}, {2, 4}, {1, 3}]]",2,4 K_1^3 - 28 K_1^2 - 10 K_1 K_2 + 2 K_1 + 14 K_2 + 4 K_3 + 15,O1O2O3U4O5U3U6O4U2U7O6U1U5O8O7U8,O1O2U3O4O5U6O3O7U1O6U7U5U2O8U4U8,O1O2U3O4O5U2O6O7U8U5O8U6U4U1O3U7,c,{'O1O2O3U4O5O4U6U3O7U5U2O8U7U1O6U8'},1,"<a href=""/flatknot/8.975967"">8.975967</a>",t^9-56t^7-130t^6+146t^5+392t^4+74t^3+68t^2+65t-50,t^3-3t,,
8.975968,O1O2O3U4O5O4U6U3O7U5U7O8U1U8O6U2,4,6z^3+47z^2+114z+89,6w^4z^3+47w^3z^2+114w^2z+89w,False,False,"[[ 0 -1  1  0  1  0 -3  1  1],[ 1  0  1 -1  2 -1 -2  1  1],[-1 -1  0  0  0  0 -3  1  0],[ 0  1  0  0  0  0 -1  1  0],[-1 -2  0  0  0  0 -3  0  1],[ 0  1  0  0  0  0 -1  1  0],[ 3  2  3  1  3  1  0  1  1],[-1 -1 -1 -1  0 -1 -1  0  0],[-1 -1  0  0 -1  0 -1  0  0]]","[[ 0  1  1  1  1  0  0 -1 -3],[-1  0  1  0  0  0  0 -1 -3],[-1 -1  0  0  0 -1 -1 -1 -1],[-1  0  0  0  1  0  0 -2 -3],[-1  0  0 -1  0  0  0 -1 -1],[ 0  0  1  0  0  0  0  1 -1],[ 0  0  1  0  0  0  0  1 -1],[ 1  1  1  2  1 -1 -1  0 -2],[ 3  3  1  3  1  1  1  2  0]]",True,"[-1,-1,-1,-1,0,0,1,3,-1,0,0,0,0,1,3,0,0,1,1,1,1,-1,0,0,2,3,0,0,1,1,0,-1,1,-1,1,2]","[-3,-1,0,0,1,1,1,1,0,2,2,1,1,3,3,2,2,0,1,1,1,0,1,1,0,1,1,1,0,1,0,0,-1,-1,0,0]",t^8+39t^6+185t^4+59t^2,"[-3,-1,0,0,1,1,1,1,0,2,2,1,1,3,3,2,2,0,1,1,1,0,1,1,0,1,1,1,0,1,0,0,-1,-1,0,0]","[-1,-1,-1,-1,0,0,1,3,-1,0,0,0,0,1,3,0,0,1,1,1,1,-1,1,1,1,3,1,1,0,1,0,2,2,2,2,0]","[-3,-1,0,0,1,1,1,1,2,1,1,1,1,3,3,-1,-1,1,1,1,2,0,0,1,0,0,0,1,0,0,0,0,-1,-1,0,0]",c,"[[{8, 1}, {2, 7}, {3, 6}, {4, 5}], [{8, 1}, {2, 7}, {4, 6}, {3, 5}], [{8, 1}, {2, 7}, {4, 6}, {5}, {3}], [{8, 1}, {2, 7}, {5, 6}, {3, 4}], [{8, 1}, {3, 7}, {2, 6}, {4, 5}], [{8, 1}, {3, 7}, {4, 6}, {2, 5}], [{8, 1}, {3, 7}, {4, 6}, {5}, {2}], [{8, 1}, {3, 7}, {5, 6}, {2, 4}], [{8, 1}, {4, 7}, {2, 6}, {3, 5}], [{8, 1}, {4, 7}, {2, 6}, {5}, {3}], [{8, 1}, {4, 7}, {3, 6}, {2, 5}], [{8, 1}, {4, 7}, {5, 6}, {2, 3}], [{8, 1}, {5, 7}, {2, 6}, {3, 4}], [{8, 1}, {5, 7}, {3, 6}, {2, 4}], [{8, 1}, {5, 7}, {4, 6}, {2, 3}], [{8, 1}, {5, 7}, {4, 6}, {3}, {2}], [{8, 1}, {6, 7}, {2, 5}, {3, 4}], [{8, 1}, {6, 7}, {3, 5}, {2, 4}], [{8, 1}, {6, 7}, {4, 5}, {2, 3}], [{8, 1}, {6, 7}, {5}, {2, 4}, {3}], [{8, 1}, {7}, {4, 6}, {2, 5}, {3}], [{8, 1}, {7}, {4, 6}, {3, 5}, {2}], [{8, 1}, {7}, {4, 6}, {5}, {2, 3}], [{8, 1}, {7}, {4, 6}, {5}, {3}, {2}], [{8, 2}, {1, 7}, {3, 6}, {4, 5}], [{8, 2}, {1, 7}, {4, 6}, {3, 5}], [{8, 2}, {1, 7}, {4, 6}, {5}, {3}], [{8, 2}, {1, 7}, {5, 6}, {3, 4}], [{8, 2}, {3, 7}, {1, 6}, {4, 5}], [{8, 2}, {3, 7}, {1, 6}, {5}, {4}], [{8, 2}, {3, 7}, {4, 6}, {1, 5}], [{8, 2}, {3, 7}, {5, 6}, {1, 4}], [{8, 2}, {4, 7}, {1, 6}, {3, 5}], [{8, 2}, {4, 7}, {1, 6}, {5}, {3}], [{8, 2}, {4, 7}, {3, 6}, {1, 5}], [{8, 2}, {4, 7}, {3, 6}, {5}, {1}], [{8, 2}, {4, 7}, {5, 6}, {1, 3}], [{8, 2}, {4, 7}, {5, 6}, {3}, {1}], [{8, 2}, {4, 7}, {6}, {1, 5}, {3}], [{8, 2}, {4, 7}, {6}, {3, 5}, {1}], [{8, 2}, {4, 7}, {6}, {5}, {1, 3}], [{8, 2}, {4, 7}, {6}, {5}, {3}, {1}], [{8, 2}, {5, 7}, {1, 6}, {3, 4}], [{8, 2}, {5, 7}, {1, 6}, {4}, {3}], [{8, 2}, {5, 7}, {3, 6}, {1, 4}], [{8, 2}, {5, 7}, {4, 6}, {1, 3}], [{8, 2}, {6, 7}, {1, 5}, {3, 4}], [{8, 2}, {6, 7}, {3, 5}, {1, 4}], [{8, 2}, {6, 7}, {4, 5}, {1, 3}], [{8, 2}, {6, 7}, {5}, {1, 4}, {3}], [{8, 2}, {7}, {1, 6}, {3, 5}, {4}], [{8, 2}, {7}, {1, 6}, {4, 5}, {3}], [{8, 2}, {7}, {1, 6}, {5}, {3, 4}], [{8, 2}, {7}, {1, 6}, {5}, {4}, {3}], [{8, 3}, {1, 7}, {2, 6}, {4, 5}], [{8, 3}, {1, 7}, {4, 6}, {2, 5}], [{8, 3}, {1, 7}, {5, 6}, {2, 4}], [{8, 3}, {2, 7}, {1, 6}, {4, 5}], [{8, 3}, {2, 7}, {4, 6}, {1, 5}], [{8, 3}, {2, 7}, {4, 6}, {5}, {1}], [{8, 3}, {2, 7}, {5, 6}, {1, 4}], [{8, 3}, {4, 7}, {1, 6}, {2, 5}], [{8, 3}, {4, 7}, {2, 6}, {1, 5}], [{8, 3}, {4, 7}, {5, 6}, {1, 2}], [{8, 3}, {5, 7}, {1, 6}, {2, 4}], [{8, 3}, {5, 7}, {1, 6}, {4}, {2}], [{8, 3}, {5, 7}, {2, 6}, {1, 4}], [{8, 3}, {5, 7}, {4, 6}, {1, 2}], [{8, 3}, {6, 7}, {1, 5}, {2, 4}], [{8, 3}, {6, 7}, {2, 5}, {1, 4}], [{8, 3}, {6, 7}, {4, 5}, {1, 2}], [{8, 3}, {6, 7}, {5}, {4}, {1, 2}], [{8, 3}, {7}, {2, 6}, {5}, {1, 4}], [{8, 3}, {7}, {4, 6}, {1, 5}, {2}], [{8, 3}, {7}, {5, 6}, {1, 4}, {2}], [{8, 3}, {7}, {6}, {2, 5}, {1, 4}], [{8, 4}, {1, 7}, {2, 6}, {3, 5}], [{8, 4}, {1, 7}, {2, 6}, {5}, {3}], [{8, 4}, {1, 7}, {3, 6}, {2, 5}], [{8, 4}, {1, 7}, {5, 6}, {2, 3}], [{8, 4}, {2, 7}, {1, 6}, {3, 5}], [{8, 4}, {2, 7}, {1, 6}, {5}, {3}], [{8, 4}, {2, 7}, {3, 6}, {1, 5}], [{8, 4}, {2, 7}, {5, 6}, {1, 3}], [{8, 4}, {3, 7}, {1, 6}, {2, 5}], [{8, 4}, {3, 7}, {2, 6}, {1, 5}], [{8, 4}, {3, 7}, {5, 6}, {1, 2}], [{8, 4}, {5, 7}, {1, 6}, {2, 3}], [{8, 4}, {5, 7}, {2, 6}, {1, 3}], [{8, 4}, {5, 7}, {3, 6}, {1, 2}], [{8, 4}, {6, 7}, {1, 5}, {2, 3}], [{8, 4}, {6, 7}, {1, 5}, {3}, {2}], [{8, 4}, {6, 7}, {2, 5}, {1, 3}], [{8, 4}, {6, 7}, {2, 5}, {3}, {1}], [{8, 4}, {6, 7}, {3, 5}, {1, 2}], [{8, 4}, {6, 7}, {3, 5}, {2}, {1}], [{8, 4}, {6, 7}, {5}, {1, 3}, {2}], [{8, 4}, {6, 7}, {5}, {2, 3}, {1}], [{8, 4}, {6, 7}, {5}, {3}, {1, 2}], [{8, 4}, {6, 7}, {5}, {3}, {2}, {1}], [{8, 5}, {1, 7}, {2, 6}, {3, 4}], [{8, 5}, {1, 7}, {3, 6}, {2, 4}], [{8, 5}, {1, 7}, {4, 6}, {2, 3}], [{8, 5}, {2, 7}, {1, 6}, {3, 4}], [{8, 5}, {2, 7}, {3, 6}, {1, 4}], [{8, 5}, {2, 7}, {4, 6}, {1, 3}], [{8, 5}, {2, 7}, {4, 6}, {3}, {1}], [{8, 5}, {3, 7}, {1, 6}, {2, 4}], [{8, 5}, {3, 7}, {1, 6}, {4}, {2}], [{8, 5}, {3, 7}, {2, 6}, {1, 4}], [{8, 5}, {3, 7}, {4, 6}, {1, 2}], [{8, 5}, {4, 7}, {1, 6}, {2, 3}], [{8, 5}, {4, 7}, {2, 6}, {1, 3}], [{8, 5}, {4, 7}, {3, 6}, {1, 2}], [{8, 5}, {6, 7}, {1, 4}, {2, 3}], [{8, 5}, {6, 7}, {2, 4}, {1, 3}], [{8, 5}, {6, 7}, {3, 4}, {1, 2}], [{8, 5}, {6, 7}, {4}, {3}, {1, 2}], [{8, 5}, {7}, {2, 6}, {1, 4}, {3}], [{8, 5}, {7}, {3, 6}, {1, 4}, {2}], [{8, 5}, {7}, {4, 6}, {1, 3}, {2}], [{8, 5}, {7}, {6}, {1, 4}, {2, 3}], [{8, 6}, {1, 7}, {2, 5}, {3, 4}], [{8, 6}, {1, 7}, {2, 5}, {4}, {3}], [{8, 6}, {1, 7}, {3, 5}, {2, 4}], [{8, 6}, {1, 7}, {3, 5}, {4}, {2}], [{8, 6}, {1, 7}, {4, 5}, {2, 3}], [{8, 6}, {1, 7}, {4, 5}, {3}, {2}], [{8, 6}, {1, 7}, {5}, {2, 4}, {3}], [{8, 6}, {1, 7}, {5}, {3, 4}, {2}], [{8, 6}, {1, 7}, {5}, {4}, {2, 3}], [{8, 6}, {1, 7}, {5}, {4}, {3}, {2}], [{8, 6}, {2, 7}, {1, 5}, {3, 4}], [{8, 6}, {2, 7}, {3, 5}, {1, 4}], [{8, 6}, {2, 7}, {4, 5}, {1, 3}], [{8, 6}, {2, 7}, {5}, {1, 4}, {3}], [{8, 6}, {3, 7}, {1, 5}, {2, 4}], [{8, 6}, {3, 7}, {2, 5}, {1, 4}], [{8, 6}, {3, 7}, {4, 5}, {1, 2}], [{8, 6}, {3, 7}, {4, 5}, {2}, {1}], [{8, 6}, {4, 7}, {1, 5}, {2, 3}], [{8, 6}, {4, 7}, {2, 5}, {1, 3}], [{8, 6}, {4, 7}, {3, 5}, {1, 2}], [{8, 6}, {4, 7}, {5}, {3}, {1, 2}], [{8, 6}, {5, 7}, {1, 4}, {2, 3}], [{8, 6}, {5, 7}, {2, 4}, {1, 3}], [{8, 6}, {5, 7}, {3, 4}, {1, 2}], [{8, 6}, {5, 7}, {3, 4}, {2}, {1}], [{8, 6}, {7}, {1, 5}, {3, 4}, {2}], [{8, 6}, {7}, {4, 5}, {1, 3}, {2}], [{8, 7}, {1, 6}, {2, 5}, {3, 4}], [{8, 7}, {1, 6}, {3, 5}, {2, 4}], [{8, 7}, {1, 6}, {4, 5}, {2, 3}], [{8, 7}, {1, 6}, {5}, {2, 4}, {3}], [{8, 7}, {2, 6}, {1, 5}, {3, 4}], [{8, 7}, {2, 6}, {3, 5}, {1, 4}], [{8, 7}, {2, 6}, {4, 5}, {1, 3}], [{8, 7}, {2, 6}, {5}, {1, 4}, {3}], [{8, 7}, {3, 6}, {1, 5}, {2, 4}], [{8, 7}, {3, 6}, {1, 5}, {4}, {2}], [{8, 7}, {3, 6}, {2, 5}, {1, 4}], [{8, 7}, {3, 6}, {4, 5}, {1, 2}], [{8, 7}, {4, 6}, {1, 5}, {2, 3}], [{8, 7}, {4, 6}, {2, 5}, {1, 3}], [{8, 7}, {4, 6}, {3, 5}, {1, 2}], [{8, 7}, {4, 6}, {5}, {3}, {1, 2}], [{8, 7}, {5, 6}, {1, 4}, {2, 3}], [{8, 7}, {5, 6}, {2, 4}, {1, 3}], [{8, 7}, {5, 6}, {3, 4}, {1, 2}], [{8, 7}, {5, 6}, {4}, {1, 3}, {2}], [{8, 7}, {6}, {2, 5}, {3, 4}, {1}], [{8, 7}, {6}, {4, 5}, {2, 3}, {1}], [{8}, {2, 7}, {4, 6}, {1, 5}, {3}], [{8}, {2, 7}, {4, 6}, {3, 5}, {1}], [{8}, {2, 7}, {4, 6}, {5}, {1, 3}], [{8}, {2, 7}, {4, 6}, {5}, {3}, {1}], [{8}, {3, 7}, {1, 6}, {2, 5}, {4}], [{8}, {3, 7}, {2, 6}, {5}, {1, 4}], [{8}, {3, 7}, {6}, {1, 5}, {2, 4}], [{8}, {3, 7}, {6}, {4, 5}, {1, 2}], [{8}, {5, 7}, {1, 6}, {4}, {2, 3}], [{8}, {5, 7}, {2, 6}, {1, 4}, {3}], [{8}, {5, 7}, {6}, {2, 4}, {1, 3}], [{8}, {5, 7}, {6}, {3, 4}, {1, 2}], [{8}, {6, 7}, {1, 5}, {4}, {2, 3}], [{8}, {6, 7}, {2, 5}, {4}, {1, 3}], [{8}, {6, 7}, {3, 5}, {4}, {1, 2}], [{8}, {6, 7}, {4, 5}, {3}, {1, 2}], [{8}, {6, 7}, {5}, {3, 4}, {1, 2}], [{8}, {6, 7}, {5}, {4}, {3}, {1, 2}], [{8}, {7}, {2, 6}, {3, 5}, {1, 4}], [{8}, {7}, {2, 6}, {5}, {1, 4}, {3}], [{8}, {7}, {3, 6}, {4, 5}, {1, 2}], [{8}, {7}, {5, 6}, {3, 4}, {1, 2}]]",2,32 K_1^3 - 8 K_1^2 - 30 K_1 K_2 - 9 K_1 + 4 K_2 + 7 K_3 + 5,O1O2O3U2O4U5U3O5U6U7O6U1U4O8O7U8,O1O2U3O4O3U5O6O5U1O7U6U7U2O8U4U8,O1O2U1O3O4U3O5O6U7U4O7U5U8U2O8U6,c,{'O1O2O3U4O5O4U6U3O7U5U7O8U1U8O6U2'},1,"<a href=""/flatknot/8.975968"">8.975968</a>",t^9-45t^7-86t^6+69t^5+186t^4+65t^3-24t^2-58t,t^3-3t,,
8.975969,O1O2O3U4O5O4U6U3O7U5U7O8U2U1O6U8,4,6z^3+47z^2+114z+89,6w^4z^3+47w^3z^2+114w^2z+89w,False,False,"[[ 0  0  0  0  1  0 -3  1  1],[ 0  0  0 -1  1 -1 -3  1  1],[ 0  0  0 -1  1 -1 -2  1  0],[ 0  1  1  0  0  0 -1  1 -1],[-1 -1 -1  0  0  0 -3  0  1],[ 0  1  1  0  0  0 -1  1 -1],[ 3  3  2  1  3  1  0  1  1],[-1 -1 -1 -1  0 -1 -1  0  0],[-1 -1  0  1 -1  1 -1  0  0]]","[[ 0  1  1  1  0  0  0  0 -3],[-1  0  1  0  0  0 -1 -1 -3],[-1 -1  0  0  1  1  0 -1 -1],[-1  0  0  0 -1 -1 -1 -1 -1],[ 0  0 -1  1  0  0  1  1 -1],[ 0  0 -1  1  0  0  1  1 -1],[ 0  1  0  1 -1 -1  0  0 -2],[ 0  1  1  1 -1 -1  0  0 -3],[ 3  3  1  1  1  1  2  3  0]]",True,"[-1,-1,-1,0,0,0,0,3,-1,0,0,0,1,1,3,0,-1,-1,0,1,1,1,1,1,1,1,0,-1,-1,1,-1,-1,1,0,2,3]","[-3,0,0,0,0,1,1,1,0,1,2,2,1,3,3,0,1,1,0,0,0,1,1,0,0,1,0,1,0,2,1,0,2,0,-1,0]",t^8+40t^6+242t^4+59t^2,"[-3,0,0,0,0,1,1,1,0,1,2,2,1,3,3,0,1,1,0,0,0,1,1,0,0,1,0,1,0,2,1,0,2,0,-1,0]","[-1,-1,-1,0,0,0,0,3,-1,0,0,1,2,2,3,0,0,0,1,1,1,0,0,0,0,3,0,-1,-1,0,-1,-1,1,0,2,2]","[-3,0,0,0,0,1,1,1,1,1,2,3,1,1,3,0,1,1,-1,1,0,1,1,-1,1,0,0,0,1,1,1,1,1,0,-1,0]",c,"[[{8, 1}, {2, 7}, {3, 6}, {4, 5}], [{8, 1}, {2, 7}, {3, 6}, {5}, {4}], [{8, 1}, {2, 7}, {4, 6}, {3, 5}], [{8, 1}, {2, 7}, {4, 6}, {5}, {3}], [{8, 1}, {2, 7}, {5, 6}, {3, 4}], [{8, 1}, {2, 7}, {5, 6}, {4}, {3}], [{8, 1}, {2, 7}, {6}, {3, 5}, {4}], [{8, 1}, {2, 7}, {6}, {4, 5}, {3}], [{8, 1}, {2, 7}, {6}, {5}, {3, 4}], [{8, 1}, {2, 7}, {6}, {5}, {4}, {3}], [{8, 1}, {3, 7}, {2, 6}, {4, 5}], [{8, 1}, {3, 7}, {2, 6}, {5}, {4}], [{8, 1}, {3, 7}, {4, 6}, {2, 5}], [{8, 1}, {3, 7}, {5, 6}, {2, 4}], [{8, 1}, {3, 7}, {6}, {4, 5}, {2}], [{8, 1}, {4, 7}, {2, 6}, {3, 5}], [{8, 1}, {4, 7}, {2, 6}, {5}, {3}], [{8, 1}, {4, 7}, {3, 6}, {2, 5}], [{8, 1}, {4, 7}, {5, 6}, {2, 3}], [{8, 1}, {5, 7}, {2, 6}, {3, 4}], [{8, 1}, {5, 7}, {2, 6}, {4}, {3}], [{8, 1}, {5, 7}, {3, 6}, {2, 4}], [{8, 1}, {5, 7}, {4, 6}, {2, 3}], [{8, 1}, {5, 7}, {6}, {3, 4}, {2}], [{8, 1}, {6, 7}, {2, 5}, {3, 4}], [{8, 1}, {6, 7}, {2, 5}, {4}, {3}], [{8, 1}, {6, 7}, {3, 5}, {2, 4}], [{8, 1}, {6, 7}, {3, 5}, {4}, {2}], [{8, 1}, {6, 7}, {4, 5}, {2, 3}], [{8, 1}, {6, 7}, {4, 5}, {3}, {2}], [{8, 1}, {6, 7}, {5}, {2, 4}, {3}], [{8, 1}, {6, 7}, {5}, {3, 4}, {2}], [{8, 1}, {6, 7}, {5}, {4}, {2, 3}], [{8, 1}, {6, 7}, {5}, {4}, {3}, {2}], [{8, 1}, {7}, {2, 6}, {3, 5}, {4}], [{8, 1}, {7}, {2, 6}, {4, 5}, {3}], [{8, 1}, {7}, {2, 6}, {5}, {3, 4}], [{8, 1}, {7}, {2, 6}, {5}, {4}, {3}], [{8, 1}, {7}, {3, 6}, {4, 5}, {2}], [{8, 1}, {7}, {5, 6}, {3, 4}, {2}], [{8, 1}, {7}, {6}, {2, 5}, {3, 4}], [{8, 1}, {7}, {6}, {4, 5}, {2, 3}], [{8, 2}, {1, 7}, {3, 6}, {4, 5}], [{8, 2}, {1, 7}, {4, 6}, {3, 5}], [{8, 2}, {1, 7}, {4, 6}, {5}, {3}], [{8, 2}, {1, 7}, {5, 6}, {3, 4}], [{8, 2}, {3, 7}, {1, 6}, {4, 5}], [{8, 2}, {3, 7}, {1, 6}, {5}, {4}], [{8, 2}, {3, 7}, {4, 6}, {1, 5}], [{8, 2}, {3, 7}, {4, 6}, {5}, {1}], [{8, 2}, {3, 7}, {5, 6}, {1, 4}], [{8, 2}, {3, 7}, {6}, {5}, {1, 4}], [{8, 2}, {4, 7}, {1, 6}, {3, 5}], [{8, 2}, {4, 7}, {1, 6}, {5}, {3}], [{8, 2}, {4, 7}, {3, 6}, {1, 5}], [{8, 2}, {4, 7}, {5, 6}, {1, 3}], [{8, 2}, {5, 7}, {1, 6}, {3, 4}], [{8, 2}, {5, 7}, {1, 6}, {4}, {3}], [{8, 2}, {5, 7}, {3, 6}, {1, 4}], [{8, 2}, {5, 7}, {4, 6}, {1, 3}], [{8, 2}, {5, 7}, {4, 6}, {3}, {1}], [{8, 2}, {5, 7}, {6}, {1, 4}, {3}], [{8, 2}, {6, 7}, {1, 5}, {3, 4}], [{8, 2}, {6, 7}, {3, 5}, {1, 4}], [{8, 2}, {6, 7}, {4, 5}, {1, 3}], [{8, 2}, {6, 7}, {5}, {1, 4}, {3}], [{8, 2}, {7}, {1, 6}, {3, 5}, {4}], [{8, 2}, {7}, {1, 6}, {4, 5}, {3}], [{8, 2}, {7}, {1, 6}, {5}, {3, 4}], [{8, 2}, {7}, {1, 6}, {5}, {4}, {3}], [{8, 2}, {7}, {3, 6}, {5}, {1, 4}], [{8, 2}, {7}, {4, 6}, {1, 5}, {3}], [{8, 2}, {7}, {4, 6}, {3, 5}, {1}], [{8, 2}, {7}, {4, 6}, {5}, {1, 3}], [{8, 2}, {7}, {4, 6}, {5}, {3}, {1}], [{8, 2}, {7}, {5, 6}, {1, 4}, {3}], [{8, 2}, {7}, {6}, {3, 5}, {1, 4}], [{8, 2}, {7}, {6}, {5}, {1, 4}, {3}], [{8, 3}, {1, 7}, {2, 6}, {4, 5}], [{8, 3}, {1, 7}, {4, 6}, {2, 5}], [{8, 3}, {1, 7}, {5, 6}, {2, 4}], [{8, 3}, {1, 7}, {5, 6}, {4}, {2}], [{8, 3}, {2, 7}, {1, 6}, {4, 5}], [{8, 3}, {2, 7}, {4, 6}, {1, 5}], [{8, 3}, {2, 7}, {4, 6}, {5}, {1}], [{8, 3}, {2, 7}, {5, 6}, {1, 4}], [{8, 3}, {4, 7}, {1, 6}, {2, 5}], [{8, 3}, {4, 7}, {2, 6}, {1, 5}], [{8, 3}, {4, 7}, {5, 6}, {1, 2}], [{8, 3}, {4, 7}, {6}, {5}, {1, 2}], [{8, 3}, {5, 7}, {1, 6}, {2, 4}], [{8, 3}, {5, 7}, {2, 6}, {1, 4}], [{8, 3}, {5, 7}, {4, 6}, {1, 2}], [{8, 3}, {5, 7}, {6}, {2, 4}, {1}], [{8, 3}, {6, 7}, {1, 5}, {2, 4}], [{8, 3}, {6, 7}, {2, 5}, {1, 4}], [{8, 3}, {6, 7}, {4, 5}, {1, 2}], [{8, 3}, {6, 7}, {5}, {1, 4}, {2}], [{8, 4}, {1, 7}, {2, 6}, {3, 5}], [{8, 4}, {1, 7}, {2, 6}, {5}, {3}], [{8, 4}, {1, 7}, {3, 6}, {2, 5}], [{8, 4}, {1, 7}, {5, 6}, {2, 3}], [{8, 4}, {2, 7}, {1, 6}, {3, 5}], [{8, 4}, {2, 7}, {1, 6}, {5}, {3}], [{8, 4}, {2, 7}, {3, 6}, {1, 5}], [{8, 4}, {2, 7}, {5, 6}, {1, 3}], [{8, 4}, {3, 7}, {1, 6}, {2, 5}], [{8, 4}, {3, 7}, {2, 6}, {1, 5}], [{8, 4}, {3, 7}, {5, 6}, {1, 2}], [{8, 4}, {3, 7}, {6}, {1, 5}, {2}], [{8, 4}, {5, 7}, {1, 6}, {2, 3}], [{8, 4}, {5, 7}, {2, 6}, {1, 3}], [{8, 4}, {5, 7}, {3, 6}, {1, 2}], [{8, 4}, {5, 7}, {6}, {1, 3}, {2}], [{8, 4}, {6, 7}, {1, 5}, {2, 3}], [{8, 4}, {6, 7}, {1, 5}, {3}, {2}], [{8, 4}, {6, 7}, {2, 5}, {1, 3}], [{8, 4}, {6, 7}, {2, 5}, {3}, {1}], [{8, 4}, {6, 7}, {3, 5}, {1, 2}], [{8, 4}, {6, 7}, {3, 5}, {2}, {1}], [{8, 4}, {6, 7}, {5}, {1, 3}, {2}], [{8, 4}, {6, 7}, {5}, {2, 3}, {1}], [{8, 4}, {6, 7}, {5}, {3}, {1, 2}], [{8, 4}, {6, 7}, {5}, {3}, {2}, {1}], [{8, 4}, {7}, {3, 6}, {1, 5}, {2}], [{8, 4}, {7}, {5, 6}, {1, 3}, {2}], [{8, 5}, {1, 7}, {2, 6}, {3, 4}], [{8, 5}, {1, 7}, {3, 6}, {2, 4}], [{8, 5}, {1, 7}, {3, 6}, {4}, {2}], [{8, 5}, {1, 7}, {4, 6}, {2, 3}], [{8, 5}, {2, 7}, {1, 6}, {3, 4}], [{8, 5}, {2, 7}, {3, 6}, {1, 4}], [{8, 5}, {2, 7}, {4, 6}, {1, 3}], [{8, 5}, {2, 7}, {4, 6}, {3}, {1}], [{8, 5}, {3, 7}, {1, 6}, {2, 4}], [{8, 5}, {3, 7}, {2, 6}, {1, 4}], [{8, 5}, {3, 7}, {4, 6}, {1, 2}], [{8, 5}, {3, 7}, {6}, {2, 4}, {1}], [{8, 5}, {4, 7}, {1, 6}, {2, 3}], [{8, 5}, {4, 7}, {2, 6}, {1, 3}], [{8, 5}, {4, 7}, {3, 6}, {1, 2}], [{8, 5}, {4, 7}, {6}, {3}, {1, 2}], [{8, 5}, {6, 7}, {1, 4}, {2, 3}], [{8, 5}, {6, 7}, {1, 4}, {3}, {2}], [{8, 5}, {6, 7}, {2, 4}, {1, 3}], [{8, 5}, {6, 7}, {3, 4}, {1, 2}], [{8, 6}, {1, 7}, {2, 5}, {3, 4}], [{8, 6}, {1, 7}, {3, 5}, {2, 4}], [{8, 6}, {1, 7}, {4, 5}, {2, 3}], [{8, 6}, {1, 7}, {5}, {2, 4}, {3}], [{8, 6}, {2, 7}, {1, 5}, {3, 4}], [{8, 6}, {2, 7}, {3, 5}, {1, 4}], [{8, 6}, {2, 7}, {4, 5}, {1, 3}], [{8, 6}, {2, 7}, {5}, {1, 4}, {3}], [{8, 6}, {3, 7}, {1, 5}, {2, 4}], [{8, 6}, {3, 7}, {2, 5}, {1, 4}], [{8, 6}, {3, 7}, {4, 5}, {1, 2}], [{8, 6}, {3, 7}, {4, 5}, {2}, {1}], [{8, 6}, {4, 7}, {1, 5}, {2, 3}], [{8, 6}, {4, 7}, {1, 5}, {3}, {2}], [{8, 6}, {4, 7}, {2, 5}, {1, 3}], [{8, 6}, {4, 7}, {2, 5}, {3}, {1}], [{8, 6}, {4, 7}, {3, 5}, {1, 2}], [{8, 6}, {4, 7}, {3, 5}, {2}, {1}], [{8, 6}, {4, 7}, {5}, {1, 3}, {2}], [{8, 6}, {4, 7}, {5}, {2, 3}, {1}], [{8, 6}, {4, 7}, {5}, {3}, {1, 2}], [{8, 6}, {4, 7}, {5}, {3}, {2}, {1}], [{8, 6}, {5, 7}, {1, 4}, {2, 3}], [{8, 6}, {5, 7}, {2, 4}, {1, 3}], [{8, 6}, {5, 7}, {3, 4}, {1, 2}], [{8, 6}, {5, 7}, {3, 4}, {2}, {1}], [{8, 6}, {7}, {1, 5}, {4}, {2, 3}], [{8, 6}, {7}, {2, 5}, {4}, {1, 3}], [{8, 7}, {1, 6}, {2, 5}, {3, 4}], [{8, 7}, {1, 6}, {3, 5}, {2, 4}], [{8, 7}, {1, 6}, {4, 5}, {2, 3}], [{8, 7}, {1, 6}, {5}, {2, 4}, {3}], [{8, 7}, {2, 6}, {1, 5}, {3, 4}], [{8, 7}, {2, 6}, {3, 5}, {1, 4}], [{8, 7}, {2, 6}, {4, 5}, {1, 3}], [{8, 7}, {2, 6}, {5}, {1, 4}, {3}], [{8, 7}, {3, 6}, {1, 5}, {2, 4}], [{8, 7}, {3, 6}, {2, 5}, {1, 4}], [{8, 7}, {3, 6}, {2, 5}, {4}, {1}], [{8, 7}, {3, 6}, {4, 5}, {1, 2}], [{8, 7}, {4, 6}, {1, 5}, {2, 3}], [{8, 7}, {4, 6}, {1, 5}, {3}, {2}], [{8, 7}, {4, 6}, {2, 5}, {1, 3}], [{8, 7}, {4, 6}, {2, 5}, {3}, {1}], [{8, 7}, {4, 6}, {3, 5}, {1, 2}], [{8, 7}, {4, 6}, {3, 5}, {2}, {1}], [{8, 7}, {4, 6}, {5}, {1, 3}, {2}], [{8, 7}, {4, 6}, {5}, {2, 3}, {1}], [{8, 7}, {4, 6}, {5}, {3}, {1, 2}], [{8, 7}, {4, 6}, {5}, {3}, {2}, {1}], [{8, 7}, {5, 6}, {1, 4}, {2, 3}], [{8, 7}, {5, 6}, {2, 4}, {1, 3}], [{8, 7}, {5, 6}, {3, 4}, {1, 2}], [{8, 7}, {5, 6}, {4}, {2, 3}, {1}], [{8, 7}, {6}, {2, 5}, {3, 4}, {1}], [{8, 7}, {6}, {4, 5}, {2, 3}, {1}], [{8}, {1, 7}, {6}, {2, 5}, {3, 4}], [{8}, {1, 7}, {6}, {4, 5}, {2, 3}], [{8}, {2, 7}, {4, 6}, {1, 5}, {3}], [{8}, {2, 7}, {4, 6}, {3, 5}, {1}], [{8}, {2, 7}, {4, 6}, {5}, {1, 3}], [{8}, {2, 7}, {4, 6}, {5}, {3}, {1}], [{8}, {3, 7}, {1, 6}, {4, 5}, {2}], [{8}, {4, 7}, {3, 6}, {5}, {1, 2}], [{8}, {4, 7}, {5, 6}, {3}, {1, 2}], [{8}, {4, 7}, {6}, {3, 5}, {1, 2}], [{8}, {4, 7}, {6}, {5}, {3}, {1, 2}], [{8}, {5, 7}, {1, 6}, {3, 4}, {2}], [{8}, {6, 7}, {2, 5}, {1, 4}, {3}], [{8}, {6, 7}, {3, 5}, {1, 4}, {2}], [{8}, {6, 7}, {5}, {1, 4}, {2, 3}], [{8}, {6, 7}, {5}, {1, 4}, {3}, {2}]]",2,4 K_1^3 - 4 K_1^2 - 14 K_1 K_2 + 4 K_1 + 2 K_2 + 6 K_3 + 3,O1O2O3U4O5U3U2O4U6U7O6U1U5O8O7U8,O1O2U3O4O3U5O6O7U1O5U7U6U2O8U4U8,O1O2U3O4O5U4O6O7U8U5O8U6U2U1O3U7,c,{'O1O2O3U4O5O4U6U3O7U5U7O8U2U1O6U8'},1,"<a href=""/flatknot/8.975969"">8.975969</a>",t^9-46t^7-92t^6+100t^5+202t^4+40t^3-80t^2-14t,t^3-3t,,
8.975970,O1O2O3U4O5O4U6U3O7U8U1O8U2U5O6U7,4,14z^2+67z+79,14w^3z^2+67w^2z+79w,False,False,"[[ 0 -1  0  0  1  2 -3  2 -1],[ 1  0  0  0  1  1 -1  1  1],[ 0  0  0  0  0  1 -2  1  0],[ 0  0  0  0  0  0 -1  0  0],[-1 -1  0  0  0  2 -3  1 -2],[-2 -1 -1  0 -2  0 -2  0 -2],[ 3  1  2  1  3  2  0  2  2],[-2 -1 -1  0 -1  0 -2  0 -2],[ 1 -1  0  0  2  2 -2  2  0]]","[[ 0  2  2  1  0  0 -1 -1 -3],[-2  0  0 -1  0 -1 -1 -2 -2],[-2  0  0 -2  0 -1 -1 -2 -2],[-1  1  2  0  0  0 -1 -2 -3],[ 0  0  0  0  0  0  0  0 -1],[ 0  1  1  0  0  0  0  0 -2],[ 1  1  1  1  0  0  0  1 -1],[ 1  2  2  2  0  0 -1  0 -2],[ 3  2  2  3  1  2  1  2  0]]",True,"[-2,-2,-1,0,0,1,1,3,0,1,0,1,1,2,2,2,0,1,1,2,2,0,0,1,2,3,0,0,0,1,0,0,2,-1,1,2]","[-3,-1,-1,0,0,1,2,2,0,1,1,2,1,3,3,1,1,1,0,1,1,1,1,1,2,2,0,1,1,1,1,2,2,-1,0,0]",t^8+50t^6+108t^4+35t^2+1,"[-3,-1,-1,0,0,1,2,2,0,1,1,2,1,3,3,1,1,1,0,1,1,1,1,1,2,2,0,1,1,1,1,2,2,-1,0,0]","[-2,-2,-1,0,0,1,1,3,0,-1,1,2,1,2,3,0,1,2,1,2,3,1,1,0,1,1,0,1,1,1,1,1,2,-1,0,1]","[-3,-1,-1,0,0,1,2,2,1,2,1,2,3,2,2,1,0,0,1,1,1,0,0,2,2,2,0,0,0,0,0,1,1,1,2,0]",c,"[[{8, 1}, {2, 7}, {3, 6}, {4, 5}], [{8, 1}, {2, 7}, {4, 6}, {3, 5}], [{8, 1}, {2, 7}, {5, 6}, {3, 4}], [{8, 1}, {3, 7}, {2, 6}, {4, 5}], [{8, 1}, {3, 7}, {4, 6}, {2, 5}], [{8, 1}, {3, 7}, {4, 6}, {5}, {2}], [{8, 1}, {3, 7}, {5, 6}, {2, 4}], [{8, 1}, {3, 7}, {5, 6}, {4}, {2}], [{8, 1}, {3, 7}, {6}, {4, 5}, {2}], [{8, 1}, {4, 7}, {2, 6}, {3, 5}], [{8, 1}, {4, 7}, {3, 6}, {2, 5}], [{8, 1}, {4, 7}, {5, 6}, {2, 3}], [{8, 1}, {5, 7}, {2, 6}, {3, 4}], [{8, 1}, {5, 7}, {2, 6}, {4}, {3}], [{8, 1}, {5, 7}, {3, 6}, {2, 4}], [{8, 1}, {5, 7}, {3, 6}, {4}, {2}], [{8, 1}, {5, 7}, {4, 6}, {2, 3}], [{8, 1}, {5, 7}, {6}, {4}, {2, 3}], [{8, 1}, {6, 7}, {2, 5}, {3, 4}], [{8, 1}, {6, 7}, {3, 5}, {2, 4}], [{8, 1}, {6, 7}, {3, 5}, {4}, {2}], [{8, 1}, {6, 7}, {4, 5}, {2, 3}], [{8, 1}, {7}, {6}, {3, 5}, {2, 4}], [{8, 2}, {1, 7}, {3, 6}, {4, 5}], [{8, 2}, {1, 7}, {4, 6}, {3, 5}], [{8, 2}, {1, 7}, {4, 6}, {5}, {3}], [{8, 2}, {1, 7}, {5, 6}, {3, 4}], [{8, 2}, {1, 7}, {5, 6}, {4}, {3}], [{8, 2}, {1, 7}, {6}, {4, 5}, {3}], [{8, 2}, {3, 7}, {1, 6}, {4, 5}], [{8, 2}, {3, 7}, {4, 6}, {1, 5}], [{8, 2}, {3, 7}, {4, 6}, {5}, {1}], [{8, 2}, {3, 7}, {5, 6}, {1, 4}], [{8, 2}, {3, 7}, {5, 6}, {4}, {1}], [{8, 2}, {3, 7}, {6}, {4, 5}, {1}], [{8, 2}, {4, 7}, {1, 6}, {3, 5}], [{8, 2}, {4, 7}, {3, 6}, {1, 5}], [{8, 2}, {4, 7}, {3, 6}, {5}, {1}], [{8, 2}, {4, 7}, {5, 6}, {1, 3}], [{8, 2}, {4, 7}, {5, 6}, {3}, {1}], [{8, 2}, {4, 7}, {6}, {3, 5}, {1}], [{8, 2}, {5, 7}, {1, 6}, {3, 4}], [{8, 2}, {5, 7}, {3, 6}, {1, 4}], [{8, 2}, {5, 7}, {3, 6}, {4}, {1}], [{8, 2}, {5, 7}, {4, 6}, {1, 3}], [{8, 2}, {5, 7}, {4, 6}, {3}, {1}], [{8, 2}, {5, 7}, {6}, {3, 4}, {1}], [{8, 2}, {6, 7}, {1, 5}, {3, 4}], [{8, 2}, {6, 7}, {3, 5}, {1, 4}], [{8, 2}, {6, 7}, {3, 5}, {4}, {1}], [{8, 2}, {6, 7}, {4, 5}, {1, 3}], [{8, 2}, {6, 7}, {4, 5}, {3}, {1}], [{8, 2}, {6, 7}, {5}, {3, 4}, {1}], [{8, 2}, {7}, {1, 6}, {4, 5}, {3}], [{8, 2}, {7}, {3, 6}, {4, 5}, {1}], [{8, 2}, {7}, {4, 6}, {1, 5}, {3}], [{8, 2}, {7}, {4, 6}, {3, 5}, {1}], [{8, 2}, {7}, {4, 6}, {5}, {1, 3}], [{8, 2}, {7}, {4, 6}, {5}, {3}, {1}], [{8, 2}, {7}, {5, 6}, {1, 4}, {3}], [{8, 2}, {7}, {5, 6}, {3, 4}, {1}], [{8, 2}, {7}, {5, 6}, {4}, {1, 3}], [{8, 2}, {7}, {5, 6}, {4}, {3}, {1}], [{8, 2}, {7}, {6}, {4, 5}, {1, 3}], [{8, 2}, {7}, {6}, {4, 5}, {3}, {1}], [{8, 3}, {1, 7}, {2, 6}, {4, 5}], [{8, 3}, {1, 7}, {4, 6}, {2, 5}], [{8, 3}, {1, 7}, {5, 6}, {2, 4}], [{8, 3}, {2, 7}, {1, 6}, {4, 5}], [{8, 3}, {2, 7}, {4, 6}, {1, 5}], [{8, 3}, {2, 7}, {4, 6}, {5}, {1}], [{8, 3}, {2, 7}, {5, 6}, {1, 4}], [{8, 3}, {2, 7}, {5, 6}, {4}, {1}], [{8, 3}, {2, 7}, {6}, {4, 5}, {1}], [{8, 3}, {4, 7}, {1, 6}, {2, 5}], [{8, 3}, {4, 7}, {1, 6}, {5}, {2}], [{8, 3}, {4, 7}, {2, 6}, {1, 5}], [{8, 3}, {4, 7}, {2, 6}, {5}, {1}], [{8, 3}, {4, 7}, {5, 6}, {1, 2}], [{8, 3}, {4, 7}, {6}, {5}, {1, 2}], [{8, 3}, {5, 7}, {1, 6}, {2, 4}], [{8, 3}, {5, 7}, {2, 6}, {1, 4}], [{8, 3}, {5, 7}, {4, 6}, {1, 2}], [{8, 3}, {5, 7}, {6}, {1, 4}, {2}], [{8, 3}, {6, 7}, {1, 5}, {2, 4}], [{8, 3}, {6, 7}, {2, 5}, {1, 4}], [{8, 3}, {6, 7}, {4, 5}, {1, 2}], [{8, 3}, {6, 7}, {5}, {1, 4}, {2}], [{8, 3}, {7}, {4, 6}, {1, 5}, {2}], [{8, 3}, {7}, {5, 6}, {1, 4}, {2}], [{8, 4}, {1, 7}, {2, 6}, {3, 5}], [{8, 4}, {1, 7}, {3, 6}, {2, 5}], [{8, 4}, {1, 7}, {3, 6}, {5}, {2}], [{8, 4}, {1, 7}, {5, 6}, {2, 3}], [{8, 4}, {1, 7}, {5, 6}, {3}, {2}], [{8, 4}, {1, 7}, {6}, {3, 5}, {2}], [{8, 4}, {2, 7}, {1, 6}, {3, 5}], [{8, 4}, {2, 7}, {3, 6}, {1, 5}], [{8, 4}, {2, 7}, {5, 6}, {1, 3}], [{8, 4}, {3, 7}, {1, 6}, {2, 5}], [{8, 4}, {3, 7}, {1, 6}, {5}, {2}], [{8, 4}, {3, 7}, {2, 6}, {1, 5}], [{8, 4}, {3, 7}, {5, 6}, {1, 2}], [{8, 4}, {3, 7}, {5, 6}, {2}, {1}], [{8, 4}, {3, 7}, {6}, {1, 5}, {2}], [{8, 4}, {5, 7}, {1, 6}, {2, 3}], [{8, 4}, {5, 7}, {1, 6}, {3}, {2}], [{8, 4}, {5, 7}, {2, 6}, {1, 3}], [{8, 4}, {5, 7}, {3, 6}, {1, 2}], [{8, 4}, {5, 7}, {3, 6}, {2}, {1}], [{8, 4}, {5, 7}, {6}, {1, 3}, {2}], [{8, 4}, {6, 7}, {1, 5}, {2, 3}], [{8, 4}, {6, 7}, {1, 5}, {3}, {2}], [{8, 4}, {6, 7}, {2, 5}, {1, 3}], [{8, 4}, {6, 7}, {2, 5}, {3}, {1}], [{8, 4}, {6, 7}, {3, 5}, {1, 2}], [{8, 4}, {6, 7}, {3, 5}, {2}, {1}], [{8, 4}, {6, 7}, {5}, {1, 3}, {2}], [{8, 4}, {6, 7}, {5}, {2, 3}, {1}], [{8, 4}, {6, 7}, {5}, {3}, {1, 2}], [{8, 4}, {7}, {1, 6}, {3, 5}, {2}], [{8, 4}, {7}, {3, 6}, {1, 5}, {2}], [{8, 4}, {7}, {5, 6}, {1, 3}, {2}], [{8, 5}, {1, 7}, {2, 6}, {3, 4}], [{8, 5}, {1, 7}, {2, 6}, {4}, {3}], [{8, 5}, {1, 7}, {3, 6}, {2, 4}], [{8, 5}, {1, 7}, {4, 6}, {2, 3}], [{8, 5}, {1, 7}, {4, 6}, {3}, {2}], [{8, 5}, {1, 7}, {6}, {2, 4}, {3}], [{8, 5}, {2, 7}, {1, 6}, {3, 4}], [{8, 5}, {2, 7}, {1, 6}, {4}, {3}], [{8, 5}, {2, 7}, {3, 6}, {1, 4}], [{8, 5}, {2, 7}, {4, 6}, {1, 3}], [{8, 5}, {3, 7}, {1, 6}, {2, 4}], [{8, 5}, {3, 7}, {1, 6}, {4}, {2}], [{8, 5}, {3, 7}, {2, 6}, {1, 4}], [{8, 5}, {3, 7}, {4, 6}, {1, 2}], [{8, 5}, {3, 7}, {4, 6}, {2}, {1}], [{8, 5}, {3, 7}, {6}, {1, 4}, {2}], [{8, 5}, {4, 7}, {1, 6}, {2, 3}], [{8, 5}, {4, 7}, {2, 6}, {1, 3}], [{8, 5}, {4, 7}, {3, 6}, {1, 2}], [{8, 5}, {6, 7}, {1, 4}, {2, 3}], [{8, 5}, {6, 7}, {1, 4}, {3}, {2}], [{8, 5}, {6, 7}, {2, 4}, {1, 3}], [{8, 5}, {6, 7}, {3, 4}, {1, 2}], [{8, 5}, {7}, {1, 6}, {4}, {2, 3}], [{8, 5}, {7}, {2, 6}, {3, 4}, {1}], [{8, 5}, {7}, {3, 6}, {1, 4}, {2}], [{8, 5}, {7}, {3, 6}, {2, 4}, {1}], [{8, 5}, {7}, {3, 6}, {4}, {1, 2}], [{8, 5}, {7}, {4, 6}, {1, 3}, {2}], [{8, 6}, {1, 7}, {2, 5}, {3, 4}], [{8, 6}, {1, 7}, {3, 5}, {2, 4}], [{8, 6}, {1, 7}, {4, 5}, {2, 3}], [{8, 6}, {1, 7}, {5}, {2, 4}, {3}], [{8, 6}, {1, 7}, {5}, {3, 4}, {2}], [{8, 6}, {1, 7}, {5}, {4}, {2, 3}], [{8, 6}, {2, 7}, {1, 5}, {3, 4}], [{8, 6}, {2, 7}, {3, 5}, {1, 4}], [{8, 6}, {2, 7}, {4, 5}, {1, 3}], [{8, 6}, {2, 7}, {5}, {3, 4}, {1}], [{8, 6}, {3, 7}, {1, 5}, {2, 4}], [{8, 6}, {3, 7}, {1, 5}, {4}, {2}], [{8, 6}, {3, 7}, {2, 5}, {1, 4}], [{8, 6}, {3, 7}, {4, 5}, {1, 2}], [{8, 6}, {3, 7}, {4, 5}, {2}, {1}], [{8, 6}, {3, 7}, {5}, {1, 4}, {2}], [{8, 6}, {4, 7}, {1, 5}, {2, 3}], [{8, 6}, {4, 7}, {2, 5}, {1, 3}], [{8, 6}, {4, 7}, {2, 5}, {3}, {1}], [{8, 6}, {4, 7}, {3, 5}, {1, 2}], [{8, 6}, {4, 7}, {5}, {1, 3}, {2}], [{8, 6}, {5, 7}, {1, 4}, {2, 3}], [{8, 6}, {5, 7}, {1, 4}, {3}, {2}], [{8, 6}, {5, 7}, {2, 4}, {1, 3}], [{8, 6}, {5, 7}, {3, 4}, {1, 2}], [{8, 6}, {7}, {3, 5}, {1, 4}, {2}], [{8, 6}, {7}, {5}, {3, 4}, {1, 2}], [{8, 7}, {1, 6}, {2, 5}, {3, 4}], [{8, 7}, {1, 6}, {3, 5}, {2, 4}], [{8, 7}, {1, 6}, {4, 5}, {2, 3}], [{8, 7}, {1, 6}, {5}, {3, 4}, {2}], [{8, 7}, {2, 6}, {1, 5}, {3, 4}], [{8, 7}, {2, 6}, {3, 5}, {1, 4}], [{8, 7}, {2, 6}, {4, 5}, {1, 3}], [{8, 7}, {3, 6}, {1, 5}, {2, 4}], [{8, 7}, {3, 6}, {2, 5}, {1, 4}], [{8, 7}, {3, 6}, {4, 5}, {1, 2}], [{8, 7}, {3, 6}, {5}, {1, 4}, {2}], [{8, 7}, {3, 6}, {5}, {2, 4}, {1}], [{8, 7}, {3, 6}, {5}, {4}, {1, 2}], [{8, 7}, {4, 6}, {1, 5}, {2, 3}], [{8, 7}, {4, 6}, {1, 5}, {3}, {2}], [{8, 7}, {4, 6}, {2, 5}, {1, 3}], [{8, 7}, {4, 6}, {3, 5}, {1, 2}], [{8, 7}, {4, 6}, {5}, {2, 3}, {1}], [{8, 7}, {5, 6}, {1, 4}, {2, 3}], [{8, 7}, {5, 6}, {1, 4}, {3}, {2}], [{8, 7}, {5, 6}, {2, 4}, {1, 3}], [{8, 7}, {5, 6}, {3, 4}, {1, 2}], [{8, 7}, {5, 6}, {4}, {2, 3}, {1}], [{8, 7}, {6}, {3, 5}, {1, 4}, {2}], [{8, 7}, {6}, {4, 5}, {2, 3}, {1}], [{8}, {1, 7}, {4, 6}, {2, 5}, {3}], [{8}, {1, 7}, {5, 6}, {2, 4}, {3}], [{8}, {2, 7}, {4, 6}, {1, 5}, {3}], [{8}, {2, 7}, {5, 6}, {1, 4}, {3}], [{8}, {3, 7}, {1, 6}, {4, 5}, {2}], [{8}, {3, 7}, {2, 6}, {4, 5}, {1}], [{8}, {3, 7}, {4, 6}, {1, 5}, {2}], [{8}, {3, 7}, {4, 6}, {2, 5}, {1}], [{8}, {3, 7}, {4, 6}, {5}, {1, 2}], [{8}, {3, 7}, {4, 6}, {5}, {2}, {1}], [{8}, {3, 7}, {5, 6}, {1, 4}, {2}], [{8}, {3, 7}, {5, 6}, {2, 4}, {1}], [{8}, {3, 7}, {5, 6}, {4}, {1, 2}], [{8}, {3, 7}, {5, 6}, {4}, {2}, {1}], [{8}, {3, 7}, {6}, {4, 5}, {1, 2}], [{8}, {3, 7}, {6}, {4, 5}, {2}, {1}], [{8}, {4, 7}, {6}, {1, 5}, {2, 3}], [{8}, {4, 7}, {6}, {2, 5}, {1, 3}], [{8}, {5, 7}, {3, 6}, {1, 4}, {2}], [{8}, {5, 7}, {3, 6}, {2, 4}, {1}], [{8}, {5, 7}, {3, 6}, {4}, {1, 2}], [{8}, {5, 7}, {3, 6}, {4}, {2}, {1}], [{8}, {6, 7}, {1, 5}, {4}, {2, 3}], [{8}, {6, 7}, {2, 5}, {4}, {1, 3}], [{8}, {6, 7}, {3, 5}, {1, 4}, {2}], [{8}, {6, 7}, {3, 5}, {2, 4}, {1}], [{8}, {6, 7}, {3, 5}, {4}, {1, 2}], [{8}, {6, 7}, {3, 5}, {4}, {2}, {1}], [{8}, {7}, {4, 6}, {1, 5}, {2, 3}], [{8}, {7}, {4, 6}, {2, 5}, {1, 3}], [{8}, {7}, {5, 6}, {1, 4}, {2, 3}], [{8}, {7}, {5, 6}, {2, 4}, {1, 3}]]",2,4 K_1^3 - 12 K_1^2 - 6 K_1 K_2 + 6 K_2 + 2 K_3 + 7,O1O2O3U4O5U6U2O7U3U7O4U1U5O8O6U8,O1O2U3O4O5U4O6O7U1O3U5U6U2O8U7U8,O1O2U3O4O3U5O6O7U8U1O8U6U2U4O5U7,c,"{'O1O2O3U4O5O4U6U3O7U8U1O8U2U5O6U7', 'O1O2O3U4O5O4U6U3O7U2U8U1O8U5O6U7'}",2,"<a href=""/flatknot/8.975970"">8.975970</a>",t^9-52t^7-176t^6-114t^5+140t^4+98t^3-24t^2-4t+2,t^3-2t^2+t,,
8.975971,O1O2O3U4O5O4U6U3O7U8U1O8U2U7O6U5,3,11z^2+64z+85,11w^3z^2+64w^2z+85w,False,False,"[[ 0 -1  0  0  1  2 -3  2 -1],[ 1  0  0  0  1  1 -1  1  1],[ 0  0  0  0  0  1 -2  1  0],[ 0  0  0  0  0 -1  0  0  0],[-1 -1  0  0  0  2 -4  2 -2],[-2 -1 -1  1 -2  0 -2  0 -2],[ 3  1  2  0  4  2  0  2  2],[-2 -1 -1  0 -2  0 -2  0 -2],[ 1 -1  0  0  2  2 -2  2  0]]","[[ 0  2  2  1  0  0 -1 -1 -3],[-2  0  0 -2  1 -1 -1 -2 -2],[-2  0  0 -2  0 -1 -1 -2 -2],[-1  2  2  0  0  0 -1 -2 -4],[ 0 -1  0  0  0  0  0  0  0],[ 0  1  1  0  0  0  0  0 -2],[ 1  1  1  1  0  0  0  1 -1],[ 1  2  2  2  0  0 -1  0 -2],[ 3  2  2  4  0  2  1  2  0]]",True,"[-2,-2,-1,0,0,1,1,3,0,2,-1,1,1,2,2,2,0,1,1,2,2,0,0,1,2,4,0,0,0,0,0,0,2,-1,1,2]","[-3,-1,-1,0,0,1,2,2,0,1,1,3,0,3,3,1,1,1,0,1,1,1,1,1,2,2,0,1,1,1,1,2,3,-1,-1,0]",t^8+60t^6+123t^4+59t^2,"[-3,-1,-1,0,0,1,2,2,0,1,1,3,0,3,3,1,1,1,0,1,1,1,1,1,2,2,0,1,1,1,1,2,3,-1,-1,0]","[-2,-2,-1,0,0,1,1,3,0,-1,1,2,1,2,3,-1,1,3,1,2,3,1,1,0,1,0,0,1,1,1,1,1,3,-1,0,1]","[-3,-1,-1,0,0,1,2,2,1,2,0,2,4,2,2,1,0,0,1,1,1,0,0,2,2,2,0,0,-1,0,0,1,1,2,2,0]",c,"[[{8, 4}, {2, 7}, {1, 6}, {3, 5}], [{8, 4}, {2, 7}, {3, 6}, {1, 5}], [{8, 4}, {7}, {1, 6}, {3, 5}, {2}], [{8, 6}, {2, 7}, {3, 5}, {1, 4}], [{8, 6}, {7}, {3, 5}, {1, 4}, {2}]]",1,4 K_1^3 - 12 K_1^2 - 6 K_1 K_2 + 6 K_2 + 2 K_3 + 7,O1O2O3U4O5U6U2O7U3U7O6U1U5O8O4U8,O1O2U3O4O5U4O6O3U1O7U5U6U2O8U7U8,O1O2U3O4O3U1O5O6U7U8O7U5U2U4O8U6,c,"{'O1O2O3U4O5O4U6U3O7U8U1O8U2U7O6U5', 'O1O2O3U4O5O4U6U3O7U2U8U1O8U7O6U5'}",2,"<a href=""/flatknot/8.975971"">8.975971</a>",t^9-62t^7-220t^6-149t^5+192t^4+170t^3-36t^2-36t,t^3-2t^2+t,,
8.975972,O1O2O3U4O5O4U6U3O7U8U1O8U5U2O6U7,4,2z^3+24z^2+103z+127,2w^4z^3+24w^3z^2+103w^2z+127w,False,False,"[[ 0 -1  1  0  1  1 -3  2 -1],[ 1  0  1  0  1  0 -1  1  1],[-1 -1  0 -1  0  0 -3  1 -1],[ 0  0  1  0  0  0 -1  0  0],[-1 -1  0  0  0  1 -3  1 -2],[-1  0  0  0 -1  0 -1  0 -1],[ 3  1  3  1  3  1  0  2  2],[-2 -1 -1  0 -1  0 -2  0 -2],[ 1 -1  1  0  2  1 -2  2  0]]","[[ 0  2  1  1  0 -1 -3],[-2  0 -1 -1  0 -1 -2],[-1  1  0  0  0 -1 -3],[-1  1  0  0 -1 -1 -3],[ 0  0  0  1  0  0 -1],[ 1  1  1  1  0  0 -1],[ 3  2  3  3  1  1  0]]",False,"[-2,-1,-1,0,1,3,1,1,0,1,2,0,0,1,3,1,1,3,0,1,1]","[-3,-1,0,1,1,2,1,1,3,3,2,0,1,1,1,0,1,0,0,1,1]",t^6+30t^4+24t^2,"[-3,-1,0,1,1,2,1,2,1,1,3,1,1,1,2,0,1,2,0,0,0]","[-2,-1,-1,0,1,3,0,0,2,2,3,0,0,1,1,1,1,1,1,2,1]","[-3,-1,0,1,1,2,1,1,3,3,2,0,1,1,1,0,1,0,0,1,1]",c,"[[{8, 5}, {1, 7}, {2, 6}, {3, 4}], [{8, 5}, {1, 7}, {2, 6}, {4}, {3}], [{8, 5}, {2, 7}, {1, 6}, {3, 4}]]",1,4 K_1^3 - 22 K_1^2 - 14 K_1 K_2 + 4 K_1 + 11 K_2 + 6 K_3 + 12,O1O2O3U4O5U2U6O7U3U7O4U1U5O8O6U8,O1O2U3O4O5U4O6O7U1O3U5U7U2O8U6U8,O1O2U3O4O3U5O6O7U8U2O8U6U1U4O5U7,c,{'O1O2O3U4O5O4U6U3O7U8U1O8U5U2O6U7'},1,"<a href=""/flatknot/8.975972"">8.975972</a>",t^7-34t^5-48t^4-19t^3-6t^2+13t+6,t^3-t^2-t,,
8.975973,O1O2O3U4O5O4U6U3O7U8U1O8U5U7O6U2,4,6z^3+41z^2+108z+101,6w^4z^3+41w^3z^2+108w^2z+101w,False,False,"[[ 0 -1  1  0  1  1 -3  2 -1],[ 1  0  1  0  1  0 -1  1  1],[-1 -1  0  0  0  0 -3  1 -1],[ 0  0  0  0  0  0 -1  1  0],[-1 -1  0  0  0  1 -3  1 -2],[-1  0  0  0 -1  0 -2  1 -1],[ 3  1  3  1  3  2  0  2  2],[-2 -1 -1 -1 -1 -1 -2  0 -2],[ 1 -1  1  0  2  1 -2  2  0]]","[[ 0  2  1  1  1  0 -1 -1 -3],[-2  0 -1 -1 -1 -1 -1 -2 -2],[-1  1  0  1  0  0 -1 -2 -3],[-1  1 -1  0  0  0  0 -1 -2],[-1  1  0  0  0  0 -1 -1 -3],[ 0  1  0  0  0  0  0  0 -1],[ 1  1  1  0  1  0  0  1 -1],[ 1  2  2  1  1  0 -1  0 -2],[ 3  2  3  2  3  1  1  2  0]]",True,"[-2,-1,-1,-1,0,1,1,3,1,1,1,1,1,2,2,-1,0,0,1,2,3,0,0,0,1,2,0,1,1,3,0,0,1,-1,1,2]","[-3,-1,-1,0,1,1,1,2,0,1,2,1,1,2,3,1,1,0,1,1,1,1,1,1,2,2,1,1,1,1,0,-1,0,0,0,0]",t^8+51t^6+136t^4+51t^2+1,"[-3,-1,-1,0,1,1,1,2,0,1,2,1,1,2,3,1,1,0,1,1,1,1,1,1,2,2,1,1,1,1,0,-1,0,0,0,0]","[-2,-1,-1,-1,0,1,1,3,0,0,0,1,1,2,3,-1,0,1,1,2,2,0,1,0,1,1,1,1,1,1,1,1,2,-1,0,1]","[-3,-1,-1,0,1,1,1,2,1,2,1,2,3,3,2,1,0,0,1,1,1,0,1,1,2,2,0,0,0,1,0,-1,1,0,1,1]",c,"[[{8, 1}, {2, 7}, {3, 6}, {4, 5}], [{8, 1}, {2, 7}, {4, 6}, {3, 5}], [{8, 1}, {2, 7}, {4, 6}, {5}, {3}], [{8, 1}, {2, 7}, {5, 6}, {3, 4}], [{8, 1}, {3, 7}, {2, 6}, {4, 5}], [{8, 1}, {3, 7}, {4, 6}, {2, 5}], [{8, 1}, {3, 7}, {4, 6}, {5}, {2}], [{8, 1}, {3, 7}, {5, 6}, {2, 4}], [{8, 1}, {4, 7}, {2, 6}, {3, 5}], [{8, 1}, {4, 7}, {2, 6}, {5}, {3}], [{8, 1}, {4, 7}, {3, 6}, {2, 5}], [{8, 1}, {4, 7}, {5, 6}, {2, 3}], [{8, 1}, {5, 7}, {2, 6}, {3, 4}], [{8, 1}, {5, 7}, {3, 6}, {2, 4}], [{8, 1}, {5, 7}, {4, 6}, {2, 3}], [{8, 1}, {5, 7}, {6}, {4}, {2, 3}], [{8, 1}, {6, 7}, {2, 5}, {3, 4}], [{8, 1}, {6, 7}, {2, 5}, {4}, {3}], [{8, 1}, {6, 7}, {3, 5}, {2, 4}], [{8, 1}, {6, 7}, {4, 5}, {2, 3}], [{8, 1}, {6, 7}, {4, 5}, {3}, {2}], [{8, 1}, {6, 7}, {5}, {2, 4}, {3}], [{8, 1}, {7}, {4, 6}, {5}, {2, 3}], [{8, 1}, {7}, {6}, {2, 5}, {3, 4}], [{8, 2}, {1, 7}, {3, 6}, {4, 5}], [{8, 2}, {1, 7}, {4, 6}, {3, 5}], [{8, 2}, {1, 7}, {5, 6}, {3, 4}], [{8, 2}, {1, 7}, {6}, {3, 5}, {4}], [{8, 2}, {3, 7}, {1, 6}, {4, 5}], [{8, 2}, {3, 7}, {1, 6}, {5}, {4}], [{8, 2}, {3, 7}, {4, 6}, {1, 5}], [{8, 2}, {3, 7}, {5, 6}, {1, 4}], [{8, 2}, {3, 7}, {6}, {4, 5}, {1}], [{8, 2}, {4, 7}, {1, 6}, {3, 5}], [{8, 2}, {4, 7}, {3, 6}, {1, 5}], [{8, 2}, {4, 7}, {5, 6}, {1, 3}], [{8, 2}, {4, 7}, {6}, {1, 5}, {3}], [{8, 2}, {5, 7}, {1, 6}, {3, 4}], [{8, 2}, {5, 7}, {3, 6}, {1, 4}], [{8, 2}, {5, 7}, {4, 6}, {1, 3}], [{8, 2}, {5, 7}, {6}, {1, 4}, {3}], [{8, 2}, {6, 7}, {1, 5}, {3, 4}], [{8, 2}, {6, 7}, {1, 5}, {4}, {3}], [{8, 2}, {6, 7}, {3, 5}, {1, 4}], [{8, 2}, {6, 7}, {4, 5}, {1, 3}], [{8, 2}, {6, 7}, {4, 5}, {3}, {1}], [{8, 2}, {6, 7}, {5}, {1, 4}, {3}], [{8, 2}, {7}, {3, 6}, {4, 5}, {1}], [{8, 2}, {7}, {4, 6}, {1, 5}, {3}], [{8, 2}, {7}, {4, 6}, {3, 5}, {1}], [{8, 2}, {7}, {4, 6}, {5}, {1, 3}], [{8, 2}, {7}, {5, 6}, {1, 4}, {3}], [{8, 3}, {1, 7}, {2, 6}, {4, 5}], [{8, 3}, {1, 7}, {4, 6}, {2, 5}], [{8, 3}, {1, 7}, {5, 6}, {2, 4}], [{8, 3}, {1, 7}, {6}, {2, 5}, {4}], [{8, 3}, {2, 7}, {1, 6}, {4, 5}], [{8, 3}, {2, 7}, {4, 6}, {1, 5}], [{8, 3}, {2, 7}, {4, 6}, {5}, {1}], [{8, 3}, {2, 7}, {5, 6}, {1, 4}], [{8, 3}, {4, 7}, {1, 6}, {2, 5}], [{8, 3}, {4, 7}, {2, 6}, {1, 5}], [{8, 3}, {4, 7}, {2, 6}, {5}, {1}], [{8, 3}, {4, 7}, {5, 6}, {1, 2}], [{8, 3}, {5, 7}, {1, 6}, {2, 4}], [{8, 3}, {5, 7}, {2, 6}, {1, 4}], [{8, 3}, {5, 7}, {2, 6}, {4}, {1}], [{8, 3}, {5, 7}, {4, 6}, {1, 2}], [{8, 3}, {6, 7}, {1, 5}, {2, 4}], [{8, 3}, {6, 7}, {2, 5}, {1, 4}], [{8, 3}, {6, 7}, {4, 5}, {1, 2}], [{8, 3}, {6, 7}, {5}, {1, 4}, {2}], [{8, 3}, {6, 7}, {5}, {2, 4}, {1}], [{8, 3}, {6, 7}, {5}, {4}, {1, 2}], [{8, 3}, {7}, {2, 6}, {4, 5}, {1}], [{8, 4}, {1, 7}, {2, 6}, {3, 5}], [{8, 4}, {1, 7}, {3, 6}, {2, 5}], [{8, 4}, {1, 7}, {5, 6}, {2, 3}], [{8, 4}, {2, 7}, {1, 6}, {3, 5}], [{8, 4}, {2, 7}, {3, 6}, {1, 5}], [{8, 4}, {2, 7}, {5, 6}, {1, 3}], [{8, 4}, {2, 7}, {6}, {1, 5}, {3}], [{8, 4}, {3, 7}, {1, 6}, {2, 5}], [{8, 4}, {3, 7}, {2, 6}, {1, 5}], [{8, 4}, {3, 7}, {5, 6}, {1, 2}], [{8, 4}, {3, 7}, {6}, {1, 5}, {2}], [{8, 4}, {3, 7}, {6}, {2, 5}, {1}], [{8, 4}, {3, 7}, {6}, {5}, {1, 2}], [{8, 4}, {5, 7}, {1, 6}, {2, 3}], [{8, 4}, {5, 7}, {2, 6}, {1, 3}], [{8, 4}, {5, 7}, {3, 6}, {1, 2}], [{8, 4}, {5, 7}, {6}, {3}, {1, 2}], [{8, 4}, {6, 7}, {1, 5}, {2, 3}], [{8, 4}, {6, 7}, {1, 5}, {3}, {2}], [{8, 4}, {6, 7}, {2, 5}, {1, 3}], [{8, 4}, {6, 7}, {2, 5}, {3}, {1}], [{8, 4}, {6, 7}, {3, 5}, {1, 2}], [{8, 4}, {6, 7}, {5}, {3}, {1, 2}], [{8, 4}, {7}, {2, 6}, {1, 5}, {3}], [{8, 4}, {7}, {3, 6}, {1, 5}, {2}], [{8, 4}, {7}, {3, 6}, {2, 5}, {1}], [{8, 4}, {7}, {3, 6}, {5}, {1, 2}], [{8, 4}, {7}, {5, 6}, {3}, {1, 2}], [{8, 4}, {7}, {6}, {1, 5}, {2, 3}], [{8, 4}, {7}, {6}, {3, 5}, {1, 2}], [{8, 5}, {1, 7}, {2, 6}, {3, 4}], [{8, 5}, {1, 7}, {2, 6}, {4}, {3}], [{8, 5}, {1, 7}, {3, 6}, {2, 4}], [{8, 5}, {1, 7}, {3, 6}, {4}, {2}], [{8, 5}, {1, 7}, {4, 6}, {2, 3}], [{8, 5}, {1, 7}, {4, 6}, {3}, {2}], [{8, 5}, {1, 7}, {6}, {2, 4}, {3}], [{8, 5}, {1, 7}, {6}, {3, 4}, {2}], [{8, 5}, {1, 7}, {6}, {4}, {2, 3}], [{8, 5}, {1, 7}, {6}, {4}, {3}, {2}], [{8, 5}, {2, 7}, {1, 6}, {3, 4}], [{8, 5}, {2, 7}, {1, 6}, {4}, {3}], [{8, 5}, {2, 7}, {3, 6}, {1, 4}], [{8, 5}, {2, 7}, {4, 6}, {1, 3}], [{8, 5}, {2, 7}, {4, 6}, {3}, {1}], [{8, 5}, {2, 7}, {6}, {1, 4}, {3}], [{8, 5}, {3, 7}, {1, 6}, {2, 4}], [{8, 5}, {3, 7}, {1, 6}, {4}, {2}], [{8, 5}, {3, 7}, {2, 6}, {1, 4}], [{8, 5}, {3, 7}, {4, 6}, {1, 2}], [{8, 5}, {4, 7}, {1, 6}, {2, 3}], [{8, 5}, {4, 7}, {1, 6}, {3}, {2}], [{8, 5}, {4, 7}, {2, 6}, {1, 3}], [{8, 5}, {4, 7}, {2, 6}, {3}, {1}], [{8, 5}, {4, 7}, {3, 6}, {1, 2}], [{8, 5}, {4, 7}, {6}, {3}, {1, 2}], [{8, 5}, {6, 7}, {1, 4}, {2, 3}], [{8, 5}, {6, 7}, {1, 4}, {3}, {2}], [{8, 5}, {6, 7}, {2, 4}, {1, 3}], [{8, 5}, {6, 7}, {2, 4}, {3}, {1}], [{8, 5}, {6, 7}, {3, 4}, {1, 2}], [{8, 5}, {6, 7}, {3, 4}, {2}, {1}], [{8, 5}, {6, 7}, {4}, {1, 3}, {2}], [{8, 5}, {6, 7}, {4}, {2, 3}, {1}], [{8, 5}, {6, 7}, {4}, {3}, {1, 2}], [{8, 5}, {6, 7}, {4}, {3}, {2}, {1}], [{8, 5}, {7}, {1, 6}, {2, 4}, {3}], [{8, 5}, {7}, {1, 6}, {3, 4}, {2}], [{8, 5}, {7}, {1, 6}, {4}, {2, 3}], [{8, 5}, {7}, {1, 6}, {4}, {3}, {2}], [{8, 5}, {7}, {2, 6}, {1, 4}, {3}], [{8, 5}, {7}, {4, 6}, {3}, {1, 2}], [{8, 6}, {1, 7}, {2, 5}, {3, 4}], [{8, 6}, {1, 7}, {3, 5}, {2, 4}], [{8, 6}, {1, 7}, {4, 5}, {2, 3}], [{8, 6}, {2, 7}, {1, 5}, {3, 4}], [{8, 6}, {2, 7}, {1, 5}, {4}, {3}], [{8, 6}, {2, 7}, {3, 5}, {1, 4}], [{8, 6}, {2, 7}, {4, 5}, {1, 3}], [{8, 6}, {3, 7}, {1, 5}, {2, 4}], [{8, 6}, {3, 7}, {2, 5}, {1, 4}], [{8, 6}, {3, 7}, {4, 5}, {1, 2}], [{8, 6}, {3, 7}, {5}, {1, 4}, {2}], [{8, 6}, {4, 7}, {1, 5}, {2, 3}], [{8, 6}, {4, 7}, {1, 5}, {3}, {2}], [{8, 6}, {4, 7}, {2, 5}, {1, 3}], [{8, 6}, {4, 7}, {3, 5}, {1, 2}], [{8, 6}, {5, 7}, {1, 4}, {2, 3}], [{8, 6}, {5, 7}, {2, 4}, {1, 3}], [{8, 6}, {5, 7}, {3, 4}, {1, 2}], [{8, 6}, {5, 7}, {4}, {2, 3}, {1}], [{8, 6}, {7}, {1, 5}, {2, 4}, {3}], [{8, 6}, {7}, {4, 5}, {1, 3}, {2}], [{8, 6}, {7}, {5}, {3, 4}, {1, 2}], [{8, 7}, {1, 6}, {2, 5}, {3, 4}], [{8, 7}, {1, 6}, {3, 5}, {2, 4}], [{8, 7}, {1, 6}, {4, 5}, {2, 3}], [{8, 7}, {1, 6}, {5}, {4}, {2, 3}], [{8, 7}, {2, 6}, {1, 5}, {3, 4}], [{8, 7}, {2, 6}, {1, 5}, {4}, {3}], [{8, 7}, {2, 6}, {3, 5}, {1, 4}], [{8, 7}, {2, 6}, {4, 5}, {1, 3}], [{8, 7}, {3, 6}, {1, 5}, {2, 4}], [{8, 7}, {3, 6}, {2, 5}, {1, 4}], [{8, 7}, {3, 6}, {4, 5}, {1, 2}], [{8, 7}, {3, 6}, {5}, {1, 4}, {2}], [{8, 7}, {4, 6}, {1, 5}, {2, 3}], [{8, 7}, {4, 6}, {1, 5}, {3}, {2}], [{8, 7}, {4, 6}, {2, 5}, {1, 3}], [{8, 7}, {4, 6}, {3, 5}, {1, 2}], [{8, 7}, {4, 6}, {3, 5}, {2}, {1}], [{8, 7}, {4, 6}, {5}, {1, 3}, {2}], [{8, 7}, {5, 6}, {1, 4}, {2, 3}], [{8, 7}, {5, 6}, {2, 4}, {1, 3}], [{8, 7}, {5, 6}, {3, 4}, {1, 2}], [{8, 7}, {5, 6}, {3, 4}, {2}, {1}], [{8, 7}, {6}, {1, 5}, {2, 4}, {3}], [{8, 7}, {6}, {5}, {3, 4}, {1, 2}], [{8}, {2, 7}, {4, 6}, {1, 5}, {3}], [{8}, {2, 7}, {4, 6}, {3, 5}, {1}], [{8}, {2, 7}, {4, 6}, {5}, {1, 3}], [{8}, {2, 7}, {4, 6}, {5}, {3}, {1}], [{8}, {3, 7}, {1, 6}, {2, 5}, {4}], [{8}, {3, 7}, {5, 6}, {4}, {1, 2}], [{8}, {4, 7}, {2, 6}, {1, 5}, {3}], [{8}, {4, 7}, {2, 6}, {3, 5}, {1}], [{8}, {4, 7}, {2, 6}, {5}, {1, 3}], [{8}, {4, 7}, {2, 6}, {5}, {3}, {1}], [{8}, {5, 7}, {1, 6}, {4}, {2, 3}], [{8}, {5, 7}, {3, 6}, {4}, {1, 2}], [{8}, {6, 7}, {1, 5}, {2, 4}, {3}], [{8}, {6, 7}, {2, 5}, {1, 4}, {3}], [{8}, {6, 7}, {3, 5}, {1, 4}, {2}], [{8}, {6, 7}, {3, 5}, {2, 4}, {1}], [{8}, {6, 7}, {3, 5}, {4}, {1, 2}], [{8}, {6, 7}, {4, 5}, {3}, {1, 2}], [{8}, {6, 7}, {5}, {1, 4}, {2, 3}], [{8}, {6, 7}, {5}, {1, 4}, {3}, {2}], [{8}, {6, 7}, {5}, {2, 4}, {1, 3}], [{8}, {6, 7}, {5}, {2, 4}, {3}, {1}], [{8}, {6, 7}, {5}, {3, 4}, {1, 2}], [{8}, {6, 7}, {5}, {4}, {3}, {1, 2}]]",2,16 K_1^3 - 14 K_1^2 - 14 K_1 K_2 - 5 K_1 + 7 K_2 + 3 K_3 + 8,O1O2O3U2O4U5U6O7U3U7O5U1U4O8O6U8,O1O2U3O4O5U4O6O3U1O7U5U7U2O8U6U8,O1O2U3O4O3U1O5O6U7U2O7U5U8U4O8U6,c,{'O1O2O3U4O5O4U6U3O7U8U1O8U5U7O6U2'},1,"<a href=""/flatknot/8.975973"">8.975973</a>",t^9-55t^7-170t^6-119t^5+74t^4+103t^3+26t^2-14t-4,t^3-t^2-t,,
8.975974,O1O2O3U4O5O4U6U3O7U8U2O8U1U5O6U7,4,z^3+27z^2+109z+119,w^4z^3+27w^3z^2+109w^2z+119w,False,False,"[[ 0 -1  0  0  1  2 -3  2 -1],[ 1  0  1  0  1  2 -2  2  0],[ 0 -1  0  0  0  0 -1  0  0],[ 0  0  0  0  0  0 -1  0  0],[-1 -1  0  0  0  2 -3  1 -2],[-2 -2  0  0 -2  0 -2  0 -2],[ 3  2  1  1  3  2  0  2  2],[-2 -2  0  0 -1  0 -2  0 -2],[ 1  0  0  0  2  2 -2  2  0]]","[[ 0  2  2  1  0  0 -1 -1 -3],[-2  0  0 -1  0  0 -2 -2 -2],[-2  0  0 -2  0  0 -2 -2 -2],[-1  1  2  0  0  0 -1 -2 -3],[ 0  0  0  0  0  0  0  0 -1],[ 0  0  0  0  0  0 -1  0 -1],[ 1  2  2  1  0  1  0  0 -2],[ 1  2  2  2  0  0  0  0 -2],[ 3  2  2  3  1  1  2  2  0]]",True,"[-2,-2,-1,0,0,1,1,3,0,1,0,0,2,2,2,2,0,0,2,2,2,0,0,1,2,3,0,0,0,1,1,0,1,0,2,2]","[-3,-1,-1,0,0,1,2,2,0,0,2,2,1,3,3,0,0,1,1,1,1,1,1,0,1,1,0,1,2,2,1,2,2,-1,0,0]",t^8+54t^6+101t^4+45t^2+4,"[-3,-1,-1,0,0,1,2,2,0,0,2,2,1,3,3,0,0,1,1,1,1,1,1,0,1,1,0,1,2,2,1,2,2,-1,0,0]","[-2,-2,-1,0,0,1,1,3,0,-1,2,2,1,1,3,0,2,2,1,1,3,1,1,0,1,1,0,1,0,2,1,1,2,0,0,0]","[-3,-1,-1,0,0,1,2,2,2,2,1,1,3,2,2,0,0,0,2,2,2,0,1,1,2,2,0,0,0,0,0,0,0,1,2,0]",c,"[[{8, 1}, {2, 7}, {3, 6}, {4, 5}], [{8, 1}, {2, 7}, {3, 6}, {5}, {4}], [{8, 1}, {2, 7}, {4, 6}, {3, 5}], [{8, 1}, {2, 7}, {5, 6}, {3, 4}], [{8, 1}, {3, 7}, {2, 6}, {4, 5}], [{8, 1}, {3, 7}, {2, 6}, {5}, {4}], [{8, 1}, {3, 7}, {4, 6}, {2, 5}], [{8, 1}, {3, 7}, {4, 6}, {5}, {2}], [{8, 1}, {3, 7}, {5, 6}, {2, 4}], [{8, 1}, {3, 7}, {6}, {5}, {2, 4}], [{8, 1}, {4, 7}, {2, 6}, {3, 5}], [{8, 1}, {4, 7}, {3, 6}, {2, 5}], [{8, 1}, {4, 7}, {3, 6}, {5}, {2}], [{8, 1}, {4, 7}, {5, 6}, {2, 3}], [{8, 1}, {5, 7}, {2, 6}, {3, 4}], [{8, 1}, {5, 7}, {3, 6}, {2, 4}], [{8, 1}, {5, 7}, {4, 6}, {2, 3}], [{8, 1}, {6, 7}, {2, 5}, {3, 4}], [{8, 1}, {6, 7}, {3, 5}, {2, 4}], [{8, 1}, {6, 7}, {4, 5}, {2, 3}], [{8, 1}, {6, 7}, {5}, {2, 4}, {3}], [{8, 1}, {7}, {2, 6}, {4, 5}, {3}], [{8, 1}, {7}, {3, 6}, {5}, {2, 4}], [{8, 2}, {1, 7}, {3, 6}, {4, 5}], [{8, 2}, {1, 7}, {4, 6}, {3, 5}], [{8, 2}, {1, 7}, {5, 6}, {3, 4}], [{8, 2}, {1, 7}, {6}, {5}, {3, 4}], [{8, 2}, {3, 7}, {1, 6}, {4, 5}], [{8, 2}, {3, 7}, {4, 6}, {1, 5}], [{8, 2}, {3, 7}, {4, 6}, {5}, {1}], [{8, 2}, {3, 7}, {5, 6}, {1, 4}], [{8, 2}, {3, 7}, {5, 6}, {4}, {1}], [{8, 2}, {3, 7}, {6}, {4, 5}, {1}], [{8, 2}, {4, 7}, {1, 6}, {3, 5}], [{8, 2}, {4, 7}, {1, 6}, {5}, {3}], [{8, 2}, {4, 7}, {3, 6}, {1, 5}], [{8, 2}, {4, 7}, {3, 6}, {5}, {1}], [{8, 2}, {4, 7}, {5, 6}, {1, 3}], [{8, 2}, {4, 7}, {6}, {5}, {1, 3}], [{8, 2}, {5, 7}, {1, 6}, {3, 4}], [{8, 2}, {5, 7}, {3, 6}, {1, 4}], [{8, 2}, {5, 7}, {4, 6}, {1, 3}], [{8, 2}, {6, 7}, {1, 5}, {3, 4}], [{8, 2}, {6, 7}, {1, 5}, {4}, {3}], [{8, 2}, {6, 7}, {3, 5}, {1, 4}], [{8, 2}, {6, 7}, {4, 5}, {1, 3}], [{8, 3}, {1, 7}, {2, 6}, {4, 5}], [{8, 3}, {1, 7}, {2, 6}, {5}, {4}], [{8, 3}, {1, 7}, {4, 6}, {2, 5}], [{8, 3}, {1, 7}, {5, 6}, {2, 4}], [{8, 3}, {1, 7}, {5, 6}, {4}, {2}], [{8, 3}, {1, 7}, {6}, {2, 5}, {4}], [{8, 3}, {2, 7}, {1, 6}, {4, 5}], [{8, 3}, {2, 7}, {4, 6}, {1, 5}], [{8, 3}, {2, 7}, {5, 6}, {1, 4}], [{8, 3}, {2, 7}, {6}, {5}, {1, 4}], [{8, 3}, {4, 7}, {1, 6}, {2, 5}], [{8, 3}, {4, 7}, {1, 6}, {5}, {2}], [{8, 3}, {4, 7}, {2, 6}, {1, 5}], [{8, 3}, {4, 7}, {5, 6}, {1, 2}], [{8, 3}, {5, 7}, {1, 6}, {2, 4}], [{8, 3}, {5, 7}, {2, 6}, {1, 4}], [{8, 3}, {5, 7}, {4, 6}, {1, 2}], [{8, 3}, {6, 7}, {1, 5}, {2, 4}], [{8, 3}, {6, 7}, {2, 5}, {1, 4}], [{8, 3}, {6, 7}, {4, 5}, {1, 2}], [{8, 3}, {6, 7}, {5}, {2, 4}, {1}], [{8, 3}, {7}, {2, 6}, {4, 5}, {1}], [{8, 3}, {7}, {4, 6}, {5}, {1, 2}], [{8, 4}, {1, 7}, {2, 6}, {3, 5}], [{8, 4}, {1, 7}, {2, 6}, {5}, {3}], [{8, 4}, {1, 7}, {3, 6}, {2, 5}], [{8, 4}, {1, 7}, {5, 6}, {2, 3}], [{8, 4}, {1, 7}, {5, 6}, {3}, {2}], [{8, 4}, {1, 7}, {6}, {2, 5}, {3}], [{8, 4}, {2, 7}, {1, 6}, {3, 5}], [{8, 4}, {2, 7}, {3, 6}, {1, 5}], [{8, 4}, {2, 7}, {3, 6}, {5}, {1}], [{8, 4}, {2, 7}, {5, 6}, {1, 3}], [{8, 4}, {3, 7}, {1, 6}, {2, 5}], [{8, 4}, {3, 7}, {2, 6}, {1, 5}], [{8, 4}, {3, 7}, {2, 6}, {5}, {1}], [{8, 4}, {3, 7}, {5, 6}, {1, 2}], [{8, 4}, {3, 7}, {5, 6}, {2}, {1}], [{8, 4}, {3, 7}, {6}, {2, 5}, {1}], [{8, 4}, {5, 7}, {1, 6}, {2, 3}], [{8, 4}, {5, 7}, {1, 6}, {3}, {2}], [{8, 4}, {5, 7}, {2, 6}, {1, 3}], [{8, 4}, {5, 7}, {3, 6}, {1, 2}], [{8, 4}, {6, 7}, {1, 5}, {2, 3}], [{8, 4}, {6, 7}, {1, 5}, {3}, {2}], [{8, 4}, {6, 7}, {2, 5}, {1, 3}], [{8, 4}, {6, 7}, {3, 5}, {1, 2}], [{8, 4}, {7}, {2, 6}, {5}, {1, 3}], [{8, 4}, {7}, {5, 6}, {1, 3}, {2}], [{8, 4}, {7}, {6}, {2, 5}, {1, 3}], [{8, 5}, {1, 7}, {2, 6}, {3, 4}], [{8, 5}, {1, 7}, {2, 6}, {4}, {3}], [{8, 5}, {1, 7}, {3, 6}, {2, 4}], [{8, 5}, {1, 7}, {4, 6}, {2, 3}], [{8, 5}, {1, 7}, {6}, {3, 4}, {2}], [{8, 5}, {2, 7}, {1, 6}, {3, 4}], [{8, 5}, {2, 7}, {3, 6}, {1, 4}], [{8, 5}, {2, 7}, {3, 6}, {4}, {1}], [{8, 5}, {2, 7}, {4, 6}, {1, 3}], [{8, 5}, {2, 7}, {6}, {1, 4}, {3}], [{8, 5}, {3, 7}, {1, 6}, {2, 4}], [{8, 5}, {3, 7}, {2, 6}, {1, 4}], [{8, 5}, {3, 7}, {2, 6}, {4}, {1}], [{8, 5}, {3, 7}, {4, 6}, {1, 2}], [{8, 5}, {3, 7}, {4, 6}, {2}, {1}], [{8, 5}, {3, 7}, {6}, {2, 4}, {1}], [{8, 5}, {4, 7}, {1, 6}, {2, 3}], [{8, 5}, {4, 7}, {1, 6}, {3}, {2}], [{8, 5}, {4, 7}, {2, 6}, {1, 3}], [{8, 5}, {4, 7}, {3, 6}, {1, 2}], [{8, 5}, {4, 7}, {3, 6}, {2}, {1}], [{8, 5}, {4, 7}, {6}, {1, 3}, {2}], [{8, 5}, {6, 7}, {1, 4}, {2, 3}], [{8, 5}, {6, 7}, {2, 4}, {1, 3}], [{8, 5}, {6, 7}, {2, 4}, {3}, {1}], [{8, 5}, {6, 7}, {3, 4}, {1, 2}], [{8, 5}, {7}, {2, 6}, {4}, {1, 3}], [{8, 5}, {7}, {3, 6}, {2, 4}, {1}], [{8, 5}, {7}, {4, 6}, {3}, {1, 2}], [{8, 6}, {1, 7}, {2, 5}, {3, 4}], [{8, 6}, {1, 7}, {3, 5}, {2, 4}], [{8, 6}, {1, 7}, {4, 5}, {2, 3}], [{8, 6}, {1, 7}, {5}, {3, 4}, {2}], [{8, 6}, {2, 7}, {1, 5}, {3, 4}], [{8, 6}, {2, 7}, {3, 5}, {1, 4}], [{8, 6}, {2, 7}, {4, 5}, {1, 3}], [{8, 6}, {2, 7}, {5}, {1, 4}, {3}], [{8, 6}, {3, 7}, {1, 5}, {2, 4}], [{8, 6}, {3, 7}, {2, 5}, {1, 4}], [{8, 6}, {3, 7}, {2, 5}, {4}, {1}], [{8, 6}, {3, 7}, {4, 5}, {1, 2}], [{8, 6}, {3, 7}, {4, 5}, {2}, {1}], [{8, 6}, {3, 7}, {5}, {2, 4}, {1}], [{8, 6}, {4, 7}, {1, 5}, {2, 3}], [{8, 6}, {4, 7}, {2, 5}, {1, 3}], [{8, 6}, {4, 7}, {3, 5}, {1, 2}], [{8, 6}, {4, 7}, {5}, {1, 3}, {2}], [{8, 6}, {5, 7}, {1, 4}, {2, 3}], [{8, 6}, {5, 7}, {2, 4}, {1, 3}], [{8, 6}, {5, 7}, {3, 4}, {1, 2}], [{8, 6}, {7}, {3, 5}, {1, 4}, {2}], [{8, 7}, {1, 6}, {2, 5}, {3, 4}], [{8, 7}, {1, 6}, {3, 5}, {2, 4}], [{8, 7}, {1, 6}, {4, 5}, {2, 3}], [{8, 7}, {1, 6}, {4, 5}, {3}, {2}], [{8, 7}, {2, 6}, {1, 5}, {3, 4}], [{8, 7}, {2, 6}, {3, 5}, {1, 4}], [{8, 7}, {2, 6}, {4, 5}, {1, 3}], [{8, 7}, {2, 6}, {4, 5}, {3}, {1}], [{8, 7}, {2, 6}, {5}, {4}, {1, 3}], [{8, 7}, {3, 6}, {1, 5}, {2, 4}], [{8, 7}, {3, 6}, {2, 5}, {1, 4}], [{8, 7}, {3, 6}, {4, 5}, {1, 2}], [{8, 7}, {3, 6}, {5}, {2, 4}, {1}], [{8, 7}, {4, 6}, {1, 5}, {2, 3}], [{8, 7}, {4, 6}, {2, 5}, {1, 3}], [{8, 7}, {4, 6}, {3, 5}, {1, 2}], [{8, 7}, {4, 6}, {5}, {3}, {1, 2}], [{8, 7}, {5, 6}, {1, 4}, {2, 3}], [{8, 7}, {5, 6}, {2, 4}, {1, 3}], [{8, 7}, {5, 6}, {3, 4}, {1, 2}], [{8, 7}, {5, 6}, {4}, {1, 3}, {2}], [{8, 7}, {5, 6}, {4}, {2, 3}, {1}], [{8, 7}, {5, 6}, {4}, {3}, {1, 2}], [{8, 7}, {6}, {2, 5}, {4}, {1, 3}], [{8, 7}, {6}, {4, 5}, {3}, {1, 2}], [{8}, {1, 7}, {2, 6}, {3, 5}, {4}], [{8}, {1, 7}, {2, 6}, {4, 5}, {3}], [{8}, {1, 7}, {2, 6}, {5}, {3, 4}], [{8}, {1, 7}, {2, 6}, {5}, {4}, {3}], [{8}, {1, 7}, {3, 6}, {5}, {2, 4}], [{8}, {1, 7}, {4, 6}, {5}, {2, 3}], [{8}, {1, 7}, {5, 6}, {3, 4}, {2}], [{8}, {1, 7}, {6}, {2, 5}, {3, 4}], [{8}, {1, 7}, {6}, {5}, {3, 4}, {2}], [{8}, {2, 7}, {1, 6}, {5}, {3, 4}], [{8}, {2, 7}, {3, 6}, {1, 5}, {4}], [{8}, {2, 7}, {3, 6}, {4, 5}, {1}], [{8}, {2, 7}, {3, 6}, {5}, {1, 4}], [{8}, {2, 7}, {3, 6}, {5}, {4}, {1}], [{8}, {2, 7}, {4, 6}, {5}, {1, 3}], [{8}, {2, 7}, {5, 6}, {1, 4}, {3}], [{8}, {2, 7}, {6}, {3, 5}, {1, 4}], [{8}, {2, 7}, {6}, {5}, {1, 4}, {3}], [{8}, {3, 7}, {1, 6}, {5}, {2, 4}], [{8}, {3, 7}, {2, 6}, {1, 5}, {4}], [{8}, {3, 7}, {2, 6}, {4, 5}, {1}], [{8}, {3, 7}, {2, 6}, {5}, {1, 4}], [{8}, {3, 7}, {2, 6}, {5}, {4}, {1}], [{8}, {3, 7}, {4, 6}, {1, 5}, {2}], [{8}, {3, 7}, {4, 6}, {2, 5}, {1}], [{8}, {3, 7}, {4, 6}, {5}, {1, 2}], [{8}, {3, 7}, {4, 6}, {5}, {2}, {1}], [{8}, {3, 7}, {5, 6}, {2, 4}, {1}], [{8}, {3, 7}, {6}, {1, 5}, {2, 4}], [{8}, {3, 7}, {6}, {5}, {2, 4}, {1}], [{8}, {4, 7}, {1, 6}, {2, 5}, {3}], [{8}, {4, 7}, {1, 6}, {3, 5}, {2}], [{8}, {4, 7}, {1, 6}, {5}, {2, 3}], [{8}, {4, 7}, {1, 6}, {5}, {3}, {2}], [{8}, {4, 7}, {2, 6}, {5}, {1, 3}], [{8}, {4, 7}, {3, 6}, {1, 5}, {2}], [{8}, {4, 7}, {3, 6}, {2, 5}, {1}], [{8}, {4, 7}, {3, 6}, {5}, {1, 2}], [{8}, {4, 7}, {3, 6}, {5}, {2}, {1}], [{8}, {4, 7}, {5, 6}, {1, 3}, {2}], [{8}, {4, 7}, {6}, {2, 5}, {1, 3}], [{8}, {4, 7}, {6}, {5}, {1, 3}, {2}], [{8}, {5, 7}, {2, 6}, {4}, {1, 3}], [{8}, {5, 7}, {3, 6}, {2, 4}, {1}], [{8}, {5, 7}, {4, 6}, {3}, {1, 2}], [{8}, {6, 7}, {1, 5}, {2, 4}, {3}], [{8}, {6, 7}, {3, 5}, {2, 4}, {1}], [{8}, {6, 7}, {5}, {1, 4}, {2, 3}], [{8}, {6, 7}, {5}, {2, 4}, {1, 3}], [{8}, {6, 7}, {5}, {2, 4}, {3}, {1}], [{8}, {6, 7}, {5}, {3, 4}, {1, 2}], [{8}, {7}, {2, 6}, {4, 5}, {1, 3}], [{8}, {7}, {2, 6}, {5}, {4}, {1, 3}], [{8}, {7}, {3, 6}, {1, 5}, {2, 4}], [{8}, {7}, {3, 6}, {5}, {2, 4}, {1}], [{8}, {7}, {4, 6}, {3, 5}, {1, 2}], [{8}, {7}, {4, 6}, {5}, {3}, {1, 2}]]",2,8 K_1^3 - 12 K_1^2 - 10 K_1 K_2 - K_1 + 6 K_2 + 3 K_3 + 7,O1O2O3U4O5U6U3O7U2U7O4U1U5O8O6U8,O1O2U3O4O5U4O6O7U1O3U6U5U2O8U7U8,O1O2U3O4O3U5O6O7U8U1O8U6U4U2O5U7,c,{'O1O2O3U4O5O4U6U3O7U8U2O8U1U5O6U7'},1,"<a href=""/flatknot/8.975974"">8.975974</a>",t^9-56t^7-188t^6-49t^5+216t^4+38t^3+24t^2-3t,t^3-2t^2+t,,
8.975975,O1O2O3U4O5O4U6U3O7U8U2O8U1U7O6U5,4,z^3+24z^2+106z+125,w^4z^3+24w^3z^2+106w^2z+125w,False,False,"[[ 0 -1  0  0  1  2 -3  2 -1],[ 1  0  1  0  1  2 -2  2  0],[ 0 -1  0  0  0  0 -1  0  0],[ 0  0  0  0  0 -1  0  0  0],[-1 -1  0  0  0  2 -4  2 -2],[-2 -2  0  1 -2  0 -2  0 -2],[ 3  2  1  0  4  2  0  2  2],[-2 -2  0  0 -2  0 -2  0 -2],[ 1  0  0  0  2  2 -2  2  0]]","[[ 0  2  2  1  0  0 -1 -1 -3],[-2  0  0 -2  1  0 -2 -2 -2],[-2  0  0 -2  0  0 -2 -2 -2],[-1  2  2  0  0  0 -1 -2 -4],[ 0 -1  0  0  0  0  0  0  0],[ 0  0  0  0  0  0 -1  0 -1],[ 1  2  2  1  0  1  0  0 -2],[ 1  2  2  2  0  0  0  0 -2],[ 3  2  2  4  0  1  2  2  0]]",True,"[-2,-2,-1,0,0,1,1,3,0,2,-1,0,2,2,2,2,0,0,2,2,2,0,0,1,2,4,0,0,0,0,1,0,1,0,2,2]","[-3,-1,-1,0,0,1,2,2,0,0,2,3,0,3,3,0,0,1,1,1,1,1,1,0,1,1,0,1,2,2,1,2,3,-1,-1,0]",t^8+64t^6+120t^4+57t^2+4,"[-3,-1,-1,0,0,1,2,2,0,0,2,3,0,3,3,0,0,1,1,1,1,1,1,0,1,1,0,1,2,2,1,2,3,-1,-1,0]","[-2,-2,-1,0,0,1,1,3,0,-1,2,2,1,1,3,-1,2,3,1,1,3,1,1,0,1,0,0,1,0,2,1,1,3,0,0,0]","[-3,-1,-1,0,0,1,2,2,2,2,0,1,4,2,2,0,0,0,2,2,2,0,1,1,2,2,0,0,-1,0,0,0,0,2,2,0]",c,"[[{8, 1}, {2, 7}, {3, 6}, {4, 5}], [{8, 1}, {2, 7}, {4, 6}, {3, 5}], [{8, 1}, {2, 7}, {5, 6}, {3, 4}], [{8, 1}, {3, 7}, {2, 6}, {4, 5}], [{8, 1}, {3, 7}, {4, 6}, {2, 5}], [{8, 1}, {3, 7}, {4, 6}, {5}, {2}], [{8, 1}, {3, 7}, {5, 6}, {2, 4}], [{8, 1}, {4, 7}, {2, 6}, {3, 5}], [{8, 1}, {4, 7}, {2, 6}, {5}, {3}], [{8, 1}, {4, 7}, {3, 6}, {2, 5}], [{8, 1}, {4, 7}, {5, 6}, {2, 3}], [{8, 1}, {5, 7}, {2, 6}, {3, 4}], [{8, 1}, {5, 7}, {3, 6}, {2, 4}], [{8, 1}, {5, 7}, {4, 6}, {2, 3}], [{8, 1}, {5, 7}, {4, 6}, {3}, {2}], [{8, 1}, {6, 7}, {2, 5}, {3, 4}], [{8, 1}, {6, 7}, {3, 5}, {2, 4}], [{8, 1}, {6, 7}, {4, 5}, {2, 3}], [{8, 1}, {7}, {2, 6}, {3, 5}, {4}], [{8, 1}, {7}, {3, 6}, {2, 5}, {4}], [{8, 1}, {7}, {3, 6}, {4, 5}, {2}], [{8, 1}, {7}, {3, 6}, {5}, {2, 4}], [{8, 1}, {7}, {4, 6}, {3, 5}, {2}], [{8, 1}, {7}, {5, 6}, {2, 4}, {3}], [{8, 1}, {7}, {6}, {3, 5}, {2, 4}], [{8, 2}, {1, 7}, {3, 6}, {4, 5}], [{8, 2}, {1, 7}, {4, 6}, {3, 5}], [{8, 2}, {1, 7}, {5, 6}, {3, 4}], [{8, 2}, {1, 7}, {5, 6}, {4}, {3}], [{8, 2}, {3, 7}, {1, 6}, {4, 5}], [{8, 2}, {3, 7}, {4, 6}, {1, 5}], [{8, 2}, {3, 7}, {5, 6}, {1, 4}], [{8, 2}, {3, 7}, {6}, {4, 5}, {1}], [{8, 2}, {4, 7}, {1, 6}, {3, 5}], [{8, 2}, {4, 7}, {3, 6}, {1, 5}], [{8, 2}, {4, 7}, {5, 6}, {1, 3}], [{8, 2}, {5, 7}, {1, 6}, {3, 4}], [{8, 2}, {5, 7}, {3, 6}, {1, 4}], [{8, 2}, {5, 7}, {4, 6}, {1, 3}], [{8, 2}, {6, 7}, {1, 5}, {3, 4}], [{8, 2}, {6, 7}, {3, 5}, {1, 4}], [{8, 2}, {6, 7}, {4, 5}, {1, 3}], [{8, 2}, {6, 7}, {4, 5}, {3}, {1}], [{8, 2}, {7}, {1, 6}, {3, 5}, {4}], [{8, 2}, {7}, {3, 6}, {4, 5}, {1}], [{8, 2}, {7}, {4, 6}, {3, 5}, {1}], [{8, 2}, {7}, {6}, {1, 5}, {3, 4}], [{8, 2}, {7}, {6}, {3, 5}, {1, 4}], [{8, 3}, {1, 7}, {2, 6}, {4, 5}], [{8, 3}, {1, 7}, {4, 6}, {2, 5}], [{8, 3}, {1, 7}, {5, 6}, {2, 4}], [{8, 3}, {2, 7}, {1, 6}, {4, 5}], [{8, 3}, {2, 7}, {4, 6}, {1, 5}], [{8, 3}, {2, 7}, {5, 6}, {1, 4}], [{8, 3}, {2, 7}, {6}, {1, 5}, {4}], [{8, 3}, {4, 7}, {1, 6}, {2, 5}], [{8, 3}, {4, 7}, {2, 6}, {1, 5}], [{8, 3}, {4, 7}, {2, 6}, {5}, {1}], [{8, 3}, {4, 7}, {5, 6}, {1, 2}], [{8, 3}, {5, 7}, {1, 6}, {2, 4}], [{8, 3}, {5, 7}, {2, 6}, {1, 4}], [{8, 3}, {5, 7}, {4, 6}, {1, 2}], [{8, 3}, {6, 7}, {1, 5}, {2, 4}], [{8, 3}, {6, 7}, {1, 5}, {4}, {2}], [{8, 3}, {6, 7}, {2, 5}, {1, 4}], [{8, 3}, {6, 7}, {4, 5}, {1, 2}], [{8, 3}, {7}, {2, 6}, {1, 5}, {4}], [{8, 3}, {7}, {5, 6}, {2, 4}, {1}], [{8, 3}, {7}, {6}, {2, 5}, {1, 4}], [{8, 4}, {1, 7}, {2, 6}, {3, 5}], [{8, 4}, {1, 7}, {3, 6}, {2, 5}], [{8, 4}, {1, 7}, {5, 6}, {2, 3}], [{8, 4}, {1, 7}, {5, 6}, {3}, {2}], [{8, 4}, {2, 7}, {1, 6}, {3, 5}], [{8, 4}, {2, 7}, {3, 6}, {1, 5}], [{8, 4}, {2, 7}, {5, 6}, {1, 3}], [{8, 4}, {2, 7}, {6}, {1, 5}, {3}], [{8, 4}, {3, 7}, {1, 6}, {2, 5}], [{8, 4}, {3, 7}, {1, 6}, {5}, {2}], [{8, 4}, {3, 7}, {2, 6}, {1, 5}], [{8, 4}, {3, 7}, {5, 6}, {1, 2}], [{8, 4}, {5, 7}, {1, 6}, {2, 3}], [{8, 4}, {5, 7}, {1, 6}, {3}, {2}], [{8, 4}, {5, 7}, {2, 6}, {1, 3}], [{8, 4}, {5, 7}, {3, 6}, {1, 2}], [{8, 4}, {6, 7}, {1, 5}, {2, 3}], [{8, 4}, {6, 7}, {1, 5}, {3}, {2}], [{8, 4}, {6, 7}, {2, 5}, {1, 3}], [{8, 4}, {6, 7}, {3, 5}, {1, 2}], [{8, 4}, {7}, {1, 6}, {3, 5}, {2}], [{8, 4}, {7}, {2, 6}, {1, 5}, {3}], [{8, 4}, {7}, {2, 6}, {3, 5}, {1}], [{8, 4}, {7}, {2, 6}, {5}, {1, 3}], [{8, 4}, {7}, {3, 6}, {2, 5}, {1}], [{8, 4}, {7}, {6}, {3, 5}, {1, 2}], [{8, 5}, {1, 7}, {2, 6}, {3, 4}], [{8, 5}, {1, 7}, {3, 6}, {2, 4}], [{8, 5}, {1, 7}, {4, 6}, {2, 3}], [{8, 5}, {2, 7}, {1, 6}, {3, 4}], [{8, 5}, {2, 7}, {3, 6}, {1, 4}], [{8, 5}, {2, 7}, {4, 6}, {1, 3}], [{8, 5}, {2, 7}, {6}, {4}, {1, 3}], [{8, 5}, {3, 7}, {1, 6}, {2, 4}], [{8, 5}, {3, 7}, {2, 6}, {1, 4}], [{8, 5}, {3, 7}, {4, 6}, {1, 2}], [{8, 5}, {4, 7}, {1, 6}, {2, 3}], [{8, 5}, {4, 7}, {2, 6}, {1, 3}], [{8, 5}, {4, 7}, {2, 6}, {3}, {1}], [{8, 5}, {4, 7}, {3, 6}, {1, 2}], [{8, 5}, {6, 7}, {1, 4}, {2, 3}], [{8, 5}, {6, 7}, {2, 4}, {1, 3}], [{8, 5}, {6, 7}, {3, 4}, {1, 2}], [{8, 5}, {6, 7}, {4}, {1, 3}, {2}], [{8, 5}, {7}, {2, 6}, {4}, {1, 3}], [{8, 5}, {7}, {3, 6}, {2, 4}, {1}], [{8, 5}, {7}, {6}, {1, 4}, {2, 3}], [{8, 6}, {1, 7}, {2, 5}, {3, 4}], [{8, 6}, {1, 7}, {3, 5}, {2, 4}], [{8, 6}, {1, 7}, {4, 5}, {2, 3}], [{8, 6}, {2, 7}, {1, 5}, {3, 4}], [{8, 6}, {2, 7}, {3, 5}, {1, 4}], [{8, 6}, {2, 7}, {4, 5}, {1, 3}], [{8, 6}, {3, 7}, {1, 5}, {2, 4}], [{8, 6}, {3, 7}, {2, 5}, {1, 4}], [{8, 6}, {3, 7}, {4, 5}, {1, 2}], [{8, 6}, {4, 7}, {1, 5}, {2, 3}], [{8, 6}, {4, 7}, {2, 5}, {1, 3}], [{8, 6}, {4, 7}, {3, 5}, {1, 2}], [{8, 6}, {5, 7}, {1, 4}, {2, 3}], [{8, 6}, {5, 7}, {2, 4}, {1, 3}], [{8, 6}, {5, 7}, {3, 4}, {1, 2}], [{8, 6}, {7}, {1, 5}, {3, 4}, {2}], [{8, 6}, {7}, {2, 5}, {1, 4}, {3}], [{8, 6}, {7}, {3, 5}, {1, 4}, {2}], [{8, 6}, {7}, {3, 5}, {2, 4}, {1}], [{8, 6}, {7}, {3, 5}, {4}, {1, 2}], [{8, 6}, {7}, {5}, {1, 4}, {2, 3}], [{8, 7}, {1, 6}, {2, 5}, {3, 4}], [{8, 7}, {1, 6}, {3, 5}, {2, 4}], [{8, 7}, {1, 6}, {3, 5}, {4}, {2}], [{8, 7}, {1, 6}, {4, 5}, {2, 3}], [{8, 7}, {2, 6}, {1, 5}, {3, 4}], [{8, 7}, {2, 6}, {1, 5}, {4}, {3}], [{8, 7}, {2, 6}, {3, 5}, {1, 4}], [{8, 7}, {2, 6}, {3, 5}, {4}, {1}], [{8, 7}, {2, 6}, {4, 5}, {1, 3}], [{8, 7}, {2, 6}, {5}, {4}, {1, 3}], [{8, 7}, {3, 6}, {1, 5}, {2, 4}], [{8, 7}, {3, 6}, {2, 5}, {1, 4}], [{8, 7}, {3, 6}, {2, 5}, {4}, {1}], [{8, 7}, {3, 6}, {4, 5}, {1, 2}], [{8, 7}, {3, 6}, {4, 5}, {2}, {1}], [{8, 7}, {3, 6}, {5}, {2, 4}, {1}], [{8, 7}, {4, 6}, {1, 5}, {2, 3}], [{8, 7}, {4, 6}, {2, 5}, {1, 3}], [{8, 7}, {4, 6}, {3, 5}, {1, 2}], [{8, 7}, {4, 6}, {3, 5}, {2}, {1}], [{8, 7}, {5, 6}, {1, 4}, {2, 3}], [{8, 7}, {5, 6}, {2, 4}, {1, 3}], [{8, 7}, {5, 6}, {2, 4}, {3}, {1}], [{8, 7}, {5, 6}, {3, 4}, {1, 2}], [{8, 7}, {6}, {1, 5}, {3, 4}, {2}], [{8, 7}, {6}, {2, 5}, {1, 4}, {3}], [{8, 7}, {6}, {3, 5}, {1, 4}, {2}], [{8, 7}, {6}, {3, 5}, {2, 4}, {1}], [{8, 7}, {6}, {3, 5}, {4}, {1, 2}], [{8, 7}, {6}, {5}, {1, 4}, {2, 3}], [{8}, {1, 7}, {2, 6}, {3, 5}, {4}], [{8}, {1, 7}, {3, 6}, {2, 5}, {4}], [{8}, {1, 7}, {3, 6}, {4, 5}, {2}], [{8}, {1, 7}, {3, 6}, {5}, {2, 4}], [{8}, {1, 7}, {4, 6}, {3, 5}, {2}], [{8}, {1, 7}, {5, 6}, {2, 4}, {3}], [{8}, {1, 7}, {6}, {3, 5}, {2, 4}], [{8}, {2, 7}, {1, 6}, {3, 5}, {4}], [{8}, {2, 7}, {3, 6}, {4, 5}, {1}], [{8}, {2, 7}, {4, 6}, {3, 5}, {1}], [{8}, {2, 7}, {6}, {1, 5}, {3, 4}], [{8}, {2, 7}, {6}, {3, 5}, {1, 4}], [{8}, {3, 7}, {2, 6}, {1, 5}, {4}], [{8}, {3, 7}, {5, 6}, {2, 4}, {1}], [{8}, {3, 7}, {6}, {2, 5}, {1, 4}], [{8}, {4, 7}, {1, 6}, {3, 5}, {2}], [{8}, {4, 7}, {2, 6}, {1, 5}, {3}], [{8}, {4, 7}, {2, 6}, {3, 5}, {1}], [{8}, {4, 7}, {2, 6}, {5}, {1, 3}], [{8}, {4, 7}, {3, 6}, {2, 5}, {1}], [{8}, {4, 7}, {6}, {3, 5}, {1, 2}], [{8}, {5, 7}, {2, 6}, {4}, {1, 3}], [{8}, {5, 7}, {3, 6}, {2, 4}, {1}], [{8}, {5, 7}, {6}, {1, 4}, {2, 3}], [{8}, {6, 7}, {1, 5}, {3, 4}, {2}], [{8}, {6, 7}, {2, 5}, {1, 4}, {3}], [{8}, {6, 7}, {3, 5}, {1, 4}, {2}], [{8}, {6, 7}, {3, 5}, {2, 4}, {1}], [{8}, {6, 7}, {3, 5}, {4}, {1, 2}], [{8}, {6, 7}, {5}, {1, 4}, {2, 3}], [{8}, {7}, {1, 6}, {2, 5}, {3, 4}], [{8}, {7}, {1, 6}, {3, 5}, {2, 4}], [{8}, {7}, {1, 6}, {3, 5}, {4}, {2}], [{8}, {7}, {1, 6}, {4, 5}, {2, 3}], [{8}, {7}, {2, 6}, {1, 5}, {3, 4}], [{8}, {7}, {2, 6}, {1, 5}, {4}, {3}], [{8}, {7}, {2, 6}, {3, 5}, {1, 4}], [{8}, {7}, {2, 6}, {3, 5}, {4}, {1}], [{8}, {7}, {2, 6}, {4, 5}, {1, 3}], [{8}, {7}, {2, 6}, {5}, {4}, {1, 3}], [{8}, {7}, {3, 6}, {1, 5}, {2, 4}], [{8}, {7}, {3, 6}, {2, 5}, {1, 4}], [{8}, {7}, {3, 6}, {2, 5}, {4}, {1}], [{8}, {7}, {3, 6}, {4, 5}, {1, 2}], [{8}, {7}, {3, 6}, {4, 5}, {2}, {1}], [{8}, {7}, {3, 6}, {5}, {2, 4}, {1}], [{8}, {7}, {4, 6}, {1, 5}, {2, 3}], [{8}, {7}, {4, 6}, {2, 5}, {1, 3}], [{8}, {7}, {4, 6}, {3, 5}, {1, 2}], [{8}, {7}, {4, 6}, {3, 5}, {2}, {1}], [{8}, {7}, {5, 6}, {1, 4}, {2, 3}], [{8}, {7}, {5, 6}, {2, 4}, {1, 3}], [{8}, {7}, {5, 6}, {2, 4}, {3}, {1}], [{8}, {7}, {5, 6}, {3, 4}, {1, 2}], [{8}, {7}, {6}, {1, 5}, {3, 4}, {2}], [{8}, {7}, {6}, {2, 5}, {1, 4}, {3}], [{8}, {7}, {6}, {3, 5}, {1, 4}, {2}], [{8}, {7}, {6}, {3, 5}, {2, 4}, {1}], [{8}, {7}, {6}, {3, 5}, {4}, {1, 2}], [{8}, {7}, {6}, {5}, {1, 4}, {2, 3}]]",2,8 K_1^3 - 20 K_1^2 - 14 K_1 K_2 + K_1 + 10 K_2 + 5 K_3 + 11,O1O2O3U4O5U6U3O7U2U7O6U1U5O8O4U8,O1O2U3O4O5U4O6O3U1O7U6U5U2O8U7U8,O1O2U3O4O3U1O5O6U7U8O7U5U4U2O8U6,c,{'O1O2O3U4O5O4U6U3O7U8U2O8U1U7O6U5'},1,"<a href=""/flatknot/8.975975"">8.975975</a>",t^9-66t^7-236t^6-72t^5+312t^4+148t^3-44t^2-51t-32,t^3-2t^2+t,,
8.975976,O1O2O3U4O5O4U6U3O7U8U2O8U5U1O6U7,4,11z^2+96z+149,11w^3z^2+96w^2z+149w,False,False,"[[ 0  0  0  0  1  1 -3  2 -1],[ 0  0  0 -1  1  1 -3  2 -1],[ 0  0  0  0  0  0 -1  0  0],[ 0  1  0  0  0  0 -1  0  0],[-1 -1  0  0  0  1 -3  1 -2],[-1 -1  0  0 -1  0 -1  0 -1],[ 3  3  1  1  3  1  0  2  2],[-2 -2  0  0 -1  0 -2  0 -2],[ 1  1  0  0  2  1 -2  2  0]]","[[ 0  2  1  0  0  0 -3],[-2  0 -1  0  0 -2 -2],[-1  1  0  0  0 -1 -3],[ 0  0  0  0  0  1 -1],[ 0  0  0  0  0  0 -1],[ 0  2  1 -1  0  0 -3],[ 3  2  3  1  1  3  0]]",False,"[-2,-1,0,0,0,3,1,0,0,2,2,0,0,1,3,0,-1,1,0,1,3]","[-3,0,0,0,1,2,0,2,2,1,3,0,1,0,0,0,1,2,1,2,0]",t^6+31t^4+42t^2+1,"[-3,0,0,0,1,2,0,2,2,1,3,0,1,0,0,0,1,2,1,2,0]","[-2,-1,0,0,0,3,0,0,2,2,3,0,1,1,1,-1,0,0,0,2,2]","[-3,0,0,0,1,2,1,1,3,3,2,0,0,0,0,1,0,0,1,2,1]",c,"[[{8, 5}, {1, 7}, {2, 6}, {3, 4}], [{8, 5}, {2, 7}, {1, 6}, {3, 4}], [{8, 5}, {2, 7}, {1, 6}, {4}, {3}], [{8}, {1, 7}, {2, 6}, {5}, {3, 4}]]",1,4 K_1^3 - 26 K_1^2 - 14 K_1 K_2 + 4 K_1 + 13 K_2 + 6 K_3 + 14,O1O2O3U4O5U3U6O7U2U7O4U1U5O8O6U8,O1O2U3O4O5U4O6O7U1O3U7U5U2O8U6U8,O1O2U3O4O3U5O6O7U8U2O8U6U4U1O5U7,c,{'O1O2O3U4O5O4U6U3O7U8U2O8U5U1O6U7'},1,"<a href=""/flatknot/8.975976"">8.975976</a>",t^7-35t^5-60t^4-23t^3-32t^2-13t+4,t^3-t^2-t,,
8.975977,O1O2O3U4O5O4U6U3O7U8U5O8U1U2O6U7,4,4z^3+30z^2+71z+55,-4w^5z^3+8w^4z^3-14w^4z^2+44w^3z^2-14w^3z+85w^2z+55w,False,False,"[[ 0 -1  1  0  1  1 -3  2 -1],[ 1  0  1 -1  2  1 -2  2  0],[-1 -1  0 -1  0  1 -3  1 -2],[ 0  1  1  0  0  0 -1  0 -1],[-1 -2  0  0  0  1 -3  1 -1],[-1 -1 -1  0 -1  0  0 -1 -1],[ 3  2  3  1  3  0  0  2  2],[-2 -2 -1  0 -1  1 -2  0 -2],[ 1  0  2  1  1  1 -2  2  0]]","[[ 0  2  1  1  1  0 -1 -1 -3],[-2  0  1 -1 -1  0 -2 -2 -2],[-1 -1  0 -1 -1  0 -1 -1  0],[-1  1  1  0  0  0 -1 -2 -3],[-1  1  1  0  0 -1 -2 -1 -3],[ 0  0  0  0  1  0 -1  1 -1],[ 1  2  1  1  2  1  0  0 -2],[ 1  2  1  2  1 -1  0  0 -2],[ 3  2  0  3  3  1  2  2  0]]",True,"[-2,-1,-1,-1,0,1,1,3,-1,1,1,0,2,2,2,1,1,0,1,1,0,0,0,1,2,3,1,2,1,3,1,-1,1,0,2,2]","[-3,-1,-1,0,1,1,1,2,0,0,2,1,1,4,3,0,0,0,1,1,1,2,1,0,1,1,0,1,1,2,0,-1,0,-1,0,2]",t^8+59t^6+229t^4+67t^2+1,"[-3,-1,-1,0,1,1,1,2,0,0,2,1,1,4,3,0,0,0,1,1,1,2,1,0,1,1,0,1,1,2,0,-1,0,-1,0,2]","[-2,-1,-1,-1,0,1,1,3,0,0,2,2,1,1,3,0,1,0,0,1,1,1,1,1,0,1,1,1,1,4,0,2,2,0,0,0]","[-3,-1,-1,0,1,1,1,2,2,2,1,0,3,3,2,0,-1,1,1,2,2,1,1,2,1,2,0,1,0,0,-1,-1,-1,0,1,1]",c,"[[{8, 1}, {2, 7}, {3, 6}, {4, 5}], [{8, 1}, {2, 7}, {3, 6}, {5}, {4}], [{8, 1}, {2, 7}, {4, 6}, {3, 5}], [{8, 1}, {2, 7}, {5, 6}, {3, 4}], [{8, 1}, {2, 7}, {5, 6}, {4}, {3}], [{8, 1}, {2, 7}, {6}, {3, 5}, {4}], [{8, 1}, {3, 7}, {2, 6}, {4, 5}], [{8, 1}, {3, 7}, {4, 6}, {2, 5}], [{8, 1}, {3, 7}, {5, 6}, {2, 4}], [{8, 1}, {3, 7}, {5, 6}, {4}, {2}], [{8, 1}, {4, 7}, {2, 6}, {3, 5}], [{8, 1}, {4, 7}, {2, 6}, {5}, {3}], [{8, 1}, {4, 7}, {3, 6}, {2, 5}], [{8, 1}, {4, 7}, {5, 6}, {2, 3}], [{8, 1}, {5, 7}, {2, 6}, {3, 4}], [{8, 1}, {5, 7}, {2, 6}, {4}, {3}], [{8, 1}, {5, 7}, {3, 6}, {2, 4}], [{8, 1}, {5, 7}, {4, 6}, {2, 3}], [{8, 1}, {5, 7}, {4, 6}, {3}, {2}], [{8, 1}, {5, 7}, {6}, {2, 4}, {3}], [{8, 1}, {6, 7}, {2, 5}, {3, 4}], [{8, 1}, {6, 7}, {2, 5}, {4}, {3}], [{8, 1}, {6, 7}, {3, 5}, {2, 4}], [{8, 1}, {6, 7}, {4, 5}, {2, 3}], [{8, 1}, {7}, {2, 6}, {4, 5}, {3}], [{8, 1}, {7}, {5, 6}, {4}, {2, 3}], [{8, 2}, {1, 7}, {3, 6}, {4, 5}], [{8, 2}, {1, 7}, {4, 6}, {3, 5}], [{8, 2}, {1, 7}, {4, 6}, {5}, {3}], [{8, 2}, {1, 7}, {5, 6}, {3, 4}], [{8, 2}, {1, 7}, {5, 6}, {4}, {3}], [{8, 2}, {1, 7}, {6}, {4, 5}, {3}], [{8, 2}, {3, 7}, {1, 6}, {4, 5}], [{8, 2}, {3, 7}, {4, 6}, {1, 5}], [{8, 2}, {3, 7}, {5, 6}, {1, 4}], [{8, 2}, {4, 7}, {1, 6}, {3, 5}], [{8, 2}, {4, 7}, {1, 6}, {5}, {3}], [{8, 2}, {4, 7}, {3, 6}, {1, 5}], [{8, 2}, {4, 7}, {3, 6}, {5}, {1}], [{8, 2}, {4, 7}, {5, 6}, {1, 3}], [{8, 2}, {4, 7}, {5, 6}, {3}, {1}], [{8, 2}, {4, 7}, {6}, {1, 5}, {3}], [{8, 2}, {4, 7}, {6}, {3, 5}, {1}], [{8, 2}, {4, 7}, {6}, {5}, {1, 3}], [{8, 2}, {5, 7}, {1, 6}, {3, 4}], [{8, 2}, {5, 7}, {1, 6}, {4}, {3}], [{8, 2}, {5, 7}, {3, 6}, {1, 4}], [{8, 2}, {5, 7}, {4, 6}, {1, 3}], [{8, 2}, {5, 7}, {4, 6}, {3}, {1}], [{8, 2}, {5, 7}, {6}, {1, 4}, {3}], [{8, 2}, {6, 7}, {1, 5}, {3, 4}], [{8, 2}, {6, 7}, {1, 5}, {4}, {3}], [{8, 2}, {6, 7}, {3, 5}, {1, 4}], [{8, 2}, {6, 7}, {4, 5}, {1, 3}], [{8, 2}, {6, 7}, {4, 5}, {3}, {1}], [{8, 2}, {6, 7}, {5}, {1, 4}, {3}], [{8, 2}, {7}, {1, 6}, {4, 5}, {3}], [{8, 2}, {7}, {4, 6}, {1, 5}, {3}], [{8, 2}, {7}, {5, 6}, {1, 4}, {3}], [{8, 3}, {1, 7}, {2, 6}, {4, 5}], [{8, 3}, {1, 7}, {4, 6}, {2, 5}], [{8, 3}, {1, 7}, {5, 6}, {2, 4}], [{8, 3}, {1, 7}, {6}, {5}, {2, 4}], [{8, 3}, {2, 7}, {1, 6}, {4, 5}], [{8, 3}, {2, 7}, {4, 6}, {1, 5}], [{8, 3}, {2, 7}, {5, 6}, {1, 4}], [{8, 3}, {2, 7}, {6}, {5}, {1, 4}], [{8, 3}, {4, 7}, {1, 6}, {2, 5}], [{8, 3}, {4, 7}, {2, 6}, {1, 5}], [{8, 3}, {4, 7}, {2, 6}, {5}, {1}], [{8, 3}, {4, 7}, {5, 6}, {1, 2}], [{8, 3}, {5, 7}, {1, 6}, {2, 4}], [{8, 3}, {5, 7}, {2, 6}, {1, 4}], [{8, 3}, {5, 7}, {4, 6}, {1, 2}], [{8, 3}, {6, 7}, {1, 5}, {2, 4}], [{8, 3}, {6, 7}, {2, 5}, {1, 4}], [{8, 3}, {6, 7}, {4, 5}, {1, 2}], [{8, 3}, {6, 7}, {5}, {4}, {1, 2}], [{8, 3}, {7}, {4, 6}, {1, 5}, {2}], [{8, 3}, {7}, {5, 6}, {1, 4}, {2}], [{8, 4}, {1, 7}, {2, 6}, {3, 5}], [{8, 4}, {1, 7}, {3, 6}, {2, 5}], [{8, 4}, {1, 7}, {5, 6}, {2, 3}], [{8, 4}, {1, 7}, {6}, {3, 5}, {2}], [{8, 4}, {2, 7}, {1, 6}, {3, 5}], [{8, 4}, {2, 7}, {3, 6}, {1, 5}], [{8, 4}, {2, 7}, {5, 6}, {1, 3}], [{8, 4}, {2, 7}, {6}, {5}, {1, 3}], [{8, 4}, {3, 7}, {1, 6}, {2, 5}], [{8, 4}, {3, 7}, {2, 6}, {1, 5}], [{8, 4}, {3, 7}, {5, 6}, {1, 2}], [{8, 4}, {3, 7}, {6}, {1, 5}, {2}], [{8, 4}, {5, 7}, {1, 6}, {2, 3}], [{8, 4}, {5, 7}, {1, 6}, {3}, {2}], [{8, 4}, {5, 7}, {2, 6}, {1, 3}], [{8, 4}, {5, 7}, {2, 6}, {3}, {1}], [{8, 4}, {5, 7}, {3, 6}, {1, 2}], [{8, 4}, {5, 7}, {3, 6}, {2}, {1}], [{8, 4}, {5, 7}, {6}, {1, 3}, {2}], [{8, 4}, {5, 7}, {6}, {2, 3}, {1}], [{8, 4}, {5, 7}, {6}, {3}, {1, 2}], [{8, 4}, {5, 7}, {6}, {3}, {2}, {1}], [{8, 4}, {6, 7}, {1, 5}, {2, 3}], [{8, 4}, {6, 7}, {2, 5}, {1, 3}], [{8, 4}, {6, 7}, {3, 5}, {1, 2}], [{8, 4}, {6, 7}, {5}, {1, 3}, {2}], [{8, 4}, {6, 7}, {5}, {2, 3}, {1}], [{8, 4}, {6, 7}, {5}, {3}, {1, 2}], [{8, 4}, {7}, {2, 6}, {5}, {1, 3}], [{8, 4}, {7}, {5, 6}, {1, 3}, {2}], [{8, 4}, {7}, {5, 6}, {2, 3}, {1}], [{8, 4}, {7}, {5, 6}, {3}, {1, 2}], [{8, 4}, {7}, {6}, {2, 5}, {1, 3}], [{8, 4}, {7}, {6}, {5}, {1, 3}, {2}], [{8, 5}, {1, 7}, {2, 6}, {3, 4}], [{8, 5}, {1, 7}, {2, 6}, {4}, {3}], [{8, 5}, {1, 7}, {3, 6}, {2, 4}], [{8, 5}, {1, 7}, {3, 6}, {4}, {2}], [{8, 5}, {1, 7}, {4, 6}, {2, 3}], [{8, 5}, {1, 7}, {6}, {4}, {2, 3}], [{8, 5}, {2, 7}, {1, 6}, {3, 4}], [{8, 5}, {2, 7}, {1, 6}, {4}, {3}], [{8, 5}, {2, 7}, {3, 6}, {1, 4}], [{8, 5}, {2, 7}, {4, 6}, {1, 3}], [{8, 5}, {3, 7}, {1, 6}, {2, 4}], [{8, 5}, {3, 7}, {2, 6}, {1, 4}], [{8, 5}, {3, 7}, {4, 6}, {1, 2}], [{8, 5}, {3, 7}, {4, 6}, {2}, {1}], [{8, 5}, {4, 7}, {1, 6}, {2, 3}], [{8, 5}, {4, 7}, {2, 6}, {1, 3}], [{8, 5}, {4, 7}, {3, 6}, {1, 2}], [{8, 5}, {4, 7}, {6}, {1, 3}, {2}], [{8, 5}, {6, 7}, {1, 4}, {2, 3}], [{8, 5}, {6, 7}, {2, 4}, {1, 3}], [{8, 5}, {6, 7}, {3, 4}, {1, 2}], [{8, 5}, {6, 7}, {3, 4}, {2}, {1}], [{8, 6}, {1, 7}, {2, 5}, {3, 4}], [{8, 6}, {1, 7}, {3, 5}, {2, 4}], [{8, 6}, {1, 7}, {3, 5}, {4}, {2}], [{8, 6}, {1, 7}, {4, 5}, {2, 3}], [{8, 6}, {1, 7}, {5}, {2, 4}, {3}], [{8, 6}, {2, 7}, {1, 5}, {3, 4}], [{8, 6}, {2, 7}, {3, 5}, {1, 4}], [{8, 6}, {2, 7}, {4, 5}, {1, 3}], [{8, 6}, {3, 7}, {1, 5}, {2, 4}], [{8, 6}, {3, 7}, {2, 5}, {1, 4}], [{8, 6}, {3, 7}, {4, 5}, {1, 2}], [{8, 6}, {4, 7}, {1, 5}, {2, 3}], [{8, 6}, {4, 7}, {2, 5}, {1, 3}], [{8, 6}, {4, 7}, {3, 5}, {1, 2}], [{8, 6}, {4, 7}, {5}, {1, 3}, {2}], [{8, 6}, {5, 7}, {1, 4}, {2, 3}], [{8, 6}, {5, 7}, {1, 4}, {3}, {2}], [{8, 6}, {5, 7}, {2, 4}, {1, 3}], [{8, 6}, {5, 7}, {2, 4}, {3}, {1}], [{8, 6}, {5, 7}, {3, 4}, {1, 2}], [{8, 6}, {5, 7}, {4}, {3}, {1, 2}], [{8, 6}, {7}, {1, 5}, {2, 4}, {3}], [{8, 7}, {1, 6}, {2, 5}, {3, 4}], [{8, 7}, {1, 6}, {2, 5}, {4}, {3}], [{8, 7}, {1, 6}, {3, 5}, {2, 4}], [{8, 7}, {1, 6}, {4, 5}, {2, 3}], [{8, 7}, {2, 6}, {1, 5}, {3, 4}], [{8, 7}, {2, 6}, {1, 5}, {4}, {3}], [{8, 7}, {2, 6}, {3, 5}, {1, 4}], [{8, 7}, {2, 6}, {3, 5}, {4}, {1}], [{8, 7}, {2, 6}, {4, 5}, {1, 3}], [{8, 7}, {2, 6}, {5}, {4}, {1, 3}], [{8, 7}, {3, 6}, {1, 5}, {2, 4}], [{8, 7}, {3, 6}, {2, 5}, {1, 4}], [{8, 7}, {3, 6}, {2, 5}, {4}, {1}], [{8, 7}, {3, 6}, {4, 5}, {1, 2}], [{8, 7}, {4, 6}, {1, 5}, {2, 3}], [{8, 7}, {4, 6}, {2, 5}, {1, 3}], [{8, 7}, {4, 6}, {3, 5}, {1, 2}], [{8, 7}, {4, 6}, {5}, {1, 3}, {2}], [{8, 7}, {5, 6}, {1, 4}, {2, 3}], [{8, 7}, {5, 6}, {2, 4}, {1, 3}], [{8, 7}, {5, 6}, {3, 4}, {1, 2}], [{8, 7}, {5, 6}, {4}, {1, 3}, {2}], [{8, 7}, {6}, {2, 5}, {4}, {1, 3}], [{8, 7}, {6}, {4, 5}, {1, 3}, {2}], [{8, 7}, {6}, {5}, {2, 4}, {1, 3}], [{8, 7}, {6}, {5}, {4}, {1, 3}, {2}], [{8}, {1, 7}, {3, 6}, {5}, {2, 4}], [{8}, {1, 7}, {4, 6}, {3, 5}, {2}], [{8}, {1, 7}, {6}, {2, 5}, {3, 4}], [{8}, {2, 7}, {4, 6}, {3, 5}, {1}], [{8}, {3, 7}, {4, 6}, {5}, {1, 2}], [{8}, {3, 7}, {5, 6}, {2, 4}, {1}], [{8}, {4, 7}, {1, 6}, {3, 5}, {2}], [{8}, {4, 7}, {2, 6}, {5}, {1, 3}], [{8}, {4, 7}, {3, 6}, {1, 5}, {2}], [{8}, {4, 7}, {5, 6}, {1, 3}, {2}], [{8}, {4, 7}, {6}, {2, 5}, {1, 3}], [{8}, {4, 7}, {6}, {5}, {1, 3}, {2}], [{8}, {5, 7}, {1, 6}, {2, 4}, {3}], [{8}, {5, 7}, {2, 6}, {1, 4}, {3}], [{8}, {5, 7}, {4, 6}, {3}, {1, 2}], [{8}, {6, 7}, {3, 5}, {1, 4}, {2}], [{8}, {6, 7}, {5}, {3, 4}, {1, 2}], [{8}, {7}, {2, 6}, {1, 5}, {3, 4}], [{8}, {7}, {4, 6}, {1, 5}, {2, 3}], [{8}, {7}, {4, 6}, {3, 5}, {1, 2}], [{8}, {7}, {5, 6}, {1, 4}, {2, 3}]]",2,12 K_1^3 - 6 K_1^2 - 10 K_1 K_2 - 4 K_1 + 3 K_2 + 2 K_3 + 4,O1O2O3U4O5U2U3O6U7U6O4U1U5O8O7U8,O1O2U3O4O5U4O6O7U1O3U6U7U2O8U5U8,O1O2U3O4O3U5O6O7U8U4O8U6U1U2O5U7,c,{'O1O2O3U4O5O4U6U3O7U8U5O8U1U2O6U7'},1,"<a href=""/flatknot/8.975977"">8.975977</a>",t^9-63t^7-204t^6-36t^5+262t^4+36t^3-84t^2+120t+92,t^3-t^2-t,,
8.975978,O1O2O3U4O5O4U6U3O7U8U5O8U1U7O6U2,4,4z^3+38z^2+111z+103,4w^4z^3+38w^3z^2+111w^2z+103w,False,False,"[[ 0 -1  1  0  1  1 -3  2 -1],[ 1  0  1 -1  2  1 -2  2  0],[-1 -1  0  0  0  1 -3  1 -2],[ 0  1  0  0  0  0 -1  1 -1],[-1 -2  0  0  0  1 -3  1 -1],[-1 -1 -1  0 -1  0 -1  0 -1],[ 3  2  3  1  3  1  0  2  2],[-2 -2 -1 -1 -1  0 -2  0 -2],[ 1  0  2  1  1  1 -2  2  0]]","[[ 0  2  1  1  1  0 -1 -1 -3],[-2  0  0 -1 -1 -1 -2 -2 -2],[-1  0  0 -1 -1  0 -1 -1 -1],[-1  1  1  0  0  0 -1 -2 -3],[-1  1  1  0  0  0 -2 -1 -3],[ 0  1  0  0  0  0  1 -1 -1],[ 1  2  1  1  2 -1  0  0 -2],[ 1  2  1  2  1  1  0  0 -2],[ 3  2  1  3  3  1  2  2  0]]",True,"[-2,-1,-1,-1,0,1,1,3,0,1,1,1,2,2,2,1,1,0,1,1,1,0,0,1,2,3,0,2,1,3,-1,1,1,0,2,2]","[-3,-1,-1,0,1,1,1,2,0,0,2,1,1,3,3,0,0,0,1,1,1,2,1,0,1,1,1,1,1,1,0,-1,0,-1,0,1]",t^8+59t^6+210t^4+69t^2+1,"[-3,-1,-1,0,1,1,1,2,0,0,2,1,1,3,3,0,0,0,1,1,1,2,1,0,1,1,1,1,1,1,0,-1,0,-1,0,1]","[-2,-1,-1,-1,0,1,1,3,0,0,1,1,1,1,3,0,1,1,0,1,1,1,1,1,0,1,1,1,1,3,0,2,2,0,0,0]","[-3,-1,-1,0,1,1,1,2,2,2,1,1,3,3,2,0,-1,1,1,2,2,1,1,2,1,2,0,0,0,1,-1,-1,0,0,1,1]",c,"[[{8, 1}, {2, 7}, {3, 6}, {4, 5}], [{8, 1}, {2, 7}, {4, 6}, {3, 5}], [{8, 1}, {2, 7}, {5, 6}, {3, 4}], [{8, 1}, {2, 7}, {5, 6}, {4}, {3}], [{8, 1}, {3, 7}, {2, 6}, {4, 5}], [{8, 1}, {3, 7}, {4, 6}, {2, 5}], [{8, 1}, {3, 7}, {5, 6}, {2, 4}], [{8, 1}, {3, 7}, {5, 6}, {4}, {2}], [{8, 1}, {4, 7}, {2, 6}, {3, 5}], [{8, 1}, {4, 7}, {3, 6}, {2, 5}], [{8, 1}, {4, 7}, {5, 6}, {2, 3}], [{8, 1}, {4, 7}, {5, 6}, {3}, {2}], [{8, 1}, {5, 7}, {2, 6}, {3, 4}], [{8, 1}, {5, 7}, {2, 6}, {4}, {3}], [{8, 1}, {5, 7}, {3, 6}, {2, 4}], [{8, 1}, {5, 7}, {3, 6}, {4}, {2}], [{8, 1}, {5, 7}, {4, 6}, {2, 3}], [{8, 1}, {5, 7}, {4, 6}, {3}, {2}], [{8, 1}, {5, 7}, {6}, {2, 4}, {3}], [{8, 1}, {5, 7}, {6}, {3, 4}, {2}], [{8, 1}, {5, 7}, {6}, {4}, {2, 3}], [{8, 1}, {5, 7}, {6}, {4}, {3}, {2}], [{8, 1}, {6, 7}, {2, 5}, {3, 4}], [{8, 1}, {6, 7}, {2, 5}, {4}, {3}], [{8, 1}, {6, 7}, {3, 5}, {2, 4}], [{8, 1}, {6, 7}, {3, 5}, {4}, {2}], [{8, 1}, {6, 7}, {4, 5}, {2, 3}], [{8, 1}, {6, 7}, {4, 5}, {3}, {2}], [{8, 1}, {6, 7}, {5}, {2, 4}, {3}], [{8, 1}, {6, 7}, {5}, {3, 4}, {2}], [{8, 1}, {6, 7}, {5}, {4}, {2, 3}], [{8, 1}, {6, 7}, {5}, {4}, {3}, {2}], [{8, 1}, {7}, {5, 6}, {2, 4}, {3}], [{8, 1}, {7}, {5, 6}, {3, 4}, {2}], [{8, 1}, {7}, {5, 6}, {4}, {2, 3}], [{8, 1}, {7}, {5, 6}, {4}, {3}, {2}], [{8, 2}, {1, 7}, {3, 6}, {4, 5}], [{8, 2}, {1, 7}, {3, 6}, {5}, {4}], [{8, 2}, {1, 7}, {4, 6}, {3, 5}], [{8, 2}, {1, 7}, {5, 6}, {3, 4}], [{8, 2}, {1, 7}, {5, 6}, {4}, {3}], [{8, 2}, {1, 7}, {6}, {3, 5}, {4}], [{8, 2}, {3, 7}, {1, 6}, {4, 5}], [{8, 2}, {3, 7}, {4, 6}, {1, 5}], [{8, 2}, {3, 7}, {4, 6}, {5}, {1}], [{8, 2}, {3, 7}, {5, 6}, {1, 4}], [{8, 2}, {3, 7}, {5, 6}, {4}, {1}], [{8, 2}, {3, 7}, {6}, {4, 5}, {1}], [{8, 2}, {4, 7}, {1, 6}, {3, 5}], [{8, 2}, {4, 7}, {3, 6}, {1, 5}], [{8, 2}, {4, 7}, {5, 6}, {1, 3}], [{8, 2}, {4, 7}, {5, 6}, {3}, {1}], [{8, 2}, {5, 7}, {1, 6}, {3, 4}], [{8, 2}, {5, 7}, {3, 6}, {1, 4}], [{8, 2}, {5, 7}, {4, 6}, {1, 3}], [{8, 2}, {5, 7}, {6}, {1, 4}, {3}], [{8, 2}, {5, 7}, {6}, {3, 4}, {1}], [{8, 2}, {5, 7}, {6}, {4}, {1, 3}], [{8, 2}, {6, 7}, {1, 5}, {3, 4}], [{8, 2}, {6, 7}, {3, 5}, {1, 4}], [{8, 2}, {6, 7}, {4, 5}, {1, 3}], [{8, 2}, {6, 7}, {5}, {1, 4}, {3}], [{8, 2}, {6, 7}, {5}, {3, 4}, {1}], [{8, 2}, {6, 7}, {5}, {4}, {1, 3}], [{8, 2}, {7}, {5, 6}, {1, 4}, {3}], [{8, 2}, {7}, {5, 6}, {3, 4}, {1}], [{8, 2}, {7}, {5, 6}, {4}, {1, 3}], [{8, 2}, {7}, {5, 6}, {4}, {3}, {1}], [{8, 3}, {1, 7}, {2, 6}, {4, 5}], [{8, 3}, {1, 7}, {4, 6}, {2, 5}], [{8, 3}, {1, 7}, {5, 6}, {2, 4}], [{8, 3}, {1, 7}, {6}, {2, 5}, {4}], [{8, 3}, {2, 7}, {1, 6}, {4, 5}], [{8, 3}, {2, 7}, {4, 6}, {1, 5}], [{8, 3}, {2, 7}, {5, 6}, {1, 4}], [{8, 3}, {4, 7}, {1, 6}, {2, 5}], [{8, 3}, {4, 7}, {1, 6}, {5}, {2}], [{8, 3}, {4, 7}, {2, 6}, {1, 5}], [{8, 3}, {4, 7}, {5, 6}, {1, 2}], [{8, 3}, {5, 7}, {1, 6}, {2, 4}], [{8, 3}, {5, 7}, {2, 6}, {1, 4}], [{8, 3}, {5, 7}, {4, 6}, {1, 2}], [{8, 3}, {5, 7}, {6}, {1, 4}, {2}], [{8, 3}, {5, 7}, {6}, {2, 4}, {1}], [{8, 3}, {5, 7}, {6}, {4}, {1, 2}], [{8, 3}, {6, 7}, {1, 5}, {2, 4}], [{8, 3}, {6, 7}, {2, 5}, {1, 4}], [{8, 3}, {6, 7}, {4, 5}, {1, 2}], [{8, 3}, {6, 7}, {5}, {1, 4}, {2}], [{8, 3}, {6, 7}, {5}, {2, 4}, {1}], [{8, 3}, {6, 7}, {5}, {4}, {1, 2}], [{8, 3}, {7}, {4, 6}, {1, 5}, {2}], [{8, 3}, {7}, {5, 6}, {1, 4}, {2}], [{8, 3}, {7}, {5, 6}, {2, 4}, {1}], [{8, 3}, {7}, {5, 6}, {4}, {1, 2}], [{8, 4}, {1, 7}, {2, 6}, {3, 5}], [{8, 4}, {1, 7}, {3, 6}, {2, 5}], [{8, 4}, {1, 7}, {5, 6}, {2, 3}], [{8, 4}, {1, 7}, {5, 6}, {3}, {2}], [{8, 4}, {2, 7}, {1, 6}, {3, 5}], [{8, 4}, {2, 7}, {3, 6}, {1, 5}], [{8, 4}, {2, 7}, {5, 6}, {1, 3}], [{8, 4}, {2, 7}, {5, 6}, {3}, {1}], [{8, 4}, {2, 7}, {6}, {5}, {1, 3}], [{8, 4}, {3, 7}, {1, 6}, {2, 5}], [{8, 4}, {3, 7}, {2, 6}, {1, 5}], [{8, 4}, {3, 7}, {5, 6}, {1, 2}], [{8, 4}, {3, 7}, {5, 6}, {2}, {1}], [{8, 4}, {5, 7}, {1, 6}, {2, 3}], [{8, 4}, {5, 7}, {2, 6}, {1, 3}], [{8, 4}, {5, 7}, {3, 6}, {1, 2}], [{8, 4}, {5, 7}, {6}, {1, 3}, {2}], [{8, 4}, {5, 7}, {6}, {2, 3}, {1}], [{8, 4}, {5, 7}, {6}, {3}, {1, 2}], [{8, 4}, {6, 7}, {1, 5}, {2, 3}], [{8, 4}, {6, 7}, {2, 5}, {1, 3}], [{8, 4}, {6, 7}, {3, 5}, {1, 2}], [{8, 4}, {6, 7}, {5}, {1, 3}, {2}], [{8, 4}, {6, 7}, {5}, {2, 3}, {1}], [{8, 4}, {6, 7}, {5}, {3}, {1, 2}], [{8, 4}, {7}, {1, 6}, {3, 5}, {2}], [{8, 4}, {7}, {2, 6}, {5}, {1, 3}], [{8, 4}, {7}, {3, 6}, {1, 5}, {2}], [{8, 4}, {7}, {5, 6}, {1, 3}, {2}], [{8, 4}, {7}, {5, 6}, {2, 3}, {1}], [{8, 4}, {7}, {5, 6}, {3}, {1, 2}], [{8, 4}, {7}, {5, 6}, {3}, {2}, {1}], [{8, 4}, {7}, {6}, {2, 5}, {1, 3}], [{8, 4}, {7}, {6}, {5}, {1, 3}, {2}], [{8, 5}, {1, 7}, {2, 6}, {3, 4}], [{8, 5}, {1, 7}, {3, 6}, {2, 4}], [{8, 5}, {1, 7}, {4, 6}, {2, 3}], [{8, 5}, {1, 7}, {6}, {3, 4}, {2}], [{8, 5}, {2, 7}, {1, 6}, {3, 4}], [{8, 5}, {2, 7}, {3, 6}, {1, 4}], [{8, 5}, {2, 7}, {4, 6}, {1, 3}], [{8, 5}, {2, 7}, {6}, {3, 4}, {1}], [{8, 5}, {3, 7}, {1, 6}, {2, 4}], [{8, 5}, {3, 7}, {2, 6}, {1, 4}], [{8, 5}, {3, 7}, {4, 6}, {1, 2}], [{8, 5}, {4, 7}, {1, 6}, {2, 3}], [{8, 5}, {4, 7}, {2, 6}, {1, 3}], [{8, 5}, {4, 7}, {3, 6}, {1, 2}], [{8, 5}, {6, 7}, {1, 4}, {2, 3}], [{8, 5}, {6, 7}, {2, 4}, {1, 3}], [{8, 5}, {6, 7}, {3, 4}, {1, 2}], [{8, 5}, {6, 7}, {3, 4}, {2}, {1}], [{8, 5}, {7}, {1, 6}, {3, 4}, {2}], [{8, 5}, {7}, {2, 6}, {3, 4}, {1}], [{8, 5}, {7}, {6}, {3, 4}, {1, 2}], [{8, 6}, {1, 7}, {2, 5}, {3, 4}], [{8, 6}, {1, 7}, {3, 5}, {2, 4}], [{8, 6}, {1, 7}, {4, 5}, {2, 3}], [{8, 6}, {2, 7}, {1, 5}, {3, 4}], [{8, 6}, {2, 7}, {3, 5}, {1, 4}], [{8, 6}, {2, 7}, {4, 5}, {1, 3}], [{8, 6}, {3, 7}, {1, 5}, {2, 4}], [{8, 6}, {3, 7}, {2, 5}, {1, 4}], [{8, 6}, {3, 7}, {4, 5}, {1, 2}], [{8, 6}, {4, 7}, {1, 5}, {2, 3}], [{8, 6}, {4, 7}, {2, 5}, {1, 3}], [{8, 6}, {4, 7}, {3, 5}, {1, 2}], [{8, 6}, {4, 7}, {3, 5}, {2}, {1}], [{8, 6}, {5, 7}, {1, 4}, {2, 3}], [{8, 6}, {5, 7}, {2, 4}, {1, 3}], [{8, 6}, {5, 7}, {3, 4}, {1, 2}], [{8, 6}, {7}, {1, 5}, {4}, {2, 3}], [{8, 6}, {7}, {2, 5}, {4}, {1, 3}], [{8, 6}, {7}, {5}, {3, 4}, {1, 2}], [{8, 7}, {1, 6}, {2, 5}, {3, 4}], [{8, 7}, {1, 6}, {2, 5}, {4}, {3}], [{8, 7}, {1, 6}, {3, 5}, {2, 4}], [{8, 7}, {1, 6}, {4, 5}, {2, 3}], [{8, 7}, {1, 6}, {4, 5}, {3}, {2}], [{8, 7}, {1, 6}, {5}, {2, 4}, {3}], [{8, 7}, {2, 6}, {1, 5}, {3, 4}], [{8, 7}, {2, 6}, {1, 5}, {4}, {3}], [{8, 7}, {2, 6}, {3, 5}, {1, 4}], [{8, 7}, {2, 6}, {3, 5}, {4}, {1}], [{8, 7}, {2, 6}, {4, 5}, {1, 3}], [{8, 7}, {2, 6}, {5}, {4}, {1, 3}], [{8, 7}, {3, 6}, {1, 5}, {2, 4}], [{8, 7}, {3, 6}, {2, 5}, {1, 4}], [{8, 7}, {3, 6}, {4, 5}, {1, 2}], [{8, 7}, {3, 6}, {5}, {1, 4}, {2}], [{8, 7}, {4, 6}, {1, 5}, {2, 3}], [{8, 7}, {4, 6}, {1, 5}, {3}, {2}], [{8, 7}, {4, 6}, {2, 5}, {1, 3}], [{8, 7}, {4, 6}, {3, 5}, {1, 2}], [{8, 7}, {4, 6}, {5}, {2, 3}, {1}], [{8, 7}, {5, 6}, {1, 4}, {2, 3}], [{8, 7}, {5, 6}, {1, 4}, {3}, {2}], [{8, 7}, {5, 6}, {2, 4}, {1, 3}], [{8, 7}, {5, 6}, {2, 4}, {3}, {1}], [{8, 7}, {5, 6}, {3, 4}, {1, 2}], [{8, 7}, {5, 6}, {4}, {3}, {1, 2}], [{8, 7}, {6}, {1, 5}, {2, 4}, {3}], [{8, 7}, {6}, {3, 5}, {1, 4}, {2}], [{8, 7}, {6}, {5}, {3, 4}, {1, 2}], [{8}, {1, 7}, {2, 6}, {5}, {3, 4}], [{8}, {1, 7}, {4, 6}, {3, 5}, {2}], [{8}, {1, 7}, {5, 6}, {2, 4}, {3}], [{8}, {2, 7}, {1, 6}, {5}, {3, 4}], [{8}, {2, 7}, {4, 6}, {3, 5}, {1}], [{8}, {2, 7}, {5, 6}, {1, 4}, {3}], [{8}, {3, 7}, {2, 6}, {5}, {1, 4}], [{8}, {3, 7}, {4, 6}, {1, 5}, {2}], [{8}, {3, 7}, {5, 6}, {1, 4}, {2}], [{8}, {3, 7}, {5, 6}, {2, 4}, {1}], [{8}, {3, 7}, {5, 6}, {4}, {1, 2}], [{8}, {3, 7}, {6}, {2, 5}, {1, 4}], [{8}, {4, 7}, {2, 6}, {5}, {1, 3}], [{8}, {4, 7}, {5, 6}, {3}, {1, 2}], [{8}, {5, 7}, {6}, {1, 4}, {2, 3}], [{8}, {5, 7}, {6}, {2, 4}, {1, 3}], [{8}, {5, 7}, {6}, {3, 4}, {1, 2}], [{8}, {6, 7}, {1, 5}, {3, 4}, {2}], [{8}, {6, 7}, {2, 5}, {3, 4}, {1}], [{8}, {6, 7}, {5}, {1, 4}, {2, 3}], [{8}, {6, 7}, {5}, {2, 4}, {1, 3}], [{8}, {6, 7}, {5}, {3, 4}, {1, 2}], [{8}, {6, 7}, {5}, {3, 4}, {2}, {1}], [{8}, {7}, {1, 6}, {4, 5}, {2, 3}], [{8}, {7}, {3, 6}, {4, 5}, {1, 2}], [{8}, {7}, {4, 6}, {2, 5}, {1, 3}], [{8}, {7}, {4, 6}, {3, 5}, {1, 2}], [{8}, {7}, {5, 6}, {1, 4}, {2, 3}], [{8}, {7}, {5, 6}, {1, 4}, {3}, {2}], [{8}, {7}, {5, 6}, {2, 4}, {1, 3}], [{8}, {7}, {5, 6}, {2, 4}, {3}, {1}], [{8}, {7}, {5, 6}, {3, 4}, {1, 2}], [{8}, {7}, {5, 6}, {4}, {3}, {1, 2}], [{8}, {7}, {6}, {5}, {3, 4}, {1, 2}]]",2,20 K_1^3 - 18 K_1^2 - 22 K_1 K_2 - 4 K_1 + 9 K_2 + 6 K_3 + 10,O1O2O3U2O4U5U3O6U7U6O5U1U4O8O7U8,O1O2U3O4O5U4O6O3U1O7U6U7U2O8U5U8,O1O2U3O4O3U1O5O6U7U4O7U5U8U2O8U6,c,{'O1O2O3U4O5O4U6U3O7U8U5O8U1U7O6U2'},1,"<a href=""/flatknot/8.975978"">8.975978</a>",t^9-63t^7-216t^6-81t^5+320t^4+255t^3-104t^2-112t,t^3-t^2-t,,
8.975979,O1O2O3U4O5O4U6U3O7U8U5O8U2U1O6U7,4,4z^3+42z^2+115z+95,4w^4z^3+42w^3z^2+115w^2z+95w,False,False,"[[ 0  0  0  0  1  1 -3  2 -1],[ 0  0  0 -1  1  1 -3  2 -1],[ 0  0  0 -1  1  1 -2  1 -1],[ 0  1  1  0  0  0 -1  0 -1],[-1 -1 -1  0  0  1 -3  1 -1],[-1 -1 -1  0 -1  0  0 -1 -1],[ 3  3  2  1  3  0  0  2  2],[-2 -2 -1  0 -1  1 -2  0 -2],[ 1  1  1  1  1  1 -2  2  0]]","[[ 0  2  1  1  0  0  0 -1 -3],[-2  0  1 -1  0 -1 -2 -2 -2],[-1 -1  0 -1  0 -1 -1 -1  0],[-1  1  1  0  0 -1 -1 -1 -3],[ 0  0  0  0  0  1  1 -1 -1],[ 0  1  1  1 -1  0  0 -1 -2],[ 0  2  1  1 -1  0  0 -1 -3],[ 1  2  1  1  1  1  1  0 -2],[ 3  2  0  3  1  2  3  2  0]]",True,"[-2,-1,-1,0,0,0,1,3,-1,1,0,1,2,2,2,1,0,1,1,1,0,0,1,1,1,3,-1,-1,1,1,0,1,2,1,3,2]","[-3,-1,0,0,0,1,1,2,0,0,1,2,1,4,3,0,0,0,1,1,1,0,1,0,0,0,1,0,0,1,1,1,2,-1,0,2]",t^8+54t^6+184t^4+80t^2+4,"[-3,-1,0,0,0,1,1,2,0,0,1,2,1,4,3,0,0,0,1,1,1,0,1,0,0,0,1,0,0,1,1,1,2,-1,0,2]","[-2,-1,-1,0,0,0,1,3,0,2,0,1,2,1,3,1,0,0,1,1,1,0,0,1,1,4,0,-1,0,0,-1,0,1,0,2,0]","[-3,-1,0,0,0,1,1,2,2,1,2,3,0,3,2,1,1,1,1,1,2,1,1,0,0,0,0,1,1,1,1,1,2,-1,-1,1]",c,"[[{8, 1}, {2, 7}, {3, 6}, {4, 5}], [{8, 1}, {2, 7}, {4, 6}, {3, 5}], [{8, 1}, {2, 7}, {5, 6}, {3, 4}], [{8, 1}, {2, 7}, {5, 6}, {4}, {3}], [{8, 1}, {3, 7}, {2, 6}, {4, 5}], [{8, 1}, {3, 7}, {4, 6}, {2, 5}], [{8, 1}, {3, 7}, {5, 6}, {2, 4}], [{8, 1}, {4, 7}, {2, 6}, {3, 5}], [{8, 1}, {4, 7}, {2, 6}, {5}, {3}], [{8, 1}, {4, 7}, {3, 6}, {2, 5}], [{8, 1}, {4, 7}, {5, 6}, {2, 3}], [{8, 1}, {4, 7}, {6}, {3, 5}, {2}], [{8, 1}, {5, 7}, {2, 6}, {3, 4}], [{8, 1}, {5, 7}, {2, 6}, {4}, {3}], [{8, 1}, {5, 7}, {3, 6}, {2, 4}], [{8, 1}, {5, 7}, {4, 6}, {2, 3}], [{8, 1}, {5, 7}, {4, 6}, {3}, {2}], [{8, 1}, {5, 7}, {6}, {2, 4}, {3}], [{8, 1}, {6, 7}, {2, 5}, {3, 4}], [{8, 1}, {6, 7}, {2, 5}, {4}, {3}], [{8, 1}, {6, 7}, {3, 5}, {2, 4}], [{8, 1}, {6, 7}, {4, 5}, {2, 3}], [{8, 1}, {6, 7}, {5}, {3, 4}, {2}], [{8, 1}, {7}, {2, 6}, {4, 5}, {3}], [{8, 1}, {7}, {4, 6}, {5}, {2, 3}], [{8, 2}, {1, 7}, {3, 6}, {4, 5}], [{8, 2}, {1, 7}, {3, 6}, {5}, {4}], [{8, 2}, {1, 7}, {4, 6}, {3, 5}], [{8, 2}, {1, 7}, {5, 6}, {3, 4}], [{8, 2}, {1, 7}, {5, 6}, {4}, {3}], [{8, 2}, {1, 7}, {6}, {3, 5}, {4}], [{8, 2}, {3, 7}, {1, 6}, {4, 5}], [{8, 2}, {3, 7}, {4, 6}, {1, 5}], [{8, 2}, {3, 7}, {5, 6}, {1, 4}], [{8, 2}, {3, 7}, {5, 6}, {4}, {1}], [{8, 2}, {4, 7}, {1, 6}, {3, 5}], [{8, 2}, {4, 7}, {1, 6}, {5}, {3}], [{8, 2}, {4, 7}, {3, 6}, {1, 5}], [{8, 2}, {4, 7}, {5, 6}, {1, 3}], [{8, 2}, {5, 7}, {1, 6}, {3, 4}], [{8, 2}, {5, 7}, {1, 6}, {4}, {3}], [{8, 2}, {5, 7}, {3, 6}, {1, 4}], [{8, 2}, {5, 7}, {4, 6}, {1, 3}], [{8, 2}, {5, 7}, {4, 6}, {3}, {1}], [{8, 2}, {5, 7}, {6}, {1, 4}, {3}], [{8, 2}, {6, 7}, {1, 5}, {3, 4}], [{8, 2}, {6, 7}, {1, 5}, {4}, {3}], [{8, 2}, {6, 7}, {3, 5}, {1, 4}], [{8, 2}, {6, 7}, {4, 5}, {1, 3}], [{8, 2}, {6, 7}, {5}, {3, 4}, {1}], [{8, 2}, {7}, {1, 6}, {4, 5}, {3}], [{8, 2}, {7}, {5, 6}, {4}, {1, 3}], [{8, 3}, {1, 7}, {2, 6}, {4, 5}], [{8, 3}, {1, 7}, {4, 6}, {2, 5}], [{8, 3}, {1, 7}, {5, 6}, {2, 4}], [{8, 3}, {1, 7}, {6}, {5}, {2, 4}], [{8, 3}, {2, 7}, {1, 6}, {4, 5}], [{8, 3}, {2, 7}, {4, 6}, {1, 5}], [{8, 3}, {2, 7}, {5, 6}, {1, 4}], [{8, 3}, {2, 7}, {6}, {5}, {1, 4}], [{8, 3}, {4, 7}, {1, 6}, {2, 5}], [{8, 3}, {4, 7}, {2, 6}, {1, 5}], [{8, 3}, {4, 7}, {5, 6}, {1, 2}], [{8, 3}, {5, 7}, {1, 6}, {2, 4}], [{8, 3}, {5, 7}, {2, 6}, {1, 4}], [{8, 3}, {5, 7}, {4, 6}, {1, 2}], [{8, 3}, {6, 7}, {1, 5}, {2, 4}], [{8, 3}, {6, 7}, {1, 5}, {4}, {2}], [{8, 3}, {6, 7}, {2, 5}, {1, 4}], [{8, 3}, {6, 7}, {2, 5}, {4}, {1}], [{8, 3}, {6, 7}, {4, 5}, {1, 2}], [{8, 3}, {6, 7}, {4, 5}, {2}, {1}], [{8, 3}, {6, 7}, {5}, {1, 4}, {2}], [{8, 3}, {6, 7}, {5}, {2, 4}, {1}], [{8, 3}, {6, 7}, {5}, {4}, {1, 2}], [{8, 3}, {6, 7}, {5}, {4}, {2}, {1}], [{8, 3}, {7}, {1, 6}, {5}, {2, 4}], [{8, 3}, {7}, {2, 6}, {5}, {1, 4}], [{8, 4}, {1, 7}, {2, 6}, {3, 5}], [{8, 4}, {1, 7}, {3, 6}, {2, 5}], [{8, 4}, {1, 7}, {5, 6}, {2, 3}], [{8, 4}, {1, 7}, {5, 6}, {3}, {2}], [{8, 4}, {2, 7}, {1, 6}, {3, 5}], [{8, 4}, {2, 7}, {3, 6}, {1, 5}], [{8, 4}, {2, 7}, {5, 6}, {1, 3}], [{8, 4}, {2, 7}, {5, 6}, {3}, {1}], [{8, 4}, {3, 7}, {1, 6}, {2, 5}], [{8, 4}, {3, 7}, {2, 6}, {1, 5}], [{8, 4}, {3, 7}, {5, 6}, {1, 2}], [{8, 4}, {3, 7}, {5, 6}, {2}, {1}], [{8, 4}, {5, 7}, {1, 6}, {2, 3}], [{8, 4}, {5, 7}, {1, 6}, {3}, {2}], [{8, 4}, {5, 7}, {2, 6}, {1, 3}], [{8, 4}, {5, 7}, {2, 6}, {3}, {1}], [{8, 4}, {5, 7}, {3, 6}, {1, 2}], [{8, 4}, {5, 7}, {3, 6}, {2}, {1}], [{8, 4}, {5, 7}, {6}, {1, 3}, {2}], [{8, 4}, {5, 7}, {6}, {2, 3}, {1}], [{8, 4}, {5, 7}, {6}, {3}, {1, 2}], [{8, 4}, {5, 7}, {6}, {3}, {2}, {1}], [{8, 4}, {6, 7}, {1, 5}, {2, 3}], [{8, 4}, {6, 7}, {1, 5}, {3}, {2}], [{8, 4}, {6, 7}, {2, 5}, {1, 3}], [{8, 4}, {6, 7}, {2, 5}, {3}, {1}], [{8, 4}, {6, 7}, {3, 5}, {1, 2}], [{8, 4}, {6, 7}, {3, 5}, {2}, {1}], [{8, 4}, {6, 7}, {5}, {1, 3}, {2}], [{8, 4}, {6, 7}, {5}, {2, 3}, {1}], [{8, 4}, {6, 7}, {5}, {3}, {1, 2}], [{8, 4}, {6, 7}, {5}, {3}, {2}, {1}], [{8, 4}, {7}, {5, 6}, {1, 3}, {2}], [{8, 4}, {7}, {5, 6}, {2, 3}, {1}], [{8, 4}, {7}, {5, 6}, {3}, {1, 2}], [{8, 4}, {7}, {5, 6}, {3}, {2}, {1}], [{8, 5}, {1, 7}, {2, 6}, {3, 4}], [{8, 5}, {1, 7}, {2, 6}, {4}, {3}], [{8, 5}, {1, 7}, {3, 6}, {2, 4}], [{8, 5}, {1, 7}, {4, 6}, {2, 3}], [{8, 5}, {2, 7}, {1, 6}, {3, 4}], [{8, 5}, {2, 7}, {1, 6}, {4}, {3}], [{8, 5}, {2, 7}, {3, 6}, {1, 4}], [{8, 5}, {2, 7}, {4, 6}, {1, 3}], [{8, 5}, {3, 7}, {1, 6}, {2, 4}], [{8, 5}, {3, 7}, {2, 6}, {1, 4}], [{8, 5}, {3, 7}, {4, 6}, {1, 2}], [{8, 5}, {3, 7}, {4, 6}, {2}, {1}], [{8, 5}, {4, 7}, {1, 6}, {2, 3}], [{8, 5}, {4, 7}, {2, 6}, {1, 3}], [{8, 5}, {4, 7}, {3, 6}, {1, 2}], [{8, 5}, {4, 7}, {3, 6}, {2}, {1}], [{8, 5}, {6, 7}, {1, 4}, {2, 3}], [{8, 5}, {6, 7}, {2, 4}, {1, 3}], [{8, 5}, {6, 7}, {3, 4}, {1, 2}], [{8, 5}, {6, 7}, {3, 4}, {2}, {1}], [{8, 6}, {1, 7}, {2, 5}, {3, 4}], [{8, 6}, {1, 7}, {3, 5}, {2, 4}], [{8, 6}, {1, 7}, {4, 5}, {2, 3}], [{8, 6}, {1, 7}, {5}, {4}, {2, 3}], [{8, 6}, {2, 7}, {1, 5}, {3, 4}], [{8, 6}, {2, 7}, {3, 5}, {1, 4}], [{8, 6}, {2, 7}, {4, 5}, {1, 3}], [{8, 6}, {3, 7}, {1, 5}, {2, 4}], [{8, 6}, {3, 7}, {2, 5}, {1, 4}], [{8, 6}, {3, 7}, {2, 5}, {4}, {1}], [{8, 6}, {3, 7}, {4, 5}, {1, 2}], [{8, 6}, {4, 7}, {1, 5}, {2, 3}], [{8, 6}, {4, 7}, {2, 5}, {1, 3}], [{8, 6}, {4, 7}, {3, 5}, {1, 2}], [{8, 6}, {5, 7}, {1, 4}, {2, 3}], [{8, 6}, {5, 7}, {1, 4}, {3}, {2}], [{8, 6}, {5, 7}, {2, 4}, {1, 3}], [{8, 6}, {5, 7}, {2, 4}, {3}, {1}], [{8, 6}, {5, 7}, {3, 4}, {1, 2}], [{8, 6}, {5, 7}, {4}, {3}, {1, 2}], [{8, 7}, {1, 6}, {2, 5}, {3, 4}], [{8, 7}, {1, 6}, {2, 5}, {4}, {3}], [{8, 7}, {1, 6}, {3, 5}, {2, 4}], [{8, 7}, {1, 6}, {4, 5}, {2, 3}], [{8, 7}, {2, 6}, {1, 5}, {3, 4}], [{8, 7}, {2, 6}, {1, 5}, {4}, {3}], [{8, 7}, {2, 6}, {3, 5}, {1, 4}], [{8, 7}, {2, 6}, {3, 5}, {4}, {1}], [{8, 7}, {2, 6}, {4, 5}, {1, 3}], [{8, 7}, {2, 6}, {5}, {4}, {1, 3}], [{8, 7}, {3, 6}, {1, 5}, {2, 4}], [{8, 7}, {3, 6}, {2, 5}, {1, 4}], [{8, 7}, {3, 6}, {4, 5}, {1, 2}], [{8, 7}, {3, 6}, {5}, {2, 4}, {1}], [{8, 7}, {4, 6}, {1, 5}, {2, 3}], [{8, 7}, {4, 6}, {2, 5}, {1, 3}], [{8, 7}, {4, 6}, {3, 5}, {1, 2}], [{8, 7}, {5, 6}, {1, 4}, {2, 3}], [{8, 7}, {5, 6}, {2, 4}, {1, 3}], [{8, 7}, {5, 6}, {3, 4}, {1, 2}], [{8, 7}, {5, 6}, {4}, {2, 3}, {1}], [{8, 7}, {6}, {3, 5}, {1, 4}, {2}], [{8}, {1, 7}, {4, 6}, {3, 5}, {2}], [{8}, {1, 7}, {5, 6}, {2, 4}, {3}], [{8}, {1, 7}, {6}, {2, 5}, {3, 4}], [{8}, {2, 7}, {3, 6}, {4, 5}, {1}], [{8}, {2, 7}, {4, 6}, {3, 5}, {1}], [{8}, {2, 7}, {5, 6}, {1, 4}, {3}], [{8}, {3, 7}, {1, 6}, {4, 5}, {2}], [{8}, {3, 7}, {4, 6}, {5}, {1, 2}], [{8}, {3, 7}, {5, 6}, {2, 4}, {1}], [{8}, {4, 7}, {5, 6}, {2, 3}, {1}], [{8}, {4, 7}, {6}, {2, 5}, {1, 3}], [{8}, {5, 7}, {1, 6}, {2, 4}, {3}], [{8}, {5, 7}, {2, 6}, {1, 4}, {3}], [{8}, {5, 7}, {4, 6}, {3}, {1, 2}], [{8}, {6, 7}, {1, 5}, {2, 4}, {3}], [{8}, {6, 7}, {1, 5}, {3, 4}, {2}], [{8}, {6, 7}, {1, 5}, {4}, {2, 3}], [{8}, {6, 7}, {2, 5}, {1, 4}, {3}], [{8}, {6, 7}, {2, 5}, {3, 4}, {1}], [{8}, {6, 7}, {2, 5}, {4}, {1, 3}], [{8}, {6, 7}, {5}, {3, 4}, {1, 2}], [{8}, {6, 7}, {5}, {3, 4}, {2}, {1}], [{8}, {7}, {1, 6}, {2, 5}, {3, 4}], [{8}, {7}, {4, 6}, {2, 5}, {1, 3}], [{8}, {7}, {4, 6}, {3, 5}, {1, 2}], [{8}, {7}, {5, 6}, {2, 4}, {1, 3}]]",2,4 K_1^3 - 2 K_1^2 - 6 K_1 K_2 + K_2 + 2 K_3 + 2,O1O2O3U4O5U3U2O6U7U6O4U1U5O8O7U8,O1O2U3O4O5U4O6O7U1O3U7U6U2O8U5U8,O1O2U3O4O3U5O6O7U8U4O8U6U2U1O5U7,c,{'O1O2O3U4O5O4U6U3O7U8U5O8U2U1O6U7'},1,"<a href=""/flatknot/8.975979"">8.975979</a>",t^9-58t^7-190t^6-139t^5-12t^4-186t^3-150t^2+36t+6,t^3-t^2-t,,
8.975980,O1O2O3U4O5O4U6U5O7U1U2O8U3U7O6U8,4,z^3+26z^2+92z+89,w^4z^3+26w^3z^2+92w^2z+89w,False,False,"[[ 0 -2  0  1  1  0 -3  2  1],[ 2  0  1  2  3 -1 -2  3  1],[ 0 -1  0  1  1 -1 -3  2  1],[-1 -2 -1  0  0 -1 -3  1  1],[-1 -3 -1  0  0  0 -3  2  1],[ 0  1  1  1  0  0  0  0 -1],[ 3  2  3  3  3  0  0  2  0],[-2 -3 -2 -1 -2  0 -2  0  1],[-1 -1 -1 -1 -1  1  0 -1  0]]","[[ 0  2  1  1  1  0  0 -2 -3],[-2  0  1 -1 -2  0 -2 -3 -2],[-1 -1  0 -1 -1  1 -1 -1  0],[-1  1  1  0  0 -1 -1 -2 -3],[-1  2  1  0  0  0 -1 -3 -3],[ 0  0 -1  1  0  0  1  1  0],[ 0  2  1  1  1 -1  0 -1 -3],[ 2  3  1  2  3 -1  1  0 -2],[ 3  2  0  3  3  0  3  2  0]]",True,"[-2,-1,-1,-1,0,0,2,3,-1,1,2,0,2,3,2,1,1,-1,1,1,0,0,1,1,2,3,0,1,3,3,-1,-1,0,1,3,2]","[-3,-2,0,0,1,1,1,2,-1,0,3,1,1,4,3,1,3,0,1,2,1,1,0,0,0,0,1,0,2,2,0,-1,-1,-1,0,2]",t^8+78t^6+205t^4+79t^2+4,"[-3,-2,0,0,1,1,1,2,-1,0,3,1,1,4,3,1,3,0,1,2,1,1,0,0,0,0,1,0,2,2,0,-1,-1,-1,0,2]","[-2,-1,-1,-1,0,0,2,3,-1,0,2,0,2,1,3,0,1,0,1,0,1,1,0,0,1,1,0,2,2,4,-1,1,0,3,3,-1]","[-3,-2,0,0,1,1,1,2,2,0,3,0,3,3,2,-1,1,1,2,3,3,1,-1,1,0,0,1,1,1,2,-1,-1,-1,0,1,2]",c,"[[{8, 3}, {2, 7}, {4, 6}, {1, 5}], [{8, 3}, {7}, {4, 6}, {1, 5}, {2}], [{8, 6}, {2, 7}, {1, 5}, {3, 4}], [{8, 6}, {7}, {1, 5}, {3, 4}, {2}]]",1,4 K_1^3 - 12 K_1^2 - 2 K_1 K_2 - 2 K_1 + 6 K_2 + 7,O1O2O3U4O5U6U1O4U2U3O6U7U5O8O7U8,O1O2U3O4O5U6O7O3U1O6U4U5U7O8U2U8,O1O2U3O4O5U1O6O7U8U6O8U2U4U5O3U7,c,{'O1O2O3U4O5O4U6U5O7U1U2O8U3U7O6U8'},1,"<a href=""/flatknot/8.975980"">8.975980</a>",t^9-84t^7-324t^6-79t^5+802t^4+707t^3-132t^2-234t+48,t^3-3t,,
8.975981,O1O2O3U4O5O4U6U5O7U1U2O8U7U3O6U8,4,8z^3+48z^2+109z+91,8w^4z^3+48w^3z^2+109w^2z+91w,False,False,"[[ 0 -2  0  2  1  0 -3  1  1],[ 2  0  1  3  3 -1 -2  2  1],[ 0 -1  0  2  1 -1 -3  1  1],[-2 -3 -2  0 -1 -1 -3  0  1],[-1 -3 -1  1  0  0 -3  1  1],[ 0  1  1  1  0  0  0  0 -1],[ 3  2  3  3  3  0  0  1  0],[-1 -2 -1  0 -1  0 -1  0  1],[-1 -1 -1 -1 -1  1  0 -1  0]]","[[ 0  2  1  1  1  0  0 -2 -3],[-2  0  1  0 -1 -1 -2 -3 -3],[-1 -1  0 -1 -1  1 -1 -1  0],[-1  0  1  0 -1  0 -1 -2 -1],[-1  1  1  1  0  0 -1 -3 -3],[ 0  1 -1  0  0  0  1  1  0],[ 0  2  1  1  1 -1  0 -1 -3],[ 2  3  1  2  3 -1  1  0 -2],[ 3  3  0  1  3  0  3  2  0]]",True,"[-2,-1,-1,-1,0,0,2,3,-1,0,1,1,2,3,3,1,1,-1,1,1,0,1,0,1,2,1,0,1,3,3,-1,-1,0,1,3,2]","[-3,-2,0,0,1,1,1,2,-1,0,3,1,3,4,2,1,3,0,1,2,1,1,0,0,0,0,1,1,2,1,-1,-1,0,-1,1,2]",t^8+72t^6+203t^4+106t^2+9,"[-3,-2,0,0,1,1,1,2,-1,0,3,1,3,4,2,1,3,0,1,2,1,1,0,0,0,0,1,1,2,1,-1,-1,0,-1,1,2]","[-2,-1,-1,-1,0,0,2,3,0,1,2,0,1,1,2,1,1,0,1,0,1,1,0,1,1,3,0,2,2,4,-1,1,0,3,3,-1]","[-3,-2,0,0,1,1,1,2,2,0,3,0,1,3,3,-1,1,1,2,3,3,1,-1,0,0,1,1,1,1,2,-1,-1,-1,-1,0,1]",c,"[[{8, 1}, {2, 7}, {3, 6}, {4, 5}], [{8, 1}, {2, 7}, {4, 6}, {3, 5}], [{8, 1}, {2, 7}, {5, 6}, {3, 4}], [{8, 1}, {2, 7}, {5, 6}, {4}, {3}], [{8, 1}, {3, 7}, {2, 6}, {4, 5}], [{8, 1}, {3, 7}, {4, 6}, {2, 5}], [{8, 1}, {3, 7}, {5, 6}, {2, 4}], [{8, 1}, {4, 7}, {2, 6}, {3, 5}], [{8, 1}, {4, 7}, {2, 6}, {5}, {3}], [{8, 1}, {4, 7}, {3, 6}, {2, 5}], [{8, 1}, {4, 7}, {5, 6}, {2, 3}], [{8, 1}, {4, 7}, {6}, {3, 5}, {2}], [{8, 1}, {5, 7}, {2, 6}, {3, 4}], [{8, 1}, {5, 7}, {2, 6}, {4}, {3}], [{8, 1}, {5, 7}, {3, 6}, {2, 4}], [{8, 1}, {5, 7}, {4, 6}, {2, 3}], [{8, 1}, {6, 7}, {2, 5}, {3, 4}], [{8, 1}, {6, 7}, {3, 5}, {2, 4}], [{8, 1}, {6, 7}, {3, 5}, {4}, {2}], [{8, 1}, {6, 7}, {4, 5}, {2, 3}], [{8, 1}, {6, 7}, {5}, {2, 4}, {3}], [{8, 1}, {7}, {2, 6}, {4, 5}, {3}], [{8, 1}, {7}, {3, 6}, {2, 5}, {4}], [{8, 1}, {7}, {4, 6}, {2, 5}, {3}], [{8, 1}, {7}, {4, 6}, {3, 5}, {2}], [{8, 1}, {7}, {4, 6}, {5}, {2, 3}], [{8, 1}, {7}, {6}, {2, 5}, {3, 4}], [{8, 2}, {1, 7}, {3, 6}, {4, 5}], [{8, 2}, {1, 7}, {3, 6}, {5}, {4}], [{8, 2}, {1, 7}, {4, 6}, {3, 5}], [{8, 2}, {1, 7}, {4, 6}, {5}, {3}], [{8, 2}, {1, 7}, {5, 6}, {3, 4}], [{8, 2}, {1, 7}, {5, 6}, {4}, {3}], [{8, 2}, {1, 7}, {6}, {3, 5}, {4}], [{8, 2}, {1, 7}, {6}, {4, 5}, {3}], [{8, 2}, {1, 7}, {6}, {5}, {3, 4}], [{8, 2}, {1, 7}, {6}, {5}, {4}, {3}], [{8, 2}, {3, 7}, {1, 6}, {4, 5}], [{8, 2}, {3, 7}, {4, 6}, {1, 5}], [{8, 2}, {3, 7}, {5, 6}, {1, 4}], [{8, 2}, {3, 7}, {6}, {1, 5}, {4}], [{8, 2}, {4, 7}, {1, 6}, {3, 5}], [{8, 2}, {4, 7}, {3, 6}, {1, 5}], [{8, 2}, {4, 7}, {5, 6}, {1, 3}], [{8, 2}, {4, 7}, {5, 6}, {3}, {1}], [{8, 2}, {5, 7}, {1, 6}, {3, 4}], [{8, 2}, {5, 7}, {3, 6}, {1, 4}], [{8, 2}, {5, 7}, {4, 6}, {1, 3}], [{8, 2}, {5, 7}, {6}, {4}, {1, 3}], [{8, 2}, {6, 7}, {1, 5}, {3, 4}], [{8, 2}, {6, 7}, {3, 5}, {1, 4}], [{8, 2}, {6, 7}, {4, 5}, {1, 3}], [{8, 2}, {7}, {5, 6}, {1, 4}, {3}], [{8, 3}, {1, 7}, {2, 6}, {4, 5}], [{8, 3}, {1, 7}, {4, 6}, {2, 5}], [{8, 3}, {1, 7}, {5, 6}, {2, 4}], [{8, 3}, {1, 7}, {6}, {2, 5}, {4}], [{8, 3}, {2, 7}, {1, 6}, {4, 5}], [{8, 3}, {2, 7}, {4, 6}, {1, 5}], [{8, 3}, {2, 7}, {4, 6}, {5}, {1}], [{8, 3}, {2, 7}, {5, 6}, {1, 4}], [{8, 3}, {4, 7}, {1, 6}, {2, 5}], [{8, 3}, {4, 7}, {2, 6}, {1, 5}], [{8, 3}, {4, 7}, {5, 6}, {1, 2}], [{8, 3}, {4, 7}, {6}, {1, 5}, {2}], [{8, 3}, {5, 7}, {1, 6}, {2, 4}], [{8, 3}, {5, 7}, {2, 6}, {1, 4}], [{8, 3}, {5, 7}, {2, 6}, {4}, {1}], [{8, 3}, {5, 7}, {4, 6}, {1, 2}], [{8, 3}, {6, 7}, {1, 5}, {2, 4}], [{8, 3}, {6, 7}, {1, 5}, {4}, {2}], [{8, 3}, {6, 7}, {2, 5}, {1, 4}], [{8, 3}, {6, 7}, {4, 5}, {1, 2}], [{8, 3}, {7}, {4, 6}, {1, 5}, {2}], [{8, 4}, {1, 7}, {2, 6}, {3, 5}], [{8, 4}, {1, 7}, {3, 6}, {2, 5}], [{8, 4}, {1, 7}, {5, 6}, {2, 3}], [{8, 4}, {1, 7}, {6}, {3, 5}, {2}], [{8, 4}, {2, 7}, {1, 6}, {3, 5}], [{8, 4}, {2, 7}, {3, 6}, {1, 5}], [{8, 4}, {2, 7}, {5, 6}, {1, 3}], [{8, 4}, {3, 7}, {1, 6}, {2, 5}], [{8, 4}, {3, 7}, {2, 6}, {1, 5}], [{8, 4}, {3, 7}, {5, 6}, {1, 2}], [{8, 4}, {3, 7}, {6}, {1, 5}, {2}], [{8, 4}, {5, 7}, {1, 6}, {2, 3}], [{8, 4}, {5, 7}, {2, 6}, {1, 3}], [{8, 4}, {5, 7}, {2, 6}, {3}, {1}], [{8, 4}, {5, 7}, {3, 6}, {1, 2}], [{8, 4}, {5, 7}, {6}, {1, 3}, {2}], [{8, 4}, {6, 7}, {1, 5}, {2, 3}], [{8, 4}, {6, 7}, {1, 5}, {3}, {2}], [{8, 4}, {6, 7}, {2, 5}, {1, 3}], [{8, 4}, {6, 7}, {3, 5}, {1, 2}], [{8, 4}, {6, 7}, {3, 5}, {2}, {1}], [{8, 4}, {6, 7}, {5}, {1, 3}, {2}], [{8, 4}, {7}, {1, 6}, {3, 5}, {2}], [{8, 4}, {7}, {3, 6}, {1, 5}, {2}], [{8, 4}, {7}, {5, 6}, {1, 3}, {2}], [{8, 4}, {7}, {5, 6}, {2, 3}, {1}], [{8, 4}, {7}, {5, 6}, {3}, {1, 2}], [{8, 5}, {1, 7}, {2, 6}, {3, 4}], [{8, 5}, {1, 7}, {3, 6}, {2, 4}], [{8, 5}, {1, 7}, {4, 6}, {2, 3}], [{8, 5}, {1, 7}, {6}, {4}, {2, 3}], [{8, 5}, {2, 7}, {1, 6}, {3, 4}], [{8, 5}, {2, 7}, {3, 6}, {1, 4}], [{8, 5}, {2, 7}, {3, 6}, {4}, {1}], [{8, 5}, {2, 7}, {4, 6}, {1, 3}], [{8, 5}, {3, 7}, {1, 6}, {2, 4}], [{8, 5}, {3, 7}, {2, 6}, {1, 4}], [{8, 5}, {3, 7}, {4, 6}, {1, 2}], [{8, 5}, {4, 7}, {1, 6}, {2, 3}], [{8, 5}, {4, 7}, {2, 6}, {1, 3}], [{8, 5}, {4, 7}, {3, 6}, {1, 2}], [{8, 5}, {4, 7}, {6}, {1, 3}, {2}], [{8, 5}, {6, 7}, {1, 4}, {2, 3}], [{8, 5}, {6, 7}, {2, 4}, {1, 3}], [{8, 5}, {6, 7}, {3, 4}, {1, 2}], [{8, 5}, {6, 7}, {4}, {1, 3}, {2}], [{8, 5}, {7}, {4, 6}, {1, 3}, {2}], [{8, 6}, {1, 7}, {2, 5}, {3, 4}], [{8, 6}, {1, 7}, {3, 5}, {2, 4}], [{8, 6}, {1, 7}, {3, 5}, {4}, {2}], [{8, 6}, {1, 7}, {4, 5}, {2, 3}], [{8, 6}, {2, 7}, {1, 5}, {3, 4}], [{8, 6}, {2, 7}, {1, 5}, {4}, {3}], [{8, 6}, {2, 7}, {3, 5}, {1, 4}], [{8, 6}, {2, 7}, {3, 5}, {4}, {1}], [{8, 6}, {2, 7}, {4, 5}, {1, 3}], [{8, 6}, {2, 7}, {5}, {4}, {1, 3}], [{8, 6}, {3, 7}, {1, 5}, {2, 4}], [{8, 6}, {3, 7}, {1, 5}, {4}, {2}], [{8, 6}, {3, 7}, {2, 5}, {1, 4}], [{8, 6}, {3, 7}, {4, 5}, {1, 2}], [{8, 6}, {4, 7}, {1, 5}, {2, 3}], [{8, 6}, {4, 7}, {1, 5}, {3}, {2}], [{8, 6}, {4, 7}, {2, 5}, {1, 3}], [{8, 6}, {4, 7}, {3, 5}, {1, 2}], [{8, 6}, {4, 7}, {3, 5}, {2}, {1}], [{8, 6}, {4, 7}, {5}, {1, 3}, {2}], [{8, 6}, {5, 7}, {1, 4}, {2, 3}], [{8, 6}, {5, 7}, {2, 4}, {1, 3}], [{8, 6}, {5, 7}, {3, 4}, {1, 2}], [{8, 6}, {5, 7}, {4}, {1, 3}, {2}], [{8, 6}, {7}, {1, 5}, {2, 4}, {3}], [{8, 6}, {7}, {1, 5}, {3, 4}, {2}], [{8, 6}, {7}, {1, 5}, {4}, {2, 3}], [{8, 6}, {7}, {1, 5}, {4}, {3}, {2}], [{8, 6}, {7}, {2, 5}, {4}, {1, 3}], [{8, 6}, {7}, {3, 5}, {1, 4}, {2}], [{8, 6}, {7}, {3, 5}, {2, 4}, {1}], [{8, 6}, {7}, {3, 5}, {4}, {1, 2}], [{8, 6}, {7}, {3, 5}, {4}, {2}, {1}], [{8, 6}, {7}, {4, 5}, {1, 3}, {2}], [{8, 6}, {7}, {5}, {2, 4}, {1, 3}], [{8, 6}, {7}, {5}, {4}, {1, 3}, {2}], [{8, 7}, {1, 6}, {2, 5}, {3, 4}], [{8, 7}, {1, 6}, {3, 5}, {2, 4}], [{8, 7}, {1, 6}, {3, 5}, {4}, {2}], [{8, 7}, {1, 6}, {4, 5}, {2, 3}], [{8, 7}, {2, 6}, {1, 5}, {3, 4}], [{8, 7}, {2, 6}, {3, 5}, {1, 4}], [{8, 7}, {2, 6}, {4, 5}, {1, 3}], [{8, 7}, {3, 6}, {1, 5}, {2, 4}], [{8, 7}, {3, 6}, {1, 5}, {4}, {2}], [{8, 7}, {3, 6}, {2, 5}, {1, 4}], [{8, 7}, {3, 6}, {4, 5}, {1, 2}], [{8, 7}, {4, 6}, {1, 5}, {2, 3}], [{8, 7}, {4, 6}, {1, 5}, {3}, {2}], [{8, 7}, {4, 6}, {2, 5}, {1, 3}], [{8, 7}, {4, 6}, {3, 5}, {1, 2}], [{8, 7}, {4, 6}, {3, 5}, {2}, {1}], [{8, 7}, {4, 6}, {5}, {1, 3}, {2}], [{8, 7}, {5, 6}, {1, 4}, {2, 3}], [{8, 7}, {5, 6}, {2, 4}, {1, 3}], [{8, 7}, {5, 6}, {3, 4}, {1, 2}], [{8, 7}, {5, 6}, {4}, {1, 3}, {2}], [{8, 7}, {6}, {1, 5}, {3, 4}, {2}], [{8, 7}, {6}, {3, 5}, {1, 4}, {2}], [{8, 7}, {6}, {4, 5}, {1, 3}, {2}], [{8}, {1, 7}, {2, 6}, {3, 5}, {4}], [{8}, {1, 7}, {4, 6}, {3, 5}, {2}], [{8}, {1, 7}, {6}, {3, 5}, {2, 4}], [{8}, {1, 7}, {6}, {3, 5}, {4}, {2}], [{8}, {2, 7}, {3, 6}, {5}, {1, 4}], [{8}, {3, 7}, {1, 6}, {5}, {2, 4}], [{8}, {3, 7}, {2, 6}, {1, 5}, {4}], [{8}, {3, 7}, {4, 6}, {1, 5}, {2}], [{8}, {3, 7}, {4, 6}, {2, 5}, {1}], [{8}, {3, 7}, {4, 6}, {5}, {1, 2}], [{8}, {3, 7}, {5, 6}, {2, 4}, {1}], [{8}, {3, 7}, {6}, {1, 5}, {2, 4}], [{8}, {3, 7}, {6}, {1, 5}, {4}, {2}], [{8}, {4, 7}, {1, 6}, {3, 5}, {2}], [{8}, {4, 7}, {3, 6}, {1, 5}, {2}], [{8}, {4, 7}, {3, 6}, {2, 5}, {1}], [{8}, {4, 7}, {3, 6}, {5}, {1, 2}], [{8}, {4, 7}, {5, 6}, {1, 3}, {2}], [{8}, {5, 7}, {1, 6}, {4}, {2, 3}], [{8}, {5, 7}, {2, 6}, {1, 4}, {3}], [{8}, {5, 7}, {2, 6}, {3, 4}, {1}], [{8}, {5, 7}, {2, 6}, {4}, {1, 3}], [{8}, {5, 7}, {2, 6}, {4}, {3}, {1}], [{8}, {5, 7}, {3, 6}, {4}, {1, 2}], [{8}, {5, 7}, {4, 6}, {1, 3}, {2}], [{8}, {5, 7}, {6}, {2, 4}, {1, 3}], [{8}, {5, 7}, {6}, {4}, {1, 3}, {2}], [{8}, {6, 7}, {1, 5}, {3, 4}, {2}], [{8}, {6, 7}, {2, 5}, {1, 4}, {3}], [{8}, {6, 7}, {3, 5}, {1, 4}, {2}], [{8}, {6, 7}, {4, 5}, {1, 3}, {2}], [{8}, {6, 7}, {5}, {1, 4}, {2, 3}], [{8}, {7}, {3, 6}, {4, 5}, {1, 2}]]",2,8 K_1^3 - 12 K_1^2 - 10 K_1 K_2 - K_1 + 6 K_2 + 3 K_3 + 7,O1O2O3U4O5U1U6O4U2U3O6U7U5O8O7U8,O1O2U3O4O5U6O3O7U1O6U4U5U7O8U2U8,O1O2U3O4O5U2O6O7U8U6O8U1U4U5O3U7,c,{'O1O2O3U4O5O4U6U5O7U1U2O8U7U3O6U8'},1,"<a href=""/flatknot/8.975981"">8.975981</a>",t^9-78t^7-292t^6-47t^5+782t^4+731t^3-168t^2-396t-86,t^3-3t,,
8.975982,O1O2O3U4O5O4U6U5O7U1U3O8U2U7O6U8,4,2z^3+23z^2+94z+113,2w^4z^3+23w^3z^2+94w^2z+113w,False,False,"[[ 0 -2  0  1  1  0 -3  2  1],[ 2  0  2  1  3 -1 -2  3  1],[ 0 -2  0  0  1 -1 -3  2  1],[-1 -1  0  0  0 -1 -3  1  0],[-1 -3 -1  0  0  0 -3  2  1],[ 0  1  1  1  0  0  0  0 -1],[ 3  2  3  3  3  0  0  2  0],[-2 -3 -2 -1 -2  0 -2  0  1],[-1 -1 -1  0 -1  1  0 -1  0]]","[[ 0  2  1  1  1  0  0 -2 -3],[-2  0  1 -1 -2  0 -2 -3 -2],[-1 -1  0  0 -1  1 -1 -1  0],[-1  1  0  0  0 -1  0 -1 -3],[-1  2  1  0  0  0 -1 -3 -3],[ 0  0 -1  1  0  0  1  1  0],[ 0  2  1  0  1 -1  0 -2 -3],[ 2  3  1  1  3 -1  2  0 -2],[ 3  2  0  3  3  0  3  2  0]]",True,"[-2,-1,-1,-1,0,0,2,3,-1,1,2,0,2,3,2,0,1,-1,1,1,0,0,1,0,1,3,0,1,3,3,-1,-1,0,2,3,2]","[-3,-2,0,0,1,1,1,2,-1,0,3,1,1,4,3,0,3,0,2,2,1,1,0,1,0,0,1,0,2,2,0,-1,-1,0,0,2]",t^8+76t^6+294t^4+95t^2+4,"[-3,-2,0,0,1,1,1,2,-1,0,3,1,1,4,3,0,3,0,2,2,1,1,0,1,0,0,1,0,2,2,0,-1,-1,0,0,2]","[-2,-1,-1,-1,0,0,2,3,-1,0,2,0,2,1,3,0,1,0,1,0,1,0,1,0,2,1,0,2,2,4,-1,0,0,3,3,-1]","[-3,-2,0,0,1,1,1,2,2,0,3,0,3,3,2,-1,2,1,1,3,3,1,-1,1,0,0,1,0,1,2,0,-1,-1,0,1,2]",c,"[[{8, 1}, {6, 7}, {2, 5}, {3, 4}]]",1,4 K_1^3 - 16 K_1^2 - 6 K_1 K_2 + 8 K_2 + 2 K_3 + 9,O1O2O3U4O5U6U2O4U1U3O6U7U5O8O7U8,O1O2U3O4O5U6O7O3U1O6U4U7U5O8U2U8,O1O2U3O4O5U1O6O7U8U6O8U4U2U5O3U7,c,{'O1O2O3U4O5O4U6U5O7U1U3O8U2U7O6U8'},1,"<a href=""/flatknot/8.975982"">8.975982</a>",t^9-82t^7-302t^6-46t^5+812t^4+1023t^3+380t^2-733t-838,t^3-3t,,
8.975983,O1O2O3U4O5O4U6U5O7U1U3O8U7U2O6U8,4,22z^2+99z+111,22w^3z^2+99w^2z+111w,False,False,"[[ 0 -2  1  1  1  0 -3  1  1],[ 2  0  3  1  3 -1 -2  2  1],[-1 -3  0 -1  0 -1 -3  1  1],[-1 -1  1  0  0 -1 -3  1  0],[-1 -3  0  0  0  0 -3  1  1],[ 0  1  1  1  0  0  0  0 -1],[ 3  2  3  3  3  0  0  1  0],[-1 -2 -1 -1 -1  0 -1  0  1],[-1 -1 -1  0 -1  1  0 -1  0]]","[[ 0  1  1  1  1  1  0 -2 -3],[-1  0  1  1  0  0  0 -3 -3],[-1 -1  0  1 -1 -1  0 -2 -1],[-1 -1 -1  0  0 -1  1 -1  0],[-1  0  1  0  0  1 -1 -1 -3],[-1  0  1  1 -1  0 -1 -3 -3],[ 0  0  0 -1  1  1  0  1  0],[ 2  3  2  1  1  3 -1  0 -2],[ 3  3  1  0  3  3  0  2  0]]",True,"[-1,-1,-1,-1,-1,0,2,3,-1,-1,0,0,0,3,3,-1,1,1,0,2,1,0,1,-1,1,0,-1,1,1,3,1,3,3,-1,0,2]","[-3,-2,0,1,1,1,1,1,-1,3,1,1,1,3,4,3,0,0,2,1,2,0,1,0,1,2,0,1,-1,-1,0,-1,-1,-1,0,-1]",t^8+67t^6+262t^4+66t^2+4,"[-3,-2,0,1,1,1,1,1,-1,3,1,1,1,3,4,3,0,0,2,1,2,0,1,0,1,2,0,1,-1,-1,0,-1,-1,-1,0,-1]","[-1,-1,-1,-1,-1,0,2,3,-1,-1,-1,0,2,2,4,-1,-1,-1,1,1,3,0,-1,0,0,1,0,1,0,1,0,2,1,3,3,-1]","[-3,-2,0,1,1,1,1,1,2,0,0,1,3,3,3,-1,1,2,1,3,3,-1,0,1,0,1,-1,0,-1,-1,-1,-1,-1,0,1,0]",c,"[[{8, 2}, {4, 7}, {3, 6}, {1, 5}]]",1,8 K_1^3 - 10 K_1^2 - 10 K_1 K_2 - K_1 + 5 K_2 + 3 K_3 + 6,O1O2O3U4O5U2U6O4U1U3O6U7U5O8O7U8,O1O2U3O4O5U6O3O7U1O6U4U7U5O8U2U8,O1O2U3O4O5U2O6O7U8U6O8U4U1U5O3U7,c,{'O1O2O3U4O5O4U6U5O7U1U3O8U7U2O6U8'},1,"<a href=""/flatknot/8.975983"">8.975983</a>",t^9-75t^7-208t^6+217t^5+764t^4+172t^3-558t^2-459t-118,t^3+t^2-5t,,
8.975984,O1O2O3U4O5O4U6U5O7U1U3O8U7U8O6U2,4,14z^2+99z+143,14w^3z^2+99w^2z+143w,False,False,"[[ 0 -2  1  1  1  0 -3  1  1],[ 2  0  2  1  3 -1 -1  2  1],[-1 -2  0  0  0  0 -3  0  1],[-1 -1  0  0  0 -1 -3  1  1],[-1 -3  0  0  0  0 -3  1  1],[ 0  1  0  1  0  0  0  0  0],[ 3  1  3  3  3  0  0  2  0],[-1 -2  0 -1 -1  0 -2  0  1],[-1 -1 -1 -1 -1  0  0 -1  0]]","[[ 0  1  1  1  1  1  0 -2 -3],[-1  0  1  1  0  0  0 -3 -3],[-1 -1  0  1  0 -1  0 -2 -2],[-1 -1 -1  0 -1 -1  0 -1  0],[-1  0  0  1  0  0  0 -2 -3],[-1  0  1  1  0  0 -1 -1 -3],[ 0  0  0  0  0  1  0  1  0],[ 2  3  2  1  2  1 -1  0 -1],[ 3  3  2  0  3  3  0  1  0]]",True,"[-1,-1,-1,-1,-1,0,2,3,-1,-1,0,0,0,3,3,-1,0,1,0,2,2,1,1,0,1,0,0,0,2,3,1,1,3,-1,0,1]","[-3,-2,0,1,1,1,1,1,0,3,1,1,1,2,4,3,0,1,2,1,2,1,1,0,1,1,0,0,-1,-1,0,0,-1,-1,-1,-1]",t^8+59t^6+196t^4+111t^2+9,"[-3,-2,0,1,1,1,1,1,0,3,1,1,1,2,4,3,0,1,2,1,2,1,1,0,1,1,0,0,-1,-1,0,0,-1,-1,-1,-1]","[-1,-1,-1,-1,-1,0,2,3,-1,-1,-1,-1,1,2,4,-1,-1,0,1,1,2,0,0,0,2,1,0,1,0,1,1,1,1,3,3,0]","[-3,-2,0,1,1,1,1,1,1,0,0,2,3,3,3,-1,1,2,1,2,3,0,0,1,0,0,-1,-1,-1,-1,-1,0,-1,0,0,0]",c,"[[{8, 2}, {4, 7}, {3, 6}, {1, 5}]]",1,12 K_1^3 - 30 K_1^2 - 22 K_1 K_2 + 2 K_1 + 15 K_2 + 8 K_3 + 16,O1O2O3U2O4U5U6O5U1U3O6U7U4O8O7U8,O1O2U3O4O5U6O3O6U1O7U4U7U5O8U2U8,O1O2U1O3O4U2O5O6U7U5O7U3U8U4O8U6,c,{'O1O2O3U4O5O4U6U5O7U1U3O8U7U8O6U2'},1,"<a href=""/flatknot/8.975984"">8.975984</a>",t^9-67t^7-106t^6+221t^5+148t^4-184t^3+8t^2-19t+4,t^3+t^2-5t,,
8.975985,O1O2O3U4O5O4U6U5O7U1U7O8U2U3O6U8,4,9z^3+50z^2+108z+89,9w^4z^3+50w^3z^2+108w^2z+89w,False,False,"[[ 0 -2  0  2  1  0 -3  1  1],[ 2  0  2  3  3 -1 -2  1  1],[ 0 -2  0  1  1 -1 -2  0  1],[-2 -3 -1  0 -1 -1 -3  0  0],[-1 -3 -1  1  0  0 -3  1  1],[ 0  1  1  1  0  0  0  0 -1],[ 3  2  2  3  3  0  0  1  1],[-1 -1  0  0 -1  0 -1  0  0],[-1 -1 -1  0 -1  1 -1  0  0]]","[[ 0  2  1  1  1  0  0 -2 -3],[-2  0  0  0 -1 -1 -1 -3 -3],[-1  0  0  0 -1  1 -1 -1 -1],[-1  0  0  0 -1  0  0 -1 -1],[-1  1  1  1  0  0 -1 -3 -3],[ 0  1 -1  0  0  0  1  1  0],[ 0  1  1  0  1 -1  0 -2 -2],[ 2  3  1  1  3 -1  2  0 -2],[ 3  3  1  1  3  0  2  2  0]]",True,"[-2,-1,-1,-1,0,0,2,3,0,0,1,1,1,3,3,0,1,-1,1,1,1,1,0,0,1,1,0,1,3,3,-1,-1,0,2,2,2]","[-3,-2,0,0,1,1,1,2,-1,1,3,1,3,3,2,0,3,0,2,2,1,1,0,0,1,1,1,2,1,1,-1,-1,0,0,1,1]",t^8+62t^6+219t^4+73t^2+4,"[-3,-2,0,0,1,1,1,2,-1,1,3,1,3,3,2,0,3,0,2,2,1,1,0,0,1,1,1,2,1,1,-1,-1,0,0,1,1]","[-2,-1,-1,-1,0,0,2,3,0,1,1,1,1,1,2,1,1,0,1,0,1,0,0,2,2,3,1,1,2,3,-1,0,1,3,3,-1]","[-3,-2,0,0,1,1,1,2,2,0,2,1,1,3,3,-1,2,1,1,3,3,1,-1,0,0,1,1,0,1,1,0,-1,0,-1,0,1]",c,"[[{8, 7}, {3, 6}, {2, 5}, {1, 4}], [{8}, {7}, {3, 6}, {2, 5}, {1, 4}]]",1,4 K_1^3 - 8 K_1^2 - 2 K_1 K_2 - 2 K_1 + 4 K_2 + 5,O1O2O3U4O5U1U2O4U6U3O6U7U5O8O7U8,O1O2U3O4O3U5O6O7U1O5U4U6U7O8U2U8,O1O2U3O4O5U4O6O7U8U6O8U1U2U5O3U7,c,{'O1O2O3U4O5O4U6U5O7U1U7O8U2U3O6U8'},1,"<a href=""/flatknot/8.975985"">8.975985</a>",t^9-68t^7-248t^6-171t^5+336t^4+534t^3+234t^2-47t-38,t^3-3t,,
8.975986,O1O2O3U4O5O4U6U5O7U1U7O8U3U2O6U8,3,17z^2+82z+97,-2w^4z^2+19w^3z^2-4w^3z+86w^2z+97w,False,False,"[[ 0 -2  1  1  1  0 -3  1  1],[ 2  0  3  2  3 -1 -2  1  1],[-1 -3  0  0  0 -1 -3  0  1],[-1 -2  0  0  0 -1 -2  0  0],[-1 -3  0  0  0  0 -3  1  1],[ 0  1  1  1  0  0  0  0 -1],[ 3  2  3  2  3  0  0  1  1],[-1 -1  0  0 -1  0 -1  0  0],[-1 -1 -1  0 -1  1 -1  0  0]]","[[ 0  1  1  1  1  1  0 -2 -3],[-1  0  1  1  0  0  0 -3 -3],[-1 -1  0  0  0  0  0 -1 -1],[-1 -1  0  0  0 -1  1 -1 -1],[-1  0  0  0  0  0 -1 -2 -2],[-1  0  0  1  0  0 -1 -3 -3],[ 0  0  0 -1  1  1  0  1  0],[ 2  3  1  1  2  3 -1  0 -2],[ 3  3  1  1  2  3  0  2  0]]",True,"[-1,-1,-1,-1,-1,0,2,3,-1,-1,0,0,0,3,3,0,0,0,0,1,1,0,1,-1,1,1,0,1,2,2,1,3,3,-1,0,2]","[-3,-2,0,1,1,1,1,1,-1,3,1,1,2,3,3,3,0,0,1,2,2,0,1,0,1,2,0,0,0,-1,0,-1,-1,0,0,0]",t^8+59t^6+184t^4+56t^2,"[-3,-2,0,1,1,1,1,1,-1,3,1,1,2,3,3,3,0,0,1,2,2,0,1,0,1,2,0,0,0,-1,0,-1,-1,0,0,0]","[-1,-1,-1,-1,-1,0,2,3,-1,-1,0,0,2,2,3,0,0,0,0,0,1,0,1,1,0,1,0,0,1,2,1,2,3,3,3,-1]","[-3,-2,0,1,1,1,1,1,2,0,1,1,2,3,3,-1,1,1,2,3,3,-1,0,1,0,1,0,0,-1,-1,0,-1,0,0,0,0]",c,"[[{8, 1}, {3, 7}, {4, 6}, {2, 5}], [{8, 1}, {3, 7}, {6}, {2, 5}, {4}], [{8, 3}, {1, 7}, {4, 6}, {2, 5}], [{8, 3}, {1, 7}, {6}, {2, 5}, {4}], [{8, 6}, {2, 7}, {1, 5}, {3, 4}]]",1,- 6 K_1^2 - 2 K_1 K_2 + K_1 + 3 K_2 + K_3 + 4,O1O2O3U4O5U2U1O4U6U3O6U7U5O8O7U8,O1O2U3O4O3U5O6O7U1O5U4U7U6O8U2U8,O1O2U3O4O5U4O6O7U8U6O8U2U1U5O3U7,c,{'O1O2O3U4O5O4U6U5O7U1U7O8U3U2O6U8'},1,"<a href=""/flatknot/8.975986"">8.975986</a>",t^9-67t^7-164t^6+99t^5+412t^4+122t^3-178t^2-56t+16,t^3+t^2-5t,,
8.975987,O1O2O3U4O5O4U6U5O7U1U7O8U3U8O6U2,4,22z^2+99z+111,22w^3z^2+99w^2z+111w,False,False,"[[ 0 -2  1  1  1  0 -3  1  1],[ 2  0  2  2  3 -1 -1  1  1],[-1 -2  0  0  0  0 -3  0  1],[-1 -2  0  0  0 -1 -3  0  1],[-1 -3  0  0  0  0 -3  1  1],[ 0  1  0  1  0  0  0  0  0],[ 3  1  3  3  3  0  0  1  1],[-1 -1  0  0 -1  0 -1  0  0],[-1 -1 -1 -1 -1  0 -1  0  0]]","[[ 0  1  1  1  1  1  0 -2 -3],[-1  0  1  1  0  0  0 -3 -3],[-1 -1  0  0  0  0  0 -1 -1],[-1 -1  0  0 -1 -1  0 -1 -1],[-1  0  0  1  0  0  0 -2 -3],[-1  0  0  1  0  0 -1 -2 -3],[ 0  0  0  0  0  1  0  1  0],[ 2  3  1  1  2  2 -1  0 -1],[ 3  3  1  1  3  3  0  1  0]]",True,"[-1,-1,-1,-1,-1,0,2,3,-1,-1,0,0,0,3,3,0,0,0,0,1,1,1,1,0,1,1,0,0,2,3,1,2,3,-1,0,1]","[-3,-2,0,1,1,1,1,1,0,3,1,1,1,3,3,3,0,1,1,2,2,1,0,1,1,1,0,0,-1,-1,0,-1,0,-1,0,0]",t^8+55t^6+120t^4+47t^2+1,"[-3,-2,0,1,1,1,1,1,0,3,1,1,1,3,3,3,0,1,1,2,2,1,0,1,1,1,0,0,-1,-1,0,-1,0,-1,0,0]","[-1,-1,-1,-1,-1,0,2,3,-1,-1,-1,0,1,2,3,0,0,0,0,1,1,0,0,1,1,1,1,1,0,1,1,2,3,3,3,0]","[-3,-2,0,1,1,1,1,1,1,0,1,1,3,3,3,-1,1,1,2,2,3,0,0,0,1,0,0,-1,-1,-1,0,0,-1,0,0,0]",c,"[[{8, 1}, {2, 7}, {3, 6}, {4, 5}], [{8, 1}, {2, 7}, {4, 6}, {3, 5}], [{8, 1}, {2, 7}, {4, 6}, {5}, {3}], [{8, 1}, {2, 7}, {5, 6}, {3, 4}], [{8, 1}, {2, 7}, {5, 6}, {4}, {3}], [{8, 1}, {2, 7}, {6}, {4, 5}, {3}], [{8, 1}, {3, 7}, {2, 6}, {4, 5}], [{8, 1}, {3, 7}, {2, 6}, {5}, {4}], [{8, 1}, {3, 7}, {4, 6}, {2, 5}], [{8, 1}, {3, 7}, {5, 6}, {2, 4}], [{8, 1}, {4, 7}, {2, 6}, {3, 5}], [{8, 1}, {4, 7}, {3, 6}, {2, 5}], [{8, 1}, {4, 7}, {5, 6}, {2, 3}], [{8, 1}, {5, 7}, {2, 6}, {3, 4}], [{8, 1}, {5, 7}, {2, 6}, {4}, {3}], [{8, 1}, {5, 7}, {3, 6}, {2, 4}], [{8, 1}, {5, 7}, {4, 6}, {2, 3}], [{8, 1}, {6, 7}, {2, 5}, {3, 4}], [{8, 1}, {6, 7}, {3, 5}, {2, 4}], [{8, 1}, {6, 7}, {4, 5}, {2, 3}], [{8, 1}, {6, 7}, {5}, {2, 4}, {3}], [{8, 1}, {7}, {2, 6}, {3, 5}, {4}], [{8, 1}, {7}, {3, 6}, {2, 5}, {4}], [{8, 2}, {1, 7}, {3, 6}, {4, 5}], [{8, 2}, {1, 7}, {4, 6}, {3, 5}], [{8, 2}, {1, 7}, {4, 6}, {5}, {3}], [{8, 2}, {1, 7}, {5, 6}, {3, 4}], [{8, 2}, {1, 7}, {5, 6}, {4}, {3}], [{8, 2}, {1, 7}, {6}, {4, 5}, {3}], [{8, 2}, {3, 7}, {1, 6}, {4, 5}], [{8, 2}, {3, 7}, {4, 6}, {1, 5}], [{8, 2}, {3, 7}, {5, 6}, {1, 4}], [{8, 2}, {3, 7}, {5, 6}, {4}, {1}], [{8, 2}, {4, 7}, {1, 6}, {3, 5}], [{8, 2}, {4, 7}, {3, 6}, {1, 5}], [{8, 2}, {4, 7}, {5, 6}, {1, 3}], [{8, 2}, {4, 7}, {5, 6}, {3}, {1}], [{8, 2}, {5, 7}, {1, 6}, {3, 4}], [{8, 2}, {5, 7}, {3, 6}, {1, 4}], [{8, 2}, {5, 7}, {4, 6}, {1, 3}], [{8, 2}, {5, 7}, {6}, {1, 4}, {3}], [{8, 2}, {6, 7}, {1, 5}, {3, 4}], [{8, 2}, {6, 7}, {3, 5}, {1, 4}], [{8, 2}, {6, 7}, {4, 5}, {1, 3}], [{8, 2}, {6, 7}, {5}, {1, 4}, {3}], [{8, 2}, {7}, {5, 6}, {1, 4}, {3}], [{8, 2}, {7}, {5, 6}, {3, 4}, {1}], [{8, 2}, {7}, {5, 6}, {4}, {1, 3}], [{8, 2}, {7}, {5, 6}, {4}, {3}, {1}], [{8, 3}, {1, 7}, {2, 6}, {4, 5}], [{8, 3}, {1, 7}, {4, 6}, {2, 5}], [{8, 3}, {1, 7}, {5, 6}, {2, 4}], [{8, 3}, {1, 7}, {5, 6}, {4}, {2}], [{8, 3}, {2, 7}, {1, 6}, {4, 5}], [{8, 3}, {2, 7}, {4, 6}, {1, 5}], [{8, 3}, {2, 7}, {5, 6}, {1, 4}], [{8, 3}, {2, 7}, {6}, {4, 5}, {1}], [{8, 3}, {4, 7}, {1, 6}, {2, 5}], [{8, 3}, {4, 7}, {2, 6}, {1, 5}], [{8, 3}, {4, 7}, {5, 6}, {1, 2}], [{8, 3}, {4, 7}, {5, 6}, {2}, {1}], [{8, 3}, {5, 7}, {1, 6}, {2, 4}], [{8, 3}, {5, 7}, {2, 6}, {1, 4}], [{8, 3}, {5, 7}, {4, 6}, {1, 2}], [{8, 3}, {6, 7}, {1, 5}, {2, 4}], [{8, 3}, {6, 7}, {2, 5}, {1, 4}], [{8, 3}, {6, 7}, {4, 5}, {1, 2}], [{8, 3}, {7}, {4, 6}, {5}, {1, 2}], [{8, 3}, {7}, {5, 6}, {1, 4}, {2}], [{8, 3}, {7}, {6}, {1, 5}, {2, 4}], [{8, 4}, {1, 7}, {2, 6}, {3, 5}], [{8, 4}, {1, 7}, {2, 6}, {5}, {3}], [{8, 4}, {1, 7}, {3, 6}, {2, 5}], [{8, 4}, {1, 7}, {5, 6}, {2, 3}], [{8, 4}, {1, 7}, {5, 6}, {3}, {2}], [{8, 4}, {1, 7}, {6}, {2, 5}, {3}], [{8, 4}, {2, 7}, {1, 6}, {3, 5}], [{8, 4}, {2, 7}, {1, 6}, {5}, {3}], [{8, 4}, {2, 7}, {3, 6}, {1, 5}], [{8, 4}, {2, 7}, {3, 6}, {5}, {1}], [{8, 4}, {2, 7}, {5, 6}, {1, 3}], [{8, 4}, {2, 7}, {6}, {5}, {1, 3}], [{8, 4}, {3, 7}, {1, 6}, {2, 5}], [{8, 4}, {3, 7}, {2, 6}, {1, 5}], [{8, 4}, {3, 7}, {5, 6}, {1, 2}], [{8, 4}, {5, 7}, {1, 6}, {2, 3}], [{8, 4}, {5, 7}, {2, 6}, {1, 3}], [{8, 4}, {5, 7}, {2, 6}, {3}, {1}], [{8, 4}, {5, 7}, {3, 6}, {1, 2}], [{8, 4}, {6, 7}, {1, 5}, {2, 3}], [{8, 4}, {6, 7}, {2, 5}, {1, 3}], [{8, 4}, {6, 7}, {3, 5}, {1, 2}], [{8, 4}, {7}, {2, 6}, {1, 5}, {3}], [{8, 4}, {7}, {6}, {3, 5}, {1, 2}], [{8, 5}, {1, 7}, {2, 6}, {3, 4}], [{8, 5}, {1, 7}, {3, 6}, {2, 4}], [{8, 5}, {1, 7}, {3, 6}, {4}, {2}], [{8, 5}, {1, 7}, {4, 6}, {2, 3}], [{8, 5}, {2, 7}, {1, 6}, {3, 4}], [{8, 5}, {2, 7}, {1, 6}, {4}, {3}], [{8, 5}, {2, 7}, {3, 6}, {1, 4}], [{8, 5}, {2, 7}, {3, 6}, {4}, {1}], [{8, 5}, {2, 7}, {4, 6}, {1, 3}], [{8, 5}, {2, 7}, {6}, {4}, {1, 3}], [{8, 5}, {3, 7}, {1, 6}, {2, 4}], [{8, 5}, {3, 7}, {2, 6}, {1, 4}], [{8, 5}, {3, 7}, {2, 6}, {4}, {1}], [{8, 5}, {3, 7}, {4, 6}, {1, 2}], [{8, 5}, {4, 7}, {1, 6}, {2, 3}], [{8, 5}, {4, 7}, {2, 6}, {1, 3}], [{8, 5}, {4, 7}, {3, 6}, {1, 2}], [{8, 5}, {6, 7}, {1, 4}, {2, 3}], [{8, 5}, {6, 7}, {2, 4}, {1, 3}], [{8, 5}, {6, 7}, {2, 4}, {3}, {1}], [{8, 5}, {6, 7}, {3, 4}, {1, 2}], [{8, 5}, {7}, {3, 6}, {4}, {1, 2}], [{8, 5}, {7}, {4, 6}, {3}, {1, 2}], [{8, 5}, {7}, {6}, {3, 4}, {1, 2}], [{8, 6}, {1, 7}, {2, 5}, {3, 4}], [{8, 6}, {1, 7}, {3, 5}, {2, 4}], [{8, 6}, {1, 7}, {3, 5}, {4}, {2}], [{8, 6}, {1, 7}, {4, 5}, {2, 3}], [{8, 6}, {2, 7}, {1, 5}, {3, 4}], [{8, 6}, {2, 7}, {3, 5}, {1, 4}], [{8, 6}, {2, 7}, {3, 5}, {4}, {1}], [{8, 6}, {2, 7}, {4, 5}, {1, 3}], [{8, 6}, {2, 7}, {4, 5}, {3}, {1}], [{8, 6}, {2, 7}, {5}, {3, 4}, {1}], [{8, 6}, {3, 7}, {1, 5}, {2, 4}], [{8, 6}, {3, 7}, {2, 5}, {1, 4}], [{8, 6}, {3, 7}, {4, 5}, {1, 2}], [{8, 6}, {3, 7}, {4, 5}, {2}, {1}], [{8, 6}, {4, 7}, {1, 5}, {2, 3}], [{8, 6}, {4, 7}, {2, 5}, {1, 3}], [{8, 6}, {4, 7}, {3, 5}, {1, 2}], [{8, 6}, {5, 7}, {1, 4}, {2, 3}], [{8, 6}, {5, 7}, {1, 4}, {3}, {2}], [{8, 6}, {5, 7}, {2, 4}, {1, 3}], [{8, 6}, {5, 7}, {3, 4}, {1, 2}], [{8, 6}, {7}, {3, 5}, {4}, {1, 2}], [{8, 6}, {7}, {4, 5}, {2, 3}, {1}], [{8, 6}, {7}, {5}, {2, 4}, {1, 3}], [{8, 7}, {1, 6}, {2, 5}, {3, 4}], [{8, 7}, {1, 6}, {3, 5}, {2, 4}], [{8, 7}, {1, 6}, {4, 5}, {2, 3}], [{8, 7}, {2, 6}, {1, 5}, {3, 4}], [{8, 7}, {2, 6}, {3, 5}, {1, 4}], [{8, 7}, {2, 6}, {4, 5}, {1, 3}], [{8, 7}, {2, 6}, {5}, {3, 4}, {1}], [{8, 7}, {3, 6}, {1, 5}, {2, 4}], [{8, 7}, {3, 6}, {2, 5}, {1, 4}], [{8, 7}, {3, 6}, {4, 5}, {1, 2}], [{8, 7}, {3, 6}, {5}, {2, 4}, {1}], [{8, 7}, {4, 6}, {1, 5}, {2, 3}], [{8, 7}, {4, 6}, {1, 5}, {3}, {2}], [{8, 7}, {4, 6}, {2, 5}, {1, 3}], [{8, 7}, {4, 6}, {2, 5}, {3}, {1}], [{8, 7}, {4, 6}, {3, 5}, {1, 2}], [{8, 7}, {4, 6}, {3, 5}, {2}, {1}], [{8, 7}, {4, 6}, {5}, {1, 3}, {2}], [{8, 7}, {4, 6}, {5}, {2, 3}, {1}], [{8, 7}, {4, 6}, {5}, {3}, {1, 2}], [{8, 7}, {4, 6}, {5}, {3}, {2}, {1}], [{8, 7}, {5, 6}, {1, 4}, {2, 3}], [{8, 7}, {5, 6}, {2, 4}, {1, 3}], [{8, 7}, {5, 6}, {3, 4}, {1, 2}], [{8, 7}, {5, 6}, {4}, {3}, {1, 2}], [{8, 7}, {6}, {4, 5}, {3}, {1, 2}], [{8}, {1, 7}, {5, 6}, {2, 4}, {3}], [{8}, {1, 7}, {5, 6}, {3, 4}, {2}], [{8}, {1, 7}, {5, 6}, {4}, {2, 3}], [{8}, {1, 7}, {5, 6}, {4}, {3}, {2}], [{8}, {2, 7}, {1, 6}, {4, 5}, {3}], [{8}, {2, 7}, {3, 6}, {4, 5}, {1}], [{8}, {2, 7}, {6}, {4, 5}, {1, 3}], [{8}, {2, 7}, {6}, {4, 5}, {3}, {1}], [{8}, {3, 7}, {1, 6}, {2, 5}, {4}], [{8}, {3, 7}, {2, 6}, {1, 5}, {4}], [{8}, {3, 7}, {4, 6}, {5}, {1, 2}], [{8}, {4, 7}, {1, 6}, {2, 5}, {3}], [{8}, {4, 7}, {5, 6}, {2, 3}, {1}], [{8}, {5, 7}, {2, 6}, {1, 4}, {3}], [{8}, {5, 7}, {4, 6}, {3}, {1, 2}], [{8}, {6, 7}, {1, 5}, {2, 4}, {3}], [{8}, {6, 7}, {3, 5}, {1, 4}, {2}], [{8}, {7}, {1, 6}, {2, 5}, {3, 4}], [{8}, {7}, {1, 6}, {3, 5}, {2, 4}], [{8}, {7}, {4, 6}, {1, 5}, {2, 3}], [{8}, {7}, {4, 6}, {2, 5}, {1, 3}], [{8}, {7}, {4, 6}, {3, 5}, {1, 2}], [{8}, {7}, {4, 6}, {5}, {3}, {1, 2}], [{8}, {7}, {5, 6}, {1, 4}, {2, 3}]]",2,4 K_1^3 - 14 K_1^2 - 2 K_1 K_2 - 2 K_1 + 7 K_2 + 8,O1O2O3U2O4U5U1O5U6U3O6U7U4O8O7U8,O1O2U3O4O3U5O6O5U1O7U4U7U6O8U2U8,O1O2U1O3O4U3O5O6U7U5O7U2U8U4O8U6,c,{'O1O2O3U4O5O4U6U5O7U1U7O8U3U8O6U2'},1,"<a href=""/flatknot/8.975987"">8.975987</a>",t^9-63t^7-98t^6+109t^5+158t^4-40t^3-80t^2+8,t^3+t^2-5t,,
8.975988,O1O2O3U4O5O4U6U5O7U2U1O8U3U8O6U7,4,23z^2+100z+109,23w^3z^2+100w^2z+109w,False,False,"[[ 0 -1 -1  1  1  0 -3  2  1],[ 1  0  0  2  2 -1 -2  2  1],[ 1  0  0  1  2 -1 -1  1  1],[-1 -2 -1  0  0 -1 -3  1  1],[-1 -2 -2  0  0  0 -3  2  1],[ 0  1  1  1  0  0  0 -1  0],[ 3  2  1  3  3  0  0  2  1],[-2 -2 -1 -1 -2  1 -2  0  0],[-1 -1 -1 -1 -1  0 -1  0  0]]","[[ 0  2  1  1  1  0 -1 -1 -3],[-2  0  0 -1 -2  1 -1 -2 -2],[-1  0  0 -1 -1  0 -1 -1 -1],[-1  1  1  0  0 -1 -1 -2 -3],[-1  2  1  0  0  0 -2 -2 -3],[ 0 -1  0  1  0  0  1  1  0],[ 1  1  1  1  2 -1  0  0 -1],[ 1  2  1  2  2 -1  0  0 -2],[ 3  2  1  3  3  0  1  2  0]]",True,"[-2,-1,-1,-1,0,1,1,3,0,1,2,-1,1,2,2,1,1,0,1,1,1,0,1,1,2,3,0,2,2,3,-1,-1,0,0,1,2]","[-3,-1,-1,0,1,1,1,2,0,1,3,1,1,3,3,0,2,0,0,1,1,2,0,1,1,2,1,0,1,3,0,-1,-1,-1,0,1]",t^8+59t^6+186t^4+45t^2+1,"[-3,-1,-1,0,1,1,1,2,0,1,3,1,1,3,3,0,2,0,0,1,1,2,0,1,1,2,1,0,1,3,0,-1,-1,-1,0,1]","[-2,-1,-1,-1,0,1,1,3,-1,0,1,3,1,2,3,0,1,1,0,0,1,1,0,0,1,1,1,1,1,3,2,2,3,0,0,1]","[-3,-1,-1,0,1,1,1,2,1,2,0,1,3,3,2,0,-1,1,1,2,1,-1,1,2,2,2,0,1,0,-1,-1,-1,0,0,1,2]",c,"[[{8, 1}, {2, 7}, {3, 6}, {4, 5}], [{8, 1}, {2, 7}, {3, 6}, {5}, {4}], [{8, 1}, {2, 7}, {4, 6}, {3, 5}], [{8, 1}, {2, 7}, {4, 6}, {5}, {3}], [{8, 1}, {2, 7}, {5, 6}, {3, 4}], [{8, 1}, {2, 7}, {5, 6}, {4}, {3}], [{8, 1}, {2, 7}, {6}, {3, 5}, {4}], [{8, 1}, {2, 7}, {6}, {4, 5}, {3}], [{8, 1}, {2, 7}, {6}, {5}, {3, 4}], [{8, 1}, {2, 7}, {6}, {5}, {4}, {3}], [{8, 1}, {3, 7}, {2, 6}, {4, 5}], [{8, 1}, {3, 7}, {2, 6}, {5}, {4}], [{8, 1}, {3, 7}, {4, 6}, {2, 5}], [{8, 1}, {3, 7}, {4, 6}, {5}, {2}], [{8, 1}, {3, 7}, {5, 6}, {2, 4}], [{8, 1}, {3, 7}, {6}, {5}, {2, 4}], [{8, 1}, {4, 7}, {2, 6}, {3, 5}], [{8, 1}, {4, 7}, {2, 6}, {5}, {3}], [{8, 1}, {4, 7}, {3, 6}, {2, 5}], [{8, 1}, {4, 7}, {3, 6}, {5}, {2}], [{8, 1}, {4, 7}, {5, 6}, {2, 3}], [{8, 1}, {4, 7}, {6}, {5}, {2, 3}], [{8, 1}, {5, 7}, {2, 6}, {3, 4}], [{8, 1}, {5, 7}, {3, 6}, {2, 4}], [{8, 1}, {5, 7}, {4, 6}, {2, 3}], [{8, 1}, {5, 7}, {4, 6}, {3}, {2}], [{8, 1}, {6, 7}, {2, 5}, {3, 4}], [{8, 1}, {6, 7}, {3, 5}, {2, 4}], [{8, 1}, {6, 7}, {4, 5}, {2, 3}], [{8, 1}, {6, 7}, {5}, {2, 4}, {3}], [{8, 1}, {6, 7}, {5}, {3, 4}, {2}], [{8, 1}, {6, 7}, {5}, {4}, {2, 3}], [{8, 1}, {7}, {2, 6}, {5}, {3, 4}], [{8, 1}, {7}, {3, 6}, {5}, {2, 4}], [{8, 1}, {7}, {4, 6}, {2, 5}, {3}], [{8, 1}, {7}, {4, 6}, {3, 5}, {2}], [{8, 1}, {7}, {4, 6}, {5}, {2, 3}], [{8, 1}, {7}, {4, 6}, {5}, {3}, {2}], [{8, 2}, {1, 7}, {3, 6}, {4, 5}], [{8, 2}, {1, 7}, {4, 6}, {3, 5}], [{8, 2}, {1, 7}, {4, 6}, {5}, {3}], [{8, 2}, {1, 7}, {5, 6}, {3, 4}], [{8, 2}, {1, 7}, {5, 6}, {4}, {3}], [{8, 2}, {1, 7}, {6}, {4, 5}, {3}], [{8, 2}, {3, 7}, {1, 6}, {4, 5}], [{8, 2}, {3, 7}, {4, 6}, {1, 5}], [{8, 2}, {3, 7}, {5, 6}, {1, 4}], [{8, 2}, {3, 7}, {5, 6}, {4}, {1}], [{8, 2}, {4, 7}, {1, 6}, {3, 5}], [{8, 2}, {4, 7}, {1, 6}, {5}, {3}], [{8, 2}, {4, 7}, {3, 6}, {1, 5}], [{8, 2}, {4, 7}, {5, 6}, {1, 3}], [{8, 2}, {4, 7}, {5, 6}, {3}, {1}], [{8, 2}, {4, 7}, {6}, {1, 5}, {3}], [{8, 2}, {5, 7}, {1, 6}, {3, 4}], [{8, 2}, {5, 7}, {3, 6}, {1, 4}], [{8, 2}, {5, 7}, {4, 6}, {1, 3}], [{8, 2}, {6, 7}, {1, 5}, {3, 4}], [{8, 2}, {6, 7}, {3, 5}, {1, 4}], [{8, 2}, {6, 7}, {4, 5}, {1, 3}], [{8, 2}, {7}, {5, 6}, {1, 4}, {3}], [{8, 2}, {7}, {5, 6}, {3, 4}, {1}], [{8, 2}, {7}, {5, 6}, {4}, {1, 3}], [{8, 2}, {7}, {5, 6}, {4}, {3}, {1}], [{8, 3}, {1, 7}, {2, 6}, {4, 5}], [{8, 3}, {1, 7}, {4, 6}, {2, 5}], [{8, 3}, {1, 7}, {4, 6}, {5}, {2}], [{8, 3}, {1, 7}, {5, 6}, {2, 4}], [{8, 3}, {2, 7}, {1, 6}, {4, 5}], [{8, 3}, {2, 7}, {1, 6}, {5}, {4}], [{8, 3}, {2, 7}, {4, 6}, {1, 5}], [{8, 3}, {2, 7}, {5, 6}, {1, 4}], [{8, 3}, {2, 7}, {5, 6}, {4}, {1}], [{8, 3}, {2, 7}, {6}, {1, 5}, {4}], [{8, 3}, {4, 7}, {1, 6}, {2, 5}], [{8, 3}, {4, 7}, {2, 6}, {1, 5}], [{8, 3}, {4, 7}, {5, 6}, {1, 2}], [{8, 3}, {5, 7}, {1, 6}, {2, 4}], [{8, 3}, {5, 7}, {2, 6}, {1, 4}], [{8, 3}, {5, 7}, {4, 6}, {1, 2}], [{8, 3}, {6, 7}, {1, 5}, {2, 4}], [{8, 3}, {6, 7}, {2, 5}, {1, 4}], [{8, 3}, {6, 7}, {4, 5}, {1, 2}], [{8, 3}, {7}, {5, 6}, {1, 4}, {2}], [{8, 3}, {7}, {6}, {4, 5}, {1, 2}], [{8, 4}, {1, 7}, {2, 6}, {3, 5}], [{8, 4}, {1, 7}, {3, 6}, {2, 5}], [{8, 4}, {1, 7}, {5, 6}, {2, 3}], [{8, 4}, {1, 7}, {6}, {3, 5}, {2}], [{8, 4}, {2, 7}, {1, 6}, {3, 5}], [{8, 4}, {2, 7}, {3, 6}, {1, 5}], [{8, 4}, {2, 7}, {5, 6}, {1, 3}], [{8, 4}, {2, 7}, {5, 6}, {3}, {1}], [{8, 4}, {3, 7}, {1, 6}, {2, 5}], [{8, 4}, {3, 7}, {2, 6}, {1, 5}], [{8, 4}, {3, 7}, {5, 6}, {1, 2}], [{8, 4}, {5, 7}, {1, 6}, {2, 3}], [{8, 4}, {5, 7}, {2, 6}, {1, 3}], [{8, 4}, {5, 7}, {3, 6}, {1, 2}], [{8, 4}, {5, 7}, {6}, {2, 3}, {1}], [{8, 4}, {6, 7}, {1, 5}, {2, 3}], [{8, 4}, {6, 7}, {2, 5}, {1, 3}], [{8, 4}, {6, 7}, {3, 5}, {1, 2}], [{8, 4}, {6, 7}, {5}, {1, 3}, {2}], [{8, 4}, {7}, {2, 6}, {1, 5}, {3}], [{8, 4}, {7}, {3, 6}, {5}, {1, 2}], [{8, 5}, {1, 7}, {2, 6}, {3, 4}], [{8, 5}, {1, 7}, {2, 6}, {4}, {3}], [{8, 5}, {1, 7}, {3, 6}, {2, 4}], [{8, 5}, {1, 7}, {3, 6}, {4}, {2}], [{8, 5}, {1, 7}, {4, 6}, {2, 3}], [{8, 5}, {1, 7}, {4, 6}, {3}, {2}], [{8, 5}, {1, 7}, {6}, {2, 4}, {3}], [{8, 5}, {1, 7}, {6}, {3, 4}, {2}], [{8, 5}, {1, 7}, {6}, {4}, {2, 3}], [{8, 5}, {2, 7}, {1, 6}, {3, 4}], [{8, 5}, {2, 7}, {1, 6}, {4}, {3}], [{8, 5}, {2, 7}, {3, 6}, {1, 4}], [{8, 5}, {2, 7}, {3, 6}, {4}, {1}], [{8, 5}, {2, 7}, {4, 6}, {1, 3}], [{8, 5}, {2, 7}, {6}, {4}, {1, 3}], [{8, 5}, {3, 7}, {1, 6}, {2, 4}], [{8, 5}, {3, 7}, {2, 6}, {1, 4}], [{8, 5}, {3, 7}, {2, 6}, {4}, {1}], [{8, 5}, {3, 7}, {4, 6}, {1, 2}], [{8, 5}, {4, 7}, {1, 6}, {2, 3}], [{8, 5}, {4, 7}, {1, 6}, {3}, {2}], [{8, 5}, {4, 7}, {2, 6}, {1, 3}], [{8, 5}, {4, 7}, {3, 6}, {1, 2}], [{8, 5}, {6, 7}, {1, 4}, {2, 3}], [{8, 5}, {6, 7}, {2, 4}, {1, 3}], [{8, 5}, {6, 7}, {2, 4}, {3}, {1}], [{8, 5}, {6, 7}, {3, 4}, {1, 2}], [{8, 5}, {6, 7}, {4}, {1, 3}, {2}], [{8, 5}, {7}, {1, 6}, {2, 4}, {3}], [{8, 5}, {7}, {2, 6}, {4}, {1, 3}], [{8, 5}, {7}, {3, 6}, {4}, {1, 2}], [{8, 6}, {1, 7}, {2, 5}, {3, 4}], [{8, 6}, {1, 7}, {3, 5}, {2, 4}], [{8, 6}, {1, 7}, {3, 5}, {4}, {2}], [{8, 6}, {1, 7}, {4, 5}, {2, 3}], [{8, 6}, {2, 7}, {1, 5}, {3, 4}], [{8, 6}, {2, 7}, {1, 5}, {4}, {3}], [{8, 6}, {2, 7}, {3, 5}, {1, 4}], [{8, 6}, {2, 7}, {3, 5}, {4}, {1}], [{8, 6}, {2, 7}, {4, 5}, {1, 3}], [{8, 6}, {2, 7}, {5}, {4}, {1, 3}], [{8, 6}, {3, 7}, {1, 5}, {2, 4}], [{8, 6}, {3, 7}, {2, 5}, {1, 4}], [{8, 6}, {3, 7}, {2, 5}, {4}, {1}], [{8, 6}, {3, 7}, {4, 5}, {1, 2}], [{8, 6}, {4, 7}, {1, 5}, {2, 3}], [{8, 6}, {4, 7}, {2, 5}, {1, 3}], [{8, 6}, {4, 7}, {3, 5}, {1, 2}], [{8, 6}, {5, 7}, {1, 4}, {2, 3}], [{8, 6}, {5, 7}, {2, 4}, {1, 3}], [{8, 6}, {5, 7}, {3, 4}, {1, 2}], [{8, 6}, {5, 7}, {3, 4}, {2}, {1}], [{8, 6}, {7}, {3, 5}, {4}, {1, 2}], [{8, 6}, {7}, {4, 5}, {1, 3}, {2}], [{8, 6}, {7}, {4, 5}, {2, 3}, {1}], [{8, 6}, {7}, {4, 5}, {3}, {1, 2}], [{8, 6}, {7}, {5}, {3, 4}, {1, 2}], [{8, 7}, {1, 6}, {2, 5}, {3, 4}], [{8, 7}, {1, 6}, {3, 5}, {2, 4}], [{8, 7}, {1, 6}, {4, 5}, {2, 3}], [{8, 7}, {1, 6}, {4, 5}, {3}, {2}], [{8, 7}, {2, 6}, {1, 5}, {3, 4}], [{8, 7}, {2, 6}, {3, 5}, {1, 4}], [{8, 7}, {2, 6}, {3, 5}, {4}, {1}], [{8, 7}, {2, 6}, {4, 5}, {1, 3}], [{8, 7}, {2, 6}, {4, 5}, {3}, {1}], [{8, 7}, {2, 6}, {5}, {3, 4}, {1}], [{8, 7}, {3, 6}, {1, 5}, {2, 4}], [{8, 7}, {3, 6}, {2, 5}, {1, 4}], [{8, 7}, {3, 6}, {2, 5}, {4}, {1}], [{8, 7}, {3, 6}, {4, 5}, {1, 2}], [{8, 7}, {3, 6}, {4, 5}, {2}, {1}], [{8, 7}, {3, 6}, {5}, {2, 4}, {1}], [{8, 7}, {4, 6}, {1, 5}, {2, 3}], [{8, 7}, {4, 6}, {1, 5}, {3}, {2}], [{8, 7}, {4, 6}, {2, 5}, {1, 3}], [{8, 7}, {4, 6}, {2, 5}, {3}, {1}], [{8, 7}, {4, 6}, {3, 5}, {1, 2}], [{8, 7}, {4, 6}, {3, 5}, {2}, {1}], [{8, 7}, {4, 6}, {5}, {1, 3}, {2}], [{8, 7}, {4, 6}, {5}, {2, 3}, {1}], [{8, 7}, {4, 6}, {5}, {3}, {1, 2}], [{8, 7}, {4, 6}, {5}, {3}, {2}, {1}], [{8, 7}, {5, 6}, {1, 4}, {2, 3}], [{8, 7}, {5, 6}, {1, 4}, {3}, {2}], [{8, 7}, {5, 6}, {2, 4}, {1, 3}], [{8, 7}, {5, 6}, {2, 4}, {3}, {1}], [{8, 7}, {5, 6}, {3, 4}, {1, 2}], [{8, 7}, {5, 6}, {3, 4}, {2}, {1}], [{8, 7}, {5, 6}, {4}, {1, 3}, {2}], [{8, 7}, {5, 6}, {4}, {2, 3}, {1}], [{8, 7}, {5, 6}, {4}, {3}, {1, 2}], [{8, 7}, {5, 6}, {4}, {3}, {2}, {1}], [{8, 7}, {6}, {2, 5}, {3, 4}, {1}], [{8, 7}, {6}, {3, 5}, {2, 4}, {1}], [{8, 7}, {6}, {4, 5}, {1, 3}, {2}], [{8, 7}, {6}, {4, 5}, {2, 3}, {1}], [{8, 7}, {6}, {4, 5}, {3}, {1, 2}], [{8, 7}, {6}, {4, 5}, {3}, {2}, {1}], [{8}, {1, 7}, {2, 6}, {5}, {3, 4}], [{8}, {1, 7}, {3, 6}, {5}, {2, 4}], [{8}, {1, 7}, {4, 6}, {2, 5}, {3}], [{8}, {1, 7}, {4, 6}, {3, 5}, {2}], [{8}, {1, 7}, {4, 6}, {5}, {2, 3}], [{8}, {1, 7}, {4, 6}, {5}, {3}, {2}], [{8}, {2, 7}, {1, 6}, {3, 5}, {4}], [{8}, {2, 7}, {3, 6}, {1, 5}, {4}], [{8}, {2, 7}, {5, 6}, {1, 4}, {3}], [{8}, {2, 7}, {5, 6}, {3, 4}, {1}], [{8}, {2, 7}, {5, 6}, {4}, {1, 3}], [{8}, {2, 7}, {5, 6}, {4}, {3}, {1}], [{8}, {3, 7}, {2, 6}, {1, 5}, {4}], [{8}, {3, 7}, {5, 6}, {1, 4}, {2}], [{8}, {3, 7}, {6}, {4, 5}, {1, 2}], [{8}, {4, 7}, {1, 6}, {2, 5}, {3}], [{8}, {5, 7}, {2, 6}, {1, 4}, {3}], [{8}, {6, 7}, {1, 5}, {2, 4}, {3}], [{8}, {6, 7}, {2, 5}, {1, 4}, {3}], [{8}, {6, 7}, {4, 5}, {1, 3}, {2}], [{8}, {6, 7}, {4, 5}, {2, 3}, {1}], [{8}, {6, 7}, {4, 5}, {3}, {1, 2}], [{8}, {7}, {3, 6}, {4, 5}, {1, 2}], [{8}, {7}, {5, 6}, {1, 4}, {2, 3}], [{8}, {7}, {6}, {4, 5}, {3}, {1, 2}]]",2,- 6 K_1^2 - 2 K_1 K_2 + K_1 + 3 K_2 + K_3 + 4,O1O2O3U4O5U6U1O6U3U2O4U7U5O8O7U8,O1O2U3O4O5U6O7O6U1O3U5U4U7O8U2U8,O1O2U1O3O4U5O6O7U8U6O8U2U4U3O5U7,c,{'O1O2O3U4O5O4U6U5O7U2U1O8U3U8O6U7'},1,"<a href=""/flatknot/8.975988"">8.975988</a>",t^9-63t^7-204t^6-9t^5+444t^4+91t^3-348t^2+88t,t^3-t^2-t,,
8.975989,O1O2O3U4O5O4U6U5O7U2U3O8U1U8O6U7,4,6z^3+42z^2+109z+99,6w^4z^3+42w^3z^2+109w^2z+99w,False,False,"[[ 0 -1 -1  1  1  0 -3  2  1],[ 1  0 -1  1  2 -1 -3  3  1],[ 1  1  0  1  2 -1 -1  1  0],[-1 -1 -1  0  0 -1 -2  0  0],[-1 -2 -2  0  0  0 -3  2  1],[ 0  1  1  1  0  0  0 -1  0],[ 3  3  1  2  3  0  0  2  1],[-2 -3 -1  0 -2  1 -2  0  0],[-1 -1  0  0 -1  0 -1  0  0]]","[[ 0  2  1  1  1  0 -1 -1 -3],[-2  0  0  0 -2  1 -1 -3 -2],[-1  0  0  0  0 -1 -1 -1 -2],[-1  0  0  0 -1  0  0 -1 -1],[-1  2  0  1  0  0 -2 -2 -3],[ 0 -1  1  0  0  0  1  1  0],[ 1  1  1  0  2 -1  0  1 -1],[ 1  3  1  1  2 -1 -1  0 -3],[ 3  2  2  1  3  0  1  3  0]]",True,"[-2,-1,-1,-1,0,1,1,3,0,0,2,-1,1,3,2,0,0,1,1,1,2,1,0,0,1,1,0,2,2,3,-1,-1,0,-1,1,3]","[-3,-1,-1,0,1,1,1,2,-1,1,3,1,2,3,3,1,2,0,1,1,0,2,0,1,2,2,1,0,1,3,0,-1,-1,0,1,1]",t^8+59t^6+234t^4+81t^2,"[-3,-1,-1,0,1,1,1,2,-1,1,3,1,2,3,3,1,2,0,1,1,0,2,0,1,2,2,1,0,1,3,0,-1,-1,0,1,1]","[-2,-1,-1,-1,0,1,1,3,-1,1,1,3,0,2,3,0,1,1,0,0,1,0,0,1,1,2,1,1,2,3,2,2,3,-1,-1,1]","[-3,-1,-1,0,1,1,1,2,1,3,0,1,2,3,2,1,-1,0,1,2,1,-1,1,1,2,3,0,1,0,-1,0,-1,0,0,0,2]",c,"[[{8, 3}, {2, 7}, {4, 6}, {1, 5}], [{8, 3}, {2, 7}, {6}, {1, 5}, {4}]]",1,16 K_1^3 - 14 K_1^2 - 14 K_1 K_2 - 5 K_1 + 7 K_2 + 3 K_3 + 8,O1O2O3U4O5U6U3O6U1U2O4U7U5O8O7U8,O1O2U3O4O5U6O7O6U1O3U7U4U5O8U2U8,O1O2U1O3O4U5O6O7U8U6O8U3U4U2O5U7,c,{'O1O2O3U4O5O4U6U5O7U2U3O8U1U8O6U7'},1,"<a href=""/flatknot/8.975989"">8.975989</a>",t^9-63t^7-228t^6-59t^5+540t^4+270t^3-312t^2-137t-12,t^3-t^2-t,,
8.975990,O1O2O3U4O5O4U6U5O7U2U3O8U7U1O6U8,3,12z^2+60z+73,12w^3z^2+60w^2z+73w,False,False,"[[ 0  0 -1  1  1  0 -3  1  1],[ 0  0 -2  0  1 -1 -3  2  1],[ 1  2  0  1  2 -1 -2  2  0],[-1  0 -1  0  0 -1 -3  1  0],[-1 -1 -2  0  0  0 -3  1  1],[ 0  1  1  1  0  0  0  0 -1],[ 3  3  2  3  3  0  0  1  0],[-1 -2 -2 -1 -1  0 -1  0  1],[-1 -1  0  0 -1  1  0 -1  0]]","[[ 0  1  1  1  1  0  0 -1 -3],[-1  0  1  1  0  0 -1 -2 -3],[-1 -1  0  1 -1  0 -2 -2 -1],[-1 -1 -1  0  0  1 -1  0  0],[-1  0  1  0  0 -1  0 -1 -3],[ 0  0  0 -1  1  0  1  1  0],[ 0  1  2  1  0 -1  0 -2 -3],[ 1  2  2  0  1 -1  2  0 -2],[ 3  3  1  0  3  0  3  2  0]]",True,"[-1,-1,-1,-1,0,0,1,3,-1,-1,0,0,1,2,3,-1,1,0,2,2,1,0,-1,1,0,0,1,0,1,3,-1,-1,0,2,3,2]","[-3,-1,0,0,1,1,1,1,0,0,3,1,1,3,4,-1,2,0,1,0,2,1,0,1,-1,0,1,0,1,2,0,-1,-1,-1,0,-1]",t^8+59t^6+196t^4+32t^2,"[-3,-1,0,0,1,1,1,1,0,0,3,1,1,3,4,-1,2,0,1,0,2,1,0,1,-1,0,1,0,1,2,0,-1,-1,-1,0,-1]","[-1,-1,-1,-1,0,0,1,3,-1,-1,0,0,2,2,4,-1,-1,-1,1,0,3,0,0,1,0,1,1,0,1,1,-1,-1,0,2,3,0]","[-3,-1,0,0,1,1,1,1,2,0,3,0,1,3,3,-1,2,0,2,1,2,1,-1,0,1,0,1,2,0,1,-1,0,-1,-1,-1,0]",c,"[[{8, 1}, {5, 7}, {3, 6}, {2, 4}], [{8, 1}, {5, 7}, {3, 6}, {4}, {2}], [{8, 3}, {6, 7}, {1, 5}, {2, 4}], [{8, 4}, {6, 7}, {1, 5}, {2, 3}], [{8, 6}, {3, 7}, {1, 5}, {2, 4}], [{8, 6}, {4, 7}, {1, 5}, {2, 3}], [{8, 7}, {2, 6}, {1, 5}, {3, 4}], [{8, 7}, {3, 6}, {1, 5}, {2, 4}], [{8, 7}, {3, 6}, {1, 5}, {4}, {2}], [{8, 7}, {4, 6}, {1, 5}, {2, 3}]]",1,4 K_1^3 - 16 K_1^2 - 6 K_1 K_2 + 8 K_2 + 2 K_3 + 9,O1O2O3U4O5U3U6O4U1U2O6U7U5O8O7U8,O1O2U3O4O5U6O3O7U1O6U7U4U5O8U2U8,O1O2U3O4O5U2O6O7U8U6O8U4U5U1O3U7,c,"{'O1O2O3U4O5O4U6U5O7U2U3O8U7U1O6U8', 'O1O2O3U4O5O4U6U5U1O7U3O8U2U7O6U8'}",2,"<a href=""/flatknot/8.975990"">8.975990</a>",t^9-65t^7-170t^6+118t^5+470t^4+420t^3+78t^2-320t-120,t^3-3t,,
8.975991,O1O2O3U4O5O4U6U5O7U2U7O8U3U1O6U8,3,9z^2+77z+119,9w^3z^2+77w^2z+119w,False,False,"[[ 0  0 -1  1  1  0 -3  1  1],[ 0  0 -2  1  1 -1 -3  1  1],[ 1  2  0  2  2 -1 -2  1  0],[-1 -1 -2  0  0 -1 -2  0  0],[-1 -1 -2  0  0  0 -3  1  1],[ 0  1  1  1  0  0  0  0 -1],[ 3  3  2  2  3  0  0  1  1],[-1 -1 -1  0 -1  0 -1  0  0],[-1 -1  0  0 -1  1 -1  0  0]]","[[ 0  1  1  1  1  0  0 -1 -3],[-1  0  1  1  0  0 -1 -2 -3],[-1 -1  0  0  0  1 -1  0 -1],[-1 -1  0  0  0  0 -1 -1 -1],[-1  0  0  0  0 -1 -1 -2 -2],[ 0  0 -1  0  1  0  1  1  0],[ 0  1  1  1  1 -1  0 -2 -3],[ 1  2  0  1  2 -1  2  0 -2],[ 3  3  1  1  2  0  3  2  0]]",True,"[-1,-1,-1,-1,0,0,1,3,-1,-1,0,0,1,2,3,0,0,-1,1,0,1,0,0,1,1,1,1,1,2,2,-1,-1,0,2,3,2]","[-3,-1,0,0,1,1,1,1,0,0,3,1,2,3,3,-1,2,0,0,1,2,1,0,0,0,0,1,0,1,2,0,-1,-1,0,0,0]",t^8+51t^6+180t^4+32t^2,"[-3,-1,0,0,1,1,1,1,0,0,3,1,2,3,3,-1,2,0,0,1,2,1,0,0,0,0,1,0,1,2,0,-1,-1,0,0,0]","[-1,-1,-1,-1,0,0,1,3,-1,0,0,0,1,1,3,0,1,0,1,0,1,0,0,0,0,2,0,2,2,3,-1,-1,0,2,3,0]","[-3,-1,0,0,1,1,1,1,2,0,3,1,1,2,3,-1,2,0,1,2,2,1,-1,0,1,0,1,1,1,1,0,0,-1,0,-1,0]",c,"[[{8, 1}, {2, 7}, {4, 6}, {3, 5}], [{8, 1}, {7}, {4, 6}, {3, 5}, {2}], [{8, 3}, {2, 7}, {4, 6}, {1, 5}], [{8, 3}, {2, 7}, {6}, {1, 5}, {4}], [{8, 3}, {4, 7}, {2, 6}, {1, 5}], [{8, 3}, {6, 7}, {1, 5}, {2, 4}], [{8, 3}, {7}, {4, 6}, {1, 5}, {2}], [{8, 4}, {2, 7}, {3, 6}, {1, 5}], [{8, 6}, {2, 7}, {1, 5}, {3, 4}], [{8, 6}, {3, 7}, {1, 5}, {2, 4}], [{8, 7}, {3, 6}, {1, 5}, {2, 4}]]",1,- 16 K_1^2 - 2 K_1 K_2 + K_1 + 8 K_2 + K_3 + 9,O1O2O3U4O5U3U1O4U6U2O6U7U5O8O7U8,O1O2U3O4O3U5O6O7U1O5U7U4U6O8U2U8,O1O2U3O4O5U4O6O7U8U6O8U2U5U1O3U7,c,{'O1O2O3U4O5O4U6U5O7U2U7O8U3U1O6U8'},1,"<a href=""/flatknot/8.975991"">8.975991</a>",t^9-57t^7-170t^6-2t^5+368t^4+224t^3-196t^2-120t+64,t^3-3t,,
8.975992,O1O2O3U4O5O4U6U5O7U3U1O8U7U8O6U2,3,2z^2+51z+95,2w^3z^2+51w^2z+95w,False,False,"[[ 0 -1  1  0  1  0 -3  1  1],[ 1  0  1  0  2 -1 -2  2  1],[-1 -1  0  0  0  0 -3  0  1],[ 0  0  0  0  1 -1 -2  1  1],[-1 -2  0 -1  0  0 -3  1  1],[ 0  1  0  1  0  0  0  0  0],[ 3  2  3  2  3  0  0  2  0],[-1 -2  0 -1 -1  0 -2  0  1],[-1 -1 -1 -1 -1  0  0 -1  0]]","[[ 0  1  1  1  1  0  0 -1 -3],[-1  0  1  1  0  0 -1 -2 -3],[-1 -1  0  1  0  0 -1 -2 -2],[-1 -1 -1  0 -1  0 -1 -1  0],[-1  0  0  1  0  0  0 -1 -3],[ 0  0  0  0  0  0  1  1  0],[ 0  1  1  1  0 -1  0  0 -2],[ 1  2  2  1  1 -1  0  0 -2],[ 3  3  2  0  3  0  2  2  0]]",True,"[-1,-1,-1,-1,0,0,1,3,-1,-1,0,0,1,2,3,-1,0,0,1,2,2,1,0,1,1,0,0,0,1,3,-1,-1,0,0,2,2]","[-3,-1,0,0,1,1,1,1,0,1,3,1,1,2,4,1,2,0,1,0,1,1,0,1,0,0,1,1,1,1,0,-1,-1,0,-1,-1]",t^8+49t^6+139t^4+39t^2,"[-3,-1,0,0,1,1,1,1,0,1,3,1,1,2,4,1,2,0,1,0,1,1,0,1,0,0,1,1,1,1,0,-1,-1,0,-1,-1]","[-1,-1,-1,-1,0,0,1,3,-1,-1,-1,0,1,1,4,-1,0,0,1,0,2,0,0,1,0,1,1,1,1,1,-1,1,1,2,3,0]","[-3,-1,0,0,1,1,1,1,2,0,2,0,2,3,3,-1,0,1,2,1,2,1,0,0,0,0,1,1,0,1,-1,-1,-1,0,-1,0]",c,"[[{8, 1}, {2, 7}, {3, 6}, {4, 5}], [{8, 1}, {2, 7}, {4, 6}, {3, 5}], [{8, 1}, {2, 7}, {4, 6}, {5}, {3}], [{8, 1}, {2, 7}, {5, 6}, {3, 4}], [{8, 1}, {3, 7}, {2, 6}, {4, 5}], [{8, 1}, {3, 7}, {4, 6}, {2, 5}], [{8, 1}, {3, 7}, {4, 6}, {5}, {2}], [{8, 1}, {3, 7}, {5, 6}, {2, 4}], [{8, 1}, {4, 7}, {2, 6}, {3, 5}], [{8, 1}, {4, 7}, {2, 6}, {5}, {3}], [{8, 1}, {4, 7}, {3, 6}, {2, 5}], [{8, 1}, {4, 7}, {5, 6}, {2, 3}], [{8, 1}, {5, 7}, {2, 6}, {3, 4}], [{8, 1}, {5, 7}, {3, 6}, {2, 4}], [{8, 1}, {5, 7}, {4, 6}, {2, 3}], [{8, 1}, {5, 7}, {4, 6}, {3}, {2}], [{8, 1}, {6, 7}, {2, 5}, {3, 4}], [{8, 1}, {6, 7}, {3, 5}, {2, 4}], [{8, 1}, {6, 7}, {4, 5}, {2, 3}], [{8, 1}, {6, 7}, {5}, {2, 4}, {3}], [{8, 1}, {7}, {4, 6}, {2, 5}, {3}], [{8, 1}, {7}, {4, 6}, {3, 5}, {2}], [{8, 1}, {7}, {4, 6}, {5}, {2, 3}], [{8, 1}, {7}, {4, 6}, {5}, {3}, {2}], [{8, 2}, {1, 7}, {3, 6}, {4, 5}], [{8, 2}, {1, 7}, {4, 6}, {3, 5}], [{8, 2}, {1, 7}, {4, 6}, {5}, {3}], [{8, 2}, {1, 7}, {5, 6}, {3, 4}], [{8, 2}, {1, 7}, {6}, {3, 5}, {4}], [{8, 2}, {3, 7}, {1, 6}, {4, 5}], [{8, 2}, {3, 7}, {4, 6}, {1, 5}], [{8, 2}, {3, 7}, {4, 6}, {5}, {1}], [{8, 2}, {3, 7}, {5, 6}, {1, 4}], [{8, 2}, {3, 7}, {6}, {1, 5}, {4}], [{8, 2}, {4, 7}, {1, 6}, {3, 5}], [{8, 2}, {4, 7}, {3, 6}, {1, 5}], [{8, 2}, {4, 7}, {5, 6}, {1, 3}], [{8, 2}, {5, 7}, {1, 6}, {3, 4}], [{8, 2}, {5, 7}, {3, 6}, {1, 4}], [{8, 2}, {5, 7}, {4, 6}, {1, 3}], [{8, 2}, {5, 7}, {4, 6}, {3}, {1}], [{8, 2}, {5, 7}, {6}, {4}, {1, 3}], [{8, 2}, {6, 7}, {1, 5}, {3, 4}], [{8, 2}, {6, 7}, {3, 5}, {1, 4}], [{8, 2}, {6, 7}, {4, 5}, {1, 3}], [{8, 2}, {7}, {4, 6}, {1, 5}, {3}], [{8, 2}, {7}, {4, 6}, {3, 5}, {1}], [{8, 2}, {7}, {4, 6}, {5}, {1, 3}], [{8, 2}, {7}, {4, 6}, {5}, {3}, {1}], [{8, 3}, {1, 7}, {2, 6}, {4, 5}], [{8, 3}, {1, 7}, {4, 6}, {2, 5}], [{8, 3}, {1, 7}, {4, 6}, {5}, {2}], [{8, 3}, {1, 7}, {5, 6}, {2, 4}], [{8, 3}, {2, 7}, {1, 6}, {4, 5}], [{8, 3}, {2, 7}, {4, 6}, {1, 5}], [{8, 3}, {2, 7}, {4, 6}, {5}, {1}], [{8, 3}, {2, 7}, {5, 6}, {1, 4}], [{8, 3}, {4, 7}, {1, 6}, {2, 5}], [{8, 3}, {4, 7}, {2, 6}, {1, 5}], [{8, 3}, {4, 7}, {5, 6}, {1, 2}], [{8, 3}, {5, 7}, {1, 6}, {2, 4}], [{8, 3}, {5, 7}, {2, 6}, {1, 4}], [{8, 3}, {5, 7}, {4, 6}, {1, 2}], [{8, 3}, {5, 7}, {4, 6}, {2}, {1}], [{8, 3}, {6, 7}, {1, 5}, {2, 4}], [{8, 3}, {6, 7}, {2, 5}, {1, 4}], [{8, 3}, {6, 7}, {4, 5}, {1, 2}], [{8, 3}, {7}, {2, 6}, {1, 5}, {4}], [{8, 3}, {7}, {4, 6}, {1, 5}, {2}], [{8, 3}, {7}, {4, 6}, {2, 5}, {1}], [{8, 3}, {7}, {4, 6}, {5}, {1, 2}], [{8, 3}, {7}, {4, 6}, {5}, {2}, {1}], [{8, 3}, {7}, {5, 6}, {4}, {1, 2}], [{8, 3}, {7}, {6}, {1, 5}, {2, 4}], [{8, 3}, {7}, {6}, {4, 5}, {1, 2}], [{8, 4}, {1, 7}, {2, 6}, {3, 5}], [{8, 4}, {1, 7}, {2, 6}, {5}, {3}], [{8, 4}, {1, 7}, {3, 6}, {2, 5}], [{8, 4}, {1, 7}, {5, 6}, {2, 3}], [{8, 4}, {1, 7}, {6}, {3, 5}, {2}], [{8, 4}, {2, 7}, {1, 6}, {3, 5}], [{8, 4}, {2, 7}, {3, 6}, {1, 5}], [{8, 4}, {2, 7}, {3, 6}, {5}, {1}], [{8, 4}, {2, 7}, {5, 6}, {1, 3}], [{8, 4}, {3, 7}, {1, 6}, {2, 5}], [{8, 4}, {3, 7}, {2, 6}, {1, 5}], [{8, 4}, {3, 7}, {2, 6}, {5}, {1}], [{8, 4}, {3, 7}, {5, 6}, {1, 2}], [{8, 4}, {3, 7}, {6}, {1, 5}, {2}], [{8, 4}, {5, 7}, {1, 6}, {2, 3}], [{8, 4}, {5, 7}, {1, 6}, {3}, {2}], [{8, 4}, {5, 7}, {2, 6}, {1, 3}], [{8, 4}, {5, 7}, {2, 6}, {3}, {1}], [{8, 4}, {5, 7}, {3, 6}, {1, 2}], [{8, 4}, {5, 7}, {3, 6}, {2}, {1}], [{8, 4}, {5, 7}, {6}, {1, 3}, {2}], [{8, 4}, {5, 7}, {6}, {2, 3}, {1}], [{8, 4}, {5, 7}, {6}, {3}, {1, 2}], [{8, 4}, {5, 7}, {6}, {3}, {2}, {1}], [{8, 4}, {6, 7}, {1, 5}, {2, 3}], [{8, 4}, {6, 7}, {2, 5}, {1, 3}], [{8, 4}, {6, 7}, {3, 5}, {1, 2}], [{8, 4}, {6, 7}, {5}, {3}, {1, 2}], [{8, 4}, {7}, {2, 6}, {1, 5}, {3}], [{8, 4}, {7}, {2, 6}, {3, 5}, {1}], [{8, 4}, {7}, {2, 6}, {5}, {1, 3}], [{8, 4}, {7}, {3, 6}, {2, 5}, {1}], [{8, 4}, {7}, {5, 6}, {3}, {1, 2}], [{8, 5}, {1, 7}, {2, 6}, {3, 4}], [{8, 5}, {1, 7}, {3, 6}, {2, 4}], [{8, 5}, {1, 7}, {3, 6}, {4}, {2}], [{8, 5}, {1, 7}, {4, 6}, {2, 3}], [{8, 5}, {1, 7}, {4, 6}, {3}, {2}], [{8, 5}, {1, 7}, {6}, {3, 4}, {2}], [{8, 5}, {2, 7}, {1, 6}, {3, 4}], [{8, 5}, {2, 7}, {3, 6}, {1, 4}], [{8, 5}, {2, 7}, {4, 6}, {1, 3}], [{8, 5}, {2, 7}, {4, 6}, {3}, {1}], [{8, 5}, {3, 7}, {1, 6}, {2, 4}], [{8, 5}, {3, 7}, {1, 6}, {4}, {2}], [{8, 5}, {3, 7}, {2, 6}, {1, 4}], [{8, 5}, {3, 7}, {4, 6}, {1, 2}], [{8, 5}, {3, 7}, {4, 6}, {2}, {1}], [{8, 5}, {3, 7}, {6}, {1, 4}, {2}], [{8, 5}, {4, 7}, {1, 6}, {2, 3}], [{8, 5}, {4, 7}, {1, 6}, {3}, {2}], [{8, 5}, {4, 7}, {2, 6}, {1, 3}], [{8, 5}, {4, 7}, {2, 6}, {3}, {1}], [{8, 5}, {4, 7}, {3, 6}, {1, 2}], [{8, 5}, {4, 7}, {3, 6}, {2}, {1}], [{8, 5}, {4, 7}, {6}, {1, 3}, {2}], [{8, 5}, {4, 7}, {6}, {2, 3}, {1}], [{8, 5}, {4, 7}, {6}, {3}, {1, 2}], [{8, 5}, {4, 7}, {6}, {3}, {2}, {1}], [{8, 5}, {6, 7}, {1, 4}, {2, 3}], [{8, 5}, {6, 7}, {1, 4}, {3}, {2}], [{8, 5}, {6, 7}, {2, 4}, {1, 3}], [{8, 5}, {6, 7}, {2, 4}, {3}, {1}], [{8, 5}, {6, 7}, {3, 4}, {1, 2}], [{8, 5}, {6, 7}, {3, 4}, {2}, {1}], [{8, 5}, {6, 7}, {4}, {1, 3}, {2}], [{8, 5}, {6, 7}, {4}, {2, 3}, {1}], [{8, 5}, {6, 7}, {4}, {3}, {1, 2}], [{8, 5}, {6, 7}, {4}, {3}, {2}, {1}], [{8, 5}, {7}, {1, 6}, {3, 4}, {2}], [{8, 5}, {7}, {3, 6}, {1, 4}, {2}], [{8, 5}, {7}, {4, 6}, {1, 3}, {2}], [{8, 5}, {7}, {4, 6}, {2, 3}, {1}], [{8, 5}, {7}, {4, 6}, {3}, {1, 2}], [{8, 5}, {7}, {4, 6}, {3}, {2}, {1}], [{8, 6}, {1, 7}, {2, 5}, {3, 4}], [{8, 6}, {1, 7}, {3, 5}, {2, 4}], [{8, 6}, {1, 7}, {3, 5}, {4}, {2}], [{8, 6}, {1, 7}, {4, 5}, {2, 3}], [{8, 6}, {1, 7}, {5}, {2, 4}, {3}], [{8, 6}, {2, 7}, {1, 5}, {3, 4}], [{8, 6}, {2, 7}, {3, 5}, {1, 4}], [{8, 6}, {2, 7}, {4, 5}, {1, 3}], [{8, 6}, {2, 7}, {5}, {3, 4}, {1}], [{8, 6}, {3, 7}, {1, 5}, {2, 4}], [{8, 6}, {3, 7}, {1, 5}, {4}, {2}], [{8, 6}, {3, 7}, {2, 5}, {1, 4}], [{8, 6}, {3, 7}, {4, 5}, {1, 2}], [{8, 6}, {3, 7}, {5}, {2, 4}, {1}], [{8, 6}, {4, 7}, {1, 5}, {2, 3}], [{8, 6}, {4, 7}, {2, 5}, {1, 3}], [{8, 6}, {4, 7}, {3, 5}, {1, 2}], [{8, 6}, {4, 7}, {5}, {3}, {1, 2}], [{8, 6}, {5, 7}, {1, 4}, {2, 3}], [{8, 6}, {5, 7}, {1, 4}, {3}, {2}], [{8, 6}, {5, 7}, {2, 4}, {1, 3}], [{8, 6}, {5, 7}, {2, 4}, {3}, {1}], [{8, 6}, {5, 7}, {3, 4}, {1, 2}], [{8, 6}, {5, 7}, {3, 4}, {2}, {1}], [{8, 6}, {5, 7}, {4}, {1, 3}, {2}], [{8, 6}, {5, 7}, {4}, {2, 3}, {1}], [{8, 6}, {5, 7}, {4}, {3}, {1, 2}], [{8, 6}, {5, 7}, {4}, {3}, {2}, {1}], [{8, 6}, {7}, {1, 5}, {2, 4}, {3}], [{8, 6}, {7}, {2, 5}, {3, 4}, {1}], [{8, 6}, {7}, {3, 5}, {2, 4}, {1}], [{8, 6}, {7}, {4, 5}, {3}, {1, 2}], [{8, 6}, {7}, {5}, {2, 4}, {1, 3}], [{8, 7}, {1, 6}, {2, 5}, {3, 4}], [{8, 7}, {1, 6}, {3, 5}, {2, 4}], [{8, 7}, {1, 6}, {3, 5}, {4}, {2}], [{8, 7}, {1, 6}, {4, 5}, {2, 3}], [{8, 7}, {2, 6}, {1, 5}, {3, 4}], [{8, 7}, {2, 6}, {1, 5}, {4}, {3}], [{8, 7}, {2, 6}, {3, 5}, {1, 4}], [{8, 7}, {2, 6}, {4, 5}, {1, 3}], [{8, 7}, {2, 6}, {5}, {3, 4}, {1}], [{8, 7}, {3, 6}, {1, 5}, {2, 4}], [{8, 7}, {3, 6}, {1, 5}, {4}, {2}], [{8, 7}, {3, 6}, {2, 5}, {1, 4}], [{8, 7}, {3, 6}, {4, 5}, {1, 2}], [{8, 7}, {3, 6}, {5}, {2, 4}, {1}], [{8, 7}, {4, 6}, {1, 5}, {2, 3}], [{8, 7}, {4, 6}, {1, 5}, {3}, {2}], [{8, 7}, {4, 6}, {2, 5}, {1, 3}], [{8, 7}, {4, 6}, {2, 5}, {3}, {1}], [{8, 7}, {4, 6}, {3, 5}, {1, 2}], [{8, 7}, {4, 6}, {3, 5}, {2}, {1}], [{8, 7}, {4, 6}, {5}, {1, 3}, {2}], [{8, 7}, {4, 6}, {5}, {2, 3}, {1}], [{8, 7}, {4, 6}, {5}, {3}, {1, 2}], [{8, 7}, {4, 6}, {5}, {3}, {2}, {1}], [{8, 7}, {5, 6}, {1, 4}, {2, 3}], [{8, 7}, {5, 6}, {2, 4}, {1, 3}], [{8, 7}, {5, 6}, {3, 4}, {1, 2}], [{8, 7}, {5, 6}, {4}, {3}, {1, 2}], [{8, 7}, {6}, {1, 5}, {2, 4}, {3}], [{8, 7}, {6}, {1, 5}, {3, 4}, {2}], [{8, 7}, {6}, {1, 5}, {4}, {2, 3}], [{8, 7}, {6}, {3, 5}, {1, 4}, {2}], [{8, 7}, {6}, {4, 5}, {3}, {1, 2}], [{8}, {1, 7}, {2, 6}, {3, 5}, {4}], [{8}, {1, 7}, {4, 6}, {2, 5}, {3}], [{8}, {1, 7}, {4, 6}, {3, 5}, {2}], [{8}, {1, 7}, {4, 6}, {5}, {2, 3}], [{8}, {1, 7}, {4, 6}, {5}, {3}, {2}], [{8}, {1, 7}, {5, 6}, {4}, {2, 3}], [{8}, {1, 7}, {6}, {3, 5}, {2, 4}], [{8}, {1, 7}, {6}, {4, 5}, {2, 3}], [{8}, {2, 7}, {4, 6}, {1, 5}, {3}], [{8}, {2, 7}, {4, 6}, {3, 5}, {1}], [{8}, {2, 7}, {4, 6}, {5}, {1, 3}], [{8}, {2, 7}, {4, 6}, {5}, {3}, {1}], [{8}, {2, 7}, {5, 6}, {4}, {1, 3}], [{8}, {2, 7}, {6}, {4, 5}, {1, 3}], [{8}, {3, 7}, {2, 6}, {1, 5}, {4}], [{8}, {3, 7}, {4, 6}, {1, 5}, {2}], [{8}, {3, 7}, {4, 6}, {2, 5}, {1}], [{8}, {3, 7}, {4, 6}, {5}, {1, 2}], [{8}, {3, 7}, {4, 6}, {5}, {2}, {1}], [{8}, {3, 7}, {5, 6}, {4}, {1, 2}], [{8}, {3, 7}, {6}, {1, 5}, {2, 4}], [{8}, {3, 7}, {6}, {4, 5}, {1, 2}], [{8}, {4, 7}, {2, 6}, {1, 5}, {3}], [{8}, {4, 7}, {5, 6}, {3}, {1, 2}], [{8}, {5, 7}, {2, 6}, {4}, {1, 3}], [{8}, {5, 7}, {4, 6}, {1, 3}, {2}], [{8}, {5, 7}, {4, 6}, {2, 3}, {1}], [{8}, {5, 7}, {4, 6}, {3}, {1, 2}], [{8}, {5, 7}, {4, 6}, {3}, {2}, {1}], [{8}, {5, 7}, {6}, {2, 4}, {1, 3}], [{8}, {6, 7}, {1, 5}, {2, 4}, {3}], [{8}, {6, 7}, {4, 5}, {3}, {1, 2}], [{8}, {7}, {2, 6}, {1, 5}, {3, 4}], [{8}, {7}, {2, 6}, {1, 5}, {4}, {3}], [{8}, {7}, {3, 6}, {1, 5}, {2, 4}], [{8}, {7}, {3, 6}, {4, 5}, {1, 2}], [{8}, {7}, {4, 6}, {1, 5}, {2, 3}], [{8}, {7}, {4, 6}, {1, 5}, {3}, {2}], [{8}, {7}, {4, 6}, {2, 5}, {1, 3}], [{8}, {7}, {4, 6}, {2, 5}, {3}, {1}], [{8}, {7}, {4, 6}, {3, 5}, {1, 2}], [{8}, {7}, {4, 6}, {3, 5}, {2}, {1}], [{8}, {7}, {4, 6}, {5}, {1, 3}, {2}], [{8}, {7}, {4, 6}, {5}, {2, 3}, {1}], [{8}, {7}, {4, 6}, {5}, {3}, {1, 2}], [{8}, {7}, {4, 6}, {5}, {3}, {2}, {1}], [{8}, {7}, {5, 6}, {3, 4}, {1, 2}], [{8}, {7}, {5, 6}, {4}, {3}, {1, 2}], [{8}, {7}, {6}, {1, 5}, {2, 4}, {3}], [{8}, {7}, {6}, {4, 5}, {3}, {1, 2}]]",2,- 16 K_1^2 - 2 K_1 K_2 + K_1 + 8 K_2 + K_3 + 9,O1O2O3U2O4U5U6O5U3U1O6U7U4O8O7U8,O1O2U3O4O5U6O3O6U1O7U5U7U4O8U2U8,O1O2U1O3O4U2O5O6U7U5O7U4U8U3O8U6,c,"{'O1O2U3O4O3U5O6O5U1U6O7U2U4O8U7U8', 'O1O2O3U4O5O4U6U5O7U3U1O8U7U8O6U2'}",2,"<a href=""/flatknot/8.975992"">8.975992</a>",t^9-55t^7-114t^6+137t^5+188t^4-26t^3-6t^2,t^3-3t,,
8.975993,O1O2O3U4O5O4U6U5O7U3U2O8U1U8O6U7,4,4z^3+31z^2+88z+85,4w^4z^3+31w^3z^2+88w^2z+85w,False,False,"[[ 0 -1  0  0  1  0 -3  2  1],[ 1  0  0  0  2 -1 -3  3  1],[ 0  0  0  0  1 -1 -2  1  0],[ 0  0  0  0  1 -1 -1  0  0],[-1 -2 -1 -1  0  0 -3  2  1],[ 0  1  1  1  0  0  0 -1  0],[ 3  3  2  1  3  0  0  2  1],[-2 -3 -1  0 -2  1 -2  0  0],[-1 -1  0  0 -1  0 -1  0  0]]","[[ 0  2  1  1  0  0  0 -1 -3],[-2  0  0 -2  1  0 -1 -3 -2],[-1  0  0 -1  0  0  0 -1 -1],[-1  2  1  0  0 -1 -1 -2 -3],[ 0 -1  0  0  0  1  1  1  0],[ 0  0  0  1 -1  0  0  0 -1],[ 0  1  0  1 -1  0  0  0 -2],[ 1  3  1  2 -1  0  0  0 -3],[ 3  2  1  3  0  1  2  3  0]]",True,"[-2,-1,-1,0,0,0,1,3,0,2,-1,0,1,3,2,1,0,0,0,1,1,0,1,1,2,3,-1,-1,-1,0,0,0,1,0,2,3]","[-3,-1,0,0,0,1,1,2,-1,1,2,3,1,3,3,1,1,2,0,1,0,0,1,0,1,1,1,0,1,2,1,1,3,-1,-1,1]",t^8+54t^6+209t^4+72t^2+4,"[-3,-1,0,0,0,1,1,2,-1,1,2,3,1,3,3,1,1,2,0,1,0,0,1,0,1,1,1,0,1,2,1,1,3,-1,-1,1]","[-2,-1,-1,0,0,0,1,3,-1,1,1,2,3,0,3,1,0,0,1,0,1,1,1,1,1,3,0,-1,1,1,-1,1,2,2,3,-1]","[-3,-1,0,0,0,1,1,2,3,0,1,2,1,3,2,-1,0,0,1,2,3,1,1,0,0,-1,0,0,1,0,0,1,1,-1,0,2]",c,"[[{8, 2}, {3, 7}, {4, 6}, {1, 5}], [{8, 2}, {3, 7}, {6}, {1, 5}, {4}]]",1,- 6 K_1^2 - 2 K_1 K_2 + K_1 + 3 K_2 + K_3 + 4,O1O2O3U4O5U6U3O6U2U1O4U7U5O8O7U8,O1O2U3O4O5U6O7O6U1O3U7U5U4O8U2U8,O1O2U1O3O4U5O6O7U8U6O8U4U3U2O5U7,c,{'O1O2O3U4O5O4U6U5O7U3U2O8U1U8O6U7'},1,"<a href=""/flatknot/8.975993"">8.975993</a>",t^9-58t^7-182t^6+32t^5+380t^4-139t^3-64t^2+32t-2,t^3-t^2-t,,
8.975994,O1O2O3U4O5O4U6U5O7U3U2O8U7U1O6U8,3,20z^2+96z+113,20w^3z^2+96w^2z+113w,False,False,"[[ 0  0  0  0  1  0 -3  1  1],[ 0  0 -1 -1  1 -1 -3  2  1],[ 0  1  0  0  1 -1 -3  2  0],[ 0  1  0  0  1 -1 -2  1  0],[-1 -1 -1 -1  0  0 -3  1  1],[ 0  1  1  1  0  0  0  0 -1],[ 3  3  3  2  3  0  0  1  0],[-1 -2 -2 -1 -1  0 -1  0  1],[-1 -1  0  0 -1  1  0 -1  0]]","[[ 0  1  1  1  0  0  0  0 -3],[-1  0  1  1  0 -1 -1 -1 -3],[-1 -1  0  1  0 -1 -2 -2 -1],[-1 -1 -1  0  1  0  0 -1  0],[ 0  0  0 -1  0  1  1  1  0],[ 0  1  1  0 -1  0  0  1 -2],[ 0  1  2  0 -1  0  0  1 -3],[ 0  1  2  1 -1 -1 -1  0 -3],[ 3  3  1  0  0  2  3  3  0]]",True,"[-1,-1,-1,0,0,0,0,3,-1,-1,0,1,1,1,3,-1,0,1,2,2,1,-1,0,0,1,0,-1,-1,-1,0,0,-1,2,-1,3,3]","[-3,0,0,0,0,1,1,1,0,0,1,3,1,3,4,-1,0,1,0,-1,1,1,1,0,-1,0,1,0,0,1,1,1,2,-1,-1,-1]",t^8+54t^6+153t^4+32t^2,"[-3,0,0,0,0,1,1,1,0,0,1,3,1,3,4,-1,0,1,0,-1,1,1,1,0,-1,0,1,0,0,1,1,1,2,-1,-1,-1]","[-1,-1,-1,0,0,0,0,3,-1,-1,0,1,1,2,4,-1,-1,-1,0,1,3,0,0,0,1,1,-1,-1,-1,0,0,-1,0,-1,1,3]","[-3,0,0,0,0,1,1,1,0,2,3,3,0,1,3,1,1,1,-1,0,0,0,1,0,1,1,1,0,2,1,1,2,1,-1,-1,-1]",c,"[[{8, 1}, {5, 7}, {3, 6}, {2, 4}], [{8, 1}, {5, 7}, {3, 6}, {4}, {2}], [{8, 4}, {6, 7}, {1, 5}, {2, 3}], [{8, 4}, {6, 7}, {1, 5}, {3}, {2}], [{8, 6}, {4, 7}, {1, 5}, {2, 3}], [{8, 6}, {4, 7}, {1, 5}, {3}, {2}], [{8, 7}, {2, 6}, {1, 5}, {3, 4}], [{8, 7}, {3, 6}, {1, 5}, {2, 4}], [{8, 7}, {3, 6}, {1, 5}, {4}, {2}], [{8, 7}, {4, 6}, {1, 5}, {2, 3}], [{8, 7}, {4, 6}, {1, 5}, {3}, {2}], [{8, 7}, {6}, {1, 5}, {3, 4}, {2}]]",1,- 8 K_1^2 - 2 K_1 K_2 + K_1 + 4 K_2 + K_3 + 5,O1O2O3U4O5U3U6O4U2U1O6U7U5O8O7U8,O1O2U3O4O5U6O3O7U1O6U7U5U4O8U2U8,O1O2U3O4O5U2O6O7U8U6O8U5U4U1O3U7,c,{'O1O2O3U4O5O4U6U5O7U3U2O8U7U1O6U8'},1,"<a href=""/flatknot/8.975994"">8.975994</a>",t^9-60t^7-146t^6+99t^5+270t^4+44t^3+144t^2+96t-32,t^3-3t,,
8.975995,O1O2O3U4O5O4U6U5O7U3U7O8U1U8O6U2,4,24z^2+109z+123,24w^3z^2+109w^2z+123w,False,False,"[[ 0 -1  1  0  1  0 -3  1  1],[ 1  0  1 -1  2 -1 -2  1  1],[-1 -1  0  0  0  0 -3  1  0],[ 0  1  0  0  1 -1 -2  1  0],[-1 -2  0 -1  0  0 -3  1  1],[ 0  1  0  1  0  0  0  0  0],[ 3  2  3  2  3  0  0  1  1],[-1 -1 -1 -1 -1  0 -1  0  0],[-1 -1  0  0 -1  0 -1  0  0]]","[[ 0  1  1  1  1  0  0 -1 -3],[-1  0  1  1  0  0 -1 -2 -3],[-1 -1  0  0  0  0  0 -1 -1],[-1 -1  0  0 -1  0 -1 -1 -1],[-1  0  0  1  0  0  0 -1 -3],[ 0  0  0  0  0  0  1  1  0],[ 0  1  0  1  0 -1  0  1 -2],[ 1  2  1  1  1 -1 -1  0 -2],[ 3  3  1  1  3  0  2  2  0]]",True,"[-1,-1,-1,-1,0,0,1,3,-1,-1,0,0,1,2,3,0,0,0,0,1,1,1,0,1,1,1,0,0,1,3,-1,-1,0,-1,2,2]","[-3,-1,0,0,1,1,1,1,0,1,3,1,1,3,3,2,2,0,1,1,1,1,0,1,0,1,1,1,1,1,0,-1,-1,-1,0,0]",t^8+43t^6+170t^4+50t^2+1,"[-3,-1,0,0,1,1,1,1,0,1,3,1,1,3,3,2,2,0,1,1,1,1,0,1,0,1,1,1,1,1,0,-1,-1,-1,0,0]","[-1,-1,-1,-1,0,0,1,3,-1,-1,0,0,1,1,3,0,0,1,1,1,1,1,0,1,0,1,1,1,1,3,-1,2,1,2,3,0]","[-3,-1,0,0,1,1,1,1,2,0,2,1,1,3,3,-1,-1,1,1,1,2,1,0,0,0,0,0,1,0,1,0,0,-1,-1,-1,0]",c,"[[{8, 1}, {2, 7}, {3, 6}, {4, 5}], [{8, 1}, {2, 7}, {3, 6}, {5}, {4}], [{8, 1}, {2, 7}, {4, 6}, {3, 5}], [{8, 1}, {2, 7}, {4, 6}, {5}, {3}], [{8, 1}, {2, 7}, {5, 6}, {3, 4}], [{8, 1}, {2, 7}, {6}, {5}, {3, 4}], [{8, 1}, {3, 7}, {2, 6}, {4, 5}], [{8, 1}, {3, 7}, {4, 6}, {2, 5}], [{8, 1}, {3, 7}, {5, 6}, {2, 4}], [{8, 1}, {3, 7}, {6}, {2, 5}, {4}], [{8, 1}, {4, 7}, {2, 6}, {3, 5}], [{8, 1}, {4, 7}, {2, 6}, {5}, {3}], [{8, 1}, {4, 7}, {3, 6}, {2, 5}], [{8, 1}, {4, 7}, {5, 6}, {2, 3}], [{8, 1}, {5, 7}, {2, 6}, {3, 4}], [{8, 1}, {5, 7}, {3, 6}, {2, 4}], [{8, 1}, {5, 7}, {4, 6}, {2, 3}], [{8, 1}, {5, 7}, {4, 6}, {3}, {2}], [{8, 1}, {6, 7}, {2, 5}, {3, 4}], [{8, 1}, {6, 7}, {3, 5}, {2, 4}], [{8, 1}, {6, 7}, {3, 5}, {4}, {2}], [{8, 1}, {6, 7}, {4, 5}, {2, 3}], [{8, 1}, {6, 7}, {5}, {2, 4}, {3}], [{8, 1}, {7}, {4, 6}, {2, 5}, {3}], [{8, 1}, {7}, {5, 6}, {3, 4}, {2}], [{8, 2}, {1, 7}, {3, 6}, {4, 5}], [{8, 2}, {1, 7}, {3, 6}, {5}, {4}], [{8, 2}, {1, 7}, {4, 6}, {3, 5}], [{8, 2}, {1, 7}, {4, 6}, {5}, {3}], [{8, 2}, {1, 7}, {5, 6}, {3, 4}], [{8, 2}, {1, 7}, {6}, {5}, {3, 4}], [{8, 2}, {3, 7}, {1, 6}, {4, 5}], [{8, 2}, {3, 7}, {4, 6}, {1, 5}], [{8, 2}, {3, 7}, {5, 6}, {1, 4}], [{8, 2}, {4, 7}, {1, 6}, {3, 5}], [{8, 2}, {4, 7}, {3, 6}, {1, 5}], [{8, 2}, {4, 7}, {5, 6}, {1, 3}], [{8, 2}, {4, 7}, {6}, {1, 5}, {3}], [{8, 2}, {4, 7}, {6}, {3, 5}, {1}], [{8, 2}, {4, 7}, {6}, {5}, {1, 3}], [{8, 2}, {5, 7}, {1, 6}, {3, 4}], [{8, 2}, {5, 7}, {1, 6}, {4}, {3}], [{8, 2}, {5, 7}, {3, 6}, {1, 4}], [{8, 2}, {5, 7}, {4, 6}, {1, 3}], [{8, 2}, {5, 7}, {4, 6}, {3}, {1}], [{8, 2}, {5, 7}, {6}, {1, 4}, {3}], [{8, 2}, {6, 7}, {1, 5}, {3, 4}], [{8, 2}, {6, 7}, {1, 5}, {4}, {3}], [{8, 2}, {6, 7}, {3, 5}, {1, 4}], [{8, 2}, {6, 7}, {4, 5}, {1, 3}], [{8, 2}, {6, 7}, {5}, {3, 4}, {1}], [{8, 2}, {7}, {1, 6}, {5}, {3, 4}], [{8, 2}, {7}, {4, 6}, {1, 5}, {3}], [{8, 3}, {1, 7}, {2, 6}, {4, 5}], [{8, 3}, {1, 7}, {4, 6}, {2, 5}], [{8, 3}, {1, 7}, {5, 6}, {2, 4}], [{8, 3}, {1, 7}, {6}, {2, 5}, {4}], [{8, 3}, {2, 7}, {1, 6}, {4, 5}], [{8, 3}, {2, 7}, {1, 6}, {5}, {4}], [{8, 3}, {2, 7}, {4, 6}, {1, 5}], [{8, 3}, {2, 7}, {5, 6}, {1, 4}], [{8, 3}, {4, 7}, {1, 6}, {2, 5}], [{8, 3}, {4, 7}, {2, 6}, {1, 5}], [{8, 3}, {4, 7}, {5, 6}, {1, 2}], [{8, 3}, {4, 7}, {6}, {1, 5}, {2}], [{8, 3}, {5, 7}, {1, 6}, {2, 4}], [{8, 3}, {5, 7}, {2, 6}, {1, 4}], [{8, 3}, {5, 7}, {4, 6}, {1, 2}], [{8, 3}, {6, 7}, {1, 5}, {2, 4}], [{8, 3}, {6, 7}, {1, 5}, {4}, {2}], [{8, 3}, {6, 7}, {2, 5}, {1, 4}], [{8, 3}, {6, 7}, {4, 5}, {1, 2}], [{8, 3}, {6, 7}, {5}, {2, 4}, {1}], [{8, 3}, {7}, {2, 6}, {4, 5}, {1}], [{8, 3}, {7}, {4, 6}, {1, 5}, {2}], [{8, 3}, {7}, {4, 6}, {2, 5}, {1}], [{8, 3}, {7}, {4, 6}, {5}, {1, 2}], [{8, 4}, {1, 7}, {2, 6}, {3, 5}], [{8, 4}, {1, 7}, {2, 6}, {5}, {3}], [{8, 4}, {1, 7}, {3, 6}, {2, 5}], [{8, 4}, {1, 7}, {5, 6}, {2, 3}], [{8, 4}, {2, 7}, {1, 6}, {3, 5}], [{8, 4}, {2, 7}, {3, 6}, {1, 5}], [{8, 4}, {2, 7}, {5, 6}, {1, 3}], [{8, 4}, {3, 7}, {1, 6}, {2, 5}], [{8, 4}, {3, 7}, {2, 6}, {1, 5}], [{8, 4}, {3, 7}, {5, 6}, {1, 2}], [{8, 4}, {5, 7}, {1, 6}, {2, 3}], [{8, 4}, {5, 7}, {1, 6}, {3}, {2}], [{8, 4}, {5, 7}, {2, 6}, {1, 3}], [{8, 4}, {5, 7}, {3, 6}, {1, 2}], [{8, 4}, {6, 7}, {1, 5}, {2, 3}], [{8, 4}, {6, 7}, {1, 5}, {3}, {2}], [{8, 4}, {6, 7}, {2, 5}, {1, 3}], [{8, 4}, {6, 7}, {2, 5}, {3}, {1}], [{8, 4}, {6, 7}, {3, 5}, {1, 2}], [{8, 4}, {6, 7}, {5}, {3}, {1, 2}], [{8, 4}, {7}, {5, 6}, {1, 3}, {2}], [{8, 5}, {1, 7}, {2, 6}, {3, 4}], [{8, 5}, {1, 7}, {3, 6}, {2, 4}], [{8, 5}, {1, 7}, {4, 6}, {2, 3}], [{8, 5}, {1, 7}, {4, 6}, {3}, {2}], [{8, 5}, {2, 7}, {1, 6}, {3, 4}], [{8, 5}, {2, 7}, {3, 6}, {1, 4}], [{8, 5}, {2, 7}, {3, 6}, {4}, {1}], [{8, 5}, {2, 7}, {4, 6}, {1, 3}], [{8, 5}, {2, 7}, {4, 6}, {3}, {1}], [{8, 5}, {2, 7}, {6}, {3, 4}, {1}], [{8, 5}, {3, 7}, {1, 6}, {2, 4}], [{8, 5}, {3, 7}, {1, 6}, {4}, {2}], [{8, 5}, {3, 7}, {2, 6}, {1, 4}], [{8, 5}, {3, 7}, {4, 6}, {1, 2}], [{8, 5}, {4, 7}, {1, 6}, {2, 3}], [{8, 5}, {4, 7}, {2, 6}, {1, 3}], [{8, 5}, {4, 7}, {2, 6}, {3}, {1}], [{8, 5}, {4, 7}, {3, 6}, {1, 2}], [{8, 5}, {6, 7}, {1, 4}, {2, 3}], [{8, 5}, {6, 7}, {2, 4}, {1, 3}], [{8, 5}, {6, 7}, {2, 4}, {3}, {1}], [{8, 5}, {6, 7}, {3, 4}, {1, 2}], [{8, 5}, {6, 7}, {4}, {1, 3}, {2}], [{8, 5}, {7}, {4, 6}, {3}, {1, 2}], [{8, 6}, {1, 7}, {2, 5}, {3, 4}], [{8, 6}, {1, 7}, {3, 5}, {2, 4}], [{8, 6}, {1, 7}, {4, 5}, {2, 3}], [{8, 6}, {1, 7}, {5}, {2, 4}, {3}], [{8, 6}, {2, 7}, {1, 5}, {3, 4}], [{8, 6}, {2, 7}, {3, 5}, {1, 4}], [{8, 6}, {2, 7}, {4, 5}, {1, 3}], [{8, 6}, {3, 7}, {1, 5}, {2, 4}], [{8, 6}, {3, 7}, {2, 5}, {1, 4}], [{8, 6}, {3, 7}, {4, 5}, {1, 2}], [{8, 6}, {3, 7}, {4, 5}, {2}, {1}], [{8, 6}, {4, 7}, {1, 5}, {2, 3}], [{8, 6}, {4, 7}, {1, 5}, {3}, {2}], [{8, 6}, {4, 7}, {2, 5}, {1, 3}], [{8, 6}, {4, 7}, {2, 5}, {3}, {1}], [{8, 6}, {4, 7}, {3, 5}, {1, 2}], [{8, 6}, {4, 7}, {5}, {3}, {1, 2}], [{8, 6}, {5, 7}, {1, 4}, {2, 3}], [{8, 6}, {5, 7}, {1, 4}, {3}, {2}], [{8, 6}, {5, 7}, {2, 4}, {1, 3}], [{8, 6}, {5, 7}, {3, 4}, {1, 2}], [{8, 6}, {5, 7}, {3, 4}, {2}, {1}], [{8, 6}, {5, 7}, {4}, {1, 3}, {2}], [{8, 7}, {1, 6}, {2, 5}, {3, 4}], [{8, 7}, {1, 6}, {3, 5}, {2, 4}], [{8, 7}, {1, 6}, {4, 5}, {2, 3}], [{8, 7}, {2, 6}, {1, 5}, {3, 4}], [{8, 7}, {2, 6}, {3, 5}, {1, 4}], [{8, 7}, {2, 6}, {4, 5}, {1, 3}], [{8, 7}, {2, 6}, {5}, {3, 4}, {1}], [{8, 7}, {3, 6}, {1, 5}, {2, 4}], [{8, 7}, {3, 6}, {2, 5}, {1, 4}], [{8, 7}, {3, 6}, {4, 5}, {1, 2}], [{8, 7}, {3, 6}, {5}, {2, 4}, {1}], [{8, 7}, {4, 6}, {1, 5}, {2, 3}], [{8, 7}, {4, 6}, {1, 5}, {3}, {2}], [{8, 7}, {4, 6}, {2, 5}, {1, 3}], [{8, 7}, {4, 6}, {2, 5}, {3}, {1}], [{8, 7}, {4, 6}, {3, 5}, {1, 2}], [{8, 7}, {4, 6}, {3, 5}, {2}, {1}], [{8, 7}, {4, 6}, {5}, {1, 3}, {2}], [{8, 7}, {4, 6}, {5}, {2, 3}, {1}], [{8, 7}, {4, 6}, {5}, {3}, {1, 2}], [{8, 7}, {4, 6}, {5}, {3}, {2}, {1}], [{8, 7}, {5, 6}, {1, 4}, {2, 3}], [{8, 7}, {5, 6}, {2, 4}, {1, 3}], [{8, 7}, {5, 6}, {3, 4}, {1, 2}], [{8}, {1, 7}, {4, 6}, {2, 5}, {3}], [{8}, {2, 7}, {3, 6}, {1, 5}, {4}], [{8}, {2, 7}, {4, 6}, {1, 5}, {3}], [{8}, {2, 7}, {6}, {1, 5}, {3, 4}], [{8}, {3, 7}, {2, 6}, {1, 5}, {4}], [{8}, {3, 7}, {4, 6}, {1, 5}, {2}], [{8}, {3, 7}, {4, 6}, {2, 5}, {1}], [{8}, {3, 7}, {4, 6}, {5}, {1, 2}], [{8}, {3, 7}, {5, 6}, {4}, {1, 2}], [{8}, {3, 7}, {6}, {1, 5}, {2, 4}], [{8}, {3, 7}, {6}, {4, 5}, {1, 2}], [{8}, {4, 7}, {2, 6}, {1, 5}, {3}], [{8}, {4, 7}, {3, 6}, {1, 5}, {2}], [{8}, {4, 7}, {6}, {1, 5}, {2, 3}], [{8}, {4, 7}, {6}, {1, 5}, {3}, {2}], [{8}, {5, 7}, {1, 6}, {2, 4}, {3}], [{8}, {5, 7}, {2, 6}, {1, 4}, {3}], [{8}, {5, 7}, {3, 6}, {4}, {1, 2}], [{8}, {5, 7}, {4, 6}, {3}, {1, 2}], [{8}, {5, 7}, {6}, {3, 4}, {1, 2}], [{8}, {6, 7}, {1, 5}, {2, 4}, {3}], [{8}, {6, 7}, {1, 5}, {3, 4}, {2}], [{8}, {6, 7}, {1, 5}, {4}, {2, 3}], [{8}, {6, 7}, {1, 5}, {4}, {3}, {2}], [{8}, {6, 7}, {3, 5}, {2, 4}, {1}], [{8}, {6, 7}, {5}, {2, 4}, {1, 3}], [{8}, {7}, {2, 6}, {1, 5}, {3, 4}], [{8}, {7}, {3, 6}, {1, 5}, {2, 4}], [{8}, {7}, {4, 6}, {1, 5}, {2, 3}], [{8}, {7}, {4, 6}, {1, 5}, {3}, {2}], [{8}, {7}, {4, 6}, {2, 5}, {1, 3}], [{8}, {7}, {4, 6}, {2, 5}, {3}, {1}], [{8}, {7}, {4, 6}, {3, 5}, {1, 2}], [{8}, {7}, {4, 6}, {5}, {3}, {1, 2}], [{8}, {7}, {5, 6}, {1, 4}, {2, 3}]]",2,4 K_1^3 - 20 K_1^2 - 2 K_1 K_2 - 2 K_1 + 10 K_2 + 11,O1O2O3U2O4U5U3O5U6U1O6U7U4O8O7U8,O1O2U3O4O3U5O6O5U1O7U6U7U4O8U2U8,O1O2U1O3O4U3O5O6U7U5O7U4U8U2O8U6,c,{'O1O2O3U4O5O4U6U5O7U3U7O8U1U8O6U2'},1,"<a href=""/flatknot/8.975995"">8.975995</a>",t^9-49t^7-112t^6+32t^5+158t^4+3t^3-54t^2+5t+10,t^3-3t,,
8.975996,O1O2O3U4O5O4U6U5O7U3U7O8U2U1O6U8,4,24z^2+109z+123,24w^3z^2+109w^2z+123w,False,False,"[[ 0  0  0  0  1  0 -3  1  1],[ 0  0  0 -1  1 -1 -3  1  1],[ 0  0  0 -1  1 -1 -2  1  0],[ 0  1  1  0  1 -1 -2  1 -1],[-1 -1 -1 -1  0  0 -3  1  1],[ 0  1  1  1  0  0  0  0 -1],[ 3  3  2  2  3  0  0  1  1],[-1 -1 -1 -1 -1  0 -1  0  0],[-1 -1  0  1 -1  1 -1  0  0]]","[[ 0  1  1  1  0  0  0  0 -3],[-1  0  1  1  0 -1 -1 -1 -3],[-1 -1  0  0  1  1  0 -1 -1],[-1 -1  0  0  0 -1 -1 -1 -1],[ 0  0 -1  0  0  1  1  1  0],[ 0  1 -1  1 -1  0  1  1 -2],[ 0  1  0  1 -1 -1  0  0 -2],[ 0  1  1  1 -1 -1  0  0 -3],[ 3  3  1  1  0  2  2  3  0]]",True,"[-1,-1,-1,0,0,0,0,3,-1,-1,0,1,1,1,3,0,-1,-1,0,1,1,0,1,1,1,1,-1,-1,-1,0,-1,-1,2,0,2,3]","[-3,0,0,0,0,1,1,1,0,1,1,3,1,3,3,0,1,1,0,0,0,1,1,0,0,1,1,0,0,2,1,1,2,-1,-1,0]",t^8+44t^6+219t^4+51t^2,"[-3,0,0,0,0,1,1,1,0,1,1,3,1,3,3,0,1,1,0,0,0,1,1,0,0,1,1,0,0,2,1,1,2,-1,-1,0]","[-1,-1,-1,0,0,0,0,3,-1,0,0,0,0,1,3,1,0,0,0,1,1,0,1,2,2,3,0,-1,-1,0,-1,-1,1,-1,1,3]","[-3,0,0,0,0,1,1,1,0,2,2,3,1,1,3,1,1,1,-1,0,0,-1,0,0,1,1,1,-1,1,1,1,1,1,0,-1,-1]",c,"[[{8, 1}, {2, 7}, {3, 6}, {4, 5}], [{8, 1}, {2, 7}, {4, 6}, {3, 5}], [{8, 1}, {2, 7}, {4, 6}, {5}, {3}], [{8, 1}, {2, 7}, {5, 6}, {3, 4}], [{8, 1}, {3, 7}, {2, 6}, {4, 5}], [{8, 1}, {3, 7}, {4, 6}, {2, 5}], [{8, 1}, {3, 7}, {4, 6}, {5}, {2}], [{8, 1}, {3, 7}, {5, 6}, {2, 4}], [{8, 1}, {3, 7}, {5, 6}, {4}, {2}], [{8, 1}, {3, 7}, {6}, {4, 5}, {2}], [{8, 1}, {4, 7}, {2, 6}, {3, 5}], [{8, 1}, {4, 7}, {3, 6}, {2, 5}], [{8, 1}, {4, 7}, {5, 6}, {2, 3}], [{8, 1}, {4, 7}, {6}, {2, 5}, {3}], [{8, 1}, {5, 7}, {2, 6}, {3, 4}], [{8, 1}, {5, 7}, {2, 6}, {4}, {3}], [{8, 1}, {5, 7}, {3, 6}, {2, 4}], [{8, 1}, {5, 7}, {3, 6}, {4}, {2}], [{8, 1}, {5, 7}, {4, 6}, {2, 3}], [{8, 1}, {5, 7}, {4, 6}, {3}, {2}], [{8, 1}, {5, 7}, {6}, {2, 4}, {3}], [{8, 1}, {5, 7}, {6}, {3, 4}, {2}], [{8, 1}, {5, 7}, {6}, {4}, {2, 3}], [{8, 1}, {6, 7}, {2, 5}, {3, 4}], [{8, 1}, {6, 7}, {2, 5}, {4}, {3}], [{8, 1}, {6, 7}, {3, 5}, {2, 4}], [{8, 1}, {6, 7}, {4, 5}, {2, 3}], [{8, 1}, {7}, {2, 6}, {5}, {3, 4}], [{8, 1}, {7}, {3, 6}, {5}, {2, 4}], [{8, 1}, {7}, {4, 6}, {2, 5}, {3}], [{8, 1}, {7}, {4, 6}, {3, 5}, {2}], [{8, 1}, {7}, {4, 6}, {5}, {2, 3}], [{8, 1}, {7}, {4, 6}, {5}, {3}, {2}], [{8, 2}, {1, 7}, {3, 6}, {4, 5}], [{8, 2}, {1, 7}, {4, 6}, {3, 5}], [{8, 2}, {1, 7}, {4, 6}, {5}, {3}], [{8, 2}, {1, 7}, {5, 6}, {3, 4}], [{8, 2}, {3, 7}, {1, 6}, {4, 5}], [{8, 2}, {3, 7}, {4, 6}, {1, 5}], [{8, 2}, {3, 7}, {5, 6}, {1, 4}], [{8, 2}, {3, 7}, {6}, {1, 5}, {4}], [{8, 2}, {4, 7}, {1, 6}, {3, 5}], [{8, 2}, {4, 7}, {3, 6}, {1, 5}], [{8, 2}, {4, 7}, {5, 6}, {1, 3}], [{8, 2}, {4, 7}, {6}, {1, 5}, {3}], [{8, 2}, {5, 7}, {1, 6}, {3, 4}], [{8, 2}, {5, 7}, {1, 6}, {4}, {3}], [{8, 2}, {5, 7}, {3, 6}, {1, 4}], [{8, 2}, {5, 7}, {4, 6}, {1, 3}], [{8, 2}, {5, 7}, {4, 6}, {3}, {1}], [{8, 2}, {5, 7}, {6}, {1, 4}, {3}], [{8, 2}, {6, 7}, {1, 5}, {3, 4}], [{8, 2}, {6, 7}, {1, 5}, {4}, {3}], [{8, 2}, {6, 7}, {3, 5}, {1, 4}], [{8, 2}, {6, 7}, {3, 5}, {4}, {1}], [{8, 2}, {6, 7}, {4, 5}, {1, 3}], [{8, 2}, {6, 7}, {5}, {4}, {1, 3}], [{8, 2}, {7}, {1, 6}, {5}, {3, 4}], [{8, 2}, {7}, {3, 6}, {1, 5}, {4}], [{8, 2}, {7}, {4, 6}, {1, 5}, {3}], [{8, 2}, {7}, {5, 6}, {3, 4}, {1}], [{8, 2}, {7}, {6}, {1, 5}, {3, 4}], [{8, 3}, {1, 7}, {2, 6}, {4, 5}], [{8, 3}, {1, 7}, {4, 6}, {2, 5}], [{8, 3}, {1, 7}, {4, 6}, {5}, {2}], [{8, 3}, {1, 7}, {5, 6}, {2, 4}], [{8, 3}, {2, 7}, {1, 6}, {4, 5}], [{8, 3}, {2, 7}, {4, 6}, {1, 5}], [{8, 3}, {2, 7}, {5, 6}, {1, 4}], [{8, 3}, {2, 7}, {6}, {1, 5}, {4}], [{8, 3}, {4, 7}, {1, 6}, {2, 5}], [{8, 3}, {4, 7}, {2, 6}, {1, 5}], [{8, 3}, {4, 7}, {5, 6}, {1, 2}], [{8, 3}, {5, 7}, {1, 6}, {2, 4}], [{8, 3}, {5, 7}, {2, 6}, {1, 4}], [{8, 3}, {5, 7}, {4, 6}, {1, 2}], [{8, 3}, {6, 7}, {1, 5}, {2, 4}], [{8, 3}, {6, 7}, {2, 5}, {1, 4}], [{8, 3}, {6, 7}, {4, 5}, {1, 2}], [{8, 3}, {6, 7}, {5}, {4}, {1, 2}], [{8, 3}, {7}, {1, 6}, {5}, {2, 4}], [{8, 3}, {7}, {4, 6}, {2, 5}, {1}], [{8, 3}, {7}, {5, 6}, {1, 4}, {2}], [{8, 4}, {1, 7}, {2, 6}, {3, 5}], [{8, 4}, {1, 7}, {3, 6}, {2, 5}], [{8, 4}, {1, 7}, {5, 6}, {2, 3}], [{8, 4}, {1, 7}, {6}, {2, 5}, {3}], [{8, 4}, {2, 7}, {1, 6}, {3, 5}], [{8, 4}, {2, 7}, {3, 6}, {1, 5}], [{8, 4}, {2, 7}, {5, 6}, {1, 3}], [{8, 4}, {2, 7}, {6}, {1, 5}, {3}], [{8, 4}, {3, 7}, {1, 6}, {2, 5}], [{8, 4}, {3, 7}, {2, 6}, {1, 5}], [{8, 4}, {3, 7}, {5, 6}, {1, 2}], [{8, 4}, {5, 7}, {1, 6}, {2, 3}], [{8, 4}, {5, 7}, {2, 6}, {1, 3}], [{8, 4}, {5, 7}, {3, 6}, {1, 2}], [{8, 4}, {6, 7}, {1, 5}, {2, 3}], [{8, 4}, {6, 7}, {1, 5}, {3}, {2}], [{8, 4}, {6, 7}, {2, 5}, {1, 3}], [{8, 4}, {6, 7}, {2, 5}, {3}, {1}], [{8, 4}, {6, 7}, {3, 5}, {1, 2}], [{8, 4}, {6, 7}, {3, 5}, {2}, {1}], [{8, 4}, {6, 7}, {5}, {1, 3}, {2}], [{8, 4}, {6, 7}, {5}, {2, 3}, {1}], [{8, 4}, {6, 7}, {5}, {3}, {1, 2}], [{8, 4}, {6, 7}, {5}, {3}, {2}, {1}], [{8, 4}, {7}, {1, 6}, {2, 5}, {3}], [{8, 4}, {7}, {2, 6}, {1, 5}, {3}], [{8, 5}, {1, 7}, {2, 6}, {3, 4}], [{8, 5}, {1, 7}, {3, 6}, {2, 4}], [{8, 5}, {1, 7}, {4, 6}, {2, 3}], [{8, 5}, {1, 7}, {4, 6}, {3}, {2}], [{8, 5}, {2, 7}, {1, 6}, {3, 4}], [{8, 5}, {2, 7}, {3, 6}, {1, 4}], [{8, 5}, {2, 7}, {4, 6}, {1, 3}], [{8, 5}, {2, 7}, {4, 6}, {3}, {1}], [{8, 5}, {3, 7}, {1, 6}, {2, 4}], [{8, 5}, {3, 7}, {2, 6}, {1, 4}], [{8, 5}, {3, 7}, {2, 6}, {4}, {1}], [{8, 5}, {3, 7}, {4, 6}, {1, 2}], [{8, 5}, {4, 7}, {1, 6}, {2, 3}], [{8, 5}, {4, 7}, {2, 6}, {1, 3}], [{8, 5}, {4, 7}, {3, 6}, {1, 2}], [{8, 5}, {6, 7}, {1, 4}, {2, 3}], [{8, 5}, {6, 7}, {2, 4}, {1, 3}], [{8, 5}, {6, 7}, {3, 4}, {1, 2}], [{8, 5}, {7}, {3, 6}, {1, 4}, {2}], [{8, 5}, {7}, {4, 6}, {3}, {1, 2}], [{8, 6}, {1, 7}, {2, 5}, {3, 4}], [{8, 6}, {1, 7}, {2, 5}, {4}, {3}], [{8, 6}, {1, 7}, {3, 5}, {2, 4}], [{8, 6}, {1, 7}, {4, 5}, {2, 3}], [{8, 6}, {2, 7}, {1, 5}, {3, 4}], [{8, 6}, {2, 7}, {1, 5}, {4}, {3}], [{8, 6}, {2, 7}, {3, 5}, {1, 4}], [{8, 6}, {2, 7}, {4, 5}, {1, 3}], [{8, 6}, {3, 7}, {1, 5}, {2, 4}], [{8, 6}, {3, 7}, {2, 5}, {1, 4}], [{8, 6}, {3, 7}, {4, 5}, {1, 2}], [{8, 6}, {3, 7}, {4, 5}, {2}, {1}], [{8, 6}, {4, 7}, {1, 5}, {2, 3}], [{8, 6}, {4, 7}, {1, 5}, {3}, {2}], [{8, 6}, {4, 7}, {2, 5}, {1, 3}], [{8, 6}, {4, 7}, {2, 5}, {3}, {1}], [{8, 6}, {4, 7}, {3, 5}, {1, 2}], [{8, 6}, {4, 7}, {3, 5}, {2}, {1}], [{8, 6}, {4, 7}, {5}, {1, 3}, {2}], [{8, 6}, {4, 7}, {5}, {2, 3}, {1}], [{8, 6}, {4, 7}, {5}, {3}, {1, 2}], [{8, 6}, {4, 7}, {5}, {3}, {2}, {1}], [{8, 6}, {5, 7}, {1, 4}, {2, 3}], [{8, 6}, {5, 7}, {2, 4}, {1, 3}], [{8, 6}, {5, 7}, {3, 4}, {1, 2}], [{8, 6}, {5, 7}, {3, 4}, {2}, {1}], [{8, 6}, {7}, {1, 5}, {2, 4}, {3}], [{8, 6}, {7}, {2, 5}, {1, 4}, {3}], [{8, 7}, {1, 6}, {2, 5}, {3, 4}], [{8, 7}, {1, 6}, {2, 5}, {4}, {3}], [{8, 7}, {1, 6}, {3, 5}, {2, 4}], [{8, 7}, {1, 6}, {4, 5}, {2, 3}], [{8, 7}, {2, 6}, {1, 5}, {3, 4}], [{8, 7}, {2, 6}, {1, 5}, {4}, {3}], [{8, 7}, {2, 6}, {3, 5}, {1, 4}], [{8, 7}, {2, 6}, {4, 5}, {1, 3}], [{8, 7}, {2, 6}, {5}, {3, 4}, {1}], [{8, 7}, {3, 6}, {1, 5}, {2, 4}], [{8, 7}, {3, 6}, {1, 5}, {4}, {2}], [{8, 7}, {3, 6}, {2, 5}, {1, 4}], [{8, 7}, {3, 6}, {4, 5}, {1, 2}], [{8, 7}, {3, 6}, {5}, {2, 4}, {1}], [{8, 7}, {4, 6}, {1, 5}, {2, 3}], [{8, 7}, {4, 6}, {1, 5}, {3}, {2}], [{8, 7}, {4, 6}, {2, 5}, {1, 3}], [{8, 7}, {4, 6}, {2, 5}, {3}, {1}], [{8, 7}, {4, 6}, {3, 5}, {1, 2}], [{8, 7}, {4, 6}, {3, 5}, {2}, {1}], [{8, 7}, {4, 6}, {5}, {1, 3}, {2}], [{8, 7}, {4, 6}, {5}, {2, 3}, {1}], [{8, 7}, {4, 6}, {5}, {3}, {1, 2}], [{8, 7}, {4, 6}, {5}, {3}, {2}, {1}], [{8, 7}, {5, 6}, {1, 4}, {2, 3}], [{8, 7}, {5, 6}, {2, 4}, {1, 3}], [{8, 7}, {5, 6}, {3, 4}, {1, 2}], [{8, 7}, {5, 6}, {4}, {1, 3}, {2}], [{8, 7}, {6}, {1, 5}, {2, 4}, {3}], [{8, 7}, {6}, {1, 5}, {3, 4}, {2}], [{8, 7}, {6}, {1, 5}, {4}, {2, 3}], [{8, 7}, {6}, {2, 5}, {1, 4}, {3}], [{8, 7}, {6}, {4, 5}, {1, 3}, {2}], [{8}, {1, 7}, {2, 6}, {5}, {3, 4}], [{8}, {1, 7}, {3, 6}, {5}, {2, 4}], [{8}, {1, 7}, {4, 6}, {2, 5}, {3}], [{8}, {1, 7}, {4, 6}, {3, 5}, {2}], [{8}, {1, 7}, {4, 6}, {5}, {2, 3}], [{8}, {1, 7}, {4, 6}, {5}, {3}, {2}], [{8}, {2, 7}, {3, 6}, {1, 5}, {4}], [{8}, {2, 7}, {4, 6}, {1, 5}, {3}], [{8}, {2, 7}, {6}, {1, 5}, {3, 4}], [{8}, {3, 7}, {1, 6}, {4, 5}, {2}], [{8}, {3, 7}, {4, 6}, {2, 5}, {1}], [{8}, {4, 7}, {1, 6}, {2, 5}, {3}], [{8}, {4, 7}, {2, 6}, {1, 5}, {3}], [{8}, {4, 7}, {6}, {3, 5}, {1, 2}], [{8}, {5, 7}, {1, 6}, {3, 4}, {2}], [{8}, {5, 7}, {4, 6}, {3}, {1, 2}], [{8}, {6, 7}, {1, 5}, {2, 4}, {3}], [{8}, {6, 7}, {2, 5}, {1, 4}, {3}], [{8}, {6, 7}, {3, 5}, {2, 4}, {1}], [{8}, {6, 7}, {5}, {2, 4}, {1, 3}], [{8}, {6, 7}, {5}, {3, 4}, {1, 2}], [{8}, {7}, {2, 6}, {4, 5}, {1, 3}], [{8}, {7}, {4, 6}, {2, 5}, {1, 3}], [{8}, {7}, {4, 6}, {2, 5}, {3}, {1}]]",2,- 8 K_1^2 - 2 K_1 K_2 + K_1 + 4 K_2 + K_3 + 5,O1O2O3U4O5U3U2O4U6U1O6U7U5O8O7U8,O1O2U3O4O3U5O6O7U1O5U7U6U4O8U2U8,O1O2U3O4O5U4O6O7U8U6O8U5U2U1O3U7,c,{'O1O2O3U4O5O4U6U5O7U3U7O8U2U1O6U8'},1,"<a href=""/flatknot/8.975996"">8.975996</a>",t^9-50t^7-122t^6+21t^5+232t^4+155t^3-22t^2-61t-14,t^3-3t,,
8.975997,O1O2O3U4O5O4U6U5O7U8U1O8U2U3O6U7,4,6z^3+31z^2+66z+57,6w^4z^3+31w^3z^2+66w^2z+57w,False,False,"[[ 0 -1  0  2  1  0 -3  2 -1],[ 1  0  0  1  2 -1 -1  1  1],[ 0  0  0  1  1 -1 -2  1  0],[-2 -1 -1  0 -1 -1 -3  0 -2],[-1 -2 -1  1  0  0 -3  2 -2],[ 0  1  1  1  0  0  0 -1  0],[ 3  1  2  3  3  0  0  2  2],[-2 -1 -1  0 -2  1 -2  0 -2],[ 1 -1  0  2  2  0 -2  2  0]]","[[ 0  2  2  1  0  0 -1 -1 -3],[-2  0  0 -1 -1 -1 -1 -2 -3],[-2  0  0 -2  1 -1 -1 -2 -2],[-1  1  2  0  0 -1 -2 -2 -3],[ 0  1 -1  0  0  1  1  0  0],[ 0  1  1  1 -1  0  0  0 -2],[ 1  1  1  2 -1  0  0  1 -1],[ 1  2  2  2  0  0 -1  0 -2],[ 3  3  2  3  0  2  1  2  0]]",True,"[-2,-2,-1,0,0,1,1,3,0,1,1,1,1,2,3,2,-1,1,1,2,2,0,1,2,2,3,-1,-1,0,0,0,0,2,-1,1,2]","[-3,-1,-1,0,0,1,2,2,0,1,1,3,1,2,3,1,1,1,0,1,1,1,2,0,2,2,1,0,1,1,1,1,3,0,-1,0]",t^8+62t^6+312t^4+114t^2+1,"[-3,-1,-1,0,0,1,2,2,0,1,1,3,1,2,3,1,1,1,0,1,1,1,2,0,2,2,1,0,1,1,1,1,3,0,-1,0]","[-2,-2,-1,0,0,1,1,3,0,-1,1,3,1,2,3,0,1,1,1,2,2,0,1,0,0,1,-1,1,1,1,1,2,3,-1,0,1]","[-3,-1,-1,0,0,1,2,2,1,2,0,2,3,2,3,1,-1,0,2,1,1,0,0,2,2,2,1,0,-1,1,1,1,1,2,1,0]",c,"[[{8, 1}, {2, 7}, {3, 6}, {4, 5}], [{8, 1}, {2, 7}, {4, 6}, {3, 5}], [{8, 1}, {2, 7}, {5, 6}, {3, 4}], [{8, 1}, {3, 7}, {2, 6}, {4, 5}], [{8, 1}, {3, 7}, {4, 6}, {2, 5}], [{8, 1}, {3, 7}, {4, 6}, {5}, {2}], [{8, 1}, {3, 7}, {5, 6}, {2, 4}], [{8, 1}, {3, 7}, {5, 6}, {4}, {2}], [{8, 1}, {3, 7}, {6}, {4, 5}, {2}], [{8, 1}, {4, 7}, {2, 6}, {3, 5}], [{8, 1}, {4, 7}, {3, 6}, {2, 5}], [{8, 1}, {4, 7}, {5, 6}, {2, 3}], [{8, 1}, {5, 7}, {2, 6}, {3, 4}], [{8, 1}, {5, 7}, {3, 6}, {2, 4}], [{8, 1}, {5, 7}, {4, 6}, {2, 3}], [{8, 1}, {6, 7}, {2, 5}, {3, 4}], [{8, 1}, {6, 7}, {3, 5}, {2, 4}], [{8, 1}, {6, 7}, {4, 5}, {2, 3}], [{8, 1}, {6, 7}, {4, 5}, {3}, {2}], [{8, 1}, {7}, {3, 6}, {4, 5}, {2}], [{8, 1}, {7}, {4, 6}, {2, 5}, {3}], [{8, 2}, {1, 7}, {3, 6}, {4, 5}], [{8, 2}, {1, 7}, {4, 6}, {3, 5}], [{8, 2}, {1, 7}, {4, 6}, {5}, {3}], [{8, 2}, {1, 7}, {5, 6}, {3, 4}], [{8, 2}, {1, 7}, {6}, {3, 5}, {4}], [{8, 2}, {3, 7}, {1, 6}, {4, 5}], [{8, 2}, {3, 7}, {4, 6}, {1, 5}], [{8, 2}, {3, 7}, {4, 6}, {5}, {1}], [{8, 2}, {3, 7}, {5, 6}, {1, 4}], [{8, 2}, {3, 7}, {5, 6}, {4}, {1}], [{8, 2}, {3, 7}, {6}, {4, 5}, {1}], [{8, 2}, {4, 7}, {1, 6}, {3, 5}], [{8, 2}, {4, 7}, {3, 6}, {1, 5}], [{8, 2}, {4, 7}, {3, 6}, {5}, {1}], [{8, 2}, {4, 7}, {5, 6}, {1, 3}], [{8, 2}, {4, 7}, {5, 6}, {3}, {1}], [{8, 2}, {4, 7}, {6}, {3, 5}, {1}], [{8, 2}, {5, 7}, {1, 6}, {3, 4}], [{8, 2}, {5, 7}, {3, 6}, {1, 4}], [{8, 2}, {5, 7}, {3, 6}, {4}, {1}], [{8, 2}, {5, 7}, {4, 6}, {1, 3}], [{8, 2}, {5, 7}, {4, 6}, {3}, {1}], [{8, 2}, {5, 7}, {6}, {3, 4}, {1}], [{8, 2}, {6, 7}, {1, 5}, {3, 4}], [{8, 2}, {6, 7}, {3, 5}, {1, 4}], [{8, 2}, {6, 7}, {3, 5}, {4}, {1}], [{8, 2}, {6, 7}, {4, 5}, {1, 3}], [{8, 2}, {6, 7}, {4, 5}, {3}, {1}], [{8, 2}, {6, 7}, {5}, {3, 4}, {1}], [{8, 2}, {7}, {1, 6}, {3, 5}, {4}], [{8, 2}, {7}, {3, 6}, {4, 5}, {1}], [{8, 2}, {7}, {4, 6}, {1, 5}, {3}], [{8, 2}, {7}, {4, 6}, {3, 5}, {1}], [{8, 2}, {7}, {4, 6}, {5}, {1, 3}], [{8, 2}, {7}, {4, 6}, {5}, {3}, {1}], [{8, 2}, {7}, {5, 6}, {3, 4}, {1}], [{8, 2}, {7}, {6}, {3, 5}, {1, 4}], [{8, 2}, {7}, {6}, {3, 5}, {4}, {1}], [{8, 3}, {1, 7}, {2, 6}, {4, 5}], [{8, 3}, {1, 7}, {4, 6}, {2, 5}], [{8, 3}, {1, 7}, {5, 6}, {2, 4}], [{8, 3}, {1, 7}, {5, 6}, {4}, {2}], [{8, 3}, {2, 7}, {1, 6}, {4, 5}], [{8, 3}, {2, 7}, {4, 6}, {1, 5}], [{8, 3}, {2, 7}, {4, 6}, {5}, {1}], [{8, 3}, {2, 7}, {5, 6}, {1, 4}], [{8, 3}, {4, 7}, {1, 6}, {2, 5}], [{8, 3}, {4, 7}, {2, 6}, {1, 5}], [{8, 3}, {4, 7}, {2, 6}, {5}, {1}], [{8, 3}, {4, 7}, {5, 6}, {1, 2}], [{8, 3}, {5, 7}, {1, 6}, {2, 4}], [{8, 3}, {5, 7}, {2, 6}, {1, 4}], [{8, 3}, {5, 7}, {4, 6}, {1, 2}], [{8, 3}, {5, 7}, {6}, {2, 4}, {1}], [{8, 3}, {6, 7}, {1, 5}, {2, 4}], [{8, 3}, {6, 7}, {1, 5}, {4}, {2}], [{8, 3}, {6, 7}, {2, 5}, {1, 4}], [{8, 3}, {6, 7}, {4, 5}, {1, 2}], [{8, 3}, {6, 7}, {4, 5}, {2}, {1}], [{8, 3}, {6, 7}, {5}, {1, 4}, {2}], [{8, 4}, {1, 7}, {2, 6}, {3, 5}], [{8, 4}, {1, 7}, {3, 6}, {2, 5}], [{8, 4}, {1, 7}, {3, 6}, {5}, {2}], [{8, 4}, {1, 7}, {5, 6}, {2, 3}], [{8, 4}, {2, 7}, {1, 6}, {3, 5}], [{8, 4}, {2, 7}, {3, 6}, {1, 5}], [{8, 4}, {2, 7}, {5, 6}, {1, 3}], [{8, 4}, {2, 7}, {6}, {1, 5}, {3}], [{8, 4}, {3, 7}, {1, 6}, {2, 5}], [{8, 4}, {3, 7}, {1, 6}, {5}, {2}], [{8, 4}, {3, 7}, {2, 6}, {1, 5}], [{8, 4}, {3, 7}, {5, 6}, {1, 2}], [{8, 4}, {3, 7}, {5, 6}, {2}, {1}], [{8, 4}, {3, 7}, {6}, {1, 5}, {2}], [{8, 4}, {5, 7}, {1, 6}, {2, 3}], [{8, 4}, {5, 7}, {2, 6}, {1, 3}], [{8, 4}, {5, 7}, {3, 6}, {1, 2}], [{8, 4}, {6, 7}, {1, 5}, {2, 3}], [{8, 4}, {6, 7}, {2, 5}, {1, 3}], [{8, 4}, {6, 7}, {3, 5}, {1, 2}], [{8, 4}, {6, 7}, {5}, {1, 3}, {2}], [{8, 4}, {6, 7}, {5}, {2, 3}, {1}], [{8, 4}, {6, 7}, {5}, {3}, {1, 2}], [{8, 4}, {7}, {1, 6}, {2, 5}, {3}], [{8, 4}, {7}, {6}, {1, 5}, {2, 3}], [{8, 5}, {1, 7}, {2, 6}, {3, 4}], [{8, 5}, {1, 7}, {3, 6}, {2, 4}], [{8, 5}, {1, 7}, {3, 6}, {4}, {2}], [{8, 5}, {1, 7}, {4, 6}, {2, 3}], [{8, 5}, {1, 7}, {6}, {2, 4}, {3}], [{8, 5}, {2, 7}, {1, 6}, {3, 4}], [{8, 5}, {2, 7}, {3, 6}, {1, 4}], [{8, 5}, {2, 7}, {4, 6}, {1, 3}], [{8, 5}, {3, 7}, {1, 6}, {2, 4}], [{8, 5}, {3, 7}, {1, 6}, {4}, {2}], [{8, 5}, {3, 7}, {2, 6}, {1, 4}], [{8, 5}, {3, 7}, {4, 6}, {1, 2}], [{8, 5}, {3, 7}, {4, 6}, {2}, {1}], [{8, 5}, {3, 7}, {6}, {1, 4}, {2}], [{8, 5}, {4, 7}, {1, 6}, {2, 3}], [{8, 5}, {4, 7}, {2, 6}, {1, 3}], [{8, 5}, {4, 7}, {3, 6}, {1, 2}], [{8, 5}, {4, 7}, {6}, {3}, {1, 2}], [{8, 5}, {6, 7}, {1, 4}, {2, 3}], [{8, 5}, {6, 7}, {2, 4}, {1, 3}], [{8, 5}, {6, 7}, {3, 4}, {1, 2}], [{8, 5}, {6, 7}, {4}, {1, 3}, {2}], [{8, 5}, {6, 7}, {4}, {2, 3}, {1}], [{8, 5}, {6, 7}, {4}, {3}, {1, 2}], [{8, 5}, {7}, {4, 6}, {3}, {1, 2}], [{8, 6}, {1, 7}, {2, 5}, {3, 4}], [{8, 6}, {1, 7}, {2, 5}, {4}, {3}], [{8, 6}, {1, 7}, {3, 5}, {2, 4}], [{8, 6}, {1, 7}, {4, 5}, {2, 3}], [{8, 6}, {2, 7}, {1, 5}, {3, 4}], [{8, 6}, {2, 7}, {3, 5}, {1, 4}], [{8, 6}, {2, 7}, {4, 5}, {1, 3}], [{8, 6}, {2, 7}, {5}, {1, 4}, {3}], [{8, 6}, {2, 7}, {5}, {3, 4}, {1}], [{8, 6}, {2, 7}, {5}, {4}, {1, 3}], [{8, 6}, {3, 7}, {1, 5}, {2, 4}], [{8, 6}, {3, 7}, {1, 5}, {4}, {2}], [{8, 6}, {3, 7}, {2, 5}, {1, 4}], [{8, 6}, {3, 7}, {4, 5}, {1, 2}], [{8, 6}, {3, 7}, {4, 5}, {2}, {1}], [{8, 6}, {3, 7}, {5}, {1, 4}, {2}], [{8, 6}, {4, 7}, {1, 5}, {2, 3}], [{8, 6}, {4, 7}, {2, 5}, {1, 3}], [{8, 6}, {4, 7}, {3, 5}, {1, 2}], [{8, 6}, {5, 7}, {1, 4}, {2, 3}], [{8, 6}, {5, 7}, {2, 4}, {1, 3}], [{8, 6}, {5, 7}, {3, 4}, {1, 2}], [{8, 6}, {7}, {5}, {1, 4}, {2, 3}], [{8, 7}, {1, 6}, {2, 5}, {3, 4}], [{8, 7}, {1, 6}, {3, 5}, {2, 4}], [{8, 7}, {1, 6}, {4, 5}, {2, 3}], [{8, 7}, {2, 6}, {1, 5}, {3, 4}], [{8, 7}, {2, 6}, {1, 5}, {4}, {3}], [{8, 7}, {2, 6}, {3, 5}, {1, 4}], [{8, 7}, {2, 6}, {4, 5}, {1, 3}], [{8, 7}, {3, 6}, {1, 5}, {2, 4}], [{8, 7}, {3, 6}, {1, 5}, {4}, {2}], [{8, 7}, {3, 6}, {2, 5}, {1, 4}], [{8, 7}, {3, 6}, {2, 5}, {4}, {1}], [{8, 7}, {3, 6}, {4, 5}, {1, 2}], [{8, 7}, {3, 6}, {4, 5}, {2}, {1}], [{8, 7}, {3, 6}, {5}, {1, 4}, {2}], [{8, 7}, {3, 6}, {5}, {2, 4}, {1}], [{8, 7}, {3, 6}, {5}, {4}, {1, 2}], [{8, 7}, {4, 6}, {1, 5}, {2, 3}], [{8, 7}, {4, 6}, {2, 5}, {1, 3}], [{8, 7}, {4, 6}, {3, 5}, {1, 2}], [{8, 7}, {4, 6}, {5}, {2, 3}, {1}], [{8, 7}, {5, 6}, {1, 4}, {2, 3}], [{8, 7}, {5, 6}, {2, 4}, {1, 3}], [{8, 7}, {5, 6}, {3, 4}, {1, 2}], [{8, 7}, {5, 6}, {4}, {1, 3}, {2}], [{8, 7}, {6}, {1, 5}, {4}, {2, 3}], [{8}, {1, 7}, {3, 6}, {4, 5}, {2}], [{8}, {2, 7}, {3, 6}, {4, 5}, {1}], [{8}, {3, 7}, {1, 6}, {4, 5}, {2}], [{8}, {3, 7}, {2, 6}, {4, 5}, {1}], [{8}, {3, 7}, {4, 6}, {1, 5}, {2}], [{8}, {3, 7}, {4, 6}, {2, 5}, {1}], [{8}, {3, 7}, {4, 6}, {5}, {1, 2}], [{8}, {3, 7}, {4, 6}, {5}, {2}, {1}], [{8}, {3, 7}, {5, 6}, {1, 4}, {2}], [{8}, {3, 7}, {5, 6}, {2, 4}, {1}], [{8}, {3, 7}, {5, 6}, {4}, {1, 2}], [{8}, {3, 7}, {5, 6}, {4}, {2}, {1}], [{8}, {3, 7}, {6}, {4, 5}, {1, 2}], [{8}, {3, 7}, {6}, {4, 5}, {2}, {1}], [{8}, {4, 7}, {6}, {1, 5}, {2, 3}], [{8}, {4, 7}, {6}, {2, 5}, {1, 3}], [{8}, {5, 7}, {1, 6}, {4}, {2, 3}], [{8}, {5, 7}, {2, 6}, {4}, {1, 3}], [{8}, {6, 7}, {4, 5}, {1, 3}, {2}], [{8}, {6, 7}, {4, 5}, {2, 3}, {1}], [{8}, {6, 7}, {4, 5}, {3}, {1, 2}], [{8}, {6, 7}, {4, 5}, {3}, {2}, {1}], [{8}, {7}, {3, 6}, {1, 5}, {2, 4}], [{8}, {7}, {3, 6}, {2, 5}, {1, 4}], [{8}, {7}, {3, 6}, {4, 5}, {1, 2}], [{8}, {7}, {3, 6}, {4, 5}, {2}, {1}]]",2,4 K_1^3 - 8 K_1^2 - 2 K_1 K_2 - 2 K_1 + 4 K_2 + 5,O1O2O3U4O5U1U2O6U3U6O4U7U5O8O7U8,O1O2U3O4O5U4O6O7U1O3U5U6U7O8U2U8,O1O2U3O4O3U5O6O7U8U6O8U1U2U4O5U7,c,"{'O1O2O3U4O5O4U6U5O7U2U8U1O8U3O6U7', 'O1O2O3U4O5O4U6U5O7U8U1O8U2U3O6U7'}",2,"<a href=""/flatknot/8.975997"">8.975997</a>",t^9-64t^7-238t^6-94t^5+488t^4+296t^3-176t^2-170t+26,t^3-2t^2+t,,
8.975998,O1O2O3U4O5O4U6U5O7U8U1O8U3U2O6U7,4,3z^3+30z^2+98z+101,3w^4z^3+30w^3z^2+98w^2z+101w,False,False,"[[ 0 -1  1  1  1  0 -3  2 -1],[ 1  0  1  0  2 -1 -1  1  1],[-1 -1  0  0  0 -1 -3  1 -1],[-1  0  0  0  0 -1 -2  0 -1],[-1 -2  0  0  0  0 -3  2 -2],[ 0  1  1  1  0  0  0 -1  0],[ 3  1  3  2  3  0  0  2  2],[-2 -1 -1  0 -2  1 -2  0 -2],[ 1 -1  1  1  2  0 -2  2  0]]","[[ 0  2  1  1  1  0 -1 -1 -3],[-2  0  0 -1 -2  1 -1 -2 -2],[-1  0  0  0  0 -1  0 -1 -2],[-1  1  0  0  0 -1 -1 -1 -3],[-1  2  0  0  0  0 -2 -2 -3],[ 0 -1  1  1  0  0  1  0  0],[ 1  1  0  1  2 -1  0  1 -1],[ 1  2  1  1  2  0 -1  0 -2],[ 3  2  2  3  3  0  1  2  0]]",True,"[-2,-1,-1,-1,0,1,1,3,0,1,2,-1,1,2,2,0,0,1,0,1,2,0,1,1,1,3,0,2,2,3,-1,0,0,-1,1,2]","[-3,-1,-1,0,1,1,1,2,0,1,3,1,1,2,3,1,1,0,1,1,1,2,0,1,2,2,1,0,0,3,0,0,-1,0,0,1]",t^8+57t^6+294t^4+125t^2+9,"[-3,-1,-1,0,1,1,1,2,0,1,3,1,1,2,3,1,1,0,1,1,1,2,0,1,2,2,1,0,0,3,0,0,-1,0,0,1]","[-2,-1,-1,-1,0,1,1,3,-1,0,1,3,1,2,3,0,0,1,0,0,1,0,0,1,1,1,0,1,2,2,1,2,3,-1,0,1]","[-3,-1,-1,0,1,1,1,2,1,2,0,2,3,3,2,1,-1,0,1,2,1,0,1,1,2,2,1,1,0,-1,0,0,0,0,1,2]",c,"[[{8, 1}, {2, 7}, {3, 6}, {4, 5}], [{8, 1}, {2, 7}, {4, 6}, {3, 5}], [{8, 1}, {2, 7}, {5, 6}, {3, 4}], [{8, 1}, {2, 7}, {6}, {4, 5}, {3}], [{8, 1}, {3, 7}, {2, 6}, {4, 5}], [{8, 1}, {3, 7}, {4, 6}, {2, 5}], [{8, 1}, {3, 7}, {4, 6}, {5}, {2}], [{8, 1}, {3, 7}, {5, 6}, {2, 4}], [{8, 1}, {3, 7}, {6}, {2, 5}, {4}], [{8, 1}, {4, 7}, {2, 6}, {3, 5}], [{8, 1}, {4, 7}, {2, 6}, {5}, {3}], [{8, 1}, {4, 7}, {3, 6}, {2, 5}], [{8, 1}, {4, 7}, {5, 6}, {2, 3}], [{8, 1}, {5, 7}, {2, 6}, {3, 4}], [{8, 1}, {5, 7}, {3, 6}, {2, 4}], [{8, 1}, {5, 7}, {4, 6}, {2, 3}], [{8, 1}, {5, 7}, {6}, {2, 4}, {3}], [{8, 1}, {6, 7}, {2, 5}, {3, 4}], [{8, 1}, {6, 7}, {3, 5}, {2, 4}], [{8, 1}, {6, 7}, {4, 5}, {2, 3}], [{8, 1}, {6, 7}, {5}, {2, 4}, {3}], [{8, 1}, {7}, {5, 6}, {2, 4}, {3}], [{8, 2}, {1, 7}, {3, 6}, {4, 5}], [{8, 2}, {1, 7}, {4, 6}, {3, 5}], [{8, 2}, {1, 7}, {5, 6}, {3, 4}], [{8, 2}, {1, 7}, {5, 6}, {4}, {3}], [{8, 2}, {3, 7}, {1, 6}, {4, 5}], [{8, 2}, {3, 7}, {1, 6}, {5}, {4}], [{8, 2}, {3, 7}, {4, 6}, {1, 5}], [{8, 2}, {3, 7}, {4, 6}, {5}, {1}], [{8, 2}, {3, 7}, {5, 6}, {1, 4}], [{8, 2}, {3, 7}, {6}, {5}, {1, 4}], [{8, 2}, {4, 7}, {1, 6}, {3, 5}], [{8, 2}, {4, 7}, {3, 6}, {1, 5}], [{8, 2}, {4, 7}, {5, 6}, {1, 3}], [{8, 2}, {4, 7}, {6}, {1, 5}, {3}], [{8, 2}, {5, 7}, {1, 6}, {3, 4}], [{8, 2}, {5, 7}, {3, 6}, {1, 4}], [{8, 2}, {5, 7}, {3, 6}, {4}, {1}], [{8, 2}, {5, 7}, {4, 6}, {1, 3}], [{8, 2}, {6, 7}, {1, 5}, {3, 4}], [{8, 2}, {6, 7}, {3, 5}, {1, 4}], [{8, 2}, {6, 7}, {4, 5}, {1, 3}], [{8, 2}, {6, 7}, {5}, {1, 4}, {3}], [{8, 2}, {7}, {3, 6}, {5}, {1, 4}], [{8, 2}, {7}, {6}, {4, 5}, {1, 3}], [{8, 3}, {1, 7}, {2, 6}, {4, 5}], [{8, 3}, {1, 7}, {4, 6}, {2, 5}], [{8, 3}, {1, 7}, {4, 6}, {5}, {2}], [{8, 3}, {1, 7}, {5, 6}, {2, 4}], [{8, 3}, {1, 7}, {6}, {2, 5}, {4}], [{8, 3}, {2, 7}, {1, 6}, {4, 5}], [{8, 3}, {2, 7}, {4, 6}, {1, 5}], [{8, 3}, {2, 7}, {4, 6}, {5}, {1}], [{8, 3}, {2, 7}, {5, 6}, {1, 4}], [{8, 3}, {4, 7}, {1, 6}, {2, 5}], [{8, 3}, {4, 7}, {2, 6}, {1, 5}], [{8, 3}, {4, 7}, {5, 6}, {1, 2}], [{8, 3}, {4, 7}, {6}, {1, 5}, {2}], [{8, 3}, {4, 7}, {6}, {2, 5}, {1}], [{8, 3}, {4, 7}, {6}, {5}, {1, 2}], [{8, 3}, {5, 7}, {1, 6}, {2, 4}], [{8, 3}, {5, 7}, {2, 6}, {1, 4}], [{8, 3}, {5, 7}, {4, 6}, {1, 2}], [{8, 3}, {5, 7}, {4, 6}, {2}, {1}], [{8, 3}, {6, 7}, {1, 5}, {2, 4}], [{8, 3}, {6, 7}, {1, 5}, {4}, {2}], [{8, 3}, {6, 7}, {2, 5}, {1, 4}], [{8, 3}, {6, 7}, {2, 5}, {4}, {1}], [{8, 3}, {6, 7}, {4, 5}, {1, 2}], [{8, 3}, {6, 7}, {5}, {4}, {1, 2}], [{8, 3}, {7}, {1, 6}, {2, 5}, {4}], [{8, 3}, {7}, {2, 6}, {4, 5}, {1}], [{8, 3}, {7}, {4, 6}, {1, 5}, {2}], [{8, 3}, {7}, {4, 6}, {2, 5}, {1}], [{8, 3}, {7}, {4, 6}, {5}, {1, 2}], [{8, 3}, {7}, {4, 6}, {5}, {2}, {1}], [{8, 3}, {7}, {5, 6}, {2, 4}, {1}], [{8, 3}, {7}, {6}, {2, 5}, {1, 4}], [{8, 3}, {7}, {6}, {2, 5}, {4}, {1}], [{8, 4}, {1, 7}, {2, 6}, {3, 5}], [{8, 4}, {1, 7}, {3, 6}, {2, 5}], [{8, 4}, {1, 7}, {5, 6}, {2, 3}], [{8, 4}, {1, 7}, {5, 6}, {3}, {2}], [{8, 4}, {2, 7}, {1, 6}, {3, 5}], [{8, 4}, {2, 7}, {3, 6}, {1, 5}], [{8, 4}, {2, 7}, {5, 6}, {1, 3}], [{8, 4}, {2, 7}, {6}, {1, 5}, {3}], [{8, 4}, {2, 7}, {6}, {3, 5}, {1}], [{8, 4}, {2, 7}, {6}, {5}, {1, 3}], [{8, 4}, {3, 7}, {1, 6}, {2, 5}], [{8, 4}, {3, 7}, {2, 6}, {1, 5}], [{8, 4}, {3, 7}, {5, 6}, {1, 2}], [{8, 4}, {3, 7}, {6}, {1, 5}, {2}], [{8, 4}, {3, 7}, {6}, {2, 5}, {1}], [{8, 4}, {3, 7}, {6}, {5}, {1, 2}], [{8, 4}, {5, 7}, {1, 6}, {2, 3}], [{8, 4}, {5, 7}, {1, 6}, {3}, {2}], [{8, 4}, {5, 7}, {2, 6}, {1, 3}], [{8, 4}, {5, 7}, {3, 6}, {1, 2}], [{8, 4}, {6, 7}, {1, 5}, {2, 3}], [{8, 4}, {6, 7}, {1, 5}, {3}, {2}], [{8, 4}, {6, 7}, {2, 5}, {1, 3}], [{8, 4}, {6, 7}, {2, 5}, {3}, {1}], [{8, 4}, {6, 7}, {3, 5}, {1, 2}], [{8, 4}, {6, 7}, {3, 5}, {2}, {1}], [{8, 4}, {6, 7}, {5}, {1, 3}, {2}], [{8, 4}, {6, 7}, {5}, {2, 3}, {1}], [{8, 4}, {6, 7}, {5}, {3}, {1, 2}], [{8, 4}, {6, 7}, {5}, {3}, {2}, {1}], [{8, 4}, {7}, {2, 6}, {1, 5}, {3}], [{8, 4}, {7}, {2, 6}, {3, 5}, {1}], [{8, 4}, {7}, {2, 6}, {5}, {1, 3}], [{8, 4}, {7}, {3, 6}, {1, 5}, {2}], [{8, 4}, {7}, {3, 6}, {2, 5}, {1}], [{8, 4}, {7}, {3, 6}, {5}, {1, 2}], [{8, 4}, {7}, {6}, {1, 5}, {2, 3}], [{8, 4}, {7}, {6}, {1, 5}, {3}, {2}], [{8, 5}, {1, 7}, {2, 6}, {3, 4}], [{8, 5}, {1, 7}, {3, 6}, {2, 4}], [{8, 5}, {1, 7}, {3, 6}, {4}, {2}], [{8, 5}, {1, 7}, {4, 6}, {2, 3}], [{8, 5}, {2, 7}, {1, 6}, {3, 4}], [{8, 5}, {2, 7}, {3, 6}, {1, 4}], [{8, 5}, {2, 7}, {4, 6}, {1, 3}], [{8, 5}, {3, 7}, {1, 6}, {2, 4}], [{8, 5}, {3, 7}, {1, 6}, {4}, {2}], [{8, 5}, {3, 7}, {2, 6}, {1, 4}], [{8, 5}, {3, 7}, {4, 6}, {1, 2}], [{8, 5}, {3, 7}, {4, 6}, {2}, {1}], [{8, 5}, {3, 7}, {6}, {1, 4}, {2}], [{8, 5}, {4, 7}, {1, 6}, {2, 3}], [{8, 5}, {4, 7}, {2, 6}, {1, 3}], [{8, 5}, {4, 7}, {2, 6}, {3}, {1}], [{8, 5}, {4, 7}, {3, 6}, {1, 2}], [{8, 5}, {6, 7}, {1, 4}, {2, 3}], [{8, 5}, {6, 7}, {2, 4}, {1, 3}], [{8, 5}, {6, 7}, {3, 4}, {1, 2}], [{8, 5}, {6, 7}, {4}, {1, 3}, {2}], [{8, 5}, {6, 7}, {4}, {2, 3}, {1}], [{8, 5}, {6, 7}, {4}, {3}, {1, 2}], [{8, 5}, {7}, {6}, {2, 4}, {1, 3}], [{8, 6}, {1, 7}, {2, 5}, {3, 4}], [{8, 6}, {1, 7}, {3, 5}, {2, 4}], [{8, 6}, {1, 7}, {4, 5}, {2, 3}], [{8, 6}, {1, 7}, {5}, {3, 4}, {2}], [{8, 6}, {2, 7}, {1, 5}, {3, 4}], [{8, 6}, {2, 7}, {3, 5}, {1, 4}], [{8, 6}, {2, 7}, {4, 5}, {1, 3}], [{8, 6}, {2, 7}, {5}, {3, 4}, {1}], [{8, 6}, {3, 7}, {1, 5}, {2, 4}], [{8, 6}, {3, 7}, {1, 5}, {4}, {2}], [{8, 6}, {3, 7}, {2, 5}, {1, 4}], [{8, 6}, {3, 7}, {2, 5}, {4}, {1}], [{8, 6}, {3, 7}, {4, 5}, {1, 2}], [{8, 6}, {3, 7}, {5}, {4}, {1, 2}], [{8, 6}, {4, 7}, {1, 5}, {2, 3}], [{8, 6}, {4, 7}, {1, 5}, {3}, {2}], [{8, 6}, {4, 7}, {2, 5}, {1, 3}], [{8, 6}, {4, 7}, {2, 5}, {3}, {1}], [{8, 6}, {4, 7}, {3, 5}, {1, 2}], [{8, 6}, {4, 7}, {5}, {3}, {1, 2}], [{8, 6}, {5, 7}, {1, 4}, {2, 3}], [{8, 6}, {5, 7}, {2, 4}, {1, 3}], [{8, 6}, {5, 7}, {3, 4}, {1, 2}], [{8, 6}, {5, 7}, {3, 4}, {2}, {1}], [{8, 6}, {5, 7}, {4}, {3}, {1, 2}], [{8, 6}, {7}, {1, 5}, {3, 4}, {2}], [{8, 6}, {7}, {2, 5}, {3, 4}, {1}], [{8, 6}, {7}, {3, 5}, {4}, {1, 2}], [{8, 6}, {7}, {4, 5}, {3}, {1, 2}], [{8, 6}, {7}, {5}, {1, 4}, {2, 3}], [{8, 6}, {7}, {5}, {2, 4}, {1, 3}], [{8, 6}, {7}, {5}, {3, 4}, {1, 2}], [{8, 6}, {7}, {5}, {3, 4}, {2}, {1}], [{8, 6}, {7}, {5}, {4}, {3}, {1, 2}], [{8, 7}, {1, 6}, {2, 5}, {3, 4}], [{8, 7}, {1, 6}, {2, 5}, {4}, {3}], [{8, 7}, {1, 6}, {3, 5}, {2, 4}], [{8, 7}, {1, 6}, {4, 5}, {2, 3}], [{8, 7}, {1, 6}, {4, 5}, {3}, {2}], [{8, 7}, {1, 6}, {5}, {2, 4}, {3}], [{8, 7}, {2, 6}, {1, 5}, {3, 4}], [{8, 7}, {2, 6}, {1, 5}, {4}, {3}], [{8, 7}, {2, 6}, {3, 5}, {1, 4}], [{8, 7}, {2, 6}, {4, 5}, {1, 3}], [{8, 7}, {2, 6}, {4, 5}, {3}, {1}], [{8, 7}, {2, 6}, {5}, {1, 4}, {3}], [{8, 7}, {3, 6}, {1, 5}, {2, 4}], [{8, 7}, {3, 6}, {1, 5}, {4}, {2}], [{8, 7}, {3, 6}, {2, 5}, {1, 4}], [{8, 7}, {3, 6}, {2, 5}, {4}, {1}], [{8, 7}, {3, 6}, {4, 5}, {1, 2}], [{8, 7}, {3, 6}, {5}, {4}, {1, 2}], [{8, 7}, {4, 6}, {1, 5}, {2, 3}], [{8, 7}, {4, 6}, {1, 5}, {3}, {2}], [{8, 7}, {4, 6}, {2, 5}, {1, 3}], [{8, 7}, {4, 6}, {2, 5}, {3}, {1}], [{8, 7}, {4, 6}, {3, 5}, {1, 2}], [{8, 7}, {4, 6}, {3, 5}, {2}, {1}], [{8, 7}, {4, 6}, {5}, {1, 3}, {2}], [{8, 7}, {4, 6}, {5}, {2, 3}, {1}], [{8, 7}, {4, 6}, {5}, {3}, {1, 2}], [{8, 7}, {4, 6}, {5}, {3}, {2}, {1}], [{8, 7}, {5, 6}, {1, 4}, {2, 3}], [{8, 7}, {5, 6}, {1, 4}, {3}, {2}], [{8, 7}, {5, 6}, {2, 4}, {1, 3}], [{8, 7}, {5, 6}, {2, 4}, {3}, {1}], [{8, 7}, {5, 6}, {3, 4}, {1, 2}], [{8, 7}, {5, 6}, {4}, {3}, {1, 2}], [{8, 7}, {6}, {1, 5}, {2, 4}, {3}], [{8, 7}, {6}, {1, 5}, {3, 4}, {2}], [{8, 7}, {6}, {1, 5}, {4}, {2, 3}], [{8, 7}, {6}, {1, 5}, {4}, {3}, {2}], [{8, 7}, {6}, {2, 5}, {1, 4}, {3}], [{8, 7}, {6}, {2, 5}, {3, 4}, {1}], [{8, 7}, {6}, {2, 5}, {4}, {1, 3}], [{8, 7}, {6}, {2, 5}, {4}, {3}, {1}], [{8, 7}, {6}, {3, 5}, {4}, {1, 2}], [{8, 7}, {6}, {4, 5}, {3}, {1, 2}], [{8, 7}, {6}, {5}, {3, 4}, {1, 2}], [{8, 7}, {6}, {5}, {4}, {3}, {1, 2}], [{8}, {1, 7}, {5, 6}, {2, 4}, {3}], [{8}, {2, 7}, {3, 6}, {4, 5}, {1}], [{8}, {3, 7}, {1, 6}, {2, 5}, {4}], [{8}, {3, 7}, {2, 6}, {4, 5}, {1}], [{8}, {3, 7}, {4, 6}, {1, 5}, {2}], [{8}, {3, 7}, {4, 6}, {2, 5}, {1}], [{8}, {3, 7}, {4, 6}, {5}, {1, 2}], [{8}, {3, 7}, {4, 6}, {5}, {2}, {1}], [{8}, {3, 7}, {5, 6}, {2, 4}, {1}], [{8}, {3, 7}, {6}, {2, 5}, {1, 4}], [{8}, {3, 7}, {6}, {2, 5}, {4}, {1}], [{8}, {4, 7}, {2, 6}, {1, 5}, {3}], [{8}, {4, 7}, {3, 6}, {1, 5}, {2}], [{8}, {4, 7}, {3, 6}, {2, 5}, {1}], [{8}, {4, 7}, {3, 6}, {5}, {1, 2}], [{8}, {4, 7}, {6}, {1, 5}, {2, 3}], [{8}, {4, 7}, {6}, {1, 5}, {3}, {2}], [{8}, {5, 7}, {1, 6}, {4}, {2, 3}], [{8}, {5, 7}, {2, 6}, {4}, {1, 3}], [{8}, {5, 7}, {3, 6}, {1, 4}, {2}], [{8}, {6, 7}, {1, 5}, {3, 4}, {2}], [{8}, {6, 7}, {2, 5}, {3, 4}, {1}], [{8}, {6, 7}, {3, 5}, {4}, {1, 2}], [{8}, {6, 7}, {4, 5}, {1, 3}, {2}], [{8}, {6, 7}, {4, 5}, {2, 3}, {1}], [{8}, {6, 7}, {4, 5}, {3}, {1, 2}], [{8}, {6, 7}, {5}, {3, 4}, {1, 2}], [{8}, {6, 7}, {5}, {4}, {3}, {1, 2}], [{8}, {7}, {5, 6}, {2, 4}, {1, 3}]]",2,- 6 K_1^2 - 2 K_1 K_2 + K_1 + 3 K_2 + K_3 + 4,O1O2O3U4O5U2U1O6U3U6O4U7U5O8O7U8,O1O2U3O4O5U4O6O7U1O3U5U7U6O8U2U8,O1O2U3O4O3U5O6O7U8U6O8U2U1U4O5U7,c,{'O1O2O3U4O5O4U6U5O7U8U1O8U3U2O6U7'},1,"<a href=""/flatknot/8.975998"">8.975998</a>",t^9-61t^7-180t^6+29t^5+436t^4+169t^3-274t^2-152t+24,t^3-t^2-t,,
8.975999,O1O2O3U4O5O4U6U5O7U8U1O8U3U7O6U2,4,30z^2+115z+111,30w^3z^2+115w^2z+111w,False,False,"[[ 0 -1  1  1  1  0 -3  2 -1],[ 1  0  1  0  2 -1 -1  1  1],[-1 -1  0  0  0  0 -3  1 -1],[-1  0  0  0  0 -1 -3  1 -1],[-1 -2  0  0  0  0 -3  2 -2],[ 0  1  0  1  0  0  0  0  0],[ 3  1  3  3  3  0  0  2  2],[-2 -1 -1 -1 -2  0 -2  0 -2],[ 1 -1  1  1  2  0 -2  2  0]]","[[ 0  2  1  1  1  0 -1 -1 -3],[-2  0 -1 -1 -2  0 -1 -2 -2],[-1  1  0  0  0  0 -1 -1 -3],[-1  1  0  0  0 -1  0 -1 -3],[-1  2  0  0  0  0 -2 -2 -3],[ 0  0  0  1  0  0  1  0  0],[ 1  1  1  0  2 -1  0  1 -1],[ 1  2  1  1  2  0 -1  0 -2],[ 3  2  3  3  3  0  1  2  0]]",True,"[-2,-1,-1,-1,0,1,1,3,1,1,2,0,1,2,2,0,0,0,1,1,3,0,1,0,1,3,0,2,2,3,-1,0,0,-1,1,2]","[-3,-1,-1,0,1,1,1,2,0,1,3,1,1,1,3,1,1,0,1,1,1,2,0,1,2,2,1,1,0,2,0,0,-1,0,0,0]",t^8+61t^6+247t^4+95t^2,"[-3,-1,-1,0,1,1,1,2,0,1,3,1,1,1,3,1,1,0,1,1,1,2,0,1,2,2,1,1,0,2,0,0,-1,0,0,0]","[-2,-1,-1,-1,0,1,1,3,-1,0,0,2,1,2,3,0,0,1,0,0,1,0,0,1,2,1,1,1,1,1,1,2,3,-1,0,1]","[-3,-1,-1,0,1,1,1,2,1,2,0,3,3,3,2,1,-1,0,1,2,1,0,1,1,2,2,1,0,0,0,0,0,1,0,1,2]",c,"[[{8, 1}, {2, 7}, {3, 6}, {4, 5}], [{8, 1}, {2, 7}, {4, 6}, {3, 5}], [{8, 1}, {2, 7}, {5, 6}, {3, 4}], [{8, 1}, {2, 7}, {6}, {4, 5}, {3}], [{8, 1}, {3, 7}, {2, 6}, {4, 5}], [{8, 1}, {3, 7}, {4, 6}, {2, 5}], [{8, 1}, {3, 7}, {5, 6}, {2, 4}], [{8, 1}, {4, 7}, {2, 6}, {3, 5}], [{8, 1}, {4, 7}, {2, 6}, {5}, {3}], [{8, 1}, {4, 7}, {3, 6}, {2, 5}], [{8, 1}, {4, 7}, {5, 6}, {2, 3}], [{8, 1}, {5, 7}, {2, 6}, {3, 4}], [{8, 1}, {5, 7}, {3, 6}, {2, 4}], [{8, 1}, {5, 7}, {3, 6}, {4}, {2}], [{8, 1}, {5, 7}, {4, 6}, {2, 3}], [{8, 1}, {6, 7}, {2, 5}, {3, 4}], [{8, 1}, {6, 7}, {3, 5}, {2, 4}], [{8, 1}, {6, 7}, {4, 5}, {2, 3}], [{8, 1}, {7}, {3, 6}, {5}, {2, 4}], [{8, 1}, {7}, {4, 6}, {2, 5}, {3}], [{8, 1}, {7}, {4, 6}, {3, 5}, {2}], [{8, 1}, {7}, {4, 6}, {5}, {2, 3}], [{8, 2}, {1, 7}, {3, 6}, {4, 5}], [{8, 2}, {1, 7}, {4, 6}, {3, 5}], [{8, 2}, {1, 7}, {4, 6}, {5}, {3}], [{8, 2}, {1, 7}, {5, 6}, {3, 4}], [{8, 2}, {3, 7}, {1, 6}, {4, 5}], [{8, 2}, {3, 7}, {4, 6}, {1, 5}], [{8, 2}, {3, 7}, {4, 6}, {5}, {1}], [{8, 2}, {3, 7}, {5, 6}, {1, 4}], [{8, 2}, {4, 7}, {1, 6}, {3, 5}], [{8, 2}, {4, 7}, {3, 6}, {1, 5}], [{8, 2}, {4, 7}, {5, 6}, {1, 3}], [{8, 2}, {4, 7}, {5, 6}, {3}, {1}], [{8, 2}, {4, 7}, {6}, {5}, {1, 3}], [{8, 2}, {5, 7}, {1, 6}, {3, 4}], [{8, 2}, {5, 7}, {1, 6}, {4}, {3}], [{8, 2}, {5, 7}, {3, 6}, {1, 4}], [{8, 2}, {5, 7}, {3, 6}, {4}, {1}], [{8, 2}, {5, 7}, {4, 6}, {1, 3}], [{8, 2}, {5, 7}, {4, 6}, {3}, {1}], [{8, 2}, {5, 7}, {6}, {1, 4}, {3}], [{8, 2}, {5, 7}, {6}, {3, 4}, {1}], [{8, 2}, {5, 7}, {6}, {4}, {1, 3}], [{8, 2}, {5, 7}, {6}, {4}, {3}, {1}], [{8, 2}, {6, 7}, {1, 5}, {3, 4}], [{8, 2}, {6, 7}, {3, 5}, {1, 4}], [{8, 2}, {6, 7}, {4, 5}, {1, 3}], [{8, 2}, {6, 7}, {4, 5}, {3}, {1}], [{8, 2}, {6, 7}, {5}, {4}, {1, 3}], [{8, 2}, {7}, {4, 6}, {1, 5}, {3}], [{8, 2}, {7}, {4, 6}, {3, 5}, {1}], [{8, 2}, {7}, {4, 6}, {5}, {1, 3}], [{8, 2}, {7}, {4, 6}, {5}, {3}, {1}], [{8, 2}, {7}, {5, 6}, {4}, {1, 3}], [{8, 2}, {7}, {6}, {4, 5}, {1, 3}], [{8, 3}, {1, 7}, {2, 6}, {4, 5}], [{8, 3}, {1, 7}, {2, 6}, {5}, {4}], [{8, 3}, {1, 7}, {4, 6}, {2, 5}], [{8, 3}, {1, 7}, {5, 6}, {2, 4}], [{8, 3}, {2, 7}, {1, 6}, {4, 5}], [{8, 3}, {2, 7}, {4, 6}, {1, 5}], [{8, 3}, {2, 7}, {5, 6}, {1, 4}], [{8, 3}, {2, 7}, {5, 6}, {4}, {1}], [{8, 3}, {4, 7}, {1, 6}, {2, 5}], [{8, 3}, {4, 7}, {2, 6}, {1, 5}], [{8, 3}, {4, 7}, {5, 6}, {1, 2}], [{8, 3}, {4, 7}, {6}, {5}, {1, 2}], [{8, 3}, {5, 7}, {1, 6}, {2, 4}], [{8, 3}, {5, 7}, {1, 6}, {4}, {2}], [{8, 3}, {5, 7}, {2, 6}, {1, 4}], [{8, 3}, {5, 7}, {4, 6}, {1, 2}], [{8, 3}, {6, 7}, {1, 5}, {2, 4}], [{8, 3}, {6, 7}, {2, 5}, {1, 4}], [{8, 3}, {6, 7}, {4, 5}, {1, 2}], [{8, 3}, {6, 7}, {4, 5}, {2}, {1}], [{8, 3}, {6, 7}, {5}, {4}, {1, 2}], [{8, 3}, {7}, {1, 6}, {5}, {2, 4}], [{8, 3}, {7}, {4, 6}, {1, 5}, {2}], [{8, 3}, {7}, {4, 6}, {2, 5}, {1}], [{8, 3}, {7}, {4, 6}, {5}, {1, 2}], [{8, 3}, {7}, {5, 6}, {1, 4}, {2}], [{8, 4}, {1, 7}, {2, 6}, {3, 5}], [{8, 4}, {1, 7}, {2, 6}, {5}, {3}], [{8, 4}, {1, 7}, {3, 6}, {2, 5}], [{8, 4}, {1, 7}, {5, 6}, {2, 3}], [{8, 4}, {2, 7}, {1, 6}, {3, 5}], [{8, 4}, {2, 7}, {3, 6}, {1, 5}], [{8, 4}, {2, 7}, {5, 6}, {1, 3}], [{8, 4}, {2, 7}, {6}, {1, 5}, {3}], [{8, 4}, {2, 7}, {6}, {3, 5}, {1}], [{8, 4}, {2, 7}, {6}, {5}, {1, 3}], [{8, 4}, {3, 7}, {1, 6}, {2, 5}], [{8, 4}, {3, 7}, {2, 6}, {1, 5}], [{8, 4}, {3, 7}, {2, 6}, {5}, {1}], [{8, 4}, {3, 7}, {5, 6}, {1, 2}], [{8, 4}, {3, 7}, {6}, {1, 5}, {2}], [{8, 4}, {5, 7}, {1, 6}, {2, 3}], [{8, 4}, {5, 7}, {2, 6}, {1, 3}], [{8, 4}, {5, 7}, {2, 6}, {3}, {1}], [{8, 4}, {5, 7}, {3, 6}, {1, 2}], [{8, 4}, {6, 7}, {1, 5}, {2, 3}], [{8, 4}, {6, 7}, {1, 5}, {3}, {2}], [{8, 4}, {6, 7}, {2, 5}, {1, 3}], [{8, 4}, {6, 7}, {3, 5}, {1, 2}], [{8, 4}, {6, 7}, {3, 5}, {2}, {1}], [{8, 4}, {6, 7}, {5}, {1, 3}, {2}], [{8, 4}, {7}, {1, 6}, {2, 5}, {3}], [{8, 4}, {7}, {2, 6}, {1, 5}, {3}], [{8, 4}, {7}, {2, 6}, {3, 5}, {1}], [{8, 4}, {7}, {2, 6}, {5}, {1, 3}], [{8, 4}, {7}, {2, 6}, {5}, {3}, {1}], [{8, 4}, {7}, {3, 6}, {1, 5}, {2}], [{8, 4}, {7}, {5, 6}, {3}, {1, 2}], [{8, 4}, {7}, {6}, {1, 5}, {2, 3}], [{8, 4}, {7}, {6}, {1, 5}, {3}, {2}], [{8, 5}, {1, 7}, {2, 6}, {3, 4}], [{8, 5}, {1, 7}, {2, 6}, {4}, {3}], [{8, 5}, {1, 7}, {3, 6}, {2, 4}], [{8, 5}, {1, 7}, {4, 6}, {2, 3}], [{8, 5}, {2, 7}, {1, 6}, {3, 4}], [{8, 5}, {2, 7}, {3, 6}, {1, 4}], [{8, 5}, {2, 7}, {4, 6}, {1, 3}], [{8, 5}, {3, 7}, {1, 6}, {2, 4}], [{8, 5}, {3, 7}, {2, 6}, {1, 4}], [{8, 5}, {3, 7}, {2, 6}, {4}, {1}], [{8, 5}, {3, 7}, {4, 6}, {1, 2}], [{8, 5}, {4, 7}, {1, 6}, {2, 3}], [{8, 5}, {4, 7}, {2, 6}, {1, 3}], [{8, 5}, {4, 7}, {3, 6}, {1, 2}], [{8, 5}, {6, 7}, {1, 4}, {2, 3}], [{8, 5}, {6, 7}, {2, 4}, {1, 3}], [{8, 5}, {6, 7}, {2, 4}, {3}, {1}], [{8, 5}, {6, 7}, {3, 4}, {1, 2}], [{8, 5}, {7}, {1, 6}, {3, 4}, {2}], [{8, 5}, {7}, {2, 6}, {4}, {1, 3}], [{8, 5}, {7}, {4, 6}, {1, 3}, {2}], [{8, 5}, {7}, {4, 6}, {2, 3}, {1}], [{8, 5}, {7}, {4, 6}, {3}, {1, 2}], [{8, 5}, {7}, {6}, {2, 4}, {1, 3}], [{8, 6}, {1, 7}, {2, 5}, {3, 4}], [{8, 6}, {1, 7}, {3, 5}, {2, 4}], [{8, 6}, {1, 7}, {4, 5}, {2, 3}], [{8, 6}, {1, 7}, {5}, {2, 4}, {3}], [{8, 6}, {2, 7}, {1, 5}, {3, 4}], [{8, 6}, {2, 7}, {1, 5}, {4}, {3}], [{8, 6}, {2, 7}, {3, 5}, {1, 4}], [{8, 6}, {2, 7}, {4, 5}, {1, 3}], [{8, 6}, {3, 7}, {1, 5}, {2, 4}], [{8, 6}, {3, 7}, {1, 5}, {4}, {2}], [{8, 6}, {3, 7}, {2, 5}, {1, 4}], [{8, 6}, {3, 7}, {4, 5}, {1, 2}], [{8, 6}, {4, 7}, {1, 5}, {2, 3}], [{8, 6}, {4, 7}, {1, 5}, {3}, {2}], [{8, 6}, {4, 7}, {2, 5}, {1, 3}], [{8, 6}, {4, 7}, {3, 5}, {1, 2}], [{8, 6}, {5, 7}, {1, 4}, {2, 3}], [{8, 6}, {5, 7}, {2, 4}, {1, 3}], [{8, 6}, {5, 7}, {2, 4}, {3}, {1}], [{8, 6}, {5, 7}, {3, 4}, {1, 2}], [{8, 6}, {7}, {1, 5}, {2, 4}, {3}], [{8, 6}, {7}, {1, 5}, {3, 4}, {2}], [{8, 6}, {7}, {1, 5}, {4}, {2, 3}], [{8, 6}, {7}, {1, 5}, {4}, {3}, {2}], [{8, 6}, {7}, {3, 5}, {1, 4}, {2}], [{8, 6}, {7}, {4, 5}, {1, 3}, {2}], [{8, 7}, {1, 6}, {2, 5}, {3, 4}], [{8, 7}, {1, 6}, {3, 5}, {2, 4}], [{8, 7}, {1, 6}, {3, 5}, {4}, {2}], [{8, 7}, {1, 6}, {4, 5}, {2, 3}], [{8, 7}, {2, 6}, {1, 5}, {3, 4}], [{8, 7}, {2, 6}, {3, 5}, {1, 4}], [{8, 7}, {2, 6}, {4, 5}, {1, 3}], [{8, 7}, {2, 6}, {5}, {1, 4}, {3}], [{8, 7}, {3, 6}, {1, 5}, {2, 4}], [{8, 7}, {3, 6}, {2, 5}, {1, 4}], [{8, 7}, {3, 6}, {4, 5}, {1, 2}], [{8, 7}, {3, 6}, {5}, {1, 4}, {2}], [{8, 7}, {4, 6}, {1, 5}, {2, 3}], [{8, 7}, {4, 6}, {1, 5}, {3}, {2}], [{8, 7}, {4, 6}, {2, 5}, {1, 3}], [{8, 7}, {4, 6}, {3, 5}, {1, 2}], [{8, 7}, {5, 6}, {1, 4}, {2, 3}], [{8, 7}, {5, 6}, {2, 4}, {1, 3}], [{8, 7}, {5, 6}, {3, 4}, {1, 2}], [{8, 7}, {6}, {5}, {1, 4}, {2, 3}], [{8, 7}, {6}, {5}, {3, 4}, {1, 2}], [{8}, {1, 7}, {2, 6}, {3, 5}, {4}], [{8}, {1, 7}, {2, 6}, {4, 5}, {3}], [{8}, {1, 7}, {2, 6}, {5}, {3, 4}], [{8}, {1, 7}, {2, 6}, {5}, {4}, {3}], [{8}, {2, 7}, {3, 6}, {4, 5}, {1}], [{8}, {2, 7}, {4, 6}, {1, 5}, {3}], [{8}, {3, 7}, {2, 6}, {4, 5}, {1}], [{8}, {3, 7}, {4, 6}, {1, 5}, {2}], [{8}, {3, 7}, {6}, {2, 5}, {1, 4}], [{8}, {5, 7}, {1, 6}, {4}, {2, 3}], [{8}, {5, 7}, {3, 6}, {4}, {1, 2}], [{8}, {6, 7}, {2, 5}, {1, 4}, {3}], [{8}, {6, 7}, {4, 5}, {2, 3}, {1}], [{8}, {6, 7}, {5}, {2, 4}, {1, 3}], [{8}, {7}, {2, 6}, {4, 5}, {1, 3}], [{8}, {7}, {3, 6}, {2, 5}, {1, 4}], [{8}, {7}, {4, 6}, {1, 5}, {2, 3}], [{8}, {7}, {4, 6}, {1, 5}, {3}, {2}], [{8}, {7}, {4, 6}, {2, 5}, {1, 3}], [{8}, {7}, {4, 6}, {3, 5}, {1, 2}]]",2,4 K_1^3 - 6 K_1^2 - 2 K_1 K_2 - 2 K_1 + 3 K_2 + 4,O1O2O3U2O4U5U1O6U3U6O5U7U4O8O7U8,O1O2U3O4O5U4O6O3U1O7U5U7U6O8U2U8,O1O2U3O4O3U1O5O6U7U5O7U2U8U4O8U6,c,{'O1O2O3U4O5O4U6U5O7U8U1O8U3U7O6U2'},1,"<a href=""/flatknot/8.975999"">8.975999</a>",t^9-65t^7-190t^6+16t^5+420t^4+144t^3-242t^2-38t+20,t^3-t^2-t,,
8.976000,O1O2O3U4O5O4U6U5O7U8U2O8U1U3O6U7,4,9z^3+50z^2+108z+89,9w^4z^3+50w^3z^2+108w^2z+89w,False,False,"[[ 0 -1  0  2  1  0 -3  2 -1],[ 1  0  1  2  2 -1 -2  2  0],[ 0 -1  0  0  1 -1 -1  0  0],[-2 -2  0  0 -1 -1 -3  0 -2],[-1 -2 -1  1  0  0 -3  2 -2],[ 0  1  1  1  0  0  0 -1  0],[ 3  2  1  3  3  0  0  2  2],[-2 -2  0  0 -2  1 -2  0 -2],[ 1  0  0  2  2  0 -2  2  0]]","[[ 0  2  2  1  0  0 -1 -1 -3],[-2  0  0 -1  0 -1 -2 -2 -3],[-2  0  0 -2  0  1 -2 -2 -2],[-1  1  2  0 -1  0 -2 -2 -3],[ 0  0  0  1  0 -1  0 -1 -1],[ 0  1 -1  0  1  0  0  1  0],[ 1  2  2  2  0  0  0  0 -2],[ 1  2  2  2  1 -1  0  0 -2],[ 3  3  2  3  1  0  2  2  0]]",True,"[-2,-2,-1,0,0,1,1,3,0,1,0,1,2,2,3,2,0,-1,2,2,2,1,0,2,2,3,1,0,1,1,0,-1,0,0,2,2]","[-3,-1,-1,0,0,1,2,2,0,0,2,3,1,2,3,0,0,2,0,1,1,1,1,0,1,1,1,0,2,2,1,1,3,0,-1,0]",t^8+66t^6+353t^4+204t^2+16,"[-3,-1,-1,0,0,1,2,2,0,0,2,3,1,2,3,0,0,2,0,1,1,1,1,0,1,1,1,0,2,2,1,1,3,0,-1,0]","[-2,-2,-1,0,0,1,1,3,0,-1,2,3,1,1,3,0,2,1,1,1,2,0,1,0,0,1,-1,0,1,2,2,1,3,0,0,0]","[-3,-1,-1,0,0,1,2,2,2,2,0,1,3,2,3,0,-1,1,2,2,2,0,0,2,2,2,1,0,-1,1,1,0,0,2,1,0]",c,"[[{8, 1}, {3, 7}, {4, 6}, {2, 5}], [{8, 1}, {4, 7}, {3, 6}, {2, 5}], [{8}, {3, 7}, {4, 6}, {2, 5}, {1}], [{8}, {4, 7}, {3, 6}, {2, 5}, {1}]]",1,8 K_1^3 - 12 K_1^2 - 10 K_1 K_2 - K_1 + 6 K_2 + 3 K_3 + 7,O1O2O3U4O5U1U3O6U2U6O4U7U5O8O7U8,O1O2U3O4O5U4O6O7U1O3U6U5U7O8U2U8,O1O2U3O4O3U5O6O7U8U6O8U1U4U2O5U7,c,{'O1O2O3U4O5O4U6U5O7U8U2O8U1U3O6U7'},1,"<a href=""/flatknot/8.976000"">8.976000</a>",t^9-68t^7-254t^6-39t^5+672t^4+298t^3-72t^2-48t-38,t^3-2t^2+t,,
