name,gcode,vgenus,jk_poly_normed,en_poly_normed,is_cc,is_ac,bsMtxNoSrt,primMatrix,isPrim,phi,phi_sym,inPoly,inv_phi,bar_phi,invbar_phi,matrix_sym_type,fillings,alg_genus,arrowpoly,reverse,mirror_img,rev_mir_img,diag_sym_type,r3_orbit,r3_orbit_length,namelink,outPoly,uPoly,cable_arr_poly,slice
8.704001,O1O2O3O4U2O5U6U7U5O7O6U8U3O8U1U4,4,3z^3+41z^2+117z+95,3w^4z^3+41w^3z^2+117w^2z+95w,False,False,"[[ 0 -1 -2  1  3  2 -1 -1 -1],[ 1  0 -1  2  3  2  0  0  0],[ 2  1  0  1  2  0  2  2  1],[-1 -2 -1  0  0  2 -2 -2 -1],[-3 -3 -2  0  0  2 -4 -4 -3],[-2 -2  0 -2 -2  0 -1 -2 -2],[ 1  0 -2  2  4  1  0  0  0],[ 1  0 -2  2  4  2  0  0  0],[ 1  0 -1  1  3  2  0  0  0]]","[[ 0  3  2  1 -1 -1 -1 -1 -2],[-3  0  2  0 -3 -3 -4 -4 -2],[-2 -2  0 -2 -2 -2 -1 -2  0],[-1  0  2  0 -1 -2 -2 -2 -1],[ 1  3  2  1  0  0  0  0 -1],[ 1  3  2  2  0  0  0  0 -1],[ 1  4  1  2  0  0  0  0 -2],[ 1  4  2  2  0  0  0  0 -2],[ 2  2  0  1  1  1  2  2  0]]",True,"[-3,-2,-1,1,1,1,1,2,-2,0,3,3,4,4,2,2,2,2,1,2,0,1,2,2,2,1,0,0,0,1,0,0,1,0,2,2]","[-3,-2,-1,1,1,1,1,2,-2,0,3,3,4,4,2,2,2,2,1,2,0,1,2,2,2,1,0,0,0,1,0,0,1,0,2,2]",t^8+99t^6+262t^4+92t^2+4,"[-2,-1,-1,-1,-1,1,2,3,-1,-1,0,0,2,4,3,0,0,0,0,1,0,0,0,0,2,0,0,0,1,1,1,1,1,-1,2,3]","[-3,-2,-1,1,1,1,1,2,3,2,0,0,1,1,3,-1,1,2,1,1,4,0,0,0,1,2,0,0,0,-1,0,0,-1,0,0,0]","[-2,-1,-1,-1,-1,1,2,3,1,1,2,2,1,0,2,0,0,0,1,2,3,0,0,2,2,3,0,2,1,4,2,2,4,2,0,-2]",c,"[[{8, 6}, {2, 7}, {1, 5}, {3, 4}]]",1,12 K_1^3 + 8 K_1^2 K_2 - 6 K_1^2 - 10 K_1 K_2 - 6 K_1 K_3 - 4 K_1 - 2 K_2^2 + 2 K_2 + 2 K_3 + 2 K_4 + 3,O1O2O3O4U1U4O5U2U5O6O7U8U7U6O8U3,O1O2O3U2U1O4O5U4O6O7U6U8U5U7O8U3,O1O2O3U1O4U5U6U4U7O5O7U8O6O8U3U2,c,{'O1O2O3O4U2O5U6U7U5O7O6U8U3O8U1U4'},1,"<a href=""/flatknot/8.704001"">8.704001</a>",t^9-93t^7-246t^6+284t^5+640t^4-198t^3-24t^2+95t-4,-t^3+3t,,
8.704002,O1O2O3O4U2O5U6U7U5O7O6U8U4O8U1U3,4,33z^2+118z+105,33w^3z^2+118w^2z+105w,False,False,"[[ 0 -1 -2  2  2  2 -1 -1 -1],[ 1  0 -1  2  2  2  0  0  0],[ 2  1  0  2  1  0  2  2  1],[-2 -2 -2  0  1  2 -3 -3 -3],[-2 -2 -1 -1  0  2 -3 -3 -2],[-2 -2  0 -2 -2  0 -1 -2 -2],[ 1  0 -2  3  3  1  0  0  0],[ 1  0 -2  3  3  2  0  0  0],[ 1  0 -1  3  2  2  0  0  0]]","[[ 0  2  2  2 -1 -1 -1 -1 -2],[-2  0  2  1 -2 -3 -3 -3 -2],[-2 -2  0 -2 -2 -1 -2 -2  0],[-2 -1  2  0 -2 -3 -2 -3 -1],[ 1  2  2  2  0  0  0  0 -1],[ 1  3  1  3  0  0  0  0 -2],[ 1  3  2  2  0  0  0  0 -1],[ 1  3  2  3  0  0  0  0 -2],[ 2  2  0  1  1  2  1  2  0]]",True,"[-2,-2,-2,1,1,1,1,2,-2,-1,2,3,3,3,2,2,2,1,2,2,0,2,3,2,3,1,0,0,0,1,0,0,2,0,1,2]","[-2,-2,-2,1,1,1,1,2,-2,-2,1,1,1,2,4,-1,0,1,1,0,3,0,0,1,0,2,0,0,0,-1,0,0,0,0,0,-1]",t^8+94t^6+225t^4+66t^2+1,"[-2,-1,-1,-1,-1,2,2,2,-1,-1,0,0,2,3,4,0,0,0,0,0,1,0,0,0,0,2,0,0,1,1,1,1,1,-1,-2,-2]","[-2,-2,-2,1,1,1,1,2,-2,-2,1,1,1,2,4,-1,0,1,1,0,3,0,0,1,0,2,0,0,0,-1,0,0,0,0,0,-1]","[-2,-1,-1,-1,-1,2,2,2,1,1,2,2,0,1,2,0,0,0,2,2,2,0,0,2,2,3,0,1,3,3,2,3,3,-2,-2,-1]",c,"[[{8, 5}, {2, 7}, {1, 6}, {3, 4}], [{8, 5}, {2, 7}, {4, 6}, {1, 3}]]",1,16 K_1^3 + 8 K_1^2 K_2 - 6 K_1^2 - 12 K_1 K_2 - 6 K_1 K_3 - 6 K_1 - 2 K_2^2 + 2 K_2 + 2 K_3 + 2 K_4 + 3,O1O2O3O4U2U4O5U1U5O6O7U8U7U6O8U3,O1O2O3U2U1O4O5U4O6O7U6U8U7U5O8U3,O1O2O3U1O4U5U6U4U7O6O7U8O5O8U3U2,c,{'O1O2O3O4U2O5U6U7U5O7O6U8U4O8U1U3'},1,"<a href=""/flatknot/8.704002"">8.704002</a>",t^9-90t^7-296t^6+99t^5+734t^4-141t^3-364t^2+105t-2,-2t^2+4t,,
8.704003,O1O2O3O4U2O5U6U7U8O7O6U1U3O8U4U5,3,11z^2+56z+69,-12w^4z^2+23w^3z^2-20w^3z+76w^2z+69w,False,False,"[[ 0 -2 -2  1  2  3 -1 -1  0],[ 2  0  0  2  2  2  2  2  3],[ 2  0  0  1  2  2  2  2  1],[-1 -2 -1  0  0  1 -1 -1  1],[-2 -2 -2  0  0  1 -3 -3  0],[-3 -2 -2 -1 -1  0 -4 -4 -1],[ 1 -2 -2  1  3  4  0  0 -1],[ 1 -2 -2  1  3  4  0  0  0],[ 0 -3 -1 -1  0  1  1  0  0]]","[[ 0  3  2  1  0 -1 -1 -2 -2],[-3  0 -1 -1 -1 -4 -4 -2 -2],[-2  1  0  0  0 -3 -3 -2 -2],[-1  1  0  0  1 -1 -1 -1 -2],[ 0  1  0 -1  0  1  0 -1 -3],[ 1  4  3  1 -1  0  0 -2 -2],[ 1  4  3  1  0  0  0 -2 -2],[ 2  2  2  1  1  2  2  0  0],[ 2  2  2  2  3  2  2  0  0]]",True,"[-3,-2,-1,0,1,1,2,2,1,1,1,4,4,2,2,0,0,3,3,2,2,-1,1,1,1,2,-1,0,1,3,0,2,2,2,2,0]","[-3,-2,-1,0,1,1,2,2,0,1,2,0,0,3,3,1,2,0,0,2,2,2,1,1,1,2,1,2,-1,1,0,-1,-1,-1,-1,0]",t^8+104t^6+909t^4+85t^2,"[-2,-2,-1,-1,0,1,2,3,0,-1,-1,-1,1,2,3,-1,-1,1,2,2,3,0,1,1,0,0,2,1,0,0,2,2,2,1,1,0]","[-3,-2,-1,0,1,1,2,2,0,1,2,0,0,3,3,1,2,0,0,2,2,2,1,1,1,2,1,2,-1,1,0,-1,-1,-1,-1,0]","[-2,-2,-1,-1,0,1,2,3,0,2,2,1,1,2,2,2,2,3,2,2,2,0,-1,1,3,4,0,1,3,4,-1,0,1,0,1,1]",c,"[[{8, 1}, {4, 7}, {3, 6}, {2, 5}]]",1,4 K_1^3 - 14 K_1^2 - 14 K_1 K_2 + 4 K_1 + 7 K_2 + 6 K_3 + 8,O1O2O3O4U5U1O6U2U4O7O8U6U8U7O5U3,O1O2O3U2U1O4O5U3O6O7U4U8U5U6O8U7,O1O2O3U4O5U6U7U5U8O4O6U1O7O8U3U2,c,{'O1O2O3O4U2O5U6U7U8O7O6U1U3O8U4U5'},1,"<a href=""/flatknot/8.704003"">8.704003</a>",t^9-100t^7-412t^6+82t^5+1436t^4+1540t^3+602t^2+88t,-t^3+t^2+t,,
8.704004,O1O2O3O4U2O5U6U7U8O7O6U1U3O8U5U4,4,2z^3+33z^2+104z+93,2w^4z^3+33w^3z^2+104w^2z+93w,False,False,"[[ 0 -2 -2  1  3  2 -1 -1  0],[ 2  0  0  2  3  1  2  2  3],[ 2  0  0  1  2  1  2  2  1],[-1 -2 -1  0  1  0 -1 -1  1],[-3 -3 -2 -1  0  0 -4 -4 -1],[-2 -1 -1  0  0  0 -3 -3  0],[ 1 -2 -2  1  4  3  0  0 -1],[ 1 -2 -2  1  4  3  0  0  0],[ 0 -3 -1 -1  1  0  1  0  0]]","[[ 0  3  2  1  0 -1 -1 -2 -2],[-3  0  0 -1 -1 -4 -4 -2 -3],[-2  0  0  0  0 -3 -3 -1 -1],[-1  1  0  0  1 -1 -1 -1 -2],[ 0  1  0 -1  0  1  0 -1 -3],[ 1  4  3  1 -1  0  0 -2 -2],[ 1  4  3  1  0  0  0 -2 -2],[ 2  2  1  1  1  2  2  0  0],[ 2  3  1  2  3  2  2  0  0]]",True,"[-3,-2,-1,0,1,1,2,2,0,1,1,4,4,2,3,0,0,3,3,1,1,-1,1,1,1,2,-1,0,1,3,0,2,2,2,2,0]","[-3,-2,-1,0,1,1,2,2,0,1,1,4,4,2,3,0,0,3,3,1,1,-1,1,1,1,2,-1,0,1,3,0,2,2,2,2,0]",t^8+102t^6+956t^4+89t^2,"[-2,-2,-1,-1,0,1,2,3,0,-1,-1,-1,1,3,2,-1,-1,1,2,3,3,0,1,1,0,0,2,1,0,0,2,2,2,1,1,1]","[-3,-2,-1,0,1,1,2,2,1,1,2,0,0,2,3,1,2,0,0,3,3,2,1,1,1,2,1,2,-1,1,0,-1,-1,-1,-1,0]","[-2,-2,-1,-1,0,1,2,3,0,2,2,1,1,1,2,2,2,3,2,1,3,0,-1,1,3,4,0,1,3,4,-1,0,1,0,1,0]",c,"[[{8, 1}, {2, 7}, {3, 6}, {4, 5}], [{8, 1}, {2, 7}, {4, 6}, {3, 5}], [{8, 1}, {2, 7}, {5, 6}, {3, 4}], [{8, 1}, {2, 7}, {5, 6}, {4}, {3}], [{8, 1}, {2, 7}, {6}, {5}, {3, 4}], [{8, 1}, {3, 7}, {2, 6}, {4, 5}], [{8, 1}, {3, 7}, {4, 6}, {2, 5}], [{8, 1}, {3, 7}, {5, 6}, {2, 4}], [{8, 1}, {3, 7}, {5, 6}, {4}, {2}], [{8, 1}, {4, 7}, {2, 6}, {3, 5}], [{8, 1}, {4, 7}, {3, 6}, {2, 5}], [{8, 1}, {4, 7}, {5, 6}, {2, 3}], [{8, 1}, {5, 7}, {2, 6}, {3, 4}], [{8, 1}, {5, 7}, {3, 6}, {2, 4}], [{8, 1}, {5, 7}, {4, 6}, {2, 3}], [{8, 1}, {6, 7}, {2, 5}, {3, 4}], [{8, 1}, {6, 7}, {3, 5}, {2, 4}], [{8, 1}, {6, 7}, {4, 5}, {2, 3}], [{8, 1}, {7}, {2, 6}, {3, 5}, {4}], [{8, 1}, {7}, {3, 6}, {4, 5}, {2}], [{8, 1}, {7}, {5, 6}, {4}, {2, 3}], [{8, 2}, {1, 7}, {3, 6}, {4, 5}], [{8, 2}, {1, 7}, {4, 6}, {3, 5}], [{8, 2}, {1, 7}, {5, 6}, {3, 4}], [{8, 2}, {3, 7}, {1, 6}, {4, 5}], [{8, 2}, {3, 7}, {4, 6}, {1, 5}], [{8, 2}, {3, 7}, {4, 6}, {5}, {1}], [{8, 2}, {3, 7}, {5, 6}, {1, 4}], [{8, 2}, {4, 7}, {1, 6}, {3, 5}], [{8, 2}, {4, 7}, {3, 6}, {1, 5}], [{8, 2}, {4, 7}, {5, 6}, {1, 3}], [{8, 2}, {4, 7}, {5, 6}, {3}, {1}], [{8, 2}, {5, 7}, {1, 6}, {3, 4}], [{8, 2}, {5, 7}, {3, 6}, {1, 4}], [{8, 2}, {5, 7}, {4, 6}, {1, 3}], [{8, 2}, {5, 7}, {4, 6}, {3}, {1}], [{8, 2}, {6, 7}, {1, 5}, {3, 4}], [{8, 2}, {6, 7}, {3, 5}, {1, 4}], [{8, 2}, {6, 7}, {4, 5}, {1, 3}], [{8, 2}, {7}, {1, 6}, {3, 5}, {4}], [{8, 2}, {7}, {4, 6}, {3, 5}, {1}], [{8, 2}, {7}, {6}, {3, 5}, {1, 4}], [{8, 3}, {1, 7}, {2, 6}, {4, 5}], [{8, 3}, {1, 7}, {2, 6}, {5}, {4}], [{8, 3}, {1, 7}, {4, 6}, {2, 5}], [{8, 3}, {1, 7}, {5, 6}, {2, 4}], [{8, 3}, {2, 7}, {1, 6}, {4, 5}], [{8, 3}, {2, 7}, {4, 6}, {1, 5}], [{8, 3}, {2, 7}, {5, 6}, {1, 4}], [{8, 3}, {4, 7}, {1, 6}, {2, 5}], [{8, 3}, {4, 7}, {2, 6}, {1, 5}], [{8, 3}, {4, 7}, {5, 6}, {1, 2}], [{8, 3}, {5, 7}, {1, 6}, {2, 4}], [{8, 3}, {5, 7}, {1, 6}, {4}, {2}], [{8, 3}, {5, 7}, {2, 6}, {1, 4}], [{8, 3}, {5, 7}, {4, 6}, {1, 2}], [{8, 3}, {6, 7}, {1, 5}, {2, 4}], [{8, 3}, {6, 7}, {2, 5}, {1, 4}], [{8, 3}, {6, 7}, {4, 5}, {1, 2}], [{8, 3}, {7}, {6}, {2, 5}, {1, 4}], [{8, 4}, {1, 7}, {2, 6}, {3, 5}], [{8, 4}, {1, 7}, {2, 6}, {5}, {3}], [{8, 4}, {1, 7}, {3, 6}, {2, 5}], [{8, 4}, {1, 7}, {5, 6}, {2, 3}], [{8, 4}, {2, 7}, {1, 6}, {3, 5}], [{8, 4}, {2, 7}, {3, 6}, {1, 5}], [{8, 4}, {2, 7}, {5, 6}, {1, 3}], [{8, 4}, {3, 7}, {1, 6}, {2, 5}], [{8, 4}, {3, 7}, {1, 6}, {5}, {2}], [{8, 4}, {3, 7}, {2, 6}, {1, 5}], [{8, 4}, {3, 7}, {5, 6}, {1, 2}], [{8, 4}, {5, 7}, {1, 6}, {2, 3}], [{8, 4}, {5, 7}, {2, 6}, {1, 3}], [{8, 4}, {5, 7}, {3, 6}, {1, 2}], [{8, 4}, {6, 7}, {1, 5}, {2, 3}], [{8, 4}, {6, 7}, {2, 5}, {1, 3}], [{8, 4}, {6, 7}, {3, 5}, {1, 2}], [{8, 4}, {7}, {2, 6}, {3, 5}, {1}], [{8, 4}, {7}, {5, 6}, {2, 3}, {1}], [{8, 5}, {1, 7}, {2, 6}, {3, 4}], [{8, 5}, {1, 7}, {3, 6}, {2, 4}], [{8, 5}, {1, 7}, {4, 6}, {2, 3}], [{8, 5}, {2, 7}, {1, 6}, {3, 4}], [{8, 5}, {2, 7}, {3, 6}, {1, 4}], [{8, 5}, {2, 7}, {4, 6}, {1, 3}], [{8, 5}, {2, 7}, {4, 6}, {3}, {1}], [{8, 5}, {3, 7}, {1, 6}, {2, 4}], [{8, 5}, {3, 7}, {2, 6}, {1, 4}], [{8, 5}, {3, 7}, {2, 6}, {4}, {1}], [{8, 5}, {3, 7}, {4, 6}, {1, 2}], [{8, 5}, {3, 7}, {4, 6}, {2}, {1}], [{8, 5}, {3, 7}, {6}, {2, 4}, {1}], [{8, 5}, {4, 7}, {1, 6}, {2, 3}], [{8, 5}, {4, 7}, {1, 6}, {3}, {2}], [{8, 5}, {4, 7}, {2, 6}, {1, 3}], [{8, 5}, {4, 7}, {3, 6}, {1, 2}], [{8, 5}, {6, 7}, {1, 4}, {2, 3}], [{8, 5}, {6, 7}, {2, 4}, {1, 3}], [{8, 5}, {6, 7}, {3, 4}, {1, 2}], [{8, 5}, {6, 7}, {3, 4}, {2}, {1}], [{8, 5}, {7}, {1, 6}, {4}, {2, 3}], [{8, 5}, {7}, {4, 6}, {2, 3}, {1}], [{8, 5}, {7}, {6}, {1, 4}, {2, 3}], [{8, 6}, {1, 7}, {2, 5}, {3, 4}], [{8, 6}, {1, 7}, {3, 5}, {2, 4}], [{8, 6}, {1, 7}, {4, 5}, {2, 3}], [{8, 6}, {2, 7}, {1, 5}, {3, 4}], [{8, 6}, {2, 7}, {3, 5}, {1, 4}], [{8, 6}, {2, 7}, {4, 5}, {1, 3}], [{8, 6}, {3, 7}, {1, 5}, {2, 4}], [{8, 6}, {3, 7}, {2, 5}, {1, 4}], [{8, 6}, {3, 7}, {4, 5}, {1, 2}], [{8, 6}, {4, 7}, {1, 5}, {2, 3}], [{8, 6}, {4, 7}, {2, 5}, {1, 3}], [{8, 6}, {4, 7}, {3, 5}, {1, 2}], [{8, 6}, {5, 7}, {1, 4}, {2, 3}], [{8, 6}, {5, 7}, {2, 4}, {1, 3}], [{8, 6}, {5, 7}, {3, 4}, {1, 2}], [{8, 6}, {7}, {2, 5}, {1, 4}, {3}], [{8, 6}, {7}, {3, 5}, {1, 4}, {2}], [{8, 6}, {7}, {5}, {1, 4}, {2, 3}], [{8, 6}, {7}, {5}, {2, 4}, {1, 3}], [{8, 7}, {1, 6}, {2, 5}, {3, 4}], [{8, 7}, {1, 6}, {3, 5}, {2, 4}], [{8, 7}, {1, 6}, {4, 5}, {2, 3}], [{8, 7}, {2, 6}, {1, 5}, {3, 4}], [{8, 7}, {2, 6}, {1, 5}, {4}, {3}], [{8, 7}, {2, 6}, {3, 5}, {1, 4}], [{8, 7}, {2, 6}, {4, 5}, {1, 3}], [{8, 7}, {3, 6}, {1, 5}, {2, 4}], [{8, 7}, {3, 6}, {2, 5}, {1, 4}], [{8, 7}, {3, 6}, {4, 5}, {1, 2}], [{8, 7}, {3, 6}, {5}, {4}, {1, 2}], [{8, 7}, {4, 6}, {1, 5}, {2, 3}], [{8, 7}, {4, 6}, {2, 5}, {1, 3}], [{8, 7}, {4, 6}, {3, 5}, {1, 2}], [{8, 7}, {4, 6}, {5}, {3}, {1, 2}], [{8, 7}, {5, 6}, {1, 4}, {2, 3}], [{8, 7}, {5, 6}, {2, 4}, {1, 3}], [{8, 7}, {5, 6}, {3, 4}, {1, 2}], [{8, 7}, {6}, {2, 5}, {1, 4}, {3}], [{8, 7}, {6}, {3, 5}, {1, 4}, {2}], [{8, 7}, {6}, {5}, {1, 4}, {2, 3}], [{8, 7}, {6}, {5}, {3, 4}, {1, 2}], [{8}, {1, 7}, {2, 6}, {5}, {3, 4}], [{8}, {1, 7}, {3, 6}, {2, 5}, {4}], [{8}, {1, 7}, {6}, {4, 5}, {2, 3}], [{8}, {2, 7}, {6}, {3, 5}, {1, 4}], [{8}, {3, 7}, {1, 6}, {2, 5}, {4}], [{8}, {3, 7}, {4, 6}, {2, 5}, {1}], [{8}, {3, 7}, {6}, {2, 5}, {1, 4}], [{8}, {4, 7}, {3, 6}, {2, 5}, {1}], [{8}, {4, 7}, {6}, {1, 5}, {2, 3}], [{8}, {5, 7}, {2, 6}, {4}, {1, 3}], [{8}, {5, 7}, {3, 6}, {2, 4}, {1}], [{8}, {5, 7}, {6}, {1, 4}, {2, 3}], [{8}, {6, 7}, {2, 5}, {1, 4}, {3}], [{8}, {6, 7}, {3, 5}, {1, 4}, {2}], [{8}, {6, 7}, {5}, {1, 4}, {2, 3}], [{8}, {7}, {2, 6}, {3, 5}, {1, 4}], [{8}, {7}, {3, 6}, {2, 5}, {1, 4}], [{8}, {7}, {5, 6}, {1, 4}, {2, 3}], [{8}, {7}, {6}, {2, 5}, {1, 4}, {3}], [{8}, {7}, {6}, {3, 5}, {1, 4}, {2}], [{8}, {7}, {6}, {5}, {1, 4}, {2, 3}]]",2,- 2 K_1^2 - 2 K_1 K_2 + K_1 + K_2 + K_3 + 2,O1O2O3O4U1U5O6U2U4O7O8U6U8U7O5U3,O1O2O3U2U1O4O5U3O6O7U4U8U5U7O8U6,O1O2O3U4O5U6U7U5U8O6O4U1O7O8U3U2,c,{'O1O2O3O4U2O5U6U7U8O7O6U1U3O8U5U4'},1,"<a href=""/flatknot/8.704004"">8.704004</a>",t^9-98t^7-354t^6+313t^5+1278t^4+853t^3-22t^2-99t+18,-t^3+t^2+t,,
8.704005,O1O2O3O4U2O5U6U7U8O7O6U1U4O8U5U3,4,3z^3+35z^2+95z+75,3w^4z^3-6w^4z^2+41w^3z^2-10w^3z+105w^2z+75w,False,False,"[[ 0 -2 -2  2  2  2 -1 -1  0],[ 2  0  0  3  2  1  2  2  3],[ 2  0  0  2  1  1  2  2  1],[-2 -3 -2  0  0  1 -3 -3 -1],[-2 -2 -1  0  0  0 -2 -2  0],[-2 -1 -1 -1  0  0 -3 -3  0],[ 1 -2 -2  3  2  3  0  0 -1],[ 1 -2 -2  3  2  3  0  0  0],[ 0 -3 -1  1  0  0  1  0  0]]","[[ 0  2  2  2  0 -1 -1 -2 -2],[-2  0  1  0 -1 -3 -3 -2 -3],[-2 -1  0  0  0 -3 -3 -1 -1],[-2  0  0  0  0 -2 -2 -1 -2],[ 0  1  0  0  0  1  0 -1 -3],[ 1  3  3  2 -1  0  0 -2 -2],[ 1  3  3  2  0  0  0 -2 -2],[ 2  2  1  1  1  2  2  0  0],[ 2  3  1  2  3  2  2  0  0]]",True,"[-2,-2,-2,0,1,1,2,2,-1,0,1,3,3,2,3,0,0,3,3,1,1,0,2,2,1,2,-1,0,1,3,0,2,2,2,2,0]","[-2,-2,-2,0,1,1,2,2,-1,0,1,3,3,2,3,0,0,3,3,1,1,0,2,2,1,2,-1,0,1,3,0,2,2,2,2,0]",t^8+93t^6+702t^4+87t^2,"[-2,-2,-1,-1,0,2,2,2,0,-1,-1,-1,1,2,3,-1,-1,1,2,3,3,0,1,0,1,0,2,0,1,0,1,2,2,0,-1,0]","[-2,-2,-2,0,1,1,2,2,-1,0,2,0,0,3,3,0,1,0,0,1,2,2,1,1,2,3,1,2,-1,1,0,-1,-1,-1,-1,0]","[-2,-2,-1,-1,0,2,2,2,0,2,2,1,1,1,2,2,2,3,1,2,3,0,-1,3,2,3,0,3,2,3,0,0,1,0,-1,0]",c,"[[{8, 1}, {2, 7}, {3, 6}, {4, 5}], [{8, 1}, {2, 7}, {4, 6}, {3, 5}], [{8, 1}, {2, 7}, {5, 6}, {3, 4}], [{8, 1}, {3, 7}, {2, 6}, {4, 5}], [{8, 1}, {3, 7}, {4, 6}, {2, 5}], [{8, 1}, {3, 7}, {5, 6}, {2, 4}], [{8, 1}, {3, 7}, {5, 6}, {4}, {2}], [{8, 1}, {3, 7}, {6}, {5}, {2, 4}], [{8, 1}, {4, 7}, {2, 6}, {3, 5}], [{8, 1}, {4, 7}, {3, 6}, {2, 5}], [{8, 1}, {4, 7}, {5, 6}, {2, 3}], [{8, 1}, {5, 7}, {2, 6}, {3, 4}], [{8, 1}, {5, 7}, {3, 6}, {2, 4}], [{8, 1}, {5, 7}, {4, 6}, {2, 3}], [{8, 1}, {6, 7}, {2, 5}, {3, 4}], [{8, 1}, {6, 7}, {3, 5}, {2, 4}], [{8, 1}, {6, 7}, {4, 5}, {2, 3}], [{8, 1}, {6, 7}, {5}, {3, 4}, {2}], [{8, 1}, {7}, {2, 6}, {4, 5}, {3}], [{8, 1}, {7}, {4, 6}, {3, 5}, {2}], [{8, 2}, {1, 7}, {3, 6}, {4, 5}], [{8, 2}, {1, 7}, {4, 6}, {3, 5}], [{8, 2}, {1, 7}, {5, 6}, {3, 4}], [{8, 2}, {3, 7}, {1, 6}, {4, 5}], [{8, 2}, {3, 7}, {4, 6}, {1, 5}], [{8, 2}, {3, 7}, {5, 6}, {1, 4}], [{8, 2}, {4, 7}, {1, 6}, {3, 5}], [{8, 2}, {4, 7}, {3, 6}, {1, 5}], [{8, 2}, {4, 7}, {5, 6}, {1, 3}], [{8, 2}, {5, 7}, {1, 6}, {3, 4}], [{8, 2}, {5, 7}, {3, 6}, {1, 4}], [{8, 2}, {5, 7}, {4, 6}, {1, 3}], [{8, 2}, {6, 7}, {1, 5}, {3, 4}], [{8, 2}, {6, 7}, {3, 5}, {1, 4}], [{8, 2}, {6, 7}, {4, 5}, {1, 3}], [{8, 2}, {7}, {6}, {1, 5}, {3, 4}], [{8, 2}, {7}, {6}, {4, 5}, {1, 3}], [{8, 3}, {1, 7}, {2, 6}, {4, 5}], [{8, 3}, {1, 7}, {4, 6}, {2, 5}], [{8, 3}, {1, 7}, {5, 6}, {2, 4}], [{8, 3}, {1, 7}, {5, 6}, {4}, {2}], [{8, 3}, {2, 7}, {1, 6}, {4, 5}], [{8, 3}, {2, 7}, {4, 6}, {1, 5}], [{8, 3}, {2, 7}, {5, 6}, {1, 4}], [{8, 3}, {4, 7}, {1, 6}, {2, 5}], [{8, 3}, {4, 7}, {2, 6}, {1, 5}], [{8, 3}, {4, 7}, {5, 6}, {1, 2}], [{8, 3}, {5, 7}, {1, 6}, {2, 4}], [{8, 3}, {5, 7}, {1, 6}, {4}, {2}], [{8, 3}, {5, 7}, {2, 6}, {1, 4}], [{8, 3}, {5, 7}, {4, 6}, {1, 2}], [{8, 3}, {6, 7}, {1, 5}, {2, 4}], [{8, 3}, {6, 7}, {2, 5}, {1, 4}], [{8, 3}, {6, 7}, {4, 5}, {1, 2}], [{8, 3}, {7}, {2, 6}, {4, 5}, {1}], [{8, 3}, {7}, {6}, {2, 5}, {1, 4}], [{8, 4}, {1, 7}, {2, 6}, {3, 5}], [{8, 4}, {1, 7}, {3, 6}, {2, 5}], [{8, 4}, {1, 7}, {5, 6}, {2, 3}], [{8, 4}, {2, 7}, {1, 6}, {3, 5}], [{8, 4}, {2, 7}, {3, 6}, {1, 5}], [{8, 4}, {2, 7}, {5, 6}, {1, 3}], [{8, 4}, {3, 7}, {1, 6}, {2, 5}], [{8, 4}, {3, 7}, {2, 6}, {1, 5}], [{8, 4}, {3, 7}, {5, 6}, {1, 2}], [{8, 4}, {5, 7}, {1, 6}, {2, 3}], [{8, 4}, {5, 7}, {2, 6}, {1, 3}], [{8, 4}, {5, 7}, {3, 6}, {1, 2}], [{8, 4}, {6, 7}, {1, 5}, {2, 3}], [{8, 4}, {6, 7}, {2, 5}, {1, 3}], [{8, 4}, {6, 7}, {3, 5}, {1, 2}], [{8, 4}, {7}, {6}, {2, 5}, {1, 3}], [{8, 5}, {1, 7}, {2, 6}, {3, 4}], [{8, 5}, {1, 7}, {3, 6}, {2, 4}], [{8, 5}, {1, 7}, {4, 6}, {2, 3}], [{8, 5}, {2, 7}, {1, 6}, {3, 4}], [{8, 5}, {2, 7}, {1, 6}, {4}, {3}], [{8, 5}, {2, 7}, {3, 6}, {1, 4}], [{8, 5}, {2, 7}, {4, 6}, {1, 3}], [{8, 5}, {3, 7}, {1, 6}, {2, 4}], [{8, 5}, {3, 7}, {2, 6}, {1, 4}], [{8, 5}, {3, 7}, {4, 6}, {1, 2}], [{8, 5}, {4, 7}, {1, 6}, {2, 3}], [{8, 5}, {4, 7}, {1, 6}, {3}, {2}], [{8, 5}, {4, 7}, {2, 6}, {1, 3}], [{8, 5}, {4, 7}, {3, 6}, {1, 2}], [{8, 5}, {6, 7}, {1, 4}, {2, 3}], [{8, 5}, {6, 7}, {2, 4}, {1, 3}], [{8, 5}, {6, 7}, {3, 4}, {1, 2}], [{8, 5}, {6, 7}, {3, 4}, {2}, {1}], [{8, 5}, {7}, {1, 6}, {2, 4}, {3}], [{8, 5}, {7}, {3, 6}, {2, 4}, {1}], [{8, 5}, {7}, {6}, {2, 4}, {1, 3}], [{8, 6}, {1, 7}, {2, 5}, {3, 4}], [{8, 6}, {1, 7}, {3, 5}, {2, 4}], [{8, 6}, {1, 7}, {4, 5}, {2, 3}], [{8, 6}, {1, 7}, {5}, {3, 4}, {2}], [{8, 6}, {2, 7}, {1, 5}, {3, 4}], [{8, 6}, {2, 7}, {3, 5}, {1, 4}], [{8, 6}, {2, 7}, {4, 5}, {1, 3}], [{8, 6}, {3, 7}, {1, 5}, {2, 4}], [{8, 6}, {3, 7}, {2, 5}, {1, 4}], [{8, 6}, {3, 7}, {4, 5}, {1, 2}], [{8, 6}, {4, 7}, {1, 5}, {2, 3}], [{8, 6}, {4, 7}, {2, 5}, {1, 3}], [{8, 6}, {4, 7}, {3, 5}, {1, 2}], [{8, 6}, {5, 7}, {1, 4}, {2, 3}], [{8, 6}, {5, 7}, {1, 4}, {3}, {2}], [{8, 6}, {5, 7}, {2, 4}, {1, 3}], [{8, 6}, {5, 7}, {3, 4}, {1, 2}], [{8, 6}, {5, 7}, {4}, {2, 3}, {1}], [{8, 6}, {7}, {4, 5}, {1, 3}, {2}], [{8, 6}, {7}, {5}, {1, 4}, {2, 3}], [{8, 7}, {1, 6}, {2, 5}, {3, 4}], [{8, 7}, {1, 6}, {3, 5}, {2, 4}], [{8, 7}, {1, 6}, {4, 5}, {2, 3}], [{8, 7}, {1, 6}, {5}, {3, 4}, {2}], [{8, 7}, {2, 6}, {1, 5}, {3, 4}], [{8, 7}, {2, 6}, {3, 5}, {1, 4}], [{8, 7}, {2, 6}, {4, 5}, {1, 3}], [{8, 7}, {3, 6}, {1, 5}, {2, 4}], [{8, 7}, {3, 6}, {2, 5}, {1, 4}], [{8, 7}, {3, 6}, {4, 5}, {1, 2}], [{8, 7}, {4, 6}, {1, 5}, {2, 3}], [{8, 7}, {4, 6}, {2, 5}, {1, 3}], [{8, 7}, {4, 6}, {3, 5}, {1, 2}], [{8, 7}, {5, 6}, {1, 4}, {2, 3}], [{8, 7}, {5, 6}, {2, 4}, {1, 3}], [{8, 7}, {5, 6}, {3, 4}, {1, 2}], [{8, 7}, {6}, {4, 5}, {1, 3}, {2}], [{8}, {2, 7}, {6}, {4, 5}, {1, 3}], [{8}, {4, 7}, {5, 6}, {2, 3}, {1}], [{8}, {5, 7}, {4, 6}, {3}, {1, 2}], [{8}, {6, 7}, {1, 5}, {3, 4}, {2}], [{8}, {6, 7}, {4, 5}, {1, 3}, {2}], [{8}, {7}, {2, 6}, {4, 5}, {1, 3}], [{8}, {7}, {6}, {4, 5}, {1, 3}, {2}]]",2,- 16 K_1^4 + 16 K_1^2 K_2 + 6 K_1^2 - 4 K_1 K_3 - K_2,O1O2O3O4U2U5O6U1U4O7O8U6U8U7O5U3,O1O2O3U2U1O4O5U3O6O7U4U8U7U5O8U6,O1O2O3U4O5U6U7U5U8O7O4U1O6O8U3U2,c,{'O1O2O3O4U2O5U6U7U8O7O6U1U4O8U5U3'},1,"<a href=""/flatknot/8.704005"">8.704005</a>",t^9-91t^7-330t^6+203t^5+822t^4-10t^3+34t^2+260t+2,-t^2+2t,,
8.704006,O1O2O3O4U2O5U6U7U8O7O6U1U5O8U3U4,4,10z^3+59z^2+114z+73,10w^4z^3+59w^3z^2+114w^2z+73w,False,False,"[[ 0 -2 -2  1  3  2 -1 -1  0],[ 2  0  0  2  3  1  2  2  3],[ 2  0  0  1  2  0  2  2  2],[-1 -2 -1  0  1  1 -2 -2  0],[-3 -3 -2 -1  0  1 -4 -4 -2],[-2 -1  0 -1 -1  0 -2 -2  0],[ 1 -2 -2  2  4  2  0  0 -1],[ 1 -2 -2  2  4  2  0  0  0],[ 0 -3 -2  0  2  0  1  0  0]]","[[ 0  3  2  1  0 -1 -1 -2 -2],[-3  0  1 -1 -2 -4 -4 -2 -3],[-2 -1  0 -1  0 -2 -2  0 -1],[-1  1  1  0  0 -2 -2 -1 -2],[ 0  2  0  0  0  1  0 -2 -3],[ 1  4  2  2 -1  0  0 -2 -2],[ 1  4  2  2  0  0  0 -2 -2],[ 2  2  0  1  2  2  2  0  0],[ 2  3  1  2  3  2  2  0  0]]",True,"[-3,-2,-1,0,1,1,2,2,-1,1,2,4,4,2,3,1,0,2,2,0,1,0,2,2,1,2,-1,0,2,3,0,2,2,2,2,0]","[-3,-2,-1,0,1,1,2,2,-1,1,2,4,4,2,3,1,0,2,2,0,1,0,2,2,1,2,-1,0,2,3,0,2,2,2,2,0]",t^8+104t^6+701t^4+56t^2,"[-2,-2,-1,-1,0,1,2,3,0,-1,-1,-1,1,3,2,-1,-1,0,2,4,3,0,1,0,1,0,2,0,1,0,1,2,1,0,1,2]","[-3,-2,-1,0,1,1,2,2,2,1,1,0,0,2,3,0,2,1,1,3,4,1,0,0,1,2,1,2,-1,0,0,-1,-1,-1,-1,0]","[-2,-2,-1,-1,0,1,2,3,0,2,2,2,1,0,2,2,2,3,2,1,3,0,-1,2,2,4,0,2,2,4,0,0,2,1,1,-1]",c,"[[{8, 1}, {2, 7}, {3, 6}, {4, 5}], [{8, 1}, {2, 7}, {4, 6}, {3, 5}], [{8, 1}, {2, 7}, {5, 6}, {3, 4}], [{8, 1}, {3, 7}, {2, 6}, {4, 5}], [{8, 1}, {3, 7}, {2, 6}, {5}, {4}], [{8, 1}, {3, 7}, {4, 6}, {2, 5}], [{8, 1}, {3, 7}, {5, 6}, {2, 4}], [{8, 1}, {4, 7}, {2, 6}, {3, 5}], [{8, 1}, {4, 7}, {3, 6}, {2, 5}], [{8, 1}, {4, 7}, {5, 6}, {2, 3}], [{8, 1}, {4, 7}, {6}, {2, 5}, {3}], [{8, 1}, {5, 7}, {2, 6}, {3, 4}], [{8, 1}, {5, 7}, {3, 6}, {2, 4}], [{8, 1}, {5, 7}, {4, 6}, {2, 3}], [{8, 1}, {6, 7}, {2, 5}, {3, 4}], [{8, 1}, {6, 7}, {3, 5}, {2, 4}], [{8, 1}, {6, 7}, {4, 5}, {2, 3}], [{8, 1}, {7}, {3, 6}, {2, 5}, {4}], [{8, 1}, {7}, {3, 6}, {4, 5}, {2}], [{8, 1}, {7}, {3, 6}, {5}, {2, 4}], [{8, 2}, {1, 7}, {3, 6}, {4, 5}], [{8, 2}, {1, 7}, {4, 6}, {3, 5}], [{8, 2}, {1, 7}, {5, 6}, {3, 4}], [{8, 2}, {1, 7}, {5, 6}, {4}, {3}], [{8, 2}, {3, 7}, {1, 6}, {4, 5}], [{8, 2}, {3, 7}, {4, 6}, {1, 5}], [{8, 2}, {3, 7}, {5, 6}, {1, 4}], [{8, 2}, {4, 7}, {1, 6}, {3, 5}], [{8, 2}, {4, 7}, {3, 6}, {1, 5}], [{8, 2}, {4, 7}, {5, 6}, {1, 3}], [{8, 2}, {5, 7}, {1, 6}, {3, 4}], [{8, 2}, {5, 7}, {3, 6}, {1, 4}], [{8, 2}, {5, 7}, {4, 6}, {1, 3}], [{8, 2}, {6, 7}, {1, 5}, {3, 4}], [{8, 2}, {6, 7}, {3, 5}, {1, 4}], [{8, 2}, {6, 7}, {4, 5}, {1, 3}], [{8, 2}, {7}, {6}, {4, 5}, {1, 3}], [{8, 3}, {1, 7}, {2, 6}, {4, 5}], [{8, 3}, {1, 7}, {4, 6}, {2, 5}], [{8, 3}, {1, 7}, {5, 6}, {2, 4}], [{8, 3}, {1, 7}, {6}, {2, 5}, {4}], [{8, 3}, {2, 7}, {1, 6}, {4, 5}], [{8, 3}, {2, 7}, {4, 6}, {1, 5}], [{8, 3}, {2, 7}, {5, 6}, {1, 4}], [{8, 3}, {2, 7}, {6}, {5}, {1, 4}], [{8, 3}, {4, 7}, {1, 6}, {2, 5}], [{8, 3}, {4, 7}, {2, 6}, {1, 5}], [{8, 3}, {4, 7}, {5, 6}, {1, 2}], [{8, 3}, {4, 7}, {6}, {2, 5}, {1}], [{8, 3}, {5, 7}, {1, 6}, {2, 4}], [{8, 3}, {5, 7}, {2, 6}, {1, 4}], [{8, 3}, {5, 7}, {4, 6}, {1, 2}], [{8, 3}, {5, 7}, {6}, {1, 4}, {2}], [{8, 3}, {6, 7}, {1, 5}, {2, 4}], [{8, 3}, {6, 7}, {2, 5}, {1, 4}], [{8, 3}, {6, 7}, {4, 5}, {1, 2}], [{8, 3}, {6, 7}, {5}, {1, 4}, {2}], [{8, 3}, {7}, {2, 6}, {1, 5}, {4}], [{8, 3}, {7}, {2, 6}, {4, 5}, {1}], [{8, 3}, {7}, {2, 6}, {5}, {1, 4}], [{8, 3}, {7}, {5, 6}, {1, 4}, {2}], [{8, 3}, {7}, {6}, {2, 5}, {1, 4}], [{8, 3}, {7}, {6}, {5}, {1, 4}, {2}], [{8, 4}, {1, 7}, {2, 6}, {3, 5}], [{8, 4}, {1, 7}, {3, 6}, {2, 5}], [{8, 4}, {1, 7}, {5, 6}, {2, 3}], [{8, 4}, {2, 7}, {1, 6}, {3, 5}], [{8, 4}, {2, 7}, {3, 6}, {1, 5}], [{8, 4}, {2, 7}, {5, 6}, {1, 3}], [{8, 4}, {3, 7}, {1, 6}, {2, 5}], [{8, 4}, {3, 7}, {2, 6}, {1, 5}], [{8, 4}, {3, 7}, {2, 6}, {5}, {1}], [{8, 4}, {3, 7}, {5, 6}, {1, 2}], [{8, 4}, {5, 7}, {1, 6}, {2, 3}], [{8, 4}, {5, 7}, {2, 6}, {1, 3}], [{8, 4}, {5, 7}, {3, 6}, {1, 2}], [{8, 4}, {5, 7}, {6}, {1, 3}, {2}], [{8, 4}, {6, 7}, {1, 5}, {2, 3}], [{8, 4}, {6, 7}, {2, 5}, {1, 3}], [{8, 4}, {6, 7}, {3, 5}, {1, 2}], [{8, 4}, {6, 7}, {5}, {1, 3}, {2}], [{8, 4}, {7}, {5, 6}, {1, 3}, {2}], [{8, 4}, {7}, {6}, {3, 5}, {1, 2}], [{8, 5}, {1, 7}, {2, 6}, {3, 4}], [{8, 5}, {1, 7}, {3, 6}, {2, 4}], [{8, 5}, {1, 7}, {4, 6}, {2, 3}], [{8, 5}, {2, 7}, {1, 6}, {3, 4}], [{8, 5}, {2, 7}, {3, 6}, {1, 4}], [{8, 5}, {2, 7}, {4, 6}, {1, 3}], [{8, 5}, {3, 7}, {1, 6}, {2, 4}], [{8, 5}, {3, 7}, {1, 6}, {4}, {2}], [{8, 5}, {3, 7}, {2, 6}, {1, 4}], [{8, 5}, {3, 7}, {4, 6}, {1, 2}], [{8, 5}, {4, 7}, {1, 6}, {2, 3}], [{8, 5}, {4, 7}, {2, 6}, {1, 3}], [{8, 5}, {4, 7}, {3, 6}, {1, 2}], [{8, 5}, {4, 7}, {3, 6}, {2}, {1}], [{8, 5}, {6, 7}, {1, 4}, {2, 3}], [{8, 5}, {6, 7}, {2, 4}, {1, 3}], [{8, 5}, {6, 7}, {3, 4}, {1, 2}], [{8, 5}, {7}, {6}, {3, 4}, {1, 2}], [{8, 6}, {1, 7}, {2, 5}, {3, 4}], [{8, 6}, {1, 7}, {3, 5}, {2, 4}], [{8, 6}, {1, 7}, {3, 5}, {4}, {2}], [{8, 6}, {1, 7}, {4, 5}, {2, 3}], [{8, 6}, {2, 7}, {1, 5}, {3, 4}], [{8, 6}, {2, 7}, {3, 5}, {1, 4}], [{8, 6}, {2, 7}, {3, 5}, {4}, {1}], [{8, 6}, {2, 7}, {4, 5}, {1, 3}], [{8, 6}, {3, 7}, {1, 5}, {2, 4}], [{8, 6}, {3, 7}, {2, 5}, {1, 4}], [{8, 6}, {3, 7}, {4, 5}, {1, 2}], [{8, 6}, {4, 7}, {1, 5}, {2, 3}], [{8, 6}, {4, 7}, {2, 5}, {1, 3}], [{8, 6}, {4, 7}, {3, 5}, {1, 2}], [{8, 6}, {5, 7}, {1, 4}, {2, 3}], [{8, 6}, {5, 7}, {2, 4}, {1, 3}], [{8, 6}, {5, 7}, {3, 4}, {1, 2}], [{8, 6}, {7}, {1, 5}, {2, 4}, {3}], [{8, 6}, {7}, {3, 5}, {4}, {1, 2}], [{8, 7}, {1, 6}, {2, 5}, {3, 4}], [{8, 7}, {1, 6}, {3, 5}, {2, 4}], [{8, 7}, {1, 6}, {4, 5}, {2, 3}], [{8, 7}, {2, 6}, {1, 5}, {3, 4}], [{8, 7}, {2, 6}, {3, 5}, {1, 4}], [{8, 7}, {2, 6}, {3, 5}, {4}, {1}], [{8, 7}, {2, 6}, {4, 5}, {1, 3}], [{8, 7}, {2, 6}, {5}, {1, 4}, {3}], [{8, 7}, {3, 6}, {1, 5}, {2, 4}], [{8, 7}, {3, 6}, {2, 5}, {1, 4}], [{8, 7}, {3, 6}, {4, 5}, {1, 2}], [{8, 7}, {4, 6}, {1, 5}, {2, 3}], [{8, 7}, {4, 6}, {2, 5}, {1, 3}], [{8, 7}, {4, 6}, {3, 5}, {1, 2}], [{8, 7}, {5, 6}, {1, 4}, {2, 3}], [{8, 7}, {5, 6}, {2, 4}, {1, 3}], [{8, 7}, {5, 6}, {2, 4}, {3}, {1}], [{8, 7}, {5, 6}, {3, 4}, {1, 2}], [{8}, {2, 7}, {1, 6}, {4, 5}, {3}], [{8}, {3, 7}, {2, 6}, {5}, {1, 4}], [{8}, {4, 7}, {3, 6}, {5}, {1, 2}], [{8}, {4, 7}, {6}, {2, 5}, {1, 3}], [{8}, {5, 7}, {1, 6}, {2, 4}, {3}], [{8}, {6, 7}, {2, 5}, {4}, {1, 3}], [{8}, {7}, {4, 6}, {2, 5}, {1, 3}], [{8}, {7}, {4, 6}, {3, 5}, {1, 2}]]",2,- 8 K_1^4 + 4 K_1^3 + 16 K_1^2 K_2 - 8 K_1^2 - 6 K_1 K_2 - 6 K_1 K_3 + 3 K_2 + 2 K_3 + 4,O1O2O3O4U1U2O5U6U4O7O8U5U8U7O6U3,O1O2O3U2U1O4O5U3O6O7U4U8U6U7O8U5,O1O2O3U4O5U6U7U5U8O6O7U1O4O8U3U2,c,{'O1O2O3O4U2O5U6U7U8O7O6U1U5O8U3U4'},1,"<a href=""/flatknot/8.704006"">8.704006</a>",t^9-100t^7-430t^6-136t^5+490t^4-54t^3+8t^2-288t-58,-t^3+t^2+t,,
8.704007,O1O2O3O4U2O5U6U7U8O7O6U1U5O8U4U3,4,6z^3+43z^2+94z+65,6w^4z^3+43w^3z^2+94w^2z+65w,False,False,"[[ 0 -2 -2  2  2  2 -1 -1  0],[ 2  0  0  3  2  1  2  2  3],[ 2  0  0  2  1  0  2  2  2],[-2 -3 -2  0  0  1 -3 -3 -1],[-2 -2 -1  0  0  1 -3 -3 -1],[-2 -1  0 -1 -1  0 -2 -2  0],[ 1 -2 -2  3  3  2  0  0 -1],[ 1 -2 -2  3  3  2  0  0  0],[ 0 -3 -2  1  1  0  1  0  0]]","[[ 0  2  2  2  0 -1 -1 -2 -2],[-2  0  1  0 -1 -3 -3 -1 -2],[-2 -1  0 -1  0 -2 -2  0 -1],[-2  0  1  0 -1 -3 -3 -2 -3],[ 0  1  0  1  0  1  0 -2 -3],[ 1  3  2  3 -1  0  0 -2 -2],[ 1  3  2  3  0  0  0 -2 -2],[ 2  1  0  2  2  2  2  0  0],[ 2  2  1  3  3  2  2  0  0]]",True,"[-2,-2,-2,0,1,1,2,2,-1,0,1,3,3,1,2,1,0,2,2,0,1,1,3,3,2,3,-1,0,2,3,0,2,2,2,2,0]","[-2,-2,-2,0,1,1,2,2,-1,-1,2,1,1,3,4,0,1,0,0,1,2,1,0,0,2,3,1,2,-1,0,0,-1,-1,-1,-1,0]",t^8+97t^6+664t^4+98t^2+1,"[-2,-2,-1,-1,0,2,2,2,0,-1,-1,-1,1,2,3,-1,-1,0,2,3,4,0,1,0,0,1,2,0,0,1,1,1,2,0,-1,-1]","[-2,-2,-2,0,1,1,2,2,-1,-1,2,1,1,3,4,0,1,0,0,1,2,1,0,0,2,3,1,2,-1,0,0,-1,-1,-1,-1,0]","[-2,-2,-1,-1,0,2,2,2,0,2,2,2,0,1,2,2,2,3,1,2,3,0,-1,2,3,3,0,2,3,3,0,1,1,-1,-1,0]",c,"[[{8, 1}, {2, 7}, {3, 6}, {4, 5}], [{8, 1}, {2, 7}, {4, 6}, {3, 5}], [{8, 1}, {2, 7}, {5, 6}, {3, 4}], [{8, 1}, {3, 7}, {2, 6}, {4, 5}], [{8, 1}, {3, 7}, {4, 6}, {2, 5}], [{8, 1}, {3, 7}, {5, 6}, {2, 4}], [{8, 1}, {4, 7}, {2, 6}, {3, 5}], [{8, 1}, {4, 7}, {3, 6}, {2, 5}], [{8, 1}, {4, 7}, {5, 6}, {2, 3}], [{8, 1}, {4, 7}, {5, 6}, {3}, {2}], [{8, 1}, {5, 7}, {2, 6}, {3, 4}], [{8, 1}, {5, 7}, {3, 6}, {2, 4}], [{8, 1}, {5, 7}, {4, 6}, {2, 3}], [{8, 1}, {6, 7}, {2, 5}, {3, 4}], [{8, 1}, {6, 7}, {3, 5}, {2, 4}], [{8, 1}, {6, 7}, {4, 5}, {2, 3}], [{8, 1}, {6, 7}, {5}, {4}, {2, 3}], [{8, 2}, {1, 7}, {3, 6}, {4, 5}], [{8, 2}, {1, 7}, {4, 6}, {3, 5}], [{8, 2}, {1, 7}, {5, 6}, {3, 4}], [{8, 2}, {3, 7}, {1, 6}, {4, 5}], [{8, 2}, {3, 7}, {4, 6}, {1, 5}], [{8, 2}, {3, 7}, {5, 6}, {1, 4}], [{8, 2}, {4, 7}, {1, 6}, {3, 5}], [{8, 2}, {4, 7}, {3, 6}, {1, 5}], [{8, 2}, {4, 7}, {3, 6}, {5}, {1}], [{8, 2}, {4, 7}, {5, 6}, {1, 3}], [{8, 2}, {5, 7}, {1, 6}, {3, 4}], [{8, 2}, {5, 7}, {3, 6}, {1, 4}], [{8, 2}, {5, 7}, {4, 6}, {1, 3}], [{8, 2}, {6, 7}, {1, 5}, {3, 4}], [{8, 2}, {6, 7}, {1, 5}, {4}, {3}], [{8, 2}, {6, 7}, {3, 5}, {1, 4}], [{8, 2}, {6, 7}, {4, 5}, {1, 3}], [{8, 2}, {7}, {6}, {4, 5}, {1, 3}], [{8, 3}, {1, 7}, {2, 6}, {4, 5}], [{8, 3}, {1, 7}, {4, 6}, {2, 5}], [{8, 3}, {1, 7}, {5, 6}, {2, 4}], [{8, 3}, {2, 7}, {1, 6}, {4, 5}], [{8, 3}, {2, 7}, {4, 6}, {1, 5}], [{8, 3}, {2, 7}, {5, 6}, {1, 4}], [{8, 3}, {4, 7}, {1, 6}, {2, 5}], [{8, 3}, {4, 7}, {2, 6}, {1, 5}], [{8, 3}, {4, 7}, {2, 6}, {5}, {1}], [{8, 3}, {4, 7}, {5, 6}, {1, 2}], [{8, 3}, {5, 7}, {1, 6}, {2, 4}], [{8, 3}, {5, 7}, {2, 6}, {1, 4}], [{8, 3}, {5, 7}, {4, 6}, {1, 2}], [{8, 3}, {5, 7}, {6}, {1, 4}, {2}], [{8, 3}, {6, 7}, {1, 5}, {2, 4}], [{8, 3}, {6, 7}, {2, 5}, {1, 4}], [{8, 3}, {6, 7}, {4, 5}, {1, 2}], [{8, 3}, {6, 7}, {5}, {1, 4}, {2}], [{8, 3}, {7}, {5, 6}, {1, 4}, {2}], [{8, 3}, {7}, {6}, {4, 5}, {1, 2}], [{8, 4}, {1, 7}, {2, 6}, {3, 5}], [{8, 4}, {1, 7}, {3, 6}, {2, 5}], [{8, 4}, {1, 7}, {5, 6}, {2, 3}], [{8, 4}, {2, 7}, {1, 6}, {3, 5}], [{8, 4}, {2, 7}, {3, 6}, {1, 5}], [{8, 4}, {2, 7}, {5, 6}, {1, 3}], [{8, 4}, {2, 7}, {6}, {5}, {1, 3}], [{8, 4}, {3, 7}, {1, 6}, {2, 5}], [{8, 4}, {3, 7}, {2, 6}, {1, 5}], [{8, 4}, {3, 7}, {5, 6}, {1, 2}], [{8, 4}, {5, 7}, {1, 6}, {2, 3}], [{8, 4}, {5, 7}, {2, 6}, {1, 3}], [{8, 4}, {5, 7}, {3, 6}, {1, 2}], [{8, 4}, {5, 7}, {6}, {1, 3}, {2}], [{8, 4}, {6, 7}, {1, 5}, {2, 3}], [{8, 4}, {6, 7}, {2, 5}, {1, 3}], [{8, 4}, {6, 7}, {2, 5}, {3}, {1}], [{8, 4}, {6, 7}, {3, 5}, {1, 2}], [{8, 4}, {6, 7}, {5}, {1, 3}, {2}], [{8, 4}, {7}, {2, 6}, {1, 5}, {3}], [{8, 4}, {7}, {2, 6}, {3, 5}, {1}], [{8, 4}, {7}, {2, 6}, {5}, {1, 3}], [{8, 4}, {7}, {5, 6}, {1, 3}, {2}], [{8, 4}, {7}, {6}, {2, 5}, {1, 3}], [{8, 4}, {7}, {6}, {5}, {1, 3}, {2}], [{8, 5}, {1, 7}, {2, 6}, {3, 4}], [{8, 5}, {1, 7}, {3, 6}, {2, 4}], [{8, 5}, {1, 7}, {4, 6}, {2, 3}], [{8, 5}, {1, 7}, {6}, {2, 4}, {3}], [{8, 5}, {2, 7}, {1, 6}, {3, 4}], [{8, 5}, {2, 7}, {1, 6}, {4}, {3}], [{8, 5}, {2, 7}, {3, 6}, {1, 4}], [{8, 5}, {2, 7}, {4, 6}, {1, 3}], [{8, 5}, {3, 7}, {1, 6}, {2, 4}], [{8, 5}, {3, 7}, {2, 6}, {1, 4}], [{8, 5}, {3, 7}, {4, 6}, {1, 2}], [{8, 5}, {3, 7}, {6}, {2, 4}, {1}], [{8, 5}, {4, 7}, {1, 6}, {2, 3}], [{8, 5}, {4, 7}, {1, 6}, {3}, {2}], [{8, 5}, {4, 7}, {2, 6}, {1, 3}], [{8, 5}, {4, 7}, {3, 6}, {1, 2}], [{8, 5}, {6, 7}, {1, 4}, {2, 3}], [{8, 5}, {6, 7}, {2, 4}, {1, 3}], [{8, 5}, {6, 7}, {2, 4}, {3}, {1}], [{8, 5}, {6, 7}, {3, 4}, {1, 2}], [{8, 5}, {7}, {1, 6}, {2, 4}, {3}], [{8, 5}, {7}, {3, 6}, {2, 4}, {1}], [{8, 5}, {7}, {6}, {2, 4}, {1, 3}], [{8, 5}, {7}, {6}, {3, 4}, {1, 2}], [{8, 6}, {1, 7}, {2, 5}, {3, 4}], [{8, 6}, {1, 7}, {3, 5}, {2, 4}], [{8, 6}, {1, 7}, {4, 5}, {2, 3}], [{8, 6}, {1, 7}, {4, 5}, {3}, {2}], [{8, 6}, {2, 7}, {1, 5}, {3, 4}], [{8, 6}, {2, 7}, {3, 5}, {1, 4}], [{8, 6}, {2, 7}, {4, 5}, {1, 3}], [{8, 6}, {3, 7}, {1, 5}, {2, 4}], [{8, 6}, {3, 7}, {2, 5}, {1, 4}], [{8, 6}, {3, 7}, {4, 5}, {1, 2}], [{8, 6}, {4, 7}, {1, 5}, {2, 3}], [{8, 6}, {4, 7}, {2, 5}, {1, 3}], [{8, 6}, {4, 7}, {2, 5}, {3}, {1}], [{8, 6}, {4, 7}, {3, 5}, {1, 2}], [{8, 6}, {4, 7}, {5}, {1, 3}, {2}], [{8, 6}, {5, 7}, {1, 4}, {2, 3}], [{8, 6}, {5, 7}, {1, 4}, {3}, {2}], [{8, 6}, {5, 7}, {2, 4}, {1, 3}], [{8, 6}, {5, 7}, {3, 4}, {1, 2}], [{8, 6}, {7}, {2, 5}, {4}, {1, 3}], [{8, 7}, {1, 6}, {2, 5}, {3, 4}], [{8, 7}, {1, 6}, {3, 5}, {2, 4}], [{8, 7}, {1, 6}, {4, 5}, {2, 3}], [{8, 7}, {2, 6}, {1, 5}, {3, 4}], [{8, 7}, {2, 6}, {3, 5}, {1, 4}], [{8, 7}, {2, 6}, {4, 5}, {1, 3}], [{8, 7}, {3, 6}, {1, 5}, {2, 4}], [{8, 7}, {3, 6}, {2, 5}, {1, 4}], [{8, 7}, {3, 6}, {4, 5}, {1, 2}], [{8, 7}, {4, 6}, {1, 5}, {2, 3}], [{8, 7}, {4, 6}, {2, 5}, {1, 3}], [{8, 7}, {4, 6}, {2, 5}, {3}, {1}], [{8, 7}, {4, 6}, {3, 5}, {1, 2}], [{8, 7}, {4, 6}, {5}, {1, 3}, {2}], [{8, 7}, {5, 6}, {1, 4}, {2, 3}], [{8, 7}, {5, 6}, {2, 4}, {1, 3}], [{8, 7}, {5, 6}, {3, 4}, {1, 2}], [{8, 7}, {5, 6}, {4}, {3}, {1, 2}], [{8, 7}, {6}, {2, 5}, {4}, {1, 3}], [{8}, {4, 7}, {6}, {2, 5}, {1, 3}], [{8}, {4, 7}, {6}, {3, 5}, {1, 2}], [{8}, {5, 7}, {3, 6}, {1, 4}, {2}], [{8}, {6, 7}, {2, 5}, {4}, {1, 3}], [{8}, {6, 7}, {3, 5}, {4}, {1, 2}], [{8}, {7}, {4, 6}, {2, 5}, {1, 3}], [{8}, {7}, {4, 6}, {3, 5}, {1, 2}], [{8}, {7}, {6}, {2, 5}, {4}, {1, 3}]]",2,- 8 K_1^4 + 16 K_1^2 K_2 - 6 K_1 K_3 - K_2,O1O2O3O4U2U1O5U6U4O7O8U5U8U7O6U3,O1O2O3U2U1O4O5U3O6O7U4U8U7U6O8U5,O1O2O3U4O5U6U7U5U8O7O6U1O4O8U3U2,c,{'O1O2O3O4U2O5U6U7U8O7O6U1U5O8U4U3'},1,"<a href=""/flatknot/8.704007"">8.704007</a>",t^9-95t^7-356t^6+89t^5+166t^4-773t^3+40t^2-43t+2,-t^2+2t,,
8.704008,O1O2O3O4U2O5U6U7U8O7O6U3U1O8U4U5,4,2z^3+32z^2+111z+111,2w^4z^3+32w^3z^2+111w^2z+111w,False,False,"[[ 0 -1 -2  0  2  3 -1 -1  0],[ 1  0 -1  1  2  2  1  1  2],[ 2  1  0  1  2  2  2  2  1],[ 0 -1 -1  0  0  1  0  0  2],[-2 -2 -2  0  0  1 -3 -3  0],[-3 -2 -2 -1 -1  0 -4 -4 -1],[ 1 -1 -2  0  3  4  0  0 -1],[ 1 -1 -2  0  3  4  0  0  0],[ 0 -2 -1 -2  0  1  1  0  0]]","[[ 0  3  2  0  0 -1 -1 -1 -2],[-3  0 -1 -1 -1 -2 -4 -4 -2],[-2  1  0  0  0 -2 -3 -3 -2],[ 0  1  0  0  2 -1  0  0 -1],[ 0  1  0 -2  0 -2  1  0 -1],[ 1  2  2  1  2  0  1  1 -1],[ 1  4  3  0 -1 -1  0  0 -2],[ 1  4  3  0  0 -1  0  0 -2],[ 2  2  2  1  1  1  2  2  0]]",True,"[-3,-2,0,0,1,1,1,2,1,1,1,2,4,4,2,0,0,2,3,3,2,-2,1,0,0,1,2,-1,0,1,-1,-1,1,0,2,2]","[-3,-2,0,0,1,1,1,2,0,2,2,0,0,2,3,2,2,0,0,1,2,-2,1,2,-1,1,1,1,0,1,0,-1,-1,-1,-1,0]",t^8+92t^6+809t^4+154t^2+4,"[-2,-1,-1,-1,0,0,2,3,-1,-1,0,1,1,2,3,0,1,1,1,0,0,1,1,2,0,0,0,-1,1,2,-2,2,2,2,2,0]","[-3,-2,0,0,1,1,1,2,0,2,2,0,0,2,3,2,2,0,0,1,2,-2,1,2,-1,1,1,1,0,1,0,-1,-1,-1,-1,0]","[-2,-1,-1,-1,0,0,2,3,1,2,2,1,1,2,2,1,1,1,2,2,2,0,0,-1,3,4,0,0,3,4,2,0,1,0,1,1]",c,"[[{8, 4}, {1, 7}, {5, 6}, {2, 3}]]",1,4 K_1^3 - 4 K_1^2 - 6 K_1 K_2 + 2 K_2 + 2 K_3 + 3,O1O2O3O4U5U1O6U4U2O7O8U6U8U7O5U3,O1O2O3U2U1O4O5U3O6O7U5U8U4U6O8U7,O1O2O3U4O5U6U7U5U8O4O6U1O8O7U3U2,c,{'O1O2O3O4U2O5U6U7U8O7O6U3U1O8U4U5'},1,"<a href=""/flatknot/8.704008"">8.704008</a>",t^9-86t^7-326t^6+83t^5+1646t^4+1865t^3+472t^2-21t,-t^3+3t,,
8.704009,O1O2O3O4U2O5U6U7U8O7O6U3U1O8U5U4,4,2z^3+33z^2+104z+93,2w^4z^3-4w^4z^2+37w^3z^2-4w^3z+108w^2z+93w,False,False,"[[ 0 -1 -2  0  3  2 -1 -1  0],[ 1  0 -1  1  3  1  1  1  2],[ 2  1  0  1  2  1  2  2  1],[ 0 -1 -1  0  1  0  0  0  2],[-3 -3 -2 -1  0  0 -4 -4 -1],[-2 -1 -1  0  0  0 -3 -3  0],[ 1 -1 -2  0  4  3  0  0 -1],[ 1 -1 -2  0  4  3  0  0  0],[ 0 -2 -1 -2  1  0  1  0  0]]","[[ 0  3  2  0  0 -1 -1 -1 -2],[-3  0  0 -1 -1 -3 -4 -4 -2],[-2  0  0  0  0 -1 -3 -3 -1],[ 0  1  0  0  2 -1  0  0 -1],[ 0  1  0 -2  0 -2  1  0 -1],[ 1  3  1  1  2  0  1  1 -1],[ 1  4  3  0 -1 -1  0  0 -2],[ 1  4  3  0  0 -1  0  0 -2],[ 2  2  1  1  1  1  2  2  0]]",True,"[-3,-2,0,0,1,1,1,2,0,1,1,3,4,4,2,0,0,1,3,3,1,-2,1,0,0,1,2,-1,0,1,-1,-1,1,0,2,2]","[-3,-2,0,0,1,1,1,2,0,1,1,3,4,4,2,0,0,1,3,3,1,-2,1,0,0,1,2,-1,0,1,-1,-1,1,0,2,2]",t^8+90t^6+831t^4+198t^2+1,"[-2,-1,-1,-1,0,0,2,3,-1,-1,0,1,1,3,3,0,1,1,1,0,0,1,1,2,0,0,0,-1,2,1,-2,2,2,2,2,1]","[-3,-2,0,0,1,1,1,2,1,2,2,0,0,1,3,2,2,0,0,2,3,-2,1,2,-1,1,1,1,0,1,0,-1,-1,-1,-1,0]","[-2,-1,-1,-1,0,0,2,3,1,2,2,1,1,1,2,1,1,1,2,1,3,0,0,-1,3,4,0,0,3,4,2,0,1,0,1,0]",c,"[[{8, 1}, {3, 7}, {5, 6}, {2, 4}]]",1,8 K_1^3 - 4 K_1^2 - 6 K_1 K_2 - 3 K_1 + 2 K_2 + K_3 + 3,O1O2O3O4U1U5O6U4U2O7O8U6U8U7O5U3,O1O2O3U2U1O4O5U3O6O7U5U8U4U7O8U6,O1O2O3U4O5U6U7U5U8O6O4U1O8O7U3U2,c,{'O1O2O3O4U2O5U6U7U8O7O6U3U1O8U5U4'},1,"<a href=""/flatknot/8.704009"">8.704009</a>",t^9-84t^7-258t^6+315t^5+1598t^4+982t^3-334t^2-84t+10,-t^3+3t,,
8.704010,O1O2O3O4U2O5U6U7U8O7O6U3U4O8U1U5,4,10z^3+59z^2+114z+73,10w^4z^3+59w^3z^2+114w^2z+73w,False,False,"[[ 0 -1 -2  0  2  3 -1 -1  0],[ 1  0 -2  1  3  3  0  0  1],[ 2  2  0  1  2  2  2  2  0],[ 0 -1 -1  0  1  1  0  0  1],[-2 -3 -2 -1  0  0 -2 -2  0],[-3 -3 -2 -1  0  0 -4 -4 -1],[ 1  0 -2  0  2  4  0  0 -1],[ 1  0 -2  0  2  4  0  0  0],[ 0 -1  0 -1  0  1  1  0  0]]","[[ 0  3  2  0  0 -1 -1 -1 -2],[-3  0  0 -1 -1 -3 -4 -4 -2],[-2  0  0  0 -1 -3 -2 -2 -2],[ 0  1  0  0 -1 -1  1  0  0],[ 0  1  1  1  0 -1  0  0 -1],[ 1  3  3  1  1  0  0  0 -2],[ 1  4  2 -1  0  0  0  0 -2],[ 1  4  2  0  0  0  0  0 -2],[ 2  2  2  0  1  2  2  2  0]]",True,"[-3,-2,0,0,1,1,1,2,0,1,1,3,4,4,2,0,1,3,2,2,2,1,1,-1,0,0,1,0,0,1,0,0,2,0,2,2]","[-3,-2,0,0,1,1,1,2,0,1,1,3,4,4,2,0,1,3,2,2,2,1,1,-1,0,0,1,0,0,1,0,0,2,0,2,2]",t^8+86t^6+469t^4+223t^2+4,"[-2,-1,-1,-1,0,0,2,3,-1,-1,-1,1,2,2,3,0,0,0,0,0,1,0,1,1,1,0,1,2,1,0,-1,1,2,2,2,1]","[-3,-2,0,0,1,1,1,2,1,2,2,0,0,1,3,1,2,1,1,0,2,1,1,1,0,1,1,2,0,2,0,0,-1,0,-1,-1]","[-2,-1,-1,-1,0,0,2,3,2,2,2,0,1,2,2,0,0,-1,0,2,4,0,0,0,2,4,1,1,3,3,-1,0,1,1,1,0]",c,"[[{8, 1}, {2, 7}, {3, 6}, {4, 5}], [{8, 1}, {2, 7}, {3, 6}, {5}, {4}], [{8, 1}, {2, 7}, {4, 6}, {3, 5}], [{8, 1}, {2, 7}, {4, 6}, {5}, {3}], [{8, 1}, {2, 7}, {5, 6}, {3, 4}], [{8, 1}, {2, 7}, {5, 6}, {4}, {3}], [{8, 1}, {2, 7}, {6}, {3, 5}, {4}], [{8, 1}, {2, 7}, {6}, {4, 5}, {3}], [{8, 1}, {2, 7}, {6}, {5}, {3, 4}], [{8, 1}, {2, 7}, {6}, {5}, {4}, {3}], [{8, 1}, {3, 7}, {2, 6}, {4, 5}], [{8, 1}, {3, 7}, {4, 6}, {2, 5}], [{8, 1}, {3, 7}, {5, 6}, {2, 4}], [{8, 1}, {4, 7}, {2, 6}, {3, 5}], [{8, 1}, {4, 7}, {3, 6}, {2, 5}], [{8, 1}, {4, 7}, {5, 6}, {2, 3}], [{8, 1}, {5, 7}, {2, 6}, {3, 4}], [{8, 1}, {5, 7}, {3, 6}, {2, 4}], [{8, 1}, {5, 7}, {3, 6}, {4}, {2}], [{8, 1}, {5, 7}, {4, 6}, {2, 3}], [{8, 1}, {5, 7}, {4, 6}, {3}, {2}], [{8, 1}, {5, 7}, {6}, {3, 4}, {2}], [{8, 1}, {6, 7}, {2, 5}, {3, 4}], [{8, 1}, {6, 7}, {3, 5}, {2, 4}], [{8, 1}, {6, 7}, {3, 5}, {4}, {2}], [{8, 1}, {6, 7}, {4, 5}, {2, 3}], [{8, 1}, {7}, {2, 6}, {3, 5}, {4}], [{8, 1}, {7}, {3, 6}, {2, 5}, {4}], [{8, 1}, {7}, {4, 6}, {2, 5}, {3}], [{8, 1}, {7}, {6}, {2, 5}, {3, 4}], [{8, 2}, {1, 7}, {3, 6}, {4, 5}], [{8, 2}, {1, 7}, {4, 6}, {3, 5}], [{8, 2}, {1, 7}, {5, 6}, {3, 4}], [{8, 2}, {1, 7}, {5, 6}, {4}, {3}], [{8, 2}, {3, 7}, {1, 6}, {4, 5}], [{8, 2}, {3, 7}, {4, 6}, {1, 5}], [{8, 2}, {3, 7}, {5, 6}, {1, 4}], [{8, 2}, {4, 7}, {1, 6}, {3, 5}], [{8, 2}, {4, 7}, {3, 6}, {1, 5}], [{8, 2}, {4, 7}, {5, 6}, {1, 3}], [{8, 2}, {5, 7}, {1, 6}, {3, 4}], [{8, 2}, {5, 7}, {1, 6}, {4}, {3}], [{8, 2}, {5, 7}, {3, 6}, {1, 4}], [{8, 2}, {5, 7}, {4, 6}, {1, 3}], [{8, 2}, {6, 7}, {1, 5}, {3, 4}], [{8, 2}, {6, 7}, {3, 5}, {1, 4}], [{8, 2}, {6, 7}, {4, 5}, {1, 3}], [{8, 2}, {7}, {3, 6}, {5}, {1, 4}], [{8, 2}, {7}, {4, 6}, {1, 5}, {3}], [{8, 2}, {7}, {4, 6}, {3, 5}, {1}], [{8, 2}, {7}, {4, 6}, {5}, {1, 3}], [{8, 3}, {1, 7}, {2, 6}, {4, 5}], [{8, 3}, {1, 7}, {4, 6}, {2, 5}], [{8, 3}, {1, 7}, {5, 6}, {2, 4}], [{8, 3}, {2, 7}, {1, 6}, {4, 5}], [{8, 3}, {2, 7}, {1, 6}, {5}, {4}], [{8, 3}, {2, 7}, {4, 6}, {1, 5}], [{8, 3}, {2, 7}, {5, 6}, {1, 4}], [{8, 3}, {2, 7}, {5, 6}, {4}, {1}], [{8, 3}, {2, 7}, {6}, {1, 5}, {4}], [{8, 3}, {4, 7}, {1, 6}, {2, 5}], [{8, 3}, {4, 7}, {1, 6}, {5}, {2}], [{8, 3}, {4, 7}, {2, 6}, {1, 5}], [{8, 3}, {4, 7}, {5, 6}, {1, 2}], [{8, 3}, {5, 7}, {1, 6}, {2, 4}], [{8, 3}, {5, 7}, {2, 6}, {1, 4}], [{8, 3}, {5, 7}, {4, 6}, {1, 2}], [{8, 3}, {6, 7}, {1, 5}, {2, 4}], [{8, 3}, {6, 7}, {1, 5}, {4}, {2}], [{8, 3}, {6, 7}, {2, 5}, {1, 4}], [{8, 3}, {6, 7}, {4, 5}, {1, 2}], [{8, 3}, {7}, {1, 6}, {5}, {2, 4}], [{8, 3}, {7}, {2, 6}, {1, 5}, {4}], [{8, 4}, {1, 7}, {2, 6}, {3, 5}], [{8, 4}, {1, 7}, {3, 6}, {2, 5}], [{8, 4}, {1, 7}, {5, 6}, {2, 3}], [{8, 4}, {1, 7}, {6}, {2, 5}, {3}], [{8, 4}, {2, 7}, {1, 6}, {3, 5}], [{8, 4}, {2, 7}, {3, 6}, {1, 5}], [{8, 4}, {2, 7}, {5, 6}, {1, 3}], [{8, 4}, {2, 7}, {5, 6}, {3}, {1}], [{8, 4}, {3, 7}, {1, 6}, {2, 5}], [{8, 4}, {3, 7}, {2, 6}, {1, 5}], [{8, 4}, {3, 7}, {5, 6}, {1, 2}], [{8, 4}, {5, 7}, {1, 6}, {2, 3}], [{8, 4}, {5, 7}, {2, 6}, {1, 3}], [{8, 4}, {5, 7}, {3, 6}, {1, 2}], [{8, 4}, {6, 7}, {1, 5}, {2, 3}], [{8, 4}, {6, 7}, {2, 5}, {1, 3}], [{8, 4}, {6, 7}, {3, 5}, {1, 2}], [{8, 4}, {7}, {3, 6}, {2, 5}, {1}], [{8, 4}, {7}, {6}, {1, 5}, {2, 3}], [{8, 5}, {1, 7}, {2, 6}, {3, 4}], [{8, 5}, {1, 7}, {3, 6}, {2, 4}], [{8, 5}, {1, 7}, {4, 6}, {2, 3}], [{8, 5}, {1, 7}, {6}, {2, 4}, {3}], [{8, 5}, {2, 7}, {1, 6}, {3, 4}], [{8, 5}, {2, 7}, {1, 6}, {4}, {3}], [{8, 5}, {2, 7}, {3, 6}, {1, 4}], [{8, 5}, {2, 7}, {3, 6}, {4}, {1}], [{8, 5}, {2, 7}, {4, 6}, {1, 3}], [{8, 5}, {2, 7}, {6}, {4}, {1, 3}], [{8, 5}, {3, 7}, {1, 6}, {2, 4}], [{8, 5}, {3, 7}, {2, 6}, {1, 4}], [{8, 5}, {3, 7}, {4, 6}, {1, 2}], [{8, 5}, {4, 7}, {1, 6}, {2, 3}], [{8, 5}, {4, 7}, {1, 6}, {3}, {2}], [{8, 5}, {4, 7}, {2, 6}, {1, 3}], [{8, 5}, {4, 7}, {3, 6}, {1, 2}], [{8, 5}, {4, 7}, {6}, {2, 3}, {1}], [{8, 5}, {6, 7}, {1, 4}, {2, 3}], [{8, 5}, {6, 7}, {2, 4}, {1, 3}], [{8, 5}, {6, 7}, {2, 4}, {3}, {1}], [{8, 5}, {6, 7}, {3, 4}, {1, 2}], [{8, 5}, {7}, {1, 6}, {2, 4}, {3}], [{8, 5}, {7}, {3, 6}, {1, 4}, {2}], [{8, 6}, {1, 7}, {2, 5}, {3, 4}], [{8, 6}, {1, 7}, {3, 5}, {2, 4}], [{8, 6}, {1, 7}, {4, 5}, {2, 3}], [{8, 6}, {2, 7}, {1, 5}, {3, 4}], [{8, 6}, {2, 7}, {1, 5}, {4}, {3}], [{8, 6}, {2, 7}, {3, 5}, {1, 4}], [{8, 6}, {2, 7}, {3, 5}, {4}, {1}], [{8, 6}, {2, 7}, {4, 5}, {1, 3}], [{8, 6}, {2, 7}, {5}, {4}, {1, 3}], [{8, 6}, {3, 7}, {1, 5}, {2, 4}], [{8, 6}, {3, 7}, {2, 5}, {1, 4}], [{8, 6}, {3, 7}, {4, 5}, {1, 2}], [{8, 6}, {3, 7}, {4, 5}, {2}, {1}], [{8, 6}, {4, 7}, {1, 5}, {2, 3}], [{8, 6}, {4, 7}, {2, 5}, {1, 3}], [{8, 6}, {4, 7}, {3, 5}, {1, 2}], [{8, 6}, {4, 7}, {5}, {2, 3}, {1}], [{8, 6}, {5, 7}, {1, 4}, {2, 3}], [{8, 6}, {5, 7}, {2, 4}, {1, 3}], [{8, 6}, {5, 7}, {3, 4}, {1, 2}], [{8, 6}, {7}, {1, 5}, {3, 4}, {2}], [{8, 7}, {1, 6}, {2, 5}, {3, 4}], [{8, 7}, {1, 6}, {3, 5}, {2, 4}], [{8, 7}, {1, 6}, {4, 5}, {2, 3}], [{8, 7}, {2, 6}, {1, 5}, {3, 4}], [{8, 7}, {2, 6}, {3, 5}, {1, 4}], [{8, 7}, {2, 6}, {4, 5}, {1, 3}], [{8, 7}, {2, 6}, {4, 5}, {3}, {1}], [{8, 7}, {3, 6}, {1, 5}, {2, 4}], [{8, 7}, {3, 6}, {2, 5}, {1, 4}], [{8, 7}, {3, 6}, {4, 5}, {1, 2}], [{8, 7}, {3, 6}, {5}, {2, 4}, {1}], [{8, 7}, {4, 6}, {1, 5}, {2, 3}], [{8, 7}, {4, 6}, {2, 5}, {1, 3}], [{8, 7}, {4, 6}, {3, 5}, {1, 2}], [{8, 7}, {4, 6}, {5}, {2, 3}, {1}], [{8, 7}, {5, 6}, {1, 4}, {2, 3}], [{8, 7}, {5, 6}, {2, 4}, {1, 3}], [{8, 7}, {5, 6}, {3, 4}, {1, 2}], [{8, 7}, {5, 6}, {4}, {3}, {1, 2}], [{8}, {2, 7}, {1, 6}, {3, 5}, {4}], [{8}, {2, 7}, {3, 6}, {1, 5}, {4}], [{8}, {2, 7}, {5, 6}, {1, 4}, {3}], [{8}, {2, 7}, {5, 6}, {3, 4}, {1}], [{8}, {2, 7}, {5, 6}, {4}, {1, 3}], [{8}, {2, 7}, {5, 6}, {4}, {3}, {1}], [{8}, {3, 7}, {4, 6}, {2, 5}, {1}], [{8}, {3, 7}, {5, 6}, {2, 4}, {1}], [{8}, {4, 7}, {1, 6}, {3, 5}, {2}], [{8}, {4, 7}, {3, 6}, {1, 5}, {2}], [{8}, {4, 7}, {5, 6}, {2, 3}, {1}], [{8}, {5, 7}, {2, 6}, {1, 4}, {3}], [{8}, {5, 7}, {2, 6}, {3, 4}, {1}], [{8}, {5, 7}, {2, 6}, {4}, {1, 3}], [{8}, {7}, {1, 6}, {3, 5}, {2, 4}], [{8}, {7}, {3, 6}, {1, 5}, {2, 4}], [{8}, {7}, {3, 6}, {2, 5}, {1, 4}], [{8}, {7}, {3, 6}, {4, 5}, {1, 2}]]",2,4 K_1^3 - 4 K_1^2 - 10 K_1 K_2 + 2 K_1 + 2 K_2 + 4 K_3 + 3,O1O2O3O4U5U4O6U1U2O7O8U6U8U7O5U3,O1O2O3U2U1O4O5U3O6O7U6U8U4U5O8U7,O1O2O3U4O5U6U7U5U8O4O8U1O6O7U3U2,c,{'O1O2O3O4U2O5U6U7U8O7O6U3U4O8U1U5'},1,"<a href=""/flatknot/8.704010"">8.704010</a>",t^9-80t^7-210t^6+193t^5+790t^4+126t^3-708t^2-397t,-t^3+3t,,
8.704011,O1O2O3O4U2O5U6U7U8O7O6U4U3O8U1U5,4,8z^3+54z^2+115z+79,8w^4z^3+54w^3z^2+115w^2z+79w,False,False,"[[ 0 -1 -2  1  1  3 -1 -1  0],[ 1  0 -2  2  2  3  0  0  1],[ 2  2  0  2  1  2  2  2  0],[-1 -2 -2  0  0  1 -1 -1  0],[-1 -2 -1  0  0  0 -1 -1  1],[-3 -3 -2 -1  0  0 -4 -4 -1],[ 1  0 -2  1  1  4  0  0 -1],[ 1  0 -2  1  1  4  0  0  0],[ 0 -1  0  0 -1  1  1  0  0]]","[[ 0  3  1  1  0 -1 -1 -1 -2],[-3  0  0 -1 -1 -3 -4 -4 -2],[-1  0  0  0  1 -2 -1 -1 -1],[-1  1  0  0  0 -2 -1 -1 -2],[ 0  1 -1  0  0 -1  1  0  0],[ 1  3  2  2  1  0  0  0 -2],[ 1  4  1  1 -1  0  0  0 -2],[ 1  4  1  1  0  0  0  0 -2],[ 2  2  1  2  0  2  2  2  0]]",True,"[-3,-1,-1,0,1,1,1,2,0,1,1,3,4,4,2,0,-1,2,1,1,1,0,2,1,1,2,1,-1,0,0,0,0,2,0,2,2]","[-3,-1,-1,0,1,1,1,2,0,1,1,3,4,4,2,0,-1,2,1,1,1,0,2,1,1,2,1,-1,0,0,0,0,2,0,2,2]",t^8+79t^6+452t^4+251t^2+9,"[-2,-1,-1,-1,0,1,1,3,-1,-1,-1,2,1,2,3,0,0,0,0,0,1,0,1,1,1,0,2,1,1,0,1,2,2,0,1,2]","[-3,-1,-1,0,1,1,1,2,1,2,2,0,0,1,3,0,1,1,1,0,1,2,1,1,0,2,1,2,0,2,0,0,-1,0,-1,-1]","[-2,-1,-1,-1,0,1,1,3,2,2,2,0,1,2,2,0,0,-1,1,1,4,0,0,1,1,4,1,2,2,3,-1,0,1,0,0,1]",c,"[[{8, 1}, {2, 7}, {3, 6}, {4, 5}], [{8, 1}, {2, 7}, {3, 6}, {5}, {4}], [{8, 1}, {2, 7}, {4, 6}, {3, 5}], [{8, 1}, {2, 7}, {4, 6}, {5}, {3}], [{8, 1}, {2, 7}, {5, 6}, {3, 4}], [{8, 1}, {2, 7}, {5, 6}, {4}, {3}], [{8, 1}, {2, 7}, {6}, {3, 5}, {4}], [{8, 1}, {2, 7}, {6}, {4, 5}, {3}], [{8, 1}, {2, 7}, {6}, {5}, {3, 4}], [{8, 1}, {2, 7}, {6}, {5}, {4}, {3}], [{8, 1}, {3, 7}, {2, 6}, {4, 5}], [{8, 1}, {3, 7}, {4, 6}, {2, 5}], [{8, 1}, {3, 7}, {5, 6}, {2, 4}], [{8, 1}, {3, 7}, {6}, {2, 5}, {4}], [{8, 1}, {4, 7}, {2, 6}, {3, 5}], [{8, 1}, {4, 7}, {3, 6}, {2, 5}], [{8, 1}, {4, 7}, {5, 6}, {2, 3}], [{8, 1}, {4, 7}, {6}, {2, 5}, {3}], [{8, 1}, {5, 7}, {2, 6}, {3, 4}], [{8, 1}, {5, 7}, {2, 6}, {4}, {3}], [{8, 1}, {5, 7}, {3, 6}, {2, 4}], [{8, 1}, {5, 7}, {3, 6}, {4}, {2}], [{8, 1}, {5, 7}, {4, 6}, {2, 3}], [{8, 1}, {5, 7}, {4, 6}, {3}, {2}], [{8, 1}, {5, 7}, {6}, {2, 4}, {3}], [{8, 1}, {5, 7}, {6}, {3, 4}, {2}], [{8, 1}, {5, 7}, {6}, {4}, {2, 3}], [{8, 1}, {5, 7}, {6}, {4}, {3}, {2}], [{8, 1}, {6, 7}, {2, 5}, {3, 4}], [{8, 1}, {6, 7}, {2, 5}, {4}, {3}], [{8, 1}, {6, 7}, {3, 5}, {2, 4}], [{8, 1}, {6, 7}, {4, 5}, {2, 3}], [{8, 1}, {7}, {3, 6}, {2, 5}, {4}], [{8, 1}, {7}, {4, 6}, {2, 5}, {3}], [{8, 1}, {7}, {6}, {2, 5}, {3, 4}], [{8, 1}, {7}, {6}, {2, 5}, {4}, {3}], [{8, 2}, {1, 7}, {3, 6}, {4, 5}], [{8, 2}, {1, 7}, {4, 6}, {3, 5}], [{8, 2}, {1, 7}, {4, 6}, {5}, {3}], [{8, 2}, {1, 7}, {5, 6}, {3, 4}], [{8, 2}, {3, 7}, {1, 6}, {4, 5}], [{8, 2}, {3, 7}, {4, 6}, {1, 5}], [{8, 2}, {3, 7}, {5, 6}, {1, 4}], [{8, 2}, {4, 7}, {1, 6}, {3, 5}], [{8, 2}, {4, 7}, {3, 6}, {1, 5}], [{8, 2}, {4, 7}, {5, 6}, {1, 3}], [{8, 2}, {4, 7}, {6}, {1, 5}, {3}], [{8, 2}, {5, 7}, {1, 6}, {3, 4}], [{8, 2}, {5, 7}, {1, 6}, {4}, {3}], [{8, 2}, {5, 7}, {3, 6}, {1, 4}], [{8, 2}, {5, 7}, {4, 6}, {1, 3}], [{8, 2}, {6, 7}, {1, 5}, {3, 4}], [{8, 2}, {6, 7}, {3, 5}, {1, 4}], [{8, 2}, {6, 7}, {4, 5}, {1, 3}], [{8, 2}, {6, 7}, {4, 5}, {3}, {1}], [{8, 2}, {7}, {3, 6}, {1, 5}, {4}], [{8, 2}, {7}, {5, 6}, {1, 4}, {3}], [{8, 3}, {1, 7}, {2, 6}, {4, 5}], [{8, 3}, {1, 7}, {4, 6}, {2, 5}], [{8, 3}, {1, 7}, {5, 6}, {2, 4}], [{8, 3}, {2, 7}, {1, 6}, {4, 5}], [{8, 3}, {2, 7}, {4, 6}, {1, 5}], [{8, 3}, {2, 7}, {5, 6}, {1, 4}], [{8, 3}, {2, 7}, {5, 6}, {4}, {1}], [{8, 3}, {4, 7}, {1, 6}, {2, 5}], [{8, 3}, {4, 7}, {2, 6}, {1, 5}], [{8, 3}, {4, 7}, {5, 6}, {1, 2}], [{8, 3}, {5, 7}, {1, 6}, {2, 4}], [{8, 3}, {5, 7}, {2, 6}, {1, 4}], [{8, 3}, {5, 7}, {2, 6}, {4}, {1}], [{8, 3}, {5, 7}, {4, 6}, {1, 2}], [{8, 3}, {6, 7}, {1, 5}, {2, 4}], [{8, 3}, {6, 7}, {2, 5}, {1, 4}], [{8, 3}, {6, 7}, {4, 5}, {1, 2}], [{8, 3}, {7}, {1, 6}, {2, 5}, {4}], [{8, 3}, {7}, {6}, {1, 5}, {2, 4}], [{8, 4}, {1, 7}, {2, 6}, {3, 5}], [{8, 4}, {1, 7}, {2, 6}, {5}, {3}], [{8, 4}, {1, 7}, {3, 6}, {2, 5}], [{8, 4}, {1, 7}, {5, 6}, {2, 3}], [{8, 4}, {2, 7}, {1, 6}, {3, 5}], [{8, 4}, {2, 7}, {1, 6}, {5}, {3}], [{8, 4}, {2, 7}, {3, 6}, {1, 5}], [{8, 4}, {2, 7}, {5, 6}, {1, 3}], [{8, 4}, {2, 7}, {5, 6}, {3}, {1}], [{8, 4}, {2, 7}, {6}, {1, 5}, {3}], [{8, 4}, {3, 7}, {1, 6}, {2, 5}], [{8, 4}, {3, 7}, {2, 6}, {1, 5}], [{8, 4}, {3, 7}, {5, 6}, {1, 2}], [{8, 4}, {5, 7}, {1, 6}, {2, 3}], [{8, 4}, {5, 7}, {2, 6}, {1, 3}], [{8, 4}, {5, 7}, {2, 6}, {3}, {1}], [{8, 4}, {5, 7}, {3, 6}, {1, 2}], [{8, 4}, {6, 7}, {1, 5}, {2, 3}], [{8, 4}, {6, 7}, {1, 5}, {3}, {2}], [{8, 4}, {6, 7}, {2, 5}, {1, 3}], [{8, 4}, {6, 7}, {3, 5}, {1, 2}], [{8, 4}, {7}, {2, 6}, {1, 5}, {3}], [{8, 5}, {1, 7}, {2, 6}, {3, 4}], [{8, 5}, {1, 7}, {3, 6}, {2, 4}], [{8, 5}, {1, 7}, {4, 6}, {2, 3}], [{8, 5}, {1, 7}, {6}, {4}, {2, 3}], [{8, 5}, {2, 7}, {1, 6}, {3, 4}], [{8, 5}, {2, 7}, {1, 6}, {4}, {3}], [{8, 5}, {2, 7}, {3, 6}, {1, 4}], [{8, 5}, {2, 7}, {4, 6}, {1, 3}], [{8, 5}, {2, 7}, {4, 6}, {3}, {1}], [{8, 5}, {2, 7}, {6}, {1, 4}, {3}], [{8, 5}, {3, 7}, {1, 6}, {2, 4}], [{8, 5}, {3, 7}, {2, 6}, {1, 4}], [{8, 5}, {3, 7}, {2, 6}, {4}, {1}], [{8, 5}, {3, 7}, {4, 6}, {1, 2}], [{8, 5}, {3, 7}, {6}, {1, 4}, {2}], [{8, 5}, {4, 7}, {1, 6}, {2, 3}], [{8, 5}, {4, 7}, {2, 6}, {1, 3}], [{8, 5}, {4, 7}, {3, 6}, {1, 2}], [{8, 5}, {4, 7}, {6}, {2, 3}, {1}], [{8, 5}, {6, 7}, {1, 4}, {2, 3}], [{8, 5}, {6, 7}, {2, 4}, {1, 3}], [{8, 5}, {6, 7}, {2, 4}, {3}, {1}], [{8, 5}, {6, 7}, {3, 4}, {1, 2}], [{8, 5}, {7}, {4, 6}, {1, 3}, {2}], [{8, 5}, {7}, {6}, {1, 4}, {2, 3}], [{8, 6}, {1, 7}, {2, 5}, {3, 4}], [{8, 6}, {1, 7}, {3, 5}, {2, 4}], [{8, 6}, {1, 7}, {4, 5}, {2, 3}], [{8, 6}, {1, 7}, {5}, {2, 4}, {3}], [{8, 6}, {2, 7}, {1, 5}, {3, 4}], [{8, 6}, {2, 7}, {1, 5}, {4}, {3}], [{8, 6}, {2, 7}, {3, 5}, {1, 4}], [{8, 6}, {2, 7}, {4, 5}, {1, 3}], [{8, 6}, {2, 7}, {4, 5}, {3}, {1}], [{8, 6}, {2, 7}, {5}, {1, 4}, {3}], [{8, 6}, {3, 7}, {1, 5}, {2, 4}], [{8, 6}, {3, 7}, {2, 5}, {1, 4}], [{8, 6}, {3, 7}, {4, 5}, {1, 2}], [{8, 6}, {4, 7}, {1, 5}, {2, 3}], [{8, 6}, {4, 7}, {2, 5}, {1, 3}], [{8, 6}, {4, 7}, {3, 5}, {1, 2}], [{8, 6}, {4, 7}, {5}, {2, 3}, {1}], [{8, 6}, {5, 7}, {1, 4}, {2, 3}], [{8, 6}, {5, 7}, {2, 4}, {1, 3}], [{8, 6}, {5, 7}, {3, 4}, {1, 2}], [{8, 6}, {5, 7}, {4}, {3}, {1, 2}], [{8, 6}, {7}, {1, 5}, {3, 4}, {2}], [{8, 6}, {7}, {2, 5}, {4}, {1, 3}], [{8, 7}, {1, 6}, {2, 5}, {3, 4}], [{8, 7}, {1, 6}, {3, 5}, {2, 4}], [{8, 7}, {1, 6}, {4, 5}, {2, 3}], [{8, 7}, {2, 6}, {1, 5}, {3, 4}], [{8, 7}, {2, 6}, {3, 5}, {1, 4}], [{8, 7}, {2, 6}, {3, 5}, {4}, {1}], [{8, 7}, {2, 6}, {4, 5}, {1, 3}], [{8, 7}, {3, 6}, {1, 5}, {2, 4}], [{8, 7}, {3, 6}, {2, 5}, {1, 4}], [{8, 7}, {3, 6}, {4, 5}, {1, 2}], [{8, 7}, {3, 6}, {5}, {2, 4}, {1}], [{8, 7}, {4, 6}, {1, 5}, {2, 3}], [{8, 7}, {4, 6}, {2, 5}, {1, 3}], [{8, 7}, {4, 6}, {3, 5}, {1, 2}], [{8, 7}, {4, 6}, {5}, {2, 3}, {1}], [{8, 7}, {5, 6}, {1, 4}, {2, 3}], [{8, 7}, {5, 6}, {1, 4}, {3}, {2}], [{8, 7}, {5, 6}, {2, 4}, {1, 3}], [{8, 7}, {5, 6}, {3, 4}, {1, 2}], [{8}, {2, 7}, {1, 6}, {4, 5}, {3}], [{8}, {2, 7}, {4, 6}, {1, 5}, {3}], [{8}, {2, 7}, {5, 6}, {1, 4}, {3}], [{8}, {2, 7}, {5, 6}, {3, 4}, {1}], [{8}, {2, 7}, {5, 6}, {4}, {1, 3}], [{8}, {2, 7}, {5, 6}, {4}, {3}, {1}], [{8}, {3, 7}, {1, 6}, {4, 5}, {2}], [{8}, {3, 7}, {4, 6}, {1, 5}, {2}], [{8}, {3, 7}, {4, 6}, {2, 5}, {1}], [{8}, {3, 7}, {4, 6}, {5}, {1, 2}], [{8}, {3, 7}, {5, 6}, {2, 4}, {1}], [{8}, {4, 7}, {5, 6}, {2, 3}, {1}], [{8}, {5, 7}, {2, 6}, {1, 4}, {3}], [{8}, {5, 7}, {2, 6}, {3, 4}, {1}], [{8}, {5, 7}, {2, 6}, {4}, {1, 3}], [{8}, {5, 7}, {2, 6}, {4}, {3}, {1}], [{8}, {7}, {1, 6}, {4, 5}, {2, 3}], [{8}, {7}, {4, 6}, {1, 5}, {2, 3}]]",2,- 4 K_1^3 + 2 K_1^2 + 2 K_1 K_2 + 2 K_1 - K_2,O1O2O3O4U5U4O6U2U1O7O8U6U8U7O5U3,O1O2O3U2U1O4O5U3O6O7U6U8U5U4O8U7,O1O2O3U4O5U6U7U5U8O4O8U1O7O6U3U2,c,{'O1O2O3O4U2O5U6U7U8O7O6U4U3O8U1U5'},1,"<a href=""/flatknot/8.704011"">8.704011</a>",t^9-75t^7-210t^6+155t^5+682t^4+22t^3-528t^2-60t-6,-t^3+t^2+t,,
8.704012,O1O2O3O4U2O5U6U7U8O7O6U4U5O8U1U3,4,27z^2+112z+117,27w^3z^2+112w^2z+117w,False,False,"[[ 0 -1 -2  2  1  2 -1 -1  0],[ 1  0 -1  2  1  2  0  0  1],[ 2  1  0  2  1  1  2  2  1],[-2 -2 -2  0  0  2 -3 -3 -2],[-1 -1 -1  0  0  1 -1 -1  0],[-2 -2 -1 -2 -1  0 -2 -2  0],[ 1  0 -2  3  1  2  0  0 -1],[ 1  0 -2  3  1  2  0  0  0],[ 0 -1 -1  2  0  0  1  0  0]]","[[ 0  2  2  1  0 -1 -1 -1 -2],[-2  0  2  0 -2 -2 -3 -3 -2],[-2 -2  0 -1  0 -2 -2 -2 -1],[-1  0  1  0  0 -1 -1 -1 -1],[ 0  2  0  0  0 -1  1  0 -1],[ 1  2  2  1  1  0  0  0 -1],[ 1  3  2  1 -1  0  0  0 -2],[ 1  3  2  1  0  0  0  0 -2],[ 2  2  1  1  1  1  2  2  0]]",True,"[-2,-2,-1,0,1,1,1,2,-2,0,2,2,3,3,2,1,0,2,2,2,1,0,1,1,1,1,1,-1,0,1,0,0,1,0,2,2]","[-2,-2,-1,0,1,1,1,2,-2,0,2,1,1,1,3,1,0,0,0,1,2,1,1,1,1,2,1,2,0,1,0,0,-1,0,-1,0]",t^8+64t^6+256t^4+87t^2,"[-2,-1,-1,-1,0,1,2,2,-1,-1,0,1,2,2,3,0,0,1,1,0,1,0,2,1,0,1,0,1,1,1,1,0,2,1,0,-2]","[-2,-2,-1,0,1,1,1,2,-2,0,2,1,1,1,3,1,0,0,0,1,2,1,1,1,1,2,1,2,0,1,0,0,-1,0,-1,0]","[-2,-1,-1,-1,0,1,2,2,1,2,2,1,1,1,2,0,0,1,1,2,2,0,-1,1,2,3,0,1,2,3,0,0,2,1,0,-2]",c,"[[{8, 1}, {3, 7}, {4, 6}, {2, 5}], [{8, 1}, {5, 7}, {4, 6}, {2, 3}], [{8, 3}, {1, 7}, {4, 6}, {2, 5}], [{8, 5}, {1, 7}, {4, 6}, {2, 3}], [{8, 7}, {4, 6}, {1, 5}, {2, 3}], [{8, 7}, {4, 6}, {2, 5}, {1, 3}]]",1,4 K_1^3 - 10 K_1^2 - 12 K_1 K_2 + 3 K_1 + 5 K_2 + 5 K_3 + 6,O1O2O3O4U2U4O5U6U1O7O8U5U8U7O6U3,O1O2O3U2U1O4O5U3O6O7U6U8U7U4O8U5,O1O2O3U4O5U6U7U5U8O7O8U1O4O6U3U2,c,{'O1O2O3O4U2O5U6U7U8O7O6U4U5O8U1U3'},1,"<a href=""/flatknot/8.704012"">8.704012</a>",t^9-62t^7-206t^6-33t^5+274t^4-180t^3-46t^2+46t+6,-t^2+2t,,
8.704013,O1O2O3O4U2O5U6U7U1O8O6U3U4O7U8U5,4,7z^3+45z^2+93z+63,7w^4z^3-8w^4z^2+53w^3z^2-16w^3z+109w^2z+63w,False,False,"[[ 0 -1 -2  0  2  3 -1 -1  0],[ 1  0  0  1  2  1  1  0  0],[ 2  0  0  1  2  2  2  0  2],[ 0 -1 -1  0  1  2  0  0  0],[-2 -2 -2 -1  0  1 -2 -1 -1],[-3 -1 -2 -2 -1  0 -3 -1 -2],[ 1 -1 -2  0  2  3  0 -1  1],[ 1  0  0  0  1  1  1  0  0],[ 0  0 -2  0  1  2 -1  0  0]]","[[ 0  3  2  0  0 -1 -1 -1 -2],[-3  0 -1 -2 -2 -1 -1 -3 -2],[-2  1  0 -1 -1 -1 -2 -2 -2],[ 0  2  1  0  0  0  0 -1 -2],[ 0  2  1  0  0  0 -1  0 -1],[ 1  1  1  0  0  0  0  1  0],[ 1  1  2  0  1  0  0  1  0],[ 1  3  2  1  0 -1 -1  0 -2],[ 2  2  2  2  1  0  0  2  0]]",True,"[-3,-2,0,0,1,1,1,2,1,2,2,1,1,3,2,1,1,1,2,2,2,0,0,0,1,2,0,1,0,1,0,-1,0,-1,0,2]","[-3,-2,0,0,1,1,1,2,0,1,1,1,3,3,3,1,1,1,1,2,2,0,0,1,1,0,1,0,1,1,-1,-1,-1,0,1,1]",t^8+52t^6+140t^4+73t^2+1,"[-2,-1,-1,-1,0,0,2,3,-1,1,1,0,1,2,3,1,1,0,1,1,1,0,1,0,1,3,1,1,2,3,0,1,1,1,1,0]","[-3,-2,0,0,1,1,1,2,0,1,1,1,3,3,3,1,1,1,1,2,2,0,0,1,1,0,1,0,1,1,-1,-1,-1,0,1,1]","[-2,-1,-1,-1,0,0,2,3,0,0,2,1,2,2,2,0,1,0,0,1,1,1,1,0,2,1,0,1,2,3,0,1,2,1,2,1]",c,"[[{8, 1}, {2, 7}, {3, 6}, {4, 5}], [{8, 1}, {2, 7}, {3, 6}, {5}, {4}], [{8, 1}, {2, 7}, {4, 6}, {3, 5}], [{8, 1}, {2, 7}, {5, 6}, {3, 4}], [{8, 1}, {3, 7}, {2, 6}, {4, 5}], [{8, 1}, {3, 7}, {4, 6}, {2, 5}], [{8, 1}, {3, 7}, {5, 6}, {2, 4}], [{8, 1}, {4, 7}, {2, 6}, {3, 5}], [{8, 1}, {4, 7}, {3, 6}, {2, 5}], [{8, 1}, {4, 7}, {5, 6}, {2, 3}], [{8, 1}, {5, 7}, {2, 6}, {3, 4}], [{8, 1}, {5, 7}, {3, 6}, {2, 4}], [{8, 1}, {5, 7}, {3, 6}, {4}, {2}], [{8, 1}, {5, 7}, {4, 6}, {2, 3}], [{8, 1}, {5, 7}, {6}, {2, 4}, {3}], [{8, 1}, {6, 7}, {2, 5}, {3, 4}], [{8, 1}, {6, 7}, {3, 5}, {2, 4}], [{8, 1}, {6, 7}, {4, 5}, {2, 3}], [{8, 1}, {7}, {2, 6}, {3, 5}, {4}], [{8, 1}, {7}, {3, 6}, {2, 5}, {4}], [{8, 2}, {1, 7}, {3, 6}, {4, 5}], [{8, 2}, {1, 7}, {4, 6}, {3, 5}], [{8, 2}, {1, 7}, {5, 6}, {3, 4}], [{8, 2}, {1, 7}, {5, 6}, {4}, {3}], [{8, 2}, {3, 7}, {1, 6}, {4, 5}], [{8, 2}, {3, 7}, {4, 6}, {1, 5}], [{8, 2}, {3, 7}, {4, 6}, {5}, {1}], [{8, 2}, {3, 7}, {5, 6}, {1, 4}], [{8, 2}, {3, 7}, {6}, {1, 5}, {4}], [{8, 2}, {4, 7}, {1, 6}, {3, 5}], [{8, 2}, {4, 7}, {3, 6}, {1, 5}], [{8, 2}, {4, 7}, {3, 6}, {5}, {1}], [{8, 2}, {4, 7}, {5, 6}, {1, 3}], [{8, 2}, {4, 7}, {6}, {1, 5}, {3}], [{8, 2}, {5, 7}, {1, 6}, {3, 4}], [{8, 2}, {5, 7}, {1, 6}, {4}, {3}], [{8, 2}, {5, 7}, {3, 6}, {1, 4}], [{8, 2}, {5, 7}, {4, 6}, {1, 3}], [{8, 2}, {6, 7}, {1, 5}, {3, 4}], [{8, 2}, {6, 7}, {1, 5}, {4}, {3}], [{8, 2}, {6, 7}, {3, 5}, {1, 4}], [{8, 2}, {6, 7}, {4, 5}, {1, 3}], [{8, 2}, {7}, {3, 6}, {1, 5}, {4}], [{8, 2}, {7}, {4, 6}, {1, 5}, {3}], [{8, 2}, {7}, {6}, {1, 5}, {3, 4}], [{8, 2}, {7}, {6}, {1, 5}, {4}, {3}], [{8, 3}, {1, 7}, {2, 6}, {4, 5}], [{8, 3}, {1, 7}, {4, 6}, {2, 5}], [{8, 3}, {1, 7}, {5, 6}, {2, 4}], [{8, 3}, {2, 7}, {1, 6}, {4, 5}], [{8, 3}, {2, 7}, {1, 6}, {5}, {4}], [{8, 3}, {2, 7}, {4, 6}, {1, 5}], [{8, 3}, {2, 7}, {5, 6}, {1, 4}], [{8, 3}, {2, 7}, {6}, {4, 5}, {1}], [{8, 3}, {4, 7}, {1, 6}, {2, 5}], [{8, 3}, {4, 7}, {2, 6}, {1, 5}], [{8, 3}, {4, 7}, {2, 6}, {5}, {1}], [{8, 3}, {4, 7}, {5, 6}, {1, 2}], [{8, 3}, {4, 7}, {6}, {1, 5}, {2}], [{8, 3}, {5, 7}, {1, 6}, {2, 4}], [{8, 3}, {5, 7}, {2, 6}, {1, 4}], [{8, 3}, {5, 7}, {4, 6}, {1, 2}], [{8, 3}, {6, 7}, {1, 5}, {2, 4}], [{8, 3}, {6, 7}, {2, 5}, {1, 4}], [{8, 3}, {6, 7}, {4, 5}, {1, 2}], [{8, 3}, {6, 7}, {5}, {1, 4}, {2}], [{8, 3}, {7}, {6}, {2, 5}, {1, 4}], [{8, 4}, {1, 7}, {2, 6}, {3, 5}], [{8, 4}, {1, 7}, {3, 6}, {2, 5}], [{8, 4}, {1, 7}, {5, 6}, {2, 3}], [{8, 4}, {2, 7}, {1, 6}, {3, 5}], [{8, 4}, {2, 7}, {1, 6}, {5}, {3}], [{8, 4}, {2, 7}, {3, 6}, {1, 5}], [{8, 4}, {2, 7}, {3, 6}, {5}, {1}], [{8, 4}, {2, 7}, {5, 6}, {1, 3}], [{8, 4}, {2, 7}, {5, 6}, {3}, {1}], [{8, 4}, {2, 7}, {6}, {1, 5}, {3}], [{8, 4}, {2, 7}, {6}, {3, 5}, {1}], [{8, 4}, {2, 7}, {6}, {5}, {1, 3}], [{8, 4}, {3, 7}, {1, 6}, {2, 5}], [{8, 4}, {3, 7}, {2, 6}, {1, 5}], [{8, 4}, {3, 7}, {5, 6}, {1, 2}], [{8, 4}, {3, 7}, {5, 6}, {2}, {1}], [{8, 4}, {5, 7}, {1, 6}, {2, 3}], [{8, 4}, {5, 7}, {2, 6}, {1, 3}], [{8, 4}, {5, 7}, {3, 6}, {1, 2}], [{8, 4}, {5, 7}, {3, 6}, {2}, {1}], [{8, 4}, {6, 7}, {1, 5}, {2, 3}], [{8, 4}, {6, 7}, {2, 5}, {1, 3}], [{8, 4}, {6, 7}, {3, 5}, {1, 2}], [{8, 4}, {7}, {3, 6}, {2, 5}, {1}], [{8, 4}, {7}, {5, 6}, {2, 3}, {1}], [{8, 5}, {1, 7}, {2, 6}, {3, 4}], [{8, 5}, {1, 7}, {3, 6}, {2, 4}], [{8, 5}, {1, 7}, {4, 6}, {2, 3}], [{8, 5}, {2, 7}, {1, 6}, {3, 4}], [{8, 5}, {2, 7}, {3, 6}, {1, 4}], [{8, 5}, {2, 7}, {4, 6}, {1, 3}], [{8, 5}, {3, 7}, {1, 6}, {2, 4}], [{8, 5}, {3, 7}, {1, 6}, {4}, {2}], [{8, 5}, {3, 7}, {2, 6}, {1, 4}], [{8, 5}, {3, 7}, {2, 6}, {4}, {1}], [{8, 5}, {3, 7}, {4, 6}, {1, 2}], [{8, 5}, {3, 7}, {4, 6}, {2}, {1}], [{8, 5}, {3, 7}, {6}, {1, 4}, {2}], [{8, 5}, {3, 7}, {6}, {2, 4}, {1}], [{8, 5}, {3, 7}, {6}, {4}, {1, 2}], [{8, 5}, {4, 7}, {1, 6}, {2, 3}], [{8, 5}, {4, 7}, {2, 6}, {1, 3}], [{8, 5}, {4, 7}, {3, 6}, {1, 2}], [{8, 5}, {6, 7}, {1, 4}, {2, 3}], [{8, 5}, {6, 7}, {2, 4}, {1, 3}], [{8, 5}, {6, 7}, {3, 4}, {1, 2}], [{8, 6}, {1, 7}, {2, 5}, {3, 4}], [{8, 6}, {1, 7}, {3, 5}, {2, 4}], [{8, 6}, {1, 7}, {4, 5}, {2, 3}], [{8, 6}, {2, 7}, {1, 5}, {3, 4}], [{8, 6}, {2, 7}, {3, 5}, {1, 4}], [{8, 6}, {2, 7}, {4, 5}, {1, 3}], [{8, 6}, {2, 7}, {5}, {4}, {1, 3}], [{8, 6}, {3, 7}, {1, 5}, {2, 4}], [{8, 6}, {3, 7}, {2, 5}, {1, 4}], [{8, 6}, {3, 7}, {4, 5}, {1, 2}], [{8, 6}, {4, 7}, {1, 5}, {2, 3}], [{8, 6}, {4, 7}, {1, 5}, {3}, {2}], [{8, 6}, {4, 7}, {2, 5}, {1, 3}], [{8, 6}, {4, 7}, {3, 5}, {1, 2}], [{8, 6}, {5, 7}, {1, 4}, {2, 3}], [{8, 6}, {5, 7}, {2, 4}, {1, 3}], [{8, 6}, {5, 7}, {3, 4}, {1, 2}], [{8, 6}, {7}, {2, 5}, {1, 4}, {3}], [{8, 6}, {7}, {3, 5}, {1, 4}, {2}], [{8, 6}, {7}, {5}, {1, 4}, {2, 3}], [{8, 7}, {1, 6}, {2, 5}, {3, 4}], [{8, 7}, {1, 6}, {3, 5}, {2, 4}], [{8, 7}, {1, 6}, {4, 5}, {2, 3}], [{8, 7}, {1, 6}, {4, 5}, {3}, {2}], [{8, 7}, {2, 6}, {1, 5}, {3, 4}], [{8, 7}, {2, 6}, {3, 5}, {1, 4}], [{8, 7}, {2, 6}, {4, 5}, {1, 3}], [{8, 7}, {2, 6}, {5}, {4}, {1, 3}], [{8, 7}, {3, 6}, {1, 5}, {2, 4}], [{8, 7}, {3, 6}, {2, 5}, {1, 4}], [{8, 7}, {3, 6}, {4, 5}, {1, 2}], [{8, 7}, {4, 6}, {1, 5}, {2, 3}], [{8, 7}, {4, 6}, {2, 5}, {1, 3}], [{8, 7}, {4, 6}, {3, 5}, {1, 2}], [{8, 7}, {5, 6}, {1, 4}, {2, 3}], [{8, 7}, {5, 6}, {1, 4}, {3}, {2}], [{8, 7}, {5, 6}, {2, 4}, {1, 3}], [{8, 7}, {5, 6}, {3, 4}, {1, 2}], [{8, 7}, {5, 6}, {4}, {2, 3}, {1}], [{8, 7}, {6}, {1, 5}, {2, 4}, {3}], [{8, 7}, {6}, {2, 5}, {3, 4}, {1}], [{8, 7}, {6}, {3, 5}, {4}, {1, 2}], [{8}, {1, 7}, {4, 6}, {2, 5}, {3}], [{8}, {2, 7}, {1, 6}, {5}, {3, 4}], [{8}, {2, 7}, {3, 6}, {5}, {1, 4}], [{8}, {2, 7}, {4, 6}, {5}, {1, 3}], [{8}, {3, 7}, {4, 6}, {2, 5}, {1}], [{8}, {4, 7}, {1, 6}, {5}, {2, 3}], [{8}, {4, 7}, {2, 6}, {1, 5}, {3}], [{8}, {4, 7}, {3, 6}, {1, 5}, {2}], [{8}, {4, 7}, {5, 6}, {2, 3}, {1}], [{8}, {4, 7}, {6}, {1, 5}, {2, 3}], [{8}, {4, 7}, {6}, {1, 5}, {3}, {2}], [{8}, {5, 7}, {1, 6}, {3, 4}, {2}], [{8}, {5, 7}, {2, 6}, {1, 4}, {3}], [{8}, {5, 7}, {3, 6}, {1, 4}, {2}], [{8}, {5, 7}, {4, 6}, {1, 3}, {2}], [{8}, {5, 7}, {6}, {1, 4}, {2, 3}], [{8}, {7}, {1, 6}, {2, 5}, {3, 4}], [{8}, {7}, {1, 6}, {3, 5}, {2, 4}], [{8}, {7}, {3, 6}, {2, 5}, {1, 4}], [{8}, {7}, {4, 6}, {2, 5}, {1, 3}]]",2,12 K_1^3 - 8 K_1^2 - 14 K_1 K_2 - 2 K_1 + 4 K_2 + 4 K_3 + 5,O1O2O3O4U5U6O7U1U2O8O6U4U7U8O5U3,O1O2O3U4U1O5O6U2O4O7U3U8U5U6O8U7,O1O2O3U4O5U6U7U5U1O4O8U2O6O7U3U8,c,{'O1O2O3O4U2O5U6U7U1O8O6U3U4O7U8U5'},1,"<a href=""/flatknot/8.704013"">8.704013</a>",t^9-46t^7-166t^6-90t^5+304t^4+298t^3-100t^2-145t-32,-t^3+3t,,
8.704014,O1O2O3O4U2O5U6U7U1O8O6U4U3O7U8U5,4,6z^3+43z^2+94z+65,6w^4z^3-8w^4z^2+51w^3z^2-16w^3z+110w^2z+65w,False,False,"[[ 0 -1 -2  1  1  3 -1 -1  0],[ 1  0  0  2  1  1  1  0  0],[ 2  0  0  2  1  2  2  0  2],[-1 -2 -2  0  0  2 -1 -1  0],[-1 -1 -1  0  0  1 -1  0 -1],[-3 -1 -2 -2 -1  0 -3 -1 -2],[ 1 -1 -2  1  1  3  0 -1  1],[ 1  0  0  1  0  1  1  0  0],[ 0  0 -2  0  1  2 -1  0  0]]","[[ 0  3  1  1  0 -1 -1 -1 -2],[-3  0 -1 -2 -2 -1 -1 -3 -2],[-1  1  0  0 -1  0 -1 -1 -1],[-1  2  0  0  0 -1 -2 -1 -2],[ 0  2  1  0  0  0  0 -1 -2],[ 1  1  0  1  0  0  0  1  0],[ 1  1  1  2  0  0  0  1  0],[ 1  3  1  1  1 -1 -1  0 -2],[ 2  2  1  2  2  0  0  2  0]]",True,"[-3,-1,-1,0,1,1,1,2,1,2,2,1,1,3,2,0,1,0,1,1,1,0,1,2,1,2,0,0,1,2,0,-1,0,-1,0,2]","[-3,-1,-1,0,1,1,1,2,0,1,1,1,3,3,3,0,1,1,0,1,1,0,1,1,2,2,0,1,1,0,-1,-1,-1,0,1,1]",t^8+49t^6+151t^4+63t^2+1,"[-2,-1,-1,-1,0,1,1,3,-1,1,1,0,1,2,3,1,1,0,1,1,1,0,1,0,1,3,1,1,2,3,1,0,1,0,0,1]","[-3,-1,-1,0,1,1,1,2,0,1,1,1,3,3,3,0,1,1,0,1,1,0,1,1,2,2,0,1,1,0,-1,-1,-1,0,1,1]","[-2,-1,-1,-1,0,1,1,3,0,0,2,2,1,2,2,0,1,0,0,1,1,1,0,1,2,1,1,1,1,3,1,0,2,0,1,2]",c,"[[{8, 1}, {2, 7}, {3, 6}, {4, 5}], [{8, 1}, {2, 7}, {4, 6}, {3, 5}], [{8, 1}, {2, 7}, {4, 6}, {5}, {3}], [{8, 1}, {2, 7}, {5, 6}, {3, 4}], [{8, 1}, {3, 7}, {2, 6}, {4, 5}], [{8, 1}, {3, 7}, {4, 6}, {2, 5}], [{8, 1}, {3, 7}, {5, 6}, {2, 4}], [{8, 1}, {4, 7}, {2, 6}, {3, 5}], [{8, 1}, {4, 7}, {3, 6}, {2, 5}], [{8, 1}, {4, 7}, {5, 6}, {2, 3}], [{8, 1}, {5, 7}, {2, 6}, {3, 4}], [{8, 1}, {5, 7}, {2, 6}, {4}, {3}], [{8, 1}, {5, 7}, {3, 6}, {2, 4}], [{8, 1}, {5, 7}, {4, 6}, {2, 3}], [{8, 1}, {5, 7}, {4, 6}, {3}, {2}], [{8, 1}, {5, 7}, {6}, {2, 4}, {3}], [{8, 1}, {6, 7}, {2, 5}, {3, 4}], [{8, 1}, {6, 7}, {3, 5}, {2, 4}], [{8, 1}, {6, 7}, {4, 5}, {2, 3}], [{8, 1}, {6, 7}, {4, 5}, {3}, {2}], [{8, 1}, {7}, {4, 6}, {2, 5}, {3}], [{8, 2}, {1, 7}, {3, 6}, {4, 5}], [{8, 2}, {1, 7}, {4, 6}, {3, 5}], [{8, 2}, {1, 7}, {5, 6}, {3, 4}], [{8, 2}, {3, 7}, {1, 6}, {4, 5}], [{8, 2}, {3, 7}, {4, 6}, {1, 5}], [{8, 2}, {3, 7}, {5, 6}, {1, 4}], [{8, 2}, {4, 7}, {1, 6}, {3, 5}], [{8, 2}, {4, 7}, {3, 6}, {1, 5}], [{8, 2}, {4, 7}, {5, 6}, {1, 3}], [{8, 2}, {4, 7}, {5, 6}, {3}, {1}], [{8, 2}, {5, 7}, {1, 6}, {3, 4}], [{8, 2}, {5, 7}, {3, 6}, {1, 4}], [{8, 2}, {5, 7}, {4, 6}, {1, 3}], [{8, 2}, {6, 7}, {1, 5}, {3, 4}], [{8, 2}, {6, 7}, {1, 5}, {4}, {3}], [{8, 2}, {6, 7}, {3, 5}, {1, 4}], [{8, 2}, {6, 7}, {3, 5}, {4}, {1}], [{8, 2}, {6, 7}, {4, 5}, {1, 3}], [{8, 2}, {6, 7}, {5}, {4}, {1, 3}], [{8, 2}, {7}, {6}, {1, 5}, {3, 4}], [{8, 2}, {7}, {6}, {3, 5}, {1, 4}], [{8, 3}, {1, 7}, {2, 6}, {4, 5}], [{8, 3}, {1, 7}, {4, 6}, {2, 5}], [{8, 3}, {1, 7}, {5, 6}, {2, 4}], [{8, 3}, {2, 7}, {1, 6}, {4, 5}], [{8, 3}, {2, 7}, {1, 6}, {5}, {4}], [{8, 3}, {2, 7}, {4, 6}, {1, 5}], [{8, 3}, {2, 7}, {4, 6}, {5}, {1}], [{8, 3}, {2, 7}, {5, 6}, {1, 4}], [{8, 3}, {2, 7}, {5, 6}, {4}, {1}], [{8, 3}, {2, 7}, {6}, {1, 5}, {4}], [{8, 3}, {2, 7}, {6}, {4, 5}, {1}], [{8, 3}, {2, 7}, {6}, {5}, {1, 4}], [{8, 3}, {4, 7}, {1, 6}, {2, 5}], [{8, 3}, {4, 7}, {2, 6}, {1, 5}], [{8, 3}, {4, 7}, {5, 6}, {1, 2}], [{8, 3}, {4, 7}, {5, 6}, {2}, {1}], [{8, 3}, {5, 7}, {1, 6}, {2, 4}], [{8, 3}, {5, 7}, {2, 6}, {1, 4}], [{8, 3}, {5, 7}, {2, 6}, {4}, {1}], [{8, 3}, {5, 7}, {4, 6}, {1, 2}], [{8, 3}, {5, 7}, {4, 6}, {2}, {1}], [{8, 3}, {5, 7}, {6}, {2, 4}, {1}], [{8, 3}, {6, 7}, {1, 5}, {2, 4}], [{8, 3}, {6, 7}, {2, 5}, {1, 4}], [{8, 3}, {6, 7}, {4, 5}, {1, 2}], [{8, 3}, {6, 7}, {5}, {2, 4}, {1}], [{8, 3}, {7}, {4, 6}, {2, 5}, {1}], [{8, 3}, {7}, {5, 6}, {2, 4}, {1}], [{8, 4}, {1, 7}, {2, 6}, {3, 5}], [{8, 4}, {1, 7}, {3, 6}, {2, 5}], [{8, 4}, {1, 7}, {5, 6}, {2, 3}], [{8, 4}, {2, 7}, {1, 6}, {3, 5}], [{8, 4}, {2, 7}, {1, 6}, {5}, {3}], [{8, 4}, {2, 7}, {3, 6}, {1, 5}], [{8, 4}, {2, 7}, {5, 6}, {1, 3}], [{8, 4}, {2, 7}, {6}, {3, 5}, {1}], [{8, 4}, {3, 7}, {1, 6}, {2, 5}], [{8, 4}, {3, 7}, {2, 6}, {1, 5}], [{8, 4}, {3, 7}, {5, 6}, {1, 2}], [{8, 4}, {5, 7}, {1, 6}, {2, 3}], [{8, 4}, {5, 7}, {2, 6}, {1, 3}], [{8, 4}, {5, 7}, {3, 6}, {1, 2}], [{8, 4}, {6, 7}, {1, 5}, {2, 3}], [{8, 4}, {6, 7}, {2, 5}, {1, 3}], [{8, 4}, {6, 7}, {2, 5}, {3}, {1}], [{8, 4}, {6, 7}, {3, 5}, {1, 2}], [{8, 5}, {1, 7}, {2, 6}, {3, 4}], [{8, 5}, {1, 7}, {3, 6}, {2, 4}], [{8, 5}, {1, 7}, {4, 6}, {2, 3}], [{8, 5}, {2, 7}, {1, 6}, {3, 4}], [{8, 5}, {2, 7}, {3, 6}, {1, 4}], [{8, 5}, {2, 7}, {4, 6}, {1, 3}], [{8, 5}, {3, 7}, {1, 6}, {2, 4}], [{8, 5}, {3, 7}, {2, 6}, {1, 4}], [{8, 5}, {3, 7}, {4, 6}, {1, 2}], [{8, 5}, {4, 7}, {1, 6}, {2, 3}], [{8, 5}, {4, 7}, {2, 6}, {1, 3}], [{8, 5}, {4, 7}, {3, 6}, {1, 2}], [{8, 5}, {6, 7}, {1, 4}, {2, 3}], [{8, 5}, {6, 7}, {2, 4}, {1, 3}], [{8, 5}, {6, 7}, {3, 4}, {1, 2}], [{8, 5}, {7}, {1, 6}, {2, 4}, {3}], [{8, 6}, {1, 7}, {2, 5}, {3, 4}], [{8, 6}, {1, 7}, {3, 5}, {2, 4}], [{8, 6}, {1, 7}, {4, 5}, {2, 3}], [{8, 6}, {2, 7}, {1, 5}, {3, 4}], [{8, 6}, {2, 7}, {3, 5}, {1, 4}], [{8, 6}, {2, 7}, {4, 5}, {1, 3}], [{8, 6}, {2, 7}, {5}, {1, 4}, {3}], [{8, 6}, {3, 7}, {1, 5}, {2, 4}], [{8, 6}, {3, 7}, {2, 5}, {1, 4}], [{8, 6}, {3, 7}, {4, 5}, {1, 2}], [{8, 6}, {4, 7}, {1, 5}, {2, 3}], [{8, 6}, {4, 7}, {2, 5}, {1, 3}], [{8, 6}, {4, 7}, {2, 5}, {3}, {1}], [{8, 6}, {4, 7}, {3, 5}, {1, 2}], [{8, 6}, {5, 7}, {1, 4}, {2, 3}], [{8, 6}, {5, 7}, {2, 4}, {1, 3}], [{8, 6}, {5, 7}, {3, 4}, {1, 2}], [{8, 7}, {1, 6}, {2, 5}, {3, 4}], [{8, 7}, {1, 6}, {2, 5}, {4}, {3}], [{8, 7}, {1, 6}, {3, 5}, {2, 4}], [{8, 7}, {1, 6}, {4, 5}, {2, 3}], [{8, 7}, {2, 6}, {1, 5}, {3, 4}], [{8, 7}, {2, 6}, {3, 5}, {1, 4}], [{8, 7}, {2, 6}, {4, 5}, {1, 3}], [{8, 7}, {2, 6}, {5}, {1, 4}, {3}], [{8, 7}, {3, 6}, {1, 5}, {2, 4}], [{8, 7}, {3, 6}, {2, 5}, {1, 4}], [{8, 7}, {3, 6}, {2, 5}, {4}, {1}], [{8, 7}, {3, 6}, {4, 5}, {1, 2}], [{8, 7}, {4, 6}, {1, 5}, {2, 3}], [{8, 7}, {4, 6}, {2, 5}, {1, 3}], [{8, 7}, {4, 6}, {2, 5}, {3}, {1}], [{8, 7}, {4, 6}, {3, 5}, {1, 2}], [{8, 7}, {5, 6}, {1, 4}, {2, 3}], [{8, 7}, {5, 6}, {1, 4}, {3}, {2}], [{8, 7}, {5, 6}, {2, 4}, {1, 3}], [{8, 7}, {5, 6}, {3, 4}, {1, 2}], [{8, 7}, {6}, {2, 5}, {1, 4}, {3}], [{8, 7}, {6}, {2, 5}, {3, 4}, {1}], [{8, 7}, {6}, {2, 5}, {4}, {1, 3}], [{8, 7}, {6}, {2, 5}, {4}, {3}, {1}], [{8}, {1, 7}, {2, 6}, {4, 5}, {3}], [{8}, {1, 7}, {4, 6}, {2, 5}, {3}], [{8}, {1, 7}, {5, 6}, {2, 4}, {3}], [{8}, {2, 7}, {1, 6}, {5}, {3, 4}], [{8}, {2, 7}, {3, 6}, {5}, {1, 4}], [{8}, {2, 7}, {4, 6}, {5}, {1, 3}], [{8}, {3, 7}, {2, 6}, {1, 5}, {4}], [{8}, {3, 7}, {4, 6}, {1, 5}, {2}], [{8}, {3, 7}, {4, 6}, {2, 5}, {1}], [{8}, {3, 7}, {4, 6}, {5}, {1, 2}], [{8}, {3, 7}, {6}, {1, 5}, {2, 4}], [{8}, {4, 7}, {5, 6}, {2, 3}, {1}], [{8}, {5, 7}, {1, 6}, {3, 4}, {2}], [{8}, {5, 7}, {2, 6}, {4}, {1, 3}], [{8}, {5, 7}, {3, 6}, {1, 4}, {2}], [{8}, {5, 7}, {4, 6}, {1, 3}, {2}], [{8}, {5, 7}, {6}, {2, 4}, {1, 3}], [{8}, {7}, {1, 6}, {2, 5}, {3, 4}], [{8}, {7}, {1, 6}, {4, 5}, {2, 3}], [{8}, {7}, {3, 6}, {2, 5}, {1, 4}], [{8}, {7}, {4, 6}, {2, 5}, {1, 3}], [{8}, {7}, {4, 6}, {2, 5}, {3}, {1}]]",2,- 4 K_1^3 + 2 K_1^2 + 2 K_1 K_2 + 2 K_1 - K_2,O1O2O3O4U5U6O7U2U1O8O6U4U7U8O5U3,O1O2O3U4U1O5O6U2O4O7U3U8U6U5O8U7,O1O2O3U4O5U6U7U5U1O4O8U2O7O6U3U8,c,{'O1O2O3O4U2O5U6U7U1O8O6U4U3O7U8U5'},1,"<a href=""/flatknot/8.704014"">8.704014</a>",t^9-45t^7-148t^6-76t^5+306t^4+436t^3+82t^2-107t-40,-t^3+t^2+t,,
8.704015,O1O2O3O4U2O5U6U7U1O8O6U4U5O7U8U3,4,14z^2+99z+143,14w^3z^2+99w^2z+143w,False,False,"[[ 0 -1 -2  2  1  2 -1 -1  0],[ 1  0  0  2  1  1  1  0  0],[ 2  0  0  2  1  1  2  1  1],[-2 -2 -2  0 -1  1 -2 -2  0],[-1 -1 -1  1  0  1 -1 -1  0],[-2 -1 -1 -1 -1  0 -2 -1 -1],[ 1 -1 -2  2  1  2  0 -1  1],[ 1  0 -1  2  1  1  1  0  0],[ 0  0 -1  0  0  1 -1  0  0]]","[[ 0  2  2  1  0 -1 -1 -1 -2],[-2  0  1 -1  0 -2 -2 -2 -2],[-2 -1  0 -1 -1 -1 -1 -2 -1],[-1  1  1  0  0 -1 -1 -1 -1],[ 0  0  1  0  0  0  0 -1 -1],[ 1  2  1  1  0  0  0  1  0],[ 1  2  1  1  0  0  0  1 -1],[ 1  2  2  1  1 -1 -1  0 -2],[ 2  2  1  1  1  0  1  2  0]]",True,"[-2,-2,-1,0,1,1,1,2,-1,1,0,2,2,2,2,1,1,1,1,2,1,0,1,1,1,1,0,0,1,1,0,-1,0,-1,1,2]","[-2,-2,-1,0,1,1,1,2,-1,0,1,1,2,2,3,0,2,1,1,1,2,1,1,1,1,2,0,1,1,1,-1,-1,-1,0,0,1]",t^8+40t^6+77t^4+29t^2+1,"[-2,-1,-1,-1,0,1,2,2,-1,0,1,1,2,2,3,1,1,0,1,1,1,0,1,1,1,2,1,1,1,2,1,2,1,0,0,-1]","[-2,-2,-1,0,1,1,1,2,-1,0,1,1,2,2,3,0,2,1,1,1,2,1,1,1,1,2,0,1,1,1,-1,-1,-1,0,0,1]","[-2,-1,-1,-1,0,1,2,2,0,1,2,1,1,1,2,0,1,0,1,1,2,1,0,1,1,2,1,1,2,2,0,1,0,1,1,-1]",c,"[[{8, 1}, {3, 7}, {4, 6}, {2, 5}], [{8, 1}, {5, 7}, {4, 6}, {2, 3}], [{8, 3}, {1, 7}, {4, 6}, {2, 5}], [{8, 4}, {6, 7}, {2, 5}, {1, 3}], [{8, 5}, {1, 7}, {4, 6}, {2, 3}], [{8, 7}, {4, 6}, {1, 5}, {2, 3}], [{8, 7}, {4, 6}, {2, 5}, {1, 3}]]",1,- 26 K_1^2 - 16 K_1 K_2 + 8 K_1 + 13 K_2 + 8 K_3 + 14,O1O2O3O4U2U5O6U7U1O8O5U4U6U8O7U3,O1O2O3U4U1O5O6U2O4O7U3U8U7U5O8U6,O1O2O3U4O5U6U7U5U1O7O8U2O4O6U3U8,c,{'O1O2O3O4U2O5U6U7U1O8O6U4U5O7U8U3'},1,"<a href=""/flatknot/8.704015"">8.704015</a>",t^9-38t^7-130t^6-130t^5+44t^4+138t^3+44t^2-23t-10,-t^2+2t,,
8.704016,O1O2O3O4U2O5U6U7U1O8O6U8U3O7U4U5,4,10z^2+95z+151,10w^3z^2+95w^2z+151w,False,False,"[[ 0 -1 -2  1  2  3 -1 -1 -1],[ 1  0  0  1  1  1  1  1 -1],[ 2  0  0  1  2  2  2  1  0],[-1 -1 -1  0  0  1  0  0 -1],[-2 -1 -2  0  0  1 -2 -1 -1],[-3 -1 -2 -1 -1  0 -3 -2 -1],[ 1 -1 -2  0  2  3  0  0 -1],[ 1 -1 -1  0  1  2  0  0 -1],[ 1  1  0  1  1  1  1  1  0]]","[[ 0  3  2  1 -1 -1 -1 -1 -2],[-3  0 -1 -1 -1 -1 -2 -3 -2],[-2  1  0  0 -1 -1 -1 -2 -2],[-1  1  0  0 -1 -1  0  0 -1],[ 1  1  1  1  0  1  1  1  0],[ 1  1  1  1 -1  0  1  1  0],[ 1  2  1  0 -1 -1  0  0 -1],[ 1  3  2  0 -1 -1  0  0 -2],[ 2  2  2  1  0  0  1  2  0]]",True,"[-3,-2,-1,1,1,1,1,2,1,1,1,1,2,3,2,0,1,1,1,2,2,1,1,0,0,1,-1,-1,-1,0,-1,-1,0,0,1,2]","[-3,-2,-1,1,1,1,1,2,0,1,1,2,3,3,3,1,1,2,2,2,2,2,2,1,1,2,0,-1,-1,-1,-1,-1,0,-1,1,1]",t^8+45t^6+86t^4+21t^2+1,"[-2,-1,-1,-1,-1,1,2,3,-1,0,1,1,2,2,3,0,1,1,2,1,1,1,1,2,2,2,-1,1,2,3,1,2,3,1,1,0]","[-3,-2,-1,1,1,1,1,2,0,1,1,2,3,3,3,1,1,2,2,2,2,2,2,1,1,2,0,-1,-1,-1,-1,-1,0,-1,1,1]","[-2,-1,-1,-1,-1,1,2,3,0,0,1,2,1,2,2,-1,1,1,1,1,1,1,1,1,1,1,0,0,1,2,0,2,3,0,1,1]",c,"[[{8, 1}, {2, 7}, {3, 6}, {4, 5}], [{8, 1}, {2, 7}, {3, 6}, {5}, {4}], [{8, 1}, {2, 7}, {4, 6}, {3, 5}], [{8, 1}, {2, 7}, {5, 6}, {3, 4}], [{8, 1}, {3, 7}, {2, 6}, {4, 5}], [{8, 1}, {3, 7}, {2, 6}, {5}, {4}], [{8, 1}, {3, 7}, {4, 6}, {2, 5}], [{8, 1}, {3, 7}, {5, 6}, {2, 4}], [{8, 1}, {4, 7}, {2, 6}, {3, 5}], [{8, 1}, {4, 7}, {3, 6}, {2, 5}], [{8, 1}, {4, 7}, {3, 6}, {5}, {2}], [{8, 1}, {4, 7}, {5, 6}, {2, 3}], [{8, 1}, {5, 7}, {2, 6}, {3, 4}], [{8, 1}, {5, 7}, {3, 6}, {2, 4}], [{8, 1}, {5, 7}, {3, 6}, {4}, {2}], [{8, 1}, {5, 7}, {4, 6}, {2, 3}], [{8, 1}, {6, 7}, {2, 5}, {3, 4}], [{8, 1}, {6, 7}, {3, 5}, {2, 4}], [{8, 1}, {6, 7}, {4, 5}, {2, 3}], [{8, 1}, {6, 7}, {5}, {4}, {2, 3}], [{8, 1}, {7}, {3, 6}, {2, 5}, {4}], [{8, 1}, {7}, {3, 6}, {4, 5}, {2}], [{8, 1}, {7}, {3, 6}, {5}, {2, 4}], [{8, 1}, {7}, {3, 6}, {5}, {4}, {2}], [{8, 2}, {1, 7}, {3, 6}, {4, 5}], [{8, 2}, {1, 7}, {4, 6}, {3, 5}], [{8, 2}, {1, 7}, {5, 6}, {3, 4}], [{8, 2}, {3, 7}, {1, 6}, {4, 5}], [{8, 2}, {3, 7}, {4, 6}, {1, 5}], [{8, 2}, {3, 7}, {5, 6}, {1, 4}], [{8, 2}, {4, 7}, {1, 6}, {3, 5}], [{8, 2}, {4, 7}, {3, 6}, {1, 5}], [{8, 2}, {4, 7}, {5, 6}, {1, 3}], [{8, 2}, {4, 7}, {6}, {3, 5}, {1}], [{8, 2}, {5, 7}, {1, 6}, {3, 4}], [{8, 2}, {5, 7}, {3, 6}, {1, 4}], [{8, 2}, {5, 7}, {4, 6}, {1, 3}], [{8, 2}, {5, 7}, {4, 6}, {3}, {1}], [{8, 2}, {6, 7}, {1, 5}, {3, 4}], [{8, 2}, {6, 7}, {3, 5}, {1, 4}], [{8, 2}, {6, 7}, {4, 5}, {1, 3}], [{8, 3}, {1, 7}, {2, 6}, {4, 5}], [{8, 3}, {1, 7}, {4, 6}, {2, 5}], [{8, 3}, {1, 7}, {5, 6}, {2, 4}], [{8, 3}, {1, 7}, {5, 6}, {4}, {2}], [{8, 3}, {2, 7}, {1, 6}, {4, 5}], [{8, 3}, {2, 7}, {4, 6}, {1, 5}], [{8, 3}, {2, 7}, {4, 6}, {5}, {1}], [{8, 3}, {2, 7}, {5, 6}, {1, 4}], [{8, 3}, {4, 7}, {1, 6}, {2, 5}], [{8, 3}, {4, 7}, {2, 6}, {1, 5}], [{8, 3}, {4, 7}, {5, 6}, {1, 2}], [{8, 3}, {4, 7}, {6}, {2, 5}, {1}], [{8, 3}, {5, 7}, {1, 6}, {2, 4}], [{8, 3}, {5, 7}, {1, 6}, {4}, {2}], [{8, 3}, {5, 7}, {2, 6}, {1, 4}], [{8, 3}, {5, 7}, {4, 6}, {1, 2}], [{8, 3}, {6, 7}, {1, 5}, {2, 4}], [{8, 3}, {6, 7}, {2, 5}, {1, 4}], [{8, 3}, {6, 7}, {4, 5}, {1, 2}], [{8, 3}, {7}, {6}, {1, 5}, {2, 4}], [{8, 3}, {7}, {6}, {4, 5}, {1, 2}], [{8, 4}, {1, 7}, {2, 6}, {3, 5}], [{8, 4}, {1, 7}, {3, 6}, {2, 5}], [{8, 4}, {1, 7}, {5, 6}, {2, 3}], [{8, 4}, {2, 7}, {1, 6}, {3, 5}], [{8, 4}, {2, 7}, {3, 6}, {1, 5}], [{8, 4}, {2, 7}, {5, 6}, {1, 3}], [{8, 4}, {3, 7}, {1, 6}, {2, 5}], [{8, 4}, {3, 7}, {2, 6}, {1, 5}], [{8, 4}, {3, 7}, {5, 6}, {1, 2}], [{8, 4}, {3, 7}, {6}, {1, 5}, {2}], [{8, 4}, {5, 7}, {1, 6}, {2, 3}], [{8, 4}, {5, 7}, {2, 6}, {1, 3}], [{8, 4}, {5, 7}, {3, 6}, {1, 2}], [{8, 4}, {6, 7}, {1, 5}, {2, 3}], [{8, 4}, {6, 7}, {2, 5}, {1, 3}], [{8, 4}, {6, 7}, {2, 5}, {3}, {1}], [{8, 4}, {6, 7}, {3, 5}, {1, 2}], [{8, 5}, {1, 7}, {2, 6}, {3, 4}], [{8, 5}, {1, 7}, {3, 6}, {2, 4}], [{8, 5}, {1, 7}, {4, 6}, {2, 3}], [{8, 5}, {2, 7}, {1, 6}, {3, 4}], [{8, 5}, {2, 7}, {3, 6}, {1, 4}], [{8, 5}, {2, 7}, {3, 6}, {4}, {1}], [{8, 5}, {2, 7}, {4, 6}, {1, 3}], [{8, 5}, {3, 7}, {1, 6}, {2, 4}], [{8, 5}, {3, 7}, {2, 6}, {1, 4}], [{8, 5}, {3, 7}, {4, 6}, {1, 2}], [{8, 5}, {4, 7}, {1, 6}, {2, 3}], [{8, 5}, {4, 7}, {2, 6}, {1, 3}], [{8, 5}, {4, 7}, {3, 6}, {1, 2}], [{8, 5}, {6, 7}, {1, 4}, {2, 3}], [{8, 5}, {6, 7}, {2, 4}, {1, 3}], [{8, 5}, {6, 7}, {3, 4}, {1, 2}], [{8, 5}, {7}, {6}, {2, 4}, {1, 3}], [{8, 6}, {1, 7}, {2, 5}, {3, 4}], [{8, 6}, {1, 7}, {3, 5}, {2, 4}], [{8, 6}, {1, 7}, {4, 5}, {2, 3}], [{8, 6}, {2, 7}, {1, 5}, {3, 4}], [{8, 6}, {2, 7}, {3, 5}, {1, 4}], [{8, 6}, {2, 7}, {3, 5}, {4}, {1}], [{8, 6}, {2, 7}, {4, 5}, {1, 3}], [{8, 6}, {3, 7}, {1, 5}, {2, 4}], [{8, 6}, {3, 7}, {2, 5}, {1, 4}], [{8, 6}, {3, 7}, {4, 5}, {1, 2}], [{8, 6}, {4, 7}, {1, 5}, {2, 3}], [{8, 6}, {4, 7}, {2, 5}, {1, 3}], [{8, 6}, {4, 7}, {3, 5}, {1, 2}], [{8, 6}, {5, 7}, {1, 4}, {2, 3}], [{8, 6}, {5, 7}, {2, 4}, {1, 3}], [{8, 6}, {5, 7}, {2, 4}, {3}, {1}], [{8, 6}, {5, 7}, {3, 4}, {1, 2}], [{8, 6}, {7}, {2, 5}, {3, 4}, {1}], [{8, 7}, {1, 6}, {2, 5}, {3, 4}], [{8, 7}, {1, 6}, {2, 5}, {4}, {3}], [{8, 7}, {1, 6}, {3, 5}, {2, 4}], [{8, 7}, {1, 6}, {4, 5}, {2, 3}], [{8, 7}, {2, 6}, {1, 5}, {3, 4}], [{8, 7}, {2, 6}, {3, 5}, {1, 4}], [{8, 7}, {2, 6}, {4, 5}, {1, 3}], [{8, 7}, {3, 6}, {1, 5}, {2, 4}], [{8, 7}, {3, 6}, {2, 5}, {1, 4}], [{8, 7}, {3, 6}, {2, 5}, {4}, {1}], [{8, 7}, {3, 6}, {4, 5}, {1, 2}], [{8, 7}, {4, 6}, {1, 5}, {2, 3}], [{8, 7}, {4, 6}, {2, 5}, {1, 3}], [{8, 7}, {4, 6}, {3, 5}, {1, 2}], [{8, 7}, {4, 6}, {5}, {1, 3}, {2}], [{8, 7}, {5, 6}, {1, 4}, {2, 3}], [{8, 7}, {5, 6}, {2, 4}, {1, 3}], [{8, 7}, {5, 6}, {2, 4}, {3}, {1}], [{8, 7}, {5, 6}, {3, 4}, {1, 2}], [{8, 7}, {6}, {2, 5}, {4}, {1, 3}], [{8, 7}, {6}, {4, 5}, {3}, {1, 2}], [{8, 7}, {6}, {5}, {1, 4}, {2, 3}], [{8}, {1, 7}, {3, 6}, {2, 5}, {4}], [{8}, {2, 7}, {3, 6}, {1, 5}, {4}], [{8}, {2, 7}, {6}, {4, 5}, {1, 3}], [{8}, {3, 7}, {4, 6}, {2, 5}, {1}], [{8}, {3, 7}, {5, 6}, {1, 4}, {2}], [{8}, {3, 7}, {6}, {4, 5}, {1, 2}], [{8}, {4, 7}, {1, 6}, {5}, {2, 3}], [{8}, {4, 7}, {5, 6}, {2, 3}, {1}], [{8}, {4, 7}, {6}, {1, 5}, {2, 3}], [{8}, {6, 7}, {1, 5}, {2, 4}, {3}], [{8}, {7}, {5, 6}, {3, 4}, {1, 2}]]",2,- 28 K_1^2 - 26 K_1 K_2 + 13 K_1 - 4 K_2^2 + 14 K_2 + 13 K_3 + 2 K_4 + 17,O1O2O3O4U5U1O6U2U7O8O7U4U6U8O5U3,O1O2O3U4U1O4O5U2O6O7U3U8U5U6O8U7,O1O2O3U4O5U6U7U5U1O4O6U2O7O8U3U8,c,{'O1O2O3O4U2O5U6U7U1O8O6U8U3O7U4U5'},1,"<a href=""/flatknot/8.704016"">8.704016</a>",t^9-39t^7-134t^6-132t^5+90t^4+246t^3+152t^2+32t,-t^3+3t,,
8.704017,O1O2O3O4U2O5U6U7U1O8O6U8U3O7U5U4,4,21z^2+106z+129,21w^3z^2+106w^2z+129w,False,False,"[[ 0 -1 -2  1  3  2 -1 -1 -1],[ 1  0  0  1  2  0  1  1 -1],[ 2  0  0  1  2  1  2  1  0],[-1 -1 -1  0  1  0  0  0 -1],[-3 -2 -2 -1  0  0 -3 -2 -1],[-2  0 -1  0  0  0 -2 -1 -1],[ 1 -1 -2  0  3  2  0  0 -1],[ 1 -1 -1  0  2  1  0  0 -1],[ 1  1  0  1  1  1  1  1  0]]","[[ 0  3  2  1 -1 -1 -1 -1 -2],[-3  0  0 -1 -1 -2 -2 -3 -2],[-2  0  0  0 -1  0 -1 -2 -1],[-1  1  0  0 -1 -1  0  0 -1],[ 1  1  1  1  0  1  1  1  0],[ 1  2  0  1 -1  0  1  1  0],[ 1  2  1  0 -1 -1  0  0 -1],[ 1  3  2  0 -1 -1  0  0 -2],[ 2  2  1  1  0  0  1  2  0]]",True,"[-3,-2,-1,1,1,1,1,2,0,1,1,2,2,3,2,0,1,0,1,2,1,1,1,0,0,1,-1,-1,-1,0,-1,-1,0,0,1,2]","[-3,-2,-1,1,1,1,1,2,0,1,1,2,2,3,2,0,1,0,1,2,1,1,1,0,0,1,-1,-1,-1,0,-1,-1,0,0,1,2]",t^8+43t^6+116t^4+28t^2+1,"[-2,-1,-1,-1,-1,1,2,3,-1,0,1,1,2,3,3,0,1,1,2,1,1,1,1,2,2,2,-1,1,2,3,1,3,2,1,1,1]","[-3,-2,-1,1,1,1,1,2,1,1,1,2,2,3,3,1,1,2,3,2,3,2,2,1,1,2,0,-1,-1,-1,-1,-1,0,-1,1,1]","[-2,-1,-1,-1,-1,1,2,3,0,0,1,2,1,1,2,-1,1,1,1,0,2,1,1,1,1,1,0,0,1,2,0,2,3,0,1,0]",c,"[[{8, 1}, {2, 7}, {3, 6}, {4, 5}], [{8, 1}, {2, 7}, {4, 6}, {3, 5}], [{8, 1}, {2, 7}, {5, 6}, {3, 4}], [{8, 1}, {3, 7}, {2, 6}, {4, 5}], [{8, 1}, {3, 7}, {2, 6}, {5}, {4}], [{8, 1}, {3, 7}, {4, 6}, {2, 5}], [{8, 1}, {3, 7}, {5, 6}, {2, 4}], [{8, 1}, {4, 7}, {2, 6}, {3, 5}], [{8, 1}, {4, 7}, {3, 6}, {2, 5}], [{8, 1}, {4, 7}, {5, 6}, {2, 3}], [{8, 1}, {5, 7}, {2, 6}, {3, 4}], [{8, 1}, {5, 7}, {3, 6}, {2, 4}], [{8, 1}, {5, 7}, {4, 6}, {2, 3}], [{8, 1}, {6, 7}, {2, 5}, {3, 4}], [{8, 1}, {6, 7}, {3, 5}, {2, 4}], [{8, 1}, {6, 7}, {4, 5}, {2, 3}], [{8, 1}, {6, 7}, {4, 5}, {3}, {2}], [{8, 1}, {7}, {4, 6}, {2, 5}, {3}], [{8, 1}, {7}, {5, 6}, {2, 4}, {3}], [{8, 2}, {1, 7}, {3, 6}, {4, 5}], [{8, 2}, {1, 7}, {4, 6}, {3, 5}], [{8, 2}, {1, 7}, {5, 6}, {3, 4}], [{8, 2}, {3, 7}, {1, 6}, {4, 5}], [{8, 2}, {3, 7}, {4, 6}, {1, 5}], [{8, 2}, {3, 7}, {5, 6}, {1, 4}], [{8, 2}, {4, 7}, {1, 6}, {3, 5}], [{8, 2}, {4, 7}, {3, 6}, {1, 5}], [{8, 2}, {4, 7}, {5, 6}, {1, 3}], [{8, 2}, {5, 7}, {1, 6}, {3, 4}], [{8, 2}, {5, 7}, {3, 6}, {1, 4}], [{8, 2}, {5, 7}, {4, 6}, {1, 3}], [{8, 2}, {6, 7}, {1, 5}, {3, 4}], [{8, 2}, {6, 7}, {3, 5}, {1, 4}], [{8, 2}, {6, 7}, {4, 5}, {1, 3}], [{8, 2}, {7}, {1, 6}, {4, 5}, {3}], [{8, 2}, {7}, {3, 6}, {1, 5}, {4}], [{8, 3}, {1, 7}, {2, 6}, {4, 5}], [{8, 3}, {1, 7}, {4, 6}, {2, 5}], [{8, 3}, {1, 7}, {4, 6}, {5}, {2}], [{8, 3}, {1, 7}, {5, 6}, {2, 4}], [{8, 3}, {2, 7}, {1, 6}, {4, 5}], [{8, 3}, {2, 7}, {4, 6}, {1, 5}], [{8, 3}, {2, 7}, {5, 6}, {1, 4}], [{8, 3}, {4, 7}, {1, 6}, {2, 5}], [{8, 3}, {4, 7}, {1, 6}, {5}, {2}], [{8, 3}, {4, 7}, {2, 6}, {1, 5}], [{8, 3}, {4, 7}, {5, 6}, {1, 2}], [{8, 3}, {5, 7}, {1, 6}, {2, 4}], [{8, 3}, {5, 7}, {1, 6}, {4}, {2}], [{8, 3}, {5, 7}, {2, 6}, {1, 4}], [{8, 3}, {5, 7}, {4, 6}, {1, 2}], [{8, 3}, {6, 7}, {1, 5}, {2, 4}], [{8, 3}, {6, 7}, {2, 5}, {1, 4}], [{8, 3}, {6, 7}, {4, 5}, {1, 2}], [{8, 3}, {7}, {1, 6}, {4, 5}, {2}], [{8, 3}, {7}, {2, 6}, {4, 5}, {1}], [{8, 3}, {7}, {6}, {2, 5}, {1, 4}], [{8, 3}, {7}, {6}, {4, 5}, {1, 2}], [{8, 4}, {1, 7}, {2, 6}, {3, 5}], [{8, 4}, {1, 7}, {3, 6}, {2, 5}], [{8, 4}, {1, 7}, {3, 6}, {5}, {2}], [{8, 4}, {1, 7}, {5, 6}, {2, 3}], [{8, 4}, {2, 7}, {1, 6}, {3, 5}], [{8, 4}, {2, 7}, {1, 6}, {5}, {3}], [{8, 4}, {2, 7}, {3, 6}, {1, 5}], [{8, 4}, {2, 7}, {5, 6}, {1, 3}], [{8, 4}, {2, 7}, {5, 6}, {3}, {1}], [{8, 4}, {2, 7}, {6}, {1, 5}, {3}], [{8, 4}, {3, 7}, {1, 6}, {2, 5}], [{8, 4}, {3, 7}, {1, 6}, {5}, {2}], [{8, 4}, {3, 7}, {2, 6}, {1, 5}], [{8, 4}, {3, 7}, {5, 6}, {1, 2}], [{8, 4}, {5, 7}, {1, 6}, {2, 3}], [{8, 4}, {5, 7}, {2, 6}, {1, 3}], [{8, 4}, {5, 7}, {3, 6}, {1, 2}], [{8, 4}, {6, 7}, {1, 5}, {2, 3}], [{8, 4}, {6, 7}, {2, 5}, {1, 3}], [{8, 4}, {6, 7}, {3, 5}, {1, 2}], [{8, 4}, {6, 7}, {3, 5}, {2}, {1}], [{8, 4}, {7}, {1, 6}, {5}, {2, 3}], [{8, 4}, {7}, {3, 6}, {2, 5}, {1}], [{8, 5}, {1, 7}, {2, 6}, {3, 4}], [{8, 5}, {1, 7}, {3, 6}, {2, 4}], [{8, 5}, {1, 7}, {4, 6}, {2, 3}], [{8, 5}, {2, 7}, {1, 6}, {3, 4}], [{8, 5}, {2, 7}, {1, 6}, {4}, {3}], [{8, 5}, {2, 7}, {3, 6}, {1, 4}], [{8, 5}, {2, 7}, {4, 6}, {1, 3}], [{8, 5}, {3, 7}, {1, 6}, {2, 4}], [{8, 5}, {3, 7}, {1, 6}, {4}, {2}], [{8, 5}, {3, 7}, {2, 6}, {1, 4}], [{8, 5}, {3, 7}, {2, 6}, {4}, {1}], [{8, 5}, {3, 7}, {4, 6}, {1, 2}], [{8, 5}, {3, 7}, {6}, {4}, {1, 2}], [{8, 5}, {4, 7}, {1, 6}, {2, 3}], [{8, 5}, {4, 7}, {2, 6}, {1, 3}], [{8, 5}, {4, 7}, {3, 6}, {1, 2}], [{8, 5}, {4, 7}, {3, 6}, {2}, {1}], [{8, 5}, {6, 7}, {1, 4}, {2, 3}], [{8, 5}, {6, 7}, {2, 4}, {1, 3}], [{8, 5}, {6, 7}, {3, 4}, {1, 2}], [{8, 5}, {7}, {1, 6}, {4}, {2, 3}], [{8, 5}, {7}, {2, 6}, {1, 4}, {3}], [{8, 6}, {1, 7}, {2, 5}, {3, 4}], [{8, 6}, {1, 7}, {3, 5}, {2, 4}], [{8, 6}, {1, 7}, {4, 5}, {2, 3}], [{8, 6}, {1, 7}, {4, 5}, {3}, {2}], [{8, 6}, {2, 7}, {1, 5}, {3, 4}], [{8, 6}, {2, 7}, {3, 5}, {1, 4}], [{8, 6}, {2, 7}, {4, 5}, {1, 3}], [{8, 6}, {3, 7}, {1, 5}, {2, 4}], [{8, 6}, {3, 7}, {2, 5}, {1, 4}], [{8, 6}, {3, 7}, {4, 5}, {1, 2}], [{8, 6}, {3, 7}, {5}, {1, 4}, {2}], [{8, 6}, {4, 7}, {1, 5}, {2, 3}], [{8, 6}, {4, 7}, {2, 5}, {1, 3}], [{8, 6}, {4, 7}, {3, 5}, {1, 2}], [{8, 6}, {4, 7}, {5}, {1, 3}, {2}], [{8, 6}, {5, 7}, {1, 4}, {2, 3}], [{8, 6}, {5, 7}, {1, 4}, {3}, {2}], [{8, 6}, {5, 7}, {2, 4}, {1, 3}], [{8, 6}, {5, 7}, {3, 4}, {1, 2}], [{8, 6}, {7}, {3, 5}, {1, 4}, {2}], [{8, 7}, {1, 6}, {2, 5}, {3, 4}], [{8, 7}, {1, 6}, {3, 5}, {2, 4}], [{8, 7}, {1, 6}, {4, 5}, {2, 3}], [{8, 7}, {1, 6}, {4, 5}, {3}, {2}], [{8, 7}, {2, 6}, {1, 5}, {3, 4}], [{8, 7}, {2, 6}, {3, 5}, {1, 4}], [{8, 7}, {2, 6}, {4, 5}, {1, 3}], [{8, 7}, {2, 6}, {5}, {3, 4}, {1}], [{8, 7}, {3, 6}, {1, 5}, {2, 4}], [{8, 7}, {3, 6}, {2, 5}, {1, 4}], [{8, 7}, {3, 6}, {4, 5}, {1, 2}], [{8, 7}, {3, 6}, {5}, {2, 4}, {1}], [{8, 7}, {4, 6}, {1, 5}, {2, 3}], [{8, 7}, {4, 6}, {2, 5}, {1, 3}], [{8, 7}, {4, 6}, {3, 5}, {1, 2}], [{8, 7}, {5, 6}, {1, 4}, {2, 3}], [{8, 7}, {5, 6}, {1, 4}, {3}, {2}], [{8, 7}, {5, 6}, {2, 4}, {1, 3}], [{8, 7}, {5, 6}, {3, 4}, {1, 2}], [{8, 7}, {6}, {1, 5}, {4}, {2, 3}], [{8, 7}, {6}, {2, 5}, {4}, {1, 3}], [{8, 7}, {6}, {3, 5}, {4}, {1, 2}], [{8}, {1, 7}, {6}, {2, 5}, {3, 4}], [{8}, {2, 7}, {1, 6}, {4, 5}, {3}], [{8}, {3, 7}, {1, 6}, {4, 5}, {2}], [{8}, {3, 7}, {2, 6}, {1, 5}, {4}], [{8}, {3, 7}, {4, 6}, {2, 5}, {1}], [{8}, {4, 7}, {5, 6}, {2, 3}, {1}], [{8}, {6, 7}, {1, 5}, {2, 4}, {3}], [{8}, {6, 7}, {2, 5}, {1, 4}, {3}], [{8}, {7}, {1, 6}, {4, 5}, {2, 3}], [{8}, {7}, {1, 6}, {4, 5}, {3}, {2}]]",2,16 K_1^3 + 4 K_1^2 K_2 - 16 K_1^2 - 18 K_1 K_2 - 4 K_1 K_3 - 3 K_1 + 8 K_2 + 5 K_3 + K_4 + 8,O1O2O3O4U1U5O6U2U7O8O7U4U6U8O5U3,O1O2O3U4U1O4O5U2O6O7U3U8U5U7O8U6,O1O2O3U4O5U6U7U5U1O6O4U2O7O8U3U8,c,{'O1O2O3O4U2O5U6U7U1O8O6U8U3O7U5U4'},1,"<a href=""/flatknot/8.704017"">8.704017</a>",t^9-37t^7-114t^6-44t^5+228t^4+228t^3-64t^2-28t-2,-t^3+3t,,
8.704018,O1O2O3O4U2O5U6U7U1O8O6U8U4O7U5U3,4,2z^3+31z^2+94z+81,2w^4z^3+31w^3z^2+94w^2z+81w,False,False,"[[ 0 -1 -2  2  2  2 -1 -1 -1],[ 1  0  0  2  1  0  1  1 -1],[ 2  0  0  2  1  1  2  1  0],[-2 -2 -2  0  0  1 -2 -2 -1],[-2 -1 -1  0  0  0 -1 -1 -1],[-2  0 -1 -1  0  0 -2 -1 -1],[ 1 -1 -2  2  1  2  0  0 -1],[ 1 -1 -1  2  1  1  0  0 -1],[ 1  1  0  1  1  1  1  1  0]]","[[ 0  2  2  2 -1 -1 -1 -1 -2],[-2  0  1  0 -1 -2 -2 -2 -2],[-2 -1  0  0 -1  0 -1 -2 -1],[-2  0  0  0 -1 -1 -1 -1 -1],[ 1  1  1  1  0  1  1  1  0],[ 1  2  0  1 -1  0  1  1  0],[ 1  2  1  1 -1 -1  0  0 -1],[ 1  2  2  1 -1 -1  0  0 -2],[ 2  2  1  1  0  0  1  2  0]]",True,"[-2,-2,-2,1,1,1,1,2,-1,0,1,2,2,2,2,0,1,0,1,2,1,1,1,1,1,1,-1,-1,-1,0,-1,-1,0,0,1,2]","[-2,-2,-2,1,1,1,1,2,-1,0,1,2,2,2,2,0,1,0,1,2,1,1,1,1,1,1,-1,-1,-1,0,-1,-1,0,0,1,2]",t^8+40t^6+100t^4+15t^2,"[-2,-1,-1,-1,-1,2,2,2,-1,0,1,1,2,3,3,0,1,1,1,1,2,1,1,1,2,2,-1,2,2,2,1,3,2,-1,0,0]","[-2,-2,-2,1,1,1,1,2,-1,0,1,2,2,3,3,0,1,1,2,1,2,2,2,2,2,3,0,-1,-1,-1,-1,-1,0,1,1,1]","[-2,-1,-1,-1,-1,2,2,2,0,0,1,2,1,1,2,-1,1,1,0,1,2,1,1,1,1,1,0,1,1,2,2,1,2,0,-1,0]",c,"[[{8, 1}, {2, 7}, {3, 6}, {4, 5}], [{8, 1}, {2, 7}, {4, 6}, {3, 5}], [{8, 1}, {2, 7}, {4, 6}, {5}, {3}], [{8, 1}, {2, 7}, {5, 6}, {3, 4}], [{8, 1}, {3, 7}, {2, 6}, {4, 5}], [{8, 1}, {3, 7}, {4, 6}, {2, 5}], [{8, 1}, {3, 7}, {5, 6}, {2, 4}], [{8, 1}, {4, 7}, {2, 6}, {3, 5}], [{8, 1}, {4, 7}, {3, 6}, {2, 5}], [{8, 1}, {4, 7}, {5, 6}, {2, 3}], [{8, 1}, {5, 7}, {2, 6}, {3, 4}], [{8, 1}, {5, 7}, {3, 6}, {2, 4}], [{8, 1}, {5, 7}, {4, 6}, {2, 3}], [{8, 1}, {6, 7}, {2, 5}, {3, 4}], [{8, 1}, {6, 7}, {3, 5}, {2, 4}], [{8, 1}, {6, 7}, {4, 5}, {2, 3}], [{8, 1}, {6, 7}, {5}, {2, 4}, {3}], [{8, 1}, {7}, {6}, {2, 5}, {3, 4}], [{8, 2}, {1, 7}, {3, 6}, {4, 5}], [{8, 2}, {1, 7}, {4, 6}, {3, 5}], [{8, 2}, {1, 7}, {5, 6}, {3, 4}], [{8, 2}, {3, 7}, {1, 6}, {4, 5}], [{8, 2}, {3, 7}, {4, 6}, {1, 5}], [{8, 2}, {3, 7}, {5, 6}, {1, 4}], [{8, 2}, {4, 7}, {1, 6}, {3, 5}], [{8, 2}, {4, 7}, {3, 6}, {1, 5}], [{8, 2}, {4, 7}, {5, 6}, {1, 3}], [{8, 2}, {4, 7}, {5, 6}, {3}, {1}], [{8, 2}, {4, 7}, {6}, {5}, {1, 3}], [{8, 2}, {5, 7}, {1, 6}, {3, 4}], [{8, 2}, {5, 7}, {3, 6}, {1, 4}], [{8, 2}, {5, 7}, {4, 6}, {1, 3}], [{8, 2}, {5, 7}, {4, 6}, {3}, {1}], [{8, 2}, {6, 7}, {1, 5}, {3, 4}], [{8, 2}, {6, 7}, {3, 5}, {1, 4}], [{8, 2}, {6, 7}, {4, 5}, {1, 3}], [{8, 2}, {7}, {5, 6}, {4}, {1, 3}], [{8, 2}, {7}, {6}, {3, 5}, {1, 4}], [{8, 3}, {1, 7}, {2, 6}, {4, 5}], [{8, 3}, {1, 7}, {4, 6}, {2, 5}], [{8, 3}, {1, 7}, {4, 6}, {5}, {2}], [{8, 3}, {1, 7}, {5, 6}, {2, 4}], [{8, 3}, {1, 7}, {5, 6}, {4}, {2}], [{8, 3}, {1, 7}, {6}, {4, 5}, {2}], [{8, 3}, {2, 7}, {1, 6}, {4, 5}], [{8, 3}, {2, 7}, {1, 6}, {5}, {4}], [{8, 3}, {2, 7}, {4, 6}, {1, 5}], [{8, 3}, {2, 7}, {5, 6}, {1, 4}], [{8, 3}, {4, 7}, {1, 6}, {2, 5}], [{8, 3}, {4, 7}, {2, 6}, {1, 5}], [{8, 3}, {4, 7}, {5, 6}, {1, 2}], [{8, 3}, {5, 7}, {1, 6}, {2, 4}], [{8, 3}, {5, 7}, {2, 6}, {1, 4}], [{8, 3}, {5, 7}, {4, 6}, {1, 2}], [{8, 3}, {6, 7}, {1, 5}, {2, 4}], [{8, 3}, {6, 7}, {2, 5}, {1, 4}], [{8, 3}, {6, 7}, {4, 5}, {1, 2}], [{8, 3}, {6, 7}, {4, 5}, {2}, {1}], [{8, 3}, {7}, {1, 6}, {4, 5}, {2}], [{8, 3}, {7}, {5, 6}, {2, 4}, {1}], [{8, 3}, {7}, {6}, {2, 5}, {1, 4}], [{8, 4}, {1, 7}, {2, 6}, {3, 5}], [{8, 4}, {1, 7}, {3, 6}, {2, 5}], [{8, 4}, {1, 7}, {5, 6}, {2, 3}], [{8, 4}, {2, 7}, {1, 6}, {3, 5}], [{8, 4}, {2, 7}, {3, 6}, {1, 5}], [{8, 4}, {2, 7}, {5, 6}, {1, 3}], [{8, 4}, {3, 7}, {1, 6}, {2, 5}], [{8, 4}, {3, 7}, {2, 6}, {1, 5}], [{8, 4}, {3, 7}, {5, 6}, {1, 2}], [{8, 4}, {5, 7}, {1, 6}, {2, 3}], [{8, 4}, {5, 7}, {1, 6}, {3}, {2}], [{8, 4}, {5, 7}, {2, 6}, {1, 3}], [{8, 4}, {5, 7}, {3, 6}, {1, 2}], [{8, 4}, {6, 7}, {1, 5}, {2, 3}], [{8, 4}, {6, 7}, {2, 5}, {1, 3}], [{8, 4}, {6, 7}, {3, 5}, {1, 2}], [{8, 4}, {7}, {3, 6}, {5}, {1, 2}], [{8, 4}, {7}, {5, 6}, {2, 3}, {1}], [{8, 4}, {7}, {6}, {2, 5}, {1, 3}], [{8, 5}, {1, 7}, {2, 6}, {3, 4}], [{8, 5}, {1, 7}, {3, 6}, {2, 4}], [{8, 5}, {1, 7}, {4, 6}, {2, 3}], [{8, 5}, {2, 7}, {1, 6}, {3, 4}], [{8, 5}, {2, 7}, {3, 6}, {1, 4}], [{8, 5}, {2, 7}, {4, 6}, {1, 3}], [{8, 5}, {2, 7}, {4, 6}, {3}, {1}], [{8, 5}, {3, 7}, {1, 6}, {2, 4}], [{8, 5}, {3, 7}, {2, 6}, {1, 4}], [{8, 5}, {3, 7}, {4, 6}, {1, 2}], [{8, 5}, {4, 7}, {1, 6}, {2, 3}], [{8, 5}, {4, 7}, {2, 6}, {1, 3}], [{8, 5}, {4, 7}, {2, 6}, {3}, {1}], [{8, 5}, {4, 7}, {3, 6}, {1, 2}], [{8, 5}, {4, 7}, {6}, {1, 3}, {2}], [{8, 5}, {6, 7}, {1, 4}, {2, 3}], [{8, 5}, {6, 7}, {2, 4}, {1, 3}], [{8, 5}, {6, 7}, {3, 4}, {1, 2}], [{8, 5}, {7}, {2, 6}, {4}, {1, 3}], [{8, 5}, {7}, {6}, {1, 4}, {2, 3}], [{8, 6}, {1, 7}, {2, 5}, {3, 4}], [{8, 6}, {1, 7}, {3, 5}, {2, 4}], [{8, 6}, {1, 7}, {4, 5}, {2, 3}], [{8, 6}, {2, 7}, {1, 5}, {3, 4}], [{8, 6}, {2, 7}, {3, 5}, {1, 4}], [{8, 6}, {2, 7}, {4, 5}, {1, 3}], [{8, 6}, {2, 7}, {4, 5}, {3}, {1}], [{8, 6}, {3, 7}, {1, 5}, {2, 4}], [{8, 6}, {3, 7}, {2, 5}, {1, 4}], [{8, 6}, {3, 7}, {4, 5}, {1, 2}], [{8, 6}, {3, 7}, {5}, {1, 4}, {2}], [{8, 6}, {4, 7}, {1, 5}, {2, 3}], [{8, 6}, {4, 7}, {2, 5}, {1, 3}], [{8, 6}, {4, 7}, {2, 5}, {3}, {1}], [{8, 6}, {4, 7}, {3, 5}, {1, 2}], [{8, 6}, {4, 7}, {5}, {1, 3}, {2}], [{8, 6}, {5, 7}, {1, 4}, {2, 3}], [{8, 6}, {5, 7}, {2, 4}, {1, 3}], [{8, 6}, {5, 7}, {3, 4}, {1, 2}], [{8, 6}, {7}, {1, 5}, {4}, {2, 3}], [{8, 6}, {7}, {2, 5}, {4}, {1, 3}], [{8, 7}, {1, 6}, {2, 5}, {3, 4}], [{8, 7}, {1, 6}, {3, 5}, {2, 4}], [{8, 7}, {1, 6}, {3, 5}, {4}, {2}], [{8, 7}, {1, 6}, {4, 5}, {2, 3}], [{8, 7}, {1, 6}, {4, 5}, {3}, {2}], [{8, 7}, {1, 6}, {5}, {3, 4}, {2}], [{8, 7}, {2, 6}, {1, 5}, {3, 4}], [{8, 7}, {2, 6}, {3, 5}, {1, 4}], [{8, 7}, {2, 6}, {4, 5}, {1, 3}], [{8, 7}, {2, 6}, {4, 5}, {3}, {1}], [{8, 7}, {3, 6}, {1, 5}, {2, 4}], [{8, 7}, {3, 6}, {2, 5}, {1, 4}], [{8, 7}, {3, 6}, {4, 5}, {1, 2}], [{8, 7}, {4, 6}, {1, 5}, {2, 3}], [{8, 7}, {4, 6}, {2, 5}, {1, 3}], [{8, 7}, {4, 6}, {2, 5}, {3}, {1}], [{8, 7}, {4, 6}, {3, 5}, {1, 2}], [{8, 7}, {4, 6}, {3, 5}, {2}, {1}], [{8, 7}, {4, 6}, {5}, {2, 3}, {1}], [{8, 7}, {5, 6}, {1, 4}, {2, 3}], [{8, 7}, {5, 6}, {2, 4}, {1, 3}], [{8, 7}, {5, 6}, {3, 4}, {1, 2}], [{8, 7}, {6}, {1, 5}, {2, 4}, {3}], [{8, 7}, {6}, {2, 5}, {4}, {1, 3}], [{8, 7}, {6}, {3, 5}, {1, 4}, {2}], [{8, 7}, {6}, {4, 5}, {3}, {1, 2}], [{8}, {1, 7}, {5, 6}, {2, 4}, {3}], [{8}, {2, 7}, {4, 6}, {1, 5}, {3}], [{8}, {2, 7}, {6}, {3, 5}, {1, 4}], [{8}, {2, 7}, {6}, {4, 5}, {1, 3}], [{8}, {3, 7}, {1, 6}, {4, 5}, {2}], [{8}, {4, 7}, {2, 6}, {5}, {1, 3}], [{8}, {4, 7}, {5, 6}, {1, 3}, {2}], [{8}, {4, 7}, {6}, {2, 5}, {1, 3}], [{8}, {4, 7}, {6}, {5}, {1, 3}, {2}], [{8}, {5, 7}, {6}, {2, 4}, {1, 3}], [{8}, {6, 7}, {2, 5}, {4}, {1, 3}], [{8}, {7}, {4, 6}, {2, 5}, {1, 3}], [{8}, {7}, {6}, {2, 5}, {4}, {1, 3}]]",2,32 K_1^3 - 8 K_1^2 - 16 K_1 K_2 - 16 K_1 + 4 K_2 + 5,O1O2O3O4U2U5O6U1U7O8O7U4U6U8O5U3,O1O2O3U4U1O4O5U2O6O7U3U8U7U5O8U6,O1O2O3U4O5U6U7U5U1O7O4U2O6O8U3U8,c,{'O1O2O3O4U2O5U6U7U1O8O6U8U4O7U5U3'},1,"<a href=""/flatknot/8.704018"">8.704018</a>",t^9-36t^7-120t^6-108t^5+92t^4+240t^3+86t^2-4t+2,-2t^2+4t,,
8.704019,O1O2O3O4U2O5U6U7U1O8O6U8U5O7U3U4,4,8z^3+52z^2+113z+83,8w^4z^3+52w^3z^2+113w^2z+83w,False,False,"[[ 0 -1 -2  1  3  2 -1 -1 -1],[ 1  0  0  1  2  0  1  1 -1],[ 2  0  0  1  2  0  2  2  0],[-1 -1 -1  0  1  1 -1 -1 -1],[-3 -2 -2 -1  0  1 -3 -3 -1],[-2  0  0 -1 -1  0 -1 -1 -1],[ 1 -1 -2  1  3  1  0  0 -1],[ 1 -1 -2  1  3  1  0  0 -1],[ 1  1  0  1  1  1  1  1  0]]","[[ 0  3  2  1 -1 -1 -1 -1 -2],[-3  0  1 -1 -1 -2 -3 -3 -2],[-2 -1  0 -1 -1  0 -1 -1  0],[-1  1  1  0 -1 -1 -1 -1 -1],[ 1  1  1  1  0  1  1  1  0],[ 1  2  0  1 -1  0  1  1  0],[ 1  3  1  1 -1 -1  0  0 -2],[ 1  3  1  1 -1 -1  0  0 -2],[ 2  2  0  1  0  0  2  2  0]]",True,"[-3,-2,-1,1,1,1,1,2,-1,1,1,2,3,3,2,1,1,0,1,1,0,1,1,1,1,1,-1,-1,-1,0,-1,-1,0,0,2,2]","[-3,-2,-1,1,1,1,1,2,-1,1,1,2,3,3,2,1,1,0,1,1,0,1,1,1,1,1,-1,-1,-1,0,-1,-1,0,0,2,2]",t^8+51t^6+103t^4+23t^2,"[-2,-1,-1,-1,-1,1,2,3,-1,-1,1,1,2,4,3,0,1,1,1,2,1,1,1,1,2,1,-1,1,2,3,1,3,2,0,1,2]","[-3,-2,-1,1,1,1,1,2,2,1,1,1,2,3,3,0,2,2,3,2,4,1,1,1,1,2,0,-1,-1,-1,-1,-1,-1,-1,1,1]","[-2,-1,-1,-1,-1,1,2,3,0,0,2,2,1,0,2,-1,1,1,1,0,2,1,1,1,1,1,0,1,1,3,1,1,3,1,1,-1]",c,"[[{8, 1}, {2, 7}, {3, 6}, {4, 5}], [{8, 1}, {2, 7}, {4, 6}, {3, 5}], [{8, 1}, {2, 7}, {5, 6}, {3, 4}], [{8, 1}, {3, 7}, {2, 6}, {4, 5}], [{8, 1}, {3, 7}, {4, 6}, {2, 5}], [{8, 1}, {3, 7}, {5, 6}, {2, 4}], [{8, 1}, {3, 7}, {5, 6}, {4}, {2}], [{8, 1}, {3, 7}, {6}, {5}, {2, 4}], [{8, 1}, {4, 7}, {2, 6}, {3, 5}], [{8, 1}, {4, 7}, {3, 6}, {2, 5}], [{8, 1}, {4, 7}, {5, 6}, {2, 3}], [{8, 1}, {5, 7}, {2, 6}, {3, 4}], [{8, 1}, {5, 7}, {3, 6}, {2, 4}], [{8, 1}, {5, 7}, {3, 6}, {4}, {2}], [{8, 1}, {5, 7}, {4, 6}, {2, 3}], [{8, 1}, {5, 7}, {6}, {2, 4}, {3}], [{8, 1}, {6, 7}, {2, 5}, {3, 4}], [{8, 1}, {6, 7}, {3, 5}, {2, 4}], [{8, 1}, {6, 7}, {4, 5}, {2, 3}], [{8, 1}, {6, 7}, {5}, {2, 4}, {3}], [{8, 1}, {7}, {3, 6}, {5}, {2, 4}], [{8, 1}, {7}, {5, 6}, {2, 4}, {3}], [{8, 1}, {7}, {6}, {2, 5}, {3, 4}], [{8, 1}, {7}, {6}, {3, 5}, {2, 4}], [{8, 1}, {7}, {6}, {4, 5}, {2, 3}], [{8, 1}, {7}, {6}, {5}, {2, 4}, {3}], [{8, 2}, {1, 7}, {3, 6}, {4, 5}], [{8, 2}, {1, 7}, {4, 6}, {3, 5}], [{8, 2}, {1, 7}, {5, 6}, {3, 4}], [{8, 2}, {1, 7}, {5, 6}, {4}, {3}], [{8, 2}, {3, 7}, {1, 6}, {4, 5}], [{8, 2}, {3, 7}, {4, 6}, {1, 5}], [{8, 2}, {3, 7}, {5, 6}, {1, 4}], [{8, 2}, {3, 7}, {6}, {1, 5}, {4}], [{8, 2}, {4, 7}, {1, 6}, {3, 5}], [{8, 2}, {4, 7}, {3, 6}, {1, 5}], [{8, 2}, {4, 7}, {5, 6}, {1, 3}], [{8, 2}, {4, 7}, {6}, {1, 5}, {3}], [{8, 2}, {5, 7}, {1, 6}, {3, 4}], [{8, 2}, {5, 7}, {1, 6}, {4}, {3}], [{8, 2}, {5, 7}, {3, 6}, {1, 4}], [{8, 2}, {5, 7}, {4, 6}, {1, 3}], [{8, 2}, {6, 7}, {1, 5}, {3, 4}], [{8, 2}, {6, 7}, {1, 5}, {4}, {3}], [{8, 2}, {6, 7}, {3, 5}, {1, 4}], [{8, 2}, {6, 7}, {4, 5}, {1, 3}], [{8, 2}, {7}, {3, 6}, {1, 5}, {4}], [{8, 2}, {7}, {4, 6}, {1, 5}, {3}], [{8, 2}, {7}, {6}, {1, 5}, {3, 4}], [{8, 2}, {7}, {6}, {1, 5}, {4}, {3}], [{8, 2}, {7}, {6}, {3, 5}, {1, 4}], [{8, 2}, {7}, {6}, {4, 5}, {1, 3}], [{8, 3}, {1, 7}, {2, 6}, {4, 5}], [{8, 3}, {1, 7}, {4, 6}, {2, 5}], [{8, 3}, {1, 7}, {5, 6}, {2, 4}], [{8, 3}, {1, 7}, {6}, {2, 5}, {4}], [{8, 3}, {2, 7}, {1, 6}, {4, 5}], [{8, 3}, {2, 7}, {4, 6}, {1, 5}], [{8, 3}, {2, 7}, {5, 6}, {1, 4}], [{8, 3}, {4, 7}, {1, 6}, {2, 5}], [{8, 3}, {4, 7}, {2, 6}, {1, 5}], [{8, 3}, {4, 7}, {5, 6}, {1, 2}], [{8, 3}, {4, 7}, {6}, {2, 5}, {1}], [{8, 3}, {5, 7}, {1, 6}, {2, 4}], [{8, 3}, {5, 7}, {2, 6}, {1, 4}], [{8, 3}, {5, 7}, {4, 6}, {1, 2}], [{8, 3}, {6, 7}, {1, 5}, {2, 4}], [{8, 3}, {6, 7}, {2, 5}, {1, 4}], [{8, 3}, {6, 7}, {2, 5}, {4}, {1}], [{8, 3}, {6, 7}, {4, 5}, {1, 2}], [{8, 3}, {7}, {1, 6}, {2, 5}, {4}], [{8, 3}, {7}, {4, 6}, {2, 5}, {1}], [{8, 3}, {7}, {6}, {1, 5}, {2, 4}], [{8, 3}, {7}, {6}, {2, 5}, {1, 4}], [{8, 3}, {7}, {6}, {2, 5}, {4}, {1}], [{8, 3}, {7}, {6}, {4, 5}, {1, 2}], [{8, 4}, {1, 7}, {2, 6}, {3, 5}], [{8, 4}, {1, 7}, {2, 6}, {5}, {3}], [{8, 4}, {1, 7}, {3, 6}, {2, 5}], [{8, 4}, {1, 7}, {3, 6}, {5}, {2}], [{8, 4}, {1, 7}, {5, 6}, {2, 3}], [{8, 4}, {1, 7}, {6}, {5}, {2, 3}], [{8, 4}, {2, 7}, {1, 6}, {3, 5}], [{8, 4}, {2, 7}, {1, 6}, {5}, {3}], [{8, 4}, {2, 7}, {3, 6}, {1, 5}], [{8, 4}, {2, 7}, {3, 6}, {5}, {1}], [{8, 4}, {2, 7}, {5, 6}, {1, 3}], [{8, 4}, {2, 7}, {6}, {5}, {1, 3}], [{8, 4}, {3, 7}, {1, 6}, {2, 5}], [{8, 4}, {3, 7}, {1, 6}, {5}, {2}], [{8, 4}, {3, 7}, {2, 6}, {1, 5}], [{8, 4}, {3, 7}, {2, 6}, {5}, {1}], [{8, 4}, {3, 7}, {5, 6}, {1, 2}], [{8, 4}, {3, 7}, {6}, {5}, {1, 2}], [{8, 4}, {5, 7}, {1, 6}, {2, 3}], [{8, 4}, {5, 7}, {2, 6}, {1, 3}], [{8, 4}, {5, 7}, {3, 6}, {1, 2}], [{8, 4}, {5, 7}, {6}, {1, 3}, {2}], [{8, 4}, {5, 7}, {6}, {2, 3}, {1}], [{8, 4}, {5, 7}, {6}, {3}, {1, 2}], [{8, 4}, {6, 7}, {1, 5}, {2, 3}], [{8, 4}, {6, 7}, {2, 5}, {1, 3}], [{8, 4}, {6, 7}, {3, 5}, {1, 2}], [{8, 4}, {6, 7}, {5}, {1, 3}, {2}], [{8, 4}, {6, 7}, {5}, {2, 3}, {1}], [{8, 4}, {6, 7}, {5}, {3}, {1, 2}], [{8, 4}, {7}, {1, 6}, {5}, {2, 3}], [{8, 4}, {7}, {2, 6}, {5}, {1, 3}], [{8, 4}, {7}, {3, 6}, {5}, {1, 2}], [{8, 4}, {7}, {5, 6}, {1, 3}, {2}], [{8, 4}, {7}, {5, 6}, {2, 3}, {1}], [{8, 4}, {7}, {5, 6}, {3}, {1, 2}], [{8, 4}, {7}, {6}, {1, 5}, {2, 3}], [{8, 4}, {7}, {6}, {2, 5}, {1, 3}], [{8, 4}, {7}, {6}, {3, 5}, {1, 2}], [{8, 4}, {7}, {6}, {5}, {1, 3}, {2}], [{8, 4}, {7}, {6}, {5}, {2, 3}, {1}], [{8, 4}, {7}, {6}, {5}, {3}, {1, 2}], [{8, 5}, {1, 7}, {2, 6}, {3, 4}], [{8, 5}, {1, 7}, {3, 6}, {2, 4}], [{8, 5}, {1, 7}, {4, 6}, {2, 3}], [{8, 5}, {2, 7}, {1, 6}, {3, 4}], [{8, 5}, {2, 7}, {3, 6}, {1, 4}], [{8, 5}, {2, 7}, {4, 6}, {1, 3}], [{8, 5}, {3, 7}, {1, 6}, {2, 4}], [{8, 5}, {3, 7}, {2, 6}, {1, 4}], [{8, 5}, {3, 7}, {4, 6}, {1, 2}], [{8, 5}, {3, 7}, {6}, {4}, {1, 2}], [{8, 5}, {4, 7}, {1, 6}, {2, 3}], [{8, 5}, {4, 7}, {2, 6}, {1, 3}], [{8, 5}, {4, 7}, {3, 6}, {1, 2}], [{8, 5}, {4, 7}, {6}, {3}, {1, 2}], [{8, 5}, {6, 7}, {1, 4}, {2, 3}], [{8, 5}, {6, 7}, {2, 4}, {1, 3}], [{8, 5}, {6, 7}, {3, 4}, {1, 2}], [{8, 5}, {6, 7}, {4}, {3}, {1, 2}], [{8, 5}, {7}, {3, 6}, {4}, {1, 2}], [{8, 5}, {7}, {4, 6}, {3}, {1, 2}], [{8, 5}, {7}, {6}, {1, 4}, {2, 3}], [{8, 5}, {7}, {6}, {2, 4}, {1, 3}], [{8, 5}, {7}, {6}, {3, 4}, {1, 2}], [{8, 5}, {7}, {6}, {4}, {3}, {1, 2}], [{8, 6}, {1, 7}, {2, 5}, {3, 4}], [{8, 6}, {1, 7}, {3, 5}, {2, 4}], [{8, 6}, {1, 7}, {4, 5}, {2, 3}], [{8, 6}, {1, 7}, {5}, {2, 4}, {3}], [{8, 6}, {2, 7}, {1, 5}, {3, 4}], [{8, 6}, {2, 7}, {1, 5}, {4}, {3}], [{8, 6}, {2, 7}, {3, 5}, {1, 4}], [{8, 6}, {2, 7}, {4, 5}, {1, 3}], [{8, 6}, {2, 7}, {5}, {3, 4}, {1}], [{8, 6}, {3, 7}, {1, 5}, {2, 4}], [{8, 6}, {3, 7}, {2, 5}, {1, 4}], [{8, 6}, {3, 7}, {4, 5}, {1, 2}], [{8, 6}, {3, 7}, {5}, {1, 4}, {2}], [{8, 6}, {4, 7}, {1, 5}, {2, 3}], [{8, 6}, {4, 7}, {2, 5}, {1, 3}], [{8, 6}, {4, 7}, {2, 5}, {3}, {1}], [{8, 6}, {4, 7}, {3, 5}, {1, 2}], [{8, 6}, {5, 7}, {1, 4}, {2, 3}], [{8, 6}, {5, 7}, {1, 4}, {3}, {2}], [{8, 6}, {5, 7}, {2, 4}, {1, 3}], [{8, 6}, {5, 7}, {3, 4}, {1, 2}], [{8, 6}, {5, 7}, {4}, {2, 3}, {1}], [{8, 6}, {7}, {3, 5}, {1, 4}, {2}], [{8, 6}, {7}, {4, 5}, {3}, {1, 2}], [{8, 7}, {1, 6}, {2, 5}, {3, 4}], [{8, 7}, {1, 6}, {3, 5}, {2, 4}], [{8, 7}, {1, 6}, {4, 5}, {2, 3}], [{8, 7}, {1, 6}, {5}, {2, 4}, {3}], [{8, 7}, {2, 6}, {1, 5}, {3, 4}], [{8, 7}, {2, 6}, {1, 5}, {4}, {3}], [{8, 7}, {2, 6}, {3, 5}, {1, 4}], [{8, 7}, {2, 6}, {4, 5}, {1, 3}], [{8, 7}, {2, 6}, {5}, {3, 4}, {1}], [{8, 7}, {3, 6}, {1, 5}, {2, 4}], [{8, 7}, {3, 6}, {2, 5}, {1, 4}], [{8, 7}, {3, 6}, {4, 5}, {1, 2}], [{8, 7}, {3, 6}, {5}, {1, 4}, {2}], [{8, 7}, {4, 6}, {1, 5}, {2, 3}], [{8, 7}, {4, 6}, {2, 5}, {1, 3}], [{8, 7}, {4, 6}, {2, 5}, {3}, {1}], [{8, 7}, {4, 6}, {3, 5}, {1, 2}], [{8, 7}, {5, 6}, {1, 4}, {2, 3}], [{8, 7}, {5, 6}, {1, 4}, {3}, {2}], [{8, 7}, {5, 6}, {2, 4}, {1, 3}], [{8, 7}, {5, 6}, {3, 4}, {1, 2}], [{8, 7}, {5, 6}, {4}, {2, 3}, {1}], [{8, 7}, {6}, {3, 5}, {1, 4}, {2}], [{8, 7}, {6}, {4, 5}, {3}, {1, 2}], [{8}, {2, 7}, {6}, {3, 5}, {1, 4}], [{8}, {3, 7}, {4, 6}, {2, 5}, {1}], [{8}, {3, 7}, {6}, {4, 5}, {1, 2}], [{8}, {4, 7}, {3, 6}, {2, 5}, {1}], [{8}, {4, 7}, {5, 6}, {2, 3}, {1}], [{8}, {5, 7}, {4, 6}, {2, 3}, {1}], [{8}, {6, 7}, {3, 5}, {1, 4}, {2}], [{8}, {6, 7}, {4, 5}, {3}, {1, 2}], [{8}, {7}, {2, 6}, {3, 5}, {1, 4}], [{8}, {7}, {3, 6}, {4, 5}, {1, 2}], [{8}, {7}, {6}, {3, 5}, {1, 4}, {2}], [{8}, {7}, {6}, {4, 5}, {3}, {1, 2}]]",2,16 K_1^3 + 4 K_1^2 K_2 - 16 K_1^2 - 18 K_1 K_2 - 4 K_1 K_3 - 3 K_1 + 8 K_2 + 5 K_3 + K_4 + 8,O1O2O3O4U1U2O5U6U7O8O7U4U5U8O6U3,O1O2O3U4U1O4O5U2O6O7U3U8U6U7O8U5,O1O2O3U4O5U6U7U5U1O6O7U2O4O8U3U8,c,{'O1O2O3O4U2O5U6U7U1O8O6U8U5O7U3U4'},1,"<a href=""/flatknot/8.704019"">8.704019</a>",t^9-45t^7-162t^6-207t^5-146t^4+136t^3+260t^2+74t,-t^3+3t,,
8.704020,O1O2O3O4U2O5U6U7U1O8O6U8U5O7U4U3,3,8z^2+27z+23,-18w^4z^2+26w^3z^2-56w^3z+83w^2z+23w,False,False,"[[ 0 -1 -2  2  2  2 -1 -1 -1],[ 1  0  0  2  1  0  1  1 -1],[ 2  0  0  2  1  0  2  2  0],[-2 -2 -2  0  0  1 -2 -2 -1],[-2 -1 -1  0  0  1 -2 -2 -1],[-2  0  0 -1 -1  0 -1 -1 -1],[ 1 -1 -2  2  2  1  0  0 -1],[ 1 -1 -2  2  2  1  0  0 -1],[ 1  1  0  1  1  1  1  1  0]]","[[ 0  2  2  2 -1 -1 -1 -1 -2],[-2  0  1  0 -1 -1 -2 -2 -1],[-2 -1  0 -1  0 -1 -1 -1  0],[-2  0  1  0 -2 -1 -2 -2 -2],[ 1  1  0  2  0 -1  1  1  0],[ 1  1  1  1  1  0  1  1  0],[ 1  2  1  2 -1 -1  0  0 -2],[ 1  2  1  2 -1 -1  0  0 -2],[ 2  1  0  2  0  0  2  2  0]]",True,"[-2,-2,-2,1,1,1,1,2,-1,0,1,1,2,2,1,1,0,1,1,1,0,2,1,2,2,2,1,-1,-1,0,-1,-1,0,0,2,2]","[-2,-2,-2,1,1,1,1,2,-1,-1,2,2,2,3,4,0,1,1,2,1,2,1,1,2,2,3,0,-1,-1,-1,-1,-1,-1,1,1,1]",t^8+46t^6+109t^4+37t^2,"[-2,-1,-1,-1,-1,2,2,2,-1,-1,1,1,2,3,4,0,1,1,1,1,2,1,1,1,1,2,-1,2,2,2,1,2,3,0,-1,-1]","[-2,-2,-2,1,1,1,1,2,-1,-1,2,2,2,3,4,0,1,1,2,1,2,1,1,2,2,3,0,-1,-1,-1,-1,-1,-1,1,1,1]","[-2,-1,-1,-1,-1,2,2,2,0,0,2,2,0,1,2,-1,1,1,0,1,2,1,1,1,1,1,0,1,2,2,1,2,2,-1,-1,0]",c,"[[{8, 1}, {2, 7}, {3, 6}, {4, 5}], [{8, 1}, {2, 7}, {3, 6}, {5}, {4}], [{8, 1}, {2, 7}, {4, 6}, {3, 5}], [{8, 1}, {2, 7}, {5, 6}, {3, 4}], [{8, 1}, {3, 7}, {2, 6}, {4, 5}], [{8, 1}, {3, 7}, {2, 6}, {5}, {4}], [{8, 1}, {3, 7}, {4, 6}, {2, 5}], [{8, 1}, {3, 7}, {5, 6}, {2, 4}], [{8, 1}, {3, 7}, {5, 6}, {4}, {2}], [{8, 1}, {3, 7}, {6}, {2, 5}, {4}], [{8, 1}, {4, 7}, {2, 6}, {3, 5}], [{8, 1}, {4, 7}, {3, 6}, {2, 5}], [{8, 1}, {4, 7}, {5, 6}, {2, 3}], [{8, 1}, {4, 7}, {6}, {2, 5}, {3}], [{8, 1}, {5, 7}, {2, 6}, {3, 4}], [{8, 1}, {5, 7}, {3, 6}, {2, 4}], [{8, 1}, {5, 7}, {3, 6}, {4}, {2}], [{8, 1}, {5, 7}, {4, 6}, {2, 3}], [{8, 1}, {6, 7}, {2, 5}, {3, 4}], [{8, 1}, {6, 7}, {2, 5}, {4}, {3}], [{8, 1}, {6, 7}, {3, 5}, {2, 4}], [{8, 1}, {6, 7}, {4, 5}, {2, 3}], [{8, 1}, {7}, {3, 6}, {2, 5}, {4}], [{8, 1}, {7}, {4, 6}, {2, 5}, {3}], [{8, 1}, {7}, {6}, {2, 5}, {3, 4}], [{8, 1}, {7}, {6}, {2, 5}, {4}, {3}], [{8, 1}, {7}, {6}, {3, 5}, {2, 4}], [{8, 1}, {7}, {6}, {4, 5}, {2, 3}], [{8, 2}, {1, 7}, {3, 6}, {4, 5}], [{8, 2}, {1, 7}, {4, 6}, {3, 5}], [{8, 2}, {1, 7}, {5, 6}, {3, 4}], [{8, 2}, {1, 7}, {6}, {3, 5}, {4}], [{8, 2}, {3, 7}, {1, 6}, {4, 5}], [{8, 2}, {3, 7}, {4, 6}, {1, 5}], [{8, 2}, {3, 7}, {5, 6}, {1, 4}], [{8, 2}, {3, 7}, {6}, {1, 5}, {4}], [{8, 2}, {4, 7}, {1, 6}, {3, 5}], [{8, 2}, {4, 7}, {3, 6}, {1, 5}], [{8, 2}, {4, 7}, {5, 6}, {1, 3}], [{8, 2}, {4, 7}, {6}, {1, 5}, {3}], [{8, 2}, {4, 7}, {6}, {3, 5}, {1}], [{8, 2}, {4, 7}, {6}, {5}, {1, 3}], [{8, 2}, {5, 7}, {1, 6}, {3, 4}], [{8, 2}, {5, 7}, {3, 6}, {1, 4}], [{8, 2}, {5, 7}, {4, 6}, {1, 3}], [{8, 2}, {5, 7}, {6}, {4}, {1, 3}], [{8, 2}, {6, 7}, {1, 5}, {3, 4}], [{8, 2}, {6, 7}, {1, 5}, {4}, {3}], [{8, 2}, {6, 7}, {3, 5}, {1, 4}], [{8, 2}, {6, 7}, {3, 5}, {4}, {1}], [{8, 2}, {6, 7}, {4, 5}, {1, 3}], [{8, 2}, {6, 7}, {5}, {4}, {1, 3}], [{8, 2}, {7}, {1, 6}, {3, 5}, {4}], [{8, 2}, {7}, {3, 6}, {1, 5}, {4}], [{8, 2}, {7}, {4, 6}, {1, 5}, {3}], [{8, 2}, {7}, {4, 6}, {3, 5}, {1}], [{8, 2}, {7}, {4, 6}, {5}, {1, 3}], [{8, 2}, {7}, {5, 6}, {4}, {1, 3}], [{8, 2}, {7}, {6}, {1, 5}, {3, 4}], [{8, 2}, {7}, {6}, {1, 5}, {4}, {3}], [{8, 2}, {7}, {6}, {3, 5}, {1, 4}], [{8, 2}, {7}, {6}, {3, 5}, {4}, {1}], [{8, 2}, {7}, {6}, {4, 5}, {1, 3}], [{8, 2}, {7}, {6}, {5}, {4}, {1, 3}], [{8, 3}, {1, 7}, {2, 6}, {4, 5}], [{8, 3}, {1, 7}, {2, 6}, {5}, {4}], [{8, 3}, {1, 7}, {4, 6}, {2, 5}], [{8, 3}, {1, 7}, {5, 6}, {2, 4}], [{8, 3}, {1, 7}, {5, 6}, {4}, {2}], [{8, 3}, {1, 7}, {6}, {2, 5}, {4}], [{8, 3}, {2, 7}, {1, 6}, {4, 5}], [{8, 3}, {2, 7}, {1, 6}, {5}, {4}], [{8, 3}, {2, 7}, {4, 6}, {1, 5}], [{8, 3}, {2, 7}, {5, 6}, {1, 4}], [{8, 3}, {4, 7}, {1, 6}, {2, 5}], [{8, 3}, {4, 7}, {2, 6}, {1, 5}], [{8, 3}, {4, 7}, {5, 6}, {1, 2}], [{8, 3}, {4, 7}, {6}, {2, 5}, {1}], [{8, 3}, {5, 7}, {1, 6}, {2, 4}], [{8, 3}, {5, 7}, {1, 6}, {4}, {2}], [{8, 3}, {5, 7}, {2, 6}, {1, 4}], [{8, 3}, {5, 7}, {4, 6}, {1, 2}], [{8, 3}, {6, 7}, {1, 5}, {2, 4}], [{8, 3}, {6, 7}, {2, 5}, {1, 4}], [{8, 3}, {6, 7}, {2, 5}, {4}, {1}], [{8, 3}, {6, 7}, {4, 5}, {1, 2}], [{8, 3}, {7}, {1, 6}, {2, 5}, {4}], [{8, 3}, {7}, {4, 6}, {2, 5}, {1}], [{8, 3}, {7}, {6}, {1, 5}, {2, 4}], [{8, 3}, {7}, {6}, {2, 5}, {1, 4}], [{8, 3}, {7}, {6}, {2, 5}, {4}, {1}], [{8, 3}, {7}, {6}, {4, 5}, {1, 2}], [{8, 4}, {1, 7}, {2, 6}, {3, 5}], [{8, 4}, {1, 7}, {3, 6}, {2, 5}], [{8, 4}, {1, 7}, {5, 6}, {2, 3}], [{8, 4}, {2, 7}, {1, 6}, {3, 5}], [{8, 4}, {2, 7}, {3, 6}, {1, 5}], [{8, 4}, {2, 7}, {5, 6}, {1, 3}], [{8, 4}, {2, 7}, {6}, {5}, {1, 3}], [{8, 4}, {3, 7}, {1, 6}, {2, 5}], [{8, 4}, {3, 7}, {2, 6}, {1, 5}], [{8, 4}, {3, 7}, {5, 6}, {1, 2}], [{8, 4}, {5, 7}, {1, 6}, {2, 3}], [{8, 4}, {5, 7}, {2, 6}, {1, 3}], [{8, 4}, {5, 7}, {3, 6}, {1, 2}], [{8, 4}, {5, 7}, {6}, {1, 3}, {2}], [{8, 4}, {6, 7}, {1, 5}, {2, 3}], [{8, 4}, {6, 7}, {2, 5}, {1, 3}], [{8, 4}, {6, 7}, {3, 5}, {1, 2}], [{8, 4}, {6, 7}, {5}, {1, 3}, {2}], [{8, 4}, {7}, {2, 6}, {5}, {1, 3}], [{8, 4}, {7}, {5, 6}, {1, 3}, {2}], [{8, 4}, {7}, {6}, {1, 5}, {2, 3}], [{8, 4}, {7}, {6}, {2, 5}, {1, 3}], [{8, 4}, {7}, {6}, {3, 5}, {1, 2}], [{8, 4}, {7}, {6}, {5}, {1, 3}, {2}], [{8, 5}, {1, 7}, {2, 6}, {3, 4}], [{8, 5}, {1, 7}, {3, 6}, {2, 4}], [{8, 5}, {1, 7}, {4, 6}, {2, 3}], [{8, 5}, {1, 7}, {4, 6}, {3}, {2}], [{8, 5}, {2, 7}, {1, 6}, {3, 4}], [{8, 5}, {2, 7}, {3, 6}, {1, 4}], [{8, 5}, {2, 7}, {4, 6}, {1, 3}], [{8, 5}, {2, 7}, {6}, {4}, {1, 3}], [{8, 5}, {3, 7}, {1, 6}, {2, 4}], [{8, 5}, {3, 7}, {2, 6}, {1, 4}], [{8, 5}, {3, 7}, {4, 6}, {1, 2}], [{8, 5}, {3, 7}, {4, 6}, {2}, {1}], [{8, 5}, {4, 7}, {1, 6}, {2, 3}], [{8, 5}, {4, 7}, {1, 6}, {3}, {2}], [{8, 5}, {4, 7}, {2, 6}, {1, 3}], [{8, 5}, {4, 7}, {3, 6}, {1, 2}], [{8, 5}, {4, 7}, {3, 6}, {2}, {1}], [{8, 5}, {4, 7}, {6}, {1, 3}, {2}], [{8, 5}, {6, 7}, {1, 4}, {2, 3}], [{8, 5}, {6, 7}, {2, 4}, {1, 3}], [{8, 5}, {6, 7}, {3, 4}, {1, 2}], [{8, 5}, {6, 7}, {4}, {1, 3}, {2}], [{8, 5}, {7}, {2, 6}, {4}, {1, 3}], [{8, 5}, {7}, {4, 6}, {1, 3}, {2}], [{8, 5}, {7}, {6}, {1, 4}, {2, 3}], [{8, 5}, {7}, {6}, {2, 4}, {1, 3}], [{8, 5}, {7}, {6}, {3, 4}, {1, 2}], [{8, 5}, {7}, {6}, {4}, {1, 3}, {2}], [{8, 6}, {1, 7}, {2, 5}, {3, 4}], [{8, 6}, {1, 7}, {3, 5}, {2, 4}], [{8, 6}, {1, 7}, {4, 5}, {2, 3}], [{8, 6}, {1, 7}, {5}, {4}, {2, 3}], [{8, 6}, {2, 7}, {1, 5}, {3, 4}], [{8, 6}, {2, 7}, {1, 5}, {4}, {3}], [{8, 6}, {2, 7}, {3, 5}, {1, 4}], [{8, 6}, {2, 7}, {3, 5}, {4}, {1}], [{8, 6}, {2, 7}, {4, 5}, {1, 3}], [{8, 6}, {2, 7}, {4, 5}, {3}, {1}], [{8, 6}, {2, 7}, {5}, {1, 4}, {3}], [{8, 6}, {2, 7}, {5}, {3, 4}, {1}], [{8, 6}, {2, 7}, {5}, {4}, {1, 3}], [{8, 6}, {2, 7}, {5}, {4}, {3}, {1}], [{8, 6}, {3, 7}, {1, 5}, {2, 4}], [{8, 6}, {3, 7}, {2, 5}, {1, 4}], [{8, 6}, {3, 7}, {4, 5}, {1, 2}], [{8, 6}, {3, 7}, {5}, {4}, {1, 2}], [{8, 6}, {4, 7}, {1, 5}, {2, 3}], [{8, 6}, {4, 7}, {2, 5}, {1, 3}], [{8, 6}, {4, 7}, {3, 5}, {1, 2}], [{8, 6}, {4, 7}, {5}, {1, 3}, {2}], [{8, 6}, {5, 7}, {1, 4}, {2, 3}], [{8, 6}, {5, 7}, {2, 4}, {1, 3}], [{8, 6}, {5, 7}, {3, 4}, {1, 2}], [{8, 6}, {5, 7}, {4}, {1, 3}, {2}], [{8, 6}, {7}, {2, 5}, {4}, {1, 3}], [{8, 6}, {7}, {4, 5}, {1, 3}, {2}], [{8, 6}, {7}, {5}, {2, 4}, {1, 3}], [{8, 6}, {7}, {5}, {4}, {1, 3}, {2}], [{8, 7}, {1, 6}, {2, 5}, {3, 4}], [{8, 7}, {1, 6}, {3, 5}, {2, 4}], [{8, 7}, {1, 6}, {4, 5}, {2, 3}], [{8, 7}, {1, 6}, {5}, {4}, {2, 3}], [{8, 7}, {2, 6}, {1, 5}, {3, 4}], [{8, 7}, {2, 6}, {1, 5}, {4}, {3}], [{8, 7}, {2, 6}, {3, 5}, {1, 4}], [{8, 7}, {2, 6}, {3, 5}, {4}, {1}], [{8, 7}, {2, 6}, {4, 5}, {1, 3}], [{8, 7}, {2, 6}, {4, 5}, {3}, {1}], [{8, 7}, {2, 6}, {5}, {1, 4}, {3}], [{8, 7}, {2, 6}, {5}, {3, 4}, {1}], [{8, 7}, {2, 6}, {5}, {4}, {1, 3}], [{8, 7}, {2, 6}, {5}, {4}, {3}, {1}], [{8, 7}, {3, 6}, {1, 5}, {2, 4}], [{8, 7}, {3, 6}, {2, 5}, {1, 4}], [{8, 7}, {3, 6}, {4, 5}, {1, 2}], [{8, 7}, {3, 6}, {5}, {4}, {1, 2}], [{8, 7}, {4, 6}, {1, 5}, {2, 3}], [{8, 7}, {4, 6}, {2, 5}, {1, 3}], [{8, 7}, {4, 6}, {3, 5}, {1, 2}], [{8, 7}, {4, 6}, {5}, {1, 3}, {2}], [{8, 7}, {5, 6}, {1, 4}, {2, 3}], [{8, 7}, {5, 6}, {2, 4}, {1, 3}], [{8, 7}, {5, 6}, {3, 4}, {1, 2}], [{8, 7}, {5, 6}, {4}, {1, 3}, {2}], [{8, 7}, {6}, {2, 5}, {4}, {1, 3}], [{8, 7}, {6}, {4, 5}, {1, 3}, {2}], [{8, 7}, {6}, {5}, {2, 4}, {1, 3}], [{8, 7}, {6}, {5}, {4}, {1, 3}, {2}], [{8}, {2, 7}, {4, 6}, {5}, {1, 3}], [{8}, {2, 7}, {5, 6}, {4}, {1, 3}], [{8}, {2, 7}, {6}, {4, 5}, {1, 3}], [{8}, {2, 7}, {6}, {5}, {4}, {1, 3}], [{8}, {4, 7}, {2, 6}, {5}, {1, 3}], [{8}, {4, 7}, {5, 6}, {1, 3}, {2}], [{8}, {4, 7}, {5, 6}, {2, 3}, {1}], [{8}, {4, 7}, {5, 6}, {3}, {1, 2}], [{8}, {4, 7}, {6}, {2, 5}, {1, 3}], [{8}, {4, 7}, {6}, {5}, {1, 3}, {2}], [{8}, {5, 7}, {2, 6}, {4}, {1, 3}], [{8}, {5, 7}, {4, 6}, {1, 3}, {2}], [{8}, {5, 7}, {4, 6}, {2, 3}, {1}], [{8}, {5, 7}, {4, 6}, {3}, {1, 2}], [{8}, {5, 7}, {6}, {2, 4}, {1, 3}], [{8}, {5, 7}, {6}, {4}, {1, 3}, {2}], [{8}, {6, 7}, {2, 5}, {4}, {1, 3}], [{8}, {6, 7}, {4, 5}, {1, 3}, {2}], [{8}, {6, 7}, {5}, {2, 4}, {1, 3}], [{8}, {6, 7}, {5}, {4}, {1, 3}, {2}], [{8}, {7}, {2, 6}, {4, 5}, {1, 3}], [{8}, {7}, {2, 6}, {5}, {4}, {1, 3}], [{8}, {7}, {4, 6}, {2, 5}, {1, 3}], [{8}, {7}, {4, 6}, {5}, {1, 3}, {2}], [{8}, {7}, {5, 6}, {2, 4}, {1, 3}], [{8}, {7}, {5, 6}, {4}, {1, 3}, {2}], [{8}, {7}, {6}, {2, 5}, {4}, {1, 3}], [{8}, {7}, {6}, {4, 5}, {1, 3}, {2}], [{8}, {7}, {6}, {5}, {2, 4}, {1, 3}], [{8}, {7}, {6}, {5}, {4}, {1, 3}, {2}]]",2,1,O1O2O3O4U2U1O5U6U7O8O7U4U5U8O6U3,O1O2O3U4U1O4O5U2O6O7U3U8U7U6O8U5,O1O2O3U4O5U6U7U5U1O7O6U2O4O8U3U8,c,{'O1O2O3O4U2O5U6U7U1O8O6U8U5O7U4U3'},1,"<a href=""/flatknot/8.704020"">8.704020</a>",t^9-42t^7-132t^6-127t^5-104t^4+122t^3+128t^2-32t,-2t^2+4t,,
8.704021,O1O2O3O4U2O5U6U7U3O8O6U1U4O7U5U8,3,9z^2+42z+49,-4w^4z^2+13w^3z^2-20w^3z+62w^2z+49w,False,False,"[[ 0 -2 -2  1  2  2 -1 -1  1],[ 2  0 -1  2  3  2  1  1  1],[ 2  1  0  1  2  2  1  0  1],[-1 -2 -1  0  0  0 -1 -1  0],[-2 -3 -2  0  0  0 -2 -1  0],[-2 -2 -2  0  0  0 -3 -1 -1],[ 1 -1 -1  1  2  3  0 -1  2],[ 1 -1  0  1  1  1  1  0  1],[-1 -1 -1  0  0  1 -2 -1  0]]","[[ 0  2  1 -1 -2],[-2  0  0 -3 -2],[-1  0  0 -1 -2],[ 1  3  1  0 -1],[ 2  2  2  1  0]]",False,"[-2,-1,1,2,0,3,2,1,2,1]","[-2,-1,1,2,0,1,2,1,0,1]",t^4+19t^2+16,"[-2,-1,1,2,0,1,2,1,0,1]","[-2,-1,1,2,1,0,2,1,1,0]","[-2,-1,1,2,1,2,2,1,3,0]",c,"[[{8, 7}, {3, 6}, {1, 5}, {2, 4}]]",0,24 K_1^3 - 12 K_1^2 - 16 K_1 K_2 - 10 K_1 + 6 K_2 + 2 K_3 + 7,O1O2O3O4U5U6O7U1U4O8O5U2U7U8O6U3,O1O2O3U4U1O5O6U2O7O4U5U8U3U6O8U7,O1O2O3U4O5U6U1U5U7O8O4U2O6O7U3U8,c,"{'O1O2O3O4U2U5O6U7U3O5O8U1U4O7U8U6', 'O1O2O3O4U2O5U6U7U3O8O6U1U4O7U5U8'}",2,"<a href=""/flatknot/8.704021"">8.704021</a>",t^5-19t^3-20t^2+22t+4,0,,
8.704022,O1O2O3O4U2O5U6U7U3O8O6U1U4O7U8U5,3,15z^2+64z+69,-8w^4z^2+23w^3z^2-12w^3z+76w^2z+69w,False,False,"[[ 0 -2 -2  1  2  3 -1 -1  0],[ 2  0 -1  2  3  3  1  1  0],[ 2  1  0  1  2  2  1  0  1],[-1 -2 -1  0  0  0 -1 -1 -1],[-2 -3 -2  0  0  1 -2 -1 -1],[-3 -3 -2  0 -1  0 -3 -1 -2],[ 1 -1 -1  1  2  3  0 -1  1],[ 1 -1  0  1  1  1  1  0  0],[ 0  0 -1  1  1  2 -1  0  0]]","[[ 0  3  1  0 -1 -1 -2],[-3  0  0 -2 -1 -3 -3],[-1  0  0 -1 -1 -1 -2],[ 0  2  1  0  0 -1  0],[ 1  1  1  0  0  1 -1],[ 1  3  1  1 -1  0 -1],[ 2  3  2  0  1  1  0]]",False,"[-3,-1,0,1,1,2,0,2,1,3,3,1,1,1,2,0,1,0,-1,1,1]","[-3,-1,0,1,1,2,0,2,1,3,3,1,1,1,2,0,1,0,-1,1,1]",t^6+34t^4+99t^2+4,"[-2,-1,-1,0,1,3,0,0,2,1,2,-1,1,1,3,0,1,1,0,1,2]","[-3,-1,0,1,1,2,2,1,1,3,2,0,1,1,1,0,1,2,-1,0,0]","[-2,-1,-1,0,1,3,1,1,0,2,3,-1,1,1,3,0,1,1,1,2,0]",c,"[[{8, 3}, {1, 7}, {4, 6}, {2, 5}], [{8, 3}, {1, 7}, {5, 6}, {2, 4}]]",1,12 K_1^3 + 8 K_1^2 K_2 - 14 K_1^2 - 14 K_1 K_2 - 8 K_1 K_3 - 2 K_1 + 7 K_2 + 4 K_3 + 2 K_4 + 6,O1O2O3O4U5U6O7U1U4O8O6U2U7U8O5U3,O1O2O3U4U1O5O6U2O4O7U5U8U3U6O8U7,O1O2O3U4O5U6U1U5U7O4O8U2O6O7U3U8,c,{'O1O2O3O4U2O5U6U7U3O8O6U1U4O7U8U5'},1,"<a href=""/flatknot/8.704022"">8.704022</a>",t^7-30t^5-66t^4+2t^3+94t^2+50t-6,-t^3+t^2+t,,
8.704023,O1O2O3O4U2O5U6U7U3O8O6U1U5O7U8U4,4,4z^3+34z^2+107z+111,4w^4z^3+34w^3z^2+107w^2z+111w,False,False,"[[ 0 -2 -2  1  3  2 -1 -1  0],[ 2  0 -1  2  4  2  1  1  0],[ 2  1  0  1  2  1  1  1  0],[-1 -2 -1  0  0  0 -1 -1 -1],[-3 -4 -2  0  0  0 -3 -2 -1],[-2 -2 -1  0  0  0 -2 -1 -1],[ 1 -1 -1  1  3  2  0 -1  1],[ 1 -1 -1  1  2  1  1  0  0],[ 0  0  0  1  1  1 -1  0  0]]","[[ 0  3  2  1  0 -1 -1 -2 -2],[-3  0  0  0 -1 -2 -3 -2 -4],[-2  0  0  0 -1 -1 -2 -1 -2],[-1  0  0  0 -1 -1 -1 -1 -2],[ 0  1  1  1  0  0 -1  0  0],[ 1  2  1  1  0  0  1 -1 -1],[ 1  3  2  1  1 -1  0 -1 -1],[ 2  2  1  1  0  1  1  0  1],[ 2  4  2  2  0  1  1 -1  0]]",True,"[-3,-2,-1,0,1,1,2,2,0,0,1,2,3,2,4,0,1,1,2,1,2,1,1,1,1,2,0,1,0,0,-1,1,1,1,1,-1]","[-3,-2,-1,0,1,1,2,2,0,0,1,2,3,2,4,0,1,1,2,1,2,1,1,1,1,2,0,1,0,0,-1,1,1,1,1,-1]",t^8+60t^6+180t^4+31t^2,"[-2,-2,-1,-1,0,1,2,3,-1,0,0,2,2,3,3,0,0,2,1,2,1,-1,1,1,2,2,0,1,1,1,0,1,2,1,2,1]","[-3,-2,-1,0,1,1,2,2,1,2,2,1,2,1,3,1,1,1,2,2,3,0,1,1,1,2,0,1,2,2,-1,0,0,0,0,-1]","[-2,-2,-1,-1,0,1,2,3,-1,1,1,0,2,2,4,1,1,0,1,1,2,-1,1,1,2,3,0,1,1,2,1,1,1,0,0,0]",c,"[[{8, 1}, {2, 7}, {3, 6}, {4, 5}], [{8, 1}, {2, 7}, {4, 6}, {3, 5}], [{8, 1}, {2, 7}, {5, 6}, {3, 4}], [{8, 1}, {2, 7}, {5, 6}, {4}, {3}], [{8, 1}, {3, 7}, {2, 6}, {4, 5}], [{8, 1}, {3, 7}, {4, 6}, {2, 5}], [{8, 1}, {3, 7}, {5, 6}, {2, 4}], [{8, 1}, {4, 7}, {2, 6}, {3, 5}], [{8, 1}, {4, 7}, {2, 6}, {5}, {3}], [{8, 1}, {4, 7}, {3, 6}, {2, 5}], [{8, 1}, {4, 7}, {5, 6}, {2, 3}], [{8, 1}, {4, 7}, {5, 6}, {3}, {2}], [{8, 1}, {4, 7}, {6}, {2, 5}, {3}], [{8, 1}, {5, 7}, {2, 6}, {3, 4}], [{8, 1}, {5, 7}, {3, 6}, {2, 4}], [{8, 1}, {5, 7}, {4, 6}, {2, 3}], [{8, 1}, {6, 7}, {2, 5}, {3, 4}], [{8, 1}, {6, 7}, {3, 5}, {2, 4}], [{8, 1}, {6, 7}, {3, 5}, {4}, {2}], [{8, 1}, {6, 7}, {4, 5}, {2, 3}], [{8, 1}, {6, 7}, {4, 5}, {3}, {2}], [{8, 1}, {6, 7}, {5}, {3, 4}, {2}], [{8, 1}, {7}, {5, 6}, {2, 4}, {3}], [{8, 2}, {1, 7}, {3, 6}, {4, 5}], [{8, 2}, {1, 7}, {3, 6}, {5}, {4}], [{8, 2}, {1, 7}, {4, 6}, {3, 5}], [{8, 2}, {1, 7}, {5, 6}, {3, 4}], [{8, 2}, {3, 7}, {1, 6}, {4, 5}], [{8, 2}, {3, 7}, {4, 6}, {1, 5}], [{8, 2}, {3, 7}, {5, 6}, {1, 4}], [{8, 2}, {4, 7}, {1, 6}, {3, 5}], [{8, 2}, {4, 7}, {3, 6}, {1, 5}], [{8, 2}, {4, 7}, {3, 6}, {5}, {1}], [{8, 2}, {4, 7}, {5, 6}, {1, 3}], [{8, 2}, {4, 7}, {5, 6}, {3}, {1}], [{8, 2}, {4, 7}, {6}, {3, 5}, {1}], [{8, 2}, {5, 7}, {1, 6}, {3, 4}], [{8, 2}, {5, 7}, {3, 6}, {1, 4}], [{8, 2}, {5, 7}, {4, 6}, {1, 3}], [{8, 2}, {6, 7}, {1, 5}, {3, 4}], [{8, 2}, {6, 7}, {3, 5}, {1, 4}], [{8, 2}, {6, 7}, {4, 5}, {1, 3}], [{8, 2}, {7}, {3, 6}, {5}, {1, 4}], [{8, 2}, {7}, {5, 6}, {4}, {1, 3}], [{8, 3}, {1, 7}, {2, 6}, {4, 5}], [{8, 3}, {1, 7}, {2, 6}, {5}, {4}], [{8, 3}, {1, 7}, {4, 6}, {2, 5}], [{8, 3}, {1, 7}, {5, 6}, {2, 4}], [{8, 3}, {1, 7}, {5, 6}, {4}, {2}], [{8, 3}, {1, 7}, {6}, {2, 5}, {4}], [{8, 3}, {2, 7}, {1, 6}, {4, 5}], [{8, 3}, {2, 7}, {4, 6}, {1, 5}], [{8, 3}, {2, 7}, {5, 6}, {1, 4}], [{8, 3}, {2, 7}, {6}, {5}, {1, 4}], [{8, 3}, {4, 7}, {1, 6}, {2, 5}], [{8, 3}, {4, 7}, {2, 6}, {1, 5}], [{8, 3}, {4, 7}, {2, 6}, {5}, {1}], [{8, 3}, {4, 7}, {5, 6}, {1, 2}], [{8, 3}, {5, 7}, {1, 6}, {2, 4}], [{8, 3}, {5, 7}, {2, 6}, {1, 4}], [{8, 3}, {5, 7}, {4, 6}, {1, 2}], [{8, 3}, {5, 7}, {6}, {4}, {1, 2}], [{8, 3}, {6, 7}, {1, 5}, {2, 4}], [{8, 3}, {6, 7}, {2, 5}, {1, 4}], [{8, 3}, {6, 7}, {4, 5}, {1, 2}], [{8, 3}, {6, 7}, {5}, {1, 4}, {2}], [{8, 3}, {7}, {1, 6}, {5}, {2, 4}], [{8, 3}, {7}, {2, 6}, {5}, {1, 4}], [{8, 3}, {7}, {5, 6}, {2, 4}, {1}], [{8, 3}, {7}, {6}, {1, 5}, {2, 4}], [{8, 4}, {1, 7}, {2, 6}, {3, 5}], [{8, 4}, {1, 7}, {2, 6}, {5}, {3}], [{8, 4}, {1, 7}, {3, 6}, {2, 5}], [{8, 4}, {1, 7}, {5, 6}, {2, 3}], [{8, 4}, {2, 7}, {1, 6}, {3, 5}], [{8, 4}, {2, 7}, {3, 6}, {1, 5}], [{8, 4}, {2, 7}, {5, 6}, {1, 3}], [{8, 4}, {2, 7}, {6}, {5}, {1, 3}], [{8, 4}, {3, 7}, {1, 6}, {2, 5}], [{8, 4}, {3, 7}, {2, 6}, {1, 5}], [{8, 4}, {3, 7}, {2, 6}, {5}, {1}], [{8, 4}, {3, 7}, {5, 6}, {1, 2}], [{8, 4}, {5, 7}, {1, 6}, {2, 3}], [{8, 4}, {5, 7}, {2, 6}, {1, 3}], [{8, 4}, {5, 7}, {3, 6}, {1, 2}], [{8, 4}, {5, 7}, {6}, {1, 3}, {2}], [{8, 4}, {6, 7}, {1, 5}, {2, 3}], [{8, 4}, {6, 7}, {2, 5}, {1, 3}], [{8, 4}, {6, 7}, {3, 5}, {1, 2}], [{8, 4}, {6, 7}, {5}, {1, 3}, {2}], [{8, 4}, {7}, {2, 6}, {5}, {1, 3}], [{8, 4}, {7}, {5, 6}, {1, 3}, {2}], [{8, 4}, {7}, {6}, {2, 5}, {1, 3}], [{8, 4}, {7}, {6}, {5}, {1, 3}, {2}], [{8, 5}, {1, 7}, {2, 6}, {3, 4}], [{8, 5}, {1, 7}, {3, 6}, {2, 4}], [{8, 5}, {1, 7}, {4, 6}, {2, 3}], [{8, 5}, {2, 7}, {1, 6}, {3, 4}], [{8, 5}, {2, 7}, {1, 6}, {4}, {3}], [{8, 5}, {2, 7}, {3, 6}, {1, 4}], [{8, 5}, {2, 7}, {4, 6}, {1, 3}], [{8, 5}, {3, 7}, {1, 6}, {2, 4}], [{8, 5}, {3, 7}, {2, 6}, {1, 4}], [{8, 5}, {3, 7}, {4, 6}, {1, 2}], [{8, 5}, {3, 7}, {6}, {4}, {1, 2}], [{8, 5}, {4, 7}, {1, 6}, {2, 3}], [{8, 5}, {4, 7}, {2, 6}, {1, 3}], [{8, 5}, {4, 7}, {3, 6}, {1, 2}], [{8, 5}, {6, 7}, {1, 4}, {2, 3}], [{8, 5}, {6, 7}, {2, 4}, {1, 3}], [{8, 5}, {6, 7}, {2, 4}, {3}, {1}], [{8, 5}, {6, 7}, {3, 4}, {1, 2}], [{8, 5}, {7}, {6}, {1, 4}, {2, 3}], [{8, 6}, {1, 7}, {2, 5}, {3, 4}], [{8, 6}, {1, 7}, {3, 5}, {2, 4}], [{8, 6}, {1, 7}, {3, 5}, {4}, {2}], [{8, 6}, {1, 7}, {4, 5}, {2, 3}], [{8, 6}, {2, 7}, {1, 5}, {3, 4}], [{8, 6}, {2, 7}, {3, 5}, {1, 4}], [{8, 6}, {2, 7}, {4, 5}, {1, 3}], [{8, 6}, {2, 7}, {5}, {4}, {1, 3}], [{8, 6}, {3, 7}, {1, 5}, {2, 4}], [{8, 6}, {3, 7}, {2, 5}, {1, 4}], [{8, 6}, {3, 7}, {4, 5}, {1, 2}], [{8, 6}, {4, 7}, {1, 5}, {2, 3}], [{8, 6}, {4, 7}, {2, 5}, {1, 3}], [{8, 6}, {4, 7}, {3, 5}, {1, 2}], [{8, 6}, {5, 7}, {1, 4}, {2, 3}], [{8, 6}, {5, 7}, {2, 4}, {1, 3}], [{8, 6}, {5, 7}, {3, 4}, {1, 2}], [{8, 6}, {5, 7}, {4}, {1, 3}, {2}], [{8, 6}, {7}, {1, 5}, {2, 4}, {3}], [{8, 6}, {7}, {2, 5}, {4}, {1, 3}], [{8, 7}, {1, 6}, {2, 5}, {3, 4}], [{8, 7}, {1, 6}, {3, 5}, {2, 4}], [{8, 7}, {1, 6}, {4, 5}, {2, 3}], [{8, 7}, {2, 6}, {1, 5}, {3, 4}], [{8, 7}, {2, 6}, {3, 5}, {1, 4}], [{8, 7}, {2, 6}, {4, 5}, {1, 3}], [{8, 7}, {2, 6}, {4, 5}, {3}, {1}], [{8, 7}, {2, 6}, {5}, {4}, {1, 3}], [{8, 7}, {3, 6}, {1, 5}, {2, 4}], [{8, 7}, {3, 6}, {2, 5}, {1, 4}], [{8, 7}, {3, 6}, {4, 5}, {1, 2}], [{8, 7}, {4, 6}, {1, 5}, {2, 3}], [{8, 7}, {4, 6}, {2, 5}, {1, 3}], [{8, 7}, {4, 6}, {3, 5}, {1, 2}], [{8, 7}, {5, 6}, {1, 4}, {2, 3}], [{8, 7}, {5, 6}, {2, 4}, {1, 3}], [{8, 7}, {5, 6}, {3, 4}, {1, 2}], [{8, 7}, {6}, {1, 5}, {3, 4}, {2}], [{8, 7}, {6}, {2, 5}, {1, 4}, {3}], [{8, 7}, {6}, {3, 5}, {1, 4}, {2}], [{8, 7}, {6}, {3, 5}, {2, 4}, {1}], [{8, 7}, {6}, {3, 5}, {4}, {1, 2}], [{8, 7}, {6}, {5}, {1, 4}, {2, 3}], [{8}, {1, 7}, {2, 6}, {5}, {3, 4}], [{8}, {2, 7}, {3, 6}, {1, 5}, {4}], [{8}, {2, 7}, {4, 6}, {5}, {1, 3}], [{8}, {4, 7}, {2, 6}, {5}, {1, 3}], [{8}, {4, 7}, {3, 6}, {1, 5}, {2}], [{8}, {4, 7}, {5, 6}, {3}, {1, 2}], [{8}, {5, 7}, {1, 6}, {2, 4}, {3}], [{8}, {5, 7}, {2, 6}, {1, 4}, {3}], [{8}, {5, 7}, {3, 6}, {1, 4}, {2}], [{8}, {5, 7}, {4, 6}, {1, 3}, {2}], [{8}, {5, 7}, {6}, {1, 4}, {2, 3}], [{8}, {7}, {1, 6}, {2, 5}, {3, 4}], [{8}, {7}, {1, 6}, {4, 5}, {2, 3}], [{8}, {7}, {3, 6}, {1, 5}, {2, 4}], [{8}, {7}, {4, 6}, {2, 5}, {1, 3}], [{8}, {7}, {4, 6}, {3, 5}, {1, 2}], [{8}, {7}, {5, 6}, {2, 4}, {1, 3}]]",2,12 K_1^3 + 8 K_1^2 K_2 - 26 K_1^2 - 26 K_1 K_2 - 8 K_1 K_3 + 4 K_1 + 13 K_2 + 10 K_3 + 2 K_4 + 12,O1O2O3O4U1U5O6U7U4O8O5U2U6U8O7U3,O1O2O3U4U1O5O6U2O4O7U5U8U3U7O8U6,O1O2O3U4O5U6U1U5U7O6O8U2O4O7U3U8,c,{'O1O2O3O4U2O5U6U7U3O8O6U1U5O7U8U4'},1,"<a href=""/flatknot/8.704023"">8.704023</a>",t^9-56t^7-178t^6-95t^5+214t^4+243t^3+54t^2-9t+2,-t^3+t^2+t,,
8.704024,O1O2O3O4U2O5U6U7U3O8O6U4U1O7U5U8,3,6z^2+35z+47,6w^3z^2-4w^3z+39w^2z+47w,False,False,"[[ 0 -1 -2  1  1  2 -1 -1  1],[ 1  0 -2  1  2  2  0  0  1],[ 2  2  0  1  2  2  1  0  1],[-1 -1 -1  0  0  0 -1 -1  0],[-1 -2 -2  0  0  0 -1  0  0],[-2 -2 -2  0  0  0 -3 -1 -1],[ 1  0 -1  1  1  3  0 -1  2],[ 1  0  0  1  0  1  1  0  1],[-1 -1 -1  0  0  1 -2 -1  0]]","[[ 0  2  1  1  1 -1 -1 -1 -2],[-2  0  0  0 -1 -1 -2 -3 -2],[-1  0  0  0  0  0 -2 -1 -2],[-1  0  0  0  0 -1 -1 -1 -1],[-1  1  0  0  0 -1 -1 -2 -1],[ 1  1  0  1  1  0  0  1  0],[ 1  2  2  1  1  0  0  0 -2],[ 1  3  1  1  2 -1  0  0 -1],[ 2  2  2  1  1  0  2  1  0]]",True,"[-2,-1,-1,-1,1,1,1,2,0,0,1,1,2,3,2,0,0,0,2,1,2,0,1,1,1,1,1,1,2,1,0,-1,0,0,2,1]","[-2,-1,-1,-1,1,1,1,2,-1,0,1,1,2,2,2,0,0,0,1,1,1,1,1,0,1,0,2,1,1,2,0,0,1,0,0,1]",t^8+45t^6+171t^4+59t^2,"[-2,-1,-1,-1,1,1,1,2,-1,0,1,1,2,2,2,0,0,0,1,1,1,1,1,0,1,0,2,1,1,2,0,0,1,0,0,1]","[-2,-1,-1,-1,1,1,1,2,0,1,1,0,1,2,2,0,0,0,1,1,2,0,1,0,2,1,1,1,1,2,0,-1,0,0,-1,1]","[-2,-1,-1,-1,1,1,1,2,0,1,2,1,1,2,2,1,0,1,1,0,1,0,1,2,1,3,1,1,2,2,0,0,0,0,1,0]",c,"[[{8, 1}, {3, 7}, {4, 6}, {2, 5}]]",0,- 8 K_1^2 + 4 K_2 + 5,O1O2O3O4U5U6O7U4U1O8O5U2U7U8O6U3,O1O2O3U4U1O5O6U2O7O4U6U8U3U5O8U7,O1O2O3U4O5U6U1U5U7O8O4U2O7O6U3U8,c,"{'O1O2O3U1O4U5O6U7U3O5O8U2U4O7U8U6', 'O1O2O3O4U2U5O6U7U3O5O8U4U1O7U8U6', 'O1O2O3O4U2O5U6U7U3O8O6U4U1O7U5U8', 'O1O2O3U1O4O5U6U7U3O8O6U2U4O7U5U8'}",4,"<a href=""/flatknot/8.704024"">8.704024</a>",t^9-45t^7-106t^6+135t^5+518t^4+313t^3-120t^2-128t-16,0,,
8.704025,O1O2O3O4U2O5U6U7U3O8O6U4U1O7U8U5,3,11z^2+56z+69,11w^3z^2+56w^2z+69w,False,False,"[[ 0 -1 -2  1  1  3 -1 -1  0],[ 1  0 -2  1  2  3  0  0  0],[ 2  2  0  1  2  2  1  0  1],[-1 -1 -1  0  0  0 -1 -1 -1],[-1 -2 -2  0  0  1 -1  0 -1],[-3 -3 -2  0 -1  0 -3 -1 -2],[ 1  0 -1  1  1  3  0 -1  1],[ 1  0  0  1  0  1  1  0  0],[ 0  0 -1  1  1  2 -1  0  0]]","[[ 0  3  1  1  0 -1 -1 -1 -2],[-3  0  0 -1 -2 -1 -3 -3 -2],[-1  0  0  0 -1 -1 -1 -1 -1],[-1  1  0  0 -1  0 -1 -2 -2],[ 0  2  1  1  0  0 -1  0 -1],[ 1  1  1  0  0  0  1  0  0],[ 1  3  1  1  1 -1  0  0 -1],[ 1  3  1  2  0  0  0  0 -2],[ 2  2  1  2  1  0  1  2  0]]",True,"[-3,-1,-1,0,1,1,1,2,0,1,2,1,3,3,2,0,1,1,1,1,1,1,0,1,2,2,0,1,0,1,-1,0,0,0,1,2]","[-3,-1,-1,0,1,1,1,2,0,1,2,1,3,3,2,0,1,1,1,1,1,1,0,1,2,2,0,1,0,1,-1,0,0,0,1,2]",t^8+51t^6+154t^4+99t^2,"[-2,-1,-1,-1,0,1,1,3,-1,0,1,1,1,2,3,0,0,1,0,1,1,1,0,1,1,1,1,2,1,3,0,0,1,0,1,2]","[-3,-1,-1,0,1,1,1,2,1,2,1,1,1,3,3,0,0,0,1,2,1,0,1,1,1,2,1,0,1,1,0,0,-1,-1,0,1]","[-2,-1,-1,-1,0,1,1,3,0,1,2,1,1,2,2,1,0,0,1,0,1,0,1,1,1,3,0,1,2,3,1,1,2,0,0,1]",c,"[[{8, 1}, {2, 7}, {3, 6}, {4, 5}], [{8, 1}, {2, 7}, {4, 6}, {3, 5}], [{8, 1}, {2, 7}, {5, 6}, {3, 4}], [{8, 1}, {2, 7}, {6}, {3, 5}, {4}], [{8, 1}, {2, 7}, {6}, {4, 5}, {3}], [{8, 1}, {2, 7}, {6}, {5}, {3, 4}], [{8, 1}, {3, 7}, {2, 6}, {4, 5}], [{8, 1}, {3, 7}, {4, 6}, {2, 5}], [{8, 1}, {3, 7}, {5, 6}, {2, 4}], [{8, 1}, {3, 7}, {6}, {2, 5}, {4}], [{8, 1}, {3, 7}, {6}, {4, 5}, {2}], [{8, 1}, {3, 7}, {6}, {5}, {2, 4}], [{8, 1}, {4, 7}, {2, 6}, {3, 5}], [{8, 1}, {4, 7}, {3, 6}, {2, 5}], [{8, 1}, {4, 7}, {5, 6}, {2, 3}], [{8, 1}, {5, 7}, {2, 6}, {3, 4}], [{8, 1}, {5, 7}, {3, 6}, {2, 4}], [{8, 1}, {5, 7}, {4, 6}, {2, 3}], [{8, 1}, {6, 7}, {2, 5}, {3, 4}], [{8, 1}, {6, 7}, {3, 5}, {2, 4}], [{8, 1}, {6, 7}, {4, 5}, {2, 3}], [{8, 1}, {6, 7}, {4, 5}, {3}, {2}], [{8, 1}, {7}, {2, 6}, {4, 5}, {3}], [{8, 1}, {7}, {3, 6}, {4, 5}, {2}], [{8, 1}, {7}, {6}, {4, 5}, {2, 3}], [{8, 1}, {7}, {6}, {4, 5}, {3}, {2}], [{8, 2}, {1, 7}, {3, 6}, {4, 5}], [{8, 2}, {1, 7}, {4, 6}, {3, 5}], [{8, 2}, {1, 7}, {5, 6}, {3, 4}], [{8, 2}, {1, 7}, {6}, {3, 5}, {4}], [{8, 2}, {3, 7}, {1, 6}, {4, 5}], [{8, 2}, {3, 7}, {4, 6}, {1, 5}], [{8, 2}, {3, 7}, {5, 6}, {1, 4}], [{8, 2}, {3, 7}, {6}, {1, 5}, {4}], [{8, 2}, {4, 7}, {1, 6}, {3, 5}], [{8, 2}, {4, 7}, {3, 6}, {1, 5}], [{8, 2}, {4, 7}, {5, 6}, {1, 3}], [{8, 2}, {4, 7}, {6}, {1, 5}, {3}], [{8, 2}, {5, 7}, {1, 6}, {3, 4}], [{8, 2}, {5, 7}, {3, 6}, {1, 4}], [{8, 2}, {5, 7}, {4, 6}, {1, 3}], [{8, 2}, {5, 7}, {4, 6}, {3}, {1}], [{8, 2}, {6, 7}, {1, 5}, {3, 4}], [{8, 2}, {6, 7}, {3, 5}, {1, 4}], [{8, 2}, {6, 7}, {4, 5}, {1, 3}], [{8, 2}, {7}, {6}, {1, 5}, {3, 4}], [{8, 2}, {7}, {6}, {4, 5}, {1, 3}], [{8, 3}, {1, 7}, {2, 6}, {4, 5}], [{8, 3}, {1, 7}, {2, 6}, {5}, {4}], [{8, 3}, {1, 7}, {4, 6}, {2, 5}], [{8, 3}, {1, 7}, {4, 6}, {5}, {2}], [{8, 3}, {1, 7}, {5, 6}, {2, 4}], [{8, 3}, {1, 7}, {5, 6}, {4}, {2}], [{8, 3}, {1, 7}, {6}, {2, 5}, {4}], [{8, 3}, {1, 7}, {6}, {4, 5}, {2}], [{8, 3}, {1, 7}, {6}, {5}, {2, 4}], [{8, 3}, {1, 7}, {6}, {5}, {4}, {2}], [{8, 3}, {2, 7}, {1, 6}, {4, 5}], [{8, 3}, {2, 7}, {1, 6}, {5}, {4}], [{8, 3}, {2, 7}, {4, 6}, {1, 5}], [{8, 3}, {2, 7}, {4, 6}, {5}, {1}], [{8, 3}, {2, 7}, {5, 6}, {1, 4}], [{8, 3}, {2, 7}, {5, 6}, {4}, {1}], [{8, 3}, {2, 7}, {6}, {1, 5}, {4}], [{8, 3}, {2, 7}, {6}, {4, 5}, {1}], [{8, 3}, {2, 7}, {6}, {5}, {1, 4}], [{8, 3}, {2, 7}, {6}, {5}, {4}, {1}], [{8, 3}, {4, 7}, {1, 6}, {2, 5}], [{8, 3}, {4, 7}, {1, 6}, {5}, {2}], [{8, 3}, {4, 7}, {2, 6}, {1, 5}], [{8, 3}, {4, 7}, {2, 6}, {5}, {1}], [{8, 3}, {4, 7}, {5, 6}, {1, 2}], [{8, 3}, {4, 7}, {5, 6}, {2}, {1}], [{8, 3}, {4, 7}, {6}, {1, 5}, {2}], [{8, 3}, {4, 7}, {6}, {2, 5}, {1}], [{8, 3}, {4, 7}, {6}, {5}, {1, 2}], [{8, 3}, {4, 7}, {6}, {5}, {2}, {1}], [{8, 3}, {5, 7}, {1, 6}, {2, 4}], [{8, 3}, {5, 7}, {1, 6}, {4}, {2}], [{8, 3}, {5, 7}, {2, 6}, {1, 4}], [{8, 3}, {5, 7}, {2, 6}, {4}, {1}], [{8, 3}, {5, 7}, {4, 6}, {1, 2}], [{8, 3}, {5, 7}, {4, 6}, {2}, {1}], [{8, 3}, {5, 7}, {6}, {1, 4}, {2}], [{8, 3}, {5, 7}, {6}, {2, 4}, {1}], [{8, 3}, {5, 7}, {6}, {4}, {1, 2}], [{8, 3}, {5, 7}, {6}, {4}, {2}, {1}], [{8, 3}, {6, 7}, {1, 5}, {2, 4}], [{8, 3}, {6, 7}, {1, 5}, {4}, {2}], [{8, 3}, {6, 7}, {2, 5}, {1, 4}], [{8, 3}, {6, 7}, {2, 5}, {4}, {1}], [{8, 3}, {6, 7}, {4, 5}, {1, 2}], [{8, 3}, {6, 7}, {4, 5}, {2}, {1}], [{8, 3}, {6, 7}, {5}, {1, 4}, {2}], [{8, 3}, {6, 7}, {5}, {2, 4}, {1}], [{8, 3}, {6, 7}, {5}, {4}, {1, 2}], [{8, 3}, {6, 7}, {5}, {4}, {2}, {1}], [{8, 3}, {7}, {1, 6}, {2, 5}, {4}], [{8, 3}, {7}, {1, 6}, {4, 5}, {2}], [{8, 3}, {7}, {1, 6}, {5}, {2, 4}], [{8, 3}, {7}, {1, 6}, {5}, {4}, {2}], [{8, 3}, {7}, {2, 6}, {1, 5}, {4}], [{8, 3}, {7}, {2, 6}, {4, 5}, {1}], [{8, 3}, {7}, {2, 6}, {5}, {1, 4}], [{8, 3}, {7}, {2, 6}, {5}, {4}, {1}], [{8, 3}, {7}, {4, 6}, {1, 5}, {2}], [{8, 3}, {7}, {4, 6}, {2, 5}, {1}], [{8, 3}, {7}, {4, 6}, {5}, {1, 2}], [{8, 3}, {7}, {4, 6}, {5}, {2}, {1}], [{8, 3}, {7}, {5, 6}, {1, 4}, {2}], [{8, 3}, {7}, {5, 6}, {2, 4}, {1}], [{8, 3}, {7}, {5, 6}, {4}, {1, 2}], [{8, 3}, {7}, {5, 6}, {4}, {2}, {1}], [{8, 3}, {7}, {6}, {1, 5}, {2, 4}], [{8, 3}, {7}, {6}, {1, 5}, {4}, {2}], [{8, 3}, {7}, {6}, {2, 5}, {1, 4}], [{8, 3}, {7}, {6}, {2, 5}, {4}, {1}], [{8, 3}, {7}, {6}, {4, 5}, {1, 2}], [{8, 3}, {7}, {6}, {4, 5}, {2}, {1}], [{8, 3}, {7}, {6}, {5}, {1, 4}, {2}], [{8, 3}, {7}, {6}, {5}, {2, 4}, {1}], [{8, 3}, {7}, {6}, {5}, {4}, {1, 2}], [{8, 3}, {7}, {6}, {5}, {4}, {2}, {1}], [{8, 4}, {1, 7}, {2, 6}, {3, 5}], [{8, 4}, {1, 7}, {3, 6}, {2, 5}], [{8, 4}, {1, 7}, {5, 6}, {2, 3}], [{8, 4}, {1, 7}, {6}, {2, 5}, {3}], [{8, 4}, {2, 7}, {1, 6}, {3, 5}], [{8, 4}, {2, 7}, {1, 6}, {5}, {3}], [{8, 4}, {2, 7}, {3, 6}, {1, 5}], [{8, 4}, {2, 7}, {3, 6}, {5}, {1}], [{8, 4}, {2, 7}, {5, 6}, {1, 3}], [{8, 4}, {2, 7}, {5, 6}, {3}, {1}], [{8, 4}, {2, 7}, {6}, {1, 5}, {3}], [{8, 4}, {2, 7}, {6}, {3, 5}, {1}], [{8, 4}, {2, 7}, {6}, {5}, {1, 3}], [{8, 4}, {2, 7}, {6}, {5}, {3}, {1}], [{8, 4}, {3, 7}, {1, 6}, {2, 5}], [{8, 4}, {3, 7}, {2, 6}, {1, 5}], [{8, 4}, {3, 7}, {5, 6}, {1, 2}], [{8, 4}, {3, 7}, {6}, {1, 5}, {2}], [{8, 4}, {5, 7}, {1, 6}, {2, 3}], [{8, 4}, {5, 7}, {2, 6}, {1, 3}], [{8, 4}, {5, 7}, {3, 6}, {1, 2}], [{8, 4}, {5, 7}, {6}, {3}, {1, 2}], [{8, 4}, {6, 7}, {1, 5}, {2, 3}], [{8, 4}, {6, 7}, {1, 5}, {3}, {2}], [{8, 4}, {6, 7}, {2, 5}, {1, 3}], [{8, 4}, {6, 7}, {3, 5}, {1, 2}], [{8, 4}, {7}, {2, 6}, {1, 5}, {3}], [{8, 4}, {7}, {3, 6}, {1, 5}, {2}], [{8, 4}, {7}, {6}, {1, 5}, {2, 3}], [{8, 4}, {7}, {6}, {1, 5}, {3}, {2}], [{8, 5}, {1, 7}, {2, 6}, {3, 4}], [{8, 5}, {1, 7}, {3, 6}, {2, 4}], [{8, 5}, {1, 7}, {4, 6}, {2, 3}], [{8, 5}, {1, 7}, {6}, {4}, {2, 3}], [{8, 5}, {2, 7}, {1, 6}, {3, 4}], [{8, 5}, {2, 7}, {3, 6}, {1, 4}], [{8, 5}, {2, 7}, {4, 6}, {1, 3}], [{8, 5}, {2, 7}, {6}, {1, 4}, {3}], [{8, 5}, {2, 7}, {6}, {3, 4}, {1}], [{8, 5}, {2, 7}, {6}, {4}, {1, 3}], [{8, 5}, {3, 7}, {1, 6}, {2, 4}], [{8, 5}, {3, 7}, {2, 6}, {1, 4}], [{8, 5}, {3, 7}, {4, 6}, {1, 2}], [{8, 5}, {3, 7}, {6}, {2, 4}, {1}], [{8, 5}, {4, 7}, {1, 6}, {2, 3}], [{8, 5}, {4, 7}, {2, 6}, {1, 3}], [{8, 5}, {4, 7}, {3, 6}, {1, 2}], [{8, 5}, {6, 7}, {1, 4}, {2, 3}], [{8, 5}, {6, 7}, {2, 4}, {1, 3}], [{8, 5}, {6, 7}, {2, 4}, {3}, {1}], [{8, 5}, {6, 7}, {3, 4}, {1, 2}], [{8, 5}, {7}, {3, 6}, {2, 4}, {1}], [{8, 6}, {1, 7}, {2, 5}, {3, 4}], [{8, 6}, {1, 7}, {2, 5}, {4}, {3}], [{8, 6}, {1, 7}, {3, 5}, {2, 4}], [{8, 6}, {1, 7}, {4, 5}, {2, 3}], [{8, 6}, {2, 7}, {1, 5}, {3, 4}], [{8, 6}, {2, 7}, {1, 5}, {4}, {3}], [{8, 6}, {2, 7}, {3, 5}, {1, 4}], [{8, 6}, {2, 7}, {4, 5}, {1, 3}], [{8, 6}, {2, 7}, {5}, {3, 4}, {1}], [{8, 6}, {3, 7}, {1, 5}, {2, 4}], [{8, 6}, {3, 7}, {2, 5}, {1, 4}], [{8, 6}, {3, 7}, {4, 5}, {1, 2}], [{8, 6}, {3, 7}, {5}, {2, 4}, {1}], [{8, 6}, {4, 7}, {1, 5}, {2, 3}], [{8, 6}, {4, 7}, {2, 5}, {1, 3}], [{8, 6}, {4, 7}, {3, 5}, {1, 2}], [{8, 6}, {5, 7}, {1, 4}, {2, 3}], [{8, 6}, {5, 7}, {2, 4}, {1, 3}], [{8, 6}, {5, 7}, {2, 4}, {3}, {1}], [{8, 6}, {5, 7}, {3, 4}, {1, 2}], [{8, 6}, {7}, {1, 5}, {3, 4}, {2}], [{8, 6}, {7}, {3, 5}, {2, 4}, {1}], [{8, 6}, {7}, {4, 5}, {1, 3}, {2}], [{8, 7}, {1, 6}, {2, 5}, {3, 4}], [{8, 7}, {1, 6}, {3, 5}, {2, 4}], [{8, 7}, {1, 6}, {4, 5}, {2, 3}], [{8, 7}, {1, 6}, {5}, {2, 4}, {3}], [{8, 7}, {2, 6}, {1, 5}, {3, 4}], [{8, 7}, {2, 6}, {3, 5}, {1, 4}], [{8, 7}, {2, 6}, {4, 5}, {1, 3}], [{8, 7}, {3, 6}, {1, 5}, {2, 4}], [{8, 7}, {3, 6}, {2, 5}, {1, 4}], [{8, 7}, {3, 6}, {4, 5}, {1, 2}], [{8, 7}, {3, 6}, {5}, {2, 4}, {1}], [{8, 7}, {4, 6}, {1, 5}, {2, 3}], [{8, 7}, {4, 6}, {2, 5}, {1, 3}], [{8, 7}, {4, 6}, {3, 5}, {1, 2}], [{8, 7}, {5, 6}, {1, 4}, {2, 3}], [{8, 7}, {5, 6}, {2, 4}, {1, 3}], [{8, 7}, {5, 6}, {2, 4}, {3}, {1}], [{8, 7}, {5, 6}, {3, 4}, {1, 2}], [{8, 7}, {6}, {1, 5}, {2, 4}, {3}], [{8, 7}, {6}, {1, 5}, {3, 4}, {2}], [{8, 7}, {6}, {1, 5}, {4}, {2, 3}], [{8, 7}, {6}, {2, 5}, {4}, {1, 3}], [{8, 7}, {6}, {3, 5}, {2, 4}, {1}], [{8, 7}, {6}, {4, 5}, {1, 3}, {2}], [{8, 7}, {6}, {5}, {2, 4}, {1, 3}], [{8, 7}, {6}, {5}, {2, 4}, {3}, {1}], [{8}, {1, 7}, {3, 6}, {2, 5}, {4}], [{8}, {1, 7}, {4, 6}, {2, 5}, {3}], [{8}, {1, 7}, {6}, {2, 5}, {3, 4}], [{8}, {1, 7}, {6}, {2, 5}, {4}, {3}], [{8}, {2, 7}, {1, 6}, {5}, {3, 4}], [{8}, {2, 7}, {3, 6}, {1, 5}, {4}], [{8}, {2, 7}, {4, 6}, {1, 5}, {3}], [{8}, {2, 7}, {5, 6}, {3, 4}, {1}], [{8}, {2, 7}, {6}, {1, 5}, {3, 4}], [{8}, {2, 7}, {6}, {1, 5}, {4}, {3}], [{8}, {2, 7}, {6}, {3, 5}, {1, 4}], [{8}, {2, 7}, {6}, {4, 5}, {1, 3}], [{8}, {2, 7}, {6}, {5}, {3, 4}, {1}], [{8}, {3, 7}, {1, 6}, {5}, {2, 4}], [{8}, {3, 7}, {5, 6}, {2, 4}, {1}], [{8}, {3, 7}, {6}, {1, 5}, {2, 4}], [{8}, {3, 7}, {6}, {5}, {2, 4}, {1}], [{8}, {4, 7}, {1, 6}, {2, 5}, {3}], [{8}, {4, 7}, {5, 6}, {3}, {1, 2}], [{8}, {4, 7}, {6}, {1, 5}, {2, 3}], [{8}, {5, 7}, {3, 6}, {2, 4}, {1}], [{8}, {5, 7}, {4, 6}, {2, 3}, {1}], [{8}, {5, 7}, {6}, {3, 4}, {1, 2}], [{8}, {6, 7}, {1, 5}, {3, 4}, {2}], [{8}, {6, 7}, {2, 5}, {1, 4}, {3}], [{8}, {6, 7}, {3, 5}, {2, 4}, {1}], [{8}, {6, 7}, {4, 5}, {1, 3}, {2}], [{8}, {7}, {2, 6}, {1, 5}, {3, 4}], [{8}, {7}, {2, 6}, {4, 5}, {1, 3}], [{8}, {7}, {6}, {1, 5}, {3, 4}, {2}], [{8}, {7}, {6}, {4, 5}, {1, 3}, {2}]]",2,4 K_1^3 - 14 K_1^2 - 14 K_1 K_2 + 4 K_1 + 7 K_2 + 6 K_3 + 8,O1O2O3O4U5U6O7U4U1O8O6U2U7U8O5U3,O1O2O3U4U1O5O6U2O4O7U6U8U3U5O8U7,O1O2O3U4O5U6U1U5U7O4O8U2O7O6U3U8,c,"{'O1O2O3O4U2O5U6U7U3O8O6U4U1O7U8U5', 'O1O2O3U1O4O5U6U7U3O8O6U2U4O7U8U5'}",2,"<a href=""/flatknot/8.704025"">8.704025</a>",t^9-47t^7-140t^6+43t^5+428t^4+218t^3-210t^2-140t,-t^3+t^2+t,,
8.704026,O1O2O3O4U2O5U6U7U3O8O6U4U5O7U1U8,4,8z^2+93z+155,8w^3z^2+93w^2z+155w,False,False,"[[ 0 -1 -2  1  1  2 -1 -1  1],[ 1  0 -2  1  2  3 -1 -1  1],[ 2  2  0  1  2  2  1  0  1],[-1 -1 -1  0  0  1 -1 -2  0],[-1 -2 -2  0  0  1 -1 -1  0],[-2 -3 -2 -1 -1  0 -2 -1 -1],[ 1  1 -1  1  1  2  0 -1  2],[ 1  1  0  2  1  1  1  0  1],[-1 -1 -1  0  0  1 -2 -1  0]]","[[ 0  2  1  1  1 -1 -1 -1 -2],[-2  0 -1 -1 -1 -1 -2 -3 -2],[-1  1  0  0  0 -1 -1 -2 -2],[-1  1  0  0  0 -1 -2 -1 -1],[-1  1  0  0  0 -2 -1 -1 -1],[ 1  1  1  1  2  0  1  1  0],[ 1  2  1  2  1 -1  0  1 -1],[ 1  3  2  1  1 -1 -1  0 -2],[ 2  2  2  1  1  0  1  2  0]]",True,"[-2,-1,-1,-1,1,1,1,2,1,1,1,1,2,3,2,0,0,1,1,2,2,0,1,2,1,1,2,1,1,1,-1,-1,0,-1,1,2]","[-2,-1,-1,-1,1,1,1,2,-1,0,1,1,2,2,2,1,1,0,1,1,0,1,1,0,1,1,1,1,0,2,0,0,0,0,0,0]",t^8+53t^6+156t^4+102t^2+1,"[-2,-1,-1,-1,1,1,1,2,-1,0,1,1,2,2,2,1,1,0,1,1,0,1,1,0,1,1,1,1,0,2,0,0,0,0,0,0]","[-2,-1,-1,-1,1,1,1,2,0,0,0,0,1,2,2,0,0,0,1,1,1,0,1,0,1,2,1,1,0,2,-1,-1,-1,-1,0,1]","[-2,-1,-1,-1,1,1,1,2,0,1,2,1,1,2,2,1,1,1,2,1,1,1,2,1,1,2,1,1,2,3,0,0,1,0,1,1]",c,"[[{8, 6}, {3, 7}, {2, 5}, {1, 4}], [{8, 6}, {4, 7}, {2, 5}, {1, 3}], [{8, 7}, {3, 6}, {2, 5}, {1, 4}], [{8, 7}, {4, 6}, {2, 5}, {1, 3}]]",1,- 36 K_1^2 - 20 K_1 K_2 + 10 K_1 + 18 K_2 + 10 K_3 + 19,O1O2O3O4U5U4O6U7U1O8O5U2U6U8O7U3,O1O2O3U4U1O5O6U2O7O4U7U8U3U5O8U6,O1O2O3U4O5U6U1U5U7O8O7U2O4O6U3U8,c,{'O1O2O3O4U2O5U6U7U3O8O6U4U5O7U1U8'},1,"<a href=""/flatknot/8.704026"">8.704026</a>",t^9-53t^7-194t^6-100t^5+406t^4+428t^3-114t^2-153t-6,0,,
8.704027,O1O2O3O4U2O5U6U7U3O8O6U8U1O7U4U5,4,10z^2+63z+87,10w^3z^2+63w^2z+87w,False,False,"[[ 0 -1 -2  1  2  3 -1 -1 -1],[ 1  0 -1  2  2  2  1  1 -1],[ 2  1  0  1  2  2  1  1  0],[-1 -2 -1  0 -1  0 -1  0 -1],[-2 -2 -2  1  0  1 -2 -1 -1],[-3 -2 -2  0 -1  0 -3 -2 -1],[ 1 -1 -1  1  2  3  0  0 -1],[ 1 -1 -1  0  1  2  0  0 -1],[ 1  1  0  1  1  1  1  1  0]]","[[ 0  3  2  1 -1 -1 -1 -1 -2],[-3  0 -1  0 -1 -2 -2 -3 -2],[-2  1  0  1 -1 -1 -2 -2 -2],[-1  0 -1  0 -1  0 -2 -1 -1],[ 1  1  1  1  0  1  1  1  0],[ 1  2  1  0 -1  0 -1  0 -1],[ 1  2  2  2 -1  1  0  1 -1],[ 1  3  2  1 -1  0 -1  0 -1],[ 2  2  2  1  0  1  1  1  0]]",True,"[-3,-2,-1,1,1,1,1,2,1,0,1,2,2,3,2,-1,1,1,2,2,2,1,0,2,1,1,-1,-1,-1,0,1,0,1,-1,1,1]","[-3,-2,-1,1,1,1,1,2,0,2,1,2,2,3,3,2,1,1,2,2,2,1,0,2,1,2,-1,0,-1,0,1,-1,0,-1,0,1]",t^8+53t^6+146t^4+38t^2+1,"[-2,-1,-1,-1,-1,1,2,3,0,0,0,1,2,2,3,-1,-1,1,0,1,2,0,1,1,1,1,1,2,2,2,1,2,3,2,2,0]","[-3,-2,-1,1,1,1,1,2,0,2,1,2,2,3,3,2,1,1,2,2,2,1,0,2,1,2,-1,0,-1,0,1,-1,0,-1,0,1]","[-2,-1,-1,-1,-1,1,2,3,0,1,1,1,1,2,2,1,1,1,1,1,1,-1,0,0,1,2,1,2,2,2,1,2,3,-1,0,1]",c,"[[{8, 3}, {1, 7}, {4, 6}, {2, 5}]]",1,8 K_1^3 + 4 K_1^2 K_2 - 22 K_1^2 - 10 K_1 K_2 - 2 K_1 K_3 - K_1 - 2 K_2^2 + 10 K_2 + 3 K_3 + K_4 + 12,O1O2O3O4U5U1O6U4U7O8O7U2U6U8O5U3,O1O2O3U4U1O4O5U2O6O7U5U8U3U6O8U7,O1O2O3U4O5U6U1U5U7O4O6U2O7O8U3U8,c,"{'O1O2O3O4U2O5U6U7U3O8O6U8U1O7U4U5', 'O1O2O3O4U2O5U6U4U7O8O6U8U1U3O7U5'}",2,"<a href=""/flatknot/8.704027"">8.704027</a>",t^9-47t^7-186t^6-194t^5+130t^4+246t^3+24t^2-10t+10,-t^3+3t,,
8.704028,O1O2O3O4U2O5U6U7U3O8O6U8U1O7U5U4,4,20z^2+105z+131,20w^3z^2+105w^2z+131w,False,False,"[[ 0 -1 -2  1  3  2 -1 -1 -1],[ 1  0 -1  2  3  1  1  1 -1],[ 2  1  0  1  2  1  1  1  0],[-1 -2 -1  0  0 -1 -1  0 -1],[-3 -3 -2  0  0  0 -3 -2 -1],[-2 -1 -1  1  0  0 -2 -1 -1],[ 1 -1 -1  1  3  2  0  0 -1],[ 1 -1 -1  0  2  1  0  0 -1],[ 1  1  0  1  1  1  1  1  0]]","[[ 0  3  2  1 -1 -1 -1 -1 -2],[-3  0  0  0 -1 -2 -3 -3 -2],[-2  0  0  1 -1 -1 -1 -2 -1],[-1  0 -1  0 -1  0 -2 -1 -1],[ 1  1  1  1  0  1  1  1  0],[ 1  2  1  0 -1  0 -1  0 -1],[ 1  3  1  2 -1  1  0  1 -1],[ 1  3  2  1 -1  0 -1  0 -1],[ 2  2  1  1  0  1  1  1  0]]",True,"[-3,-2,-1,1,1,1,1,2,0,0,1,2,3,3,2,-1,1,1,1,2,1,1,0,2,1,1,-1,-1,-1,0,1,0,1,-1,1,1]","[-3,-2,-1,1,1,1,1,2,0,0,1,2,3,3,2,-1,1,1,1,2,1,1,0,2,1,1,-1,-1,-1,0,1,0,1,-1,1,1]",t^8+51t^6+164t^4+52t^2+4,"[-2,-1,-1,-1,-1,1,2,3,0,0,0,1,2,3,3,-1,-1,1,0,2,1,0,1,1,1,1,1,2,2,2,1,2,3,2,2,1]","[-3,-2,-1,1,1,1,1,2,1,2,1,1,2,3,3,2,1,2,2,2,3,1,0,2,1,2,-1,0,-1,0,1,-1,0,-1,0,1]","[-2,-1,-1,-1,-1,1,2,3,0,1,1,1,1,1,2,1,1,1,1,1,1,-1,0,0,1,2,1,2,1,3,1,2,3,-1,0,0]",c,"[[{8, 1}, {2, 7}, {3, 6}, {4, 5}], [{8, 1}, {2, 7}, {4, 6}, {3, 5}], [{8, 1}, {2, 7}, {5, 6}, {3, 4}], [{8, 1}, {3, 7}, {2, 6}, {4, 5}], [{8, 1}, {3, 7}, {4, 6}, {2, 5}], [{8, 1}, {3, 7}, {5, 6}, {2, 4}], [{8, 1}, {4, 7}, {2, 6}, {3, 5}], [{8, 1}, {4, 7}, {3, 6}, {2, 5}], [{8, 1}, {4, 7}, {5, 6}, {2, 3}], [{8, 1}, {5, 7}, {2, 6}, {3, 4}], [{8, 1}, {5, 7}, {3, 6}, {2, 4}], [{8, 1}, {5, 7}, {3, 6}, {4}, {2}], [{8, 1}, {5, 7}, {4, 6}, {2, 3}], [{8, 1}, {5, 7}, {6}, {2, 4}, {3}], [{8, 1}, {6, 7}, {2, 5}, {3, 4}], [{8, 1}, {6, 7}, {3, 5}, {2, 4}], [{8, 1}, {6, 7}, {4, 5}, {2, 3}], [{8, 2}, {1, 7}, {3, 6}, {4, 5}], [{8, 2}, {1, 7}, {4, 6}, {3, 5}], [{8, 2}, {1, 7}, {5, 6}, {3, 4}], [{8, 2}, {3, 7}, {1, 6}, {4, 5}], [{8, 2}, {3, 7}, {4, 6}, {1, 5}], [{8, 2}, {3, 7}, {5, 6}, {1, 4}], [{8, 2}, {3, 7}, {5, 6}, {4}, {1}], [{8, 2}, {4, 7}, {1, 6}, {3, 5}], [{8, 2}, {4, 7}, {3, 6}, {1, 5}], [{8, 2}, {4, 7}, {5, 6}, {1, 3}], [{8, 2}, {5, 7}, {1, 6}, {3, 4}], [{8, 2}, {5, 7}, {3, 6}, {1, 4}], [{8, 2}, {5, 7}, {4, 6}, {1, 3}], [{8, 2}, {6, 7}, {1, 5}, {3, 4}], [{8, 2}, {6, 7}, {3, 5}, {1, 4}], [{8, 2}, {6, 7}, {4, 5}, {1, 3}], [{8, 2}, {6, 7}, {5}, {3, 4}, {1}], [{8, 3}, {1, 7}, {2, 6}, {4, 5}], [{8, 3}, {1, 7}, {4, 6}, {2, 5}], [{8, 3}, {1, 7}, {5, 6}, {2, 4}], [{8, 3}, {1, 7}, {6}, {2, 5}, {4}], [{8, 3}, {1, 7}, {6}, {4, 5}, {2}], [{8, 3}, {1, 7}, {6}, {5}, {2, 4}], [{8, 3}, {2, 7}, {1, 6}, {4, 5}], [{8, 3}, {2, 7}, {4, 6}, {1, 5}], [{8, 3}, {2, 7}, {5, 6}, {1, 4}], [{8, 3}, {2, 7}, {6}, {5}, {1, 4}], [{8, 3}, {4, 7}, {1, 6}, {2, 5}], [{8, 3}, {4, 7}, {2, 6}, {1, 5}], [{8, 3}, {4, 7}, {5, 6}, {1, 2}], [{8, 3}, {5, 7}, {1, 6}, {2, 4}], [{8, 3}, {5, 7}, {2, 6}, {1, 4}], [{8, 3}, {5, 7}, {4, 6}, {1, 2}], [{8, 3}, {5, 7}, {6}, {4}, {1, 2}], [{8, 3}, {6, 7}, {1, 5}, {2, 4}], [{8, 3}, {6, 7}, {2, 5}, {1, 4}], [{8, 3}, {6, 7}, {4, 5}, {1, 2}], [{8, 3}, {6, 7}, {5}, {1, 4}, {2}], [{8, 3}, {7}, {2, 6}, {5}, {1, 4}], [{8, 4}, {1, 7}, {2, 6}, {3, 5}], [{8, 4}, {1, 7}, {3, 6}, {2, 5}], [{8, 4}, {1, 7}, {3, 6}, {5}, {2}], [{8, 4}, {1, 7}, {5, 6}, {2, 3}], [{8, 4}, {2, 7}, {1, 6}, {3, 5}], [{8, 4}, {2, 7}, {3, 6}, {1, 5}], [{8, 4}, {2, 7}, {5, 6}, {1, 3}], [{8, 4}, {3, 7}, {1, 6}, {2, 5}], [{8, 4}, {3, 7}, {1, 6}, {5}, {2}], [{8, 4}, {3, 7}, {2, 6}, {1, 5}], [{8, 4}, {3, 7}, {5, 6}, {1, 2}], [{8, 4}, {5, 7}, {1, 6}, {2, 3}], [{8, 4}, {5, 7}, {1, 6}, {3}, {2}], [{8, 4}, {5, 7}, {2, 6}, {1, 3}], [{8, 4}, {5, 7}, {3, 6}, {1, 2}], [{8, 4}, {6, 7}, {1, 5}, {2, 3}], [{8, 4}, {6, 7}, {2, 5}, {1, 3}], [{8, 4}, {6, 7}, {3, 5}, {1, 2}], [{8, 4}, {7}, {1, 6}, {3, 5}, {2}], [{8, 4}, {7}, {3, 6}, {2, 5}, {1}], [{8, 4}, {7}, {6}, {1, 5}, {2, 3}], [{8, 5}, {1, 7}, {2, 6}, {3, 4}], [{8, 5}, {1, 7}, {3, 6}, {2, 4}], [{8, 5}, {1, 7}, {4, 6}, {2, 3}], [{8, 5}, {2, 7}, {1, 6}, {3, 4}], [{8, 5}, {2, 7}, {3, 6}, {1, 4}], [{8, 5}, {2, 7}, {4, 6}, {1, 3}], [{8, 5}, {3, 7}, {1, 6}, {2, 4}], [{8, 5}, {3, 7}, {2, 6}, {1, 4}], [{8, 5}, {3, 7}, {4, 6}, {1, 2}], [{8, 5}, {4, 7}, {1, 6}, {2, 3}], [{8, 5}, {4, 7}, {2, 6}, {1, 3}], [{8, 5}, {4, 7}, {3, 6}, {1, 2}], [{8, 5}, {4, 7}, {6}, {3}, {1, 2}], [{8, 5}, {6, 7}, {1, 4}, {2, 3}], [{8, 5}, {6, 7}, {2, 4}, {1, 3}], [{8, 5}, {6, 7}, {3, 4}, {1, 2}], [{8, 5}, {7}, {1, 6}, {4}, {2, 3}], [{8, 5}, {7}, {3, 6}, {2, 4}, {1}], [{8, 5}, {7}, {4, 6}, {2, 3}, {1}], [{8, 5}, {7}, {6}, {1, 4}, {2, 3}], [{8, 6}, {1, 7}, {2, 5}, {3, 4}], [{8, 6}, {1, 7}, {3, 5}, {2, 4}], [{8, 6}, {1, 7}, {4, 5}, {2, 3}], [{8, 6}, {2, 7}, {1, 5}, {3, 4}], [{8, 6}, {2, 7}, {3, 5}, {1, 4}], [{8, 6}, {2, 7}, {4, 5}, {1, 3}], [{8, 6}, {3, 7}, {1, 5}, {2, 4}], [{8, 6}, {3, 7}, {2, 5}, {1, 4}], [{8, 6}, {3, 7}, {4, 5}, {1, 2}], [{8, 6}, {4, 7}, {1, 5}, {2, 3}], [{8, 6}, {4, 7}, {2, 5}, {1, 3}], [{8, 6}, {4, 7}, {3, 5}, {1, 2}], [{8, 6}, {5, 7}, {1, 4}, {2, 3}], [{8, 6}, {5, 7}, {2, 4}, {1, 3}], [{8, 6}, {5, 7}, {3, 4}, {1, 2}], [{8, 6}, {5, 7}, {4}, {1, 3}, {2}], [{8, 6}, {7}, {1, 5}, {2, 4}, {3}], [{8, 6}, {7}, {2, 5}, {1, 4}, {3}], [{8, 7}, {1, 6}, {2, 5}, {3, 4}], [{8, 7}, {1, 6}, {3, 5}, {2, 4}], [{8, 7}, {1, 6}, {3, 5}, {4}, {2}], [{8, 7}, {1, 6}, {4, 5}, {2, 3}], [{8, 7}, {1, 6}, {4, 5}, {3}, {2}], [{8, 7}, {1, 6}, {5}, {3, 4}, {2}], [{8, 7}, {2, 6}, {1, 5}, {3, 4}], [{8, 7}, {2, 6}, {3, 5}, {1, 4}], [{8, 7}, {2, 6}, {3, 5}, {4}, {1}], [{8, 7}, {2, 6}, {4, 5}, {1, 3}], [{8, 7}, {2, 6}, {4, 5}, {3}, {1}], [{8, 7}, {2, 6}, {5}, {3, 4}, {1}], [{8, 7}, {3, 6}, {1, 5}, {2, 4}], [{8, 7}, {3, 6}, {2, 5}, {1, 4}], [{8, 7}, {3, 6}, {4, 5}, {1, 2}], [{8, 7}, {4, 6}, {1, 5}, {2, 3}], [{8, 7}, {4, 6}, {2, 5}, {1, 3}], [{8, 7}, {4, 6}, {3, 5}, {1, 2}], [{8, 7}, {4, 6}, {5}, {1, 3}, {2}], [{8, 7}, {5, 6}, {1, 4}, {2, 3}], [{8, 7}, {5, 6}, {2, 4}, {1, 3}], [{8, 7}, {5, 6}, {2, 4}, {3}, {1}], [{8, 7}, {5, 6}, {3, 4}, {1, 2}], [{8, 7}, {6}, {3, 5}, {4}, {1, 2}], [{8, 7}, {6}, {4, 5}, {3}, {1, 2}], [{8, 7}, {6}, {5}, {3, 4}, {1, 2}], [{8}, {2, 7}, {6}, {1, 5}, {3, 4}], [{8}, {3, 7}, {1, 6}, {2, 5}, {4}], [{8}, {4, 7}, {1, 6}, {3, 5}, {2}], [{8}, {4, 7}, {3, 6}, {1, 5}, {2}], [{8}, {7}, {2, 6}, {4, 5}, {1, 3}], [{8}, {7}, {5, 6}, {2, 4}, {1, 3}]]",2,16 K_1^3 + 4 K_1^2 K_2 - 26 K_1^2 - 18 K_1 K_2 - 2 K_1 K_3 - 3 K_1 - 2 K_2^2 + 12 K_2 + 5 K_3 + K_4 + 14,O1O2O3O4U1U5O6U4U7O8O7U2U6U8O5U3,O1O2O3U4U1O4O5U2O6O7U5U8U3U7O8U6,O1O2O3U4O5U6U1U5U7O6O4U2O7O8U3U8,c,{'O1O2O3O4U2O5U6U7U3O8O6U8U1O7U5U4'},1,"<a href=""/flatknot/8.704028"">8.704028</a>",t^9-45t^7-154t^6-68t^5+248t^4+149t^3-18t^2+17t-2,-t^3+3t,,
8.704029,O1O2O3O4U2O5U6U7U3O8O6U8U4O7U1U5,4,4z^3+36z^2+109z+107,4w^4z^3+36w^3z^2+109w^2z+107w,False,False,"[[ 0 -1 -2  1  2  3 -1 -1 -1],[ 1  0 -2  2  3  3  0  0 -1],[ 2  2  0  1  2  2  1  0  0],[-1 -2 -1  0  0  0 -1 -1 -1],[-2 -3 -2  0  0  0 -1 -1 -1],[-3 -3 -2  0  0  0 -3 -2 -1],[ 1  0 -1  1  1  3  0  0 -1],[ 1  0  0  1  1  2  0  0 -1],[ 1  1  0  1  1  1  1  1  0]]","[[ 0  3  2  1 -1 -1 -1 -1 -2],[-3  0  0  0 -1 -2 -3 -3 -2],[-2  0  0  0 -1 -1 -1 -3 -2],[-1  0  0  0 -1 -1 -1 -2 -1],[ 1  1  1  1  0  1  1  1  0],[ 1  2  1  1 -1  0  0  0  0],[ 1  3  1  1 -1  0  0  0 -1],[ 1  3  3  2 -1  0  0  0 -2],[ 2  2  2  1  0  0  1  2  0]]",True,"[-3,-2,-1,1,1,1,1,2,0,0,1,2,3,3,2,0,1,1,1,3,2,1,1,1,2,1,-1,-1,-1,0,0,0,0,0,1,2]","[-3,-2,-1,1,1,1,1,2,0,0,1,2,3,3,2,0,1,1,1,3,2,1,1,1,2,1,-1,-1,-1,0,0,0,0,0,1,2]",t^8+59t^6+168t^4+79t^2+1,"[-2,-1,-1,-1,-1,1,2,3,-1,0,1,1,2,2,3,0,0,1,0,0,1,0,1,1,2,1,1,1,2,2,1,2,3,1,2,1]","[-3,-2,-1,1,1,1,1,2,1,2,1,1,2,3,3,1,0,2,2,2,2,0,1,1,1,2,0,0,-1,-1,0,-1,0,-1,1,1]","[-2,-1,-1,-1,-1,1,2,3,0,0,1,2,1,2,2,-1,0,0,1,1,2,1,1,1,1,1,0,1,1,3,2,3,3,0,0,0]",c,"[[{8, 3}, {1, 7}, {5, 6}, {2, 4}], [{8, 3}, {1, 7}, {5, 6}, {4}, {2}], [{8, 3}, {5, 7}, {1, 6}, {2, 4}], [{8, 3}, {6, 7}, {1, 5}, {2, 4}], [{8, 3}, {6, 7}, {2, 5}, {1, 4}], [{8, 3}, {7}, {6}, {2, 5}, {1, 4}]]",1,- 8 K_1^4 + 16 K_1^3 + 16 K_1^2 K_2 - 18 K_1^2 - 18 K_1 K_2 - 10 K_1 K_3 - 3 K_1 + 10 K_2 + 5 K_3 + 2 K_4 + 9,O1O2O3O4U5U4O6U1U7O8O7U2U6U8O5U3,O1O2O3U4U1O4O5U2O6O7U6U8U3U5O8U7,O1O2O3U4O5U6U1U5U7O4O7U2O6O8U3U8,c,{'O1O2O3O4U2O5U6U7U3O8O6U8U4O7U1U5'},1,"<a href=""/flatknot/8.704029"">8.704029</a>",t^9-53t^7-126t^6+114t^5+288t^4+t^3-20t^2-40t-24,-t^3+3t,,
8.704030,O1O2O3O4U2O5U6U7U3O8O6U8U5O7U1U4,3,12z^2+69z+91,-2w^4z^2+14w^3z^2-6w^3z+75w^2z+91w,False,False,"[[ 0 -1 -2  1  3  2 -1 -1 -1],[ 1  0 -1  2  3  2  0  0 -1],[ 2  1  0  1  2  1  1  1  0],[-1 -2 -1  0  0  0 -1 -1 -1],[-3 -3 -2  0  0  1 -3 -3 -1],[-2 -2 -1  0 -1  0 -1 -1 -1],[ 1  0 -1  1  3  1  0  0 -1],[ 1  0 -1  1  3  1  0  0 -1],[ 1  1  0  1  1  1  1  1  0]]","[[ 0  3  2  1 -1 -1 -1 -1 -2],[-3  0  1  0 -1 -3 -3 -3 -2],[-2 -1  0  0 -1 -1 -1 -2 -1],[-1  0  0  0 -1 -1 -1 -2 -1],[ 1  1  1  1  0  1  1  1  0],[ 1  3  1  1 -1  0  0  0 -1],[ 1  3  1  1 -1  0  0  0 -1],[ 1  3  2  2 -1  0  0  0 -1],[ 2  2  1  1  0  1  1  1  0]]",True,"[-3,-2,-1,1,1,1,1,2,-1,0,1,3,3,3,2,0,1,1,1,2,1,1,1,1,2,1,-1,-1,-1,0,0,0,1,0,1,1]","[-3,-2,-1,1,1,1,1,2,-1,0,1,3,3,3,2,0,1,1,1,2,1,1,1,1,2,1,-1,-1,-1,0,0,0,1,0,1,1]",t^8+55t^6+99t^4+8t^2,"[-2,-1,-1,-1,-1,1,2,3,0,0,0,1,2,3,3,0,0,1,0,1,1,0,1,1,2,1,1,1,2,1,1,2,3,1,2,2]","[-3,-2,-1,1,1,1,1,2,2,2,1,1,1,3,3,1,1,2,2,2,3,0,1,1,1,2,0,0,-1,0,0,-1,0,-1,0,1]","[-2,-1,-1,-1,-1,1,2,3,0,1,1,1,1,1,2,1,1,1,1,1,1,0,0,1,1,3,0,1,1,3,2,2,3,0,0,-1]",c,"[[{8, 3}, {1, 7}, {4, 6}, {2, 5}], [{8, 3}, {4, 7}, {1, 6}, {2, 5}], [{8, 3}, {6, 7}, {2, 5}, {1, 4}], [{8, 3}, {7}, {6}, {2, 5}, {1, 4}]]",1,- 8 K_1^4 + 8 K_1^3 + 16 K_1^2 K_2 - 26 K_1^2 - 14 K_1 K_2 - 10 K_1 K_3 + K_1 + 14 K_2 + 5 K_3 + 2 K_4 + 13,O1O2O3O4U1U4O5U6U7O8O7U2U5U8O6U3,O1O2O3U4U1O4O5U2O6O7U6U8U3U7O8U5,O1O2O3U4O5U6U1U5U7O6O7U2O4O8U3U8,c,{'O1O2O3O4U2O5U6U7U3O8O6U8U5O7U1U4'},1,"<a href=""/flatknot/8.704030"">8.704030</a>",t^9-49t^7-122t^6+t^5+82t^4-30t^3+48t^2,-t^3+3t,,
8.704031,O1O2O3O4U2O5U6U7U4O8O6U1U3O7U5U8,4,12z^2+65z+83,12w^3z^2+65w^2z+83w,False,False,"[[ 0 -2 -2  1  2  2 -1 -1  1],[ 2  0 -1  2  2  2  1  1  1],[ 2  1  0  2  1  2  1  0  1],[-1 -2 -2  0  1  1 -2 -1  0],[-2 -2 -1 -1  0 -1 -2 -1 -1],[-2 -2 -2 -1  1  0 -3 -1 -1],[ 1 -1 -1  2  2  3  0 -1  2],[ 1 -1  0  1  1  1  1  0  1],[-1 -1 -1  0  1  1 -2 -1  0]]","[[ 0  2  2  1  1 -1 -1 -2 -2],[-2  0  1 -1 -1 -1 -3 -2 -2],[-2 -1  0 -1 -1 -1 -2 -1 -2],[-1  1  1  0  0 -1 -2 -1 -1],[-1  1  1  0  0 -1 -2 -2 -2],[ 1  1  1  1  1  0  1  0 -1],[ 1  3  2  2  2 -1  0 -1 -1],[ 2  2  1  1  2  0  1  0  1],[ 2  2  2  1  2  1  1 -1  0]]",True,"[-2,-2,-1,-1,1,1,2,2,-1,1,1,1,3,2,2,1,1,1,2,1,2,0,1,2,1,1,1,2,2,2,-1,0,1,1,1,-1]","[-2,-2,-1,-1,1,1,2,2,-1,0,0,1,2,2,3,0,0,0,2,2,2,0,0,1,1,1,0,1,2,2,-1,0,0,0,1,-1]",t^8+58t^6+167t^4+46t^2+1,"[-2,-2,-1,-1,1,1,2,2,-1,0,1,1,2,2,3,0,0,1,2,2,2,1,0,0,0,1,1,1,2,2,0,0,0,0,0,-1]","[-2,-2,-1,-1,1,1,2,2,-1,0,0,1,2,2,3,0,0,0,2,2,2,0,0,1,1,1,0,1,2,2,-1,0,0,0,1,-1]","[-2,-2,-1,-1,1,1,2,2,-1,1,1,1,2,2,2,0,1,1,2,1,2,1,1,1,1,1,2,2,2,3,0,1,1,1,1,-1]",c,"[[{8, 7}, {3, 6}, {2, 5}, {1, 4}]]",1,12 K_1^3 + 4 K_1^2 K_2 - 16 K_1^2 - 16 K_1 K_2 - 4 K_1 K_3 - K_1 + 8 K_2 + 5 K_3 + K_4 + 8,O1O2O3O4U5U6O7U2U4O8O5U1U7U8O6U3,O1O2O3U4U1O5O6U2O7O4U5U8U6U3O8U7,O1O2O3U4O5U1U6U5U7O8O4U2O6O7U3U8,c,"{'O1O2O3O4U2O5U6U7U4O8O6U1U3O7U5U8', 'O1O2O3O4U2U5O6U7U4O5O8U1U3O7U8U6'}",2,"<a href=""/flatknot/8.704031"">8.704031</a>",t^9-58t^7-236t^6-289t^5+54t^4+315t^3+158t^2+8t-6,0,,
8.704032,O1O2O3O4U2O5U6U7U4O8O6U1U3O7U8U5,4,2z^3+27z^2+90z+89,2w^4z^3-6w^4z^2+33w^3z^2-10w^3z+100w^2z+89w,False,False,"[[ 0 -2 -2  1  2  3 -1 -1  0],[ 2  0 -1  2  2  3  1  1  0],[ 2  1  0  2  1  2  1  0  1],[-1 -2 -2  0  1  2 -2 -1 -1],[-2 -2 -1 -1  0 -1 -2 -1 -2],[-3 -3 -2 -2  1  0 -3 -1 -2],[ 1 -1 -1  2  2  3  0 -1  1],[ 1 -1  0  1  1  1  1  0  0],[ 0  0 -1  1  2  2 -1  0  0]]","[[ 0  3  2  1  0 -1 -1 -2 -2],[-3  0  1 -2 -2 -1 -3 -2 -3],[-2 -1  0 -1 -2 -1 -2 -1 -2],[-1  2  1  0 -1 -1 -2 -2 -2],[ 0  2  2  1  0  0 -1 -1  0],[ 1  1  1  1  0  0  1  0 -1],[ 1  3  2  2  1 -1  0 -1 -1],[ 2  2  1  2  1  0  1  0  1],[ 2  3  2  2  0  1  1 -1  0]]",True,"[-3,-2,-1,0,1,1,2,2,-1,2,2,1,3,2,3,1,2,1,2,1,2,1,1,2,2,2,0,1,1,0,-1,0,1,1,1,-1]","[-3,-2,-1,0,1,1,2,2,-1,2,2,1,3,2,3,1,2,1,2,1,2,1,1,2,2,2,0,1,1,0,-1,0,1,1,1,-1]",t^8+68t^6+256t^4+172t^2+4,"[-2,-2,-1,-1,0,1,2,3,-1,0,1,1,1,3,3,0,0,2,1,2,2,1,0,0,1,1,1,1,2,3,0,0,1,0,0,2]","[-3,-2,-1,0,1,1,2,2,2,0,1,1,3,2,3,0,0,1,2,2,3,0,0,1,1,1,0,1,2,1,-1,0,0,0,1,-1]","[-2,-2,-1,-1,0,1,2,3,-1,1,1,0,2,2,3,0,1,1,2,1,2,1,0,1,1,1,1,2,2,3,1,2,2,1,2,-1]",c,"[[{8, 1}, {2, 7}, {3, 6}, {4, 5}], [{8, 1}, {2, 7}, {4, 6}, {3, 5}], [{8, 1}, {2, 7}, {5, 6}, {3, 4}], [{8, 1}, {2, 7}, {6}, {3, 5}, {4}], [{8, 1}, {3, 7}, {2, 6}, {4, 5}], [{8, 1}, {3, 7}, {4, 6}, {2, 5}], [{8, 1}, {3, 7}, {4, 6}, {5}, {2}], [{8, 1}, {3, 7}, {5, 6}, {2, 4}], [{8, 1}, {3, 7}, {6}, {2, 5}, {4}], [{8, 1}, {4, 7}, {2, 6}, {3, 5}], [{8, 1}, {4, 7}, {3, 6}, {2, 5}], [{8, 1}, {4, 7}, {5, 6}, {2, 3}], [{8, 1}, {5, 7}, {2, 6}, {3, 4}], [{8, 1}, {5, 7}, {3, 6}, {2, 4}], [{8, 1}, {5, 7}, {3, 6}, {4}, {2}], [{8, 1}, {5, 7}, {4, 6}, {2, 3}], [{8, 1}, {6, 7}, {2, 5}, {3, 4}], [{8, 1}, {6, 7}, {3, 5}, {2, 4}], [{8, 1}, {6, 7}, {4, 5}, {2, 3}], [{8, 2}, {1, 7}, {3, 6}, {4, 5}], [{8, 2}, {1, 7}, {4, 6}, {3, 5}], [{8, 2}, {1, 7}, {5, 6}, {3, 4}], [{8, 2}, {3, 7}, {1, 6}, {4, 5}], [{8, 2}, {3, 7}, {1, 6}, {5}, {4}], [{8, 2}, {3, 7}, {4, 6}, {1, 5}], [{8, 2}, {3, 7}, {5, 6}, {1, 4}], [{8, 2}, {4, 7}, {1, 6}, {3, 5}], [{8, 2}, {4, 7}, {3, 6}, {1, 5}], [{8, 2}, {4, 7}, {5, 6}, {1, 3}], [{8, 2}, {5, 7}, {1, 6}, {3, 4}], [{8, 2}, {5, 7}, {3, 6}, {1, 4}], [{8, 2}, {5, 7}, {3, 6}, {4}, {1}], [{8, 2}, {5, 7}, {4, 6}, {1, 3}], [{8, 2}, {6, 7}, {1, 5}, {3, 4}], [{8, 2}, {6, 7}, {3, 5}, {1, 4}], [{8, 2}, {6, 7}, {4, 5}, {1, 3}], [{8, 3}, {1, 7}, {2, 6}, {4, 5}], [{8, 3}, {1, 7}, {4, 6}, {2, 5}], [{8, 3}, {1, 7}, {5, 6}, {2, 4}], [{8, 3}, {2, 7}, {1, 6}, {4, 5}], [{8, 3}, {2, 7}, {1, 6}, {5}, {4}], [{8, 3}, {2, 7}, {4, 6}, {1, 5}], [{8, 3}, {2, 7}, {5, 6}, {1, 4}], [{8, 3}, {4, 7}, {1, 6}, {2, 5}], [{8, 3}, {4, 7}, {2, 6}, {1, 5}], [{8, 3}, {4, 7}, {5, 6}, {1, 2}], [{8, 3}, {4, 7}, {6}, {2, 5}, {1}], [{8, 3}, {5, 7}, {1, 6}, {2, 4}], [{8, 3}, {5, 7}, {2, 6}, {1, 4}], [{8, 3}, {5, 7}, {4, 6}, {1, 2}], [{8, 3}, {5, 7}, {6}, {1, 4}, {2}], [{8, 3}, {6, 7}, {1, 5}, {2, 4}], [{8, 3}, {6, 7}, {2, 5}, {1, 4}], [{8, 3}, {6, 7}, {2, 5}, {4}, {1}], [{8, 3}, {6, 7}, {4, 5}, {1, 2}], [{8, 3}, {7}, {4, 6}, {2, 5}, {1}], [{8, 3}, {7}, {6}, {1, 5}, {2, 4}], [{8, 4}, {1, 7}, {2, 6}, {3, 5}], [{8, 4}, {1, 7}, {2, 6}, {5}, {3}], [{8, 4}, {1, 7}, {3, 6}, {2, 5}], [{8, 4}, {1, 7}, {5, 6}, {2, 3}], [{8, 4}, {2, 7}, {1, 6}, {3, 5}], [{8, 4}, {2, 7}, {3, 6}, {1, 5}], [{8, 4}, {2, 7}, {5, 6}, {1, 3}], [{8, 4}, {3, 7}, {1, 6}, {2, 5}], [{8, 4}, {3, 7}, {1, 6}, {5}, {2}], [{8, 4}, {3, 7}, {2, 6}, {1, 5}], [{8, 4}, {3, 7}, {5, 6}, {1, 2}], [{8, 4}, {5, 7}, {1, 6}, {2, 3}], [{8, 4}, {5, 7}, {2, 6}, {1, 3}], [{8, 4}, {5, 7}, {3, 6}, {1, 2}], [{8, 4}, {5, 7}, {3, 6}, {2}, {1}], [{8, 4}, {6, 7}, {1, 5}, {2, 3}], [{8, 4}, {6, 7}, {2, 5}, {1, 3}], [{8, 4}, {6, 7}, {2, 5}, {3}, {1}], [{8, 4}, {6, 7}, {3, 5}, {1, 2}], [{8, 4}, {7}, {5, 6}, {2, 3}, {1}], [{8, 4}, {7}, {6}, {2, 5}, {1, 3}], [{8, 5}, {1, 7}, {2, 6}, {3, 4}], [{8, 5}, {1, 7}, {3, 6}, {2, 4}], [{8, 5}, {1, 7}, {4, 6}, {2, 3}], [{8, 5}, {2, 7}, {1, 6}, {3, 4}], [{8, 5}, {2, 7}, {3, 6}, {1, 4}], [{8, 5}, {2, 7}, {4, 6}, {1, 3}], [{8, 5}, {2, 7}, {4, 6}, {3}, {1}], [{8, 5}, {3, 7}, {1, 6}, {2, 4}], [{8, 5}, {3, 7}, {2, 6}, {1, 4}], [{8, 5}, {3, 7}, {4, 6}, {1, 2}], [{8, 5}, {3, 7}, {4, 6}, {2}, {1}], [{8, 5}, {4, 7}, {1, 6}, {2, 3}], [{8, 5}, {4, 7}, {2, 6}, {1, 3}], [{8, 5}, {4, 7}, {3, 6}, {1, 2}], [{8, 5}, {4, 7}, {3, 6}, {2}, {1}], [{8, 5}, {6, 7}, {1, 4}, {2, 3}], [{8, 5}, {6, 7}, {2, 4}, {1, 3}], [{8, 5}, {6, 7}, {3, 4}, {1, 2}], [{8, 5}, {7}, {1, 6}, {4}, {2, 3}], [{8, 5}, {7}, {4, 6}, {2, 3}, {1}], [{8, 5}, {7}, {6}, {1, 4}, {2, 3}], [{8, 6}, {1, 7}, {2, 5}, {3, 4}], [{8, 6}, {1, 7}, {3, 5}, {2, 4}], [{8, 6}, {1, 7}, {4, 5}, {2, 3}], [{8, 6}, {2, 7}, {1, 5}, {3, 4}], [{8, 6}, {2, 7}, {3, 5}, {1, 4}], [{8, 6}, {2, 7}, {4, 5}, {1, 3}], [{8, 6}, {3, 7}, {1, 5}, {2, 4}], [{8, 6}, {3, 7}, {2, 5}, {1, 4}], [{8, 6}, {3, 7}, {4, 5}, {1, 2}], [{8, 6}, {3, 7}, {5}, {4}, {1, 2}], [{8, 6}, {4, 7}, {1, 5}, {2, 3}], [{8, 6}, {4, 7}, {2, 5}, {1, 3}], [{8, 6}, {4, 7}, {3, 5}, {1, 2}], [{8, 6}, {5, 7}, {1, 4}, {2, 3}], [{8, 6}, {5, 7}, {1, 4}, {3}, {2}], [{8, 6}, {5, 7}, {2, 4}, {1, 3}], [{8, 6}, {5, 7}, {3, 4}, {1, 2}], [{8, 6}, {5, 7}, {4}, {2, 3}, {1}], [{8, 6}, {7}, {1, 5}, {2, 4}, {3}], [{8, 7}, {1, 6}, {2, 5}, {3, 4}], [{8, 7}, {1, 6}, {3, 5}, {2, 4}], [{8, 7}, {1, 6}, {4, 5}, {2, 3}], [{8, 7}, {1, 6}, {4, 5}, {3}, {2}], [{8, 7}, {2, 6}, {1, 5}, {3, 4}], [{8, 7}, {2, 6}, {3, 5}, {1, 4}], [{8, 7}, {2, 6}, {4, 5}, {1, 3}], [{8, 7}, {2, 6}, {5}, {1, 4}, {3}], [{8, 7}, {3, 6}, {1, 5}, {2, 4}], [{8, 7}, {3, 6}, {2, 5}, {1, 4}], [{8, 7}, {3, 6}, {4, 5}, {1, 2}], [{8, 7}, {3, 6}, {4, 5}, {2}, {1}], [{8, 7}, {4, 6}, {1, 5}, {2, 3}], [{8, 7}, {4, 6}, {2, 5}, {1, 3}], [{8, 7}, {4, 6}, {3, 5}, {1, 2}], [{8, 7}, {5, 6}, {1, 4}, {2, 3}], [{8, 7}, {5, 6}, {1, 4}, {3}, {2}], [{8, 7}, {5, 6}, {2, 4}, {1, 3}], [{8, 7}, {5, 6}, {3, 4}, {1, 2}], [{8, 7}, {6}, {1, 5}, {2, 4}, {3}], [{8, 7}, {6}, {1, 5}, {3, 4}, {2}], [{8, 7}, {6}, {1, 5}, {4}, {2, 3}], [{8, 7}, {6}, {2, 5}, {1, 4}, {3}], [{8, 7}, {6}, {4, 5}, {1, 3}, {2}], [{8}, {1, 7}, {3, 6}, {5}, {2, 4}], [{8}, {1, 7}, {6}, {2, 5}, {3, 4}], [{8}, {2, 7}, {3, 6}, {5}, {1, 4}], [{8}, {3, 7}, {1, 6}, {5}, {2, 4}], [{8}, {3, 7}, {2, 6}, {1, 5}, {4}], [{8}, {3, 7}, {4, 6}, {1, 5}, {2}], [{8}, {3, 7}, {5, 6}, {2, 4}, {1}], [{8}, {3, 7}, {6}, {1, 5}, {2, 4}], [{8}, {4, 7}, {5, 6}, {1, 3}, {2}], [{8}, {5, 7}, {3, 6}, {1, 4}, {2}], [{8}, {5, 7}, {3, 6}, {2, 4}, {1}], [{8}, {5, 7}, {3, 6}, {4}, {1, 2}], [{8}, {6, 7}, {1, 5}, {2, 4}, {3}], [{8}, {6, 7}, {2, 5}, {3, 4}, {1}], [{8}, {7}, {1, 6}, {2, 5}, {3, 4}], [{8}, {7}, {3, 6}, {1, 5}, {2, 4}], [{8}, {7}, {3, 6}, {2, 5}, {1, 4}], [{8}, {7}, {5, 6}, {3, 4}, {1, 2}], [{8}, {7}, {6}, {1, 5}, {2, 4}, {3}]]",2,- 8 K_1^4 + 12 K_1^3 + 8 K_1^2 K_2 - 12 K_1^2 - 18 K_1 K_2 - 2 K_1 K_3 + 7 K_2 + 6 K_3 + 8,O1O2O3O4U5U6O7U2U4O8O6U1U7U8O5U3,O1O2O3U4U1O5O6U2O4O7U5U8U6U3O8U7,O1O2O3U4O5U1U6U5U7O4O8U2O6O7U3U8,c,{'O1O2O3O4U2O5U6U7U4O8O6U1U3O7U8U5'},1,"<a href=""/flatknot/8.704032"">8.704032</a>",t^9-64t^7-294t^6-371t^5+282t^4+940t^3+542t^2-64t-90,-t^3+t^2+t,,
8.704033,O1O2O3O4U2O5U6U7U4O8O6U1U5O7U3U8,4,3z^3+26z^2+86z+93,3w^4z^3+26w^3z^2+86w^2z+93w,False,False,"[[ 0 -2 -2  1  2  2 -1 -1  1],[ 2  0 -1  2  2  2  1  1  1],[ 2  1  0  2  1  1  1  1  1],[-1 -2 -2  0  1  2 -3 -2  0],[-2 -2 -1 -1  0  0 -2 -2 -1],[-2 -2 -1 -2  0  0 -2 -1 -1],[ 1 -1 -1  3  2  2  0 -1  2],[ 1 -1 -1  2  2  1  1  0  1],[-1 -1 -1  0  1  1 -2 -1  0]]","[[ 0  2  2  1  1 -1 -1 -2 -2],[-2  0  0 -1 -1 -2 -2 -1 -2],[-2  0  0 -1 -2 -1 -2 -1 -2],[-1  1  1  0  0 -1 -2 -1 -1],[-1  1  2  0  0 -2 -3 -2 -2],[ 1  2  1  1  2  0  1 -1 -1],[ 1  2  2  2  3 -1  0 -1 -1],[ 2  1  1  1  2  1  1  0  1],[ 2  2  2  1  2  1  1 -1  0]]",True,"[-2,-2,-1,-1,1,1,2,2,0,1,1,2,2,1,2,1,2,1,2,1,2,0,1,2,1,1,2,3,2,2,-1,1,1,1,1,-1]","[-2,-2,-1,-1,1,1,2,2,-1,0,0,1,2,3,3,0,0,1,2,2,2,-1,0,1,1,2,-1,0,1,1,0,0,-1,0,0,0]",t^8+64t^6+198t^4+55t^2+1,"[-2,-2,-1,-1,1,1,2,2,-1,0,0,1,2,3,3,0,0,1,2,2,2,-1,0,1,1,2,-1,0,1,1,0,0,-1,0,0,0]","[-2,-2,-1,-1,1,1,2,2,0,-1,0,1,2,2,3,0,0,1,1,2,3,0,-1,0,1,1,0,1,2,2,-1,0,0,0,0,-1]","[-2,-2,-1,-1,1,1,2,2,-1,1,1,1,2,2,2,1,1,1,2,1,1,-1,2,3,2,2,1,2,1,2,0,1,1,2,1,0]",c,"[[{8, 6}, {3, 7}, {1, 5}, {2, 4}], [{8, 6}, {3, 7}, {2, 5}, {1, 4}]]",1,20 K_1^3 + 4 K_1^2 K_2 - 24 K_1^2 - 24 K_1 K_2 - 4 K_1 K_3 - 3 K_1 + 12 K_2 + 7 K_3 + K_4 + 12,O1O2O3O4U5U2O6U7U4O8O5U1U6U8O7U3,O1O2O3U4U1O5O6U2O7O4U5U8U7U3O8U6,O1O2O3U4O5U1U6U5U7O8O6U2O4O7U3U8,c,{'O1O2O3O4U2O5U6U7U4O8O6U1U5O7U3U8'},1,"<a href=""/flatknot/8.704033"">8.704033</a>",t^9-64t^7-276t^6-350t^5+92t^4+322t^3-10t^2-73t,0,,
8.704034,O1O2O3O4U2O5U6U7U4O8O6U1U5O7U8U3,4,2z^3+24z^2+87z+95,2w^4z^3+24w^3z^2+87w^2z+95w,False,False,"[[ 0 -2 -2  2  2  2 -1 -1  0],[ 2  0 -1  3  2  2  1  1  0],[ 2  1  0  2  1  1  1  1  0],[-2 -3 -2  0  1  1 -3 -2 -1],[-2 -2 -1 -1  0  0 -2 -2 -1],[-2 -2 -1 -1  0  0 -2 -1 -1],[ 1 -1 -1  3  2  2  0 -1  1],[ 1 -1 -1  2  2  1  1  0  0],[ 0  0  0  1  1  1 -1  0  0]]","[[ 0  2  2  2  0 -1 -1 -2 -2],[-2  0  1  1 -1 -2 -3 -2 -3],[-2 -1  0  0 -1 -1 -2 -1 -2],[-2 -1  0  0 -1 -2 -2 -1 -2],[ 0  1  1  1  0  0 -1  0  0],[ 1  2  1  2  0  0  1 -1 -1],[ 1  3  2  2  1 -1  0 -1 -1],[ 2  2  1  1  0  1  1  0  1],[ 2  3  2  2  0  1  1 -1  0]]",True,"[-2,-2,-2,0,1,1,2,2,-1,-1,1,2,3,2,3,0,1,1,2,1,2,1,2,2,1,2,0,1,0,0,-1,1,1,1,1,-1]","[-2,-2,-2,0,1,1,2,2,-1,-1,1,2,3,2,3,0,1,1,2,1,2,1,2,2,1,2,0,1,0,0,-1,1,1,1,1,-1]",t^8+61t^6+171t^4+51t^2+1,"[-2,-2,-1,-1,0,2,2,2,-1,0,0,2,2,3,3,0,0,2,1,2,2,-1,1,1,1,2,0,0,1,1,1,1,1,-1,-1,0]","[-2,-2,-2,0,1,1,2,2,-1,0,1,1,1,2,3,1,1,0,1,1,2,1,1,2,2,3,0,1,2,2,-1,0,0,0,0,-1]","[-2,-2,-1,-1,0,2,2,2,-1,1,1,0,2,2,3,1,1,0,1,1,2,-1,1,2,2,3,0,1,2,2,1,1,1,0,-1,-1]",c,"[[{8, 1}, {2, 7}, {3, 6}, {4, 5}], [{8, 1}, {2, 7}, {4, 6}, {3, 5}], [{8, 1}, {2, 7}, {5, 6}, {3, 4}], [{8, 1}, {2, 7}, {6}, {3, 5}, {4}], [{8, 1}, {3, 7}, {2, 6}, {4, 5}], [{8, 1}, {3, 7}, {4, 6}, {2, 5}], [{8, 1}, {3, 7}, {5, 6}, {2, 4}], [{8, 1}, {3, 7}, {5, 6}, {4}, {2}], [{8, 1}, {4, 7}, {2, 6}, {3, 5}], [{8, 1}, {4, 7}, {3, 6}, {2, 5}], [{8, 1}, {4, 7}, {5, 6}, {2, 3}], [{8, 1}, {5, 7}, {2, 6}, {3, 4}], [{8, 1}, {5, 7}, {3, 6}, {2, 4}], [{8, 1}, {5, 7}, {4, 6}, {2, 3}], [{8, 1}, {6, 7}, {2, 5}, {3, 4}], [{8, 1}, {6, 7}, {2, 5}, {4}, {3}], [{8, 1}, {6, 7}, {3, 5}, {2, 4}], [{8, 1}, {6, 7}, {4, 5}, {2, 3}], [{8, 1}, {7}, {2, 6}, {5}, {3, 4}], [{8, 2}, {1, 7}, {3, 6}, {4, 5}], [{8, 2}, {1, 7}, {4, 6}, {3, 5}], [{8, 2}, {1, 7}, {5, 6}, {3, 4}], [{8, 2}, {1, 7}, {5, 6}, {4}, {3}], [{8, 2}, {3, 7}, {1, 6}, {4, 5}], [{8, 2}, {3, 7}, {1, 6}, {5}, {4}], [{8, 2}, {3, 7}, {4, 6}, {1, 5}], [{8, 2}, {3, 7}, {4, 6}, {5}, {1}], [{8, 2}, {3, 7}, {5, 6}, {1, 4}], [{8, 2}, {3, 7}, {6}, {5}, {1, 4}], [{8, 2}, {4, 7}, {1, 6}, {3, 5}], [{8, 2}, {4, 7}, {3, 6}, {1, 5}], [{8, 2}, {4, 7}, {3, 6}, {5}, {1}], [{8, 2}, {4, 7}, {5, 6}, {1, 3}], [{8, 2}, {4, 7}, {5, 6}, {3}, {1}], [{8, 2}, {4, 7}, {6}, {3, 5}, {1}], [{8, 2}, {5, 7}, {1, 6}, {3, 4}], [{8, 2}, {5, 7}, {1, 6}, {4}, {3}], [{8, 2}, {5, 7}, {3, 6}, {1, 4}], [{8, 2}, {5, 7}, {4, 6}, {1, 3}], [{8, 2}, {6, 7}, {1, 5}, {3, 4}], [{8, 2}, {6, 7}, {1, 5}, {4}, {3}], [{8, 2}, {6, 7}, {3, 5}, {1, 4}], [{8, 2}, {6, 7}, {4, 5}, {1, 3}], [{8, 2}, {7}, {1, 6}, {3, 5}, {4}], [{8, 2}, {7}, {5, 6}, {1, 4}, {3}], [{8, 3}, {1, 7}, {2, 6}, {4, 5}], [{8, 3}, {1, 7}, {2, 6}, {5}, {4}], [{8, 3}, {1, 7}, {4, 6}, {2, 5}], [{8, 3}, {1, 7}, {5, 6}, {2, 4}], [{8, 3}, {2, 7}, {1, 6}, {4, 5}], [{8, 3}, {2, 7}, {1, 6}, {5}, {4}], [{8, 3}, {2, 7}, {4, 6}, {1, 5}], [{8, 3}, {2, 7}, {4, 6}, {5}, {1}], [{8, 3}, {2, 7}, {5, 6}, {1, 4}], [{8, 3}, {2, 7}, {6}, {5}, {1, 4}], [{8, 3}, {4, 7}, {1, 6}, {2, 5}], [{8, 3}, {4, 7}, {2, 6}, {1, 5}], [{8, 3}, {4, 7}, {2, 6}, {5}, {1}], [{8, 3}, {4, 7}, {5, 6}, {1, 2}], [{8, 3}, {5, 7}, {1, 6}, {2, 4}], [{8, 3}, {5, 7}, {2, 6}, {1, 4}], [{8, 3}, {5, 7}, {4, 6}, {1, 2}], [{8, 3}, {6, 7}, {1, 5}, {2, 4}], [{8, 3}, {6, 7}, {2, 5}, {1, 4}], [{8, 3}, {6, 7}, {2, 5}, {4}, {1}], [{8, 3}, {6, 7}, {4, 5}, {1, 2}], [{8, 3}, {6, 7}, {5}, {1, 4}, {2}], [{8, 3}, {7}, {2, 6}, {5}, {1, 4}], [{8, 4}, {1, 7}, {2, 6}, {3, 5}], [{8, 4}, {1, 7}, {2, 6}, {5}, {3}], [{8, 4}, {1, 7}, {3, 6}, {2, 5}], [{8, 4}, {1, 7}, {5, 6}, {2, 3}], [{8, 4}, {2, 7}, {1, 6}, {3, 5}], [{8, 4}, {2, 7}, {1, 6}, {5}, {3}], [{8, 4}, {2, 7}, {3, 6}, {1, 5}], [{8, 4}, {2, 7}, {3, 6}, {5}, {1}], [{8, 4}, {2, 7}, {5, 6}, {1, 3}], [{8, 4}, {2, 7}, {6}, {5}, {1, 3}], [{8, 4}, {3, 7}, {1, 6}, {2, 5}], [{8, 4}, {3, 7}, {2, 6}, {1, 5}], [{8, 4}, {3, 7}, {2, 6}, {5}, {1}], [{8, 4}, {3, 7}, {5, 6}, {1, 2}], [{8, 4}, {5, 7}, {1, 6}, {2, 3}], [{8, 4}, {5, 7}, {2, 6}, {1, 3}], [{8, 4}, {5, 7}, {3, 6}, {1, 2}], [{8, 4}, {5, 7}, {6}, {1, 3}, {2}], [{8, 4}, {6, 7}, {1, 5}, {2, 3}], [{8, 4}, {6, 7}, {2, 5}, {1, 3}], [{8, 4}, {6, 7}, {2, 5}, {3}, {1}], [{8, 4}, {6, 7}, {3, 5}, {1, 2}], [{8, 4}, {6, 7}, {5}, {1, 3}, {2}], [{8, 4}, {7}, {2, 6}, {5}, {1, 3}], [{8, 4}, {7}, {5, 6}, {1, 3}, {2}], [{8, 4}, {7}, {5, 6}, {2, 3}, {1}], [{8, 4}, {7}, {5, 6}, {3}, {1, 2}], [{8, 4}, {7}, {6}, {2, 5}, {1, 3}], [{8, 4}, {7}, {6}, {5}, {1, 3}, {2}], [{8, 5}, {1, 7}, {2, 6}, {3, 4}], [{8, 5}, {1, 7}, {3, 6}, {2, 4}], [{8, 5}, {1, 7}, {4, 6}, {2, 3}], [{8, 5}, {2, 7}, {1, 6}, {3, 4}], [{8, 5}, {2, 7}, {3, 6}, {1, 4}], [{8, 5}, {2, 7}, {3, 6}, {4}, {1}], [{8, 5}, {2, 7}, {4, 6}, {1, 3}], [{8, 5}, {3, 7}, {1, 6}, {2, 4}], [{8, 5}, {3, 7}, {2, 6}, {1, 4}], [{8, 5}, {3, 7}, {4, 6}, {1, 2}], [{8, 5}, {3, 7}, {6}, {1, 4}, {2}], [{8, 5}, {4, 7}, {1, 6}, {2, 3}], [{8, 5}, {4, 7}, {2, 6}, {1, 3}], [{8, 5}, {4, 7}, {3, 6}, {1, 2}], [{8, 5}, {6, 7}, {1, 4}, {2, 3}], [{8, 5}, {6, 7}, {2, 4}, {1, 3}], [{8, 5}, {6, 7}, {3, 4}, {1, 2}], [{8, 5}, {6, 7}, {4}, {3}, {1, 2}], [{8, 5}, {7}, {1, 6}, {2, 4}, {3}], [{8, 6}, {1, 7}, {2, 5}, {3, 4}], [{8, 6}, {1, 7}, {3, 5}, {2, 4}], [{8, 6}, {1, 7}, {4, 5}, {2, 3}], [{8, 6}, {1, 7}, {4, 5}, {3}, {2}], [{8, 6}, {2, 7}, {1, 5}, {3, 4}], [{8, 6}, {2, 7}, {1, 5}, {4}, {3}], [{8, 6}, {2, 7}, {3, 5}, {1, 4}], [{8, 6}, {2, 7}, {4, 5}, {1, 3}], [{8, 6}, {3, 7}, {1, 5}, {2, 4}], [{8, 6}, {3, 7}, {2, 5}, {1, 4}], [{8, 6}, {3, 7}, {4, 5}, {1, 2}], [{8, 6}, {4, 7}, {1, 5}, {2, 3}], [{8, 6}, {4, 7}, {2, 5}, {1, 3}], [{8, 6}, {4, 7}, {2, 5}, {3}, {1}], [{8, 6}, {4, 7}, {3, 5}, {1, 2}], [{8, 6}, {4, 7}, {5}, {1, 3}, {2}], [{8, 6}, {5, 7}, {1, 4}, {2, 3}], [{8, 6}, {5, 7}, {1, 4}, {3}, {2}], [{8, 6}, {5, 7}, {2, 4}, {1, 3}], [{8, 6}, {5, 7}, {3, 4}, {1, 2}], [{8, 6}, {5, 7}, {4}, {2, 3}, {1}], [{8, 6}, {7}, {2, 5}, {4}, {1, 3}], [{8, 6}, {7}, {5}, {1, 4}, {2, 3}], [{8, 7}, {1, 6}, {2, 5}, {3, 4}], [{8, 7}, {1, 6}, {3, 5}, {2, 4}], [{8, 7}, {1, 6}, {4, 5}, {2, 3}], [{8, 7}, {2, 6}, {1, 5}, {3, 4}], [{8, 7}, {2, 6}, {1, 5}, {4}, {3}], [{8, 7}, {2, 6}, {3, 5}, {1, 4}], [{8, 7}, {2, 6}, {4, 5}, {1, 3}], [{8, 7}, {2, 6}, {5}, {3, 4}, {1}], [{8, 7}, {3, 6}, {1, 5}, {2, 4}], [{8, 7}, {3, 6}, {1, 5}, {4}, {2}], [{8, 7}, {3, 6}, {2, 5}, {1, 4}], [{8, 7}, {3, 6}, {4, 5}, {1, 2}], [{8, 7}, {3, 6}, {5}, {2, 4}, {1}], [{8, 7}, {4, 6}, {1, 5}, {2, 3}], [{8, 7}, {4, 6}, {1, 5}, {3}, {2}], [{8, 7}, {4, 6}, {2, 5}, {1, 3}], [{8, 7}, {4, 6}, {2, 5}, {3}, {1}], [{8, 7}, {4, 6}, {3, 5}, {1, 2}], [{8, 7}, {4, 6}, {3, 5}, {2}, {1}], [{8, 7}, {4, 6}, {5}, {1, 3}, {2}], [{8, 7}, {4, 6}, {5}, {2, 3}, {1}], [{8, 7}, {4, 6}, {5}, {3}, {1, 2}], [{8, 7}, {4, 6}, {5}, {3}, {2}, {1}], [{8, 7}, {5, 6}, {1, 4}, {2, 3}], [{8, 7}, {5, 6}, {2, 4}, {1, 3}], [{8, 7}, {5, 6}, {3, 4}, {1, 2}], [{8, 7}, {6}, {1, 5}, {2, 4}, {3}], [{8, 7}, {6}, {1, 5}, {3, 4}, {2}], [{8, 7}, {6}, {1, 5}, {4}, {2, 3}], [{8, 7}, {6}, {2, 5}, {4}, {1, 3}], [{8}, {1, 7}, {2, 6}, {5}, {3, 4}], [{8}, {2, 7}, {1, 6}, {5}, {3, 4}], [{8}, {2, 7}, {3, 6}, {4, 5}, {1}], [{8}, {2, 7}, {5, 6}, {4}, {1, 3}], [{8}, {3, 7}, {1, 6}, {4, 5}, {2}], [{8}, {3, 7}, {5, 6}, {2, 4}, {1}], [{8}, {3, 7}, {6}, {2, 5}, {1, 4}], [{8}, {4, 7}, {1, 6}, {5}, {2, 3}], [{8}, {4, 7}, {6}, {2, 5}, {1, 3}], [{8}, {6, 7}, {2, 5}, {1, 4}, {3}], [{8}, {6, 7}, {2, 5}, {3, 4}, {1}], [{8}, {6, 7}, {2, 5}, {4}, {1, 3}], [{8}, {6, 7}, {2, 5}, {4}, {3}, {1}], [{8}, {7}, {3, 6}, {2, 5}, {1, 4}], [{8}, {7}, {4, 6}, {2, 5}, {1, 3}]]",2,8 K_1^3 + 8 K_1^2 K_2 - 14 K_1^2 - 12 K_1 K_2 - 12 K_1 K_3 + 9 K_2 + 4 K_3 + 4 K_4 + 6,O1O2O3O4U2U5O6U7U4O8O5U1U6U8O7U3,O1O2O3U4U1O5O6U2O4O7U5U8U7U3O8U6,O1O2O3U4O5U1U6U5U7O6O8U2O4O7U3U8,c,{'O1O2O3O4U2O5U6U7U4O8O6U1U5O7U8U3'},1,"<a href=""/flatknot/8.704034"">8.704034</a>",t^9-59t^7-240t^6-264t^5+222t^4+634t^3+342t^2-47t-60,-t^2+2t,,
8.704035,O1O2O3O4U2O5U6U7U4O8O6U3U1O7U5U8,4,11z^2+64z+85,11w^3z^2+64w^2z+85w,False,False,"[[ 0 -1 -2  0  2  2 -1 -1  1],[ 1  0 -2  1  2  2  0  0  1],[ 2  2  0  2  1  2  1  0  1],[ 0 -1 -2  0  1  1 -1  0  0],[-2 -2 -1 -1  0 -1 -2 -1 -1],[-2 -2 -2 -1  1  0 -3 -1 -1],[ 1  0 -1  1  2  3  0 -1  2],[ 1  0  0  0  1  1  1  0  1],[-1 -1 -1  0  1  1 -2 -1  0]]","[[ 0  2  2  1  0 -1 -1 -1 -2],[-2  0  1 -1 -1 -1 -2 -3 -2],[-2 -1  0 -1 -1 -1 -2 -2 -1],[-1  1  1  0  0 -1 -1 -2 -1],[ 0  1  1  0  0  0 -1 -1 -2],[ 1  1  1  1  0  0  0  1  0],[ 1  2  2  1  1  0  0  0 -2],[ 1  3  2  2  1 -1  0  0 -1],[ 2  2  1  1  2  0  2  1  0]]",True,"[-2,-2,-1,0,1,1,1,2,-1,1,1,1,2,3,2,1,1,1,2,2,1,0,1,1,2,1,0,1,1,2,0,-1,0,0,2,1]","[-2,-2,-1,0,1,1,1,2,-1,0,1,1,1,2,3,0,1,0,1,2,2,1,0,1,1,2,0,0,1,0,0,-1,0,0,-1,1]",t^8+52t^6+150t^4+39t^2+1,"[-2,-1,-1,-1,0,1,2,2,-1,0,1,0,2,2,3,0,0,0,1,1,1,1,0,0,0,1,1,1,2,2,1,1,1,0,0,-1]","[-2,-2,-1,0,1,1,1,2,-1,0,1,1,1,2,3,0,1,0,1,2,2,1,0,1,1,2,0,0,1,0,0,-1,0,0,-1,1]","[-2,-1,-1,-1,0,1,2,2,0,1,2,2,1,1,2,1,0,0,1,1,1,0,1,2,2,3,1,1,2,2,0,1,1,1,1,-1]",c,"[[{8, 3}, {4, 7}, {1, 6}, {2, 5}], [{8, 3}, {6, 7}, {1, 5}, {2, 4}]]",1,4 K_1^3 - 18 K_1^2 - 8 K_1 K_2 + K_1 + 9 K_2 + 3 K_3 + 10,O1O2O3O4U5U6O7U4U2O8O5U1U7U8O6U3,O1O2O3U4U1O5O6U2O7O4U6U8U5U3O8U7,O1O2O3U4O5U1U6U5U7O8O4U2O7O6U3U8,c,"{'O1O2O3O4U2U5O6U7U4O5O8U3U1O7U8U6', 'O1O2O3O4U2O5U6U7U4O8O6U3U1O7U5U8'}",2,"<a href=""/flatknot/8.704035"">8.704035</a>",t^9-50t^7-170t^6-65t^5+336t^4+412t^3+154t^2+54t+26,-t^2+2t,,
8.704036,O1O2O3O4U2O5U6U7U4O8O6U3U1O7U8U5,4,2z^3+27z^2+106z+121,2w^4z^3+27w^3z^2+106w^2z+121w,False,False,"[[ 0 -1 -2  0  2  3 -1 -1  0],[ 1  0 -2  1  2  3  0  0  0],[ 2  2  0  2  1  2  1  0  1],[ 0 -1 -2  0  1  2 -1  0 -1],[-2 -2 -1 -1  0 -1 -2 -1 -2],[-3 -3 -2 -2  1  0 -3 -1 -2],[ 1  0 -1  1  2  3  0 -1  1],[ 1  0  0  0  1  1  1  0  0],[ 0  0 -1  1  2  2 -1  0  0]]","[[ 0  3  2  0  0 -1 -1 -1 -2],[-3  0  1 -2 -2 -1 -3 -3 -2],[-2 -1  0 -1 -2 -1 -2 -2 -1],[ 0  2  1  0 -1  0 -1 -1 -2],[ 0  2  2  1  0  0  0 -1 -1],[ 1  1  1  0  0  0  0  1  0],[ 1  3  2  1  0  0  0  0 -2],[ 1  3  2  1  1 -1  0  0 -1],[ 2  2  1  2  1  0  2  1  0]]",True,"[-3,-2,0,0,1,1,1,2,-1,2,2,1,3,3,2,1,2,1,2,2,1,1,0,1,1,2,0,0,1,1,0,-1,0,0,2,1]","[-3,-2,0,0,1,1,1,2,-1,2,2,1,3,3,2,1,2,1,2,2,1,1,0,1,1,2,0,0,1,1,0,-1,0,0,2,1]",t^8+62t^6+181t^4+116t^2+9,"[-2,-1,-1,-1,0,0,2,3,-1,0,1,0,1,3,3,0,0,0,1,1,1,1,0,0,1,1,1,1,2,3,1,1,1,0,1,2]","[-3,-2,0,0,1,1,1,2,2,1,1,1,1,3,3,0,1,1,1,2,3,1,0,1,1,1,0,0,1,0,0,-1,0,0,-1,1]","[-2,-1,-1,-1,0,0,2,3,0,1,2,1,2,1,2,1,0,0,0,1,1,0,1,1,2,3,0,1,2,3,1,2,2,1,2,-1]",c,"[[{8, 4}, {1, 7}, {5, 6}, {2, 3}]]",1,8 K_1^3 - 20 K_1^2 - 18 K_1 K_2 + 3 K_1 + 10 K_2 + 7 K_3 + 11,O1O2O3O4U5U6O7U4U2O8O6U1U7U8O5U3,O1O2O3U4U1O5O6U2O4O7U6U8U5U3O8U7,O1O2O3U4O5U1U6U5U7O4O8U2O7O6U3U8,c,{'O1O2O3O4U2O5U6U7U4O8O6U3U1O7U8U5'},1,"<a href=""/flatknot/8.704036"">8.704036</a>",t^9-56t^7-218t^6-145t^5+376t^4+464t^3-82t^2-295t-100,-t^3+3t,,
8.704037,O1O2O3O4U2O5U6U7U4O8O6U8U1O7U5U3,4,2z^3+23z^2+86z+97,2w^4z^3+23w^3z^2+86w^2z+97w,False,False,"[[ 0 -1 -2  2  2  2 -1 -1 -1],[ 1  0 -1  2  2  1  1  1 -1],[ 2  1  0  2  1  1  1  1  0],[-2 -2 -2  0  1  1 -3 -2 -1],[-2 -2 -1 -1  0 -1 -2 -1 -1],[-2 -1 -1 -1  1  0 -2 -1 -1],[ 1 -1 -1  3  2  2  0  0 -1],[ 1 -1 -1  2  1  1  0  0 -1],[ 1  1  0  1  1  1  1  1  0]]","[[ 0  2  2  2 -1 -1 -1 -1 -2],[-2  0  1  1 -1 -2 -2 -3 -2],[-2 -1  0  1 -1 -1 -1 -2 -1],[-2 -1 -1  0 -1 -1 -2 -2 -1],[ 1  1  1  1  0  1  1  1  0],[ 1  2  1  1 -1  0 -1  0 -1],[ 1  2  1  2 -1  1  0  1 -1],[ 1  3  2  2 -1  0 -1  0 -1],[ 2  2  1  1  0  1  1  1  0]]",True,"[-2,-2,-2,1,1,1,1,2,-1,-1,1,2,2,3,2,-1,1,1,1,2,1,1,1,2,2,1,-1,-1,-1,0,1,0,1,-1,1,1]","[-2,-2,-2,1,1,1,1,2,-1,-1,1,1,2,2,3,-1,1,2,2,2,3,0,1,1,2,2,-1,0,-1,0,1,-1,0,-1,0,1]",t^8+52t^6+134t^4+31t^2+1,"[-2,-1,-1,-1,-1,2,2,2,0,0,0,1,2,3,3,-1,-1,1,1,1,2,0,1,0,1,1,1,1,2,2,2,2,2,-1,-1,1]","[-2,-2,-2,1,1,1,1,2,-1,-1,1,1,2,2,3,-1,1,2,2,2,3,0,1,1,2,2,-1,0,-1,0,1,-1,0,-1,0,1]","[-2,-1,-1,-1,-1,2,2,2,0,1,1,1,1,1,2,1,1,1,1,1,1,-1,0,1,1,2,1,1,2,2,2,2,3,1,-1,-1]",c,"[[{8, 1}, {2, 7}, {3, 6}, {4, 5}], [{8, 1}, {2, 7}, {4, 6}, {3, 5}], [{8, 1}, {2, 7}, {5, 6}, {3, 4}], [{8, 1}, {3, 7}, {2, 6}, {4, 5}], [{8, 1}, {3, 7}, {4, 6}, {2, 5}], [{8, 1}, {3, 7}, {5, 6}, {2, 4}], [{8, 1}, {4, 7}, {2, 6}, {3, 5}], [{8, 1}, {4, 7}, {3, 6}, {2, 5}], [{8, 1}, {4, 7}, {5, 6}, {2, 3}], [{8, 1}, {5, 7}, {2, 6}, {3, 4}], [{8, 1}, {5, 7}, {3, 6}, {2, 4}], [{8, 1}, {5, 7}, {4, 6}, {2, 3}], [{8, 1}, {6, 7}, {2, 5}, {3, 4}], [{8, 1}, {6, 7}, {3, 5}, {2, 4}], [{8, 1}, {6, 7}, {4, 5}, {2, 3}], [{8, 1}, {7}, {3, 6}, {5}, {2, 4}], [{8, 1}, {7}, {4, 6}, {2, 5}, {3}], [{8, 2}, {1, 7}, {3, 6}, {4, 5}], [{8, 2}, {1, 7}, {4, 6}, {3, 5}], [{8, 2}, {1, 7}, {5, 6}, {3, 4}], [{8, 2}, {1, 7}, {5, 6}, {4}, {3}], [{8, 2}, {3, 7}, {1, 6}, {4, 5}], [{8, 2}, {3, 7}, {4, 6}, {1, 5}], [{8, 2}, {3, 7}, {5, 6}, {1, 4}], [{8, 2}, {3, 7}, {6}, {1, 5}, {4}], [{8, 2}, {4, 7}, {1, 6}, {3, 5}], [{8, 2}, {4, 7}, {3, 6}, {1, 5}], [{8, 2}, {4, 7}, {5, 6}, {1, 3}], [{8, 2}, {5, 7}, {1, 6}, {3, 4}], [{8, 2}, {5, 7}, {1, 6}, {4}, {3}], [{8, 2}, {5, 7}, {3, 6}, {1, 4}], [{8, 2}, {5, 7}, {3, 6}, {4}, {1}], [{8, 2}, {5, 7}, {4, 6}, {1, 3}], [{8, 2}, {5, 7}, {6}, {4}, {1, 3}], [{8, 2}, {6, 7}, {1, 5}, {3, 4}], [{8, 2}, {6, 7}, {3, 5}, {1, 4}], [{8, 2}, {6, 7}, {4, 5}, {1, 3}], [{8, 2}, {7}, {4, 6}, {5}, {1, 3}], [{8, 3}, {1, 7}, {2, 6}, {4, 5}], [{8, 3}, {1, 7}, {4, 6}, {2, 5}], [{8, 3}, {1, 7}, {4, 6}, {5}, {2}], [{8, 3}, {1, 7}, {5, 6}, {2, 4}], [{8, 3}, {2, 7}, {1, 6}, {4, 5}], [{8, 3}, {2, 7}, {4, 6}, {1, 5}], [{8, 3}, {2, 7}, {5, 6}, {1, 4}], [{8, 3}, {2, 7}, {6}, {5}, {1, 4}], [{8, 3}, {4, 7}, {1, 6}, {2, 5}], [{8, 3}, {4, 7}, {2, 6}, {1, 5}], [{8, 3}, {4, 7}, {2, 6}, {5}, {1}], [{8, 3}, {4, 7}, {5, 6}, {1, 2}], [{8, 3}, {5, 7}, {1, 6}, {2, 4}], [{8, 3}, {5, 7}, {2, 6}, {1, 4}], [{8, 3}, {5, 7}, {4, 6}, {1, 2}], [{8, 3}, {6, 7}, {1, 5}, {2, 4}], [{8, 3}, {6, 7}, {2, 5}, {1, 4}], [{8, 3}, {6, 7}, {4, 5}, {1, 2}], [{8, 3}, {6, 7}, {5}, {2, 4}, {1}], [{8, 3}, {7}, {5, 6}, {1, 4}, {2}], [{8, 4}, {1, 7}, {2, 6}, {3, 5}], [{8, 4}, {1, 7}, {2, 6}, {5}, {3}], [{8, 4}, {1, 7}, {3, 6}, {2, 5}], [{8, 4}, {1, 7}, {3, 6}, {5}, {2}], [{8, 4}, {1, 7}, {5, 6}, {2, 3}], [{8, 4}, {1, 7}, {6}, {5}, {2, 3}], [{8, 4}, {2, 7}, {1, 6}, {3, 5}], [{8, 4}, {2, 7}, {3, 6}, {1, 5}], [{8, 4}, {2, 7}, {5, 6}, {1, 3}], [{8, 4}, {2, 7}, {5, 6}, {3}, {1}], [{8, 4}, {2, 7}, {6}, {5}, {1, 3}], [{8, 4}, {3, 7}, {1, 6}, {2, 5}], [{8, 4}, {3, 7}, {2, 6}, {1, 5}], [{8, 4}, {3, 7}, {2, 6}, {5}, {1}], [{8, 4}, {3, 7}, {5, 6}, {1, 2}], [{8, 4}, {3, 7}, {6}, {1, 5}, {2}], [{8, 4}, {5, 7}, {1, 6}, {2, 3}], [{8, 4}, {5, 7}, {2, 6}, {1, 3}], [{8, 4}, {5, 7}, {2, 6}, {3}, {1}], [{8, 4}, {5, 7}, {3, 6}, {1, 2}], [{8, 4}, {5, 7}, {6}, {1, 3}, {2}], [{8, 4}, {6, 7}, {1, 5}, {2, 3}], [{8, 4}, {6, 7}, {2, 5}, {1, 3}], [{8, 4}, {6, 7}, {2, 5}, {3}, {1}], [{8, 4}, {6, 7}, {3, 5}, {1, 2}], [{8, 4}, {6, 7}, {5}, {1, 3}, {2}], [{8, 4}, {7}, {2, 6}, {1, 5}, {3}], [{8, 4}, {7}, {2, 6}, {3, 5}, {1}], [{8, 4}, {7}, {2, 6}, {5}, {1, 3}], [{8, 4}, {7}, {2, 6}, {5}, {3}, {1}], [{8, 4}, {7}, {5, 6}, {1, 3}, {2}], [{8, 4}, {7}, {6}, {2, 5}, {1, 3}], [{8, 5}, {1, 7}, {2, 6}, {3, 4}], [{8, 5}, {1, 7}, {3, 6}, {2, 4}], [{8, 5}, {1, 7}, {4, 6}, {2, 3}], [{8, 5}, {2, 7}, {1, 6}, {3, 4}], [{8, 5}, {2, 7}, {3, 6}, {1, 4}], [{8, 5}, {2, 7}, {4, 6}, {1, 3}], [{8, 5}, {3, 7}, {1, 6}, {2, 4}], [{8, 5}, {3, 7}, {2, 6}, {1, 4}], [{8, 5}, {3, 7}, {4, 6}, {1, 2}], [{8, 5}, {4, 7}, {1, 6}, {2, 3}], [{8, 5}, {4, 7}, {2, 6}, {1, 3}], [{8, 5}, {4, 7}, {3, 6}, {1, 2}], [{8, 5}, {6, 7}, {1, 4}, {2, 3}], [{8, 5}, {6, 7}, {2, 4}, {1, 3}], [{8, 5}, {6, 7}, {3, 4}, {1, 2}], [{8, 5}, {7}, {6}, {2, 4}, {1, 3}], [{8, 5}, {7}, {6}, {3, 4}, {1, 2}], [{8, 6}, {1, 7}, {2, 5}, {3, 4}], [{8, 6}, {1, 7}, {3, 5}, {2, 4}], [{8, 6}, {1, 7}, {4, 5}, {2, 3}], [{8, 6}, {1, 7}, {5}, {2, 4}, {3}], [{8, 6}, {2, 7}, {1, 5}, {3, 4}], [{8, 6}, {2, 7}, {3, 5}, {1, 4}], [{8, 6}, {2, 7}, {4, 5}, {1, 3}], [{8, 6}, {2, 7}, {4, 5}, {3}, {1}], [{8, 6}, {3, 7}, {1, 5}, {2, 4}], [{8, 6}, {3, 7}, {2, 5}, {1, 4}], [{8, 6}, {3, 7}, {4, 5}, {1, 2}], [{8, 6}, {4, 7}, {1, 5}, {2, 3}], [{8, 6}, {4, 7}, {2, 5}, {1, 3}], [{8, 6}, {4, 7}, {3, 5}, {1, 2}], [{8, 6}, {5, 7}, {1, 4}, {2, 3}], [{8, 6}, {5, 7}, {1, 4}, {3}, {2}], [{8, 6}, {5, 7}, {2, 4}, {1, 3}], [{8, 6}, {5, 7}, {2, 4}, {3}, {1}], [{8, 6}, {5, 7}, {3, 4}, {1, 2}], [{8, 6}, {5, 7}, {3, 4}, {2}, {1}], [{8, 6}, {5, 7}, {4}, {1, 3}, {2}], [{8, 6}, {5, 7}, {4}, {2, 3}, {1}], [{8, 6}, {5, 7}, {4}, {3}, {1, 2}], [{8, 6}, {7}, {1, 5}, {2, 4}, {3}], [{8, 7}, {1, 6}, {2, 5}, {3, 4}], [{8, 7}, {1, 6}, {3, 5}, {2, 4}], [{8, 7}, {1, 6}, {3, 5}, {4}, {2}], [{8, 7}, {1, 6}, {4, 5}, {2, 3}], [{8, 7}, {1, 6}, {4, 5}, {3}, {2}], [{8, 7}, {1, 6}, {5}, {3, 4}, {2}], [{8, 7}, {2, 6}, {1, 5}, {3, 4}], [{8, 7}, {2, 6}, {3, 5}, {1, 4}], [{8, 7}, {2, 6}, {4, 5}, {1, 3}], [{8, 7}, {2, 6}, {5}, {3, 4}, {1}], [{8, 7}, {3, 6}, {1, 5}, {2, 4}], [{8, 7}, {3, 6}, {2, 5}, {1, 4}], [{8, 7}, {3, 6}, {4, 5}, {1, 2}], [{8, 7}, {4, 6}, {1, 5}, {2, 3}], [{8, 7}, {4, 6}, {2, 5}, {1, 3}], [{8, 7}, {4, 6}, {2, 5}, {3}, {1}], [{8, 7}, {4, 6}, {3, 5}, {1, 2}], [{8, 7}, {4, 6}, {3, 5}, {2}, {1}], [{8, 7}, {4, 6}, {5}, {2, 3}, {1}], [{8, 7}, {5, 6}, {1, 4}, {2, 3}], [{8, 7}, {5, 6}, {2, 4}, {1, 3}], [{8, 7}, {5, 6}, {3, 4}, {1, 2}], [{8, 7}, {5, 6}, {4}, {3}, {1, 2}], [{8, 7}, {6}, {3, 5}, {1, 4}, {2}], [{8, 7}, {6}, {5}, {2, 4}, {1, 3}], [{8, 7}, {6}, {5}, {3, 4}, {1, 2}], [{8}, {1, 7}, {2, 6}, {3, 5}, {4}], [{8}, {1, 7}, {4, 6}, {2, 5}, {3}], [{8}, {2, 7}, {3, 6}, {1, 5}, {4}], [{8}, {2, 7}, {5, 6}, {4}, {1, 3}], [{8}, {3, 7}, {1, 6}, {5}, {2, 4}], [{8}, {3, 7}, {5, 6}, {2, 4}, {1}], [{8}, {3, 7}, {6}, {1, 5}, {2, 4}], [{8}, {3, 7}, {6}, {2, 5}, {1, 4}], [{8}, {4, 7}, {1, 6}, {2, 5}, {3}], [{8}, {4, 7}, {3, 6}, {5}, {1, 2}], [{8}, {4, 7}, {5, 6}, {2, 3}, {1}], [{8}, {5, 7}, {2, 6}, {4}, {1, 3}], [{8}, {5, 7}, {4, 6}, {1, 3}, {2}], [{8}, {5, 7}, {6}, {1, 4}, {2, 3}], [{8}, {5, 7}, {6}, {2, 4}, {1, 3}], [{8}, {5, 7}, {6}, {3, 4}, {1, 2}], [{8}, {5, 7}, {6}, {4}, {1, 3}, {2}], [{8}, {6, 7}, {1, 5}, {4}, {2, 3}], [{8}, {6, 7}, {2, 5}, {4}, {1, 3}]]",2,12 K_1^3 - 16 K_1^2 - 8 K_1 K_2 - 5 K_1 + 8 K_2 + K_3 + 9,O1O2O3O4U2U5O6U4U7O8O7U1U6U8O5U3,O1O2O3U4U1O4O5U2O6O7U5U8U7U3O8U6,O1O2O3U4O5U1U6U5U7O6O4U2O7O8U3U8,c,{'O1O2O3O4U2O5U6U7U4O8O6U8U1O7U5U3'},1,"<a href=""/flatknot/8.704037"">8.704037</a>",t^9-48t^7-198t^6-294t^5-136t^4+65t^3+84t^2+13t-4,-2t^2+4t,,
8.704038,O1O2O3O4U2O5U6U7U4O8O6U8U3O7U1U5,4,4z^3+37z^2+106z+97,4w^4z^3+37w^3z^2+106w^2z+97w,False,False,"[[ 0 -1 -2  1  2  3 -1 -1 -1],[ 1  0 -2  2  3  3  0  0 -1],[ 2  2  0  2  1  2  1  0  0],[-1 -2 -2  0  1  1 -1 -1 -1],[-2 -3 -1 -1  0 -1 -2 -1 -1],[-3 -3 -2 -1  1  0 -3 -2 -1],[ 1  0 -1  1  2  3  0  0 -1],[ 1  0  0  1  1  2  0  0 -1],[ 1  1  0  1  1  1  1  1  0]]","[[ 0  3  2  1 -1 -1 -1 -1 -2],[-3  0  1 -1 -1 -2 -3 -3 -2],[-2 -1  0 -1 -1 -1 -2 -3 -1],[-1  1  1  0 -1 -1 -1 -2 -2],[ 1  1  1  1  0  1  1  1  0],[ 1  2  1  1 -1  0  0  0  0],[ 1  3  2  1 -1  0  0  0 -1],[ 1  3  3  2 -1  0  0  0 -2],[ 2  2  1  2  0  0  1  2  0]]",True,"[-3,-2,-1,1,1,1,1,2,-1,1,1,2,3,3,2,1,1,1,2,3,1,1,1,1,2,2,-1,-1,-1,0,0,0,0,0,1,2]","[-3,-2,-1,1,1,1,1,2,-1,1,1,2,3,3,2,1,1,1,2,3,1,1,1,1,2,2,-1,-1,-1,0,0,0,0,0,1,2]",t^8+65t^6+143t^4+60t^2,"[-2,-1,-1,-1,-1,1,2,3,-1,0,1,1,1,3,3,0,0,1,0,0,1,0,1,1,1,1,1,1,2,2,1,2,3,0,1,2]","[-3,-2,-1,1,1,1,1,2,2,1,1,1,2,3,3,0,0,1,2,2,3,0,1,1,1,1,0,0,-1,-1,0,-1,0,-1,1,1]","[-2,-1,-1,-1,-1,1,2,3,0,0,1,2,2,1,2,-1,0,0,1,1,2,1,1,1,1,1,0,1,2,3,2,3,3,1,1,-1]",c,"[[{8, 4}, {1, 7}, {2, 6}, {3, 5}], [{8, 4}, {1, 7}, {6}, {3, 5}, {2}]]",1,- 8 K_1^4 + 16 K_1^3 + 8 K_1^2 K_2 - 14 K_1^2 - 18 K_1 K_2 - 2 K_1 K_3 - 3 K_1 + 8 K_2 + 5 K_3 + 9,O1O2O3O4U5U4O6U2U7O8O7U1U6U8O5U3,O1O2O3U4U1O4O5U2O6O7U6U8U5U3O8U7,O1O2O3U4O5U1U6U5U7O4O7U2O6O8U3U8,c,{'O1O2O3O4U2O5U6U7U4O8O6U8U3O7U1U5'},1,"<a href=""/flatknot/8.704038"">8.704038</a>",t^9-59t^7-202t^6-87t^5+192t^4+100t^3+14t^2-10t+12,-t^3+3t,,
8.704039,O1O2O3O4U2O5U6U7U4O8O6U8U5O7U1U3,3,17z^2+94z+121,17w^3z^2+94w^2z+121w,False,False,"[[ 0 -1 -2  2  2  2 -1 -1 -1],[ 1  0 -1  2  2  2  0  0 -1],[ 2  1  0  2  1  1  1  1  0],[-2 -2 -2  0  1  2 -3 -3 -1],[-2 -2 -1 -1  0  0 -2 -2 -1],[-2 -2 -1 -2  0  0 -1 -1 -1],[ 1  0 -1  3  2  1  0  0 -1],[ 1  0 -1  3  2  1  0  0 -1],[ 1  1  0  1  1  1  1  1  0]]","[[ 0  2  2  2 -1 -1 -1 -1 -2],[-2  0  2  1 -1 -2 -3 -3 -2],[-2 -2  0  0 -1 -2 -1 -1 -1],[-2 -1  0  0 -1 -2 -2 -2 -1],[ 1  1  1  1  0  1  1  1  0],[ 1  2  2  2 -1  0  0  0 -1],[ 1  3  1  2 -1  0  0  0 -1],[ 1  3  1  2 -1  0  0  0 -1],[ 2  2  1  1  0  1  1  1  0]]",True,"[-2,-2,-2,1,1,1,1,2,-2,-1,1,2,3,3,2,0,1,2,1,1,1,1,2,2,2,1,-1,-1,-1,0,0,0,1,0,1,1]","[-2,-2,-2,1,1,1,1,2,-2,-1,1,2,3,3,2,0,1,2,1,1,1,1,2,2,2,1,-1,-1,-1,0,0,0,1,0,1,1]",t^8+60t^6+153t^4+8t^2,"[-2,-1,-1,-1,-1,2,2,2,0,0,0,1,2,3,3,0,0,1,0,1,2,0,1,0,1,2,1,1,1,1,2,2,2,-1,-2,0]","[-2,-2,-2,1,1,1,1,2,-2,0,1,2,2,2,3,1,1,0,0,2,2,1,1,1,2,3,0,0,-1,0,0,-1,0,-1,0,1]","[-2,-1,-1,-1,-1,2,2,2,0,1,1,1,1,1,2,1,1,1,1,1,1,0,0,1,2,3,0,1,2,3,2,2,2,0,-2,-1]",c,"[[{8, 1}, {2, 7}, {3, 6}, {4, 5}], [{8, 1}, {2, 7}, {4, 6}, {3, 5}], [{8, 1}, {2, 7}, {5, 6}, {3, 4}], [{8, 1}, {2, 7}, {6}, {3, 5}, {4}], [{8, 1}, {3, 7}, {2, 6}, {4, 5}], [{8, 1}, {3, 7}, {4, 6}, {2, 5}], [{8, 1}, {3, 7}, {5, 6}, {2, 4}], [{8, 1}, {4, 7}, {2, 6}, {3, 5}], [{8, 1}, {4, 7}, {3, 6}, {2, 5}], [{8, 1}, {4, 7}, {5, 6}, {2, 3}], [{8, 1}, {4, 7}, {6}, {3, 5}, {2}], [{8, 1}, {5, 7}, {2, 6}, {3, 4}], [{8, 1}, {5, 7}, {3, 6}, {2, 4}], [{8, 1}, {5, 7}, {4, 6}, {2, 3}], [{8, 1}, {6, 7}, {2, 5}, {3, 4}], [{8, 1}, {6, 7}, {3, 5}, {2, 4}], [{8, 1}, {6, 7}, {3, 5}, {4}, {2}], [{8, 1}, {6, 7}, {4, 5}, {2, 3}], [{8, 1}, {7}, {2, 6}, {3, 5}, {4}], [{8, 1}, {7}, {4, 6}, {3, 5}, {2}], [{8, 1}, {7}, {6}, {2, 5}, {3, 4}], [{8, 1}, {7}, {6}, {3, 5}, {2, 4}], [{8, 1}, {7}, {6}, {3, 5}, {4}, {2}], [{8, 1}, {7}, {6}, {4, 5}, {2, 3}], [{8, 2}, {1, 7}, {3, 6}, {4, 5}], [{8, 2}, {1, 7}, {4, 6}, {3, 5}], [{8, 2}, {1, 7}, {4, 6}, {5}, {3}], [{8, 2}, {1, 7}, {5, 6}, {3, 4}], [{8, 2}, {1, 7}, {6}, {3, 5}, {4}], [{8, 2}, {3, 7}, {1, 6}, {4, 5}], [{8, 2}, {3, 7}, {4, 6}, {1, 5}], [{8, 2}, {3, 7}, {5, 6}, {1, 4}], [{8, 2}, {3, 7}, {5, 6}, {4}, {1}], [{8, 2}, {4, 7}, {1, 6}, {3, 5}], [{8, 2}, {4, 7}, {1, 6}, {5}, {3}], [{8, 2}, {4, 7}, {3, 6}, {1, 5}], [{8, 2}, {4, 7}, {5, 6}, {1, 3}], [{8, 2}, {4, 7}, {6}, {3, 5}, {1}], [{8, 2}, {5, 7}, {1, 6}, {3, 4}], [{8, 2}, {5, 7}, {3, 6}, {1, 4}], [{8, 2}, {5, 7}, {3, 6}, {4}, {1}], [{8, 2}, {5, 7}, {4, 6}, {1, 3}], [{8, 2}, {6, 7}, {1, 5}, {3, 4}], [{8, 2}, {6, 7}, {3, 5}, {1, 4}], [{8, 2}, {6, 7}, {3, 5}, {4}, {1}], [{8, 2}, {6, 7}, {4, 5}, {1, 3}], [{8, 2}, {7}, {1, 6}, {3, 5}, {4}], [{8, 2}, {7}, {4, 6}, {3, 5}, {1}], [{8, 2}, {7}, {6}, {1, 5}, {3, 4}], [{8, 2}, {7}, {6}, {3, 5}, {1, 4}], [{8, 2}, {7}, {6}, {3, 5}, {4}, {1}], [{8, 2}, {7}, {6}, {4, 5}, {1, 3}], [{8, 3}, {1, 7}, {2, 6}, {4, 5}], [{8, 3}, {1, 7}, {4, 6}, {2, 5}], [{8, 3}, {1, 7}, {5, 6}, {2, 4}], [{8, 3}, {2, 7}, {1, 6}, {4, 5}], [{8, 3}, {2, 7}, {4, 6}, {1, 5}], [{8, 3}, {2, 7}, {5, 6}, {1, 4}], [{8, 3}, {4, 7}, {1, 6}, {2, 5}], [{8, 3}, {4, 7}, {2, 6}, {1, 5}], [{8, 3}, {4, 7}, {5, 6}, {1, 2}], [{8, 3}, {4, 7}, {5, 6}, {2}, {1}], [{8, 3}, {5, 7}, {1, 6}, {2, 4}], [{8, 3}, {5, 7}, {2, 6}, {1, 4}], [{8, 3}, {5, 7}, {4, 6}, {1, 2}], [{8, 3}, {5, 7}, {4, 6}, {2}, {1}], [{8, 3}, {6, 7}, {1, 5}, {2, 4}], [{8, 3}, {6, 7}, {2, 5}, {1, 4}], [{8, 3}, {6, 7}, {4, 5}, {1, 2}], [{8, 3}, {7}, {6}, {1, 5}, {2, 4}], [{8, 3}, {7}, {6}, {2, 5}, {1, 4}], [{8, 3}, {7}, {6}, {4, 5}, {1, 2}], [{8, 4}, {1, 7}, {2, 6}, {3, 5}], [{8, 4}, {1, 7}, {2, 6}, {5}, {3}], [{8, 4}, {1, 7}, {3, 6}, {2, 5}], [{8, 4}, {1, 7}, {5, 6}, {2, 3}], [{8, 4}, {1, 7}, {6}, {3, 5}, {2}], [{8, 4}, {2, 7}, {1, 6}, {3, 5}], [{8, 4}, {2, 7}, {1, 6}, {5}, {3}], [{8, 4}, {2, 7}, {3, 6}, {1, 5}], [{8, 4}, {2, 7}, {5, 6}, {1, 3}], [{8, 4}, {2, 7}, {6}, {3, 5}, {1}], [{8, 4}, {3, 7}, {1, 6}, {2, 5}], [{8, 4}, {3, 7}, {2, 6}, {1, 5}], [{8, 4}, {3, 7}, {5, 6}, {1, 2}], [{8, 4}, {3, 7}, {5, 6}, {2}, {1}], [{8, 4}, {5, 7}, {1, 6}, {2, 3}], [{8, 4}, {5, 7}, {2, 6}, {1, 3}], [{8, 4}, {5, 7}, {3, 6}, {1, 2}], [{8, 4}, {5, 7}, {3, 6}, {2}, {1}], [{8, 4}, {6, 7}, {1, 5}, {2, 3}], [{8, 4}, {6, 7}, {2, 5}, {1, 3}], [{8, 4}, {6, 7}, {3, 5}, {1, 2}], [{8, 4}, {6, 7}, {3, 5}, {2}, {1}], [{8, 4}, {7}, {1, 6}, {3, 5}, {2}], [{8, 4}, {7}, {2, 6}, {3, 5}, {1}], [{8, 4}, {7}, {6}, {1, 5}, {2, 3}], [{8, 4}, {7}, {6}, {2, 5}, {1, 3}], [{8, 4}, {7}, {6}, {3, 5}, {1, 2}], [{8, 4}, {7}, {6}, {3, 5}, {2}, {1}], [{8, 5}, {1, 7}, {2, 6}, {3, 4}], [{8, 5}, {1, 7}, {3, 6}, {2, 4}], [{8, 5}, {1, 7}, {4, 6}, {2, 3}], [{8, 5}, {2, 7}, {1, 6}, {3, 4}], [{8, 5}, {2, 7}, {3, 6}, {1, 4}], [{8, 5}, {2, 7}, {4, 6}, {1, 3}], [{8, 5}, {3, 7}, {1, 6}, {2, 4}], [{8, 5}, {3, 7}, {2, 6}, {1, 4}], [{8, 5}, {3, 7}, {4, 6}, {1, 2}], [{8, 5}, {3, 7}, {4, 6}, {2}, {1}], [{8, 5}, {4, 7}, {1, 6}, {2, 3}], [{8, 5}, {4, 7}, {2, 6}, {1, 3}], [{8, 5}, {4, 7}, {3, 6}, {1, 2}], [{8, 5}, {4, 7}, {3, 6}, {2}, {1}], [{8, 5}, {6, 7}, {1, 4}, {2, 3}], [{8, 5}, {6, 7}, {2, 4}, {1, 3}], [{8, 5}, {6, 7}, {3, 4}, {1, 2}], [{8, 5}, {7}, {6}, {1, 4}, {2, 3}], [{8, 5}, {7}, {6}, {2, 4}, {1, 3}], [{8, 5}, {7}, {6}, {3, 4}, {1, 2}], [{8, 6}, {1, 7}, {2, 5}, {3, 4}], [{8, 6}, {1, 7}, {3, 5}, {2, 4}], [{8, 6}, {1, 7}, {3, 5}, {4}, {2}], [{8, 6}, {1, 7}, {4, 5}, {2, 3}], [{8, 6}, {1, 7}, {5}, {2, 4}, {3}], [{8, 6}, {2, 7}, {1, 5}, {3, 4}], [{8, 6}, {2, 7}, {3, 5}, {1, 4}], [{8, 6}, {2, 7}, {3, 5}, {4}, {1}], [{8, 6}, {2, 7}, {4, 5}, {1, 3}], [{8, 6}, {2, 7}, {5}, {1, 4}, {3}], [{8, 6}, {3, 7}, {1, 5}, {2, 4}], [{8, 6}, {3, 7}, {2, 5}, {1, 4}], [{8, 6}, {3, 7}, {2, 5}, {4}, {1}], [{8, 6}, {3, 7}, {4, 5}, {1, 2}], [{8, 6}, {3, 7}, {5}, {1, 4}, {2}], [{8, 6}, {4, 7}, {1, 5}, {2, 3}], [{8, 6}, {4, 7}, {2, 5}, {1, 3}], [{8, 6}, {4, 7}, {3, 5}, {1, 2}], [{8, 6}, {4, 7}, {3, 5}, {2}, {1}], [{8, 6}, {5, 7}, {1, 4}, {2, 3}], [{8, 6}, {5, 7}, {1, 4}, {3}, {2}], [{8, 6}, {5, 7}, {2, 4}, {1, 3}], [{8, 6}, {5, 7}, {3, 4}, {1, 2}], [{8, 6}, {5, 7}, {4}, {2, 3}, {1}], [{8, 6}, {7}, {2, 5}, {1, 4}, {3}], [{8, 6}, {7}, {3, 5}, {1, 4}, {2}], [{8, 6}, {7}, {3, 5}, {2, 4}, {1}], [{8, 6}, {7}, {3, 5}, {4}, {1, 2}], [{8, 6}, {7}, {3, 5}, {4}, {2}, {1}], [{8, 6}, {7}, {5}, {1, 4}, {2, 3}], [{8, 7}, {1, 6}, {2, 5}, {3, 4}], [{8, 7}, {1, 6}, {3, 5}, {2, 4}], [{8, 7}, {1, 6}, {3, 5}, {4}, {2}], [{8, 7}, {1, 6}, {4, 5}, {2, 3}], [{8, 7}, {1, 6}, {5}, {2, 4}, {3}], [{8, 7}, {2, 6}, {1, 5}, {3, 4}], [{8, 7}, {2, 6}, {3, 5}, {1, 4}], [{8, 7}, {2, 6}, {3, 5}, {4}, {1}], [{8, 7}, {2, 6}, {4, 5}, {1, 3}], [{8, 7}, {2, 6}, {5}, {1, 4}, {3}], [{8, 7}, {3, 6}, {1, 5}, {2, 4}], [{8, 7}, {3, 6}, {2, 5}, {1, 4}], [{8, 7}, {3, 6}, {2, 5}, {4}, {1}], [{8, 7}, {3, 6}, {4, 5}, {1, 2}], [{8, 7}, {3, 6}, {5}, {1, 4}, {2}], [{8, 7}, {4, 6}, {1, 5}, {2, 3}], [{8, 7}, {4, 6}, {2, 5}, {1, 3}], [{8, 7}, {4, 6}, {3, 5}, {1, 2}], [{8, 7}, {4, 6}, {3, 5}, {2}, {1}], [{8, 7}, {5, 6}, {1, 4}, {2, 3}], [{8, 7}, {5, 6}, {1, 4}, {3}, {2}], [{8, 7}, {5, 6}, {2, 4}, {1, 3}], [{8, 7}, {5, 6}, {3, 4}, {1, 2}], [{8, 7}, {5, 6}, {4}, {2, 3}, {1}], [{8, 7}, {6}, {2, 5}, {1, 4}, {3}], [{8, 7}, {6}, {3, 5}, {1, 4}, {2}], [{8, 7}, {6}, {3, 5}, {2, 4}, {1}], [{8, 7}, {6}, {3, 5}, {4}, {1, 2}], [{8, 7}, {6}, {3, 5}, {4}, {2}, {1}], [{8, 7}, {6}, {5}, {1, 4}, {2, 3}], [{8}, {1, 7}, {2, 6}, {3, 5}, {4}], [{8}, {1, 7}, {4, 6}, {3, 5}, {2}], [{8}, {1, 7}, {6}, {3, 5}, {2, 4}], [{8}, {1, 7}, {6}, {3, 5}, {4}, {2}], [{8}, {2, 7}, {1, 6}, {3, 5}, {4}], [{8}, {2, 7}, {4, 6}, {3, 5}, {1}], [{8}, {2, 7}, {6}, {3, 5}, {1, 4}], [{8}, {2, 7}, {6}, {3, 5}, {4}, {1}], [{8}, {3, 7}, {5, 6}, {2, 4}, {1}], [{8}, {3, 7}, {6}, {2, 5}, {1, 4}], [{8}, {4, 7}, {1, 6}, {3, 5}, {2}], [{8}, {4, 7}, {2, 6}, {3, 5}, {1}], [{8}, {4, 7}, {6}, {3, 5}, {1, 2}], [{8}, {4, 7}, {6}, {3, 5}, {2}, {1}], [{8}, {5, 7}, {3, 6}, {2, 4}, {1}], [{8}, {5, 7}, {6}, {1, 4}, {2, 3}], [{8}, {6, 7}, {2, 5}, {1, 4}, {3}], [{8}, {6, 7}, {3, 5}, {1, 4}, {2}], [{8}, {6, 7}, {3, 5}, {2, 4}, {1}], [{8}, {6, 7}, {3, 5}, {4}, {1, 2}], [{8}, {6, 7}, {3, 5}, {4}, {2}, {1}], [{8}, {6, 7}, {5}, {1, 4}, {2, 3}], [{8}, {7}, {1, 6}, {3, 5}, {2, 4}], [{8}, {7}, {1, 6}, {3, 5}, {4}, {2}], [{8}, {7}, {2, 6}, {3, 5}, {1, 4}], [{8}, {7}, {2, 6}, {3, 5}, {4}, {1}], [{8}, {7}, {3, 6}, {2, 5}, {1, 4}], [{8}, {7}, {4, 6}, {3, 5}, {1, 2}], [{8}, {7}, {4, 6}, {3, 5}, {2}, {1}], [{8}, {7}, {5, 6}, {1, 4}, {2, 3}], [{8}, {7}, {6}, {2, 5}, {1, 4}, {3}], [{8}, {7}, {6}, {3, 5}, {1, 4}, {2}], [{8}, {7}, {6}, {3, 5}, {2, 4}, {1}], [{8}, {7}, {6}, {3, 5}, {4}, {1, 2}], [{8}, {7}, {6}, {3, 5}, {4}, {2}, {1}], [{8}, {7}, {6}, {5}, {1, 4}, {2, 3}]]",2,16 K_1^3 + 8 K_1^2 K_2 - 32 K_1^2 - 28 K_1 K_2 - 8 K_1 K_3 + 2 K_1 + 16 K_2 + 10 K_3 + 2 K_4 + 15,O1O2O3O4U2U4O5U6U7O8O7U1U5U8O6U3,O1O2O3U4U1O4O5U2O6O7U6U8U7U3O8U5,O1O2O3U4O5U1U6U5U7O6O7U2O4O8U3U8,c,{'O1O2O3O4U2O5U6U7U4O8O6U8U5O7U1U3'},1,"<a href=""/flatknot/8.704039"">8.704039</a>",t^9-56t^7-172t^6-35t^5+224t^4-66t^3-36t^2+8t,-2t^2+4t,,
8.704040,O1O2O3O4U2O5U6U7U5O8O6U1U3O7U4U8,4,5z^2+74z+129,5w^3z^2+74w^2z+129w,False,False,"[[ 0 -2 -2  1  2  2 -1 -1  1],[ 2  0  0  2  2  1  1  1  1],[ 2  0  0  1  2  0  2  1  2],[-1 -2 -1  0  0  1 -2 -1  0],[-2 -2 -2  0  0  2 -4 -2 -1],[-2 -1  0 -1 -2  0 -2 -1 -2],[ 1 -1 -2  2  4  2  0 -1  2],[ 1 -1 -1  1  2  1  1  0  1],[-1 -1 -2  0  1  2 -2 -1  0]]","[[ 0  2  2  1  1 -1 -1 -2 -2],[-2  0  2  0 -1 -2 -4 -2 -2],[-2 -2  0 -1 -2 -1 -2  0 -1],[-1  0  1  0  0 -1 -2 -1 -2],[-1  1  2  0  0 -1 -2 -2 -1],[ 1  2  1  1  1  0  1 -1 -1],[ 1  4  2  2  2 -1  0 -2 -1],[ 2  2  0  1  2  1  2  0  0],[ 2  2  1  2  1  1  1  0  0]]",True,"[-2,-2,-1,-1,1,1,2,2,-2,0,1,2,4,2,2,1,2,1,2,0,1,0,1,2,1,2,1,2,2,1,-1,1,1,2,1,0]","[-2,-2,-1,-1,1,1,2,2,-2,-1,0,1,2,3,4,0,1,-1,1,2,2,0,0,1,2,1,0,1,1,2,-1,0,-1,0,0,0]",t^8+72t^6+188t^4+99t^2+1,"[-2,-2,-1,-1,1,1,2,2,0,-1,0,1,2,2,4,0,0,2,1,2,3,1,0,0,-1,1,1,1,1,2,0,0,-1,1,0,-2]","[-2,-2,-1,-1,1,1,2,2,-2,-1,0,1,2,3,4,0,1,-1,1,2,2,0,0,1,2,1,0,1,1,2,-1,0,-1,0,0,0]","[-2,-2,-1,-1,1,1,2,2,0,1,1,1,2,1,2,1,2,2,1,0,2,1,1,1,1,2,2,2,2,4,0,2,1,1,0,-2]",c,"[[{8, 6}, {3, 7}, {2, 5}, {1, 4}], [{8, 7}, {3, 6}, {2, 5}, {1, 4}]]",1,4 K_1^3 - 32 K_1^2 - 28 K_1 K_2 + 11 K_1 - 4 K_2^2 + 16 K_2 + 13 K_3 + 2 K_4 + 19,O1O2O3O4U5U1O6U2U4O7O5U8U6U7O8U3,O1O2O3U4U1O5O6U2O7O4U5U8U6U7O8U3,O1O2O3U1O4U5U6U4U7O8O5U2O6O7U3U8,c,{'O1O2O3O4U2O5U6U7U5O8O6U1U3O7U4U8'},1,"<a href=""/flatknot/8.704040"">8.704040</a>",t^9-72t^7-268t^6-106t^5+490t^4+300t^3-146t^2-49t+16,0,,
8.704041,O1O2O3O4U2O5U6U7U5O8O6U1U3O7U8U4,3,14z^2+71z+87,14w^3z^2-8w^3z+79w^2z+87w,False,False,"[[ 0 -2 -2  1  3  2 -1 -1  0],[ 2  0  0  2  3  1  1  1  0],[ 2  0  0  1  2  0  2  1  1],[-1 -2 -1  0  1  1 -2 -1 -1],[-3 -3 -2 -1  0  2 -4 -2 -2],[-2 -1  0 -1 -2  0 -2 -1 -2],[ 1 -1 -2  2  4  2  0 -1  1],[ 1 -1 -1  1  2  1  1  0  0],[ 0  0 -1  1  2  2 -1  0  0]]","[[ 0  3  2  1  0 -1 -1 -2 -2],[-3  0  2 -1 -2 -2 -4 -2 -3],[-2 -2  0 -1 -2 -1 -2  0 -1],[-1  1  1  0 -1 -1 -2 -1 -2],[ 0  2  2  1  0  0 -1 -1  0],[ 1  2  1  1  0  0  1 -1 -1],[ 1  4  2  2  1 -1  0 -2 -1],[ 2  2  0  1  1  1  2  0  0],[ 2  3  1  2  0  1  1  0  0]]",True,"[-3,-2,-1,0,1,1,2,2,-2,1,2,2,4,2,3,1,2,1,2,0,1,1,1,2,1,2,0,1,1,0,-1,1,1,2,1,0]","[-3,-2,-1,0,1,1,2,2,-2,1,2,2,4,2,3,1,2,1,2,0,1,1,1,2,1,2,0,1,1,0,-1,1,1,2,1,0]",t^8+74t^6+264t^4+134t^2,"[-2,-2,-1,-1,0,1,2,3,0,-1,0,1,2,4,3,0,0,2,1,3,2,1,0,0,1,0,1,1,2,2,0,0,1,0,1,3]","[-3,-2,-1,0,1,1,2,2,3,1,1,0,2,2,3,0,0,1,2,3,4,0,0,1,1,2,0,1,2,1,-1,0,-1,0,0,0]","[-2,-2,-1,-1,0,1,2,3,0,1,1,0,2,1,3,1,2,1,1,0,2,1,0,1,1,2,1,2,2,4,1,2,2,1,1,-2]",c,"[[{8, 1}, {2, 7}, {3, 6}, {4, 5}], [{8, 1}, {2, 7}, {4, 6}, {3, 5}], [{8, 1}, {2, 7}, {4, 6}, {5}, {3}], [{8, 1}, {2, 7}, {5, 6}, {3, 4}], [{8, 1}, {3, 7}, {2, 6}, {4, 5}], [{8, 1}, {3, 7}, {2, 6}, {5}, {4}], [{8, 1}, {3, 7}, {4, 6}, {2, 5}], [{8, 1}, {3, 7}, {4, 6}, {5}, {2}], [{8, 1}, {3, 7}, {5, 6}, {2, 4}], [{8, 1}, {3, 7}, {5, 6}, {4}, {2}], [{8, 1}, {3, 7}, {6}, {2, 5}, {4}], [{8, 1}, {3, 7}, {6}, {4, 5}, {2}], [{8, 1}, {3, 7}, {6}, {5}, {2, 4}], [{8, 1}, {3, 7}, {6}, {5}, {4}, {2}], [{8, 1}, {4, 7}, {2, 6}, {3, 5}], [{8, 1}, {4, 7}, {3, 6}, {2, 5}], [{8, 1}, {4, 7}, {3, 6}, {5}, {2}], [{8, 1}, {4, 7}, {5, 6}, {2, 3}], [{8, 1}, {5, 7}, {2, 6}, {3, 4}], [{8, 1}, {5, 7}, {2, 6}, {4}, {3}], [{8, 1}, {5, 7}, {3, 6}, {2, 4}], [{8, 1}, {5, 7}, {4, 6}, {2, 3}], [{8, 1}, {5, 7}, {4, 6}, {3}, {2}], [{8, 1}, {5, 7}, {6}, {2, 4}, {3}], [{8, 1}, {6, 7}, {2, 5}, {3, 4}], [{8, 1}, {6, 7}, {3, 5}, {2, 4}], [{8, 1}, {6, 7}, {4, 5}, {2, 3}], [{8, 1}, {6, 7}, {5}, {3, 4}, {2}], [{8, 1}, {7}, {2, 6}, {3, 5}, {4}], [{8, 1}, {7}, {4, 6}, {2, 5}, {3}], [{8, 1}, {7}, {4, 6}, {3, 5}, {2}], [{8, 1}, {7}, {4, 6}, {5}, {2, 3}], [{8, 1}, {7}, {4, 6}, {5}, {3}, {2}], [{8, 1}, {7}, {6}, {3, 5}, {2, 4}], [{8, 2}, {1, 7}, {3, 6}, {4, 5}], [{8, 2}, {1, 7}, {4, 6}, {3, 5}], [{8, 2}, {1, 7}, {5, 6}, {3, 4}], [{8, 2}, {3, 7}, {1, 6}, {4, 5}], [{8, 2}, {3, 7}, {4, 6}, {1, 5}], [{8, 2}, {3, 7}, {4, 6}, {5}, {1}], [{8, 2}, {3, 7}, {5, 6}, {1, 4}], [{8, 2}, {4, 7}, {1, 6}, {3, 5}], [{8, 2}, {4, 7}, {3, 6}, {1, 5}], [{8, 2}, {4, 7}, {3, 6}, {5}, {1}], [{8, 2}, {4, 7}, {5, 6}, {1, 3}], [{8, 2}, {5, 7}, {1, 6}, {3, 4}], [{8, 2}, {5, 7}, {3, 6}, {1, 4}], [{8, 2}, {5, 7}, {4, 6}, {1, 3}], [{8, 2}, {6, 7}, {1, 5}, {3, 4}], [{8, 2}, {6, 7}, {1, 5}, {4}, {3}], [{8, 2}, {6, 7}, {3, 5}, {1, 4}], [{8, 2}, {6, 7}, {3, 5}, {4}, {1}], [{8, 2}, {6, 7}, {4, 5}, {1, 3}], [{8, 2}, {6, 7}, {4, 5}, {3}, {1}], [{8, 2}, {6, 7}, {5}, {1, 4}, {3}], [{8, 2}, {6, 7}, {5}, {3, 4}, {1}], [{8, 2}, {6, 7}, {5}, {4}, {1, 3}], [{8, 2}, {6, 7}, {5}, {4}, {3}, {1}], [{8, 2}, {7}, {6}, {3, 5}, {1, 4}], [{8, 3}, {1, 7}, {2, 6}, {4, 5}], [{8, 3}, {1, 7}, {2, 6}, {5}, {4}], [{8, 3}, {1, 7}, {4, 6}, {2, 5}], [{8, 3}, {1, 7}, {4, 6}, {5}, {2}], [{8, 3}, {1, 7}, {5, 6}, {2, 4}], [{8, 3}, {1, 7}, {6}, {5}, {2, 4}], [{8, 3}, {2, 7}, {1, 6}, {4, 5}], [{8, 3}, {2, 7}, {1, 6}, {5}, {4}], [{8, 3}, {2, 7}, {4, 6}, {1, 5}], [{8, 3}, {2, 7}, {5, 6}, {1, 4}], [{8, 3}, {4, 7}, {1, 6}, {2, 5}], [{8, 3}, {4, 7}, {2, 6}, {1, 5}], [{8, 3}, {4, 7}, {5, 6}, {1, 2}], [{8, 3}, {4, 7}, {5, 6}, {2}, {1}], [{8, 3}, {5, 7}, {1, 6}, {2, 4}], [{8, 3}, {5, 7}, {2, 6}, {1, 4}], [{8, 3}, {5, 7}, {2, 6}, {4}, {1}], [{8, 3}, {5, 7}, {4, 6}, {1, 2}], [{8, 3}, {5, 7}, {4, 6}, {2}, {1}], [{8, 3}, {5, 7}, {6}, {2, 4}, {1}], [{8, 3}, {6, 7}, {1, 5}, {2, 4}], [{8, 3}, {6, 7}, {2, 5}, {1, 4}], [{8, 3}, {6, 7}, {2, 5}, {4}, {1}], [{8, 3}, {6, 7}, {4, 5}, {1, 2}], [{8, 3}, {6, 7}, {5}, {1, 4}, {2}], [{8, 3}, {7}, {2, 6}, {1, 5}, {4}], [{8, 3}, {7}, {4, 6}, {1, 5}, {2}], [{8, 3}, {7}, {6}, {1, 5}, {2, 4}], [{8, 3}, {7}, {6}, {2, 5}, {1, 4}], [{8, 4}, {1, 7}, {2, 6}, {3, 5}], [{8, 4}, {1, 7}, {3, 6}, {2, 5}], [{8, 4}, {1, 7}, {5, 6}, {2, 3}], [{8, 4}, {1, 7}, {5, 6}, {3}, {2}], [{8, 4}, {2, 7}, {1, 6}, {3, 5}], [{8, 4}, {2, 7}, {3, 6}, {1, 5}], [{8, 4}, {2, 7}, {5, 6}, {1, 3}], [{8, 4}, {3, 7}, {1, 6}, {2, 5}], [{8, 4}, {3, 7}, {1, 6}, {5}, {2}], [{8, 4}, {3, 7}, {2, 6}, {1, 5}], [{8, 4}, {3, 7}, {5, 6}, {1, 2}], [{8, 4}, {3, 7}, {6}, {2, 5}, {1}], [{8, 4}, {5, 7}, {1, 6}, {2, 3}], [{8, 4}, {5, 7}, {2, 6}, {1, 3}], [{8, 4}, {5, 7}, {3, 6}, {1, 2}], [{8, 4}, {6, 7}, {1, 5}, {2, 3}], [{8, 4}, {6, 7}, {1, 5}, {3}, {2}], [{8, 4}, {6, 7}, {2, 5}, {1, 3}], [{8, 4}, {6, 7}, {3, 5}, {1, 2}], [{8, 4}, {7}, {1, 6}, {2, 5}, {3}], [{8, 5}, {1, 7}, {2, 6}, {3, 4}], [{8, 5}, {1, 7}, {2, 6}, {4}, {3}], [{8, 5}, {1, 7}, {3, 6}, {2, 4}], [{8, 5}, {1, 7}, {4, 6}, {2, 3}], [{8, 5}, {1, 7}, {4, 6}, {3}, {2}], [{8, 5}, {1, 7}, {6}, {2, 4}, {3}], [{8, 5}, {2, 7}, {1, 6}, {3, 4}], [{8, 5}, {2, 7}, {1, 6}, {4}, {3}], [{8, 5}, {2, 7}, {3, 6}, {1, 4}], [{8, 5}, {2, 7}, {4, 6}, {1, 3}], [{8, 5}, {3, 7}, {1, 6}, {2, 4}], [{8, 5}, {3, 7}, {2, 6}, {1, 4}], [{8, 5}, {3, 7}, {2, 6}, {4}, {1}], [{8, 5}, {3, 7}, {4, 6}, {1, 2}], [{8, 5}, {3, 7}, {4, 6}, {2}, {1}], [{8, 5}, {3, 7}, {6}, {2, 4}, {1}], [{8, 5}, {4, 7}, {1, 6}, {2, 3}], [{8, 5}, {4, 7}, {2, 6}, {1, 3}], [{8, 5}, {4, 7}, {3, 6}, {1, 2}], [{8, 5}, {4, 7}, {3, 6}, {2}, {1}], [{8, 5}, {6, 7}, {1, 4}, {2, 3}], [{8, 5}, {6, 7}, {1, 4}, {3}, {2}], [{8, 5}, {6, 7}, {2, 4}, {1, 3}], [{8, 5}, {6, 7}, {3, 4}, {1, 2}], [{8, 5}, {6, 7}, {4}, {2, 3}, {1}], [{8, 5}, {7}, {2, 6}, {4}, {1, 3}], [{8, 5}, {7}, {4, 6}, {1, 3}, {2}], [{8, 5}, {7}, {6}, {1, 4}, {2, 3}], [{8, 5}, {7}, {6}, {2, 4}, {1, 3}], [{8, 6}, {1, 7}, {2, 5}, {3, 4}], [{8, 6}, {1, 7}, {3, 5}, {2, 4}], [{8, 6}, {1, 7}, {4, 5}, {2, 3}], [{8, 6}, {1, 7}, {5}, {3, 4}, {2}], [{8, 6}, {2, 7}, {1, 5}, {3, 4}], [{8, 6}, {2, 7}, {3, 5}, {1, 4}], [{8, 6}, {2, 7}, {4, 5}, {1, 3}], [{8, 6}, {2, 7}, {4, 5}, {3}, {1}], [{8, 6}, {3, 7}, {1, 5}, {2, 4}], [{8, 6}, {3, 7}, {2, 5}, {1, 4}], [{8, 6}, {3, 7}, {2, 5}, {4}, {1}], [{8, 6}, {3, 7}, {4, 5}, {1, 2}], [{8, 6}, {3, 7}, {5}, {1, 4}, {2}], [{8, 6}, {4, 7}, {1, 5}, {2, 3}], [{8, 6}, {4, 7}, {2, 5}, {1, 3}], [{8, 6}, {4, 7}, {3, 5}, {1, 2}], [{8, 6}, {4, 7}, {3, 5}, {2}, {1}], [{8, 6}, {5, 7}, {1, 4}, {2, 3}], [{8, 6}, {5, 7}, {2, 4}, {1, 3}], [{8, 6}, {5, 7}, {3, 4}, {1, 2}], [{8, 6}, {5, 7}, {4}, {2, 3}, {1}], [{8, 6}, {7}, {1, 5}, {2, 4}, {3}], [{8, 6}, {7}, {2, 5}, {1, 4}, {3}], [{8, 7}, {1, 6}, {2, 5}, {3, 4}], [{8, 7}, {1, 6}, {3, 5}, {2, 4}], [{8, 7}, {1, 6}, {4, 5}, {2, 3}], [{8, 7}, {2, 6}, {1, 5}, {3, 4}], [{8, 7}, {2, 6}, {1, 5}, {4}, {3}], [{8, 7}, {2, 6}, {3, 5}, {1, 4}], [{8, 7}, {2, 6}, {3, 5}, {4}, {1}], [{8, 7}, {2, 6}, {4, 5}, {1, 3}], [{8, 7}, {2, 6}, {4, 5}, {3}, {1}], [{8, 7}, {2, 6}, {5}, {1, 4}, {3}], [{8, 7}, {2, 6}, {5}, {3, 4}, {1}], [{8, 7}, {2, 6}, {5}, {4}, {1, 3}], [{8, 7}, {2, 6}, {5}, {4}, {3}, {1}], [{8, 7}, {3, 6}, {1, 5}, {2, 4}], [{8, 7}, {3, 6}, {2, 5}, {1, 4}], [{8, 7}, {3, 6}, {4, 5}, {1, 2}], [{8, 7}, {4, 6}, {1, 5}, {2, 3}], [{8, 7}, {4, 6}, {1, 5}, {3}, {2}], [{8, 7}, {4, 6}, {2, 5}, {1, 3}], [{8, 7}, {4, 6}, {3, 5}, {1, 2}], [{8, 7}, {4, 6}, {3, 5}, {2}, {1}], [{8, 7}, {4, 6}, {5}, {1, 3}, {2}], [{8, 7}, {5, 6}, {1, 4}, {2, 3}], [{8, 7}, {5, 6}, {1, 4}, {3}, {2}], [{8, 7}, {5, 6}, {2, 4}, {1, 3}], [{8, 7}, {5, 6}, {3, 4}, {1, 2}], [{8, 7}, {6}, {1, 5}, {2, 4}, {3}], [{8, 7}, {6}, {2, 5}, {1, 4}, {3}], [{8, 7}, {6}, {3, 5}, {2, 4}, {1}], [{8, 7}, {6}, {5}, {2, 4}, {1, 3}], [{8}, {1, 7}, {2, 6}, {3, 5}, {4}], [{8}, {1, 7}, {3, 6}, {2, 5}, {4}], [{8}, {1, 7}, {4, 6}, {3, 5}, {2}], [{8}, {1, 7}, {6}, {3, 5}, {2, 4}], [{8}, {2, 7}, {1, 6}, {3, 5}, {4}], [{8}, {2, 7}, {3, 6}, {1, 5}, {4}], [{8}, {3, 7}, {1, 6}, {2, 5}, {4}], [{8}, {3, 7}, {2, 6}, {1, 5}, {4}], [{8}, {3, 7}, {4, 6}, {1, 5}, {2}], [{8}, {3, 7}, {4, 6}, {2, 5}, {1}], [{8}, {3, 7}, {4, 6}, {5}, {1, 2}], [{8}, {3, 7}, {4, 6}, {5}, {2}, {1}], [{8}, {3, 7}, {6}, {1, 5}, {2, 4}], [{8}, {3, 7}, {6}, {2, 5}, {1, 4}], [{8}, {4, 7}, {3, 6}, {1, 5}, {2}], [{8}, {4, 7}, {3, 6}, {2, 5}, {1}], [{8}, {4, 7}, {3, 6}, {5}, {1, 2}], [{8}, {4, 7}, {3, 6}, {5}, {2}, {1}], [{8}, {5, 7}, {2, 6}, {4}, {1, 3}], [{8}, {5, 7}, {4, 6}, {1, 3}, {2}], [{8}, {5, 7}, {6}, {2, 4}, {1, 3}], [{8}, {6, 7}, {1, 5}, {2, 4}, {3}], [{8}, {6, 7}, {2, 5}, {1, 4}, {3}], [{8}, {6, 7}, {3, 5}, {1, 4}, {2}], [{8}, {6, 7}, {5}, {1, 4}, {2, 3}], [{8}, {6, 7}, {5}, {3, 4}, {1, 2}], [{8}, {7}, {3, 6}, {1, 5}, {2, 4}], [{8}, {7}, {3, 6}, {2, 5}, {1, 4}], [{8}, {7}, {6}, {1, 5}, {2, 4}, {3}], [{8}, {7}, {6}, {2, 5}, {1, 4}, {3}]]",2,4 K_1^3 + 4 K_1^2 K_2 - 12 K_1^2 - 10 K_1 K_2 - 2 K_1 K_3 + 2 K_1 - 2 K_2^2 + 5 K_2 + 4 K_3 + K_4 + 7,O1O2O3O4U1U5O6U2U4O7O5U8U6U7O8U3,O1O2O3U4U1O5O6U2O4O7U5U8U6U7O8U3,O1O2O3U1O4U5U6U4U7O5O8U2O6O7U3U8,c,{'O1O2O3O4U2O5U6U7U5O8O6U1U3O7U8U4'},1,"<a href=""/flatknot/8.704041"">8.704041</a>",t^9-70t^7-294t^6-199t^5+704t^4+1113t^3+260t^2-364t-192,-t^3+t^2+t,,
8.704042,O1O2O3O4U2O5U6U7U5O8O6U1U4O7U3U8,4,z^3+20z^2+102z+133,w^4z^3+20w^3z^2+102w^2z+133w,False,False,"[[ 0 -2 -2  1  2  2 -1 -1  1],[ 2  0  0  2  2  1  1  1  1],[ 2  0  0  2  1  0  2  1  2],[-1 -2 -2  0  1  2 -3 -2  0],[-2 -2 -1 -1  0  1 -3 -2 -1],[-2 -1  0 -2 -1  0 -2 -1 -2],[ 1 -1 -2  3  3  2  0 -1  2],[ 1 -1 -1  2  2  1  1  0  1],[-1 -1 -2  0  1  2 -2 -1  0]]","[[ 0  2  2  1  1 -1 -1 -2 -2],[-2  0  1 -1 -1 -2 -3 -1 -2],[-2 -1  0 -2 -2 -1 -2  0 -1],[-1  1  2  0  0 -1 -2 -2 -1],[-1  1  2  0  0 -2 -3 -2 -2],[ 1  2  1  1  2  0  1 -1 -1],[ 1  3  2  2  3 -1  0 -2 -1],[ 2  1  0  2  2  1  2  0  0],[ 2  2  1  1  2  1  1  0  0]]",True,"[-2,-2,-1,-1,1,1,2,2,-1,1,1,2,3,1,2,2,2,1,2,0,1,0,1,2,2,1,2,3,2,2,-1,1,1,2,1,0]","[-2,-2,-1,-1,1,1,2,2,-1,-1,-1,1,2,3,4,0,0,0,1,2,3,0,-1,0,1,1,0,1,2,1,-1,0,-1,0,0,0]",t^8+74t^6+159t^4+64t^2,"[-2,-2,-1,-1,1,1,2,2,0,-1,0,1,1,3,4,0,0,1,2,2,3,1,-1,0,0,1,0,1,1,2,0,0,-1,0,-1,-1]","[-2,-2,-1,-1,1,1,2,2,-1,-1,-1,1,2,3,4,0,0,0,1,2,3,0,-1,0,1,1,0,1,2,1,-1,0,-1,0,0,0]","[-2,-2,-1,-1,1,1,2,2,0,1,1,1,2,1,2,1,2,2,2,0,1,1,1,2,1,2,2,3,2,3,0,2,1,2,1,-1]",c,"[[{8, 1}, {2, 7}, {3, 6}, {4, 5}], [{8, 1}, {2, 7}, {3, 6}, {5}, {4}], [{8, 1}, {2, 7}, {4, 6}, {3, 5}], [{8, 1}, {2, 7}, {5, 6}, {3, 4}], [{8, 1}, {3, 7}, {2, 6}, {4, 5}], [{8, 1}, {3, 7}, {4, 6}, {2, 5}], [{8, 1}, {3, 7}, {5, 6}, {2, 4}], [{8, 1}, {3, 7}, {5, 6}, {4}, {2}], [{8, 1}, {3, 7}, {6}, {5}, {2, 4}], [{8, 1}, {4, 7}, {2, 6}, {3, 5}], [{8, 1}, {4, 7}, {2, 6}, {5}, {3}], [{8, 1}, {4, 7}, {3, 6}, {2, 5}], [{8, 1}, {4, 7}, {5, 6}, {2, 3}], [{8, 1}, {5, 7}, {2, 6}, {3, 4}], [{8, 1}, {5, 7}, {3, 6}, {2, 4}], [{8, 1}, {5, 7}, {4, 6}, {2, 3}], [{8, 1}, {6, 7}, {2, 5}, {3, 4}], [{8, 1}, {6, 7}, {3, 5}, {2, 4}], [{8, 1}, {6, 7}, {3, 5}, {4}, {2}], [{8, 1}, {6, 7}, {4, 5}, {2, 3}], [{8, 1}, {7}, {5, 6}, {2, 4}, {3}], [{8, 2}, {1, 7}, {3, 6}, {4, 5}], [{8, 2}, {1, 7}, {3, 6}, {5}, {4}], [{8, 2}, {1, 7}, {4, 6}, {3, 5}], [{8, 2}, {1, 7}, {5, 6}, {3, 4}], [{8, 2}, {3, 7}, {1, 6}, {4, 5}], [{8, 2}, {3, 7}, {4, 6}, {1, 5}], [{8, 2}, {3, 7}, {4, 6}, {5}, {1}], [{8, 2}, {3, 7}, {5, 6}, {1, 4}], [{8, 2}, {3, 7}, {6}, {1, 5}, {4}], [{8, 2}, {4, 7}, {1, 6}, {3, 5}], [{8, 2}, {4, 7}, {3, 6}, {1, 5}], [{8, 2}, {4, 7}, {5, 6}, {1, 3}], [{8, 2}, {4, 7}, {6}, {1, 5}, {3}], [{8, 2}, {4, 7}, {6}, {3, 5}, {1}], [{8, 2}, {4, 7}, {6}, {5}, {1, 3}], [{8, 2}, {5, 7}, {1, 6}, {3, 4}], [{8, 2}, {5, 7}, {3, 6}, {1, 4}], [{8, 2}, {5, 7}, {4, 6}, {1, 3}], [{8, 2}, {5, 7}, {6}, {1, 4}, {3}], [{8, 2}, {6, 7}, {1, 5}, {3, 4}], [{8, 2}, {6, 7}, {3, 5}, {1, 4}], [{8, 2}, {6, 7}, {4, 5}, {1, 3}], [{8, 2}, {6, 7}, {5}, {1, 4}, {3}], [{8, 2}, {7}, {1, 6}, {5}, {3, 4}], [{8, 2}, {7}, {5, 6}, {1, 4}, {3}], [{8, 2}, {7}, {5, 6}, {3, 4}, {1}], [{8, 2}, {7}, {5, 6}, {4}, {1, 3}], [{8, 2}, {7}, {6}, {1, 5}, {3, 4}], [{8, 3}, {1, 7}, {2, 6}, {4, 5}], [{8, 3}, {1, 7}, {4, 6}, {2, 5}], [{8, 3}, {1, 7}, {5, 6}, {2, 4}], [{8, 3}, {2, 7}, {1, 6}, {4, 5}], [{8, 3}, {2, 7}, {4, 6}, {1, 5}], [{8, 3}, {2, 7}, {5, 6}, {1, 4}], [{8, 3}, {4, 7}, {1, 6}, {2, 5}], [{8, 3}, {4, 7}, {2, 6}, {1, 5}], [{8, 3}, {4, 7}, {2, 6}, {5}, {1}], [{8, 3}, {4, 7}, {5, 6}, {1, 2}], [{8, 3}, {5, 7}, {1, 6}, {2, 4}], [{8, 3}, {5, 7}, {2, 6}, {1, 4}], [{8, 3}, {5, 7}, {4, 6}, {1, 2}], [{8, 3}, {6, 7}, {1, 5}, {2, 4}], [{8, 3}, {6, 7}, {2, 5}, {1, 4}], [{8, 3}, {6, 7}, {4, 5}, {1, 2}], [{8, 3}, {7}, {1, 6}, {2, 5}, {4}], [{8, 3}, {7}, {4, 6}, {2, 5}, {1}], [{8, 3}, {7}, {5, 6}, {4}, {1, 2}], [{8, 3}, {7}, {6}, {1, 5}, {2, 4}], [{8, 3}, {7}, {6}, {2, 5}, {1, 4}], [{8, 4}, {1, 7}, {2, 6}, {3, 5}], [{8, 4}, {1, 7}, {3, 6}, {2, 5}], [{8, 4}, {1, 7}, {3, 6}, {5}, {2}], [{8, 4}, {1, 7}, {5, 6}, {2, 3}], [{8, 4}, {2, 7}, {1, 6}, {3, 5}], [{8, 4}, {2, 7}, {3, 6}, {1, 5}], [{8, 4}, {2, 7}, {5, 6}, {1, 3}], [{8, 4}, {3, 7}, {1, 6}, {2, 5}], [{8, 4}, {3, 7}, {2, 6}, {1, 5}], [{8, 4}, {3, 7}, {5, 6}, {1, 2}], [{8, 4}, {3, 7}, {5, 6}, {2}, {1}], [{8, 4}, {5, 7}, {1, 6}, {2, 3}], [{8, 4}, {5, 7}, {1, 6}, {3}, {2}], [{8, 4}, {5, 7}, {2, 6}, {1, 3}], [{8, 4}, {5, 7}, {3, 6}, {1, 2}], [{8, 4}, {5, 7}, {3, 6}, {2}, {1}], [{8, 4}, {5, 7}, {6}, {1, 3}, {2}], [{8, 4}, {6, 7}, {1, 5}, {2, 3}], [{8, 4}, {6, 7}, {2, 5}, {1, 3}], [{8, 4}, {6, 7}, {3, 5}, {1, 2}], [{8, 4}, {6, 7}, {3, 5}, {2}, {1}], [{8, 4}, {7}, {3, 6}, {1, 5}, {2}], [{8, 5}, {1, 7}, {2, 6}, {3, 4}], [{8, 5}, {1, 7}, {3, 6}, {2, 4}], [{8, 5}, {1, 7}, {3, 6}, {4}, {2}], [{8, 5}, {1, 7}, {4, 6}, {2, 3}], [{8, 5}, {2, 7}, {1, 6}, {3, 4}], [{8, 5}, {2, 7}, {3, 6}, {1, 4}], [{8, 5}, {2, 7}, {4, 6}, {1, 3}], [{8, 5}, {3, 7}, {1, 6}, {2, 4}], [{8, 5}, {3, 7}, {2, 6}, {1, 4}], [{8, 5}, {3, 7}, {4, 6}, {1, 2}], [{8, 5}, {3, 7}, {4, 6}, {2}, {1}], [{8, 5}, {4, 7}, {1, 6}, {2, 3}], [{8, 5}, {4, 7}, {1, 6}, {3}, {2}], [{8, 5}, {4, 7}, {2, 6}, {1, 3}], [{8, 5}, {4, 7}, {3, 6}, {1, 2}], [{8, 5}, {4, 7}, {3, 6}, {2}, {1}], [{8, 5}, {4, 7}, {6}, {1, 3}, {2}], [{8, 5}, {6, 7}, {1, 4}, {2, 3}], [{8, 5}, {6, 7}, {2, 4}, {1, 3}], [{8, 5}, {6, 7}, {3, 4}, {1, 2}], [{8, 5}, {6, 7}, {3, 4}, {2}, {1}], [{8, 5}, {7}, {3, 6}, {1, 4}, {2}], [{8, 6}, {1, 7}, {2, 5}, {3, 4}], [{8, 6}, {1, 7}, {3, 5}, {2, 4}], [{8, 6}, {1, 7}, {4, 5}, {2, 3}], [{8, 6}, {2, 7}, {1, 5}, {3, 4}], [{8, 6}, {2, 7}, {3, 5}, {1, 4}], [{8, 6}, {2, 7}, {4, 5}, {1, 3}], [{8, 6}, {3, 7}, {1, 5}, {2, 4}], [{8, 6}, {3, 7}, {2, 5}, {1, 4}], [{8, 6}, {3, 7}, {4, 5}, {1, 2}], [{8, 6}, {3, 7}, {5}, {4}, {1, 2}], [{8, 6}, {4, 7}, {1, 5}, {2, 3}], [{8, 6}, {4, 7}, {2, 5}, {1, 3}], [{8, 6}, {4, 7}, {3, 5}, {1, 2}], [{8, 6}, {4, 7}, {5}, {1, 3}, {2}], [{8, 6}, {5, 7}, {1, 4}, {2, 3}], [{8, 6}, {5, 7}, {2, 4}, {1, 3}], [{8, 6}, {5, 7}, {3, 4}, {1, 2}], [{8, 6}, {7}, {2, 5}, {4}, {1, 3}], [{8, 7}, {1, 6}, {2, 5}, {3, 4}], [{8, 7}, {1, 6}, {3, 5}, {2, 4}], [{8, 7}, {1, 6}, {4, 5}, {2, 3}], [{8, 7}, {2, 6}, {1, 5}, {3, 4}], [{8, 7}, {2, 6}, {3, 5}, {1, 4}], [{8, 7}, {2, 6}, {4, 5}, {1, 3}], [{8, 7}, {3, 6}, {1, 5}, {2, 4}], [{8, 7}, {3, 6}, {2, 5}, {1, 4}], [{8, 7}, {3, 6}, {4, 5}, {1, 2}], [{8, 7}, {3, 6}, {5}, {4}, {1, 2}], [{8, 7}, {4, 6}, {1, 5}, {2, 3}], [{8, 7}, {4, 6}, {2, 5}, {1, 3}], [{8, 7}, {4, 6}, {2, 5}, {3}, {1}], [{8, 7}, {4, 6}, {3, 5}, {1, 2}], [{8, 7}, {5, 6}, {1, 4}, {2, 3}], [{8, 7}, {5, 6}, {2, 4}, {1, 3}], [{8, 7}, {5, 6}, {3, 4}, {1, 2}], [{8, 7}, {5, 6}, {4}, {2, 3}, {1}], [{8, 7}, {6}, {3, 5}, {2, 4}, {1}], [{8, 7}, {6}, {4, 5}, {1, 3}, {2}], [{8, 7}, {6}, {5}, {1, 4}, {2, 3}], [{8}, {1, 7}, {3, 6}, {2, 5}, {4}], [{8}, {1, 7}, {3, 6}, {4, 5}, {2}], [{8}, {1, 7}, {3, 6}, {5}, {2, 4}], [{8}, {2, 7}, {4, 6}, {3, 5}, {1}], [{8}, {3, 7}, {4, 6}, {2, 5}, {1}], [{8}, {3, 7}, {5, 6}, {1, 4}, {2}], [{8}, {3, 7}, {6}, {4, 5}, {1, 2}], [{8}, {4, 7}, {2, 6}, {5}, {1, 3}], [{8}, {4, 7}, {5, 6}, {1, 3}, {2}], [{8}, {4, 7}, {6}, {2, 5}, {1, 3}], [{8}, {4, 7}, {6}, {5}, {1, 3}, {2}], [{8}, {6, 7}, {3, 5}, {1, 4}, {2}], [{8}, {7}, {1, 6}, {3, 5}, {2, 4}], [{8}, {7}, {1, 6}, {4, 5}, {2, 3}]]",2,- 20 K_1^2 - 20 K_1 K_2 + 10 K_1 - 4 K_2^2 + 10 K_2 + 10 K_3 + 2 K_4 + 13,O1O2O3O4U5U2O6U1U4O7O5U8U6U7O8U3,O1O2O3U4U1O5O6U2O7O4U5U8U7U6O8U3,O1O2O3U1O4U5U6U4U7O8O6U2O5O7U3U8,c,{'O1O2O3O4U2O5U6U7U5O8O6U1U4O7U3U8'},1,"<a href=""/flatknot/8.704042"">8.704042</a>",t^9-74t^7-302t^6-249t^5+250t^4+53t^3-208t^2+104t+84,0,,
8.704043,O1O2O3O4U2O5U6U7U5O8O6U1U4O7U8U3,4,2z^3+34z^2+105z+91,2w^4z^3-4w^4z^2+38w^3z^2-4w^3z+109w^2z+91w,False,False,"[[ 0 -2 -2  2  2  2 -1 -1  0],[ 2  0  0  3  2  1  1  1  0],[ 2  0  0  2  1  0  2  1  1],[-2 -3 -2  0  0  2 -3 -2 -1],[-2 -2 -1  0  0  1 -3 -2 -1],[-2 -1  0 -2 -1  0 -2 -1 -2],[ 1 -1 -2  3  3  2  0 -1  1],[ 1 -1 -1  2  2  1  1  0  0],[ 0  0 -1  1  1  2 -1  0  0]]","[[ 0  2  2  2  0 -1 -1 -2 -2],[-2  0  2  0 -1 -2 -3 -2 -3],[-2 -2  0 -1 -2 -1 -2  0 -1],[-2  0  1  0 -1 -2 -3 -1 -2],[ 0  1  2  1  0  0 -1 -1  0],[ 1  2  1  2  0  0  1 -1 -1],[ 1  3  2  3  1 -1  0 -2 -1],[ 2  2  0  1  1  1  2  0  0],[ 2  3  1  2  0  1  1  0  0]]",True,"[-2,-2,-2,0,1,1,2,2,-2,0,1,2,3,2,3,1,2,1,2,0,1,1,2,3,1,2,0,1,1,0,-1,1,1,2,1,0]","[-2,-2,-2,0,1,1,2,2,-2,-1,0,1,2,3,4,0,1,0,1,1,2,1,0,1,2,3,0,1,2,1,-1,0,-1,0,0,0]",t^8+71t^6+282t^4+224t^2,"[-2,-2,-1,-1,0,2,2,2,0,-1,0,1,2,3,4,0,0,2,1,2,3,1,0,0,0,1,1,1,1,2,1,1,0,0,-2,-1]","[-2,-2,-2,0,1,1,2,2,-2,-1,0,1,2,3,4,0,1,0,1,1,2,1,0,1,2,3,0,1,2,1,-1,0,-1,0,0,0]","[-2,-2,-1,-1,0,2,2,2,0,1,1,0,1,2,3,1,2,1,0,1,2,1,0,1,2,2,1,2,3,3,2,1,1,-1,-2,0]",c,"[[{8, 1}, {2, 7}, {3, 6}, {4, 5}], [{8, 1}, {2, 7}, {4, 6}, {3, 5}], [{8, 1}, {2, 7}, {5, 6}, {3, 4}], [{8, 1}, {2, 7}, {6}, {3, 5}, {4}], [{8, 1}, {3, 7}, {2, 6}, {4, 5}], [{8, 1}, {3, 7}, {4, 6}, {2, 5}], [{8, 1}, {3, 7}, {4, 6}, {5}, {2}], [{8, 1}, {3, 7}, {5, 6}, {2, 4}], [{8, 1}, {4, 7}, {2, 6}, {3, 5}], [{8, 1}, {4, 7}, {3, 6}, {2, 5}], [{8, 1}, {4, 7}, {5, 6}, {2, 3}], [{8, 1}, {5, 7}, {2, 6}, {3, 4}], [{8, 1}, {5, 7}, {3, 6}, {2, 4}], [{8, 1}, {5, 7}, {4, 6}, {2, 3}], [{8, 1}, {6, 7}, {2, 5}, {3, 4}], [{8, 1}, {6, 7}, {2, 5}, {4}, {3}], [{8, 1}, {6, 7}, {3, 5}, {2, 4}], [{8, 1}, {6, 7}, {4, 5}, {2, 3}], [{8, 1}, {6, 7}, {4, 5}, {3}, {2}], [{8, 1}, {6, 7}, {5}, {2, 4}, {3}], [{8, 1}, {7}, {5, 6}, {4}, {2, 3}], [{8, 2}, {1, 7}, {3, 6}, {4, 5}], [{8, 2}, {1, 7}, {4, 6}, {3, 5}], [{8, 2}, {1, 7}, {5, 6}, {3, 4}], [{8, 2}, {3, 7}, {1, 6}, {4, 5}], [{8, 2}, {3, 7}, {4, 6}, {1, 5}], [{8, 2}, {3, 7}, {5, 6}, {1, 4}], [{8, 2}, {3, 7}, {6}, {5}, {1, 4}], [{8, 2}, {4, 7}, {1, 6}, {3, 5}], [{8, 2}, {4, 7}, {3, 6}, {1, 5}], [{8, 2}, {4, 7}, {5, 6}, {1, 3}], [{8, 2}, {4, 7}, {6}, {1, 5}, {3}], [{8, 2}, {4, 7}, {6}, {3, 5}, {1}], [{8, 2}, {4, 7}, {6}, {5}, {1, 3}], [{8, 2}, {5, 7}, {1, 6}, {3, 4}], [{8, 2}, {5, 7}, {3, 6}, {1, 4}], [{8, 2}, {5, 7}, {3, 6}, {4}, {1}], [{8, 2}, {5, 7}, {4, 6}, {1, 3}], [{8, 2}, {6, 7}, {1, 5}, {3, 4}], [{8, 2}, {6, 7}, {1, 5}, {4}, {3}], [{8, 2}, {6, 7}, {3, 5}, {1, 4}], [{8, 2}, {6, 7}, {4, 5}, {1, 3}], [{8, 2}, {6, 7}, {4, 5}, {3}, {1}], [{8, 2}, {6, 7}, {5}, {1, 4}, {3}], [{8, 2}, {7}, {1, 6}, {5}, {3, 4}], [{8, 2}, {7}, {3, 6}, {5}, {1, 4}], [{8, 2}, {7}, {4, 6}, {1, 5}, {3}], [{8, 2}, {7}, {5, 6}, {4}, {1, 3}], [{8, 3}, {1, 7}, {2, 6}, {4, 5}], [{8, 3}, {1, 7}, {4, 6}, {2, 5}], [{8, 3}, {1, 7}, {5, 6}, {2, 4}], [{8, 3}, {1, 7}, {6}, {2, 5}, {4}], [{8, 3}, {2, 7}, {1, 6}, {4, 5}], [{8, 3}, {2, 7}, {4, 6}, {1, 5}], [{8, 3}, {2, 7}, {4, 6}, {5}, {1}], [{8, 3}, {2, 7}, {5, 6}, {1, 4}], [{8, 3}, {4, 7}, {1, 6}, {2, 5}], [{8, 3}, {4, 7}, {2, 6}, {1, 5}], [{8, 3}, {4, 7}, {5, 6}, {1, 2}], [{8, 3}, {5, 7}, {1, 6}, {2, 4}], [{8, 3}, {5, 7}, {2, 6}, {1, 4}], [{8, 3}, {5, 7}, {2, 6}, {4}, {1}], [{8, 3}, {5, 7}, {4, 6}, {1, 2}], [{8, 3}, {6, 7}, {1, 5}, {2, 4}], [{8, 3}, {6, 7}, {2, 5}, {1, 4}], [{8, 3}, {6, 7}, {4, 5}, {1, 2}], [{8, 3}, {6, 7}, {4, 5}, {2}, {1}], [{8, 3}, {7}, {2, 6}, {5}, {1, 4}], [{8, 3}, {7}, {5, 6}, {4}, {1, 2}], [{8, 3}, {7}, {6}, {1, 5}, {2, 4}], [{8, 4}, {1, 7}, {2, 6}, {3, 5}], [{8, 4}, {1, 7}, {2, 6}, {5}, {3}], [{8, 4}, {1, 7}, {3, 6}, {2, 5}], [{8, 4}, {1, 7}, {5, 6}, {2, 3}], [{8, 4}, {2, 7}, {1, 6}, {3, 5}], [{8, 4}, {2, 7}, {1, 6}, {5}, {3}], [{8, 4}, {2, 7}, {3, 6}, {1, 5}], [{8, 4}, {2, 7}, {5, 6}, {1, 3}], [{8, 4}, {3, 7}, {1, 6}, {2, 5}], [{8, 4}, {3, 7}, {2, 6}, {1, 5}], [{8, 4}, {3, 7}, {5, 6}, {1, 2}], [{8, 4}, {3, 7}, {5, 6}, {2}, {1}], [{8, 4}, {5, 7}, {1, 6}, {2, 3}], [{8, 4}, {5, 7}, {2, 6}, {1, 3}], [{8, 4}, {5, 7}, {3, 6}, {1, 2}], [{8, 4}, {5, 7}, {3, 6}, {2}, {1}], [{8, 4}, {6, 7}, {1, 5}, {2, 3}], [{8, 4}, {6, 7}, {1, 5}, {3}, {2}], [{8, 4}, {6, 7}, {2, 5}, {1, 3}], [{8, 4}, {6, 7}, {2, 5}, {3}, {1}], [{8, 4}, {6, 7}, {3, 5}, {1, 2}], [{8, 4}, {6, 7}, {3, 5}, {2}, {1}], [{8, 4}, {6, 7}, {5}, {1, 3}, {2}], [{8, 4}, {6, 7}, {5}, {2, 3}, {1}], [{8, 4}, {6, 7}, {5}, {3}, {1, 2}], [{8, 4}, {6, 7}, {5}, {3}, {2}, {1}], [{8, 5}, {1, 7}, {2, 6}, {3, 4}], [{8, 5}, {1, 7}, {3, 6}, {2, 4}], [{8, 5}, {1, 7}, {4, 6}, {2, 3}], [{8, 5}, {1, 7}, {6}, {2, 4}, {3}], [{8, 5}, {2, 7}, {1, 6}, {3, 4}], [{8, 5}, {2, 7}, {3, 6}, {1, 4}], [{8, 5}, {2, 7}, {3, 6}, {4}, {1}], [{8, 5}, {2, 7}, {4, 6}, {1, 3}], [{8, 5}, {2, 7}, {6}, {1, 4}, {3}], [{8, 5}, {3, 7}, {1, 6}, {2, 4}], [{8, 5}, {3, 7}, {2, 6}, {1, 4}], [{8, 5}, {3, 7}, {2, 6}, {4}, {1}], [{8, 5}, {3, 7}, {4, 6}, {1, 2}], [{8, 5}, {3, 7}, {6}, {1, 4}, {2}], [{8, 5}, {4, 7}, {1, 6}, {2, 3}], [{8, 5}, {4, 7}, {2, 6}, {1, 3}], [{8, 5}, {4, 7}, {3, 6}, {1, 2}], [{8, 5}, {6, 7}, {1, 4}, {2, 3}], [{8, 5}, {6, 7}, {1, 4}, {3}, {2}], [{8, 5}, {6, 7}, {2, 4}, {1, 3}], [{8, 5}, {6, 7}, {2, 4}, {3}, {1}], [{8, 5}, {6, 7}, {3, 4}, {1, 2}], [{8, 5}, {6, 7}, {3, 4}, {2}, {1}], [{8, 5}, {6, 7}, {4}, {1, 3}, {2}], [{8, 5}, {6, 7}, {4}, {2, 3}, {1}], [{8, 5}, {6, 7}, {4}, {3}, {1, 2}], [{8, 5}, {6, 7}, {4}, {3}, {2}, {1}], [{8, 5}, {7}, {1, 6}, {2, 4}, {3}], [{8, 5}, {7}, {2, 6}, {1, 4}, {3}], [{8, 5}, {7}, {3, 6}, {1, 4}, {2}], [{8, 5}, {7}, {6}, {1, 4}, {2, 3}], [{8, 6}, {1, 7}, {2, 5}, {3, 4}], [{8, 6}, {1, 7}, {3, 5}, {2, 4}], [{8, 6}, {1, 7}, {4, 5}, {2, 3}], [{8, 6}, {2, 7}, {1, 5}, {3, 4}], [{8, 6}, {2, 7}, {3, 5}, {1, 4}], [{8, 6}, {2, 7}, {4, 5}, {1, 3}], [{8, 6}, {2, 7}, {4, 5}, {3}, {1}], [{8, 6}, {3, 7}, {1, 5}, {2, 4}], [{8, 6}, {3, 7}, {2, 5}, {1, 4}], [{8, 6}, {3, 7}, {4, 5}, {1, 2}], [{8, 6}, {4, 7}, {1, 5}, {2, 3}], [{8, 6}, {4, 7}, {2, 5}, {1, 3}], [{8, 6}, {4, 7}, {3, 5}, {1, 2}], [{8, 6}, {5, 7}, {1, 4}, {2, 3}], [{8, 6}, {5, 7}, {2, 4}, {1, 3}], [{8, 6}, {5, 7}, {3, 4}, {1, 2}], [{8, 6}, {7}, {1, 5}, {2, 4}, {3}], [{8, 6}, {7}, {2, 5}, {4}, {1, 3}], [{8, 7}, {1, 6}, {2, 5}, {3, 4}], [{8, 7}, {1, 6}, {3, 5}, {2, 4}], [{8, 7}, {1, 6}, {4, 5}, {2, 3}], [{8, 7}, {2, 6}, {1, 5}, {3, 4}], [{8, 7}, {2, 6}, {3, 5}, {1, 4}], [{8, 7}, {2, 6}, {3, 5}, {4}, {1}], [{8, 7}, {2, 6}, {4, 5}, {1, 3}], [{8, 7}, {2, 6}, {4, 5}, {3}, {1}], [{8, 7}, {2, 6}, {5}, {3, 4}, {1}], [{8, 7}, {3, 6}, {1, 5}, {2, 4}], [{8, 7}, {3, 6}, {2, 5}, {1, 4}], [{8, 7}, {3, 6}, {2, 5}, {4}, {1}], [{8, 7}, {3, 6}, {4, 5}, {1, 2}], [{8, 7}, {4, 6}, {1, 5}, {2, 3}], [{8, 7}, {4, 6}, {2, 5}, {1, 3}], [{8, 7}, {4, 6}, {3, 5}, {1, 2}], [{8, 7}, {4, 6}, {3, 5}, {2}, {1}], [{8, 7}, {5, 6}, {1, 4}, {2, 3}], [{8, 7}, {5, 6}, {2, 4}, {1, 3}], [{8, 7}, {5, 6}, {3, 4}, {1, 2}], [{8, 7}, {6}, {1, 5}, {2, 4}, {3}], [{8, 7}, {6}, {3, 5}, {2, 4}, {1}], [{8, 7}, {6}, {5}, {2, 4}, {1, 3}], [{8}, {1, 7}, {3, 6}, {5}, {2, 4}], [{8}, {2, 7}, {6}, {1, 5}, {3, 4}], [{8}, {3, 7}, {1, 6}, {2, 5}, {4}], [{8}, {3, 7}, {4, 6}, {2, 5}, {1}], [{8}, {3, 7}, {6}, {1, 5}, {2, 4}], [{8}, {3, 7}, {6}, {2, 5}, {1, 4}], [{8}, {4, 7}, {5, 6}, {1, 3}, {2}], [{8}, {5, 7}, {3, 6}, {2, 4}, {1}], [{8}, {6, 7}, {1, 5}, {2, 4}, {3}], [{8}, {6, 7}, {2, 5}, {1, 4}, {3}], [{8}, {6, 7}, {4, 5}, {1, 3}, {2}], [{8}, {6, 7}, {4, 5}, {2, 3}, {1}], [{8}, {6, 7}, {4, 5}, {3}, {1, 2}], [{8}, {6, 7}, {4, 5}, {3}, {2}, {1}], [{8}, {7}, {2, 6}, {3, 5}, {1, 4}], [{8}, {7}, {3, 6}, {1, 5}, {2, 4}], [{8}, {7}, {3, 6}, {2, 5}, {1, 4}]]",2,- 16 K_1^4 + 12 K_1^3 + 20 K_1^2 K_2 - 8 K_1^2 - 12 K_1 K_2 - 2 K_1 K_3 - 3 K_1 - 6 K_2^2 + 3 K_2 + 3 K_3 + K_4 + 9,O1O2O3O4U2U5O6U1U4O7O5U8U6U7O8U3,O1O2O3U4U1O5O6U2O4O7U5U8U7U6O8U3,O1O2O3U1O4U5U6U4U7O6O8U2O5O7U3U8,c,{'O1O2O3O4U2O5U6U7U5O8O6U1U4O7U8U3'},1,"<a href=""/flatknot/8.704043"">8.704043</a>",t^9-69t^7-242t^6+25t^5+756t^4+363t^3-392t^2-91t+62,-t^2+2t,,
8.704044,O1O2O3O4U2O5U6U7U5O8O6U3U1O7U4U8,3,11z^2+80z+117,11w^3z^2+80w^2z+117w,False,False,"[[ 0 -1 -2  0  2  2 -1 -1  1],[ 1  0 -1  1  2  1  0  0  1],[ 2  1  0  1  2  0  2  1  2],[ 0 -1 -1  0  0  1 -1  0  0],[-2 -2 -2  0  0  2 -4 -2 -1],[-2 -1  0 -1 -2  0 -2 -1 -2],[ 1  0 -2  1  4  2  0 -1  2],[ 1  0 -1  0  2  1  1  0  1],[-1 -1 -2  0  1  2 -2 -1  0]]","[[ 0  2  2  1  0 -1 -1 -1 -2],[-2  0  2 -1  0 -2 -2 -4 -2],[-2 -2  0 -2 -1 -1 -1 -2  0],[-1  1  2  0  0 -1 -1 -2 -2],[ 0  0  1  0  0  0 -1 -1 -1],[ 1  2  1  1  0  0  0  1 -1],[ 1  2  1  1  1  0  0  0 -1],[ 1  4  2  2  1 -1  0  0 -2],[ 2  2  0  2  1  1  1  2  0]]",True,"[-2,-2,-1,0,1,1,1,2,-2,1,0,2,2,4,2,2,1,1,1,2,0,0,1,1,2,2,0,1,1,1,0,-1,1,0,1,2]","[-2,-2,-1,0,1,1,1,2,-2,-1,1,1,2,2,4,0,2,-1,1,1,2,1,0,1,1,1,0,0,1,1,0,-1,-1,0,0,0]",t^8+64t^6+88t^4+9t^2,"[-2,-1,-1,-1,0,1,2,2,-1,0,0,1,1,2,4,0,1,0,0,-1,1,0,0,1,1,2,1,1,1,2,1,2,1,0,-1,-2]","[-2,-2,-1,0,1,1,1,2,-2,-1,1,1,2,2,4,0,2,-1,1,1,2,1,0,1,1,1,0,0,1,1,0,-1,-1,0,0,0]","[-2,-1,-1,-1,0,1,2,2,1,1,2,1,2,0,2,0,0,1,1,1,2,1,0,1,1,2,1,2,2,4,0,1,0,2,1,-2]",c,"[[{8, 3}, {4, 7}, {1, 6}, {2, 5}], [{8, 3}, {4, 7}, {2, 6}, {1, 5}], [{8, 3}, {6, 7}, {2, 5}, {1, 4}], [{8, 4}, {1, 7}, {3, 6}, {2, 5}], [{8, 4}, {7}, {3, 6}, {2, 5}, {1}], [{8, 5}, {1, 7}, {3, 6}, {2, 4}], [{8, 5}, {7}, {3, 6}, {2, 4}, {1}]]",1,12 K_1^3 - 22 K_1^2 - 8 K_1 K_2 - 5 K_1 + 11 K_2 + K_3 + 12,O1O2O3O4U5U1O6U4U2O7O5U8U6U7O8U3,O1O2O3U4U1O5O6U2O7O4U6U8U5U7O8U3,O1O2O3U1O4U5U6U4U7O8O5U2O7O6U3U8,c,{'O1O2O3O4U2O5U6U7U5O8O6U3U1O7U4U8'},1,"<a href=""/flatknot/8.704044"">8.704044</a>",t^9-62t^7-214t^6-119t^5+124t^4+100t^3+16t^2,-t^2+2t,,
8.704045,O1O2O3O4U2O5U6U7U5O8O6U3U1O7U8U4,4,2z^3+30z^2+109z+115,2w^4z^3+30w^3z^2+109w^2z+115w,False,False,"[[ 0 -1 -2  0  3  2 -1 -1  0],[ 1  0 -1  1  3  1  0  0  0],[ 2  1  0  1  2  0  2  1  1],[ 0 -1 -1  0  1  1 -1  0 -1],[-3 -3 -2 -1  0  2 -4 -2 -2],[-2 -1  0 -1 -2  0 -2 -1 -2],[ 1  0 -2  1  4  2  0 -1  1],[ 1  0 -1  0  2  1  1  0  0],[ 0  0 -1  1  2  2 -1  0  0]]","[[ 0  3  2  0  0 -1 -1 -1 -2],[-3  0  2 -1 -2 -2 -3 -4 -2],[-2 -2  0 -1 -2 -1 -1 -2  0],[ 0  1  1  0 -1  0 -1 -1 -1],[ 0  2  2  1  0  0  0 -1 -1],[ 1  2  1  0  0  0  0  1 -1],[ 1  3  1  1  0  0  0  0 -1],[ 1  4  2  1  1 -1  0  0 -2],[ 2  2  0  1  1  1  1  2  0]]",True,"[-3,-2,0,0,1,1,1,2,-2,1,2,2,3,4,2,1,2,1,1,2,0,1,0,1,1,1,0,0,1,1,0,-1,1,0,1,2]","[-3,-2,0,0,1,1,1,2,-2,1,2,2,3,4,2,1,2,1,1,2,0,1,0,1,1,1,0,0,1,1,0,-1,1,0,1,2]",t^8+66t^6+167t^4+78t^2+1,"[-2,-1,-1,-1,0,0,2,3,-1,0,0,1,1,4,3,0,1,0,0,1,0,0,0,1,2,1,1,1,2,2,1,1,2,0,1,3]","[-3,-2,0,0,1,1,1,2,3,1,2,0,1,2,3,0,1,1,2,2,4,1,0,1,1,1,0,0,1,1,0,-1,-1,0,0,0]","[-2,-1,-1,-1,0,0,2,3,1,1,2,1,1,0,2,0,0,0,1,1,3,1,0,0,1,2,1,1,2,4,1,2,2,1,1,-2]",c,"[[{8, 1}, {2, 7}, {3, 6}, {4, 5}], [{8, 1}, {2, 7}, {4, 6}, {3, 5}], [{8, 1}, {2, 7}, {5, 6}, {3, 4}], [{8, 1}, {3, 7}, {2, 6}, {4, 5}], [{8, 1}, {3, 7}, {4, 6}, {2, 5}], [{8, 1}, {3, 7}, {5, 6}, {2, 4}], [{8, 1}, {3, 7}, {5, 6}, {4}, {2}], [{8, 1}, {4, 7}, {2, 6}, {3, 5}], [{8, 1}, {4, 7}, {3, 6}, {2, 5}], [{8, 1}, {4, 7}, {5, 6}, {2, 3}], [{8, 1}, {5, 7}, {2, 6}, {3, 4}], [{8, 1}, {5, 7}, {3, 6}, {2, 4}], [{8, 1}, {5, 7}, {4, 6}, {2, 3}], [{8, 1}, {6, 7}, {2, 5}, {3, 4}], [{8, 1}, {6, 7}, {3, 5}, {2, 4}], [{8, 1}, {6, 7}, {4, 5}, {2, 3}], [{8, 1}, {7}, {3, 6}, {2, 5}, {4}], [{8, 1}, {7}, {3, 6}, {4, 5}, {2}], [{8, 1}, {7}, {3, 6}, {5}, {2, 4}], [{8, 1}, {7}, {4, 6}, {2, 5}, {3}], [{8, 1}, {7}, {6}, {2, 5}, {3, 4}], [{8, 2}, {1, 7}, {3, 6}, {4, 5}], [{8, 2}, {1, 7}, {4, 6}, {3, 5}], [{8, 2}, {1, 7}, {5, 6}, {3, 4}], [{8, 2}, {3, 7}, {1, 6}, {4, 5}], [{8, 2}, {3, 7}, {4, 6}, {1, 5}], [{8, 2}, {3, 7}, {5, 6}, {1, 4}], [{8, 2}, {4, 7}, {1, 6}, {3, 5}], [{8, 2}, {4, 7}, {1, 6}, {5}, {3}], [{8, 2}, {4, 7}, {3, 6}, {1, 5}], [{8, 2}, {4, 7}, {5, 6}, {1, 3}], [{8, 2}, {5, 7}, {1, 6}, {3, 4}], [{8, 2}, {5, 7}, {3, 6}, {1, 4}], [{8, 2}, {5, 7}, {4, 6}, {1, 3}], [{8, 2}, {6, 7}, {1, 5}, {3, 4}], [{8, 2}, {6, 7}, {3, 5}, {1, 4}], [{8, 2}, {6, 7}, {3, 5}, {4}, {1}], [{8, 2}, {6, 7}, {4, 5}, {1, 3}], [{8, 2}, {7}, {3, 6}, {1, 5}, {4}], [{8, 2}, {7}, {3, 6}, {4, 5}, {1}], [{8, 2}, {7}, {3, 6}, {5}, {1, 4}], [{8, 2}, {7}, {4, 6}, {1, 5}, {3}], [{8, 2}, {7}, {6}, {1, 5}, {3, 4}], [{8, 3}, {1, 7}, {2, 6}, {4, 5}], [{8, 3}, {1, 7}, {2, 6}, {5}, {4}], [{8, 3}, {1, 7}, {4, 6}, {2, 5}], [{8, 3}, {1, 7}, {4, 6}, {5}, {2}], [{8, 3}, {1, 7}, {5, 6}, {2, 4}], [{8, 3}, {1, 7}, {5, 6}, {4}, {2}], [{8, 3}, {1, 7}, {6}, {2, 5}, {4}], [{8, 3}, {1, 7}, {6}, {4, 5}, {2}], [{8, 3}, {1, 7}, {6}, {5}, {2, 4}], [{8, 3}, {1, 7}, {6}, {5}, {4}, {2}], [{8, 3}, {2, 7}, {1, 6}, {4, 5}], [{8, 3}, {2, 7}, {4, 6}, {1, 5}], [{8, 3}, {2, 7}, {4, 6}, {5}, {1}], [{8, 3}, {2, 7}, {5, 6}, {1, 4}], [{8, 3}, {4, 7}, {1, 6}, {2, 5}], [{8, 3}, {4, 7}, {1, 6}, {5}, {2}], [{8, 3}, {4, 7}, {2, 6}, {1, 5}], [{8, 3}, {4, 7}, {5, 6}, {1, 2}], [{8, 3}, {4, 7}, {6}, {2, 5}, {1}], [{8, 3}, {5, 7}, {1, 6}, {2, 4}], [{8, 3}, {5, 7}, {2, 6}, {1, 4}], [{8, 3}, {5, 7}, {2, 6}, {4}, {1}], [{8, 3}, {5, 7}, {4, 6}, {1, 2}], [{8, 3}, {5, 7}, {4, 6}, {2}, {1}], [{8, 3}, {5, 7}, {6}, {2, 4}, {1}], [{8, 3}, {6, 7}, {1, 5}, {2, 4}], [{8, 3}, {6, 7}, {2, 5}, {1, 4}], [{8, 3}, {6, 7}, {2, 5}, {4}, {1}], [{8, 3}, {6, 7}, {4, 5}, {1, 2}], [{8, 3}, {6, 7}, {5}, {1, 4}, {2}], [{8, 3}, {7}, {1, 6}, {2, 5}, {4}], [{8, 3}, {7}, {2, 6}, {1, 5}, {4}], [{8, 3}, {7}, {4, 6}, {1, 5}, {2}], [{8, 3}, {7}, {4, 6}, {2, 5}, {1}], [{8, 3}, {7}, {4, 6}, {5}, {1, 2}], [{8, 3}, {7}, {4, 6}, {5}, {2}, {1}], [{8, 3}, {7}, {6}, {1, 5}, {2, 4}], [{8, 3}, {7}, {6}, {2, 5}, {1, 4}], [{8, 4}, {1, 7}, {2, 6}, {3, 5}], [{8, 4}, {1, 7}, {3, 6}, {2, 5}], [{8, 4}, {1, 7}, {3, 6}, {5}, {2}], [{8, 4}, {1, 7}, {5, 6}, {2, 3}], [{8, 4}, {2, 7}, {1, 6}, {3, 5}], [{8, 4}, {2, 7}, {3, 6}, {1, 5}], [{8, 4}, {2, 7}, {3, 6}, {5}, {1}], [{8, 4}, {2, 7}, {5, 6}, {1, 3}], [{8, 4}, {3, 7}, {1, 6}, {2, 5}], [{8, 4}, {3, 7}, {2, 6}, {1, 5}], [{8, 4}, {3, 7}, {5, 6}, {1, 2}], [{8, 4}, {5, 7}, {1, 6}, {2, 3}], [{8, 4}, {5, 7}, {2, 6}, {1, 3}], [{8, 4}, {5, 7}, {3, 6}, {1, 2}], [{8, 4}, {5, 7}, {3, 6}, {2}, {1}], [{8, 4}, {6, 7}, {1, 5}, {2, 3}], [{8, 4}, {6, 7}, {2, 5}, {1, 3}], [{8, 4}, {6, 7}, {3, 5}, {1, 2}], [{8, 4}, {7}, {3, 6}, {1, 5}, {2}], [{8, 4}, {7}, {3, 6}, {2, 5}, {1}], [{8, 4}, {7}, {3, 6}, {5}, {1, 2}], [{8, 4}, {7}, {3, 6}, {5}, {2}, {1}], [{8, 5}, {1, 7}, {2, 6}, {3, 4}], [{8, 5}, {1, 7}, {3, 6}, {2, 4}], [{8, 5}, {1, 7}, {4, 6}, {2, 3}], [{8, 5}, {2, 7}, {1, 6}, {3, 4}], [{8, 5}, {2, 7}, {3, 6}, {1, 4}], [{8, 5}, {2, 7}, {4, 6}, {1, 3}], [{8, 5}, {2, 7}, {4, 6}, {3}, {1}], [{8, 5}, {3, 7}, {1, 6}, {2, 4}], [{8, 5}, {3, 7}, {2, 6}, {1, 4}], [{8, 5}, {3, 7}, {4, 6}, {1, 2}], [{8, 5}, {3, 7}, {6}, {1, 4}, {2}], [{8, 5}, {4, 7}, {1, 6}, {2, 3}], [{8, 5}, {4, 7}, {2, 6}, {1, 3}], [{8, 5}, {4, 7}, {3, 6}, {1, 2}], [{8, 5}, {6, 7}, {1, 4}, {2, 3}], [{8, 5}, {6, 7}, {1, 4}, {3}, {2}], [{8, 5}, {6, 7}, {2, 4}, {1, 3}], [{8, 5}, {6, 7}, {3, 4}, {1, 2}], [{8, 5}, {6, 7}, {4}, {2, 3}, {1}], [{8, 5}, {7}, {1, 6}, {2, 4}, {3}], [{8, 5}, {7}, {3, 6}, {1, 4}, {2}], [{8, 5}, {7}, {3, 6}, {2, 4}, {1}], [{8, 5}, {7}, {3, 6}, {4}, {1, 2}], [{8, 5}, {7}, {6}, {2, 4}, {1, 3}], [{8, 6}, {1, 7}, {2, 5}, {3, 4}], [{8, 6}, {1, 7}, {3, 5}, {2, 4}], [{8, 6}, {1, 7}, {4, 5}, {2, 3}], [{8, 6}, {1, 7}, {5}, {3, 4}, {2}], [{8, 6}, {2, 7}, {1, 5}, {3, 4}], [{8, 6}, {2, 7}, {3, 5}, {1, 4}], [{8, 6}, {2, 7}, {4, 5}, {1, 3}], [{8, 6}, {3, 7}, {1, 5}, {2, 4}], [{8, 6}, {3, 7}, {2, 5}, {1, 4}], [{8, 6}, {3, 7}, {4, 5}, {1, 2}], [{8, 6}, {4, 7}, {1, 5}, {2, 3}], [{8, 6}, {4, 7}, {2, 5}, {1, 3}], [{8, 6}, {4, 7}, {3, 5}, {1, 2}], [{8, 6}, {5, 7}, {1, 4}, {2, 3}], [{8, 6}, {5, 7}, {2, 4}, {1, 3}], [{8, 6}, {5, 7}, {3, 4}, {1, 2}], [{8, 6}, {7}, {1, 5}, {2, 4}, {3}], [{8, 6}, {7}, {2, 5}, {1, 4}, {3}], [{8, 7}, {1, 6}, {2, 5}, {3, 4}], [{8, 7}, {1, 6}, {3, 5}, {2, 4}], [{8, 7}, {1, 6}, {4, 5}, {2, 3}], [{8, 7}, {2, 6}, {1, 5}, {3, 4}], [{8, 7}, {2, 6}, {3, 5}, {1, 4}], [{8, 7}, {2, 6}, {4, 5}, {1, 3}], [{8, 7}, {2, 6}, {4, 5}, {3}, {1}], [{8, 7}, {3, 6}, {1, 5}, {2, 4}], [{8, 7}, {3, 6}, {2, 5}, {1, 4}], [{8, 7}, {3, 6}, {4, 5}, {1, 2}], [{8, 7}, {4, 6}, {1, 5}, {2, 3}], [{8, 7}, {4, 6}, {2, 5}, {1, 3}], [{8, 7}, {4, 6}, {3, 5}, {1, 2}], [{8, 7}, {5, 6}, {1, 4}, {2, 3}], [{8, 7}, {5, 6}, {2, 4}, {1, 3}], [{8, 7}, {5, 6}, {3, 4}, {1, 2}], [{8, 7}, {5, 6}, {4}, {1, 3}, {2}], [{8, 7}, {6}, {3, 5}, {2, 4}, {1}], [{8}, {1, 7}, {5, 6}, {2, 4}, {3}], [{8}, {2, 7}, {4, 6}, {3, 5}, {1}], [{8}, {2, 7}, {5, 6}, {1, 4}, {3}], [{8}, {3, 7}, {1, 6}, {4, 5}, {2}], [{8}, {4, 7}, {1, 6}, {5}, {2, 3}], [{8}, {4, 7}, {2, 6}, {1, 5}, {3}], [{8}, {6, 7}, {3, 5}, {1, 4}, {2}], [{8}, {7}, {3, 6}, {1, 5}, {2, 4}], [{8}, {7}, {3, 6}, {2, 5}, {1, 4}], [{8}, {7}, {3, 6}, {4, 5}, {1, 2}], [{8}, {7}, {4, 6}, {1, 5}, {2, 3}], [{8}, {7}, {4, 6}, {2, 5}, {1, 3}]]",2,16 K_1^3 - 16 K_1^2 - 18 K_1 K_2 - 3 K_1 + 8 K_2 + 5 K_3 + 9,O1O2O3O4U1U5O6U4U2O7O5U8U6U7O8U3,O1O2O3U4U1O5O6U2O4O7U6U8U5U7O8U3,O1O2O3U1O4U5U6U4U7O5O8U2O7O6U3U8,c,{'O1O2O3O4U2O5U6U7U5O8O6U3U1O7U8U4'},1,"<a href=""/flatknot/8.704045"">8.704045</a>",t^9-60t^7-220t^6-115t^5+418t^4+635t^3+246t^2-188t-168,-t^3+3t,,
8.704046,O1O2O3O4U2O5U6U7U5O8O6U3U4O7U1U8,4,8z^3+52z^2+113z+83,8w^4z^3+52w^3z^2+113w^2z+83w,False,False,"[[ 0 -1 -2  0  2  2 -1 -1  1],[ 1  0 -2  1  3  2 -1 -1  1],[ 2  2  0  1  2  0  2  0  2],[ 0 -1 -1  0  1  1 -1 -1  0],[-2 -3 -2 -1  0  1 -3 -2 -1],[-2 -2  0 -1 -1  0 -2 -1 -2],[ 1  1 -2  1  3  2  0 -1  2],[ 1  1  0  1  2  1  1  0  1],[-1 -1 -2  0  1  2 -2 -1  0]]","[[ 0  2  2  1  0 -1 -1 -1 -2],[-2  0  1 -1 -1 -2 -3 -3 -2],[-2 -1  0 -2 -1 -1 -2 -2  0],[-1  1  2  0  0 -1 -1 -2 -2],[ 0  1  1  0  0 -1 -1 -1 -1],[ 1  2  1  1  1  0  1  1  0],[ 1  3  2  1  1 -1  0 -1 -2],[ 1  3  2  2  1 -1  1  0 -2],[ 2  2  0  2  1  0  2  2  0]]",True,"[-2,-2,-1,0,1,1,1,2,-1,1,1,2,3,3,2,2,1,1,2,2,0,0,1,1,2,2,1,1,1,1,-1,-1,0,1,2,2]","[-2,-2,-1,0,1,1,1,2,-1,-1,1,1,1,2,4,0,1,0,0,1,2,1,0,1,1,1,0,0,0,1,1,-1,-1,-1,-1,1]",t^8+68t^6+103t^4+18t^2,"[-2,-1,-1,-1,0,1,2,2,-1,-1,1,1,1,2,4,-1,1,0,0,0,1,1,0,1,0,1,0,1,1,2,1,1,1,0,-1,-1]","[-2,-2,-1,0,1,1,1,2,-1,-1,1,1,1,2,4,0,1,0,0,1,2,1,0,1,1,1,0,0,0,1,1,-1,-1,-1,-1,1]","[-2,-1,-1,-1,0,1,2,2,0,2,2,1,2,0,2,1,1,1,1,1,2,-1,1,1,2,3,1,2,2,3,0,1,1,2,1,-1]",c,"[[{8, 1}, {3, 7}, {4, 6}, {2, 5}], [{8, 1}, {4, 7}, {3, 6}, {2, 5}], [{8, 1}, {6, 7}, {2, 5}, {3, 4}]]",1,20 K_1^3 - 10 K_1^2 - 20 K_1 K_2 - 5 K_1 + 5 K_2 + 5 K_3 + 6,O1O2O3O4U5U4O6U1U2O7O5U8U6U7O8U3,O1O2O3U4U1O5O6U2O7O4U7U8U5U6O8U3,O1O2O3U1O4U5U6U4U7O8O7U2O5O6U3U8,c,{'O1O2O3O4U2O5U6U7U5O8O6U3U4O7U1U8'},1,"<a href=""/flatknot/8.704046"">8.704046</a>",t^9-66t^7-288t^6-364t^5-54t^4+128t^3+96t^2+43t+12,-t^2+2t,,
8.704047,O1O2O3O4U2O5U6U7U5O8O6U4U1O7U3U8,3,12z^2+53z+59,12w^3z^2+53w^2z+59w,False,False,"[[ 0 -1 -2  1  1  2 -1 -1  1],[ 1  0 -1  1  1  1  0  0  1],[ 2  1  0  2  1  0  2  1  2],[-1 -1 -2  0  1  2 -3 -2  0],[-1 -1 -1 -1  0  1 -2 -1 -1],[-2 -1  0 -2 -1  0 -2 -1 -2],[ 1  0 -2  3  2  2  0 -1  2],[ 1  0 -1  2  1  1  1  0  1],[-1 -1 -2  0  1  2 -2 -1  0]]","[[ 0  2  1  1  1 -1 -1 -1 -2],[-2  0 -1 -2 -2 -1 -1 -2  0],[-1  1  0 -1 -1 -1 -1 -2 -1],[-1  2  1  0  0 -1 -1 -2 -2],[-1  2  1  0  0 -1 -2 -3 -2],[ 1  1  1  1  1  0  0  0 -1],[ 1  1  1  1  2  0  0  1 -1],[ 1  2  2  2  3  0 -1  0 -2],[ 2  0  1  2  2  1  1  2  0]]",True,"[-2,-1,-1,-1,1,1,1,2,1,2,2,1,1,2,0,1,1,1,1,2,1,0,1,1,2,2,1,2,3,2,0,0,1,-1,1,2]","[-2,-1,-1,-1,1,1,1,2,-1,-1,0,1,2,2,4,0,1,-1,0,1,1,1,0,1,1,1,0,1,1,2,-1,0,-1,0,0,0]",t^8+59t^6+49t^4,"[-2,-1,-1,-1,1,1,1,2,-1,0,0,1,1,2,4,0,1,-1,0,0,1,0,1,1,1,2,0,1,1,2,0,-1,-1,-1,-1,0]","[-2,-1,-1,-1,1,1,1,2,-1,-1,0,1,2,2,4,0,1,-1,0,1,1,1,0,1,1,1,0,1,1,2,-1,0,-1,0,0,0]","[-2,-1,-1,-1,1,1,1,2,1,1,2,1,2,2,0,0,0,1,1,1,1,1,1,1,2,1,2,2,3,2,-1,-1,1,0,2,2]",c,"[[{8, 1}, {3, 7}, {4, 6}, {2, 5}]]",0,12 K_1^3 - 12 K_1^2 - 8 K_1 K_2 - 5 K_1 + 6 K_2 + K_3 + 7,O1O2O3O4U5U2O6U4U1O7O5U8U6U7O8U3,O1O2O3U4U1O5O6U2O7O4U6U8U7U5O8U3,O1O2O3U1O4U5U6U4U7O8O6U2O7O5U3U8,c,"{'O1O2O3U1O4O5U6U7U5O8O6U2U4O7U3U8', 'O1O2O3O4U2O5U6U7U5O8O6U4U1O7U3U8'}",2,"<a href=""/flatknot/8.704047"">8.704047</a>",t^9-59t^7-212t^6-159t^5+94t^4+78t^3-36t^2-16t,0,,
8.704048,O1O2O3O4U2O5U6U7U5O8O6U4U3O7U1U8,3,12z^2+41z+35,-16w^4z^2+28w^3z^2-40w^3z+81w^2z+35w,False,False,"[[ 0 -1 -2  1  1  2 -1 -1  1],[ 1  0 -2  2  2  2 -1 -1  1],[ 2  2  0  2  1  0  2  0  2],[-1 -2 -2  0  0  1 -2 -2  0],[-1 -2 -1  0  0  1 -2 -1 -1],[-2 -2  0 -1 -1  0 -2 -1 -2],[ 1  1 -2  2  2  2  0 -1  2],[ 1  1  0  2  1  1  1  0  1],[-1 -1 -2  0  1  2 -2 -1  0]]","[[ 0  2  1  1  1 -1 -1 -1 -2],[-2  0 -1 -1 -2 -1 -2 -2  0],[-1  1  0  0  0 -2 -2 -2 -2],[-1  1  0  0 -1 -1 -2 -2 -1],[-1  2  0  1  0 -1 -1 -2 -2],[ 1  1  2  1  1  0  1  1  0],[ 1  2  2  2  1 -1  0 -1 -2],[ 1  2  2  2  2 -1  1  0 -2],[ 2  0  2  1  2  0  2  2  0]]",True,"[-2,-1,-1,-1,1,1,1,2,1,1,2,1,2,2,0,0,0,2,2,2,2,1,1,2,2,1,1,1,2,2,-1,-1,0,1,2,2]","[-2,-1,-1,-1,1,1,1,2,-1,-1,1,1,1,2,4,-1,1,0,0,0,1,1,0,1,0,1,0,1,1,2,0,0,0,-1,-1,0]",t^8+63t^6+139t^4+27t^2,"[-2,-1,-1,-1,1,1,1,2,-1,-1,1,1,1,2,4,-1,1,0,0,0,1,1,0,1,0,1,0,1,1,2,0,0,0,-1,-1,0]","[-2,-1,-1,-1,1,1,1,2,-1,0,0,1,1,2,4,0,1,0,1,1,1,0,0,0,0,1,0,0,1,2,1,-1,-1,-1,-1,1]","[-2,-1,-1,-1,1,1,1,2,0,2,2,1,2,2,0,1,1,1,1,2,1,-1,2,1,2,2,2,2,2,2,-1,0,1,0,2,1]",c,"[[{8, 1}, {3, 7}, {4, 6}, {2, 5}]]",0,1,O1O2O3O4U5U4O6U2U1O7O5U8U6U7O8U3,O1O2O3U4U1O5O6U2O7O4U7U8U6U5O8U3,O1O2O3U1O4U5U6U4U7O8O7U2O6O5U3U8,c,{'O1O2O3O4U2O5U6U7U5O8O6U4U3O7U1U8'},1,"<a href=""/flatknot/8.704048"">8.704048</a>",t^9-63t^7-240t^6-171t^5+198t^4+195t^3+10t^2-60t-24,0,,
8.704049,O1O2O3O4U2O5U6U7U5O8O6U8U1O7U3U4,4,4z^3+43z^2+116z+93,4w^4z^3+43w^3z^2+116w^2z+93w,False,False,"[[ 0 -1 -2  1  3  2 -1 -1 -1],[ 1  0  0  1  2  1  1  1 -1],[ 2  0  0  1  2  0  2  2  0],[-1 -1 -1  0  1  2 -2 -1 -1],[-3 -2 -2 -1  0  2 -4 -3 -1],[-2 -1  0 -2 -2  0 -2 -1 -1],[ 1 -1 -2  2  4  2  0  0 -1],[ 1 -1 -2  1  3  1  0  0 -1],[ 1  1  0  1  1  1  1  1  0]]","[[ 0  3  2  1 -1 -1 -1 -1 -2],[-3  0  2 -1 -1 -2 -3 -4 -2],[-2 -2  0 -2 -1 -1 -1 -2  0],[-1  1  2  0 -1 -1 -1 -2 -1],[ 1  1  1  1  0  1  1  1  0],[ 1  2  1  1 -1  0  1  1  0],[ 1  3  1  1 -1 -1  0  0 -2],[ 1  4  2  2 -1 -1  0  0 -2],[ 2  2  0  1  0  0  2  2  0]]",True,"[-3,-2,-1,1,1,1,1,2,-2,1,1,2,3,4,2,2,1,1,1,2,0,1,1,1,2,1,-1,-1,-1,0,-1,-1,0,0,2,2]","[-3,-2,-1,1,1,1,1,2,-2,1,1,2,3,4,2,2,1,1,1,2,0,1,1,1,2,1,-1,-1,-1,0,-1,-1,0,0,2,2]",t^8+71t^6+219t^4+69t^2+1,"[-2,-1,-1,-1,-1,1,2,3,-1,-1,1,1,2,4,3,0,1,1,0,1,0,1,1,1,2,1,-1,1,2,3,1,2,2,-1,1,3]","[-3,-2,-1,1,1,1,1,2,3,1,0,1,2,3,3,-1,1,2,2,2,4,0,1,1,1,2,0,-1,-1,-1,-1,-1,-1,-1,1,1]","[-2,-1,-1,-1,-1,1,2,3,0,0,2,2,1,0,2,-1,1,1,1,1,2,1,1,1,1,1,0,1,1,3,2,2,4,2,1,-2]",c,"[[{8, 1}, {2, 7}, {3, 6}, {4, 5}], [{8, 1}, {2, 7}, {3, 6}, {5}, {4}], [{8, 1}, {2, 7}, {4, 6}, {3, 5}], [{8, 1}, {2, 7}, {5, 6}, {3, 4}], [{8, 1}, {3, 7}, {2, 6}, {4, 5}], [{8, 1}, {3, 7}, {4, 6}, {2, 5}], [{8, 1}, {3, 7}, {5, 6}, {2, 4}], [{8, 1}, {4, 7}, {2, 6}, {3, 5}], [{8, 1}, {4, 7}, {2, 6}, {5}, {3}], [{8, 1}, {4, 7}, {3, 6}, {2, 5}], [{8, 1}, {4, 7}, {3, 6}, {5}, {2}], [{8, 1}, {4, 7}, {5, 6}, {2, 3}], [{8, 1}, {4, 7}, {6}, {5}, {2, 3}], [{8, 1}, {5, 7}, {2, 6}, {3, 4}], [{8, 1}, {5, 7}, {3, 6}, {2, 4}], [{8, 1}, {5, 7}, {4, 6}, {2, 3}], [{8, 1}, {6, 7}, {2, 5}, {3, 4}], [{8, 1}, {6, 7}, {3, 5}, {2, 4}], [{8, 1}, {6, 7}, {4, 5}, {2, 3}], [{8, 1}, {6, 7}, {5}, {3, 4}, {2}], [{8, 1}, {7}, {3, 6}, {5}, {2, 4}], [{8, 1}, {7}, {5, 6}, {2, 4}, {3}], [{8, 1}, {7}, {6}, {3, 5}, {2, 4}], [{8, 2}, {1, 7}, {3, 6}, {4, 5}], [{8, 2}, {1, 7}, {4, 6}, {3, 5}], [{8, 2}, {1, 7}, {5, 6}, {3, 4}], [{8, 2}, {1, 7}, {5, 6}, {4}, {3}], [{8, 2}, {3, 7}, {1, 6}, {4, 5}], [{8, 2}, {3, 7}, {4, 6}, {1, 5}], [{8, 2}, {3, 7}, {5, 6}, {1, 4}], [{8, 2}, {3, 7}, {5, 6}, {4}, {1}], [{8, 2}, {4, 7}, {1, 6}, {3, 5}], [{8, 2}, {4, 7}, {3, 6}, {1, 5}], [{8, 2}, {4, 7}, {5, 6}, {1, 3}], [{8, 2}, {4, 7}, {5, 6}, {3}, {1}], [{8, 2}, {5, 7}, {1, 6}, {3, 4}], [{8, 2}, {5, 7}, {3, 6}, {1, 4}], [{8, 2}, {5, 7}, {4, 6}, {1, 3}], [{8, 2}, {5, 7}, {6}, {4}, {1, 3}], [{8, 2}, {6, 7}, {1, 5}, {3, 4}], [{8, 2}, {6, 7}, {3, 5}, {1, 4}], [{8, 2}, {6, 7}, {4, 5}, {1, 3}], [{8, 2}, {6, 7}, {5}, {4}, {1, 3}], [{8, 2}, {7}, {5, 6}, {1, 4}, {3}], [{8, 2}, {7}, {5, 6}, {3, 4}, {1}], [{8, 2}, {7}, {5, 6}, {4}, {1, 3}], [{8, 2}, {7}, {5, 6}, {4}, {3}, {1}], [{8, 3}, {1, 7}, {2, 6}, {4, 5}], [{8, 3}, {1, 7}, {2, 6}, {5}, {4}], [{8, 3}, {1, 7}, {4, 6}, {2, 5}], [{8, 3}, {1, 7}, {4, 6}, {5}, {2}], [{8, 3}, {1, 7}, {5, 6}, {2, 4}], [{8, 3}, {1, 7}, {5, 6}, {4}, {2}], [{8, 3}, {1, 7}, {6}, {2, 5}, {4}], [{8, 3}, {1, 7}, {6}, {4, 5}, {2}], [{8, 3}, {1, 7}, {6}, {5}, {2, 4}], [{8, 3}, {1, 7}, {6}, {5}, {4}, {2}], [{8, 3}, {2, 7}, {1, 6}, {4, 5}], [{8, 3}, {2, 7}, {4, 6}, {1, 5}], [{8, 3}, {2, 7}, {5, 6}, {1, 4}], [{8, 3}, {4, 7}, {1, 6}, {2, 5}], [{8, 3}, {4, 7}, {2, 6}, {1, 5}], [{8, 3}, {4, 7}, {5, 6}, {1, 2}], [{8, 3}, {4, 7}, {5, 6}, {2}, {1}], [{8, 3}, {5, 7}, {1, 6}, {2, 4}], [{8, 3}, {5, 7}, {2, 6}, {1, 4}], [{8, 3}, {5, 7}, {4, 6}, {1, 2}], [{8, 3}, {6, 7}, {1, 5}, {2, 4}], [{8, 3}, {6, 7}, {2, 5}, {1, 4}], [{8, 3}, {6, 7}, {4, 5}, {1, 2}], [{8, 3}, {7}, {5, 6}, {1, 4}, {2}], [{8, 4}, {1, 7}, {2, 6}, {3, 5}], [{8, 4}, {1, 7}, {3, 6}, {2, 5}], [{8, 4}, {1, 7}, {5, 6}, {2, 3}], [{8, 4}, {1, 7}, {6}, {2, 5}, {3}], [{8, 4}, {2, 7}, {1, 6}, {3, 5}], [{8, 4}, {2, 7}, {3, 6}, {1, 5}], [{8, 4}, {2, 7}, {5, 6}, {1, 3}], [{8, 4}, {2, 7}, {6}, {5}, {1, 3}], [{8, 4}, {3, 7}, {1, 6}, {2, 5}], [{8, 4}, {3, 7}, {1, 6}, {5}, {2}], [{8, 4}, {3, 7}, {2, 6}, {1, 5}], [{8, 4}, {3, 7}, {5, 6}, {1, 2}], [{8, 4}, {5, 7}, {1, 6}, {2, 3}], [{8, 4}, {5, 7}, {2, 6}, {1, 3}], [{8, 4}, {5, 7}, {3, 6}, {1, 2}], [{8, 4}, {6, 7}, {1, 5}, {2, 3}], [{8, 4}, {6, 7}, {2, 5}, {1, 3}], [{8, 4}, {6, 7}, {3, 5}, {1, 2}], [{8, 4}, {7}, {2, 6}, {1, 5}, {3}], [{8, 4}, {7}, {3, 6}, {1, 5}, {2}], [{8, 4}, {7}, {3, 6}, {2, 5}, {1}], [{8, 4}, {7}, {3, 6}, {5}, {1, 2}], [{8, 4}, {7}, {5, 6}, {3}, {1, 2}], [{8, 4}, {7}, {6}, {1, 5}, {2, 3}], [{8, 4}, {7}, {6}, {3, 5}, {1, 2}], [{8, 5}, {1, 7}, {2, 6}, {3, 4}], [{8, 5}, {1, 7}, {2, 6}, {4}, {3}], [{8, 5}, {1, 7}, {3, 6}, {2, 4}], [{8, 5}, {1, 7}, {4, 6}, {2, 3}], [{8, 5}, {1, 7}, {4, 6}, {3}, {2}], [{8, 5}, {1, 7}, {6}, {2, 4}, {3}], [{8, 5}, {2, 7}, {1, 6}, {3, 4}], [{8, 5}, {2, 7}, {3, 6}, {1, 4}], [{8, 5}, {2, 7}, {4, 6}, {1, 3}], [{8, 5}, {2, 7}, {6}, {4}, {1, 3}], [{8, 5}, {3, 7}, {1, 6}, {2, 4}], [{8, 5}, {3, 7}, {2, 6}, {1, 4}], [{8, 5}, {3, 7}, {4, 6}, {1, 2}], [{8, 5}, {3, 7}, {6}, {1, 4}, {2}], [{8, 5}, {4, 7}, {1, 6}, {2, 3}], [{8, 5}, {4, 7}, {2, 6}, {1, 3}], [{8, 5}, {4, 7}, {3, 6}, {1, 2}], [{8, 5}, {4, 7}, {6}, {2, 3}, {1}], [{8, 5}, {6, 7}, {1, 4}, {2, 3}], [{8, 5}, {6, 7}, {2, 4}, {1, 3}], [{8, 5}, {6, 7}, {2, 4}, {3}, {1}], [{8, 5}, {6, 7}, {3, 4}, {1, 2}], [{8, 5}, {7}, {1, 6}, {2, 4}, {3}], [{8, 5}, {7}, {6}, {3, 4}, {1, 2}], [{8, 6}, {1, 7}, {2, 5}, {3, 4}], [{8, 6}, {1, 7}, {3, 5}, {2, 4}], [{8, 6}, {1, 7}, {4, 5}, {2, 3}], [{8, 6}, {2, 7}, {1, 5}, {3, 4}], [{8, 6}, {2, 7}, {3, 5}, {1, 4}], [{8, 6}, {2, 7}, {4, 5}, {1, 3}], [{8, 6}, {3, 7}, {1, 5}, {2, 4}], [{8, 6}, {3, 7}, {2, 5}, {1, 4}], [{8, 6}, {3, 7}, {4, 5}, {1, 2}], [{8, 6}, {3, 7}, {5}, {1, 4}, {2}], [{8, 6}, {4, 7}, {1, 5}, {2, 3}], [{8, 6}, {4, 7}, {1, 5}, {3}, {2}], [{8, 6}, {4, 7}, {2, 5}, {1, 3}], [{8, 6}, {4, 7}, {2, 5}, {3}, {1}], [{8, 6}, {4, 7}, {3, 5}, {1, 2}], [{8, 6}, {4, 7}, {3, 5}, {2}, {1}], [{8, 6}, {4, 7}, {5}, {1, 3}, {2}], [{8, 6}, {4, 7}, {5}, {2, 3}, {1}], [{8, 6}, {4, 7}, {5}, {3}, {1, 2}], [{8, 6}, {5, 7}, {1, 4}, {2, 3}], [{8, 6}, {5, 7}, {2, 4}, {1, 3}], [{8, 6}, {5, 7}, {3, 4}, {1, 2}], [{8, 7}, {1, 6}, {2, 5}, {3, 4}], [{8, 7}, {1, 6}, {3, 5}, {2, 4}], [{8, 7}, {1, 6}, {4, 5}, {2, 3}], [{8, 7}, {2, 6}, {1, 5}, {3, 4}], [{8, 7}, {2, 6}, {3, 5}, {1, 4}], [{8, 7}, {2, 6}, {4, 5}, {1, 3}], [{8, 7}, {3, 6}, {1, 5}, {2, 4}], [{8, 7}, {3, 6}, {2, 5}, {1, 4}], [{8, 7}, {3, 6}, {4, 5}, {1, 2}], [{8, 7}, {3, 6}, {5}, {1, 4}, {2}], [{8, 7}, {4, 6}, {1, 5}, {2, 3}], [{8, 7}, {4, 6}, {2, 5}, {1, 3}], [{8, 7}, {4, 6}, {3, 5}, {1, 2}], [{8, 7}, {5, 6}, {1, 4}, {2, 3}], [{8, 7}, {5, 6}, {1, 4}, {3}, {2}], [{8, 7}, {5, 6}, {2, 4}, {1, 3}], [{8, 7}, {5, 6}, {3, 4}, {1, 2}], [{8, 7}, {6}, {1, 5}, {4}, {2, 3}], [{8, 7}, {6}, {3, 5}, {1, 4}, {2}], [{8, 7}, {6}, {3, 5}, {2, 4}, {1}], [{8, 7}, {6}, {3, 5}, {4}, {1, 2}], [{8}, {1, 7}, {2, 6}, {3, 5}, {4}], [{8}, {1, 7}, {4, 6}, {3, 5}, {2}], [{8}, {1, 7}, {5, 6}, {4}, {2, 3}], [{8}, {1, 7}, {6}, {2, 5}, {3, 4}], [{8}, {1, 7}, {6}, {3, 5}, {2, 4}], [{8}, {2, 7}, {5, 6}, {1, 4}, {3}], [{8}, {2, 7}, {6}, {4, 5}, {1, 3}], [{8}, {3, 7}, {4, 6}, {2, 5}, {1}], [{8}, {3, 7}, {5, 6}, {1, 4}, {2}], [{8}, {4, 7}, {1, 6}, {5}, {2, 3}], [{8}, {4, 7}, {5, 6}, {2, 3}, {1}], [{8}, {4, 7}, {6}, {1, 5}, {2, 3}], [{8}, {4, 7}, {6}, {2, 5}, {1, 3}], [{8}, {4, 7}, {6}, {3, 5}, {1, 2}], [{8}, {4, 7}, {6}, {5}, {2, 3}, {1}], [{8}, {5, 7}, {3, 6}, {2, 4}, {1}], [{8}, {7}, {5, 6}, {1, 4}, {2, 3}], [{8}, {7}, {5, 6}, {1, 4}, {3}, {2}]]",2,8 K_1^3 + 4 K_1^2 K_2 - 8 K_1^2 - 6 K_1 K_2 - 4 K_1 K_3 - 3 K_1 + 4 K_2 + K_3 + K_4 + 4,O1O2O3O4U1U2O5U4U6O7O6U8U5U7O8U3,O1O2O3U4U1O4O5U2O6O7U5U8U6U7O8U3,O1O2O3U1O4U5U6U4U7O5O6U2O7O8U3U8,c,{'O1O2O3O4U2O5U6U7U5O8O6U8U1O7U3U4'},1,"<a href=""/flatknot/8.704049"">8.704049</a>",t^9-65t^7-258t^6-191t^5+432t^4+910t^3+508t^2-78t-96,-t^3+3t,,
8.704050,O1O2O3O4U2O5U6U7U5O8O6U8U1O7U4U3,4,2z^3+35z^2+106z+89,2w^4z^3+35w^3z^2+106w^2z+89w,False,False,"[[ 0 -1 -2  2  2  2 -1 -1 -1],[ 1  0  0  2  1  1  1  1 -1],[ 2  0  0  2  1  0  2  2  0],[-2 -2 -2  0  0  2 -3 -2 -1],[-2 -1 -1  0  0  2 -3 -2 -1],[-2 -1  0 -2 -2  0 -2 -1 -1],[ 1 -1 -2  3  3  2  0  0 -1],[ 1 -1 -2  2  2  1  0  0 -1],[ 1  1  0  1  1  1  1  1  0]]","[[ 0  2  2  2 -1 -1 -1 -1 -2],[-2  0  2  0 -1 -1 -2 -3 -1],[-2 -2  0 -2 -1 -1 -1 -2  0],[-2  0  2  0 -1 -2 -2 -3 -2],[ 1  1  1  1  0  1  1  1  0],[ 1  1  1  2 -1  0  1  1  0],[ 1  2  1  2 -1 -1  0  0 -2],[ 1  3  2  3 -1 -1  0  0 -2],[ 2  1  0  2  0  0  2  2  0]]",True,"[-2,-2,-2,1,1,1,1,2,-2,0,1,1,2,3,1,2,1,1,1,2,0,1,2,2,3,2,-1,-1,-1,0,-1,-1,0,0,2,2]","[-2,-2,-2,1,1,1,1,2,-2,-2,1,2,2,2,4,0,0,1,1,2,2,0,1,2,2,3,0,-1,-1,-1,-1,-1,-1,-1,1,1]",t^8+66t^6+219t^4+100t^2+4,"[-2,-1,-1,-1,-1,2,2,2,-1,-1,1,1,2,3,4,0,1,1,0,0,1,1,1,1,1,2,-1,2,2,2,1,2,2,0,-2,-2]","[-2,-2,-2,1,1,1,1,2,-2,-2,1,2,2,2,4,0,0,1,1,2,2,0,1,2,2,3,0,-1,-1,-1,-1,-1,-1,-1,1,1]","[-2,-1,-1,-1,-1,2,2,2,0,0,2,2,0,1,2,-1,1,1,1,1,2,1,1,1,1,1,0,1,2,2,2,3,3,-2,-2,0]",c,"[[{8, 1}, {2, 7}, {3, 6}, {4, 5}], [{8, 1}, {2, 7}, {4, 6}, {3, 5}], [{8, 1}, {2, 7}, {5, 6}, {3, 4}], [{8, 1}, {3, 7}, {2, 6}, {4, 5}], [{8, 1}, {3, 7}, {4, 6}, {2, 5}], [{8, 1}, {3, 7}, {5, 6}, {2, 4}], [{8, 1}, {4, 7}, {2, 6}, {3, 5}], [{8, 1}, {4, 7}, {3, 6}, {2, 5}], [{8, 1}, {4, 7}, {5, 6}, {2, 3}], [{8, 1}, {5, 7}, {2, 6}, {3, 4}], [{8, 1}, {5, 7}, {3, 6}, {2, 4}], [{8, 1}, {5, 7}, {4, 6}, {2, 3}], [{8, 1}, {6, 7}, {2, 5}, {3, 4}], [{8, 1}, {6, 7}, {3, 5}, {2, 4}], [{8, 1}, {6, 7}, {4, 5}, {2, 3}], [{8, 1}, {6, 7}, {5}, {3, 4}, {2}], [{8, 1}, {7}, {3, 6}, {5}, {2, 4}], [{8, 1}, {7}, {4, 6}, {2, 5}, {3}], [{8, 1}, {7}, {6}, {4, 5}, {2, 3}], [{8, 2}, {1, 7}, {3, 6}, {4, 5}], [{8, 2}, {1, 7}, {4, 6}, {3, 5}], [{8, 2}, {1, 7}, {5, 6}, {3, 4}], [{8, 2}, {1, 7}, {6}, {4, 5}, {3}], [{8, 2}, {3, 7}, {1, 6}, {4, 5}], [{8, 2}, {3, 7}, {4, 6}, {1, 5}], [{8, 2}, {3, 7}, {5, 6}, {1, 4}], [{8, 2}, {3, 7}, {5, 6}, {4}, {1}], [{8, 2}, {4, 7}, {1, 6}, {3, 5}], [{8, 2}, {4, 7}, {3, 6}, {1, 5}], [{8, 2}, {4, 7}, {3, 6}, {5}, {1}], [{8, 2}, {4, 7}, {5, 6}, {1, 3}], [{8, 2}, {4, 7}, {5, 6}, {3}, {1}], [{8, 2}, {4, 7}, {6}, {3, 5}, {1}], [{8, 2}, {5, 7}, {1, 6}, {3, 4}], [{8, 2}, {5, 7}, {3, 6}, {1, 4}], [{8, 2}, {5, 7}, {4, 6}, {1, 3}], [{8, 2}, {6, 7}, {1, 5}, {3, 4}], [{8, 2}, {6, 7}, {1, 5}, {4}, {3}], [{8, 2}, {6, 7}, {3, 5}, {1, 4}], [{8, 2}, {6, 7}, {4, 5}, {1, 3}], [{8, 2}, {7}, {4, 6}, {5}, {1, 3}], [{8, 2}, {7}, {5, 6}, {3, 4}, {1}], [{8, 3}, {1, 7}, {2, 6}, {4, 5}], [{8, 3}, {1, 7}, {4, 6}, {2, 5}], [{8, 3}, {1, 7}, {5, 6}, {2, 4}], [{8, 3}, {1, 7}, {6}, {2, 5}, {4}], [{8, 3}, {2, 7}, {1, 6}, {4, 5}], [{8, 3}, {2, 7}, {4, 6}, {1, 5}], [{8, 3}, {2, 7}, {5, 6}, {1, 4}], [{8, 3}, {4, 7}, {1, 6}, {2, 5}], [{8, 3}, {4, 7}, {2, 6}, {1, 5}], [{8, 3}, {4, 7}, {5, 6}, {1, 2}], [{8, 3}, {4, 7}, {5, 6}, {2}, {1}], [{8, 3}, {5, 7}, {1, 6}, {2, 4}], [{8, 3}, {5, 7}, {2, 6}, {1, 4}], [{8, 3}, {5, 7}, {4, 6}, {1, 2}], [{8, 3}, {5, 7}, {6}, {2, 4}, {1}], [{8, 3}, {6, 7}, {1, 5}, {2, 4}], [{8, 3}, {6, 7}, {1, 5}, {4}, {2}], [{8, 3}, {6, 7}, {2, 5}, {1, 4}], [{8, 3}, {6, 7}, {4, 5}, {1, 2}], [{8, 3}, {7}, {4, 6}, {2, 5}, {1}], [{8, 3}, {7}, {6}, {4, 5}, {1, 2}], [{8, 4}, {1, 7}, {2, 6}, {3, 5}], [{8, 4}, {1, 7}, {2, 6}, {5}, {3}], [{8, 4}, {1, 7}, {3, 6}, {2, 5}], [{8, 4}, {1, 7}, {3, 6}, {5}, {2}], [{8, 4}, {1, 7}, {5, 6}, {2, 3}], [{8, 4}, {1, 7}, {5, 6}, {3}, {2}], [{8, 4}, {1, 7}, {6}, {2, 5}, {3}], [{8, 4}, {1, 7}, {6}, {3, 5}, {2}], [{8, 4}, {1, 7}, {6}, {5}, {2, 3}], [{8, 4}, {1, 7}, {6}, {5}, {3}, {2}], [{8, 4}, {2, 7}, {1, 6}, {3, 5}], [{8, 4}, {2, 7}, {3, 6}, {1, 5}], [{8, 4}, {2, 7}, {5, 6}, {1, 3}], [{8, 4}, {3, 7}, {1, 6}, {2, 5}], [{8, 4}, {3, 7}, {2, 6}, {1, 5}], [{8, 4}, {3, 7}, {5, 6}, {1, 2}], [{8, 4}, {3, 7}, {6}, {2, 5}, {1}], [{8, 4}, {5, 7}, {1, 6}, {2, 3}], [{8, 4}, {5, 7}, {2, 6}, {1, 3}], [{8, 4}, {5, 7}, {3, 6}, {1, 2}], [{8, 4}, {6, 7}, {1, 5}, {2, 3}], [{8, 4}, {6, 7}, {2, 5}, {1, 3}], [{8, 4}, {6, 7}, {3, 5}, {1, 2}], [{8, 4}, {7}, {6}, {2, 5}, {1, 3}], [{8, 5}, {1, 7}, {2, 6}, {3, 4}], [{8, 5}, {1, 7}, {3, 6}, {2, 4}], [{8, 5}, {1, 7}, {4, 6}, {2, 3}], [{8, 5}, {1, 7}, {6}, {2, 4}, {3}], [{8, 5}, {2, 7}, {1, 6}, {3, 4}], [{8, 5}, {2, 7}, {1, 6}, {4}, {3}], [{8, 5}, {2, 7}, {3, 6}, {1, 4}], [{8, 5}, {2, 7}, {3, 6}, {4}, {1}], [{8, 5}, {2, 7}, {4, 6}, {1, 3}], [{8, 5}, {2, 7}, {6}, {4}, {1, 3}], [{8, 5}, {3, 7}, {1, 6}, {2, 4}], [{8, 5}, {3, 7}, {2, 6}, {1, 4}], [{8, 5}, {3, 7}, {4, 6}, {1, 2}], [{8, 5}, {3, 7}, {6}, {2, 4}, {1}], [{8, 5}, {4, 7}, {1, 6}, {2, 3}], [{8, 5}, {4, 7}, {2, 6}, {1, 3}], [{8, 5}, {4, 7}, {3, 6}, {1, 2}], [{8, 5}, {4, 7}, {6}, {1, 3}, {2}], [{8, 5}, {6, 7}, {1, 4}, {2, 3}], [{8, 5}, {6, 7}, {2, 4}, {1, 3}], [{8, 5}, {6, 7}, {3, 4}, {1, 2}], [{8, 5}, {6, 7}, {4}, {1, 3}, {2}], [{8, 5}, {7}, {2, 6}, {4}, {1, 3}], [{8, 5}, {7}, {4, 6}, {1, 3}, {2}], [{8, 5}, {7}, {6}, {2, 4}, {1, 3}], [{8, 5}, {7}, {6}, {3, 4}, {1, 2}], [{8, 6}, {1, 7}, {2, 5}, {3, 4}], [{8, 6}, {1, 7}, {2, 5}, {4}, {3}], [{8, 6}, {1, 7}, {3, 5}, {2, 4}], [{8, 6}, {1, 7}, {4, 5}, {2, 3}], [{8, 6}, {2, 7}, {1, 5}, {3, 4}], [{8, 6}, {2, 7}, {1, 5}, {4}, {3}], [{8, 6}, {2, 7}, {3, 5}, {1, 4}], [{8, 6}, {2, 7}, {4, 5}, {1, 3}], [{8, 6}, {3, 7}, {1, 5}, {2, 4}], [{8, 6}, {3, 7}, {2, 5}, {1, 4}], [{8, 6}, {3, 7}, {2, 5}, {4}, {1}], [{8, 6}, {3, 7}, {4, 5}, {1, 2}], [{8, 6}, {4, 7}, {1, 5}, {2, 3}], [{8, 6}, {4, 7}, {2, 5}, {1, 3}], [{8, 6}, {4, 7}, {3, 5}, {1, 2}], [{8, 6}, {4, 7}, {5}, {3}, {1, 2}], [{8, 6}, {5, 7}, {1, 4}, {2, 3}], [{8, 6}, {5, 7}, {2, 4}, {1, 3}], [{8, 6}, {5, 7}, {2, 4}, {3}, {1}], [{8, 6}, {5, 7}, {3, 4}, {1, 2}], [{8, 6}, {7}, {2, 5}, {4}, {1, 3}], [{8, 7}, {1, 6}, {2, 5}, {3, 4}], [{8, 7}, {1, 6}, {3, 5}, {2, 4}], [{8, 7}, {1, 6}, {4, 5}, {2, 3}], [{8, 7}, {1, 6}, {5}, {2, 4}, {3}], [{8, 7}, {2, 6}, {1, 5}, {3, 4}], [{8, 7}, {2, 6}, {3, 5}, {1, 4}], [{8, 7}, {2, 6}, {4, 5}, {1, 3}], [{8, 7}, {3, 6}, {1, 5}, {2, 4}], [{8, 7}, {3, 6}, {2, 5}, {1, 4}], [{8, 7}, {3, 6}, {4, 5}, {1, 2}], [{8, 7}, {4, 6}, {1, 5}, {2, 3}], [{8, 7}, {4, 6}, {2, 5}, {1, 3}], [{8, 7}, {4, 6}, {2, 5}, {3}, {1}], [{8, 7}, {4, 6}, {3, 5}, {1, 2}], [{8, 7}, {4, 6}, {5}, {1, 3}, {2}], [{8, 7}, {5, 6}, {1, 4}, {2, 3}], [{8, 7}, {5, 6}, {2, 4}, {1, 3}], [{8, 7}, {5, 6}, {3, 4}, {1, 2}], [{8, 7}, {5, 6}, {4}, {1, 3}, {2}], [{8, 7}, {6}, {4, 5}, {1, 3}, {2}], [{8}, {1, 7}, {3, 6}, {2, 5}, {4}], [{8}, {1, 7}, {4, 6}, {2, 5}, {3}], [{8}, {1, 7}, {6}, {2, 5}, {3, 4}], [{8}, {1, 7}, {6}, {2, 5}, {4}, {3}], [{8}, {2, 7}, {4, 6}, {5}, {1, 3}], [{8}, {2, 7}, {6}, {3, 5}, {1, 4}], [{8}, {3, 7}, {4, 6}, {2, 5}, {1}], [{8}, {4, 7}, {1, 6}, {2, 5}, {3}], [{8}, {4, 7}, {1, 6}, {3, 5}, {2}], [{8}, {4, 7}, {1, 6}, {5}, {2, 3}], [{8}, {4, 7}, {2, 6}, {5}, {1, 3}], [{8}, {4, 7}, {5, 6}, {2, 3}, {1}], [{8}, {4, 7}, {6}, {1, 5}, {2, 3}], [{8}, {5, 7}, {3, 6}, {2, 4}, {1}], [{8}, {5, 7}, {4, 6}, {1, 3}, {2}], [{8}, {6, 7}, {1, 5}, {4}, {2, 3}], [{8}, {6, 7}, {2, 5}, {1, 4}, {3}], [{8}, {6, 7}, {5}, {2, 4}, {1, 3}], [{8}, {7}, {4, 6}, {1, 5}, {2, 3}], [{8}, {7}, {4, 6}, {2, 5}, {1, 3}], [{8}, {7}, {4, 6}, {2, 5}, {3}, {1}], [{8}, {7}, {4, 6}, {3, 5}, {1, 2}], [{8}, {7}, {4, 6}, {5}, {1, 3}, {2}]]",2,4 K_1^3 - 4 K_1^2 - 4 K_1 K_2 - K_1 + 2 K_2 + K_3 + 3,O1O2O3O4U2U1O5U4U6O7O6U8U5U7O8U3,O1O2O3U4U1O4O5U2O6O7U5U8U7U6O8U3,O1O2O3U1O4U5U6U4U7O6O5U2O7O8U3U8,c,{'O1O2O3O4U2O5U6U7U5O8O6U8U1O7U4U3'},1,"<a href=""/flatknot/8.704050"">8.704050</a>",t^9-62t^7-212t^6-49t^5+352t^4+350t^3-6t^2-103t+22,-2t^2+4t,,
8.704051,O1O2O3O4U2O5U6U7U5O8O6U8U3O7U1U4,3,9z^2+70z+105,9w^3z^2-8w^3z+78w^2z+105w,False,False,"[[ 0 -1 -2  1  3  2 -1 -1 -1],[ 1  0 -1  2  3  2  0  0 -1],[ 2  1  0  1  2  0  2  1  0],[-1 -2 -1  0  0  1 -1 -1 -1],[-3 -3 -2  0  0  2 -4 -3 -1],[-2 -2  0 -1 -2  0 -2 -1 -1],[ 1  0 -2  1  4  2  0  0 -1],[ 1  0 -1  1  3  1  0  0 -1],[ 1  1  0  1  1  1  1  1  0]]","[[ 0  3  2  1 -1 -1 -1 -1 -2],[-3  0  2  0 -1 -3 -3 -4 -2],[-2 -2  0 -1 -1 -1 -2 -2  0],[-1  0  1  0 -1 -1 -2 -1 -1],[ 1  1  1  1  0  1  1  1  0],[ 1  3  1  1 -1  0  0  0 -1],[ 1  3  2  2 -1  0  0  0 -1],[ 1  4  2  1 -1  0  0  0 -2],[ 2  2  0  1  0  1  1  2  0]]",True,"[-3,-2,-1,1,1,1,1,2,-2,0,1,3,3,4,2,1,1,1,2,2,0,1,1,2,1,1,-1,-1,-1,0,0,0,1,0,1,2]","[-3,-2,-1,1,1,1,1,2,-2,0,1,3,3,4,2,1,1,1,2,2,0,1,1,2,1,1,-1,-1,-1,0,0,0,1,0,1,2]",t^8+71t^6+179t^4+86t^2,"[-2,-1,-1,-1,-1,1,2,3,-1,0,0,1,2,4,3,0,0,1,1,1,0,0,1,0,1,1,1,1,2,1,1,2,3,0,2,3]","[-3,-2,-1,1,1,1,1,2,3,2,0,1,1,3,3,0,1,1,2,2,4,1,0,1,1,2,0,0,-1,-1,0,-1,0,-1,0,1]","[-2,-1,-1,-1,-1,1,2,3,0,1,1,2,1,0,2,1,1,1,1,1,1,0,0,1,1,3,0,2,2,3,1,2,4,1,0,-2]",c,"[[{8, 1}, {2, 7}, {3, 6}, {4, 5}], [{8, 1}, {2, 7}, {4, 6}, {3, 5}], [{8, 1}, {2, 7}, {4, 6}, {5}, {3}], [{8, 1}, {2, 7}, {5, 6}, {3, 4}], [{8, 1}, {3, 7}, {2, 6}, {4, 5}], [{8, 1}, {3, 7}, {2, 6}, {5}, {4}], [{8, 1}, {3, 7}, {4, 6}, {2, 5}], [{8, 1}, {3, 7}, {4, 6}, {5}, {2}], [{8, 1}, {3, 7}, {5, 6}, {2, 4}], [{8, 1}, {3, 7}, {5, 6}, {4}, {2}], [{8, 1}, {3, 7}, {6}, {2, 5}, {4}], [{8, 1}, {3, 7}, {6}, {4, 5}, {2}], [{8, 1}, {3, 7}, {6}, {5}, {2, 4}], [{8, 1}, {3, 7}, {6}, {5}, {4}, {2}], [{8, 1}, {4, 7}, {2, 6}, {3, 5}], [{8, 1}, {4, 7}, {3, 6}, {2, 5}], [{8, 1}, {4, 7}, {3, 6}, {5}, {2}], [{8, 1}, {4, 7}, {5, 6}, {2, 3}], [{8, 1}, {5, 7}, {2, 6}, {3, 4}], [{8, 1}, {5, 7}, {2, 6}, {4}, {3}], [{8, 1}, {5, 7}, {3, 6}, {2, 4}], [{8, 1}, {5, 7}, {4, 6}, {2, 3}], [{8, 1}, {5, 7}, {4, 6}, {3}, {2}], [{8, 1}, {5, 7}, {6}, {2, 4}, {3}], [{8, 1}, {6, 7}, {2, 5}, {3, 4}], [{8, 1}, {6, 7}, {3, 5}, {2, 4}], [{8, 1}, {6, 7}, {4, 5}, {2, 3}], [{8, 1}, {6, 7}, {5}, {3, 4}, {2}], [{8, 1}, {7}, {2, 6}, {3, 5}, {4}], [{8, 1}, {7}, {4, 6}, {2, 5}, {3}], [{8, 1}, {7}, {4, 6}, {3, 5}, {2}], [{8, 1}, {7}, {4, 6}, {5}, {2, 3}], [{8, 1}, {7}, {4, 6}, {5}, {3}, {2}], [{8, 1}, {7}, {6}, {3, 5}, {2, 4}], [{8, 2}, {1, 7}, {3, 6}, {4, 5}], [{8, 2}, {1, 7}, {3, 6}, {5}, {4}], [{8, 2}, {1, 7}, {4, 6}, {3, 5}], [{8, 2}, {1, 7}, {5, 6}, {3, 4}], [{8, 2}, {3, 7}, {1, 6}, {4, 5}], [{8, 2}, {3, 7}, {4, 6}, {1, 5}], [{8, 2}, {3, 7}, {4, 6}, {5}, {1}], [{8, 2}, {3, 7}, {5, 6}, {1, 4}], [{8, 2}, {4, 7}, {1, 6}, {3, 5}], [{8, 2}, {4, 7}, {1, 6}, {5}, {3}], [{8, 2}, {4, 7}, {3, 6}, {1, 5}], [{8, 2}, {4, 7}, {3, 6}, {5}, {1}], [{8, 2}, {4, 7}, {5, 6}, {1, 3}], [{8, 2}, {4, 7}, {5, 6}, {3}, {1}], [{8, 2}, {4, 7}, {6}, {1, 5}, {3}], [{8, 2}, {4, 7}, {6}, {3, 5}, {1}], [{8, 2}, {4, 7}, {6}, {5}, {1, 3}], [{8, 2}, {4, 7}, {6}, {5}, {3}, {1}], [{8, 2}, {5, 7}, {1, 6}, {3, 4}], [{8, 2}, {5, 7}, {3, 6}, {1, 4}], [{8, 2}, {5, 7}, {3, 6}, {4}, {1}], [{8, 2}, {5, 7}, {4, 6}, {1, 3}], [{8, 2}, {6, 7}, {1, 5}, {3, 4}], [{8, 2}, {6, 7}, {3, 5}, {1, 4}], [{8, 2}, {6, 7}, {4, 5}, {1, 3}], [{8, 2}, {6, 7}, {5}, {3, 4}, {1}], [{8, 2}, {7}, {3, 6}, {1, 5}, {4}], [{8, 2}, {7}, {3, 6}, {4, 5}, {1}], [{8, 2}, {7}, {3, 6}, {5}, {1, 4}], [{8, 2}, {7}, {3, 6}, {5}, {4}, {1}], [{8, 3}, {1, 7}, {2, 6}, {4, 5}], [{8, 3}, {1, 7}, {2, 6}, {5}, {4}], [{8, 3}, {1, 7}, {4, 6}, {2, 5}], [{8, 3}, {1, 7}, {4, 6}, {5}, {2}], [{8, 3}, {1, 7}, {5, 6}, {2, 4}], [{8, 3}, {1, 7}, {6}, {5}, {2, 4}], [{8, 3}, {2, 7}, {1, 6}, {4, 5}], [{8, 3}, {2, 7}, {4, 6}, {1, 5}], [{8, 3}, {2, 7}, {5, 6}, {1, 4}], [{8, 3}, {2, 7}, {6}, {1, 5}, {4}], [{8, 3}, {4, 7}, {1, 6}, {2, 5}], [{8, 3}, {4, 7}, {2, 6}, {1, 5}], [{8, 3}, {4, 7}, {2, 6}, {5}, {1}], [{8, 3}, {4, 7}, {5, 6}, {1, 2}], [{8, 3}, {4, 7}, {6}, {1, 5}, {2}], [{8, 3}, {5, 7}, {1, 6}, {2, 4}], [{8, 3}, {5, 7}, {2, 6}, {1, 4}], [{8, 3}, {5, 7}, {2, 6}, {4}, {1}], [{8, 3}, {5, 7}, {4, 6}, {1, 2}], [{8, 3}, {5, 7}, {4, 6}, {2}, {1}], [{8, 3}, {5, 7}, {6}, {2, 4}, {1}], [{8, 3}, {6, 7}, {1, 5}, {2, 4}], [{8, 3}, {6, 7}, {1, 5}, {4}, {2}], [{8, 3}, {6, 7}, {2, 5}, {1, 4}], [{8, 3}, {6, 7}, {4, 5}, {1, 2}], [{8, 3}, {7}, {1, 6}, {2, 5}, {4}], [{8, 3}, {7}, {2, 6}, {1, 5}, {4}], [{8, 3}, {7}, {2, 6}, {4, 5}, {1}], [{8, 3}, {7}, {2, 6}, {5}, {1, 4}], [{8, 3}, {7}, {2, 6}, {5}, {4}, {1}], [{8, 3}, {7}, {4, 6}, {1, 5}, {2}], [{8, 3}, {7}, {5, 6}, {4}, {1, 2}], [{8, 3}, {7}, {6}, {1, 5}, {2, 4}], [{8, 3}, {7}, {6}, {1, 5}, {4}, {2}], [{8, 4}, {1, 7}, {2, 6}, {3, 5}], [{8, 4}, {1, 7}, {3, 6}, {2, 5}], [{8, 4}, {1, 7}, {5, 6}, {2, 3}], [{8, 4}, {2, 7}, {1, 6}, {3, 5}], [{8, 4}, {2, 7}, {3, 6}, {1, 5}], [{8, 4}, {2, 7}, {3, 6}, {5}, {1}], [{8, 4}, {2, 7}, {5, 6}, {1, 3}], [{8, 4}, {2, 7}, {5, 6}, {3}, {1}], [{8, 4}, {2, 7}, {6}, {3, 5}, {1}], [{8, 4}, {3, 7}, {1, 6}, {2, 5}], [{8, 4}, {3, 7}, {1, 6}, {5}, {2}], [{8, 4}, {3, 7}, {2, 6}, {1, 5}], [{8, 4}, {3, 7}, {5, 6}, {1, 2}], [{8, 4}, {3, 7}, {6}, {2, 5}, {1}], [{8, 4}, {5, 7}, {1, 6}, {2, 3}], [{8, 4}, {5, 7}, {2, 6}, {1, 3}], [{8, 4}, {5, 7}, {3, 6}, {1, 2}], [{8, 4}, {6, 7}, {1, 5}, {2, 3}], [{8, 4}, {6, 7}, {2, 5}, {1, 3}], [{8, 4}, {6, 7}, {3, 5}, {1, 2}], [{8, 4}, {6, 7}, {5}, {1, 3}, {2}], [{8, 4}, {7}, {1, 6}, {2, 5}, {3}], [{8, 4}, {7}, {2, 6}, {1, 5}, {3}], [{8, 5}, {1, 7}, {2, 6}, {3, 4}], [{8, 5}, {1, 7}, {2, 6}, {4}, {3}], [{8, 5}, {1, 7}, {3, 6}, {2, 4}], [{8, 5}, {1, 7}, {4, 6}, {2, 3}], [{8, 5}, {1, 7}, {4, 6}, {3}, {2}], [{8, 5}, {1, 7}, {6}, {2, 4}, {3}], [{8, 5}, {2, 7}, {1, 6}, {3, 4}], [{8, 5}, {2, 7}, {3, 6}, {1, 4}], [{8, 5}, {2, 7}, {4, 6}, {1, 3}], [{8, 5}, {2, 7}, {6}, {1, 4}, {3}], [{8, 5}, {2, 7}, {6}, {3, 4}, {1}], [{8, 5}, {2, 7}, {6}, {4}, {1, 3}], [{8, 5}, {3, 7}, {1, 6}, {2, 4}], [{8, 5}, {3, 7}, {2, 6}, {1, 4}], [{8, 5}, {3, 7}, {2, 6}, {4}, {1}], [{8, 5}, {3, 7}, {4, 6}, {1, 2}], [{8, 5}, {3, 7}, {4, 6}, {2}, {1}], [{8, 5}, {3, 7}, {6}, {2, 4}, {1}], [{8, 5}, {4, 7}, {1, 6}, {2, 3}], [{8, 5}, {4, 7}, {1, 6}, {3}, {2}], [{8, 5}, {4, 7}, {2, 6}, {1, 3}], [{8, 5}, {4, 7}, {3, 6}, {1, 2}], [{8, 5}, {4, 7}, {3, 6}, {2}, {1}], [{8, 5}, {4, 7}, {6}, {1, 3}, {2}], [{8, 5}, {6, 7}, {1, 4}, {2, 3}], [{8, 5}, {6, 7}, {2, 4}, {1, 3}], [{8, 5}, {6, 7}, {3, 4}, {1, 2}], [{8, 5}, {6, 7}, {4}, {1, 3}, {2}], [{8, 5}, {7}, {2, 6}, {4}, {1, 3}], [{8, 5}, {7}, {4, 6}, {1, 3}, {2}], [{8, 5}, {7}, {6}, {2, 4}, {1, 3}], [{8, 5}, {7}, {6}, {4}, {1, 3}, {2}], [{8, 6}, {1, 7}, {2, 5}, {3, 4}], [{8, 6}, {1, 7}, {3, 5}, {2, 4}], [{8, 6}, {1, 7}, {4, 5}, {2, 3}], [{8, 6}, {1, 7}, {4, 5}, {3}, {2}], [{8, 6}, {2, 7}, {1, 5}, {3, 4}], [{8, 6}, {2, 7}, {3, 5}, {1, 4}], [{8, 6}, {2, 7}, {4, 5}, {1, 3}], [{8, 6}, {3, 7}, {1, 5}, {2, 4}], [{8, 6}, {3, 7}, {2, 5}, {1, 4}], [{8, 6}, {3, 7}, {2, 5}, {4}, {1}], [{8, 6}, {3, 7}, {4, 5}, {1, 2}], [{8, 6}, {3, 7}, {5}, {1, 4}, {2}], [{8, 6}, {4, 7}, {1, 5}, {2, 3}], [{8, 6}, {4, 7}, {1, 5}, {3}, {2}], [{8, 6}, {4, 7}, {2, 5}, {1, 3}], [{8, 6}, {4, 7}, {3, 5}, {1, 2}], [{8, 6}, {4, 7}, {5}, {2, 3}, {1}], [{8, 6}, {5, 7}, {1, 4}, {2, 3}], [{8, 6}, {5, 7}, {2, 4}, {1, 3}], [{8, 6}, {5, 7}, {3, 4}, {1, 2}], [{8, 6}, {7}, {1, 5}, {4}, {2, 3}], [{8, 6}, {7}, {2, 5}, {1, 4}, {3}], [{8, 6}, {7}, {3, 5}, {2, 4}, {1}], [{8, 7}, {1, 6}, {2, 5}, {3, 4}], [{8, 7}, {1, 6}, {2, 5}, {4}, {3}], [{8, 7}, {1, 6}, {3, 5}, {2, 4}], [{8, 7}, {1, 6}, {3, 5}, {4}, {2}], [{8, 7}, {1, 6}, {4, 5}, {2, 3}], [{8, 7}, {1, 6}, {4, 5}, {3}, {2}], [{8, 7}, {1, 6}, {5}, {2, 4}, {3}], [{8, 7}, {1, 6}, {5}, {3, 4}, {2}], [{8, 7}, {1, 6}, {5}, {4}, {2, 3}], [{8, 7}, {2, 6}, {1, 5}, {3, 4}], [{8, 7}, {2, 6}, {1, 5}, {4}, {3}], [{8, 7}, {2, 6}, {3, 5}, {1, 4}], [{8, 7}, {2, 6}, {3, 5}, {4}, {1}], [{8, 7}, {2, 6}, {4, 5}, {1, 3}], [{8, 7}, {2, 6}, {5}, {4}, {1, 3}], [{8, 7}, {3, 6}, {1, 5}, {2, 4}], [{8, 7}, {3, 6}, {2, 5}, {1, 4}], [{8, 7}, {3, 6}, {4, 5}, {1, 2}], [{8, 7}, {3, 6}, {5}, {2, 4}, {1}], [{8, 7}, {4, 6}, {1, 5}, {2, 3}], [{8, 7}, {4, 6}, {1, 5}, {3}, {2}], [{8, 7}, {4, 6}, {2, 5}, {1, 3}], [{8, 7}, {4, 6}, {3, 5}, {1, 2}], [{8, 7}, {4, 6}, {3, 5}, {2}, {1}], [{8, 7}, {4, 6}, {5}, {1, 3}, {2}], [{8, 7}, {5, 6}, {1, 4}, {2, 3}], [{8, 7}, {5, 6}, {2, 4}, {1, 3}], [{8, 7}, {5, 6}, {2, 4}, {3}, {1}], [{8, 7}, {5, 6}, {3, 4}, {1, 2}], [{8, 7}, {6}, {1, 5}, {2, 4}, {3}], [{8, 7}, {6}, {2, 5}, {3, 4}, {1}], [{8, 7}, {6}, {3, 5}, {1, 4}, {2}], [{8, 7}, {6}, {3, 5}, {2, 4}, {1}], [{8, 7}, {6}, {3, 5}, {4}, {1, 2}], [{8, 7}, {6}, {3, 5}, {4}, {2}, {1}], [{8, 7}, {6}, {4, 5}, {2, 3}, {1}], [{8, 7}, {6}, {5}, {2, 4}, {1, 3}], [{8, 7}, {6}, {5}, {2, 4}, {3}, {1}], [{8}, {1, 7}, {2, 6}, {3, 5}, {4}], [{8}, {1, 7}, {4, 6}, {3, 5}, {2}], [{8}, {1, 7}, {6}, {3, 5}, {2, 4}], [{8}, {3, 7}, {1, 6}, {2, 5}, {4}], [{8}, {3, 7}, {2, 6}, {1, 5}, {4}], [{8}, {3, 7}, {4, 6}, {1, 5}, {2}], [{8}, {3, 7}, {4, 6}, {2, 5}, {1}], [{8}, {3, 7}, {4, 6}, {5}, {1, 2}], [{8}, {3, 7}, {4, 6}, {5}, {2}, {1}], [{8}, {3, 7}, {6}, {1, 5}, {2, 4}], [{8}, {3, 7}, {6}, {2, 5}, {1, 4}], [{8}, {4, 7}, {1, 6}, {2, 5}, {3}], [{8}, {4, 7}, {2, 6}, {1, 5}, {3}], [{8}, {4, 7}, {3, 6}, {1, 5}, {2}], [{8}, {4, 7}, {3, 6}, {2, 5}, {1}], [{8}, {4, 7}, {3, 6}, {5}, {1, 2}], [{8}, {4, 7}, {3, 6}, {5}, {2}, {1}], [{8}, {4, 7}, {6}, {1, 5}, {2, 3}], [{8}, {4, 7}, {6}, {2, 5}, {1, 3}], [{8}, {5, 7}, {2, 6}, {4}, {1, 3}], [{8}, {5, 7}, {4, 6}, {1, 3}, {2}], [{8}, {5, 7}, {6}, {1, 4}, {2, 3}], [{8}, {5, 7}, {6}, {2, 4}, {1, 3}], [{8}, {6, 7}, {3, 5}, {2, 4}, {1}], [{8}, {6, 7}, {4, 5}, {1, 3}, {2}], [{8}, {6, 7}, {5}, {3, 4}, {1, 2}], [{8}, {7}, {1, 6}, {2, 5}, {3, 4}], [{8}, {7}, {1, 6}, {2, 5}, {4}, {3}], [{8}, {7}, {1, 6}, {3, 5}, {2, 4}], [{8}, {7}, {1, 6}, {4, 5}, {2, 3}], [{8}, {7}, {2, 6}, {1, 5}, {3, 4}], [{8}, {7}, {2, 6}, {1, 5}, {4}, {3}], [{8}, {7}, {6}, {3, 5}, {2, 4}, {1}]]",2,12 K_1^3 + 4 K_1^2 K_2 - 28 K_1^2 - 22 K_1 K_2 - 4 K_1 K_3 + 2 K_1 + 14 K_2 + 8 K_3 + K_4 + 14,O1O2O3O4U1U4O5U2U6O7O6U8U5U7O8U3,O1O2O3U4U1O4O5U2O6O7U6U8U5U7O8U3,O1O2O3U1O4U5U6U4U7O5O7U2O6O8U3U8,c,{'O1O2O3O4U2O5U6U7U5O8O6U8U3O7U1U4'},1,"<a href=""/flatknot/8.704051"">8.704051</a>",t^9-65t^7-186t^6+91t^5+436t^4+109t^3-106t^2-60t+16,-t^3+3t,,
8.704052,O1O2O3O4U2O5U6U7U5O8O6U8U4O7U1U3,4,11z^2+92z+141,11w^3z^2+92w^2z+141w,False,False,"[[ 0 -1 -2  2  2  2 -1 -1 -1],[ 1  0 -1  2  2  2  0  0 -1],[ 2  1  0  2  1  0  2  1  0],[-2 -2 -2  0  1  2 -3 -3 -1],[-2 -2 -1 -1  0  1 -2 -2 -1],[-2 -2  0 -2 -1  0 -2 -1 -1],[ 1  0 -2  3  2  2  0  0 -1],[ 1  0 -1  3  2  1  0  0 -1],[ 1  1  0  1  1  1  1  1  0]]","[[ 0  2  2  2 -1 -1 -1 -1 -2],[-2  0  2  1 -1 -2 -3 -3 -2],[-2 -2  0 -1 -1 -2 -1 -2  0],[-2 -1  1  0 -1 -2 -2 -2 -1],[ 1  1  1  1  0  1  1  1  0],[ 1  2  2  2 -1  0  0  0 -1],[ 1  3  1  2 -1  0  0  0 -1],[ 1  3  2  2 -1  0  0  0 -2],[ 2  2  0  1  0  1  1  2  0]]",True,"[-2,-2,-2,1,1,1,1,2,-2,-1,1,2,3,3,2,1,1,2,1,2,0,1,2,2,2,1,-1,-1,-1,0,0,0,1,0,1,2]","[-2,-2,-2,1,1,1,1,2,-2,-1,1,1,2,2,4,1,0,1,0,2,2,1,1,1,2,3,0,0,-1,-1,0,-1,0,-1,0,1]",t^8+66t^6+142t^4+51t^2,"[-2,-1,-1,-1,-1,2,2,2,-1,0,0,1,2,3,4,0,0,1,0,1,1,0,1,0,1,2,1,1,1,1,2,2,2,-1,-2,-1]","[-2,-2,-2,1,1,1,1,2,-2,-1,1,1,2,2,4,1,0,1,0,2,2,1,1,1,2,3,0,0,-1,-1,0,-1,0,-1,0,1]","[-2,-1,-1,-1,-1,2,2,2,0,1,1,2,0,1,2,1,1,1,1,1,1,0,0,1,2,3,0,2,2,2,2,2,3,-1,-2,-1]",c,"[[{8, 1}, {2, 7}, {3, 6}, {4, 5}], [{8, 1}, {2, 7}, {4, 6}, {3, 5}], [{8, 1}, {2, 7}, {5, 6}, {3, 4}], [{8, 1}, {2, 7}, {5, 6}, {4}, {3}], [{8, 1}, {3, 7}, {2, 6}, {4, 5}], [{8, 1}, {3, 7}, {4, 6}, {2, 5}], [{8, 1}, {3, 7}, {4, 6}, {5}, {2}], [{8, 1}, {3, 7}, {5, 6}, {2, 4}], [{8, 1}, {4, 7}, {2, 6}, {3, 5}], [{8, 1}, {4, 7}, {3, 6}, {2, 5}], [{8, 1}, {4, 7}, {5, 6}, {2, 3}], [{8, 1}, {5, 7}, {2, 6}, {3, 4}], [{8, 1}, {5, 7}, {2, 6}, {4}, {3}], [{8, 1}, {5, 7}, {3, 6}, {2, 4}], [{8, 1}, {5, 7}, {4, 6}, {2, 3}], [{8, 1}, {6, 7}, {2, 5}, {3, 4}], [{8, 1}, {6, 7}, {3, 5}, {2, 4}], [{8, 1}, {6, 7}, {4, 5}, {2, 3}], [{8, 1}, {7}, {6}, {2, 5}, {3, 4}], [{8, 2}, {1, 7}, {3, 6}, {4, 5}], [{8, 2}, {1, 7}, {3, 6}, {5}, {4}], [{8, 2}, {1, 7}, {4, 6}, {3, 5}], [{8, 2}, {1, 7}, {5, 6}, {3, 4}], [{8, 2}, {1, 7}, {5, 6}, {4}, {3}], [{8, 2}, {1, 7}, {6}, {3, 5}, {4}], [{8, 2}, {3, 7}, {1, 6}, {4, 5}], [{8, 2}, {3, 7}, {1, 6}, {5}, {4}], [{8, 2}, {3, 7}, {4, 6}, {1, 5}], [{8, 2}, {3, 7}, {4, 6}, {5}, {1}], [{8, 2}, {3, 7}, {5, 6}, {1, 4}], [{8, 2}, {3, 7}, {6}, {5}, {1, 4}], [{8, 2}, {4, 7}, {1, 6}, {3, 5}], [{8, 2}, {4, 7}, {3, 6}, {1, 5}], [{8, 2}, {4, 7}, {3, 6}, {5}, {1}], [{8, 2}, {4, 7}, {5, 6}, {1, 3}], [{8, 2}, {4, 7}, {5, 6}, {3}, {1}], [{8, 2}, {4, 7}, {6}, {3, 5}, {1}], [{8, 2}, {5, 7}, {1, 6}, {3, 4}], [{8, 2}, {5, 7}, {1, 6}, {4}, {3}], [{8, 2}, {5, 7}, {3, 6}, {1, 4}], [{8, 2}, {5, 7}, {4, 6}, {1, 3}], [{8, 2}, {5, 7}, {4, 6}, {3}, {1}], [{8, 2}, {5, 7}, {6}, {1, 4}, {3}], [{8, 2}, {6, 7}, {1, 5}, {3, 4}], [{8, 2}, {6, 7}, {3, 5}, {1, 4}], [{8, 2}, {6, 7}, {3, 5}, {4}, {1}], [{8, 2}, {6, 7}, {4, 5}, {1, 3}], [{8, 2}, {6, 7}, {5}, {1, 4}, {3}], [{8, 2}, {7}, {1, 6}, {3, 5}, {4}], [{8, 2}, {7}, {3, 6}, {5}, {1, 4}], [{8, 2}, {7}, {4, 6}, {3, 5}, {1}], [{8, 2}, {7}, {5, 6}, {1, 4}, {3}], [{8, 2}, {7}, {6}, {1, 5}, {3, 4}], [{8, 2}, {7}, {6}, {3, 5}, {1, 4}], [{8, 2}, {7}, {6}, {3, 5}, {4}, {1}], [{8, 2}, {7}, {6}, {4, 5}, {1, 3}], [{8, 2}, {7}, {6}, {5}, {1, 4}, {3}], [{8, 3}, {1, 7}, {2, 6}, {4, 5}], [{8, 3}, {1, 7}, {4, 6}, {2, 5}], [{8, 3}, {1, 7}, {5, 6}, {2, 4}], [{8, 3}, {1, 7}, {6}, {2, 5}, {4}], [{8, 3}, {2, 7}, {1, 6}, {4, 5}], [{8, 3}, {2, 7}, {4, 6}, {1, 5}], [{8, 3}, {2, 7}, {5, 6}, {1, 4}], [{8, 3}, {2, 7}, {5, 6}, {4}, {1}], [{8, 3}, {4, 7}, {1, 6}, {2, 5}], [{8, 3}, {4, 7}, {2, 6}, {1, 5}], [{8, 3}, {4, 7}, {5, 6}, {1, 2}], [{8, 3}, {4, 7}, {6}, {1, 5}, {2}], [{8, 3}, {4, 7}, {6}, {2, 5}, {1}], [{8, 3}, {4, 7}, {6}, {5}, {1, 2}], [{8, 3}, {5, 7}, {1, 6}, {2, 4}], [{8, 3}, {5, 7}, {2, 6}, {1, 4}], [{8, 3}, {5, 7}, {2, 6}, {4}, {1}], [{8, 3}, {5, 7}, {4, 6}, {1, 2}], [{8, 3}, {6, 7}, {1, 5}, {2, 4}], [{8, 3}, {6, 7}, {1, 5}, {4}, {2}], [{8, 3}, {6, 7}, {2, 5}, {1, 4}], [{8, 3}, {6, 7}, {2, 5}, {4}, {1}], [{8, 3}, {6, 7}, {4, 5}, {1, 2}], [{8, 3}, {6, 7}, {4, 5}, {2}, {1}], [{8, 3}, {6, 7}, {5}, {1, 4}, {2}], [{8, 3}, {6, 7}, {5}, {2, 4}, {1}], [{8, 3}, {6, 7}, {5}, {4}, {1, 2}], [{8, 3}, {6, 7}, {5}, {4}, {2}, {1}], [{8, 3}, {7}, {1, 6}, {2, 5}, {4}], [{8, 3}, {7}, {4, 6}, {1, 5}, {2}], [{8, 3}, {7}, {4, 6}, {2, 5}, {1}], [{8, 3}, {7}, {4, 6}, {5}, {1, 2}], [{8, 3}, {7}, {6}, {2, 5}, {1, 4}], [{8, 3}, {7}, {6}, {2, 5}, {4}, {1}], [{8, 4}, {1, 7}, {2, 6}, {3, 5}], [{8, 4}, {1, 7}, {3, 6}, {2, 5}], [{8, 4}, {1, 7}, {5, 6}, {2, 3}], [{8, 4}, {2, 7}, {1, 6}, {3, 5}], [{8, 4}, {2, 7}, {3, 6}, {1, 5}], [{8, 4}, {2, 7}, {5, 6}, {1, 3}], [{8, 4}, {3, 7}, {1, 6}, {2, 5}], [{8, 4}, {3, 7}, {2, 6}, {1, 5}], [{8, 4}, {3, 7}, {5, 6}, {1, 2}], [{8, 4}, {3, 7}, {5, 6}, {2}, {1}], [{8, 4}, {5, 7}, {1, 6}, {2, 3}], [{8, 4}, {5, 7}, {2, 6}, {1, 3}], [{8, 4}, {5, 7}, {3, 6}, {1, 2}], [{8, 4}, {5, 7}, {6}, {2, 3}, {1}], [{8, 4}, {6, 7}, {1, 5}, {2, 3}], [{8, 4}, {6, 7}, {2, 5}, {1, 3}], [{8, 4}, {6, 7}, {3, 5}, {1, 2}], [{8, 4}, {7}, {2, 6}, {3, 5}, {1}], [{8, 4}, {7}, {6}, {2, 5}, {1, 3}], [{8, 5}, {1, 7}, {2, 6}, {3, 4}], [{8, 5}, {1, 7}, {2, 6}, {4}, {3}], [{8, 5}, {1, 7}, {3, 6}, {2, 4}], [{8, 5}, {1, 7}, {3, 6}, {4}, {2}], [{8, 5}, {1, 7}, {4, 6}, {2, 3}], [{8, 5}, {1, 7}, {6}, {4}, {2, 3}], [{8, 5}, {2, 7}, {1, 6}, {3, 4}], [{8, 5}, {2, 7}, {1, 6}, {4}, {3}], [{8, 5}, {2, 7}, {3, 6}, {1, 4}], [{8, 5}, {2, 7}, {4, 6}, {1, 3}], [{8, 5}, {2, 7}, {4, 6}, {3}, {1}], [{8, 5}, {2, 7}, {6}, {1, 4}, {3}], [{8, 5}, {3, 7}, {1, 6}, {2, 4}], [{8, 5}, {3, 7}, {1, 6}, {4}, {2}], [{8, 5}, {3, 7}, {2, 6}, {1, 4}], [{8, 5}, {3, 7}, {4, 6}, {1, 2}], [{8, 5}, {3, 7}, {4, 6}, {2}, {1}], [{8, 5}, {3, 7}, {6}, {1, 4}, {2}], [{8, 5}, {4, 7}, {1, 6}, {2, 3}], [{8, 5}, {4, 7}, {2, 6}, {1, 3}], [{8, 5}, {4, 7}, {2, 6}, {3}, {1}], [{8, 5}, {4, 7}, {3, 6}, {1, 2}], [{8, 5}, {4, 7}, {3, 6}, {2}, {1}], [{8, 5}, {4, 7}, {6}, {2, 3}, {1}], [{8, 5}, {6, 7}, {1, 4}, {2, 3}], [{8, 5}, {6, 7}, {1, 4}, {3}, {2}], [{8, 5}, {6, 7}, {2, 4}, {1, 3}], [{8, 5}, {6, 7}, {3, 4}, {1, 2}], [{8, 5}, {6, 7}, {4}, {2, 3}, {1}], [{8, 5}, {7}, {1, 6}, {4}, {2, 3}], [{8, 5}, {7}, {2, 6}, {1, 4}, {3}], [{8, 5}, {7}, {3, 6}, {1, 4}, {2}], [{8, 5}, {7}, {4, 6}, {2, 3}, {1}], [{8, 5}, {7}, {6}, {1, 4}, {2, 3}], [{8, 5}, {7}, {6}, {1, 4}, {3}, {2}], [{8, 5}, {7}, {6}, {2, 4}, {1, 3}], [{8, 5}, {7}, {6}, {3, 4}, {1, 2}], [{8, 5}, {7}, {6}, {4}, {2, 3}, {1}], [{8, 6}, {1, 7}, {2, 5}, {3, 4}], [{8, 6}, {1, 7}, {2, 5}, {4}, {3}], [{8, 6}, {1, 7}, {3, 5}, {2, 4}], [{8, 6}, {1, 7}, {4, 5}, {2, 3}], [{8, 6}, {2, 7}, {1, 5}, {3, 4}], [{8, 6}, {2, 7}, {3, 5}, {1, 4}], [{8, 6}, {2, 7}, {4, 5}, {1, 3}], [{8, 6}, {3, 7}, {1, 5}, {2, 4}], [{8, 6}, {3, 7}, {2, 5}, {1, 4}], [{8, 6}, {3, 7}, {4, 5}, {1, 2}], [{8, 6}, {3, 7}, {5}, {2, 4}, {1}], [{8, 6}, {4, 7}, {1, 5}, {2, 3}], [{8, 6}, {4, 7}, {2, 5}, {1, 3}], [{8, 6}, {4, 7}, {2, 5}, {3}, {1}], [{8, 6}, {4, 7}, {3, 5}, {1, 2}], [{8, 6}, {5, 7}, {1, 4}, {2, 3}], [{8, 6}, {5, 7}, {2, 4}, {1, 3}], [{8, 6}, {5, 7}, {2, 4}, {3}, {1}], [{8, 6}, {5, 7}, {3, 4}, {1, 2}], [{8, 6}, {7}, {2, 5}, {1, 4}, {3}], [{8, 6}, {7}, {3, 5}, {2, 4}, {1}], [{8, 7}, {1, 6}, {2, 5}, {3, 4}], [{8, 7}, {1, 6}, {2, 5}, {4}, {3}], [{8, 7}, {1, 6}, {3, 5}, {2, 4}], [{8, 7}, {1, 6}, {4, 5}, {2, 3}], [{8, 7}, {2, 6}, {1, 5}, {3, 4}], [{8, 7}, {2, 6}, {3, 5}, {1, 4}], [{8, 7}, {2, 6}, {4, 5}, {1, 3}], [{8, 7}, {3, 6}, {1, 5}, {2, 4}], [{8, 7}, {3, 6}, {2, 5}, {1, 4}], [{8, 7}, {3, 6}, {4, 5}, {1, 2}], [{8, 7}, {4, 6}, {1, 5}, {2, 3}], [{8, 7}, {4, 6}, {1, 5}, {3}, {2}], [{8, 7}, {4, 6}, {2, 5}, {1, 3}], [{8, 7}, {4, 6}, {2, 5}, {3}, {1}], [{8, 7}, {4, 6}, {3, 5}, {1, 2}], [{8, 7}, {4, 6}, {5}, {3}, {1, 2}], [{8, 7}, {5, 6}, {1, 4}, {2, 3}], [{8, 7}, {5, 6}, {2, 4}, {1, 3}], [{8, 7}, {5, 6}, {2, 4}, {3}, {1}], [{8, 7}, {5, 6}, {3, 4}, {1, 2}], [{8, 7}, {6}, {2, 5}, {1, 4}, {3}], [{8, 7}, {6}, {4, 5}, {2, 3}, {1}], [{8, 7}, {6}, {5}, {2, 4}, {1, 3}], [{8}, {1, 7}, {3, 6}, {2, 5}, {4}], [{8}, {1, 7}, {4, 6}, {5}, {2, 3}], [{8}, {2, 7}, {5, 6}, {4}, {1, 3}], [{8}, {3, 7}, {1, 6}, {2, 5}, {4}], [{8}, {3, 7}, {2, 6}, {1, 5}, {4}], [{8}, {3, 7}, {4, 6}, {1, 5}, {2}], [{8}, {3, 7}, {4, 6}, {2, 5}, {1}], [{8}, {3, 7}, {4, 6}, {5}, {1, 2}], [{8}, {3, 7}, {6}, {1, 5}, {2, 4}], [{8}, {3, 7}, {6}, {2, 5}, {1, 4}], [{8}, {4, 7}, {1, 6}, {3, 5}, {2}], [{8}, {4, 7}, {3, 6}, {2, 5}, {1}], [{8}, {5, 7}, {2, 6}, {4}, {1, 3}], [{8}, {5, 7}, {3, 6}, {4}, {1, 2}], [{8}, {5, 7}, {4, 6}, {1, 3}, {2}], [{8}, {5, 7}, {6}, {2, 4}, {1, 3}], [{8}, {6, 7}, {1, 5}, {2, 4}, {3}], [{8}, {6, 7}, {2, 5}, {1, 4}, {3}], [{8}, {6, 7}, {3, 5}, {1, 4}, {2}], [{8}, {6, 7}, {5}, {1, 4}, {2, 3}], [{8}, {7}, {3, 6}, {1, 5}, {2, 4}], [{8}, {7}, {3, 6}, {2, 5}, {1, 4}], [{8}, {7}, {6}, {2, 5}, {1, 4}, {3}]]",2,- 24 K_1^2 - 24 K_1 K_2 + 12 K_1 - 8 K_2^2 + 12 K_2 + 12 K_3 + 4 K_4 + 17,O1O2O3O4U2U4O5U1U6O7O6U8U5U7O8U3,O1O2O3U4U1O4O5U2O6O7U6U8U7U5O8U3,O1O2O3U1O4U5U6U4U7O6O7U2O5O8U3U8,c,{'O1O2O3O4U2O5U6U7U5O8O6U8U4O7U1U3'},1,"<a href=""/flatknot/8.704052"">8.704052</a>",t^9-62t^7-208t^6-52t^5+302t^4+145t^3-98t^2-26t+12,-2t^2+4t,,
8.704053,O1O2O3O4U2O5U6U1U3O7O8U4U8O6U7U5,4,7z^2+76z+125,7w^3z^2+76w^2z+125w,False,False,"[[ 0 -2 -2  1  1  3 -2  0  1],[ 2  0  0  2  3  2  0  0  1],[ 2  0  0  1  2  2  0  1  1],[-1 -2 -1  0  1  1 -2  0  1],[-1 -3 -2 -1  0  2 -2  1  1],[-3 -2 -2 -1 -2  0 -2 -1  0],[ 2  0  0  2  2  2  0  0  1],[ 0  0 -1  0 -1  1  0  0  0],[-1 -1 -1 -1 -1  0 -1  0  0]]","[[ 0  3  1  1  1  0 -2 -2 -2],[-3  0  0 -1 -2 -1 -2 -2 -2],[-1  0  0 -1 -1  0 -1 -1 -1],[-1  1  1  0  1  0 -1 -2 -2],[-1  2  1 -1  0  1 -2 -2 -3],[ 0  1  0  0 -1  0 -1  0  0],[ 2  2  1  1  2  1  0  0  0],[ 2  2  1  2  2  0  0  0  0],[ 2  2  1  2  3  0  0  0  0]]",True,"[-3,-1,-1,-1,0,2,2,2,0,1,2,1,2,2,2,1,1,0,1,1,1,-1,0,1,2,2,-1,2,2,3,1,0,0,0,0,0]","[-3,-1,-1,-1,0,2,2,2,0,1,2,1,2,2,2,1,1,0,1,1,1,-1,0,1,2,2,-1,2,2,3,1,0,0,0,0,0]",t^8+52t^6+172t^4+24t^2,"[-2,-2,-2,0,1,1,1,3,0,0,1,1,2,2,3,0,2,0,1,2,3,2,1,1,2,3,2,1,1,2,1,-1,0,-1,1,2]","[-3,-1,-1,-1,0,2,2,2,0,1,2,2,3,3,3,-1,1,2,0,1,1,1,1,1,1,2,1,2,2,2,2,2,1,0,0,0]","[-2,-2,-2,0,1,1,1,3,0,0,0,1,2,2,2,0,0,1,2,3,2,1,1,1,2,2,0,0,-1,1,-1,-1,0,1,1,2]",c,"[[{8, 1}, {3, 7}, {4, 6}, {2, 5}], [{8, 1}, {3, 7}, {5, 6}, {2, 4}], [{8, 3}, {1, 7}, {2, 6}, {4, 5}]]",1,8 K_1^3 - 26 K_1^2 - 22 K_1 K_2 - 8 K_1 K_3 + 5 K_1 + 17 K_2 + 9 K_3 + 4 K_4 + 14,O1O2O3O4U5U6O7U8U1O8O6U2U4U7O5U3,O1O2O3U4U5O6O5U1O4O7U2U8U3U6O8U7,O1O2O3U4O5U6U1U5U2O4O7U3O8O6U8U7,c,{'O1O2O3O4U2O5U6U1U3O7O8U4U8O6U7U5'},1,"<a href=""/flatknot/8.704053"">8.704053</a>",t^9-52t^7-118t^6+11t^5+188t^4+113t^3+18t^2+16t-4,-t^3+3t^2-3t,,
8.704054,O1O2O3O4U2O5U6U1U3O7O8U5U4O6U7U8,4,z^3+27z^2+101z+103,w^4z^3+27w^3z^2+101w^2z+103w,False,False,"[[ 0 -2 -2  1  2  1 -2  0  2],[ 2  0  0  2  4  2 -1  1  1],[ 2  0  0  1  2  1  0  1  1],[-1 -2 -1  0  2  1 -3  1  1],[-2 -4 -2 -2  0  0 -3  1  2],[-1 -2 -1 -1  0  0 -1  0  1],[ 2  1  0  3  3  1  0  0  1],[ 0 -1 -1 -1 -1  0  0  0  1],[-2 -1 -1 -1 -2 -1 -1 -1  0]]","[[ 0  2  2  1  1  0 -2 -2 -2],[-2  0  2  0 -2  1 -2 -3 -4],[-2 -2  0 -1 -1 -1 -1 -1 -1],[-1  0  1  0 -1  0 -1 -1 -2],[-1  2  1  1  0  1 -1 -3 -2],[ 0 -1  1  0 -1  0 -1  0 -1],[ 2  2  1  1  1  1  0  0  0],[ 2  3  1  1  3  0  0  0  1],[ 2  4  1  2  2  1  0 -1  0]]",True,"[-2,-2,-1,-1,0,2,2,2,-2,0,2,-1,2,3,4,1,1,1,1,1,1,1,0,1,1,2,-1,1,3,2,1,0,1,0,0,-1]","[-2,-2,-2,0,1,1,2,2,-1,0,1,2,2,1,4,0,0,1,3,1,3,1,1,1,1,2,0,-1,1,-1,-1,1,0,1,2,-2]",t^8+69t^6+221t^4+60t^2,"[-2,-2,-2,0,1,1,2,2,-1,0,2,0,2,1,3,0,1,1,1,0,3,1,2,2,2,3,2,1,3,1,-1,-1,0,1,0,-2]","[-2,-2,-1,-1,0,2,2,2,-2,0,0,1,3,3,3,-1,1,3,0,1,2,1,2,1,0,2,1,1,2,2,1,2,1,-1,0,0]","[-2,-2,-2,0,1,1,2,2,-1,0,1,2,2,1,4,0,0,1,3,1,3,1,1,1,1,2,0,-1,1,-1,-1,1,0,1,2,-2]",c,"[[{8, 1}, {2, 7}, {3, 6}, {4, 5}], [{8, 1}, {2, 7}, {4, 6}, {3, 5}], [{8, 1}, {2, 7}, {4, 6}, {5}, {3}], [{8, 1}, {2, 7}, {5, 6}, {3, 4}], [{8, 1}, {3, 7}, {2, 6}, {4, 5}], [{8, 1}, {3, 7}, {4, 6}, {2, 5}], [{8, 1}, {3, 7}, {5, 6}, {2, 4}], [{8, 1}, {3, 7}, {5, 6}, {4}, {2}], [{8, 1}, {3, 7}, {6}, {5}, {2, 4}], [{8, 1}, {4, 7}, {2, 6}, {3, 5}], [{8, 1}, {4, 7}, {3, 6}, {2, 5}], [{8, 1}, {4, 7}, {5, 6}, {2, 3}], [{8, 1}, {5, 7}, {2, 6}, {3, 4}], [{8, 1}, {5, 7}, {3, 6}, {2, 4}], [{8, 1}, {5, 7}, {4, 6}, {2, 3}], [{8, 1}, {6, 7}, {2, 5}, {3, 4}], [{8, 1}, {6, 7}, {3, 5}, {2, 4}], [{8, 1}, {6, 7}, {4, 5}, {2, 3}], [{8, 1}, {6, 7}, {5}, {4}, {2, 3}], [{8, 1}, {7}, {2, 6}, {3, 5}, {4}], [{8, 2}, {1, 7}, {3, 6}, {4, 5}], [{8, 2}, {1, 7}, {4, 6}, {3, 5}], [{8, 2}, {1, 7}, {5, 6}, {3, 4}], [{8, 2}, {3, 7}, {1, 6}, {4, 5}], [{8, 2}, {3, 7}, {4, 6}, {1, 5}], [{8, 2}, {3, 7}, {5, 6}, {1, 4}], [{8, 2}, {3, 7}, {5, 6}, {4}, {1}], [{8, 2}, {3, 7}, {6}, {5}, {1, 4}], [{8, 2}, {4, 7}, {1, 6}, {3, 5}], [{8, 2}, {4, 7}, {3, 6}, {1, 5}], [{8, 2}, {4, 7}, {5, 6}, {1, 3}], [{8, 2}, {5, 7}, {1, 6}, {3, 4}], [{8, 2}, {5, 7}, {3, 6}, {1, 4}], [{8, 2}, {5, 7}, {4, 6}, {1, 3}], [{8, 2}, {6, 7}, {1, 5}, {3, 4}], [{8, 2}, {6, 7}, {3, 5}, {1, 4}], [{8, 2}, {6, 7}, {4, 5}, {1, 3}], [{8, 2}, {6, 7}, {5}, {4}, {1, 3}], [{8, 2}, {7}, {1, 6}, {3, 5}, {4}], [{8, 2}, {7}, {3, 6}, {1, 5}, {4}], [{8, 3}, {1, 7}, {2, 6}, {4, 5}], [{8, 3}, {1, 7}, {4, 6}, {2, 5}], [{8, 3}, {1, 7}, {5, 6}, {2, 4}], [{8, 3}, {2, 7}, {1, 6}, {4, 5}], [{8, 3}, {2, 7}, {4, 6}, {1, 5}], [{8, 3}, {2, 7}, {5, 6}, {1, 4}], [{8, 3}, {4, 7}, {1, 6}, {2, 5}], [{8, 3}, {4, 7}, {1, 6}, {5}, {2}], [{8, 3}, {4, 7}, {2, 6}, {1, 5}], [{8, 3}, {4, 7}, {5, 6}, {1, 2}], [{8, 3}, {5, 7}, {1, 6}, {2, 4}], [{8, 3}, {5, 7}, {1, 6}, {4}, {2}], [{8, 3}, {5, 7}, {2, 6}, {1, 4}], [{8, 3}, {5, 7}, {4, 6}, {1, 2}], [{8, 3}, {6, 7}, {1, 5}, {2, 4}], [{8, 3}, {6, 7}, {2, 5}, {1, 4}], [{8, 3}, {6, 7}, {4, 5}, {1, 2}], [{8, 3}, {6, 7}, {5}, {4}, {1, 2}], [{8, 3}, {7}, {1, 6}, {4, 5}, {2}], [{8, 3}, {7}, {5, 6}, {2, 4}, {1}], [{8, 3}, {7}, {6}, {2, 5}, {1, 4}], [{8, 4}, {1, 7}, {2, 6}, {3, 5}], [{8, 4}, {1, 7}, {3, 6}, {2, 5}], [{8, 4}, {1, 7}, {5, 6}, {2, 3}], [{8, 4}, {1, 7}, {6}, {3, 5}, {2}], [{8, 4}, {2, 7}, {1, 6}, {3, 5}], [{8, 4}, {2, 7}, {3, 6}, {1, 5}], [{8, 4}, {2, 7}, {5, 6}, {1, 3}], [{8, 4}, {2, 7}, {5, 6}, {3}, {1}], [{8, 4}, {3, 7}, {1, 6}, {2, 5}], [{8, 4}, {3, 7}, {2, 6}, {1, 5}], [{8, 4}, {3, 7}, {5, 6}, {1, 2}], [{8, 4}, {5, 7}, {1, 6}, {2, 3}], [{8, 4}, {5, 7}, {2, 6}, {1, 3}], [{8, 4}, {5, 7}, {2, 6}, {3}, {1}], [{8, 4}, {5, 7}, {3, 6}, {1, 2}], [{8, 4}, {6, 7}, {1, 5}, {2, 3}], [{8, 4}, {6, 7}, {1, 5}, {3}, {2}], [{8, 4}, {6, 7}, {2, 5}, {1, 3}], [{8, 4}, {6, 7}, {3, 5}, {1, 2}], [{8, 4}, {6, 7}, {5}, {2, 3}, {1}], [{8, 4}, {7}, {3, 6}, {5}, {1, 2}], [{8, 5}, {1, 7}, {2, 6}, {3, 4}], [{8, 5}, {1, 7}, {3, 6}, {2, 4}], [{8, 5}, {1, 7}, {4, 6}, {2, 3}], [{8, 5}, {2, 7}, {1, 6}, {3, 4}], [{8, 5}, {2, 7}, {3, 6}, {1, 4}], [{8, 5}, {2, 7}, {4, 6}, {1, 3}], [{8, 5}, {2, 7}, {6}, {3, 4}, {1}], [{8, 5}, {3, 7}, {1, 6}, {2, 4}], [{8, 5}, {3, 7}, {2, 6}, {1, 4}], [{8, 5}, {3, 7}, {4, 6}, {1, 2}], [{8, 5}, {3, 7}, {6}, {1, 4}, {2}], [{8, 5}, {4, 7}, {1, 6}, {2, 3}], [{8, 5}, {4, 7}, {2, 6}, {1, 3}], [{8, 5}, {4, 7}, {3, 6}, {1, 2}], [{8, 5}, {6, 7}, {1, 4}, {2, 3}], [{8, 5}, {6, 7}, {2, 4}, {1, 3}], [{8, 5}, {6, 7}, {3, 4}, {1, 2}], [{8, 5}, {6, 7}, {4}, {2, 3}, {1}], [{8, 6}, {1, 7}, {2, 5}, {3, 4}], [{8, 6}, {1, 7}, {3, 5}, {2, 4}], [{8, 6}, {1, 7}, {3, 5}, {4}, {2}], [{8, 6}, {1, 7}, {4, 5}, {2, 3}], [{8, 6}, {2, 7}, {1, 5}, {3, 4}], [{8, 6}, {2, 7}, {3, 5}, {1, 4}], [{8, 6}, {2, 7}, {3, 5}, {4}, {1}], [{8, 6}, {2, 7}, {4, 5}, {1, 3}], [{8, 6}, {3, 7}, {1, 5}, {2, 4}], [{8, 6}, {3, 7}, {2, 5}, {1, 4}], [{8, 6}, {3, 7}, {4, 5}, {1, 2}], [{8, 6}, {4, 7}, {1, 5}, {2, 3}], [{8, 6}, {4, 7}, {2, 5}, {1, 3}], [{8, 6}, {4, 7}, {3, 5}, {1, 2}], [{8, 6}, {4, 7}, {3, 5}, {2}, {1}], [{8, 6}, {5, 7}, {1, 4}, {2, 3}], [{8, 6}, {5, 7}, {2, 4}, {1, 3}], [{8, 6}, {5, 7}, {3, 4}, {1, 2}], [{8, 6}, {7}, {1, 5}, {2, 4}, {3}], [{8, 6}, {7}, {2, 5}, {1, 4}, {3}], [{8, 6}, {7}, {3, 5}, {1, 4}, {2}], [{8, 6}, {7}, {3, 5}, {2, 4}, {1}], [{8, 6}, {7}, {3, 5}, {4}, {1, 2}], [{8, 6}, {7}, {3, 5}, {4}, {2}, {1}], [{8, 6}, {7}, {5}, {1, 4}, {2, 3}], [{8, 6}, {7}, {5}, {2, 4}, {1, 3}], [{8, 7}, {1, 6}, {2, 5}, {3, 4}], [{8, 7}, {1, 6}, {3, 5}, {2, 4}], [{8, 7}, {1, 6}, {4, 5}, {2, 3}], [{8, 7}, {1, 6}, {5}, {3, 4}, {2}], [{8, 7}, {2, 6}, {1, 5}, {3, 4}], [{8, 7}, {2, 6}, {3, 5}, {1, 4}], [{8, 7}, {2, 6}, {4, 5}, {1, 3}], [{8, 7}, {3, 6}, {1, 5}, {2, 4}], [{8, 7}, {3, 6}, {2, 5}, {1, 4}], [{8, 7}, {3, 6}, {4, 5}, {1, 2}], [{8, 7}, {4, 6}, {1, 5}, {2, 3}], [{8, 7}, {4, 6}, {2, 5}, {1, 3}], [{8, 7}, {4, 6}, {3, 5}, {1, 2}], [{8, 7}, {5, 6}, {1, 4}, {2, 3}], [{8, 7}, {5, 6}, {2, 4}, {1, 3}], [{8, 7}, {5, 6}, {3, 4}, {1, 2}], [{8, 7}, {5, 6}, {3, 4}, {2}, {1}], [{8, 7}, {6}, {1, 5}, {3, 4}, {2}], [{8, 7}, {6}, {2, 5}, {1, 4}, {3}], [{8, 7}, {6}, {3, 5}, {1, 4}, {2}], [{8, 7}, {6}, {5}, {1, 4}, {2, 3}], [{8}, {1, 7}, {3, 6}, {2, 5}, {4}], [{8}, {1, 7}, {4, 6}, {3, 5}, {2}], [{8}, {1, 7}, {5, 6}, {2, 4}, {3}], [{8}, {3, 7}, {1, 6}, {2, 5}, {4}], [{8}, {3, 7}, {2, 6}, {1, 5}, {4}], [{8}, {3, 7}, {4, 6}, {2, 5}, {1}], [{8}, {3, 7}, {5, 6}, {4}, {1, 2}], [{8}, {3, 7}, {6}, {2, 5}, {1, 4}], [{8}, {4, 7}, {3, 6}, {2, 5}, {1}], [{8}, {4, 7}, {5, 6}, {2, 3}, {1}], [{8}, {5, 7}, {4, 6}, {2, 3}, {1}], [{8}, {6, 7}, {1, 5}, {4}, {2, 3}], [{8}, {6, 7}, {2, 5}, {1, 4}, {3}], [{8}, {6, 7}, {3, 5}, {1, 4}, {2}], [{8}, {6, 7}, {4, 5}, {2, 3}, {1}], [{8}, {6, 7}, {5}, {1, 4}, {2, 3}], [{8}, {6, 7}, {5}, {4}, {2, 3}, {1}], [{8}, {7}, {3, 6}, {2, 5}, {1, 4}], [{8}, {7}, {6}, {2, 5}, {1, 4}, {3}]]",2,20 K_1^3 + 12 K_1^2 K_2 - 24 K_1^2 - 24 K_1 K_2 - 10 K_1 K_3 - 3 K_1 - 6 K_2^2 + 11 K_2 + 7 K_3 + 5 K_4 + 13,O1O2O3O4U5U6O7U1U8O5O6U2U4U7O8U3,O1O2O3U4U5O6O7U1O4O5U2U8U3U7O8U6,O1O2O3U4O5U6U1U5U2O7O8U3O6O4U7U8,c,{'O1O2O3O4U2O5U6U1U3O7O8U5U4O6U7U8'},1,"<a href=""/flatknot/8.704054"">8.704054</a>",t^9-71t^7-206t^6+6t^5+208t^4+9t^3-62t^2+3t+14,t^2-2t,,
8.704055,O1O2O3O4U2O5U6U1U3O7O8U5U7O6U4U8,4,12z^2+95z+143,12w^3z^2+95w^2z+143w,False,False,"[[ 0 -2 -2  1  2  1 -2  0  2],[ 2  0  0  2  3  2  0  1  1],[ 2  0  0  1  2  1  1  0  1],[-1 -2 -1  0  1  1 -2  1  1],[-2 -3 -2 -1  0  0 -3  1  2],[-1 -2 -1 -1  0  0 -2  1  1],[ 2  0 -1  2  3  2  0  0  1],[ 0 -1  0 -1 -1 -1  0  0  1],[-2 -1 -1 -1 -2 -1 -1 -1  0]]","[[ 0  2  2  1  1  0 -2 -2 -2],[-2  0  2  0 -1  1 -2 -3 -3],[-2 -2  0 -1 -1 -1 -1 -1 -1],[-1  0  1  0 -1  1 -1 -2 -2],[-1  1  1  1  0  1 -1 -2 -2],[ 0 -1  1 -1 -1  0  0  0 -1],[ 2  2  1  1  1  0  0  1  0],[ 2  3  1  2  2  0 -1  0  0],[ 2  3  1  2  2  1  0  0  0]]",True,"[-2,-2,-1,-1,0,2,2,2,-2,0,1,-1,2,3,3,1,1,1,1,1,1,1,-1,1,2,2,-1,1,2,2,0,0,1,-1,0,0]","[-2,-2,-2,0,1,1,2,2,-1,0,0,2,2,1,3,0,0,1,1,1,2,1,2,2,1,3,-1,-1,1,-1,-1,1,0,1,1,-2]",t^8+57t^6+165t^4+31t^2,"[-2,-2,-2,0,1,1,2,2,-1,0,2,2,2,2,3,0,2,1,1,1,3,1,1,1,1,3,2,2,3,1,-1,0,0,1,0,-2]","[-2,-2,-1,-1,0,2,2,2,-2,0,0,1,3,3,3,0,1,3,1,1,2,1,2,1,1,2,2,1,1,2,1,2,2,0,0,-1]","[-2,-2,-2,0,1,1,2,2,-1,0,0,2,2,1,3,0,0,1,1,1,2,1,2,2,1,3,-1,-1,1,-1,-1,1,0,1,1,-2]",c,"[[{8, 3}, {1, 7}, {5, 6}, {2, 4}]]",1,8 K_1^3 - 34 K_1^2 - 20 K_1 K_2 + 4 K_1 + 17 K_2 + 8 K_3 + 18,O1O2O3O4U5U1O6U7U8O5O7U2U4U6O8U3,O1O2O3U4U5O6O4U1O7O5U2U8U3U7O8U6,O1O2O3U4O5U6U1U5U2O7O6U3O8O4U7U8,c,{'O1O2O3O4U2O5U6U1U3O7O8U5U7O6U4U8'},1,"<a href=""/flatknot/8.704055"">8.704055</a>",t^9-59t^7-132t^6+38t^5+318t^4+277t^3+98t^2+49t+18,t^2-2t,,
8.704056,O1O2O3O4U2O5U6U1U3O7O8U5U8O6U7U4,4,4z^3+36z^2+109z+107,4w^4z^3+36w^3z^2+109w^2z+107w,False,False,"[[ 0 -2 -2  1  3  1 -2  0  1],[ 2  0  0  2  3  2  0  0  1],[ 2  0  0  1  2  1  1  0  0],[-1 -2 -1  0  1  1 -2  0  1],[-3 -3 -2 -1  0 -1 -3  0  1],[-1 -2 -1 -1  1  0 -2  1  1],[ 2  0 -1  2  3  2  0  0  1],[ 0  0  0  0  0 -1  0  0  0],[-1 -1  0 -1 -1 -1 -1  0  0]]","[[ 0  3  1  1  1  0 -2 -2 -2],[-3  0  1 -1 -1  0 -2 -3 -3],[-1 -1  0 -1 -1  0  0 -1 -1],[-1  1  1  0  1  0 -1 -2 -2],[-1  1  1 -1  0  1 -1 -2 -2],[ 0  0  0  0 -1  0  0  0  0],[ 2  2  0  1  1  0  0  1  0],[ 2  3  1  2  2  0 -1  0  0],[ 2  3  1  2  2  0  0  0  0]]",True,"[-3,-1,-1,-1,0,2,2,2,-1,1,1,0,2,3,3,1,1,0,0,1,1,-1,0,1,2,2,-1,1,2,2,0,0,0,-1,0,0]","[-3,-1,-1,-1,0,2,2,2,-1,1,1,0,2,3,3,1,1,0,0,1,1,-1,0,1,2,2,-1,1,2,2,0,0,0,-1,0,0]",t^8+50t^6+100t^4+41t^2,"[-2,-2,-2,0,1,1,1,3,-1,0,2,2,2,3,3,0,2,1,1,2,2,2,1,1,2,2,1,2,1,3,-1,-1,1,-1,1,3]","[-3,-1,-1,-1,0,2,2,2,1,1,3,3,2,2,3,-1,1,2,1,1,2,1,1,1,1,2,1,2,2,3,2,2,2,0,-1,0]","[-2,-2,-2,0,1,1,1,3,-1,0,0,1,2,2,3,0,0,0,1,1,2,0,1,2,2,3,0,-1,0,0,-1,-1,-1,-1,1,1]",c,"[[{8, 1}, {3, 7}, {2, 6}, {4, 5}], [{8, 1}, {3, 7}, {2, 6}, {5}, {4}]]",1,8 K_1^3 + 4 K_1^2 K_2 - 12 K_1^2 - 14 K_1 K_2 - 6 K_1 K_3 + K_1 - 2 K_2^2 + 7 K_2 + 5 K_3 + 3 K_4 + 7,O1O2O3O4U1U5O6U7U8O7O5U2U4U6O8U3,O1O2O3U4U5O6O5U1O4O7U2U8U3U7O8U6,O1O2O3U4O5U6U1U5U2O6O7U3O8O4U8U7,c,{'O1O2O3O4U2O5U6U1U3O7O8U5U8O6U7U4'},1,"<a href=""/flatknot/8.704056"">8.704056</a>",t^9-50t^7-114t^6+13t^5+228t^4+185t^3-10t^2-51t+2,-t^3+3t^2-3t,,
8.704057,O1O2O3O4U2O5U6U1U3O7O8U7U4O6U8U5,4,2z^3+27z^2+106z+121,2w^4z^3+27w^3z^2+106w^2z+121w,False,False,"[[ 0 -2 -2  1  2  3 -2 -1  1],[ 2  0  0  2  3  2  0  0  0],[ 2  0  0  1  2  2  0  0  1],[-1 -2 -1  0  1  1 -2  0  0],[-2 -3 -2 -1  0  1 -2  0  1],[-3 -2 -2 -1 -1  0 -2 -1  0],[ 2  0  0  2  2  2  0 -1  0],[ 1  0  0  0  0  1  1  0  1],[-1  0 -1  0 -1  0  0 -1  0]]","[[ 0  3  2  1  1 -1 -2 -2 -2],[-3  0 -1  0 -1 -1 -2 -2 -2],[-2  1  0  1 -1  0 -2 -2 -3],[-1  0 -1  0  0 -1  0 -1  0],[-1  1  1  0  0  0 -2 -1 -2],[ 1  1  0  1  0  0  1  0  0],[ 2  2  2  0  2 -1  0  0  0],[ 2  2  2  1  1  0  0  0  0],[ 2  2  3  0  2  0  0  0  0]]",True,"[-3,-2,-1,-1,1,2,2,2,1,0,1,1,2,2,2,-1,1,0,2,2,3,0,1,0,1,0,0,2,1,2,-1,0,0,0,0,0]","[-3,-2,-1,-1,1,2,2,2,0,1,2,3,3,3,3,0,2,3,1,2,2,0,2,1,1,2,1,3,3,2,1,2,1,0,0,0]",t^8+46t^6+190t^4+49t^2+1,"[-2,-2,-2,-1,1,1,2,3,0,0,1,1,3,1,3,0,1,2,2,2,3,2,1,3,2,3,2,1,3,3,0,0,1,2,2,0]","[-3,-2,-1,-1,1,2,2,2,0,1,2,3,3,3,3,0,2,3,1,2,2,0,2,1,1,2,1,3,3,2,1,2,1,0,0,0]","[-2,-2,-2,-1,1,1,2,3,0,0,-1,0,2,2,2,0,0,0,2,3,2,0,1,1,2,2,1,0,0,1,0,-1,0,1,1,1]",c,"[[{8, 1}, {3, 7}, {5, 6}, {2, 4}], [{8, 3}, {4, 7}, {1, 6}, {2, 5}], [{8, 3}, {4, 7}, {1, 6}, {5}, {2}], [{8, 5}, {3, 7}, {1, 6}, {2, 4}], [{8, 6}, {3, 7}, {1, 5}, {2, 4}]]",1,16 K_1^3 + 4 K_1^2 K_2 - 18 K_1^2 - 22 K_1 K_2 - 2 K_1 K_3 - K_1 - 2 K_2^2 + 8 K_2 + 7 K_3 + K_4 + 10,O1O2O3O4U5U6O7U1U8O6O8U2U4U7O5U3,O1O2O3U4U5O4O6U1O5O7U2U8U3U6O8U7,O1O2O3U4O5U6U1U5U2O4O7U3O6O8U7U8,c,{'O1O2O3O4U2O5U6U1U3O7O8U7U4O6U8U5'},1,"<a href=""/flatknot/8.704057"">8.704057</a>",t^9-44t^7-60t^6+114t^5+138t^4-52t^3-52t^2-34t-8,-t^3+2t^2-t,,
8.704058,O1O2O3O4U2O5U6U1U3O7O8U7U8O6U4U5,4,z^3+25z^2+107z+123,w^4z^3+25w^3z^2+107w^2z+123w,False,False,"[[ 0 -2 -2  1  2  3 -2 -1  1],[ 2  0  0  2  2  2  1  0  0],[ 2  0  0  1  2  2  1  0  0],[-1 -2 -1  0  0  1 -1  0  0],[-2 -2 -2  0  0  1 -2 -1  1],[-3 -2 -2 -1 -1  0 -3 -1  1],[ 2 -1 -1  1  2  3  0  0  0],[ 1  0  0  0  1  1  0  0  1],[-1  0  0  0 -1 -1  0 -1  0]]","[[ 0  3  2  1  1 -1 -2 -2 -2],[-3  0 -1  1 -1 -1 -2 -2 -3],[-2  1  0  1  0 -1 -2 -2 -2],[-1 -1 -1  0  0 -1  0  0  0],[-1  1  0  0  0  0 -1 -2 -1],[ 1  1  1  1  0  0  0  0  0],[ 2  2  2  0  1  0  0  0  1],[ 2  2  2  0  2  0  0  0  1],[ 2  3  2  0  1  0 -1 -1  0]]",True,"[-3,-2,-1,-1,1,2,2,2,1,-1,1,1,2,2,3,-1,0,1,2,2,2,0,1,0,0,0,0,1,2,1,0,0,0,0,-1,-1]","[-3,-2,-1,-1,1,2,2,2,0,1,3,3,2,3,3,1,2,2,2,2,2,0,2,2,1,2,1,3,3,3,1,1,1,-1,-1,0]",t^8+44t^6+101t^4+33t^2+1,"[-2,-2,-2,-1,1,1,2,3,-1,0,1,1,3,2,3,1,1,2,3,2,2,1,2,3,2,3,2,1,2,3,0,1,1,2,3,0]","[-3,-2,-1,-1,1,2,2,2,0,1,3,3,2,3,3,1,2,2,2,2,2,0,2,2,1,2,1,3,3,3,1,1,1,-1,-1,0]","[-2,-2,-2,-1,1,1,2,3,-1,-1,0,0,1,2,3,0,0,0,1,2,2,0,0,2,2,2,1,0,1,1,0,-1,-1,0,1,1]",c,"[[{8, 1}, {2, 7}, {3, 6}, {4, 5}], [{8, 1}, {2, 7}, {4, 6}, {3, 5}], [{8, 1}, {2, 7}, {5, 6}, {3, 4}], [{8, 1}, {3, 7}, {2, 6}, {4, 5}], [{8, 1}, {3, 7}, {2, 6}, {5}, {4}], [{8, 1}, {3, 7}, {4, 6}, {2, 5}], [{8, 1}, {3, 7}, {5, 6}, {2, 4}], [{8, 1}, {4, 7}, {2, 6}, {3, 5}], [{8, 1}, {4, 7}, {3, 6}, {2, 5}], [{8, 1}, {4, 7}, {3, 6}, {5}, {2}], [{8, 1}, {4, 7}, {5, 6}, {2, 3}], [{8, 1}, {5, 7}, {2, 6}, {3, 4}], [{8, 1}, {5, 7}, {3, 6}, {2, 4}], [{8, 1}, {5, 7}, {4, 6}, {2, 3}], [{8, 1}, {6, 7}, {2, 5}, {3, 4}], [{8, 1}, {6, 7}, {2, 5}, {4}, {3}], [{8, 1}, {6, 7}, {3, 5}, {2, 4}], [{8, 1}, {6, 7}, {4, 5}, {2, 3}], [{8, 2}, {1, 7}, {3, 6}, {4, 5}], [{8, 2}, {1, 7}, {4, 6}, {3, 5}], [{8, 2}, {1, 7}, {5, 6}, {3, 4}], [{8, 2}, {3, 7}, {1, 6}, {4, 5}], [{8, 2}, {3, 7}, {4, 6}, {1, 5}], [{8, 2}, {3, 7}, {5, 6}, {1, 4}], [{8, 2}, {4, 7}, {1, 6}, {3, 5}], [{8, 2}, {4, 7}, {3, 6}, {1, 5}], [{8, 2}, {4, 7}, {5, 6}, {1, 3}], [{8, 2}, {4, 7}, {6}, {1, 5}, {3}], [{8, 2}, {5, 7}, {1, 6}, {3, 4}], [{8, 2}, {5, 7}, {3, 6}, {1, 4}], [{8, 2}, {5, 7}, {4, 6}, {1, 3}], [{8, 2}, {6, 7}, {1, 5}, {3, 4}], [{8, 2}, {6, 7}, {1, 5}, {4}, {3}], [{8, 2}, {6, 7}, {3, 5}, {1, 4}], [{8, 2}, {6, 7}, {4, 5}, {1, 3}], [{8, 2}, {7}, {1, 6}, {4, 5}, {3}], [{8, 2}, {7}, {4, 6}, {1, 5}, {3}], [{8, 2}, {7}, {5, 6}, {1, 4}, {3}], [{8, 3}, {1, 7}, {2, 6}, {4, 5}], [{8, 3}, {1, 7}, {4, 6}, {2, 5}], [{8, 3}, {1, 7}, {5, 6}, {2, 4}], [{8, 3}, {2, 7}, {1, 6}, {4, 5}], [{8, 3}, {2, 7}, {1, 6}, {5}, {4}], [{8, 3}, {2, 7}, {4, 6}, {1, 5}], [{8, 3}, {2, 7}, {4, 6}, {5}, {1}], [{8, 3}, {2, 7}, {5, 6}, {1, 4}], [{8, 3}, {2, 7}, {6}, {5}, {1, 4}], [{8, 3}, {4, 7}, {1, 6}, {2, 5}], [{8, 3}, {4, 7}, {2, 6}, {1, 5}], [{8, 3}, {4, 7}, {2, 6}, {5}, {1}], [{8, 3}, {4, 7}, {5, 6}, {1, 2}], [{8, 3}, {4, 7}, {6}, {1, 5}, {2}], [{8, 3}, {5, 7}, {1, 6}, {2, 4}], [{8, 3}, {5, 7}, {1, 6}, {4}, {2}], [{8, 3}, {5, 7}, {2, 6}, {1, 4}], [{8, 3}, {5, 7}, {4, 6}, {1, 2}], [{8, 3}, {5, 7}, {4, 6}, {2}, {1}], [{8, 3}, {5, 7}, {6}, {1, 4}, {2}], [{8, 3}, {6, 7}, {1, 5}, {2, 4}], [{8, 3}, {6, 7}, {2, 5}, {1, 4}], [{8, 3}, {6, 7}, {4, 5}, {1, 2}], [{8, 3}, {6, 7}, {5}, {4}, {1, 2}], [{8, 3}, {7}, {1, 6}, {2, 5}, {4}], [{8, 3}, {7}, {2, 6}, {1, 5}, {4}], [{8, 3}, {7}, {4, 6}, {2, 5}, {1}], [{8, 3}, {7}, {5, 6}, {2, 4}, {1}], [{8, 3}, {7}, {6}, {2, 5}, {1, 4}], [{8, 4}, {1, 7}, {2, 6}, {3, 5}], [{8, 4}, {1, 7}, {3, 6}, {2, 5}], [{8, 4}, {1, 7}, {3, 6}, {5}, {2}], [{8, 4}, {1, 7}, {5, 6}, {2, 3}], [{8, 4}, {1, 7}, {5, 6}, {3}, {2}], [{8, 4}, {1, 7}, {6}, {3, 5}, {2}], [{8, 4}, {2, 7}, {1, 6}, {3, 5}], [{8, 4}, {2, 7}, {3, 6}, {1, 5}], [{8, 4}, {2, 7}, {5, 6}, {1, 3}], [{8, 4}, {3, 7}, {1, 6}, {2, 5}], [{8, 4}, {3, 7}, {2, 6}, {1, 5}], [{8, 4}, {3, 7}, {5, 6}, {1, 2}], [{8, 4}, {5, 7}, {1, 6}, {2, 3}], [{8, 4}, {5, 7}, {2, 6}, {1, 3}], [{8, 4}, {5, 7}, {3, 6}, {1, 2}], [{8, 4}, {6, 7}, {1, 5}, {2, 3}], [{8, 4}, {6, 7}, {1, 5}, {3}, {2}], [{8, 4}, {6, 7}, {2, 5}, {1, 3}], [{8, 4}, {6, 7}, {3, 5}, {1, 2}], [{8, 4}, {7}, {6}, {1, 5}, {2, 3}], [{8, 5}, {1, 7}, {2, 6}, {3, 4}], [{8, 5}, {1, 7}, {3, 6}, {2, 4}], [{8, 5}, {1, 7}, {4, 6}, {2, 3}], [{8, 5}, {1, 7}, {4, 6}, {3}, {2}], [{8, 5}, {2, 7}, {1, 6}, {3, 4}], [{8, 5}, {2, 7}, {3, 6}, {1, 4}], [{8, 5}, {2, 7}, {4, 6}, {1, 3}], [{8, 5}, {3, 7}, {1, 6}, {2, 4}], [{8, 5}, {3, 7}, {2, 6}, {1, 4}], [{8, 5}, {3, 7}, {2, 6}, {4}, {1}], [{8, 5}, {3, 7}, {4, 6}, {1, 2}], [{8, 5}, {4, 7}, {1, 6}, {2, 3}], [{8, 5}, {4, 7}, {1, 6}, {3}, {2}], [{8, 5}, {4, 7}, {2, 6}, {1, 3}], [{8, 5}, {4, 7}, {3, 6}, {1, 2}], [{8, 5}, {6, 7}, {1, 4}, {2, 3}], [{8, 5}, {6, 7}, {1, 4}, {3}, {2}], [{8, 5}, {6, 7}, {2, 4}, {1, 3}], [{8, 5}, {6, 7}, {3, 4}, {1, 2}], [{8, 5}, {6, 7}, {3, 4}, {2}, {1}], [{8, 5}, {6, 7}, {4}, {1, 3}, {2}], [{8, 6}, {1, 7}, {2, 5}, {3, 4}], [{8, 6}, {1, 7}, {3, 5}, {2, 4}], [{8, 6}, {1, 7}, {4, 5}, {2, 3}], [{8, 6}, {1, 7}, {5}, {2, 4}, {3}], [{8, 6}, {2, 7}, {1, 5}, {3, 4}], [{8, 6}, {2, 7}, {3, 5}, {1, 4}], [{8, 6}, {2, 7}, {4, 5}, {1, 3}], [{8, 6}, {3, 7}, {1, 5}, {2, 4}], [{8, 6}, {3, 7}, {2, 5}, {1, 4}], [{8, 6}, {3, 7}, {4, 5}, {1, 2}], [{8, 6}, {3, 7}, {5}, {4}, {1, 2}], [{8, 6}, {4, 7}, {1, 5}, {2, 3}], [{8, 6}, {4, 7}, {2, 5}, {1, 3}], [{8, 6}, {4, 7}, {2, 5}, {3}, {1}], [{8, 6}, {4, 7}, {3, 5}, {1, 2}], [{8, 6}, {5, 7}, {1, 4}, {2, 3}], [{8, 6}, {5, 7}, {2, 4}, {1, 3}], [{8, 6}, {5, 7}, {2, 4}, {3}, {1}], [{8, 6}, {5, 7}, {3, 4}, {1, 2}], [{8, 6}, {7}, {1, 5}, {2, 4}, {3}], [{8, 7}, {1, 6}, {2, 5}, {3, 4}], [{8, 7}, {1, 6}, {2, 5}, {4}, {3}], [{8, 7}, {1, 6}, {3, 5}, {2, 4}], [{8, 7}, {1, 6}, {3, 5}, {4}, {2}], [{8, 7}, {1, 6}, {4, 5}, {2, 3}], [{8, 7}, {1, 6}, {4, 5}, {3}, {2}], [{8, 7}, {1, 6}, {5}, {2, 4}, {3}], [{8, 7}, {1, 6}, {5}, {3, 4}, {2}], [{8, 7}, {1, 6}, {5}, {4}, {2, 3}], [{8, 7}, {2, 6}, {1, 5}, {3, 4}], [{8, 7}, {2, 6}, {1, 5}, {4}, {3}], [{8, 7}, {2, 6}, {3, 5}, {1, 4}], [{8, 7}, {2, 6}, {3, 5}, {4}, {1}], [{8, 7}, {2, 6}, {4, 5}, {1, 3}], [{8, 7}, {2, 6}, {4, 5}, {3}, {1}], [{8, 7}, {2, 6}, {5}, {1, 4}, {3}], [{8, 7}, {2, 6}, {5}, {3, 4}, {1}], [{8, 7}, {2, 6}, {5}, {4}, {1, 3}], [{8, 7}, {3, 6}, {1, 5}, {2, 4}], [{8, 7}, {3, 6}, {1, 5}, {4}, {2}], [{8, 7}, {3, 6}, {2, 5}, {1, 4}], [{8, 7}, {3, 6}, {2, 5}, {4}, {1}], [{8, 7}, {3, 6}, {4, 5}, {1, 2}], [{8, 7}, {3, 6}, {4, 5}, {2}, {1}], [{8, 7}, {3, 6}, {5}, {1, 4}, {2}], [{8, 7}, {3, 6}, {5}, {2, 4}, {1}], [{8, 7}, {3, 6}, {5}, {4}, {1, 2}], [{8, 7}, {3, 6}, {5}, {4}, {2}, {1}], [{8, 7}, {4, 6}, {1, 5}, {2, 3}], [{8, 7}, {4, 6}, {1, 5}, {3}, {2}], [{8, 7}, {4, 6}, {2, 5}, {1, 3}], [{8, 7}, {4, 6}, {2, 5}, {3}, {1}], [{8, 7}, {4, 6}, {3, 5}, {1, 2}], [{8, 7}, {4, 6}, {3, 5}, {2}, {1}], [{8, 7}, {4, 6}, {5}, {1, 3}, {2}], [{8, 7}, {4, 6}, {5}, {2, 3}, {1}], [{8, 7}, {4, 6}, {5}, {3}, {1, 2}], [{8, 7}, {5, 6}, {1, 4}, {2, 3}], [{8, 7}, {5, 6}, {1, 4}, {3}, {2}], [{8, 7}, {5, 6}, {2, 4}, {1, 3}], [{8, 7}, {5, 6}, {2, 4}, {3}, {1}], [{8, 7}, {5, 6}, {3, 4}, {1, 2}], [{8, 7}, {5, 6}, {3, 4}, {2}, {1}], [{8, 7}, {5, 6}, {4}, {1, 3}, {2}], [{8, 7}, {5, 6}, {4}, {2, 3}, {1}], [{8, 7}, {5, 6}, {4}, {3}, {1, 2}], [{8, 7}, {6}, {1, 5}, {2, 4}, {3}], [{8, 7}, {6}, {1, 5}, {3, 4}, {2}], [{8, 7}, {6}, {1, 5}, {4}, {2, 3}], [{8, 7}, {6}, {2, 5}, {1, 4}, {3}], [{8, 7}, {6}, {2, 5}, {3, 4}, {1}], [{8, 7}, {6}, {2, 5}, {4}, {1, 3}], [{8, 7}, {6}, {3, 5}, {1, 4}, {2}], [{8, 7}, {6}, {3, 5}, {2, 4}, {1}], [{8, 7}, {6}, {3, 5}, {4}, {1, 2}], [{8, 7}, {6}, {4, 5}, {1, 3}, {2}], [{8, 7}, {6}, {4, 5}, {2, 3}, {1}], [{8, 7}, {6}, {4, 5}, {3}, {1, 2}], [{8, 7}, {6}, {5}, {1, 4}, {2, 3}], [{8, 7}, {6}, {5}, {2, 4}, {1, 3}], [{8, 7}, {6}, {5}, {3, 4}, {1, 2}], [{8, 7}, {6}, {5}, {4}, {3}, {1, 2}], [{8}, {2, 7}, {1, 6}, {4, 5}, {3}], [{8}, {2, 7}, {4, 6}, {1, 5}, {3}], [{8}, {2, 7}, {5, 6}, {1, 4}, {3}], [{8}, {3, 7}, {1, 6}, {2, 5}, {4}], [{8}, {3, 7}, {2, 6}, {1, 5}, {4}], [{8}, {3, 7}, {4, 6}, {2, 5}, {1}], [{8}, {3, 7}, {5, 6}, {2, 4}, {1}], [{8}, {3, 7}, {6}, {2, 5}, {1, 4}], [{8}, {4, 7}, {6}, {1, 5}, {2, 3}], [{8}, {6, 7}, {1, 5}, {2, 4}, {3}]]",2,16 K_1^3 + 4 K_1^2 K_2 - 34 K_1^2 - 26 K_1 K_2 - 2 K_1 K_3 + K_1 - 2 K_2^2 + 16 K_2 + 9 K_3 + K_4 + 18,O1O2O3O4U5U1O6U7U8O7O8U2U4U6O5U3,O1O2O3U4U5O4O5U1O6O7U2U8U3U6O8U7,O1O2O3U4O5U6U1U5U2O4O6U3O7O8U7U8,c,{'O1O2O3O4U2O5U6U1U3O7O8U7U8O6U4U5'},1,"<a href=""/flatknot/8.704058"">8.704058</a>",t^9-42t^7-88t^6+41t^5+130t^4-2t^3-54t^2-6t+4,-t^3+2t^2-t,,
8.704059,O1O2O3O4U2O5U6U1U4O7O8U3U7O6U8U5,4,3z^3+32z^2+108z+113,3w^4z^3+32w^3z^2+108w^2z+113w,False,False,"[[ 0 -2 -2  0  2  3 -2  0  1],[ 2  0  0  3  2  2  0  1  0],[ 2  0  0  2  1  2  0  1  1],[ 0 -3 -2  0  0  3 -2  1  1],[-2 -2 -1  0  0  0 -2  0 -1],[-3 -2 -2 -3  0  0 -2 -1  0],[ 2  0  0  2  2  2  0  0  0],[ 0 -1 -1 -1  0  1  0  0  1],[-1  0 -1 -1  1  0  0 -1  0]]","[[ 0  3  2  1  0  0 -2 -2 -2],[-3  0  0  0 -1 -3 -2 -2 -2],[-2  0  0 -1  0  0 -1 -2 -2],[-1  0  1  0 -1 -1 -1  0  0],[ 0  1  0  1  0 -1 -1  0 -1],[ 0  3  0  1  1  0 -2 -2 -3],[ 2  2  1  1  1  2  0  0  0],[ 2  2  2  0  0  2  0  0  0],[ 2  2  2  0  1  3  0  0  0]]",True,"[-3,-2,-1,0,0,2,2,2,0,0,1,3,2,2,2,1,0,0,1,2,2,1,1,1,0,0,1,1,0,1,2,2,3,0,0,0]","[-3,-2,-1,0,0,2,2,2,0,0,1,3,2,2,2,1,0,0,1,2,2,1,1,1,0,0,1,1,0,1,2,2,3,0,0,0]",t^8+55t^6+325t^4+98t^2+4,"[-2,-2,-2,0,0,1,2,3,0,0,-1,1,3,2,3,0,0,1,2,3,3,0,2,3,2,3,-1,0,2,0,0,2,2,0,2,1]","[-3,-2,-1,0,0,2,2,2,1,2,0,2,3,3,3,0,2,2,2,2,3,0,0,3,3,2,1,-1,0,0,1,2,1,0,0,0]","[-2,-2,-2,0,0,1,2,3,0,0,0,2,0,2,2,0,1,2,1,1,2,1,3,0,2,2,-1,1,0,1,1,0,3,1,0,0]",c,"[[{8, 1}, {2, 7}, {3, 6}, {4, 5}], [{8, 1}, {2, 7}, {4, 6}, {3, 5}], [{8, 1}, {2, 7}, {5, 6}, {3, 4}], [{8, 1}, {2, 7}, {5, 6}, {4}, {3}], [{8, 1}, {3, 7}, {2, 6}, {4, 5}], [{8, 1}, {3, 7}, {4, 6}, {2, 5}], [{8, 1}, {3, 7}, {5, 6}, {2, 4}], [{8, 1}, {3, 7}, {6}, {2, 5}, {4}], [{8, 1}, {4, 7}, {2, 6}, {3, 5}], [{8, 1}, {4, 7}, {3, 6}, {2, 5}], [{8, 1}, {4, 7}, {5, 6}, {2, 3}], [{8, 1}, {4, 7}, {6}, {2, 5}, {3}], [{8, 1}, {5, 7}, {2, 6}, {3, 4}], [{8, 1}, {5, 7}, {3, 6}, {2, 4}], [{8, 1}, {5, 7}, {4, 6}, {2, 3}], [{8, 1}, {5, 7}, {4, 6}, {3}, {2}], [{8, 1}, {6, 7}, {2, 5}, {3, 4}], [{8, 1}, {6, 7}, {3, 5}, {2, 4}], [{8, 1}, {6, 7}, {4, 5}, {2, 3}], [{8, 1}, {7}, {6}, {2, 5}, {3, 4}], [{8, 2}, {1, 7}, {3, 6}, {4, 5}], [{8, 2}, {1, 7}, {3, 6}, {5}, {4}], [{8, 2}, {1, 7}, {4, 6}, {3, 5}], [{8, 2}, {1, 7}, {5, 6}, {3, 4}], [{8, 2}, {1, 7}, {6}, {4, 5}, {3}], [{8, 2}, {3, 7}, {1, 6}, {4, 5}], [{8, 2}, {3, 7}, {4, 6}, {1, 5}], [{8, 2}, {3, 7}, {5, 6}, {1, 4}], [{8, 2}, {4, 7}, {1, 6}, {3, 5}], [{8, 2}, {4, 7}, {3, 6}, {1, 5}], [{8, 2}, {4, 7}, {5, 6}, {1, 3}], [{8, 2}, {4, 7}, {6}, {1, 5}, {3}], [{8, 2}, {4, 7}, {6}, {3, 5}, {1}], [{8, 2}, {4, 7}, {6}, {5}, {1, 3}], [{8, 2}, {5, 7}, {1, 6}, {3, 4}], [{8, 2}, {5, 7}, {3, 6}, {1, 4}], [{8, 2}, {5, 7}, {3, 6}, {4}, {1}], [{8, 2}, {5, 7}, {4, 6}, {1, 3}], [{8, 2}, {5, 7}, {4, 6}, {3}, {1}], [{8, 2}, {5, 7}, {6}, {3, 4}, {1}], [{8, 2}, {6, 7}, {1, 5}, {3, 4}], [{8, 2}, {6, 7}, {3, 5}, {1, 4}], [{8, 2}, {6, 7}, {4, 5}, {1, 3}], [{8, 2}, {7}, {1, 6}, {3, 5}, {4}], [{8, 2}, {7}, {3, 6}, {1, 5}, {4}], [{8, 3}, {1, 7}, {2, 6}, {4, 5}], [{8, 3}, {1, 7}, {4, 6}, {2, 5}], [{8, 3}, {1, 7}, {5, 6}, {2, 4}], [{8, 3}, {1, 7}, {6}, {2, 5}, {4}], [{8, 3}, {2, 7}, {1, 6}, {4, 5}], [{8, 3}, {2, 7}, {1, 6}, {5}, {4}], [{8, 3}, {2, 7}, {4, 6}, {1, 5}], [{8, 3}, {2, 7}, {4, 6}, {5}, {1}], [{8, 3}, {2, 7}, {5, 6}, {1, 4}], [{8, 3}, {2, 7}, {6}, {5}, {1, 4}], [{8, 3}, {4, 7}, {1, 6}, {2, 5}], [{8, 3}, {4, 7}, {2, 6}, {1, 5}], [{8, 3}, {4, 7}, {5, 6}, {1, 2}], [{8, 3}, {4, 7}, {6}, {2, 5}, {1}], [{8, 3}, {5, 7}, {1, 6}, {2, 4}], [{8, 3}, {5, 7}, {1, 6}, {4}, {2}], [{8, 3}, {5, 7}, {2, 6}, {1, 4}], [{8, 3}, {5, 7}, {4, 6}, {1, 2}], [{8, 3}, {5, 7}, {4, 6}, {2}, {1}], [{8, 3}, {5, 7}, {6}, {1, 4}, {2}], [{8, 3}, {6, 7}, {1, 5}, {2, 4}], [{8, 3}, {6, 7}, {2, 5}, {1, 4}], [{8, 3}, {6, 7}, {2, 5}, {4}, {1}], [{8, 3}, {6, 7}, {4, 5}, {1, 2}], [{8, 3}, {6, 7}, {5}, {1, 4}, {2}], [{8, 3}, {7}, {1, 6}, {2, 5}, {4}], [{8, 3}, {7}, {2, 6}, {5}, {1, 4}], [{8, 3}, {7}, {4, 6}, {2, 5}, {1}], [{8, 3}, {7}, {5, 6}, {1, 4}, {2}], [{8, 3}, {7}, {6}, {1, 5}, {2, 4}], [{8, 3}, {7}, {6}, {2, 5}, {1, 4}], [{8, 3}, {7}, {6}, {2, 5}, {4}, {1}], [{8, 3}, {7}, {6}, {4, 5}, {1, 2}], [{8, 3}, {7}, {6}, {5}, {1, 4}, {2}], [{8, 4}, {1, 7}, {2, 6}, {3, 5}], [{8, 4}, {1, 7}, {3, 6}, {2, 5}], [{8, 4}, {1, 7}, {5, 6}, {2, 3}], [{8, 4}, {1, 7}, {6}, {2, 5}, {3}], [{8, 4}, {2, 7}, {1, 6}, {3, 5}], [{8, 4}, {2, 7}, {3, 6}, {1, 5}], [{8, 4}, {2, 7}, {5, 6}, {1, 3}], [{8, 4}, {3, 7}, {1, 6}, {2, 5}], [{8, 4}, {3, 7}, {1, 6}, {5}, {2}], [{8, 4}, {3, 7}, {2, 6}, {1, 5}], [{8, 4}, {3, 7}, {2, 6}, {5}, {1}], [{8, 4}, {3, 7}, {5, 6}, {1, 2}], [{8, 4}, {3, 7}, {5, 6}, {2}, {1}], [{8, 4}, {3, 7}, {6}, {1, 5}, {2}], [{8, 4}, {3, 7}, {6}, {2, 5}, {1}], [{8, 4}, {3, 7}, {6}, {5}, {1, 2}], [{8, 4}, {3, 7}, {6}, {5}, {2}, {1}], [{8, 4}, {5, 7}, {1, 6}, {2, 3}], [{8, 4}, {5, 7}, {2, 6}, {1, 3}], [{8, 4}, {5, 7}, {3, 6}, {1, 2}], [{8, 4}, {6, 7}, {1, 5}, {2, 3}], [{8, 4}, {6, 7}, {2, 5}, {1, 3}], [{8, 4}, {6, 7}, {3, 5}, {1, 2}], [{8, 4}, {7}, {6}, {2, 5}, {1, 3}], [{8, 5}, {1, 7}, {2, 6}, {3, 4}], [{8, 5}, {1, 7}, {3, 6}, {2, 4}], [{8, 5}, {1, 7}, {4, 6}, {2, 3}], [{8, 5}, {2, 7}, {1, 6}, {3, 4}], [{8, 5}, {2, 7}, {3, 6}, {1, 4}], [{8, 5}, {2, 7}, {4, 6}, {1, 3}], [{8, 5}, {2, 7}, {6}, {4}, {1, 3}], [{8, 5}, {3, 7}, {1, 6}, {2, 4}], [{8, 5}, {3, 7}, {2, 6}, {1, 4}], [{8, 5}, {3, 7}, {4, 6}, {1, 2}], [{8, 5}, {4, 7}, {1, 6}, {2, 3}], [{8, 5}, {4, 7}, {2, 6}, {1, 3}], [{8, 5}, {4, 7}, {2, 6}, {3}, {1}], [{8, 5}, {4, 7}, {3, 6}, {1, 2}], [{8, 5}, {4, 7}, {6}, {1, 3}, {2}], [{8, 5}, {6, 7}, {1, 4}, {2, 3}], [{8, 5}, {6, 7}, {2, 4}, {1, 3}], [{8, 5}, {6, 7}, {3, 4}, {1, 2}], [{8, 5}, {7}, {6}, {2, 4}, {1, 3}], [{8, 6}, {1, 7}, {2, 5}, {3, 4}], [{8, 6}, {1, 7}, {3, 5}, {2, 4}], [{8, 6}, {1, 7}, {4, 5}, {2, 3}], [{8, 6}, {2, 7}, {1, 5}, {3, 4}], [{8, 6}, {2, 7}, {1, 5}, {4}, {3}], [{8, 6}, {2, 7}, {3, 5}, {1, 4}], [{8, 6}, {2, 7}, {4, 5}, {1, 3}], [{8, 6}, {3, 7}, {1, 5}, {2, 4}], [{8, 6}, {3, 7}, {2, 5}, {1, 4}], [{8, 6}, {3, 7}, {4, 5}, {1, 2}], [{8, 6}, {4, 7}, {1, 5}, {2, 3}], [{8, 6}, {4, 7}, {2, 5}, {1, 3}], [{8, 6}, {4, 7}, {3, 5}, {1, 2}], [{8, 6}, {4, 7}, {5}, {1, 3}, {2}], [{8, 6}, {4, 7}, {5}, {2, 3}, {1}], [{8, 6}, {4, 7}, {5}, {3}, {1, 2}], [{8, 6}, {5, 7}, {1, 4}, {2, 3}], [{8, 6}, {5, 7}, {2, 4}, {1, 3}], [{8, 6}, {5, 7}, {3, 4}, {1, 2}], [{8, 7}, {1, 6}, {2, 5}, {3, 4}], [{8, 7}, {1, 6}, {3, 5}, {2, 4}], [{8, 7}, {1, 6}, {4, 5}, {2, 3}], [{8, 7}, {2, 6}, {1, 5}, {3, 4}], [{8, 7}, {2, 6}, {3, 5}, {1, 4}], [{8, 7}, {2, 6}, {4, 5}, {1, 3}], [{8, 7}, {3, 6}, {1, 5}, {2, 4}], [{8, 7}, {3, 6}, {2, 5}, {1, 4}], [{8, 7}, {3, 6}, {4, 5}, {1, 2}], [{8, 7}, {4, 6}, {1, 5}, {2, 3}], [{8, 7}, {4, 6}, {2, 5}, {1, 3}], [{8, 7}, {4, 6}, {3, 5}, {1, 2}], [{8, 7}, {5, 6}, {1, 4}, {2, 3}], [{8, 7}, {5, 6}, {2, 4}, {1, 3}], [{8, 7}, {5, 6}, {3, 4}, {1, 2}], [{8, 7}, {6}, {2, 5}, {1, 4}, {3}], [{8, 7}, {6}, {2, 5}, {3, 4}, {1}], [{8, 7}, {6}, {2, 5}, {4}, {1, 3}], [{8}, {1, 7}, {3, 6}, {4, 5}, {2}], [{8}, {1, 7}, {6}, {2, 5}, {3, 4}], [{8}, {3, 7}, {6}, {2, 5}, {1, 4}], [{8}, {4, 7}, {2, 6}, {5}, {1, 3}], [{8}, {4, 7}, {5, 6}, {1, 3}, {2}], [{8}, {4, 7}, {6}, {2, 5}, {1, 3}], [{8}, {4, 7}, {6}, {5}, {1, 3}, {2}], [{8}, {5, 7}, {4, 6}, {1, 3}, {2}], [{8}, {5, 7}, {4, 6}, {2, 3}, {1}], [{8}, {5, 7}, {4, 6}, {3}, {1, 2}], [{8}, {6, 7}, {4, 5}, {1, 3}, {2}]]",2,8 K_1^3 - 12 K_1^2 - 10 K_1 K_2 - K_1 + 6 K_2 + 3 K_3 + 7,O1O2O3O4U5U6O7U8U2O6O8U1U4U7O5U3,O1O2O3U4U5O6O4U1O5O7U2U8U6U3O8U7,O1O2O3U4O5U1U6U5U2O4O7U3O8O6U7U8,c,{'O1O2O3O4U2O5U6U1U4O7O8U3U7O6U8U5'},1,"<a href=""/flatknot/8.704059"">8.704059</a>",t^9-53t^7-114t^6+33t^5+344t^4+137t^3-198t^2-45t,-t^3+2t^2-t,,
8.704060,O1O2O3O4U2O5U6U1U4O7O8U3U8O6U7U5,4,11z^2+88z+133,11w^3z^2+88w^2z+133w,False,False,"[[ 0 -2 -2  0  2  3 -2  0  1],[ 2  0  0  3  2  2  0  0  1],[ 2  0  0  2  1  2  0  1  1],[ 0 -3 -2  0  0  3 -2  1  1],[-2 -2 -1  0  0  0 -2 -1  0],[-3 -2 -2 -3  0  0 -2 -1  0],[ 2  0  0  2  2  2  0  0  1],[ 0  0 -1 -1  1  1  0  0  0],[-1 -1 -1 -1  0  0 -1  0  0]]","[[ 0  3  2  1  0  0 -2 -2 -2],[-3  0  0  0 -1 -3 -2 -2 -2],[-2  0  0  0 -1  0 -1 -2 -2],[-1  0  0  0  0 -1 -1 -1 -1],[ 0  1  1  0  0 -1 -1  0  0],[ 0  3  0  1  1  0 -2 -2 -3],[ 2  2  1  1  1  2  0  0  0],[ 2  2  2  1  0  2  0  0  0],[ 2  2  2  1  0  3  0  0  0]]",True,"[-3,-2,-1,0,0,2,2,2,0,0,1,3,2,2,2,0,1,0,1,2,2,0,1,1,1,1,1,1,0,0,2,2,3,0,0,0]","[-3,-2,-1,0,0,2,2,2,0,0,1,3,2,2,2,0,1,0,1,2,2,0,1,1,1,1,1,1,0,0,2,2,3,0,0,0]",t^8+55t^6+265t^4+53t^2+1,"[-2,-2,-2,0,0,1,2,3,0,0,-1,2,2,2,3,0,0,1,2,3,3,0,2,2,2,3,-1,0,2,0,1,1,2,1,2,1]","[-3,-2,-1,0,0,2,2,2,1,2,0,2,3,3,3,1,2,1,2,2,3,0,1,2,2,2,1,-1,0,0,2,2,1,0,0,0]","[-2,-2,-2,0,0,1,2,3,0,0,0,2,1,2,2,0,0,3,1,2,2,1,2,1,1,2,-1,0,1,1,1,0,3,0,0,0]",c,"[[{8, 1}, {2, 7}, {3, 6}, {4, 5}], [{8, 1}, {2, 7}, {4, 6}, {3, 5}], [{8, 1}, {2, 7}, {5, 6}, {3, 4}], [{8, 1}, {2, 7}, {6}, {3, 5}, {4}], [{8, 1}, {3, 7}, {2, 6}, {4, 5}], [{8, 1}, {3, 7}, {4, 6}, {2, 5}], [{8, 1}, {3, 7}, {5, 6}, {2, 4}], [{8, 1}, {3, 7}, {6}, {5}, {2, 4}], [{8, 1}, {4, 7}, {2, 6}, {3, 5}], [{8, 1}, {4, 7}, {3, 6}, {2, 5}], [{8, 1}, {4, 7}, {5, 6}, {2, 3}], [{8, 1}, {4, 7}, {6}, {3, 5}, {2}], [{8, 1}, {5, 7}, {2, 6}, {3, 4}], [{8, 1}, {5, 7}, {3, 6}, {2, 4}], [{8, 1}, {5, 7}, {4, 6}, {2, 3}], [{8, 1}, {5, 7}, {6}, {2, 4}, {3}], [{8, 1}, {6, 7}, {2, 5}, {3, 4}], [{8, 1}, {6, 7}, {2, 5}, {4}, {3}], [{8, 1}, {6, 7}, {3, 5}, {2, 4}], [{8, 1}, {6, 7}, {3, 5}, {4}, {2}], [{8, 1}, {6, 7}, {4, 5}, {2, 3}], [{8, 1}, {6, 7}, {5}, {4}, {2, 3}], [{8, 1}, {7}, {2, 6}, {3, 5}, {4}], [{8, 1}, {7}, {2, 6}, {4, 5}, {3}], [{8, 1}, {7}, {2, 6}, {5}, {3, 4}], [{8, 1}, {7}, {4, 6}, {3, 5}, {2}], [{8, 1}, {7}, {5, 6}, {3, 4}, {2}], [{8, 1}, {7}, {6}, {2, 5}, {3, 4}], [{8, 1}, {7}, {6}, {3, 5}, {2, 4}], [{8, 2}, {1, 7}, {3, 6}, {4, 5}], [{8, 2}, {1, 7}, {4, 6}, {3, 5}], [{8, 2}, {1, 7}, {5, 6}, {3, 4}], [{8, 2}, {3, 7}, {1, 6}, {4, 5}], [{8, 2}, {3, 7}, {4, 6}, {1, 5}], [{8, 2}, {3, 7}, {5, 6}, {1, 4}], [{8, 2}, {4, 7}, {1, 6}, {3, 5}], [{8, 2}, {4, 7}, {3, 6}, {1, 5}], [{8, 2}, {4, 7}, {5, 6}, {1, 3}], [{8, 2}, {4, 7}, {6}, {3, 5}, {1}], [{8, 2}, {5, 7}, {1, 6}, {3, 4}], [{8, 2}, {5, 7}, {3, 6}, {1, 4}], [{8, 2}, {5, 7}, {4, 6}, {1, 3}], [{8, 2}, {5, 7}, {6}, {4}, {1, 3}], [{8, 2}, {6, 7}, {1, 5}, {3, 4}], [{8, 2}, {6, 7}, {1, 5}, {4}, {3}], [{8, 2}, {6, 7}, {3, 5}, {1, 4}], [{8, 2}, {6, 7}, {3, 5}, {4}, {1}], [{8, 2}, {6, 7}, {4, 5}, {1, 3}], [{8, 2}, {6, 7}, {5}, {4}, {1, 3}], [{8, 2}, {7}, {4, 6}, {3, 5}, {1}], [{8, 2}, {7}, {5, 6}, {1, 4}, {3}], [{8, 2}, {7}, {5, 6}, {3, 4}, {1}], [{8, 2}, {7}, {5, 6}, {4}, {1, 3}], [{8, 3}, {1, 7}, {2, 6}, {4, 5}], [{8, 3}, {1, 7}, {2, 6}, {5}, {4}], [{8, 3}, {1, 7}, {4, 6}, {2, 5}], [{8, 3}, {1, 7}, {5, 6}, {2, 4}], [{8, 3}, {2, 7}, {1, 6}, {4, 5}], [{8, 3}, {2, 7}, {4, 6}, {1, 5}], [{8, 3}, {2, 7}, {4, 6}, {5}, {1}], [{8, 3}, {2, 7}, {5, 6}, {1, 4}], [{8, 3}, {4, 7}, {1, 6}, {2, 5}], [{8, 3}, {4, 7}, {1, 6}, {5}, {2}], [{8, 3}, {4, 7}, {2, 6}, {1, 5}], [{8, 3}, {4, 7}, {2, 6}, {5}, {1}], [{8, 3}, {4, 7}, {5, 6}, {1, 2}], [{8, 3}, {4, 7}, {5, 6}, {2}, {1}], [{8, 3}, {4, 7}, {6}, {1, 5}, {2}], [{8, 3}, {4, 7}, {6}, {2, 5}, {1}], [{8, 3}, {4, 7}, {6}, {5}, {1, 2}], [{8, 3}, {4, 7}, {6}, {5}, {2}, {1}], [{8, 3}, {5, 7}, {1, 6}, {2, 4}], [{8, 3}, {5, 7}, {2, 6}, {1, 4}], [{8, 3}, {5, 7}, {2, 6}, {4}, {1}], [{8, 3}, {5, 7}, {4, 6}, {1, 2}], [{8, 3}, {6, 7}, {1, 5}, {2, 4}], [{8, 3}, {6, 7}, {2, 5}, {1, 4}], [{8, 3}, {6, 7}, {4, 5}, {1, 2}], [{8, 3}, {6, 7}, {5}, {2, 4}, {1}], [{8, 3}, {7}, {2, 6}, {1, 5}, {4}], [{8, 3}, {7}, {2, 6}, {4, 5}, {1}], [{8, 3}, {7}, {2, 6}, {5}, {1, 4}], [{8, 3}, {7}, {2, 6}, {5}, {4}, {1}], [{8, 4}, {1, 7}, {2, 6}, {3, 5}], [{8, 4}, {1, 7}, {3, 6}, {2, 5}], [{8, 4}, {1, 7}, {5, 6}, {2, 3}], [{8, 4}, {1, 7}, {6}, {2, 5}, {3}], [{8, 4}, {2, 7}, {1, 6}, {3, 5}], [{8, 4}, {2, 7}, {3, 6}, {1, 5}], [{8, 4}, {2, 7}, {5, 6}, {1, 3}], [{8, 4}, {2, 7}, {6}, {3, 5}, {1}], [{8, 4}, {3, 7}, {1, 6}, {2, 5}], [{8, 4}, {3, 7}, {2, 6}, {1, 5}], [{8, 4}, {3, 7}, {5, 6}, {1, 2}], [{8, 4}, {5, 7}, {1, 6}, {2, 3}], [{8, 4}, {5, 7}, {2, 6}, {1, 3}], [{8, 4}, {5, 7}, {3, 6}, {1, 2}], [{8, 4}, {6, 7}, {1, 5}, {2, 3}], [{8, 4}, {6, 7}, {2, 5}, {1, 3}], [{8, 4}, {6, 7}, {3, 5}, {1, 2}], [{8, 4}, {6, 7}, {3, 5}, {2}, {1}], [{8, 4}, {7}, {1, 6}, {5}, {2, 3}], [{8, 4}, {7}, {2, 6}, {1, 5}, {3}], [{8, 4}, {7}, {2, 6}, {3, 5}, {1}], [{8, 4}, {7}, {2, 6}, {5}, {1, 3}], [{8, 4}, {7}, {3, 6}, {5}, {1, 2}], [{8, 5}, {1, 7}, {2, 6}, {3, 4}], [{8, 5}, {1, 7}, {2, 6}, {4}, {3}], [{8, 5}, {1, 7}, {3, 6}, {2, 4}], [{8, 5}, {1, 7}, {4, 6}, {2, 3}], [{8, 5}, {1, 7}, {6}, {3, 4}, {2}], [{8, 5}, {2, 7}, {1, 6}, {3, 4}], [{8, 5}, {2, 7}, {3, 6}, {1, 4}], [{8, 5}, {2, 7}, {4, 6}, {1, 3}], [{8, 5}, {2, 7}, {4, 6}, {3}, {1}], [{8, 5}, {3, 7}, {1, 6}, {2, 4}], [{8, 5}, {3, 7}, {2, 6}, {1, 4}], [{8, 5}, {3, 7}, {2, 6}, {4}, {1}], [{8, 5}, {3, 7}, {4, 6}, {1, 2}], [{8, 5}, {3, 7}, {6}, {1, 4}, {2}], [{8, 5}, {4, 7}, {1, 6}, {2, 3}], [{8, 5}, {4, 7}, {1, 6}, {3}, {2}], [{8, 5}, {4, 7}, {2, 6}, {1, 3}], [{8, 5}, {4, 7}, {2, 6}, {3}, {1}], [{8, 5}, {4, 7}, {3, 6}, {1, 2}], [{8, 5}, {4, 7}, {3, 6}, {2}, {1}], [{8, 5}, {4, 7}, {6}, {1, 3}, {2}], [{8, 5}, {4, 7}, {6}, {2, 3}, {1}], [{8, 5}, {4, 7}, {6}, {3}, {1, 2}], [{8, 5}, {4, 7}, {6}, {3}, {2}, {1}], [{8, 5}, {6, 7}, {1, 4}, {2, 3}], [{8, 5}, {6, 7}, {2, 4}, {1, 3}], [{8, 5}, {6, 7}, {2, 4}, {3}, {1}], [{8, 5}, {6, 7}, {3, 4}, {1, 2}], [{8, 5}, {7}, {2, 6}, {1, 4}, {3}], [{8, 5}, {7}, {2, 6}, {3, 4}, {1}], [{8, 5}, {7}, {2, 6}, {4}, {1, 3}], [{8, 5}, {7}, {2, 6}, {4}, {3}, {1}], [{8, 6}, {1, 7}, {2, 5}, {3, 4}], [{8, 6}, {1, 7}, {3, 5}, {2, 4}], [{8, 6}, {1, 7}, {4, 5}, {2, 3}], [{8, 6}, {2, 7}, {1, 5}, {3, 4}], [{8, 6}, {2, 7}, {3, 5}, {1, 4}], [{8, 6}, {2, 7}, {3, 5}, {4}, {1}], [{8, 6}, {2, 7}, {4, 5}, {1, 3}], [{8, 6}, {3, 7}, {1, 5}, {2, 4}], [{8, 6}, {3, 7}, {2, 5}, {1, 4}], [{8, 6}, {3, 7}, {4, 5}, {1, 2}], [{8, 6}, {4, 7}, {1, 5}, {2, 3}], [{8, 6}, {4, 7}, {2, 5}, {1, 3}], [{8, 6}, {4, 7}, {3, 5}, {1, 2}], [{8, 6}, {4, 7}, {3, 5}, {2}, {1}], [{8, 6}, {5, 7}, {1, 4}, {2, 3}], [{8, 6}, {5, 7}, {2, 4}, {1, 3}], [{8, 6}, {5, 7}, {3, 4}, {1, 2}], [{8, 6}, {7}, {2, 5}, {1, 4}, {3}], [{8, 6}, {7}, {2, 5}, {3, 4}, {1}], [{8, 6}, {7}, {2, 5}, {4}, {1, 3}], [{8, 6}, {7}, {3, 5}, {2, 4}, {1}], [{8, 7}, {1, 6}, {2, 5}, {3, 4}], [{8, 7}, {1, 6}, {3, 5}, {2, 4}], [{8, 7}, {1, 6}, {4, 5}, {2, 3}], [{8, 7}, {2, 6}, {1, 5}, {3, 4}], [{8, 7}, {2, 6}, {3, 5}, {1, 4}], [{8, 7}, {2, 6}, {3, 5}, {4}, {1}], [{8, 7}, {2, 6}, {4, 5}, {1, 3}], [{8, 7}, {3, 6}, {1, 5}, {2, 4}], [{8, 7}, {3, 6}, {2, 5}, {1, 4}], [{8, 7}, {3, 6}, {4, 5}, {1, 2}], [{8, 7}, {4, 6}, {1, 5}, {2, 3}], [{8, 7}, {4, 6}, {2, 5}, {1, 3}], [{8, 7}, {4, 6}, {3, 5}, {1, 2}], [{8, 7}, {4, 6}, {3, 5}, {2}, {1}], [{8, 7}, {5, 6}, {1, 4}, {2, 3}], [{8, 7}, {5, 6}, {2, 4}, {1, 3}], [{8, 7}, {5, 6}, {3, 4}, {1, 2}], [{8, 7}, {5, 6}, {4}, {1, 3}, {2}], [{8, 7}, {5, 6}, {4}, {2, 3}, {1}], [{8, 7}, {5, 6}, {4}, {3}, {1, 2}], [{8, 7}, {6}, {1, 5}, {2, 4}, {3}], [{8, 7}, {6}, {3, 5}, {2, 4}, {1}], [{8, 7}, {6}, {5}, {1, 4}, {2, 3}], [{8, 7}, {6}, {5}, {2, 4}, {1, 3}], [{8}, {1, 7}, {2, 6}, {3, 5}, {4}], [{8}, {1, 7}, {3, 6}, {5}, {2, 4}], [{8}, {1, 7}, {4, 6}, {3, 5}, {2}], [{8}, {1, 7}, {5, 6}, {2, 4}, {3}], [{8}, {1, 7}, {6}, {3, 5}, {2, 4}], [{8}, {2, 7}, {1, 6}, {3, 5}, {4}], [{8}, {2, 7}, {3, 6}, {1, 5}, {4}], [{8}, {2, 7}, {4, 6}, {3, 5}, {1}], [{8}, {2, 7}, {5, 6}, {4}, {1, 3}], [{8}, {2, 7}, {6}, {3, 5}, {1, 4}], [{8}, {2, 7}, {6}, {3, 5}, {4}, {1}], [{8}, {3, 7}, {1, 6}, {4, 5}, {2}], [{8}, {3, 7}, {4, 6}, {1, 5}, {2}], [{8}, {4, 7}, {1, 6}, {3, 5}, {2}], [{8}, {4, 7}, {2, 6}, {3, 5}, {1}], [{8}, {4, 7}, {6}, {3, 5}, {1, 2}], [{8}, {4, 7}, {6}, {3, 5}, {2}, {1}], [{8}, {5, 7}, {3, 6}, {1, 4}, {2}], [{8}, {5, 7}, {4, 6}, {1, 3}, {2}], [{8}, {5, 7}, {6}, {3, 4}, {1, 2}], [{8}, {6, 7}, {3, 5}, {1, 4}, {2}], [{8}, {6, 7}, {3, 5}, {2, 4}, {1}], [{8}, {6, 7}, {3, 5}, {4}, {1, 2}], [{8}, {6, 7}, {3, 5}, {4}, {2}, {1}], [{8}, {6, 7}, {4, 5}, {3}, {1, 2}], [{8}, {6, 7}, {5}, {3, 4}, {1, 2}], [{8}, {7}, {1, 6}, {2, 5}, {3, 4}], [{8}, {7}, {1, 6}, {3, 5}, {2, 4}], [{8}, {7}, {2, 6}, {1, 5}, {3, 4}], [{8}, {7}, {2, 6}, {3, 5}, {1, 4}], [{8}, {7}, {2, 6}, {3, 5}, {4}, {1}], [{8}, {7}, {2, 6}, {4, 5}, {1, 3}], [{8}, {7}, {4, 6}, {3, 5}, {1, 2}], [{8}, {7}, {4, 6}, {3, 5}, {2}, {1}], [{8}, {7}, {5, 6}, {3, 4}, {1, 2}], [{8}, {7}, {6}, {3, 5}, {2, 4}, {1}]]",2,12 K_1^3 - 32 K_1^2 - 34 K_1 K_2 - 8 K_1 K_3 + 8 K_1 + 20 K_2 + 14 K_3 + 4 K_4 + 17,O1O2O3O4U5U6O7U8U2O8O6U1U4U7O5U3,O1O2O3U4U5O6O5U1O4O7U2U8U6U3O8U7,O1O2O3U4O5U1U6U5U2O4O7U3O8O6U8U7,c,{'O1O2O3O4U2O5U6U1U4O7O8U3U8O6U7U5'},1,"<a href=""/flatknot/8.704060"">8.704060</a>",t^9-53t^7-114t^6+19t^5+258t^4-59t^3-62t^2+12t+2,-t^3+2t^2-t,,
8.704061,O1O2O3O4U2O5U6U1U4O7O8U5U3O6U7U8,3,17z^2+74z+81,-6w^4z^2+23w^3z^2-10w^3z+84w^2z+81w,False,False,"[[ 0 -2 -2  1  2  1 -2  0  2],[ 2  0  0  4  2  2 -1  1  1],[ 2  0  0  2  1  1  0  1  1],[-1 -4 -2  0 -1  1 -3  1  2],[-2 -2 -1  1  0  1 -3  0  0],[-1 -2 -1 -1 -1  0 -1  0  1],[ 2  1  0  3  3  1  0  0  1],[ 0 -1 -1 -1  0  0  0  0  1],[-2 -1 -1 -2  0 -1 -1 -1  0]]","[[ 0  2  2  1  1  0 -2 -2 -2],[-2  0  0  1  1  0 -1 -2 -3],[-2  0  0 -1 -2 -1 -1 -1 -1],[-1 -1  1  0 -1  0 -1 -2 -1],[-1 -1  2  1  0  1 -2 -4 -3],[ 0  0  1  0 -1  0 -1 -1  0],[ 2  1  1  1  2  1  0  0  0],[ 2  2  1  2  4  1  0  0 -1],[ 2  3  1  1  3  0  0  1  0]]",True,"[-2,-2,-1,-1,0,2,2,2,0,-1,-1,0,1,2,3,1,2,1,1,1,1,1,0,1,2,1,-1,2,4,3,1,1,0,0,0,1]","[-2,-2,-2,0,1,1,2,2,-1,0,1,2,4,1,2,0,0,1,3,1,3,1,1,2,1,1,0,-1,1,0,-1,1,-1,2,-1,0]",t^8+65t^6+317t^4+39t^2,"[-2,-2,-2,0,1,1,2,2,-1,0,2,0,2,1,3,0,1,-1,1,2,3,1,1,2,3,3,2,1,2,1,-1,2,-1,2,0,0]","[-2,-2,-1,-1,0,2,2,2,0,-1,0,1,3,3,3,2,2,2,1,2,3,1,2,0,-1,1,1,2,1,2,2,1,1,1,0,0]","[-2,-2,-2,0,1,1,2,2,-1,0,1,2,4,1,2,0,0,1,3,1,3,1,1,2,1,1,0,-1,1,0,-1,1,-1,2,-1,0]",c,"[[{8, 1}, {2, 7}, {3, 6}, {4, 5}], [{8, 1}, {2, 7}, {3, 6}, {5}, {4}], [{8, 1}, {2, 7}, {4, 6}, {3, 5}], [{8, 1}, {2, 7}, {5, 6}, {3, 4}], [{8, 1}, {3, 7}, {2, 6}, {4, 5}], [{8, 1}, {3, 7}, {4, 6}, {2, 5}], [{8, 1}, {3, 7}, {5, 6}, {2, 4}], [{8, 1}, {3, 7}, {6}, {2, 5}, {4}], [{8, 1}, {4, 7}, {2, 6}, {3, 5}], [{8, 1}, {4, 7}, {3, 6}, {2, 5}], [{8, 1}, {4, 7}, {3, 6}, {5}, {2}], [{8, 1}, {4, 7}, {5, 6}, {2, 3}], [{8, 1}, {4, 7}, {6}, {2, 5}, {3}], [{8, 1}, {5, 7}, {2, 6}, {3, 4}], [{8, 1}, {5, 7}, {3, 6}, {2, 4}], [{8, 1}, {5, 7}, {3, 6}, {4}, {2}], [{8, 1}, {5, 7}, {4, 6}, {2, 3}], [{8, 1}, {6, 7}, {2, 5}, {3, 4}], [{8, 1}, {6, 7}, {2, 5}, {4}, {3}], [{8, 1}, {6, 7}, {3, 5}, {2, 4}], [{8, 1}, {6, 7}, {4, 5}, {2, 3}], [{8, 1}, {7}, {2, 6}, {3, 5}, {4}], [{8, 1}, {7}, {2, 6}, {4, 5}, {3}], [{8, 1}, {7}, {2, 6}, {5}, {3, 4}], [{8, 1}, {7}, {3, 6}, {2, 5}, {4}], [{8, 1}, {7}, {3, 6}, {4, 5}, {2}], [{8, 1}, {7}, {3, 6}, {5}, {2, 4}], [{8, 1}, {7}, {3, 6}, {5}, {4}, {2}], [{8, 1}, {7}, {4, 6}, {2, 5}, {3}], [{8, 1}, {7}, {4, 6}, {3, 5}, {2}], [{8, 1}, {7}, {4, 6}, {5}, {2, 3}], [{8, 1}, {7}, {5, 6}, {2, 4}, {3}], [{8, 1}, {7}, {5, 6}, {3, 4}, {2}], [{8, 1}, {7}, {5, 6}, {4}, {2, 3}], [{8, 1}, {7}, {6}, {2, 5}, {3, 4}], [{8, 1}, {7}, {6}, {2, 5}, {4}, {3}], [{8, 1}, {7}, {6}, {3, 5}, {2, 4}], [{8, 1}, {7}, {6}, {4, 5}, {2, 3}], [{8, 2}, {1, 7}, {3, 6}, {4, 5}], [{8, 2}, {1, 7}, {4, 6}, {3, 5}], [{8, 2}, {1, 7}, {5, 6}, {3, 4}], [{8, 2}, {3, 7}, {1, 6}, {4, 5}], [{8, 2}, {3, 7}, {4, 6}, {1, 5}], [{8, 2}, {3, 7}, {5, 6}, {1, 4}], [{8, 2}, {3, 7}, {6}, {1, 5}, {4}], [{8, 2}, {4, 7}, {1, 6}, {3, 5}], [{8, 2}, {4, 7}, {3, 6}, {1, 5}], [{8, 2}, {4, 7}, {3, 6}, {5}, {1}], [{8, 2}, {4, 7}, {5, 6}, {1, 3}], [{8, 2}, {4, 7}, {6}, {1, 5}, {3}], [{8, 2}, {5, 7}, {1, 6}, {3, 4}], [{8, 2}, {5, 7}, {3, 6}, {1, 4}], [{8, 2}, {5, 7}, {4, 6}, {1, 3}], [{8, 2}, {6, 7}, {1, 5}, {3, 4}], [{8, 2}, {6, 7}, {1, 5}, {4}, {3}], [{8, 2}, {6, 7}, {3, 5}, {1, 4}], [{8, 2}, {6, 7}, {4, 5}, {1, 3}], [{8, 2}, {6, 7}, {5}, {3, 4}, {1}], [{8, 2}, {7}, {3, 6}, {1, 5}, {4}], [{8, 2}, {7}, {4, 6}, {1, 5}, {3}], [{8, 2}, {7}, {4, 6}, {3, 5}, {1}], [{8, 2}, {7}, {4, 6}, {5}, {1, 3}], [{8, 2}, {7}, {6}, {1, 5}, {3, 4}], [{8, 2}, {7}, {6}, {1, 5}, {4}, {3}], [{8, 3}, {1, 7}, {2, 6}, {4, 5}], [{8, 3}, {1, 7}, {4, 6}, {2, 5}], [{8, 3}, {1, 7}, {5, 6}, {2, 4}], [{8, 3}, {2, 7}, {1, 6}, {4, 5}], [{8, 3}, {2, 7}, {4, 6}, {1, 5}], [{8, 3}, {2, 7}, {4, 6}, {5}, {1}], [{8, 3}, {2, 7}, {5, 6}, {1, 4}], [{8, 3}, {4, 7}, {1, 6}, {2, 5}], [{8, 3}, {4, 7}, {2, 6}, {1, 5}], [{8, 3}, {4, 7}, {2, 6}, {5}, {1}], [{8, 3}, {4, 7}, {5, 6}, {1, 2}], [{8, 3}, {5, 7}, {1, 6}, {2, 4}], [{8, 3}, {5, 7}, {2, 6}, {1, 4}], [{8, 3}, {5, 7}, {4, 6}, {1, 2}], [{8, 3}, {6, 7}, {1, 5}, {2, 4}], [{8, 3}, {6, 7}, {2, 5}, {1, 4}], [{8, 3}, {6, 7}, {4, 5}, {1, 2}], [{8, 3}, {6, 7}, {5}, {2, 4}, {1}], [{8, 3}, {7}, {1, 6}, {2, 5}, {4}], [{8, 4}, {1, 7}, {2, 6}, {3, 5}], [{8, 4}, {1, 7}, {3, 6}, {2, 5}], [{8, 4}, {1, 7}, {5, 6}, {2, 3}], [{8, 4}, {2, 7}, {1, 6}, {3, 5}], [{8, 4}, {2, 7}, {3, 6}, {1, 5}], [{8, 4}, {2, 7}, {5, 6}, {1, 3}], [{8, 4}, {2, 7}, {5, 6}, {3}, {1}], [{8, 4}, {3, 7}, {1, 6}, {2, 5}], [{8, 4}, {3, 7}, {2, 6}, {1, 5}], [{8, 4}, {3, 7}, {5, 6}, {1, 2}], [{8, 4}, {3, 7}, {6}, {2, 5}, {1}], [{8, 4}, {5, 7}, {1, 6}, {2, 3}], [{8, 4}, {5, 7}, {1, 6}, {3}, {2}], [{8, 4}, {5, 7}, {2, 6}, {1, 3}], [{8, 4}, {5, 7}, {3, 6}, {1, 2}], [{8, 4}, {6, 7}, {1, 5}, {2, 3}], [{8, 4}, {6, 7}, {2, 5}, {1, 3}], [{8, 4}, {6, 7}, {2, 5}, {3}, {1}], [{8, 4}, {6, 7}, {3, 5}, {1, 2}], [{8, 4}, {7}, {2, 6}, {1, 5}, {3}], [{8, 4}, {7}, {2, 6}, {3, 5}, {1}], [{8, 4}, {7}, {2, 6}, {5}, {1, 3}], [{8, 4}, {7}, {3, 6}, {2, 5}, {1}], [{8, 5}, {1, 7}, {2, 6}, {3, 4}], [{8, 5}, {1, 7}, {3, 6}, {2, 4}], [{8, 5}, {1, 7}, {4, 6}, {2, 3}], [{8, 5}, {2, 7}, {1, 6}, {3, 4}], [{8, 5}, {2, 7}, {3, 6}, {1, 4}], [{8, 5}, {2, 7}, {4, 6}, {1, 3}], [{8, 5}, {2, 7}, {4, 6}, {3}, {1}], [{8, 5}, {3, 7}, {1, 6}, {2, 4}], [{8, 5}, {3, 7}, {2, 6}, {1, 4}], [{8, 5}, {3, 7}, {4, 6}, {1, 2}], [{8, 5}, {4, 7}, {1, 6}, {2, 3}], [{8, 5}, {4, 7}, {1, 6}, {3}, {2}], [{8, 5}, {4, 7}, {2, 6}, {1, 3}], [{8, 5}, {4, 7}, {2, 6}, {3}, {1}], [{8, 5}, {4, 7}, {3, 6}, {1, 2}], [{8, 5}, {4, 7}, {3, 6}, {2}, {1}], [{8, 5}, {4, 7}, {6}, {1, 3}, {2}], [{8, 5}, {4, 7}, {6}, {2, 3}, {1}], [{8, 5}, {4, 7}, {6}, {3}, {1, 2}], [{8, 5}, {4, 7}, {6}, {3}, {2}, {1}], [{8, 5}, {6, 7}, {1, 4}, {2, 3}], [{8, 5}, {6, 7}, {2, 4}, {1, 3}], [{8, 5}, {6, 7}, {2, 4}, {3}, {1}], [{8, 5}, {6, 7}, {3, 4}, {1, 2}], [{8, 5}, {7}, {3, 6}, {4}, {1, 2}], [{8, 6}, {1, 7}, {2, 5}, {3, 4}], [{8, 6}, {1, 7}, {3, 5}, {2, 4}], [{8, 6}, {1, 7}, {4, 5}, {2, 3}], [{8, 6}, {2, 7}, {1, 5}, {3, 4}], [{8, 6}, {2, 7}, {3, 5}, {1, 4}], [{8, 6}, {2, 7}, {4, 5}, {1, 3}], [{8, 6}, {2, 7}, {5}, {4}, {1, 3}], [{8, 6}, {3, 7}, {1, 5}, {2, 4}], [{8, 6}, {3, 7}, {2, 5}, {1, 4}], [{8, 6}, {3, 7}, {4, 5}, {1, 2}], [{8, 6}, {4, 7}, {1, 5}, {2, 3}], [{8, 6}, {4, 7}, {2, 5}, {1, 3}], [{8, 6}, {4, 7}, {3, 5}, {1, 2}], [{8, 6}, {4, 7}, {5}, {1, 3}, {2}], [{8, 6}, {5, 7}, {1, 4}, {2, 3}], [{8, 6}, {5, 7}, {2, 4}, {1, 3}], [{8, 6}, {5, 7}, {3, 4}, {1, 2}], [{8, 6}, {5, 7}, {4}, {1, 3}, {2}], [{8, 6}, {7}, {1, 5}, {2, 4}, {3}], [{8, 6}, {7}, {2, 5}, {4}, {1, 3}], [{8, 6}, {7}, {3, 5}, {2, 4}, {1}], [{8, 6}, {7}, {4, 5}, {1, 3}, {2}], [{8, 6}, {7}, {5}, {2, 4}, {1, 3}], [{8, 6}, {7}, {5}, {4}, {1, 3}, {2}], [{8, 7}, {1, 6}, {2, 5}, {3, 4}], [{8, 7}, {1, 6}, {3, 5}, {2, 4}], [{8, 7}, {1, 6}, {4, 5}, {2, 3}], [{8, 7}, {1, 6}, {4, 5}, {3}, {2}], [{8, 7}, {2, 6}, {1, 5}, {3, 4}], [{8, 7}, {2, 6}, {3, 5}, {1, 4}], [{8, 7}, {2, 6}, {3, 5}, {4}, {1}], [{8, 7}, {2, 6}, {4, 5}, {1, 3}], [{8, 7}, {2, 6}, {4, 5}, {3}, {1}], [{8, 7}, {2, 6}, {5}, {3, 4}, {1}], [{8, 7}, {3, 6}, {1, 5}, {2, 4}], [{8, 7}, {3, 6}, {2, 5}, {1, 4}], [{8, 7}, {3, 6}, {2, 5}, {4}, {1}], [{8, 7}, {3, 6}, {4, 5}, {1, 2}], [{8, 7}, {3, 6}, {4, 5}, {2}, {1}], [{8, 7}, {3, 6}, {5}, {2, 4}, {1}], [{8, 7}, {4, 6}, {1, 5}, {2, 3}], [{8, 7}, {4, 6}, {2, 5}, {1, 3}], [{8, 7}, {4, 6}, {2, 5}, {3}, {1}], [{8, 7}, {4, 6}, {3, 5}, {1, 2}], [{8, 7}, {4, 6}, {3, 5}, {2}, {1}], [{8, 7}, {4, 6}, {5}, {2, 3}, {1}], [{8, 7}, {5, 6}, {1, 4}, {2, 3}], [{8, 7}, {5, 6}, {2, 4}, {1, 3}], [{8, 7}, {5, 6}, {2, 4}, {3}, {1}], [{8, 7}, {5, 6}, {3, 4}, {1, 2}], [{8, 7}, {5, 6}, {3, 4}, {2}, {1}], [{8, 7}, {5, 6}, {4}, {2, 3}, {1}], [{8, 7}, {6}, {2, 5}, {3, 4}, {1}], [{8, 7}, {6}, {3, 5}, {2, 4}, {1}], [{8, 7}, {6}, {4, 5}, {1, 3}, {2}], [{8, 7}, {6}, {4, 5}, {2, 3}, {1}], [{8, 7}, {6}, {4, 5}, {3}, {1, 2}], [{8, 7}, {6}, {4, 5}, {3}, {2}, {1}], [{8}, {1, 7}, {2, 6}, {3, 5}, {4}], [{8}, {1, 7}, {2, 6}, {4, 5}, {3}], [{8}, {1, 7}, {2, 6}, {5}, {3, 4}], [{8}, {1, 7}, {3, 6}, {2, 5}, {4}], [{8}, {1, 7}, {3, 6}, {4, 5}, {2}], [{8}, {1, 7}, {3, 6}, {5}, {2, 4}], [{8}, {1, 7}, {4, 6}, {2, 5}, {3}], [{8}, {1, 7}, {4, 6}, {3, 5}, {2}], [{8}, {1, 7}, {4, 6}, {5}, {2, 3}], [{8}, {1, 7}, {5, 6}, {2, 4}, {3}], [{8}, {1, 7}, {5, 6}, {3, 4}, {2}], [{8}, {1, 7}, {5, 6}, {4}, {2, 3}], [{8}, {1, 7}, {6}, {2, 5}, {3, 4}], [{8}, {1, 7}, {6}, {3, 5}, {2, 4}], [{8}, {1, 7}, {6}, {4, 5}, {2, 3}], [{8}, {2, 7}, {4, 6}, {3, 5}, {1}], [{8}, {3, 7}, {6}, {2, 5}, {1, 4}], [{8}, {4, 7}, {2, 6}, {3, 5}, {1}], [{8}, {4, 7}, {3, 6}, {1, 5}, {2}], [{8}, {4, 7}, {3, 6}, {2, 5}, {1}], [{8}, {4, 7}, {3, 6}, {5}, {1, 2}], [{8}, {4, 7}, {5, 6}, {1, 3}, {2}], [{8}, {6, 7}, {1, 5}, {3, 4}, {2}], [{8}, {6, 7}, {2, 5}, {1, 4}, {3}], [{8}, {6, 7}, {3, 5}, {2, 4}, {1}], [{8}, {6, 7}, {4, 5}, {1, 3}, {2}], [{8}, {7}, {1, 6}, {3, 5}, {2, 4}], [{8}, {7}, {2, 6}, {3, 5}, {1, 4}], [{8}, {7}, {2, 6}, {3, 5}, {4}, {1}], [{8}, {7}, {3, 6}, {2, 5}, {1, 4}], [{8}, {7}, {3, 6}, {2, 5}, {4}, {1}], [{8}, {7}, {4, 6}, {3, 5}, {1, 2}], [{8}, {7}, {4, 6}, {3, 5}, {2}, {1}], [{8}, {7}, {6}, {3, 5}, {2, 4}, {1}]]",2,- 8 K_1^4 + 40 K_1^3 + 12 K_1^2 K_2 - 22 K_1^2 - 32 K_1 K_2 - 8 K_1 K_3 - 14 K_1 - 2 K_2^2 + 13 K_2 + 6 K_3 + 3 K_4 + 13,O1O2O3O4U5U6O7U2U8O5O6U1U4U7O8U3,O1O2O3U4U5O6O7U1O4O5U2U8U7U3O8U6,O1O2O3U4O5U1U6U5U2O7O8U3O6O4U7U8,c,{'O1O2O3O4U2O5U6U1U4O7O8U5U3O6U7U8'},1,"<a href=""/flatknot/8.704061"">8.704061</a>",t^9-67t^7-178t^6+8t^5+396t^4+552t^3+344t^2+16t-16,t^2-2t,,
8.704062,O1O2O3O4U2O5U6U1U4O7O8U5U7O6U3U8,4,z^3+18z^2+100z+137,w^4z^3+18w^3z^2+100w^2z+137w,False,False,"[[ 0 -2 -2  1  2  1 -2  0  2],[ 2  0  0  3  2  2  0  1  1],[ 2  0  0  2  1  1  1  0  1],[-1 -3 -2  0  0  1 -3  1  2],[-2 -2 -1  0  0  1 -3  1  0],[-1 -2 -1 -1 -1  0 -2  1  1],[ 2  0 -1  3  3  2  0  0  1],[ 0 -1  0 -1 -1 -1  0  0  1],[-2 -1 -1 -2  0 -1 -1 -1  0]]","[[ 0  2  2  1  1  0 -2 -2 -2],[-2  0  0  1  0  1 -1 -2 -3],[-2  0  0 -1 -2 -1 -1 -1 -1],[-1 -1  1  0 -1  1 -1 -2 -2],[-1  0  2  1  0  1 -2 -3 -3],[ 0 -1  1 -1 -1  0  0 -1  0],[ 2  1  1  1  2  0  0  0  1],[ 2  2  1  2  3  1  0  0  0],[ 2  3  1  2  3  0 -1  0  0]]",True,"[-2,-2,-1,-1,0,2,2,2,0,-1,0,-1,1,2,3,1,2,1,1,1,1,1,-1,1,2,2,-1,2,3,3,0,1,0,0,-1,0]","[-2,-2,-2,0,1,1,2,2,-1,0,0,2,3,1,3,0,0,1,2,1,1,1,2,3,1,2,-1,-1,1,-1,-1,1,-1,2,0,0]",t^8+61t^6+287t^4+64t^2+1,"[-2,-2,-2,0,1,1,2,2,-1,0,2,1,2,3,3,0,2,0,1,1,3,1,0,1,2,3,2,2,3,1,-1,1,-1,2,0,0]","[-2,-2,-1,-1,0,2,2,2,0,-1,0,1,3,3,3,1,2,3,1,2,3,1,2,0,0,1,2,1,1,2,2,1,2,0,-1,0]","[-2,-2,-2,0,1,1,2,2,-1,0,0,2,3,1,3,0,0,1,2,1,1,1,2,3,1,2,-1,-1,1,-1,-1,1,-1,2,0,0]",c,"[[{8, 1}, {2, 7}, {3, 6}, {4, 5}], [{8, 1}, {2, 7}, {4, 6}, {3, 5}], [{8, 1}, {2, 7}, {5, 6}, {3, 4}], [{8, 1}, {2, 7}, {5, 6}, {4}, {3}], [{8, 1}, {3, 7}, {2, 6}, {4, 5}], [{8, 1}, {3, 7}, {2, 6}, {5}, {4}], [{8, 1}, {3, 7}, {4, 6}, {2, 5}], [{8, 1}, {3, 7}, {4, 6}, {5}, {2}], [{8, 1}, {3, 7}, {5, 6}, {2, 4}], [{8, 1}, {3, 7}, {5, 6}, {4}, {2}], [{8, 1}, {3, 7}, {6}, {2, 5}, {4}], [{8, 1}, {3, 7}, {6}, {4, 5}, {2}], [{8, 1}, {3, 7}, {6}, {5}, {2, 4}], [{8, 1}, {3, 7}, {6}, {5}, {4}, {2}], [{8, 1}, {4, 7}, {2, 6}, {3, 5}], [{8, 1}, {4, 7}, {3, 6}, {2, 5}], [{8, 1}, {4, 7}, {5, 6}, {2, 3}], [{8, 1}, {4, 7}, {6}, {3, 5}, {2}], [{8, 1}, {5, 7}, {2, 6}, {3, 4}], [{8, 1}, {5, 7}, {3, 6}, {2, 4}], [{8, 1}, {5, 7}, {4, 6}, {2, 3}], [{8, 1}, {5, 7}, {6}, {3, 4}, {2}], [{8, 1}, {6, 7}, {2, 5}, {3, 4}], [{8, 1}, {6, 7}, {2, 5}, {4}, {3}], [{8, 1}, {6, 7}, {3, 5}, {2, 4}], [{8, 1}, {6, 7}, {4, 5}, {2, 3}], [{8, 1}, {7}, {3, 6}, {2, 5}, {4}], [{8, 1}, {7}, {5, 6}, {4}, {2, 3}], [{8, 2}, {1, 7}, {3, 6}, {4, 5}], [{8, 2}, {1, 7}, {4, 6}, {3, 5}], [{8, 2}, {1, 7}, {5, 6}, {3, 4}], [{8, 2}, {3, 7}, {1, 6}, {4, 5}], [{8, 2}, {3, 7}, {4, 6}, {1, 5}], [{8, 2}, {3, 7}, {5, 6}, {1, 4}], [{8, 2}, {4, 7}, {1, 6}, {3, 5}], [{8, 2}, {4, 7}, {3, 6}, {1, 5}], [{8, 2}, {4, 7}, {5, 6}, {1, 3}], [{8, 2}, {4, 7}, {5, 6}, {3}, {1}], [{8, 2}, {5, 7}, {1, 6}, {3, 4}], [{8, 2}, {5, 7}, {3, 6}, {1, 4}], [{8, 2}, {5, 7}, {4, 6}, {1, 3}], [{8, 2}, {6, 7}, {1, 5}, {3, 4}], [{8, 2}, {6, 7}, {3, 5}, {1, 4}], [{8, 2}, {6, 7}, {4, 5}, {1, 3}], [{8, 2}, {6, 7}, {5}, {1, 4}, {3}], [{8, 2}, {7}, {4, 6}, {1, 5}, {3}], [{8, 2}, {7}, {4, 6}, {3, 5}, {1}], [{8, 2}, {7}, {4, 6}, {5}, {1, 3}], [{8, 3}, {1, 7}, {2, 6}, {4, 5}], [{8, 3}, {1, 7}, {4, 6}, {2, 5}], [{8, 3}, {1, 7}, {5, 6}, {2, 4}], [{8, 3}, {1, 7}, {6}, {4, 5}, {2}], [{8, 3}, {2, 7}, {1, 6}, {4, 5}], [{8, 3}, {2, 7}, {4, 6}, {1, 5}], [{8, 3}, {2, 7}, {5, 6}, {1, 4}], [{8, 3}, {4, 7}, {1, 6}, {2, 5}], [{8, 3}, {4, 7}, {2, 6}, {1, 5}], [{8, 3}, {4, 7}, {5, 6}, {1, 2}], [{8, 3}, {5, 7}, {1, 6}, {2, 4}], [{8, 3}, {5, 7}, {2, 6}, {1, 4}], [{8, 3}, {5, 7}, {4, 6}, {1, 2}], [{8, 3}, {5, 7}, {6}, {2, 4}, {1}], [{8, 3}, {6, 7}, {1, 5}, {2, 4}], [{8, 3}, {6, 7}, {2, 5}, {1, 4}], [{8, 3}, {6, 7}, {4, 5}, {1, 2}], [{8, 3}, {6, 7}, {5}, {1, 4}, {2}], [{8, 3}, {7}, {1, 6}, {2, 5}, {4}], [{8, 4}, {1, 7}, {2, 6}, {3, 5}], [{8, 4}, {1, 7}, {2, 6}, {5}, {3}], [{8, 4}, {1, 7}, {3, 6}, {2, 5}], [{8, 4}, {1, 7}, {5, 6}, {2, 3}], [{8, 4}, {2, 7}, {1, 6}, {3, 5}], [{8, 4}, {2, 7}, {3, 6}, {1, 5}], [{8, 4}, {2, 7}, {5, 6}, {1, 3}], [{8, 4}, {3, 7}, {1, 6}, {2, 5}], [{8, 4}, {3, 7}, {2, 6}, {1, 5}], [{8, 4}, {3, 7}, {5, 6}, {1, 2}], [{8, 4}, {3, 7}, {6}, {2, 5}, {1}], [{8, 4}, {5, 7}, {1, 6}, {2, 3}], [{8, 4}, {5, 7}, {2, 6}, {1, 3}], [{8, 4}, {5, 7}, {3, 6}, {1, 2}], [{8, 4}, {6, 7}, {1, 5}, {2, 3}], [{8, 4}, {6, 7}, {2, 5}, {1, 3}], [{8, 4}, {6, 7}, {2, 5}, {3}, {1}], [{8, 4}, {6, 7}, {3, 5}, {1, 2}], [{8, 4}, {7}, {3, 6}, {2, 5}, {1}], [{8, 4}, {7}, {5, 6}, {3}, {1, 2}], [{8, 5}, {1, 7}, {2, 6}, {3, 4}], [{8, 5}, {1, 7}, {3, 6}, {2, 4}], [{8, 5}, {1, 7}, {4, 6}, {2, 3}], [{8, 5}, {1, 7}, {6}, {2, 4}, {3}], [{8, 5}, {2, 7}, {1, 6}, {3, 4}], [{8, 5}, {2, 7}, {3, 6}, {1, 4}], [{8, 5}, {2, 7}, {4, 6}, {1, 3}], [{8, 5}, {2, 7}, {6}, {1, 4}, {3}], [{8, 5}, {3, 7}, {1, 6}, {2, 4}], [{8, 5}, {3, 7}, {2, 6}, {1, 4}], [{8, 5}, {3, 7}, {4, 6}, {1, 2}], [{8, 5}, {3, 7}, {6}, {2, 4}, {1}], [{8, 5}, {4, 7}, {1, 6}, {2, 3}], [{8, 5}, {4, 7}, {2, 6}, {1, 3}], [{8, 5}, {4, 7}, {3, 6}, {1, 2}], [{8, 5}, {4, 7}, {6}, {3}, {1, 2}], [{8, 5}, {6, 7}, {1, 4}, {2, 3}], [{8, 5}, {6, 7}, {1, 4}, {3}, {2}], [{8, 5}, {6, 7}, {2, 4}, {1, 3}], [{8, 5}, {6, 7}, {3, 4}, {1, 2}], [{8, 5}, {7}, {2, 6}, {1, 4}, {3}], [{8, 5}, {7}, {2, 6}, {3, 4}, {1}], [{8, 5}, {7}, {2, 6}, {4}, {1, 3}], [{8, 5}, {7}, {3, 6}, {4}, {1, 2}], [{8, 5}, {7}, {4, 6}, {1, 3}, {2}], [{8, 5}, {7}, {6}, {2, 4}, {1, 3}], [{8, 6}, {1, 7}, {2, 5}, {3, 4}], [{8, 6}, {1, 7}, {3, 5}, {2, 4}], [{8, 6}, {1, 7}, {3, 5}, {4}, {2}], [{8, 6}, {1, 7}, {4, 5}, {2, 3}], [{8, 6}, {1, 7}, {4, 5}, {3}, {2}], [{8, 6}, {1, 7}, {5}, {3, 4}, {2}], [{8, 6}, {2, 7}, {1, 5}, {3, 4}], [{8, 6}, {2, 7}, {3, 5}, {1, 4}], [{8, 6}, {2, 7}, {4, 5}, {1, 3}], [{8, 6}, {3, 7}, {1, 5}, {2, 4}], [{8, 6}, {3, 7}, {2, 5}, {1, 4}], [{8, 6}, {3, 7}, {4, 5}, {1, 2}], [{8, 6}, {4, 7}, {1, 5}, {2, 3}], [{8, 6}, {4, 7}, {2, 5}, {1, 3}], [{8, 6}, {4, 7}, {2, 5}, {3}, {1}], [{8, 6}, {4, 7}, {3, 5}, {1, 2}], [{8, 6}, {5, 7}, {1, 4}, {2, 3}], [{8, 6}, {5, 7}, {2, 4}, {1, 3}], [{8, 6}, {5, 7}, {3, 4}, {1, 2}], [{8, 6}, {5, 7}, {3, 4}, {2}, {1}], [{8, 6}, {7}, {1, 5}, {2, 4}, {3}], [{8, 6}, {7}, {1, 5}, {3, 4}, {2}], [{8, 6}, {7}, {1, 5}, {4}, {2, 3}], [{8, 6}, {7}, {3, 5}, {2, 4}, {1}], [{8, 6}, {7}, {5}, {2, 4}, {1, 3}], [{8, 7}, {1, 6}, {2, 5}, {3, 4}], [{8, 7}, {1, 6}, {3, 5}, {2, 4}], [{8, 7}, {1, 6}, {4, 5}, {2, 3}], [{8, 7}, {1, 6}, {5}, {2, 4}, {3}], [{8, 7}, {2, 6}, {1, 5}, {3, 4}], [{8, 7}, {2, 6}, {3, 5}, {1, 4}], [{8, 7}, {2, 6}, {4, 5}, {1, 3}], [{8, 7}, {3, 6}, {1, 5}, {2, 4}], [{8, 7}, {3, 6}, {2, 5}, {1, 4}], [{8, 7}, {3, 6}, {4, 5}, {1, 2}], [{8, 7}, {4, 6}, {1, 5}, {2, 3}], [{8, 7}, {4, 6}, {2, 5}, {1, 3}], [{8, 7}, {4, 6}, {3, 5}, {1, 2}], [{8, 7}, {4, 6}, {5}, {3}, {1, 2}], [{8, 7}, {5, 6}, {1, 4}, {2, 3}], [{8, 7}, {5, 6}, {2, 4}, {1, 3}], [{8, 7}, {5, 6}, {3, 4}, {1, 2}], [{8, 7}, {6}, {1, 5}, {3, 4}, {2}], [{8}, {1, 7}, {3, 6}, {4, 5}, {2}], [{8}, {2, 7}, {1, 6}, {3, 5}, {4}], [{8}, {3, 7}, {6}, {1, 5}, {2, 4}], [{8}, {3, 7}, {6}, {2, 5}, {1, 4}], [{8}, {4, 7}, {2, 6}, {1, 5}, {3}], [{8}, {4, 7}, {2, 6}, {3, 5}, {1}], [{8}, {4, 7}, {2, 6}, {5}, {1, 3}], [{8}, {4, 7}, {3, 6}, {1, 5}, {2}], [{8}, {4, 7}, {6}, {1, 5}, {2, 3}], [{8}, {5, 7}, {1, 6}, {3, 4}, {2}], [{8}, {6, 7}, {1, 5}, {3, 4}, {2}], [{8}, {6, 7}, {2, 5}, {1, 4}, {3}], [{8}, {6, 7}, {3, 5}, {1, 4}, {2}], [{8}, {6, 7}, {4, 5}, {1, 3}, {2}], [{8}, {6, 7}, {5}, {1, 4}, {2, 3}], [{8}, {6, 7}, {5}, {1, 4}, {3}, {2}], [{8}, {7}, {1, 6}, {4, 5}, {2, 3}], [{8}, {7}, {3, 6}, {2, 5}, {1, 4}], [{8}, {7}, {4, 6}, {2, 5}, {1, 3}], [{8}, {7}, {5, 6}, {2, 4}, {1, 3}]]",2,8 K_1^3 + 4 K_1^2 K_2 - 26 K_1^2 - 24 K_1 K_2 - 4 K_1 K_3 + 6 K_1 + 13 K_2 + 10 K_3 + K_4 + 13,O1O2O3O4U5U2O6U7U8O5O7U1U4U6O8U3,O1O2O3U4U5O6O4U1O7O5U2U8U7U3O8U6,O1O2O3U4O5U1U6U5U2O7O6U3O8O4U7U8,c,{'O1O2O3O4U2O5U6U1U4O7O8U5U7O6U3U8'},1,"<a href=""/flatknot/8.704062"">8.704062</a>",t^9-63t^7-136t^6+80t^5+480t^4+286t^3-306t^2-336t-76,t^2-2t,,
8.704063,O1O2O3O4U2O5U6U1U4O7O8U5U8O6U3U7,4,2z^3+24z^2+87z+95,2w^4z^3+24w^3z^2+87w^2z+95w,False,False,"[[ 0 -2 -2  1  2  1 -2  1  1],[ 2  0  0  3  2  2  0  1  1],[ 2  0  0  2  1  1  1  1  0],[-1 -3 -2  0  0  1 -3  1  1],[-2 -2 -1  0  0  1 -3  0  1],[-1 -2 -1 -1 -1  0 -2  1  1],[ 2  0 -1  3  3  2  0  1  1],[-1 -1 -1 -1  0 -1 -1  0  0],[-1 -1  0 -1 -1 -1 -1  0  0]]","[[ 0  2  1  1  1  1 -2 -2 -2],[-2  0  1  1  0  0 -1 -2 -3],[-1 -1  0  1  1 -1 -1 -2 -2],[-1 -1 -1  0  0 -1  0 -1 -1],[-1  0 -1  0  0 -1 -1 -1 -1],[-1  0  1  1  1  0 -2 -3 -3],[ 2  1  1  0  1  2  0  0  1],[ 2  2  2  1  1  3  0  0  0],[ 2  3  2  1  1  3 -1  0  0]]",True,"[-2,-1,-1,-1,-1,2,2,2,-1,-1,0,0,1,2,3,-1,-1,1,1,2,2,0,1,0,1,1,1,1,1,1,2,3,3,0,-1,0]","[-2,-2,-2,1,1,1,1,2,-1,0,1,1,2,3,3,0,0,1,1,2,1,1,1,2,3,2,0,-1,-1,-1,-1,-1,0,-1,-1,0]",t^8+58t^6+154t^4+63t^2,"[-2,-2,-2,1,1,1,1,2,-1,0,1,2,2,3,3,0,0,1,2,2,1,0,1,2,2,2,-1,-1,-1,1,-1,-1,2,0,1,2]","[-2,-1,-1,-1,-1,2,2,2,1,1,2,2,1,2,3,-1,-1,0,2,2,2,1,1,0,0,1,1,1,1,2,2,2,3,0,-1,0]","[-2,-2,-2,1,1,1,1,2,-1,0,1,1,2,3,3,0,0,1,1,2,1,1,1,2,3,2,0,-1,-1,-1,-1,-1,0,-1,-1,0]",c,"[[{8, 1}, {2, 7}, {3, 6}, {4, 5}], [{8, 1}, {2, 7}, {4, 6}, {3, 5}], [{8, 1}, {2, 7}, {4, 6}, {5}, {3}], [{8, 1}, {2, 7}, {5, 6}, {3, 4}], [{8, 1}, {3, 7}, {2, 6}, {4, 5}], [{8, 1}, {3, 7}, {4, 6}, {2, 5}], [{8, 1}, {3, 7}, {5, 6}, {2, 4}], [{8, 1}, {4, 7}, {2, 6}, {3, 5}], [{8, 1}, {4, 7}, {3, 6}, {2, 5}], [{8, 1}, {4, 7}, {5, 6}, {2, 3}], [{8, 1}, {4, 7}, {6}, {2, 5}, {3}], [{8, 1}, {5, 7}, {2, 6}, {3, 4}], [{8, 1}, {5, 7}, {3, 6}, {2, 4}], [{8, 1}, {5, 7}, {4, 6}, {2, 3}], [{8, 1}, {6, 7}, {2, 5}, {3, 4}], [{8, 1}, {6, 7}, {3, 5}, {2, 4}], [{8, 1}, {6, 7}, {4, 5}, {2, 3}], [{8, 1}, {6, 7}, {5}, {2, 4}, {3}], [{8, 1}, {7}, {3, 6}, {2, 5}, {4}], [{8, 1}, {7}, {6}, {3, 5}, {2, 4}], [{8, 2}, {1, 7}, {3, 6}, {4, 5}], [{8, 2}, {1, 7}, {4, 6}, {3, 5}], [{8, 2}, {1, 7}, {4, 6}, {5}, {3}], [{8, 2}, {1, 7}, {5, 6}, {3, 4}], [{8, 2}, {1, 7}, {5, 6}, {4}, {3}], [{8, 2}, {1, 7}, {6}, {4, 5}, {3}], [{8, 2}, {3, 7}, {1, 6}, {4, 5}], [{8, 2}, {3, 7}, {4, 6}, {1, 5}], [{8, 2}, {3, 7}, {5, 6}, {1, 4}], [{8, 2}, {3, 7}, {5, 6}, {4}, {1}], [{8, 2}, {4, 7}, {1, 6}, {3, 5}], [{8, 2}, {4, 7}, {3, 6}, {1, 5}], [{8, 2}, {4, 7}, {5, 6}, {1, 3}], [{8, 2}, {5, 7}, {1, 6}, {3, 4}], [{8, 2}, {5, 7}, {3, 6}, {1, 4}], [{8, 2}, {5, 7}, {4, 6}, {1, 3}], [{8, 2}, {6, 7}, {1, 5}, {3, 4}], [{8, 2}, {6, 7}, {3, 5}, {1, 4}], [{8, 2}, {6, 7}, {4, 5}, {1, 3}], [{8, 2}, {6, 7}, {5}, {1, 4}, {3}], [{8, 2}, {7}, {3, 6}, {4, 5}, {1}], [{8, 2}, {7}, {5, 6}, {4}, {1, 3}], [{8, 3}, {1, 7}, {2, 6}, {4, 5}], [{8, 3}, {1, 7}, {4, 6}, {2, 5}], [{8, 3}, {1, 7}, {5, 6}, {2, 4}], [{8, 3}, {1, 7}, {6}, {4, 5}, {2}], [{8, 3}, {2, 7}, {1, 6}, {4, 5}], [{8, 3}, {2, 7}, {4, 6}, {1, 5}], [{8, 3}, {2, 7}, {5, 6}, {1, 4}], [{8, 3}, {4, 7}, {1, 6}, {2, 5}], [{8, 3}, {4, 7}, {1, 6}, {5}, {2}], [{8, 3}, {4, 7}, {2, 6}, {1, 5}], [{8, 3}, {4, 7}, {2, 6}, {5}, {1}], [{8, 3}, {4, 7}, {5, 6}, {1, 2}], [{8, 3}, {4, 7}, {6}, {5}, {1, 2}], [{8, 3}, {5, 7}, {1, 6}, {2, 4}], [{8, 3}, {5, 7}, {2, 6}, {1, 4}], [{8, 3}, {5, 7}, {4, 6}, {1, 2}], [{8, 3}, {5, 7}, {6}, {2, 4}, {1}], [{8, 3}, {6, 7}, {1, 5}, {2, 4}], [{8, 3}, {6, 7}, {1, 5}, {4}, {2}], [{8, 3}, {6, 7}, {2, 5}, {1, 4}], [{8, 3}, {6, 7}, {4, 5}, {1, 2}], [{8, 4}, {1, 7}, {2, 6}, {3, 5}], [{8, 4}, {1, 7}, {3, 6}, {2, 5}], [{8, 4}, {1, 7}, {5, 6}, {2, 3}], [{8, 4}, {2, 7}, {1, 6}, {3, 5}], [{8, 4}, {2, 7}, {3, 6}, {1, 5}], [{8, 4}, {2, 7}, {5, 6}, {1, 3}], [{8, 4}, {3, 7}, {1, 6}, {2, 5}], [{8, 4}, {3, 7}, {2, 6}, {1, 5}], [{8, 4}, {3, 7}, {5, 6}, {1, 2}], [{8, 4}, {5, 7}, {1, 6}, {2, 3}], [{8, 4}, {5, 7}, {2, 6}, {1, 3}], [{8, 4}, {5, 7}, {3, 6}, {1, 2}], [{8, 4}, {5, 7}, {6}, {1, 3}, {2}], [{8, 4}, {6, 7}, {1, 5}, {2, 3}], [{8, 4}, {6, 7}, {2, 5}, {1, 3}], [{8, 4}, {6, 7}, {3, 5}, {1, 2}], [{8, 4}, {6, 7}, {5}, {1, 3}, {2}], [{8, 4}, {7}, {5, 6}, {1, 3}, {2}], [{8, 5}, {1, 7}, {2, 6}, {3, 4}], [{8, 5}, {1, 7}, {3, 6}, {2, 4}], [{8, 5}, {1, 7}, {4, 6}, {2, 3}], [{8, 5}, {2, 7}, {1, 6}, {3, 4}], [{8, 5}, {2, 7}, {3, 6}, {1, 4}], [{8, 5}, {2, 7}, {4, 6}, {1, 3}], [{8, 5}, {3, 7}, {1, 6}, {2, 4}], [{8, 5}, {3, 7}, {2, 6}, {1, 4}], [{8, 5}, {3, 7}, {4, 6}, {1, 2}], [{8, 5}, {3, 7}, {6}, {2, 4}, {1}], [{8, 5}, {4, 7}, {1, 6}, {2, 3}], [{8, 5}, {4, 7}, {2, 6}, {1, 3}], [{8, 5}, {4, 7}, {3, 6}, {1, 2}], [{8, 5}, {6, 7}, {1, 4}, {2, 3}], [{8, 5}, {6, 7}, {2, 4}, {1, 3}], [{8, 5}, {6, 7}, {3, 4}, {1, 2}], [{8, 5}, {6, 7}, {4}, {2, 3}, {1}], [{8, 6}, {1, 7}, {2, 5}, {3, 4}], [{8, 6}, {1, 7}, {2, 5}, {4}, {3}], [{8, 6}, {1, 7}, {3, 5}, {2, 4}], [{8, 6}, {1, 7}, {3, 5}, {4}, {2}], [{8, 6}, {1, 7}, {4, 5}, {2, 3}], [{8, 6}, {1, 7}, {4, 5}, {3}, {2}], [{8, 6}, {1, 7}, {5}, {2, 4}, {3}], [{8, 6}, {1, 7}, {5}, {3, 4}, {2}], [{8, 6}, {1, 7}, {5}, {4}, {2, 3}], [{8, 6}, {2, 7}, {1, 5}, {3, 4}], [{8, 6}, {2, 7}, {3, 5}, {1, 4}], [{8, 6}, {2, 7}, {4, 5}, {1, 3}], [{8, 6}, {2, 7}, {5}, {1, 4}, {3}], [{8, 6}, {3, 7}, {1, 5}, {2, 4}], [{8, 6}, {3, 7}, {2, 5}, {1, 4}], [{8, 6}, {3, 7}, {4, 5}, {1, 2}], [{8, 6}, {4, 7}, {1, 5}, {2, 3}], [{8, 6}, {4, 7}, {1, 5}, {3}, {2}], [{8, 6}, {4, 7}, {2, 5}, {1, 3}], [{8, 6}, {4, 7}, {3, 5}, {1, 2}], [{8, 6}, {5, 7}, {1, 4}, {2, 3}], [{8, 6}, {5, 7}, {2, 4}, {1, 3}], [{8, 6}, {5, 7}, {3, 4}, {1, 2}], [{8, 6}, {5, 7}, {4}, {1, 3}, {2}], [{8, 6}, {7}, {2, 5}, {3, 4}, {1}], [{8, 6}, {7}, {3, 5}, {2, 4}, {1}], [{8, 6}, {7}, {4, 5}, {2, 3}, {1}], [{8, 7}, {1, 6}, {2, 5}, {3, 4}], [{8, 7}, {1, 6}, {3, 5}, {2, 4}], [{8, 7}, {1, 6}, {4, 5}, {2, 3}], [{8, 7}, {2, 6}, {1, 5}, {3, 4}], [{8, 7}, {2, 6}, {3, 5}, {1, 4}], [{8, 7}, {2, 6}, {4, 5}, {1, 3}], [{8, 7}, {3, 6}, {1, 5}, {2, 4}], [{8, 7}, {3, 6}, {2, 5}, {1, 4}], [{8, 7}, {3, 6}, {4, 5}, {1, 2}], [{8, 7}, {4, 6}, {1, 5}, {2, 3}], [{8, 7}, {4, 6}, {2, 5}, {1, 3}], [{8, 7}, {4, 6}, {3, 5}, {1, 2}], [{8, 7}, {5, 6}, {1, 4}, {2, 3}], [{8, 7}, {5, 6}, {2, 4}, {1, 3}], [{8, 7}, {5, 6}, {3, 4}, {1, 2}], [{8, 7}, {5, 6}, {4}, {1, 3}, {2}], [{8, 7}, {6}, {3, 5}, {2, 4}, {1}], [{8}, {1, 7}, {2, 6}, {4, 5}, {3}], [{8}, {1, 7}, {3, 6}, {4, 5}, {2}], [{8}, {1, 7}, {6}, {2, 5}, {3, 4}], [{8}, {1, 7}, {6}, {3, 5}, {2, 4}], [{8}, {1, 7}, {6}, {4, 5}, {2, 3}], [{8}, {1, 7}, {6}, {4, 5}, {3}, {2}], [{8}, {2, 7}, {1, 6}, {4, 5}, {3}], [{8}, {2, 7}, {5, 6}, {4}, {1, 3}], [{8}, {3, 7}, {1, 6}, {2, 5}, {4}], [{8}, {3, 7}, {4, 6}, {2, 5}, {1}], [{8}, {3, 7}, {6}, {2, 5}, {1, 4}], [{8}, {4, 7}, {3, 6}, {2, 5}, {1}], [{8}, {4, 7}, {5, 6}, {1, 3}, {2}], [{8}, {5, 7}, {3, 6}, {1, 4}, {2}], [{8}, {5, 7}, {4, 6}, {1, 3}, {2}], [{8}, {6, 7}, {3, 5}, {2, 4}, {1}], [{8}, {6, 7}, {4, 5}, {3}, {1, 2}], [{8}, {7}, {1, 6}, {3, 5}, {2, 4}], [{8}, {7}, {2, 6}, {3, 5}, {1, 4}], [{8}, {7}, {3, 6}, {1, 5}, {2, 4}], [{8}, {7}, {4, 6}, {3, 5}, {1, 2}], [{8}, {7}, {5, 6}, {2, 4}, {1, 3}], [{8}, {7}, {6}, {3, 5}, {2, 4}, {1}]]",2,8 K_1^3 - 8 K_1^2 - 8 K_1 K_2 - 2 K_1 + 4 K_2 + 2 K_3 + 5,O1O2O3O4U5U2O6U7U8O7O5U1U4U6O8U3,O1O2O3U4U5O6O5U1O7O4U2U8U7U3O8U6,O1O2O3U4O5U1U6U5U2O7O6U3O8O4U8U7,c,{'O1O2O3O4U2O5U6U1U4O7O8U5U8O6U3U7'},1,"<a href=""/flatknot/8.704063"">8.704063</a>",t^9-62t^7-126t^6+66t^5+234t^4-11t^3-150t^2-24t+8,2t^2-4t,,
8.704064,O1O2O3O4U2O5U6U1U4O7O8U5U8O6U7U3,4,7z^3+47z^2+103z+75,7w^4z^3+47w^3z^2+103w^2z+75w,False,False,"[[ 0 -2 -2  2  2  1 -2  0  1],[ 2  0  0  3  2  2  0  0  1],[ 2  0  0  2  1  1  1  0  0],[-2 -3 -2  0  0  0 -3  0  1],[-2 -2 -1  0  0  1 -3  0  1],[-1 -2 -1  0 -1  0 -2  1  1],[ 2  0 -1  3  3  2  0  0  1],[ 0  0  0  0  0 -1  0  0  0],[-1 -1  0 -1 -1 -1 -1  0  0]]","[[ 0  2  2  1  1  0 -2 -2 -2],[-2  0  0  1  1  0 -1 -2 -3],[-2  0  0  1  0  0 -2 -3 -3],[-1 -1 -1  0 -1  0  0 -1 -1],[-1 -1  0  1  0  1 -1 -2 -2],[ 0  0  0  0 -1  0  0  0  0],[ 2  1  2  0  1  0  0  0  1],[ 2  2  3  1  2  0  0  0  0],[ 2  3  3  1  2  0 -1  0  0]]",True,"[-2,-2,-1,-1,0,2,2,2,0,-1,-1,0,1,2,3,-1,0,0,2,3,3,1,0,0,1,1,-1,1,2,2,0,0,0,0,-1,0]","[-2,-2,-2,0,1,1,2,2,-1,0,0,1,2,3,3,0,0,0,1,1,2,0,1,2,2,3,0,-1,0,0,-1,-1,-1,-1,0,0]",t^8+53t^6+129t^4+61t^2+1,"[-2,-2,-2,0,1,1,2,2,-1,0,2,2,3,2,3,0,2,1,2,1,1,2,1,2,1,2,2,1,2,2,-1,1,2,2,2,0]","[-2,-2,-1,-1,0,2,2,2,0,1,2,2,1,1,2,2,2,2,1,2,3,1,2,1,1,2,1,2,2,3,2,2,2,0,-1,0]","[-2,-2,-2,0,1,1,2,2,-1,0,0,1,2,3,3,0,0,0,1,1,2,0,1,2,2,3,0,-1,0,0,-1,-1,-1,-1,0,0]",c,"[[{8, 1}, {2, 7}, {3, 6}, {4, 5}], [{8, 1}, {2, 7}, {4, 6}, {3, 5}], [{8, 1}, {2, 7}, {4, 6}, {5}, {3}], [{8, 1}, {2, 7}, {5, 6}, {3, 4}], [{8, 1}, {3, 7}, {2, 6}, {4, 5}], [{8, 1}, {3, 7}, {2, 6}, {5}, {4}], [{8, 1}, {3, 7}, {4, 6}, {2, 5}], [{8, 1}, {3, 7}, {5, 6}, {2, 4}], [{8, 1}, {4, 7}, {2, 6}, {3, 5}], [{8, 1}, {4, 7}, {3, 6}, {2, 5}], [{8, 1}, {4, 7}, {5, 6}, {2, 3}], [{8, 1}, {4, 7}, {6}, {2, 5}, {3}], [{8, 1}, {5, 7}, {2, 6}, {3, 4}], [{8, 1}, {5, 7}, {3, 6}, {2, 4}], [{8, 1}, {5, 7}, {4, 6}, {2, 3}], [{8, 1}, {6, 7}, {2, 5}, {3, 4}], [{8, 1}, {6, 7}, {3, 5}, {2, 4}], [{8, 1}, {6, 7}, {4, 5}, {2, 3}], [{8, 1}, {7}, {3, 6}, {5}, {2, 4}], [{8, 1}, {7}, {5, 6}, {2, 4}, {3}], [{8, 1}, {7}, {6}, {3, 5}, {2, 4}], [{8, 2}, {1, 7}, {3, 6}, {4, 5}], [{8, 2}, {1, 7}, {4, 6}, {3, 5}], [{8, 2}, {1, 7}, {5, 6}, {3, 4}], [{8, 2}, {3, 7}, {1, 6}, {4, 5}], [{8, 2}, {3, 7}, {4, 6}, {1, 5}], [{8, 2}, {3, 7}, {5, 6}, {1, 4}], [{8, 2}, {3, 7}, {6}, {4, 5}, {1}], [{8, 2}, {4, 7}, {1, 6}, {3, 5}], [{8, 2}, {4, 7}, {3, 6}, {1, 5}], [{8, 2}, {4, 7}, {5, 6}, {1, 3}], [{8, 2}, {4, 7}, {6}, {1, 5}, {3}], [{8, 2}, {5, 7}, {1, 6}, {3, 4}], [{8, 2}, {5, 7}, {3, 6}, {1, 4}], [{8, 2}, {5, 7}, {3, 6}, {4}, {1}], [{8, 2}, {5, 7}, {4, 6}, {1, 3}], [{8, 2}, {6, 7}, {1, 5}, {3, 4}], [{8, 2}, {6, 7}, {3, 5}, {1, 4}], [{8, 2}, {6, 7}, {4, 5}, {1, 3}], [{8, 2}, {7}, {3, 6}, {5}, {1, 4}], [{8, 3}, {1, 7}, {2, 6}, {4, 5}], [{8, 3}, {1, 7}, {4, 6}, {2, 5}], [{8, 3}, {1, 7}, {5, 6}, {2, 4}], [{8, 3}, {1, 7}, {6}, {5}, {2, 4}], [{8, 3}, {2, 7}, {1, 6}, {4, 5}], [{8, 3}, {2, 7}, {1, 6}, {5}, {4}], [{8, 3}, {2, 7}, {4, 6}, {1, 5}], [{8, 3}, {2, 7}, {4, 6}, {5}, {1}], [{8, 3}, {2, 7}, {5, 6}, {1, 4}], [{8, 3}, {2, 7}, {5, 6}, {4}, {1}], [{8, 3}, {2, 7}, {6}, {1, 5}, {4}], [{8, 3}, {2, 7}, {6}, {4, 5}, {1}], [{8, 3}, {2, 7}, {6}, {5}, {1, 4}], [{8, 3}, {2, 7}, {6}, {5}, {4}, {1}], [{8, 3}, {4, 7}, {1, 6}, {2, 5}], [{8, 3}, {4, 7}, {1, 6}, {5}, {2}], [{8, 3}, {4, 7}, {2, 6}, {1, 5}], [{8, 3}, {4, 7}, {2, 6}, {5}, {1}], [{8, 3}, {4, 7}, {5, 6}, {1, 2}], [{8, 3}, {4, 7}, {5, 6}, {2}, {1}], [{8, 3}, {4, 7}, {6}, {1, 5}, {2}], [{8, 3}, {4, 7}, {6}, {2, 5}, {1}], [{8, 3}, {4, 7}, {6}, {5}, {1, 2}], [{8, 3}, {4, 7}, {6}, {5}, {2}, {1}], [{8, 3}, {5, 7}, {1, 6}, {2, 4}], [{8, 3}, {5, 7}, {2, 6}, {1, 4}], [{8, 3}, {5, 7}, {4, 6}, {1, 2}], [{8, 3}, {5, 7}, {6}, {2, 4}, {1}], [{8, 3}, {6, 7}, {1, 5}, {2, 4}], [{8, 3}, {6, 7}, {2, 5}, {1, 4}], [{8, 3}, {6, 7}, {4, 5}, {1, 2}], [{8, 3}, {6, 7}, {5}, {2, 4}, {1}], [{8, 3}, {7}, {1, 6}, {5}, {2, 4}], [{8, 3}, {7}, {5, 6}, {2, 4}, {1}], [{8, 3}, {7}, {6}, {1, 5}, {2, 4}], [{8, 3}, {7}, {6}, {5}, {2, 4}, {1}], [{8, 4}, {1, 7}, {2, 6}, {3, 5}], [{8, 4}, {1, 7}, {3, 6}, {2, 5}], [{8, 4}, {1, 7}, {5, 6}, {2, 3}], [{8, 4}, {2, 7}, {1, 6}, {3, 5}], [{8, 4}, {2, 7}, {3, 6}, {1, 5}], [{8, 4}, {2, 7}, {3, 6}, {5}, {1}], [{8, 4}, {2, 7}, {5, 6}, {1, 3}], [{8, 4}, {3, 7}, {1, 6}, {2, 5}], [{8, 4}, {3, 7}, {2, 6}, {1, 5}], [{8, 4}, {3, 7}, {5, 6}, {1, 2}], [{8, 4}, {3, 7}, {6}, {2, 5}, {1}], [{8, 4}, {5, 7}, {1, 6}, {2, 3}], [{8, 4}, {5, 7}, {2, 6}, {1, 3}], [{8, 4}, {5, 7}, {3, 6}, {1, 2}], [{8, 4}, {5, 7}, {6}, {1, 3}, {2}], [{8, 4}, {6, 7}, {1, 5}, {2, 3}], [{8, 4}, {6, 7}, {2, 5}, {1, 3}], [{8, 4}, {6, 7}, {3, 5}, {1, 2}], [{8, 4}, {7}, {1, 6}, {2, 5}, {3}], [{8, 5}, {1, 7}, {2, 6}, {3, 4}], [{8, 5}, {1, 7}, {3, 6}, {2, 4}], [{8, 5}, {1, 7}, {4, 6}, {2, 3}], [{8, 5}, {1, 7}, {6}, {2, 4}, {3}], [{8, 5}, {2, 7}, {1, 6}, {3, 4}], [{8, 5}, {2, 7}, {3, 6}, {1, 4}], [{8, 5}, {2, 7}, {4, 6}, {1, 3}], [{8, 5}, {2, 7}, {4, 6}, {3}, {1}], [{8, 5}, {3, 7}, {1, 6}, {2, 4}], [{8, 5}, {3, 7}, {2, 6}, {1, 4}], [{8, 5}, {3, 7}, {4, 6}, {1, 2}], [{8, 5}, {3, 7}, {6}, {1, 4}, {2}], [{8, 5}, {3, 7}, {6}, {2, 4}, {1}], [{8, 5}, {3, 7}, {6}, {4}, {1, 2}], [{8, 5}, {4, 7}, {1, 6}, {2, 3}], [{8, 5}, {4, 7}, {2, 6}, {1, 3}], [{8, 5}, {4, 7}, {2, 6}, {3}, {1}], [{8, 5}, {4, 7}, {3, 6}, {1, 2}], [{8, 5}, {6, 7}, {1, 4}, {2, 3}], [{8, 5}, {6, 7}, {1, 4}, {3}, {2}], [{8, 5}, {6, 7}, {2, 4}, {1, 3}], [{8, 5}, {6, 7}, {2, 4}, {3}, {1}], [{8, 5}, {6, 7}, {3, 4}, {1, 2}], [{8, 5}, {6, 7}, {3, 4}, {2}, {1}], [{8, 5}, {6, 7}, {4}, {1, 3}, {2}], [{8, 5}, {6, 7}, {4}, {2, 3}, {1}], [{8, 5}, {6, 7}, {4}, {3}, {1, 2}], [{8, 5}, {6, 7}, {4}, {3}, {2}, {1}], [{8, 5}, {7}, {1, 6}, {2, 4}, {3}], [{8, 5}, {7}, {3, 6}, {1, 4}, {2}], [{8, 5}, {7}, {3, 6}, {2, 4}, {1}], [{8, 5}, {7}, {3, 6}, {4}, {1, 2}], [{8, 5}, {7}, {6}, {2, 4}, {1, 3}], [{8, 5}, {7}, {6}, {2, 4}, {3}, {1}], [{8, 6}, {1, 7}, {2, 5}, {3, 4}], [{8, 6}, {1, 7}, {3, 5}, {2, 4}], [{8, 6}, {1, 7}, {4, 5}, {2, 3}], [{8, 6}, {1, 7}, {5}, {3, 4}, {2}], [{8, 6}, {2, 7}, {1, 5}, {3, 4}], [{8, 6}, {2, 7}, {3, 5}, {1, 4}], [{8, 6}, {2, 7}, {4, 5}, {1, 3}], [{8, 6}, {2, 7}, {5}, {3, 4}, {1}], [{8, 6}, {3, 7}, {1, 5}, {2, 4}], [{8, 6}, {3, 7}, {2, 5}, {1, 4}], [{8, 6}, {3, 7}, {4, 5}, {1, 2}], [{8, 6}, {3, 7}, {5}, {4}, {1, 2}], [{8, 6}, {4, 7}, {1, 5}, {2, 3}], [{8, 6}, {4, 7}, {2, 5}, {1, 3}], [{8, 6}, {4, 7}, {3, 5}, {1, 2}], [{8, 6}, {4, 7}, {5}, {3}, {1, 2}], [{8, 6}, {5, 7}, {1, 4}, {2, 3}], [{8, 6}, {5, 7}, {1, 4}, {3}, {2}], [{8, 6}, {5, 7}, {2, 4}, {1, 3}], [{8, 6}, {5, 7}, {3, 4}, {1, 2}], [{8, 6}, {5, 7}, {4}, {2, 3}, {1}], [{8, 6}, {7}, {1, 5}, {2, 4}, {3}], [{8, 6}, {7}, {2, 5}, {4}, {1, 3}], [{8, 6}, {7}, {3, 5}, {2, 4}, {1}], [{8, 6}, {7}, {4, 5}, {1, 3}, {2}], [{8, 6}, {7}, {5}, {2, 4}, {1, 3}], [{8, 6}, {7}, {5}, {3, 4}, {1, 2}], [{8, 7}, {1, 6}, {2, 5}, {3, 4}], [{8, 7}, {1, 6}, {3, 5}, {2, 4}], [{8, 7}, {1, 6}, {4, 5}, {2, 3}], [{8, 7}, {2, 6}, {1, 5}, {3, 4}], [{8, 7}, {2, 6}, {3, 5}, {1, 4}], [{8, 7}, {2, 6}, {4, 5}, {1, 3}], [{8, 7}, {2, 6}, {5}, {4}, {1, 3}], [{8, 7}, {3, 6}, {1, 5}, {2, 4}], [{8, 7}, {3, 6}, {1, 5}, {4}, {2}], [{8, 7}, {3, 6}, {2, 5}, {1, 4}], [{8, 7}, {3, 6}, {4, 5}, {1, 2}], [{8, 7}, {4, 6}, {1, 5}, {2, 3}], [{8, 7}, {4, 6}, {2, 5}, {1, 3}], [{8, 7}, {4, 6}, {3, 5}, {1, 2}], [{8, 7}, {5, 6}, {1, 4}, {2, 3}], [{8, 7}, {5, 6}, {2, 4}, {1, 3}], [{8, 7}, {5, 6}, {3, 4}, {1, 2}], [{8, 7}, {6}, {3, 5}, {2, 4}, {1}], [{8}, {1, 7}, {3, 6}, {4, 5}, {2}], [{8}, {1, 7}, {6}, {2, 5}, {3, 4}], [{8}, {1, 7}, {6}, {3, 5}, {2, 4}], [{8}, {2, 7}, {4, 6}, {1, 5}, {3}], [{8}, {2, 7}, {4, 6}, {3, 5}, {1}], [{8}, {2, 7}, {4, 6}, {5}, {1, 3}], [{8}, {2, 7}, {4, 6}, {5}, {3}, {1}], [{8}, {3, 7}, {5, 6}, {4}, {1, 2}], [{8}, {4, 7}, {2, 6}, {3, 5}, {1}], [{8}, {4, 7}, {3, 6}, {5}, {1, 2}], [{8}, {4, 7}, {6}, {1, 5}, {2, 3}], [{8}, {4, 7}, {6}, {2, 5}, {1, 3}], [{8}, {6, 7}, {3, 5}, {2, 4}, {1}], [{8}, {7}, {1, 6}, {3, 5}, {2, 4}], [{8}, {7}, {3, 6}, {1, 5}, {2, 4}], [{8}, {7}, {3, 6}, {2, 5}, {1, 4}], [{8}, {7}, {5, 6}, {2, 4}, {1, 3}], [{8}, {7}, {6}, {3, 5}, {2, 4}, {1}]]",2,12 K_1^3 - 10 K_1^2 - 12 K_1 K_2 - 3 K_1 + 5 K_2 + 3 K_3 + 6,O1O2O3O4U2U5O6U7U8O7O5U1U4U6O8U3,O1O2O3U4U5O6O5U1O4O7U2U8U7U3O8U6,O1O2O3U4O5U1U6U5U2O6O7U3O8O4U8U7,c,{'O1O2O3O4U2O5U6U1U4O7O8U5U8O6U7U3'},1,"<a href=""/flatknot/8.704064"">8.704064</a>",t^9-55t^7-70t^6+162t^5+208t^4-102t^3-102t^2+32t+2,t^2-2t,,
8.704065,O1O2O3O4U2O5U6U1U4O7O8U7U3O6U8U5,4,2z^3+30z^2+109z+115,2w^4z^3+30w^3z^2+109w^2z+115w,False,False,"[[ 0 -2 -2  1  2  3 -2 -1  1],[ 2  0  0  3  2  2  0  0  0],[ 2  0  0  2  1  2  0  0  1],[-1 -3 -2  0  0  2 -2  0  1],[-2 -2 -1  0  0  0 -2  0 -1],[-3 -2 -2 -2  0  0 -2 -1  0],[ 2  0  0  2  2  2  0 -1  0],[ 1  0  0  0  0  1  1  0  1],[-1  0 -1 -1  1  0  0 -1  0]]","[[ 0  3  2  1  1 -1 -2 -2 -2],[-3  0  0  0 -2 -1 -2 -2 -2],[-2  0  0 -1  0  0 -1 -2 -2],[-1  0  1  0 -1 -1 -1  0  0],[-1  2  0  1  0  0 -2 -2 -3],[ 1  1  0  1  0  0  0  1  0],[ 2  2  1  1  2  0  0  0  0],[ 2  2  2  0  2 -1  0  0  0],[ 2  2  2  0  3  0  0  0  0]]",True,"[-3,-2,-1,-1,1,2,2,2,0,0,2,1,2,2,2,1,0,0,1,2,2,1,1,1,0,0,0,2,2,3,0,-1,0,0,0,0]","[-3,-2,-1,-1,1,2,2,2,0,0,2,1,2,2,2,1,0,0,1,2,2,1,1,1,0,0,0,2,2,3,0,-1,0,0,0,0]",t^8+48t^6+268t^4+81t^2,"[-2,-2,-2,-1,1,1,2,3,0,0,1,0,3,2,3,0,1,1,2,3,3,2,1,3,2,3,2,1,3,3,-1,1,0,0,2,1]","[-3,-2,-1,-1,1,2,2,2,1,0,2,3,3,3,3,1,0,3,2,2,3,1,2,0,1,1,1,3,3,2,1,2,1,0,0,0]","[-2,-2,-2,-1,1,1,2,3,0,0,-1,0,2,2,2,0,0,0,3,2,2,0,1,2,1,2,1,0,0,1,-1,1,0,0,2,0]",c,"[[{8, 3}, {5, 7}, {1, 6}, {2, 4}], [{8, 6}, {4, 7}, {2, 5}, {1, 3}]]",1,12 K_1^3 + 4 K_1^2 K_2 - 22 K_1^2 - 14 K_1 K_2 - 2 K_1 K_3 - 2 K_1 - 2 K_2^2 + 10 K_2 + 4 K_3 + K_4 + 12,O1O2O3O4U5U6O7U2U8O6O8U1U4U7O5U3,O1O2O3U4U5O4O6U1O5O7U2U8U6U3O8U7,O1O2O3U4O5U1U6U5U2O4O7U3O6O8U7U8,c,{'O1O2O3O4U2O5U6U1U4O7O8U7U3O6U8U5'},1,"<a href=""/flatknot/8.704065"">8.704065</a>",t^9-46t^7-52t^6+134t^5+120t^4-122t^3-84t^2+35t+18,-t^3+2t^2-t,,
8.704066,O1O2O3O4U2O5U6U1U5O7O8U3U4O6U7U8,3,12z^3+55z^2+80z+37,-6w^5z^3+18w^4z^3-12w^4z^2+67w^3z^2+80w^2z+37,True,False,"[[ 0 -2 -2  0  2  2 -2  0  2],[ 2  0  0  3  4  1 -1  1  1],[ 2  0  0  1  2  0  0  2  2],[ 0 -3 -1  0  1  0 -2  1  2],[-2 -4 -2 -1  0  0 -3  0  1],[-2 -1  0  0  0  0 -2 -1 -1],[ 2  1  0  2  3  2  0  0  1],[ 0 -1 -2 -1  0  1  0  0  1],[-2 -1 -2 -2 -1  1 -1 -1  0]]","[[ 0  2  2  2  0  0 -2 -2 -2],[-2  0  1  0  0 -1 -2 -3 -4],[-2 -1  0  1 -1 -2 -2 -1 -1],[-2  0 -1  0 -1  0  0 -2 -1],[ 0  0  1  1  0 -1 -2  0 -1],[ 0  1  2  0  1  0 -1 -2 -3],[ 2  2  2  0  2  1  0  0  0],[ 2  3  1  2  0  2  0  0  1],[ 2  4  1  1  1  3  0 -1  0]]",True,"[-2,-2,-2,0,0,2,2,2,-1,0,0,1,2,3,4,-1,1,2,2,1,1,1,0,0,2,1,1,2,0,1,1,2,3,0,0,-1]","[-2,-2,-2,0,0,2,2,2,-1,0,0,1,2,3,4,-1,1,2,2,1,1,1,0,0,2,1,1,2,0,1,1,2,3,0,0,-1]",t^8+70t^6+636t^4+296t^2,"[-2,-2,-2,0,0,2,2,2,-1,0,0,2,1,2,3,0,-1,1,0,3,3,1,0,2,4,2,-1,1,2,0,2,1,1,0,-1,1]","[-2,-2,-2,0,0,2,2,2,-1,0,1,2,2,3,4,-1,1,0,3,3,2,2,1,1,0,2,-1,2,1,0,0,-1,1,1,0,0]","[-2,-2,-2,0,0,2,2,2,-1,0,1,3,1,1,4,0,0,2,1,2,3,2,1,2,0,2,-1,1,1,0,2,0,1,1,-1,0]",c,"[[{8, 2}, {1, 7}, {4, 6}, {3, 5}], [{8, 2}, {3, 7}, {4, 6}, {1, 5}], [{8, 2}, {3, 7}, {5, 6}, {1, 4}], [{8, 2}, {5, 7}, {3, 6}, {1, 4}], [{8, 2}, {5, 7}, {4, 6}, {1, 3}], [{8, 2}, {6, 7}, {3, 5}, {1, 4}], [{8}, {5, 7}, {3, 6}, {1, 4}, {2}], [{8}, {5, 7}, {4, 6}, {1, 3}, {2}]]",1,- 32 K_1^4 + 24 K_1^2 K_2 + 8 K_1^2 - 4 K_2^2 + 5,O1O2O3O4U5U6O7U1U2O5O6U8U4U7O8U3,O1O2O3U4U5O6O7U1O4O5U2U8U6U7O8U3,O1O2O3U1O4U5U6U4U2O7O8U3O5O6U7U8,c,{'O1O2O3O4U2O5U6U1U5O7O8U3U4O6U7U8'},1,"<a href=""/flatknot/8.704066"">8.704066</a>",t^9-70t^7-162t^6+172t^5+388t^4+912t^3+1266t^2+504t,0,,
8.704067,O1O2O3O4U2O5U6U1U5O7O8U3U4O6U8U7,4,11z^3+62z^2+114z+69,11w^4z^3+62w^3z^2+114w^2z+69w,False,False,"[[ 0 -2 -2  0  2  2 -2  1  1],[ 2  0  0  3  4  1 -1  1  1],[ 2  0  0  1  2  0  0  2  2],[ 0 -3 -1  0  1  0 -2  2  1],[-2 -4 -2 -1  0  0 -3  1  0],[-2 -1  0  0  0  0 -2 -1 -1],[ 2  1  0  2  3  2  0  0  1],[-1 -1 -2 -2 -1  1  0  0  0],[-1 -1 -2 -1  0  1 -1  0  0]]","[[ 0  2  2  1  1  0 -2 -2 -2],[-2  0  0  1  0 -1 -2 -3 -4],[-2  0  0 -1 -1  0  0 -2 -1],[-1 -1  1  0  0 -2 -2  0 -1],[-1  0  1  0  0 -1 -2 -1 -1],[ 0  1  0  2  1  0 -1 -2 -3],[ 2  2  0  2  2  1  0  0  0],[ 2  3  2  0  1  2  0  0  1],[ 2  4  1  1  1  3  0 -1  0]]",True,"[-2,-2,-1,-1,0,2,2,2,0,-1,0,1,2,3,4,1,1,0,0,2,1,0,2,2,0,1,1,2,1,1,1,2,3,0,0,-1]","[-2,-2,-2,0,1,1,2,2,-1,0,0,2,3,1,2,0,-1,2,2,0,3,1,1,1,2,4,0,-1,1,2,0,1,0,2,0,0]",t^8+69t^6+604t^4+223t^2+4,"[-2,-2,-2,0,1,1,2,2,-1,0,0,2,3,1,2,0,-1,2,2,0,3,1,1,1,2,4,0,-1,1,2,0,1,0,2,0,0]","[-2,-2,-1,-1,0,2,2,2,0,0,0,2,2,3,4,1,2,1,1,0,2,0,0,2,2,1,-1,3,2,1,0,-1,1,1,0,0]","[-2,-2,-2,0,1,1,2,2,-1,0,3,1,1,1,4,0,2,0,1,2,3,1,2,2,0,2,2,1,0,1,0,1,-1,1,0,0]",c,"[[{8, 1}, {2, 7}, {3, 6}, {4, 5}], [{8, 1}, {2, 7}, {4, 6}, {3, 5}], [{8, 1}, {2, 7}, {5, 6}, {3, 4}], [{8, 1}, {3, 7}, {2, 6}, {4, 5}], [{8, 1}, {3, 7}, {4, 6}, {2, 5}], [{8, 1}, {3, 7}, {5, 6}, {2, 4}], [{8, 1}, {4, 7}, {2, 6}, {3, 5}], [{8, 1}, {4, 7}, {3, 6}, {2, 5}], [{8, 1}, {4, 7}, {5, 6}, {2, 3}], [{8, 1}, {5, 7}, {2, 6}, {3, 4}], [{8, 1}, {5, 7}, {3, 6}, {2, 4}], [{8, 1}, {5, 7}, {4, 6}, {2, 3}], [{8, 1}, {6, 7}, {2, 5}, {3, 4}], [{8, 1}, {6, 7}, {3, 5}, {2, 4}], [{8, 1}, {6, 7}, {3, 5}, {4}, {2}], [{8, 1}, {6, 7}, {4, 5}, {2, 3}], [{8, 1}, {6, 7}, {5}, {2, 4}, {3}], [{8, 2}, {1, 7}, {3, 6}, {4, 5}], [{8, 2}, {1, 7}, {4, 6}, {3, 5}], [{8, 2}, {1, 7}, {5, 6}, {3, 4}], [{8, 2}, {3, 7}, {1, 6}, {4, 5}], [{8, 2}, {3, 7}, {1, 6}, {5}, {4}], [{8, 2}, {3, 7}, {4, 6}, {1, 5}], [{8, 2}, {3, 7}, {5, 6}, {1, 4}], [{8, 2}, {4, 7}, {1, 6}, {3, 5}], [{8, 2}, {4, 7}, {3, 6}, {1, 5}], [{8, 2}, {4, 7}, {5, 6}, {1, 3}], [{8, 2}, {5, 7}, {1, 6}, {3, 4}], [{8, 2}, {5, 7}, {3, 6}, {1, 4}], [{8, 2}, {5, 7}, {4, 6}, {1, 3}], [{8, 2}, {6, 7}, {1, 5}, {3, 4}], [{8, 2}, {6, 7}, {3, 5}, {1, 4}], [{8, 2}, {6, 7}, {4, 5}, {1, 3}], [{8, 2}, {6, 7}, {5}, {1, 4}, {3}], [{8, 2}, {7}, {4, 6}, {5}, {1, 3}], [{8, 3}, {1, 7}, {2, 6}, {4, 5}], [{8, 3}, {1, 7}, {4, 6}, {2, 5}], [{8, 3}, {1, 7}, {5, 6}, {2, 4}], [{8, 3}, {2, 7}, {1, 6}, {4, 5}], [{8, 3}, {2, 7}, {1, 6}, {5}, {4}], [{8, 3}, {2, 7}, {4, 6}, {1, 5}], [{8, 3}, {2, 7}, {5, 6}, {1, 4}], [{8, 3}, {4, 7}, {1, 6}, {2, 5}], [{8, 3}, {4, 7}, {2, 6}, {1, 5}], [{8, 3}, {4, 7}, {5, 6}, {1, 2}], [{8, 3}, {4, 7}, {5, 6}, {2}, {1}], [{8, 3}, {5, 7}, {1, 6}, {2, 4}], [{8, 3}, {5, 7}, {2, 6}, {1, 4}], [{8, 3}, {5, 7}, {4, 6}, {1, 2}], [{8, 3}, {6, 7}, {1, 5}, {2, 4}], [{8, 3}, {6, 7}, {1, 5}, {4}, {2}], [{8, 3}, {6, 7}, {2, 5}, {1, 4}], [{8, 3}, {6, 7}, {4, 5}, {1, 2}], [{8, 3}, {7}, {5, 6}, {4}, {1, 2}], [{8, 4}, {1, 7}, {2, 6}, {3, 5}], [{8, 4}, {1, 7}, {3, 6}, {2, 5}], [{8, 4}, {1, 7}, {5, 6}, {2, 3}], [{8, 4}, {2, 7}, {1, 6}, {3, 5}], [{8, 4}, {2, 7}, {3, 6}, {1, 5}], [{8, 4}, {2, 7}, {5, 6}, {1, 3}], [{8, 4}, {3, 7}, {1, 6}, {2, 5}], [{8, 4}, {3, 7}, {2, 6}, {1, 5}], [{8, 4}, {3, 7}, {5, 6}, {1, 2}], [{8, 4}, {3, 7}, {6}, {5}, {1, 2}], [{8, 4}, {5, 7}, {1, 6}, {2, 3}], [{8, 4}, {5, 7}, {2, 6}, {1, 3}], [{8, 4}, {5, 7}, {3, 6}, {1, 2}], [{8, 4}, {6, 7}, {1, 5}, {2, 3}], [{8, 4}, {6, 7}, {2, 5}, {1, 3}], [{8, 4}, {6, 7}, {3, 5}, {1, 2}], [{8, 4}, {7}, {2, 6}, {3, 5}, {1}], [{8, 4}, {7}, {5, 6}, {3}, {1, 2}], [{8, 5}, {1, 7}, {2, 6}, {3, 4}], [{8, 5}, {1, 7}, {3, 6}, {2, 4}], [{8, 5}, {1, 7}, {4, 6}, {2, 3}], [{8, 5}, {2, 7}, {1, 6}, {3, 4}], [{8, 5}, {2, 7}, {3, 6}, {1, 4}], [{8, 5}, {2, 7}, {4, 6}, {1, 3}], [{8, 5}, {3, 7}, {1, 6}, {2, 4}], [{8, 5}, {3, 7}, {2, 6}, {1, 4}], [{8, 5}, {3, 7}, {4, 6}, {1, 2}], [{8, 5}, {4, 7}, {1, 6}, {2, 3}], [{8, 5}, {4, 7}, {2, 6}, {1, 3}], [{8, 5}, {4, 7}, {3, 6}, {1, 2}], [{8, 5}, {6, 7}, {1, 4}, {2, 3}], [{8, 5}, {6, 7}, {2, 4}, {1, 3}], [{8, 5}, {6, 7}, {3, 4}, {1, 2}], [{8, 5}, {6, 7}, {4}, {3}, {1, 2}], [{8, 5}, {7}, {3, 6}, {1, 4}, {2}], [{8, 5}, {7}, {4, 6}, {1, 3}, {2}], [{8, 6}, {1, 7}, {2, 5}, {3, 4}], [{8, 6}, {1, 7}, {3, 5}, {2, 4}], [{8, 6}, {1, 7}, {3, 5}, {4}, {2}], [{8, 6}, {1, 7}, {4, 5}, {2, 3}], [{8, 6}, {1, 7}, {5}, {2, 4}, {3}], [{8, 6}, {2, 7}, {1, 5}, {3, 4}], [{8, 6}, {2, 7}, {3, 5}, {1, 4}], [{8, 6}, {2, 7}, {4, 5}, {1, 3}], [{8, 6}, {2, 7}, {5}, {1, 4}, {3}], [{8, 6}, {3, 7}, {1, 5}, {2, 4}], [{8, 6}, {3, 7}, {1, 5}, {4}, {2}], [{8, 6}, {3, 7}, {2, 5}, {1, 4}], [{8, 6}, {3, 7}, {4, 5}, {1, 2}], [{8, 6}, {4, 7}, {1, 5}, {2, 3}], [{8, 6}, {4, 7}, {2, 5}, {1, 3}], [{8, 6}, {4, 7}, {3, 5}, {1, 2}], [{8, 6}, {5, 7}, {1, 4}, {2, 3}], [{8, 6}, {5, 7}, {2, 4}, {1, 3}], [{8, 6}, {5, 7}, {3, 4}, {1, 2}], [{8, 6}, {5, 7}, {4}, {3}, {1, 2}], [{8, 6}, {7}, {3, 5}, {2, 4}, {1}], [{8, 6}, {7}, {4, 5}, {2, 3}, {1}], [{8, 7}, {1, 6}, {2, 5}, {3, 4}], [{8, 7}, {1, 6}, {3, 5}, {2, 4}], [{8, 7}, {1, 6}, {4, 5}, {2, 3}], [{8, 7}, {2, 6}, {1, 5}, {3, 4}], [{8, 7}, {2, 6}, {1, 5}, {4}, {3}], [{8, 7}, {2, 6}, {3, 5}, {1, 4}], [{8, 7}, {2, 6}, {4, 5}, {1, 3}], [{8, 7}, {3, 6}, {1, 5}, {2, 4}], [{8, 7}, {3, 6}, {2, 5}, {1, 4}], [{8, 7}, {3, 6}, {4, 5}, {1, 2}], [{8, 7}, {3, 6}, {5}, {1, 4}, {2}], [{8, 7}, {4, 6}, {1, 5}, {2, 3}], [{8, 7}, {4, 6}, {2, 5}, {1, 3}], [{8, 7}, {4, 6}, {3, 5}, {1, 2}], [{8, 7}, {4, 6}, {5}, {1, 3}, {2}], [{8, 7}, {5, 6}, {1, 4}, {2, 3}], [{8, 7}, {5, 6}, {2, 4}, {1, 3}], [{8, 7}, {5, 6}, {3, 4}, {1, 2}], [{8, 7}, {5, 6}, {4}, {3}, {1, 2}], [{8, 7}, {6}, {2, 5}, {3, 4}, {1}], [{8, 7}, {6}, {3, 5}, {2, 4}, {1}], [{8, 7}, {6}, {4, 5}, {2, 3}, {1}], [{8}, {2, 7}, {4, 6}, {5}, {1, 3}], [{8}, {3, 7}, {5, 6}, {4}, {1, 2}], [{8}, {4, 7}, {5, 6}, {3}, {1, 2}], [{8}, {4, 7}, {6}, {2, 5}, {1, 3}], [{8}, {5, 7}, {3, 6}, {1, 4}, {2}], [{8}, {5, 7}, {4, 6}, {1, 3}, {2}], [{8}, {6, 7}, {2, 5}, {4}, {1, 3}], [{8}, {6, 7}, {3, 5}, {2, 4}, {1}], [{8}, {6, 7}, {4, 5}, {2, 3}, {1}], [{8}, {7}, {3, 6}, {1, 5}, {2, 4}], [{8}, {7}, {4, 6}, {2, 5}, {1, 3}], [{8}, {7}, {5, 6}, {3, 4}, {1, 2}], [{8}, {7}, {5, 6}, {4}, {3}, {1, 2}]]",2,2 K_1^2 - K_2,O1O2O3O4U5U6O7U1U2O6O5U8U4U7O8U3,O1O2O3U4U5O6O7U1O5O4U2U8U6U7O8U3,O1O2O3U1O4U5U6U4U2O7O8U3O5O6U8U7,c,{'O1O2O3O4U2O5U6U1U5O7O8U3U4O6U8U7'},1,"<a href=""/flatknot/8.704067"">8.704067</a>",t^9-71t^7-140t^6+301t^5+108t^4+142t^3+478t^2-181t+162,t^2-2t,,
8.704068,O1O2O3O4U2O5U6U1U5O7O8U3U7O6U4U8,3,6z^3+43z^2+86z+49,6w^4z^3-4w^4z^2+47w^3z^2+86w^2z+49,True,False,"[[ 0 -2 -2  0  2  2 -2  0  2],[ 2  0  0  3  3  1  0  1  1],[ 2  0  0  1  2  0  1  1  2],[ 0 -3 -1  0  1  0 -2  1  2],[-2 -3 -2 -1  0  1 -3  0  1],[-2 -1  0  0 -1  0 -2  0 -1],[ 2  0 -1  2  3  2  0  0  1],[ 0 -1 -1 -1  0  0  0  0  1],[-2 -1 -2 -2 -1  1 -1 -1  0]]","[[ 0  2  2  2  0  0 -2 -2 -2],[-2  0  1  1  0 -1 -2 -3 -3],[-2 -1  0  1 -1 -2 -2 -1 -1],[-2 -1 -1  0  0  0  0 -1 -2],[ 0  0  1  0  0 -1 -1 -1  0],[ 0  1  2  0  1  0 -1 -3 -2],[ 2  2  2  0  1  1  0  0  1],[ 2  3  1  1  1  3  0  0  0],[ 2  3  1  2  0  2 -1  0  0]]",True,"[-2,-2,-2,0,0,2,2,2,-1,-1,0,1,2,3,3,-1,1,2,2,1,1,0,0,0,1,2,1,1,1,0,1,3,2,0,-1,0]","[-2,-2,-2,0,0,2,2,2,-1,-1,0,1,2,3,3,-1,1,2,2,1,1,0,0,0,1,2,1,1,1,0,1,3,2,0,-1,0]",t^8+60t^6+435t^4+36t^2,"[-2,-2,-2,0,0,2,2,2,-1,0,1,1,2,2,4,0,0,2,1,3,2,-1,1,1,3,3,-1,1,0,2,2,1,2,-1,-1,-1]","[-2,-2,-2,0,0,2,2,2,-1,-1,2,2,2,3,4,-1,0,1,3,3,2,1,2,1,1,2,1,0,-1,1,2,1,1,0,-1,0]","[-2,-2,-2,0,0,2,2,2,-1,0,0,2,1,2,3,0,1,1,2,0,2,1,3,1,1,3,-1,1,0,0,2,0,1,1,-1,-1]",c,"[[{8, 4}, {1, 7}, {2, 6}, {3, 5}], [{8, 4}, {5, 7}, {2, 6}, {1, 3}], [{8}, {1, 7}, {2, 6}, {3, 5}, {4}], [{8}, {5, 7}, {2, 6}, {4}, {1, 3}]]",1,- 8 K_1^4 + 8 K_1^2 K_2 - 2 K_2^2 + 3,O1O2O3O4U5U1O6U7U2O5O7U8U4U6O8U3,O1O2O3U4U5O6O4U1O7O5U2U8U6U7O8U3,O1O2O3U1O4U5U6U4U2O7O5U3O8O6U7U8,c,{'O1O2O3O4U2O5U6U1U5O7O8U3U7O6U4U8'},1,"<a href=""/flatknot/8.704068"">8.704068</a>",t^9-60t^7-134t^6+47t^5-14t^4+212t^3+388t^2-152t-192,0,,
8.704069,O1O2O3O4U2O5U6U1U5O7O8U3U7O6U8U4,4,3z^3+30z^2+90z+85,3w^4z^3+30w^3z^2+90w^2z+85w,False,False,"[[ 0 -2 -2  0  3  2 -2  0  1],[ 2  0  0  3  3  1  0  1  0],[ 2  0  0  1  2  0  1  1  1],[ 0 -3 -1  0  2  0 -2  1  1],[-3 -3 -2 -2  0  1 -3 -1  0],[-2 -1  0  0 -1  0 -2  0 -1],[ 2  0 -1  2  3  2  0  0  0],[ 0 -1 -1 -1  1  0  0  0  1],[-1  0 -1 -1  0  1  0 -1  0]]","[[ 0  3  2  1  0  0 -2 -2 -2],[-3  0  1  0 -1 -2 -2 -3 -3],[-2 -1  0 -1  0  0  0 -1 -2],[-1  0  1  0 -1 -1 -1  0  0],[ 0  1  0  1  0 -1 -1 -1  0],[ 0  2  0  1  1  0 -1 -3 -2],[ 2  2  0  1  1  1  0  0  1],[ 2  3  1  0  1  3  0  0  0],[ 2  3  2  0  0  2 -1  0  0]]",True,"[-3,-2,-1,0,0,2,2,2,-1,0,1,2,2,3,3,1,0,0,0,1,2,1,1,1,0,0,1,1,1,0,1,3,2,0,-1,0]","[-3,-2,-1,0,0,2,2,2,-1,0,1,2,2,3,3,1,0,0,0,1,2,1,1,1,0,0,1,1,1,0,1,3,2,0,-1,0]",t^8+55t^6+399t^4+11t^2,"[-2,-2,-2,0,0,1,2,3,-1,0,1,1,2,4,3,0,0,2,3,2,2,-1,1,3,3,2,-1,0,2,1,0,2,2,0,2,2]","[-3,-2,-1,0,0,2,2,2,2,2,1,2,2,2,3,0,2,2,2,3,4,0,0,3,3,2,1,0,-1,1,2,1,1,0,-1,0]","[-2,-2,-2,0,0,1,2,3,-1,0,0,2,0,2,3,0,1,1,1,0,2,1,3,0,1,3,-1,1,0,1,1,0,2,1,0,-1]",c,"[[{8, 4}, {5, 7}, {2, 6}, {1, 3}]]",1,4 K_1^3 - 12 K_1^2 - 10 K_1 K_2 + 2 K_1 + 6 K_2 + 4 K_3 + 7,O1O2O3O4U1U5O6U7U2O5O7U8U4U6O8U3,O1O2O3U4U5O6O4U1O5O7U2U8U6U7O8U3,O1O2O3U1O4U5U6U4U2O5O7U3O8O6U7U8,c,{'O1O2O3O4U2O5U6U1U5O7O8U3U7O6U8U4'},1,"<a href=""/flatknot/8.704069"">8.704069</a>",t^9-53t^7-122t^6+41t^5+56t^4-t^3+252t^2+44t+6,-t^3+2t^2-t,,
8.704070,O1O2O3O4U2O5U6U1U5O7O8U3U8O6U4U7,4,12z^2+81z+115,12w^3z^2+81w^2z+115w,False,False,"[[ 0 -2 -2  0  2  2 -2  1  1],[ 2  0  0  3  3  1  0  1  1],[ 2  0  0  1  2  0  1  2  1],[ 0 -3 -1  0  1  0 -2  2  1],[-2 -3 -2 -1  0  1 -3  0  0],[-2 -1  0  0 -1  0 -2 -1  0],[ 2  0 -1  2  3  2  0  1  1],[-1 -1 -2 -2  0  1 -1  0  0],[-1 -1 -1 -1  0  0 -1  0  0]]","[[ 0  2  2  1  1  0 -2 -2 -2],[-2  0  1  0  0 -1 -2 -3 -3],[-2 -1  0  0 -1  0  0 -1 -2],[-1  0  0  0  0 -1 -1 -1 -1],[-1  0  1  0  0 -2 -2 -1 -1],[ 0  1  0  1  2  0 -1 -3 -2],[ 2  2  0  1  2  1  0  0  1],[ 2  3  1  1  1  3  0  0  0],[ 2  3  2  1  1  2 -1  0  0]]",True,"[-2,-2,-1,-1,0,2,2,2,-1,0,0,1,2,3,3,0,1,0,0,1,2,0,1,1,1,1,2,2,1,1,1,3,2,0,-1,0]","[-2,-2,-2,0,1,1,2,2,-1,0,1,1,2,2,4,0,0,2,2,1,2,-1,2,2,1,3,-1,0,1,2,0,1,0,1,1,-1]",t^8+59t^6+384t^4+76t^2,"[-2,-2,-2,0,1,1,2,2,-1,0,1,1,2,2,4,0,0,2,2,1,2,-1,2,2,1,3,-1,0,1,2,0,1,0,1,1,-1]","[-2,-2,-1,-1,0,2,2,2,-1,0,1,2,2,3,4,1,1,1,1,1,2,0,-1,2,2,1,0,2,2,2,0,-1,1,0,-1,0]","[-2,-2,-2,0,1,1,2,2,-1,0,2,1,1,2,3,0,1,1,2,0,2,3,1,1,1,3,1,2,0,1,0,0,0,1,0,-1]",c,"[[{8, 1}, {2, 7}, {3, 6}, {4, 5}], [{8, 1}, {2, 7}, {4, 6}, {3, 5}], [{8, 1}, {2, 7}, {5, 6}, {3, 4}], [{8, 1}, {3, 7}, {2, 6}, {4, 5}], [{8, 1}, {3, 7}, {4, 6}, {2, 5}], [{8, 1}, {3, 7}, {5, 6}, {2, 4}], [{8, 1}, {3, 7}, {6}, {4, 5}, {2}], [{8, 1}, {4, 7}, {2, 6}, {3, 5}], [{8, 1}, {4, 7}, {3, 6}, {2, 5}], [{8, 1}, {4, 7}, {5, 6}, {2, 3}], [{8, 1}, {4, 7}, {6}, {2, 5}, {3}], [{8, 1}, {5, 7}, {2, 6}, {3, 4}], [{8, 1}, {5, 7}, {3, 6}, {2, 4}], [{8, 1}, {5, 7}, {3, 6}, {4}, {2}], [{8, 1}, {5, 7}, {4, 6}, {2, 3}], [{8, 1}, {6, 7}, {2, 5}, {3, 4}], [{8, 1}, {6, 7}, {3, 5}, {2, 4}], [{8, 1}, {6, 7}, {3, 5}, {4}, {2}], [{8, 1}, {6, 7}, {4, 5}, {2, 3}], [{8, 1}, {7}, {3, 6}, {5}, {2, 4}], [{8, 1}, {7}, {5, 6}, {2, 4}, {3}], [{8, 1}, {7}, {6}, {3, 5}, {2, 4}], [{8, 2}, {1, 7}, {3, 6}, {4, 5}], [{8, 2}, {1, 7}, {4, 6}, {3, 5}], [{8, 2}, {1, 7}, {5, 6}, {3, 4}], [{8, 2}, {3, 7}, {1, 6}, {4, 5}], [{8, 2}, {3, 7}, {4, 6}, {1, 5}], [{8, 2}, {3, 7}, {5, 6}, {1, 4}], [{8, 2}, {4, 7}, {1, 6}, {3, 5}], [{8, 2}, {4, 7}, {3, 6}, {1, 5}], [{8, 2}, {4, 7}, {5, 6}, {1, 3}], [{8, 2}, {5, 7}, {1, 6}, {3, 4}], [{8, 2}, {5, 7}, {3, 6}, {1, 4}], [{8, 2}, {5, 7}, {4, 6}, {1, 3}], [{8, 2}, {5, 7}, {6}, {1, 4}, {3}], [{8, 2}, {6, 7}, {1, 5}, {3, 4}], [{8, 2}, {6, 7}, {3, 5}, {1, 4}], [{8, 2}, {6, 7}, {4, 5}, {1, 3}], [{8, 2}, {7}, {1, 6}, {3, 5}, {4}], [{8, 3}, {1, 7}, {2, 6}, {4, 5}], [{8, 3}, {1, 7}, {4, 6}, {2, 5}], [{8, 3}, {1, 7}, {5, 6}, {2, 4}], [{8, 3}, {1, 7}, {5, 6}, {4}, {2}], [{8, 3}, {1, 7}, {6}, {5}, {2, 4}], [{8, 3}, {2, 7}, {1, 6}, {4, 5}], [{8, 3}, {2, 7}, {4, 6}, {1, 5}], [{8, 3}, {2, 7}, {5, 6}, {1, 4}], [{8, 3}, {4, 7}, {1, 6}, {2, 5}], [{8, 3}, {4, 7}, {2, 6}, {1, 5}], [{8, 3}, {4, 7}, {5, 6}, {1, 2}], [{8, 3}, {5, 7}, {1, 6}, {2, 4}], [{8, 3}, {5, 7}, {1, 6}, {4}, {2}], [{8, 3}, {5, 7}, {2, 6}, {1, 4}], [{8, 3}, {5, 7}, {2, 6}, {4}, {1}], [{8, 3}, {5, 7}, {4, 6}, {1, 2}], [{8, 3}, {5, 7}, {6}, {4}, {1, 2}], [{8, 3}, {6, 7}, {1, 5}, {2, 4}], [{8, 3}, {6, 7}, {2, 5}, {1, 4}], [{8, 3}, {6, 7}, {4, 5}, {1, 2}], [{8, 4}, {1, 7}, {2, 6}, {3, 5}], [{8, 4}, {1, 7}, {3, 6}, {2, 5}], [{8, 4}, {1, 7}, {5, 6}, {2, 3}], [{8, 4}, {2, 7}, {1, 6}, {3, 5}], [{8, 4}, {2, 7}, {3, 6}, {1, 5}], [{8, 4}, {2, 7}, {5, 6}, {1, 3}], [{8, 4}, {3, 7}, {1, 6}, {2, 5}], [{8, 4}, {3, 7}, {2, 6}, {1, 5}], [{8, 4}, {3, 7}, {5, 6}, {1, 2}], [{8, 4}, {3, 7}, {5, 6}, {2}, {1}], [{8, 4}, {5, 7}, {1, 6}, {2, 3}], [{8, 4}, {5, 7}, {2, 6}, {1, 3}], [{8, 4}, {5, 7}, {3, 6}, {1, 2}], [{8, 4}, {6, 7}, {1, 5}, {2, 3}], [{8, 4}, {6, 7}, {2, 5}, {1, 3}], [{8, 4}, {6, 7}, {3, 5}, {1, 2}], [{8, 4}, {7}, {1, 6}, {3, 5}, {2}], [{8, 4}, {7}, {2, 6}, {5}, {1, 3}], [{8, 4}, {7}, {5, 6}, {3}, {1, 2}], [{8, 5}, {1, 7}, {2, 6}, {3, 4}], [{8, 5}, {1, 7}, {3, 6}, {2, 4}], [{8, 5}, {1, 7}, {4, 6}, {2, 3}], [{8, 5}, {1, 7}, {6}, {2, 4}, {3}], [{8, 5}, {2, 7}, {1, 6}, {3, 4}], [{8, 5}, {2, 7}, {3, 6}, {1, 4}], [{8, 5}, {2, 7}, {4, 6}, {1, 3}], [{8, 5}, {3, 7}, {1, 6}, {2, 4}], [{8, 5}, {3, 7}, {1, 6}, {4}, {2}], [{8, 5}, {3, 7}, {2, 6}, {1, 4}], [{8, 5}, {3, 7}, {2, 6}, {4}, {1}], [{8, 5}, {3, 7}, {4, 6}, {1, 2}], [{8, 5}, {3, 7}, {6}, {4}, {1, 2}], [{8, 5}, {4, 7}, {1, 6}, {2, 3}], [{8, 5}, {4, 7}, {2, 6}, {1, 3}], [{8, 5}, {4, 7}, {3, 6}, {1, 2}], [{8, 5}, {6, 7}, {1, 4}, {2, 3}], [{8, 5}, {6, 7}, {2, 4}, {1, 3}], [{8, 5}, {6, 7}, {3, 4}, {1, 2}], [{8, 6}, {1, 7}, {2, 5}, {3, 4}], [{8, 6}, {1, 7}, {2, 5}, {4}, {3}], [{8, 6}, {1, 7}, {3, 5}, {2, 4}], [{8, 6}, {1, 7}, {3, 5}, {4}, {2}], [{8, 6}, {1, 7}, {4, 5}, {2, 3}], [{8, 6}, {1, 7}, {4, 5}, {3}, {2}], [{8, 6}, {1, 7}, {5}, {2, 4}, {3}], [{8, 6}, {1, 7}, {5}, {3, 4}, {2}], [{8, 6}, {1, 7}, {5}, {4}, {2, 3}], [{8, 6}, {2, 7}, {1, 5}, {3, 4}], [{8, 6}, {2, 7}, {3, 5}, {1, 4}], [{8, 6}, {2, 7}, {4, 5}, {1, 3}], [{8, 6}, {2, 7}, {5}, {1, 4}, {3}], [{8, 6}, {3, 7}, {1, 5}, {2, 4}], [{8, 6}, {3, 7}, {1, 5}, {4}, {2}], [{8, 6}, {3, 7}, {2, 5}, {1, 4}], [{8, 6}, {3, 7}, {4, 5}, {1, 2}], [{8, 6}, {4, 7}, {1, 5}, {2, 3}], [{8, 6}, {4, 7}, {2, 5}, {1, 3}], [{8, 6}, {4, 7}, {3, 5}, {1, 2}], [{8, 6}, {5, 7}, {1, 4}, {2, 3}], [{8, 6}, {5, 7}, {2, 4}, {1, 3}], [{8, 6}, {5, 7}, {3, 4}, {1, 2}], [{8, 6}, {7}, {2, 5}, {3, 4}, {1}], [{8, 6}, {7}, {3, 5}, {2, 4}, {1}], [{8, 6}, {7}, {4, 5}, {2, 3}, {1}], [{8, 7}, {1, 6}, {2, 5}, {3, 4}], [{8, 7}, {1, 6}, {3, 5}, {2, 4}], [{8, 7}, {1, 6}, {4, 5}, {2, 3}], [{8, 7}, {2, 6}, {1, 5}, {3, 4}], [{8, 7}, {2, 6}, {3, 5}, {1, 4}], [{8, 7}, {2, 6}, {4, 5}, {1, 3}], [{8, 7}, {3, 6}, {1, 5}, {2, 4}], [{8, 7}, {3, 6}, {2, 5}, {1, 4}], [{8, 7}, {3, 6}, {4, 5}, {1, 2}], [{8, 7}, {3, 6}, {5}, {2, 4}, {1}], [{8, 7}, {4, 6}, {1, 5}, {2, 3}], [{8, 7}, {4, 6}, {2, 5}, {1, 3}], [{8, 7}, {4, 6}, {3, 5}, {1, 2}], [{8, 7}, {5, 6}, {1, 4}, {2, 3}], [{8, 7}, {5, 6}, {2, 4}, {1, 3}], [{8, 7}, {5, 6}, {2, 4}, {3}, {1}], [{8, 7}, {5, 6}, {3, 4}, {1, 2}], [{8, 7}, {6}, {3, 5}, {1, 4}, {2}], [{8, 7}, {6}, {3, 5}, {2, 4}, {1}], [{8, 7}, {6}, {3, 5}, {4}, {1, 2}], [{8}, {1, 7}, {3, 6}, {5}, {2, 4}], [{8}, {1, 7}, {5, 6}, {2, 4}, {3}], [{8}, {1, 7}, {6}, {2, 5}, {3, 4}], [{8}, {1, 7}, {6}, {3, 5}, {2, 4}], [{8}, {1, 7}, {6}, {4, 5}, {2, 3}], [{8}, {1, 7}, {6}, {5}, {2, 4}, {3}], [{8}, {2, 7}, {3, 6}, {1, 5}, {4}], [{8}, {2, 7}, {5, 6}, {4}, {1, 3}], [{8}, {3, 7}, {6}, {1, 5}, {2, 4}], [{8}, {5, 7}, {6}, {2, 4}, {1, 3}], [{8}, {6, 7}, {3, 5}, {2, 4}, {1}], [{8}, {7}, {1, 6}, {3, 5}, {2, 4}], [{8}, {7}, {3, 6}, {2, 5}, {1, 4}], [{8}, {7}, {4, 6}, {1, 5}, {2, 3}], [{8}, {7}, {4, 6}, {2, 5}, {1, 3}], [{8}, {7}, {5, 6}, {1, 4}, {2, 3}], [{8}, {7}, {6}, {3, 5}, {2, 4}, {1}]]",2,8 K_1^3 - 30 K_1^2 - 16 K_1 K_2 + 2 K_1 + 15 K_2 + 6 K_3 + 16,O1O2O3O4U5U1O6U7U2O7O5U8U4U6O8U3,O1O2O3U4U5O6O5U1O7O4U2U8U6U7O8U3,O1O2O3U1O4U5U6U4U2O7O5U3O8O6U8U7,c,{'O1O2O3O4U2O5U6U1U5O7O8U3U8O6U4U7'},1,"<a href=""/flatknot/8.704070"">8.704070</a>",t^9-61t^7-116t^6+153t^5-96t^4+67t^3-52t^2+56t+24,t^2-2t,,
8.704071,O1O2O3O4U2O5U6U1U5O7O8U3U8O6U7U4,4,2z^3+23z^2+102z+129,2w^4z^3+23w^3z^2+102w^2z+129w,False,False,"[[ 0 -2 -2  0  3  2 -2  0  1],[ 2  0  0  3  3  1  0  0  1],[ 2  0  0  1  2  0  1  1  1],[ 0 -3 -1  0  2  0 -2  1  1],[-3 -3 -2 -2  0  1 -3 -1  0],[-2 -1  0  0 -1  0 -2 -1  0],[ 2  0 -1  2  3  2  0  0  1],[ 0  0 -1 -1  1  1  0  0  0],[-1 -1 -1 -1  0  0 -1  0  0]]","[[ 0  3  2  1  0  0 -2 -2 -2],[-3  0  1  0 -1 -2 -2 -3 -3],[-2 -1  0  0 -1  0  0 -1 -2],[-1  0  0  0  0 -1 -1 -1 -1],[ 0  1  1  0  0 -1 -1  0  0],[ 0  2  0  1  1  0 -1 -3 -2],[ 2  2  0  1  1  1  0  0  1],[ 2  3  1  1  0  3  0  0  0],[ 2  3  2  1  0  2 -1  0  0]]",True,"[-3,-2,-1,0,0,2,2,2,-1,0,1,2,2,3,3,0,1,0,0,1,2,0,1,1,1,1,1,1,0,0,1,3,2,0,-1,0]","[-3,-2,-1,0,0,2,2,2,-1,0,1,2,2,3,3,0,1,0,0,1,2,0,1,1,1,1,1,1,0,0,1,3,2,0,-1,0]",t^8+55t^6+327t^4+72t^2+4,"[-2,-2,-2,0,0,1,2,3,-1,0,1,1,2,4,3,0,0,2,2,2,2,-1,2,2,3,2,-1,0,2,1,1,1,2,1,2,2]","[-3,-2,-1,0,0,2,2,2,2,2,1,2,2,2,3,1,2,1,2,3,4,0,1,2,2,2,1,0,-1,1,2,2,1,0,-1,0]","[-2,-2,-2,0,0,1,2,3,-1,0,0,2,1,2,3,0,1,1,1,0,2,0,3,1,1,3,-1,0,1,1,1,0,2,0,0,-1]",c,"[[{8, 1}, {2, 7}, {3, 6}, {4, 5}], [{8, 1}, {2, 7}, {4, 6}, {3, 5}], [{8, 1}, {2, 7}, {5, 6}, {3, 4}], [{8, 1}, {2, 7}, {5, 6}, {4}, {3}], [{8, 1}, {2, 7}, {6}, {5}, {3, 4}], [{8, 1}, {3, 7}, {2, 6}, {4, 5}], [{8, 1}, {3, 7}, {4, 6}, {2, 5}], [{8, 1}, {3, 7}, {4, 6}, {5}, {2}], [{8, 1}, {3, 7}, {5, 6}, {2, 4}], [{8, 1}, {3, 7}, {5, 6}, {4}, {2}], [{8, 1}, {3, 7}, {6}, {4, 5}, {2}], [{8, 1}, {4, 7}, {2, 6}, {3, 5}], [{8, 1}, {4, 7}, {3, 6}, {2, 5}], [{8, 1}, {4, 7}, {5, 6}, {2, 3}], [{8, 1}, {4, 7}, {5, 6}, {3}, {2}], [{8, 1}, {5, 7}, {2, 6}, {3, 4}], [{8, 1}, {5, 7}, {2, 6}, {4}, {3}], [{8, 1}, {5, 7}, {3, 6}, {2, 4}], [{8, 1}, {5, 7}, {4, 6}, {2, 3}], [{8, 1}, {5, 7}, {6}, {3, 4}, {2}], [{8, 1}, {6, 7}, {2, 5}, {3, 4}], [{8, 1}, {6, 7}, {2, 5}, {4}, {3}], [{8, 1}, {6, 7}, {3, 5}, {2, 4}], [{8, 1}, {6, 7}, {4, 5}, {2, 3}], [{8, 1}, {6, 7}, {5}, {3, 4}, {2}], [{8, 1}, {7}, {2, 6}, {5}, {3, 4}], [{8, 1}, {7}, {3, 6}, {5}, {2, 4}], [{8, 1}, {7}, {5, 6}, {2, 4}, {3}], [{8, 1}, {7}, {5, 6}, {3, 4}, {2}], [{8, 1}, {7}, {5, 6}, {4}, {2, 3}], [{8, 1}, {7}, {5, 6}, {4}, {3}, {2}], [{8, 1}, {7}, {6}, {2, 5}, {3, 4}], [{8, 1}, {7}, {6}, {3, 5}, {2, 4}], [{8, 2}, {1, 7}, {3, 6}, {4, 5}], [{8, 2}, {1, 7}, {4, 6}, {3, 5}], [{8, 2}, {1, 7}, {5, 6}, {3, 4}], [{8, 2}, {1, 7}, {5, 6}, {4}, {3}], [{8, 2}, {3, 7}, {1, 6}, {4, 5}], [{8, 2}, {3, 7}, {4, 6}, {1, 5}], [{8, 2}, {3, 7}, {5, 6}, {1, 4}], [{8, 2}, {3, 7}, {5, 6}, {4}, {1}], [{8, 2}, {4, 7}, {1, 6}, {3, 5}], [{8, 2}, {4, 7}, {3, 6}, {1, 5}], [{8, 2}, {4, 7}, {5, 6}, {1, 3}], [{8, 2}, {4, 7}, {5, 6}, {3}, {1}], [{8, 2}, {5, 7}, {1, 6}, {3, 4}], [{8, 2}, {5, 7}, {3, 6}, {1, 4}], [{8, 2}, {5, 7}, {4, 6}, {1, 3}], [{8, 2}, {6, 7}, {1, 5}, {3, 4}], [{8, 2}, {6, 7}, {3, 5}, {1, 4}], [{8, 2}, {6, 7}, {4, 5}, {1, 3}], [{8, 2}, {7}, {3, 6}, {5}, {1, 4}], [{8, 2}, {7}, {5, 6}, {1, 4}, {3}], [{8, 2}, {7}, {5, 6}, {3, 4}, {1}], [{8, 2}, {7}, {5, 6}, {4}, {1, 3}], [{8, 2}, {7}, {5, 6}, {4}, {3}, {1}], [{8, 2}, {7}, {6}, {3, 5}, {1, 4}], [{8, 3}, {1, 7}, {2, 6}, {4, 5}], [{8, 3}, {1, 7}, {4, 6}, {2, 5}], [{8, 3}, {1, 7}, {5, 6}, {2, 4}], [{8, 3}, {2, 7}, {1, 6}, {4, 5}], [{8, 3}, {2, 7}, {4, 6}, {1, 5}], [{8, 3}, {2, 7}, {5, 6}, {1, 4}], [{8, 3}, {4, 7}, {1, 6}, {2, 5}], [{8, 3}, {4, 7}, {2, 6}, {1, 5}], [{8, 3}, {4, 7}, {5, 6}, {1, 2}], [{8, 3}, {5, 7}, {1, 6}, {2, 4}], [{8, 3}, {5, 7}, {2, 6}, {1, 4}], [{8, 3}, {5, 7}, {4, 6}, {1, 2}], [{8, 3}, {5, 7}, {6}, {1, 4}, {2}], [{8, 3}, {6, 7}, {1, 5}, {2, 4}], [{8, 3}, {6, 7}, {2, 5}, {1, 4}], [{8, 3}, {6, 7}, {4, 5}, {1, 2}], [{8, 3}, {6, 7}, {5}, {1, 4}, {2}], [{8, 3}, {7}, {5, 6}, {1, 4}, {2}], [{8, 3}, {7}, {5, 6}, {2, 4}, {1}], [{8, 3}, {7}, {5, 6}, {4}, {1, 2}], [{8, 4}, {1, 7}, {2, 6}, {3, 5}], [{8, 4}, {1, 7}, {3, 6}, {2, 5}], [{8, 4}, {1, 7}, {5, 6}, {2, 3}], [{8, 4}, {1, 7}, {5, 6}, {3}, {2}], [{8, 4}, {2, 7}, {1, 6}, {3, 5}], [{8, 4}, {2, 7}, {3, 6}, {1, 5}], [{8, 4}, {2, 7}, {5, 6}, {1, 3}], [{8, 4}, {2, 7}, {5, 6}, {3}, {1}], [{8, 4}, {3, 7}, {1, 6}, {2, 5}], [{8, 4}, {3, 7}, {2, 6}, {1, 5}], [{8, 4}, {3, 7}, {2, 6}, {5}, {1}], [{8, 4}, {3, 7}, {5, 6}, {1, 2}], [{8, 4}, {3, 7}, {5, 6}, {2}, {1}], [{8, 4}, {3, 7}, {6}, {2, 5}, {1}], [{8, 4}, {5, 7}, {1, 6}, {2, 3}], [{8, 4}, {5, 7}, {2, 6}, {1, 3}], [{8, 4}, {5, 7}, {3, 6}, {1, 2}], [{8, 4}, {5, 7}, {6}, {2, 3}, {1}], [{8, 4}, {6, 7}, {1, 5}, {2, 3}], [{8, 4}, {6, 7}, {2, 5}, {1, 3}], [{8, 4}, {6, 7}, {3, 5}, {1, 2}], [{8, 4}, {6, 7}, {5}, {2, 3}, {1}], [{8, 4}, {7}, {3, 6}, {5}, {1, 2}], [{8, 4}, {7}, {5, 6}, {1, 3}, {2}], [{8, 4}, {7}, {5, 6}, {2, 3}, {1}], [{8, 4}, {7}, {5, 6}, {3}, {1, 2}], [{8, 4}, {7}, {5, 6}, {3}, {2}, {1}], [{8, 4}, {7}, {6}, {3, 5}, {1, 2}], [{8, 5}, {1, 7}, {2, 6}, {3, 4}], [{8, 5}, {1, 7}, {3, 6}, {2, 4}], [{8, 5}, {1, 7}, {4, 6}, {2, 3}], [{8, 5}, {1, 7}, {4, 6}, {3}, {2}], [{8, 5}, {2, 7}, {1, 6}, {3, 4}], [{8, 5}, {2, 7}, {3, 6}, {1, 4}], [{8, 5}, {2, 7}, {4, 6}, {1, 3}], [{8, 5}, {2, 7}, {6}, {1, 4}, {3}], [{8, 5}, {3, 7}, {1, 6}, {2, 4}], [{8, 5}, {3, 7}, {1, 6}, {4}, {2}], [{8, 5}, {3, 7}, {2, 6}, {1, 4}], [{8, 5}, {3, 7}, {4, 6}, {1, 2}], [{8, 5}, {3, 7}, {4, 6}, {2}, {1}], [{8, 5}, {3, 7}, {6}, {1, 4}, {2}], [{8, 5}, {4, 7}, {1, 6}, {2, 3}], [{8, 5}, {4, 7}, {2, 6}, {1, 3}], [{8, 5}, {4, 7}, {3, 6}, {1, 2}], [{8, 5}, {6, 7}, {1, 4}, {2, 3}], [{8, 5}, {6, 7}, {2, 4}, {1, 3}], [{8, 5}, {6, 7}, {3, 4}, {1, 2}], [{8, 5}, {7}, {2, 6}, {3, 4}, {1}], [{8, 5}, {7}, {3, 6}, {2, 4}, {1}], [{8, 5}, {7}, {4, 6}, {1, 3}, {2}], [{8, 5}, {7}, {6}, {1, 4}, {2, 3}], [{8, 6}, {1, 7}, {2, 5}, {3, 4}], [{8, 6}, {1, 7}, {2, 5}, {4}, {3}], [{8, 6}, {1, 7}, {3, 5}, {2, 4}], [{8, 6}, {1, 7}, {4, 5}, {2, 3}], [{8, 6}, {2, 7}, {1, 5}, {3, 4}], [{8, 6}, {2, 7}, {3, 5}, {1, 4}], [{8, 6}, {2, 7}, {4, 5}, {1, 3}], [{8, 6}, {2, 7}, {5}, {1, 4}, {3}], [{8, 6}, {3, 7}, {1, 5}, {2, 4}], [{8, 6}, {3, 7}, {2, 5}, {1, 4}], [{8, 6}, {3, 7}, {4, 5}, {1, 2}], [{8, 6}, {3, 7}, {5}, {1, 4}, {2}], [{8, 6}, {4, 7}, {1, 5}, {2, 3}], [{8, 6}, {4, 7}, {2, 5}, {1, 3}], [{8, 6}, {4, 7}, {3, 5}, {1, 2}], [{8, 6}, {5, 7}, {1, 4}, {2, 3}], [{8, 6}, {5, 7}, {2, 4}, {1, 3}], [{8, 6}, {5, 7}, {3, 4}, {1, 2}], [{8, 6}, {7}, {2, 5}, {3, 4}, {1}], [{8, 6}, {7}, {3, 5}, {2, 4}, {1}], [{8, 6}, {7}, {4, 5}, {1, 3}, {2}], [{8, 6}, {7}, {5}, {1, 4}, {2, 3}], [{8, 7}, {1, 6}, {2, 5}, {3, 4}], [{8, 7}, {1, 6}, {3, 5}, {2, 4}], [{8, 7}, {1, 6}, {3, 5}, {4}, {2}], [{8, 7}, {1, 6}, {4, 5}, {2, 3}], [{8, 7}, {2, 6}, {1, 5}, {3, 4}], [{8, 7}, {2, 6}, {3, 5}, {1, 4}], [{8, 7}, {2, 6}, {4, 5}, {1, 3}], [{8, 7}, {2, 6}, {5}, {4}, {1, 3}], [{8, 7}, {3, 6}, {1, 5}, {2, 4}], [{8, 7}, {3, 6}, {2, 5}, {1, 4}], [{8, 7}, {3, 6}, {4, 5}, {1, 2}], [{8, 7}, {3, 6}, {5}, {2, 4}, {1}], [{8, 7}, {4, 6}, {1, 5}, {2, 3}], [{8, 7}, {4, 6}, {2, 5}, {1, 3}], [{8, 7}, {4, 6}, {3, 5}, {1, 2}], [{8, 7}, {5, 6}, {1, 4}, {2, 3}], [{8, 7}, {5, 6}, {1, 4}, {3}, {2}], [{8, 7}, {5, 6}, {2, 4}, {1, 3}], [{8, 7}, {5, 6}, {2, 4}, {3}, {1}], [{8, 7}, {5, 6}, {3, 4}, {1, 2}], [{8, 7}, {5, 6}, {4}, {3}, {1, 2}], [{8, 7}, {6}, {3, 5}, {2, 4}, {1}], [{8}, {1, 7}, {3, 6}, {5}, {2, 4}], [{8}, {1, 7}, {5, 6}, {2, 4}, {3}], [{8}, {1, 7}, {6}, {3, 5}, {2, 4}], [{8}, {2, 7}, {3, 6}, {1, 5}, {4}], [{8}, {2, 7}, {4, 6}, {3, 5}, {1}], [{8}, {2, 7}, {5, 6}, {1, 4}, {3}], [{8}, {3, 7}, {4, 6}, {1, 5}, {2}], [{8}, {3, 7}, {5, 6}, {1, 4}, {2}], [{8}, {3, 7}, {5, 6}, {2, 4}, {1}], [{8}, {3, 7}, {5, 6}, {4}, {1, 2}], [{8}, {4, 7}, {1, 6}, {5}, {2, 3}], [{8}, {4, 7}, {2, 6}, {3, 5}, {1}], [{8}, {4, 7}, {3, 6}, {1, 5}, {2}], [{8}, {4, 7}, {5, 6}, {3}, {1, 2}], [{8}, {4, 7}, {6}, {2, 5}, {1, 3}], [{8}, {5, 7}, {3, 6}, {2, 4}, {1}], [{8}, {6, 7}, {1, 5}, {4}, {2, 3}], [{8}, {6, 7}, {3, 5}, {2, 4}, {1}], [{8}, {7}, {1, 6}, {2, 5}, {3, 4}], [{8}, {7}, {1, 6}, {3, 5}, {2, 4}], [{8}, {7}, {2, 6}, {1, 5}, {3, 4}], [{8}, {7}, {3, 6}, {1, 5}, {2, 4}], [{8}, {7}, {3, 6}, {5}, {2, 4}, {1}], [{8}, {7}, {5, 6}, {1, 4}, {2, 3}], [{8}, {7}, {5, 6}, {1, 4}, {3}, {2}], [{8}, {7}, {5, 6}, {2, 4}, {1, 3}], [{8}, {7}, {5, 6}, {2, 4}, {3}, {1}], [{8}, {7}, {5, 6}, {3, 4}, {1, 2}], [{8}, {7}, {5, 6}, {4}, {3}, {1, 2}], [{8}, {7}, {6}, {3, 5}, {2, 4}, {1}]]",2,8 K_1^3 - 20 K_1^2 - 26 K_1 K_2 + 7 K_1 - 8 K_2^2 + 10 K_2 + 11 K_3 + 4 K_4 + 15,O1O2O3O4U1U5O6U7U2O7O5U8U4U6O8U3,O1O2O3U4U5O6O5U1O4O7U2U8U6U7O8U3,O1O2O3U1O4U5U6U4U2O5O7U3O8O6U8U7,c,{'O1O2O3O4U2O5U6U1U5O7O8U3U8O6U7U4'},1,"<a href=""/flatknot/8.704071"">8.704071</a>",t^9-53t^7-124t^6+9t^5+36t^4-11t^3-16t^2+81t-16,-t^3+2t^2-t,,
8.704072,O1O2O3O4U2O5U6U1U5O7O8U4U3O6U7U8,4,9z^3+50z^2+92z+57,-4w^5z^3+13w^4z^3-12w^4z^2+62w^3z^2-8w^3z+100w^2z+57w,False,False,"[[ 0 -2 -2  1  1  2 -2  0  2],[ 2  0  0  4  3  1 -1  1  1],[ 2  0  0  2  1  0  0  2  2],[-1 -4 -2  0  0  0 -3  1  2],[-1 -3 -1  0  0  0 -2  0  1],[-2 -1  0  0  0  0 -2 -1 -1],[ 2  1  0  3  2  2  0  0  1],[ 0 -1 -2 -1  0  1  0  0  1],[-2 -1 -2 -2 -1  1 -1 -1  0]]","[[ 0  2  2  1  1  0 -2 -2 -2],[-2  0  1 -1 -2 -1 -1 -1 -2],[-2 -1  0  0  0 -1 -1 -2  0],[-1  1  0  0  0  0 -3 -2 -1],[-1  2  0  0  0  1 -4 -3 -2],[ 0  1  1  0 -1  0 -1  0 -2],[ 2  1  1  3  4  1  0 -1  0],[ 2  1  2  2  3  0  1  0  0],[ 2  2  0  1  2  2  0  0  0]]",True,"[-2,-2,-1,-1,0,2,2,2,-1,1,2,1,1,1,2,0,0,1,1,2,0,0,0,3,2,1,-1,4,3,2,1,0,2,1,0,0]","[-2,-2,-2,0,1,1,2,2,-1,0,1,3,4,1,1,0,0,2,3,1,2,2,1,2,2,0,0,-1,1,1,0,1,0,2,0,1]",t^8+69t^6+614t^4+333t^2+1,"[-2,-2,-2,0,1,1,2,2,-1,0,2,0,1,2,3,0,1,-1,0,3,3,0,1,2,4,2,2,1,1,1,0,1,-1,1,0,1]","[-2,-2,-1,-1,0,2,2,2,-1,1,1,1,2,3,4,-1,0,1,3,3,2,0,2,0,-1,1,1,1,0,2,2,1,0,1,0,0]","[-2,-2,-2,0,1,1,2,2,-1,0,1,3,4,1,1,0,0,2,3,1,2,2,1,2,2,0,0,-1,1,1,0,1,0,2,0,1]",c,"[[{8, 1}, {2, 7}, {3, 6}, {4, 5}], [{8, 1}, {2, 7}, {4, 6}, {3, 5}], [{8, 1}, {2, 7}, {5, 6}, {3, 4}], [{8, 1}, {2, 7}, {6}, {4, 5}, {3}], [{8, 1}, {3, 7}, {2, 6}, {4, 5}], [{8, 1}, {3, 7}, {4, 6}, {2, 5}], [{8, 1}, {3, 7}, {5, 6}, {2, 4}], [{8, 1}, {3, 7}, {5, 6}, {4}, {2}], [{8, 1}, {4, 7}, {2, 6}, {3, 5}], [{8, 1}, {4, 7}, {3, 6}, {2, 5}], [{8, 1}, {4, 7}, {5, 6}, {2, 3}], [{8, 1}, {4, 7}, {6}, {2, 5}, {3}], [{8, 1}, {5, 7}, {2, 6}, {3, 4}], [{8, 1}, {5, 7}, {2, 6}, {4}, {3}], [{8, 1}, {5, 7}, {3, 6}, {2, 4}], [{8, 1}, {5, 7}, {3, 6}, {4}, {2}], [{8, 1}, {5, 7}, {4, 6}, {2, 3}], [{8, 1}, {5, 7}, {4, 6}, {3}, {2}], [{8, 1}, {5, 7}, {6}, {2, 4}, {3}], [{8, 1}, {5, 7}, {6}, {3, 4}, {2}], [{8, 1}, {5, 7}, {6}, {4}, {2, 3}], [{8, 1}, {5, 7}, {6}, {4}, {3}, {2}], [{8, 1}, {6, 7}, {2, 5}, {3, 4}], [{8, 1}, {6, 7}, {3, 5}, {2, 4}], [{8, 1}, {6, 7}, {3, 5}, {4}, {2}], [{8, 1}, {6, 7}, {4, 5}, {2, 3}], [{8, 1}, {7}, {2, 6}, {5}, {3, 4}], [{8, 2}, {1, 7}, {3, 6}, {4, 5}], [{8, 2}, {1, 7}, {4, 6}, {3, 5}], [{8, 2}, {1, 7}, {5, 6}, {3, 4}], [{8, 2}, {1, 7}, {5, 6}, {4}, {3}], [{8, 2}, {3, 7}, {1, 6}, {4, 5}], [{8, 2}, {3, 7}, {4, 6}, {1, 5}], [{8, 2}, {3, 7}, {5, 6}, {1, 4}], [{8, 2}, {3, 7}, {6}, {4, 5}, {1}], [{8, 2}, {4, 7}, {1, 6}, {3, 5}], [{8, 2}, {4, 7}, {3, 6}, {1, 5}], [{8, 2}, {4, 7}, {5, 6}, {1, 3}], [{8, 2}, {4, 7}, {6}, {3, 5}, {1}], [{8, 2}, {5, 7}, {1, 6}, {3, 4}], [{8, 2}, {5, 7}, {3, 6}, {1, 4}], [{8, 2}, {5, 7}, {4, 6}, {1, 3}], [{8, 2}, {5, 7}, {6}, {3, 4}, {1}], [{8, 2}, {6, 7}, {1, 5}, {3, 4}], [{8, 2}, {6, 7}, {1, 5}, {4}, {3}], [{8, 2}, {6, 7}, {3, 5}, {1, 4}], [{8, 2}, {6, 7}, {4, 5}, {1, 3}], [{8, 3}, {1, 7}, {2, 6}, {4, 5}], [{8, 3}, {1, 7}, {4, 6}, {2, 5}], [{8, 3}, {1, 7}, {5, 6}, {2, 4}], [{8, 3}, {1, 7}, {6}, {2, 5}, {4}], [{8, 3}, {2, 7}, {1, 6}, {4, 5}], [{8, 3}, {2, 7}, {4, 6}, {1, 5}], [{8, 3}, {2, 7}, {5, 6}, {1, 4}], [{8, 3}, {4, 7}, {1, 6}, {2, 5}], [{8, 3}, {4, 7}, {2, 6}, {1, 5}], [{8, 3}, {4, 7}, {5, 6}, {1, 2}], [{8, 3}, {4, 7}, {6}, {5}, {1, 2}], [{8, 3}, {5, 7}, {1, 6}, {2, 4}], [{8, 3}, {5, 7}, {1, 6}, {4}, {2}], [{8, 3}, {5, 7}, {2, 6}, {1, 4}], [{8, 3}, {5, 7}, {4, 6}, {1, 2}], [{8, 3}, {5, 7}, {4, 6}, {2}, {1}], [{8, 3}, {5, 7}, {6}, {1, 4}, {2}], [{8, 3}, {6, 7}, {1, 5}, {2, 4}], [{8, 3}, {6, 7}, {2, 5}, {1, 4}], [{8, 3}, {6, 7}, {4, 5}, {1, 2}], [{8, 3}, {6, 7}, {5}, {2, 4}, {1}], [{8, 4}, {1, 7}, {2, 6}, {3, 5}], [{8, 4}, {1, 7}, {3, 6}, {2, 5}], [{8, 4}, {1, 7}, {5, 6}, {2, 3}], [{8, 4}, {2, 7}, {1, 6}, {3, 5}], [{8, 4}, {2, 7}, {3, 6}, {1, 5}], [{8, 4}, {2, 7}, {5, 6}, {1, 3}], [{8, 4}, {3, 7}, {1, 6}, {2, 5}], [{8, 4}, {3, 7}, {2, 6}, {1, 5}], [{8, 4}, {3, 7}, {5, 6}, {1, 2}], [{8, 4}, {3, 7}, {5, 6}, {2}, {1}], [{8, 4}, {5, 7}, {1, 6}, {2, 3}], [{8, 4}, {5, 7}, {1, 6}, {3}, {2}], [{8, 4}, {5, 7}, {2, 6}, {1, 3}], [{8, 4}, {5, 7}, {3, 6}, {1, 2}], [{8, 4}, {5, 7}, {3, 6}, {2}, {1}], [{8, 4}, {5, 7}, {6}, {1, 3}, {2}], [{8, 4}, {6, 7}, {1, 5}, {2, 3}], [{8, 4}, {6, 7}, {2, 5}, {1, 3}], [{8, 4}, {6, 7}, {3, 5}, {1, 2}], [{8, 4}, {6, 7}, {5}, {2, 3}, {1}], [{8, 4}, {7}, {2, 6}, {3, 5}, {1}], [{8, 5}, {1, 7}, {2, 6}, {3, 4}], [{8, 5}, {1, 7}, {3, 6}, {2, 4}], [{8, 5}, {1, 7}, {4, 6}, {2, 3}], [{8, 5}, {2, 7}, {1, 6}, {3, 4}], [{8, 5}, {2, 7}, {3, 6}, {1, 4}], [{8, 5}, {2, 7}, {4, 6}, {1, 3}], [{8, 5}, {2, 7}, {6}, {3, 4}, {1}], [{8, 5}, {3, 7}, {1, 6}, {2, 4}], [{8, 5}, {3, 7}, {2, 6}, {1, 4}], [{8, 5}, {3, 7}, {4, 6}, {1, 2}], [{8, 5}, {4, 7}, {1, 6}, {2, 3}], [{8, 5}, {4, 7}, {2, 6}, {1, 3}], [{8, 5}, {4, 7}, {3, 6}, {1, 2}], [{8, 5}, {6, 7}, {1, 4}, {2, 3}], [{8, 5}, {6, 7}, {2, 4}, {1, 3}], [{8, 5}, {6, 7}, {3, 4}, {1, 2}], [{8, 5}, {7}, {3, 6}, {4}, {1, 2}], [{8, 6}, {1, 7}, {2, 5}, {3, 4}], [{8, 6}, {1, 7}, {3, 5}, {2, 4}], [{8, 6}, {1, 7}, {4, 5}, {2, 3}], [{8, 6}, {1, 7}, {5}, {4}, {2, 3}], [{8, 6}, {2, 7}, {1, 5}, {3, 4}], [{8, 6}, {2, 7}, {3, 5}, {1, 4}], [{8, 6}, {2, 7}, {4, 5}, {1, 3}], [{8, 6}, {3, 7}, {1, 5}, {2, 4}], [{8, 6}, {3, 7}, {2, 5}, {1, 4}], [{8, 6}, {3, 7}, {4, 5}, {1, 2}], [{8, 6}, {3, 7}, {5}, {4}, {1, 2}], [{8, 6}, {4, 7}, {1, 5}, {2, 3}], [{8, 6}, {4, 7}, {2, 5}, {1, 3}], [{8, 6}, {4, 7}, {3, 5}, {1, 2}], [{8, 6}, {4, 7}, {5}, {3}, {1, 2}], [{8, 6}, {5, 7}, {1, 4}, {2, 3}], [{8, 6}, {5, 7}, {1, 4}, {3}, {2}], [{8, 6}, {5, 7}, {2, 4}, {1, 3}], [{8, 6}, {5, 7}, {3, 4}, {1, 2}], [{8, 6}, {5, 7}, {3, 4}, {2}, {1}], [{8, 6}, {5, 7}, {4}, {1, 3}, {2}], [{8, 6}, {7}, {5}, {3, 4}, {1, 2}], [{8, 7}, {1, 6}, {2, 5}, {3, 4}], [{8, 7}, {1, 6}, {3, 5}, {2, 4}], [{8, 7}, {1, 6}, {4, 5}, {2, 3}], [{8, 7}, {2, 6}, {1, 5}, {3, 4}], [{8, 7}, {2, 6}, {3, 5}, {1, 4}], [{8, 7}, {2, 6}, {4, 5}, {1, 3}], [{8, 7}, {3, 6}, {1, 5}, {2, 4}], [{8, 7}, {3, 6}, {2, 5}, {1, 4}], [{8, 7}, {3, 6}, {4, 5}, {1, 2}], [{8, 7}, {4, 6}, {1, 5}, {2, 3}], [{8, 7}, {4, 6}, {2, 5}, {1, 3}], [{8, 7}, {4, 6}, {3, 5}, {1, 2}], [{8, 7}, {5, 6}, {1, 4}, {2, 3}], [{8, 7}, {5, 6}, {2, 4}, {1, 3}], [{8, 7}, {5, 6}, {3, 4}, {1, 2}], [{8, 7}, {6}, {2, 5}, {3, 4}, {1}], [{8, 7}, {6}, {3, 5}, {2, 4}, {1}], [{8, 7}, {6}, {4, 5}, {2, 3}, {1}], [{8}, {2, 7}, {3, 6}, {1, 5}, {4}], [{8}, {3, 7}, {4, 6}, {1, 5}, {2}], [{8}, {3, 7}, {5, 6}, {1, 4}, {2}], [{8}, {4, 7}, {3, 6}, {1, 5}, {2}], [{8}, {4, 7}, {3, 6}, {2, 5}, {1}], [{8}, {4, 7}, {3, 6}, {5}, {1, 2}], [{8}, {4, 7}, {5, 6}, {1, 3}, {2}], [{8}, {5, 7}, {1, 6}, {3, 4}, {2}], [{8}, {5, 7}, {2, 6}, {3, 4}, {1}], [{8}, {5, 7}, {3, 6}, {1, 4}, {2}], [{8}, {5, 7}, {4, 6}, {1, 3}, {2}], [{8}, {5, 7}, {6}, {3, 4}, {1, 2}], [{8}, {5, 7}, {6}, {3, 4}, {2}, {1}], [{8}, {6, 7}, {2, 5}, {4}, {1, 3}], [{8}, {7}, {2, 6}, {4, 5}, {1, 3}], [{8}, {7}, {3, 6}, {1, 5}, {2, 4}]]",2,- 16 K_1^4 + 8 K_1^2 K_2 + 10 K_1^2 - K_2,O1O2O3O4U5U6O7U2U1O5O6U8U4U7O8U3,O1O2O3U4U5O6O7U1O4O5U2U8U7U6O8U3,O1O2O3U1O4U5U6U4U2O7O8U3O6O5U7U8,c,{'O1O2O3O4U2O5U6U1U5O7O8U4U3O6U7U8'},1,"<a href=""/flatknot/8.704072"">8.704072</a>",t^9-71t^7-128t^6+245t^5+192t^4+446t^3+1532t^2+485t-82,t^2-2t,,
8.704073,O1O2O3O4U2O5U6U1U5O7O8U4U3O6U8U7,4,7z^3+49z^2+105z+71,7w^4z^3-4w^4z^2+53w^3z^2-8w^3z+113w^2z+71w,False,False,"[[ 0 -2 -2  1  1  2 -2  1  1],[ 2  0  0  4  3  1 -1  1  1],[ 2  0  0  2  1  0  0  2  2],[-1 -4 -2  0  0  0 -3  2  1],[-1 -3 -1  0  0  0 -2  1  0],[-2 -1  0  0  0  0 -2 -1 -1],[ 2  1  0  3  2  2  0  0  1],[-1 -1 -2 -2 -1  1  0  0  0],[-1 -1 -2 -1  0  1 -1  0  0]]","[[ 0  2  1  1  1  1 -2 -2 -2],[-2  0  0  0 -1 -1  0 -1 -2],[-1  0  0  0  2  1 -2 -4 -3],[-1  0  0  0  1  0 -1 -3 -2],[-1  1 -2 -1  0  0 -2 -1  0],[-1  1 -1  0  0  0 -2 -1 -1],[ 2  0  2  1  2  2  0  0  0],[ 2  1  4  3  1  1  0  0 -1],[ 2  2  3  2  0  1  0  1  0]]",True,"[-2,-1,-1,-1,-1,2,2,2,0,0,1,1,0,1,2,0,-2,-1,2,4,3,-1,0,1,3,2,0,2,1,0,2,1,1,0,0,1]","[-2,-2,-2,1,1,1,1,2,-1,0,0,1,2,3,2,0,-1,0,2,2,3,1,2,1,1,4,0,-1,-2,1,0,-1,1,0,0,0]",t^8+68t^6+577t^4+266t^2+1,"[-2,-2,-2,1,1,1,1,2,-1,0,0,1,2,3,2,0,-1,0,2,2,3,1,2,1,1,4,0,-1,-2,1,0,-1,1,0,0,0]","[-2,-1,-1,-1,-1,2,2,2,0,0,1,1,2,3,4,0,-2,-1,3,2,1,-1,0,2,2,1,0,0,-1,1,1,0,2,1,0,0]","[-2,-2,-2,1,1,1,1,2,-1,0,1,1,3,4,1,0,0,1,2,3,2,2,2,1,2,0,0,-1,-2,1,0,-1,1,0,0,0]",c,"[[{8, 1}, {2, 7}, {3, 6}, {4, 5}], [{8, 1}, {2, 7}, {4, 6}, {3, 5}], [{8, 1}, {2, 7}, {5, 6}, {3, 4}], [{8, 1}, {3, 7}, {2, 6}, {4, 5}], [{8, 1}, {3, 7}, {4, 6}, {2, 5}], [{8, 1}, {3, 7}, {5, 6}, {2, 4}], [{8, 1}, {3, 7}, {6}, {5}, {2, 4}], [{8, 1}, {4, 7}, {2, 6}, {3, 5}], [{8, 1}, {4, 7}, {3, 6}, {2, 5}], [{8, 1}, {4, 7}, {5, 6}, {2, 3}], [{8, 1}, {5, 7}, {2, 6}, {3, 4}], [{8, 1}, {5, 7}, {3, 6}, {2, 4}], [{8, 1}, {5, 7}, {3, 6}, {4}, {2}], [{8, 1}, {5, 7}, {4, 6}, {2, 3}], [{8, 1}, {6, 7}, {2, 5}, {3, 4}], [{8, 1}, {6, 7}, {3, 5}, {2, 4}], [{8, 1}, {6, 7}, {3, 5}, {4}, {2}], [{8, 1}, {6, 7}, {4, 5}, {2, 3}], [{8, 2}, {1, 7}, {3, 6}, {4, 5}], [{8, 2}, {1, 7}, {4, 6}, {3, 5}], [{8, 2}, {1, 7}, {5, 6}, {3, 4}], [{8, 2}, {1, 7}, {5, 6}, {4}, {3}], [{8, 2}, {3, 7}, {1, 6}, {4, 5}], [{8, 2}, {3, 7}, {4, 6}, {1, 5}], [{8, 2}, {3, 7}, {5, 6}, {1, 4}], [{8, 2}, {3, 7}, {6}, {5}, {1, 4}], [{8, 2}, {4, 7}, {1, 6}, {3, 5}], [{8, 2}, {4, 7}, {3, 6}, {1, 5}], [{8, 2}, {4, 7}, {5, 6}, {1, 3}], [{8, 2}, {5, 7}, {1, 6}, {3, 4}], [{8, 2}, {5, 7}, {3, 6}, {1, 4}], [{8, 2}, {5, 7}, {4, 6}, {1, 3}], [{8, 2}, {5, 7}, {4, 6}, {3}, {1}], [{8, 2}, {5, 7}, {6}, {4}, {1, 3}], [{8, 2}, {6, 7}, {1, 5}, {3, 4}], [{8, 2}, {6, 7}, {3, 5}, {1, 4}], [{8, 2}, {6, 7}, {4, 5}, {1, 3}], [{8, 3}, {1, 7}, {2, 6}, {4, 5}], [{8, 3}, {1, 7}, {4, 6}, {2, 5}], [{8, 3}, {1, 7}, {5, 6}, {2, 4}], [{8, 3}, {2, 7}, {1, 6}, {4, 5}], [{8, 3}, {2, 7}, {4, 6}, {1, 5}], [{8, 3}, {2, 7}, {5, 6}, {1, 4}], [{8, 3}, {4, 7}, {1, 6}, {2, 5}], [{8, 3}, {4, 7}, {2, 6}, {1, 5}], [{8, 3}, {4, 7}, {5, 6}, {1, 2}], [{8, 3}, {5, 7}, {1, 6}, {2, 4}], [{8, 3}, {5, 7}, {2, 6}, {1, 4}], [{8, 3}, {5, 7}, {4, 6}, {1, 2}], [{8, 3}, {6, 7}, {1, 5}, {2, 4}], [{8, 3}, {6, 7}, {2, 5}, {1, 4}], [{8, 3}, {6, 7}, {4, 5}, {1, 2}], [{8, 3}, {7}, {1, 6}, {2, 5}, {4}], [{8, 3}, {7}, {2, 6}, {1, 5}, {4}], [{8, 3}, {7}, {2, 6}, {4, 5}, {1}], [{8, 3}, {7}, {2, 6}, {5}, {1, 4}], [{8, 3}, {7}, {5, 6}, {4}, {1, 2}], [{8, 4}, {1, 7}, {2, 6}, {3, 5}], [{8, 4}, {1, 7}, {2, 6}, {5}, {3}], [{8, 4}, {1, 7}, {3, 6}, {2, 5}], [{8, 4}, {1, 7}, {5, 6}, {2, 3}], [{8, 4}, {2, 7}, {1, 6}, {3, 5}], [{8, 4}, {2, 7}, {3, 6}, {1, 5}], [{8, 4}, {2, 7}, {5, 6}, {1, 3}], [{8, 4}, {2, 7}, {6}, {3, 5}, {1}], [{8, 4}, {3, 7}, {1, 6}, {2, 5}], [{8, 4}, {3, 7}, {1, 6}, {5}, {2}], [{8, 4}, {3, 7}, {2, 6}, {1, 5}], [{8, 4}, {3, 7}, {2, 6}, {5}, {1}], [{8, 4}, {3, 7}, {5, 6}, {1, 2}], [{8, 4}, {3, 7}, {5, 6}, {2}, {1}], [{8, 4}, {3, 7}, {6}, {1, 5}, {2}], [{8, 4}, {3, 7}, {6}, {2, 5}, {1}], [{8, 4}, {3, 7}, {6}, {5}, {1, 2}], [{8, 4}, {3, 7}, {6}, {5}, {2}, {1}], [{8, 4}, {5, 7}, {1, 6}, {2, 3}], [{8, 4}, {5, 7}, {2, 6}, {1, 3}], [{8, 4}, {5, 7}, {3, 6}, {1, 2}], [{8, 4}, {5, 7}, {6}, {2, 3}, {1}], [{8, 4}, {6, 7}, {1, 5}, {2, 3}], [{8, 4}, {6, 7}, {2, 5}, {1, 3}], [{8, 4}, {6, 7}, {3, 5}, {1, 2}], [{8, 4}, {7}, {2, 6}, {5}, {1, 3}], [{8, 4}, {7}, {5, 6}, {3}, {1, 2}], [{8, 5}, {1, 7}, {2, 6}, {3, 4}], [{8, 5}, {1, 7}, {3, 6}, {2, 4}], [{8, 5}, {1, 7}, {4, 6}, {2, 3}], [{8, 5}, {2, 7}, {1, 6}, {3, 4}], [{8, 5}, {2, 7}, {1, 6}, {4}, {3}], [{8, 5}, {2, 7}, {3, 6}, {1, 4}], [{8, 5}, {2, 7}, {3, 6}, {4}, {1}], [{8, 5}, {2, 7}, {4, 6}, {1, 3}], [{8, 5}, {2, 7}, {6}, {4}, {1, 3}], [{8, 5}, {3, 7}, {1, 6}, {2, 4}], [{8, 5}, {3, 7}, {2, 6}, {1, 4}], [{8, 5}, {3, 7}, {4, 6}, {1, 2}], [{8, 5}, {4, 7}, {1, 6}, {2, 3}], [{8, 5}, {4, 7}, {2, 6}, {1, 3}], [{8, 5}, {4, 7}, {3, 6}, {1, 2}], [{8, 5}, {6, 7}, {1, 4}, {2, 3}], [{8, 5}, {6, 7}, {2, 4}, {1, 3}], [{8, 5}, {6, 7}, {3, 4}, {1, 2}], [{8, 5}, {6, 7}, {4}, {3}, {1, 2}], [{8, 6}, {1, 7}, {2, 5}, {3, 4}], [{8, 6}, {1, 7}, {2, 5}, {4}, {3}], [{8, 6}, {1, 7}, {3, 5}, {2, 4}], [{8, 6}, {1, 7}, {4, 5}, {2, 3}], [{8, 6}, {1, 7}, {4, 5}, {3}, {2}], [{8, 6}, {1, 7}, {5}, {2, 4}, {3}], [{8, 6}, {2, 7}, {1, 5}, {3, 4}], [{8, 6}, {2, 7}, {1, 5}, {4}, {3}], [{8, 6}, {2, 7}, {3, 5}, {1, 4}], [{8, 6}, {2, 7}, {4, 5}, {1, 3}], [{8, 6}, {3, 7}, {1, 5}, {2, 4}], [{8, 6}, {3, 7}, {2, 5}, {1, 4}], [{8, 6}, {3, 7}, {4, 5}, {1, 2}], [{8, 6}, {4, 7}, {1, 5}, {2, 3}], [{8, 6}, {4, 7}, {2, 5}, {1, 3}], [{8, 6}, {4, 7}, {2, 5}, {3}, {1}], [{8, 6}, {4, 7}, {3, 5}, {1, 2}], [{8, 6}, {5, 7}, {1, 4}, {2, 3}], [{8, 6}, {5, 7}, {2, 4}, {1, 3}], [{8, 6}, {5, 7}, {3, 4}, {1, 2}], [{8, 6}, {7}, {2, 5}, {1, 4}, {3}], [{8, 6}, {7}, {3, 5}, {2, 4}, {1}], [{8, 6}, {7}, {4, 5}, {2, 3}, {1}], [{8, 7}, {1, 6}, {2, 5}, {3, 4}], [{8, 7}, {1, 6}, {3, 5}, {2, 4}], [{8, 7}, {1, 6}, {4, 5}, {2, 3}], [{8, 7}, {2, 6}, {1, 5}, {3, 4}], [{8, 7}, {2, 6}, {3, 5}, {1, 4}], [{8, 7}, {2, 6}, {4, 5}, {1, 3}], [{8, 7}, {3, 6}, {1, 5}, {2, 4}], [{8, 7}, {3, 6}, {2, 5}, {1, 4}], [{8, 7}, {3, 6}, {4, 5}, {1, 2}], [{8, 7}, {4, 6}, {1, 5}, {2, 3}], [{8, 7}, {4, 6}, {2, 5}, {1, 3}], [{8, 7}, {4, 6}, {3, 5}, {1, 2}], [{8, 7}, {5, 6}, {1, 4}, {2, 3}], [{8, 7}, {5, 6}, {2, 4}, {1, 3}], [{8, 7}, {5, 6}, {3, 4}, {1, 2}], [{8, 7}, {6}, {2, 5}, {3, 4}, {1}], [{8, 7}, {6}, {3, 5}, {2, 4}, {1}], [{8, 7}, {6}, {4, 5}, {2, 3}, {1}], [{8}, {2, 7}, {3, 6}, {5}, {1, 4}], [{8}, {4, 7}, {6}, {2, 5}, {1, 3}], [{8}, {5, 7}, {3, 6}, {2, 4}, {1}], [{8}, {6, 7}, {2, 5}, {4}, {1, 3}], [{8}, {6, 7}, {3, 5}, {2, 4}, {1}], [{8}, {6, 7}, {4, 5}, {2, 3}, {1}], [{8}, {7}, {3, 6}, {4, 5}, {1, 2}], [{8}, {7}, {4, 6}, {1, 5}, {2, 3}], [{8}, {7}, {4, 6}, {2, 5}, {1, 3}], [{8}, {7}, {5, 6}, {2, 4}, {1, 3}], [{8}, {7}, {5, 6}, {3, 4}, {1, 2}]]",2,1,O1O2O3O4U5U6O7U2U1O6O5U8U4U7O8U3,O1O2O3U4U5O6O7U1O5O4U2U8U7U6O8U3,O1O2O3U1O4U5U6U4U2O7O8U3O6O5U8U7,c,{'O1O2O3O4U2O5U6U1U5O7O8U4U3O6U8U7'},1,"<a href=""/flatknot/8.704073"">8.704073</a>",t^9-72t^7-106t^6+375t^5-98t^4-68t^3+1024t^2-312t-190,2t^2-4t,,
8.704074,O1O2O3O4U2O5U6U1U5O7O8U4U7O6U3U8,4,5z^3+38z^2+100z+89,5w^4z^3-2w^4z^2+40w^3z^2-8w^3z+108w^2z+89w,False,False,"[[ 0 -2 -2  1  1  2 -2  0  2],[ 2  0  0  3  3  1  0  1  1],[ 2  0  0  2  1  0  1  1  2],[-1 -3 -2  0  0  1 -3  1  2],[-1 -3 -1  0  0  0 -3  1  1],[-2 -1  0 -1  0  0 -2  0 -1],[ 2  0 -1  3  3  2  0  0  1],[ 0 -1 -1 -1 -1  0  0  0  1],[-2 -1 -2 -2 -1  1 -1 -1  0]]","[[ 0  2  2  1  1  0 -2 -2 -2],[-2  0  1 -1 -2 -1 -1 -1 -2],[-2 -1  0  0 -1  0 -1 -2  0],[-1  1  0  0  0  1 -3 -3 -1],[-1  2  1  0  0  1 -3 -3 -2],[ 0  1  0 -1 -1  0 -1  0 -1],[ 2  1  1  3  3  1  0  0  0],[ 2  1  2  3  3  0  0  0 -1],[ 2  2  0  1  2  1  0  1  0]]",True,"[-2,-2,-1,-1,0,2,2,2,-1,1,2,1,1,1,2,0,1,0,1,2,0,0,-1,3,3,1,-1,3,3,2,1,0,1,0,0,1]","[-2,-2,-2,0,1,1,2,2,-1,0,0,3,3,1,2,0,1,1,2,2,0,1,3,3,1,1,-1,-1,1,0,0,1,0,2,1,1]",t^8+65t^6+480t^4+89t^2+1,"[-2,-2,-2,0,1,1,2,2,-1,0,1,1,2,2,4,0,2,0,0,3,2,1,0,0,3,3,2,2,1,2,0,-1,0,0,1,-1]","[-2,-2,-1,-1,0,2,2,2,-1,0,1,2,2,3,4,-1,0,1,3,3,2,0,2,0,0,1,2,0,0,2,2,1,1,0,-1,0]","[-2,-2,-2,0,1,1,2,2,-1,0,0,3,3,1,2,0,1,1,2,2,0,1,3,3,1,1,-1,-1,1,0,0,1,0,2,1,1]",c,"[[{8, 1}, {2, 7}, {3, 6}, {4, 5}], [{8, 1}, {2, 7}, {4, 6}, {3, 5}], [{8, 1}, {2, 7}, {4, 6}, {5}, {3}], [{8, 1}, {2, 7}, {5, 6}, {3, 4}], [{8, 1}, {3, 7}, {2, 6}, {4, 5}], [{8, 1}, {3, 7}, {4, 6}, {2, 5}], [{8, 1}, {3, 7}, {5, 6}, {2, 4}], [{8, 1}, {4, 7}, {2, 6}, {3, 5}], [{8, 1}, {4, 7}, {3, 6}, {2, 5}], [{8, 1}, {4, 7}, {5, 6}, {2, 3}], [{8, 1}, {4, 7}, {6}, {2, 5}, {3}], [{8, 1}, {5, 7}, {2, 6}, {3, 4}], [{8, 1}, {5, 7}, {3, 6}, {2, 4}], [{8, 1}, {5, 7}, {3, 6}, {4}, {2}], [{8, 1}, {5, 7}, {4, 6}, {2, 3}], [{8, 1}, {5, 7}, {6}, {2, 4}, {3}], [{8, 1}, {6, 7}, {2, 5}, {3, 4}], [{8, 1}, {6, 7}, {3, 5}, {2, 4}], [{8, 1}, {6, 7}, {4, 5}, {2, 3}], [{8, 2}, {1, 7}, {3, 6}, {4, 5}], [{8, 2}, {1, 7}, {4, 6}, {3, 5}], [{8, 2}, {1, 7}, {5, 6}, {3, 4}], [{8, 2}, {1, 7}, {6}, {4, 5}, {3}], [{8, 2}, {3, 7}, {1, 6}, {4, 5}], [{8, 2}, {3, 7}, {4, 6}, {1, 5}], [{8, 2}, {3, 7}, {5, 6}, {1, 4}], [{8, 2}, {3, 7}, {6}, {1, 5}, {4}], [{8, 2}, {4, 7}, {1, 6}, {3, 5}], [{8, 2}, {4, 7}, {3, 6}, {1, 5}], [{8, 2}, {4, 7}, {5, 6}, {1, 3}], [{8, 2}, {4, 7}, {6}, {1, 5}, {3}], [{8, 2}, {5, 7}, {1, 6}, {3, 4}], [{8, 2}, {5, 7}, {3, 6}, {1, 4}], [{8, 2}, {5, 7}, {4, 6}, {1, 3}], [{8, 2}, {5, 7}, {6}, {1, 4}, {3}], [{8, 2}, {6, 7}, {1, 5}, {3, 4}], [{8, 2}, {6, 7}, {1, 5}, {4}, {3}], [{8, 2}, {6, 7}, {3, 5}, {1, 4}], [{8, 2}, {6, 7}, {4, 5}, {1, 3}], [{8, 2}, {7}, {3, 6}, {1, 5}, {4}], [{8, 2}, {7}, {4, 6}, {1, 5}, {3}], [{8, 2}, {7}, {6}, {1, 5}, {3, 4}], [{8, 3}, {1, 7}, {2, 6}, {4, 5}], [{8, 3}, {1, 7}, {4, 6}, {2, 5}], [{8, 3}, {1, 7}, {5, 6}, {2, 4}], [{8, 3}, {2, 7}, {1, 6}, {4, 5}], [{8, 3}, {2, 7}, {4, 6}, {1, 5}], [{8, 3}, {2, 7}, {5, 6}, {1, 4}], [{8, 3}, {4, 7}, {1, 6}, {2, 5}], [{8, 3}, {4, 7}, {2, 6}, {1, 5}], [{8, 3}, {4, 7}, {5, 6}, {1, 2}], [{8, 3}, {5, 7}, {1, 6}, {2, 4}], [{8, 3}, {5, 7}, {2, 6}, {1, 4}], [{8, 3}, {5, 7}, {4, 6}, {1, 2}], [{8, 3}, {5, 7}, {6}, {4}, {1, 2}], [{8, 3}, {6, 7}, {1, 5}, {2, 4}], [{8, 3}, {6, 7}, {2, 5}, {1, 4}], [{8, 3}, {6, 7}, {4, 5}, {1, 2}], [{8, 4}, {1, 7}, {2, 6}, {3, 5}], [{8, 4}, {1, 7}, {3, 6}, {2, 5}], [{8, 4}, {1, 7}, {5, 6}, {2, 3}], [{8, 4}, {1, 7}, {5, 6}, {3}, {2}], [{8, 4}, {1, 7}, {6}, {5}, {2, 3}], [{8, 4}, {2, 7}, {1, 6}, {3, 5}], [{8, 4}, {2, 7}, {3, 6}, {1, 5}], [{8, 4}, {2, 7}, {5, 6}, {1, 3}], [{8, 4}, {2, 7}, {5, 6}, {3}, {1}], [{8, 4}, {3, 7}, {1, 6}, {2, 5}], [{8, 4}, {3, 7}, {2, 6}, {1, 5}], [{8, 4}, {3, 7}, {5, 6}, {1, 2}], [{8, 4}, {3, 7}, {5, 6}, {2}, {1}], [{8, 4}, {5, 7}, {1, 6}, {2, 3}], [{8, 4}, {5, 7}, {2, 6}, {1, 3}], [{8, 4}, {5, 7}, {3, 6}, {1, 2}], [{8, 4}, {5, 7}, {6}, {1, 3}, {2}], [{8, 4}, {5, 7}, {6}, {2, 3}, {1}], [{8, 4}, {5, 7}, {6}, {3}, {1, 2}], [{8, 4}, {6, 7}, {1, 5}, {2, 3}], [{8, 4}, {6, 7}, {2, 5}, {1, 3}], [{8, 4}, {6, 7}, {3, 5}, {1, 2}], [{8, 4}, {6, 7}, {5}, {1, 3}, {2}], [{8, 4}, {6, 7}, {5}, {2, 3}, {1}], [{8, 4}, {6, 7}, {5}, {3}, {1, 2}], [{8, 4}, {7}, {1, 6}, {5}, {2, 3}], [{8, 4}, {7}, {2, 6}, {3, 5}, {1}], [{8, 4}, {7}, {3, 6}, {2, 5}, {1}], [{8, 4}, {7}, {5, 6}, {1, 3}, {2}], [{8, 4}, {7}, {5, 6}, {2, 3}, {1}], [{8, 4}, {7}, {5, 6}, {3}, {1, 2}], [{8, 4}, {7}, {5, 6}, {3}, {2}, {1}], [{8, 4}, {7}, {6}, {1, 5}, {2, 3}], [{8, 4}, {7}, {6}, {5}, {2, 3}, {1}], [{8, 5}, {1, 7}, {2, 6}, {3, 4}], [{8, 5}, {1, 7}, {3, 6}, {2, 4}], [{8, 5}, {1, 7}, {4, 6}, {2, 3}], [{8, 5}, {2, 7}, {1, 6}, {3, 4}], [{8, 5}, {2, 7}, {3, 6}, {1, 4}], [{8, 5}, {2, 7}, {4, 6}, {1, 3}], [{8, 5}, {2, 7}, {6}, {1, 4}, {3}], [{8, 5}, {3, 7}, {1, 6}, {2, 4}], [{8, 5}, {3, 7}, {2, 6}, {1, 4}], [{8, 5}, {3, 7}, {4, 6}, {1, 2}], [{8, 5}, {3, 7}, {4, 6}, {2}, {1}], [{8, 5}, {4, 7}, {1, 6}, {2, 3}], [{8, 5}, {4, 7}, {2, 6}, {1, 3}], [{8, 5}, {4, 7}, {3, 6}, {1, 2}], [{8, 5}, {6, 7}, {1, 4}, {2, 3}], [{8, 5}, {6, 7}, {2, 4}, {1, 3}], [{8, 5}, {6, 7}, {3, 4}, {1, 2}], [{8, 5}, {7}, {2, 6}, {3, 4}, {1}], [{8, 6}, {1, 7}, {2, 5}, {3, 4}], [{8, 6}, {1, 7}, {3, 5}, {2, 4}], [{8, 6}, {1, 7}, {4, 5}, {2, 3}], [{8, 6}, {2, 7}, {1, 5}, {3, 4}], [{8, 6}, {2, 7}, {3, 5}, {1, 4}], [{8, 6}, {2, 7}, {4, 5}, {1, 3}], [{8, 6}, {3, 7}, {1, 5}, {2, 4}], [{8, 6}, {3, 7}, {2, 5}, {1, 4}], [{8, 6}, {3, 7}, {4, 5}, {1, 2}], [{8, 6}, {4, 7}, {1, 5}, {2, 3}], [{8, 6}, {4, 7}, {2, 5}, {1, 3}], [{8, 6}, {4, 7}, {3, 5}, {1, 2}], [{8, 6}, {5, 7}, {1, 4}, {2, 3}], [{8, 6}, {5, 7}, {2, 4}, {1, 3}], [{8, 6}, {5, 7}, {2, 4}, {3}, {1}], [{8, 6}, {5, 7}, {3, 4}, {1, 2}], [{8, 6}, {7}, {5}, {2, 4}, {1, 3}], [{8, 7}, {1, 6}, {2, 5}, {3, 4}], [{8, 7}, {1, 6}, {3, 5}, {2, 4}], [{8, 7}, {1, 6}, {4, 5}, {2, 3}], [{8, 7}, {2, 6}, {1, 5}, {3, 4}], [{8, 7}, {2, 6}, {3, 5}, {1, 4}], [{8, 7}, {2, 6}, {4, 5}, {1, 3}], [{8, 7}, {2, 6}, {5}, {3, 4}, {1}], [{8, 7}, {3, 6}, {1, 5}, {2, 4}], [{8, 7}, {3, 6}, {2, 5}, {1, 4}], [{8, 7}, {3, 6}, {2, 5}, {4}, {1}], [{8, 7}, {3, 6}, {4, 5}, {1, 2}], [{8, 7}, {4, 6}, {1, 5}, {2, 3}], [{8, 7}, {4, 6}, {2, 5}, {1, 3}], [{8, 7}, {4, 6}, {3, 5}, {1, 2}], [{8, 7}, {4, 6}, {5}, {1, 3}, {2}], [{8, 7}, {5, 6}, {1, 4}, {2, 3}], [{8, 7}, {5, 6}, {2, 4}, {1, 3}], [{8, 7}, {5, 6}, {3, 4}, {1, 2}], [{8, 7}, {6}, {1, 5}, {2, 4}, {3}], [{8, 7}, {6}, {2, 5}, {1, 4}, {3}], [{8}, {1, 7}, {6}, {3, 5}, {2, 4}], [{8}, {3, 7}, {2, 6}, {4, 5}, {1}], [{8}, {4, 7}, {3, 6}, {2, 5}, {1}], [{8}, {5, 7}, {1, 6}, {2, 4}, {3}], [{8}, {5, 7}, {1, 6}, {3, 4}, {2}], [{8}, {5, 7}, {1, 6}, {4}, {2, 3}], [{8}, {5, 7}, {2, 6}, {3, 4}, {1}], [{8}, {5, 7}, {6}, {3, 4}, {1, 2}], [{8}, {7}, {4, 6}, {2, 5}, {1, 3}]]",2,- 8 K_1^4 + 4 K_1^3 + 8 K_1^2 K_2 - 10 K_1^2 - 8 K_1 K_2 + K_1 - 2 K_2^2 + 5 K_2 + 3 K_3 + 8,O1O2O3O4U5U2O6U7U1O5O7U8U4U6O8U3,O1O2O3U4U5O6O4U1O7O5U2U8U7U6O8U3,O1O2O3U1O4U5U6U4U2O7O6U3O8O5U7U8,c,{'O1O2O3O4U2O5U6U1U5O7O8U4U7O6U3U8'},1,"<a href=""/flatknot/8.704074"">8.704074</a>",t^9-67t^7-120t^6+133t^5+18t^4+11t^3+218t^2-36t-32,t^2-2t,,
8.704075,O1O2O3O4U2O5U6U1U5O7O8U4U7O6U8U3,3,8z^2+37z+43,-6w^4z^2+14w^3z^2-16w^3z+53w^2z+43w,False,False,"[[ 0 -2 -2  2  1  2 -2  0  1],[ 2  0  0  3  3  1  0  1  0],[ 2  0  0  2  1  0  1  1  1],[-2 -3 -2  0 -1  1 -3  0  1],[-1 -3 -1  1  0  0 -3  1  1],[-2 -1  0 -1  0  0 -2  0 -1],[ 2  0 -1  3  3  2  0  0  0],[ 0 -1 -1  0 -1  0  0  0  1],[-1  0 -1 -1 -1  1  0 -1  0]]","[[ 0  2  2  1  1  0 -2 -2 -2],[-2  0  1  1 -1  0 -2 -3 -3],[-2 -1  0 -1  0  0  0 -1 -2],[-1 -1  1  0 -1 -1 -1  0  0],[-1  1  0  1  0  1 -1 -3 -3],[ 0  0  0  1 -1  0 -1 -1  0],[ 2  2  0  1  1  1  0  0  1],[ 2  3  1  0  3  1  0  0  0],[ 2  3  2  0  3  0 -1  0  0]]",True,"[-2,-2,-1,-1,0,2,2,2,-1,-1,1,0,2,3,3,1,0,0,0,1,2,1,1,1,0,0,-1,1,3,3,1,1,0,0,-1,0]","[-2,-2,-2,0,1,1,2,2,-1,0,0,0,3,2,3,0,1,1,1,0,2,1,0,3,1,3,1,-1,0,0,-1,1,-1,0,1,-1]",t^8+57t^6+379t^4+33t^2,"[-2,-2,-2,0,1,1,2,2,-1,0,1,2,2,2,4,0,2,0,3,1,2,1,0,3,1,3,2,0,2,2,-1,0,1,2,0,-1]","[-2,-2,-1,-1,0,2,2,2,-1,0,1,2,2,3,4,2,0,2,1,1,2,-1,0,3,3,2,2,0,0,2,2,1,1,0,-1,0]","[-2,-2,-2,0,1,1,2,2,-1,0,0,0,3,2,3,0,1,1,1,0,2,1,0,3,1,3,1,-1,0,0,-1,1,-1,0,1,-1]",c,"[[{8, 2}, {1, 7}, {4, 6}, {3, 5}], [{8, 4}, {5, 7}, {3, 6}, {1, 2}], [{8, 4}, {5, 7}, {6}, {3}, {1, 2}]]",1,4 K_1^3 - 10 K_1^2 - 4 K_1 K_2 - K_1 + 5 K_2 + K_3 + 6,O1O2O3O4U2U5O6U7U1O5O7U8U4U6O8U3,O1O2O3U4U5O6O4U1O5O7U2U8U7U6O8U3,O1O2O3U1O4U5U6U4U2O6O7U3O8O5U7U8,c,"{'O1O2O3O4U2O5U6U1U5O7O8U4U7O6U8U3', 'O1O2O3O4U2O5U6U1U5O7U3O8U7O6U4U8'}",2,"<a href=""/flatknot/8.704075"">8.704075</a>",t^9-59t^7-84t^6+186t^5-76t^4-195t^3+434t^2+40t-96,t^2-2t,,
8.704076,O1O2O3O4U2O5U6U1U5O7O8U4U8O6U3U7,3,8z^2+61z+91,8w^3z^2+61w^2z+91w,False,False,"[[ 0 -2 -2  1  1  2 -2  1  1],[ 2  0  0  3  3  1  0  1  1],[ 2  0  0  2  1  0  1  2  1],[-1 -3 -2  0  0  1 -3  1  1],[-1 -3 -1  0  0  0 -3  1  1],[-2 -1  0 -1  0  0 -2 -1  0],[ 2  0 -1  3  3  2  0  1  1],[-1 -1 -2 -1 -1  1 -1  0  0],[-1 -1 -1 -1 -1  0 -1  0  0]]","[[ 0  2  1  1  1  1 -2 -2 -2],[-2  0  0  0 -1 -1  0 -1 -2],[-1  0  0  1  1  0 -1 -3 -3],[-1  0 -1  0  0 -1 -1 -1 -1],[-1  1 -1  0  0 -1 -2 -1 -1],[-1  1  0  1  1  0 -2 -3 -3],[ 2  0  1  1  2  2  0  0  1],[ 2  1  3  1  1  3  0  0  0],[ 2  2  3  1  1  3 -1  0  0]]",True,"[-2,-1,-1,-1,-1,2,2,2,0,0,1,1,0,1,2,-1,-1,0,1,3,3,0,1,1,1,1,1,2,1,1,2,3,3,0,-1,0]","[-2,-2,-2,1,1,1,1,2,-1,0,1,1,2,2,4,0,0,2,0,2,2,0,2,0,2,3,-1,0,-1,0,1,0,0,-1,1,1]",t^8+62t^6+321t^4+12t^2,"[-2,-2,-2,1,1,1,1,2,-1,0,1,1,2,2,4,0,0,2,0,2,2,0,2,0,2,3,-1,0,-1,0,1,0,0,-1,1,1]","[-2,-1,-1,-1,-1,2,2,2,0,0,1,1,2,3,4,-1,-1,0,2,2,1,0,1,0,0,1,1,0,0,2,2,2,2,0,-1,0]","[-2,-2,-2,1,1,1,1,2,-1,0,1,1,3,3,2,0,1,2,1,2,0,1,1,3,3,1,0,-1,-1,0,-1,-1,1,0,0,1]",c,"[[{8, 1}, {2, 7}, {3, 6}, {4, 5}], [{8, 1}, {2, 7}, {3, 6}, {5}, {4}], [{8, 1}, {2, 7}, {4, 6}, {3, 5}], [{8, 1}, {2, 7}, {5, 6}, {3, 4}], [{8, 1}, {2, 7}, {6}, {4, 5}, {3}], [{8, 1}, {3, 7}, {2, 6}, {4, 5}], [{8, 1}, {3, 7}, {4, 6}, {2, 5}], [{8, 1}, {3, 7}, {5, 6}, {2, 4}], [{8, 1}, {3, 7}, {6}, {2, 5}, {4}], [{8, 1}, {4, 7}, {2, 6}, {3, 5}], [{8, 1}, {4, 7}, {3, 6}, {2, 5}], [{8, 1}, {4, 7}, {3, 6}, {5}, {2}], [{8, 1}, {4, 7}, {5, 6}, {2, 3}], [{8, 1}, {4, 7}, {6}, {2, 5}, {3}], [{8, 1}, {5, 7}, {2, 6}, {3, 4}], [{8, 1}, {5, 7}, {3, 6}, {2, 4}], [{8, 1}, {5, 7}, {3, 6}, {4}, {2}], [{8, 1}, {5, 7}, {4, 6}, {2, 3}], [{8, 1}, {5, 7}, {6}, {2, 4}, {3}], [{8, 1}, {6, 7}, {2, 5}, {3, 4}], [{8, 1}, {6, 7}, {2, 5}, {4}, {3}], [{8, 1}, {6, 7}, {3, 5}, {2, 4}], [{8, 1}, {6, 7}, {4, 5}, {2, 3}], [{8, 1}, {7}, {3, 6}, {2, 5}, {4}], [{8, 1}, {7}, {3, 6}, {4, 5}, {2}], [{8, 1}, {7}, {3, 6}, {5}, {2, 4}], [{8, 1}, {7}, {4, 6}, {2, 5}, {3}], [{8, 1}, {7}, {6}, {2, 5}, {3, 4}], [{8, 1}, {7}, {6}, {2, 5}, {4}, {3}], [{8, 2}, {1, 7}, {3, 6}, {4, 5}], [{8, 2}, {1, 7}, {4, 6}, {3, 5}], [{8, 2}, {1, 7}, {5, 6}, {3, 4}], [{8, 2}, {3, 7}, {1, 6}, {4, 5}], [{8, 2}, {3, 7}, {4, 6}, {1, 5}], [{8, 2}, {3, 7}, {5, 6}, {1, 4}], [{8, 2}, {4, 7}, {1, 6}, {3, 5}], [{8, 2}, {4, 7}, {3, 6}, {1, 5}], [{8, 2}, {4, 7}, {5, 6}, {1, 3}], [{8, 2}, {5, 7}, {1, 6}, {3, 4}], [{8, 2}, {5, 7}, {3, 6}, {1, 4}], [{8, 2}, {5, 7}, {4, 6}, {1, 3}], [{8, 2}, {5, 7}, {4, 6}, {3}, {1}], [{8, 2}, {5, 7}, {6}, {4}, {1, 3}], [{8, 2}, {6, 7}, {1, 5}, {3, 4}], [{8, 2}, {6, 7}, {3, 5}, {1, 4}], [{8, 2}, {6, 7}, {4, 5}, {1, 3}], [{8, 2}, {7}, {4, 6}, {5}, {1, 3}], [{8, 3}, {1, 7}, {2, 6}, {4, 5}], [{8, 3}, {1, 7}, {4, 6}, {2, 5}], [{8, 3}, {1, 7}, {5, 6}, {2, 4}], [{8, 3}, {1, 7}, {6}, {2, 5}, {4}], [{8, 3}, {2, 7}, {1, 6}, {4, 5}], [{8, 3}, {2, 7}, {4, 6}, {1, 5}], [{8, 3}, {2, 7}, {5, 6}, {1, 4}], [{8, 3}, {4, 7}, {1, 6}, {2, 5}], [{8, 3}, {4, 7}, {1, 6}, {5}, {2}], [{8, 3}, {4, 7}, {2, 6}, {1, 5}], [{8, 3}, {4, 7}, {2, 6}, {5}, {1}], [{8, 3}, {4, 7}, {5, 6}, {1, 2}], [{8, 3}, {4, 7}, {5, 6}, {2}, {1}], [{8, 3}, {4, 7}, {6}, {1, 5}, {2}], [{8, 3}, {4, 7}, {6}, {2, 5}, {1}], [{8, 3}, {4, 7}, {6}, {5}, {1, 2}], [{8, 3}, {5, 7}, {1, 6}, {2, 4}], [{8, 3}, {5, 7}, {2, 6}, {1, 4}], [{8, 3}, {5, 7}, {4, 6}, {1, 2}], [{8, 3}, {6, 7}, {1, 5}, {2, 4}], [{8, 3}, {6, 7}, {2, 5}, {1, 4}], [{8, 3}, {6, 7}, {2, 5}, {4}, {1}], [{8, 3}, {6, 7}, {4, 5}, {1, 2}], [{8, 3}, {7}, {1, 6}, {2, 5}, {4}], [{8, 3}, {7}, {2, 6}, {1, 5}, {4}], [{8, 3}, {7}, {4, 6}, {2, 5}, {1}], [{8, 3}, {7}, {5, 6}, {4}, {1, 2}], [{8, 3}, {7}, {6}, {2, 5}, {1, 4}], [{8, 3}, {7}, {6}, {2, 5}, {4}, {1}], [{8, 4}, {1, 7}, {2, 6}, {3, 5}], [{8, 4}, {1, 7}, {2, 6}, {5}, {3}], [{8, 4}, {1, 7}, {3, 6}, {2, 5}], [{8, 4}, {1, 7}, {5, 6}, {2, 3}], [{8, 4}, {1, 7}, {5, 6}, {3}, {2}], [{8, 4}, {1, 7}, {6}, {2, 5}, {3}], [{8, 4}, {2, 7}, {1, 6}, {3, 5}], [{8, 4}, {2, 7}, {1, 6}, {5}, {3}], [{8, 4}, {2, 7}, {3, 6}, {1, 5}], [{8, 4}, {2, 7}, {5, 6}, {1, 3}], [{8, 4}, {2, 7}, {5, 6}, {3}, {1}], [{8, 4}, {2, 7}, {6}, {1, 5}, {3}], [{8, 4}, {3, 7}, {1, 6}, {2, 5}], [{8, 4}, {3, 7}, {2, 6}, {1, 5}], [{8, 4}, {3, 7}, {5, 6}, {1, 2}], [{8, 4}, {3, 7}, {6}, {2, 5}, {1}], [{8, 4}, {5, 7}, {1, 6}, {2, 3}], [{8, 4}, {5, 7}, {1, 6}, {3}, {2}], [{8, 4}, {5, 7}, {2, 6}, {1, 3}], [{8, 4}, {5, 7}, {2, 6}, {3}, {1}], [{8, 4}, {5, 7}, {3, 6}, {1, 2}], [{8, 4}, {5, 7}, {6}, {3}, {1, 2}], [{8, 4}, {6, 7}, {1, 5}, {2, 3}], [{8, 4}, {6, 7}, {1, 5}, {3}, {2}], [{8, 4}, {6, 7}, {2, 5}, {1, 3}], [{8, 4}, {6, 7}, {2, 5}, {3}, {1}], [{8, 4}, {6, 7}, {3, 5}, {1, 2}], [{8, 4}, {6, 7}, {5}, {3}, {1, 2}], [{8, 4}, {7}, {1, 6}, {2, 5}, {3}], [{8, 4}, {7}, {2, 6}, {1, 5}, {3}], [{8, 4}, {7}, {3, 6}, {2, 5}, {1}], [{8, 4}, {7}, {5, 6}, {3}, {1, 2}], [{8, 4}, {7}, {6}, {2, 5}, {1, 3}], [{8, 4}, {7}, {6}, {2, 5}, {3}, {1}], [{8, 5}, {1, 7}, {2, 6}, {3, 4}], [{8, 5}, {1, 7}, {3, 6}, {2, 4}], [{8, 5}, {1, 7}, {4, 6}, {2, 3}], [{8, 5}, {2, 7}, {1, 6}, {3, 4}], [{8, 5}, {2, 7}, {3, 6}, {1, 4}], [{8, 5}, {2, 7}, {4, 6}, {1, 3}], [{8, 5}, {2, 7}, {4, 6}, {3}, {1}], [{8, 5}, {2, 7}, {6}, {4}, {1, 3}], [{8, 5}, {3, 7}, {1, 6}, {2, 4}], [{8, 5}, {3, 7}, {2, 6}, {1, 4}], [{8, 5}, {3, 7}, {4, 6}, {1, 2}], [{8, 5}, {4, 7}, {1, 6}, {2, 3}], [{8, 5}, {4, 7}, {2, 6}, {1, 3}], [{8, 5}, {4, 7}, {3, 6}, {1, 2}], [{8, 5}, {6, 7}, {1, 4}, {2, 3}], [{8, 5}, {6, 7}, {2, 4}, {1, 3}], [{8, 5}, {6, 7}, {3, 4}, {1, 2}], [{8, 5}, {7}, {4, 6}, {1, 3}, {2}], [{8, 6}, {1, 7}, {2, 5}, {3, 4}], [{8, 6}, {1, 7}, {2, 5}, {4}, {3}], [{8, 6}, {1, 7}, {3, 5}, {2, 4}], [{8, 6}, {1, 7}, {3, 5}, {4}, {2}], [{8, 6}, {1, 7}, {4, 5}, {2, 3}], [{8, 6}, {1, 7}, {4, 5}, {3}, {2}], [{8, 6}, {1, 7}, {5}, {2, 4}, {3}], [{8, 6}, {1, 7}, {5}, {3, 4}, {2}], [{8, 6}, {1, 7}, {5}, {4}, {2, 3}], [{8, 6}, {2, 7}, {1, 5}, {3, 4}], [{8, 6}, {2, 7}, {3, 5}, {1, 4}], [{8, 6}, {2, 7}, {4, 5}, {1, 3}], [{8, 6}, {3, 7}, {1, 5}, {2, 4}], [{8, 6}, {3, 7}, {2, 5}, {1, 4}], [{8, 6}, {3, 7}, {2, 5}, {4}, {1}], [{8, 6}, {3, 7}, {4, 5}, {1, 2}], [{8, 6}, {4, 7}, {1, 5}, {2, 3}], [{8, 6}, {4, 7}, {2, 5}, {1, 3}], [{8, 6}, {4, 7}, {2, 5}, {3}, {1}], [{8, 6}, {4, 7}, {3, 5}, {1, 2}], [{8, 6}, {5, 7}, {1, 4}, {2, 3}], [{8, 6}, {5, 7}, {2, 4}, {1, 3}], [{8, 6}, {5, 7}, {3, 4}, {1, 2}], [{8, 6}, {7}, {2, 5}, {1, 4}, {3}], [{8, 6}, {7}, {2, 5}, {3, 4}, {1}], [{8, 6}, {7}, {2, 5}, {4}, {1, 3}], [{8, 6}, {7}, {2, 5}, {4}, {3}, {1}], [{8, 6}, {7}, {3, 5}, {2, 4}, {1}], [{8, 6}, {7}, {4, 5}, {2, 3}, {1}], [{8, 7}, {1, 6}, {2, 5}, {3, 4}], [{8, 7}, {1, 6}, {2, 5}, {4}, {3}], [{8, 7}, {1, 6}, {3, 5}, {2, 4}], [{8, 7}, {1, 6}, {4, 5}, {2, 3}], [{8, 7}, {2, 6}, {1, 5}, {3, 4}], [{8, 7}, {2, 6}, {1, 5}, {4}, {3}], [{8, 7}, {2, 6}, {3, 5}, {1, 4}], [{8, 7}, {2, 6}, {4, 5}, {1, 3}], [{8, 7}, {3, 6}, {1, 5}, {2, 4}], [{8, 7}, {3, 6}, {2, 5}, {1, 4}], [{8, 7}, {3, 6}, {2, 5}, {4}, {1}], [{8, 7}, {3, 6}, {4, 5}, {1, 2}], [{8, 7}, {4, 6}, {1, 5}, {2, 3}], [{8, 7}, {4, 6}, {2, 5}, {1, 3}], [{8, 7}, {4, 6}, {2, 5}, {3}, {1}], [{8, 7}, {4, 6}, {3, 5}, {1, 2}], [{8, 7}, {4, 6}, {5}, {1, 3}, {2}], [{8, 7}, {5, 6}, {1, 4}, {2, 3}], [{8, 7}, {5, 6}, {2, 4}, {1, 3}], [{8, 7}, {5, 6}, {3, 4}, {1, 2}], [{8, 7}, {5, 6}, {4}, {3}, {1, 2}], [{8, 7}, {6}, {2, 5}, {1, 4}, {3}], [{8, 7}, {6}, {2, 5}, {3, 4}, {1}], [{8, 7}, {6}, {2, 5}, {4}, {1, 3}], [{8, 7}, {6}, {2, 5}, {4}, {3}, {1}], [{8}, {1, 7}, {3, 6}, {2, 5}, {4}], [{8}, {1, 7}, {4, 6}, {2, 5}, {3}], [{8}, {1, 7}, {6}, {2, 5}, {3, 4}], [{8}, {1, 7}, {6}, {2, 5}, {4}, {3}], [{8}, {1, 7}, {6}, {3, 5}, {2, 4}], [{8}, {1, 7}, {6}, {4, 5}, {2, 3}], [{8}, {2, 7}, {3, 6}, {4, 5}, {1}], [{8}, {2, 7}, {4, 6}, {5}, {1, 3}], [{8}, {3, 7}, {1, 6}, {2, 5}, {4}], [{8}, {3, 7}, {1, 6}, {4, 5}, {2}], [{8}, {3, 7}, {1, 6}, {5}, {2, 4}], [{8}, {3, 7}, {2, 6}, {1, 5}, {4}], [{8}, {3, 7}, {2, 6}, {4, 5}, {1}], [{8}, {3, 7}, {2, 6}, {5}, {1, 4}], [{8}, {3, 7}, {4, 6}, {1, 5}, {2}], [{8}, {3, 7}, {4, 6}, {2, 5}, {1}], [{8}, {3, 7}, {4, 6}, {5}, {1, 2}], [{8}, {3, 7}, {5, 6}, {1, 4}, {2}], [{8}, {3, 7}, {5, 6}, {2, 4}, {1}], [{8}, {3, 7}, {5, 6}, {4}, {1, 2}], [{8}, {3, 7}, {6}, {1, 5}, {2, 4}], [{8}, {3, 7}, {6}, {2, 5}, {1, 4}], [{8}, {3, 7}, {6}, {2, 5}, {4}, {1}], [{8}, {3, 7}, {6}, {4, 5}, {1, 2}], [{8}, {4, 7}, {1, 6}, {2, 5}, {3}], [{8}, {4, 7}, {2, 6}, {1, 5}, {3}], [{8}, {4, 7}, {3, 6}, {2, 5}, {1}], [{8}, {4, 7}, {5, 6}, {3}, {1, 2}], [{8}, {4, 7}, {6}, {2, 5}, {1, 3}], [{8}, {4, 7}, {6}, {2, 5}, {3}, {1}], [{8}, {5, 7}, {3, 6}, {2, 4}, {1}], [{8}, {5, 7}, {4, 6}, {1, 3}, {2}], [{8}, {6, 7}, {2, 5}, {1, 4}, {3}], [{8}, {6, 7}, {2, 5}, {3, 4}, {1}], [{8}, {6, 7}, {2, 5}, {4}, {1, 3}], [{8}, {6, 7}, {2, 5}, {4}, {3}, {1}], [{8}, {7}, {1, 6}, {2, 5}, {3, 4}], [{8}, {7}, {1, 6}, {2, 5}, {4}, {3}], [{8}, {7}, {2, 6}, {1, 5}, {3, 4}], [{8}, {7}, {2, 6}, {1, 5}, {4}, {3}], [{8}, {7}, {3, 6}, {2, 5}, {1, 4}], [{8}, {7}, {3, 6}, {2, 5}, {4}, {1}], [{8}, {7}, {4, 6}, {2, 5}, {1, 3}], [{8}, {7}, {4, 6}, {2, 5}, {3}, {1}], [{8}, {7}, {5, 6}, {3, 4}, {1, 2}], [{8}, {7}, {5, 6}, {4}, {3}, {1, 2}], [{8}, {7}, {6}, {2, 5}, {1, 4}, {3}], [{8}, {7}, {6}, {2, 5}, {3, 4}, {1}], [{8}, {7}, {6}, {2, 5}, {4}, {1, 3}], [{8}, {7}, {6}, {2, 5}, {4}, {3}, {1}]]",2,8 K_1^3 - 24 K_1^2 - 16 K_1 K_2 + 2 K_1 + 12 K_2 + 6 K_3 + 13,O1O2O3O4U5U2O6U7U1O7O5U8U4U6O8U3,O1O2O3U4U5O6O5U1O7O4U2U8U7U6O8U3,O1O2O3U1O4U5U6U4U2O7O6U3O8O5U8U7,c,{'O1O2O3O4U2O5U6U1U5O7O8U4U8O6U3U7'},1,"<a href=""/flatknot/8.704076"">8.704076</a>",t^9-66t^7-108t^6+153t^5-52t^4+80t^3+24t^2,2t^2-4t,,
8.704077,O1O2O3O4U2O5U6U1U5O7O8U4U8O6U7U3,4,2z^3+25z^2+88z+93,2w^4z^3+25w^3z^2+88w^2z+93w,False,False,"[[ 0 -2 -2  2  1  2 -2  0  1],[ 2  0  0  3  3  1  0  0  1],[ 2  0  0  2  1  0  1  1  1],[-2 -3 -2  0 -1  1 -3  0  1],[-1 -3 -1  1  0  0 -3  1  1],[-2 -1  0 -1  0  0 -2 -1  0],[ 2  0 -1  3  3  2  0  0  1],[ 0  0 -1  0 -1  1  0  0  0],[-1 -1 -1 -1 -1  0 -1  0  0]]","[[ 0  2  2  1  1  0 -2 -2 -2],[-2  0  1  1 -1  0 -2 -3 -3],[-2 -1  0  0  0 -1  0 -1 -2],[-1 -1  0  0 -1  0 -1 -1 -1],[-1  1  0  1  0  1 -1 -3 -3],[ 0  0  1  0 -1  0 -1  0  0],[ 2  2  0  1  1  1  0  0  1],[ 2  3  1  1  3  0  0  0  0],[ 2  3  2  1  3  0 -1  0  0]]",True,"[-2,-2,-1,-1,0,2,2,2,-1,-1,1,0,2,3,3,0,0,1,0,1,2,1,0,1,1,1,-1,1,3,3,1,0,0,0,-1,0]","[-2,-2,-2,0,1,1,2,2,-1,0,0,1,3,2,3,0,1,1,1,0,2,0,1,3,1,3,0,-1,1,0,-1,0,-1,0,1,-1]",t^8+57t^6+293t^4+77t^2+1,"[-2,-2,-2,0,1,1,2,2,-1,0,1,2,2,2,4,0,2,0,2,1,2,2,0,2,1,3,2,1,2,1,-1,0,1,2,1,-1]","[-2,-2,-1,-1,0,2,2,2,-1,1,1,1,2,3,4,0,2,2,1,1,2,1,2,0,0,2,1,2,2,2,2,2,1,0,-1,0]","[-2,-2,-2,0,1,1,2,2,-1,0,0,1,3,2,3,0,1,1,1,0,2,0,1,3,1,3,0,-1,1,0,-1,0,-1,0,1,-1]",c,"[[{8, 1}, {2, 7}, {3, 6}, {4, 5}], [{8, 1}, {2, 7}, {4, 6}, {3, 5}], [{8, 1}, {2, 7}, {5, 6}, {3, 4}], [{8, 1}, {3, 7}, {2, 6}, {4, 5}], [{8, 1}, {3, 7}, {4, 6}, {2, 5}], [{8, 1}, {3, 7}, {5, 6}, {2, 4}], [{8, 1}, {4, 7}, {2, 6}, {3, 5}], [{8, 1}, {4, 7}, {3, 6}, {2, 5}], [{8, 1}, {4, 7}, {5, 6}, {2, 3}], [{8, 1}, {4, 7}, {6}, {2, 5}, {3}], [{8, 1}, {4, 7}, {6}, {3, 5}, {2}], [{8, 1}, {4, 7}, {6}, {5}, {2, 3}], [{8, 1}, {5, 7}, {2, 6}, {3, 4}], [{8, 1}, {5, 7}, {3, 6}, {2, 4}], [{8, 1}, {5, 7}, {4, 6}, {2, 3}], [{8, 1}, {5, 7}, {6}, {2, 4}, {3}], [{8, 1}, {6, 7}, {2, 5}, {3, 4}], [{8, 1}, {6, 7}, {3, 5}, {2, 4}], [{8, 1}, {6, 7}, {3, 5}, {4}, {2}], [{8, 1}, {6, 7}, {4, 5}, {2, 3}], [{8, 1}, {7}, {2, 6}, {4, 5}, {3}], [{8, 1}, {7}, {3, 6}, {2, 5}, {4}], [{8, 1}, {7}, {4, 6}, {3, 5}, {2}], [{8, 2}, {1, 7}, {3, 6}, {4, 5}], [{8, 2}, {1, 7}, {3, 6}, {5}, {4}], [{8, 2}, {1, 7}, {4, 6}, {3, 5}], [{8, 2}, {1, 7}, {5, 6}, {3, 4}], [{8, 2}, {3, 7}, {1, 6}, {4, 5}], [{8, 2}, {3, 7}, {4, 6}, {1, 5}], [{8, 2}, {3, 7}, {5, 6}, {1, 4}], [{8, 2}, {3, 7}, {6}, {4, 5}, {1}], [{8, 2}, {4, 7}, {1, 6}, {3, 5}], [{8, 2}, {4, 7}, {3, 6}, {1, 5}], [{8, 2}, {4, 7}, {3, 6}, {5}, {1}], [{8, 2}, {4, 7}, {5, 6}, {1, 3}], [{8, 2}, {5, 7}, {1, 6}, {3, 4}], [{8, 2}, {5, 7}, {3, 6}, {1, 4}], [{8, 2}, {5, 7}, {4, 6}, {1, 3}], [{8, 2}, {5, 7}, {6}, {4}, {1, 3}], [{8, 2}, {6, 7}, {1, 5}, {3, 4}], [{8, 2}, {6, 7}, {3, 5}, {1, 4}], [{8, 2}, {6, 7}, {4, 5}, {1, 3}], [{8, 2}, {6, 7}, {5}, {4}, {1, 3}], [{8, 2}, {7}, {1, 6}, {4, 5}, {3}], [{8, 2}, {7}, {3, 6}, {5}, {1, 4}], [{8, 2}, {7}, {5, 6}, {4}, {1, 3}], [{8, 3}, {1, 7}, {2, 6}, {4, 5}], [{8, 3}, {1, 7}, {4, 6}, {2, 5}], [{8, 3}, {1, 7}, {5, 6}, {2, 4}], [{8, 3}, {1, 7}, {5, 6}, {4}, {2}], [{8, 3}, {1, 7}, {6}, {5}, {2, 4}], [{8, 3}, {2, 7}, {1, 6}, {4, 5}], [{8, 3}, {2, 7}, {4, 6}, {1, 5}], [{8, 3}, {2, 7}, {5, 6}, {1, 4}], [{8, 3}, {2, 7}, {6}, {4, 5}, {1}], [{8, 3}, {4, 7}, {1, 6}, {2, 5}], [{8, 3}, {4, 7}, {2, 6}, {1, 5}], [{8, 3}, {4, 7}, {2, 6}, {5}, {1}], [{8, 3}, {4, 7}, {5, 6}, {1, 2}], [{8, 3}, {4, 7}, {5, 6}, {2}, {1}], [{8, 3}, {4, 7}, {6}, {2, 5}, {1}], [{8, 3}, {5, 7}, {1, 6}, {2, 4}], [{8, 3}, {5, 7}, {2, 6}, {1, 4}], [{8, 3}, {5, 7}, {4, 6}, {1, 2}], [{8, 3}, {5, 7}, {6}, {2, 4}, {1}], [{8, 3}, {6, 7}, {1, 5}, {2, 4}], [{8, 3}, {6, 7}, {1, 5}, {4}, {2}], [{8, 3}, {6, 7}, {2, 5}, {1, 4}], [{8, 3}, {6, 7}, {4, 5}, {1, 2}], [{8, 3}, {7}, {5, 6}, {1, 4}, {2}], [{8, 3}, {7}, {6}, {1, 5}, {2, 4}], [{8, 4}, {1, 7}, {2, 6}, {3, 5}], [{8, 4}, {1, 7}, {2, 6}, {5}, {3}], [{8, 4}, {1, 7}, {3, 6}, {2, 5}], [{8, 4}, {1, 7}, {5, 6}, {2, 3}], [{8, 4}, {1, 7}, {5, 6}, {3}, {2}], [{8, 4}, {1, 7}, {6}, {2, 5}, {3}], [{8, 4}, {2, 7}, {1, 6}, {3, 5}], [{8, 4}, {2, 7}, {1, 6}, {5}, {3}], [{8, 4}, {2, 7}, {3, 6}, {1, 5}], [{8, 4}, {2, 7}, {3, 6}, {5}, {1}], [{8, 4}, {2, 7}, {5, 6}, {1, 3}], [{8, 4}, {2, 7}, {6}, {5}, {1, 3}], [{8, 4}, {3, 7}, {1, 6}, {2, 5}], [{8, 4}, {3, 7}, {2, 6}, {1, 5}], [{8, 4}, {3, 7}, {2, 6}, {5}, {1}], [{8, 4}, {3, 7}, {5, 6}, {1, 2}], [{8, 4}, {3, 7}, {5, 6}, {2}, {1}], [{8, 4}, {3, 7}, {6}, {2, 5}, {1}], [{8, 4}, {5, 7}, {1, 6}, {2, 3}], [{8, 4}, {5, 7}, {1, 6}, {3}, {2}], [{8, 4}, {5, 7}, {2, 6}, {1, 3}], [{8, 4}, {5, 7}, {3, 6}, {1, 2}], [{8, 4}, {5, 7}, {3, 6}, {2}, {1}], [{8, 4}, {5, 7}, {6}, {1, 3}, {2}], [{8, 4}, {6, 7}, {1, 5}, {2, 3}], [{8, 4}, {6, 7}, {2, 5}, {1, 3}], [{8, 4}, {6, 7}, {2, 5}, {3}, {1}], [{8, 4}, {6, 7}, {3, 5}, {1, 2}], [{8, 4}, {6, 7}, {5}, {1, 3}, {2}], [{8, 4}, {7}, {1, 6}, {2, 5}, {3}], [{8, 4}, {7}, {2, 6}, {5}, {1, 3}], [{8, 4}, {7}, {3, 6}, {2, 5}, {1}], [{8, 4}, {7}, {5, 6}, {1, 3}, {2}], [{8, 4}, {7}, {6}, {1, 5}, {2, 3}], [{8, 4}, {7}, {6}, {2, 5}, {1, 3}], [{8, 4}, {7}, {6}, {2, 5}, {3}, {1}], [{8, 4}, {7}, {6}, {3, 5}, {1, 2}], [{8, 4}, {7}, {6}, {5}, {1, 3}, {2}], [{8, 5}, {1, 7}, {2, 6}, {3, 4}], [{8, 5}, {1, 7}, {2, 6}, {4}, {3}], [{8, 5}, {1, 7}, {3, 6}, {2, 4}], [{8, 5}, {1, 7}, {3, 6}, {4}, {2}], [{8, 5}, {1, 7}, {4, 6}, {2, 3}], [{8, 5}, {1, 7}, {6}, {4}, {2, 3}], [{8, 5}, {2, 7}, {1, 6}, {3, 4}], [{8, 5}, {2, 7}, {3, 6}, {1, 4}], [{8, 5}, {2, 7}, {4, 6}, {1, 3}], [{8, 5}, {3, 7}, {1, 6}, {2, 4}], [{8, 5}, {3, 7}, {2, 6}, {1, 4}], [{8, 5}, {3, 7}, {4, 6}, {1, 2}], [{8, 5}, {3, 7}, {6}, {2, 4}, {1}], [{8, 5}, {4, 7}, {1, 6}, {2, 3}], [{8, 5}, {4, 7}, {2, 6}, {1, 3}], [{8, 5}, {4, 7}, {3, 6}, {1, 2}], [{8, 5}, {4, 7}, {3, 6}, {2}, {1}], [{8, 5}, {6, 7}, {1, 4}, {2, 3}], [{8, 5}, {6, 7}, {2, 4}, {1, 3}], [{8, 5}, {6, 7}, {3, 4}, {1, 2}], [{8, 5}, {6, 7}, {4}, {1, 3}, {2}], [{8, 5}, {7}, {2, 6}, {3, 4}, {1}], [{8, 5}, {7}, {3, 6}, {1, 4}, {2}], [{8, 5}, {7}, {4, 6}, {3}, {1, 2}], [{8, 6}, {1, 7}, {2, 5}, {3, 4}], [{8, 6}, {1, 7}, {3, 5}, {2, 4}], [{8, 6}, {1, 7}, {4, 5}, {2, 3}], [{8, 6}, {2, 7}, {1, 5}, {3, 4}], [{8, 6}, {2, 7}, {3, 5}, {1, 4}], [{8, 6}, {2, 7}, {4, 5}, {1, 3}], [{8, 6}, {3, 7}, {1, 5}, {2, 4}], [{8, 6}, {3, 7}, {2, 5}, {1, 4}], [{8, 6}, {3, 7}, {4, 5}, {1, 2}], [{8, 6}, {4, 7}, {1, 5}, {2, 3}], [{8, 6}, {4, 7}, {2, 5}, {1, 3}], [{8, 6}, {4, 7}, {2, 5}, {3}, {1}], [{8, 6}, {4, 7}, {3, 5}, {1, 2}], [{8, 6}, {4, 7}, {5}, {1, 3}, {2}], [{8, 6}, {5, 7}, {1, 4}, {2, 3}], [{8, 6}, {5, 7}, {2, 4}, {1, 3}], [{8, 6}, {5, 7}, {3, 4}, {1, 2}], [{8, 6}, {7}, {1, 5}, {4}, {2, 3}], [{8, 6}, {7}, {2, 5}, {4}, {1, 3}], [{8, 7}, {1, 6}, {2, 5}, {3, 4}], [{8, 7}, {1, 6}, {2, 5}, {4}, {3}], [{8, 7}, {1, 6}, {3, 5}, {2, 4}], [{8, 7}, {1, 6}, {4, 5}, {2, 3}], [{8, 7}, {2, 6}, {1, 5}, {3, 4}], [{8, 7}, {2, 6}, {3, 5}, {1, 4}], [{8, 7}, {2, 6}, {4, 5}, {1, 3}], [{8, 7}, {2, 6}, {4, 5}, {3}, {1}], [{8, 7}, {3, 6}, {1, 5}, {2, 4}], [{8, 7}, {3, 6}, {2, 5}, {1, 4}], [{8, 7}, {3, 6}, {2, 5}, {4}, {1}], [{8, 7}, {3, 6}, {4, 5}, {1, 2}], [{8, 7}, {4, 6}, {1, 5}, {2, 3}], [{8, 7}, {4, 6}, {1, 5}, {3}, {2}], [{8, 7}, {4, 6}, {2, 5}, {1, 3}], [{8, 7}, {4, 6}, {2, 5}, {3}, {1}], [{8, 7}, {4, 6}, {3, 5}, {1, 2}], [{8, 7}, {4, 6}, {3, 5}, {2}, {1}], [{8, 7}, {4, 6}, {5}, {1, 3}, {2}], [{8, 7}, {4, 6}, {5}, {2, 3}, {1}], [{8, 7}, {4, 6}, {5}, {3}, {1, 2}], [{8, 7}, {4, 6}, {5}, {3}, {2}, {1}], [{8, 7}, {5, 6}, {1, 4}, {2, 3}], [{8, 7}, {5, 6}, {2, 4}, {1, 3}], [{8, 7}, {5, 6}, {2, 4}, {3}, {1}], [{8, 7}, {5, 6}, {3, 4}, {1, 2}], [{8, 7}, {6}, {2, 5}, {1, 4}, {3}], [{8, 7}, {6}, {2, 5}, {3, 4}, {1}], [{8, 7}, {6}, {2, 5}, {4}, {1, 3}], [{8, 7}, {6}, {2, 5}, {4}, {3}, {1}], [{8}, {1, 7}, {2, 6}, {4, 5}, {3}], [{8}, {1, 7}, {3, 6}, {2, 5}, {4}], [{8}, {1, 7}, {4, 6}, {3, 5}, {2}], [{8}, {1, 7}, {5, 6}, {3, 4}, {2}], [{8}, {4, 7}, {1, 6}, {2, 5}, {3}], [{8}, {4, 7}, {3, 6}, {2, 5}, {1}], [{8}, {4, 7}, {6}, {2, 5}, {1, 3}], [{8}, {4, 7}, {6}, {2, 5}, {3}, {1}], [{8}, {5, 7}, {3, 6}, {4}, {1, 2}], [{8}, {5, 7}, {4, 6}, {3}, {1, 2}], [{8}, {5, 7}, {6}, {2, 4}, {1, 3}], [{8}, {5, 7}, {6}, {3, 4}, {1, 2}], [{8}, {6, 7}, {2, 5}, {4}, {1, 3}], [{8}, {6, 7}, {4, 5}, {1, 3}, {2}], [{8}, {6, 7}, {5}, {2, 4}, {1, 3}], [{8}, {6, 7}, {5}, {4}, {1, 3}, {2}], [{8}, {7}, {3, 6}, {2, 5}, {1, 4}], [{8}, {7}, {4, 6}, {1, 5}, {2, 3}], [{8}, {7}, {4, 6}, {2, 5}, {1, 3}], [{8}, {7}, {5, 6}, {2, 4}, {1, 3}]]",2,20 K_1^3 - 18 K_1^2 - 20 K_1 K_2 - 5 K_1 + 9 K_2 + 5 K_3 + 10,O1O2O3O4U2U5O6U7U1O7O5U8U4U6O8U3,O1O2O3U4U5O6O5U1O4O7U2U8U7U6O8U3,O1O2O3U1O4U5U6U4U2O6O7U3O8O5U8U7,c,{'O1O2O3O4U2O5U6U1U5O7O8U4U8O6U7U3'},1,"<a href=""/flatknot/8.704077"">8.704077</a>",t^9-59t^7-102t^6+134t^5-46t^4-26t^3+98t^2-11t-10,t^2-2t,,
8.704078,O1O2O3O4U2O5U6U1U5O7O8U7U3O6U4U8,4,14z^2+91z+127,14w^3z^2-8w^3z+99w^2z+127w,False,False,"[[ 0 -2 -2  1  2  2 -2 -1  2],[ 2  0  0  3  3  1  0  0  1],[ 2  0  0  1  2  0  1  0  2],[-1 -3 -1  0  0  0 -2  0  2],[-2 -3 -2  0  0  1 -3  0  1],[-2 -1  0  0 -1  0 -2  0 -1],[ 2  0 -1  2  3  2  0 -1  1],[ 1  0  0  0  0  0  1  0  1],[-2 -1 -2 -2 -1  1 -1 -1  0]]","[[ 0  2  2  2  1 -1 -2 -2 -2],[-2  0  1  1  0  0 -2 -3 -3],[-2 -1  0  1 -2 -1 -2 -1 -1],[-2 -1 -1  0  0  0  0 -1 -2],[-1  0  2  0  0  0 -1 -3 -2],[ 1  0  1  0  0  0  0  0  1],[ 2  2  2  0  1  0  0  0  1],[ 2  3  1  1  3  0  0  0  0],[ 2  3  1  2  2 -1 -1  0  0]]",True,"[-2,-2,-2,-1,1,2,2,2,-1,-1,0,0,2,3,3,-1,2,1,2,1,1,0,0,0,1,2,0,1,3,2,0,0,-1,0,-1,0]","[-2,-2,-2,-1,1,2,2,2,-1,-1,0,0,2,3,3,-1,2,1,2,1,1,0,0,0,1,2,0,1,3,2,0,0,-1,0,-1,0]",t^8+57t^6+412t^4+112t^2+1,"[-2,-2,-2,-1,1,2,2,2,-1,0,1,2,2,2,4,0,2,1,1,3,2,1,0,1,3,3,2,3,2,3,1,-1,1,-1,-1,-1]","[-2,-2,-2,-1,1,2,2,2,-1,-1,1,3,2,3,4,-1,-1,2,3,3,2,1,3,1,1,2,2,1,0,2,2,1,1,0,-1,0]","[-2,-2,-2,-1,1,2,2,2,-1,0,-1,2,1,2,3,0,0,1,2,0,2,0,3,1,1,3,0,1,0,0,2,0,0,1,-1,-1]",c,"[[{8, 1}, {2, 7}, {3, 6}, {4, 5}], [{8, 1}, {2, 7}, {4, 6}, {3, 5}], [{8, 1}, {2, 7}, {5, 6}, {3, 4}], [{8, 1}, {2, 7}, {5, 6}, {4}, {3}], [{8, 1}, {3, 7}, {2, 6}, {4, 5}], [{8, 1}, {3, 7}, {2, 6}, {5}, {4}], [{8, 1}, {3, 7}, {4, 6}, {2, 5}], [{8, 1}, {3, 7}, {5, 6}, {2, 4}], [{8, 1}, {4, 7}, {2, 6}, {3, 5}], [{8, 1}, {4, 7}, {3, 6}, {2, 5}], [{8, 1}, {4, 7}, {5, 6}, {2, 3}], [{8, 1}, {4, 7}, {6}, {2, 5}, {3}], [{8, 1}, {5, 7}, {2, 6}, {3, 4}], [{8, 1}, {5, 7}, {3, 6}, {2, 4}], [{8, 1}, {5, 7}, {3, 6}, {4}, {2}], [{8, 1}, {5, 7}, {4, 6}, {2, 3}], [{8, 1}, {5, 7}, {6}, {2, 4}, {3}], [{8, 1}, {6, 7}, {2, 5}, {3, 4}], [{8, 1}, {6, 7}, {3, 5}, {2, 4}], [{8, 1}, {6, 7}, {4, 5}, {2, 3}], [{8, 1}, {7}, {2, 6}, {4, 5}, {3}], [{8, 1}, {7}, {4, 6}, {5}, {2, 3}], [{8, 2}, {1, 7}, {3, 6}, {4, 5}], [{8, 2}, {1, 7}, {3, 6}, {5}, {4}], [{8, 2}, {1, 7}, {4, 6}, {3, 5}], [{8, 2}, {1, 7}, {5, 6}, {3, 4}], [{8, 2}, {3, 7}, {1, 6}, {4, 5}], [{8, 2}, {3, 7}, {4, 6}, {1, 5}], [{8, 2}, {3, 7}, {5, 6}, {1, 4}], [{8, 2}, {4, 7}, {1, 6}, {3, 5}], [{8, 2}, {4, 7}, {3, 6}, {1, 5}], [{8, 2}, {4, 7}, {3, 6}, {5}, {1}], [{8, 2}, {4, 7}, {5, 6}, {1, 3}], [{8, 2}, {4, 7}, {5, 6}, {3}, {1}], [{8, 2}, {4, 7}, {6}, {3, 5}, {1}], [{8, 2}, {5, 7}, {1, 6}, {3, 4}], [{8, 2}, {5, 7}, {1, 6}, {4}, {3}], [{8, 2}, {5, 7}, {3, 6}, {1, 4}], [{8, 2}, {5, 7}, {4, 6}, {1, 3}], [{8, 2}, {5, 7}, {6}, {3, 4}, {1}], [{8, 2}, {6, 7}, {1, 5}, {3, 4}], [{8, 2}, {6, 7}, {3, 5}, {1, 4}], [{8, 2}, {6, 7}, {4, 5}, {1, 3}], [{8, 2}, {6, 7}, {5}, {4}, {1, 3}], [{8, 2}, {7}, {3, 6}, {5}, {1, 4}], [{8, 3}, {1, 7}, {2, 6}, {4, 5}], [{8, 3}, {1, 7}, {4, 6}, {2, 5}], [{8, 3}, {1, 7}, {5, 6}, {2, 4}], [{8, 3}, {2, 7}, {1, 6}, {4, 5}], [{8, 3}, {2, 7}, {4, 6}, {1, 5}], [{8, 3}, {2, 7}, {5, 6}, {1, 4}], [{8, 3}, {4, 7}, {1, 6}, {2, 5}], [{8, 3}, {4, 7}, {2, 6}, {1, 5}], [{8, 3}, {4, 7}, {2, 6}, {5}, {1}], [{8, 3}, {4, 7}, {5, 6}, {1, 2}], [{8, 3}, {4, 7}, {5, 6}, {2}, {1}], [{8, 3}, {4, 7}, {6}, {2, 5}, {1}], [{8, 3}, {5, 7}, {1, 6}, {2, 4}], [{8, 3}, {5, 7}, {1, 6}, {4}, {2}], [{8, 3}, {5, 7}, {2, 6}, {1, 4}], [{8, 3}, {5, 7}, {4, 6}, {1, 2}], [{8, 3}, {5, 7}, {6}, {2, 4}, {1}], [{8, 3}, {6, 7}, {1, 5}, {2, 4}], [{8, 3}, {6, 7}, {2, 5}, {1, 4}], [{8, 3}, {6, 7}, {4, 5}, {1, 2}], [{8, 4}, {1, 7}, {2, 6}, {3, 5}], [{8, 4}, {1, 7}, {2, 6}, {5}, {3}], [{8, 4}, {1, 7}, {3, 6}, {2, 5}], [{8, 4}, {1, 7}, {5, 6}, {2, 3}], [{8, 4}, {2, 7}, {1, 6}, {3, 5}], [{8, 4}, {2, 7}, {3, 6}, {1, 5}], [{8, 4}, {2, 7}, {5, 6}, {1, 3}], [{8, 4}, {2, 7}, {6}, {5}, {1, 3}], [{8, 4}, {3, 7}, {1, 6}, {2, 5}], [{8, 4}, {3, 7}, {2, 6}, {1, 5}], [{8, 4}, {3, 7}, {2, 6}, {5}, {1}], [{8, 4}, {3, 7}, {5, 6}, {1, 2}], [{8, 4}, {3, 7}, {5, 6}, {2}, {1}], [{8, 4}, {3, 7}, {6}, {2, 5}, {1}], [{8, 4}, {5, 7}, {1, 6}, {2, 3}], [{8, 4}, {5, 7}, {2, 6}, {1, 3}], [{8, 4}, {5, 7}, {3, 6}, {1, 2}], [{8, 4}, {6, 7}, {1, 5}, {2, 3}], [{8, 4}, {6, 7}, {2, 5}, {1, 3}], [{8, 4}, {6, 7}, {3, 5}, {1, 2}], [{8, 4}, {6, 7}, {5}, {1, 3}, {2}], [{8, 4}, {7}, {2, 6}, {5}, {1, 3}], [{8, 4}, {7}, {6}, {1, 5}, {2, 3}], [{8, 5}, {1, 7}, {2, 6}, {3, 4}], [{8, 5}, {1, 7}, {3, 6}, {2, 4}], [{8, 5}, {1, 7}, {3, 6}, {4}, {2}], [{8, 5}, {1, 7}, {4, 6}, {2, 3}], [{8, 5}, {1, 7}, {6}, {2, 4}, {3}], [{8, 5}, {2, 7}, {1, 6}, {3, 4}], [{8, 5}, {2, 7}, {3, 6}, {1, 4}], [{8, 5}, {2, 7}, {4, 6}, {1, 3}], [{8, 5}, {3, 7}, {1, 6}, {2, 4}], [{8, 5}, {3, 7}, {1, 6}, {4}, {2}], [{8, 5}, {3, 7}, {2, 6}, {1, 4}], [{8, 5}, {3, 7}, {4, 6}, {1, 2}], [{8, 5}, {3, 7}, {6}, {2, 4}, {1}], [{8, 5}, {4, 7}, {1, 6}, {2, 3}], [{8, 5}, {4, 7}, {2, 6}, {1, 3}], [{8, 5}, {4, 7}, {2, 6}, {3}, {1}], [{8, 5}, {4, 7}, {3, 6}, {1, 2}], [{8, 5}, {4, 7}, {3, 6}, {2}, {1}], [{8, 5}, {4, 7}, {6}, {2, 3}, {1}], [{8, 5}, {6, 7}, {1, 4}, {2, 3}], [{8, 5}, {6, 7}, {2, 4}, {1, 3}], [{8, 5}, {6, 7}, {3, 4}, {1, 2}], [{8, 5}, {6, 7}, {4}, {1, 3}, {2}], [{8, 5}, {6, 7}, {4}, {2, 3}, {1}], [{8, 5}, {6, 7}, {4}, {3}, {1, 2}], [{8, 5}, {7}, {3, 6}, {1, 4}, {2}], [{8, 5}, {7}, {4, 6}, {2, 3}, {1}], [{8, 5}, {7}, {6}, {2, 4}, {1, 3}], [{8, 6}, {1, 7}, {2, 5}, {3, 4}], [{8, 6}, {1, 7}, {3, 5}, {2, 4}], [{8, 6}, {1, 7}, {4, 5}, {2, 3}], [{8, 6}, {2, 7}, {1, 5}, {3, 4}], [{8, 6}, {2, 7}, {3, 5}, {1, 4}], [{8, 6}, {2, 7}, {4, 5}, {1, 3}], [{8, 6}, {3, 7}, {1, 5}, {2, 4}], [{8, 6}, {3, 7}, {2, 5}, {1, 4}], [{8, 6}, {3, 7}, {4, 5}, {1, 2}], [{8, 6}, {3, 7}, {5}, {4}, {1, 2}], [{8, 6}, {4, 7}, {1, 5}, {2, 3}], [{8, 6}, {4, 7}, {2, 5}, {1, 3}], [{8, 6}, {4, 7}, {2, 5}, {3}, {1}], [{8, 6}, {4, 7}, {3, 5}, {1, 2}], [{8, 6}, {4, 7}, {3, 5}, {2}, {1}], [{8, 6}, {4, 7}, {5}, {2, 3}, {1}], [{8, 6}, {5, 7}, {1, 4}, {2, 3}], [{8, 6}, {5, 7}, {1, 4}, {3}, {2}], [{8, 6}, {5, 7}, {2, 4}, {1, 3}], [{8, 6}, {5, 7}, {3, 4}, {1, 2}], [{8, 6}, {5, 7}, {3, 4}, {2}, {1}], [{8, 6}, {5, 7}, {4}, {1, 3}, {2}], [{8, 6}, {7}, {1, 5}, {4}, {2, 3}], [{8, 6}, {7}, {4, 5}, {3}, {1, 2}], [{8, 6}, {7}, {5}, {2, 4}, {1, 3}], [{8, 7}, {1, 6}, {2, 5}, {3, 4}], [{8, 7}, {1, 6}, {3, 5}, {2, 4}], [{8, 7}, {1, 6}, {4, 5}, {2, 3}], [{8, 7}, {2, 6}, {1, 5}, {3, 4}], [{8, 7}, {2, 6}, {3, 5}, {1, 4}], [{8, 7}, {2, 6}, {4, 5}, {1, 3}], [{8, 7}, {3, 6}, {1, 5}, {2, 4}], [{8, 7}, {3, 6}, {2, 5}, {1, 4}], [{8, 7}, {3, 6}, {4, 5}, {1, 2}], [{8, 7}, {4, 6}, {1, 5}, {2, 3}], [{8, 7}, {4, 6}, {2, 5}, {1, 3}], [{8, 7}, {4, 6}, {3, 5}, {1, 2}], [{8, 7}, {5, 6}, {1, 4}, {2, 3}], [{8, 7}, {5, 6}, {2, 4}, {1, 3}], [{8, 7}, {5, 6}, {3, 4}, {1, 2}], [{8, 7}, {5, 6}, {4}, {1, 3}, {2}], [{8, 7}, {6}, {2, 5}, {3, 4}, {1}], [{8, 7}, {6}, {5}, {2, 4}, {1, 3}], [{8}, {1, 7}, {3, 6}, {2, 5}, {4}], [{8}, {2, 7}, {1, 6}, {3, 5}, {4}], [{8}, {3, 7}, {2, 6}, {5}, {1, 4}], [{8}, {4, 7}, {1, 6}, {2, 5}, {3}], [{8}, {4, 7}, {2, 6}, {3, 5}, {1}], [{8}, {4, 7}, {3, 6}, {2, 5}, {1}], [{8}, {4, 7}, {5, 6}, {2, 3}, {1}], [{8}, {4, 7}, {6}, {2, 5}, {1, 3}], [{8}, {4, 7}, {6}, {2, 5}, {3}, {1}], [{8}, {5, 7}, {1, 6}, {4}, {2, 3}], [{8}, {5, 7}, {2, 6}, {3, 4}, {1}], [{8}, {5, 7}, {6}, {2, 4}, {1, 3}], [{8}, {6, 7}, {2, 5}, {4}, {1, 3}], [{8}, {6, 7}, {4, 5}, {1, 3}, {2}], [{8}, {6, 7}, {5}, {2, 4}, {1, 3}], [{8}, {6, 7}, {5}, {4}, {1, 3}, {2}], [{8}, {7}, {3, 6}, {2, 5}, {1, 4}], [{8}, {7}, {4, 6}, {1, 5}, {2, 3}], [{8}, {7}, {4, 6}, {2, 5}, {1, 3}], [{8}, {7}, {5, 6}, {2, 4}, {1, 3}]]",2,16 K_1^3 + 4 K_1^2 K_2 - 34 K_1^2 - 24 K_1 K_2 - 2 K_1 K_3 - 2 K_2^2 + 16 K_2 + 8 K_3 + K_4 + 18,O1O2O3O4U5U1O6U2U7O5O7U8U4U6O8U3,O1O2O3U4U5O4O6U1O7O5U2U8U6U7O8U3,O1O2O3U1O4U5U6U4U2O7O5U3O6O8U7U8,c,{'O1O2O3O4U2O5U6U1U5O7O8U7U3O6U4U8'},1,"<a href=""/flatknot/8.704078"">8.704078</a>",t^9-57t^7-76t^6+236t^5-6t^4+31t^3-88t^2-80t+30,0,,
8.704079,O1O2O3O4U2O5U6U1U5O7O8U7U3O6U8U4,4,z^3+17z^2+83z+107,w^4z^3+17w^3z^2+83w^2z+107w,False,False,"[[ 0 -2 -2  1  3  2 -2 -1  1],[ 2  0  0  3  3  1  0  0  0],[ 2  0  0  1  2  0  1  0  1],[-1 -3 -1  0  1  0 -2  0  1],[-3 -3 -2 -1  0  1 -3 -1  0],[-2 -1  0  0 -1  0 -2  0 -1],[ 2  0 -1  2  3  2  0 -1  0],[ 1  0  0  0  1  0  1  0  1],[-1  0 -1 -1  0  1  0 -1  0]]","[[ 0  3  2  1  1 -1 -2 -2 -2],[-3  0  1  0 -1 -1 -2 -3 -3],[-2 -1  0 -1  0  0  0 -1 -2],[-1  0  1  0 -1 -1 -1  0  0],[-1  1  0  1  0  0 -1 -3 -2],[ 1  1  0  1  0  0  0  0  1],[ 2  2  0  1  1  0  0  0  1],[ 2  3  1  0  3  0  0  0  0],[ 2  3  2  0  2 -1 -1  0  0]]",True,"[-3,-2,-1,-1,1,2,2,2,-1,0,1,1,2,3,3,1,0,0,0,1,2,1,1,1,0,0,0,1,3,2,0,0,-1,0,-1,0]","[-3,-2,-1,-1,1,2,2,2,-1,0,1,1,2,3,3,1,0,0,0,1,2,1,1,1,0,0,0,1,3,2,0,0,-1,0,-1,0]",t^8+50t^6+308t^4+11t^2,"[-2,-2,-2,-1,1,1,2,3,-1,0,1,2,2,4,3,0,2,1,3,2,2,1,0,3,3,2,2,1,3,3,-1,1,1,0,2,2]","[-3,-2,-1,-1,1,2,2,2,2,1,2,3,2,2,3,1,0,3,2,3,4,1,2,1,0,2,1,3,3,2,2,1,1,0,-1,0]","[-2,-2,-2,-1,1,1,2,3,-1,0,-1,0,2,2,3,0,0,1,1,0,2,0,0,3,1,3,1,0,0,1,-1,1,0,0,1,-1]",c,"[[{8, 3}, {4, 7}, {1, 6}, {2, 5}], [{8, 3}, {4, 7}, {5, 6}, {1, 2}]]",1,16 K_1^3 + 4 K_1^2 K_2 - 28 K_1^2 - 14 K_1 K_2 - 4 K_1 K_3 - 5 K_1 + 14 K_2 + 3 K_3 + K_4 + 14,O1O2O3O4U1U5O6U2U7O5O7U8U4U6O8U3,O1O2O3U4U5O4O6U1O5O7U2U8U6U7O8U3,O1O2O3U1O4U5U6U4U2O5O7U3O6O8U7U8,c,{'O1O2O3O4U2O5U6U1U5O7O8U7U3O6U8U4'},1,"<a href=""/flatknot/8.704079"">8.704079</a>",t^9-48t^7-64t^6+168t^5-16t^4+81t^3-52t^2-22t+12,-t^3+2t^2-t,,
8.704080,O1O2O3O4U2O5U6U1U5O7O8U7U4O6U3U8,4,15z^2+96z+133,15w^3z^2-4w^3z+100w^2z+133w,False,False,"[[ 0 -2 -2  1  2  2 -2 -1  2],[ 2  0  0  3  3  1  0  0  1],[ 2  0  0  2  1  0  1  0  2],[-1 -3 -2  0  1  1 -3  0  2],[-2 -3 -1 -1  0  0 -3  0  1],[-2 -1  0 -1  0  0 -2  0 -1],[ 2  0 -1  3  3  2  0 -1  1],[ 1  0  0  0  0  0  1  0  1],[-2 -1 -2 -2 -1  1 -1 -1  0]]","[[ 0  2  2  2  1 -1 -2 -2 -2],[-2  0  1  0 -1  0 -1 -3 -3],[-2 -1  0  1 -2 -1 -2 -1 -1],[-2  0 -1  0 -1  0  0 -1 -2],[-1  1  2  1  0  0 -2 -3 -3],[ 1  0  1  0  0  0  0  0  1],[ 2  1  2  0  2  0  0  0  1],[ 2  3  1  1  3  0  0  0  0],[ 2  3  1  2  3 -1 -1  0  0]]",True,"[-2,-2,-2,-1,1,2,2,2,-1,0,1,0,1,3,3,-1,2,1,2,1,1,1,0,0,1,2,0,2,3,3,0,0,-1,0,-1,0]","[-2,-2,-2,-1,1,2,2,2,-1,0,-1,3,1,2,3,0,0,2,2,0,1,0,3,1,1,3,0,1,0,0,2,1,1,1,-1,0]",t^8+63t^6+408t^4+95t^2+1,"[-2,-2,-2,-1,1,2,2,2,-1,0,1,1,2,3,4,0,2,0,3,1,2,1,0,3,1,3,2,2,3,3,-1,0,0,1,-1,0]","[-2,-2,-2,-1,1,2,2,2,-1,0,0,3,2,3,4,-1,-1,2,3,3,2,0,3,1,1,3,2,0,0,1,2,1,1,0,-1,0]","[-2,-2,-2,-1,1,2,2,2,-1,0,-1,3,1,2,3,0,0,2,2,0,1,0,3,1,1,3,0,1,0,0,2,1,1,1,-1,0]",c,"[[{8, 1}, {2, 7}, {3, 6}, {4, 5}], [{8, 1}, {2, 7}, {4, 6}, {3, 5}], [{8, 1}, {2, 7}, {5, 6}, {3, 4}], [{8, 1}, {2, 7}, {5, 6}, {4}, {3}], [{8, 1}, {3, 7}, {2, 6}, {4, 5}], [{8, 1}, {3, 7}, {2, 6}, {5}, {4}], [{8, 1}, {3, 7}, {4, 6}, {2, 5}], [{8, 1}, {3, 7}, {5, 6}, {2, 4}], [{8, 1}, {4, 7}, {2, 6}, {3, 5}], [{8, 1}, {4, 7}, {3, 6}, {2, 5}], [{8, 1}, {4, 7}, {5, 6}, {2, 3}], [{8, 1}, {4, 7}, {6}, {2, 5}, {3}], [{8, 1}, {5, 7}, {2, 6}, {3, 4}], [{8, 1}, {5, 7}, {3, 6}, {2, 4}], [{8, 1}, {5, 7}, {4, 6}, {2, 3}], [{8, 1}, {5, 7}, {4, 6}, {3}, {2}], [{8, 1}, {5, 7}, {6}, {4}, {2, 3}], [{8, 1}, {6, 7}, {2, 5}, {3, 4}], [{8, 1}, {6, 7}, {3, 5}, {2, 4}], [{8, 1}, {6, 7}, {4, 5}, {2, 3}], [{8, 1}, {7}, {3, 6}, {5}, {2, 4}], [{8, 2}, {1, 7}, {3, 6}, {4, 5}], [{8, 2}, {1, 7}, {4, 6}, {3, 5}], [{8, 2}, {1, 7}, {5, 6}, {3, 4}], [{8, 2}, {3, 7}, {1, 6}, {4, 5}], [{8, 2}, {3, 7}, {1, 6}, {5}, {4}], [{8, 2}, {3, 7}, {4, 6}, {1, 5}], [{8, 2}, {3, 7}, {5, 6}, {1, 4}], [{8, 2}, {4, 7}, {1, 6}, {3, 5}], [{8, 2}, {4, 7}, {3, 6}, {1, 5}], [{8, 2}, {4, 7}, {5, 6}, {1, 3}], [{8, 2}, {5, 7}, {1, 6}, {3, 4}], [{8, 2}, {5, 7}, {3, 6}, {1, 4}], [{8, 2}, {5, 7}, {3, 6}, {4}, {1}], [{8, 2}, {5, 7}, {4, 6}, {1, 3}], [{8, 2}, {5, 7}, {6}, {1, 4}, {3}], [{8, 2}, {6, 7}, {1, 5}, {3, 4}], [{8, 2}, {6, 7}, {3, 5}, {1, 4}], [{8, 2}, {6, 7}, {4, 5}, {1, 3}], [{8, 2}, {6, 7}, {4, 5}, {3}, {1}], [{8, 2}, {7}, {4, 6}, {5}, {1, 3}], [{8, 2}, {7}, {5, 6}, {4}, {1, 3}], [{8, 2}, {7}, {6}, {4, 5}, {1, 3}], [{8, 3}, {1, 7}, {2, 6}, {4, 5}], [{8, 3}, {1, 7}, {4, 6}, {2, 5}], [{8, 3}, {1, 7}, {5, 6}, {2, 4}], [{8, 3}, {1, 7}, {6}, {5}, {2, 4}], [{8, 3}, {2, 7}, {1, 6}, {4, 5}], [{8, 3}, {2, 7}, {4, 6}, {1, 5}], [{8, 3}, {2, 7}, {5, 6}, {1, 4}], [{8, 3}, {4, 7}, {1, 6}, {2, 5}], [{8, 3}, {4, 7}, {2, 6}, {1, 5}], [{8, 3}, {4, 7}, {5, 6}, {1, 2}], [{8, 3}, {5, 7}, {1, 6}, {2, 4}], [{8, 3}, {5, 7}, {1, 6}, {4}, {2}], [{8, 3}, {5, 7}, {2, 6}, {1, 4}], [{8, 3}, {5, 7}, {4, 6}, {1, 2}], [{8, 3}, {5, 7}, {4, 6}, {2}, {1}], [{8, 3}, {5, 7}, {6}, {1, 4}, {2}], [{8, 3}, {6, 7}, {1, 5}, {2, 4}], [{8, 3}, {6, 7}, {2, 5}, {1, 4}], [{8, 3}, {6, 7}, {4, 5}, {1, 2}], [{8, 4}, {1, 7}, {2, 6}, {3, 5}], [{8, 4}, {1, 7}, {3, 6}, {2, 5}], [{8, 4}, {1, 7}, {5, 6}, {2, 3}], [{8, 4}, {2, 7}, {1, 6}, {3, 5}], [{8, 4}, {2, 7}, {3, 6}, {1, 5}], [{8, 4}, {2, 7}, {5, 6}, {1, 3}], [{8, 4}, {3, 7}, {1, 6}, {2, 5}], [{8, 4}, {3, 7}, {2, 6}, {1, 5}], [{8, 4}, {3, 7}, {2, 6}, {5}, {1}], [{8, 4}, {3, 7}, {5, 6}, {1, 2}], [{8, 4}, {3, 7}, {5, 6}, {2}, {1}], [{8, 4}, {3, 7}, {6}, {2, 5}, {1}], [{8, 4}, {5, 7}, {1, 6}, {2, 3}], [{8, 4}, {5, 7}, {2, 6}, {1, 3}], [{8, 4}, {5, 7}, {3, 6}, {1, 2}], [{8, 4}, {5, 7}, {6}, {2, 3}, {1}], [{8, 4}, {6, 7}, {1, 5}, {2, 3}], [{8, 4}, {6, 7}, {2, 5}, {1, 3}], [{8, 4}, {6, 7}, {2, 5}, {3}, {1}], [{8, 4}, {6, 7}, {3, 5}, {1, 2}], [{8, 4}, {7}, {3, 6}, {2, 5}, {1}], [{8, 4}, {7}, {5, 6}, {3}, {1, 2}], [{8, 5}, {1, 7}, {2, 6}, {3, 4}], [{8, 5}, {1, 7}, {3, 6}, {2, 4}], [{8, 5}, {1, 7}, {4, 6}, {2, 3}], [{8, 5}, {1, 7}, {4, 6}, {3}, {2}], [{8, 5}, {1, 7}, {6}, {4}, {2, 3}], [{8, 5}, {2, 7}, {1, 6}, {3, 4}], [{8, 5}, {2, 7}, {1, 6}, {4}, {3}], [{8, 5}, {2, 7}, {3, 6}, {1, 4}], [{8, 5}, {2, 7}, {4, 6}, {1, 3}], [{8, 5}, {3, 7}, {1, 6}, {2, 4}], [{8, 5}, {3, 7}, {2, 6}, {1, 4}], [{8, 5}, {3, 7}, {2, 6}, {4}, {1}], [{8, 5}, {3, 7}, {4, 6}, {1, 2}], [{8, 5}, {3, 7}, {4, 6}, {2}, {1}], [{8, 5}, {3, 7}, {6}, {2, 4}, {1}], [{8, 5}, {4, 7}, {1, 6}, {2, 3}], [{8, 5}, {4, 7}, {2, 6}, {1, 3}], [{8, 5}, {4, 7}, {3, 6}, {1, 2}], [{8, 5}, {4, 7}, {6}, {2, 3}, {1}], [{8, 5}, {6, 7}, {1, 4}, {2, 3}], [{8, 5}, {6, 7}, {2, 4}, {1, 3}], [{8, 5}, {6, 7}, {2, 4}, {3}, {1}], [{8, 5}, {6, 7}, {3, 4}, {1, 2}], [{8, 5}, {7}, {3, 6}, {2, 4}, {1}], [{8, 5}, {7}, {4, 6}, {1, 3}, {2}], [{8, 5}, {7}, {6}, {1, 4}, {2, 3}], [{8, 6}, {1, 7}, {2, 5}, {3, 4}], [{8, 6}, {1, 7}, {2, 5}, {4}, {3}], [{8, 6}, {1, 7}, {3, 5}, {2, 4}], [{8, 6}, {1, 7}, {4, 5}, {2, 3}], [{8, 6}, {2, 7}, {1, 5}, {3, 4}], [{8, 6}, {2, 7}, {3, 5}, {1, 4}], [{8, 6}, {2, 7}, {4, 5}, {1, 3}], [{8, 6}, {3, 7}, {1, 5}, {2, 4}], [{8, 6}, {3, 7}, {2, 5}, {1, 4}], [{8, 6}, {3, 7}, {4, 5}, {1, 2}], [{8, 6}, {3, 7}, {5}, {4}, {1, 2}], [{8, 6}, {4, 7}, {1, 5}, {2, 3}], [{8, 6}, {4, 7}, {2, 5}, {1, 3}], [{8, 6}, {4, 7}, {3, 5}, {1, 2}], [{8, 6}, {5, 7}, {1, 4}, {2, 3}], [{8, 6}, {5, 7}, {2, 4}, {1, 3}], [{8, 6}, {5, 7}, {3, 4}, {1, 2}], [{8, 6}, {5, 7}, {4}, {3}, {1, 2}], [{8, 6}, {7}, {1, 5}, {4}, {2, 3}], [{8, 6}, {7}, {3, 5}, {4}, {1, 2}], [{8, 6}, {7}, {4, 5}, {2, 3}, {1}], [{8, 6}, {7}, {5}, {1, 4}, {2, 3}], [{8, 6}, {7}, {5}, {2, 4}, {1, 3}], [{8, 7}, {1, 6}, {2, 5}, {3, 4}], [{8, 7}, {1, 6}, {3, 5}, {2, 4}], [{8, 7}, {1, 6}, {4, 5}, {2, 3}], [{8, 7}, {1, 6}, {5}, {2, 4}, {3}], [{8, 7}, {2, 6}, {1, 5}, {3, 4}], [{8, 7}, {2, 6}, {3, 5}, {1, 4}], [{8, 7}, {2, 6}, {4, 5}, {1, 3}], [{8, 7}, {3, 6}, {1, 5}, {2, 4}], [{8, 7}, {3, 6}, {2, 5}, {1, 4}], [{8, 7}, {3, 6}, {2, 5}, {4}, {1}], [{8, 7}, {3, 6}, {4, 5}, {1, 2}], [{8, 7}, {4, 6}, {1, 5}, {2, 3}], [{8, 7}, {4, 6}, {2, 5}, {1, 3}], [{8, 7}, {4, 6}, {3, 5}, {1, 2}], [{8, 7}, {4, 6}, {5}, {1, 3}, {2}], [{8, 7}, {5, 6}, {1, 4}, {2, 3}], [{8, 7}, {5, 6}, {2, 4}, {1, 3}], [{8, 7}, {5, 6}, {3, 4}, {1, 2}], [{8, 7}, {5, 6}, {4}, {3}, {1, 2}], [{8, 7}, {6}, {2, 5}, {1, 4}, {3}], [{8, 7}, {6}, {3, 5}, {1, 4}, {2}], [{8, 7}, {6}, {5}, {1, 4}, {2, 3}], [{8}, {1, 7}, {2, 6}, {3, 5}, {4}], [{8}, {1, 7}, {5, 6}, {2, 4}, {3}], [{8}, {2, 7}, {3, 6}, {5}, {1, 4}], [{8}, {2, 7}, {4, 6}, {5}, {1, 3}], [{8}, {3, 7}, {2, 6}, {1, 5}, {4}], [{8}, {3, 7}, {2, 6}, {4, 5}, {1}], [{8}, {3, 7}, {2, 6}, {5}, {1, 4}], [{8}, {3, 7}, {2, 6}, {5}, {4}, {1}], [{8}, {4, 7}, {3, 6}, {2, 5}, {1}], [{8}, {4, 7}, {5, 6}, {3}, {1, 2}], [{8}, {5, 7}, {2, 6}, {4}, {1, 3}], [{8}, {5, 7}, {4, 6}, {1, 3}, {2}], [{8}, {5, 7}, {6}, {1, 4}, {2, 3}], [{8}, {5, 7}, {6}, {2, 4}, {1, 3}], [{8}, {6, 7}, {5}, {1, 4}, {2, 3}], [{8}, {7}, {3, 6}, {1, 5}, {2, 4}], [{8}, {7}, {4, 6}, {2, 5}, {1, 3}], [{8}, {7}, {5, 6}, {1, 4}, {2, 3}], [{8}, {7}, {6}, {5}, {1, 4}, {2, 3}]]",2,12 K_1^3 + 4 K_1^2 K_2 - 30 K_1^2 - 32 K_1 K_2 - 2 K_1 K_3 + 7 K_1 - 2 K_2^2 + 14 K_2 + 13 K_3 + K_4 + 16,O1O2O3O4U5U2O6U1U7O5O7U8U4U6O8U3,O1O2O3U4U5O4O6U1O7O5U2U8U7U6O8U3,O1O2O3U1O4U5U6U4U2O7O6U3O5O8U7U8,c,{'O1O2O3O4U2O5U6U1U5O7O8U7U4O6U3U8'},1,"<a href=""/flatknot/8.704080"">8.704080</a>",t^9-63t^7-132t^6+130t^5+136t^4+124t^3-12t^2-47t+18,0,,
8.704081,O1O2O3O4U2O5U6U1U5O7O8U7U4O6U8U3,3,11z^2+56z+69,-2w^4z^2+13w^3z^2-2w^3z+58w^2z+69w,False,False,"[[ 0 -2 -2  2  2  2 -2 -1  1],[ 2  0  0  3  3  1  0  0  0],[ 2  0  0  2  1  0  1  0  1],[-2 -3 -2  0  0  1 -3 -1  1],[-2 -3 -1  0  0  0 -3  0  1],[-2 -1  0 -1  0  0 -2  0 -1],[ 2  0 -1  3  3  2  0 -1  0],[ 1  0  0  1  0  0  1  0  1],[-1  0 -1 -1 -1  1  0 -1  0]]","[[ 0  2  2  2  1 -1 -2 -2 -2],[-2  0  1  0  1 -1 -2 -3 -3],[-2 -1  0  0 -1  0  0 -1 -2],[-2  0  0  0  1  0 -1 -3 -3],[-1 -1  1 -1  0 -1 -1  0  0],[ 1  1  0  0  1  0  0  0  1],[ 2  2  0  1  1  0  0  0  1],[ 2  3  1  3  0  0  0  0  0],[ 2  3  2  3  0 -1 -1  0  0]]",True,"[-2,-2,-2,-1,1,2,2,2,-1,0,-1,1,2,3,3,0,1,0,0,1,2,-1,0,1,3,3,1,1,0,0,0,0,-1,0,-1,0]","[-2,-2,-2,-1,1,2,2,2,-1,0,-1,0,2,3,3,0,0,1,0,1,2,0,0,1,3,3,1,0,0,1,1,-1,-1,0,-1,0]",t^8+55t^6+327t^4+16t^2,"[-2,-2,-2,-1,1,2,2,2,-1,0,1,2,2,3,4,0,2,3,1,1,2,1,3,1,1,3,1,2,3,3,2,2,0,0,-1,0]","[-2,-2,-2,-1,1,2,2,2,-1,0,0,3,2,3,4,0,2,2,1,1,2,2,3,1,1,3,1,3,3,2,2,1,1,0,-1,0]","[-2,-2,-2,-1,1,2,2,2,-1,0,-1,0,2,3,3,0,0,1,0,1,2,0,0,1,3,3,1,0,0,1,1,-1,-1,0,-1,0]",c,"[[{8, 7}, {4, 6}, {2, 5}, {1, 3}]]",0,24 K_1^3 - 16 K_1^2 - 20 K_1 K_2 - 8 K_1 + 8 K_2 + 4 K_3 + 9,O1O2O3O4U2U5O6U1U7O5O7U8U4U6O8U3,O1O2O3U4U5O4O6U1O5O7U2U8U7U6O8U3,O1O2O3U1O4U5U6U4U2O6O7U3O5O8U7U8,c,{'O1O2O3O4U2O5U6U1U5O7O8U7U4O6U8U3'},1,"<a href=""/flatknot/8.704081"">8.704081</a>",t^9-55t^7-44t^6+225t^5-178t^4+176t^3-56t^2,0,,
8.704082,O1O2O3O4U2O5U6U1U5O7O8U7U8O6U3U4,4,8z^3+46z^2+91z+63,8w^4z^3+46w^3z^2+91w^2z+63w,False,False,"[[ 0 -2 -2  1  3  2 -2 -1  1],[ 2  0  0  2  3  1  1  0  0],[ 2  0  0  1  2  0  2  0  0],[-1 -2 -1  0  1  1 -2 -1  1],[-3 -3 -2 -1  0  1 -4 -1  1],[-2 -1  0 -1 -1  0 -2  0  0],[ 2 -1 -2  2  4  2  0  0  0],[ 1  0  0  1  1  0  0  0  1],[-1  0  0 -1 -1  0  0 -1  0]]","[[ 0  3  2  1  1 -1 -2 -2 -2],[-3  0  1  1 -1 -1 -2 -3 -4],[-2 -1  0  0 -1  0  0 -1 -2],[-1 -1  0  0 -1 -1  0  0  0],[-1  1  1  1  0 -1 -1 -2 -2],[ 1  1  0  1  1  0  0  0  0],[ 2  2  0  0  1  0  0  0  2],[ 2  3  1  0  2  0  0  0  1],[ 2  4  2  0  2  0 -2 -1  0]]",True,"[-3,-2,-1,-1,1,2,2,2,-1,-1,1,1,2,3,4,0,1,0,0,1,2,1,1,0,0,0,1,1,2,2,0,0,0,0,-2,-1]","[-3,-2,-1,-1,1,2,2,2,-1,-1,1,1,2,3,4,0,1,0,0,1,2,1,1,0,0,0,1,1,2,2,0,0,0,0,-2,-1]",t^8+56t^6+150t^4+76t^2+1,"[-2,-2,-2,-1,1,1,2,3,-2,0,1,2,3,4,3,1,1,1,3,2,1,1,1,3,3,2,1,1,3,3,-1,0,1,1,3,2]","[-3,-2,-1,-1,1,2,2,2,2,1,3,3,1,2,3,0,1,3,2,3,4,1,1,1,1,2,1,3,3,3,1,1,1,-1,-2,0]","[-2,-2,-2,-1,1,1,2,3,-2,-1,0,0,2,2,4,0,0,0,1,0,2,0,0,2,1,3,1,1,0,1,-1,0,-1,1,1,-1]",c,"[[{8, 1}, {3, 7}, {4, 6}, {2, 5}], [{8, 4}, {3, 7}, {1, 6}, {2, 5}], [{8, 6}, {3, 7}, {2, 5}, {1, 4}], [{8, 6}, {5, 7}, {1, 4}, {2, 3}], [{8, 7}, {1, 6}, {2, 5}, {3, 4}], [{8, 7}, {3, 6}, {2, 5}, {1, 4}], [{8, 7}, {4, 6}, {2, 5}, {1, 3}], [{8, 7}, {5, 6}, {1, 4}, {2, 3}], [{8, 7}, {5, 6}, {2, 4}, {1, 3}], [{8, 7}, {5, 6}, {3, 4}, {1, 2}], [{8, 7}, {5, 6}, {4}, {3}, {1, 2}]]",1,24 K_1^3 + 4 K_1^2 K_2 - 12 K_1^2 - 22 K_1 K_2 - 4 K_1 K_3 - 7 K_1 + 6 K_2 + 5 K_3 + K_4 + 6,O1O2O3O4U1U2O5U6U7O6O7U8U4U5O8U3,O1O2O3U4U5O4O5U1O6O7U2U8U6U7O8U3,O1O2O3U1O4U5U6U4U2O5O6U3O7O8U7U8,c,{'O1O2O3O4U2O5U6U1U5O7O8U7U8O6U3U4'},1,"<a href=""/flatknot/8.704082"">8.704082</a>",t^9-54t^7-146t^6+6t^5+222t^4+232t^3+52t^2-137t-80,-t^3+2t^2-t,,
8.704083,O1O2O3O4U2O5U6U1U5O7O8U7U8O6U4U3,3,3z^2+8z+5,-18w^4z^2+21w^3z^2-52w^3z+60w^2z+5w,False,False,"[[ 0 -2 -2  2  2  2 -2 -1  1],[ 2  0  0  3  2  1  1  0  0],[ 2  0  0  2  1  0  2  0  0],[-2 -3 -2  0  0  1 -3 -1  1],[-2 -2 -1  0  0  1 -3 -1  1],[-2 -1  0 -1 -1  0 -2  0  0],[ 2 -1 -2  3  3  2  0  0  0],[ 1  0  0  1  1  0  0  0  1],[-1  0  0 -1 -1  0  0 -1  0]]","[[ 0  2  2  2  1 -1 -2 -2 -2],[-2  0  1  0  1 -1 -1 -2 -3],[-2 -1  0 -1  0  0  0 -1 -2],[-2  0  1  0  1 -1 -2 -3 -3],[-1 -1  0 -1  0 -1  0  0  0],[ 1  1  0  1  1  0  0  0  0],[ 2  1  0  2  0  0  0  0  2],[ 2  2  1  3  0  0  0  0  1],[ 2  3  2  3  0  0 -2 -1  0]]",True,"[-2,-2,-2,-1,1,2,2,2,-1,0,-1,1,1,2,3,1,0,0,0,1,2,-1,1,2,3,3,1,0,0,0,0,0,0,0,-2,-1]","[-2,-2,-2,-1,1,2,2,2,-2,-1,0,0,2,3,3,0,0,0,0,1,2,0,0,1,2,3,1,0,1,1,0,-1,-1,-1,-1,0]",t^8+53t^6+155t^4+99t^2,"[-2,-2,-2,-1,1,2,2,2,-2,0,1,3,2,3,4,1,1,3,1,1,2,1,3,1,2,3,1,2,2,3,2,2,1,0,-1,-1]","[-2,-2,-2,-1,1,2,2,2,-1,-1,1,3,2,3,4,0,2,2,1,1,2,2,2,1,2,3,1,3,3,3,1,1,1,-1,-2,0]","[-2,-2,-2,-1,1,2,2,2,-2,-1,0,0,2,3,3,0,0,0,0,1,2,0,0,1,2,3,1,0,1,1,0,-1,-1,-1,-1,0]",c,"[[{8, 7}, {4, 6}, {2, 5}, {1, 3}], [{8, 7}, {5, 6}, {2, 4}, {1, 3}]]",0,8 K_1^3 - 4 K_1 K_2 - 4 K_1 + 1,O1O2O3O4U2U1O5U6U7O6O7U8U4U5O8U3,O1O2O3U4U5O4O5U1O6O7U2U8U7U6O8U3,O1O2O3U1O4U5U6U4U2O6O5U3O7O8U7U8,c,{'O1O2O3O4U2O5U6U1U5O7O8U7U8O6U4U3'},1,"<a href=""/flatknot/8.704083"">8.704083</a>",t^9-53t^7-108t^6+91t^5+92t^4-15t^3+28t^2-12t,0,,
8.704084,O1O2O3O4U2O5U6U1U7O8O7U3U4O6U8U5,4,3z^3+41z^2+117z+95,3w^4z^3+41w^3z^2+117w^2z+95w,False,False,"[[ 0 -2 -2  0  2  3 -2  1  0],[ 2  0  0  2  3  2  0  2  1],[ 2  0  0  1  2  2  0  2  2],[ 0 -2 -1  0  1  2 -1  0  0],[-2 -3 -2 -1  0  1 -2 -2 -1],[-3 -2 -2 -2 -1  0 -2 -2 -2],[ 2  0  0  1  2  2  0  3  1],[-1 -2 -2  0  2  2 -3  0  0],[ 0 -1 -2  0  1  2 -1  0  0]]","[[ 0  3  2  1  0  0 -2 -2 -2],[-3  0 -1 -2 -2 -2 -2 -2 -2],[-2  1  0 -2 -1 -1 -2 -2 -3],[-1  2  2  0  0  0 -2 -3 -2],[ 0  2  1  0  0  0 -1 -1 -2],[ 0  2  1  0  0  0 -2 -1 -1],[ 2  2  2  2  1  2  0  0  0],[ 2  2  2  3  1  1  0  0  0],[ 2  2  3  2  2  1  0  0  0]]",True,"[-3,-2,-1,0,0,2,2,2,1,2,2,2,2,2,2,2,1,1,2,2,3,0,0,2,3,2,0,1,1,2,2,1,1,0,0,0]","[-3,-2,-1,0,0,2,2,2,0,0,1,1,3,3,3,-1,1,1,1,2,2,1,1,1,0,1,0,0,1,1,1,1,0,0,0,0]",t^8+77t^6+238t^4+182t^2+9,"[-2,-2,-2,0,0,1,2,3,0,0,0,1,1,1,3,0,1,0,1,2,3,1,1,0,2,3,0,1,1,1,1,1,1,-1,0,0]","[-3,-2,-1,0,0,2,2,2,0,0,1,1,3,3,3,-1,1,1,1,2,2,1,1,1,0,1,0,0,1,1,1,1,0,0,0,0]","[-2,-2,-2,0,0,1,2,3,0,0,1,1,3,2,2,0,1,2,2,2,2,2,1,2,3,2,0,0,1,2,0,1,2,2,2,1]",c,"[[{8, 2}, {3, 7}, {5, 6}, {1, 4}], [{8, 6}, {3, 7}, {2, 5}, {1, 4}]]",1,12 K_1^3 + 8 K_1^2 K_2 - 12 K_1^2 - 18 K_1 K_2 - 4 K_1 K_3 + 4 K_2 + 6 K_3 + 5,O1O2O3O4U5U6O7U1U2O8O6U8U4U7O5U3,O1O2O3U4U3O5O6U1O4O7U2U8U5U6O8U7,O1O2O3U4O5U6U7U5U2O4O8U3O6O7U1U8,c,{'O1O2O3O4U2O5U6U1U7O8O7U3U4O6U8U5'},1,"<a href=""/flatknot/8.704084"">8.704084</a>",t^9-75t^7-234t^6+22t^5+548t^4+275t^3-318t^2-224t-12,-t^3+2t^2-t,,
8.704085,O1O2O3O4U2O5U6U1U7O8O7U3U8O6U4U5,4,5z^2+90z+161,5w^3z^2+90w^2z+161w,False,False,"[[ 0 -2 -2  0  2  3 -2  1  0],[ 2  0  0  2  2  2  1  2  1],[ 2  0  0  1  2  2  1  2  1],[ 0 -2 -1  0  1  2 -1  0  0],[-2 -2 -2 -1  0  1 -2 -1 -1],[-3 -2 -2 -2 -1  0 -3 -2 -1],[ 2 -1 -1  1  2  3  0  2  1],[-1 -2 -2  0  1  2 -2  0  0],[ 0 -1 -1  0  1  1 -1  0  0]]","[[ 0  3  2  1  0  0 -2 -2 -2],[-3  0 -1 -2 -1 -2 -2 -2 -3],[-2  1  0 -1 -1 -1 -2 -2 -2],[-1  2  1  0  0  0 -2 -2 -2],[ 0  1  1  0  0  0 -1 -1 -1],[ 0  2  1  0  0  0 -1 -2 -1],[ 2  2  2  2  1  1  0  0  1],[ 2  2  2  2  1  2  0  0  1],[ 2  3  2  2  1  1 -1 -1  0]]",True,"[-3,-2,-1,0,0,2,2,2,1,2,1,2,2,2,3,1,1,1,2,2,2,0,0,2,2,2,0,1,1,1,1,2,1,0,-1,-1]","[-3,-2,-1,0,0,2,2,2,0,0,1,2,2,3,3,0,1,1,2,2,2,1,1,1,1,1,0,1,0,1,1,1,1,-1,-1,0]",t^8+65t^6+58t^4+11t^2,"[-2,-2,-2,0,0,1,2,3,-1,0,0,1,1,2,3,1,1,1,1,2,2,1,1,1,2,3,0,1,1,1,1,1,2,0,0,0]","[-3,-2,-1,0,0,2,2,2,0,0,1,2,2,3,3,0,1,1,2,2,2,1,1,1,1,1,0,1,0,1,1,1,1,-1,-1,0]","[-2,-2,-2,0,0,1,2,3,-1,-1,1,1,2,2,3,0,1,1,2,2,2,1,2,2,2,2,0,0,1,1,0,1,2,1,2,1]",c,"[[{8, 1}, {2, 7}, {3, 6}, {4, 5}], [{8, 1}, {2, 7}, {4, 6}, {3, 5}], [{8, 1}, {2, 7}, {5, 6}, {3, 4}], [{8, 1}, {3, 7}, {2, 6}, {4, 5}], [{8, 1}, {3, 7}, {2, 6}, {5}, {4}], [{8, 1}, {3, 7}, {4, 6}, {2, 5}], [{8, 1}, {3, 7}, {5, 6}, {2, 4}], [{8, 1}, {4, 7}, {2, 6}, {3, 5}], [{8, 1}, {4, 7}, {3, 6}, {2, 5}], [{8, 1}, {4, 7}, {5, 6}, {2, 3}], [{8, 1}, {5, 7}, {2, 6}, {3, 4}], [{8, 1}, {5, 7}, {3, 6}, {2, 4}], [{8, 1}, {5, 7}, {4, 6}, {2, 3}], [{8, 1}, {5, 7}, {6}, {4}, {2, 3}], [{8, 1}, {6, 7}, {2, 5}, {3, 4}], [{8, 1}, {6, 7}, {2, 5}, {4}, {3}], [{8, 1}, {6, 7}, {3, 5}, {2, 4}], [{8, 1}, {6, 7}, {4, 5}, {2, 3}], [{8, 1}, {7}, {3, 6}, {4, 5}, {2}], [{8, 1}, {7}, {4, 6}, {5}, {2, 3}], [{8, 1}, {7}, {6}, {2, 5}, {3, 4}], [{8, 2}, {1, 7}, {3, 6}, {4, 5}], [{8, 2}, {1, 7}, {4, 6}, {3, 5}], [{8, 2}, {1, 7}, {5, 6}, {3, 4}], [{8, 2}, {3, 7}, {1, 6}, {4, 5}], [{8, 2}, {3, 7}, {4, 6}, {1, 5}], [{8, 2}, {3, 7}, {5, 6}, {1, 4}], [{8, 2}, {4, 7}, {1, 6}, {3, 5}], [{8, 2}, {4, 7}, {1, 6}, {5}, {3}], [{8, 2}, {4, 7}, {3, 6}, {1, 5}], [{8, 2}, {4, 7}, {5, 6}, {1, 3}], [{8, 2}, {5, 7}, {1, 6}, {3, 4}], [{8, 2}, {5, 7}, {3, 6}, {1, 4}], [{8, 2}, {5, 7}, {4, 6}, {1, 3}], [{8, 2}, {5, 7}, {6}, {1, 4}, {3}], [{8, 2}, {6, 7}, {1, 5}, {3, 4}], [{8, 2}, {6, 7}, {3, 5}, {1, 4}], [{8, 2}, {6, 7}, {4, 5}, {1, 3}], [{8, 2}, {6, 7}, {5}, {1, 4}, {3}], [{8, 2}, {7}, {3, 6}, {1, 5}, {4}], [{8, 2}, {7}, {4, 6}, {1, 5}, {3}], [{8, 2}, {7}, {5, 6}, {1, 4}, {3}], [{8, 2}, {7}, {6}, {1, 5}, {3, 4}], [{8, 2}, {7}, {6}, {4, 5}, {1, 3}], [{8, 3}, {1, 7}, {2, 6}, {4, 5}], [{8, 3}, {1, 7}, {4, 6}, {2, 5}], [{8, 3}, {1, 7}, {5, 6}, {2, 4}], [{8, 3}, {1, 7}, {6}, {2, 5}, {4}], [{8, 3}, {2, 7}, {1, 6}, {4, 5}], [{8, 3}, {2, 7}, {4, 6}, {1, 5}], [{8, 3}, {2, 7}, {5, 6}, {1, 4}], [{8, 3}, {2, 7}, {5, 6}, {4}, {1}], [{8, 3}, {4, 7}, {1, 6}, {2, 5}], [{8, 3}, {4, 7}, {2, 6}, {1, 5}], [{8, 3}, {4, 7}, {5, 6}, {1, 2}], [{8, 3}, {5, 7}, {1, 6}, {2, 4}], [{8, 3}, {5, 7}, {2, 6}, {1, 4}], [{8, 3}, {5, 7}, {4, 6}, {1, 2}], [{8, 3}, {5, 7}, {6}, {1, 4}, {2}], [{8, 3}, {6, 7}, {1, 5}, {2, 4}], [{8, 3}, {6, 7}, {2, 5}, {1, 4}], [{8, 3}, {6, 7}, {2, 5}, {4}, {1}], [{8, 3}, {6, 7}, {4, 5}, {1, 2}], [{8, 3}, {7}, {1, 6}, {2, 5}, {4}], [{8, 3}, {7}, {2, 6}, {1, 5}, {4}], [{8, 3}, {7}, {4, 6}, {1, 5}, {2}], [{8, 3}, {7}, {6}, {1, 5}, {2, 4}], [{8, 4}, {1, 7}, {2, 6}, {3, 5}], [{8, 4}, {1, 7}, {3, 6}, {2, 5}], [{8, 4}, {1, 7}, {5, 6}, {2, 3}], [{8, 4}, {1, 7}, {6}, {5}, {2, 3}], [{8, 4}, {2, 7}, {1, 6}, {3, 5}], [{8, 4}, {2, 7}, {1, 6}, {5}, {3}], [{8, 4}, {2, 7}, {3, 6}, {1, 5}], [{8, 4}, {2, 7}, {5, 6}, {1, 3}], [{8, 4}, {3, 7}, {1, 6}, {2, 5}], [{8, 4}, {3, 7}, {1, 6}, {5}, {2}], [{8, 4}, {3, 7}, {2, 6}, {1, 5}], [{8, 4}, {3, 7}, {5, 6}, {1, 2}], [{8, 4}, {5, 7}, {1, 6}, {2, 3}], [{8, 4}, {5, 7}, {2, 6}, {1, 3}], [{8, 4}, {5, 7}, {3, 6}, {1, 2}], [{8, 4}, {5, 7}, {6}, {1, 3}, {2}], [{8, 4}, {5, 7}, {6}, {2, 3}, {1}], [{8, 4}, {5, 7}, {6}, {3}, {1, 2}], [{8, 4}, {6, 7}, {1, 5}, {2, 3}], [{8, 4}, {6, 7}, {2, 5}, {1, 3}], [{8, 4}, {6, 7}, {3, 5}, {1, 2}], [{8, 4}, {6, 7}, {5}, {1, 3}, {2}], [{8, 4}, {6, 7}, {5}, {2, 3}, {1}], [{8, 4}, {6, 7}, {5}, {3}, {1, 2}], [{8, 4}, {7}, {1, 6}, {5}, {2, 3}], [{8, 4}, {7}, {2, 6}, {1, 5}, {3}], [{8, 4}, {7}, {3, 6}, {1, 5}, {2}], [{8, 4}, {7}, {5, 6}, {1, 3}, {2}], [{8, 4}, {7}, {5, 6}, {2, 3}, {1}], [{8, 4}, {7}, {5, 6}, {3}, {1, 2}], [{8, 4}, {7}, {6}, {1, 5}, {2, 3}], [{8, 4}, {7}, {6}, {5}, {2, 3}, {1}], [{8, 5}, {1, 7}, {2, 6}, {3, 4}], [{8, 5}, {1, 7}, {3, 6}, {2, 4}], [{8, 5}, {1, 7}, {4, 6}, {2, 3}], [{8, 5}, {2, 7}, {1, 6}, {3, 4}], [{8, 5}, {2, 7}, {3, 6}, {1, 4}], [{8, 5}, {2, 7}, {4, 6}, {1, 3}], [{8, 5}, {3, 7}, {1, 6}, {2, 4}], [{8, 5}, {3, 7}, {2, 6}, {1, 4}], [{8, 5}, {3, 7}, {2, 6}, {4}, {1}], [{8, 5}, {3, 7}, {4, 6}, {1, 2}], [{8, 5}, {4, 7}, {1, 6}, {2, 3}], [{8, 5}, {4, 7}, {2, 6}, {1, 3}], [{8, 5}, {4, 7}, {3, 6}, {1, 2}], [{8, 5}, {4, 7}, {6}, {3}, {1, 2}], [{8, 5}, {6, 7}, {1, 4}, {2, 3}], [{8, 5}, {6, 7}, {2, 4}, {1, 3}], [{8, 5}, {6, 7}, {3, 4}, {1, 2}], [{8, 5}, {6, 7}, {3, 4}, {2}, {1}], [{8, 5}, {7}, {4, 6}, {2, 3}, {1}], [{8, 6}, {1, 7}, {2, 5}, {3, 4}], [{8, 6}, {1, 7}, {3, 5}, {2, 4}], [{8, 6}, {1, 7}, {4, 5}, {2, 3}], [{8, 6}, {1, 7}, {5}, {4}, {2, 3}], [{8, 6}, {2, 7}, {1, 5}, {3, 4}], [{8, 6}, {2, 7}, {3, 5}, {1, 4}], [{8, 6}, {2, 7}, {4, 5}, {1, 3}], [{8, 6}, {3, 7}, {1, 5}, {2, 4}], [{8, 6}, {3, 7}, {2, 5}, {1, 4}], [{8, 6}, {3, 7}, {4, 5}, {1, 2}], [{8, 6}, {4, 7}, {1, 5}, {2, 3}], [{8, 6}, {4, 7}, {2, 5}, {1, 3}], [{8, 6}, {4, 7}, {3, 5}, {1, 2}], [{8, 6}, {4, 7}, {5}, {2, 3}, {1}], [{8, 6}, {5, 7}, {1, 4}, {2, 3}], [{8, 6}, {5, 7}, {2, 4}, {1, 3}], [{8, 6}, {5, 7}, {3, 4}, {1, 2}], [{8, 6}, {5, 7}, {4}, {1, 3}, {2}], [{8, 6}, {5, 7}, {4}, {2, 3}, {1}], [{8, 6}, {5, 7}, {4}, {3}, {1, 2}], [{8, 6}, {7}, {1, 5}, {2, 4}, {3}], [{8, 6}, {7}, {1, 5}, {3, 4}, {2}], [{8, 6}, {7}, {1, 5}, {4}, {2, 3}], [{8, 6}, {7}, {4, 5}, {2, 3}, {1}], [{8, 6}, {7}, {5}, {1, 4}, {2, 3}], [{8, 6}, {7}, {5}, {4}, {2, 3}, {1}], [{8, 7}, {1, 6}, {2, 5}, {3, 4}], [{8, 7}, {1, 6}, {3, 5}, {2, 4}], [{8, 7}, {1, 6}, {3, 5}, {4}, {2}], [{8, 7}, {1, 6}, {4, 5}, {2, 3}], [{8, 7}, {2, 6}, {1, 5}, {3, 4}], [{8, 7}, {2, 6}, {1, 5}, {4}, {3}], [{8, 7}, {2, 6}, {3, 5}, {1, 4}], [{8, 7}, {2, 6}, {3, 5}, {4}, {1}], [{8, 7}, {2, 6}, {4, 5}, {1, 3}], [{8, 7}, {2, 6}, {5}, {4}, {1, 3}], [{8, 7}, {3, 6}, {1, 5}, {2, 4}], [{8, 7}, {3, 6}, {2, 5}, {1, 4}], [{8, 7}, {3, 6}, {4, 5}, {1, 2}], [{8, 7}, {4, 6}, {1, 5}, {2, 3}], [{8, 7}, {4, 6}, {1, 5}, {3}, {2}], [{8, 7}, {4, 6}, {2, 5}, {1, 3}], [{8, 7}, {4, 6}, {3, 5}, {1, 2}], [{8, 7}, {4, 6}, {5}, {2, 3}, {1}], [{8, 7}, {5, 6}, {1, 4}, {2, 3}], [{8, 7}, {5, 6}, {2, 4}, {1, 3}], [{8, 7}, {5, 6}, {3, 4}, {1, 2}], [{8, 7}, {5, 6}, {3, 4}, {2}, {1}], [{8, 7}, {6}, {1, 5}, {2, 4}, {3}], [{8, 7}, {6}, {3, 5}, {4}, {1, 2}], [{8}, {1, 7}, {4, 6}, {2, 5}, {3}], [{8}, {1, 7}, {4, 6}, {3, 5}, {2}], [{8}, {1, 7}, {4, 6}, {5}, {2, 3}], [{8}, {1, 7}, {5, 6}, {2, 4}, {3}], [{8}, {2, 7}, {4, 6}, {1, 5}, {3}], [{8}, {2, 7}, {4, 6}, {3, 5}, {1}], [{8}, {2, 7}, {4, 6}, {5}, {1, 3}], [{8}, {3, 7}, {2, 6}, {1, 5}, {4}], [{8}, {3, 7}, {4, 6}, {1, 5}, {2}], [{8}, {3, 7}, {4, 6}, {2, 5}, {1}], [{8}, {3, 7}, {4, 6}, {5}, {1, 2}], [{8}, {3, 7}, {5, 6}, {1, 4}, {2}], [{8}, {3, 7}, {6}, {1, 5}, {2, 4}], [{8}, {4, 7}, {2, 6}, {1, 5}, {3}], [{8}, {4, 7}, {6}, {2, 5}, {1, 3}], [{8}, {5, 7}, {1, 6}, {2, 4}, {3}], [{8}, {5, 7}, {1, 6}, {3, 4}, {2}], [{8}, {5, 7}, {1, 6}, {4}, {2, 3}], [{8}, {5, 7}, {4, 6}, {1, 3}, {2}], [{8}, {5, 7}, {4, 6}, {2, 3}, {1}], [{8}, {5, 7}, {4, 6}, {3}, {1, 2}], [{8}, {5, 7}, {6}, {1, 4}, {2, 3}], [{8}, {6, 7}, {1, 5}, {2, 4}, {3}], [{8}, {6, 7}, {2, 5}, {4}, {1, 3}], [{8}, {6, 7}, {3, 5}, {1, 4}, {2}], [{8}, {7}, {2, 6}, {1, 5}, {3, 4}], [{8}, {7}, {2, 6}, {1, 5}, {4}, {3}], [{8}, {7}, {3, 6}, {1, 5}, {2, 4}], [{8}, {7}, {3, 6}, {2, 5}, {1, 4}], [{8}, {7}, {4, 6}, {1, 5}, {2, 3}], [{8}, {7}, {4, 6}, {1, 5}, {3}, {2}], [{8}, {7}, {4, 6}, {2, 5}, {1, 3}], [{8}, {7}, {4, 6}, {3, 5}, {1, 2}], [{8}, {7}, {4, 6}, {5}, {2, 3}, {1}], [{8}, {7}, {6}, {1, 5}, {2, 4}, {3}]]",2,- 40 K_1^2 - 22 K_1 K_2 + 11 K_1 - 4 K_2^2 + 20 K_2 + 11 K_3 + 2 K_4 + 23,O1O2O3O4U5U1O6U7U2O8O7U8U4U6O5U3,O1O2O3U4U3O5O4U1O6O7U2U8U5U6O8U7,O1O2O3U4O5U6U7U5U2O4O6U3O8O7U1U8,c,{'O1O2O3O4U2O5U6U1U7O8O7U3U8O6U4U5'},1,"<a href=""/flatknot/8.704085"">8.704085</a>",t^9-63t^7-250t^6-310t^5-78t^4+95t^3+68t^2+21t+4,-t^3+2t^2-t,,
8.704086,O1O2O3O4U2O5U6U1U7O8O7U4U3O6U8U5,4,2z^3+37z^2+112z+93,2w^4z^3+37w^3z^2-4w^3z+116w^2z+93w,False,False,"[[ 0 -2 -2  1  1  3 -2  1  0],[ 2  0  0  3  2  2  0  2  1],[ 2  0  0  2  1  2  0  2  2],[-1 -3 -2  0  0  2 -2 -1  0],[-1 -2 -1  0  0  1 -1 -1 -1],[-3 -2 -2 -2 -1  0 -2 -2 -2],[ 2  0  0  2  1  2  0  3  1],[-1 -2 -2  1  1  2 -3  0  0],[ 0 -1 -2  0  1  2 -1  0  0]]","[[ 0  3  1  1  1  0 -2 -2 -2],[-3  0 -1 -2 -2 -2 -2 -2 -2],[-1  1  0  0 -1 -1 -1 -1 -2],[-1  2  0  0 -1  0 -2 -2 -3],[-1  2  1  1  0  0 -2 -3 -2],[ 0  2  1  0  0  0 -2 -1 -1],[ 2  2  1  2  2  2  0  0  0],[ 2  2  1  2  3  1  0  0  0],[ 2  2  2  3  2  1  0  0  0]]",True,"[-3,-1,-1,-1,0,2,2,2,1,2,2,2,2,2,2,0,1,1,1,1,2,1,0,2,2,3,0,2,3,2,2,1,1,0,0,0]","[-3,-1,-1,-1,0,2,2,2,0,0,1,1,3,3,3,-1,0,1,0,1,1,1,1,1,0,1,0,1,2,2,1,1,0,0,0,0]",t^8+74t^6+262t^4+235t^2+4,"[-2,-2,-2,0,1,1,1,3,0,0,0,1,1,2,3,0,1,0,1,1,3,1,1,0,2,3,1,1,0,1,1,0,0,-1,0,1]","[-3,-1,-1,-1,0,2,2,2,0,0,1,1,3,3,3,-1,0,1,0,1,1,1,1,1,0,1,0,1,2,2,1,1,0,0,0,0]","[-2,-2,-2,0,1,1,1,3,0,0,1,1,2,3,2,0,1,2,3,2,2,2,1,2,2,2,1,0,0,2,0,-1,1,-1,2,2]",c,"[[{8, 2}, {4, 7}, {5, 6}, {1, 3}], [{8, 2}, {5, 7}, {4, 6}, {1, 3}], [{8, 7}, {4, 6}, {2, 5}, {1, 3}], [{8, 7}, {5, 6}, {2, 4}, {1, 3}]]",1,8 K_1^3 + 8 K_1^2 K_2 - 10 K_1^2 - 6 K_1 K_2 - 4 K_1 K_3 - 3 K_1 + 3 K_2 + K_3 + 4,O1O2O3O4U5U6O7U2U1O8O6U8U4U7O5U3,O1O2O3U4U3O5O6U1O4O7U2U8U6U5O8U7,O1O2O3U4O5U6U7U5U2O4O8U3O7O6U1U8,c,{'O1O2O3O4U2O5U6U1U7O8O7U4U3O6U8U5'},1,"<a href=""/flatknot/8.704086"">8.704086</a>",t^9-74t^7-202t^6+35t^5+440t^4+184t^3-232t^2-86t+30,-t^3+3t^2-3t,,
8.704087,O1O2O3O4U2O5U6U1U7O8O7U5U3O6U4U8,4,z^3+20z^2+94z+117,w^4z^3+20w^3z^2-8w^3z+102w^2z+117w,False,False,"[[ 0 -2 -2  1  2  1 -2  1  1],[ 2  0  0  3  3  1  0  2  2],[ 2  0  0  1  2  0  1  2  2],[-1 -3 -1  0  0  0 -2 -1  1],[-2 -3 -2  0  0  1 -3 -2  0],[-1 -1  0  0 -1  0 -1 -1 -1],[ 2  0 -1  2  3  1  0  3  2],[-1 -2 -2  1  2  1 -3  0  1],[-1 -2 -2 -1  0  1 -2 -1  0]]","[[ 0  2  1  1  1  1 -2 -2 -2],[-2  0  1  0  0 -2 -2 -3 -3],[-1 -1  0  0 -1 -1  0 -1 -1],[-1  0  0  0  1 -1 -1 -2 -3],[-1  0  1 -1  0 -1 -2 -2 -2],[-1  2  1  1  1  0 -2 -3 -2],[ 2  2  0  1  2  2  0  1  0],[ 2  3  1  2  2  3 -1  0  0],[ 2  3  1  3  2  2  0  0  0]]",True,"[-2,-1,-1,-1,-1,2,2,2,-1,0,0,2,2,3,3,0,1,1,0,1,1,-1,1,1,2,3,1,2,2,2,2,3,2,-1,0,0]","[-2,-2,-2,1,1,1,1,2,-1,0,1,1,2,3,2,0,0,1,1,2,1,1,1,0,2,1,-1,-1,-1,-1,1,-1,1,0,1,2]",t^8+78t^6+299t^4+145t^2+4,"[-2,-2,-2,1,1,1,1,2,-1,0,1,1,2,3,2,0,0,1,1,2,1,1,1,0,2,1,-1,-1,-1,-1,1,-1,1,0,1,2]","[-2,-1,-1,-1,-1,2,2,2,-1,1,1,2,1,1,2,1,1,1,0,1,1,-1,1,1,1,1,0,1,0,2,2,2,3,0,-1,0]","[-2,-2,-2,1,1,1,1,2,-1,0,1,2,2,3,3,0,0,1,2,2,2,1,3,2,2,3,0,-1,-1,-1,1,-1,0,-1,0,2]",c,"[[{8, 1}, {2, 7}, {3, 6}, {4, 5}], [{8, 1}, {2, 7}, {4, 6}, {3, 5}], [{8, 1}, {2, 7}, {5, 6}, {3, 4}], [{8, 1}, {2, 7}, {6}, {5}, {3, 4}], [{8, 1}, {3, 7}, {2, 6}, {4, 5}], [{8, 1}, {3, 7}, {2, 6}, {5}, {4}], [{8, 1}, {3, 7}, {4, 6}, {2, 5}], [{8, 1}, {3, 7}, {5, 6}, {2, 4}], [{8, 1}, {4, 7}, {2, 6}, {3, 5}], [{8, 1}, {4, 7}, {3, 6}, {2, 5}], [{8, 1}, {4, 7}, {3, 6}, {5}, {2}], [{8, 1}, {4, 7}, {5, 6}, {2, 3}], [{8, 1}, {5, 7}, {2, 6}, {3, 4}], [{8, 1}, {5, 7}, {3, 6}, {2, 4}], [{8, 1}, {5, 7}, {3, 6}, {4}, {2}], [{8, 1}, {5, 7}, {4, 6}, {2, 3}], [{8, 1}, {5, 7}, {6}, {2, 4}, {3}], [{8, 1}, {6, 7}, {2, 5}, {3, 4}], [{8, 1}, {6, 7}, {3, 5}, {2, 4}], [{8, 1}, {6, 7}, {4, 5}, {2, 3}], [{8, 1}, {6, 7}, {5}, {2, 4}, {3}], [{8, 1}, {7}, {3, 6}, {4, 5}, {2}], [{8, 1}, {7}, {4, 6}, {2, 5}, {3}], [{8, 1}, {7}, {4, 6}, {3, 5}, {2}], [{8, 1}, {7}, {4, 6}, {5}, {2, 3}], [{8, 1}, {7}, {5, 6}, {2, 4}, {3}], [{8, 2}, {1, 7}, {3, 6}, {4, 5}], [{8, 2}, {1, 7}, {4, 6}, {3, 5}], [{8, 2}, {1, 7}, {5, 6}, {3, 4}], [{8, 2}, {1, 7}, {6}, {5}, {3, 4}], [{8, 2}, {3, 7}, {1, 6}, {4, 5}], [{8, 2}, {3, 7}, {4, 6}, {1, 5}], [{8, 2}, {3, 7}, {5, 6}, {1, 4}], [{8, 2}, {4, 7}, {1, 6}, {3, 5}], [{8, 2}, {4, 7}, {3, 6}, {1, 5}], [{8, 2}, {4, 7}, {5, 6}, {1, 3}], [{8, 2}, {5, 7}, {1, 6}, {3, 4}], [{8, 2}, {5, 7}, {3, 6}, {1, 4}], [{8, 2}, {5, 7}, {4, 6}, {1, 3}], [{8, 2}, {6, 7}, {1, 5}, {3, 4}], [{8, 2}, {6, 7}, {3, 5}, {1, 4}], [{8, 2}, {6, 7}, {4, 5}, {1, 3}], [{8, 2}, {6, 7}, {5}, {1, 4}, {3}], [{8, 3}, {1, 7}, {2, 6}, {4, 5}], [{8, 3}, {1, 7}, {4, 6}, {2, 5}], [{8, 3}, {1, 7}, {5, 6}, {2, 4}], [{8, 3}, {1, 7}, {6}, {5}, {2, 4}], [{8, 3}, {2, 7}, {1, 6}, {4, 5}], [{8, 3}, {2, 7}, {4, 6}, {1, 5}], [{8, 3}, {2, 7}, {5, 6}, {1, 4}], [{8, 3}, {2, 7}, {6}, {4, 5}, {1}], [{8, 3}, {4, 7}, {1, 6}, {2, 5}], [{8, 3}, {4, 7}, {2, 6}, {1, 5}], [{8, 3}, {4, 7}, {5, 6}, {1, 2}], [{8, 3}, {5, 7}, {1, 6}, {2, 4}], [{8, 3}, {5, 7}, {2, 6}, {1, 4}], [{8, 3}, {5, 7}, {2, 6}, {4}, {1}], [{8, 3}, {5, 7}, {4, 6}, {1, 2}], [{8, 3}, {6, 7}, {1, 5}, {2, 4}], [{8, 3}, {6, 7}, {2, 5}, {1, 4}], [{8, 3}, {6, 7}, {4, 5}, {1, 2}], [{8, 3}, {7}, {4, 6}, {2, 5}, {1}], [{8, 4}, {1, 7}, {2, 6}, {3, 5}], [{8, 4}, {1, 7}, {3, 6}, {2, 5}], [{8, 4}, {1, 7}, {5, 6}, {2, 3}], [{8, 4}, {2, 7}, {1, 6}, {3, 5}], [{8, 4}, {2, 7}, {3, 6}, {1, 5}], [{8, 4}, {2, 7}, {5, 6}, {1, 3}], [{8, 4}, {2, 7}, {5, 6}, {3}, {1}], [{8, 4}, {3, 7}, {1, 6}, {2, 5}], [{8, 4}, {3, 7}, {2, 6}, {1, 5}], [{8, 4}, {3, 7}, {5, 6}, {1, 2}], [{8, 4}, {5, 7}, {1, 6}, {2, 3}], [{8, 4}, {5, 7}, {2, 6}, {1, 3}], [{8, 4}, {5, 7}, {3, 6}, {1, 2}], [{8, 4}, {6, 7}, {1, 5}, {2, 3}], [{8, 4}, {6, 7}, {2, 5}, {1, 3}], [{8, 4}, {6, 7}, {3, 5}, {1, 2}], [{8, 4}, {7}, {6}, {2, 5}, {1, 3}], [{8, 5}, {1, 7}, {2, 6}, {3, 4}], [{8, 5}, {1, 7}, {3, 6}, {2, 4}], [{8, 5}, {1, 7}, {4, 6}, {2, 3}], [{8, 5}, {2, 7}, {1, 6}, {3, 4}], [{8, 5}, {2, 7}, {3, 6}, {1, 4}], [{8, 5}, {2, 7}, {4, 6}, {1, 3}], [{8, 5}, {3, 7}, {1, 6}, {2, 4}], [{8, 5}, {3, 7}, {2, 6}, {1, 4}], [{8, 5}, {3, 7}, {4, 6}, {1, 2}], [{8, 5}, {3, 7}, {6}, {1, 4}, {2}], [{8, 5}, {4, 7}, {1, 6}, {2, 3}], [{8, 5}, {4, 7}, {2, 6}, {1, 3}], [{8, 5}, {4, 7}, {3, 6}, {1, 2}], [{8, 5}, {6, 7}, {1, 4}, {2, 3}], [{8, 5}, {6, 7}, {2, 4}, {1, 3}], [{8, 5}, {6, 7}, {3, 4}, {1, 2}], [{8, 5}, {7}, {3, 6}, {2, 4}, {1}], [{8, 6}, {1, 7}, {2, 5}, {3, 4}], [{8, 6}, {1, 7}, {3, 5}, {2, 4}], [{8, 6}, {1, 7}, {4, 5}, {2, 3}], [{8, 6}, {1, 7}, {5}, {2, 4}, {3}], [{8, 6}, {2, 7}, {1, 5}, {3, 4}], [{8, 6}, {2, 7}, {3, 5}, {1, 4}], [{8, 6}, {2, 7}, {4, 5}, {1, 3}], [{8, 6}, {2, 7}, {5}, {4}, {1, 3}], [{8, 6}, {3, 7}, {1, 5}, {2, 4}], [{8, 6}, {3, 7}, {2, 5}, {1, 4}], [{8, 6}, {3, 7}, {4, 5}, {1, 2}], [{8, 6}, {4, 7}, {1, 5}, {2, 3}], [{8, 6}, {4, 7}, {2, 5}, {1, 3}], [{8, 6}, {4, 7}, {3, 5}, {1, 2}], [{8, 6}, {5, 7}, {1, 4}, {2, 3}], [{8, 6}, {5, 7}, {1, 4}, {3}, {2}], [{8, 6}, {5, 7}, {2, 4}, {1, 3}], [{8, 6}, {5, 7}, {3, 4}, {1, 2}], [{8, 6}, {5, 7}, {3, 4}, {2}, {1}], [{8, 6}, {5, 7}, {4}, {1, 3}, {2}], [{8, 6}, {7}, {2, 5}, {4}, {1, 3}], [{8, 7}, {1, 6}, {2, 5}, {3, 4}], [{8, 7}, {1, 6}, {3, 5}, {2, 4}], [{8, 7}, {1, 6}, {4, 5}, {2, 3}], [{8, 7}, {2, 6}, {1, 5}, {3, 4}], [{8, 7}, {2, 6}, {1, 5}, {4}, {3}], [{8, 7}, {2, 6}, {3, 5}, {1, 4}], [{8, 7}, {2, 6}, {3, 5}, {4}, {1}], [{8, 7}, {2, 6}, {4, 5}, {1, 3}], [{8, 7}, {2, 6}, {5}, {4}, {1, 3}], [{8, 7}, {3, 6}, {1, 5}, {2, 4}], [{8, 7}, {3, 6}, {2, 5}, {1, 4}], [{8, 7}, {3, 6}, {4, 5}, {1, 2}], [{8, 7}, {4, 6}, {1, 5}, {2, 3}], [{8, 7}, {4, 6}, {2, 5}, {1, 3}], [{8, 7}, {4, 6}, {2, 5}, {3}, {1}], [{8, 7}, {4, 6}, {3, 5}, {1, 2}], [{8, 7}, {4, 6}, {3, 5}, {2}, {1}], [{8, 7}, {4, 6}, {5}, {2, 3}, {1}], [{8, 7}, {5, 6}, {1, 4}, {2, 3}], [{8, 7}, {5, 6}, {1, 4}, {3}, {2}], [{8, 7}, {5, 6}, {2, 4}, {1, 3}], [{8, 7}, {5, 6}, {3, 4}, {1, 2}], [{8, 7}, {5, 6}, {3, 4}, {2}, {1}], [{8, 7}, {5, 6}, {4}, {1, 3}, {2}], [{8, 7}, {6}, {2, 5}, {4}, {1, 3}], [{8, 7}, {6}, {3, 5}, {2, 4}, {1}], [{8, 7}, {6}, {5}, {3, 4}, {1, 2}], [{8}, {1, 7}, {3, 6}, {5}, {2, 4}], [{8}, {1, 7}, {4, 6}, {2, 5}, {3}], [{8}, {1, 7}, {4, 6}, {3, 5}, {2}], [{8}, {1, 7}, {4, 6}, {5}, {2, 3}], [{8}, {3, 7}, {4, 6}, {2, 5}, {1}], [{8}, {3, 7}, {5, 6}, {2, 4}, {1}], [{8}, {4, 7}, {6}, {2, 5}, {1, 3}], [{8}, {4, 7}, {6}, {3, 5}, {1, 2}], [{8}, {6, 7}, {2, 5}, {4}, {1, 3}], [{8}, {7}, {1, 6}, {2, 5}, {3, 4}], [{8}, {7}, {3, 6}, {2, 5}, {1, 4}], [{8}, {7}, {4, 6}, {2, 5}, {1, 3}], [{8}, {7}, {4, 6}, {2, 5}, {3}, {1}], [{8}, {7}, {6}, {2, 5}, {4}, {1, 3}]]",2,16 K_1^3 - 32 K_1^2 - 16 K_1 K_2 - 4 K_1 + 16 K_2 + 4 K_3 + 17,O1O2O3O4U5U1O6U2U7O8O5U8U4U6O7U3,O1O2O3U4U3O5O6U1O7O4U2U8U6U7O8U5,O1O2O3U4O5U6U7U5U2O8O6U3O7O4U1U8,c,{'O1O2O3O4U2O5U6U1U7O8O7U5U3O6U4U8'},1,"<a href=""/flatknot/8.704087"">8.704087</a>",t^9-82t^7-216t^6+167t^5+546t^4-231t^3-240t^2+159t+14,2t^2-4t,,
8.704088,O1O2O3O4U2O5U6U1U7O8O7U5U3O6U8U4,4,z^3+19z^2+101z+135,w^4z^3+19w^3z^2+101w^2z+135w,False,False,"[[ 0 -2 -2  1  3  1 -2  1  0],[ 2  0  0  3  3  1  0  2  1],[ 2  0  0  1  2  0  1  2  1],[-1 -3 -1  0  1  0 -2 -1  0],[-3 -3 -2 -1  0  0 -3 -2 -1],[-1 -1  0  0  0  0 -1 -1 -1],[ 2  0 -1  2  3  1  0  3  1],[-1 -2 -2  1  2  1 -3  0  0],[ 0 -1 -1  0  1  1 -1  0  0]]","[[ 0  3  1  1  1  0 -2 -2 -2],[-3  0  0 -1 -2 -1 -2 -3 -3],[-1  0  0  0 -1 -1  0 -1 -1],[-1  1  0  0 -1  0 -1 -2 -3],[-1  2  1  1  0  0 -2 -3 -2],[ 0  1  1  0  0  0 -1 -1 -1],[ 2  2  0  1  2  1  0  1  0],[ 2  3  1  2  3  1 -1  0  0],[ 2  3  1  3  2  1  0  0  0]]",True,"[-3,-1,-1,-1,0,2,2,2,0,1,2,1,2,3,3,0,1,1,0,1,1,1,0,1,2,3,0,2,3,2,1,1,1,-1,0,0]","[-3,-1,-1,-1,0,2,2,2,0,1,2,1,2,3,3,0,1,1,0,1,1,1,0,1,2,3,0,2,3,2,1,1,1,-1,0,0]",t^8+68t^6+200t^4+87t^2+4,"[-2,-2,-2,0,1,1,1,3,-1,0,1,1,2,3,3,0,1,0,1,2,2,1,1,0,2,2,1,1,0,2,-1,-1,0,0,1,2]","[-3,-1,-1,-1,0,2,2,2,0,1,2,2,2,2,3,1,1,1,0,1,1,0,1,1,0,2,0,2,2,3,1,1,1,0,-1,0]","[-2,-2,-2,0,1,1,1,3,-1,0,1,1,2,3,3,0,1,0,1,2,2,1,1,3,2,3,1,0,0,1,0,-1,0,-1,1,2]",c,"[[{8, 6}, {2, 7}, {4, 5}, {1, 3}]]",1,12 K_1^3 + 12 K_1^2 K_2 - 34 K_1^2 - 22 K_1 K_2 - 8 K_1 K_3 + 2 K_1 - 4 K_2^2 + 15 K_2 + 8 K_3 + 3 K_4 + 17,O1O2O3O4U1U5O6U2U7O8O5U8U4U6O7U3,O1O2O3U4U3O5O6U1O4O7U2U8U6U7O8U5,O1O2O3U4O5U6U7U5U2O6O8U3O7O4U1U8,c,{'O1O2O3O4U2O5U6U1U7O8O7U5U3O6U8U4'},1,"<a href=""/flatknot/8.704088"">8.704088</a>",t^9-68t^7-188t^6+21t^5+382t^4+221t^3-170t^2-165t+14,-t^3+3t^2-3t,,
8.704089,O1O2O3O4U2O5U6U1U7O8O7U5U4O6U3U8,3,11z^2+84z+125,11w^3z^2-4w^3z+88w^2z+125w,False,False,"[[ 0 -2 -2  1  2  1 -2  1  1],[ 2  0  0  3  3  1  0  2  2],[ 2  0  0  2  1  0  1  2  2],[-1 -3 -2  0  1  1 -3 -1  1],[-2 -3 -1 -1  0  0 -3 -2  0],[-1 -1  0 -1  0  0 -1 -1 -1],[ 2  0 -1  3  3  1  0  3  2],[-1 -2 -2  1  2  1 -3  0  1],[-1 -2 -2 -1  0  1 -2 -1  0]]","[[ 0  2  1  1  1  1 -2 -2 -2],[-2  0  0  0 -1 -2 -1 -3 -3],[-1  0  0  1 -1 -1 -2 -2 -2],[-1  0 -1  0 -1 -1  0 -1 -1],[-1  1  1  1  0 -1 -2 -3 -3],[-1  2  1  1  1  0 -2 -2 -3],[ 2  1  2  0  2  2  0  0  1],[ 2  3  2  1  3  2  0  0  0],[ 2  3  2  1  3  3 -1  0  0]]",True,"[-2,-1,-1,-1,-1,2,2,2,0,0,1,2,1,3,3,-1,1,1,2,2,2,1,1,0,1,1,1,2,3,3,2,2,3,0,-1,0]","[-2,-2,-2,1,1,1,1,2,-1,0,1,1,1,3,3,0,0,0,1,2,1,0,1,1,2,1,1,-1,-1,0,-1,-1,-1,-1,1,1]",t^8+84t^6+234t^4+86t^2,"[-2,-2,-2,1,1,1,1,2,-1,0,1,1,1,3,3,0,0,0,1,2,1,0,1,1,2,1,1,-1,-1,0,-1,-1,-1,-1,1,1]","[-2,-1,-1,-1,-1,2,2,2,-1,0,1,1,1,1,3,1,1,1,0,1,1,1,1,0,0,1,-1,2,2,3,1,1,1,0,-1,0]","[-2,-2,-2,1,1,1,1,2,-1,0,1,2,3,3,3,0,0,2,2,2,1,1,2,2,3,3,-1,-1,-1,0,-1,-1,0,1,2,1]",c,"[[{8, 1}, {2, 7}, {3, 6}, {4, 5}], [{8, 1}, {2, 7}, {3, 6}, {5}, {4}], [{8, 1}, {2, 7}, {4, 6}, {3, 5}], [{8, 1}, {2, 7}, {4, 6}, {5}, {3}], [{8, 1}, {2, 7}, {5, 6}, {3, 4}], [{8, 1}, {2, 7}, {5, 6}, {4}, {3}], [{8, 1}, {2, 7}, {6}, {3, 5}, {4}], [{8, 1}, {2, 7}, {6}, {4, 5}, {3}], [{8, 1}, {2, 7}, {6}, {5}, {3, 4}], [{8, 1}, {2, 7}, {6}, {5}, {4}, {3}], [{8, 1}, {3, 7}, {2, 6}, {4, 5}], [{8, 1}, {3, 7}, {4, 6}, {2, 5}], [{8, 1}, {3, 7}, {5, 6}, {2, 4}], [{8, 1}, {4, 7}, {2, 6}, {3, 5}], [{8, 1}, {4, 7}, {3, 6}, {2, 5}], [{8, 1}, {4, 7}, {5, 6}, {2, 3}], [{8, 1}, {5, 7}, {2, 6}, {3, 4}], [{8, 1}, {5, 7}, {3, 6}, {2, 4}], [{8, 1}, {5, 7}, {4, 6}, {2, 3}], [{8, 1}, {5, 7}, {4, 6}, {3}, {2}], [{8, 1}, {6, 7}, {2, 5}, {3, 4}], [{8, 1}, {6, 7}, {3, 5}, {2, 4}], [{8, 1}, {6, 7}, {4, 5}, {2, 3}], [{8, 1}, {7}, {3, 6}, {4, 5}, {2}], [{8, 1}, {7}, {4, 6}, {2, 5}, {3}], [{8, 2}, {1, 7}, {3, 6}, {4, 5}], [{8, 2}, {1, 7}, {3, 6}, {5}, {4}], [{8, 2}, {1, 7}, {4, 6}, {3, 5}], [{8, 2}, {1, 7}, {5, 6}, {3, 4}], [{8, 2}, {1, 7}, {6}, {4, 5}, {3}], [{8, 2}, {3, 7}, {1, 6}, {4, 5}], [{8, 2}, {3, 7}, {4, 6}, {1, 5}], [{8, 2}, {3, 7}, {5, 6}, {1, 4}], [{8, 2}, {4, 7}, {1, 6}, {3, 5}], [{8, 2}, {4, 7}, {3, 6}, {1, 5}], [{8, 2}, {4, 7}, {5, 6}, {1, 3}], [{8, 2}, {4, 7}, {6}, {3, 5}, {1}], [{8, 2}, {5, 7}, {1, 6}, {3, 4}], [{8, 2}, {5, 7}, {1, 6}, {4}, {3}], [{8, 2}, {5, 7}, {3, 6}, {1, 4}], [{8, 2}, {5, 7}, {4, 6}, {1, 3}], [{8, 2}, {5, 7}, {4, 6}, {3}, {1}], [{8, 2}, {5, 7}, {6}, {1, 4}, {3}], [{8, 2}, {6, 7}, {1, 5}, {3, 4}], [{8, 2}, {6, 7}, {3, 5}, {1, 4}], [{8, 2}, {6, 7}, {4, 5}, {1, 3}], [{8, 2}, {6, 7}, {5}, {4}, {1, 3}], [{8, 2}, {7}, {3, 6}, {4, 5}, {1}], [{8, 2}, {7}, {5, 6}, {3, 4}, {1}], [{8, 3}, {1, 7}, {2, 6}, {4, 5}], [{8, 3}, {1, 7}, {4, 6}, {2, 5}], [{8, 3}, {1, 7}, {5, 6}, {2, 4}], [{8, 3}, {2, 7}, {1, 6}, {4, 5}], [{8, 3}, {2, 7}, {1, 6}, {5}, {4}], [{8, 3}, {2, 7}, {4, 6}, {1, 5}], [{8, 3}, {2, 7}, {4, 6}, {5}, {1}], [{8, 3}, {2, 7}, {5, 6}, {1, 4}], [{8, 3}, {2, 7}, {5, 6}, {4}, {1}], [{8, 3}, {2, 7}, {6}, {1, 5}, {4}], [{8, 3}, {2, 7}, {6}, {4, 5}, {1}], [{8, 3}, {2, 7}, {6}, {5}, {1, 4}], [{8, 3}, {2, 7}, {6}, {5}, {4}, {1}], [{8, 3}, {4, 7}, {1, 6}, {2, 5}], [{8, 3}, {4, 7}, {2, 6}, {1, 5}], [{8, 3}, {4, 7}, {5, 6}, {1, 2}], [{8, 3}, {5, 7}, {1, 6}, {2, 4}], [{8, 3}, {5, 7}, {2, 6}, {1, 4}], [{8, 3}, {5, 7}, {4, 6}, {1, 2}], [{8, 3}, {5, 7}, {4, 6}, {2}, {1}], [{8, 3}, {6, 7}, {1, 5}, {2, 4}], [{8, 3}, {6, 7}, {2, 5}, {1, 4}], [{8, 3}, {6, 7}, {4, 5}, {1, 2}], [{8, 3}, {7}, {4, 6}, {2, 5}, {1}], [{8, 4}, {1, 7}, {2, 6}, {3, 5}], [{8, 4}, {1, 7}, {3, 6}, {2, 5}], [{8, 4}, {1, 7}, {5, 6}, {2, 3}], [{8, 4}, {1, 7}, {6}, {2, 5}, {3}], [{8, 4}, {2, 7}, {1, 6}, {3, 5}], [{8, 4}, {2, 7}, {1, 6}, {5}, {3}], [{8, 4}, {2, 7}, {3, 6}, {1, 5}], [{8, 4}, {2, 7}, {3, 6}, {5}, {1}], [{8, 4}, {2, 7}, {5, 6}, {1, 3}], [{8, 4}, {2, 7}, {5, 6}, {3}, {1}], [{8, 4}, {2, 7}, {6}, {1, 5}, {3}], [{8, 4}, {2, 7}, {6}, {3, 5}, {1}], [{8, 4}, {2, 7}, {6}, {5}, {1, 3}], [{8, 4}, {2, 7}, {6}, {5}, {3}, {1}], [{8, 4}, {3, 7}, {1, 6}, {2, 5}], [{8, 4}, {3, 7}, {2, 6}, {1, 5}], [{8, 4}, {3, 7}, {5, 6}, {1, 2}], [{8, 4}, {5, 7}, {1, 6}, {2, 3}], [{8, 4}, {5, 7}, {2, 6}, {1, 3}], [{8, 4}, {5, 7}, {3, 6}, {1, 2}], [{8, 4}, {5, 7}, {6}, {3}, {1, 2}], [{8, 4}, {6, 7}, {1, 5}, {2, 3}], [{8, 4}, {6, 7}, {2, 5}, {1, 3}], [{8, 4}, {6, 7}, {3, 5}, {1, 2}], [{8, 5}, {1, 7}, {2, 6}, {3, 4}], [{8, 5}, {1, 7}, {3, 6}, {2, 4}], [{8, 5}, {1, 7}, {4, 6}, {2, 3}], [{8, 5}, {1, 7}, {6}, {3, 4}, {2}], [{8, 5}, {2, 7}, {1, 6}, {3, 4}], [{8, 5}, {2, 7}, {1, 6}, {4}, {3}], [{8, 5}, {2, 7}, {3, 6}, {1, 4}], [{8, 5}, {2, 7}, {3, 6}, {4}, {1}], [{8, 5}, {2, 7}, {4, 6}, {1, 3}], [{8, 5}, {2, 7}, {4, 6}, {3}, {1}], [{8, 5}, {2, 7}, {6}, {1, 4}, {3}], [{8, 5}, {2, 7}, {6}, {3, 4}, {1}], [{8, 5}, {2, 7}, {6}, {4}, {1, 3}], [{8, 5}, {2, 7}, {6}, {4}, {3}, {1}], [{8, 5}, {3, 7}, {1, 6}, {2, 4}], [{8, 5}, {3, 7}, {2, 6}, {1, 4}], [{8, 5}, {3, 7}, {4, 6}, {1, 2}], [{8, 5}, {4, 7}, {1, 6}, {2, 3}], [{8, 5}, {4, 7}, {2, 6}, {1, 3}], [{8, 5}, {4, 7}, {3, 6}, {1, 2}], [{8, 5}, {4, 7}, {6}, {1, 3}, {2}], [{8, 5}, {6, 7}, {1, 4}, {2, 3}], [{8, 5}, {6, 7}, {2, 4}, {1, 3}], [{8, 5}, {6, 7}, {3, 4}, {1, 2}], [{8, 5}, {7}, {6}, {2, 4}, {1, 3}], [{8, 5}, {7}, {6}, {3, 4}, {1, 2}], [{8, 6}, {1, 7}, {2, 5}, {3, 4}], [{8, 6}, {1, 7}, {2, 5}, {4}, {3}], [{8, 6}, {1, 7}, {3, 5}, {2, 4}], [{8, 6}, {1, 7}, {4, 5}, {2, 3}], [{8, 6}, {2, 7}, {1, 5}, {3, 4}], [{8, 6}, {2, 7}, {1, 5}, {4}, {3}], [{8, 6}, {2, 7}, {3, 5}, {1, 4}], [{8, 6}, {2, 7}, {3, 5}, {4}, {1}], [{8, 6}, {2, 7}, {4, 5}, {1, 3}], [{8, 6}, {2, 7}, {4, 5}, {3}, {1}], [{8, 6}, {2, 7}, {5}, {1, 4}, {3}], [{8, 6}, {2, 7}, {5}, {3, 4}, {1}], [{8, 6}, {2, 7}, {5}, {4}, {1, 3}], [{8, 6}, {2, 7}, {5}, {4}, {3}, {1}], [{8, 6}, {3, 7}, {1, 5}, {2, 4}], [{8, 6}, {3, 7}, {2, 5}, {1, 4}], [{8, 6}, {3, 7}, {4, 5}, {1, 2}], [{8, 6}, {4, 7}, {1, 5}, {2, 3}], [{8, 6}, {4, 7}, {2, 5}, {1, 3}], [{8, 6}, {4, 7}, {3, 5}, {1, 2}], [{8, 6}, {5, 7}, {1, 4}, {2, 3}], [{8, 6}, {5, 7}, {2, 4}, {1, 3}], [{8, 6}, {5, 7}, {3, 4}, {1, 2}], [{8, 6}, {5, 7}, {4}, {3}, {1, 2}], [{8, 7}, {1, 6}, {2, 5}, {3, 4}], [{8, 7}, {1, 6}, {2, 5}, {4}, {3}], [{8, 7}, {1, 6}, {3, 5}, {2, 4}], [{8, 7}, {1, 6}, {4, 5}, {2, 3}], [{8, 7}, {2, 6}, {1, 5}, {3, 4}], [{8, 7}, {2, 6}, {3, 5}, {1, 4}], [{8, 7}, {2, 6}, {4, 5}, {1, 3}], [{8, 7}, {2, 6}, {5}, {4}, {1, 3}], [{8, 7}, {3, 6}, {1, 5}, {2, 4}], [{8, 7}, {3, 6}, {2, 5}, {1, 4}], [{8, 7}, {3, 6}, {4, 5}, {1, 2}], [{8, 7}, {3, 6}, {4, 5}, {2}, {1}], [{8, 7}, {3, 6}, {5}, {4}, {1, 2}], [{8, 7}, {4, 6}, {1, 5}, {2, 3}], [{8, 7}, {4, 6}, {2, 5}, {1, 3}], [{8, 7}, {4, 6}, {2, 5}, {3}, {1}], [{8, 7}, {4, 6}, {3, 5}, {1, 2}], [{8, 7}, {5, 6}, {1, 4}, {2, 3}], [{8, 7}, {5, 6}, {2, 4}, {1, 3}], [{8, 7}, {5, 6}, {3, 4}, {1, 2}], [{8, 7}, {5, 6}, {3, 4}, {2}, {1}], [{8, 7}, {6}, {2, 5}, {1, 4}, {3}], [{8, 7}, {6}, {3, 5}, {2, 4}, {1}], [{8, 7}, {6}, {4, 5}, {3}, {1, 2}], [{8}, {1, 7}, {3, 6}, {4, 5}, {2}], [{8}, {1, 7}, {4, 6}, {2, 5}, {3}], [{8}, {2, 7}, {1, 6}, {3, 5}, {4}], [{8}, {2, 7}, {1, 6}, {4, 5}, {3}], [{8}, {2, 7}, {1, 6}, {5}, {3, 4}], [{8}, {2, 7}, {1, 6}, {5}, {4}, {3}], [{8}, {2, 7}, {3, 6}, {1, 5}, {4}], [{8}, {2, 7}, {3, 6}, {4, 5}, {1}], [{8}, {2, 7}, {3, 6}, {5}, {1, 4}], [{8}, {2, 7}, {3, 6}, {5}, {4}, {1}], [{8}, {2, 7}, {4, 6}, {1, 5}, {3}], [{8}, {2, 7}, {4, 6}, {3, 5}, {1}], [{8}, {2, 7}, {4, 6}, {5}, {1, 3}], [{8}, {2, 7}, {4, 6}, {5}, {3}, {1}], [{8}, {2, 7}, {5, 6}, {1, 4}, {3}], [{8}, {2, 7}, {5, 6}, {3, 4}, {1}], [{8}, {2, 7}, {5, 6}, {4}, {1, 3}], [{8}, {2, 7}, {5, 6}, {4}, {3}, {1}], [{8}, {2, 7}, {6}, {1, 5}, {3, 4}], [{8}, {2, 7}, {6}, {1, 5}, {4}, {3}], [{8}, {2, 7}, {6}, {3, 5}, {1, 4}], [{8}, {2, 7}, {6}, {3, 5}, {4}, {1}], [{8}, {2, 7}, {6}, {4, 5}, {1, 3}], [{8}, {2, 7}, {6}, {4, 5}, {3}, {1}], [{8}, {2, 7}, {6}, {5}, {1, 4}, {3}], [{8}, {2, 7}, {6}, {5}, {3, 4}, {1}], [{8}, {2, 7}, {6}, {5}, {4}, {1, 3}], [{8}, {2, 7}, {6}, {5}, {4}, {3}, {1}], [{8}, {3, 7}, {2, 6}, {5}, {1, 4}], [{8}, {3, 7}, {4, 6}, {2, 5}, {1}], [{8}, {5, 7}, {4, 6}, {1, 3}, {2}], [{8}, {5, 7}, {4, 6}, {2, 3}, {1}], [{8}, {5, 7}, {4, 6}, {3}, {1, 2}], [{8}, {5, 7}, {4, 6}, {3}, {2}, {1}], [{8}, {6, 7}, {5}, {1, 4}, {2, 3}], [{8}, {7}, {3, 6}, {4, 5}, {1, 2}], [{8}, {7}, {4, 6}, {2, 5}, {1, 3}], [{8}, {7}, {4, 6}, {2, 5}, {3}, {1}]]",2,8 K_1^3 - 32 K_1^2 - 24 K_1 K_2 + 6 K_1 + 16 K_2 + 10 K_3 + 17,O1O2O3O4U5U2O6U1U7O8O5U8U4U6O7U3,O1O2O3U4U3O5O6U1O7O4U2U8U7U6O8U5,O1O2O3U4O5U6U7U5U2O8O7U3O6O4U1U8,c,{'O1O2O3O4U2O5U6U1U7O8O7U5U4O6U3U8'},1,"<a href=""/flatknot/8.704089"">8.704089</a>",t^9-88t^7-270t^6+40t^5+564t^4+33t^3-370t^2-16t+64,2t^2-4t,,
8.704090,O1O2O3O4U2O5U6U1U7O8O7U5U4O6U8U3,4,8z^2+77z+123,8w^3z^2+77w^2z+123w,False,False,"[[ 0 -2 -2  2  2  1 -2  1  0],[ 2  0  0  3  3  1  0  2  1],[ 2  0  0  2  1  0  1  2  1],[-2 -3 -2  0  0  0 -3 -1  0],[-2 -3 -1  0  0  0 -3 -2  0],[-1 -1  0  0  0  0 -1 -1 -1],[ 2  0 -1  3  3  1  0  3  1],[-1 -2 -2  1  2  1 -3  0  0],[ 0 -1 -1  0  0  1 -1  0  0]]","[[ 0  2  2  1  1  0 -2 -2 -2],[-2  0  0  0 -1  0 -2 -3 -3],[-2  0  0  0 -2  0 -1 -3 -3],[-1  0  0  0 -1 -1  0 -1 -1],[-1  1  2  1  0  0 -2 -2 -3],[ 0  0  0  1  0  0 -1 -1 -1],[ 2  2  1  0  2  1  0  0  1],[ 2  3  3  1  2  1  0  0  0],[ 2  3  3  1  3  1 -1  0  0]]",True,"[-2,-2,-1,-1,0,2,2,2,0,0,1,0,2,3,3,0,2,0,1,3,3,1,1,0,1,1,0,2,2,3,1,1,1,0,-1,0]","[-2,-2,-2,0,1,1,2,2,-1,0,1,1,3,2,3,0,1,0,2,1,1,1,1,2,1,1,1,0,2,2,-1,0,-1,1,1,0]",t^8+71t^6+220t^4+107t^2,"[-2,-2,-2,0,1,1,2,2,-1,0,1,1,3,2,3,0,1,0,2,1,1,1,1,2,1,1,1,0,2,2,-1,0,-1,1,1,0]","[-2,-2,-1,-1,0,2,2,2,0,-1,1,2,1,1,3,0,1,2,1,1,2,1,1,0,1,1,0,2,2,3,1,1,1,0,-1,0]","[-2,-2,-2,0,1,1,2,2,-1,0,1,1,3,3,3,0,1,0,2,1,2,1,1,2,3,3,1,0,0,0,-1,0,0,2,1,0]",c,"[[{8, 1}, {2, 7}, {3, 6}, {4, 5}], [{8, 1}, {2, 7}, {4, 6}, {3, 5}], [{8, 1}, {2, 7}, {5, 6}, {3, 4}], [{8, 1}, {2, 7}, {5, 6}, {4}, {3}], [{8, 1}, {3, 7}, {2, 6}, {4, 5}], [{8, 1}, {3, 7}, {4, 6}, {2, 5}], [{8, 1}, {3, 7}, {5, 6}, {2, 4}], [{8, 1}, {4, 7}, {2, 6}, {3, 5}], [{8, 1}, {4, 7}, {3, 6}, {2, 5}], [{8, 1}, {4, 7}, {5, 6}, {2, 3}], [{8, 1}, {4, 7}, {5, 6}, {3}, {2}], [{8, 1}, {5, 7}, {2, 6}, {3, 4}], [{8, 1}, {5, 7}, {3, 6}, {2, 4}], [{8, 1}, {5, 7}, {4, 6}, {2, 3}], [{8, 1}, {5, 7}, {6}, {4}, {2, 3}], [{8, 1}, {6, 7}, {2, 5}, {3, 4}], [{8, 1}, {6, 7}, {3, 5}, {2, 4}], [{8, 1}, {6, 7}, {4, 5}, {2, 3}], [{8, 1}, {7}, {5, 6}, {2, 4}, {3}], [{8, 2}, {1, 7}, {3, 6}, {4, 5}], [{8, 2}, {1, 7}, {4, 6}, {3, 5}], [{8, 2}, {1, 7}, {5, 6}, {3, 4}], [{8, 2}, {3, 7}, {1, 6}, {4, 5}], [{8, 2}, {3, 7}, {4, 6}, {1, 5}], [{8, 2}, {3, 7}, {5, 6}, {1, 4}], [{8, 2}, {4, 7}, {1, 6}, {3, 5}], [{8, 2}, {4, 7}, {3, 6}, {1, 5}], [{8, 2}, {4, 7}, {5, 6}, {1, 3}], [{8, 2}, {4, 7}, {5, 6}, {3}, {1}], [{8, 2}, {5, 7}, {1, 6}, {3, 4}], [{8, 2}, {5, 7}, {3, 6}, {1, 4}], [{8, 2}, {5, 7}, {4, 6}, {1, 3}], [{8, 2}, {5, 7}, {4, 6}, {3}, {1}], [{8, 2}, {5, 7}, {6}, {4}, {1, 3}], [{8, 2}, {6, 7}, {1, 5}, {3, 4}], [{8, 2}, {6, 7}, {3, 5}, {1, 4}], [{8, 2}, {6, 7}, {4, 5}, {1, 3}], [{8, 2}, {7}, {4, 6}, {5}, {1, 3}], [{8, 3}, {1, 7}, {2, 6}, {4, 5}], [{8, 3}, {1, 7}, {4, 6}, {2, 5}], [{8, 3}, {1, 7}, {5, 6}, {2, 4}], [{8, 3}, {1, 7}, {5, 6}, {4}, {2}], [{8, 3}, {1, 7}, {6}, {5}, {2, 4}], [{8, 3}, {2, 7}, {1, 6}, {4, 5}], [{8, 3}, {2, 7}, {4, 6}, {1, 5}], [{8, 3}, {2, 7}, {5, 6}, {1, 4}], [{8, 3}, {2, 7}, {6}, {4, 5}, {1}], [{8, 3}, {4, 7}, {1, 6}, {2, 5}], [{8, 3}, {4, 7}, {2, 6}, {1, 5}], [{8, 3}, {4, 7}, {5, 6}, {1, 2}], [{8, 3}, {5, 7}, {1, 6}, {2, 4}], [{8, 3}, {5, 7}, {2, 6}, {1, 4}], [{8, 3}, {5, 7}, {2, 6}, {4}, {1}], [{8, 3}, {5, 7}, {4, 6}, {1, 2}], [{8, 3}, {6, 7}, {1, 5}, {2, 4}], [{8, 3}, {6, 7}, {2, 5}, {1, 4}], [{8, 3}, {6, 7}, {4, 5}, {1, 2}], [{8, 3}, {6, 7}, {5}, {1, 4}, {2}], [{8, 4}, {1, 7}, {2, 6}, {3, 5}], [{8, 4}, {1, 7}, {3, 6}, {2, 5}], [{8, 4}, {1, 7}, {5, 6}, {2, 3}], [{8, 4}, {2, 7}, {1, 6}, {3, 5}], [{8, 4}, {2, 7}, {3, 6}, {1, 5}], [{8, 4}, {2, 7}, {5, 6}, {1, 3}], [{8, 4}, {2, 7}, {6}, {3, 5}, {1}], [{8, 4}, {3, 7}, {1, 6}, {2, 5}], [{8, 4}, {3, 7}, {2, 6}, {1, 5}], [{8, 4}, {3, 7}, {5, 6}, {1, 2}], [{8, 4}, {5, 7}, {1, 6}, {2, 3}], [{8, 4}, {5, 7}, {2, 6}, {1, 3}], [{8, 4}, {5, 7}, {2, 6}, {3}, {1}], [{8, 4}, {5, 7}, {3, 6}, {1, 2}], [{8, 4}, {6, 7}, {1, 5}, {2, 3}], [{8, 4}, {6, 7}, {2, 5}, {1, 3}], [{8, 4}, {6, 7}, {3, 5}, {1, 2}], [{8, 4}, {7}, {5, 6}, {1, 3}, {2}], [{8, 5}, {1, 7}, {2, 6}, {3, 4}], [{8, 5}, {1, 7}, {3, 6}, {2, 4}], [{8, 5}, {1, 7}, {4, 6}, {2, 3}], [{8, 5}, {1, 7}, {6}, {4}, {2, 3}], [{8, 5}, {2, 7}, {1, 6}, {3, 4}], [{8, 5}, {2, 7}, {1, 6}, {4}, {3}], [{8, 5}, {2, 7}, {3, 6}, {1, 4}], [{8, 5}, {2, 7}, {3, 6}, {4}, {1}], [{8, 5}, {2, 7}, {4, 6}, {1, 3}], [{8, 5}, {2, 7}, {4, 6}, {3}, {1}], [{8, 5}, {2, 7}, {6}, {1, 4}, {3}], [{8, 5}, {2, 7}, {6}, {3, 4}, {1}], [{8, 5}, {2, 7}, {6}, {4}, {1, 3}], [{8, 5}, {2, 7}, {6}, {4}, {3}, {1}], [{8, 5}, {3, 7}, {1, 6}, {2, 4}], [{8, 5}, {3, 7}, {2, 6}, {1, 4}], [{8, 5}, {3, 7}, {4, 6}, {1, 2}], [{8, 5}, {3, 7}, {6}, {4}, {1, 2}], [{8, 5}, {4, 7}, {1, 6}, {2, 3}], [{8, 5}, {4, 7}, {2, 6}, {1, 3}], [{8, 5}, {4, 7}, {3, 6}, {1, 2}], [{8, 5}, {4, 7}, {6}, {1, 3}, {2}], [{8, 5}, {6, 7}, {1, 4}, {2, 3}], [{8, 5}, {6, 7}, {2, 4}, {1, 3}], [{8, 5}, {6, 7}, {3, 4}, {1, 2}], [{8, 5}, {6, 7}, {4}, {1, 3}, {2}], [{8, 5}, {7}, {2, 6}, {4}, {1, 3}], [{8, 5}, {7}, {4, 6}, {1, 3}, {2}], [{8, 5}, {7}, {6}, {2, 4}, {1, 3}], [{8, 5}, {7}, {6}, {4}, {1, 3}, {2}], [{8, 6}, {1, 7}, {2, 5}, {3, 4}], [{8, 6}, {1, 7}, {3, 5}, {2, 4}], [{8, 6}, {1, 7}, {4, 5}, {2, 3}], [{8, 6}, {2, 7}, {1, 5}, {3, 4}], [{8, 6}, {2, 7}, {1, 5}, {4}, {3}], [{8, 6}, {2, 7}, {3, 5}, {1, 4}], [{8, 6}, {2, 7}, {4, 5}, {1, 3}], [{8, 6}, {3, 7}, {1, 5}, {2, 4}], [{8, 6}, {3, 7}, {2, 5}, {1, 4}], [{8, 6}, {3, 7}, {4, 5}, {1, 2}], [{8, 6}, {4, 7}, {1, 5}, {2, 3}], [{8, 6}, {4, 7}, {2, 5}, {1, 3}], [{8, 6}, {4, 7}, {3, 5}, {1, 2}], [{8, 6}, {5, 7}, {1, 4}, {2, 3}], [{8, 6}, {5, 7}, {2, 4}, {1, 3}], [{8, 6}, {5, 7}, {3, 4}, {1, 2}], [{8, 6}, {5, 7}, {4}, {2, 3}, {1}], [{8, 6}, {7}, {3, 5}, {1, 4}, {2}], [{8, 6}, {7}, {3, 5}, {2, 4}, {1}], [{8, 6}, {7}, {3, 5}, {4}, {1, 2}], [{8, 6}, {7}, {4, 5}, {1, 3}, {2}], [{8, 7}, {1, 6}, {2, 5}, {3, 4}], [{8, 7}, {1, 6}, {3, 5}, {2, 4}], [{8, 7}, {1, 6}, {4, 5}, {2, 3}], [{8, 7}, {2, 6}, {1, 5}, {3, 4}], [{8, 7}, {2, 6}, {3, 5}, {1, 4}], [{8, 7}, {2, 6}, {4, 5}, {1, 3}], [{8, 7}, {3, 6}, {1, 5}, {2, 4}], [{8, 7}, {3, 6}, {2, 5}, {1, 4}], [{8, 7}, {3, 6}, {4, 5}, {1, 2}], [{8, 7}, {4, 6}, {1, 5}, {2, 3}], [{8, 7}, {4, 6}, {2, 5}, {1, 3}], [{8, 7}, {4, 6}, {2, 5}, {3}, {1}], [{8, 7}, {4, 6}, {3, 5}, {1, 2}], [{8, 7}, {4, 6}, {5}, {1, 3}, {2}], [{8, 7}, {5, 6}, {1, 4}, {2, 3}], [{8, 7}, {5, 6}, {2, 4}, {1, 3}], [{8, 7}, {5, 6}, {3, 4}, {1, 2}], [{8, 7}, {5, 6}, {3, 4}, {2}, {1}], [{8, 7}, {6}, {2, 5}, {4}, {1, 3}], [{8, 7}, {6}, {3, 5}, {4}, {1, 2}], [{8, 7}, {6}, {5}, {1, 4}, {2, 3}], [{8}, {1, 7}, {2, 6}, {3, 5}, {4}], [{8}, {2, 7}, {3, 6}, {5}, {1, 4}], [{8}, {2, 7}, {4, 6}, {5}, {1, 3}], [{8}, {3, 7}, {5, 6}, {1, 4}, {2}], [{8}, {4, 7}, {5, 6}, {3}, {1, 2}], [{8}, {5, 7}, {1, 6}, {4}, {2, 3}], [{8}, {5, 7}, {2, 6}, {3, 4}, {1}], [{8}, {5, 7}, {3, 6}, {1, 4}, {2}], [{8}, {5, 7}, {4, 6}, {1, 3}, {2}], [{8}, {6, 7}, {3, 5}, {4}, {1, 2}], [{8}, {7}, {3, 6}, {2, 5}, {1, 4}], [{8}, {7}, {4, 6}, {2, 5}, {1, 3}], [{8}, {7}, {4, 6}, {5}, {1, 3}, {2}]]",2,4 K_1^3 - 26 K_1^2 - 20 K_1 K_2 + 7 K_1 + 13 K_2 + 9 K_3 + 14,O1O2O3O4U2U5O6U1U7O8O5U8U4U6O7U3,O1O2O3U4U3O5O6U1O4O7U2U8U7U6O8U5,O1O2O3U4O5U6U7U5U2O7O8U3O6O4U1U8,c,{'O1O2O3O4U2O5U6U1U7O8O7U5U4O6U8U3'},1,"<a href=""/flatknot/8.704090"">8.704090</a>",t^9-73t^7-146t^6+207t^5+256t^4-198t^3-90t^2+28t+16,t^2-2t,,
8.704091,O1O2O3O4U2O5U6U1U7O8O7U5U8O6U3U4,4,6z^3+47z^2+114z+89,6w^4z^3+47w^3z^2+114w^2z+89w,False,False,"[[ 0 -2 -2  1  3  1 -2  1  0],[ 2  0  0  2  3  1  1  2  1],[ 2  0  0  1  2  0  2  2  0],[-1 -2 -1  0  1  0 -2  0  0],[-3 -3 -2 -1  0  0 -4 -2  0],[-1 -1  0  0  0  0 -2 -1  0],[ 2 -1 -2  2  4  2  0  2  1],[-1 -2 -2  0  2  1 -2  0  0],[ 0 -1  0  0  0  0 -1  0  0]]","[[ 0  3  1  1  1  0 -2 -2 -2],[-3  0  0 -1 -2  0 -2 -3 -4],[-1  0  0  0 -1  0  0 -1 -2],[-1  1  0  0  0  0 -1 -2 -2],[-1  2  1  0  0  0 -2 -2 -2],[ 0  0  0  0  0  0  0 -1 -1],[ 2  2  0  1  2  0  0  0  2],[ 2  3  1  2  2  1  0  0  1],[ 2  4  2  2  2  1 -2 -1  0]]",True,"[-3,-1,-1,-1,0,2,2,2,0,1,2,0,2,3,4,0,1,0,0,1,2,0,0,1,2,2,0,2,2,2,0,1,1,0,-2,-1]","[-3,-1,-1,-1,0,2,2,2,0,1,2,0,2,3,4,0,1,0,0,1,2,0,0,1,2,2,0,2,2,2,0,1,1,0,-2,-1]",t^8+68t^6+157t^4+35t^2+1,"[-2,-2,-2,0,1,1,1,3,-2,0,2,1,2,3,3,1,1,1,1,1,1,1,1,1,2,2,1,1,1,3,0,-1,0,0,1,2]","[-3,-1,-1,-1,0,2,2,2,0,1,2,3,1,2,3,0,1,1,1,1,1,0,1,1,1,2,1,1,2,3,1,1,2,-1,-2,0]","[-2,-2,-2,0,1,1,1,3,-2,-1,1,2,2,2,4,0,0,0,1,2,2,1,1,2,2,3,0,0,0,0,0,-1,0,0,1,2]",c,"[[{8, 1}, {2, 7}, {3, 6}, {4, 5}], [{8, 1}, {2, 7}, {3, 6}, {5}, {4}], [{8, 1}, {2, 7}, {4, 6}, {3, 5}], [{8, 1}, {2, 7}, {4, 6}, {5}, {3}], [{8, 1}, {2, 7}, {5, 6}, {3, 4}], [{8, 1}, {2, 7}, {5, 6}, {4}, {3}], [{8, 1}, {2, 7}, {6}, {3, 5}, {4}], [{8, 1}, {2, 7}, {6}, {4, 5}, {3}], [{8, 1}, {2, 7}, {6}, {5}, {3, 4}], [{8, 1}, {2, 7}, {6}, {5}, {4}, {3}], [{8, 1}, {3, 7}, {2, 6}, {4, 5}], [{8, 1}, {3, 7}, {2, 6}, {5}, {4}], [{8, 1}, {3, 7}, {4, 6}, {2, 5}], [{8, 1}, {3, 7}, {5, 6}, {2, 4}], [{8, 1}, {4, 7}, {2, 6}, {3, 5}], [{8, 1}, {4, 7}, {3, 6}, {2, 5}], [{8, 1}, {4, 7}, {5, 6}, {2, 3}], [{8, 1}, {4, 7}, {6}, {2, 5}, {3}], [{8, 1}, {5, 7}, {2, 6}, {3, 4}], [{8, 1}, {5, 7}, {3, 6}, {2, 4}], [{8, 1}, {5, 7}, {4, 6}, {2, 3}], [{8, 1}, {5, 7}, {6}, {2, 4}, {3}], [{8, 1}, {6, 7}, {2, 5}, {3, 4}], [{8, 1}, {6, 7}, {3, 5}, {2, 4}], [{8, 1}, {6, 7}, {4, 5}, {2, 3}], [{8, 1}, {6, 7}, {5}, {4}, {2, 3}], [{8, 2}, {1, 7}, {3, 6}, {4, 5}], [{8, 2}, {1, 7}, {4, 6}, {3, 5}], [{8, 2}, {1, 7}, {5, 6}, {3, 4}], [{8, 2}, {1, 7}, {6}, {4, 5}, {3}], [{8, 2}, {3, 7}, {1, 6}, {4, 5}], [{8, 2}, {3, 7}, {4, 6}, {1, 5}], [{8, 2}, {3, 7}, {5, 6}, {1, 4}], [{8, 2}, {4, 7}, {1, 6}, {3, 5}], [{8, 2}, {4, 7}, {3, 6}, {1, 5}], [{8, 2}, {4, 7}, {5, 6}, {1, 3}], [{8, 2}, {5, 7}, {1, 6}, {3, 4}], [{8, 2}, {5, 7}, {3, 6}, {1, 4}], [{8, 2}, {5, 7}, {4, 6}, {1, 3}], [{8, 2}, {5, 7}, {4, 6}, {3}, {1}], [{8, 2}, {6, 7}, {1, 5}, {3, 4}], [{8, 2}, {6, 7}, {3, 5}, {1, 4}], [{8, 2}, {6, 7}, {4, 5}, {1, 3}], [{8, 3}, {1, 7}, {2, 6}, {4, 5}], [{8, 3}, {1, 7}, {4, 6}, {2, 5}], [{8, 3}, {1, 7}, {4, 6}, {5}, {2}], [{8, 3}, {1, 7}, {5, 6}, {2, 4}], [{8, 3}, {2, 7}, {1, 6}, {4, 5}], [{8, 3}, {2, 7}, {4, 6}, {1, 5}], [{8, 3}, {2, 7}, {5, 6}, {1, 4}], [{8, 3}, {2, 7}, {6}, {5}, {1, 4}], [{8, 3}, {4, 7}, {1, 6}, {2, 5}], [{8, 3}, {4, 7}, {2, 6}, {1, 5}], [{8, 3}, {4, 7}, {5, 6}, {1, 2}], [{8, 3}, {5, 7}, {1, 6}, {2, 4}], [{8, 3}, {5, 7}, {2, 6}, {1, 4}], [{8, 3}, {5, 7}, {4, 6}, {1, 2}], [{8, 3}, {5, 7}, {6}, {1, 4}, {2}], [{8, 3}, {6, 7}, {1, 5}, {2, 4}], [{8, 3}, {6, 7}, {2, 5}, {1, 4}], [{8, 3}, {6, 7}, {2, 5}, {4}, {1}], [{8, 3}, {6, 7}, {4, 5}, {1, 2}], [{8, 3}, {7}, {6}, {2, 5}, {1, 4}], [{8, 4}, {1, 7}, {2, 6}, {3, 5}], [{8, 4}, {1, 7}, {3, 6}, {2, 5}], [{8, 4}, {1, 7}, {5, 6}, {2, 3}], [{8, 4}, {2, 7}, {1, 6}, {3, 5}], [{8, 4}, {2, 7}, {1, 6}, {5}, {3}], [{8, 4}, {2, 7}, {3, 6}, {1, 5}], [{8, 4}, {2, 7}, {3, 6}, {5}, {1}], [{8, 4}, {2, 7}, {5, 6}, {1, 3}], [{8, 4}, {2, 7}, {5, 6}, {3}, {1}], [{8, 4}, {2, 7}, {6}, {1, 5}, {3}], [{8, 4}, {2, 7}, {6}, {3, 5}, {1}], [{8, 4}, {2, 7}, {6}, {5}, {1, 3}], [{8, 4}, {2, 7}, {6}, {5}, {3}, {1}], [{8, 4}, {3, 7}, {1, 6}, {2, 5}], [{8, 4}, {3, 7}, {2, 6}, {1, 5}], [{8, 4}, {3, 7}, {5, 6}, {1, 2}], [{8, 4}, {5, 7}, {1, 6}, {2, 3}], [{8, 4}, {5, 7}, {2, 6}, {1, 3}], [{8, 4}, {5, 7}, {3, 6}, {1, 2}], [{8, 4}, {6, 7}, {1, 5}, {2, 3}], [{8, 4}, {6, 7}, {2, 5}, {1, 3}], [{8, 4}, {6, 7}, {3, 5}, {1, 2}], [{8, 5}, {1, 7}, {2, 6}, {3, 4}], [{8, 5}, {1, 7}, {3, 6}, {2, 4}], [{8, 5}, {1, 7}, {4, 6}, {2, 3}], [{8, 5}, {2, 7}, {1, 6}, {3, 4}], [{8, 5}, {2, 7}, {3, 6}, {1, 4}], [{8, 5}, {2, 7}, {4, 6}, {1, 3}], [{8, 5}, {2, 7}, {6}, {1, 4}, {3}], [{8, 5}, {3, 7}, {1, 6}, {2, 4}], [{8, 5}, {3, 7}, {2, 6}, {1, 4}], [{8, 5}, {3, 7}, {4, 6}, {1, 2}], [{8, 5}, {4, 7}, {1, 6}, {2, 3}], [{8, 5}, {4, 7}, {2, 6}, {1, 3}], [{8, 5}, {4, 7}, {3, 6}, {1, 2}], [{8, 5}, {6, 7}, {1, 4}, {2, 3}], [{8, 5}, {6, 7}, {2, 4}, {1, 3}], [{8, 5}, {6, 7}, {3, 4}, {1, 2}], [{8, 5}, {7}, {1, 6}, {4}, {2, 3}], [{8, 5}, {7}, {2, 6}, {4}, {1, 3}], [{8, 5}, {7}, {4, 6}, {3}, {1, 2}], [{8, 6}, {1, 7}, {2, 5}, {3, 4}], [{8, 6}, {1, 7}, {2, 5}, {4}, {3}], [{8, 6}, {1, 7}, {3, 5}, {2, 4}], [{8, 6}, {1, 7}, {4, 5}, {2, 3}], [{8, 6}, {1, 7}, {4, 5}, {3}, {2}], [{8, 6}, {1, 7}, {5}, {2, 4}, {3}], [{8, 6}, {2, 7}, {1, 5}, {3, 4}], [{8, 6}, {2, 7}, {3, 5}, {1, 4}], [{8, 6}, {2, 7}, {4, 5}, {1, 3}], [{8, 6}, {2, 7}, {5}, {1, 4}, {3}], [{8, 6}, {3, 7}, {1, 5}, {2, 4}], [{8, 6}, {3, 7}, {2, 5}, {1, 4}], [{8, 6}, {3, 7}, {2, 5}, {4}, {1}], [{8, 6}, {3, 7}, {4, 5}, {1, 2}], [{8, 6}, {4, 7}, {1, 5}, {2, 3}], [{8, 6}, {4, 7}, {2, 5}, {1, 3}], [{8, 6}, {4, 7}, {2, 5}, {3}, {1}], [{8, 6}, {4, 7}, {3, 5}, {1, 2}], [{8, 6}, {5, 7}, {1, 4}, {2, 3}], [{8, 6}, {5, 7}, {1, 4}, {3}, {2}], [{8, 6}, {5, 7}, {2, 4}, {1, 3}], [{8, 6}, {5, 7}, {2, 4}, {3}, {1}], [{8, 6}, {5, 7}, {3, 4}, {1, 2}], [{8, 6}, {5, 7}, {4}, {3}, {1, 2}], [{8, 6}, {7}, {1, 5}, {2, 4}, {3}], [{8, 6}, {7}, {2, 5}, {1, 4}, {3}], [{8, 6}, {7}, {2, 5}, {3, 4}, {1}], [{8, 6}, {7}, {2, 5}, {4}, {1, 3}], [{8, 7}, {1, 6}, {2, 5}, {3, 4}], [{8, 7}, {1, 6}, {3, 5}, {2, 4}], [{8, 7}, {1, 6}, {4, 5}, {2, 3}], [{8, 7}, {2, 6}, {1, 5}, {3, 4}], [{8, 7}, {2, 6}, {1, 5}, {4}, {3}], [{8, 7}, {2, 6}, {3, 5}, {1, 4}], [{8, 7}, {2, 6}, {4, 5}, {1, 3}], [{8, 7}, {3, 6}, {1, 5}, {2, 4}], [{8, 7}, {3, 6}, {2, 5}, {1, 4}], [{8, 7}, {3, 6}, {4, 5}, {1, 2}], [{8, 7}, {3, 6}, {5}, {2, 4}, {1}], [{8, 7}, {4, 6}, {1, 5}, {2, 3}], [{8, 7}, {4, 6}, {2, 5}, {1, 3}], [{8, 7}, {4, 6}, {2, 5}, {3}, {1}], [{8, 7}, {4, 6}, {3, 5}, {1, 2}], [{8, 7}, {4, 6}, {5}, {1, 3}, {2}], [{8, 7}, {5, 6}, {1, 4}, {2, 3}], [{8, 7}, {5, 6}, {2, 4}, {1, 3}], [{8, 7}, {5, 6}, {2, 4}, {3}, {1}], [{8, 7}, {5, 6}, {3, 4}, {1, 2}], [{8, 7}, {5, 6}, {4}, {1, 3}, {2}], [{8, 7}, {6}, {3, 5}, {2, 4}, {1}], [{8, 7}, {6}, {4, 5}, {1, 3}, {2}], [{8, 7}, {6}, {4, 5}, {2, 3}, {1}], [{8, 7}, {6}, {4, 5}, {3}, {1, 2}], [{8}, {1, 7}, {2, 6}, {4, 5}, {3}], [{8}, {2, 7}, {3, 6}, {5}, {1, 4}], [{8}, {2, 7}, {5, 6}, {1, 4}, {3}], [{8}, {2, 7}, {6}, {3, 5}, {1, 4}], [{8}, {2, 7}, {6}, {5}, {1, 4}, {3}], [{8}, {3, 7}, {1, 6}, {4, 5}, {2}], [{8}, {4, 7}, {1, 6}, {2, 5}, {3}], [{8}, {5, 7}, {1, 6}, {2, 4}, {3}], [{8}, {5, 7}, {2, 6}, {3, 4}, {1}], [{8}, {5, 7}, {3, 6}, {1, 4}, {2}], [{8}, {6, 7}, {3, 5}, {1, 4}, {2}], [{8}, {7}, {2, 6}, {3, 5}, {1, 4}], [{8}, {7}, {3, 6}, {2, 5}, {1, 4}], [{8}, {7}, {3, 6}, {4, 5}, {1, 2}], [{8}, {7}, {5, 6}, {2, 4}, {1, 3}]]",2,16 K_1^3 + 4 K_1^2 K_2 - 10 K_1^2 - 18 K_1 K_2 - 4 K_1 K_3 - 3 K_1 + 5 K_2 + 5 K_3 + K_4 + 5,O1O2O3O4U1U2O5U6U7O8O6U8U4U5O7U3,O1O2O3U4U3O5O4U1O6O7U2U8U6U7O8U5,O1O2O3U4O5U6U7U5U2O6O7U3O8O4U1U8,c,{'O1O2O3O4U2O5U6U1U7O8O7U5U8O6U3U4'},1,"<a href=""/flatknot/8.704091"">8.704091</a>",t^9-68t^7-222t^6-26t^5+252t^4+65t^3+8t^2-36t-14,-t^3+3t^2-3t,,
8.704092,O1O2O3O4U2O5U6U1U7O8O7U5U8O6U4U3,4,6z^3+43z^2+94z+65,6w^4z^3-6w^4z^2+49w^3z^2-10w^3z+104w^2z+65w,False,False,"[[ 0 -2 -2  2  2  1 -2  1  0],[ 2  0  0  3  2  1  1  2  1],[ 2  0  0  2  1  0  2  2  0],[-2 -3 -2  0  0  0 -3 -1  0],[-2 -2 -1  0  0  0 -3 -1  0],[-1 -1  0  0  0  0 -2 -1  0],[ 2 -1 -2  3  3  2  0  2  1],[-1 -2 -2  1  1  1 -2  0  0],[ 0 -1  0  0  0  0 -1  0  0]]","[[ 0  2  2  1  1  0 -2 -2 -2],[-2  0  0  0 -1  0 -1 -2 -3],[-2  0  0  0 -1  0 -2 -3 -3],[-1  0  0  0 -1  0  0 -1 -2],[-1  1  1  1  0  0 -2 -2 -2],[ 0  0  0  0  0  0  0 -1 -1],[ 2  1  2  0  2  0  0  0  2],[ 2  2  3  1  2  1  0  0  1],[ 2  3  3  2  2  1 -2 -1  0]]",True,"[-2,-2,-1,-1,0,2,2,2,0,0,1,0,1,2,3,0,1,0,2,3,3,1,0,0,1,2,0,2,2,2,0,1,1,0,-2,-1]","[-2,-2,-2,0,1,1,2,2,-2,-1,1,2,2,3,3,0,0,0,2,1,2,1,1,2,2,3,0,0,0,0,-1,0,0,1,1,0]",t^8+63t^6+154t^4+32t^2+1,"[-2,-2,-2,0,1,1,2,2,-2,0,2,1,3,2,3,1,1,1,1,1,1,1,1,2,1,2,1,1,2,2,-1,0,0,1,1,0]","[-2,-2,-1,-1,0,2,2,2,0,0,1,2,1,1,2,0,1,2,1,2,3,1,1,1,1,1,1,1,2,3,1,1,2,-1,-2,0]","[-2,-2,-2,0,1,1,2,2,-2,-1,1,2,2,3,3,0,0,0,2,1,2,1,1,2,2,3,0,0,0,0,-1,0,0,1,1,0]",c,"[[{8, 1}, {3, 7}, {5, 6}, {2, 4}]]",1,4 K_1^3 - 2 K_1^2 - 4 K_1 K_2 - K_1 + K_2 + K_3 + 2,O1O2O3O4U2U1O5U6U7O8O6U8U4U5O7U3,O1O2O3U4U3O5O4U1O6O7U2U8U7U6O8U5,O1O2O3U4O5U6U7U5U2O7O6U3O8O4U1U8,c,{'O1O2O3O4U2O5U6U1U7O8O7U5U8O6U4U3'},1,"<a href=""/flatknot/8.704092"">8.704092</a>",t^9-65t^7-178t^6+49t^5+128t^4+30t^3+22t^2-31t+2,t^2-2t,,
8.704093,O1O2O3O4U2O5U6U3U1O7O8U4U7O6U8U5,4,16z^2+97z+131,-2w^4z^2+18w^3z^2-2w^3z+99w^2z+131w,False,False,"[[ 0 -1 -2  0  1  3 -2  0  1],[ 1  0 -1  1  3  2 -1  1  0],[ 2  1  0  1  2  2  0  1  1],[ 0 -1 -1  0  1  1 -1  1  0],[-1 -3 -2 -1  0  2 -2  1  1],[-3 -2 -2 -1 -2  0 -2 -1  0],[ 2  1  0  1  2  2  0  0  0],[ 0 -1 -1 -1 -1  1  0  0  1],[-1  0 -1  0 -1  0  0 -1  0]]","[[ 0  3  1  1  0  0 -1 -2 -2],[-3  0  0 -2 -1 -1 -2 -2 -2],[-1  0  0 -1  0 -1  0  0 -1],[-1  2  1  0 -1  1 -3 -2 -2],[ 0  1  0  1  0  1 -1 -1 -1],[ 0  1  1 -1 -1  0 -1  0 -1],[ 1  2  0  3  1  1  0 -1 -1],[ 2  2  0  2  1  0  1  0  0],[ 2  2  1  2  1  1  1  0  0]]",True,"[-3,-1,-1,0,0,1,2,2,0,2,1,1,2,2,2,1,0,1,0,0,1,1,-1,3,2,2,-1,1,1,1,1,0,1,1,1,0]","[-3,-1,-1,0,0,1,2,2,0,2,1,1,2,2,2,1,0,1,0,0,1,1,-1,3,2,2,-1,1,1,1,1,0,1,1,1,0]",t^8+48t^6+199t^4+87t^2+4,"[-2,-2,-1,0,0,1,1,3,0,0,1,1,1,2,3,0,1,2,1,3,3,0,0,-1,2,2,-1,0,1,2,2,0,2,-1,0,2]","[-3,-1,-1,0,0,1,2,2,0,2,2,2,2,3,3,1,0,2,-1,1,1,1,0,2,2,3,1,0,1,1,0,1,2,0,0,0]","[-2,-2,-1,0,0,1,1,3,0,1,0,1,0,2,2,1,1,1,1,2,2,1,1,0,3,2,-1,1,-1,1,0,1,1,-1,0,2]",c,"[[{8, 1}, {2, 7}, {3, 6}, {4, 5}], [{8, 1}, {2, 7}, {4, 6}, {3, 5}], [{8, 1}, {2, 7}, {5, 6}, {3, 4}], [{8, 1}, {3, 7}, {2, 6}, {4, 5}], [{8, 1}, {3, 7}, {4, 6}, {2, 5}], [{8, 1}, {3, 7}, {5, 6}, {2, 4}], [{8, 1}, {3, 7}, {5, 6}, {4}, {2}], [{8, 1}, {4, 7}, {2, 6}, {3, 5}], [{8, 1}, {4, 7}, {3, 6}, {2, 5}], [{8, 1}, {4, 7}, {5, 6}, {2, 3}], [{8, 1}, {4, 7}, {6}, {2, 5}, {3}], [{8, 1}, {5, 7}, {2, 6}, {3, 4}], [{8, 1}, {5, 7}, {3, 6}, {2, 4}], [{8, 1}, {5, 7}, {4, 6}, {2, 3}], [{8, 1}, {6, 7}, {2, 5}, {3, 4}], [{8, 1}, {6, 7}, {2, 5}, {4}, {3}], [{8, 1}, {6, 7}, {3, 5}, {2, 4}], [{8, 1}, {6, 7}, {4, 5}, {2, 3}], [{8, 1}, {7}, {2, 6}, {3, 5}, {4}], [{8, 1}, {7}, {2, 6}, {4, 5}, {3}], [{8, 1}, {7}, {2, 6}, {5}, {3, 4}], [{8, 1}, {7}, {4, 6}, {2, 5}, {3}], [{8, 1}, {7}, {5, 6}, {2, 4}, {3}], [{8, 2}, {1, 7}, {3, 6}, {4, 5}], [{8, 2}, {1, 7}, {3, 6}, {5}, {4}], [{8, 2}, {1, 7}, {4, 6}, {3, 5}], [{8, 2}, {1, 7}, {5, 6}, {3, 4}], [{8, 2}, {3, 7}, {1, 6}, {4, 5}], [{8, 2}, {3, 7}, {4, 6}, {1, 5}], [{8, 2}, {3, 7}, {5, 6}, {1, 4}], [{8, 2}, {4, 7}, {1, 6}, {3, 5}], [{8, 2}, {4, 7}, {3, 6}, {1, 5}], [{8, 2}, {4, 7}, {5, 6}, {1, 3}], [{8, 2}, {4, 7}, {5, 6}, {3}, {1}], [{8, 2}, {5, 7}, {1, 6}, {3, 4}], [{8, 2}, {5, 7}, {3, 6}, {1, 4}], [{8, 2}, {5, 7}, {4, 6}, {1, 3}], [{8, 2}, {5, 7}, {4, 6}, {3}, {1}], [{8, 2}, {6, 7}, {1, 5}, {3, 4}], [{8, 2}, {6, 7}, {3, 5}, {1, 4}], [{8, 2}, {6, 7}, {4, 5}, {1, 3}], [{8, 2}, {6, 7}, {4, 5}, {3}, {1}], [{8, 2}, {7}, {4, 6}, {5}, {1, 3}], [{8, 3}, {1, 7}, {2, 6}, {4, 5}], [{8, 3}, {1, 7}, {2, 6}, {5}, {4}], [{8, 3}, {1, 7}, {4, 6}, {2, 5}], [{8, 3}, {1, 7}, {4, 6}, {5}, {2}], [{8, 3}, {1, 7}, {5, 6}, {2, 4}], [{8, 3}, {1, 7}, {5, 6}, {4}, {2}], [{8, 3}, {1, 7}, {6}, {2, 5}, {4}], [{8, 3}, {1, 7}, {6}, {4, 5}, {2}], [{8, 3}, {1, 7}, {6}, {5}, {2, 4}], [{8, 3}, {1, 7}, {6}, {5}, {4}, {2}], [{8, 3}, {2, 7}, {1, 6}, {4, 5}], [{8, 3}, {2, 7}, {1, 6}, {5}, {4}], [{8, 3}, {2, 7}, {4, 6}, {1, 5}], [{8, 3}, {2, 7}, {5, 6}, {1, 4}], [{8, 3}, {4, 7}, {1, 6}, {2, 5}], [{8, 3}, {4, 7}, {2, 6}, {1, 5}], [{8, 3}, {4, 7}, {5, 6}, {1, 2}], [{8, 3}, {5, 7}, {1, 6}, {2, 4}], [{8, 3}, {5, 7}, {2, 6}, {1, 4}], [{8, 3}, {5, 7}, {4, 6}, {1, 2}], [{8, 3}, {6, 7}, {1, 5}, {2, 4}], [{8, 3}, {6, 7}, {2, 5}, {1, 4}], [{8, 3}, {6, 7}, {4, 5}, {1, 2}], [{8, 3}, {6, 7}, {5}, {4}, {1, 2}], [{8, 4}, {1, 7}, {2, 6}, {3, 5}], [{8, 4}, {1, 7}, {2, 6}, {5}, {3}], [{8, 4}, {1, 7}, {3, 6}, {2, 5}], [{8, 4}, {1, 7}, {5, 6}, {2, 3}], [{8, 4}, {2, 7}, {1, 6}, {3, 5}], [{8, 4}, {2, 7}, {1, 6}, {5}, {3}], [{8, 4}, {2, 7}, {3, 6}, {1, 5}], [{8, 4}, {2, 7}, {3, 6}, {5}, {1}], [{8, 4}, {2, 7}, {5, 6}, {1, 3}], [{8, 4}, {2, 7}, {6}, {5}, {1, 3}], [{8, 4}, {3, 7}, {1, 6}, {2, 5}], [{8, 4}, {3, 7}, {1, 6}, {5}, {2}], [{8, 4}, {3, 7}, {2, 6}, {1, 5}], [{8, 4}, {3, 7}, {5, 6}, {1, 2}], [{8, 4}, {5, 7}, {1, 6}, {2, 3}], [{8, 4}, {5, 7}, {2, 6}, {1, 3}], [{8, 4}, {5, 7}, {2, 6}, {3}, {1}], [{8, 4}, {5, 7}, {3, 6}, {1, 2}], [{8, 4}, {5, 7}, {6}, {1, 3}, {2}], [{8, 4}, {6, 7}, {1, 5}, {2, 3}], [{8, 4}, {6, 7}, {2, 5}, {1, 3}], [{8, 4}, {6, 7}, {2, 5}, {3}, {1}], [{8, 4}, {6, 7}, {3, 5}, {1, 2}], [{8, 4}, {7}, {1, 6}, {5}, {2, 3}], [{8, 4}, {7}, {2, 6}, {1, 5}, {3}], [{8, 4}, {7}, {3, 6}, {1, 5}, {2}], [{8, 4}, {7}, {5, 6}, {2, 3}, {1}], [{8, 4}, {7}, {6}, {1, 5}, {2, 3}], [{8, 4}, {7}, {6}, {2, 5}, {1, 3}], [{8, 5}, {1, 7}, {2, 6}, {3, 4}], [{8, 5}, {1, 7}, {2, 6}, {4}, {3}], [{8, 5}, {1, 7}, {3, 6}, {2, 4}], [{8, 5}, {1, 7}, {4, 6}, {2, 3}], [{8, 5}, {2, 7}, {1, 6}, {3, 4}], [{8, 5}, {2, 7}, {1, 6}, {4}, {3}], [{8, 5}, {2, 7}, {3, 6}, {1, 4}], [{8, 5}, {2, 7}, {4, 6}, {1, 3}], [{8, 5}, {3, 7}, {1, 6}, {2, 4}], [{8, 5}, {3, 7}, {2, 6}, {1, 4}], [{8, 5}, {3, 7}, {4, 6}, {1, 2}], [{8, 5}, {4, 7}, {1, 6}, {2, 3}], [{8, 5}, {4, 7}, {2, 6}, {1, 3}], [{8, 5}, {4, 7}, {3, 6}, {1, 2}], [{8, 5}, {6, 7}, {1, 4}, {2, 3}], [{8, 5}, {6, 7}, {2, 4}, {1, 3}], [{8, 5}, {6, 7}, {3, 4}, {1, 2}], [{8, 6}, {1, 7}, {2, 5}, {3, 4}], [{8, 6}, {1, 7}, {3, 5}, {2, 4}], [{8, 6}, {1, 7}, {4, 5}, {2, 3}], [{8, 6}, {1, 7}, {5}, {4}, {2, 3}], [{8, 6}, {2, 7}, {1, 5}, {3, 4}], [{8, 6}, {2, 7}, {3, 5}, {1, 4}], [{8, 6}, {2, 7}, {4, 5}, {1, 3}], [{8, 6}, {3, 7}, {1, 5}, {2, 4}], [{8, 6}, {3, 7}, {1, 5}, {4}, {2}], [{8, 6}, {3, 7}, {2, 5}, {1, 4}], [{8, 6}, {3, 7}, {2, 5}, {4}, {1}], [{8, 6}, {3, 7}, {4, 5}, {1, 2}], [{8, 6}, {3, 7}, {5}, {4}, {1, 2}], [{8, 6}, {4, 7}, {1, 5}, {2, 3}], [{8, 6}, {4, 7}, {2, 5}, {1, 3}], [{8, 6}, {4, 7}, {3, 5}, {1, 2}], [{8, 6}, {5, 7}, {1, 4}, {2, 3}], [{8, 6}, {5, 7}, {2, 4}, {1, 3}], [{8, 6}, {5, 7}, {3, 4}, {1, 2}], [{8, 6}, {7}, {4, 5}, {2, 3}, {1}], [{8, 7}, {1, 6}, {2, 5}, {3, 4}], [{8, 7}, {1, 6}, {3, 5}, {2, 4}], [{8, 7}, {1, 6}, {4, 5}, {2, 3}], [{8, 7}, {2, 6}, {1, 5}, {3, 4}], [{8, 7}, {2, 6}, {3, 5}, {1, 4}], [{8, 7}, {2, 6}, {3, 5}, {4}, {1}], [{8, 7}, {2, 6}, {4, 5}, {1, 3}], [{8, 7}, {2, 6}, {4, 5}, {3}, {1}], [{8, 7}, {2, 6}, {5}, {3, 4}, {1}], [{8, 7}, {3, 6}, {1, 5}, {2, 4}], [{8, 7}, {3, 6}, {2, 5}, {1, 4}], [{8, 7}, {3, 6}, {4, 5}, {1, 2}], [{8, 7}, {4, 6}, {1, 5}, {2, 3}], [{8, 7}, {4, 6}, {2, 5}, {1, 3}], [{8, 7}, {4, 6}, {2, 5}, {3}, {1}], [{8, 7}, {4, 6}, {3, 5}, {1, 2}], [{8, 7}, {5, 6}, {1, 4}, {2, 3}], [{8, 7}, {5, 6}, {2, 4}, {1, 3}], [{8, 7}, {5, 6}, {2, 4}, {3}, {1}], [{8, 7}, {5, 6}, {3, 4}, {1, 2}], [{8, 7}, {5, 6}, {4}, {1, 3}, {2}], [{8}, {1, 7}, {2, 6}, {3, 5}, {4}], [{8}, {1, 7}, {2, 6}, {4, 5}, {3}], [{8}, {1, 7}, {2, 6}, {5}, {3, 4}], [{8}, {1, 7}, {2, 6}, {5}, {4}, {3}], [{8}, {1, 7}, {4, 6}, {2, 5}, {3}], [{8}, {1, 7}, {5, 6}, {2, 4}, {3}], [{8}, {2, 7}, {1, 6}, {3, 5}, {4}], [{8}, {2, 7}, {1, 6}, {4, 5}, {3}], [{8}, {2, 7}, {1, 6}, {5}, {3, 4}], [{8}, {2, 7}, {1, 6}, {5}, {4}, {3}], [{8}, {2, 7}, {4, 6}, {1, 5}, {3}], [{8}, {2, 7}, {5, 6}, {1, 4}, {3}], [{8}, {4, 7}, {3, 6}, {2, 5}, {1}], [{8}, {6, 7}, {1, 5}, {2, 4}, {3}], [{8}, {6, 7}, {2, 5}, {1, 4}, {3}]]",2,- 20 K_1^2 - 6 K_1 K_2 + 3 K_1 + 10 K_2 + 3 K_3 + 11,O1O2O3O4U5U6O7U8U1O6O8U4U2U7O5U3,O1O2O3U4U5O6O4U1O5O7U3U8U2U6O8U7,O1O2O3U4O5U6U2U5U1O4O7U3O8O6U7U8,c,{'O1O2O3O4U2O5U6U3U1O7O8U4U7O6U8U5'},1,"<a href=""/flatknot/8.704093"">8.704093</a>",t^9-46t^7-164t^6-185t^5+40t^4+361t^3+434t^2+232t+48,-t^3+2t^2-t,,
8.704094,O1O2O3O4U2O5U6U3U1O7O8U4U8O6U7U5,4,16z^2+101z+139,16w^3z^2+101w^2z+139w,False,False,"[[ 0 -1 -2  0  1  3 -2  0  1],[ 1  0 -1  1  3  2 -1  0  1],[ 2  1  0  1  2  2  0  1  1],[ 0 -1 -1  0  1  1 -1  0  1],[-1 -3 -2 -1  0  2 -2  1  1],[-3 -2 -2 -1 -2  0 -2 -1  0],[ 2  1  0  1  2  2  0  0  1],[ 0  0 -1  0 -1  1  0  0  0],[-1 -1 -1 -1 -1  0 -1  0  0]]","[[ 0  3  1  1  0  0 -1 -2 -2],[-3  0  0 -2 -1 -1 -2 -2 -2],[-1  0  0 -1  0 -1 -1 -1 -1],[-1  2  1  0  1 -1 -3 -2 -2],[ 0  1  0 -1  0  0  0  0 -1],[ 0  1  1  1  0  0 -1 -1 -1],[ 1  2  1  3  0  1  0 -1 -1],[ 2  2  1  2  0  1  1  0  0],[ 2  2  1  2  1  1  1  0  0]]",True,"[-3,-1,-1,0,0,1,2,2,0,2,1,1,2,2,2,1,0,1,1,1,1,-1,1,3,2,2,0,0,0,1,1,1,1,1,1,0]","[-3,-1,-1,0,0,1,2,2,0,2,1,1,2,2,2,1,0,1,1,1,1,-1,1,3,2,2,0,0,0,1,1,1,1,1,1,0]",t^8+48t^6+156t^4+55t^2+4,"[-2,-2,-1,0,0,1,1,3,0,0,1,1,1,2,3,0,1,2,1,2,3,0,1,-1,1,2,0,0,0,2,2,1,2,-1,0,2]","[-3,-1,-1,0,0,1,2,2,0,2,2,2,2,3,3,1,0,2,-1,1,1,0,1,1,2,2,0,0,1,1,1,1,2,0,0,0]","[-2,-2,-1,0,0,1,1,3,0,1,0,1,1,2,2,1,1,1,1,2,2,0,1,1,3,2,0,0,-1,1,1,1,1,-1,0,2]",c,"[[{8, 1}, {2, 7}, {3, 6}, {4, 5}], [{8, 1}, {2, 7}, {6}, {4, 5}, {3}]]",1,4 K_1^3 + 4 K_1^2 K_2 - 26 K_1^2 - 14 K_1 K_2 - 6 K_1 K_3 + 4 K_1 - 2 K_2^2 + 14 K_2 + 6 K_3 + 3 K_4 + 14,O1O2O3O4U5U6O7U8U1O8O6U4U2U7O5U3,O1O2O3U4U5O6O5U1O4O7U3U8U2U6O8U7,O1O2O3U4O5U6U2U5U1O4O7U3O8O6U8U7,c,{'O1O2O3O4U2O5U6U3U1O7O8U4U8O6U7U5'},1,"<a href=""/flatknot/8.704094"">8.704094</a>",t^9-46t^7-162t^6-172t^5+14t^4+113t^3+72t^2+34t+10,-t^3+2t^2-t,,
8.704095,O1O2O3O4U2O5U6U3U1O7O8U5U4O6U7U8,3,20z^2+87z+95,20w^3z^2+87w^2z+95w,False,False,"[[ 0 -1 -2  0  2  1 -2  0  2],[ 1  0 -1  1  4  2 -2  1  1],[ 2  1  0  1  2  1  0  1  1],[ 0 -1 -1  0  2  1 -2  1  1],[-2 -4 -2 -2  0  0 -3  1  2],[-1 -2 -1 -1  0  0 -1  0  1],[ 2  2  0  2  3  1  0  0  1],[ 0 -1 -1 -1 -1  0  0  0  1],[-2 -1 -1 -1 -2 -1 -1 -1  0]]","[[ 0  2  2  1  0  0 -1 -2 -2],[-2  0  2  0  1 -2 -4 -2 -3],[-2 -2  0 -1 -1 -1 -1 -1 -1],[-1  0  1  0  0 -1 -2 -1 -1],[ 0 -1  1  0  0 -1 -1 -1  0],[ 0  2  1  1  1  0 -1 -1 -2],[ 1  4  1  2  1  1  0 -1 -2],[ 2  2  1  1  1  1  1  0  0],[ 2  3  1  1  0  2  2  0  0]]",True,"[-2,-2,-1,0,0,1,2,2,-2,0,-1,2,4,2,3,1,1,1,1,1,1,0,1,2,1,1,1,1,1,0,1,1,2,1,2,0]","[-2,-2,-1,0,0,1,2,2,-2,0,-1,2,4,2,3,1,1,1,1,1,1,0,1,2,1,1,1,1,1,0,1,1,2,1,2,0]",t^8+65t^6+185t^4+75t^2,"[-2,-2,-1,0,0,1,2,2,0,-1,0,2,2,1,3,0,1,1,2,2,3,0,0,0,-1,2,-1,0,0,1,1,3,1,1,0,-2]","[-2,-2,-1,0,0,1,2,2,-2,0,1,1,2,3,3,1,0,3,-1,1,2,0,1,0,2,2,1,0,0,1,0,2,1,-1,0,0]","[-2,-2,-1,0,0,1,2,2,0,1,1,1,1,1,2,2,0,2,1,1,3,1,1,2,1,4,-1,0,1,-1,1,1,2,1,0,-2]",c,"[[{8, 1}, {2, 7}, {3, 6}, {4, 5}], [{8, 1}, {2, 7}, {4, 6}, {3, 5}], [{8, 1}, {2, 7}, {5, 6}, {3, 4}], [{8, 1}, {3, 7}, {2, 6}, {4, 5}], [{8, 1}, {3, 7}, {4, 6}, {2, 5}], [{8, 1}, {3, 7}, {5, 6}, {2, 4}], [{8, 1}, {3, 7}, {6}, {4, 5}, {2}], [{8, 1}, {4, 7}, {2, 6}, {3, 5}], [{8, 1}, {4, 7}, {3, 6}, {2, 5}], [{8, 1}, {4, 7}, {5, 6}, {2, 3}], [{8, 1}, {4, 7}, {6}, {2, 5}, {3}], [{8, 1}, {5, 7}, {2, 6}, {3, 4}], [{8, 1}, {5, 7}, {3, 6}, {2, 4}], [{8, 1}, {5, 7}, {4, 6}, {2, 3}], [{8, 1}, {5, 7}, {6}, {2, 4}, {3}], [{8, 1}, {5, 7}, {6}, {3, 4}, {2}], [{8, 1}, {5, 7}, {6}, {4}, {2, 3}], [{8, 1}, {6, 7}, {2, 5}, {3, 4}], [{8, 1}, {6, 7}, {2, 5}, {4}, {3}], [{8, 1}, {6, 7}, {3, 5}, {2, 4}], [{8, 1}, {6, 7}, {3, 5}, {4}, {2}], [{8, 1}, {6, 7}, {4, 5}, {2, 3}], [{8, 1}, {6, 7}, {4, 5}, {3}, {2}], [{8, 1}, {6, 7}, {5}, {2, 4}, {3}], [{8, 1}, {6, 7}, {5}, {3, 4}, {2}], [{8, 1}, {6, 7}, {5}, {4}, {2, 3}], [{8, 1}, {6, 7}, {5}, {4}, {3}, {2}], [{8, 1}, {7}, {3, 6}, {4, 5}, {2}], [{8, 1}, {7}, {4, 6}, {2, 5}, {3}], [{8, 1}, {7}, {5, 6}, {2, 4}, {3}], [{8, 1}, {7}, {5, 6}, {3, 4}, {2}], [{8, 1}, {7}, {5, 6}, {4}, {2, 3}], [{8, 2}, {1, 7}, {3, 6}, {4, 5}], [{8, 2}, {1, 7}, {4, 6}, {3, 5}], [{8, 2}, {1, 7}, {5, 6}, {3, 4}], [{8, 2}, {3, 7}, {1, 6}, {4, 5}], [{8, 2}, {3, 7}, {4, 6}, {1, 5}], [{8, 2}, {3, 7}, {5, 6}, {1, 4}], [{8, 2}, {4, 7}, {1, 6}, {3, 5}], [{8, 2}, {4, 7}, {3, 6}, {1, 5}], [{8, 2}, {4, 7}, {5, 6}, {1, 3}], [{8, 2}, {4, 7}, {6}, {1, 5}, {3}], [{8, 2}, {5, 7}, {1, 6}, {3, 4}], [{8, 2}, {5, 7}, {3, 6}, {1, 4}], [{8, 2}, {5, 7}, {4, 6}, {1, 3}], [{8, 2}, {6, 7}, {1, 5}, {3, 4}], [{8, 2}, {6, 7}, {1, 5}, {4}, {3}], [{8, 2}, {6, 7}, {3, 5}, {1, 4}], [{8, 2}, {6, 7}, {3, 5}, {4}, {1}], [{8, 2}, {6, 7}, {4, 5}, {1, 3}], [{8, 2}, {6, 7}, {4, 5}, {3}, {1}], [{8, 2}, {6, 7}, {5}, {1, 4}, {3}], [{8, 2}, {6, 7}, {5}, {3, 4}, {1}], [{8, 2}, {6, 7}, {5}, {4}, {1, 3}], [{8, 2}, {6, 7}, {5}, {4}, {3}, {1}], [{8, 2}, {7}, {4, 6}, {1, 5}, {3}], [{8, 3}, {1, 7}, {2, 6}, {4, 5}], [{8, 3}, {1, 7}, {4, 6}, {2, 5}], [{8, 3}, {1, 7}, {5, 6}, {2, 4}], [{8, 3}, {2, 7}, {1, 6}, {4, 5}], [{8, 3}, {2, 7}, {4, 6}, {1, 5}], [{8, 3}, {2, 7}, {5, 6}, {1, 4}], [{8, 3}, {4, 7}, {1, 6}, {2, 5}], [{8, 3}, {4, 7}, {2, 6}, {1, 5}], [{8, 3}, {4, 7}, {5, 6}, {1, 2}], [{8, 3}, {4, 7}, {6}, {2, 5}, {1}], [{8, 3}, {5, 7}, {1, 6}, {2, 4}], [{8, 3}, {5, 7}, {2, 6}, {1, 4}], [{8, 3}, {5, 7}, {4, 6}, {1, 2}], [{8, 3}, {5, 7}, {6}, {2, 4}, {1}], [{8, 3}, {6, 7}, {1, 5}, {2, 4}], [{8, 3}, {6, 7}, {1, 5}, {4}, {2}], [{8, 3}, {6, 7}, {2, 5}, {1, 4}], [{8, 3}, {6, 7}, {2, 5}, {4}, {1}], [{8, 3}, {6, 7}, {4, 5}, {1, 2}], [{8, 3}, {6, 7}, {4, 5}, {2}, {1}], [{8, 3}, {6, 7}, {5}, {1, 4}, {2}], [{8, 3}, {6, 7}, {5}, {2, 4}, {1}], [{8, 3}, {6, 7}, {5}, {4}, {1, 2}], [{8, 3}, {6, 7}, {5}, {4}, {2}, {1}], [{8, 3}, {7}, {4, 6}, {2, 5}, {1}], [{8, 3}, {7}, {5, 6}, {2, 4}, {1}], [{8, 4}, {1, 7}, {2, 6}, {3, 5}], [{8, 4}, {1, 7}, {3, 6}, {2, 5}], [{8, 4}, {1, 7}, {5, 6}, {2, 3}], [{8, 4}, {1, 7}, {6}, {5}, {2, 3}], [{8, 4}, {2, 7}, {1, 6}, {3, 5}], [{8, 4}, {2, 7}, {3, 6}, {1, 5}], [{8, 4}, {2, 7}, {5, 6}, {1, 3}], [{8, 4}, {3, 7}, {1, 6}, {2, 5}], [{8, 4}, {3, 7}, {2, 6}, {1, 5}], [{8, 4}, {3, 7}, {5, 6}, {1, 2}], [{8, 4}, {3, 7}, {6}, {1, 5}, {2}], [{8, 4}, {5, 7}, {1, 6}, {2, 3}], [{8, 4}, {5, 7}, {2, 6}, {1, 3}], [{8, 4}, {5, 7}, {3, 6}, {1, 2}], [{8, 4}, {6, 7}, {1, 5}, {2, 3}], [{8, 4}, {6, 7}, {1, 5}, {3}, {2}], [{8, 4}, {6, 7}, {2, 5}, {1, 3}], [{8, 4}, {6, 7}, {2, 5}, {3}, {1}], [{8, 4}, {6, 7}, {3, 5}, {1, 2}], [{8, 4}, {6, 7}, {3, 5}, {2}, {1}], [{8, 4}, {6, 7}, {5}, {1, 3}, {2}], [{8, 4}, {6, 7}, {5}, {2, 3}, {1}], [{8, 4}, {6, 7}, {5}, {3}, {1, 2}], [{8, 4}, {6, 7}, {5}, {3}, {2}, {1}], [{8, 4}, {7}, {1, 6}, {5}, {2, 3}], [{8, 4}, {7}, {3, 6}, {1, 5}, {2}], [{8, 5}, {1, 7}, {2, 6}, {3, 4}], [{8, 5}, {1, 7}, {3, 6}, {2, 4}], [{8, 5}, {1, 7}, {4, 6}, {2, 3}], [{8, 5}, {1, 7}, {6}, {2, 4}, {3}], [{8, 5}, {1, 7}, {6}, {3, 4}, {2}], [{8, 5}, {1, 7}, {6}, {4}, {2, 3}], [{8, 5}, {2, 7}, {1, 6}, {3, 4}], [{8, 5}, {2, 7}, {3, 6}, {1, 4}], [{8, 5}, {2, 7}, {4, 6}, {1, 3}], [{8, 5}, {3, 7}, {1, 6}, {2, 4}], [{8, 5}, {3, 7}, {2, 6}, {1, 4}], [{8, 5}, {3, 7}, {4, 6}, {1, 2}], [{8, 5}, {3, 7}, {6}, {1, 4}, {2}], [{8, 5}, {4, 7}, {1, 6}, {2, 3}], [{8, 5}, {4, 7}, {2, 6}, {1, 3}], [{8, 5}, {4, 7}, {3, 6}, {1, 2}], [{8, 5}, {4, 7}, {6}, {3}, {1, 2}], [{8, 5}, {6, 7}, {1, 4}, {2, 3}], [{8, 5}, {6, 7}, {1, 4}, {3}, {2}], [{8, 5}, {6, 7}, {2, 4}, {1, 3}], [{8, 5}, {6, 7}, {2, 4}, {3}, {1}], [{8, 5}, {6, 7}, {3, 4}, {1, 2}], [{8, 5}, {6, 7}, {3, 4}, {2}, {1}], [{8, 5}, {6, 7}, {4}, {1, 3}, {2}], [{8, 5}, {6, 7}, {4}, {2, 3}, {1}], [{8, 5}, {6, 7}, {4}, {3}, {1, 2}], [{8, 5}, {6, 7}, {4}, {3}, {2}, {1}], [{8, 5}, {7}, {1, 6}, {2, 4}, {3}], [{8, 5}, {7}, {1, 6}, {3, 4}, {2}], [{8, 5}, {7}, {1, 6}, {4}, {2, 3}], [{8, 5}, {7}, {3, 6}, {1, 4}, {2}], [{8, 5}, {7}, {4, 6}, {3}, {1, 2}], [{8, 6}, {1, 7}, {2, 5}, {3, 4}], [{8, 6}, {1, 7}, {3, 5}, {2, 4}], [{8, 6}, {1, 7}, {4, 5}, {2, 3}], [{8, 6}, {1, 7}, {5}, {2, 4}, {3}], [{8, 6}, {1, 7}, {5}, {3, 4}, {2}], [{8, 6}, {1, 7}, {5}, {4}, {2, 3}], [{8, 6}, {2, 7}, {1, 5}, {3, 4}], [{8, 6}, {2, 7}, {3, 5}, {1, 4}], [{8, 6}, {2, 7}, {4, 5}, {1, 3}], [{8, 6}, {2, 7}, {5}, {1, 4}, {3}], [{8, 6}, {3, 7}, {1, 5}, {2, 4}], [{8, 6}, {3, 7}, {2, 5}, {1, 4}], [{8, 6}, {3, 7}, {4, 5}, {1, 2}], [{8, 6}, {4, 7}, {1, 5}, {2, 3}], [{8, 6}, {4, 7}, {2, 5}, {1, 3}], [{8, 6}, {4, 7}, {2, 5}, {3}, {1}], [{8, 6}, {4, 7}, {3, 5}, {1, 2}], [{8, 6}, {5, 7}, {1, 4}, {2, 3}], [{8, 6}, {5, 7}, {2, 4}, {1, 3}], [{8, 6}, {5, 7}, {2, 4}, {3}, {1}], [{8, 6}, {5, 7}, {3, 4}, {1, 2}], [{8, 6}, {5, 7}, {3, 4}, {2}, {1}], [{8, 6}, {5, 7}, {4}, {2, 3}, {1}], [{8, 6}, {7}, {1, 5}, {2, 4}, {3}], [{8, 6}, {7}, {1, 5}, {3, 4}, {2}], [{8, 6}, {7}, {1, 5}, {4}, {2, 3}], [{8, 6}, {7}, {3, 5}, {4}, {1, 2}], [{8, 7}, {1, 6}, {2, 5}, {3, 4}], [{8, 7}, {1, 6}, {3, 5}, {2, 4}], [{8, 7}, {1, 6}, {4, 5}, {2, 3}], [{8, 7}, {1, 6}, {5}, {2, 4}, {3}], [{8, 7}, {1, 6}, {5}, {3, 4}, {2}], [{8, 7}, {1, 6}, {5}, {4}, {2, 3}], [{8, 7}, {2, 6}, {1, 5}, {3, 4}], [{8, 7}, {2, 6}, {3, 5}, {1, 4}], [{8, 7}, {2, 6}, {4, 5}, {1, 3}], [{8, 7}, {2, 6}, {5}, {1, 4}, {3}], [{8, 7}, {3, 6}, {1, 5}, {2, 4}], [{8, 7}, {3, 6}, {2, 5}, {1, 4}], [{8, 7}, {3, 6}, {4, 5}, {1, 2}], [{8, 7}, {4, 6}, {1, 5}, {2, 3}], [{8, 7}, {4, 6}, {2, 5}, {1, 3}], [{8, 7}, {4, 6}, {2, 5}, {3}, {1}], [{8, 7}, {4, 6}, {3, 5}, {1, 2}], [{8, 7}, {5, 6}, {1, 4}, {2, 3}], [{8, 7}, {5, 6}, {2, 4}, {1, 3}], [{8, 7}, {5, 6}, {2, 4}, {3}, {1}], [{8, 7}, {5, 6}, {3, 4}, {1, 2}], [{8, 7}, {5, 6}, {3, 4}, {2}, {1}], [{8, 7}, {5, 6}, {4}, {2, 3}, {1}], [{8, 7}, {6}, {1, 5}, {2, 4}, {3}], [{8, 7}, {6}, {1, 5}, {3, 4}, {2}], [{8, 7}, {6}, {1, 5}, {4}, {2, 3}], [{8, 7}, {6}, {3, 5}, {4}, {1, 2}], [{8}, {1, 7}, {4, 6}, {2, 5}, {3}], [{8}, {1, 7}, {4, 6}, {3, 5}, {2}], [{8}, {1, 7}, {4, 6}, {5}, {2, 3}], [{8}, {1, 7}, {5, 6}, {2, 4}, {3}], [{8}, {1, 7}, {5, 6}, {3, 4}, {2}], [{8}, {1, 7}, {5, 6}, {4}, {2, 3}], [{8}, {1, 7}, {6}, {4, 5}, {2, 3}], [{8}, {1, 7}, {6}, {5}, {4}, {2, 3}], [{8}, {3, 7}, {4, 6}, {2, 5}, {1}], [{8}, {3, 7}, {5, 6}, {2, 4}, {1}], [{8}, {4, 7}, {1, 6}, {2, 5}, {3}], [{8}, {4, 7}, {1, 6}, {3, 5}, {2}], [{8}, {4, 7}, {1, 6}, {5}, {2, 3}], [{8}, {4, 7}, {3, 6}, {2, 5}, {1}], [{8}, {4, 7}, {6}, {2, 5}, {1, 3}], [{8}, {4, 7}, {6}, {2, 5}, {3}, {1}], [{8}, {5, 7}, {1, 6}, {2, 4}, {3}], [{8}, {5, 7}, {1, 6}, {3, 4}, {2}], [{8}, {5, 7}, {1, 6}, {4}, {2, 3}], [{8}, {5, 7}, {3, 6}, {2, 4}, {1}], [{8}, {5, 7}, {6}, {2, 4}, {1, 3}], [{8}, {5, 7}, {6}, {2, 4}, {3}, {1}], [{8}, {6, 7}, {1, 5}, {2, 4}, {3}], [{8}, {6, 7}, {1, 5}, {3, 4}, {2}], [{8}, {6, 7}, {1, 5}, {4}, {2, 3}], [{8}, {6, 7}, {1, 5}, {4}, {3}, {2}], [{8}, {6, 7}, {2, 5}, {1, 4}, {3}], [{8}, {6, 7}, {2, 5}, {3, 4}, {1}], [{8}, {6, 7}, {2, 5}, {4}, {1, 3}], [{8}, {6, 7}, {2, 5}, {4}, {3}, {1}], [{8}, {6, 7}, {3, 5}, {1, 4}, {2}], [{8}, {6, 7}, {3, 5}, {2, 4}, {1}], [{8}, {6, 7}, {3, 5}, {4}, {1, 2}], [{8}, {6, 7}, {3, 5}, {4}, {2}, {1}], [{8}, {6, 7}, {4, 5}, {1, 3}, {2}], [{8}, {6, 7}, {4, 5}, {2, 3}, {1}], [{8}, {6, 7}, {4, 5}, {3}, {1, 2}], [{8}, {6, 7}, {4, 5}, {3}, {2}, {1}], [{8}, {6, 7}, {5}, {1, 4}, {2, 3}], [{8}, {6, 7}, {5}, {1, 4}, {3}, {2}], [{8}, {6, 7}, {5}, {2, 4}, {1, 3}], [{8}, {6, 7}, {5}, {2, 4}, {3}, {1}], [{8}, {6, 7}, {5}, {3, 4}, {1, 2}], [{8}, {6, 7}, {5}, {3, 4}, {2}, {1}], [{8}, {6, 7}, {5}, {4}, {1, 3}, {2}], [{8}, {6, 7}, {5}, {4}, {2, 3}, {1}], [{8}, {6, 7}, {5}, {4}, {3}, {1, 2}], [{8}, {6, 7}, {5}, {4}, {3}, {2}, {1}], [{8}, {7}, {1, 6}, {4, 5}, {2, 3}], [{8}, {7}, {1, 6}, {5}, {4}, {2, 3}], [{8}, {7}, {4, 6}, {2, 5}, {1, 3}], [{8}, {7}, {4, 6}, {2, 5}, {3}, {1}], [{8}, {7}, {5, 6}, {2, 4}, {1, 3}], [{8}, {7}, {5, 6}, {2, 4}, {3}, {1}]]",2,20 K_1^3 + 12 K_1^2 K_2 - 18 K_1^2 - 24 K_1 K_2 - 14 K_1 K_3 - 3 K_1 - 2 K_2^2 + 10 K_2 + 7 K_3 + 5 K_4 + 8,O1O2O3O4U5U6O7U1U8O5O6U4U2U7O8U3,O1O2O3U4U5O6O7U1O4O5U3U8U2U7O8U6,O1O2O3U4O5U6U2U5U1O7O8U3O6O4U7U8,c,{'O1O2O3O4U2O5U6U3U1O7O8U5U4O6U7U8'},1,"<a href=""/flatknot/8.704095"">8.704095</a>",t^9-65t^7-236t^6-183t^5+2t^4+75t^3+106t^2+32t,0,,
8.704096,O1O2O3O4U2O5U6U3U1O7O8U5U7O6U4U8,3,3z^2+42z+73,3w^3z^2+42w^2z+73w,False,False,"[[ 0 -1 -2  0  2  1 -2  0  2],[ 1  0 -1  1  3  2 -1  1  1],[ 2  1  0  1  2  1  1  0  1],[ 0 -1 -1  0  1  1 -1  1  1],[-2 -3 -2 -1  0  0 -3  1  2],[-1 -2 -1 -1  0  0 -2  1  1],[ 2  1 -1  1  3  2  0  0  1],[ 0 -1  0 -1 -1 -1  0  0  1],[-2 -1 -1 -1 -2 -1 -1 -1  0]]","[[ 0  2  2  1  0  0 -1 -2 -2],[-2  0  2  0  1 -1 -3 -2 -3],[-2 -2  0 -1 -1 -1 -1 -1 -1],[-1  0  1  0  1 -1 -2 -1 -2],[ 0 -1  1 -1  0 -1 -1  0  0],[ 0  1  1  1  1  0 -1 -1 -1],[ 1  3  1  2  1  1  0 -1 -1],[ 2  2  1  1  0  1  1  0  1],[ 2  3  1  2  0  1  1 -1  0]]",True,"[-2,-2,-1,0,0,1,2,2,-2,0,-1,1,3,2,3,1,1,1,1,1,1,-1,1,2,1,2,1,1,0,0,1,1,1,1,1,-1]","[-2,-2,-1,0,0,1,2,2,-2,0,-1,1,3,2,3,1,1,1,1,1,1,-1,1,2,1,2,1,1,0,0,1,1,1,1,1,-1]",t^8+53t^6+139t^4+23t^2,"[-2,-2,-1,0,0,1,2,2,-1,0,1,2,2,2,3,0,1,2,1,1,3,0,0,0,0,2,-1,0,1,1,2,3,1,1,0,-2]","[-2,-2,-1,0,0,1,2,2,-2,0,1,1,2,3,3,1,1,3,0,1,2,0,2,0,1,2,1,0,1,1,0,2,2,0,0,-1]","[-2,-2,-1,0,0,1,2,2,-1,1,0,1,2,1,3,1,0,1,1,1,2,1,1,2,1,3,-1,-1,1,-1,1,1,1,1,0,-2]",c,"[[{8, 2}, {3, 7}, {4, 6}, {1, 5}], [{8, 2}, {7}, {4, 6}, {1, 5}, {3}]]",1,- 20 K_1^2 - 8 K_1 K_2 + 4 K_1 + 10 K_2 + 4 K_3 + 11,O1O2O3O4U5U1O6U7U8O5O7U4U2U6O8U3,O1O2O3U4U5O6O4U1O7O5U3U8U2U7O8U6,O1O2O3U4O5U6U2U5U1O7O6U3O8O4U7U8,c,"{'O1O2O3O4U2O5U4U6U1O7O8U5U7U3O6U8', 'O1O2O3O4U2O5U6U3U1O7O8U5U7O6U4U8'}",2,"<a href=""/flatknot/8.704096"">8.704096</a>",t^9-53t^7-174t^6-151t^5+158t^4+474t^3+394t^2+104t,0,,
8.704097,O1O2O3O4U2O5U6U3U1O7O8U5U8O6U7U4,4,2z^3+27z^2+102z+113,2w^4z^3+27w^3z^2+102w^2z+113w,False,False,"[[ 0 -1 -2  0  3  1 -2  0  1],[ 1  0 -1  1  3  2 -1  0  1],[ 2  1  0  1  2  1  1  0  0],[ 0 -1 -1  0  1  1 -1  0  1],[-3 -3 -2 -1  0 -1 -3  0  1],[-1 -2 -1 -1  1  0 -2  1  1],[ 2  1 -1  1  3  2  0  0  1],[ 0  0  0  0  0 -1  0  0  0],[-1 -1  0 -1 -1 -1 -1  0  0]]","[[ 0  3  1  1  0  0 -1 -2 -2],[-3  0  1 -1  0 -1 -3 -2 -3],[-1 -1  0 -1  0 -1 -1  0 -1],[-1  1  1  0  1 -1 -2 -1 -2],[ 0  0  0 -1  0  0  0  0  0],[ 0  1  1  1  0  0 -1 -1 -1],[ 1  3  1  2  0  1  0 -1 -1],[ 2  2  0  1  0  1  1  0  1],[ 2  3  1  2  0  1  1 -1  0]]",True,"[-3,-1,-1,0,0,1,2,2,-1,1,0,1,3,2,3,1,0,1,1,0,1,-1,1,2,1,2,0,0,0,0,1,1,1,1,1,-1]","[-3,-1,-1,0,0,1,2,2,-1,1,0,1,3,2,3,1,0,1,1,0,1,-1,1,2,1,2,0,0,0,0,1,1,1,1,1,-1]",t^8+46t^6+72t^4+20t^2+1,"[-2,-2,-1,0,0,1,1,3,-1,0,1,2,2,3,3,0,1,2,1,2,2,0,1,0,1,1,0,0,0,2,2,1,3,-1,1,3]","[-3,-1,-1,0,0,1,2,2,1,3,2,3,1,2,3,1,0,2,0,1,2,0,1,1,2,3,0,0,1,1,1,2,2,0,0,-1]","[-2,-2,-1,0,0,1,1,3,-1,1,0,1,1,2,3,1,0,1,0,1,2,0,1,1,2,3,0,0,-1,0,1,1,1,-1,-1,1]",c,"[[{8, 1}, {6, 7}, {3, 5}, {2, 4}]]",1,- 8 K_1^4 + 12 K_1^3 + 12 K_1^2 K_2 - 16 K_1^2 - 14 K_1 K_2 - 4 K_1 K_3 - 2 K_1 - 2 K_2^2 + 8 K_2 + 4 K_3 + K_4 + 10,O1O2O3O4U1U5O6U7U8O7O5U4U2U6O8U3,O1O2O3U4U5O6O5U1O4O7U3U8U2U7O8U6,O1O2O3U4O5U6U2U5U1O6O7U3O8O4U8U7,c,{'O1O2O3O4U2O5U6U3U1O7O8U5U8O6U7U4'},1,"<a href=""/flatknot/8.704097"">8.704097</a>",t^9-44t^7-156t^6-150t^5+112t^4+286t^3+138t^2-23t-28,-t^3+2t^2-t,,
8.704098,O1O2O3O4U2O5U6U3U1O7O8U7U4O6U8U5,4,2z^3+30z^2+109z+115,2w^4z^3+30w^3z^2+109w^2z+115w,False,False,"[[ 0 -1 -2  0  2  3 -2 -1  1],[ 1  0 -1  1  3  2 -1  0  0],[ 2  1  0  1  2  2  0  0  1],[ 0 -1 -1  0  1  1 -1  0  0],[-2 -3 -2 -1  0  1 -2  0  1],[-3 -2 -2 -1 -1  0 -2 -1  0],[ 2  1  0  1  2  2  0 -1  0],[ 1  0  0  0  0  1  1  0  1],[-1  0 -1  0 -1  0  0 -1  0]]","[[ 0  3  2  1  0 -1 -1 -2 -2],[-3  0 -1  0 -1 -1 -2 -2 -2],[-2  1  0  1 -1  0 -3 -2 -2],[-1  0 -1  0  0 -1  0  0 -1],[ 0  1  1  0  0  0 -1 -1 -1],[ 1  1  0  1  0  0  0  1  0],[ 1  2  3  0  1  0  0 -1 -1],[ 2  2  2  0  1 -1  1  0  0],[ 2  2  2  1  1  0  1  0  0]]",True,"[-3,-2,-1,0,1,1,2,2,1,0,1,1,2,2,2,-1,1,0,3,2,2,0,1,0,0,1,0,1,1,1,0,-1,0,1,1,0]","[-3,-2,-1,0,1,1,2,2,0,2,2,2,3,3,3,2,1,0,3,2,2,1,2,1,2,3,0,1,1,1,0,0,0,1,2,0]",t^8+42t^6+170t^4+65t^2+1,"[-2,-2,-1,-1,0,1,2,3,0,0,1,1,2,2,3,0,2,1,3,2,3,0,0,2,0,2,1,1,3,3,1,1,2,2,2,0]","[-3,-2,-1,0,1,1,2,2,0,2,2,2,3,3,3,2,1,0,3,2,2,1,2,1,2,3,0,1,1,1,0,0,0,1,2,0]","[-2,-2,-1,-1,0,1,2,3,0,-1,1,1,0,2,2,0,1,1,1,2,2,0,0,1,0,1,1,0,3,2,0,1,1,-1,0,1]",c,"[[{8, 5}, {4, 7}, {1, 6}, {2, 3}], [{8, 7}, {2, 6}, {4, 5}, {1, 3}]]",1,8 K_1^3 + 8 K_1^2 K_2 - 18 K_1^2 - 10 K_1 K_2 - 4 K_1 K_3 - K_1 + 7 K_2 + 3 K_3 + 8,O1O2O3O4U5U6O7U1U8O6O8U4U2U7O5U3,O1O2O3U4U5O4O6U1O5O7U3U8U2U6O8U7,O1O2O3U4O5U6U2U5U1O4O7U3O6O8U7U8,c,{'O1O2O3O4U2O5U6U3U1O7O8U7U4O6U8U5'},1,"<a href=""/flatknot/8.704098"">8.704098</a>",t^9-38t^7-104t^6-17t^5+180t^4+167t^3-2t^2-110t-32,-t^3+t^2+t,,
8.704099,O1O2O3O4U2O5U6U3U1O7O8U7U8O6U4U5,4,z^3+17z^2+67z+75,w^4z^3+17w^3z^2+67w^2z+75w,False,False,"[[ 0 -1 -2  0  2  3 -2 -1  1],[ 1  0 -1  1  2  2  0  0  0],[ 2  1  0  1  2  2  1  0  0],[ 0 -1 -1  0  0  1  0  0  0],[-2 -2 -2  0  0  1 -2 -1  1],[-3 -2 -2 -1 -1  0 -3 -1  1],[ 2  0 -1  0  2  3  0  0  0],[ 1  0  0  0  1  1  0  0  1],[-1  0  0  0 -1 -1  0 -1  0]]","[[ 0  3  2  1  0 -1 -1 -2 -2],[-3  0 -1  1 -1 -1 -2 -2 -3],[-2  1  0  1  0 -1 -2 -2 -2],[-1 -1 -1  0  0 -1  0  0  0],[ 0  1  0  0  0  0 -1 -1  0],[ 1  1  1  1  0  0  0  0  0],[ 1  2  2  0  1  0  0 -1  0],[ 2  2  2  0  1  0  1  0  1],[ 2  3  2  0  0  0  0 -1  0]]",True,"[-3,-2,-1,0,1,1,2,2,1,-1,1,1,2,2,3,-1,0,1,2,2,2,0,1,0,0,0,0,1,1,0,0,0,0,1,0,-1]","[-3,-2,-1,0,1,1,2,2,0,3,2,2,3,2,3,2,2,1,2,2,2,1,2,1,3,3,0,1,2,1,0,1,0,1,1,-1]",t^8+40t^6+91t^4+47t^2+1,"[-2,-2,-1,-1,0,1,2,3,-1,0,1,1,3,2,3,1,1,2,3,2,2,0,0,2,1,2,1,1,2,3,1,2,2,2,3,0]","[-3,-2,-1,0,1,1,2,2,0,3,2,2,3,2,3,2,2,1,2,2,2,1,2,1,3,3,0,1,2,1,0,1,0,1,1,-1]","[-2,-2,-1,-1,0,1,2,3,-1,0,0,0,0,2,3,0,1,1,0,2,2,0,0,1,1,1,1,0,2,2,0,0,1,-1,-1,1]",c,"[[{8, 1}, {2, 7}, {3, 6}, {4, 5}], [{8, 1}, {2, 7}, {4, 6}, {3, 5}], [{8, 1}, {2, 7}, {4, 6}, {5}, {3}], [{8, 1}, {2, 7}, {5, 6}, {3, 4}], [{8, 1}, {3, 7}, {2, 6}, {4, 5}], [{8, 1}, {3, 7}, {2, 6}, {5}, {4}], [{8, 1}, {3, 7}, {4, 6}, {2, 5}], [{8, 1}, {3, 7}, {5, 6}, {2, 4}], [{8, 1}, {3, 7}, {5, 6}, {4}, {2}], [{8, 1}, {3, 7}, {6}, {2, 5}, {4}], [{8, 1}, {4, 7}, {2, 6}, {3, 5}], [{8, 1}, {4, 7}, {3, 6}, {2, 5}], [{8, 1}, {4, 7}, {3, 6}, {5}, {2}], [{8, 1}, {4, 7}, {5, 6}, {2, 3}], [{8, 1}, {4, 7}, {6}, {2, 5}, {3}], [{8, 1}, {5, 7}, {2, 6}, {3, 4}], [{8, 1}, {5, 7}, {3, 6}, {2, 4}], [{8, 1}, {5, 7}, {4, 6}, {2, 3}], [{8, 1}, {5, 7}, {4, 6}, {3}, {2}], [{8, 1}, {6, 7}, {2, 5}, {3, 4}], [{8, 1}, {6, 7}, {2, 5}, {4}, {3}], [{8, 1}, {6, 7}, {3, 5}, {2, 4}], [{8, 1}, {6, 7}, {3, 5}, {4}, {2}], [{8, 1}, {6, 7}, {4, 5}, {2, 3}], [{8, 1}, {6, 7}, {5}, {4}, {2, 3}], [{8, 1}, {7}, {3, 6}, {2, 5}, {4}], [{8, 1}, {7}, {4, 6}, {2, 5}, {3}], [{8, 1}, {7}, {6}, {2, 5}, {3, 4}], [{8, 1}, {7}, {6}, {2, 5}, {4}, {3}], [{8, 2}, {1, 7}, {3, 6}, {4, 5}], [{8, 2}, {1, 7}, {3, 6}, {5}, {4}], [{8, 2}, {1, 7}, {4, 6}, {3, 5}], [{8, 2}, {1, 7}, {4, 6}, {5}, {3}], [{8, 2}, {1, 7}, {5, 6}, {3, 4}], [{8, 2}, {1, 7}, {5, 6}, {4}, {3}], [{8, 2}, {1, 7}, {6}, {3, 5}, {4}], [{8, 2}, {1, 7}, {6}, {4, 5}, {3}], [{8, 2}, {1, 7}, {6}, {5}, {3, 4}], [{8, 2}, {1, 7}, {6}, {5}, {4}, {3}], [{8, 2}, {3, 7}, {1, 6}, {4, 5}], [{8, 2}, {3, 7}, {4, 6}, {1, 5}], [{8, 2}, {3, 7}, {5, 6}, {1, 4}], [{8, 2}, {4, 7}, {1, 6}, {3, 5}], [{8, 2}, {4, 7}, {3, 6}, {1, 5}], [{8, 2}, {4, 7}, {5, 6}, {1, 3}], [{8, 2}, {5, 7}, {1, 6}, {3, 4}], [{8, 2}, {5, 7}, {3, 6}, {1, 4}], [{8, 2}, {5, 7}, {4, 6}, {1, 3}], [{8, 2}, {5, 7}, {4, 6}, {3}, {1}], [{8, 2}, {6, 7}, {1, 5}, {3, 4}], [{8, 2}, {6, 7}, {3, 5}, {1, 4}], [{8, 2}, {6, 7}, {4, 5}, {1, 3}], [{8, 2}, {7}, {4, 6}, {1, 5}, {3}], [{8, 3}, {1, 7}, {2, 6}, {4, 5}], [{8, 3}, {1, 7}, {4, 6}, {2, 5}], [{8, 3}, {1, 7}, {5, 6}, {2, 4}], [{8, 3}, {1, 7}, {6}, {2, 5}, {4}], [{8, 3}, {2, 7}, {1, 6}, {4, 5}], [{8, 3}, {2, 7}, {4, 6}, {1, 5}], [{8, 3}, {2, 7}, {5, 6}, {1, 4}], [{8, 3}, {4, 7}, {1, 6}, {2, 5}], [{8, 3}, {4, 7}, {2, 6}, {1, 5}], [{8, 3}, {4, 7}, {5, 6}, {1, 2}], [{8, 3}, {4, 7}, {6}, {2, 5}, {1}], [{8, 3}, {5, 7}, {1, 6}, {2, 4}], [{8, 3}, {5, 7}, {2, 6}, {1, 4}], [{8, 3}, {5, 7}, {4, 6}, {1, 2}], [{8, 3}, {5, 7}, {6}, {2, 4}, {1}], [{8, 3}, {6, 7}, {1, 5}, {2, 4}], [{8, 3}, {6, 7}, {2, 5}, {1, 4}], [{8, 3}, {6, 7}, {4, 5}, {1, 2}], [{8, 3}, {6, 7}, {5}, {1, 4}, {2}], [{8, 3}, {7}, {6}, {2, 5}, {1, 4}], [{8, 4}, {1, 7}, {2, 6}, {3, 5}], [{8, 4}, {1, 7}, {3, 6}, {2, 5}], [{8, 4}, {1, 7}, {5, 6}, {2, 3}], [{8, 4}, {1, 7}, {6}, {2, 5}, {3}], [{8, 4}, {2, 7}, {1, 6}, {3, 5}], [{8, 4}, {2, 7}, {1, 6}, {5}, {3}], [{8, 4}, {2, 7}, {3, 6}, {1, 5}], [{8, 4}, {2, 7}, {5, 6}, {1, 3}], [{8, 4}, {3, 7}, {1, 6}, {2, 5}], [{8, 4}, {3, 7}, {2, 6}, {1, 5}], [{8, 4}, {3, 7}, {5, 6}, {1, 2}], [{8, 4}, {3, 7}, {6}, {2, 5}, {1}], [{8, 4}, {5, 7}, {1, 6}, {2, 3}], [{8, 4}, {5, 7}, {2, 6}, {1, 3}], [{8, 4}, {5, 7}, {3, 6}, {1, 2}], [{8, 4}, {5, 7}, {6}, {2, 3}, {1}], [{8, 4}, {6, 7}, {1, 5}, {2, 3}], [{8, 4}, {6, 7}, {2, 5}, {1, 3}], [{8, 4}, {6, 7}, {3, 5}, {1, 2}], [{8, 4}, {7}, {5, 6}, {3}, {1, 2}], [{8, 4}, {7}, {6}, {2, 5}, {1, 3}], [{8, 5}, {1, 7}, {2, 6}, {3, 4}], [{8, 5}, {1, 7}, {2, 6}, {4}, {3}], [{8, 5}, {1, 7}, {3, 6}, {2, 4}], [{8, 5}, {1, 7}, {3, 6}, {4}, {2}], [{8, 5}, {1, 7}, {4, 6}, {2, 3}], [{8, 5}, {1, 7}, {4, 6}, {3}, {2}], [{8, 5}, {1, 7}, {6}, {2, 4}, {3}], [{8, 5}, {1, 7}, {6}, {3, 4}, {2}], [{8, 5}, {1, 7}, {6}, {4}, {2, 3}], [{8, 5}, {1, 7}, {6}, {4}, {3}, {2}], [{8, 5}, {2, 7}, {1, 6}, {3, 4}], [{8, 5}, {2, 7}, {3, 6}, {1, 4}], [{8, 5}, {2, 7}, {4, 6}, {1, 3}], [{8, 5}, {2, 7}, {4, 6}, {3}, {1}], [{8, 5}, {3, 7}, {1, 6}, {2, 4}], [{8, 5}, {3, 7}, {2, 6}, {1, 4}], [{8, 5}, {3, 7}, {4, 6}, {1, 2}], [{8, 5}, {4, 7}, {1, 6}, {2, 3}], [{8, 5}, {4, 7}, {2, 6}, {1, 3}], [{8, 5}, {4, 7}, {3, 6}, {1, 2}], [{8, 5}, {6, 7}, {1, 4}, {2, 3}], [{8, 5}, {6, 7}, {2, 4}, {1, 3}], [{8, 5}, {6, 7}, {3, 4}, {1, 2}], [{8, 5}, {7}, {3, 6}, {2, 4}, {1}], [{8, 5}, {7}, {4, 6}, {3}, {1, 2}], [{8, 6}, {1, 7}, {2, 5}, {3, 4}], [{8, 6}, {1, 7}, {2, 5}, {4}, {3}], [{8, 6}, {1, 7}, {3, 5}, {2, 4}], [{8, 6}, {1, 7}, {4, 5}, {2, 3}], [{8, 6}, {2, 7}, {1, 5}, {3, 4}], [{8, 6}, {2, 7}, {3, 5}, {1, 4}], [{8, 6}, {2, 7}, {4, 5}, {1, 3}], [{8, 6}, {3, 7}, {1, 5}, {2, 4}], [{8, 6}, {3, 7}, {2, 5}, {1, 4}], [{8, 6}, {3, 7}, {4, 5}, {1, 2}], [{8, 6}, {4, 7}, {1, 5}, {2, 3}], [{8, 6}, {4, 7}, {2, 5}, {1, 3}], [{8, 6}, {4, 7}, {3, 5}, {1, 2}], [{8, 6}, {4, 7}, {5}, {2, 3}, {1}], [{8, 6}, {5, 7}, {1, 4}, {2, 3}], [{8, 6}, {5, 7}, {2, 4}, {1, 3}], [{8, 6}, {5, 7}, {2, 4}, {3}, {1}], [{8, 6}, {5, 7}, {3, 4}, {1, 2}], [{8, 6}, {7}, {1, 5}, {3, 4}, {2}], [{8, 7}, {1, 6}, {2, 5}, {3, 4}], [{8, 7}, {1, 6}, {2, 5}, {4}, {3}], [{8, 7}, {1, 6}, {3, 5}, {2, 4}], [{8, 7}, {1, 6}, {3, 5}, {4}, {2}], [{8, 7}, {1, 6}, {4, 5}, {2, 3}], [{8, 7}, {1, 6}, {4, 5}, {3}, {2}], [{8, 7}, {1, 6}, {5}, {2, 4}, {3}], [{8, 7}, {1, 6}, {5}, {3, 4}, {2}], [{8, 7}, {1, 6}, {5}, {4}, {2, 3}], [{8, 7}, {2, 6}, {1, 5}, {3, 4}], [{8, 7}, {2, 6}, {1, 5}, {4}, {3}], [{8, 7}, {2, 6}, {3, 5}, {1, 4}], [{8, 7}, {2, 6}, {3, 5}, {4}, {1}], [{8, 7}, {2, 6}, {4, 5}, {1, 3}], [{8, 7}, {2, 6}, {4, 5}, {3}, {1}], [{8, 7}, {2, 6}, {5}, {1, 4}, {3}], [{8, 7}, {2, 6}, {5}, {3, 4}, {1}], [{8, 7}, {2, 6}, {5}, {4}, {1, 3}], [{8, 7}, {3, 6}, {1, 5}, {2, 4}], [{8, 7}, {3, 6}, {1, 5}, {4}, {2}], [{8, 7}, {3, 6}, {2, 5}, {1, 4}], [{8, 7}, {3, 6}, {2, 5}, {4}, {1}], [{8, 7}, {3, 6}, {4, 5}, {1, 2}], [{8, 7}, {3, 6}, {4, 5}, {2}, {1}], [{8, 7}, {3, 6}, {5}, {1, 4}, {2}], [{8, 7}, {3, 6}, {5}, {2, 4}, {1}], [{8, 7}, {3, 6}, {5}, {4}, {1, 2}], [{8, 7}, {4, 6}, {1, 5}, {2, 3}], [{8, 7}, {4, 6}, {1, 5}, {3}, {2}], [{8, 7}, {4, 6}, {2, 5}, {1, 3}], [{8, 7}, {4, 6}, {2, 5}, {3}, {1}], [{8, 7}, {4, 6}, {3, 5}, {1, 2}], [{8, 7}, {4, 6}, {3, 5}, {2}, {1}], [{8, 7}, {4, 6}, {5}, {1, 3}, {2}], [{8, 7}, {4, 6}, {5}, {2, 3}, {1}], [{8, 7}, {4, 6}, {5}, {3}, {1, 2}], [{8, 7}, {4, 6}, {5}, {3}, {2}, {1}], [{8, 7}, {5, 6}, {1, 4}, {2, 3}], [{8, 7}, {5, 6}, {1, 4}, {3}, {2}], [{8, 7}, {5, 6}, {2, 4}, {1, 3}], [{8, 7}, {5, 6}, {2, 4}, {3}, {1}], [{8, 7}, {5, 6}, {3, 4}, {1, 2}], [{8, 7}, {5, 6}, {3, 4}, {2}, {1}], [{8, 7}, {5, 6}, {4}, {1, 3}, {2}], [{8, 7}, {5, 6}, {4}, {2, 3}, {1}], [{8, 7}, {5, 6}, {4}, {3}, {1, 2}], [{8, 7}, {6}, {1, 5}, {2, 4}, {3}], [{8, 7}, {6}, {1, 5}, {3, 4}, {2}], [{8, 7}, {6}, {1, 5}, {4}, {2, 3}], [{8, 7}, {6}, {1, 5}, {4}, {3}, {2}], [{8, 7}, {6}, {2, 5}, {1, 4}, {3}], [{8, 7}, {6}, {2, 5}, {3, 4}, {1}], [{8, 7}, {6}, {2, 5}, {4}, {1, 3}], [{8, 7}, {6}, {2, 5}, {4}, {3}, {1}], [{8, 7}, {6}, {3, 5}, {1, 4}, {2}], [{8, 7}, {6}, {3, 5}, {2, 4}, {1}], [{8, 7}, {6}, {3, 5}, {4}, {1, 2}], [{8, 7}, {6}, {4, 5}, {1, 3}, {2}], [{8, 7}, {6}, {4, 5}, {2, 3}, {1}], [{8, 7}, {6}, {4, 5}, {3}, {1, 2}], [{8, 7}, {6}, {5}, {1, 4}, {2, 3}], [{8, 7}, {6}, {5}, {2, 4}, {1, 3}], [{8, 7}, {6}, {5}, {3, 4}, {1, 2}], [{8, 7}, {6}, {5}, {4}, {3}, {1, 2}], [{8}, {1, 7}, {3, 6}, {2, 5}, {4}], [{8}, {1, 7}, {4, 6}, {2, 5}, {3}], [{8}, {1, 7}, {6}, {2, 5}, {3, 4}], [{8}, {1, 7}, {6}, {2, 5}, {4}, {3}], [{8}, {2, 7}, {4, 6}, {1, 5}, {3}], [{8}, {3, 7}, {6}, {2, 5}, {1, 4}], [{8}, {4, 7}, {5, 6}, {3}, {1, 2}], [{8}, {4, 7}, {6}, {2, 5}, {1, 3}], [{8}, {5, 7}, {3, 6}, {2, 4}, {1}], [{8}, {5, 7}, {4, 6}, {3}, {1, 2}], [{8}, {6, 7}, {1, 5}, {3, 4}, {2}]]",2,12 K_1^3 + 4 K_1^2 K_2 - 18 K_1^2 - 14 K_1 K_2 - 4 K_1 K_3 - 2 K_1 + 9 K_2 + 4 K_3 + K_4 + 9,O1O2O3O4U5U1O6U7U8O7O8U4U2U6O5U3,O1O2O3U4U5O4O5U1O6O7U3U8U2U6O8U7,O1O2O3U4O5U6U2U5U1O4O6U3O7O8U7U8,c,"{'O1O2O3O4U2O5U6U3U1O7O8U7U8O6U4U5', 'O1O2O3O4U2O5U4U6U1O7O8U7U8U3O6U5'}",2,"<a href=""/flatknot/8.704099"">8.704099</a>",t^9-36t^7-72t^6+34t^5+84t^4-77t^3-98t^2-8t,-t^3+t^2+t,,
8.704100,O1O2O3O4U2O5U6U3U4O7O8U1U7O6U8U5,4,2z^3+24z^2+71z+63,2w^4z^3-8w^4z^2+32w^3z^2-24w^3z+95w^2z+63w,False,False,"[[ 0 -2 -2  0  2  3 -2  0  1],[ 2  0 -2  0  2  4 -1  1  1],[ 2  2  0  1  2  2  0  0  0],[ 0  0 -1  0  1  1 -1  0 -1],[-2 -2 -2 -1  0  0 -2  0 -1],[-3 -4 -2 -1  0  0 -2 -1  0],[ 2  1  0  1  2  2  0  0  0],[ 0 -1  0  0  0  1  0  0  1],[-1 -1  0  1  1  0  0 -1  0]]","[[ 0  3  2  1  0  0 -2 -2 -2],[-3  0  0  0 -1 -1 -2 -2 -4],[-2  0  0 -1  0 -1 -2 -2 -2],[-1  0  1  0 -1  1  0  0 -1],[ 0  1  0  1  0  0  0  0 -1],[ 0  1  1 -1  0  0 -1 -1  0],[ 2  2  2  0  0  1  0  0  2],[ 2  2  2  0  0  1  0  0  1],[ 2  4  2  1  1  0 -2 -1  0]]",True,"[-3,-2,-1,0,0,2,2,2,0,0,1,1,2,2,4,1,0,1,2,2,2,1,-1,0,0,1,0,0,0,1,1,1,0,0,-2,-1]","[-3,-2,-1,0,0,2,2,2,0,0,1,1,2,2,4,1,0,1,2,2,2,1,-1,0,0,1,0,0,0,1,1,1,0,0,-2,-1]",t^8+51t^6+274t^4+51t^2+1,"[-2,-2,-2,0,0,1,2,3,-2,0,1,2,3,2,3,1,2,1,2,2,1,1,2,3,2,3,0,2,1,2,0,2,2,0,2,1]","[-3,-2,-1,0,0,2,2,2,1,2,2,2,1,3,3,0,1,2,2,2,2,2,0,2,3,3,0,2,1,1,1,2,2,-2,-1,0]","[-2,-2,-2,0,0,1,2,3,-2,-1,0,1,1,2,4,0,1,0,0,2,2,1,0,0,2,2,0,-1,1,1,1,0,1,1,0,0]",c,"[[{8, 1}, {2, 7}, {3, 6}, {4, 5}], [{8, 1}, {2, 7}, {3, 6}, {5}, {4}], [{8, 1}, {2, 7}, {4, 6}, {3, 5}], [{8, 1}, {2, 7}, {4, 6}, {5}, {3}], [{8, 1}, {2, 7}, {5, 6}, {3, 4}], [{8, 1}, {2, 7}, {5, 6}, {4}, {3}], [{8, 1}, {2, 7}, {6}, {3, 5}, {4}], [{8, 1}, {2, 7}, {6}, {4, 5}, {3}], [{8, 1}, {2, 7}, {6}, {5}, {3, 4}], [{8, 1}, {2, 7}, {6}, {5}, {4}, {3}], [{8, 1}, {3, 7}, {2, 6}, {4, 5}], [{8, 1}, {3, 7}, {4, 6}, {2, 5}], [{8, 1}, {3, 7}, {5, 6}, {2, 4}], [{8, 1}, {4, 7}, {2, 6}, {3, 5}], [{8, 1}, {4, 7}, {3, 6}, {2, 5}], [{8, 1}, {4, 7}, {3, 6}, {5}, {2}], [{8, 1}, {4, 7}, {5, 6}, {2, 3}], [{8, 1}, {4, 7}, {5, 6}, {3}, {2}], [{8, 1}, {4, 7}, {6}, {3, 5}, {2}], [{8, 1}, {5, 7}, {2, 6}, {3, 4}], [{8, 1}, {5, 7}, {3, 6}, {2, 4}], [{8, 1}, {5, 7}, {4, 6}, {2, 3}], [{8, 1}, {5, 7}, {4, 6}, {3}, {2}], [{8, 1}, {6, 7}, {2, 5}, {3, 4}], [{8, 1}, {6, 7}, {3, 5}, {2, 4}], [{8, 1}, {6, 7}, {4, 5}, {2, 3}], [{8, 1}, {7}, {3, 6}, {5}, {2, 4}], [{8, 1}, {7}, {4, 6}, {2, 5}, {3}], [{8, 1}, {7}, {5, 6}, {2, 4}, {3}], [{8, 1}, {7}, {6}, {3, 5}, {2, 4}], [{8, 2}, {1, 7}, {3, 6}, {4, 5}], [{8, 2}, {1, 7}, {4, 6}, {3, 5}], [{8, 2}, {1, 7}, {5, 6}, {3, 4}], [{8, 2}, {3, 7}, {1, 6}, {4, 5}], [{8, 2}, {3, 7}, {4, 6}, {1, 5}], [{8, 2}, {3, 7}, {5, 6}, {1, 4}], [{8, 2}, {4, 7}, {1, 6}, {3, 5}], [{8, 2}, {4, 7}, {3, 6}, {1, 5}], [{8, 2}, {4, 7}, {5, 6}, {1, 3}], [{8, 2}, {4, 7}, {6}, {5}, {1, 3}], [{8, 2}, {5, 7}, {1, 6}, {3, 4}], [{8, 2}, {5, 7}, {3, 6}, {1, 4}], [{8, 2}, {5, 7}, {4, 6}, {1, 3}], [{8, 2}, {6, 7}, {1, 5}, {3, 4}], [{8, 2}, {6, 7}, {3, 5}, {1, 4}], [{8, 2}, {6, 7}, {3, 5}, {4}, {1}], [{8, 2}, {6, 7}, {4, 5}, {1, 3}], [{8, 2}, {7}, {4, 6}, {1, 5}, {3}], [{8, 2}, {7}, {5, 6}, {1, 4}, {3}], [{8, 3}, {1, 7}, {2, 6}, {4, 5}], [{8, 3}, {1, 7}, {4, 6}, {2, 5}], [{8, 3}, {1, 7}, {5, 6}, {2, 4}], [{8, 3}, {2, 7}, {1, 6}, {4, 5}], [{8, 3}, {2, 7}, {4, 6}, {1, 5}], [{8, 3}, {2, 7}, {4, 6}, {5}, {1}], [{8, 3}, {2, 7}, {5, 6}, {1, 4}], [{8, 3}, {2, 7}, {5, 6}, {4}, {1}], [{8, 3}, {2, 7}, {6}, {4, 5}, {1}], [{8, 3}, {4, 7}, {1, 6}, {2, 5}], [{8, 3}, {4, 7}, {2, 6}, {1, 5}], [{8, 3}, {4, 7}, {2, 6}, {5}, {1}], [{8, 3}, {4, 7}, {5, 6}, {1, 2}], [{8, 3}, {5, 7}, {1, 6}, {2, 4}], [{8, 3}, {5, 7}, {1, 6}, {4}, {2}], [{8, 3}, {5, 7}, {2, 6}, {1, 4}], [{8, 3}, {5, 7}, {4, 6}, {1, 2}], [{8, 3}, {6, 7}, {1, 5}, {2, 4}], [{8, 3}, {6, 7}, {2, 5}, {1, 4}], [{8, 3}, {6, 7}, {4, 5}, {1, 2}], [{8, 3}, {6, 7}, {5}, {4}, {1, 2}], [{8, 3}, {7}, {4, 6}, {1, 5}, {2}], [{8, 4}, {1, 7}, {2, 6}, {3, 5}], [{8, 4}, {1, 7}, {3, 6}, {2, 5}], [{8, 4}, {1, 7}, {5, 6}, {2, 3}], [{8, 4}, {2, 7}, {1, 6}, {3, 5}], [{8, 4}, {2, 7}, {3, 6}, {1, 5}], [{8, 4}, {2, 7}, {5, 6}, {1, 3}], [{8, 4}, {2, 7}, {6}, {3, 5}, {1}], [{8, 4}, {3, 7}, {1, 6}, {2, 5}], [{8, 4}, {3, 7}, {2, 6}, {1, 5}], [{8, 4}, {3, 7}, {5, 6}, {1, 2}], [{8, 4}, {3, 7}, {6}, {5}, {1, 2}], [{8, 4}, {5, 7}, {1, 6}, {2, 3}], [{8, 4}, {5, 7}, {1, 6}, {3}, {2}], [{8, 4}, {5, 7}, {2, 6}, {1, 3}], [{8, 4}, {5, 7}, {3, 6}, {1, 2}], [{8, 4}, {6, 7}, {1, 5}, {2, 3}], [{8, 4}, {6, 7}, {2, 5}, {1, 3}], [{8, 4}, {6, 7}, {3, 5}, {1, 2}], [{8, 4}, {7}, {3, 6}, {2, 5}, {1}], [{8, 5}, {1, 7}, {2, 6}, {3, 4}], [{8, 5}, {1, 7}, {2, 6}, {4}, {3}], [{8, 5}, {1, 7}, {3, 6}, {2, 4}], [{8, 5}, {1, 7}, {4, 6}, {2, 3}], [{8, 5}, {2, 7}, {1, 6}, {3, 4}], [{8, 5}, {2, 7}, {3, 6}, {1, 4}], [{8, 5}, {2, 7}, {4, 6}, {1, 3}], [{8, 5}, {3, 7}, {1, 6}, {2, 4}], [{8, 5}, {3, 7}, {1, 6}, {4}, {2}], [{8, 5}, {3, 7}, {2, 6}, {1, 4}], [{8, 5}, {3, 7}, {2, 6}, {4}, {1}], [{8, 5}, {3, 7}, {4, 6}, {1, 2}], [{8, 5}, {3, 7}, {4, 6}, {2}, {1}], [{8, 5}, {3, 7}, {6}, {1, 4}, {2}], [{8, 5}, {3, 7}, {6}, {2, 4}, {1}], [{8, 5}, {3, 7}, {6}, {4}, {1, 2}], [{8, 5}, {4, 7}, {1, 6}, {2, 3}], [{8, 5}, {4, 7}, {2, 6}, {1, 3}], [{8, 5}, {4, 7}, {2, 6}, {3}, {1}], [{8, 5}, {4, 7}, {3, 6}, {1, 2}], [{8, 5}, {6, 7}, {1, 4}, {2, 3}], [{8, 5}, {6, 7}, {2, 4}, {1, 3}], [{8, 5}, {6, 7}, {3, 4}, {1, 2}], [{8, 5}, {7}, {1, 6}, {2, 4}, {3}], [{8, 5}, {7}, {2, 6}, {1, 4}, {3}], [{8, 5}, {7}, {2, 6}, {3, 4}, {1}], [{8, 5}, {7}, {2, 6}, {4}, {1, 3}], [{8, 5}, {7}, {2, 6}, {4}, {3}, {1}], [{8, 5}, {7}, {4, 6}, {3}, {1, 2}], [{8, 6}, {1, 7}, {2, 5}, {3, 4}], [{8, 6}, {1, 7}, {2, 5}, {4}, {3}], [{8, 6}, {1, 7}, {3, 5}, {2, 4}], [{8, 6}, {1, 7}, {4, 5}, {2, 3}], [{8, 6}, {1, 7}, {5}, {3, 4}, {2}], [{8, 6}, {2, 7}, {1, 5}, {3, 4}], [{8, 6}, {2, 7}, {3, 5}, {1, 4}], [{8, 6}, {2, 7}, {4, 5}, {1, 3}], [{8, 6}, {3, 7}, {1, 5}, {2, 4}], [{8, 6}, {3, 7}, {2, 5}, {1, 4}], [{8, 6}, {3, 7}, {4, 5}, {1, 2}], [{8, 6}, {4, 7}, {1, 5}, {2, 3}], [{8, 6}, {4, 7}, {2, 5}, {1, 3}], [{8, 6}, {4, 7}, {2, 5}, {3}, {1}], [{8, 6}, {4, 7}, {3, 5}, {1, 2}], [{8, 6}, {5, 7}, {1, 4}, {2, 3}], [{8, 6}, {5, 7}, {2, 4}, {1, 3}], [{8, 6}, {5, 7}, {3, 4}, {1, 2}], [{8, 6}, {5, 7}, {4}, {3}, {1, 2}], [{8, 6}, {7}, {1, 5}, {2, 4}, {3}], [{8, 6}, {7}, {2, 5}, {1, 4}, {3}], [{8, 6}, {7}, {4, 5}, {1, 3}, {2}], [{8, 7}, {1, 6}, {2, 5}, {3, 4}], [{8, 7}, {1, 6}, {3, 5}, {2, 4}], [{8, 7}, {1, 6}, {4, 5}, {2, 3}], [{8, 7}, {2, 6}, {1, 5}, {3, 4}], [{8, 7}, {2, 6}, {3, 5}, {1, 4}], [{8, 7}, {2, 6}, {4, 5}, {1, 3}], [{8, 7}, {3, 6}, {1, 5}, {2, 4}], [{8, 7}, {3, 6}, {2, 5}, {1, 4}], [{8, 7}, {3, 6}, {4, 5}, {1, 2}], [{8, 7}, {4, 6}, {1, 5}, {2, 3}], [{8, 7}, {4, 6}, {2, 5}, {1, 3}], [{8, 7}, {4, 6}, {3, 5}, {1, 2}], [{8, 7}, {5, 6}, {1, 4}, {2, 3}], [{8, 7}, {5, 6}, {2, 4}, {1, 3}], [{8, 7}, {5, 6}, {2, 4}, {3}, {1}], [{8, 7}, {5, 6}, {3, 4}, {1, 2}], [{8, 7}, {6}, {2, 5}, {1, 4}, {3}], [{8, 7}, {6}, {2, 5}, {3, 4}, {1}], [{8, 7}, {6}, {2, 5}, {4}, {1, 3}], [{8}, {1, 7}, {5, 6}, {2, 4}, {3}], [{8}, {2, 7}, {4, 6}, {5}, {1, 3}], [{8}, {2, 7}, {5, 6}, {4}, {1, 3}], [{8}, {2, 7}, {6}, {3, 5}, {1, 4}], [{8}, {2, 7}, {6}, {4, 5}, {1, 3}], [{8}, {3, 7}, {6}, {4, 5}, {1, 2}], [{8}, {4, 7}, {2, 6}, {3, 5}, {1}], [{8}, {5, 7}, {1, 6}, {3, 4}, {2}], [{8}, {6, 7}, {2, 5}, {1, 4}, {3}], [{8}, {7}, {4, 6}, {1, 5}, {2, 3}]]",2,24 K_1^3 + 4 K_1^2 K_2 - 10 K_1^2 - 18 K_1 K_2 - 2 K_1 K_3 - 9 K_1 - 2 K_2^2 + 4 K_2 + 3 K_3 + K_4 + 6,O1O2O3O4U5U6O7U8U4O6O8U1U2U7O5U3,O1O2O3U4U5O6O4U1O5O7U6U8U2U3O8U7,O1O2O3U4O5U1U2U5U6O4O7U3O8O6U7U8,c,{'O1O2O3O4U2O5U6U3U4O7O8U1U7O6U8U5'},1,"<a href=""/flatknot/8.704100"">8.704100</a>",t^9-49t^7-124t^6+142t^5+428t^4-14t^3-422t^2-94t+8,-t^3+2t^2-t,,
8.704101,O1O2O3O4U2O5U6U3U4O7O8U1U8O6U7U5,4,4z^3+36z^2+93z+75,4w^4z^3+36w^3z^2+93w^2z+75w,False,False,"[[ 0 -2 -2  0  2  3 -2  0  1],[ 2  0 -2  0  2  4 -1  1  1],[ 2  2  0  1  2  2  0  0  0],[ 0  0 -1  0  1  1 -1 -1  0],[-2 -2 -2 -1  0  0 -2 -1  0],[-3 -4 -2 -1  0  0 -2 -1  0],[ 2  1  0  1  2  2  0  0  1],[ 0 -1  0  1  1  1  0  0  0],[-1 -1  0  0  0  0 -1  0  0]]","[[ 0  3  2  1  0  0 -2 -2 -2],[-3  0  0  0 -1 -1 -2 -2 -4],[-2  0  0  0 -1 -1 -2 -2 -2],[-1  0  0  0  0  0  0 -1 -1],[ 0  1  1  0  0  1  0  0 -1],[ 0  1  1  0 -1  0 -1 -1  0],[ 2  2  2  0  0  1  0  0  2],[ 2  2  2  1  0  1  0  0  1],[ 2  4  2  1  1  0 -2 -1  0]]",True,"[-3,-2,-1,0,0,2,2,2,0,0,1,1,2,2,4,0,1,1,2,2,2,0,0,0,1,1,-1,0,0,1,1,1,0,0,-2,-1]","[-3,-2,-1,0,0,2,2,2,0,0,1,1,2,2,4,0,1,1,2,2,2,0,0,0,1,1,-1,0,0,1,1,1,0,0,-2,-1]",t^8+51t^6+202t^4+103t^2+4,"[-2,-2,-2,0,0,1,2,3,-2,0,1,2,3,2,3,1,2,1,2,2,1,1,2,2,2,3,1,1,1,2,1,1,2,1,2,1]","[-3,-2,-1,0,0,2,2,2,1,2,2,2,1,3,3,1,1,1,2,2,2,1,1,2,2,3,-1,2,1,1,1,2,2,-1,-2,0]","[-2,-2,-2,0,0,1,2,3,-2,-1,0,1,1,2,4,0,1,0,0,2,2,1,0,1,2,2,-1,0,1,1,0,1,1,0,0,0]",c,"[[{8, 1}, {4, 7}, {3, 6}, {2, 5}], [{8, 1}, {4, 7}, {5, 6}, {2, 3}], [{8, 5}, {4, 7}, {1, 6}, {2, 3}]]",1,- 8 K_1^4 + 16 K_1^3 + 20 K_1^2 K_2 - 14 K_1^2 - 14 K_1 K_2 - 10 K_1 K_3 - 5 K_1 + 6 K_2 + 3 K_3 + K_4 + 6,O1O2O3O4U5U6O7U8U4O8O6U1U2U7O5U3,O1O2O3U4U5O6O5U1O4O7U6U8U2U3O8U7,O1O2O3U4O5U1U2U5U6O4O7U3O8O6U8U7,c,{'O1O2O3O4U2O5U6U3U4O7O8U1U8O6U7U5'},1,"<a href=""/flatknot/8.704101"">8.704101</a>",t^9-49t^7-130t^6+84t^5+282t^4-78t^3-180t^2+32t+34,-t^3+2t^2-t,,
8.704102,O1O2O3O4U2O5U6U3U4O7O8U5U1O6U7U8,4,9z^3+52z^2+102z+69,-4w^5z^3+13w^4z^3-8w^4z^2+60w^3z^2+102w^2z+69w,False,False,"[[ 0 -1 -2  0  2  1 -2  0  2],[ 1  0 -2 -1  1  2 -2  1  2],[ 2  2  0  1  2  2  0  0  0],[ 0  1 -1  0  1  2 -2  0  0],[-2 -1 -2 -1  0  1 -3  0  0],[-1 -2 -2 -2 -1  0 -1  0  1],[ 2  2  0  2  3  1  0  0  1],[ 0 -1  0  0  0  0  0  0  1],[-2 -2  0  0  0 -1 -1 -1  0]]","[[ 0  2  2  1  0  0 -1 -2 -2],[-2  0  0  1  0 -1 -1 -2 -3],[-2  0  0 -1 -1  0 -2  0 -1],[-1 -1  1  0  0 -2 -2 -2 -1],[ 0  0  1  0  0  0 -1  0  0],[ 0  1  0  2  0  0  1 -1 -2],[ 1  1  2  2  1 -1  0 -2 -2],[ 2  2  0  2  0  1  2  0  0],[ 2  3  1  1  0  2  2  0  0]]",True,"[-2,-2,-1,0,0,1,2,2,0,-1,0,1,1,2,3,1,1,0,2,0,1,0,2,2,2,1,0,1,0,0,-1,1,2,2,2,0]","[-2,-2,-1,0,0,1,2,2,0,-1,0,1,1,2,3,1,1,0,2,0,1,0,2,2,2,1,0,1,0,0,-1,1,2,2,2,0]",t^8+51t^6+295t^4+184t^2+9,"[-2,-2,-1,0,0,1,2,2,0,-1,0,2,2,1,3,-1,1,2,1,2,4,2,0,0,2,1,0,-1,1,2,1,2,1,2,0,0]","[-2,-2,-1,0,0,1,2,2,0,0,1,2,1,3,4,2,2,1,2,1,2,1,-1,0,2,1,0,0,2,2,2,0,1,-1,-1,0]","[-2,-2,-1,0,0,1,2,2,0,2,0,1,2,0,2,2,0,2,1,1,3,1,-1,2,2,1,0,0,1,0,2,0,1,1,-1,0]",c,"[[{8, 1}, {2, 7}, {3, 6}, {4, 5}], [{8, 1}, {2, 7}, {4, 6}, {3, 5}], [{8, 1}, {2, 7}, {4, 6}, {5}, {3}], [{8, 1}, {2, 7}, {5, 6}, {3, 4}], [{8, 1}, {3, 7}, {2, 6}, {4, 5}], [{8, 1}, {3, 7}, {4, 6}, {2, 5}], [{8, 1}, {3, 7}, {4, 6}, {5}, {2}], [{8, 1}, {3, 7}, {5, 6}, {2, 4}], [{8, 1}, {3, 7}, {6}, {2, 5}, {4}], [{8, 1}, {4, 7}, {2, 6}, {3, 5}], [{8, 1}, {4, 7}, {3, 6}, {2, 5}], [{8, 1}, {4, 7}, {5, 6}, {2, 3}], [{8, 1}, {4, 7}, {6}, {2, 5}, {3}], [{8, 1}, {5, 7}, {2, 6}, {3, 4}], [{8, 1}, {5, 7}, {3, 6}, {2, 4}], [{8, 1}, {5, 7}, {4, 6}, {2, 3}], [{8, 1}, {5, 7}, {4, 6}, {3}, {2}], [{8, 1}, {6, 7}, {2, 5}, {3, 4}], [{8, 1}, {6, 7}, {2, 5}, {4}, {3}], [{8, 1}, {6, 7}, {3, 5}, {2, 4}], [{8, 1}, {6, 7}, {4, 5}, {2, 3}], [{8, 1}, {7}, {2, 6}, {3, 5}, {4}], [{8, 1}, {7}, {2, 6}, {4, 5}, {3}], [{8, 1}, {7}, {2, 6}, {5}, {3, 4}], [{8, 1}, {7}, {3, 6}, {2, 5}, {4}], [{8, 1}, {7}, {3, 6}, {4, 5}, {2}], [{8, 1}, {7}, {3, 6}, {5}, {2, 4}], [{8, 1}, {7}, {4, 6}, {2, 5}, {3}], [{8, 1}, {7}, {4, 6}, {3, 5}, {2}], [{8, 1}, {7}, {4, 6}, {5}, {2, 3}], [{8, 1}, {7}, {4, 6}, {5}, {3}, {2}], [{8, 1}, {7}, {5, 6}, {2, 4}, {3}], [{8, 1}, {7}, {5, 6}, {3, 4}, {2}], [{8, 1}, {7}, {5, 6}, {4}, {2, 3}], [{8, 1}, {7}, {6}, {2, 5}, {3, 4}], [{8, 1}, {7}, {6}, {2, 5}, {4}, {3}], [{8, 1}, {7}, {6}, {3, 5}, {2, 4}], [{8, 1}, {7}, {6}, {4, 5}, {2, 3}], [{8, 2}, {1, 7}, {3, 6}, {4, 5}], [{8, 2}, {1, 7}, {4, 6}, {3, 5}], [{8, 2}, {1, 7}, {4, 6}, {5}, {3}], [{8, 2}, {1, 7}, {5, 6}, {3, 4}], [{8, 2}, {3, 7}, {1, 6}, {4, 5}], [{8, 2}, {3, 7}, {4, 6}, {1, 5}], [{8, 2}, {3, 7}, {5, 6}, {1, 4}], [{8, 2}, {3, 7}, {5, 6}, {4}, {1}], [{8, 2}, {4, 7}, {1, 6}, {3, 5}], [{8, 2}, {4, 7}, {3, 6}, {1, 5}], [{8, 2}, {4, 7}, {5, 6}, {1, 3}], [{8, 2}, {5, 7}, {1, 6}, {3, 4}], [{8, 2}, {5, 7}, {1, 6}, {4}, {3}], [{8, 2}, {5, 7}, {3, 6}, {1, 4}], [{8, 2}, {5, 7}, {3, 6}, {4}, {1}], [{8, 2}, {5, 7}, {4, 6}, {1, 3}], [{8, 2}, {5, 7}, {4, 6}, {3}, {1}], [{8, 2}, {5, 7}, {6}, {1, 4}, {3}], [{8, 2}, {5, 7}, {6}, {3, 4}, {1}], [{8, 2}, {5, 7}, {6}, {4}, {1, 3}], [{8, 2}, {5, 7}, {6}, {4}, {3}, {1}], [{8, 2}, {6, 7}, {1, 5}, {3, 4}], [{8, 2}, {6, 7}, {3, 5}, {1, 4}], [{8, 2}, {6, 7}, {3, 5}, {4}, {1}], [{8, 2}, {6, 7}, {4, 5}, {1, 3}], [{8, 2}, {7}, {4, 6}, {1, 5}, {3}], [{8, 3}, {1, 7}, {2, 6}, {4, 5}], [{8, 3}, {1, 7}, {4, 6}, {2, 5}], [{8, 3}, {1, 7}, {5, 6}, {2, 4}], [{8, 3}, {2, 7}, {1, 6}, {4, 5}], [{8, 3}, {2, 7}, {4, 6}, {1, 5}], [{8, 3}, {2, 7}, {5, 6}, {1, 4}], [{8, 3}, {2, 7}, {6}, {1, 5}, {4}], [{8, 3}, {4, 7}, {1, 6}, {2, 5}], [{8, 3}, {4, 7}, {1, 6}, {5}, {2}], [{8, 3}, {4, 7}, {2, 6}, {1, 5}], [{8, 3}, {4, 7}, {5, 6}, {1, 2}], [{8, 3}, {4, 7}, {6}, {2, 5}, {1}], [{8, 3}, {5, 7}, {1, 6}, {2, 4}], [{8, 3}, {5, 7}, {2, 6}, {1, 4}], [{8, 3}, {5, 7}, {4, 6}, {1, 2}], [{8, 3}, {6, 7}, {1, 5}, {2, 4}], [{8, 3}, {6, 7}, {2, 5}, {1, 4}], [{8, 3}, {6, 7}, {4, 5}, {1, 2}], [{8, 3}, {6, 7}, {5}, {2, 4}, {1}], [{8, 4}, {1, 7}, {2, 6}, {3, 5}], [{8, 4}, {1, 7}, {3, 6}, {2, 5}], [{8, 4}, {1, 7}, {5, 6}, {2, 3}], [{8, 4}, {2, 7}, {1, 6}, {3, 5}], [{8, 4}, {2, 7}, {3, 6}, {1, 5}], [{8, 4}, {2, 7}, {5, 6}, {1, 3}], [{8, 4}, {2, 7}, {6}, {1, 5}, {3}], [{8, 4}, {3, 7}, {1, 6}, {2, 5}], [{8, 4}, {3, 7}, {2, 6}, {1, 5}], [{8, 4}, {3, 7}, {5, 6}, {1, 2}], [{8, 4}, {5, 7}, {1, 6}, {2, 3}], [{8, 4}, {5, 7}, {2, 6}, {1, 3}], [{8, 4}, {5, 7}, {3, 6}, {1, 2}], [{8, 4}, {5, 7}, {6}, {1, 3}, {2}], [{8, 4}, {6, 7}, {1, 5}, {2, 3}], [{8, 4}, {6, 7}, {2, 5}, {1, 3}], [{8, 4}, {6, 7}, {3, 5}, {1, 2}], [{8, 4}, {6, 7}, {5}, {3}, {1, 2}], [{8, 5}, {1, 7}, {2, 6}, {3, 4}], [{8, 5}, {1, 7}, {3, 6}, {2, 4}], [{8, 5}, {1, 7}, {4, 6}, {2, 3}], [{8, 5}, {1, 7}, {4, 6}, {3}, {2}], [{8, 5}, {2, 7}, {1, 6}, {3, 4}], [{8, 5}, {2, 7}, {3, 6}, {1, 4}], [{8, 5}, {2, 7}, {4, 6}, {1, 3}], [{8, 5}, {2, 7}, {4, 6}, {3}, {1}], [{8, 5}, {3, 7}, {1, 6}, {2, 4}], [{8, 5}, {3, 7}, {2, 6}, {1, 4}], [{8, 5}, {3, 7}, {4, 6}, {1, 2}], [{8, 5}, {4, 7}, {1, 6}, {2, 3}], [{8, 5}, {4, 7}, {2, 6}, {1, 3}], [{8, 5}, {4, 7}, {3, 6}, {1, 2}], [{8, 5}, {6, 7}, {1, 4}, {2, 3}], [{8, 5}, {6, 7}, {2, 4}, {1, 3}], [{8, 5}, {6, 7}, {3, 4}, {1, 2}], [{8, 5}, {7}, {1, 6}, {2, 4}, {3}], [{8, 5}, {7}, {4, 6}, {3}, {1, 2}], [{8, 6}, {1, 7}, {2, 5}, {3, 4}], [{8, 6}, {1, 7}, {3, 5}, {2, 4}], [{8, 6}, {1, 7}, {4, 5}, {2, 3}], [{8, 6}, {2, 7}, {1, 5}, {3, 4}], [{8, 6}, {2, 7}, {1, 5}, {4}, {3}], [{8, 6}, {2, 7}, {3, 5}, {1, 4}], [{8, 6}, {2, 7}, {4, 5}, {1, 3}], [{8, 6}, {3, 7}, {1, 5}, {2, 4}], [{8, 6}, {3, 7}, {2, 5}, {1, 4}], [{8, 6}, {3, 7}, {4, 5}, {1, 2}], [{8, 6}, {4, 7}, {1, 5}, {2, 3}], [{8, 6}, {4, 7}, {1, 5}, {3}, {2}], [{8, 6}, {4, 7}, {2, 5}, {1, 3}], [{8, 6}, {4, 7}, {3, 5}, {1, 2}], [{8, 6}, {4, 7}, {5}, {2, 3}, {1}], [{8, 6}, {5, 7}, {1, 4}, {2, 3}], [{8, 6}, {5, 7}, {1, 4}, {3}, {2}], [{8, 6}, {5, 7}, {2, 4}, {1, 3}], [{8, 6}, {5, 7}, {3, 4}, {1, 2}], [{8, 6}, {7}, {1, 5}, {2, 4}, {3}], [{8, 7}, {1, 6}, {2, 5}, {3, 4}], [{8, 7}, {1, 6}, {3, 5}, {2, 4}], [{8, 7}, {1, 6}, {4, 5}, {2, 3}], [{8, 7}, {2, 6}, {1, 5}, {3, 4}], [{8, 7}, {2, 6}, {3, 5}, {1, 4}], [{8, 7}, {2, 6}, {4, 5}, {1, 3}], [{8, 7}, {3, 6}, {1, 5}, {2, 4}], [{8, 7}, {3, 6}, {2, 5}, {1, 4}], [{8, 7}, {3, 6}, {4, 5}, {1, 2}], [{8, 7}, {3, 6}, {5}, {2, 4}, {1}], [{8, 7}, {4, 6}, {1, 5}, {2, 3}], [{8, 7}, {4, 6}, {1, 5}, {3}, {2}], [{8, 7}, {4, 6}, {2, 5}, {1, 3}], [{8, 7}, {4, 6}, {2, 5}, {3}, {1}], [{8, 7}, {4, 6}, {3, 5}, {1, 2}], [{8, 7}, {4, 6}, {5}, {3}, {1, 2}], [{8, 7}, {5, 6}, {1, 4}, {2, 3}], [{8, 7}, {5, 6}, {2, 4}, {1, 3}], [{8, 7}, {5, 6}, {2, 4}, {3}, {1}], [{8, 7}, {5, 6}, {3, 4}, {1, 2}], [{8, 7}, {6}, {3, 5}, {2, 4}, {1}], [{8, 7}, {6}, {5}, {1, 4}, {2, 3}], [{8}, {1, 7}, {3, 6}, {5}, {2, 4}], [{8}, {1, 7}, {4, 6}, {2, 5}, {3}], [{8}, {1, 7}, {5, 6}, {2, 4}, {3}], [{8}, {1, 7}, {6}, {3, 5}, {2, 4}], [{8}, {2, 7}, {1, 6}, {3, 5}, {4}], [{8}, {2, 7}, {3, 6}, {1, 5}, {4}], [{8}, {2, 7}, {4, 6}, {1, 5}, {3}], [{8}, {2, 7}, {5, 6}, {4}, {1, 3}], [{8}, {2, 7}, {6}, {1, 5}, {3, 4}], [{8}, {2, 7}, {6}, {1, 5}, {4}, {3}], [{8}, {3, 7}, {1, 6}, {4, 5}, {2}], [{8}, {4, 7}, {3, 6}, {5}, {1, 2}], [{8}, {4, 7}, {5, 6}, {3}, {1, 2}], [{8}, {4, 7}, {6}, {2, 5}, {1, 3}], [{8}, {4, 7}, {6}, {3, 5}, {1, 2}], [{8}, {5, 7}, {2, 6}, {1, 4}, {3}], [{8}, {5, 7}, {4, 6}, {3}, {1, 2}], [{8}, {5, 7}, {6}, {2, 4}, {1, 3}]]",2,- 8 K_1^4 + 16 K_1^3 + 20 K_1^2 K_2 - 14 K_1^2 - 12 K_1 K_2 - 10 K_1 K_3 - 6 K_1 + 6 K_2 + 2 K_3 + K_4 + 6,O1O2O3O4U5U6O7U4U8O5O6U1U2U7O8U3,O1O2O3U4U5O6O7U1O4O5U7U8U2U3O8U6,O1O2O3U4O5U1U2U5U6O7O8U3O6O4U7U8,c,{'O1O2O3O4U2O5U6U3U4O7O8U5U1O6U7U8'},1,"<a href=""/flatknot/8.704102"">8.704102</a>",t^9-51t^7-150t^6+3t^5+388t^4+463t^3+64t^2-220t+20,0,,
8.704103,O1O2O3O4U2O5U6U3U4O7O8U5U7O6U1U8,3,16z^2+65z+67,-8w^4z^2+24w^3z^2-28w^3z+93w^2z+67w,False,False,"[[ 0 -1 -2  0  2  1 -2  0  2],[ 1  0 -2  0  2  2 -2  1  2],[ 2  2  0  1  2  2  0  0  0],[ 0  0 -1  0  1  2 -2  1  0],[-2 -2 -2 -1  0  1 -3  1  0],[-1 -2 -2 -2 -1  0 -2  1  1],[ 2  2  0  2  3  2  0  0  1],[ 0 -1  0 -1 -1 -1  0  0  1],[-2 -2  0  0  0 -1 -1 -1  0]]","[[ 0  2  2  1  0  0 -1 -2 -2],[-2  0  0  1  1 -1 -2 -2 -3],[-2  0  0 -1 -1  0 -2  0 -1],[-1 -1  1  0  1 -2 -2 -2 -2],[ 0 -1  1 -1  0 -1 -1  0  0],[ 0  1  0  2  1  0  0 -1 -2],[ 1  2  2  2  1  0  0 -2 -2],[ 2  2  0  2  0  1  2  0  0],[ 2  3  1  2  0  2  2  0  0]]",True,"[-2,-2,-1,0,0,1,2,2,0,-1,-1,1,2,2,3,1,1,0,2,0,1,-1,2,2,2,2,1,1,0,0,0,1,2,2,2,0]","[-2,-2,-1,0,0,1,2,2,0,-1,-1,1,2,2,3,1,1,0,2,0,1,-1,2,2,2,2,1,1,0,0,0,1,2,2,2,0]",t^8+59t^6+277t^4+65t^2,"[-2,-2,-1,0,0,1,2,2,0,-1,0,2,1,1,3,-1,1,2,1,2,4,1,0,0,1,1,-1,-1,1,2,2,3,1,2,0,0]","[-2,-2,-1,0,0,1,2,2,0,0,1,2,1,3,4,2,3,1,1,1,2,2,-1,0,1,1,-1,0,2,2,1,0,1,-1,-1,0]","[-2,-2,-1,0,0,1,2,2,0,2,0,1,2,0,2,2,0,2,2,1,3,1,0,2,2,2,-1,-1,1,-1,2,0,1,1,-1,0]",c,"[[{8, 1}, {2, 7}, {3, 6}, {4, 5}], [{8, 1}, {2, 7}, {4, 6}, {3, 5}], [{8, 1}, {2, 7}, {5, 6}, {3, 4}], [{8, 1}, {3, 7}, {2, 6}, {4, 5}], [{8, 1}, {3, 7}, {2, 6}, {5}, {4}], [{8, 1}, {3, 7}, {4, 6}, {2, 5}], [{8, 1}, {3, 7}, {5, 6}, {2, 4}], [{8, 1}, {4, 7}, {2, 6}, {3, 5}], [{8, 1}, {4, 7}, {2, 6}, {5}, {3}], [{8, 1}, {4, 7}, {3, 6}, {2, 5}], [{8, 1}, {4, 7}, {3, 6}, {5}, {2}], [{8, 1}, {4, 7}, {5, 6}, {2, 3}], [{8, 1}, {4, 7}, {6}, {5}, {2, 3}], [{8, 1}, {5, 7}, {2, 6}, {3, 4}], [{8, 1}, {5, 7}, {2, 6}, {4}, {3}], [{8, 1}, {5, 7}, {3, 6}, {2, 4}], [{8, 1}, {5, 7}, {4, 6}, {2, 3}], [{8, 1}, {6, 7}, {2, 5}, {3, 4}], [{8, 1}, {6, 7}, {3, 5}, {2, 4}], [{8, 1}, {6, 7}, {4, 5}, {2, 3}], [{8, 1}, {7}, {2, 6}, {3, 5}, {4}], [{8, 1}, {7}, {2, 6}, {4, 5}, {3}], [{8, 1}, {7}, {2, 6}, {5}, {3, 4}], [{8, 1}, {7}, {2, 6}, {5}, {4}, {3}], [{8, 1}, {7}, {4, 6}, {2, 5}, {3}], [{8, 1}, {7}, {5, 6}, {2, 4}, {3}], [{8, 2}, {1, 7}, {3, 6}, {4, 5}], [{8, 2}, {1, 7}, {4, 6}, {3, 5}], [{8, 2}, {1, 7}, {5, 6}, {3, 4}], [{8, 2}, {1, 7}, {5, 6}, {4}, {3}], [{8, 2}, {3, 7}, {1, 6}, {4, 5}], [{8, 2}, {3, 7}, {4, 6}, {1, 5}], [{8, 2}, {3, 7}, {5, 6}, {1, 4}], [{8, 2}, {3, 7}, {5, 6}, {4}, {1}], [{8, 2}, {4, 7}, {1, 6}, {3, 5}], [{8, 2}, {4, 7}, {3, 6}, {1, 5}], [{8, 2}, {4, 7}, {5, 6}, {1, 3}], [{8, 2}, {4, 7}, {5, 6}, {3}, {1}], [{8, 2}, {5, 7}, {1, 6}, {3, 4}], [{8, 2}, {5, 7}, {3, 6}, {1, 4}], [{8, 2}, {5, 7}, {4, 6}, {1, 3}], [{8, 2}, {6, 7}, {1, 5}, {3, 4}], [{8, 2}, {6, 7}, {3, 5}, {1, 4}], [{8, 2}, {6, 7}, {4, 5}, {1, 3}], [{8, 2}, {7}, {1, 6}, {4, 5}, {3}], [{8, 2}, {7}, {4, 6}, {1, 5}, {3}], [{8, 2}, {7}, {5, 6}, {1, 4}, {3}], [{8, 2}, {7}, {5, 6}, {3, 4}, {1}], [{8, 2}, {7}, {5, 6}, {4}, {1, 3}], [{8, 2}, {7}, {5, 6}, {4}, {3}, {1}], [{8, 3}, {1, 7}, {2, 6}, {4, 5}], [{8, 3}, {1, 7}, {4, 6}, {2, 5}], [{8, 3}, {1, 7}, {5, 6}, {2, 4}], [{8, 3}, {2, 7}, {1, 6}, {4, 5}], [{8, 3}, {2, 7}, {4, 6}, {1, 5}], [{8, 3}, {2, 7}, {5, 6}, {1, 4}], [{8, 3}, {2, 7}, {5, 6}, {4}, {1}], [{8, 3}, {4, 7}, {1, 6}, {2, 5}], [{8, 3}, {4, 7}, {2, 6}, {1, 5}], [{8, 3}, {4, 7}, {5, 6}, {1, 2}], [{8, 3}, {4, 7}, {5, 6}, {2}, {1}], [{8, 3}, {5, 7}, {1, 6}, {2, 4}], [{8, 3}, {5, 7}, {2, 6}, {1, 4}], [{8, 3}, {5, 7}, {4, 6}, {1, 2}], [{8, 3}, {6, 7}, {1, 5}, {2, 4}], [{8, 3}, {6, 7}, {2, 5}, {1, 4}], [{8, 3}, {6, 7}, {4, 5}, {1, 2}], [{8, 3}, {7}, {2, 6}, {1, 5}, {4}], [{8, 3}, {7}, {4, 6}, {2, 5}, {1}], [{8, 3}, {7}, {5, 6}, {2, 4}, {1}], [{8, 4}, {1, 7}, {2, 6}, {3, 5}], [{8, 4}, {1, 7}, {3, 6}, {2, 5}], [{8, 4}, {1, 7}, {5, 6}, {2, 3}], [{8, 4}, {1, 7}, {5, 6}, {3}, {2}], [{8, 4}, {2, 7}, {1, 6}, {3, 5}], [{8, 4}, {2, 7}, {3, 6}, {1, 5}], [{8, 4}, {2, 7}, {5, 6}, {1, 3}], [{8, 4}, {2, 7}, {5, 6}, {3}, {1}], [{8, 4}, {3, 7}, {1, 6}, {2, 5}], [{8, 4}, {3, 7}, {2, 6}, {1, 5}], [{8, 4}, {3, 7}, {5, 6}, {1, 2}], [{8, 4}, {3, 7}, {5, 6}, {2}, {1}], [{8, 4}, {5, 7}, {1, 6}, {2, 3}], [{8, 4}, {5, 7}, {2, 6}, {1, 3}], [{8, 4}, {5, 7}, {3, 6}, {1, 2}], [{8, 4}, {6, 7}, {1, 5}, {2, 3}], [{8, 4}, {6, 7}, {2, 5}, {1, 3}], [{8, 4}, {6, 7}, {3, 5}, {1, 2}], [{8, 4}, {7}, {1, 6}, {2, 5}, {3}], [{8, 4}, {7}, {2, 6}, {1, 5}, {3}], [{8, 4}, {7}, {5, 6}, {1, 3}, {2}], [{8, 4}, {7}, {5, 6}, {2, 3}, {1}], [{8, 4}, {7}, {5, 6}, {3}, {1, 2}], [{8, 4}, {7}, {5, 6}, {3}, {2}, {1}], [{8, 5}, {1, 7}, {2, 6}, {3, 4}], [{8, 5}, {1, 7}, {2, 6}, {4}, {3}], [{8, 5}, {1, 7}, {3, 6}, {2, 4}], [{8, 5}, {1, 7}, {4, 6}, {2, 3}], [{8, 5}, {2, 7}, {1, 6}, {3, 4}], [{8, 5}, {2, 7}, {3, 6}, {1, 4}], [{8, 5}, {2, 7}, {4, 6}, {1, 3}], [{8, 5}, {3, 7}, {1, 6}, {2, 4}], [{8, 5}, {3, 7}, {2, 6}, {1, 4}], [{8, 5}, {3, 7}, {2, 6}, {4}, {1}], [{8, 5}, {3, 7}, {4, 6}, {1, 2}], [{8, 5}, {4, 7}, {1, 6}, {2, 3}], [{8, 5}, {4, 7}, {2, 6}, {1, 3}], [{8, 5}, {4, 7}, {2, 6}, {3}, {1}], [{8, 5}, {4, 7}, {3, 6}, {1, 2}], [{8, 5}, {4, 7}, {3, 6}, {2}, {1}], [{8, 5}, {4, 7}, {6}, {2, 3}, {1}], [{8, 5}, {6, 7}, {1, 4}, {2, 3}], [{8, 5}, {6, 7}, {2, 4}, {1, 3}], [{8, 5}, {6, 7}, {3, 4}, {1, 2}], [{8, 5}, {7}, {1, 6}, {2, 4}, {3}], [{8, 5}, {7}, {2, 6}, {1, 4}, {3}], [{8, 5}, {7}, {2, 6}, {3, 4}, {1}], [{8, 5}, {7}, {2, 6}, {4}, {1, 3}], [{8, 5}, {7}, {2, 6}, {4}, {3}, {1}], [{8, 5}, {7}, {4, 6}, {3}, {1, 2}], [{8, 6}, {1, 7}, {2, 5}, {3, 4}], [{8, 6}, {1, 7}, {3, 5}, {2, 4}], [{8, 6}, {1, 7}, {4, 5}, {2, 3}], [{8, 6}, {2, 7}, {1, 5}, {3, 4}], [{8, 6}, {2, 7}, {3, 5}, {1, 4}], [{8, 6}, {2, 7}, {4, 5}, {1, 3}], [{8, 6}, {3, 7}, {1, 5}, {2, 4}], [{8, 6}, {3, 7}, {2, 5}, {1, 4}], [{8, 6}, {3, 7}, {4, 5}, {1, 2}], [{8, 6}, {3, 7}, {5}, {4}, {1, 2}], [{8, 6}, {4, 7}, {1, 5}, {2, 3}], [{8, 6}, {4, 7}, {2, 5}, {1, 3}], [{8, 6}, {4, 7}, {3, 5}, {1, 2}], [{8, 6}, {4, 7}, {5}, {1, 3}, {2}], [{8, 6}, {4, 7}, {5}, {2, 3}, {1}], [{8, 6}, {4, 7}, {5}, {3}, {1, 2}], [{8, 6}, {5, 7}, {1, 4}, {2, 3}], [{8, 6}, {5, 7}, {2, 4}, {1, 3}], [{8, 6}, {5, 7}, {3, 4}, {1, 2}], [{8, 6}, {5, 7}, {4}, {3}, {1, 2}], [{8, 6}, {7}, {1, 5}, {2, 4}, {3}], [{8, 6}, {7}, {2, 5}, {1, 4}, {3}], [{8, 6}, {7}, {3, 5}, {4}, {1, 2}], [{8, 6}, {7}, {4, 5}, {3}, {1, 2}], [{8, 6}, {7}, {5}, {3, 4}, {1, 2}], [{8, 6}, {7}, {5}, {4}, {3}, {1, 2}], [{8, 7}, {1, 6}, {2, 5}, {3, 4}], [{8, 7}, {1, 6}, {3, 5}, {2, 4}], [{8, 7}, {1, 6}, {4, 5}, {2, 3}], [{8, 7}, {2, 6}, {1, 5}, {3, 4}], [{8, 7}, {2, 6}, {1, 5}, {4}, {3}], [{8, 7}, {2, 6}, {3, 5}, {1, 4}], [{8, 7}, {2, 6}, {4, 5}, {1, 3}], [{8, 7}, {3, 6}, {1, 5}, {2, 4}], [{8, 7}, {3, 6}, {2, 5}, {1, 4}], [{8, 7}, {3, 6}, {4, 5}, {1, 2}], [{8, 7}, {4, 6}, {1, 5}, {2, 3}], [{8, 7}, {4, 6}, {2, 5}, {1, 3}], [{8, 7}, {4, 6}, {2, 5}, {3}, {1}], [{8, 7}, {4, 6}, {3, 5}, {1, 2}], [{8, 7}, {5, 6}, {1, 4}, {2, 3}], [{8, 7}, {5, 6}, {2, 4}, {1, 3}], [{8, 7}, {5, 6}, {2, 4}, {3}, {1}], [{8, 7}, {5, 6}, {3, 4}, {1, 2}], [{8, 7}, {5, 6}, {3, 4}, {2}, {1}], [{8, 7}, {5, 6}, {4}, {2, 3}, {1}], [{8}, {1, 7}, {4, 6}, {2, 5}, {3}], [{8}, {1, 7}, {5, 6}, {2, 4}, {3}], [{8}, {2, 7}, {5, 6}, {3, 4}, {1}], [{8}, {2, 7}, {6}, {3, 5}, {1, 4}], [{8}, {2, 7}, {6}, {4, 5}, {1, 3}], [{8}, {3, 7}, {2, 6}, {1, 5}, {4}], [{8}, {3, 7}, {4, 6}, {2, 5}, {1}], [{8}, {3, 7}, {5, 6}, {2, 4}, {1}], [{8}, {4, 7}, {1, 6}, {5}, {2, 3}], [{8}, {4, 7}, {2, 6}, {1, 5}, {3}], [{8}, {4, 7}, {3, 6}, {1, 5}, {2}], [{8}, {4, 7}, {5, 6}, {2, 3}, {1}], [{8}, {4, 7}, {6}, {1, 5}, {2, 3}], [{8}, {4, 7}, {6}, {5}, {2, 3}, {1}], [{8}, {7}, {2, 6}, {1, 5}, {3, 4}], [{8}, {7}, {2, 6}, {1, 5}, {4}, {3}], [{8}, {7}, {4, 6}, {2, 5}, {1, 3}], [{8}, {7}, {4, 6}, {2, 5}, {3}, {1}], [{8}, {7}, {5, 6}, {2, 4}, {1, 3}], [{8}, {7}, {5, 6}, {2, 4}, {3}, {1}]]",2,28 K_1^3 + 12 K_1^2 K_2 - 14 K_1^2 - 20 K_1 K_2 - 10 K_1 K_3 - 11 K_1 - 2 K_2^2 + 6 K_2 + 3 K_3 + 3 K_4 + 6,O1O2O3O4U5U4O6U7U8O5O7U1U2U6O8U3,O1O2O3U4U5O6O4U1O7O5U7U8U2U3O8U6,O1O2O3U4O5U1U2U5U6O7O6U3O8O4U7U8,c,{'O1O2O3O4U2O5U6U3U4O7O8U5U7O6U1U8'},1,"<a href=""/flatknot/8.704103"">8.704103</a>",t^9-59t^7-194t^6-25t^5+426t^4+136t^3-458t^2-160t+24,0,,
8.704104,O1O2O3O4U2O5U6U3U4O7O8U5U8O6U1U7,4,2z^3+35z^2+106z+89,2w^4z^3+35w^3z^2+106w^2z+89w,False,False,"[[ 0 -1 -2  0  2  1 -2  1  1],[ 1  0 -2  0  2  2 -2  1  1],[ 2  2  0  1  2  2  0  0  0],[ 0  0 -1  0  1  2 -2  0  1],[-2 -2 -2 -1  0  1 -3  0  1],[-1 -2 -2 -2 -1  0 -2  1  1],[ 2  2  0  2  3  2  0  1  1],[-1 -1  0  0  0 -1 -1  0  0],[-1 -1  0 -1 -1 -1 -1  0  0]]","[[ 0  2  1  1  1  0 -1 -2 -2],[-2  0  1  1  0 -1 -2 -2 -3],[-1 -1  0  1  1 -2 -2 -2 -2],[-1 -1 -1  0  0 -1 -1  0 -1],[-1  0 -1  0  0  0 -1  0 -1],[ 0  1  2  1  0  0  0 -1 -2],[ 1  2  2  1  1  0  0 -2 -2],[ 2  2  2  0  0  1  2  0  0],[ 2  3  2  1  1  2  2  0  0]]",True,"[-2,-1,-1,-1,0,1,2,2,-1,-1,0,1,2,2,3,-1,-1,2,2,2,2,0,1,1,0,1,0,1,0,1,0,1,2,2,2,0]","[-2,-2,-1,0,1,1,1,2,0,-1,0,1,2,2,1,-1,1,1,3,3,2,1,0,1,1,1,-1,0,1,1,-1,-1,2,0,2,1]",t^8+56t^6+155t^4+65t^2,"[-2,-2,-1,0,1,1,1,2,0,-1,0,1,2,2,1,-1,1,1,3,3,2,1,0,1,1,1,-1,0,1,1,-1,-1,2,0,2,1]","[-2,-1,-1,-1,0,1,2,2,1,2,2,1,1,1,2,-1,0,1,1,2,3,1,-1,0,1,1,0,1,2,3,1,0,1,-1,-1,0]","[-2,-2,-1,0,1,1,1,2,0,2,1,0,0,2,2,2,2,1,1,2,3,0,1,1,2,2,0,1,2,1,0,-1,0,-1,-1,-1]",c,"[[{8, 1}, {2, 7}, {3, 6}, {4, 5}], [{8, 1}, {2, 7}, {3, 6}, {5}, {4}], [{8, 1}, {2, 7}, {4, 6}, {3, 5}], [{8, 1}, {2, 7}, {4, 6}, {5}, {3}], [{8, 1}, {2, 7}, {5, 6}, {3, 4}], [{8, 1}, {2, 7}, {6}, {5}, {3, 4}], [{8, 1}, {3, 7}, {2, 6}, {4, 5}], [{8, 1}, {3, 7}, {4, 6}, {2, 5}], [{8, 1}, {3, 7}, {5, 6}, {2, 4}], [{8, 1}, {4, 7}, {2, 6}, {3, 5}], [{8, 1}, {4, 7}, {3, 6}, {2, 5}], [{8, 1}, {4, 7}, {5, 6}, {2, 3}], [{8, 1}, {5, 7}, {2, 6}, {3, 4}], [{8, 1}, {5, 7}, {2, 6}, {4}, {3}], [{8, 1}, {5, 7}, {3, 6}, {2, 4}], [{8, 1}, {5, 7}, {3, 6}, {4}, {2}], [{8, 1}, {5, 7}, {4, 6}, {2, 3}], [{8, 1}, {5, 7}, {4, 6}, {3}, {2}], [{8, 1}, {5, 7}, {6}, {2, 4}, {3}], [{8, 1}, {5, 7}, {6}, {3, 4}, {2}], [{8, 1}, {5, 7}, {6}, {4}, {2, 3}], [{8, 1}, {5, 7}, {6}, {4}, {3}, {2}], [{8, 1}, {6, 7}, {2, 5}, {3, 4}], [{8, 1}, {6, 7}, {3, 5}, {2, 4}], [{8, 1}, {6, 7}, {4, 5}, {2, 3}], [{8, 1}, {6, 7}, {5}, {2, 4}, {3}], [{8, 1}, {7}, {3, 6}, {2, 5}, {4}], [{8, 1}, {7}, {4, 6}, {2, 5}, {3}], [{8, 1}, {7}, {5, 6}, {2, 4}, {3}], [{8, 1}, {7}, {6}, {2, 5}, {3, 4}], [{8, 2}, {1, 7}, {3, 6}, {4, 5}], [{8, 2}, {1, 7}, {4, 6}, {3, 5}], [{8, 2}, {1, 7}, {5, 6}, {3, 4}], [{8, 2}, {3, 7}, {1, 6}, {4, 5}], [{8, 2}, {3, 7}, {4, 6}, {1, 5}], [{8, 2}, {3, 7}, {4, 6}, {5}, {1}], [{8, 2}, {3, 7}, {5, 6}, {1, 4}], [{8, 2}, {3, 7}, {5, 6}, {4}, {1}], [{8, 2}, {3, 7}, {6}, {4, 5}, {1}], [{8, 2}, {4, 7}, {1, 6}, {3, 5}], [{8, 2}, {4, 7}, {3, 6}, {1, 5}], [{8, 2}, {4, 7}, {5, 6}, {1, 3}], [{8, 2}, {5, 7}, {1, 6}, {3, 4}], [{8, 2}, {5, 7}, {3, 6}, {1, 4}], [{8, 2}, {5, 7}, {4, 6}, {1, 3}], [{8, 2}, {5, 7}, {4, 6}, {3}, {1}], [{8, 2}, {6, 7}, {1, 5}, {3, 4}], [{8, 2}, {6, 7}, {3, 5}, {1, 4}], [{8, 2}, {6, 7}, {4, 5}, {1, 3}], [{8, 2}, {7}, {4, 6}, {3, 5}, {1}], [{8, 3}, {1, 7}, {2, 6}, {4, 5}], [{8, 3}, {1, 7}, {4, 6}, {2, 5}], [{8, 3}, {1, 7}, {5, 6}, {2, 4}], [{8, 3}, {1, 7}, {5, 6}, {4}, {2}], [{8, 3}, {2, 7}, {1, 6}, {4, 5}], [{8, 3}, {2, 7}, {4, 6}, {1, 5}], [{8, 3}, {2, 7}, {5, 6}, {1, 4}], [{8, 3}, {4, 7}, {1, 6}, {2, 5}], [{8, 3}, {4, 7}, {2, 6}, {1, 5}], [{8, 3}, {4, 7}, {2, 6}, {5}, {1}], [{8, 3}, {4, 7}, {5, 6}, {1, 2}], [{8, 3}, {5, 7}, {1, 6}, {2, 4}], [{8, 3}, {5, 7}, {2, 6}, {1, 4}], [{8, 3}, {5, 7}, {4, 6}, {1, 2}], [{8, 3}, {5, 7}, {4, 6}, {2}, {1}], [{8, 3}, {6, 7}, {1, 5}, {2, 4}], [{8, 3}, {6, 7}, {2, 5}, {1, 4}], [{8, 3}, {6, 7}, {2, 5}, {4}, {1}], [{8, 3}, {6, 7}, {4, 5}, {1, 2}], [{8, 3}, {7}, {1, 6}, {4, 5}, {2}], [{8, 3}, {7}, {6}, {1, 5}, {2, 4}], [{8, 3}, {7}, {6}, {2, 5}, {1, 4}], [{8, 4}, {1, 7}, {2, 6}, {3, 5}], [{8, 4}, {1, 7}, {3, 6}, {2, 5}], [{8, 4}, {1, 7}, {5, 6}, {2, 3}], [{8, 4}, {2, 7}, {1, 6}, {3, 5}], [{8, 4}, {2, 7}, {3, 6}, {1, 5}], [{8, 4}, {2, 7}, {5, 6}, {1, 3}], [{8, 4}, {3, 7}, {1, 6}, {2, 5}], [{8, 4}, {3, 7}, {2, 6}, {1, 5}], [{8, 4}, {3, 7}, {2, 6}, {5}, {1}], [{8, 4}, {3, 7}, {5, 6}, {1, 2}], [{8, 4}, {5, 7}, {1, 6}, {2, 3}], [{8, 4}, {5, 7}, {1, 6}, {3}, {2}], [{8, 4}, {5, 7}, {2, 6}, {1, 3}], [{8, 4}, {5, 7}, {3, 6}, {1, 2}], [{8, 4}, {6, 7}, {1, 5}, {2, 3}], [{8, 4}, {6, 7}, {2, 5}, {1, 3}], [{8, 4}, {6, 7}, {3, 5}, {1, 2}], [{8, 4}, {6, 7}, {3, 5}, {2}, {1}], [{8, 4}, {7}, {5, 6}, {1, 3}, {2}], [{8, 5}, {1, 7}, {2, 6}, {3, 4}], [{8, 5}, {1, 7}, {3, 6}, {2, 4}], [{8, 5}, {1, 7}, {4, 6}, {2, 3}], [{8, 5}, {1, 7}, {6}, {2, 4}, {3}], [{8, 5}, {2, 7}, {1, 6}, {3, 4}], [{8, 5}, {2, 7}, {3, 6}, {1, 4}], [{8, 5}, {2, 7}, {4, 6}, {1, 3}], [{8, 5}, {2, 7}, {6}, {1, 4}, {3}], [{8, 5}, {3, 7}, {1, 6}, {2, 4}], [{8, 5}, {3, 7}, {2, 6}, {1, 4}], [{8, 5}, {3, 7}, {4, 6}, {1, 2}], [{8, 5}, {4, 7}, {1, 6}, {2, 3}], [{8, 5}, {4, 7}, {2, 6}, {1, 3}], [{8, 5}, {4, 7}, {3, 6}, {1, 2}], [{8, 5}, {6, 7}, {1, 4}, {2, 3}], [{8, 5}, {6, 7}, {2, 4}, {1, 3}], [{8, 5}, {6, 7}, {3, 4}, {1, 2}], [{8, 6}, {1, 7}, {2, 5}, {3, 4}], [{8, 6}, {1, 7}, {3, 5}, {2, 4}], [{8, 6}, {1, 7}, {4, 5}, {2, 3}], [{8, 6}, {1, 7}, {5}, {2, 4}, {3}], [{8, 6}, {2, 7}, {1, 5}, {3, 4}], [{8, 6}, {2, 7}, {3, 5}, {1, 4}], [{8, 6}, {2, 7}, {4, 5}, {1, 3}], [{8, 6}, {3, 7}, {1, 5}, {2, 4}], [{8, 6}, {3, 7}, {2, 5}, {1, 4}], [{8, 6}, {3, 7}, {2, 5}, {4}, {1}], [{8, 6}, {3, 7}, {4, 5}, {1, 2}], [{8, 6}, {4, 7}, {1, 5}, {2, 3}], [{8, 6}, {4, 7}, {2, 5}, {1, 3}], [{8, 6}, {4, 7}, {3, 5}, {1, 2}], [{8, 6}, {5, 7}, {1, 4}, {2, 3}], [{8, 6}, {5, 7}, {1, 4}, {3}, {2}], [{8, 6}, {5, 7}, {2, 4}, {1, 3}], [{8, 6}, {5, 7}, {3, 4}, {1, 2}], [{8, 7}, {1, 6}, {2, 5}, {3, 4}], [{8, 7}, {1, 6}, {3, 5}, {2, 4}], [{8, 7}, {1, 6}, {4, 5}, {2, 3}], [{8, 7}, {2, 6}, {1, 5}, {3, 4}], [{8, 7}, {2, 6}, {3, 5}, {1, 4}], [{8, 7}, {2, 6}, {4, 5}, {1, 3}], [{8, 7}, {3, 6}, {1, 5}, {2, 4}], [{8, 7}, {3, 6}, {2, 5}, {1, 4}], [{8, 7}, {3, 6}, {4, 5}, {1, 2}], [{8, 7}, {4, 6}, {1, 5}, {2, 3}], [{8, 7}, {4, 6}, {2, 5}, {1, 3}], [{8, 7}, {4, 6}, {3, 5}, {1, 2}], [{8, 7}, {5, 6}, {1, 4}, {2, 3}], [{8, 7}, {5, 6}, {2, 4}, {1, 3}], [{8, 7}, {5, 6}, {2, 4}, {3}, {1}], [{8, 7}, {5, 6}, {3, 4}, {1, 2}], [{8, 7}, {6}, {4, 5}, {1, 3}, {2}], [{8}, {1, 7}, {2, 6}, {4, 5}, {3}], [{8}, {1, 7}, {3, 6}, {4, 5}, {2}], [{8}, {1, 7}, {5, 6}, {2, 4}, {3}], [{8}, {1, 7}, {6}, {4, 5}, {2, 3}], [{8}, {4, 7}, {1, 6}, {2, 5}, {3}], [{8}, {5, 7}, {4, 6}, {1, 3}, {2}], [{8}, {5, 7}, {4, 6}, {2, 3}, {1}], [{8}, {5, 7}, {4, 6}, {3}, {1, 2}], [{8}, {5, 7}, {4, 6}, {3}, {2}, {1}], [{8}, {6, 7}, {2, 5}, {1, 4}, {3}], [{8}, {7}, {2, 6}, {1, 5}, {3, 4}]]",2,- 8 K_1^4 + 20 K_1^3 + 12 K_1^2 K_2 - 6 K_1^2 - 16 K_1 K_2 - 4 K_1 K_3 - 7 K_1 - 2 K_2^2 + 3 K_2 + 3 K_3 + K_4 + 5,O1O2O3O4U5U4O6U7U8O7O5U1U2U6O8U3,O1O2O3U4U5O6O5U1O7O4U7U8U2U3O8U6,O1O2O3U4O5U1U2U5U6O7O6U3O8O4U8U7,c,{'O1O2O3O4U2O5U6U3U4O7O8U5U8O6U1U7'},1,"<a href=""/flatknot/8.704104"">8.704104</a>",t^9-58t^7-194t^6-68t^5+312t^4+258t^3-20t^2-47t-12,t^2-2t,,
8.704105,O1O2O3O4U2O5U6U3U4O7O8U7U1O6U8U5,4,6z^3+49z^2+116z+85,6w^4z^3+49w^3z^2+116w^2z+85w,False,False,"[[ 0 -1 -2  0  2  3 -2 -1  1],[ 1  0 -2  0  2  3 -1  0  1],[ 2  2  0  1  2  2  0  0  0],[ 0  0 -1  0  1  1 -1  0 -1],[-2 -2 -2 -1  0  0 -2  0 -1],[-3 -3 -2 -1  0  0 -2 -1  0],[ 2  1  0  1  2  2  0 -1  0],[ 1  0  0  0  0  1  1  0  1],[-1 -1  0  1  1  0  0 -1  0]]","[[ 0  3  2  1  0 -1 -1 -2 -2],[-3  0  0  0 -1 -1 -3 -2 -2],[-2  0  0 -1 -1  0 -2 -2 -2],[-1  0  1  0  1 -1 -1  0  0],[ 0  1  1 -1  0  0  0 -1 -1],[ 1  1  0  1  0  0  0  1  0],[ 1  3  2  1  0  0  0 -1 -2],[ 2  2  2  0  1 -1  1  0  0],[ 2  2  2  0  1  0  2  0  0]]",True,"[-3,-2,-1,0,1,1,2,2,0,0,1,1,3,2,2,1,1,0,2,2,2,-1,1,1,0,0,0,0,1,1,0,-1,0,1,2,0]","[-3,-2,-1,0,1,1,2,2,0,0,1,1,3,2,2,1,1,0,2,2,2,-1,1,1,0,0,0,0,1,1,0,-1,0,1,2,0]",t^8+44t^6+215t^4+76t^2,"[-2,-2,-1,-1,0,1,2,3,0,-1,1,1,3,2,3,0,2,1,3,2,3,0,1,1,1,1,1,1,3,3,2,1,2,0,2,1]","[-3,-2,-1,0,1,1,2,2,1,2,2,1,3,3,3,0,1,1,3,2,2,2,1,1,3,3,1,1,1,1,0,-1,0,1,2,0]","[-2,-2,-1,-1,0,1,2,3,0,-1,1,1,0,2,2,0,2,1,0,2,2,0,0,1,0,1,0,1,2,3,-1,1,1,1,0,0]",c,"[[{8, 1}, {2, 7}, {3, 6}, {4, 5}], [{8, 1}, {2, 7}, {4, 6}, {3, 5}], [{8, 1}, {2, 7}, {5, 6}, {3, 4}], [{8, 1}, {3, 7}, {2, 6}, {4, 5}], [{8, 1}, {3, 7}, {4, 6}, {2, 5}], [{8, 1}, {3, 7}, {4, 6}, {5}, {2}], [{8, 1}, {3, 7}, {5, 6}, {2, 4}], [{8, 1}, {4, 7}, {2, 6}, {3, 5}], [{8, 1}, {4, 7}, {3, 6}, {2, 5}], [{8, 1}, {4, 7}, {5, 6}, {2, 3}], [{8, 1}, {5, 7}, {2, 6}, {3, 4}], [{8, 1}, {5, 7}, {3, 6}, {2, 4}], [{8, 1}, {5, 7}, {4, 6}, {2, 3}], [{8, 1}, {5, 7}, {6}, {2, 4}, {3}], [{8, 1}, {6, 7}, {2, 5}, {3, 4}], [{8, 1}, {6, 7}, {2, 5}, {4}, {3}], [{8, 1}, {6, 7}, {3, 5}, {2, 4}], [{8, 1}, {6, 7}, {4, 5}, {2, 3}], [{8, 1}, {6, 7}, {4, 5}, {3}, {2}], [{8, 1}, {6, 7}, {5}, {2, 4}, {3}], [{8, 1}, {7}, {5, 6}, {2, 4}, {3}], [{8, 2}, {1, 7}, {3, 6}, {4, 5}], [{8, 2}, {1, 7}, {4, 6}, {3, 5}], [{8, 2}, {1, 7}, {5, 6}, {3, 4}], [{8, 2}, {3, 7}, {1, 6}, {4, 5}], [{8, 2}, {3, 7}, {4, 6}, {1, 5}], [{8, 2}, {3, 7}, {5, 6}, {1, 4}], [{8, 2}, {4, 7}, {1, 6}, {3, 5}], [{8, 2}, {4, 7}, {3, 6}, {1, 5}], [{8, 2}, {4, 7}, {5, 6}, {1, 3}], [{8, 2}, {4, 7}, {6}, {1, 5}, {3}], [{8, 2}, {5, 7}, {1, 6}, {3, 4}], [{8, 2}, {5, 7}, {3, 6}, {1, 4}], [{8, 2}, {5, 7}, {4, 6}, {1, 3}], [{8, 2}, {6, 7}, {1, 5}, {3, 4}], [{8, 2}, {6, 7}, {3, 5}, {1, 4}], [{8, 2}, {6, 7}, {4, 5}, {1, 3}], [{8, 2}, {7}, {3, 6}, {1, 5}, {4}], [{8, 3}, {1, 7}, {2, 6}, {4, 5}], [{8, 3}, {1, 7}, {4, 6}, {2, 5}], [{8, 3}, {1, 7}, {5, 6}, {2, 4}], [{8, 3}, {2, 7}, {1, 6}, {4, 5}], [{8, 3}, {2, 7}, {4, 6}, {1, 5}], [{8, 3}, {2, 7}, {5, 6}, {1, 4}], [{8, 3}, {2, 7}, {5, 6}, {4}, {1}], [{8, 3}, {4, 7}, {1, 6}, {2, 5}], [{8, 3}, {4, 7}, {2, 6}, {1, 5}], [{8, 3}, {4, 7}, {5, 6}, {1, 2}], [{8, 3}, {4, 7}, {5, 6}, {2}, {1}], [{8, 3}, {5, 7}, {1, 6}, {2, 4}], [{8, 3}, {5, 7}, {2, 6}, {1, 4}], [{8, 3}, {5, 7}, {4, 6}, {1, 2}], [{8, 3}, {6, 7}, {1, 5}, {2, 4}], [{8, 3}, {6, 7}, {2, 5}, {1, 4}], [{8, 3}, {6, 7}, {4, 5}, {1, 2}], [{8, 3}, {7}, {1, 6}, {2, 5}, {4}], [{8, 3}, {7}, {4, 6}, {2, 5}, {1}], [{8, 3}, {7}, {5, 6}, {2, 4}, {1}], [{8, 3}, {7}, {6}, {2, 5}, {1, 4}], [{8, 4}, {1, 7}, {2, 6}, {3, 5}], [{8, 4}, {1, 7}, {3, 6}, {2, 5}], [{8, 4}, {1, 7}, {5, 6}, {2, 3}], [{8, 4}, {2, 7}, {1, 6}, {3, 5}], [{8, 4}, {2, 7}, {3, 6}, {1, 5}], [{8, 4}, {2, 7}, {3, 6}, {5}, {1}], [{8, 4}, {2, 7}, {5, 6}, {1, 3}], [{8, 4}, {3, 7}, {1, 6}, {2, 5}], [{8, 4}, {3, 7}, {2, 6}, {1, 5}], [{8, 4}, {3, 7}, {5, 6}, {1, 2}], [{8, 4}, {3, 7}, {6}, {2, 5}, {1}], [{8, 4}, {5, 7}, {1, 6}, {2, 3}], [{8, 4}, {5, 7}, {2, 6}, {1, 3}], [{8, 4}, {5, 7}, {3, 6}, {1, 2}], [{8, 4}, {6, 7}, {1, 5}, {2, 3}], [{8, 4}, {6, 7}, {2, 5}, {1, 3}], [{8, 4}, {6, 7}, {3, 5}, {1, 2}], [{8, 4}, {6, 7}, {5}, {1, 3}, {2}], [{8, 4}, {7}, {1, 6}, {2, 5}, {3}], [{8, 5}, {1, 7}, {2, 6}, {3, 4}], [{8, 5}, {1, 7}, {3, 6}, {2, 4}], [{8, 5}, {1, 7}, {4, 6}, {2, 3}], [{8, 5}, {2, 7}, {1, 6}, {3, 4}], [{8, 5}, {2, 7}, {3, 6}, {1, 4}], [{8, 5}, {2, 7}, {4, 6}, {1, 3}], [{8, 5}, {3, 7}, {1, 6}, {2, 4}], [{8, 5}, {3, 7}, {2, 6}, {1, 4}], [{8, 5}, {3, 7}, {4, 6}, {1, 2}], [{8, 5}, {4, 7}, {1, 6}, {2, 3}], [{8, 5}, {4, 7}, {2, 6}, {1, 3}], [{8, 5}, {4, 7}, {3, 6}, {1, 2}], [{8, 5}, {6, 7}, {1, 4}, {2, 3}], [{8, 5}, {6, 7}, {2, 4}, {1, 3}], [{8, 5}, {6, 7}, {3, 4}, {1, 2}], [{8, 6}, {1, 7}, {2, 5}, {3, 4}], [{8, 6}, {1, 7}, {3, 5}, {2, 4}], [{8, 6}, {1, 7}, {4, 5}, {2, 3}], [{8, 6}, {2, 7}, {1, 5}, {3, 4}], [{8, 6}, {2, 7}, {3, 5}, {1, 4}], [{8, 6}, {2, 7}, {4, 5}, {1, 3}], [{8, 6}, {2, 7}, {4, 5}, {3}, {1}], [{8, 6}, {3, 7}, {1, 5}, {2, 4}], [{8, 6}, {3, 7}, {2, 5}, {1, 4}], [{8, 6}, {3, 7}, {4, 5}, {1, 2}], [{8, 6}, {3, 7}, {5}, {1, 4}, {2}], [{8, 6}, {4, 7}, {1, 5}, {2, 3}], [{8, 6}, {4, 7}, {2, 5}, {1, 3}], [{8, 6}, {4, 7}, {3, 5}, {1, 2}], [{8, 6}, {4, 7}, {5}, {1, 3}, {2}], [{8, 6}, {5, 7}, {1, 4}, {2, 3}], [{8, 6}, {5, 7}, {2, 4}, {1, 3}], [{8, 6}, {5, 7}, {3, 4}, {1, 2}], [{8, 6}, {5, 7}, {4}, {3}, {1, 2}], [{8, 7}, {1, 6}, {2, 5}, {3, 4}], [{8, 7}, {1, 6}, {3, 5}, {2, 4}], [{8, 7}, {1, 6}, {4, 5}, {2, 3}], [{8, 7}, {1, 6}, {5}, {2, 4}, {3}], [{8, 7}, {2, 6}, {1, 5}, {3, 4}], [{8, 7}, {2, 6}, {3, 5}, {1, 4}], [{8, 7}, {2, 6}, {4, 5}, {1, 3}], [{8, 7}, {3, 6}, {1, 5}, {2, 4}], [{8, 7}, {3, 6}, {2, 5}, {1, 4}], [{8, 7}, {3, 6}, {4, 5}, {1, 2}], [{8, 7}, {4, 6}, {1, 5}, {2, 3}], [{8, 7}, {4, 6}, {2, 5}, {1, 3}], [{8, 7}, {4, 6}, {3, 5}, {1, 2}], [{8, 7}, {5, 6}, {1, 4}, {2, 3}], [{8, 7}, {5, 6}, {1, 4}, {3}, {2}], [{8, 7}, {5, 6}, {2, 4}, {1, 3}], [{8, 7}, {5, 6}, {2, 4}, {3}, {1}], [{8, 7}, {5, 6}, {3, 4}, {1, 2}], [{8, 7}, {5, 6}, {4}, {3}, {1, 2}], [{8, 7}, {6}, {1, 5}, {2, 4}, {3}], [{8}, {1, 7}, {2, 6}, {3, 5}, {4}], [{8}, {1, 7}, {5, 6}, {2, 4}, {3}], [{8}, {2, 7}, {6}, {3, 5}, {1, 4}], [{8}, {3, 7}, {2, 6}, {1, 5}, {4}], [{8}, {3, 7}, {5, 6}, {2, 4}, {1}], [{8}, {4, 7}, {1, 6}, {5}, {2, 3}], [{8}, {7}, {1, 6}, {2, 5}, {3, 4}], [{8}, {7}, {5, 6}, {2, 4}, {1, 3}], [{8}, {7}, {5, 6}, {2, 4}, {3}, {1}]]",2,16 K_1^3 + 8 K_1^2 K_2 - 10 K_1^2 - 10 K_1 K_2 - 4 K_1 K_3 - 7 K_1 + 3 K_2 + K_3 + 4,O1O2O3O4U5U6O7U4U8O6O8U1U2U7O5U3,O1O2O3U4U5O4O6U1O5O7U6U8U2U3O8U7,O1O2O3U4O5U1U2U5U6O4O7U3O6O8U7U8,c,{'O1O2O3O4U2O5U6U3U4O7O8U7U1O6U8U5'},1,"<a href=""/flatknot/8.704105"">8.704105</a>",t^9-40t^7-98t^6+100t^5+300t^4-138t^3-148t^2+6t,-t^3+t^2+t,,
8.704106,O1O2O3O4U2O5U6U3U4O7O8U7U8O6U1U5,4,7z^3+45z^2+93z+63,-4w^5z^3+11w^4z^3-12w^4z^2+57w^3z^2+93w^2z+63w,False,False,"[[ 0 -1 -2  0  2  3 -2 -1  1],[ 1  0 -2  1  3  3 -1 -1  1],[ 2  2  0  1  2  2  0  0  0],[ 0 -1 -1  0  1  1 -1  0  0],[-2 -3 -2 -1  0  0 -2  0  0],[-3 -3 -2 -1  0  0 -3 -1  1],[ 2  1  0  1  2  3  0  0  0],[ 1  1  0  0  0  1  0  0  1],[-1 -1  0  0  0 -1  0 -1  0]]","[[ 0  3  2  1  0 -1 -1 -2 -2],[-3  0  0  1 -1 -1 -3 -2 -3],[-2  0  0  0 -1  0 -3 -2 -2],[-1 -1  0  0  0 -1 -1  0  0],[ 0  1  1  0  0  0 -1 -1 -1],[ 1  1  0  1  0  0  1  0  0],[ 1  3  3  1  1 -1  0 -2 -1],[ 2  2  2  0  1  0  2  0  0],[ 2  3  2  0  1  0  1  0  0]]",True,"[-3,-2,-1,0,1,1,2,2,0,-1,1,1,3,2,3,0,1,0,3,2,2,0,1,1,0,0,0,1,1,1,-1,0,0,2,1,0]","[-3,-2,-1,0,1,1,2,2,0,-1,1,1,3,2,3,0,1,0,3,2,2,0,1,1,0,0,0,1,1,1,-1,0,0,2,1,0]",t^8+54t^6+166t^4+84t^2+1,"[-2,-2,-1,-1,0,1,2,3,0,-1,1,1,3,2,3,0,1,1,3,2,2,1,0,1,0,1,1,1,3,3,1,1,2,1,3,1]","[-3,-2,-1,0,1,1,2,2,1,3,2,1,3,2,3,1,1,0,3,2,2,1,1,1,3,3,0,1,1,1,-1,0,-1,1,1,0]","[-2,-2,-1,-1,0,1,2,3,0,0,1,1,0,2,3,0,2,1,0,2,2,1,0,1,0,1,1,1,3,3,0,1,1,0,-1,0]",c,"[[{8, 1}, {2, 7}, {3, 6}, {4, 5}], [{8, 1}, {2, 7}, {4, 6}, {3, 5}], [{8, 1}, {2, 7}, {5, 6}, {3, 4}], [{8, 1}, {3, 7}, {2, 6}, {4, 5}], [{8, 1}, {3, 7}, {4, 6}, {2, 5}], [{8, 1}, {3, 7}, {5, 6}, {2, 4}], [{8, 1}, {4, 7}, {2, 6}, {3, 5}], [{8, 1}, {4, 7}, {3, 6}, {2, 5}], [{8, 1}, {4, 7}, {5, 6}, {2, 3}], [{8, 1}, {5, 7}, {2, 6}, {3, 4}], [{8, 1}, {5, 7}, {3, 6}, {2, 4}], [{8, 1}, {5, 7}, {4, 6}, {2, 3}], [{8, 1}, {5, 7}, {6}, {2, 4}, {3}], [{8, 1}, {6, 7}, {2, 5}, {3, 4}], [{8, 1}, {6, 7}, {2, 5}, {4}, {3}], [{8, 1}, {6, 7}, {3, 5}, {2, 4}], [{8, 1}, {6, 7}, {4, 5}, {2, 3}], [{8, 1}, {6, 7}, {4, 5}, {3}, {2}], [{8, 1}, {6, 7}, {5}, {2, 4}, {3}], [{8, 1}, {7}, {5, 6}, {2, 4}, {3}], [{8, 2}, {1, 7}, {3, 6}, {4, 5}], [{8, 2}, {1, 7}, {4, 6}, {3, 5}], [{8, 2}, {1, 7}, {5, 6}, {3, 4}], [{8, 2}, {1, 7}, {5, 6}, {4}, {3}], [{8, 2}, {3, 7}, {1, 6}, {4, 5}], [{8, 2}, {3, 7}, {4, 6}, {1, 5}], [{8, 2}, {3, 7}, {5, 6}, {1, 4}], [{8, 2}, {4, 7}, {1, 6}, {3, 5}], [{8, 2}, {4, 7}, {3, 6}, {1, 5}], [{8, 2}, {4, 7}, {5, 6}, {1, 3}], [{8, 2}, {4, 7}, {5, 6}, {3}, {1}], [{8, 2}, {5, 7}, {1, 6}, {3, 4}], [{8, 2}, {5, 7}, {3, 6}, {1, 4}], [{8, 2}, {5, 7}, {4, 6}, {1, 3}], [{8, 2}, {5, 7}, {4, 6}, {3}, {1}], [{8, 2}, {5, 7}, {6}, {4}, {1, 3}], [{8, 2}, {6, 7}, {1, 5}, {3, 4}], [{8, 2}, {6, 7}, {1, 5}, {4}, {3}], [{8, 2}, {6, 7}, {3, 5}, {1, 4}], [{8, 2}, {6, 7}, {4, 5}, {1, 3}], [{8, 2}, {7}, {4, 6}, {5}, {1, 3}], [{8, 2}, {7}, {5, 6}, {1, 4}, {3}], [{8, 3}, {1, 7}, {2, 6}, {4, 5}], [{8, 3}, {1, 7}, {4, 6}, {2, 5}], [{8, 3}, {1, 7}, {5, 6}, {2, 4}], [{8, 3}, {2, 7}, {1, 6}, {4, 5}], [{8, 3}, {2, 7}, {4, 6}, {1, 5}], [{8, 3}, {2, 7}, {5, 6}, {1, 4}], [{8, 3}, {2, 7}, {5, 6}, {4}, {1}], [{8, 3}, {2, 7}, {6}, {5}, {1, 4}], [{8, 3}, {4, 7}, {1, 6}, {2, 5}], [{8, 3}, {4, 7}, {2, 6}, {1, 5}], [{8, 3}, {4, 7}, {5, 6}, {1, 2}], [{8, 3}, {4, 7}, {6}, {1, 5}, {2}], [{8, 3}, {5, 7}, {1, 6}, {2, 4}], [{8, 3}, {5, 7}, {1, 6}, {4}, {2}], [{8, 3}, {5, 7}, {2, 6}, {1, 4}], [{8, 3}, {5, 7}, {2, 6}, {4}, {1}], [{8, 3}, {5, 7}, {4, 6}, {1, 2}], [{8, 3}, {5, 7}, {6}, {4}, {1, 2}], [{8, 3}, {6, 7}, {1, 5}, {2, 4}], [{8, 3}, {6, 7}, {2, 5}, {1, 4}], [{8, 3}, {6, 7}, {2, 5}, {4}, {1}], [{8, 3}, {6, 7}, {4, 5}, {1, 2}], [{8, 3}, {6, 7}, {4, 5}, {2}, {1}], [{8, 3}, {6, 7}, {5}, {2, 4}, {1}], [{8, 4}, {1, 7}, {2, 6}, {3, 5}], [{8, 4}, {1, 7}, {3, 6}, {2, 5}], [{8, 4}, {1, 7}, {5, 6}, {2, 3}], [{8, 4}, {1, 7}, {5, 6}, {3}, {2}], [{8, 4}, {2, 7}, {1, 6}, {3, 5}], [{8, 4}, {2, 7}, {3, 6}, {1, 5}], [{8, 4}, {2, 7}, {5, 6}, {1, 3}], [{8, 4}, {3, 7}, {1, 6}, {2, 5}], [{8, 4}, {3, 7}, {2, 6}, {1, 5}], [{8, 4}, {3, 7}, {5, 6}, {1, 2}], [{8, 4}, {3, 7}, {6}, {1, 5}, {2}], [{8, 4}, {5, 7}, {1, 6}, {2, 3}], [{8, 4}, {5, 7}, {2, 6}, {1, 3}], [{8, 4}, {5, 7}, {3, 6}, {1, 2}], [{8, 4}, {6, 7}, {1, 5}, {2, 3}], [{8, 4}, {6, 7}, {2, 5}, {1, 3}], [{8, 4}, {6, 7}, {3, 5}, {1, 2}], [{8, 4}, {6, 7}, {5}, {3}, {1, 2}], [{8, 4}, {7}, {1, 6}, {3, 5}, {2}], [{8, 4}, {7}, {2, 6}, {5}, {1, 3}], [{8, 5}, {1, 7}, {2, 6}, {3, 4}], [{8, 5}, {1, 7}, {3, 6}, {2, 4}], [{8, 5}, {1, 7}, {4, 6}, {2, 3}], [{8, 5}, {1, 7}, {4, 6}, {3}, {2}], [{8, 5}, {2, 7}, {1, 6}, {3, 4}], [{8, 5}, {2, 7}, {1, 6}, {4}, {3}], [{8, 5}, {2, 7}, {3, 6}, {1, 4}], [{8, 5}, {2, 7}, {4, 6}, {1, 3}], [{8, 5}, {3, 7}, {1, 6}, {2, 4}], [{8, 5}, {3, 7}, {2, 6}, {1, 4}], [{8, 5}, {3, 7}, {2, 6}, {4}, {1}], [{8, 5}, {3, 7}, {4, 6}, {1, 2}], [{8, 5}, {4, 7}, {1, 6}, {2, 3}], [{8, 5}, {4, 7}, {2, 6}, {1, 3}], [{8, 5}, {4, 7}, {3, 6}, {1, 2}], [{8, 5}, {4, 7}, {6}, {3}, {1, 2}], [{8, 5}, {6, 7}, {1, 4}, {2, 3}], [{8, 5}, {6, 7}, {2, 4}, {1, 3}], [{8, 5}, {6, 7}, {3, 4}, {1, 2}], [{8, 5}, {7}, {3, 6}, {1, 4}, {2}], [{8, 5}, {7}, {3, 6}, {2, 4}, {1}], [{8, 5}, {7}, {3, 6}, {4}, {1, 2}], [{8, 6}, {1, 7}, {2, 5}, {3, 4}], [{8, 6}, {1, 7}, {3, 5}, {2, 4}], [{8, 6}, {1, 7}, {4, 5}, {2, 3}], [{8, 6}, {2, 7}, {1, 5}, {3, 4}], [{8, 6}, {2, 7}, {1, 5}, {4}, {3}], [{8, 6}, {2, 7}, {3, 5}, {1, 4}], [{8, 6}, {2, 7}, {4, 5}, {1, 3}], [{8, 6}, {3, 7}, {1, 5}, {2, 4}], [{8, 6}, {3, 7}, {2, 5}, {1, 4}], [{8, 6}, {3, 7}, {4, 5}, {1, 2}], [{8, 6}, {4, 7}, {1, 5}, {2, 3}], [{8, 6}, {4, 7}, {2, 5}, {1, 3}], [{8, 6}, {4, 7}, {3, 5}, {1, 2}], [{8, 6}, {5, 7}, {1, 4}, {2, 3}], [{8, 6}, {5, 7}, {2, 4}, {1, 3}], [{8, 6}, {5, 7}, {3, 4}, {1, 2}], [{8, 6}, {5, 7}, {4}, {3}, {1, 2}], [{8, 6}, {7}, {2, 5}, {4}, {1, 3}], [{8, 6}, {7}, {3, 5}, {1, 4}, {2}], [{8, 6}, {7}, {4, 5}, {1, 3}, {2}], [{8, 6}, {7}, {5}, {2, 4}, {1, 3}], [{8, 7}, {1, 6}, {2, 5}, {3, 4}], [{8, 7}, {1, 6}, {2, 5}, {4}, {3}], [{8, 7}, {1, 6}, {3, 5}, {2, 4}], [{8, 7}, {1, 6}, {3, 5}, {4}, {2}], [{8, 7}, {1, 6}, {4, 5}, {2, 3}], [{8, 7}, {1, 6}, {4, 5}, {3}, {2}], [{8, 7}, {1, 6}, {5}, {2, 4}, {3}], [{8, 7}, {1, 6}, {5}, {3, 4}, {2}], [{8, 7}, {1, 6}, {5}, {4}, {2, 3}], [{8, 7}, {2, 6}, {1, 5}, {3, 4}], [{8, 7}, {2, 6}, {1, 5}, {4}, {3}], [{8, 7}, {2, 6}, {3, 5}, {1, 4}], [{8, 7}, {2, 6}, {3, 5}, {4}, {1}], [{8, 7}, {2, 6}, {4, 5}, {1, 3}], [{8, 7}, {2, 6}, {4, 5}, {3}, {1}], [{8, 7}, {2, 6}, {5}, {1, 4}, {3}], [{8, 7}, {2, 6}, {5}, {3, 4}, {1}], [{8, 7}, {2, 6}, {5}, {4}, {1, 3}], [{8, 7}, {2, 6}, {5}, {4}, {3}, {1}], [{8, 7}, {3, 6}, {1, 5}, {2, 4}], [{8, 7}, {3, 6}, {1, 5}, {4}, {2}], [{8, 7}, {3, 6}, {2, 5}, {1, 4}], [{8, 7}, {3, 6}, {2, 5}, {4}, {1}], [{8, 7}, {3, 6}, {4, 5}, {1, 2}], [{8, 7}, {3, 6}, {4, 5}, {2}, {1}], [{8, 7}, {3, 6}, {5}, {1, 4}, {2}], [{8, 7}, {3, 6}, {5}, {2, 4}, {1}], [{8, 7}, {3, 6}, {5}, {4}, {1, 2}], [{8, 7}, {4, 6}, {1, 5}, {2, 3}], [{8, 7}, {4, 6}, {1, 5}, {3}, {2}], [{8, 7}, {4, 6}, {2, 5}, {1, 3}], [{8, 7}, {4, 6}, {2, 5}, {3}, {1}], [{8, 7}, {4, 6}, {3, 5}, {1, 2}], [{8, 7}, {4, 6}, {3, 5}, {2}, {1}], [{8, 7}, {4, 6}, {5}, {1, 3}, {2}], [{8, 7}, {4, 6}, {5}, {2, 3}, {1}], [{8, 7}, {4, 6}, {5}, {3}, {1, 2}], [{8, 7}, {5, 6}, {1, 4}, {2, 3}], [{8, 7}, {5, 6}, {1, 4}, {3}, {2}], [{8, 7}, {5, 6}, {2, 4}, {1, 3}], [{8, 7}, {5, 6}, {2, 4}, {3}, {1}], [{8, 7}, {5, 6}, {3, 4}, {1, 2}], [{8, 7}, {5, 6}, {3, 4}, {2}, {1}], [{8, 7}, {5, 6}, {4}, {1, 3}, {2}], [{8, 7}, {5, 6}, {4}, {2, 3}, {1}], [{8, 7}, {5, 6}, {4}, {3}, {1, 2}], [{8, 7}, {6}, {1, 5}, {2, 4}, {3}], [{8, 7}, {6}, {1, 5}, {3, 4}, {2}], [{8, 7}, {6}, {1, 5}, {4}, {2, 3}], [{8, 7}, {6}, {1, 5}, {4}, {3}, {2}], [{8, 7}, {6}, {2, 5}, {1, 4}, {3}], [{8, 7}, {6}, {2, 5}, {3, 4}, {1}], [{8, 7}, {6}, {2, 5}, {4}, {1, 3}], [{8, 7}, {6}, {3, 5}, {1, 4}, {2}], [{8, 7}, {6}, {3, 5}, {2, 4}, {1}], [{8, 7}, {6}, {3, 5}, {4}, {1, 2}], [{8, 7}, {6}, {4, 5}, {1, 3}, {2}], [{8, 7}, {6}, {4, 5}, {2, 3}, {1}], [{8, 7}, {6}, {4, 5}, {3}, {1, 2}], [{8, 7}, {6}, {5}, {1, 4}, {2, 3}], [{8, 7}, {6}, {5}, {2, 4}, {1, 3}], [{8, 7}, {6}, {5}, {3, 4}, {1, 2}], [{8}, {1, 7}, {5, 6}, {2, 4}, {3}], [{8}, {2, 7}, {4, 6}, {5}, {1, 3}], [{8}, {2, 7}, {5, 6}, {1, 4}, {3}], [{8}, {4, 7}, {1, 6}, {3, 5}, {2}], [{8}, {4, 7}, {2, 6}, {5}, {1, 3}], [{8}, {5, 7}, {3, 6}, {1, 4}, {2}], [{8}, {5, 7}, {3, 6}, {2, 4}, {1}], [{8}, {5, 7}, {3, 6}, {4}, {1, 2}], [{8}, {6, 7}, {2, 5}, {4}, {1, 3}], [{8}, {6, 7}, {3, 5}, {1, 4}, {2}], [{8}, {6, 7}, {4, 5}, {1, 3}, {2}], [{8}, {6, 7}, {5}, {2, 4}, {1, 3}]]",2,- 16 K_1^4 + 12 K_1^3 + 20 K_1^2 K_2 - 6 K_1^2 - 10 K_1 K_2 - 8 K_1 K_3 - 4 K_1 + 5 K_2 + 2 K_3 + K_4 + 5,O1O2O3O4U5U4O6U7U8O7O8U1U2U6O5U3,O1O2O3U4U5O4O5U1O6O7U6U8U2U3O8U7,O1O2O3U4O5U1U2U5U6O4O6U3O7O8U7U8,c,{'O1O2O3O4U2O5U6U3U4O7O8U7U8O6U1U5'},1,"<a href=""/flatknot/8.704106"">8.704106</a>",t^9-50t^7-138t^6+53t^5+264t^4+63t^3-62t^2+13t+16,-t^3+t^2+t,,
8.704107,O1O2O3O4U2O5U6U3U7O8O7U1U4O6U8U5,4,3z^3+32z^2+108z+113,3w^4z^3+32w^3z^2+108w^2z+113w,False,False,"[[ 0 -2 -2  0  2  3 -2  1  0],[ 2  0 -1  1  3  3  0  2  0],[ 2  1  0  1  2  2  0  2  1],[ 0 -1 -1  0  1  1 -1  0  0],[-2 -3 -2 -1  0  1 -2 -2 -1],[-3 -3 -2 -1 -1  0 -2 -2 -2],[ 2  0  0  1  2  2  0  3  1],[-1 -2 -2  0  2  2 -3  0  0],[ 0  0 -1  0  1  2 -1  0  0]]","[[ 0  3  2  1  0  0 -2 -2 -2],[-3  0 -1 -2 -1 -2 -2 -2 -3],[-2  1  0 -2 -1 -1 -2 -2 -3],[-1  2  2  0  0  0 -2 -3 -2],[ 0  1  1  0  0  0 -1 -1 -1],[ 0  2  1  0  0  0 -1 -1  0],[ 2  2  2  2  1  1  0  0  1],[ 2  2  2  3  1  1  0  0  0],[ 2  3  3  2  1  0 -1  0  0]]",True,"[-3,-2,-1,0,0,2,2,2,1,2,1,2,2,2,3,2,1,1,2,2,3,0,0,2,3,2,0,1,1,1,1,1,0,0,-1,0]","[-3,-2,-1,0,0,2,2,2,0,0,1,2,2,3,3,-1,1,1,1,2,2,1,1,1,0,1,0,2,1,1,1,1,1,0,-1,0]",t^8+73t^6+202t^4+86t^2+1,"[-2,-2,-2,0,0,1,2,3,-1,0,1,1,1,2,3,0,1,2,1,1,2,1,1,0,2,3,0,1,1,2,1,1,1,-1,0,0]","[-3,-2,-1,0,0,2,2,2,0,0,1,2,2,3,3,-1,1,1,1,2,2,1,1,1,0,1,0,2,1,1,1,1,1,0,-1,0]","[-2,-2,-2,0,0,1,2,3,-1,0,0,1,2,3,3,0,1,1,2,2,2,1,1,3,2,2,0,0,1,2,0,1,1,2,2,1]",c,"[[{8, 1}, {2, 7}, {3, 6}, {4, 5}], [{8, 1}, {2, 7}, {4, 6}, {3, 5}], [{8, 1}, {2, 7}, {5, 6}, {3, 4}], [{8, 1}, {3, 7}, {2, 6}, {4, 5}], [{8, 1}, {3, 7}, {4, 6}, {2, 5}], [{8, 1}, {3, 7}, {5, 6}, {2, 4}], [{8, 1}, {4, 7}, {2, 6}, {3, 5}], [{8, 1}, {4, 7}, {3, 6}, {2, 5}], [{8, 1}, {4, 7}, {5, 6}, {2, 3}], [{8, 1}, {5, 7}, {2, 6}, {3, 4}], [{8, 1}, {5, 7}, {3, 6}, {2, 4}], [{8, 1}, {5, 7}, {4, 6}, {2, 3}], [{8, 1}, {5, 7}, {6}, {2, 4}, {3}], [{8, 1}, {6, 7}, {2, 5}, {3, 4}], [{8, 1}, {6, 7}, {3, 5}, {2, 4}], [{8, 1}, {6, 7}, {3, 5}, {4}, {2}], [{8, 1}, {6, 7}, {4, 5}, {2, 3}], [{8, 1}, {6, 7}, {4, 5}, {3}, {2}], [{8, 1}, {6, 7}, {5}, {3, 4}, {2}], [{8, 1}, {7}, {4, 6}, {2, 5}, {3}], [{8, 2}, {1, 7}, {3, 6}, {4, 5}], [{8, 2}, {1, 7}, {4, 6}, {3, 5}], [{8, 2}, {1, 7}, {5, 6}, {3, 4}], [{8, 2}, {1, 7}, {6}, {4, 5}, {3}], [{8, 2}, {3, 7}, {1, 6}, {4, 5}], [{8, 2}, {3, 7}, {4, 6}, {1, 5}], [{8, 2}, {3, 7}, {5, 6}, {1, 4}], [{8, 2}, {4, 7}, {1, 6}, {3, 5}], [{8, 2}, {4, 7}, {3, 6}, {1, 5}], [{8, 2}, {4, 7}, {5, 6}, {1, 3}], [{8, 2}, {5, 7}, {1, 6}, {3, 4}], [{8, 2}, {5, 7}, {3, 6}, {1, 4}], [{8, 2}, {5, 7}, {4, 6}, {1, 3}], [{8, 2}, {6, 7}, {1, 5}, {3, 4}], [{8, 2}, {6, 7}, {3, 5}, {1, 4}], [{8, 2}, {6, 7}, {4, 5}, {1, 3}], [{8, 3}, {1, 7}, {2, 6}, {4, 5}], [{8, 3}, {1, 7}, {2, 6}, {5}, {4}], [{8, 3}, {1, 7}, {4, 6}, {2, 5}], [{8, 3}, {1, 7}, {4, 6}, {5}, {2}], [{8, 3}, {1, 7}, {5, 6}, {2, 4}], [{8, 3}, {1, 7}, {5, 6}, {4}, {2}], [{8, 3}, {1, 7}, {6}, {2, 5}, {4}], [{8, 3}, {1, 7}, {6}, {4, 5}, {2}], [{8, 3}, {1, 7}, {6}, {5}, {2, 4}], [{8, 3}, {1, 7}, {6}, {5}, {4}, {2}], [{8, 3}, {2, 7}, {1, 6}, {4, 5}], [{8, 3}, {2, 7}, {4, 6}, {1, 5}], [{8, 3}, {2, 7}, {5, 6}, {1, 4}], [{8, 3}, {4, 7}, {1, 6}, {2, 5}], [{8, 3}, {4, 7}, {2, 6}, {1, 5}], [{8, 3}, {4, 7}, {5, 6}, {1, 2}], [{8, 3}, {4, 7}, {6}, {1, 5}, {2}], [{8, 3}, {5, 7}, {1, 6}, {2, 4}], [{8, 3}, {5, 7}, {2, 6}, {1, 4}], [{8, 3}, {5, 7}, {4, 6}, {1, 2}], [{8, 3}, {5, 7}, {6}, {1, 4}, {2}], [{8, 3}, {6, 7}, {1, 5}, {2, 4}], [{8, 3}, {6, 7}, {2, 5}, {1, 4}], [{8, 3}, {6, 7}, {4, 5}, {1, 2}], [{8, 4}, {1, 7}, {2, 6}, {3, 5}], [{8, 4}, {1, 7}, {3, 6}, {2, 5}], [{8, 4}, {1, 7}, {5, 6}, {2, 3}], [{8, 4}, {1, 7}, {6}, {3, 5}, {2}], [{8, 4}, {2, 7}, {1, 6}, {3, 5}], [{8, 4}, {2, 7}, {3, 6}, {1, 5}], [{8, 4}, {2, 7}, {5, 6}, {1, 3}], [{8, 4}, {3, 7}, {1, 6}, {2, 5}], [{8, 4}, {3, 7}, {2, 6}, {1, 5}], [{8, 4}, {3, 7}, {5, 6}, {1, 2}], [{8, 4}, {3, 7}, {6}, {1, 5}, {2}], [{8, 4}, {5, 7}, {1, 6}, {2, 3}], [{8, 4}, {5, 7}, {2, 6}, {1, 3}], [{8, 4}, {5, 7}, {3, 6}, {1, 2}], [{8, 4}, {5, 7}, {6}, {1, 3}, {2}], [{8, 4}, {5, 7}, {6}, {2, 3}, {1}], [{8, 4}, {5, 7}, {6}, {3}, {1, 2}], [{8, 4}, {6, 7}, {1, 5}, {2, 3}], [{8, 4}, {6, 7}, {2, 5}, {1, 3}], [{8, 4}, {6, 7}, {3, 5}, {1, 2}], [{8, 4}, {6, 7}, {3, 5}, {2}, {1}], [{8, 4}, {7}, {1, 6}, {3, 5}, {2}], [{8, 5}, {1, 7}, {2, 6}, {3, 4}], [{8, 5}, {1, 7}, {3, 6}, {2, 4}], [{8, 5}, {1, 7}, {4, 6}, {2, 3}], [{8, 5}, {1, 7}, {6}, {3, 4}, {2}], [{8, 5}, {2, 7}, {1, 6}, {3, 4}], [{8, 5}, {2, 7}, {1, 6}, {4}, {3}], [{8, 5}, {2, 7}, {3, 6}, {1, 4}], [{8, 5}, {2, 7}, {4, 6}, {1, 3}], [{8, 5}, {3, 7}, {1, 6}, {2, 4}], [{8, 5}, {3, 7}, {2, 6}, {1, 4}], [{8, 5}, {3, 7}, {2, 6}, {4}, {1}], [{8, 5}, {3, 7}, {4, 6}, {1, 2}], [{8, 5}, {3, 7}, {4, 6}, {2}, {1}], [{8, 5}, {3, 7}, {6}, {2, 4}, {1}], [{8, 5}, {4, 7}, {1, 6}, {2, 3}], [{8, 5}, {4, 7}, {2, 6}, {1, 3}], [{8, 5}, {4, 7}, {3, 6}, {1, 2}], [{8, 5}, {6, 7}, {1, 4}, {2, 3}], [{8, 5}, {6, 7}, {2, 4}, {1, 3}], [{8, 5}, {6, 7}, {3, 4}, {1, 2}], [{8, 5}, {6, 7}, {4}, {3}, {1, 2}], [{8, 6}, {1, 7}, {2, 5}, {3, 4}], [{8, 6}, {1, 7}, {3, 5}, {2, 4}], [{8, 6}, {1, 7}, {4, 5}, {2, 3}], [{8, 6}, {1, 7}, {4, 5}, {3}, {2}], [{8, 6}, {2, 7}, {1, 5}, {3, 4}], [{8, 6}, {2, 7}, {3, 5}, {1, 4}], [{8, 6}, {2, 7}, {4, 5}, {1, 3}], [{8, 6}, {2, 7}, {4, 5}, {3}, {1}], [{8, 6}, {3, 7}, {1, 5}, {2, 4}], [{8, 6}, {3, 7}, {2, 5}, {1, 4}], [{8, 6}, {3, 7}, {4, 5}, {1, 2}], [{8, 6}, {3, 7}, {4, 5}, {2}, {1}], [{8, 6}, {4, 7}, {1, 5}, {2, 3}], [{8, 6}, {4, 7}, {1, 5}, {3}, {2}], [{8, 6}, {4, 7}, {2, 5}, {1, 3}], [{8, 6}, {4, 7}, {2, 5}, {3}, {1}], [{8, 6}, {4, 7}, {3, 5}, {1, 2}], [{8, 6}, {4, 7}, {3, 5}, {2}, {1}], [{8, 6}, {4, 7}, {5}, {1, 3}, {2}], [{8, 6}, {4, 7}, {5}, {2, 3}, {1}], [{8, 6}, {4, 7}, {5}, {3}, {1, 2}], [{8, 6}, {4, 7}, {5}, {3}, {2}, {1}], [{8, 6}, {5, 7}, {1, 4}, {2, 3}], [{8, 6}, {5, 7}, {1, 4}, {3}, {2}], [{8, 6}, {5, 7}, {2, 4}, {1, 3}], [{8, 6}, {5, 7}, {2, 4}, {3}, {1}], [{8, 6}, {5, 7}, {3, 4}, {1, 2}], [{8, 6}, {5, 7}, {3, 4}, {2}, {1}], [{8, 6}, {5, 7}, {4}, {1, 3}, {2}], [{8, 6}, {5, 7}, {4}, {2, 3}, {1}], [{8, 6}, {5, 7}, {4}, {3}, {1, 2}], [{8, 6}, {5, 7}, {4}, {3}, {2}, {1}], [{8, 6}, {7}, {4, 5}, {1, 3}, {2}], [{8, 6}, {7}, {4, 5}, {2, 3}, {1}], [{8, 6}, {7}, {4, 5}, {3}, {1, 2}], [{8, 6}, {7}, {4, 5}, {3}, {2}, {1}], [{8, 7}, {1, 6}, {2, 5}, {3, 4}], [{8, 7}, {1, 6}, {3, 5}, {2, 4}], [{8, 7}, {1, 6}, {4, 5}, {2, 3}], [{8, 7}, {1, 6}, {4, 5}, {3}, {2}], [{8, 7}, {2, 6}, {1, 5}, {3, 4}], [{8, 7}, {2, 6}, {1, 5}, {4}, {3}], [{8, 7}, {2, 6}, {3, 5}, {1, 4}], [{8, 7}, {2, 6}, {3, 5}, {4}, {1}], [{8, 7}, {2, 6}, {4, 5}, {1, 3}], [{8, 7}, {2, 6}, {5}, {4}, {1, 3}], [{8, 7}, {3, 6}, {1, 5}, {2, 4}], [{8, 7}, {3, 6}, {2, 5}, {1, 4}], [{8, 7}, {3, 6}, {4, 5}, {1, 2}], [{8, 7}, {4, 6}, {1, 5}, {2, 3}], [{8, 7}, {4, 6}, {2, 5}, {1, 3}], [{8, 7}, {4, 6}, {2, 5}, {3}, {1}], [{8, 7}, {4, 6}, {3, 5}, {1, 2}], [{8, 7}, {5, 6}, {1, 4}, {2, 3}], [{8, 7}, {5, 6}, {2, 4}, {1, 3}], [{8, 7}, {5, 6}, {3, 4}, {1, 2}], [{8, 7}, {5, 6}, {4}, {1, 3}, {2}], [{8, 7}, {6}, {2, 5}, {4}, {1, 3}], [{8}, {1, 7}, {2, 6}, {4, 5}, {3}], [{8}, {1, 7}, {3, 6}, {4, 5}, {2}], [{8}, {1, 7}, {4, 6}, {2, 5}, {3}], [{8}, {1, 7}, {5, 6}, {2, 4}, {3}], [{8}, {1, 7}, {6}, {4, 5}, {2, 3}], [{8}, {1, 7}, {6}, {4, 5}, {3}, {2}], [{8}, {2, 7}, {4, 6}, {1, 5}, {3}], [{8}, {4, 7}, {3, 6}, {1, 5}, {2}], [{8}, {5, 7}, {1, 6}, {2, 4}, {3}], [{8}, {5, 7}, {3, 6}, {1, 4}, {2}], [{8}, {5, 7}, {4, 6}, {1, 3}, {2}], [{8}, {5, 7}, {4, 6}, {2, 3}, {1}], [{8}, {5, 7}, {4, 6}, {3}, {1, 2}], [{8}, {6, 7}, {1, 5}, {2, 4}, {3}], [{8}, {6, 7}, {3, 5}, {1, 4}, {2}]]",2,8 K_1^3 + 12 K_1^2 K_2 - 18 K_1^2 - 14 K_1 K_2 - 14 K_1 K_3 + K_1 - 2 K_2^2 + 10 K_2 + 5 K_3 + 5 K_4 + 8,O1O2O3O4U5U6O7U1U4O8O6U8U2U7O5U3,O1O2O3U4U3O5O6U1O4O7U5U8U2U6O8U7,O1O2O3U4O5U6U2U5U7O4O8U3O6O7U1U8,c,{'O1O2O3O4U2O5U6U3U7O8O7U1U4O6U8U5'},1,"<a href=""/flatknot/8.704107"">8.704107</a>",t^9-71t^7-238t^6-36t^5+242t^4+70t^3+12t^2-19t-24,-t^3+2t^2-t,,
8.704108,O1O2O3O4U2O5U6U3U7O8O7U1U8O6U4U5,4,5z^2+58z+97,5w^3z^2+58w^2z+97w,False,False,"[[ 0 -2 -2  0  2  3 -2  1  0],[ 2  0 -1  1  3  3  0  2  0],[ 2  1  0  1  2  2  1  2  0],[ 0 -1 -1  0  0  1  0  0  0],[-2 -3 -2  0  0  1 -2 -1 -1],[-3 -3 -2 -1 -1  0 -3 -2 -1],[ 2  0 -1  0  2  3  0  2  1],[-1 -2 -2  0  1  2 -2  0  0],[ 0  0  0  0  1  1 -1  0  0]]","[[ 0  3  2  1  0  0 -2 -2 -2],[-3  0 -1 -2 -1 -1 -2 -3 -3],[-2  1  0 -1  0 -1 -2 -2 -3],[-1  2  1  0  0  0 -2 -2 -2],[ 0  1  0  0  0  0 -1  0 -1],[ 0  1  1  0  0  0  0 -1  0],[ 2  2  2  2  1  0  0  1  1],[ 2  3  2  2  0  1 -1  0  0],[ 2  3  3  2  1  0 -1  0  0]]",True,"[-3,-2,-1,0,0,2,2,2,1,2,1,1,2,3,3,1,0,1,2,2,3,0,0,2,2,2,0,1,0,1,0,1,0,-1,-1,0]","[-3,-2,-1,0,0,2,2,2,0,0,2,2,2,2,3,0,1,2,1,2,2,1,1,1,1,1,0,2,1,2,1,2,1,0,-1,-1]",t^8+65t^6+144t^4+28t^2+1,"[-2,-2,-2,0,0,1,2,3,-1,-1,1,2,1,2,3,0,1,2,1,1,2,2,1,1,2,2,0,1,2,2,1,1,2,0,0,0]","[-3,-2,-1,0,0,2,2,2,0,0,2,2,2,2,3,0,1,2,1,2,2,1,1,1,1,1,0,2,1,2,1,2,1,0,-1,-1]","[-2,-2,-2,0,0,1,2,3,-1,0,0,1,2,2,3,1,1,0,2,2,2,1,0,2,3,3,0,0,0,1,0,1,1,1,2,1]",c,"[[{8, 3}, {2, 7}, {5, 6}, {1, 4}], [{8, 3}, {5, 7}, {2, 6}, {1, 4}], [{8, 3}, {6, 7}, {2, 5}, {1, 4}], [{8, 5}, {6, 7}, {1, 4}, {2, 3}]]",1,4 K_1^3 - 20 K_1^2 - 14 K_1 K_2 - 4 K_1 K_3 + 4 K_1 + 12 K_2 + 6 K_3 + 2 K_4 + 11,O1O2O3O4U5U1O6U7U4O8O7U8U2U6O5U3,O1O2O3U4U3O5O4U1O6O7U5U8U2U6O8U7,O1O2O3U4O5U6U2U5U7O4O6U3O8O7U1U8,c,"{'O1O2O3O4U2O5U4U6U7O8O7U1U8U3O6U5', 'O1O2O3O4U2O5U6U3U7O8O7U1U8O6U4U5'}",2,"<a href=""/flatknot/8.704108"">8.704108</a>",t^9-63t^7-206t^6-74t^5+294t^4+169t^3-56t^2-14t,-t^3+2t^2-t,,
8.704109,O1O2O3O4U2O5U6U3U7O8O7U4U1O6U8U5,3,13z^2+62z+73,13w^3z^2+62w^2z+73w,False,False,"[[ 0 -1 -2  0  1  3 -2  1  0],[ 1  0 -2  0  2  3 -1  1  0],[ 2  2  0  1  2  2  0  2  1],[ 0  0 -1  0  1  1 -1  0  0],[-1 -2 -2 -1  0  1 -1 -1 -1],[-3 -3 -2 -1 -1  0 -2 -2 -2],[ 2  1  0  1  1  2  0  3  1],[-1 -1 -2  0  1  2 -3  0  0],[ 0  0 -1  0  1  2 -1  0  0]]","[[ 0  3  1  1  0  0 -1 -2 -2],[-3  0 -1 -2 -1 -2 -3 -2 -2],[-1  1  0 -1 -1 -1 -2 -1 -2],[-1  2  1  0  0  0 -1 -3 -2],[ 0  1  1  0  0  0  0 -1 -1],[ 0  2  1  0  0  0  0 -1 -1],[ 1  3  2  1  0  0  0 -1 -2],[ 2  2  1  3  1  1  1  0  0],[ 2  2  2  2  1  1  2  0  0]]",True,"[-3,-1,-1,0,0,1,2,2,1,2,1,2,3,2,2,1,1,1,2,1,2,0,0,1,3,2,0,0,1,1,0,1,1,1,2,0]","[-3,-1,-1,0,0,1,2,2,0,1,1,2,1,3,3,1,1,1,1,0,1,0,0,0,2,1,0,1,1,1,1,1,1,0,-1,0]",t^8+62t^6+168t^4+42t^2,"[-2,-2,-1,0,0,1,1,3,0,-1,1,1,1,1,3,0,1,1,0,2,3,1,1,1,0,1,0,1,0,1,1,0,2,-1,0,1]","[-3,-1,-1,0,0,1,2,2,0,1,1,2,1,3,3,1,1,1,1,0,1,0,0,0,2,1,0,1,1,1,1,1,1,0,-1,0]","[-2,-2,-1,0,0,1,1,3,0,1,1,1,1,3,2,2,1,1,2,2,2,0,0,2,1,3,0,1,0,1,1,0,2,-1,1,2]",c,"[[{8, 6}, {1, 7}, {4, 5}, {2, 3}], [{8, 6}, {1, 7}, {4, 5}, {3}, {2}], [{8, 6}, {4, 7}, {1, 5}, {2, 3}], [{8, 6}, {4, 7}, {1, 5}, {3}, {2}]]",1,4 K_1^3 + 4 K_1^2 K_2 - 14 K_1^2 - 10 K_1 K_2 - 2 K_1 K_3 + 2 K_1 - 2 K_2^2 + 6 K_2 + 4 K_3 + K_4 + 8,O1O2O3O4U5U6O7U4U1O8O6U8U2U7O5U3,O1O2O3U4U3O5O6U1O4O7U6U8U2U5O8U7,O1O2O3U4O5U6U2U5U7O4O8U3O7O6U1U8,c,"{'O1O2O3O4U2O5U6U3U7O8O7U4U1O6U8U5', 'O1O2O3U1O4O5U6U3U7O8O7U2U4O6U8U5'}",2,"<a href=""/flatknot/8.704109"">8.704109</a>",t^9-60t^7-202t^6-52t^5+270t^4+160t^3-20t^2-36t,-t^3+2t^2-t,,
8.704110,O1O2O3O4U2O5U6U3U7O8O7U4U8O6U1U5,4,5z^3+41z^2+110z+97,5w^4z^3-2w^4z^2+43w^3z^2+110w^2z+97w,False,False,"[[ 0 -1 -2  0  1  3 -2  1  0],[ 1  0 -2  1  2  3 -1  2  0],[ 2  2  0  1  2  2  0  2  1],[ 0 -1 -1  0  1  1 -1  0  1],[-1 -2 -2 -1  0  1 -2 -1  0],[-3 -3 -2 -1 -1  0 -3 -2 -1],[ 2  1  0  1  2  3  0  2  1],[-1 -2 -2  0  1  2 -2  0  0],[ 0  0 -1 -1  0  1 -1  0  0]]","[[ 0  3  1  1  0  0 -1 -2 -2],[-3  0 -1 -2 -1 -1 -3 -2 -3],[-1  1  0 -1  0 -1 -2 -2 -2],[-1  2  1  0  0  0 -2 -2 -2],[ 0  1  0  0  0 -1  0 -1 -1],[ 0  1  1  0  1  0 -1 -1 -1],[ 1  3  2  2  0  1  0 -2 -1],[ 2  2  2  2  1  1  2  0  0],[ 2  3  2  2  1  1  1  0  0]]",True,"[-3,-1,-1,0,0,1,2,2,1,2,1,1,3,2,3,1,0,1,2,2,2,0,0,2,2,2,1,0,1,1,1,1,1,2,1,0]","[-3,-1,-1,0,0,1,2,2,0,1,2,2,1,2,3,1,1,1,0,1,1,0,1,0,1,1,1,0,1,1,1,1,1,0,-1,0]",t^8+66t^6+171t^4+82t^2+1,"[-2,-2,-1,0,0,1,1,3,0,-1,1,1,1,1,3,0,1,1,1,1,2,0,1,0,0,1,-1,0,1,2,1,1,2,1,1,0]","[-3,-1,-1,0,0,1,2,2,0,1,2,2,1,2,3,1,1,1,0,1,1,0,1,0,1,1,1,0,1,1,1,1,1,0,-1,0]","[-2,-2,-1,0,0,1,1,3,0,1,1,1,2,2,3,2,1,1,2,2,2,0,1,2,2,3,-1,0,0,1,0,1,1,1,2,1]",c,"[[{8, 1}, {3, 7}, {5, 6}, {2, 4}], [{8, 1}, {7}, {5, 6}, {2, 4}, {3}]]",1,16 K_1^3 + 4 K_1^2 K_2 - 16 K_1^2 - 14 K_1 K_2 - 4 K_1 K_3 - 5 K_1 + 8 K_2 + 3 K_3 + K_4 + 8,O1O2O3O4U5U4O6U7U1O8O7U8U2U6O5U3,O1O2O3U4U3O5O4U1O6O7U6U8U2U5O8U7,O1O2O3U4O5U6U2U5U7O4O7U3O8O6U1U8,c,{'O1O2O3O4U2O5U6U3U7O8O7U4U8O6U1U5'},1,"<a href=""/flatknot/8.704110"">8.704110</a>",t^9-64t^7-258t^6-283t^5+16t^4+64t^3+72t^2+201t+50,-t^3+2t^2-t,,
8.704111,O1O2O3O4U2O5U6U3U7O8O7U5U1O6U4U8,4,z^3+16z^2+66z+77,w^4z^3+16w^3z^2+66w^2z+77w,False,False,"[[ 0 -1 -2  0  2  1 -2  1  1],[ 1  0 -1  0  2  1 -1  1  1],[ 2  1  0  1  2  1  1  2  1],[ 0  0 -1  0  1  1 -1  0  1],[-2 -2 -2 -1  0  1 -3 -2  0],[-1 -1 -1 -1 -1  0 -1 -1 -1],[ 2  1 -1  1  3  1  0  3  2],[-1 -1 -2  0  2  1 -3  0  1],[-1 -1 -1 -1  0  1 -2 -1  0]]","[[ 0  2  1  1  1  0 -1 -2 -2],[-2  0  1  0 -2 -1 -2 -2 -3],[-1 -1  0 -1 -1 -1 -1 -1 -1],[-1  0  1  0 -1 -1 -1 -1 -2],[-1  2  1  1  0  0 -1 -2 -3],[ 0  1  1  1  0  0  0 -1 -1],[ 1  2  1  1  1  0  0 -1 -1],[ 2  2  1  1  2  1  1  0  1],[ 2  3  1  2  3  1  1 -1  0]]",True,"[-2,-1,-1,-1,0,1,2,2,-1,0,2,1,2,2,3,1,1,1,1,1,1,1,1,1,1,2,0,1,2,3,0,1,1,1,1,-1]","[-2,-2,-1,0,1,1,1,2,-1,0,1,1,2,2,2,0,1,0,1,2,1,1,1,1,1,1,1,0,0,1,-1,-1,-1,-1,1,2]",t^8+56t^6+75t^4+21t^2+1,"[-2,-2,-1,0,1,1,1,2,-1,0,1,1,2,2,2,0,1,0,1,2,1,1,1,1,1,1,1,0,0,1,-1,-1,-1,-1,1,2]","[-2,-1,-1,-1,0,1,2,2,-1,1,2,1,1,1,2,1,1,1,1,0,1,1,0,1,1,2,0,1,2,2,1,1,1,0,0,-1]","[-2,-2,-1,0,1,1,1,2,-1,1,1,1,2,3,3,1,1,1,1,2,2,0,1,1,1,2,1,1,0,1,-1,-1,-1,-1,0,2]",c,"[[{8, 1}, {2, 7}, {3, 6}, {4, 5}], [{8, 1}, {2, 7}, {4, 6}, {3, 5}], [{8, 1}, {2, 7}, {4, 6}, {5}, {3}], [{8, 1}, {2, 7}, {5, 6}, {3, 4}], [{8, 1}, {3, 7}, {2, 6}, {4, 5}], [{8, 1}, {3, 7}, {4, 6}, {2, 5}], [{8, 1}, {3, 7}, {5, 6}, {2, 4}], [{8, 1}, {4, 7}, {2, 6}, {3, 5}], [{8, 1}, {4, 7}, {3, 6}, {2, 5}], [{8, 1}, {4, 7}, {5, 6}, {2, 3}], [{8, 1}, {5, 7}, {2, 6}, {3, 4}], [{8, 1}, {5, 7}, {2, 6}, {4}, {3}], [{8, 1}, {5, 7}, {3, 6}, {2, 4}], [{8, 1}, {5, 7}, {3, 6}, {4}, {2}], [{8, 1}, {5, 7}, {4, 6}, {2, 3}], [{8, 1}, {5, 7}, {4, 6}, {3}, {2}], [{8, 1}, {5, 7}, {6}, {2, 4}, {3}], [{8, 1}, {5, 7}, {6}, {3, 4}, {2}], [{8, 1}, {5, 7}, {6}, {4}, {2, 3}], [{8, 1}, {5, 7}, {6}, {4}, {3}, {2}], [{8, 1}, {6, 7}, {2, 5}, {3, 4}], [{8, 1}, {6, 7}, {3, 5}, {2, 4}], [{8, 1}, {6, 7}, {4, 5}, {2, 3}], [{8, 1}, {6, 7}, {5}, {2, 4}, {3}], [{8, 1}, {7}, {4, 6}, {2, 5}, {3}], [{8, 1}, {7}, {5, 6}, {2, 4}, {3}], [{8, 2}, {1, 7}, {3, 6}, {4, 5}], [{8, 2}, {1, 7}, {4, 6}, {3, 5}], [{8, 2}, {1, 7}, {4, 6}, {5}, {3}], [{8, 2}, {1, 7}, {5, 6}, {3, 4}], [{8, 2}, {3, 7}, {1, 6}, {4, 5}], [{8, 2}, {3, 7}, {4, 6}, {1, 5}], [{8, 2}, {3, 7}, {4, 6}, {5}, {1}], [{8, 2}, {3, 7}, {5, 6}, {1, 4}], [{8, 2}, {3, 7}, {6}, {1, 5}, {4}], [{8, 2}, {4, 7}, {1, 6}, {3, 5}], [{8, 2}, {4, 7}, {3, 6}, {1, 5}], [{8, 2}, {4, 7}, {5, 6}, {1, 3}], [{8, 2}, {4, 7}, {6}, {1, 5}, {3}], [{8, 2}, {5, 7}, {1, 6}, {3, 4}], [{8, 2}, {5, 7}, {3, 6}, {1, 4}], [{8, 2}, {5, 7}, {4, 6}, {1, 3}], [{8, 2}, {5, 7}, {4, 6}, {3}, {1}], [{8, 2}, {6, 7}, {1, 5}, {3, 4}], [{8, 2}, {6, 7}, {1, 5}, {4}, {3}], [{8, 2}, {6, 7}, {3, 5}, {1, 4}], [{8, 2}, {6, 7}, {4, 5}, {1, 3}], [{8, 2}, {7}, {1, 6}, {4, 5}, {3}], [{8, 2}, {7}, {3, 6}, {1, 5}, {4}], [{8, 2}, {7}, {4, 6}, {1, 5}, {3}], [{8, 2}, {7}, {4, 6}, {3, 5}, {1}], [{8, 2}, {7}, {4, 6}, {5}, {1, 3}], [{8, 2}, {7}, {4, 6}, {5}, {3}, {1}], [{8, 2}, {7}, {5, 6}, {1, 4}, {3}], [{8, 2}, {7}, {6}, {1, 5}, {3, 4}], [{8, 2}, {7}, {6}, {1, 5}, {4}, {3}], [{8, 3}, {1, 7}, {2, 6}, {4, 5}], [{8, 3}, {1, 7}, {4, 6}, {2, 5}], [{8, 3}, {1, 7}, {4, 6}, {5}, {2}], [{8, 3}, {1, 7}, {5, 6}, {2, 4}], [{8, 3}, {2, 7}, {1, 6}, {4, 5}], [{8, 3}, {2, 7}, {4, 6}, {1, 5}], [{8, 3}, {2, 7}, {5, 6}, {1, 4}], [{8, 3}, {2, 7}, {5, 6}, {4}, {1}], [{8, 3}, {4, 7}, {1, 6}, {2, 5}], [{8, 3}, {4, 7}, {2, 6}, {1, 5}], [{8, 3}, {4, 7}, {5, 6}, {1, 2}], [{8, 3}, {4, 7}, {6}, {1, 5}, {2}], [{8, 3}, {5, 7}, {1, 6}, {2, 4}], [{8, 3}, {5, 7}, {1, 6}, {4}, {2}], [{8, 3}, {5, 7}, {2, 6}, {1, 4}], [{8, 3}, {5, 7}, {4, 6}, {1, 2}], [{8, 3}, {5, 7}, {6}, {2, 4}, {1}], [{8, 3}, {6, 7}, {1, 5}, {2, 4}], [{8, 3}, {6, 7}, {2, 5}, {1, 4}], [{8, 3}, {6, 7}, {4, 5}, {1, 2}], [{8, 3}, {7}, {4, 6}, {2, 5}, {1}], [{8, 3}, {7}, {6}, {4, 5}, {1, 2}], [{8, 4}, {1, 7}, {2, 6}, {3, 5}], [{8, 4}, {1, 7}, {3, 6}, {2, 5}], [{8, 4}, {1, 7}, {5, 6}, {2, 3}], [{8, 4}, {2, 7}, {1, 6}, {3, 5}], [{8, 4}, {2, 7}, {3, 6}, {1, 5}], [{8, 4}, {2, 7}, {5, 6}, {1, 3}], [{8, 4}, {2, 7}, {5, 6}, {3}, {1}], [{8, 4}, {3, 7}, {1, 6}, {2, 5}], [{8, 4}, {3, 7}, {2, 6}, {1, 5}], [{8, 4}, {3, 7}, {5, 6}, {1, 2}], [{8, 4}, {3, 7}, {6}, {1, 5}, {2}], [{8, 4}, {5, 7}, {1, 6}, {2, 3}], [{8, 4}, {5, 7}, {2, 6}, {1, 3}], [{8, 4}, {5, 7}, {3, 6}, {1, 2}], [{8, 4}, {5, 7}, {6}, {2, 3}, {1}], [{8, 4}, {6, 7}, {1, 5}, {2, 3}], [{8, 4}, {6, 7}, {2, 5}, {1, 3}], [{8, 4}, {6, 7}, {2, 5}, {3}, {1}], [{8, 4}, {6, 7}, {3, 5}, {1, 2}], [{8, 4}, {7}, {6}, {3, 5}, {1, 2}], [{8, 5}, {1, 7}, {2, 6}, {3, 4}], [{8, 5}, {1, 7}, {3, 6}, {2, 4}], [{8, 5}, {1, 7}, {4, 6}, {2, 3}], [{8, 5}, {1, 7}, {4, 6}, {3}, {2}], [{8, 5}, {2, 7}, {1, 6}, {3, 4}], [{8, 5}, {2, 7}, {3, 6}, {1, 4}], [{8, 5}, {2, 7}, {4, 6}, {1, 3}], [{8, 5}, {2, 7}, {4, 6}, {3}, {1}], [{8, 5}, {3, 7}, {1, 6}, {2, 4}], [{8, 5}, {3, 7}, {2, 6}, {1, 4}], [{8, 5}, {3, 7}, {4, 6}, {1, 2}], [{8, 5}, {3, 7}, {4, 6}, {2}, {1}], [{8, 5}, {4, 7}, {1, 6}, {2, 3}], [{8, 5}, {4, 7}, {2, 6}, {1, 3}], [{8, 5}, {4, 7}, {3, 6}, {1, 2}], [{8, 5}, {6, 7}, {1, 4}, {2, 3}], [{8, 5}, {6, 7}, {2, 4}, {1, 3}], [{8, 5}, {6, 7}, {3, 4}, {1, 2}], [{8, 5}, {7}, {4, 6}, {1, 3}, {2}], [{8, 5}, {7}, {4, 6}, {2, 3}, {1}], [{8, 5}, {7}, {4, 6}, {3}, {1, 2}], [{8, 5}, {7}, {4, 6}, {3}, {2}, {1}], [{8, 6}, {1, 7}, {2, 5}, {3, 4}], [{8, 6}, {1, 7}, {3, 5}, {2, 4}], [{8, 6}, {1, 7}, {4, 5}, {2, 3}], [{8, 6}, {2, 7}, {1, 5}, {3, 4}], [{8, 6}, {2, 7}, {3, 5}, {1, 4}], [{8, 6}, {2, 7}, {3, 5}, {4}, {1}], [{8, 6}, {2, 7}, {4, 5}, {1, 3}], [{8, 6}, {2, 7}, {5}, {1, 4}, {3}], [{8, 6}, {3, 7}, {1, 5}, {2, 4}], [{8, 6}, {3, 7}, {2, 5}, {1, 4}], [{8, 6}, {3, 7}, {4, 5}, {1, 2}], [{8, 6}, {3, 7}, {5}, {1, 4}, {2}], [{8, 6}, {4, 7}, {1, 5}, {2, 3}], [{8, 6}, {4, 7}, {2, 5}, {1, 3}], [{8, 6}, {4, 7}, {2, 5}, {3}, {1}], [{8, 6}, {4, 7}, {3, 5}, {1, 2}], [{8, 6}, {5, 7}, {1, 4}, {2, 3}], [{8, 6}, {5, 7}, {2, 4}, {1, 3}], [{8, 6}, {5, 7}, {2, 4}, {3}, {1}], [{8, 6}, {5, 7}, {3, 4}, {1, 2}], [{8, 6}, {5, 7}, {4}, {1, 3}, {2}], [{8, 6}, {7}, {5}, {1, 4}, {2, 3}], [{8, 7}, {1, 6}, {2, 5}, {3, 4}], [{8, 7}, {1, 6}, {2, 5}, {4}, {3}], [{8, 7}, {1, 6}, {3, 5}, {2, 4}], [{8, 7}, {1, 6}, {4, 5}, {2, 3}], [{8, 7}, {2, 6}, {1, 5}, {3, 4}], [{8, 7}, {2, 6}, {3, 5}, {1, 4}], [{8, 7}, {2, 6}, {4, 5}, {1, 3}], [{8, 7}, {3, 6}, {1, 5}, {2, 4}], [{8, 7}, {3, 6}, {2, 5}, {1, 4}], [{8, 7}, {3, 6}, {2, 5}, {4}, {1}], [{8, 7}, {3, 6}, {4, 5}, {1, 2}], [{8, 7}, {4, 6}, {1, 5}, {2, 3}], [{8, 7}, {4, 6}, {1, 5}, {3}, {2}], [{8, 7}, {4, 6}, {2, 5}, {1, 3}], [{8, 7}, {4, 6}, {2, 5}, {3}, {1}], [{8, 7}, {4, 6}, {3, 5}, {1, 2}], [{8, 7}, {4, 6}, {5}, {3}, {1, 2}], [{8, 7}, {5, 6}, {1, 4}, {2, 3}], [{8, 7}, {5, 6}, {2, 4}, {1, 3}], [{8, 7}, {5, 6}, {3, 4}, {1, 2}], [{8, 7}, {6}, {2, 5}, {1, 4}, {3}], [{8, 7}, {6}, {2, 5}, {3, 4}, {1}], [{8, 7}, {6}, {2, 5}, {4}, {1, 3}], [{8, 7}, {6}, {2, 5}, {4}, {3}, {1}], [{8}, {1, 7}, {2, 6}, {3, 5}, {4}], [{8}, {1, 7}, {4, 6}, {2, 5}, {3}], [{8}, {1, 7}, {4, 6}, {3, 5}, {2}], [{8}, {1, 7}, {4, 6}, {5}, {2, 3}], [{8}, {1, 7}, {4, 6}, {5}, {3}, {2}], [{8}, {1, 7}, {5, 6}, {4}, {2, 3}], [{8}, {1, 7}, {6}, {3, 5}, {2, 4}], [{8}, {1, 7}, {6}, {4, 5}, {2, 3}], [{8}, {2, 7}, {4, 6}, {1, 5}, {3}], [{8}, {2, 7}, {5, 6}, {3, 4}, {1}], [{8}, {2, 7}, {6}, {3, 5}, {1, 4}], [{8}, {2, 7}, {6}, {4, 5}, {1, 3}], [{8}, {3, 7}, {4, 6}, {2, 5}, {1}], [{8}, {3, 7}, {6}, {1, 5}, {2, 4}], [{8}, {4, 7}, {5, 6}, {3}, {1, 2}], [{8}, {4, 7}, {6}, {1, 5}, {2, 3}], [{8}, {5, 7}, {1, 6}, {2, 4}, {3}], [{8}, {5, 7}, {3, 6}, {2, 4}, {1}], [{8}, {5, 7}, {4, 6}, {3}, {1, 2}], [{8}, {5, 7}, {6}, {1, 4}, {2, 3}], [{8}, {5, 7}, {6}, {2, 4}, {1, 3}], [{8}, {6, 7}, {1, 5}, {3, 4}, {2}], [{8}, {7}, {4, 6}, {2, 5}, {1, 3}], [{8}, {7}, {4, 6}, {2, 5}, {3}, {1}]]",2,4 K_1^3 - 14 K_1^2 - 12 K_1 K_2 + 3 K_1 + 7 K_2 + 5 K_3 + 8,O1O2O3O4U5U1O6U4U7O8O5U8U2U6O7U3,O1O2O3U4U3O5O6U1O7O4U6U8U2U7O8U5,O1O2O3U4O5U6U2U5U7O8O6U3O7O4U1U8,c,"{'O1O2O3O4U2O5U6U3U7O8O7U5U1O6U4U8', 'O1O2O3O4U2O5U4U6U7O8O7U5U1U3O6U8'}",2,"<a href=""/flatknot/8.704111"">8.704111</a>",t^9-58t^7-214t^6-176t^5+150t^4+208t^3+28t^2-12t-2,t^2-2t,,
8.704112,O1O2O3O4U2O5U6U3U7O8O7U5U1O6U8U4,4,2z^3+29z^2+108z+117,2w^4z^3+29w^3z^2+108w^2z+117w,False,False,"[[ 0 -1 -2  0  3  1 -2  1  0],[ 1  0 -1  0  3  1 -1  1  0],[ 2  1  0  1  2  1  1  2  0],[ 0  0 -1  0  1  1 -1  0  0],[-3 -3 -2 -1  0  0 -3 -2 -1],[-1 -1 -1 -1  0  0 -1 -1 -1],[ 2  1 -1  1  3  1  0  3  1],[-1 -1 -2  0  2  1 -3  0  0],[ 0  0  0  0  1  1 -1  0  0]]","[[ 0  3  1  1  0  0 -1 -2 -2],[-3  0  0 -2 -1 -1 -3 -2 -3],[-1  0  0 -1 -1 -1 -1 -1 -1],[-1  2  1  0  0  0 -1 -2 -3],[ 0  1  1  0  0  0  0  0 -1],[ 0  1  1  0  0  0  0 -1 -1],[ 1  3  1  1  0  0  0 -1 -1],[ 2  2  1  2  0  1  1  0  1],[ 2  3  1  3  1  1  1 -1  0]]",True,"[-3,-1,-1,0,0,1,2,2,0,2,1,1,3,2,3,1,1,1,1,1,1,0,0,1,2,3,0,0,0,1,0,1,1,1,1,-1]","[-3,-1,-1,0,0,1,2,2,0,2,1,1,3,2,3,1,1,1,1,1,1,0,0,1,2,3,0,0,0,1,0,1,1,1,1,-1]",t^8+54t^6+121t^4+56t^2+4,"[-2,-2,-1,0,0,1,1,3,-1,0,1,2,1,2,3,0,1,1,0,2,2,1,1,1,1,1,0,1,0,2,1,0,2,-1,0,2]","[-3,-1,-1,0,0,1,2,2,0,2,2,2,1,2,3,1,1,1,1,0,1,0,0,1,2,2,0,1,1,1,1,1,2,0,0,-1]","[-2,-2,-1,0,0,1,1,3,-1,1,1,1,1,3,3,1,0,1,1,2,2,0,0,1,1,3,0,1,0,1,1,0,1,-1,0,2]",c,"[[{8, 2}, {5, 7}, {3, 6}, {1, 4}], [{8, 2}, {5, 7}, {6}, {1, 4}, {3}]]",1,4 K_1^2 K_2 - 10 K_1^2 - 10 K_1 K_2 - 6 K_1 K_3 + 5 K_1 - 6 K_2^2 + 6 K_2 + 5 K_3 + 5 K_4 + 8,O1O2O3O4U1U5O6U4U7O8O5U8U2U6O7U3,O1O2O3U4U3O5O6U1O4O7U6U8U2U7O8U5,O1O2O3U4O5U6U2U5U7O6O8U3O7O4U1U8,c,{'O1O2O3O4U2O5U6U3U7O8O7U5U1O6U8U4'},1,"<a href=""/flatknot/8.704112"">8.704112</a>",t^9-52t^7-174t^6-67t^5+180t^4+57t^3-24t^2-9t-2,-t^3+2t^2-t,,
8.704113,O1O2O3O4U2O5U6U3U7O8O7U5U4O6U1U8,4,2z^3+33z^2+112z+109,2w^4z^3+33w^3z^2+112w^2z+109w,False,False,"[[ 0 -1 -2  0  2  1 -2  1  1],[ 1  0 -2  0  3  2 -2  1  1],[ 2  2  0  1  2  1  0  2  1],[ 0  0 -1  0  2  1 -2  0  1],[-2 -3 -2 -2  0  0 -3 -2  0],[-1 -2 -1 -1  0  0 -1 -1 -1],[ 2  2  0  2  3  1  0  3  2],[-1 -1 -2  0  2  1 -3  0  1],[-1 -1 -1 -1  0  1 -2 -1  0]]","[[ 0  2  1  1  1  0 -1 -2 -2],[-2  0  0  0 -2 -2 -3 -2 -3],[-1  0  0  1 -1 -1 -1 -1 -2],[-1  0 -1  0 -1 -1 -2 -1 -1],[-1  2  1  1  0  0 -1 -2 -3],[ 0  2  1  1  0  0  0 -1 -2],[ 1  3  1  2  1  0  0 -2 -2],[ 2  2  1  1  2  1  2  0  0],[ 2  3  2  1  3  2  2  0  0]]",True,"[-2,-1,-1,-1,0,1,2,2,0,0,2,2,3,2,3,-1,1,1,1,1,2,1,1,2,1,1,0,1,2,3,0,1,2,2,2,0]","[-2,-2,-1,0,1,1,1,2,0,-1,0,0,1,2,1,-1,1,1,2,2,2,1,1,1,0,0,1,0,0,0,-1,-1,-1,-1,1,1]",t^8+74t^6+148t^4+51t^2+4,"[-2,-2,-1,0,1,1,1,2,0,-1,0,0,1,2,1,-1,1,1,2,2,2,1,1,1,0,0,1,0,0,0,-1,-1,-1,-1,1,1]","[-2,-1,-1,-1,0,1,2,2,-1,1,1,0,0,1,2,1,1,1,1,0,1,-1,0,0,2,2,0,1,1,2,1,0,1,-1,-1,0]","[-2,-2,-1,0,1,1,1,2,0,2,1,1,1,2,2,2,2,1,2,3,3,0,2,1,1,3,1,1,0,2,-1,-1,0,-1,0,2]",c,"[[{8, 1}, {2, 7}, {3, 6}, {4, 5}], [{8, 1}, {2, 7}, {3, 6}, {5}, {4}], [{8, 1}, {2, 7}, {4, 6}, {3, 5}], [{8, 1}, {2, 7}, {4, 6}, {5}, {3}], [{8, 1}, {2, 7}, {5, 6}, {3, 4}], [{8, 1}, {2, 7}, {6}, {5}, {3, 4}], [{8, 1}, {3, 7}, {2, 6}, {4, 5}], [{8, 1}, {3, 7}, {4, 6}, {2, 5}], [{8, 1}, {3, 7}, {5, 6}, {2, 4}], [{8, 1}, {4, 7}, {2, 6}, {3, 5}], [{8, 1}, {4, 7}, {3, 6}, {2, 5}], [{8, 1}, {4, 7}, {5, 6}, {2, 3}], [{8, 1}, {5, 7}, {2, 6}, {3, 4}], [{8, 1}, {5, 7}, {3, 6}, {2, 4}], [{8, 1}, {5, 7}, {4, 6}, {2, 3}], [{8, 1}, {5, 7}, {4, 6}, {3}, {2}], [{8, 1}, {6, 7}, {2, 5}, {3, 4}], [{8, 1}, {6, 7}, {3, 5}, {2, 4}], [{8, 1}, {6, 7}, {4, 5}, {2, 3}], [{8, 1}, {7}, {4, 6}, {2, 5}, {3}], [{8, 2}, {1, 7}, {3, 6}, {4, 5}], [{8, 2}, {1, 7}, {4, 6}, {3, 5}], [{8, 2}, {1, 7}, {4, 6}, {5}, {3}], [{8, 2}, {1, 7}, {5, 6}, {3, 4}], [{8, 2}, {3, 7}, {1, 6}, {4, 5}], [{8, 2}, {3, 7}, {4, 6}, {1, 5}], [{8, 2}, {3, 7}, {5, 6}, {1, 4}], [{8, 2}, {4, 7}, {1, 6}, {3, 5}], [{8, 2}, {4, 7}, {1, 6}, {5}, {3}], [{8, 2}, {4, 7}, {3, 6}, {1, 5}], [{8, 2}, {4, 7}, {3, 6}, {5}, {1}], [{8, 2}, {4, 7}, {5, 6}, {1, 3}], [{8, 2}, {4, 7}, {5, 6}, {3}, {1}], [{8, 2}, {4, 7}, {6}, {1, 5}, {3}], [{8, 2}, {4, 7}, {6}, {3, 5}, {1}], [{8, 2}, {4, 7}, {6}, {5}, {1, 3}], [{8, 2}, {4, 7}, {6}, {5}, {3}, {1}], [{8, 2}, {5, 7}, {1, 6}, {3, 4}], [{8, 2}, {5, 7}, {3, 6}, {1, 4}], [{8, 2}, {5, 7}, {4, 6}, {1, 3}], [{8, 2}, {6, 7}, {1, 5}, {3, 4}], [{8, 2}, {6, 7}, {3, 5}, {1, 4}], [{8, 2}, {6, 7}, {4, 5}, {1, 3}], [{8, 2}, {6, 7}, {5}, {1, 4}, {3}], [{8, 3}, {1, 7}, {2, 6}, {4, 5}], [{8, 3}, {1, 7}, {4, 6}, {2, 5}], [{8, 3}, {1, 7}, {5, 6}, {2, 4}], [{8, 3}, {2, 7}, {1, 6}, {4, 5}], [{8, 3}, {2, 7}, {4, 6}, {1, 5}], [{8, 3}, {2, 7}, {5, 6}, {1, 4}], [{8, 3}, {4, 7}, {1, 6}, {2, 5}], [{8, 3}, {4, 7}, {2, 6}, {1, 5}], [{8, 3}, {4, 7}, {5, 6}, {1, 2}], [{8, 3}, {5, 7}, {1, 6}, {2, 4}], [{8, 3}, {5, 7}, {2, 6}, {1, 4}], [{8, 3}, {5, 7}, {4, 6}, {1, 2}], [{8, 3}, {6, 7}, {1, 5}, {2, 4}], [{8, 3}, {6, 7}, {2, 5}, {1, 4}], [{8, 3}, {6, 7}, {4, 5}, {1, 2}], [{8, 3}, {7}, {1, 6}, {4, 5}, {2}], [{8, 3}, {7}, {4, 6}, {2, 5}, {1}], [{8, 4}, {1, 7}, {2, 6}, {3, 5}], [{8, 4}, {1, 7}, {3, 6}, {2, 5}], [{8, 4}, {1, 7}, {5, 6}, {2, 3}], [{8, 4}, {2, 7}, {1, 6}, {3, 5}], [{8, 4}, {2, 7}, {3, 6}, {1, 5}], [{8, 4}, {2, 7}, {3, 6}, {5}, {1}], [{8, 4}, {2, 7}, {5, 6}, {1, 3}], [{8, 4}, {3, 7}, {1, 6}, {2, 5}], [{8, 4}, {3, 7}, {2, 6}, {1, 5}], [{8, 4}, {3, 7}, {5, 6}, {1, 2}], [{8, 4}, {5, 7}, {1, 6}, {2, 3}], [{8, 4}, {5, 7}, {2, 6}, {1, 3}], [{8, 4}, {5, 7}, {3, 6}, {1, 2}], [{8, 4}, {5, 7}, {6}, {2, 3}, {1}], [{8, 4}, {6, 7}, {1, 5}, {2, 3}], [{8, 4}, {6, 7}, {2, 5}, {1, 3}], [{8, 4}, {6, 7}, {3, 5}, {1, 2}], [{8, 4}, {7}, {1, 6}, {3, 5}, {2}], [{8, 4}, {7}, {2, 6}, {5}, {1, 3}], [{8, 4}, {7}, {5, 6}, {3}, {1, 2}], [{8, 5}, {1, 7}, {2, 6}, {3, 4}], [{8, 5}, {1, 7}, {2, 6}, {4}, {3}], [{8, 5}, {1, 7}, {3, 6}, {2, 4}], [{8, 5}, {1, 7}, {3, 6}, {4}, {2}], [{8, 5}, {1, 7}, {4, 6}, {2, 3}], [{8, 5}, {1, 7}, {4, 6}, {3}, {2}], [{8, 5}, {1, 7}, {6}, {2, 4}, {3}], [{8, 5}, {1, 7}, {6}, {3, 4}, {2}], [{8, 5}, {1, 7}, {6}, {4}, {2, 3}], [{8, 5}, {1, 7}, {6}, {4}, {3}, {2}], [{8, 5}, {2, 7}, {1, 6}, {3, 4}], [{8, 5}, {2, 7}, {1, 6}, {4}, {3}], [{8, 5}, {2, 7}, {3, 6}, {1, 4}], [{8, 5}, {2, 7}, {3, 6}, {4}, {1}], [{8, 5}, {2, 7}, {4, 6}, {1, 3}], [{8, 5}, {2, 7}, {6}, {4}, {1, 3}], [{8, 5}, {3, 7}, {1, 6}, {2, 4}], [{8, 5}, {3, 7}, {1, 6}, {4}, {2}], [{8, 5}, {3, 7}, {2, 6}, {1, 4}], [{8, 5}, {3, 7}, {2, 6}, {4}, {1}], [{8, 5}, {3, 7}, {4, 6}, {1, 2}], [{8, 5}, {3, 7}, {6}, {4}, {1, 2}], [{8, 5}, {4, 7}, {1, 6}, {2, 3}], [{8, 5}, {4, 7}, {1, 6}, {3}, {2}], [{8, 5}, {4, 7}, {2, 6}, {1, 3}], [{8, 5}, {4, 7}, {3, 6}, {1, 2}], [{8, 5}, {6, 7}, {1, 4}, {2, 3}], [{8, 5}, {6, 7}, {1, 4}, {3}, {2}], [{8, 5}, {6, 7}, {2, 4}, {1, 3}], [{8, 5}, {6, 7}, {2, 4}, {3}, {1}], [{8, 5}, {6, 7}, {3, 4}, {1, 2}], [{8, 5}, {6, 7}, {3, 4}, {2}, {1}], [{8, 5}, {6, 7}, {4}, {1, 3}, {2}], [{8, 5}, {6, 7}, {4}, {2, 3}, {1}], [{8, 5}, {6, 7}, {4}, {3}, {1, 2}], [{8, 5}, {6, 7}, {4}, {3}, {2}, {1}], [{8, 5}, {7}, {1, 6}, {2, 4}, {3}], [{8, 5}, {7}, {1, 6}, {3, 4}, {2}], [{8, 5}, {7}, {1, 6}, {4}, {2, 3}], [{8, 5}, {7}, {1, 6}, {4}, {3}, {2}], [{8, 5}, {7}, {2, 6}, {4}, {1, 3}], [{8, 5}, {7}, {3, 6}, {4}, {1, 2}], [{8, 6}, {1, 7}, {2, 5}, {3, 4}], [{8, 6}, {1, 7}, {3, 5}, {2, 4}], [{8, 6}, {1, 7}, {4, 5}, {2, 3}], [{8, 6}, {1, 7}, {5}, {2, 4}, {3}], [{8, 6}, {1, 7}, {5}, {3, 4}, {2}], [{8, 6}, {1, 7}, {5}, {4}, {2, 3}], [{8, 6}, {2, 7}, {1, 5}, {3, 4}], [{8, 6}, {2, 7}, {3, 5}, {1, 4}], [{8, 6}, {2, 7}, {4, 5}, {1, 3}], [{8, 6}, {3, 7}, {1, 5}, {2, 4}], [{8, 6}, {3, 7}, {2, 5}, {1, 4}], [{8, 6}, {3, 7}, {4, 5}, {1, 2}], [{8, 6}, {4, 7}, {1, 5}, {2, 3}], [{8, 6}, {4, 7}, {1, 5}, {3}, {2}], [{8, 6}, {4, 7}, {2, 5}, {1, 3}], [{8, 6}, {4, 7}, {3, 5}, {1, 2}], [{8, 6}, {5, 7}, {1, 4}, {2, 3}], [{8, 6}, {5, 7}, {2, 4}, {1, 3}], [{8, 6}, {5, 7}, {3, 4}, {1, 2}], [{8, 6}, {7}, {3, 5}, {4}, {1, 2}], [{8, 7}, {1, 6}, {2, 5}, {3, 4}], [{8, 7}, {1, 6}, {3, 5}, {2, 4}], [{8, 7}, {1, 6}, {4, 5}, {2, 3}], [{8, 7}, {1, 6}, {5}, {4}, {2, 3}], [{8, 7}, {2, 6}, {1, 5}, {3, 4}], [{8, 7}, {2, 6}, {3, 5}, {1, 4}], [{8, 7}, {2, 6}, {4, 5}, {1, 3}], [{8, 7}, {3, 6}, {1, 5}, {2, 4}], [{8, 7}, {3, 6}, {2, 5}, {1, 4}], [{8, 7}, {3, 6}, {4, 5}, {1, 2}], [{8, 7}, {4, 6}, {1, 5}, {2, 3}], [{8, 7}, {4, 6}, {2, 5}, {1, 3}], [{8, 7}, {4, 6}, {2, 5}, {3}, {1}], [{8, 7}, {4, 6}, {3, 5}, {1, 2}], [{8, 7}, {4, 6}, {3, 5}, {2}, {1}], [{8, 7}, {4, 6}, {5}, {2, 3}, {1}], [{8, 7}, {5, 6}, {1, 4}, {2, 3}], [{8, 7}, {5, 6}, {2, 4}, {1, 3}], [{8, 7}, {5, 6}, {3, 4}, {1, 2}], [{8, 7}, {6}, {4, 5}, {3}, {1, 2}], [{8, 7}, {6}, {5}, {1, 4}, {2, 3}], [{8}, {1, 7}, {4, 6}, {2, 5}, {3}], [{8}, {1, 7}, {5, 6}, {2, 4}, {3}], [{8}, {1, 7}, {5, 6}, {3, 4}, {2}], [{8}, {1, 7}, {5, 6}, {4}, {2, 3}], [{8}, {2, 7}, {3, 6}, {1, 5}, {4}], [{8}, {2, 7}, {3, 6}, {4, 5}, {1}], [{8}, {2, 7}, {3, 6}, {5}, {1, 4}], [{8}, {2, 7}, {5, 6}, {1, 4}, {3}], [{8}, {2, 7}, {6}, {3, 5}, {1, 4}], [{8}, {3, 7}, {4, 6}, {2, 5}, {1}], [{8}, {4, 7}, {1, 6}, {2, 5}, {3}], [{8}, {4, 7}, {2, 6}, {1, 5}, {3}], [{8}, {4, 7}, {5, 6}, {1, 3}, {2}], [{8}, {5, 7}, {1, 6}, {4}, {2, 3}], [{8}, {6, 7}, {2, 5}, {1, 4}, {3}], [{8}, {7}, {2, 6}, {4, 5}, {1, 3}], [{8}, {7}, {4, 6}, {2, 5}, {1, 3}], [{8}, {7}, {4, 6}, {2, 5}, {3}, {1}]]",2,8 K_1^3 + 12 K_1^2 K_2 - 12 K_1^2 - 12 K_1 K_2 - 14 K_1 K_3 - 2 K_2^2 + 7 K_2 + 4 K_3 + 5 K_4 + 5,O1O2O3O4U5U4O6U1U7O8O5U8U2U6O7U3,O1O2O3U4U3O5O6U1O7O4U7U8U2U6O8U5,O1O2O3U4O5U6U2U5U7O8O7U3O6O4U1U8,c,{'O1O2O3O4U2O5U6U3U7O8O7U5U4O6U1U8'},1,"<a href=""/flatknot/8.704113"">8.704113</a>",t^9-76t^7-268t^6+29t^5+512t^4+54t^3-190t^2-10t-8,t^2-2t,,
8.704114,O1O2O3O4U2O5U6U3U7O8O7U5U8O6U1U4,4,3z^3+29z^2+105z+119,3w^4z^3+29w^3z^2+105w^2z+119w,False,False,"[[ 0 -1 -2  0  3  1 -2  1  0],[ 1  0 -1  1  3  1 -1  2  0],[ 2  1  0  1  2  1  1  2  0],[ 0 -1 -1  0  1  1 -1  0  1],[-3 -3 -2 -1  0  0 -4 -2  0],[-1 -1 -1 -1  0  0 -2 -1  0],[ 2  1 -1  1  4  2  0  2  1],[-1 -2 -2  0  2  1 -2  0  0],[ 0  0  0 -1  0  0 -1  0  0]]","[[ 0  3  1  1  0  0 -1 -2 -2],[-3  0  0 -2  0 -1 -3 -2 -4],[-1  0  0 -1  0 -1 -1 -1 -2],[-1  2  1  0  0  0 -2 -2 -2],[ 0  0  0  0  0 -1  0  0 -1],[ 0  1  1  0  1  0 -1 -1 -1],[ 1  3  1  2  0  1  0 -1 -1],[ 2  2  1  2  0  1  1  0  1],[ 2  4  2  2  1  1  1 -1  0]]",True,"[-3,-1,-1,0,0,1,2,2,0,2,0,1,3,2,4,1,0,1,1,1,2,0,0,2,2,2,1,0,0,1,1,1,1,1,1,-1]","[-3,-1,-1,0,0,1,2,2,0,2,0,1,3,2,4,1,0,1,1,1,2,0,0,2,2,2,1,0,0,1,1,1,1,1,1,-1]",t^8+62t^6+142t^4+45t^2+1,"[-2,-2,-1,0,0,1,1,3,-1,0,1,2,1,2,3,0,1,1,1,1,1,0,1,0,1,1,-1,1,0,2,1,1,3,-1,0,2]","[-3,-1,-1,0,0,1,2,2,0,2,2,3,1,1,3,1,1,1,0,1,1,0,1,1,1,2,1,0,1,1,1,1,2,0,0,-1]","[-2,-2,-1,0,0,1,1,3,-1,1,1,1,2,2,4,1,0,1,1,2,2,0,1,1,2,3,-1,0,0,0,1,0,1,-1,0,2]",c,"[[{8, 1}, {2, 7}, {3, 6}, {4, 5}], [{8, 1}, {2, 7}, {4, 6}, {3, 5}], [{8, 1}, {2, 7}, {5, 6}, {3, 4}], [{8, 1}, {3, 7}, {2, 6}, {4, 5}], [{8, 1}, {3, 7}, {4, 6}, {2, 5}], [{8, 1}, {3, 7}, {5, 6}, {2, 4}], [{8, 1}, {3, 7}, {5, 6}, {4}, {2}], [{8, 1}, {4, 7}, {2, 6}, {3, 5}], [{8, 1}, {4, 7}, {2, 6}, {5}, {3}], [{8, 1}, {4, 7}, {3, 6}, {2, 5}], [{8, 1}, {4, 7}, {5, 6}, {2, 3}], [{8, 1}, {5, 7}, {2, 6}, {3, 4}], [{8, 1}, {5, 7}, {2, 6}, {4}, {3}], [{8, 1}, {5, 7}, {3, 6}, {2, 4}], [{8, 1}, {5, 7}, {4, 6}, {2, 3}], [{8, 1}, {6, 7}, {2, 5}, {3, 4}], [{8, 1}, {6, 7}, {3, 5}, {2, 4}], [{8, 1}, {6, 7}, {4, 5}, {2, 3}], [{8, 1}, {7}, {2, 6}, {4, 5}, {3}], [{8, 1}, {7}, {3, 6}, {5}, {2, 4}], [{8, 1}, {7}, {4, 6}, {2, 5}, {3}], [{8, 1}, {7}, {5, 6}, {2, 4}, {3}], [{8, 1}, {7}, {6}, {3, 5}, {2, 4}], [{8, 2}, {1, 7}, {3, 6}, {4, 5}], [{8, 2}, {1, 7}, {4, 6}, {3, 5}], [{8, 2}, {1, 7}, {5, 6}, {3, 4}], [{8, 2}, {1, 7}, {6}, {5}, {3, 4}], [{8, 2}, {3, 7}, {1, 6}, {4, 5}], [{8, 2}, {3, 7}, {4, 6}, {1, 5}], [{8, 2}, {3, 7}, {5, 6}, {1, 4}], [{8, 2}, {4, 7}, {1, 6}, {3, 5}], [{8, 2}, {4, 7}, {1, 6}, {5}, {3}], [{8, 2}, {4, 7}, {3, 6}, {1, 5}], [{8, 2}, {4, 7}, {5, 6}, {1, 3}], [{8, 2}, {4, 7}, {6}, {3, 5}, {1}], [{8, 2}, {5, 7}, {1, 6}, {3, 4}], [{8, 2}, {5, 7}, {1, 6}, {4}, {3}], [{8, 2}, {5, 7}, {3, 6}, {1, 4}], [{8, 2}, {5, 7}, {4, 6}, {1, 3}], [{8, 2}, {5, 7}, {6}, {3, 4}, {1}], [{8, 2}, {6, 7}, {1, 5}, {3, 4}], [{8, 2}, {6, 7}, {3, 5}, {1, 4}], [{8, 2}, {6, 7}, {4, 5}, {1, 3}], [{8, 2}, {7}, {1, 6}, {4, 5}, {3}], [{8, 2}, {7}, {3, 6}, {1, 5}, {4}], [{8, 2}, {7}, {4, 6}, {1, 5}, {3}], [{8, 2}, {7}, {5, 6}, {1, 4}, {3}], [{8, 2}, {7}, {6}, {1, 5}, {3, 4}], [{8, 3}, {1, 7}, {2, 6}, {4, 5}], [{8, 3}, {1, 7}, {2, 6}, {5}, {4}], [{8, 3}, {1, 7}, {4, 6}, {2, 5}], [{8, 3}, {1, 7}, {4, 6}, {5}, {2}], [{8, 3}, {1, 7}, {5, 6}, {2, 4}], [{8, 3}, {1, 7}, {5, 6}, {4}, {2}], [{8, 3}, {1, 7}, {6}, {2, 5}, {4}], [{8, 3}, {1, 7}, {6}, {4, 5}, {2}], [{8, 3}, {1, 7}, {6}, {5}, {2, 4}], [{8, 3}, {1, 7}, {6}, {5}, {4}, {2}], [{8, 3}, {2, 7}, {1, 6}, {4, 5}], [{8, 3}, {2, 7}, {4, 6}, {1, 5}], [{8, 3}, {2, 7}, {4, 6}, {5}, {1}], [{8, 3}, {2, 7}, {5, 6}, {1, 4}], [{8, 3}, {4, 7}, {1, 6}, {2, 5}], [{8, 3}, {4, 7}, {2, 6}, {1, 5}], [{8, 3}, {4, 7}, {5, 6}, {1, 2}], [{8, 3}, {4, 7}, {6}, {2, 5}, {1}], [{8, 3}, {5, 7}, {1, 6}, {2, 4}], [{8, 3}, {5, 7}, {2, 6}, {1, 4}], [{8, 3}, {5, 7}, {4, 6}, {1, 2}], [{8, 3}, {5, 7}, {6}, {2, 4}, {1}], [{8, 3}, {6, 7}, {1, 5}, {2, 4}], [{8, 3}, {6, 7}, {2, 5}, {1, 4}], [{8, 3}, {6, 7}, {4, 5}, {1, 2}], [{8, 3}, {6, 7}, {4, 5}, {2}, {1}], [{8, 3}, {7}, {1, 6}, {4, 5}, {2}], [{8, 3}, {7}, {4, 6}, {5}, {1, 2}], [{8, 3}, {7}, {6}, {1, 5}, {2, 4}], [{8, 3}, {7}, {6}, {2, 5}, {1, 4}], [{8, 4}, {1, 7}, {2, 6}, {3, 5}], [{8, 4}, {1, 7}, {3, 6}, {2, 5}], [{8, 4}, {1, 7}, {5, 6}, {2, 3}], [{8, 4}, {1, 7}, {6}, {5}, {2, 3}], [{8, 4}, {2, 7}, {1, 6}, {3, 5}], [{8, 4}, {2, 7}, {3, 6}, {1, 5}], [{8, 4}, {2, 7}, {5, 6}, {1, 3}], [{8, 4}, {2, 7}, {5, 6}, {3}, {1}], [{8, 4}, {3, 7}, {1, 6}, {2, 5}], [{8, 4}, {3, 7}, {2, 6}, {1, 5}], [{8, 4}, {3, 7}, {5, 6}, {1, 2}], [{8, 4}, {5, 7}, {1, 6}, {2, 3}], [{8, 4}, {5, 7}, {2, 6}, {1, 3}], [{8, 4}, {5, 7}, {2, 6}, {3}, {1}], [{8, 4}, {5, 7}, {3, 6}, {1, 2}], [{8, 4}, {6, 7}, {1, 5}, {2, 3}], [{8, 4}, {6, 7}, {2, 5}, {1, 3}], [{8, 4}, {6, 7}, {3, 5}, {1, 2}], [{8, 4}, {6, 7}, {3, 5}, {2}, {1}], [{8, 4}, {7}, {2, 6}, {5}, {1, 3}], [{8, 4}, {7}, {3, 6}, {1, 5}, {2}], [{8, 5}, {1, 7}, {2, 6}, {3, 4}], [{8, 5}, {1, 7}, {3, 6}, {2, 4}], [{8, 5}, {1, 7}, {4, 6}, {2, 3}], [{8, 5}, {1, 7}, {6}, {2, 4}, {3}], [{8, 5}, {2, 7}, {1, 6}, {3, 4}], [{8, 5}, {2, 7}, {3, 6}, {1, 4}], [{8, 5}, {2, 7}, {4, 6}, {1, 3}], [{8, 5}, {2, 7}, {4, 6}, {3}, {1}], [{8, 5}, {3, 7}, {1, 6}, {2, 4}], [{8, 5}, {3, 7}, {2, 6}, {1, 4}], [{8, 5}, {3, 7}, {4, 6}, {1, 2}], [{8, 5}, {4, 7}, {1, 6}, {2, 3}], [{8, 5}, {4, 7}, {2, 6}, {1, 3}], [{8, 5}, {4, 7}, {3, 6}, {1, 2}], [{8, 5}, {6, 7}, {1, 4}, {2, 3}], [{8, 5}, {6, 7}, {2, 4}, {1, 3}], [{8, 5}, {6, 7}, {3, 4}, {1, 2}], [{8, 5}, {7}, {1, 6}, {3, 4}, {2}], [{8, 5}, {7}, {3, 6}, {2, 4}, {1}], [{8, 6}, {1, 7}, {2, 5}, {3, 4}], [{8, 6}, {1, 7}, {3, 5}, {2, 4}], [{8, 6}, {1, 7}, {4, 5}, {2, 3}], [{8, 6}, {1, 7}, {5}, {2, 4}, {3}], [{8, 6}, {2, 7}, {1, 5}, {3, 4}], [{8, 6}, {2, 7}, {3, 5}, {1, 4}], [{8, 6}, {2, 7}, {4, 5}, {1, 3}], [{8, 6}, {2, 7}, {4, 5}, {3}, {1}], [{8, 6}, {2, 7}, {5}, {4}, {1, 3}], [{8, 6}, {3, 7}, {1, 5}, {2, 4}], [{8, 6}, {3, 7}, {2, 5}, {1, 4}], [{8, 6}, {3, 7}, {4, 5}, {1, 2}], [{8, 6}, {4, 7}, {1, 5}, {2, 3}], [{8, 6}, {4, 7}, {2, 5}, {1, 3}], [{8, 6}, {4, 7}, {3, 5}, {1, 2}], [{8, 6}, {5, 7}, {1, 4}, {2, 3}], [{8, 6}, {5, 7}, {2, 4}, {1, 3}], [{8, 6}, {5, 7}, {2, 4}, {3}, {1}], [{8, 6}, {5, 7}, {3, 4}, {1, 2}], [{8, 6}, {7}, {1, 5}, {2, 4}, {3}], [{8, 6}, {7}, {2, 5}, {1, 4}, {3}], [{8, 6}, {7}, {4, 5}, {1, 3}, {2}], [{8, 6}, {7}, {5}, {3, 4}, {1, 2}], [{8, 7}, {1, 6}, {2, 5}, {3, 4}], [{8, 7}, {1, 6}, {3, 5}, {2, 4}], [{8, 7}, {1, 6}, {4, 5}, {2, 3}], [{8, 7}, {1, 6}, {5}, {3, 4}, {2}], [{8, 7}, {2, 6}, {1, 5}, {3, 4}], [{8, 7}, {2, 6}, {3, 5}, {1, 4}], [{8, 7}, {2, 6}, {4, 5}, {1, 3}], [{8, 7}, {2, 6}, {4, 5}, {3}, {1}], [{8, 7}, {3, 6}, {1, 5}, {2, 4}], [{8, 7}, {3, 6}, {1, 5}, {4}, {2}], [{8, 7}, {3, 6}, {2, 5}, {1, 4}], [{8, 7}, {3, 6}, {2, 5}, {4}, {1}], [{8, 7}, {3, 6}, {4, 5}, {1, 2}], [{8, 7}, {3, 6}, {4, 5}, {2}, {1}], [{8, 7}, {3, 6}, {5}, {1, 4}, {2}], [{8, 7}, {3, 6}, {5}, {2, 4}, {1}], [{8, 7}, {3, 6}, {5}, {4}, {1, 2}], [{8, 7}, {4, 6}, {1, 5}, {2, 3}], [{8, 7}, {4, 6}, {2, 5}, {1, 3}], [{8, 7}, {4, 6}, {2, 5}, {3}, {1}], [{8, 7}, {4, 6}, {3, 5}, {1, 2}], [{8, 7}, {5, 6}, {1, 4}, {2, 3}], [{8, 7}, {5, 6}, {2, 4}, {1, 3}], [{8, 7}, {5, 6}, {2, 4}, {3}, {1}], [{8, 7}, {5, 6}, {3, 4}, {1, 2}], [{8, 7}, {5, 6}, {4}, {1, 3}, {2}], [{8, 7}, {6}, {2, 5}, {3, 4}, {1}], [{8, 7}, {6}, {3, 5}, {2, 4}, {1}], [{8, 7}, {6}, {4, 5}, {2, 3}, {1}], [{8}, {1, 7}, {2, 6}, {4, 5}, {3}], [{8}, {1, 7}, {3, 6}, {5}, {2, 4}], [{8}, {1, 7}, {4, 6}, {2, 5}, {3}], [{8}, {1, 7}, {5, 6}, {2, 4}, {3}], [{8}, {1, 7}, {6}, {3, 5}, {2, 4}], [{8}, {1, 7}, {6}, {5}, {2, 4}, {3}], [{8}, {2, 7}, {3, 6}, {1, 5}, {4}], [{8}, {2, 7}, {4, 6}, {3, 5}, {1}], [{8}, {3, 7}, {1, 6}, {5}, {2, 4}], [{8}, {4, 7}, {3, 6}, {1, 5}, {2}], [{8}, {5, 7}, {1, 6}, {3, 4}, {2}], [{8}, {5, 7}, {2, 6}, {1, 4}, {3}], [{8}, {5, 7}, {3, 6}, {2, 4}, {1}], [{8}, {5, 7}, {4, 6}, {1, 3}, {2}], [{8}, {6, 7}, {5}, {2, 4}, {1, 3}], [{8}, {7}, {1, 6}, {4, 5}, {2, 3}], [{8}, {7}, {3, 6}, {1, 5}, {2, 4}], [{8}, {7}, {3, 6}, {1, 5}, {4}, {2}], [{8}, {7}, {3, 6}, {2, 5}, {1, 4}], [{8}, {7}, {3, 6}, {4, 5}, {1, 2}], [{8}, {7}, {3, 6}, {5}, {2, 4}, {1}]]",2,8 K_1^3 + 8 K_1^2 K_2 - 20 K_1^2 - 14 K_1 K_2 - 8 K_1 K_3 + K_1 - 4 K_2^2 + 10 K_2 + 5 K_3 + 4 K_4 + 11,O1O2O3O4U1U4O5U6U7O8O6U8U2U5O7U3,O1O2O3U4U3O5O4U1O6O7U6U8U2U7O8U5,O1O2O3U4O5U6U2U5U7O6O7U3O8O4U1U8,c,{'O1O2O3O4U2O5U6U3U7O8O7U5U8O6U1U4'},1,"<a href=""/flatknot/8.704114"">8.704114</a>",t^9-60t^7-212t^6-128t^5+180t^4+98t^3-54t^2+4t+8,-t^3+2t^2-t,,
8.704115,O1O2O3O4U2O5U6U4U1O7O8U3U7O6U8U5,4,10z^2+63z+87,10w^3z^2+63w^2z+87w,False,False,"[[ 0 -1 -2  0  1  3 -2  0  1],[ 1  0 -1  2  1  2 -1  1  0],[ 2  1  0  2  1  2  0  1  1],[ 0 -2 -2  0  0  3 -2  1  1],[-1 -1 -1  0  0  0 -1  0 -1],[-3 -2 -2 -3  0  0 -2 -1  0],[ 2  1  0  2  1  2  0  0  0],[ 0 -1 -1 -1  0  1  0  0  1],[-1  0 -1 -1  1  0  0 -1  0]]","[[ 0  3  1  1  0  0 -1 -2 -2],[-3  0  0  0 -1 -3 -2 -2 -2],[-1  0  0  1 -1 -1  0  0 -1],[-1  0 -1  0  0  0 -1 -1 -1],[ 0  1  1  0  0 -1 -1  0 -1],[ 0  3  1  0  1  0 -2 -2 -2],[ 1  2  0  1  1  2  0 -1 -1],[ 2  2  0  1  0  2  1  0  0],[ 2  2  1  1  1  2  1  0  0]]",True,"[-3,-1,-1,0,0,1,2,2,0,0,1,3,2,2,2,-1,1,1,0,0,1,0,0,1,1,1,1,1,0,1,2,2,2,1,1,0]","[-3,-1,-1,0,0,1,2,2,0,0,1,3,2,2,2,-1,1,1,0,0,1,0,0,1,1,1,1,1,0,1,2,2,2,1,1,0]",t^8+46t^6+212t^4+104t^2,"[-2,-2,-1,0,0,1,1,3,0,0,0,1,2,2,3,0,0,2,2,3,3,-1,0,1,2,2,-1,1,0,0,1,0,2,1,2,2]","[-3,-1,-1,0,0,1,2,2,2,2,0,2,2,3,3,-1,1,1,1,2,2,0,0,2,2,3,1,-1,0,0,0,1,2,0,0,0]","[-2,-2,-1,0,0,1,1,3,0,1,0,2,0,1,2,1,1,2,1,1,2,1,2,0,1,2,-1,1,0,1,1,0,3,1,0,0]",c,"[[{8, 1}, {2, 7}, {3, 6}, {4, 5}], [{8, 1}, {2, 7}, {3, 6}, {5}, {4}], [{8, 1}, {2, 7}, {4, 6}, {3, 5}], [{8, 1}, {2, 7}, {5, 6}, {3, 4}], [{8, 1}, {3, 7}, {2, 6}, {4, 5}], [{8, 1}, {3, 7}, {4, 6}, {2, 5}], [{8, 1}, {3, 7}, {5, 6}, {2, 4}], [{8, 1}, {3, 7}, {6}, {2, 5}, {4}], [{8, 1}, {4, 7}, {2, 6}, {3, 5}], [{8, 1}, {4, 7}, {3, 6}, {2, 5}], [{8, 1}, {4, 7}, {5, 6}, {2, 3}], [{8, 1}, {4, 7}, {5, 6}, {3}, {2}], [{8, 1}, {5, 7}, {2, 6}, {3, 4}], [{8, 1}, {5, 7}, {3, 6}, {2, 4}], [{8, 1}, {5, 7}, {4, 6}, {2, 3}], [{8, 1}, {6, 7}, {2, 5}, {3, 4}], [{8, 1}, {6, 7}, {3, 5}, {2, 4}], [{8, 1}, {6, 7}, {4, 5}, {2, 3}], [{8, 1}, {6, 7}, {4, 5}, {3}, {2}], [{8, 2}, {1, 7}, {3, 6}, {4, 5}], [{8, 2}, {1, 7}, {3, 6}, {5}, {4}], [{8, 2}, {1, 7}, {4, 6}, {3, 5}], [{8, 2}, {1, 7}, {5, 6}, {3, 4}], [{8, 2}, {3, 7}, {1, 6}, {4, 5}], [{8, 2}, {3, 7}, {4, 6}, {1, 5}], [{8, 2}, {3, 7}, {5, 6}, {1, 4}], [{8, 2}, {3, 7}, {6}, {1, 5}, {4}], [{8, 2}, {4, 7}, {1, 6}, {3, 5}], [{8, 2}, {4, 7}, {3, 6}, {1, 5}], [{8, 2}, {4, 7}, {5, 6}, {1, 3}], [{8, 2}, {4, 7}, {5, 6}, {3}, {1}], [{8, 2}, {5, 7}, {1, 6}, {3, 4}], [{8, 2}, {5, 7}, {3, 6}, {1, 4}], [{8, 2}, {5, 7}, {4, 6}, {1, 3}], [{8, 2}, {6, 7}, {1, 5}, {3, 4}], [{8, 2}, {6, 7}, {3, 5}, {1, 4}], [{8, 2}, {6, 7}, {4, 5}, {1, 3}], [{8, 3}, {1, 7}, {2, 6}, {4, 5}], [{8, 3}, {1, 7}, {2, 6}, {5}, {4}], [{8, 3}, {1, 7}, {4, 6}, {2, 5}], [{8, 3}, {1, 7}, {5, 6}, {2, 4}], [{8, 3}, {2, 7}, {1, 6}, {4, 5}], [{8, 3}, {2, 7}, {1, 6}, {5}, {4}], [{8, 3}, {2, 7}, {4, 6}, {1, 5}], [{8, 3}, {2, 7}, {4, 6}, {5}, {1}], [{8, 3}, {2, 7}, {5, 6}, {1, 4}], [{8, 3}, {2, 7}, {6}, {5}, {1, 4}], [{8, 3}, {4, 7}, {1, 6}, {2, 5}], [{8, 3}, {4, 7}, {2, 6}, {1, 5}], [{8, 3}, {4, 7}, {5, 6}, {1, 2}], [{8, 3}, {5, 7}, {1, 6}, {2, 4}], [{8, 3}, {5, 7}, {1, 6}, {4}, {2}], [{8, 3}, {5, 7}, {2, 6}, {1, 4}], [{8, 3}, {5, 7}, {2, 6}, {4}, {1}], [{8, 3}, {5, 7}, {4, 6}, {1, 2}], [{8, 3}, {5, 7}, {4, 6}, {2}, {1}], [{8, 3}, {5, 7}, {6}, {1, 4}, {2}], [{8, 3}, {5, 7}, {6}, {2, 4}, {1}], [{8, 3}, {5, 7}, {6}, {4}, {1, 2}], [{8, 3}, {5, 7}, {6}, {4}, {2}, {1}], [{8, 3}, {6, 7}, {1, 5}, {2, 4}], [{8, 3}, {6, 7}, {2, 5}, {1, 4}], [{8, 3}, {6, 7}, {4, 5}, {1, 2}], [{8, 3}, {6, 7}, {5}, {2, 4}, {1}], [{8, 3}, {7}, {1, 6}, {2, 5}, {4}], [{8, 3}, {7}, {2, 6}, {1, 5}, {4}], [{8, 3}, {7}, {4, 6}, {2, 5}, {1}], [{8, 3}, {7}, {5, 6}, {2, 4}, {1}], [{8, 3}, {7}, {6}, {2, 5}, {1, 4}], [{8, 4}, {1, 7}, {2, 6}, {3, 5}], [{8, 4}, {1, 7}, {3, 6}, {2, 5}], [{8, 4}, {1, 7}, {5, 6}, {2, 3}], [{8, 4}, {1, 7}, {5, 6}, {3}, {2}], [{8, 4}, {2, 7}, {1, 6}, {3, 5}], [{8, 4}, {2, 7}, {1, 6}, {5}, {3}], [{8, 4}, {2, 7}, {3, 6}, {1, 5}], [{8, 4}, {2, 7}, {5, 6}, {1, 3}], [{8, 4}, {3, 7}, {1, 6}, {2, 5}], [{8, 4}, {3, 7}, {2, 6}, {1, 5}], [{8, 4}, {3, 7}, {2, 6}, {5}, {1}], [{8, 4}, {3, 7}, {5, 6}, {1, 2}], [{8, 4}, {5, 7}, {1, 6}, {2, 3}], [{8, 4}, {5, 7}, {2, 6}, {1, 3}], [{8, 4}, {5, 7}, {3, 6}, {1, 2}], [{8, 4}, {6, 7}, {1, 5}, {2, 3}], [{8, 4}, {6, 7}, {1, 5}, {3}, {2}], [{8, 4}, {6, 7}, {2, 5}, {1, 3}], [{8, 4}, {6, 7}, {3, 5}, {1, 2}], [{8, 4}, {7}, {5, 6}, {2, 3}, {1}], [{8, 5}, {1, 7}, {2, 6}, {3, 4}], [{8, 5}, {1, 7}, {3, 6}, {2, 4}], [{8, 5}, {1, 7}, {4, 6}, {2, 3}], [{8, 5}, {2, 7}, {1, 6}, {3, 4}], [{8, 5}, {2, 7}, {3, 6}, {1, 4}], [{8, 5}, {2, 7}, {4, 6}, {1, 3}], [{8, 5}, {3, 7}, {1, 6}, {2, 4}], [{8, 5}, {3, 7}, {2, 6}, {1, 4}], [{8, 5}, {3, 7}, {4, 6}, {1, 2}], [{8, 5}, {3, 7}, {6}, {2, 4}, {1}], [{8, 5}, {4, 7}, {1, 6}, {2, 3}], [{8, 5}, {4, 7}, {2, 6}, {1, 3}], [{8, 5}, {4, 7}, {3, 6}, {1, 2}], [{8, 5}, {4, 7}, {6}, {3}, {1, 2}], [{8, 5}, {6, 7}, {1, 4}, {2, 3}], [{8, 5}, {6, 7}, {2, 4}, {1, 3}], [{8, 5}, {6, 7}, {2, 4}, {3}, {1}], [{8, 5}, {6, 7}, {3, 4}, {1, 2}], [{8, 5}, {7}, {3, 6}, {2, 4}, {1}], [{8, 6}, {1, 7}, {2, 5}, {3, 4}], [{8, 6}, {1, 7}, {2, 5}, {4}, {3}], [{8, 6}, {1, 7}, {3, 5}, {2, 4}], [{8, 6}, {1, 7}, {4, 5}, {2, 3}], [{8, 6}, {2, 7}, {1, 5}, {3, 4}], [{8, 6}, {2, 7}, {1, 5}, {4}, {3}], [{8, 6}, {2, 7}, {3, 5}, {1, 4}], [{8, 6}, {2, 7}, {4, 5}, {1, 3}], [{8, 6}, {3, 7}, {1, 5}, {2, 4}], [{8, 6}, {3, 7}, {2, 5}, {1, 4}], [{8, 6}, {3, 7}, {4, 5}, {1, 2}], [{8, 6}, {3, 7}, {5}, {2, 4}, {1}], [{8, 6}, {4, 7}, {1, 5}, {2, 3}], [{8, 6}, {4, 7}, {2, 5}, {1, 3}], [{8, 6}, {4, 7}, {3, 5}, {1, 2}], [{8, 6}, {4, 7}, {5}, {3}, {1, 2}], [{8, 6}, {5, 7}, {1, 4}, {2, 3}], [{8, 6}, {5, 7}, {2, 4}, {1, 3}], [{8, 6}, {5, 7}, {2, 4}, {3}, {1}], [{8, 6}, {5, 7}, {3, 4}, {1, 2}], [{8, 6}, {7}, {3, 5}, {2, 4}, {1}], [{8, 7}, {1, 6}, {2, 5}, {3, 4}], [{8, 7}, {1, 6}, {3, 5}, {2, 4}], [{8, 7}, {1, 6}, {4, 5}, {2, 3}], [{8, 7}, {2, 6}, {1, 5}, {3, 4}], [{8, 7}, {2, 6}, {3, 5}, {1, 4}], [{8, 7}, {2, 6}, {4, 5}, {1, 3}], [{8, 7}, {2, 6}, {5}, {1, 4}, {3}], [{8, 7}, {3, 6}, {1, 5}, {2, 4}], [{8, 7}, {3, 6}, {2, 5}, {1, 4}], [{8, 7}, {3, 6}, {4, 5}, {1, 2}], [{8, 7}, {3, 6}, {5}, {2, 4}, {1}], [{8, 7}, {4, 6}, {1, 5}, {2, 3}], [{8, 7}, {4, 6}, {2, 5}, {1, 3}], [{8, 7}, {4, 6}, {3, 5}, {1, 2}], [{8, 7}, {5, 6}, {1, 4}, {2, 3}], [{8, 7}, {5, 6}, {2, 4}, {1, 3}], [{8, 7}, {5, 6}, {2, 4}, {3}, {1}], [{8, 7}, {5, 6}, {3, 4}, {1, 2}], [{8, 7}, {6}, {3, 5}, {2, 4}, {1}], [{8}, {1, 7}, {2, 6}, {4, 5}, {3}], [{8}, {1, 7}, {5, 6}, {4}, {2, 3}], [{8}, {2, 7}, {1, 6}, {5}, {3, 4}], [{8}, {2, 7}, {5, 6}, {4}, {1, 3}], [{8}, {3, 7}, {5, 6}, {2, 4}, {1}], [{8}, {4, 7}, {1, 6}, {2, 5}, {3}], [{8}, {4, 7}, {3, 6}, {2, 5}, {1}], [{8}, {4, 7}, {5, 6}, {3}, {1, 2}], [{8}, {4, 7}, {6}, {2, 5}, {1, 3}], [{8}, {5, 7}, {3, 6}, {2, 4}, {1}], [{8}, {6, 7}, {3, 5}, {2, 4}, {1}]]",2,- 16 K_1^2 - 6 K_1 K_2 + 3 K_1 + 8 K_2 + 3 K_3 + 9,O1O2O3O4U5U6O7U8U2O6O8U4U1U7O5U3,O1O2O3U4U5O6O4U1O5O7U3U8U6U2O8U7,O1O2O3U4O5U2U6U5U1O4O7U3O8O6U7U8,c,"{'O1O2O3O4U2O5U6U4U1O7O8U3U7O6U8U5', 'O1O2O3U1O4O5U6U2U4O7O8U3U7O6U8U5'}",2,"<a href=""/flatknot/8.704115"">8.704115</a>",t^9-44t^7-148t^6-76t^5+318t^4+423t^3-12t^2-227t-86,-t^3+2t^2-t,,
8.704116,O1O2O3O4U2O5U6U4U1O7O8U3U8O6U7U5,4,9z^2+62z+89,9w^3z^2+62w^2z+89w,False,False,"[[ 0 -1 -2  0  1  3 -2  0  1],[ 1  0 -1  2  1  2 -1  0  1],[ 2  1  0  2  1  2  0  1  1],[ 0 -2 -2  0  0  3 -2  1  1],[-1 -1 -1  0  0  0 -1 -1  0],[-3 -2 -2 -3  0  0 -2 -1  0],[ 2  1  0  2  1  2  0  0  1],[ 0  0 -1 -1  1  1  0  0  0],[-1 -1 -1 -1  0  0 -1  0  0]]","[[ 0  3  1  1  0  0 -1 -2 -2],[-3  0  0  0 -1 -3 -2 -2 -2],[-1  0  0  0  0 -1 -1 -1 -1],[-1  0  0  0 -1  0 -1 -1 -1],[ 0  1  0  1  0 -1  0  0 -1],[ 0  3  1  0  1  0 -2 -2 -2],[ 1  2  1  1  0  2  0 -1 -1],[ 2  2  1  1  0  2  1  0  0],[ 2  2  1  1  1  2  1  0  0]]",True,"[-3,-1,-1,0,0,1,2,2,0,0,1,3,2,2,2,0,0,1,1,1,1,1,0,1,1,1,1,0,0,1,2,2,2,1,1,0]","[-3,-1,-1,0,0,1,2,2,0,0,1,3,2,2,2,0,0,1,1,1,1,1,0,1,1,1,1,0,0,1,2,2,2,1,1,0]",t^8+46t^6+160t^4+48t^2,"[-2,-2,-1,0,0,1,1,3,0,0,0,1,2,2,3,0,0,2,2,2,3,-1,1,1,1,2,-1,0,1,0,1,0,2,0,2,2]","[-3,-1,-1,0,0,1,2,2,2,2,0,2,2,3,3,0,0,1,1,2,2,1,0,1,2,2,1,-1,0,0,1,1,2,0,0,0]","[-2,-2,-1,0,0,1,1,3,0,1,0,2,1,1,2,1,1,2,1,1,2,0,2,1,1,2,-1,0,1,1,1,0,3,0,0,0]",c,"[[{8, 1}, {2, 7}, {3, 6}, {4, 5}], [{8, 1}, {2, 7}, {3, 6}, {5}, {4}], [{8, 1}, {2, 7}, {4, 6}, {3, 5}], [{8, 1}, {2, 7}, {5, 6}, {3, 4}], [{8, 1}, {2, 7}, {5, 6}, {4}, {3}], [{8, 1}, {2, 7}, {6}, {3, 5}, {4}], [{8, 1}, {3, 7}, {2, 6}, {4, 5}], [{8, 1}, {3, 7}, {4, 6}, {2, 5}], [{8, 1}, {3, 7}, {5, 6}, {2, 4}], [{8, 1}, {3, 7}, {5, 6}, {4}, {2}], [{8, 1}, {4, 7}, {2, 6}, {3, 5}], [{8, 1}, {4, 7}, {3, 6}, {2, 5}], [{8, 1}, {4, 7}, {3, 6}, {5}, {2}], [{8, 1}, {4, 7}, {5, 6}, {2, 3}], [{8, 1}, {4, 7}, {5, 6}, {3}, {2}], [{8, 1}, {4, 7}, {6}, {3, 5}, {2}], [{8, 1}, {5, 7}, {2, 6}, {3, 4}], [{8, 1}, {5, 7}, {3, 6}, {2, 4}], [{8, 1}, {5, 7}, {3, 6}, {4}, {2}], [{8, 1}, {5, 7}, {4, 6}, {2, 3}], [{8, 1}, {6, 7}, {2, 5}, {3, 4}], [{8, 1}, {6, 7}, {3, 5}, {2, 4}], [{8, 1}, {6, 7}, {3, 5}, {4}, {2}], [{8, 1}, {6, 7}, {4, 5}, {2, 3}], [{8, 1}, {7}, {2, 6}, {3, 5}, {4}], [{8, 1}, {7}, {2, 6}, {4, 5}, {3}], [{8, 1}, {7}, {2, 6}, {5}, {3, 4}], [{8, 1}, {7}, {3, 6}, {2, 5}, {4}], [{8, 1}, {7}, {3, 6}, {4, 5}, {2}], [{8, 1}, {7}, {3, 6}, {5}, {2, 4}], [{8, 1}, {7}, {4, 6}, {2, 5}, {3}], [{8, 1}, {7}, {4, 6}, {3, 5}, {2}], [{8, 1}, {7}, {4, 6}, {5}, {2, 3}], [{8, 1}, {7}, {5, 6}, {2, 4}, {3}], [{8, 1}, {7}, {5, 6}, {3, 4}, {2}], [{8, 1}, {7}, {5, 6}, {4}, {2, 3}], [{8, 1}, {7}, {6}, {2, 5}, {3, 4}], [{8, 1}, {7}, {6}, {3, 5}, {2, 4}], [{8, 1}, {7}, {6}, {4, 5}, {2, 3}], [{8, 2}, {1, 7}, {3, 6}, {4, 5}], [{8, 2}, {1, 7}, {3, 6}, {5}, {4}], [{8, 2}, {1, 7}, {4, 6}, {3, 5}], [{8, 2}, {1, 7}, {5, 6}, {3, 4}], [{8, 2}, {1, 7}, {5, 6}, {4}, {3}], [{8, 2}, {1, 7}, {6}, {3, 5}, {4}], [{8, 2}, {3, 7}, {1, 6}, {4, 5}], [{8, 2}, {3, 7}, {4, 6}, {1, 5}], [{8, 2}, {3, 7}, {4, 6}, {5}, {1}], [{8, 2}, {3, 7}, {5, 6}, {1, 4}], [{8, 2}, {3, 7}, {5, 6}, {4}, {1}], [{8, 2}, {3, 7}, {6}, {4, 5}, {1}], [{8, 2}, {4, 7}, {1, 6}, {3, 5}], [{8, 2}, {4, 7}, {3, 6}, {1, 5}], [{8, 2}, {4, 7}, {5, 6}, {1, 3}], [{8, 2}, {5, 7}, {1, 6}, {3, 4}], [{8, 2}, {5, 7}, {3, 6}, {1, 4}], [{8, 2}, {5, 7}, {3, 6}, {4}, {1}], [{8, 2}, {5, 7}, {4, 6}, {1, 3}], [{8, 2}, {6, 7}, {1, 5}, {3, 4}], [{8, 2}, {6, 7}, {3, 5}, {1, 4}], [{8, 2}, {6, 7}, {3, 5}, {4}, {1}], [{8, 2}, {6, 7}, {4, 5}, {1, 3}], [{8, 2}, {7}, {1, 6}, {3, 5}, {4}], [{8, 2}, {7}, {3, 6}, {1, 5}, {4}], [{8, 2}, {7}, {5, 6}, {4}, {1, 3}], [{8, 3}, {1, 7}, {2, 6}, {4, 5}], [{8, 3}, {1, 7}, {4, 6}, {2, 5}], [{8, 3}, {1, 7}, {5, 6}, {2, 4}], [{8, 3}, {2, 7}, {1, 6}, {4, 5}], [{8, 3}, {2, 7}, {4, 6}, {1, 5}], [{8, 3}, {2, 7}, {5, 6}, {1, 4}], [{8, 3}, {4, 7}, {1, 6}, {2, 5}], [{8, 3}, {4, 7}, {2, 6}, {1, 5}], [{8, 3}, {4, 7}, {5, 6}, {1, 2}], [{8, 3}, {5, 7}, {1, 6}, {2, 4}], [{8, 3}, {5, 7}, {2, 6}, {1, 4}], [{8, 3}, {5, 7}, {4, 6}, {1, 2}], [{8, 3}, {5, 7}, {6}, {2, 4}, {1}], [{8, 3}, {6, 7}, {1, 5}, {2, 4}], [{8, 3}, {6, 7}, {2, 5}, {1, 4}], [{8, 3}, {6, 7}, {4, 5}, {1, 2}], [{8, 3}, {6, 7}, {5}, {2, 4}, {1}], [{8, 3}, {7}, {2, 6}, {4, 5}, {1}], [{8, 3}, {7}, {5, 6}, {2, 4}, {1}], [{8, 4}, {1, 7}, {2, 6}, {3, 5}], [{8, 4}, {1, 7}, {3, 6}, {2, 5}], [{8, 4}, {1, 7}, {3, 6}, {5}, {2}], [{8, 4}, {1, 7}, {5, 6}, {2, 3}], [{8, 4}, {1, 7}, {5, 6}, {3}, {2}], [{8, 4}, {1, 7}, {6}, {3, 5}, {2}], [{8, 4}, {2, 7}, {1, 6}, {3, 5}], [{8, 4}, {2, 7}, {3, 6}, {1, 5}], [{8, 4}, {2, 7}, {5, 6}, {1, 3}], [{8, 4}, {3, 7}, {1, 6}, {2, 5}], [{8, 4}, {3, 7}, {2, 6}, {1, 5}], [{8, 4}, {3, 7}, {5, 6}, {1, 2}], [{8, 4}, {3, 7}, {5, 6}, {2}, {1}], [{8, 4}, {5, 7}, {1, 6}, {2, 3}], [{8, 4}, {5, 7}, {2, 6}, {1, 3}], [{8, 4}, {5, 7}, {3, 6}, {1, 2}], [{8, 4}, {5, 7}, {3, 6}, {2}, {1}], [{8, 4}, {6, 7}, {1, 5}, {2, 3}], [{8, 4}, {6, 7}, {2, 5}, {1, 3}], [{8, 4}, {6, 7}, {3, 5}, {1, 2}], [{8, 4}, {6, 7}, {3, 5}, {2}, {1}], [{8, 4}, {7}, {1, 6}, {3, 5}, {2}], [{8, 4}, {7}, {3, 6}, {1, 5}, {2}], [{8, 4}, {7}, {5, 6}, {1, 3}, {2}], [{8, 5}, {1, 7}, {2, 6}, {3, 4}], [{8, 5}, {1, 7}, {3, 6}, {2, 4}], [{8, 5}, {1, 7}, {4, 6}, {2, 3}], [{8, 5}, {1, 7}, {6}, {4}, {2, 3}], [{8, 5}, {2, 7}, {1, 6}, {3, 4}], [{8, 5}, {2, 7}, {3, 6}, {1, 4}], [{8, 5}, {2, 7}, {4, 6}, {1, 3}], [{8, 5}, {2, 7}, {6}, {4}, {1, 3}], [{8, 5}, {3, 7}, {1, 6}, {2, 4}], [{8, 5}, {3, 7}, {2, 6}, {1, 4}], [{8, 5}, {3, 7}, {4, 6}, {1, 2}], [{8, 5}, {3, 7}, {6}, {2, 4}, {1}], [{8, 5}, {4, 7}, {1, 6}, {2, 3}], [{8, 5}, {4, 7}, {2, 6}, {1, 3}], [{8, 5}, {4, 7}, {3, 6}, {1, 2}], [{8, 5}, {4, 7}, {6}, {2, 3}, {1}], [{8, 5}, {6, 7}, {1, 4}, {2, 3}], [{8, 5}, {6, 7}, {2, 4}, {1, 3}], [{8, 5}, {6, 7}, {2, 4}, {3}, {1}], [{8, 5}, {6, 7}, {3, 4}, {1, 2}], [{8, 5}, {7}, {3, 6}, {2, 4}, {1}], [{8, 5}, {7}, {6}, {1, 4}, {2, 3}], [{8, 6}, {1, 7}, {2, 5}, {3, 4}], [{8, 6}, {1, 7}, {2, 5}, {4}, {3}], [{8, 6}, {1, 7}, {3, 5}, {2, 4}], [{8, 6}, {1, 7}, {4, 5}, {2, 3}], [{8, 6}, {1, 7}, {5}, {3, 4}, {2}], [{8, 6}, {2, 7}, {1, 5}, {3, 4}], [{8, 6}, {2, 7}, {1, 5}, {4}, {3}], [{8, 6}, {2, 7}, {3, 5}, {1, 4}], [{8, 6}, {2, 7}, {4, 5}, {1, 3}], [{8, 6}, {3, 7}, {1, 5}, {2, 4}], [{8, 6}, {3, 7}, {2, 5}, {1, 4}], [{8, 6}, {3, 7}, {4, 5}, {1, 2}], [{8, 6}, {3, 7}, {5}, {2, 4}, {1}], [{8, 6}, {4, 7}, {1, 5}, {2, 3}], [{8, 6}, {4, 7}, {2, 5}, {1, 3}], [{8, 6}, {4, 7}, {3, 5}, {1, 2}], [{8, 6}, {4, 7}, {5}, {1, 3}, {2}], [{8, 6}, {4, 7}, {5}, {2, 3}, {1}], [{8, 6}, {4, 7}, {5}, {3}, {1, 2}], [{8, 6}, {5, 7}, {1, 4}, {2, 3}], [{8, 6}, {5, 7}, {2, 4}, {1, 3}], [{8, 6}, {5, 7}, {2, 4}, {3}, {1}], [{8, 6}, {5, 7}, {3, 4}, {1, 2}], [{8, 6}, {7}, {2, 5}, {3, 4}, {1}], [{8, 6}, {7}, {3, 5}, {2, 4}, {1}], [{8, 7}, {1, 6}, {2, 5}, {3, 4}], [{8, 7}, {1, 6}, {3, 5}, {2, 4}], [{8, 7}, {1, 6}, {4, 5}, {2, 3}], [{8, 7}, {1, 6}, {5}, {2, 4}, {3}], [{8, 7}, {2, 6}, {1, 5}, {3, 4}], [{8, 7}, {2, 6}, {3, 5}, {1, 4}], [{8, 7}, {2, 6}, {4, 5}, {1, 3}], [{8, 7}, {3, 6}, {1, 5}, {2, 4}], [{8, 7}, {3, 6}, {2, 5}, {1, 4}], [{8, 7}, {3, 6}, {4, 5}, {1, 2}], [{8, 7}, {3, 6}, {5}, {2, 4}, {1}], [{8, 7}, {4, 6}, {1, 5}, {2, 3}], [{8, 7}, {4, 6}, {2, 5}, {1, 3}], [{8, 7}, {4, 6}, {3, 5}, {1, 2}], [{8, 7}, {5, 6}, {1, 4}, {2, 3}], [{8, 7}, {5, 6}, {2, 4}, {1, 3}], [{8, 7}, {5, 6}, {2, 4}, {3}, {1}], [{8, 7}, {5, 6}, {3, 4}, {1, 2}], [{8, 7}, {6}, {1, 5}, {2, 4}, {3}], [{8, 7}, {6}, {3, 5}, {2, 4}, {1}], [{8, 7}, {6}, {5}, {2, 4}, {1, 3}], [{8, 7}, {6}, {5}, {2, 4}, {3}, {1}], [{8}, {1, 7}, {3, 6}, {5}, {2, 4}], [{8}, {1, 7}, {5, 6}, {2, 4}, {3}], [{8}, {1, 7}, {6}, {3, 5}, {2, 4}], [{8}, {2, 7}, {1, 6}, {5}, {3, 4}], [{8}, {2, 7}, {3, 6}, {4, 5}, {1}], [{8}, {2, 7}, {4, 6}, {3, 5}, {1}], [{8}, {2, 7}, {5, 6}, {3, 4}, {1}], [{8}, {2, 7}, {6}, {1, 5}, {3, 4}], [{8}, {3, 7}, {1, 6}, {2, 5}, {4}], [{8}, {3, 7}, {2, 6}, {1, 5}, {4}], [{8}, {3, 7}, {5, 6}, {1, 4}, {2}], [{8}, {3, 7}, {5, 6}, {2, 4}, {1}], [{8}, {3, 7}, {5, 6}, {4}, {1, 2}], [{8}, {3, 7}, {5, 6}, {4}, {2}, {1}], [{8}, {4, 7}, {1, 6}, {2, 5}, {3}], [{8}, {4, 7}, {2, 6}, {3, 5}, {1}], [{8}, {4, 7}, {3, 6}, {2, 5}, {1}], [{8}, {4, 7}, {5, 6}, {2, 3}, {1}], [{8}, {4, 7}, {6}, {2, 5}, {1, 3}], [{8}, {5, 7}, {1, 6}, {3, 4}, {2}], [{8}, {5, 7}, {3, 6}, {1, 4}, {2}], [{8}, {5, 7}, {3, 6}, {2, 4}, {1}], [{8}, {5, 7}, {3, 6}, {4}, {1, 2}], [{8}, {5, 7}, {3, 6}, {4}, {2}, {1}], [{8}, {5, 7}, {4, 6}, {1, 3}, {2}], [{8}, {6, 7}, {3, 5}, {1, 4}, {2}], [{8}, {6, 7}, {3, 5}, {2, 4}, {1}], [{8}, {6, 7}, {3, 5}, {4}, {1, 2}], [{8}, {6, 7}, {3, 5}, {4}, {2}, {1}], [{8}, {6, 7}, {4, 5}, {3}, {1, 2}], [{8}, {6, 7}, {5}, {3, 4}, {1, 2}], [{8}, {7}, {1, 6}, {2, 5}, {3, 4}], [{8}, {7}, {1, 6}, {3, 5}, {2, 4}], [{8}, {7}, {2, 6}, {4, 5}, {1, 3}], [{8}, {7}, {3, 6}, {1, 5}, {2, 4}], [{8}, {7}, {3, 6}, {5}, {2, 4}, {1}], [{8}, {7}, {5, 6}, {2, 4}, {1, 3}], [{8}, {7}, {5, 6}, {2, 4}, {3}, {1}], [{8}, {7}, {6}, {3, 5}, {2, 4}, {1}]]",2,4 K_1^3 + 4 K_1^2 K_2 - 22 K_1^2 - 14 K_1 K_2 - 6 K_1 K_3 + 4 K_1 - 2 K_2^2 + 12 K_2 + 6 K_3 + 3 K_4 + 12,O1O2O3O4U5U6O7U8U2O8O6U4U1U7O5U3,O1O2O3U4U5O6O5U1O4O7U3U8U6U2O8U7,O1O2O3U4O5U2U6U5U1O4O7U3O8O6U8U7,c,"{'O1O2O3O4U2O5U6U4U1O7O8U3U8O6U7U5', 'O1O2O3U1O4O5U6U2U4O7O8U3U8O6U7U5'}",2,"<a href=""/flatknot/8.704116"">8.704116</a>",t^9-44t^7-148t^6-88t^5+214t^4+171t^3-54t^2-45t-2,-t^3+2t^2-t,,
8.704117,O1O2O3O4U2O5U6U4U1O7O8U5U3O6U7U8,3,16z^2+61z+59,-2w^4z^2+18w^3z^2-2w^3z+63w^2z+59w,False,False,"[[ 0 -1 -2  1  1  1 -2  0  2],[ 1  0 -1  3  1  2 -2  1  1],[ 2  1  0  2  1  1  0  1  1],[-1 -3 -2  0 -1  1 -3  1  2],[-1 -1 -1  1  0  1 -2  0  0],[-1 -2 -1 -1 -1  0 -1  0  1],[ 2  2  0  3  2  1  0  0  1],[ 0 -1 -1 -1  0  0  0  0  1],[-2 -1 -1 -2  0 -1 -1 -1  0]]","[[ 0  2  1  1  1  0 -1 -2 -2],[-2  0  0 -1 -2 -1 -1 -1 -1],[-1  0  0  1  1  0 -1 -1 -2],[-1  1 -1  0 -1  0 -2 -1 -1],[-1  2 -1  1  0  1 -3 -2 -3],[ 0  1  0  0 -1  0 -1 -1  0],[ 1  1  1  2  3  1  0 -1 -2],[ 2  1  1  1  2  1  1  0  0],[ 2  1  2  1  3  0  2  0  0]]",True,"[-2,-1,-1,-1,0,1,2,2,0,1,2,1,1,1,1,-1,-1,0,1,1,2,1,0,2,1,1,-1,3,2,3,1,1,0,1,2,0]","[-2,-2,-1,0,1,1,1,2,0,-1,2,0,1,2,3,0,1,1,2,2,3,0,-1,1,0,2,2,1,1,1,1,-1,-1,-1,1,0]",t^8+54t^6+204t^4+62t^2,"[-2,-2,-1,0,1,1,1,2,0,-1,2,0,1,2,3,0,1,1,2,2,3,0,-1,1,0,2,2,1,1,1,1,-1,-1,-1,1,0]","[-2,-1,-1,-1,0,1,2,2,-1,0,1,1,2,3,3,1,-1,2,-1,0,1,-1,1,0,2,2,1,1,1,2,0,2,1,-1,0,0]","[-2,-2,-1,0,1,1,1,2,0,1,1,1,1,2,1,2,0,1,2,3,1,1,2,1,3,1,0,0,-1,1,-1,-1,1,1,0,2]",c,"[[{8, 2}, {3, 7}, {4, 6}, {1, 5}], [{8, 2}, {4, 7}, {3, 6}, {1, 5}], [{8, 2}, {4, 7}, {5, 6}, {1, 3}], [{8, 2}, {5, 7}, {4, 6}, {1, 3}], [{8, 2}, {6, 7}, {1, 5}, {3, 4}], [{8, 2}, {6, 7}, {4, 5}, {1, 3}], [{8, 5}, {4, 7}, {2, 6}, {1, 3}], [{8}, {6, 7}, {1, 5}, {3, 4}, {2}], [{8}, {6, 7}, {4, 5}, {1, 3}, {2}]]",1,24 K_1^3 + 8 K_1^2 K_2 - 14 K_1^2 - 24 K_1 K_2 - 8 K_1 K_3 - 6 K_1 + 7 K_2 + 6 K_3 + 2 K_4 + 6,O1O2O3O4U5U6O7U2U8O5O6U4U1U7O8U3,O1O2O3U4U5O6O7U1O4O5U3U8U7U2O8U6,O1O2O3U4O5U2U6U5U1O7O8U3O6O4U7U8,c,"{'O1O2O3U1O4O5U6U2U4O7O8U5U3O6U7U8', 'O1O2O3O4U2O5U6U4U1O7O8U5U3O6U7U8'}",2,"<a href=""/flatknot/8.704117"">8.704117</a>",t^9-56t^7-190t^6-119t^5+152t^4+286t^3+262t^2+84t,t^2-2t,,
8.704118,O1O2O3O4U2O5U6U4U1O7O8U5U7O6U3U8,3,5z^2+30z+41,5w^3z^2+30w^2z+41w,False,False,"[[ 0 -1 -2  1  1  1 -2  0  2],[ 1  0 -1  2  1  2 -1  1  1],[ 2  1  0  2  1  1  1  0  1],[-1 -2 -2  0  0  1 -3  1  2],[-1 -1 -1  0  0  1 -2  1  0],[-1 -2 -1 -1 -1  0 -2  1  1],[ 2  1 -1  3  2  2  0  0  1],[ 0 -1  0 -1 -1 -1  0  0  1],[-2 -1 -1 -2  0 -1 -1 -1  0]]","[[ 0  2  1  1  1  0 -1 -2 -2],[-2  0  0 -1 -2 -1 -1 -1 -1],[-1  0  0  1  0  1 -1 -1 -2],[-1  1 -1  0 -1  1 -2 -1 -2],[-1  2  0  1  0  1 -2 -2 -3],[ 0  1 -1 -1 -1  0 -1  0  0],[ 1  1  1  2  2  1  0 -1 -1],[ 2  1  1  1  2  0  1  0  1],[ 2  1  2  2  3  0  1 -1  0]]",True,"[-2,-1,-1,-1,0,1,2,2,0,1,2,1,1,1,1,-1,0,-1,1,1,2,1,-1,2,1,2,-1,2,2,3,1,0,0,1,1,-1]","[-2,-2,-1,0,1,1,1,2,-1,0,2,1,2,2,3,0,2,0,1,1,3,0,0,0,1,2,2,2,2,1,-1,0,-1,1,0,1]",t^8+50t^6+178t^4+8t^2,"[-2,-2,-1,0,1,1,1,2,-1,0,2,1,2,2,3,0,2,0,1,1,3,0,0,0,1,2,2,2,2,1,-1,0,-1,1,0,1]","[-2,-1,-1,-1,0,1,2,2,-1,0,1,1,2,3,3,1,0,2,0,0,1,-1,2,0,1,2,2,1,1,2,0,2,2,0,0,-1]","[-2,-2,-1,0,1,1,1,2,-1,1,0,2,2,3,1,1,0,1,1,2,1,1,1,2,2,1,-1,-1,-1,1,1,0,0,-1,1,2]",c,"[[{8, 2}, {3, 7}, {4, 6}, {1, 5}], [{8, 2}, {4, 7}, {3, 6}, {1, 5}], [{8, 2}, {4, 7}, {3, 6}, {5}, {1}], [{8, 2}, {6, 7}, {1, 5}, {3, 4}], [{8, 7}, {3, 6}, {1, 5}, {2, 4}], [{8, 7}, {3, 6}, {5}, {2, 4}, {1}]]",1,- 10 K_1^2 - 4 K_1 K_2 + 2 K_1 + 5 K_2 + 2 K_3 + 6,O1O2O3O4U5U2O6U7U8O5O7U4U1U6O8U3,O1O2O3U4U5O6O4U1O7O5U3U8U7U2O8U6,O1O2O3U4O5U2U6U5U1O7O6U3O8O4U7U8,c,"{'O1O2O3U1O4O5U3U6U4O7O8U5U7U2O6U8', 'O1O2O3U1O4O5U6U2U4O7O8U5U7O6U3U8', 'O1O2O3U1O4O5U3U6O7U5O8U7U4U2O6U8', 'O1O2O3O4U2O5U6U4U1O7O8U5U7O6U3U8', 'O1O2O3U1O4O5U6U2O7U5O8U7U4O6U3U8'}",5,"<a href=""/flatknot/8.704118"">8.704118</a>",t^9-52t^7-168t^6-101t^5+276t^4+449t^3+44t^2-260t-120,t^2-2t,,
8.704119,O1O2O3O4U2O5U6U4U1O7O8U7U3O6U8U5,3,11z^2+52z+61,11w^3z^2-4w^3z+56w^2z+61w,False,False,"[[ 0 -1 -2  1  1  3 -2 -1  1],[ 1  0 -1  2  1  2 -1  0  0],[ 2  1  0  2  1  2  0  0  1],[-1 -2 -2  0  0  2 -2  0  1],[-1 -1 -1  0  0  0 -1  0 -1],[-3 -2 -2 -2  0  0 -2 -1  0],[ 2  1  0  2  1  2  0 -1  0],[ 1  0  0  0  0  1  1  0  1],[-1  0 -1 -1  1  0  0 -1  0]]","[[ 0  3  1  1  1 -1 -1 -2 -2],[-3  0  0  0 -2 -1 -2 -2 -2],[-1  0  0  1 -1 -1  0  0 -1],[-1  0 -1  0  0  0 -1 -1 -1],[-1  2  1  0  0  0 -2 -2 -2],[ 1  1  1  0  0  0  0  1  0],[ 1  2  0  1  2  0  0 -1 -1],[ 2  2  0  1  2 -1  1  0  0],[ 2  2  1  1  2  0  1  0  0]]",True,"[-3,-1,-1,-1,1,1,2,2,0,0,2,1,2,2,2,-1,1,1,0,0,1,0,0,1,1,1,0,2,2,2,0,-1,0,1,1,0]","[-3,-1,-1,-1,1,1,2,2,0,0,2,1,2,2,2,-1,1,1,0,0,1,0,0,1,1,1,0,2,2,2,0,-1,0,1,1,0]",t^8+39t^6+181t^4+95t^2,"[-2,-2,-1,-1,1,1,1,3,0,0,1,1,2,2,3,0,2,1,2,3,3,0,0,1,2,2,2,2,1,3,0,-1,0,1,2,2]","[-3,-1,-1,-1,1,1,2,2,0,2,2,2,3,3,3,0,1,0,2,1,1,-1,1,2,2,2,2,1,2,3,0,0,0,1,2,0]","[-2,-2,-1,-1,1,1,1,3,0,-1,1,0,1,2,2,0,1,1,1,2,2,0,1,0,0,1,0,1,2,2,1,-1,0,0,0,2]",c,"[[{8, 4}, {1, 7}, {2, 6}, {3, 5}], [{8, 6}, {5, 7}, {2, 4}, {1, 3}], [{8, 6}, {5, 7}, {2, 4}, {3}, {1}]]",1,4 K_1^3 + 8 K_1^2 K_2 - 16 K_1^2 - 6 K_1 K_2 - 4 K_1 K_3 + 6 K_2 + 2 K_3 + 7,O1O2O3O4U5U6O7U2U8O6O8U4U1U7O5U3,O1O2O3U4U5O4O6U1O5O7U3U8U6U2O8U7,O1O2O3U4O5U2U6U5U1O4O7U3O6O8U7U8,c,"{'O1O2O3O4U2O5U6U4U1O7O8U7U3O6U8U5', 'O1O2O3U1O4O5U6U2U4O7O8U7U3O6U8U5'}",2,"<a href=""/flatknot/8.704119"">8.704119</a>",t^9-37t^7-90t^6+31t^5+226t^4+54t^3-152t^2-48t,-t^3+2t^2-t,,
8.704120,O1O2O3O4U2O5U6U4U3O7O8U1U7O6U8U5,4,5z^3+46z^2+116z+89,5w^4z^3+46w^3z^2+116w^2z+89w,False,False,"[[ 0 -2 -2  1  1  3 -2  0  1],[ 2  0 -2  1  1  4 -1  1  1],[ 2  2  0  2  1  2  0  0  0],[-1 -1 -2  0  0  1 -2  0 -1],[-1 -1 -1  0  0  0 -1  0 -1],[-3 -4 -2 -1  0  0 -2 -1  0],[ 2  1  0  2  1  2  0  0  0],[ 0 -1  0  0  0  1  0  0  1],[-1 -1  0  1  1  0  0 -1  0]]","[[ 0  3  1  1  1  0 -2 -2 -2],[-3  0  0  0 -1 -1 -2 -2 -4],[-1  0  0  1  1 -1  0  0 -1],[-1  0 -1  0  0  0 -1 -1 -1],[-1  1 -1  0  0  0 -2 -2 -1],[ 0  1  1  0  0  0  0  0 -1],[ 2  2  0  1  2  0  0  0  2],[ 2  2  0  1  2  0  0  0  1],[ 2  4  1  1  1  1 -2 -1  0]]",True,"[-3,-1,-1,-1,0,2,2,2,0,0,1,1,2,2,4,-1,-1,1,0,0,1,0,0,1,1,1,0,2,2,1,0,0,1,0,-2,-1]","[-3,-1,-1,-1,0,2,2,2,0,0,1,1,2,2,4,-1,-1,1,0,0,1,0,0,1,1,1,0,2,2,1,0,0,1,0,-2,-1]",t^8+48t^6+260t^4+66t^2,"[-2,-2,-2,0,1,1,1,3,-2,0,2,1,2,3,3,1,1,2,2,2,1,2,1,2,3,3,1,1,0,2,0,1,1,1,2,2]","[-3,-1,-1,-1,0,2,2,2,1,2,2,2,1,3,3,-1,0,1,2,1,1,1,0,2,3,3,1,2,2,2,1,2,2,-2,-1,0]","[-2,-2,-2,0,1,1,1,3,-2,-1,1,1,1,1,4,0,0,0,1,2,2,0,0,1,2,2,1,0,0,1,1,1,0,0,0,1]",c,"[[{8, 1}, {2, 7}, {3, 6}, {4, 5}], [{8, 1}, {2, 7}, {4, 6}, {3, 5}], [{8, 1}, {2, 7}, {5, 6}, {3, 4}], [{8, 1}, {2, 7}, {5, 6}, {4}, {3}], [{8, 1}, {2, 7}, {6}, {5}, {3, 4}], [{8, 1}, {3, 7}, {2, 6}, {4, 5}], [{8, 1}, {3, 7}, {4, 6}, {2, 5}], [{8, 1}, {3, 7}, {4, 6}, {5}, {2}], [{8, 1}, {3, 7}, {5, 6}, {2, 4}], [{8, 1}, {4, 7}, {2, 6}, {3, 5}], [{8, 1}, {4, 7}, {3, 6}, {2, 5}], [{8, 1}, {4, 7}, {5, 6}, {2, 3}], [{8, 1}, {4, 7}, {5, 6}, {3}, {2}], [{8, 1}, {4, 7}, {6}, {5}, {2, 3}], [{8, 1}, {5, 7}, {2, 6}, {3, 4}], [{8, 1}, {5, 7}, {3, 6}, {2, 4}], [{8, 1}, {5, 7}, {3, 6}, {4}, {2}], [{8, 1}, {5, 7}, {4, 6}, {2, 3}], [{8, 1}, {6, 7}, {2, 5}, {3, 4}], [{8, 1}, {6, 7}, {3, 5}, {2, 4}], [{8, 1}, {6, 7}, {4, 5}, {2, 3}], [{8, 1}, {7}, {3, 6}, {5}, {2, 4}], [{8, 1}, {7}, {5, 6}, {2, 4}, {3}], [{8, 1}, {7}, {6}, {3, 5}, {2, 4}], [{8, 2}, {1, 7}, {3, 6}, {4, 5}], [{8, 2}, {1, 7}, {4, 6}, {3, 5}], [{8, 2}, {1, 7}, {5, 6}, {3, 4}], [{8, 2}, {3, 7}, {1, 6}, {4, 5}], [{8, 2}, {3, 7}, {4, 6}, {1, 5}], [{8, 2}, {3, 7}, {5, 6}, {1, 4}], [{8, 2}, {3, 7}, {6}, {5}, {1, 4}], [{8, 2}, {4, 7}, {1, 6}, {3, 5}], [{8, 2}, {4, 7}, {3, 6}, {1, 5}], [{8, 2}, {4, 7}, {5, 6}, {1, 3}], [{8, 2}, {5, 7}, {1, 6}, {3, 4}], [{8, 2}, {5, 7}, {3, 6}, {1, 4}], [{8, 2}, {5, 7}, {4, 6}, {1, 3}], [{8, 2}, {6, 7}, {1, 5}, {3, 4}], [{8, 2}, {6, 7}, {3, 5}, {1, 4}], [{8, 2}, {6, 7}, {4, 5}, {1, 3}], [{8, 2}, {6, 7}, {5}, {4}, {1, 3}], [{8, 2}, {7}, {4, 6}, {1, 5}, {3}], [{8, 3}, {1, 7}, {2, 6}, {4, 5}], [{8, 3}, {1, 7}, {4, 6}, {2, 5}], [{8, 3}, {1, 7}, {5, 6}, {2, 4}], [{8, 3}, {2, 7}, {1, 6}, {4, 5}], [{8, 3}, {2, 7}, {4, 6}, {1, 5}], [{8, 3}, {2, 7}, {5, 6}, {1, 4}], [{8, 3}, {2, 7}, {5, 6}, {4}, {1}], [{8, 3}, {4, 7}, {1, 6}, {2, 5}], [{8, 3}, {4, 7}, {2, 6}, {1, 5}], [{8, 3}, {4, 7}, {5, 6}, {1, 2}], [{8, 3}, {4, 7}, {6}, {1, 5}, {2}], [{8, 3}, {5, 7}, {1, 6}, {2, 4}], [{8, 3}, {5, 7}, {1, 6}, {4}, {2}], [{8, 3}, {5, 7}, {2, 6}, {1, 4}], [{8, 3}, {5, 7}, {4, 6}, {1, 2}], [{8, 3}, {6, 7}, {1, 5}, {2, 4}], [{8, 3}, {6, 7}, {2, 5}, {1, 4}], [{8, 3}, {6, 7}, {4, 5}, {1, 2}], [{8, 3}, {6, 7}, {5}, {4}, {1, 2}], [{8, 3}, {7}, {1, 6}, {5}, {2, 4}], [{8, 3}, {7}, {4, 6}, {2, 5}, {1}], [{8, 4}, {1, 7}, {2, 6}, {3, 5}], [{8, 4}, {1, 7}, {3, 6}, {2, 5}], [{8, 4}, {1, 7}, {5, 6}, {2, 3}], [{8, 4}, {2, 7}, {1, 6}, {3, 5}], [{8, 4}, {2, 7}, {3, 6}, {1, 5}], [{8, 4}, {2, 7}, {3, 6}, {5}, {1}], [{8, 4}, {2, 7}, {5, 6}, {1, 3}], [{8, 4}, {3, 7}, {1, 6}, {2, 5}], [{8, 4}, {3, 7}, {2, 6}, {1, 5}], [{8, 4}, {3, 7}, {2, 6}, {5}, {1}], [{8, 4}, {3, 7}, {5, 6}, {1, 2}], [{8, 4}, {5, 7}, {1, 6}, {2, 3}], [{8, 4}, {5, 7}, {1, 6}, {3}, {2}], [{8, 4}, {5, 7}, {2, 6}, {1, 3}], [{8, 4}, {5, 7}, {3, 6}, {1, 2}], [{8, 4}, {6, 7}, {1, 5}, {2, 3}], [{8, 4}, {6, 7}, {2, 5}, {1, 3}], [{8, 4}, {6, 7}, {3, 5}, {1, 2}], [{8, 4}, {7}, {3, 6}, {1, 5}, {2}], [{8, 5}, {1, 7}, {2, 6}, {3, 4}], [{8, 5}, {1, 7}, {3, 6}, {2, 4}], [{8, 5}, {1, 7}, {4, 6}, {2, 3}], [{8, 5}, {2, 7}, {1, 6}, {3, 4}], [{8, 5}, {2, 7}, {3, 6}, {1, 4}], [{8, 5}, {2, 7}, {3, 6}, {4}, {1}], [{8, 5}, {2, 7}, {4, 6}, {1, 3}], [{8, 5}, {3, 7}, {1, 6}, {2, 4}], [{8, 5}, {3, 7}, {2, 6}, {1, 4}], [{8, 5}, {3, 7}, {4, 6}, {1, 2}], [{8, 5}, {3, 7}, {6}, {4}, {1, 2}], [{8, 5}, {4, 7}, {1, 6}, {2, 3}], [{8, 5}, {4, 7}, {2, 6}, {1, 3}], [{8, 5}, {4, 7}, {3, 6}, {1, 2}], [{8, 5}, {4, 7}, {6}, {1, 3}, {2}], [{8, 5}, {6, 7}, {1, 4}, {2, 3}], [{8, 5}, {6, 7}, {2, 4}, {1, 3}], [{8, 5}, {6, 7}, {3, 4}, {1, 2}], [{8, 5}, {7}, {2, 6}, {3, 4}, {1}], [{8, 6}, {1, 7}, {2, 5}, {3, 4}], [{8, 6}, {1, 7}, {2, 5}, {4}, {3}], [{8, 6}, {1, 7}, {3, 5}, {2, 4}], [{8, 6}, {1, 7}, {3, 5}, {4}, {2}], [{8, 6}, {1, 7}, {4, 5}, {2, 3}], [{8, 6}, {1, 7}, {4, 5}, {3}, {2}], [{8, 6}, {1, 7}, {5}, {2, 4}, {3}], [{8, 6}, {1, 7}, {5}, {3, 4}, {2}], [{8, 6}, {1, 7}, {5}, {4}, {2, 3}], [{8, 6}, {1, 7}, {5}, {4}, {3}, {2}], [{8, 6}, {2, 7}, {1, 5}, {3, 4}], [{8, 6}, {2, 7}, {1, 5}, {4}, {3}], [{8, 6}, {2, 7}, {3, 5}, {1, 4}], [{8, 6}, {2, 7}, {4, 5}, {1, 3}], [{8, 6}, {3, 7}, {1, 5}, {2, 4}], [{8, 6}, {3, 7}, {2, 5}, {1, 4}], [{8, 6}, {3, 7}, {4, 5}, {1, 2}], [{8, 6}, {3, 7}, {4, 5}, {2}, {1}], [{8, 6}, {4, 7}, {1, 5}, {2, 3}], [{8, 6}, {4, 7}, {2, 5}, {1, 3}], [{8, 6}, {4, 7}, {3, 5}, {1, 2}], [{8, 6}, {4, 7}, {5}, {2, 3}, {1}], [{8, 6}, {5, 7}, {1, 4}, {2, 3}], [{8, 6}, {5, 7}, {2, 4}, {1, 3}], [{8, 6}, {5, 7}, {3, 4}, {1, 2}], [{8, 6}, {5, 7}, {4}, {3}, {1, 2}], [{8, 6}, {7}, {4, 5}, {1, 3}, {2}], [{8, 6}, {7}, {5}, {1, 4}, {2, 3}], [{8, 7}, {1, 6}, {2, 5}, {3, 4}], [{8, 7}, {1, 6}, {3, 5}, {2, 4}], [{8, 7}, {1, 6}, {4, 5}, {2, 3}], [{8, 7}, {2, 6}, {1, 5}, {3, 4}], [{8, 7}, {2, 6}, {3, 5}, {1, 4}], [{8, 7}, {2, 6}, {3, 5}, {4}, {1}], [{8, 7}, {2, 6}, {4, 5}, {1, 3}], [{8, 7}, {3, 6}, {1, 5}, {2, 4}], [{8, 7}, {3, 6}, {2, 5}, {1, 4}], [{8, 7}, {3, 6}, {4, 5}, {1, 2}], [{8, 7}, {3, 6}, {5}, {4}, {1, 2}], [{8, 7}, {4, 6}, {1, 5}, {2, 3}], [{8, 7}, {4, 6}, {2, 5}, {1, 3}], [{8, 7}, {4, 6}, {3, 5}, {1, 2}], [{8, 7}, {5, 6}, {1, 4}, {2, 3}], [{8, 7}, {5, 6}, {2, 4}, {1, 3}], [{8, 7}, {5, 6}, {3, 4}, {1, 2}], [{8, 7}, {6}, {2, 5}, {1, 4}, {3}], [{8, 7}, {6}, {2, 5}, {3, 4}, {1}], [{8, 7}, {6}, {2, 5}, {4}, {1, 3}], [{8}, {2, 7}, {1, 6}, {4, 5}, {3}], [{8}, {2, 7}, {3, 6}, {4, 5}, {1}], [{8}, {2, 7}, {4, 6}, {5}, {1, 3}], [{8}, {2, 7}, {5, 6}, {4}, {1, 3}], [{8}, {2, 7}, {6}, {3, 5}, {1, 4}], [{8}, {2, 7}, {6}, {4, 5}, {1, 3}], [{8}, {3, 7}, {5, 6}, {1, 4}, {2}], [{8}, {3, 7}, {6}, {1, 5}, {2, 4}], [{8}, {4, 7}, {1, 6}, {5}, {2, 3}], [{8}, {4, 7}, {3, 6}, {2, 5}, {1}], [{8}, {5, 7}, {1, 6}, {3, 4}, {2}], [{8}, {7}, {4, 6}, {3, 5}, {1, 2}]]",2,12 K_1^3 - 2 K_1^2 - 6 K_1 K_2 - 6 K_1 + K_2 + 2,O1O2O3O4U5U6O7U8U4O6O8U2U1U7O5U3,O1O2O3U4U5O6O4U1O5O7U6U8U3U2O8U7,O1O2O3U4O5U2U1U5U6O4O7U3O8O6U7U8,c,{'O1O2O3O4U2O5U6U4U3O7O8U1U7O6U8U5'},1,"<a href=""/flatknot/8.704120"">8.704120</a>",t^9-48t^7-118t^6+117t^5+300t^4-36t^3-202t^2+13t+4,-t^3+3t^2-3t,,
8.704121,O1O2O3O4U2O5U6U4U3O7O8U1U8O6U7U5,3,12z^2+45z+43,-8w^4z^2+20w^3z^2-16w^3z+61w^2z+43w,False,False,"[[ 0 -2 -2  1  1  3 -2  0  1],[ 2  0 -2  1  1  4 -1  1  1],[ 2  2  0  2  1  2  0  0  0],[-1 -1 -2  0  0  1 -2 -1  0],[-1 -1 -1  0  0  0 -1 -1  0],[-3 -4 -2 -1  0  0 -2 -1  0],[ 2  1  0  2  1  2  0  0  1],[ 0 -1  0  1  1  1  0  0  0],[-1 -1  0  0  0  0 -1  0  0]]","[[ 0  3  1  1  1  0 -2 -2 -2],[-3  0  0  0 -1 -1 -2 -2 -4],[-1  0  0  0  0  0  0 -1 -1],[-1  0  0  0  0 -1 -1 -1 -1],[-1  1  0  0  0 -1 -2 -2 -1],[ 0  1  0  1  1  0  0  0 -1],[ 2  2  0  1  2  0  0  0  2],[ 2  2  1  1  2  0  0  0  1],[ 2  4  1  1  1  1 -2 -1  0]]",True,"[-3,-1,-1,-1,0,2,2,2,0,0,1,1,2,2,4,0,0,0,0,1,1,0,1,1,1,1,1,2,2,1,0,0,1,0,-2,-1]","[-3,-1,-1,-1,0,2,2,2,0,0,1,1,2,2,4,0,0,0,0,1,1,0,1,1,1,1,1,2,2,1,0,0,1,0,-2,-1]",t^8+48t^6+192t^4+95t^2,"[-2,-2,-2,0,1,1,1,3,-2,0,2,1,2,3,3,1,1,2,2,2,1,2,1,2,2,3,0,0,1,2,0,0,1,0,2,2]","[-3,-1,-1,-1,0,2,2,2,1,2,2,2,1,3,3,0,0,0,2,1,1,0,0,2,2,2,1,2,2,3,1,2,2,-1,-2,0]","[-2,-2,-2,0,1,1,1,3,-2,-1,1,1,1,1,4,0,0,0,1,2,2,0,1,1,2,2,0,1,1,1,0,0,0,0,0,1]",c,"[[{8, 1}, {3, 7}, {4, 6}, {2, 5}], [{8, 1}, {3, 7}, {5, 6}, {2, 4}], [{8, 4}, {3, 7}, {1, 6}, {2, 5}], [{8, 5}, {3, 7}, {1, 6}, {2, 4}]]",1,- 8 K_1^4 + 8 K_1^3 + 16 K_1^2 K_2 - 4 K_1^2 - 6 K_1 K_2 - 6 K_1 K_3 - 3 K_1 + K_2 + K_3 + 2,O1O2O3O4U5U6O7U8U4O8O6U2U1U7O5U3,O1O2O3U4U5O6O5U1O4O7U6U8U3U2O8U7,O1O2O3U4O5U2U1U5U6O4O7U3O8O6U8U7,c,{'O1O2O3O4U2O5U6U4U3O7O8U1U8O6U7U5'},1,"<a href=""/flatknot/8.704121"">8.704121</a>",t^9-48t^7-124t^6+65t^5+182t^4-90t^3-54t^2+40t-8,-t^3+3t^2-3t,,
8.704122,O1O2O3O4U2O5U6U4U3O7O8U5U1O6U7U8,4,5z^3+35z^2+73z+47,-4w^5z^3+9w^4z^3-16w^4z^2+51w^3z^2-12w^3z+85w^2z+47w,False,False,"[[ 0 -1 -2  1  1  1 -2  0  2],[ 1  0 -2  0  0  2 -2  1  2],[ 2  2  0  2  1  2  0  0  0],[-1  0 -2  0  0  2 -3  0  0],[-1  0 -1  0  0  1 -2  0  0],[-1 -2 -2 -2 -1  0 -1  0  1],[ 2  2  0  3  2  1  0  0  1],[ 0 -1  0  0  0  0  0  0  1],[-2 -2  0  0  0 -1 -1 -1  0]]","[[ 0  2  1  1  1  0 -1 -2 -2],[-2  0  0  0 -1 -1 -2  0 -1],[-1  0  0  0  2  0  0 -2 -3],[-1  0  0  0  1  0  0 -1 -2],[-1  1 -2 -1  0  0 -2 -2 -1],[ 0  1  0  0  0  0 -1  0  0],[ 1  2  0  0  2  1  0 -2 -2],[ 2  0  2  1  2  0  2  0  0],[ 2  1  3  2  1  0  2  0  0]]",True,"[-2,-1,-1,-1,0,1,2,2,0,0,1,1,2,0,1,0,-2,0,0,2,3,-1,0,0,1,2,0,2,2,1,1,0,0,2,2,0]","[-2,-2,-1,0,1,1,1,2,0,-1,2,0,1,2,3,-1,2,1,2,1,4,0,2,2,0,1,1,1,1,1,0,-2,1,-1,1,0]",t^8+48t^6+269t^4+147t^2+1,"[-2,-2,-1,0,1,1,1,2,0,-1,2,0,1,2,3,-1,2,1,2,1,4,0,2,2,0,1,1,1,1,1,0,-2,1,-1,1,0]","[-2,-1,-1,-1,0,1,2,2,0,1,1,1,1,3,4,-2,-1,1,0,2,1,0,1,2,0,1,1,2,1,2,0,2,2,-1,-1,0]","[-2,-2,-1,0,1,1,1,2,0,2,0,1,2,2,0,2,0,2,1,3,1,1,0,2,0,2,0,0,0,1,1,0,0,-2,1,0]",c,"[[{8, 1}, {2, 7}, {3, 6}, {4, 5}], [{8, 1}, {2, 7}, {4, 6}, {3, 5}], [{8, 1}, {2, 7}, {5, 6}, {3, 4}], [{8, 1}, {3, 7}, {2, 6}, {4, 5}], [{8, 1}, {3, 7}, {4, 6}, {2, 5}], [{8, 1}, {3, 7}, {5, 6}, {2, 4}], [{8, 1}, {4, 7}, {2, 6}, {3, 5}], [{8, 1}, {4, 7}, {3, 6}, {2, 5}], [{8, 1}, {4, 7}, {5, 6}, {2, 3}], [{8, 1}, {5, 7}, {2, 6}, {3, 4}], [{8, 1}, {5, 7}, {3, 6}, {2, 4}], [{8, 1}, {5, 7}, {4, 6}, {2, 3}], [{8, 1}, {6, 7}, {2, 5}, {3, 4}], [{8, 1}, {6, 7}, {3, 5}, {2, 4}], [{8, 1}, {6, 7}, {4, 5}, {2, 3}], [{8, 1}, {7}, {2, 6}, {3, 5}, {4}], [{8, 1}, {7}, {2, 6}, {4, 5}, {3}], [{8, 1}, {7}, {2, 6}, {5}, {3, 4}], [{8, 1}, {7}, {3, 6}, {2, 5}, {4}], [{8, 1}, {7}, {3, 6}, {4, 5}, {2}], [{8, 1}, {7}, {3, 6}, {5}, {2, 4}], [{8, 1}, {7}, {4, 6}, {2, 5}, {3}], [{8, 1}, {7}, {4, 6}, {3, 5}, {2}], [{8, 1}, {7}, {4, 6}, {5}, {2, 3}], [{8, 1}, {7}, {5, 6}, {2, 4}, {3}], [{8, 1}, {7}, {5, 6}, {3, 4}, {2}], [{8, 1}, {7}, {5, 6}, {4}, {2, 3}], [{8, 1}, {7}, {6}, {2, 5}, {3, 4}], [{8, 1}, {7}, {6}, {3, 5}, {2, 4}], [{8, 1}, {7}, {6}, {4, 5}, {2, 3}], [{8, 2}, {1, 7}, {3, 6}, {4, 5}], [{8, 2}, {1, 7}, {4, 6}, {3, 5}], [{8, 2}, {1, 7}, {5, 6}, {3, 4}], [{8, 2}, {3, 7}, {1, 6}, {4, 5}], [{8, 2}, {3, 7}, {4, 6}, {1, 5}], [{8, 2}, {3, 7}, {5, 6}, {1, 4}], [{8, 2}, {3, 7}, {6}, {5}, {1, 4}], [{8, 2}, {4, 7}, {1, 6}, {3, 5}], [{8, 2}, {4, 7}, {3, 6}, {1, 5}], [{8, 2}, {4, 7}, {5, 6}, {1, 3}], [{8, 2}, {4, 7}, {5, 6}, {3}, {1}], [{8, 2}, {5, 7}, {1, 6}, {3, 4}], [{8, 2}, {5, 7}, {3, 6}, {1, 4}], [{8, 2}, {5, 7}, {4, 6}, {1, 3}], [{8, 2}, {5, 7}, {6}, {3, 4}, {1}], [{8, 2}, {6, 7}, {1, 5}, {3, 4}], [{8, 2}, {6, 7}, {3, 5}, {1, 4}], [{8, 2}, {6, 7}, {4, 5}, {1, 3}], [{8, 2}, {7}, {4, 6}, {5}, {1, 3}], [{8, 2}, {7}, {5, 6}, {4}, {1, 3}], [{8, 2}, {7}, {6}, {4, 5}, {1, 3}], [{8, 3}, {1, 7}, {2, 6}, {4, 5}], [{8, 3}, {1, 7}, {4, 6}, {2, 5}], [{8, 3}, {1, 7}, {5, 6}, {2, 4}], [{8, 3}, {2, 7}, {1, 6}, {4, 5}], [{8, 3}, {2, 7}, {1, 6}, {5}, {4}], [{8, 3}, {2, 7}, {4, 6}, {1, 5}], [{8, 3}, {2, 7}, {5, 6}, {1, 4}], [{8, 3}, {4, 7}, {1, 6}, {2, 5}], [{8, 3}, {4, 7}, {2, 6}, {1, 5}], [{8, 3}, {4, 7}, {5, 6}, {1, 2}], [{8, 3}, {5, 7}, {1, 6}, {2, 4}], [{8, 3}, {5, 7}, {2, 6}, {1, 4}], [{8, 3}, {5, 7}, {4, 6}, {1, 2}], [{8, 3}, {6, 7}, {1, 5}, {2, 4}], [{8, 3}, {6, 7}, {2, 5}, {1, 4}], [{8, 3}, {6, 7}, {4, 5}, {1, 2}], [{8, 3}, {7}, {4, 6}, {5}, {1, 2}], [{8, 3}, {7}, {5, 6}, {4}, {1, 2}], [{8, 3}, {7}, {6}, {4, 5}, {1, 2}], [{8, 4}, {1, 7}, {2, 6}, {3, 5}], [{8, 4}, {1, 7}, {3, 6}, {2, 5}], [{8, 4}, {1, 7}, {5, 6}, {2, 3}], [{8, 4}, {2, 7}, {1, 6}, {3, 5}], [{8, 4}, {2, 7}, {3, 6}, {1, 5}], [{8, 4}, {2, 7}, {5, 6}, {1, 3}], [{8, 4}, {2, 7}, {5, 6}, {3}, {1}], [{8, 4}, {3, 7}, {1, 6}, {2, 5}], [{8, 4}, {3, 7}, {2, 6}, {1, 5}], [{8, 4}, {3, 7}, {5, 6}, {1, 2}], [{8, 4}, {5, 7}, {1, 6}, {2, 3}], [{8, 4}, {5, 7}, {2, 6}, {1, 3}], [{8, 4}, {5, 7}, {3, 6}, {1, 2}], [{8, 4}, {5, 7}, {6}, {2, 3}, {1}], [{8, 4}, {6, 7}, {1, 5}, {2, 3}], [{8, 4}, {6, 7}, {2, 5}, {1, 3}], [{8, 4}, {6, 7}, {3, 5}, {1, 2}], [{8, 5}, {1, 7}, {2, 6}, {3, 4}], [{8, 5}, {1, 7}, {3, 6}, {2, 4}], [{8, 5}, {1, 7}, {4, 6}, {2, 3}], [{8, 5}, {1, 7}, {6}, {2, 4}, {3}], [{8, 5}, {2, 7}, {1, 6}, {3, 4}], [{8, 5}, {2, 7}, {3, 6}, {1, 4}], [{8, 5}, {2, 7}, {4, 6}, {1, 3}], [{8, 5}, {2, 7}, {6}, {1, 4}, {3}], [{8, 5}, {3, 7}, {1, 6}, {2, 4}], [{8, 5}, {3, 7}, {2, 6}, {1, 4}], [{8, 5}, {3, 7}, {4, 6}, {1, 2}], [{8, 5}, {4, 7}, {1, 6}, {2, 3}], [{8, 5}, {4, 7}, {2, 6}, {1, 3}], [{8, 5}, {4, 7}, {3, 6}, {1, 2}], [{8, 5}, {6, 7}, {1, 4}, {2, 3}], [{8, 5}, {6, 7}, {2, 4}, {1, 3}], [{8, 5}, {6, 7}, {3, 4}, {1, 2}], [{8, 6}, {1, 7}, {2, 5}, {3, 4}], [{8, 6}, {1, 7}, {2, 5}, {4}, {3}], [{8, 6}, {1, 7}, {3, 5}, {2, 4}], [{8, 6}, {1, 7}, {4, 5}, {2, 3}], [{8, 6}, {2, 7}, {1, 5}, {3, 4}], [{8, 6}, {2, 7}, {3, 5}, {1, 4}], [{8, 6}, {2, 7}, {4, 5}, {1, 3}], [{8, 6}, {3, 7}, {1, 5}, {2, 4}], [{8, 6}, {3, 7}, {1, 5}, {4}, {2}], [{8, 6}, {3, 7}, {2, 5}, {1, 4}], [{8, 6}, {3, 7}, {4, 5}, {1, 2}], [{8, 6}, {3, 7}, {5}, {2, 4}, {1}], [{8, 6}, {4, 7}, {1, 5}, {2, 3}], [{8, 6}, {4, 7}, {2, 5}, {1, 3}], [{8, 6}, {4, 7}, {3, 5}, {1, 2}], [{8, 6}, {5, 7}, {1, 4}, {2, 3}], [{8, 6}, {5, 7}, {2, 4}, {1, 3}], [{8, 6}, {5, 7}, {2, 4}, {3}, {1}], [{8, 6}, {5, 7}, {3, 4}, {1, 2}], [{8, 6}, {7}, {3, 5}, {2, 4}, {1}], [{8, 7}, {1, 6}, {2, 5}, {3, 4}], [{8, 7}, {1, 6}, {3, 5}, {2, 4}], [{8, 7}, {1, 6}, {4, 5}, {2, 3}], [{8, 7}, {2, 6}, {1, 5}, {3, 4}], [{8, 7}, {2, 6}, {3, 5}, {1, 4}], [{8, 7}, {2, 6}, {4, 5}, {1, 3}], [{8, 7}, {3, 6}, {1, 5}, {2, 4}], [{8, 7}, {3, 6}, {1, 5}, {4}, {2}], [{8, 7}, {3, 6}, {2, 5}, {1, 4}], [{8, 7}, {3, 6}, {4, 5}, {1, 2}], [{8, 7}, {4, 6}, {1, 5}, {2, 3}], [{8, 7}, {4, 6}, {2, 5}, {1, 3}], [{8, 7}, {4, 6}, {3, 5}, {1, 2}], [{8, 7}, {5, 6}, {1, 4}, {2, 3}], [{8, 7}, {5, 6}, {2, 4}, {1, 3}], [{8, 7}, {5, 6}, {3, 4}, {1, 2}], [{8, 7}, {5, 6}, {4}, {3}, {1, 2}], [{8, 7}, {6}, {5}, {2, 4}, {1, 3}], [{8}, {2, 7}, {6}, {1, 5}, {3, 4}], [{8}, {3, 7}, {1, 6}, {4, 5}, {2}], [{8}, {3, 7}, {4, 6}, {2, 5}, {1}], [{8}, {3, 7}, {5, 6}, {4}, {1, 2}], [{8}, {6, 7}, {3, 5}, {1, 4}, {2}], [{8}, {6, 7}, {4, 5}, {1, 3}, {2}], [{8}, {7}, {1, 6}, {3, 5}, {2, 4}]]",2,- 8 K_1^4 + 8 K_1^3 + 16 K_1^2 K_2 - 4 K_1^2 - 8 K_1 K_2 - 6 K_1 K_3 - 2 K_1 + K_2 + 2 K_3 + 2,O1O2O3O4U5U6O7U4U8O5O6U2U1U7O8U3,O1O2O3U4U5O6O7U1O4O5U7U8U3U2O8U6,O1O2O3U4O5U2U1U5U6O7O8U3O6O4U7U8,c,{'O1O2O3O4U2O5U6U4U3O7O8U5U1O6U7U8'},1,"<a href=""/flatknot/8.704122"">8.704122</a>",t^9-50t^7-88t^6+180t^5+358t^4+48t^3-40t^2-30t,t^2-2t,,
8.704123,O1O2O3O4U2O5U6U4U3O7O8U5U7O6U1U8,4,7z^3+52z^2+116z+81,7w^4z^3+52w^3z^2+116w^2z+81w,False,False,"[[ 0 -1 -2  1  1  1 -2  0  2],[ 1  0 -2  1  1  2 -2  1  2],[ 2  2  0  2  1  2  0  0  0],[-1 -1 -2  0  0  2 -3  1  0],[-1 -1 -1  0  0  1 -2  1  0],[-1 -2 -2 -2 -1  0 -2  1  1],[ 2  2  0  3  2  2  0  0  1],[ 0 -1  0 -1 -1 -1  0  0  1],[-2 -2  0  0  0 -1 -1 -1  0]]","[[ 0  2  1  1  1  0 -1 -2 -2],[-2  0  0  0 -1 -1 -2  0 -1],[-1  0  0  0  2  1 -1 -2 -3],[-1  0  0  0  1  1 -1 -1 -2],[-1  1 -2 -1  0  1 -2 -2 -2],[ 0  1 -1 -1 -1  0 -1  0  0],[ 1  2  1  1  2  1  0 -2 -2],[ 2  0  2  1  2  0  2  0  0],[ 2  1  3  2  2  0  2  0  0]]",True,"[-2,-1,-1,-1,0,1,2,2,0,0,1,1,2,0,1,0,-2,-1,1,2,3,-1,-1,1,1,2,-1,2,2,2,1,0,0,2,2,0]","[-2,-2,-1,0,1,1,1,2,0,-1,2,0,1,1,3,-1,2,1,1,2,4,0,1,0,1,1,2,2,2,1,-2,0,1,1,0,1]",t^8+56t^6+265t^4+86t^2,"[-2,-2,-1,0,1,1,1,2,0,-1,2,0,1,1,3,-1,2,1,1,2,4,0,1,0,1,1,2,2,2,1,-2,0,1,1,0,1]","[-2,-1,-1,-1,0,1,2,2,0,1,1,1,1,3,4,-2,-1,2,0,1,1,0,2,1,0,1,2,1,1,2,0,2,2,-1,-1,0]","[-2,-2,-1,0,1,1,1,2,0,2,0,1,2,2,0,2,0,2,2,3,1,1,1,2,1,2,-1,-1,-1,1,1,0,0,-2,1,0]",c,"[[{8, 1}, {2, 7}, {3, 6}, {4, 5}], [{8, 1}, {2, 7}, {3, 6}, {5}, {4}], [{8, 1}, {2, 7}, {4, 6}, {3, 5}], [{8, 1}, {2, 7}, {5, 6}, {3, 4}], [{8, 1}, {2, 7}, {5, 6}, {4}, {3}], [{8, 1}, {2, 7}, {6}, {3, 5}, {4}], [{8, 1}, {3, 7}, {2, 6}, {4, 5}], [{8, 1}, {3, 7}, {4, 6}, {2, 5}], [{8, 1}, {3, 7}, {5, 6}, {2, 4}], [{8, 1}, {3, 7}, {6}, {5}, {2, 4}], [{8, 1}, {4, 7}, {2, 6}, {3, 5}], [{8, 1}, {4, 7}, {3, 6}, {2, 5}], [{8, 1}, {4, 7}, {5, 6}, {2, 3}], [{8, 1}, {5, 7}, {2, 6}, {3, 4}], [{8, 1}, {5, 7}, {3, 6}, {2, 4}], [{8, 1}, {5, 7}, {4, 6}, {2, 3}], [{8, 1}, {6, 7}, {2, 5}, {3, 4}], [{8, 1}, {6, 7}, {2, 5}, {4}, {3}], [{8, 1}, {6, 7}, {3, 5}, {2, 4}], [{8, 1}, {6, 7}, {4, 5}, {2, 3}], [{8, 1}, {7}, {2, 6}, {5}, {3, 4}], [{8, 2}, {1, 7}, {3, 6}, {4, 5}], [{8, 2}, {1, 7}, {4, 6}, {3, 5}], [{8, 2}, {1, 7}, {5, 6}, {3, 4}], [{8, 2}, {3, 7}, {1, 6}, {4, 5}], [{8, 2}, {3, 7}, {4, 6}, {1, 5}], [{8, 2}, {3, 7}, {5, 6}, {1, 4}], [{8, 2}, {3, 7}, {5, 6}, {4}, {1}], [{8, 2}, {4, 7}, {1, 6}, {3, 5}], [{8, 2}, {4, 7}, {3, 6}, {1, 5}], [{8, 2}, {4, 7}, {5, 6}, {1, 3}], [{8, 2}, {4, 7}, {5, 6}, {3}, {1}], [{8, 2}, {5, 7}, {1, 6}, {3, 4}], [{8, 2}, {5, 7}, {3, 6}, {1, 4}], [{8, 2}, {5, 7}, {4, 6}, {1, 3}], [{8, 2}, {6, 7}, {1, 5}, {3, 4}], [{8, 2}, {6, 7}, {3, 5}, {1, 4}], [{8, 2}, {6, 7}, {4, 5}, {1, 3}], [{8, 2}, {6, 7}, {4, 5}, {3}, {1}], [{8, 2}, {7}, {5, 6}, {3, 4}, {1}], [{8, 3}, {1, 7}, {2, 6}, {4, 5}], [{8, 3}, {1, 7}, {4, 6}, {2, 5}], [{8, 3}, {1, 7}, {5, 6}, {2, 4}], [{8, 3}, {2, 7}, {1, 6}, {4, 5}], [{8, 3}, {2, 7}, {4, 6}, {1, 5}], [{8, 3}, {2, 7}, {5, 6}, {1, 4}], [{8, 3}, {2, 7}, {5, 6}, {4}, {1}], [{8, 3}, {4, 7}, {1, 6}, {2, 5}], [{8, 3}, {4, 7}, {2, 6}, {1, 5}], [{8, 3}, {4, 7}, {5, 6}, {1, 2}], [{8, 3}, {4, 7}, {5, 6}, {2}, {1}], [{8, 3}, {5, 7}, {1, 6}, {2, 4}], [{8, 3}, {5, 7}, {2, 6}, {1, 4}], [{8, 3}, {5, 7}, {4, 6}, {1, 2}], [{8, 3}, {6, 7}, {1, 5}, {2, 4}], [{8, 3}, {6, 7}, {2, 5}, {1, 4}], [{8, 3}, {6, 7}, {4, 5}, {1, 2}], [{8, 3}, {7}, {5, 6}, {2, 4}, {1}], [{8, 4}, {1, 7}, {2, 6}, {3, 5}], [{8, 4}, {1, 7}, {2, 6}, {5}, {3}], [{8, 4}, {1, 7}, {3, 6}, {2, 5}], [{8, 4}, {1, 7}, {5, 6}, {2, 3}], [{8, 4}, {2, 7}, {1, 6}, {3, 5}], [{8, 4}, {2, 7}, {3, 6}, {1, 5}], [{8, 4}, {2, 7}, {5, 6}, {1, 3}], [{8, 4}, {2, 7}, {5, 6}, {3}, {1}], [{8, 4}, {3, 7}, {1, 6}, {2, 5}], [{8, 4}, {3, 7}, {2, 6}, {1, 5}], [{8, 4}, {3, 7}, {5, 6}, {1, 2}], [{8, 4}, {3, 7}, {5, 6}, {2}, {1}], [{8, 4}, {5, 7}, {1, 6}, {2, 3}], [{8, 4}, {5, 7}, {2, 6}, {1, 3}], [{8, 4}, {5, 7}, {3, 6}, {1, 2}], [{8, 4}, {6, 7}, {1, 5}, {2, 3}], [{8, 4}, {6, 7}, {2, 5}, {1, 3}], [{8, 4}, {6, 7}, {3, 5}, {1, 2}], [{8, 4}, {6, 7}, {5}, {3}, {1, 2}], [{8, 4}, {7}, {5, 6}, {2, 3}, {1}], [{8, 5}, {1, 7}, {2, 6}, {3, 4}], [{8, 5}, {1, 7}, {3, 6}, {2, 4}], [{8, 5}, {1, 7}, {4, 6}, {2, 3}], [{8, 5}, {2, 7}, {1, 6}, {3, 4}], [{8, 5}, {2, 7}, {3, 6}, {1, 4}], [{8, 5}, {2, 7}, {4, 6}, {1, 3}], [{8, 5}, {2, 7}, {6}, {4}, {1, 3}], [{8, 5}, {3, 7}, {1, 6}, {2, 4}], [{8, 5}, {3, 7}, {2, 6}, {1, 4}], [{8, 5}, {3, 7}, {2, 6}, {4}, {1}], [{8, 5}, {3, 7}, {4, 6}, {1, 2}], [{8, 5}, {3, 7}, {4, 6}, {2}, {1}], [{8, 5}, {3, 7}, {6}, {2, 4}, {1}], [{8, 5}, {4, 7}, {1, 6}, {2, 3}], [{8, 5}, {4, 7}, {2, 6}, {1, 3}], [{8, 5}, {4, 7}, {2, 6}, {3}, {1}], [{8, 5}, {4, 7}, {3, 6}, {1, 2}], [{8, 5}, {6, 7}, {1, 4}, {2, 3}], [{8, 5}, {6, 7}, {2, 4}, {1, 3}], [{8, 5}, {6, 7}, {2, 4}, {3}, {1}], [{8, 5}, {6, 7}, {3, 4}, {1, 2}], [{8, 5}, {7}, {1, 6}, {4}, {2, 3}], [{8, 5}, {7}, {2, 6}, {3, 4}, {1}], [{8, 5}, {7}, {3, 6}, {2, 4}, {1}], [{8, 5}, {7}, {4, 6}, {3}, {1, 2}], [{8, 6}, {1, 7}, {2, 5}, {3, 4}], [{8, 6}, {1, 7}, {3, 5}, {2, 4}], [{8, 6}, {1, 7}, {4, 5}, {2, 3}], [{8, 6}, {1, 7}, {4, 5}, {3}, {2}], [{8, 6}, {2, 7}, {1, 5}, {3, 4}], [{8, 6}, {2, 7}, {3, 5}, {1, 4}], [{8, 6}, {2, 7}, {4, 5}, {1, 3}], [{8, 6}, {2, 7}, {5}, {4}, {1, 3}], [{8, 6}, {3, 7}, {1, 5}, {2, 4}], [{8, 6}, {3, 7}, {2, 5}, {1, 4}], [{8, 6}, {3, 7}, {4, 5}, {1, 2}], [{8, 6}, {3, 7}, {5}, {2, 4}, {1}], [{8, 6}, {4, 7}, {1, 5}, {2, 3}], [{8, 6}, {4, 7}, {2, 5}, {1, 3}], [{8, 6}, {4, 7}, {3, 5}, {1, 2}], [{8, 6}, {5, 7}, {1, 4}, {2, 3}], [{8, 6}, {5, 7}, {2, 4}, {1, 3}], [{8, 6}, {5, 7}, {3, 4}, {1, 2}], [{8, 6}, {7}, {5}, {3, 4}, {1, 2}], [{8, 7}, {1, 6}, {2, 5}, {3, 4}], [{8, 7}, {1, 6}, {3, 5}, {2, 4}], [{8, 7}, {1, 6}, {4, 5}, {2, 3}], [{8, 7}, {2, 6}, {1, 5}, {3, 4}], [{8, 7}, {2, 6}, {3, 5}, {1, 4}], [{8, 7}, {2, 6}, {4, 5}, {1, 3}], [{8, 7}, {2, 6}, {4, 5}, {3}, {1}], [{8, 7}, {3, 6}, {1, 5}, {2, 4}], [{8, 7}, {3, 6}, {2, 5}, {1, 4}], [{8, 7}, {3, 6}, {4, 5}, {1, 2}], [{8, 7}, {4, 6}, {1, 5}, {2, 3}], [{8, 7}, {4, 6}, {2, 5}, {1, 3}], [{8, 7}, {4, 6}, {3, 5}, {1, 2}], [{8, 7}, {5, 6}, {1, 4}, {2, 3}], [{8, 7}, {5, 6}, {2, 4}, {1, 3}], [{8, 7}, {5, 6}, {2, 4}, {3}, {1}], [{8, 7}, {5, 6}, {3, 4}, {1, 2}], [{8, 7}, {5, 6}, {3, 4}, {2}, {1}], [{8, 7}, {5, 6}, {4}, {2, 3}, {1}], [{8, 7}, {6}, {2, 5}, {4}, {1, 3}], [{8, 7}, {6}, {3, 5}, {4}, {1, 2}], [{8}, {2, 7}, {5, 6}, {1, 4}, {3}], [{8}, {2, 7}, {5, 6}, {3, 4}, {1}], [{8}, {2, 7}, {5, 6}, {4}, {1, 3}], [{8}, {2, 7}, {5, 6}, {4}, {3}, {1}], [{8}, {3, 7}, {1, 6}, {5}, {2, 4}], [{8}, {3, 7}, {5, 6}, {2, 4}, {1}], [{8}, {3, 7}, {6}, {1, 5}, {2, 4}], [{8}, {3, 7}, {6}, {5}, {2, 4}, {1}], [{8}, {4, 7}, {3, 6}, {2, 5}, {1}], [{8}, {4, 7}, {5, 6}, {2, 3}, {1}], [{8}, {7}, {2, 6}, {1, 5}, {3, 4}]]",2,16 K_1^3 - 2 K_1^2 - 8 K_1 K_2 - 8 K_1 + K_2 + 2,O1O2O3O4U5U4O6U7U8O5O7U2U1U6O8U3,O1O2O3U4U5O6O4U1O7O5U7U8U3U2O8U6,O1O2O3U4O5U2U1U5U6O7O6U3O8O4U7U8,c,{'O1O2O3O4U2O5U6U4U3O7O8U5U7O6U1U8'},1,"<a href=""/flatknot/8.704123"">8.704123</a>",t^9-58t^7-174t^6-4t^5+314t^4-36t^3-226t^2+71t-4,t^2-2t,,
8.704124,O1O2O3O4U2O5U6U4U3O7O8U5U8O6U1U7,4,2z^3+36z^2+107z+87,2w^4z^3+36w^3z^2+107w^2z+87w,False,False,"[[ 0 -1 -2  1  1  1 -2  1  1],[ 1  0 -2  1  1  2 -2  1  1],[ 2  2  0  2  1  2  0  0  0],[-1 -1 -2  0  0  2 -3  0  1],[-1 -1 -1  0  0  1 -2  0  1],[-1 -2 -2 -2 -1  0 -2  1  1],[ 2  2  0  3  2  2  0  1  1],[-1 -1  0  0  0 -1 -1  0  0],[-1 -1  0 -1 -1 -1 -1  0  0]]","[[ 0  1  1  1  1  1 -1 -2 -2],[-1  0  2  1  0  0 -1 -2 -3],[-1 -2  0  1  1 -1 -2 -2 -2],[-1 -1 -1  0  0 -1 -1  0 -1],[-1  0 -1  0  0  0 -1  0 -1],[-1  0  1  1  0  0 -1 -1 -2],[ 1  1  2  1  1  1  0 -2 -2],[ 2  2  2  0  0  1  2  0  0],[ 2  3  2  1  1  2  2  0  0]]",True,"[-1,-1,-1,-1,-1,1,2,2,-2,-1,0,0,1,2,3,-1,-1,1,2,2,2,0,1,1,0,1,0,1,0,1,1,1,2,2,2,0]","[-2,-2,-1,1,1,1,1,1,0,-1,0,1,1,2,2,-1,1,1,2,3,3,1,0,1,1,1,-2,0,-1,0,1,-1,-1,-1,0,0]",t^8+53t^6+148t^4+55t^2,"[-2,-2,-1,1,1,1,1,1,0,-1,0,1,1,2,2,-1,1,1,2,3,3,1,0,1,1,1,-2,0,-1,0,1,-1,-1,-1,0,0]","[-1,-1,-1,-1,-1,1,2,2,-2,-1,1,1,0,1,1,0,0,1,1,0,1,0,1,1,1,2,0,1,2,3,1,2,3,-1,-1,0]","[-2,-2,-1,1,1,1,1,1,0,2,0,0,1,2,2,2,1,1,2,2,3,1,1,1,2,1,0,-1,-1,-1,0,-1,0,1,0,-2]",c,"[[{8, 1}, {2, 7}, {3, 6}, {4, 5}], [{8, 1}, {2, 7}, {3, 6}, {5}, {4}], [{8, 1}, {2, 7}, {4, 6}, {3, 5}], [{8, 1}, {2, 7}, {4, 6}, {5}, {3}], [{8, 1}, {2, 7}, {5, 6}, {3, 4}], [{8, 1}, {2, 7}, {6}, {5}, {3, 4}], [{8, 1}, {3, 7}, {2, 6}, {4, 5}], [{8, 1}, {3, 7}, {2, 6}, {5}, {4}], [{8, 1}, {3, 7}, {4, 6}, {2, 5}], [{8, 1}, {3, 7}, {5, 6}, {2, 4}], [{8, 1}, {4, 7}, {2, 6}, {3, 5}], [{8, 1}, {4, 7}, {3, 6}, {2, 5}], [{8, 1}, {4, 7}, {5, 6}, {2, 3}], [{8, 1}, {5, 7}, {2, 6}, {3, 4}], [{8, 1}, {5, 7}, {3, 6}, {2, 4}], [{8, 1}, {5, 7}, {3, 6}, {4}, {2}], [{8, 1}, {5, 7}, {4, 6}, {2, 3}], [{8, 1}, {5, 7}, {4, 6}, {3}, {2}], [{8, 1}, {5, 7}, {6}, {3, 4}, {2}], [{8, 1}, {6, 7}, {2, 5}, {3, 4}], [{8, 1}, {6, 7}, {3, 5}, {2, 4}], [{8, 1}, {6, 7}, {4, 5}, {2, 3}], [{8, 1}, {7}, {3, 6}, {2, 5}, {4}], [{8, 1}, {7}, {4, 6}, {2, 5}, {3}], [{8, 1}, {7}, {6}, {2, 5}, {3, 4}], [{8, 2}, {1, 7}, {3, 6}, {4, 5}], [{8, 2}, {1, 7}, {4, 6}, {3, 5}], [{8, 2}, {1, 7}, {5, 6}, {3, 4}], [{8, 2}, {3, 7}, {1, 6}, {4, 5}], [{8, 2}, {3, 7}, {4, 6}, {1, 5}], [{8, 2}, {3, 7}, {5, 6}, {1, 4}], [{8, 2}, {3, 7}, {5, 6}, {4}, {1}], [{8, 2}, {4, 7}, {1, 6}, {3, 5}], [{8, 2}, {4, 7}, {3, 6}, {1, 5}], [{8, 2}, {4, 7}, {3, 6}, {5}, {1}], [{8, 2}, {4, 7}, {5, 6}, {1, 3}], [{8, 2}, {5, 7}, {1, 6}, {3, 4}], [{8, 2}, {5, 7}, {3, 6}, {1, 4}], [{8, 2}, {5, 7}, {3, 6}, {4}, {1}], [{8, 2}, {5, 7}, {4, 6}, {1, 3}], [{8, 2}, {6, 7}, {1, 5}, {3, 4}], [{8, 2}, {6, 7}, {3, 5}, {1, 4}], [{8, 2}, {6, 7}, {3, 5}, {4}, {1}], [{8, 2}, {6, 7}, {4, 5}, {1, 3}], [{8, 2}, {7}, {3, 6}, {4, 5}, {1}], [{8, 2}, {7}, {5, 6}, {1, 4}, {3}], [{8, 3}, {1, 7}, {2, 6}, {4, 5}], [{8, 3}, {1, 7}, {2, 6}, {5}, {4}], [{8, 3}, {1, 7}, {4, 6}, {2, 5}], [{8, 3}, {1, 7}, {5, 6}, {2, 4}], [{8, 3}, {2, 7}, {1, 6}, {4, 5}], [{8, 3}, {2, 7}, {4, 6}, {1, 5}], [{8, 3}, {2, 7}, {5, 6}, {1, 4}], [{8, 3}, {4, 7}, {1, 6}, {2, 5}], [{8, 3}, {4, 7}, {2, 6}, {1, 5}], [{8, 3}, {4, 7}, {2, 6}, {5}, {1}], [{8, 3}, {4, 7}, {5, 6}, {1, 2}], [{8, 3}, {5, 7}, {1, 6}, {2, 4}], [{8, 3}, {5, 7}, {2, 6}, {1, 4}], [{8, 3}, {5, 7}, {4, 6}, {1, 2}], [{8, 3}, {6, 7}, {1, 5}, {2, 4}], [{8, 3}, {6, 7}, {2, 5}, {1, 4}], [{8, 3}, {6, 7}, {4, 5}, {1, 2}], [{8, 3}, {6, 7}, {4, 5}, {2}, {1}], [{8, 3}, {7}, {1, 6}, {2, 5}, {4}], [{8, 3}, {7}, {2, 6}, {5}, {1, 4}], [{8, 4}, {1, 7}, {2, 6}, {3, 5}], [{8, 4}, {1, 7}, {3, 6}, {2, 5}], [{8, 4}, {1, 7}, {5, 6}, {2, 3}], [{8, 4}, {2, 7}, {1, 6}, {3, 5}], [{8, 4}, {2, 7}, {3, 6}, {1, 5}], [{8, 4}, {2, 7}, {5, 6}, {1, 3}], [{8, 4}, {3, 7}, {1, 6}, {2, 5}], [{8, 4}, {3, 7}, {2, 6}, {1, 5}], [{8, 4}, {3, 7}, {2, 6}, {5}, {1}], [{8, 4}, {3, 7}, {5, 6}, {1, 2}], [{8, 4}, {5, 7}, {1, 6}, {2, 3}], [{8, 4}, {5, 7}, {2, 6}, {1, 3}], [{8, 4}, {5, 7}, {3, 6}, {1, 2}], [{8, 4}, {5, 7}, {3, 6}, {2}, {1}], [{8, 4}, {6, 7}, {1, 5}, {2, 3}], [{8, 4}, {6, 7}, {2, 5}, {1, 3}], [{8, 4}, {6, 7}, {2, 5}, {3}, {1}], [{8, 4}, {6, 7}, {3, 5}, {1, 2}], [{8, 4}, {7}, {5, 6}, {1, 3}, {2}], [{8, 5}, {1, 7}, {2, 6}, {3, 4}], [{8, 5}, {1, 7}, {3, 6}, {2, 4}], [{8, 5}, {1, 7}, {4, 6}, {2, 3}], [{8, 5}, {2, 7}, {1, 6}, {3, 4}], [{8, 5}, {2, 7}, {3, 6}, {1, 4}], [{8, 5}, {2, 7}, {4, 6}, {1, 3}], [{8, 5}, {3, 7}, {1, 6}, {2, 4}], [{8, 5}, {3, 7}, {2, 6}, {1, 4}], [{8, 5}, {3, 7}, {4, 6}, {1, 2}], [{8, 5}, {4, 7}, {1, 6}, {2, 3}], [{8, 5}, {4, 7}, {2, 6}, {1, 3}], [{8, 5}, {4, 7}, {3, 6}, {1, 2}], [{8, 5}, {6, 7}, {1, 4}, {2, 3}], [{8, 5}, {6, 7}, {2, 4}, {1, 3}], [{8, 5}, {6, 7}, {3, 4}, {1, 2}], [{8, 5}, {6, 7}, {4}, {1, 3}, {2}], [{8, 5}, {7}, {2, 6}, {1, 4}, {3}], [{8, 6}, {1, 7}, {2, 5}, {3, 4}], [{8, 6}, {1, 7}, {2, 5}, {4}, {3}], [{8, 6}, {1, 7}, {3, 5}, {2, 4}], [{8, 6}, {1, 7}, {4, 5}, {2, 3}], [{8, 6}, {2, 7}, {1, 5}, {3, 4}], [{8, 6}, {2, 7}, {3, 5}, {1, 4}], [{8, 6}, {2, 7}, {4, 5}, {1, 3}], [{8, 6}, {3, 7}, {1, 5}, {2, 4}], [{8, 6}, {3, 7}, {2, 5}, {1, 4}], [{8, 6}, {3, 7}, {4, 5}, {1, 2}], [{8, 6}, {4, 7}, {1, 5}, {2, 3}], [{8, 6}, {4, 7}, {2, 5}, {1, 3}], [{8, 6}, {4, 7}, {2, 5}, {3}, {1}], [{8, 6}, {4, 7}, {3, 5}, {1, 2}], [{8, 6}, {5, 7}, {1, 4}, {2, 3}], [{8, 6}, {5, 7}, {2, 4}, {1, 3}], [{8, 6}, {5, 7}, {3, 4}, {1, 2}], [{8, 6}, {7}, {2, 5}, {1, 4}, {3}], [{8, 6}, {7}, {5}, {2, 4}, {1, 3}], [{8, 7}, {1, 6}, {2, 5}, {3, 4}], [{8, 7}, {1, 6}, {3, 5}, {2, 4}], [{8, 7}, {1, 6}, {4, 5}, {2, 3}], [{8, 7}, {2, 6}, {1, 5}, {3, 4}], [{8, 7}, {2, 6}, {3, 5}, {1, 4}], [{8, 7}, {2, 6}, {4, 5}, {1, 3}], [{8, 7}, {2, 6}, {5}, {1, 4}, {3}], [{8, 7}, {3, 6}, {1, 5}, {2, 4}], [{8, 7}, {3, 6}, {2, 5}, {1, 4}], [{8, 7}, {3, 6}, {4, 5}, {1, 2}], [{8, 7}, {4, 6}, {1, 5}, {2, 3}], [{8, 7}, {4, 6}, {2, 5}, {1, 3}], [{8, 7}, {4, 6}, {3, 5}, {1, 2}], [{8, 7}, {5, 6}, {1, 4}, {2, 3}], [{8, 7}, {5, 6}, {2, 4}, {1, 3}], [{8, 7}, {5, 6}, {3, 4}, {1, 2}], [{8}, {1, 7}, {4, 6}, {3, 5}, {2}], [{8}, {1, 7}, {5, 6}, {2, 4}, {3}], [{8}, {2, 7}, {6}, {3, 5}, {1, 4}], [{8}, {2, 7}, {6}, {4, 5}, {1, 3}], [{8}, {3, 7}, {2, 6}, {5}, {1, 4}], [{8}, {4, 7}, {5, 6}, {2, 3}, {1}], [{8}, {5, 7}, {1, 6}, {2, 4}, {3}], [{8}, {5, 7}, {2, 6}, {1, 4}, {3}], [{8}, {5, 7}, {3, 6}, {1, 4}, {2}], [{8}, {5, 7}, {3, 6}, {2, 4}, {1}], [{8}, {5, 7}, {3, 6}, {4}, {1, 2}], [{8}, {5, 7}, {3, 6}, {4}, {2}, {1}], [{8}, {5, 7}, {6}, {1, 4}, {2, 3}], [{8}, {5, 7}, {6}, {2, 4}, {1, 3}], [{8}, {6, 7}, {3, 5}, {1, 4}, {2}], [{8}, {7}, {2, 6}, {1, 5}, {3, 4}], [{8}, {7}, {2, 6}, {3, 5}, {1, 4}]]",2,8 K_1^3 - 4 K_1^2 - 4 K_1 K_2 - 4 K_1 + 2 K_2 + 3,O1O2O3O4U5U4O6U7U8O7O5U2U1U6O8U3,O1O2O3U4U5O6O5U1O7O4U7U8U3U2O8U6,O1O2O3U4O5U2U1U5U6O7O6U3O8O4U8U7,c,{'O1O2O3O4U2O5U6U4U3O7O8U5U8O6U1U7'},1,"<a href=""/flatknot/8.704124"">8.704124</a>",t^9-57t^7-174t^6-42t^5+218t^4+38t^3-82t^2+9t+4,2t^2-4t,,
8.704125,O1O2O3O4U2O5U6U4U3O7O8U7U1O6U8U5,4,6z^3+50z^2+117z+83,6w^4z^3+50w^3z^2+117w^2z+83w,False,False,"[[ 0 -1 -2  1  1  3 -2 -1  1],[ 1  0 -2  1  1  3 -1  0  1],[ 2  2  0  2  1  2  0  0  0],[-1 -1 -2  0  0  1 -2  0 -1],[-1 -1 -1  0  0  0 -1  0 -1],[-3 -3 -2 -1  0  0 -2 -1  0],[ 2  1  0  2  1  2  0 -1  0],[ 1  0  0  0  0  1  1  0  1],[-1 -1  0  1  1  0  0 -1  0]]","[[ 0  3  1  1  1 -1 -1 -2 -2],[-3  0  0  0 -1 -1 -3 -2 -2],[-1  0  0  1  1 -1 -1  0  0],[-1  0 -1  0  0  0 -1 -1 -1],[-1  1 -1  0  0  0 -1 -2 -2],[ 1  1  1  0  0  0  0  1  0],[ 1  3  1  1  1  0  0 -1 -2],[ 2  2  0  1  2 -1  1  0  0],[ 2  2  0  1  2  0  2  0  0]]",True,"[-3,-1,-1,-1,1,1,2,2,0,0,1,1,3,2,2,-1,-1,1,1,0,0,0,0,1,1,1,0,1,2,2,0,-1,0,1,2,0]","[-3,-1,-1,-1,1,1,2,2,0,0,1,1,3,2,2,-1,-1,1,1,0,0,0,0,1,1,1,0,1,2,2,0,-1,0,1,2,0]",t^8+41t^6+204t^4+79t^2,"[-2,-2,-1,-1,1,1,1,3,0,-1,1,1,2,3,3,0,2,1,2,3,3,0,1,1,1,1,2,2,1,3,0,1,1,1,2,2]","[-3,-1,-1,-1,1,1,2,2,1,2,2,1,3,3,3,-1,0,1,2,1,1,1,1,1,3,3,1,2,2,2,0,-1,0,1,2,0]","[-2,-2,-1,-1,1,1,1,3,0,-1,1,0,1,2,2,0,2,0,1,2,2,0,1,0,0,1,1,1,1,3,1,1,0,0,0,1]",c,"[[{8, 1}, {2, 7}, {3, 6}, {4, 5}], [{8, 1}, {2, 7}, {4, 6}, {3, 5}], [{8, 1}, {2, 7}, {5, 6}, {3, 4}], [{8, 1}, {2, 7}, {5, 6}, {4}, {3}], [{8, 1}, {3, 7}, {2, 6}, {4, 5}], [{8, 1}, {3, 7}, {4, 6}, {2, 5}], [{8, 1}, {3, 7}, {5, 6}, {2, 4}], [{8, 1}, {3, 7}, {6}, {2, 5}, {4}], [{8, 1}, {4, 7}, {2, 6}, {3, 5}], [{8, 1}, {4, 7}, {3, 6}, {2, 5}], [{8, 1}, {4, 7}, {3, 6}, {5}, {2}], [{8, 1}, {4, 7}, {5, 6}, {2, 3}], [{8, 1}, {5, 7}, {2, 6}, {3, 4}], [{8, 1}, {5, 7}, {3, 6}, {2, 4}], [{8, 1}, {5, 7}, {4, 6}, {2, 3}], [{8, 1}, {6, 7}, {2, 5}, {3, 4}], [{8, 1}, {6, 7}, {3, 5}, {2, 4}], [{8, 1}, {6, 7}, {4, 5}, {2, 3}], [{8, 1}, {6, 7}, {5}, {4}, {2, 3}], [{8, 2}, {1, 7}, {3, 6}, {4, 5}], [{8, 2}, {1, 7}, {4, 6}, {3, 5}], [{8, 2}, {1, 7}, {5, 6}, {3, 4}], [{8, 2}, {3, 7}, {1, 6}, {4, 5}], [{8, 2}, {3, 7}, {4, 6}, {1, 5}], [{8, 2}, {3, 7}, {4, 6}, {5}, {1}], [{8, 2}, {3, 7}, {5, 6}, {1, 4}], [{8, 2}, {4, 7}, {1, 6}, {3, 5}], [{8, 2}, {4, 7}, {3, 6}, {1, 5}], [{8, 2}, {4, 7}, {5, 6}, {1, 3}], [{8, 2}, {5, 7}, {1, 6}, {3, 4}], [{8, 2}, {5, 7}, {3, 6}, {1, 4}], [{8, 2}, {5, 7}, {4, 6}, {1, 3}], [{8, 2}, {6, 7}, {1, 5}, {3, 4}], [{8, 2}, {6, 7}, {3, 5}, {1, 4}], [{8, 2}, {6, 7}, {4, 5}, {1, 3}], [{8, 2}, {7}, {3, 6}, {1, 5}, {4}], [{8, 2}, {7}, {5, 6}, {1, 4}, {3}], [{8, 3}, {1, 7}, {2, 6}, {4, 5}], [{8, 3}, {1, 7}, {4, 6}, {2, 5}], [{8, 3}, {1, 7}, {5, 6}, {2, 4}], [{8, 3}, {2, 7}, {1, 6}, {4, 5}], [{8, 3}, {2, 7}, {4, 6}, {1, 5}], [{8, 3}, {2, 7}, {5, 6}, {1, 4}], [{8, 3}, {2, 7}, {5, 6}, {4}, {1}], [{8, 3}, {4, 7}, {1, 6}, {2, 5}], [{8, 3}, {4, 7}, {2, 6}, {1, 5}], [{8, 3}, {4, 7}, {5, 6}, {1, 2}], [{8, 3}, {4, 7}, {6}, {1, 5}, {2}], [{8, 3}, {4, 7}, {6}, {2, 5}, {1}], [{8, 3}, {4, 7}, {6}, {5}, {1, 2}], [{8, 3}, {5, 7}, {1, 6}, {2, 4}], [{8, 3}, {5, 7}, {2, 6}, {1, 4}], [{8, 3}, {5, 7}, {4, 6}, {1, 2}], [{8, 3}, {6, 7}, {1, 5}, {2, 4}], [{8, 3}, {6, 7}, {2, 5}, {1, 4}], [{8, 3}, {6, 7}, {4, 5}, {1, 2}], [{8, 3}, {6, 7}, {5}, {1, 4}, {2}], [{8, 3}, {7}, {1, 6}, {2, 5}, {4}], [{8, 4}, {1, 7}, {2, 6}, {3, 5}], [{8, 4}, {1, 7}, {3, 6}, {2, 5}], [{8, 4}, {1, 7}, {5, 6}, {2, 3}], [{8, 4}, {2, 7}, {1, 6}, {3, 5}], [{8, 4}, {2, 7}, {3, 6}, {1, 5}], [{8, 4}, {2, 7}, {3, 6}, {5}, {1}], [{8, 4}, {2, 7}, {5, 6}, {1, 3}], [{8, 4}, {3, 7}, {1, 6}, {2, 5}], [{8, 4}, {3, 7}, {2, 6}, {1, 5}], [{8, 4}, {3, 7}, {5, 6}, {1, 2}], [{8, 4}, {3, 7}, {5, 6}, {2}, {1}], [{8, 4}, {3, 7}, {6}, {5}, {1, 2}], [{8, 4}, {5, 7}, {1, 6}, {2, 3}], [{8, 4}, {5, 7}, {2, 6}, {1, 3}], [{8, 4}, {5, 7}, {3, 6}, {1, 2}], [{8, 4}, {6, 7}, {1, 5}, {2, 3}], [{8, 4}, {6, 7}, {2, 5}, {1, 3}], [{8, 4}, {6, 7}, {3, 5}, {1, 2}], [{8, 4}, {7}, {1, 6}, {2, 5}, {3}], [{8, 5}, {1, 7}, {2, 6}, {3, 4}], [{8, 5}, {1, 7}, {3, 6}, {2, 4}], [{8, 5}, {1, 7}, {4, 6}, {2, 3}], [{8, 5}, {2, 7}, {1, 6}, {3, 4}], [{8, 5}, {2, 7}, {3, 6}, {1, 4}], [{8, 5}, {2, 7}, {4, 6}, {1, 3}], [{8, 5}, {3, 7}, {1, 6}, {2, 4}], [{8, 5}, {3, 7}, {2, 6}, {1, 4}], [{8, 5}, {3, 7}, {4, 6}, {1, 2}], [{8, 5}, {4, 7}, {1, 6}, {2, 3}], [{8, 5}, {4, 7}, {2, 6}, {1, 3}], [{8, 5}, {4, 7}, {3, 6}, {1, 2}], [{8, 5}, {6, 7}, {1, 4}, {2, 3}], [{8, 5}, {6, 7}, {2, 4}, {1, 3}], [{8, 5}, {6, 7}, {3, 4}, {1, 2}], [{8, 5}, {6, 7}, {4}, {3}, {1, 2}], [{8, 6}, {1, 7}, {2, 5}, {3, 4}], [{8, 6}, {1, 7}, {3, 5}, {2, 4}], [{8, 6}, {1, 7}, {4, 5}, {2, 3}], [{8, 6}, {2, 7}, {1, 5}, {3, 4}], [{8, 6}, {2, 7}, {1, 5}, {4}, {3}], [{8, 6}, {2, 7}, {3, 5}, {1, 4}], [{8, 6}, {2, 7}, {4, 5}, {1, 3}], [{8, 6}, {2, 7}, {4, 5}, {3}, {1}], [{8, 6}, {2, 7}, {5}, {1, 4}, {3}], [{8, 6}, {3, 7}, {1, 5}, {2, 4}], [{8, 6}, {3, 7}, {2, 5}, {1, 4}], [{8, 6}, {3, 7}, {2, 5}, {4}, {1}], [{8, 6}, {3, 7}, {4, 5}, {1, 2}], [{8, 6}, {4, 7}, {1, 5}, {2, 3}], [{8, 6}, {4, 7}, {2, 5}, {1, 3}], [{8, 6}, {4, 7}, {3, 5}, {1, 2}], [{8, 6}, {5, 7}, {1, 4}, {2, 3}], [{8, 6}, {5, 7}, {2, 4}, {1, 3}], [{8, 6}, {5, 7}, {3, 4}, {1, 2}], [{8, 6}, {7}, {3, 5}, {1, 4}, {2}], [{8, 7}, {1, 6}, {2, 5}, {3, 4}], [{8, 7}, {1, 6}, {2, 5}, {4}, {3}], [{8, 7}, {1, 6}, {3, 5}, {2, 4}], [{8, 7}, {1, 6}, {4, 5}, {2, 3}], [{8, 7}, {2, 6}, {1, 5}, {3, 4}], [{8, 7}, {2, 6}, {3, 5}, {1, 4}], [{8, 7}, {2, 6}, {4, 5}, {1, 3}], [{8, 7}, {3, 6}, {1, 5}, {2, 4}], [{8, 7}, {3, 6}, {2, 5}, {1, 4}], [{8, 7}, {3, 6}, {4, 5}, {1, 2}], [{8, 7}, {4, 6}, {1, 5}, {2, 3}], [{8, 7}, {4, 6}, {2, 5}, {1, 3}], [{8, 7}, {4, 6}, {3, 5}, {1, 2}], [{8, 7}, {5, 6}, {1, 4}, {2, 3}], [{8, 7}, {5, 6}, {2, 4}, {1, 3}], [{8, 7}, {5, 6}, {3, 4}, {1, 2}], [{8, 7}, {6}, {3, 5}, {4}, {1, 2}], [{8}, {1, 7}, {2, 6}, {3, 5}, {4}], [{8}, {2, 7}, {5, 6}, {4}, {1, 3}], [{8}, {3, 7}, {1, 6}, {2, 5}, {4}], [{8}, {3, 7}, {2, 6}, {1, 5}, {4}], [{8}, {4, 7}, {1, 6}, {2, 5}, {3}], [{8}, {4, 7}, {5, 6}, {2, 3}, {1}], [{8}, {5, 7}, {6}, {2, 4}, {1, 3}], [{8}, {7}, {1, 6}, {2, 5}, {3, 4}], [{8}, {7}, {1, 6}, {2, 5}, {4}, {3}], [{8}, {7}, {3, 6}, {2, 5}, {1, 4}], [{8}, {7}, {4, 6}, {2, 5}, {1, 3}]]",2,8 K_1^3 + 8 K_1^2 K_2 - 8 K_1^2 - 6 K_1 K_2 - 4 K_1 K_3 - 3 K_1 + 2 K_2 + K_3 + 3,O1O2O3O4U5U6O7U4U8O6O8U2U1U7O5U3,O1O2O3U4U5O4O6U1O5O7U6U8U3U2O8U7,O1O2O3U4O5U2U1U5U6O4O7U3O6O8U7U8,c,{'O1O2O3O4U2O5U6U4U3O7O8U7U1O6U8U5'},1,"<a href=""/flatknot/8.704125"">8.704125</a>",t^9-39t^7-90t^6+64t^5+222t^4-63t^3-80t^2-15t-4,-t^3+2t^2-t,,
8.704126,O1O2O3O4U2O5U6U4U3O7O8U7U8O6U1U5,4,12z^3+61z^2+102z+57,-4w^5z^3+16w^4z^3-8w^4z^2+69w^3z^2+102w^2z+57w,False,False,"[[ 0 -1 -2  1  1  3 -2 -1  1],[ 1  0 -2  2  2  3 -1 -1  1],[ 2  2  0  2  1  2  0  0  0],[-1 -2 -2  0  0  1 -2  0  0],[-1 -2 -1  0  0  0 -1  0  0],[-3 -3 -2 -1  0  0 -3 -1  1],[ 2  1  0  2  1  3  0  0  0],[ 1  1  0  0  0  1  0  0  1],[-1 -1  0  0  0 -1  0 -1  0]]","[[ 0  3  1  1  1 -1 -1 -2 -2],[-3  0  1  0 -1 -1 -3 -2 -3],[-1 -1  0  0  0 -1 -1  0  0],[-1  0  0  0  0  0 -2 -1 -1],[-1  1  0  0  0  0 -2 -2 -2],[ 1  1  1  0  0  0  1  0  0],[ 1  3  1  2  2 -1  0 -2 -1],[ 2  2  0  1  2  0  2  0  0],[ 2  3  0  1  2  0  1  0  0]]",True,"[-3,-1,-1,-1,1,1,2,2,-1,0,1,1,3,2,3,0,0,1,1,0,0,0,0,2,1,1,0,2,2,2,-1,0,0,2,1,0]","[-3,-1,-1,-1,1,1,2,2,-1,0,1,1,3,2,3,0,0,1,1,0,0,0,0,2,1,1,0,2,2,2,-1,0,0,2,1,0]",t^8+51t^6+171t^4+104t^2+9,"[-2,-2,-1,-1,1,1,1,3,0,-1,1,1,2,3,3,0,1,1,2,3,2,1,0,0,1,1,2,2,1,3,0,0,1,0,2,3]","[-3,-1,-1,-1,1,1,2,2,1,2,3,1,3,2,3,0,0,0,2,1,1,0,0,2,2,2,1,1,3,3,-1,0,-1,1,1,0]","[-2,-2,-1,-1,1,1,1,3,0,0,1,0,1,2,3,0,2,0,1,2,2,1,1,0,0,1,1,2,2,3,0,0,-1,0,0,1]",c,"[[{8, 7}, {2, 6}, {3, 5}, {1, 4}], [{8, 7}, {3, 6}, {2, 5}, {1, 4}], [{8, 7}, {5, 6}, {1, 4}, {2, 3}]]",1,- 8 K_1^4 + 4 K_1^3 + 8 K_1^2 K_2 + 2 K_1^2 - 2 K_1 K_2 - 2 K_1 K_3 - 2 K_1 + 1,O1O2O3O4U5U4O6U7U8O7O8U2U1U6O5U3,O1O2O3U4U5O4O5U1O6O7U6U8U3U2O8U7,O1O2O3U4O5U2U1U5U6O4O6U3O7O8U7U8,c,{'O1O2O3O4U2O5U6U4U3O7O8U7U8O6U1U5'},1,"<a href=""/flatknot/8.704126"">8.704126</a>",t^9-49t^7-128t^6+53t^5+204t^4-35t^3-24t^2+70t-12,-t^3+2t^2-t,,
8.704127,O1O2O3O4U2O5U6U4U5O7O8U1U3O6U8U7,4,4z^3+40z^2+109z+91,4w^4z^3+40w^3z^2+109w^2z+91w,False,False,"[[ 0 -2 -2  1  1  2 -2  1  1],[ 2  0 -1  2  0  1 -1  2  1],[ 2  1  0  2  1  1  0  1  1],[-1 -2 -2  0 -1  1 -3  1  0],[-1  0 -1  1  0  1 -2 -1 -1],[-2 -1 -1 -1 -1  0 -2 -1 -1],[ 2  1  0  3  2  2  0  0  1],[-1 -2 -1 -1  1  1  0  0  0],[-1 -1 -1  0  1  1 -1  0  0]]","[[ 0  2  1  1  1  1 -2 -2 -2],[-2  0 -1 -1 -1 -1 -1 -1 -2],[-1  1  0  1  0  0 -1 -1 -1],[-1  1 -1  0  1 -1  0 -1 -2],[-1  1  0 -1  0  1 -2 -2 -3],[-1  1  0  1 -1  0 -2 -1  0],[ 2  1  1  0  2  2  0 -1 -1],[ 2  1  1  1  2  1  1  0  0],[ 2  2  1  2  3  0  1  0  0]]",True,"[-2,-1,-1,-1,-1,2,2,2,1,1,1,1,1,1,2,-1,0,0,1,1,1,-1,1,0,1,2,-1,2,2,3,2,1,0,1,1,0]","[-2,-2,-2,1,1,1,1,2,-1,-1,0,1,2,2,1,0,1,1,1,2,1,2,1,0,3,2,-1,-1,1,1,0,0,1,-1,1,1]",t^8+46t^6+323t^4+70t^2+1,"[-2,-2,-2,1,1,1,1,2,-1,0,0,1,2,3,2,1,1,3,2,1,3,1,2,2,2,3,1,0,-1,0,1,1,0,0,0,0]","[-2,-1,-1,-1,-1,2,2,2,0,0,0,0,2,3,3,-1,-1,1,1,2,3,0,-1,3,2,1,0,2,2,2,0,1,1,0,1,1]","[-2,-2,-2,1,1,1,1,2,-1,-1,0,1,2,2,1,0,1,1,1,2,1,2,1,0,3,2,-1,-1,1,1,0,0,1,-1,1,1]",c,"[[{8, 1}, {2, 7}, {3, 6}, {4, 5}], [{8, 1}, {2, 7}, {3, 6}, {5}, {4}], [{8, 1}, {2, 7}, {4, 6}, {3, 5}], [{8, 1}, {2, 7}, {4, 6}, {5}, {3}], [{8, 1}, {2, 7}, {5, 6}, {3, 4}], [{8, 1}, {2, 7}, {6}, {5}, {3, 4}], [{8, 1}, {3, 7}, {2, 6}, {4, 5}], [{8, 1}, {3, 7}, {4, 6}, {2, 5}], [{8, 1}, {3, 7}, {5, 6}, {2, 4}], [{8, 1}, {3, 7}, {5, 6}, {4}, {2}], [{8, 1}, {3, 7}, {6}, {5}, {2, 4}], [{8, 1}, {4, 7}, {2, 6}, {3, 5}], [{8, 1}, {4, 7}, {3, 6}, {2, 5}], [{8, 1}, {4, 7}, {5, 6}, {2, 3}], [{8, 1}, {4, 7}, {6}, {3, 5}, {2}], [{8, 1}, {5, 7}, {2, 6}, {3, 4}], [{8, 1}, {5, 7}, {3, 6}, {2, 4}], [{8, 1}, {5, 7}, {3, 6}, {4}, {2}], [{8, 1}, {5, 7}, {4, 6}, {2, 3}], [{8, 1}, {5, 7}, {4, 6}, {3}, {2}], [{8, 1}, {5, 7}, {6}, {3, 4}, {2}], [{8, 1}, {6, 7}, {2, 5}, {3, 4}], [{8, 1}, {6, 7}, {3, 5}, {2, 4}], [{8, 1}, {6, 7}, {4, 5}, {2, 3}], [{8, 1}, {6, 7}, {5}, {4}, {2, 3}], [{8, 1}, {7}, {3, 6}, {2, 5}, {4}], [{8, 1}, {7}, {4, 6}, {2, 5}, {3}], [{8, 1}, {7}, {5, 6}, {2, 4}, {3}], [{8, 1}, {7}, {6}, {2, 5}, {3, 4}], [{8, 2}, {1, 7}, {3, 6}, {4, 5}], [{8, 2}, {1, 7}, {4, 6}, {3, 5}], [{8, 2}, {1, 7}, {5, 6}, {3, 4}], [{8, 2}, {3, 7}, {1, 6}, {4, 5}], [{8, 2}, {3, 7}, {1, 6}, {5}, {4}], [{8, 2}, {3, 7}, {4, 6}, {1, 5}], [{8, 2}, {3, 7}, {5, 6}, {1, 4}], [{8, 2}, {4, 7}, {1, 6}, {3, 5}], [{8, 2}, {4, 7}, {3, 6}, {1, 5}], [{8, 2}, {4, 7}, {5, 6}, {1, 3}], [{8, 2}, {5, 7}, {1, 6}, {3, 4}], [{8, 2}, {5, 7}, {3, 6}, {1, 4}], [{8, 2}, {5, 7}, {4, 6}, {1, 3}], [{8, 2}, {6, 7}, {1, 5}, {3, 4}], [{8, 2}, {6, 7}, {3, 5}, {1, 4}], [{8, 2}, {6, 7}, {4, 5}, {1, 3}], [{8, 2}, {6, 7}, {5}, {4}, {1, 3}], [{8, 3}, {1, 7}, {2, 6}, {4, 5}], [{8, 3}, {1, 7}, {4, 6}, {2, 5}], [{8, 3}, {1, 7}, {5, 6}, {2, 4}], [{8, 3}, {1, 7}, {5, 6}, {4}, {2}], [{8, 3}, {2, 7}, {1, 6}, {4, 5}], [{8, 3}, {2, 7}, {4, 6}, {1, 5}], [{8, 3}, {2, 7}, {5, 6}, {1, 4}], [{8, 3}, {4, 7}, {1, 6}, {2, 5}], [{8, 3}, {4, 7}, {1, 6}, {5}, {2}], [{8, 3}, {4, 7}, {2, 6}, {1, 5}], [{8, 3}, {4, 7}, {5, 6}, {1, 2}], [{8, 3}, {5, 7}, {1, 6}, {2, 4}], [{8, 3}, {5, 7}, {2, 6}, {1, 4}], [{8, 3}, {5, 7}, {4, 6}, {1, 2}], [{8, 3}, {6, 7}, {1, 5}, {2, 4}], [{8, 3}, {6, 7}, {2, 5}, {1, 4}], [{8, 3}, {6, 7}, {4, 5}, {1, 2}], [{8, 3}, {7}, {6}, {1, 5}, {2, 4}], [{8, 4}, {1, 7}, {2, 6}, {3, 5}], [{8, 4}, {1, 7}, {3, 6}, {2, 5}], [{8, 4}, {1, 7}, {5, 6}, {2, 3}], [{8, 4}, {2, 7}, {1, 6}, {3, 5}], [{8, 4}, {2, 7}, {3, 6}, {1, 5}], [{8, 4}, {2, 7}, {3, 6}, {5}, {1}], [{8, 4}, {2, 7}, {5, 6}, {1, 3}], [{8, 4}, {3, 7}, {1, 6}, {2, 5}], [{8, 4}, {3, 7}, {1, 6}, {5}, {2}], [{8, 4}, {3, 7}, {2, 6}, {1, 5}], [{8, 4}, {3, 7}, {5, 6}, {1, 2}], [{8, 4}, {5, 7}, {1, 6}, {2, 3}], [{8, 4}, {5, 7}, {2, 6}, {1, 3}], [{8, 4}, {5, 7}, {2, 6}, {3}, {1}], [{8, 4}, {5, 7}, {3, 6}, {1, 2}], [{8, 4}, {6, 7}, {1, 5}, {2, 3}], [{8, 4}, {6, 7}, {2, 5}, {1, 3}], [{8, 4}, {6, 7}, {3, 5}, {1, 2}], [{8, 4}, {6, 7}, {5}, {2, 3}, {1}], [{8, 5}, {1, 7}, {2, 6}, {3, 4}], [{8, 5}, {1, 7}, {3, 6}, {2, 4}], [{8, 5}, {1, 7}, {4, 6}, {2, 3}], [{8, 5}, {2, 7}, {1, 6}, {3, 4}], [{8, 5}, {2, 7}, {3, 6}, {1, 4}], [{8, 5}, {2, 7}, {4, 6}, {1, 3}], [{8, 5}, {3, 7}, {1, 6}, {2, 4}], [{8, 5}, {3, 7}, {1, 6}, {4}, {2}], [{8, 5}, {3, 7}, {2, 6}, {1, 4}], [{8, 5}, {3, 7}, {2, 6}, {4}, {1}], [{8, 5}, {3, 7}, {4, 6}, {1, 2}], [{8, 5}, {3, 7}, {4, 6}, {2}, {1}], [{8, 5}, {3, 7}, {6}, {1, 4}, {2}], [{8, 5}, {3, 7}, {6}, {2, 4}, {1}], [{8, 5}, {3, 7}, {6}, {4}, {1, 2}], [{8, 5}, {3, 7}, {6}, {4}, {2}, {1}], [{8, 5}, {4, 7}, {1, 6}, {2, 3}], [{8, 5}, {4, 7}, {2, 6}, {1, 3}], [{8, 5}, {4, 7}, {3, 6}, {1, 2}], [{8, 5}, {6, 7}, {1, 4}, {2, 3}], [{8, 5}, {6, 7}, {2, 4}, {1, 3}], [{8, 5}, {6, 7}, {3, 4}, {1, 2}], [{8, 5}, {7}, {1, 6}, {2, 4}, {3}], [{8, 5}, {7}, {2, 6}, {1, 4}, {3}], [{8, 6}, {1, 7}, {2, 5}, {3, 4}], [{8, 6}, {1, 7}, {2, 5}, {4}, {3}], [{8, 6}, {1, 7}, {3, 5}, {2, 4}], [{8, 6}, {1, 7}, {4, 5}, {2, 3}], [{8, 6}, {2, 7}, {1, 5}, {3, 4}], [{8, 6}, {2, 7}, {3, 5}, {1, 4}], [{8, 6}, {2, 7}, {4, 5}, {1, 3}], [{8, 6}, {3, 7}, {1, 5}, {2, 4}], [{8, 6}, {3, 7}, {1, 5}, {4}, {2}], [{8, 6}, {3, 7}, {2, 5}, {1, 4}], [{8, 6}, {3, 7}, {4, 5}, {1, 2}], [{8, 6}, {3, 7}, {5}, {2, 4}, {1}], [{8, 6}, {4, 7}, {1, 5}, {2, 3}], [{8, 6}, {4, 7}, {2, 5}, {1, 3}], [{8, 6}, {4, 7}, {2, 5}, {3}, {1}], [{8, 6}, {4, 7}, {3, 5}, {1, 2}], [{8, 6}, {5, 7}, {1, 4}, {2, 3}], [{8, 6}, {5, 7}, {2, 4}, {1, 3}], [{8, 6}, {5, 7}, {3, 4}, {1, 2}], [{8, 6}, {7}, {1, 5}, {2, 4}, {3}], [{8, 6}, {7}, {2, 5}, {1, 4}, {3}], [{8, 7}, {1, 6}, {2, 5}, {3, 4}], [{8, 7}, {1, 6}, {3, 5}, {2, 4}], [{8, 7}, {1, 6}, {4, 5}, {2, 3}], [{8, 7}, {1, 6}, {5}, {3, 4}, {2}], [{8, 7}, {2, 6}, {1, 5}, {3, 4}], [{8, 7}, {2, 6}, {3, 5}, {1, 4}], [{8, 7}, {2, 6}, {4, 5}, {1, 3}], [{8, 7}, {3, 6}, {1, 5}, {2, 4}], [{8, 7}, {3, 6}, {2, 5}, {1, 4}], [{8, 7}, {3, 6}, {4, 5}, {1, 2}], [{8, 7}, {4, 6}, {1, 5}, {2, 3}], [{8, 7}, {4, 6}, {2, 5}, {1, 3}], [{8, 7}, {4, 6}, {3, 5}, {1, 2}], [{8, 7}, {5, 6}, {1, 4}, {2, 3}], [{8, 7}, {5, 6}, {2, 4}, {1, 3}], [{8, 7}, {5, 6}, {3, 4}, {1, 2}], [{8, 7}, {6}, {1, 5}, {2, 4}, {3}], [{8}, {1, 7}, {3, 6}, {5}, {2, 4}], [{8}, {2, 7}, {3, 6}, {5}, {1, 4}], [{8}, {3, 7}, {1, 6}, {2, 5}, {4}], [{8}, {3, 7}, {1, 6}, {4, 5}, {2}], [{8}, {3, 7}, {1, 6}, {5}, {2, 4}], [{8}, {3, 7}, {1, 6}, {5}, {4}, {2}], [{8}, {3, 7}, {5, 6}, {2, 4}, {1}], [{8}, {3, 7}, {6}, {1, 5}, {2, 4}], [{8}, {5, 7}, {3, 6}, {2, 4}, {1}], [{8}, {5, 7}, {6}, {1, 4}, {2, 3}], [{8}, {6, 7}, {1, 5}, {2, 4}, {3}], [{8}, {6, 7}, {5}, {1, 4}, {2, 3}], [{8}, {7}, {3, 6}, {1, 5}, {2, 4}], [{8}, {7}, {5, 6}, {1, 4}, {2, 3}], [{8}, {7}, {6}, {1, 5}, {2, 4}, {3}]]",2,4 K_1^3 + 8 K_1^2 K_2 - 8 K_1^2 - 4 K_1 K_2 - 4 K_1 K_3 - K_1 + 2 K_2 + K_3 + 3,O1O2O3O4U5U6O7U2U4O6O5U8U1U7O8U3,O1O2O3U4U5O6O7U1O5O4U6U8U7U2O8U3,O1O2O3U1O4U2U5U4U6O7O8U3O5O6U8U7,c,{'O1O2O3O4U2O5U6U4U5O7O8U1U3O6U8U7'},1,"<a href=""/flatknot/8.704127"">8.704127</a>",t^9-50t^7-116t^6+99t^5+204t^4-3t^3+10t^2+87t+30,2t^2-4t,,
8.704128,O1O2O3O4U2O5U6U4U5O7O8U1U7O6U8U3,4,15z^2+96z+133,15w^3z^2+96w^2z+133w,False,False,"[[ 0 -2 -2  2  1  2 -2  0  1],[ 2  0 -1  3  0  1 -1  1  1],[ 2  1  0  2  1  1  1  0  0],[-2 -3 -2  0  0  2 -3 -1  0],[-1  0 -1  0  0  1 -2  0 -1],[-2 -1 -1 -2 -1  0 -2  0 -1],[ 2  1 -1  3  2  2  0  0  0],[ 0 -1  0  1  0  0  0  0  1],[-1 -1  0  0  1  1  0 -1  0]]","[[ 0  2  2  1  1  0 -2 -2 -2],[-2  0  2  0  0 -1 -2 -3 -3],[-2 -2  0 -1 -1  0 -1 -1 -2],[-1  0  1  0  1 -1  0 -1  0],[-1  0  1 -1  0  0 -1  0 -2],[ 0  1  0  1  0  0  0 -1  0],[ 2  2  1  0  1  0  0  1  1],[ 2  3  1  1  0  1 -1  0 -1],[ 2  3  2  0  2  0 -1  1  0]]",True,"[-2,-2,-1,-1,0,2,2,2,-2,0,0,1,2,3,3,1,1,0,1,1,2,-1,1,0,1,0,0,1,0,2,0,1,0,-1,-1,1]","[-2,-2,-2,0,1,1,2,2,-1,-1,1,0,1,1,3,-1,0,2,0,2,3,0,1,0,1,2,0,1,0,1,-1,1,0,1,0,-2]",t^8+47t^6+280t^4+51t^2+1,"[-2,-2,-2,0,1,1,2,2,-1,-1,2,2,3,2,3,-1,2,1,3,1,2,1,3,2,1,3,1,0,1,2,1,1,0,1,0,-2]","[-2,-2,-1,-1,0,2,2,2,-2,0,0,2,2,3,3,1,1,1,1,1,2,-1,1,1,3,2,0,3,2,3,2,1,2,1,-1,-1]","[-2,-2,-2,0,1,1,2,2,-1,-1,1,0,1,1,3,-1,0,2,0,2,3,0,1,0,1,2,0,1,0,1,-1,1,0,1,0,-2]",c,"[[{8, 1}, {2, 7}, {3, 6}, {4, 5}], [{8, 1}, {2, 7}, {3, 6}, {5}, {4}], [{8, 1}, {2, 7}, {4, 6}, {3, 5}], [{8, 1}, {2, 7}, {5, 6}, {3, 4}], [{8, 1}, {2, 7}, {5, 6}, {4}, {3}], [{8, 1}, {2, 7}, {6}, {3, 5}, {4}], [{8, 1}, {3, 7}, {2, 6}, {4, 5}], [{8, 1}, {3, 7}, {4, 6}, {2, 5}], [{8, 1}, {3, 7}, {5, 6}, {2, 4}], [{8, 1}, {3, 7}, {5, 6}, {4}, {2}], [{8, 1}, {3, 7}, {6}, {5}, {2, 4}], [{8, 1}, {4, 7}, {2, 6}, {3, 5}], [{8, 1}, {4, 7}, {3, 6}, {2, 5}], [{8, 1}, {4, 7}, {3, 6}, {5}, {2}], [{8, 1}, {4, 7}, {5, 6}, {2, 3}], [{8, 1}, {4, 7}, {5, 6}, {3}, {2}], [{8, 1}, {4, 7}, {6}, {3, 5}, {2}], [{8, 1}, {5, 7}, {2, 6}, {3, 4}], [{8, 1}, {5, 7}, {3, 6}, {2, 4}], [{8, 1}, {5, 7}, {4, 6}, {2, 3}], [{8, 1}, {5, 7}, {6}, {2, 4}, {3}], [{8, 1}, {5, 7}, {6}, {3, 4}, {2}], [{8, 1}, {5, 7}, {6}, {4}, {2, 3}], [{8, 1}, {6, 7}, {2, 5}, {3, 4}], [{8, 1}, {6, 7}, {3, 5}, {2, 4}], [{8, 1}, {6, 7}, {4, 5}, {2, 3}], [{8, 1}, {6, 7}, {5}, {2, 4}, {3}], [{8, 1}, {6, 7}, {5}, {3, 4}, {2}], [{8, 1}, {6, 7}, {5}, {4}, {2, 3}], [{8, 1}, {7}, {2, 6}, {4, 5}, {3}], [{8, 1}, {7}, {3, 6}, {5}, {2, 4}], [{8, 1}, {7}, {4, 6}, {2, 5}, {3}], [{8, 1}, {7}, {5, 6}, {2, 4}, {3}], [{8, 1}, {7}, {5, 6}, {3, 4}, {2}], [{8, 1}, {7}, {5, 6}, {4}, {2, 3}], [{8, 1}, {7}, {5, 6}, {4}, {3}, {2}], [{8, 1}, {7}, {6}, {3, 5}, {2, 4}], [{8, 1}, {7}, {6}, {5}, {2, 4}, {3}], [{8, 2}, {1, 7}, {3, 6}, {4, 5}], [{8, 2}, {1, 7}, {4, 6}, {3, 5}], [{8, 2}, {1, 7}, {5, 6}, {3, 4}], [{8, 2}, {3, 7}, {1, 6}, {4, 5}], [{8, 2}, {3, 7}, {4, 6}, {1, 5}], [{8, 2}, {3, 7}, {5, 6}, {1, 4}], [{8, 2}, {3, 7}, {6}, {1, 5}, {4}], [{8, 2}, {3, 7}, {6}, {4, 5}, {1}], [{8, 2}, {3, 7}, {6}, {5}, {1, 4}], [{8, 2}, {4, 7}, {1, 6}, {3, 5}], [{8, 2}, {4, 7}, {3, 6}, {1, 5}], [{8, 2}, {4, 7}, {3, 6}, {5}, {1}], [{8, 2}, {4, 7}, {5, 6}, {1, 3}], [{8, 2}, {5, 7}, {1, 6}, {3, 4}], [{8, 2}, {5, 7}, {3, 6}, {1, 4}], [{8, 2}, {5, 7}, {4, 6}, {1, 3}], [{8, 2}, {5, 7}, {6}, {1, 4}, {3}], [{8, 2}, {6, 7}, {1, 5}, {3, 4}], [{8, 2}, {6, 7}, {3, 5}, {1, 4}], [{8, 2}, {6, 7}, {3, 5}, {4}, {1}], [{8, 2}, {6, 7}, {4, 5}, {1, 3}], [{8, 2}, {7}, {6}, {3, 5}, {1, 4}], [{8, 3}, {1, 7}, {2, 6}, {4, 5}], [{8, 3}, {1, 7}, {4, 6}, {2, 5}], [{8, 3}, {1, 7}, {5, 6}, {2, 4}], [{8, 3}, {2, 7}, {1, 6}, {4, 5}], [{8, 3}, {2, 7}, {4, 6}, {1, 5}], [{8, 3}, {2, 7}, {5, 6}, {1, 4}], [{8, 3}, {4, 7}, {1, 6}, {2, 5}], [{8, 3}, {4, 7}, {2, 6}, {1, 5}], [{8, 3}, {4, 7}, {5, 6}, {1, 2}], [{8, 3}, {5, 7}, {1, 6}, {2, 4}], [{8, 3}, {5, 7}, {2, 6}, {1, 4}], [{8, 3}, {5, 7}, {4, 6}, {1, 2}], [{8, 3}, {6, 7}, {1, 5}, {2, 4}], [{8, 3}, {6, 7}, {2, 5}, {1, 4}], [{8, 3}, {6, 7}, {4, 5}, {1, 2}], [{8, 3}, {7}, {1, 6}, {4, 5}, {2}], [{8, 3}, {7}, {4, 6}, {2, 5}, {1}], [{8, 4}, {1, 7}, {2, 6}, {3, 5}], [{8, 4}, {1, 7}, {3, 6}, {2, 5}], [{8, 4}, {1, 7}, {5, 6}, {2, 3}], [{8, 4}, {2, 7}, {1, 6}, {3, 5}], [{8, 4}, {2, 7}, {3, 6}, {1, 5}], [{8, 4}, {2, 7}, {5, 6}, {1, 3}], [{8, 4}, {3, 7}, {1, 6}, {2, 5}], [{8, 4}, {3, 7}, {2, 6}, {1, 5}], [{8, 4}, {3, 7}, {5, 6}, {1, 2}], [{8, 4}, {3, 7}, {6}, {1, 5}, {2}], [{8, 4}, {5, 7}, {1, 6}, {2, 3}], [{8, 4}, {5, 7}, {1, 6}, {3}, {2}], [{8, 4}, {5, 7}, {2, 6}, {1, 3}], [{8, 4}, {5, 7}, {2, 6}, {3}, {1}], [{8, 4}, {5, 7}, {3, 6}, {1, 2}], [{8, 4}, {5, 7}, {6}, {3}, {1, 2}], [{8, 4}, {6, 7}, {1, 5}, {2, 3}], [{8, 4}, {6, 7}, {2, 5}, {1, 3}], [{8, 4}, {6, 7}, {3, 5}, {1, 2}], [{8, 4}, {6, 7}, {3, 5}, {2}, {1}], [{8, 4}, {7}, {5, 6}, {2, 3}, {1}], [{8, 4}, {7}, {6}, {2, 5}, {1, 3}], [{8, 5}, {1, 7}, {2, 6}, {3, 4}], [{8, 5}, {1, 7}, {3, 6}, {2, 4}], [{8, 5}, {1, 7}, {4, 6}, {2, 3}], [{8, 5}, {2, 7}, {1, 6}, {3, 4}], [{8, 5}, {2, 7}, {3, 6}, {1, 4}], [{8, 5}, {2, 7}, {4, 6}, {1, 3}], [{8, 5}, {3, 7}, {1, 6}, {2, 4}], [{8, 5}, {3, 7}, {1, 6}, {4}, {2}], [{8, 5}, {3, 7}, {2, 6}, {1, 4}], [{8, 5}, {3, 7}, {4, 6}, {1, 2}], [{8, 5}, {3, 7}, {6}, {2, 4}, {1}], [{8, 5}, {4, 7}, {1, 6}, {2, 3}], [{8, 5}, {4, 7}, {2, 6}, {1, 3}], [{8, 5}, {4, 7}, {3, 6}, {1, 2}], [{8, 5}, {4, 7}, {3, 6}, {2}, {1}], [{8, 5}, {6, 7}, {1, 4}, {2, 3}], [{8, 5}, {6, 7}, {2, 4}, {1, 3}], [{8, 5}, {6, 7}, {3, 4}, {1, 2}], [{8, 5}, {6, 7}, {3, 4}, {2}, {1}], [{8, 5}, {7}, {1, 6}, {2, 4}, {3}], [{8, 5}, {7}, {4, 6}, {3}, {1, 2}], [{8, 6}, {1, 7}, {2, 5}, {3, 4}], [{8, 6}, {1, 7}, {3, 5}, {2, 4}], [{8, 6}, {1, 7}, {4, 5}, {2, 3}], [{8, 6}, {1, 7}, {5}, {4}, {2, 3}], [{8, 6}, {2, 7}, {1, 5}, {3, 4}], [{8, 6}, {2, 7}, {3, 5}, {1, 4}], [{8, 6}, {2, 7}, {4, 5}, {1, 3}], [{8, 6}, {2, 7}, {5}, {4}, {1, 3}], [{8, 6}, {3, 7}, {1, 5}, {2, 4}], [{8, 6}, {3, 7}, {1, 5}, {4}, {2}], [{8, 6}, {3, 7}, {2, 5}, {1, 4}], [{8, 6}, {3, 7}, {4, 5}, {1, 2}], [{8, 6}, {3, 7}, {5}, {2, 4}, {1}], [{8, 6}, {4, 7}, {1, 5}, {2, 3}], [{8, 6}, {4, 7}, {2, 5}, {1, 3}], [{8, 6}, {4, 7}, {3, 5}, {1, 2}], [{8, 6}, {5, 7}, {1, 4}, {2, 3}], [{8, 6}, {5, 7}, {2, 4}, {1, 3}], [{8, 6}, {5, 7}, {3, 4}, {1, 2}], [{8, 6}, {5, 7}, {4}, {1, 3}, {2}], [{8, 6}, {7}, {1, 5}, {2, 4}, {3}], [{8, 6}, {7}, {2, 5}, {4}, {1, 3}], [{8, 7}, {1, 6}, {2, 5}, {3, 4}], [{8, 7}, {1, 6}, {3, 5}, {2, 4}], [{8, 7}, {1, 6}, {4, 5}, {2, 3}], [{8, 7}, {2, 6}, {1, 5}, {3, 4}], [{8, 7}, {2, 6}, {3, 5}, {1, 4}], [{8, 7}, {2, 6}, {4, 5}, {1, 3}], [{8, 7}, {3, 6}, {1, 5}, {2, 4}], [{8, 7}, {3, 6}, {2, 5}, {1, 4}], [{8, 7}, {3, 6}, {4, 5}, {1, 2}], [{8, 7}, {4, 6}, {1, 5}, {2, 3}], [{8, 7}, {4, 6}, {2, 5}, {1, 3}], [{8, 7}, {4, 6}, {3, 5}, {1, 2}], [{8, 7}, {5, 6}, {1, 4}, {2, 3}], [{8, 7}, {5, 6}, {2, 4}, {1, 3}], [{8, 7}, {5, 6}, {3, 4}, {1, 2}], [{8}, {1, 7}, {2, 6}, {5}, {3, 4}], [{8}, {2, 7}, {1, 6}, {5}, {3, 4}], [{8}, {3, 7}, {1, 6}, {5}, {2, 4}], [{8}, {3, 7}, {2, 6}, {1, 5}, {4}], [{8}, {3, 7}, {4, 6}, {1, 5}, {2}], [{8}, {3, 7}, {5, 6}, {2, 4}, {1}], [{8}, {3, 7}, {6}, {1, 5}, {2, 4}], [{8}, {3, 7}, {6}, {1, 5}, {4}, {2}], [{8}, {4, 7}, {3, 6}, {1, 5}, {2}], [{8}, {4, 7}, {3, 6}, {2, 5}, {1}], [{8}, {4, 7}, {3, 6}, {5}, {1, 2}], [{8}, {6, 7}, {1, 5}, {3, 4}, {2}], [{8}, {6, 7}, {3, 5}, {2, 4}, {1}], [{8}, {7}, {4, 6}, {2, 5}, {1, 3}], [{8}, {7}, {5, 6}, {1, 4}, {2, 3}]]",2,8 K_1^3 - 20 K_1^2 - 16 K_1 K_2 - 2 K_1 K_3 + 2 K_1 - 2 K_2^2 + 11 K_2 + 6 K_3 + 2 K_4 + 12,O1O2O3O4U2U5O6U7U4O5O7U8U1U6O8U3,O1O2O3U4U5O6O4U1O5O7U6U8U7U2O8U3,O1O2O3U1O4U2U5U4U6O5O7U3O8O6U7U8,c,{'O1O2O3O4U2O5U6U4U5O7O8U1U7O6U8U3'},1,"<a href=""/flatknot/8.704128"">8.704128</a>",t^9-49t^7-122t^6+123t^5+426t^4-60t^3-394t^2+3t+116,t^2-2t,,
8.704129,O1O2O3O4U2O5U6U4U5O7O8U1U8O6U3U7,4,2z^3+27z^2+90z+89,2w^4z^3+27w^3z^2+90w^2z+89w,False,False,"[[ 0 -2 -2  1  1  2 -2  1  1],[ 2  0 -1  2  0  1 -1  2  1],[ 2  1  0  2  1  1  1  1  0],[-1 -2 -2  0  0  2 -3  0  0],[-1  0 -1  0  0  1 -2 -1  0],[-2 -1 -1 -2 -1  0 -2 -1  0],[ 2  1 -1  3  2  2  0  1  1],[-1 -2 -1  0  1  1 -1  0  0],[-1 -1  0  0  0  0 -1  0  0]]","[[ 0  2  1  1  1  1 -2 -2 -2],[-2  0  0 -1 -1 -2 -1 -1 -2],[-1  0  0  0  0  0  0 -1 -1],[-1  1  0  0  1  0 -1 -2 -1],[-1  1  0 -1  0  0 -1  0 -2],[-1  2  0  0  0  0 -2 -2 -3],[ 2  1  0  1  1  2  0  1  1],[ 2  1  1  2  0  2 -1  0 -1],[ 2  2  1  1  2  3 -1  1  0]]",True,"[-2,-1,-1,-1,-1,2,2,2,0,1,1,2,1,1,2,0,0,0,0,1,1,-1,0,1,2,1,0,1,0,2,2,2,3,-1,-1,1]","[-2,-2,-2,1,1,1,1,2,-1,-1,0,1,2,2,1,-1,2,1,1,3,2,1,0,1,2,1,0,-1,0,1,0,0,0,0,1,2]",t^8+46t^6+195t^4+101t^2+1,"[-2,-2,-2,1,1,1,1,2,-1,-1,1,2,2,3,3,-1,0,1,2,2,2,1,3,1,2,3,0,0,0,-1,1,0,0,0,0,1]","[-2,-1,-1,-1,-1,2,2,2,-1,0,0,1,2,3,3,0,0,0,0,1,1,-1,0,1,2,3,0,2,2,1,2,3,2,-1,1,1]","[-2,-2,-2,1,1,1,1,2,-1,-1,0,1,2,2,1,-1,2,1,1,3,2,1,0,1,2,1,0,-1,0,1,0,0,0,0,1,2]",c,"[[{8, 1}, {2, 7}, {3, 6}, {4, 5}], [{8, 1}, {2, 7}, {4, 6}, {3, 5}], [{8, 1}, {2, 7}, {5, 6}, {3, 4}], [{8, 1}, {3, 7}, {2, 6}, {4, 5}], [{8, 1}, {3, 7}, {4, 6}, {2, 5}], [{8, 1}, {3, 7}, {5, 6}, {2, 4}], [{8, 1}, {3, 7}, {5, 6}, {4}, {2}], [{8, 1}, {4, 7}, {2, 6}, {3, 5}], [{8, 1}, {4, 7}, {3, 6}, {2, 5}], [{8, 1}, {4, 7}, {5, 6}, {2, 3}], [{8, 1}, {5, 7}, {2, 6}, {3, 4}], [{8, 1}, {5, 7}, {3, 6}, {2, 4}], [{8, 1}, {5, 7}, {3, 6}, {4}, {2}], [{8, 1}, {5, 7}, {4, 6}, {2, 3}], [{8, 1}, {5, 7}, {6}, {2, 4}, {3}], [{8, 1}, {6, 7}, {2, 5}, {3, 4}], [{8, 1}, {6, 7}, {3, 5}, {2, 4}], [{8, 1}, {6, 7}, {4, 5}, {2, 3}], [{8, 1}, {6, 7}, {5}, {4}, {2, 3}], [{8, 1}, {7}, {3, 6}, {5}, {2, 4}], [{8, 1}, {7}, {4, 6}, {2, 5}, {3}], [{8, 2}, {1, 7}, {3, 6}, {4, 5}], [{8, 2}, {1, 7}, {3, 6}, {5}, {4}], [{8, 2}, {1, 7}, {4, 6}, {3, 5}], [{8, 2}, {1, 7}, {5, 6}, {3, 4}], [{8, 2}, {3, 7}, {1, 6}, {4, 5}], [{8, 2}, {3, 7}, {4, 6}, {1, 5}], [{8, 2}, {3, 7}, {5, 6}, {1, 4}], [{8, 2}, {4, 7}, {1, 6}, {3, 5}], [{8, 2}, {4, 7}, {3, 6}, {1, 5}], [{8, 2}, {4, 7}, {5, 6}, {1, 3}], [{8, 2}, {5, 7}, {1, 6}, {3, 4}], [{8, 2}, {5, 7}, {3, 6}, {1, 4}], [{8, 2}, {5, 7}, {4, 6}, {1, 3}], [{8, 2}, {5, 7}, {6}, {3, 4}, {1}], [{8, 2}, {6, 7}, {1, 5}, {3, 4}], [{8, 2}, {6, 7}, {3, 5}, {1, 4}], [{8, 2}, {6, 7}, {4, 5}, {1, 3}], [{8, 2}, {6, 7}, {5}, {3, 4}, {1}], [{8, 2}, {7}, {5, 6}, {3, 4}, {1}], [{8, 2}, {7}, {6}, {3, 5}, {1, 4}], [{8, 3}, {1, 7}, {2, 6}, {4, 5}], [{8, 3}, {1, 7}, {4, 6}, {2, 5}], [{8, 3}, {1, 7}, {5, 6}, {2, 4}], [{8, 3}, {1, 7}, {5, 6}, {4}, {2}], [{8, 3}, {2, 7}, {1, 6}, {4, 5}], [{8, 3}, {2, 7}, {4, 6}, {1, 5}], [{8, 3}, {2, 7}, {5, 6}, {1, 4}], [{8, 3}, {4, 7}, {1, 6}, {2, 5}], [{8, 3}, {4, 7}, {2, 6}, {1, 5}], [{8, 3}, {4, 7}, {5, 6}, {1, 2}], [{8, 3}, {4, 7}, {5, 6}, {2}, {1}], [{8, 3}, {5, 7}, {1, 6}, {2, 4}], [{8, 3}, {5, 7}, {2, 6}, {1, 4}], [{8, 3}, {5, 7}, {4, 6}, {1, 2}], [{8, 3}, {6, 7}, {1, 5}, {2, 4}], [{8, 3}, {6, 7}, {2, 5}, {1, 4}], [{8, 3}, {6, 7}, {4, 5}, {1, 2}], [{8, 3}, {7}, {5, 6}, {1, 4}, {2}], [{8, 3}, {7}, {6}, {1, 5}, {2, 4}], [{8, 4}, {1, 7}, {2, 6}, {3, 5}], [{8, 4}, {1, 7}, {3, 6}, {2, 5}], [{8, 4}, {1, 7}, {3, 6}, {5}, {2}], [{8, 4}, {1, 7}, {5, 6}, {2, 3}], [{8, 4}, {2, 7}, {1, 6}, {3, 5}], [{8, 4}, {2, 7}, {3, 6}, {1, 5}], [{8, 4}, {2, 7}, {5, 6}, {1, 3}], [{8, 4}, {3, 7}, {1, 6}, {2, 5}], [{8, 4}, {3, 7}, {2, 6}, {1, 5}], [{8, 4}, {3, 7}, {5, 6}, {1, 2}], [{8, 4}, {5, 7}, {1, 6}, {2, 3}], [{8, 4}, {5, 7}, {2, 6}, {1, 3}], [{8, 4}, {5, 7}, {3, 6}, {1, 2}], [{8, 4}, {6, 7}, {1, 5}, {2, 3}], [{8, 4}, {6, 7}, {2, 5}, {1, 3}], [{8, 4}, {6, 7}, {3, 5}, {1, 2}], [{8, 5}, {1, 7}, {2, 6}, {3, 4}], [{8, 5}, {1, 7}, {2, 6}, {4}, {3}], [{8, 5}, {1, 7}, {3, 6}, {2, 4}], [{8, 5}, {1, 7}, {3, 6}, {4}, {2}], [{8, 5}, {1, 7}, {4, 6}, {2, 3}], [{8, 5}, {1, 7}, {4, 6}, {3}, {2}], [{8, 5}, {1, 7}, {6}, {2, 4}, {3}], [{8, 5}, {1, 7}, {6}, {3, 4}, {2}], [{8, 5}, {1, 7}, {6}, {4}, {2, 3}], [{8, 5}, {1, 7}, {6}, {4}, {3}, {2}], [{8, 5}, {2, 7}, {1, 6}, {3, 4}], [{8, 5}, {2, 7}, {3, 6}, {1, 4}], [{8, 5}, {2, 7}, {4, 6}, {1, 3}], [{8, 5}, {3, 7}, {1, 6}, {2, 4}], [{8, 5}, {3, 7}, {2, 6}, {1, 4}], [{8, 5}, {3, 7}, {4, 6}, {1, 2}], [{8, 5}, {4, 7}, {1, 6}, {2, 3}], [{8, 5}, {4, 7}, {2, 6}, {1, 3}], [{8, 5}, {4, 7}, {3, 6}, {1, 2}], [{8, 5}, {6, 7}, {1, 4}, {2, 3}], [{8, 5}, {6, 7}, {2, 4}, {1, 3}], [{8, 5}, {6, 7}, {3, 4}, {1, 2}], [{8, 5}, {6, 7}, {3, 4}, {2}, {1}], [{8, 5}, {7}, {1, 6}, {3, 4}, {2}], [{8, 5}, {7}, {3, 6}, {2, 4}, {1}], [{8, 6}, {1, 7}, {2, 5}, {3, 4}], [{8, 6}, {1, 7}, {3, 5}, {2, 4}], [{8, 6}, {1, 7}, {3, 5}, {4}, {2}], [{8, 6}, {1, 7}, {4, 5}, {2, 3}], [{8, 6}, {2, 7}, {1, 5}, {3, 4}], [{8, 6}, {2, 7}, {3, 5}, {1, 4}], [{8, 6}, {2, 7}, {4, 5}, {1, 3}], [{8, 6}, {2, 7}, {5}, {3, 4}, {1}], [{8, 6}, {3, 7}, {1, 5}, {2, 4}], [{8, 6}, {3, 7}, {2, 5}, {1, 4}], [{8, 6}, {3, 7}, {4, 5}, {1, 2}], [{8, 6}, {4, 7}, {1, 5}, {2, 3}], [{8, 6}, {4, 7}, {2, 5}, {1, 3}], [{8, 6}, {4, 7}, {3, 5}, {1, 2}], [{8, 6}, {4, 7}, {5}, {3}, {1, 2}], [{8, 6}, {5, 7}, {1, 4}, {2, 3}], [{8, 6}, {5, 7}, {2, 4}, {1, 3}], [{8, 6}, {5, 7}, {3, 4}, {1, 2}], [{8, 6}, {5, 7}, {3, 4}, {2}, {1}], [{8, 6}, {7}, {1, 5}, {2, 4}, {3}], [{8, 6}, {7}, {2, 5}, {3, 4}, {1}], [{8, 7}, {1, 6}, {2, 5}, {3, 4}], [{8, 7}, {1, 6}, {3, 5}, {2, 4}], [{8, 7}, {1, 6}, {4, 5}, {2, 3}], [{8, 7}, {2, 6}, {1, 5}, {3, 4}], [{8, 7}, {2, 6}, {3, 5}, {1, 4}], [{8, 7}, {2, 6}, {4, 5}, {1, 3}], [{8, 7}, {2, 6}, {5}, {4}, {1, 3}], [{8, 7}, {3, 6}, {1, 5}, {2, 4}], [{8, 7}, {3, 6}, {1, 5}, {4}, {2}], [{8, 7}, {3, 6}, {2, 5}, {1, 4}], [{8, 7}, {3, 6}, {4, 5}, {1, 2}], [{8, 7}, {3, 6}, {5}, {2, 4}, {1}], [{8, 7}, {4, 6}, {1, 5}, {2, 3}], [{8, 7}, {4, 6}, {2, 5}, {1, 3}], [{8, 7}, {4, 6}, {3, 5}, {1, 2}], [{8, 7}, {5, 6}, {1, 4}, {2, 3}], [{8, 7}, {5, 6}, {2, 4}, {1, 3}], [{8, 7}, {5, 6}, {3, 4}, {1, 2}], [{8, 7}, {6}, {1, 5}, {2, 4}, {3}], [{8, 7}, {6}, {2, 5}, {3, 4}, {1}], [{8}, {1, 7}, {3, 6}, {2, 5}, {4}], [{8}, {1, 7}, {3, 6}, {4, 5}, {2}], [{8}, {1, 7}, {3, 6}, {5}, {2, 4}], [{8}, {1, 7}, {3, 6}, {5}, {4}, {2}], [{8}, {3, 7}, {6}, {1, 5}, {2, 4}], [{8}, {4, 7}, {1, 6}, {2, 5}, {3}], [{8}, {4, 7}, {2, 6}, {3, 5}, {1}], [{8}, {4, 7}, {3, 6}, {2, 5}, {1}], [{8}, {4, 7}, {6}, {2, 5}, {1, 3}], [{8}, {5, 7}, {1, 6}, {4}, {2, 3}], [{8}, {5, 7}, {2, 6}, {3, 4}, {1}], [{8}, {5, 7}, {3, 6}, {2, 4}, {1}], [{8}, {5, 7}, {4, 6}, {3}, {1, 2}], [{8}, {6, 7}, {1, 5}, {2, 4}, {3}], [{8}, {6, 7}, {2, 5}, {3, 4}, {1}], [{8}, {6, 7}, {3, 5}, {2, 4}, {1}], [{8}, {6, 7}, {5}, {2, 4}, {1, 3}], [{8}, {7}, {3, 6}, {1, 5}, {2, 4}], [{8}, {7}, {3, 6}, {2, 5}, {1, 4}], [{8}, {7}, {6}, {1, 5}, {2, 4}, {3}]]",2,16 K_1^3 + 4 K_1^2 K_2 - 20 K_1^2 - 16 K_1 K_2 - 4 K_1 K_3 - 4 K_1 + 10 K_2 + 4 K_3 + K_4 + 10,O1O2O3O4U5U2O6U7U4O7O5U8U1U6O8U3,O1O2O3U4U5O6O5U1O7O4U6U8U7U2O8U3,O1O2O3U1O4U2U5U4U6O7O5U3O8O6U8U7,c,{'O1O2O3O4U2O5U6U4U5O7O8U1U8O6U3U7'},1,"<a href=""/flatknot/8.704129"">8.704129</a>",t^9-50t^7-134t^6+27t^5+242t^4+3t^3-132t^2+77t-26,2t^2-4t,,
8.704130,O1O2O3O4U2O5U6U4U5O7O8U1U8O6U7U3,4,11z^2+88z+133,11w^3z^2+88w^2z+133w,False,False,"[[ 0 -2 -2  2  1  2 -2  0  1],[ 2  0 -1  3  0  1 -1  1  1],[ 2  1  0  2  1  1  1  0  0],[-2 -3 -2  0  0  2 -3 -1  0],[-1  0 -1  0  0  1 -2 -1  0],[-2 -1 -1 -2 -1  0 -2 -1  0],[ 2  1 -1  3  2  2  0  0  1],[ 0 -1  0  1  1  1  0  0  0],[-1 -1  0  0  0  0 -1  0  0]]","[[ 0  2  2  1  1  0 -2 -2 -2],[-2  0  2  0  0 -1 -2 -3 -3],[-2 -2  0  0 -1 -1 -1 -1 -2],[-1  0  0  0  0  0  0 -1 -1],[-1  0  1  0  0 -1 -1  0 -2],[ 0  1  1  0  1  0  0 -1  0],[ 2  2  1  0  1  0  0  1  1],[ 2  3  1  1  0  1 -1  0 -1],[ 2  3  2  1  2  0 -1  1  0]]",True,"[-2,-2,-1,-1,0,2,2,2,-2,0,0,1,2,3,3,0,1,1,1,1,2,0,0,0,1,1,1,1,0,2,0,1,0,-1,-1,1]","[-2,-2,-2,0,1,1,2,2,-1,-1,1,0,1,1,3,-1,0,2,1,2,3,0,1,0,1,2,1,0,1,1,0,1,0,0,0,-2]",t^8+47t^6+205t^4+90t^2+1,"[-2,-2,-2,0,1,1,2,2,-1,-1,2,2,3,2,3,-1,2,1,2,1,2,1,3,2,1,3,0,1,1,1,0,1,0,1,1,-2]","[-2,-2,-1,-1,0,2,2,2,-2,0,1,1,2,3,3,1,1,1,1,1,2,0,0,1,3,2,1,2,2,3,2,1,2,1,-1,-1]","[-2,-2,-2,0,1,1,2,2,-1,-1,1,0,1,1,3,-1,0,2,1,2,3,0,1,0,1,2,1,0,1,1,0,1,0,0,0,-2]",c,"[[{8, 3}, {5, 7}, {1, 6}, {2, 4}]]",1,8 K_1^3 - 24 K_1^2 - 24 K_1 K_2 - 2 K_1 K_3 + 6 K_1 - 2 K_2^2 + 13 K_2 + 10 K_3 + 2 K_4 + 14,O1O2O3O4U2U5O6U7U4O7O5U8U1U6O8U3,O1O2O3U4U5O6O5U1O4O7U6U8U7U2O8U3,O1O2O3U1O4U2U5U4U6O5O7U3O8O6U8U7,c,{'O1O2O3O4U2O5U6U4U5O7O8U1U8O6U7U3'},1,"<a href=""/flatknot/8.704130"">8.704130</a>",t^9-49t^7-132t^6+56t^5+376t^4+89t^3-288t^2-28t+32,t^2-2t,,
8.704131,O1O2O3O4U2O5U6U4U5O7O8U3U1O6U7U8,4,3z^3+30z^2+98z+101,3w^4z^3-4w^4z^2+34w^3z^2-4w^3z+102w^2z+101w,False,False,"[[ 0 -1 -2  0  1  2 -2  0  2],[ 1  0 -2  1  0  1 -2  1  2],[ 2  2  0  2  1  1  0  1  1],[ 0 -1 -2  0 -1  1 -2  0  1],[-1  0 -1  1  0  1 -2 -1 -1],[-2 -1 -1 -1 -1  0 -2 -1 -1],[ 2  2  0  2  2  2  0  0  1],[ 0 -1 -1  0  1  1  0  0  1],[-2 -2 -1 -1  1  1 -1 -1  0]]","[[ 0  2  2  1  0  0 -1 -2 -2],[-2  0  1  1 -1 -1 -2 -1 -1],[-2 -1  0 -1 -1 -1 -1 -1 -2],[-1 -1  1  0  1 -1  0 -1 -2],[ 0  1  1 -1  0  0 -1 -2 -2],[ 0  1  1  1  0  0 -1 -1  0],[ 1  2  1  0  1  1  0 -2 -2],[ 2  1  1  1  2  1  2  0  0],[ 2  1  2  2  2  0  2  0  0]]",True,"[-2,-2,-1,0,0,1,2,2,-1,-1,1,1,2,1,1,1,1,1,1,1,2,-1,1,0,1,2,0,1,2,2,1,1,0,2,2,0]","[-2,-2,-1,0,0,1,2,2,-1,-1,1,1,2,1,1,1,1,1,1,1,2,-1,1,0,1,2,0,1,2,2,1,1,0,2,2,0]",t^8+45t^6+323t^4+131t^2+4,"[-2,-2,-1,0,0,1,2,2,0,-1,0,1,2,3,3,-1,0,2,1,2,3,0,0,2,2,1,0,2,1,1,0,1,1,0,2,1]","[-2,-2,-1,0,0,1,2,2,-1,0,1,1,2,2,3,2,1,1,1,3,3,0,2,2,1,2,0,0,2,1,0,0,0,-1,-1,0]","[-2,-2,-1,0,0,1,2,2,0,2,0,2,2,1,2,2,1,2,1,1,1,1,1,0,2,1,0,1,1,1,-1,1,1,-1,1,1]",c,"[[{8, 1}, {2, 7}, {3, 6}, {4, 5}], [{8, 1}, {2, 7}, {4, 6}, {3, 5}], [{8, 1}, {2, 7}, {5, 6}, {3, 4}], [{8, 1}, {2, 7}, {6}, {3, 5}, {4}], [{8, 1}, {2, 7}, {6}, {4, 5}, {3}], [{8, 1}, {2, 7}, {6}, {5}, {3, 4}], [{8, 1}, {3, 7}, {2, 6}, {4, 5}], [{8, 1}, {3, 7}, {4, 6}, {2, 5}], [{8, 1}, {3, 7}, {5, 6}, {2, 4}], [{8, 1}, {3, 7}, {5, 6}, {4}, {2}], [{8, 1}, {4, 7}, {2, 6}, {3, 5}], [{8, 1}, {4, 7}, {3, 6}, {2, 5}], [{8, 1}, {4, 7}, {5, 6}, {2, 3}], [{8, 1}, {5, 7}, {2, 6}, {3, 4}], [{8, 1}, {5, 7}, {3, 6}, {2, 4}], [{8, 1}, {5, 7}, {3, 6}, {4}, {2}], [{8, 1}, {5, 7}, {4, 6}, {2, 3}], [{8, 1}, {5, 7}, {4, 6}, {3}, {2}], [{8, 1}, {5, 7}, {6}, {3, 4}, {2}], [{8, 1}, {6, 7}, {2, 5}, {3, 4}], [{8, 1}, {6, 7}, {3, 5}, {2, 4}], [{8, 1}, {6, 7}, {4, 5}, {2, 3}], [{8, 1}, {6, 7}, {5}, {4}, {2, 3}], [{8, 1}, {7}, {6}, {2, 5}, {3, 4}], [{8, 2}, {1, 7}, {3, 6}, {4, 5}], [{8, 2}, {1, 7}, {4, 6}, {3, 5}], [{8, 2}, {1, 7}, {4, 6}, {5}, {3}], [{8, 2}, {1, 7}, {5, 6}, {3, 4}], [{8, 2}, {3, 7}, {1, 6}, {4, 5}], [{8, 2}, {3, 7}, {1, 6}, {5}, {4}], [{8, 2}, {3, 7}, {4, 6}, {1, 5}], [{8, 2}, {3, 7}, {5, 6}, {1, 4}], [{8, 2}, {4, 7}, {1, 6}, {3, 5}], [{8, 2}, {4, 7}, {1, 6}, {5}, {3}], [{8, 2}, {4, 7}, {3, 6}, {1, 5}], [{8, 2}, {4, 7}, {5, 6}, {1, 3}], [{8, 2}, {5, 7}, {1, 6}, {3, 4}], [{8, 2}, {5, 7}, {3, 6}, {1, 4}], [{8, 2}, {5, 7}, {4, 6}, {1, 3}], [{8, 2}, {6, 7}, {1, 5}, {3, 4}], [{8, 2}, {6, 7}, {1, 5}, {4}, {3}], [{8, 2}, {6, 7}, {3, 5}, {1, 4}], [{8, 2}, {6, 7}, {4, 5}, {1, 3}], [{8, 2}, {7}, {1, 6}, {5}, {3, 4}], [{8, 2}, {7}, {5, 6}, {1, 4}, {3}], [{8, 3}, {1, 7}, {2, 6}, {4, 5}], [{8, 3}, {1, 7}, {4, 6}, {2, 5}], [{8, 3}, {1, 7}, {4, 6}, {5}, {2}], [{8, 3}, {1, 7}, {5, 6}, {2, 4}], [{8, 3}, {2, 7}, {1, 6}, {4, 5}], [{8, 3}, {2, 7}, {1, 6}, {5}, {4}], [{8, 3}, {2, 7}, {4, 6}, {1, 5}], [{8, 3}, {2, 7}, {5, 6}, {1, 4}], [{8, 3}, {4, 7}, {1, 6}, {2, 5}], [{8, 3}, {4, 7}, {1, 6}, {5}, {2}], [{8, 3}, {4, 7}, {2, 6}, {1, 5}], [{8, 3}, {4, 7}, {5, 6}, {1, 2}], [{8, 3}, {5, 7}, {1, 6}, {2, 4}], [{8, 3}, {5, 7}, {2, 6}, {1, 4}], [{8, 3}, {5, 7}, {4, 6}, {1, 2}], [{8, 3}, {5, 7}, {6}, {1, 4}, {2}], [{8, 3}, {5, 7}, {6}, {2, 4}, {1}], [{8, 3}, {5, 7}, {6}, {4}, {1, 2}], [{8, 3}, {6, 7}, {1, 5}, {2, 4}], [{8, 3}, {6, 7}, {2, 5}, {1, 4}], [{8, 3}, {6, 7}, {2, 5}, {4}, {1}], [{8, 3}, {6, 7}, {4, 5}, {1, 2}], [{8, 3}, {6, 7}, {5}, {1, 4}, {2}], [{8, 3}, {7}, {1, 6}, {5}, {2, 4}], [{8, 3}, {7}, {5, 6}, {1, 4}, {2}], [{8, 4}, {1, 7}, {2, 6}, {3, 5}], [{8, 4}, {1, 7}, {3, 6}, {2, 5}], [{8, 4}, {1, 7}, {5, 6}, {2, 3}], [{8, 4}, {1, 7}, {5, 6}, {3}, {2}], [{8, 4}, {2, 7}, {1, 6}, {3, 5}], [{8, 4}, {2, 7}, {3, 6}, {1, 5}], [{8, 4}, {2, 7}, {5, 6}, {1, 3}], [{8, 4}, {3, 7}, {1, 6}, {2, 5}], [{8, 4}, {3, 7}, {2, 6}, {1, 5}], [{8, 4}, {3, 7}, {5, 6}, {1, 2}], [{8, 4}, {5, 7}, {1, 6}, {2, 3}], [{8, 4}, {5, 7}, {2, 6}, {1, 3}], [{8, 4}, {5, 7}, {3, 6}, {1, 2}], [{8, 4}, {5, 7}, {3, 6}, {2}, {1}], [{8, 4}, {6, 7}, {1, 5}, {2, 3}], [{8, 4}, {6, 7}, {1, 5}, {3}, {2}], [{8, 4}, {6, 7}, {2, 5}, {1, 3}], [{8, 4}, {6, 7}, {3, 5}, {1, 2}], [{8, 5}, {1, 7}, {2, 6}, {3, 4}], [{8, 5}, {1, 7}, {3, 6}, {2, 4}], [{8, 5}, {1, 7}, {3, 6}, {4}, {2}], [{8, 5}, {1, 7}, {4, 6}, {2, 3}], [{8, 5}, {2, 7}, {1, 6}, {3, 4}], [{8, 5}, {2, 7}, {3, 6}, {1, 4}], [{8, 5}, {2, 7}, {4, 6}, {1, 3}], [{8, 5}, {3, 7}, {1, 6}, {2, 4}], [{8, 5}, {3, 7}, {2, 6}, {1, 4}], [{8, 5}, {3, 7}, {4, 6}, {1, 2}], [{8, 5}, {4, 7}, {1, 6}, {2, 3}], [{8, 5}, {4, 7}, {1, 6}, {3}, {2}], [{8, 5}, {4, 7}, {2, 6}, {1, 3}], [{8, 5}, {4, 7}, {3, 6}, {1, 2}], [{8, 5}, {6, 7}, {1, 4}, {2, 3}], [{8, 5}, {6, 7}, {1, 4}, {3}, {2}], [{8, 5}, {6, 7}, {2, 4}, {1, 3}], [{8, 5}, {6, 7}, {3, 4}, {1, 2}], [{8, 5}, {7}, {1, 6}, {4}, {2, 3}], [{8, 6}, {1, 7}, {2, 5}, {3, 4}], [{8, 6}, {1, 7}, {3, 5}, {2, 4}], [{8, 6}, {1, 7}, {4, 5}, {2, 3}], [{8, 6}, {2, 7}, {1, 5}, {3, 4}], [{8, 6}, {2, 7}, {3, 5}, {1, 4}], [{8, 6}, {2, 7}, {4, 5}, {1, 3}], [{8, 6}, {2, 7}, {5}, {1, 4}, {3}], [{8, 6}, {3, 7}, {1, 5}, {2, 4}], [{8, 6}, {3, 7}, {1, 5}, {4}, {2}], [{8, 6}, {3, 7}, {2, 5}, {1, 4}], [{8, 6}, {3, 7}, {4, 5}, {1, 2}], [{8, 6}, {4, 7}, {1, 5}, {2, 3}], [{8, 6}, {4, 7}, {2, 5}, {1, 3}], [{8, 6}, {4, 7}, {3, 5}, {1, 2}], [{8, 6}, {5, 7}, {1, 4}, {2, 3}], [{8, 6}, {5, 7}, {1, 4}, {3}, {2}], [{8, 6}, {5, 7}, {2, 4}, {1, 3}], [{8, 6}, {5, 7}, {3, 4}, {1, 2}], [{8, 6}, {7}, {2, 5}, {1, 4}, {3}], [{8, 7}, {1, 6}, {2, 5}, {3, 4}], [{8, 7}, {1, 6}, {3, 5}, {2, 4}], [{8, 7}, {1, 6}, {4, 5}, {2, 3}], [{8, 7}, {2, 6}, {1, 5}, {3, 4}], [{8, 7}, {2, 6}, {3, 5}, {1, 4}], [{8, 7}, {2, 6}, {4, 5}, {1, 3}], [{8, 7}, {3, 6}, {1, 5}, {2, 4}], [{8, 7}, {3, 6}, {2, 5}, {1, 4}], [{8, 7}, {3, 6}, {4, 5}, {1, 2}], [{8, 7}, {4, 6}, {1, 5}, {2, 3}], [{8, 7}, {4, 6}, {2, 5}, {1, 3}], [{8, 7}, {4, 6}, {3, 5}, {1, 2}], [{8, 7}, {5, 6}, {1, 4}, {2, 3}], [{8, 7}, {5, 6}, {2, 4}, {1, 3}], [{8, 7}, {5, 6}, {3, 4}, {1, 2}], [{8}, {1, 7}, {2, 6}, {3, 5}, {4}], [{8}, {1, 7}, {4, 6}, {5}, {2, 3}], [{8}, {1, 7}, {5, 6}, {4}, {2, 3}], [{8}, {1, 7}, {6}, {4, 5}, {2, 3}], [{8}, {4, 7}, {1, 6}, {2, 5}, {3}], [{8}, {4, 7}, {1, 6}, {3, 5}, {2}], [{8}, {4, 7}, {1, 6}, {5}, {2, 3}], [{8}, {4, 7}, {1, 6}, {5}, {3}, {2}], [{8}, {4, 7}, {3, 6}, {2, 5}, {1}], [{8}, {4, 7}, {5, 6}, {2, 3}, {1}], [{8}, {4, 7}, {6}, {1, 5}, {2, 3}], [{8}, {4, 7}, {6}, {2, 5}, {1, 3}], [{8}, {5, 7}, {3, 6}, {1, 4}, {2}], [{8}, {6, 7}, {1, 5}, {2, 4}, {3}], [{8}, {6, 7}, {3, 5}, {1, 4}, {2}], [{8}, {7}, {5, 6}, {1, 4}, {2, 3}]]",2,16 K_1^3 - 18 K_1^2 - 24 K_1 K_2 - 2 K_1 K_3 - 2 K_2^2 + 10 K_2 + 8 K_3 + 2 K_4 + 11,O1O2O3O4U5U6O7U4U2O5O6U8U1U7O8U3,O1O2O3U4U5O6O7U1O4O5U7U8U6U2O8U3,O1O2O3U1O4U2U5U4U6O7O8U3O6O5U7U8,c,{'O1O2O3O4U2O5U6U4U5O7O8U3U1O6U7U8'},1,"<a href=""/flatknot/8.704131"">8.704131</a>",t^9-45t^7-138t^6-135t^5-28t^4+127t^3+176t^2+53t-12,0,,
8.704132,O1O2O3O4U2O5U6U4U5O7O8U3U1O6U8U7,4,4z^3+33z^2+98z+97,4w^4z^3-2w^4z^2+35w^3z^2-6w^3z+104w^2z+97w,False,False,"[[ 0 -1 -2  0  1  2 -2  1  1],[ 1  0 -2  1  0  1 -2  2  1],[ 2  2  0  2  1  1  0  1  1],[ 0 -1 -2  0 -1  1 -2  1  0],[-1  0 -1  1  0  1 -2 -1 -1],[-2 -1 -1 -1 -1  0 -2 -1 -1],[ 2  2  0  2  2  2  0  0  1],[-1 -2 -1 -1  1  1  0  0  0],[-1 -1 -1  0  1  1 -1  0  0]]","[[ 0  2  1  1  1  0 -1 -2 -2],[-2  0 -1 -1 -1 -1 -1 -1 -2],[-1  1  0  1  0  0 -1 -1 -1],[-1  1 -1  0 -1  1  0 -1 -2],[-1  1  0  1  0 -1 -2 -1  0],[ 0  1  0 -1  1  0 -1 -2 -2],[ 1  1  1  0  2  1  0 -2 -2],[ 2  1  1  1  1  2  2  0  0],[ 2  2  1  2  0  2  2  0  0]]",True,"[-2,-1,-1,-1,0,1,2,2,1,1,1,1,1,1,2,-1,0,0,1,1,1,1,-1,0,1,2,1,2,1,0,1,2,2,2,2,0]","[-2,-2,-1,0,1,1,1,2,0,-1,0,1,2,3,2,-1,0,2,2,2,3,0,2,1,0,2,2,1,0,1,1,1,0,0,0,0]",t^8+44t^6+316t^4+121t^2+1,"[-2,-2,-1,0,1,1,1,2,0,-1,0,1,2,3,2,-1,0,2,2,2,3,0,2,1,0,2,2,1,0,1,1,1,0,0,0,0]","[-2,-1,-1,-1,0,1,2,2,0,0,0,1,2,2,3,-1,-1,2,2,1,2,0,0,0,3,2,1,1,2,2,0,0,0,-1,-1,0]","[-2,-2,-1,0,1,1,1,2,0,2,2,0,1,2,2,2,2,1,1,1,1,1,2,1,0,1,1,0,-1,1,0,1,1,1,1,1]",c,"[[{8, 2}, {6, 7}, {1, 5}, {3, 4}]]",1,- 6 K_1^2 - 4 K_1 K_2 + 2 K_1 + 3 K_2 + 2 K_3 + 4,O1O2O3O4U5U6O7U4U2O6O5U8U1U7O8U3,O1O2O3U4U5O6O7U1O5O4U7U8U6U2O8U3,O1O2O3U1O4U2U5U4U6O7O8U3O6O5U8U7,c,{'O1O2O3O4U2O5U6U4U5O7O8U3U1O6U8U7'},1,"<a href=""/flatknot/8.704132"">8.704132</a>",t^9-46t^7-120t^6-49t^5-12t^4+53t^3+160t^2+70t+6,t^2-2t,,
8.704133,O1O2O3O4U2O5U6U4U5O7O8U3U7O6U1U8,3,13z^2+85z+119,13w^3z^2+85w^2z+119w,False,False,"[[ 0 -1 -2  0  1  2 -2  0  2],[ 1  0 -2  1  1  2 -2  1  2],[ 2  2  0  2  1  1  0  1  1],[ 0 -1 -2  0 -1  1 -3  1  1],[-1 -1 -1  1  0  1 -2  0 -1],[-2 -2 -1 -1 -1  0 -2  0 -1],[ 2  2  0  3  2  2  0  0  1],[ 0 -1 -1 -1  0  0  0  0  1],[-2 -2 -1 -1  1  1 -1 -1  0]]","[[ 0  2  2  1  0  0 -1 -2 -2],[-2  0  1  1 -1 -1 -2 -1 -1],[-2 -1  0 -1  0 -1 -2 -1 -2],[-1 -1  1  0  0  1 -1 -1 -2],[ 0  1  0  0  0 -1 -1 -1  0],[ 0  1  1 -1  1  0 -1 -2 -3],[ 1  2  2  1  1  1  0 -2 -2],[ 2  1  1  1  1  2  2  0  0],[ 2  1  2  2  0  3  2  0  0]]",True,"[-2,-2,-1,0,0,1,2,2,-1,-1,1,1,2,1,1,1,0,1,2,1,2,0,-1,1,1,2,1,1,1,0,1,2,3,2,2,0]","[-2,-2,-1,0,0,1,2,2,-1,-1,1,1,2,1,1,1,0,1,2,1,2,0,-1,1,1,2,1,1,1,0,1,2,3,2,2,0]",t^8+53t^6+340t^4+74t^2,"[-2,-2,-1,0,0,1,2,2,0,-1,-1,2,1,2,3,-1,0,1,2,3,3,0,0,1,1,1,-1,2,1,1,1,2,1,0,2,1]","[-2,-2,-1,0,0,1,2,2,-1,0,1,2,1,2,3,2,1,1,1,3,3,2,1,1,1,2,1,0,-1,0,0,2,1,-1,-1,0]","[-2,-2,-1,0,0,1,2,2,0,2,0,3,2,1,2,2,1,2,1,1,1,1,1,1,2,2,-1,0,1,0,-1,1,1,-1,1,1]",c,"[[{8, 2}, {3, 7}, {5, 6}, {1, 4}], [{8, 3}, {6, 7}, {2, 5}, {1, 4}], [{8, 3}, {6, 7}, {5}, {1, 4}, {2}], [{8, 5}, {2, 7}, {3, 6}, {1, 4}], [{8, 6}, {3, 7}, {2, 5}, {1, 4}], [{8, 7}, {3, 6}, {2, 5}, {1, 4}]]",1,- 14 K_1^2 - 12 K_1 K_2 - 2 K_1 K_3 + 6 K_1 - 2 K_2^2 + 8 K_2 + 6 K_3 + 2 K_4 + 9,O1O2O3O4U5U4O6U7U2O5O7U8U1U6O8U3,O1O2O3U4U5O6O4U1O7O5U7U8U6U2O8U3,O1O2O3U1O4U2U5U4U6O7O6U3O8O5U7U8,c,{'O1O2O3O4U2O5U6U4U5O7O8U3U7O6U1U8'},1,"<a href=""/flatknot/8.704133"">8.704133</a>",t^9-53t^7-188t^6-254t^5-182t^4+92t^3+644t^2+756t+272,0,,
8.704134,O1O2O3O4U2O5U6U4U5O7O8U3U8O6U1U7,4,15z^2+92z+125,15w^3z^2+92w^2z+125w,False,False,"[[ 0 -1 -2  0  1  2 -2  1  1],[ 1  0 -2  1  1  2 -2  1  1],[ 2  2  0  2  1  1  0  1  1],[ 0 -1 -2  0 -1  1 -3  1  1],[-1 -1 -1  1  0  1 -2 -1  0],[-2 -2 -1 -1 -1  0 -2 -1  0],[ 2  2  0  3  2  2  0  1  1],[-1 -1 -1 -1  1  1 -1  0  0],[-1 -1 -1 -1  0  0 -1  0  0]]","[[ 0  2  1  1  1  0 -1 -2 -2],[-2  0  0 -1 -1 -1 -2 -1 -2],[-1  0  0  0  0 -1 -1 -1 -1],[-1  1  0  0  1 -1 -1 -1 -1],[-1  1  0 -1  0  1 -1 -1 -2],[ 0  1  1  1 -1  0 -1 -2 -3],[ 1  2  1  1  1  1  0 -2 -2],[ 2  1  1  1  1  2  2  0  0],[ 2  2  1  1  2  3  2  0  0]]",True,"[-2,-1,-1,-1,0,1,2,2,0,1,1,1,2,1,2,0,0,1,1,1,1,-1,1,1,1,1,-1,1,1,2,1,2,3,2,2,0]","[-2,-2,-1,0,1,1,1,2,0,-1,-1,1,2,2,2,-1,0,2,2,2,3,0,1,1,1,1,2,0,0,1,0,1,0,0,1,0]",t^8+50t^6+202t^4+37t^2+1,"[-2,-2,-1,0,1,1,1,2,0,-1,-1,1,2,2,2,-1,0,2,2,2,3,0,1,1,1,1,2,0,0,1,0,1,0,0,1,0]","[-2,-1,-1,-1,0,1,2,2,0,0,1,1,1,2,3,-1,0,2,1,1,2,0,0,1,2,2,0,1,2,2,0,-1,0,-1,-1,0]","[-2,-2,-1,0,1,1,1,2,0,2,2,1,1,1,1,2,3,1,1,2,2,1,1,1,1,2,1,1,-1,1,0,0,0,1,1,1]",c,"[[{8, 3}, {1, 7}, {4, 6}, {2, 5}], [{8, 4}, {1, 7}, {3, 6}, {2, 5}], [{8, 6}, {1, 7}, {2, 5}, {3, 4}]]",1,4 K_1^3 + 4 K_1^2 K_2 - 24 K_1^2 - 16 K_1 K_2 - 6 K_1 K_3 + 5 K_1 - 2 K_2^2 + 13 K_2 + 7 K_3 + 3 K_4 + 13,O1O2O3O4U5U4O6U7U2O7O5U8U1U6O8U3,O1O2O3U4U5O6O5U1O7O4U7U8U6U2O8U3,O1O2O3U1O4U2U5U4U6O7O6U3O8O5U8U7,c,{'O1O2O3O4U2O5U6U4U5O7O8U3U8O6U1U7'},1,"<a href=""/flatknot/8.704134"">8.704134</a>",t^9-52t^7-180t^6-229t^5-94t^4+95t^3+128t^2+32t-6,t^2-2t,,
8.704135,O1O2O3O4U2O5U6U4U5O7O8U7U1O6U3U8,3,19z^2+80z+85,-4w^4z^2+23w^3z^2-8w^3z+88w^2z+85w,False,False,"[[ 0 -1 -2  1  1  2 -2 -1  2],[ 1  0 -1  1  0  1 -1  0  2],[ 2  1  0  2  1  1  1  0  1],[-1 -1 -2  0  0  2 -3  0  1],[-1  0 -1  0  0  1 -2  0 -1],[-2 -1 -1 -2 -1  0 -2  0 -1],[ 2  1 -1  3  2  2  0 -1  1],[ 1  0  0  0  0  0  1  0  1],[-2 -2 -1 -1  1  1 -1 -1  0]]","[[ 0  2  2  1  1 -1 -1 -2 -2],[-2  0  1  1 -1 -1 -2 -1 -1],[-2 -1  0 -1 -2  0 -1 -1 -2],[-1 -1  1  0  0  0  0 -1 -2],[-1  1  2  0  0  0 -1 -2 -3],[ 1  1  0  0  0  0  0  0  1],[ 1  2  1  0  1  0  0 -1 -1],[ 2  1  1  1  2  0  1  0  1],[ 2  1  2  2  3 -1  1 -1  0]]",True,"[-2,-2,-1,-1,1,1,2,2,-1,-1,1,1,2,1,1,1,2,0,1,1,2,0,0,0,1,2,0,1,2,3,0,0,-1,1,1,-1]","[-2,-2,-1,-1,1,1,2,2,-1,-1,0,2,3,2,3,0,2,1,2,3,3,0,1,2,0,1,2,2,1,2,0,0,0,2,1,-1]",t^8+44t^6+220t^4+59t^2,"[-2,-2,-1,-1,1,1,2,2,-1,0,1,1,2,3,3,0,2,0,1,2,3,0,1,2,2,1,2,2,3,2,0,-1,0,0,2,1]","[-2,-2,-1,-1,1,1,2,2,-1,-1,0,2,3,2,3,0,2,1,2,3,3,0,1,2,0,1,2,2,1,2,0,0,0,2,1,-1]","[-2,-2,-1,-1,1,1,2,2,-1,-1,1,2,3,1,2,0,1,1,2,1,1,0,0,0,1,0,0,1,2,1,0,-1,1,1,2,1]",c,"[[{8, 6}, {4, 7}, {2, 5}, {1, 3}]]",1,8 K_1^3 + 4 K_1^2 K_2 - 20 K_1^2 - 12 K_1 K_2 - 4 K_1 K_3 + 10 K_2 + 4 K_3 + K_4 + 10,O1O2O3O4U5U2O6U4U7O5O7U8U1U6O8U3,O1O2O3U4U5O4O6U1O7O5U6U8U7U2O8U3,O1O2O3U1O4U2U5U4U6O7O5U3O6O8U7U8,c,{'O1O2O3O4U2O5U6U4U5O7O8U7U1O6U3U8'},1,"<a href=""/flatknot/8.704135"">8.704135</a>",t^9-44t^7-124t^6-32t^5+152t^4+59t^3-76t^2+24t-8,0,,
8.704136,O1O2O3O4U2O5U6U4U5O7O8U7U1O6U8U3,4,21z^2+106z+129,21w^3z^2+106w^2z+129w,False,False,"[[ 0 -1 -2  2  1  2 -2 -1  1],[ 1  0 -1  2  0  1 -1  0  1],[ 2  1  0  2  1  1  1  0  0],[-2 -2 -2  0  0  2 -3 -1  0],[-1  0 -1  0  0  1 -2  0 -1],[-2 -1 -1 -2 -1  0 -2  0 -1],[ 2  1 -1  3  2  2  0 -1  0],[ 1  0  0  1  0  0  1  0  1],[-1 -1  0  0  1  1  0 -1  0]]","[[ 0  2  2  1  1 -1 -1 -2 -2],[-2  0  2  0  0 -1 -2 -2 -3],[-2 -2  0 -1 -1  0 -1 -1 -2],[-1  0  1  0  1 -1 -1  0  0],[-1  0  1 -1  0  0  0 -1 -2],[ 1  1  0  1  0  0  0  0  1],[ 1  2  1  1  0  0  0 -1 -1],[ 2  2  1  0  1  0  1  0  1],[ 2  3  2  0  2 -1  1 -1  0]]",True,"[-2,-2,-1,-1,1,1,2,2,-2,0,0,1,2,2,3,1,1,0,1,1,2,-1,1,1,0,0,0,0,1,2,0,0,-1,1,1,-1]","[-2,-2,-1,-1,1,1,2,2,-2,0,0,1,2,2,3,1,1,0,1,1,2,-1,1,1,0,0,0,0,1,2,0,0,-1,1,1,-1]",t^8+42t^6+176t^4+40t^2,"[-2,-2,-1,-1,1,1,2,2,-1,0,1,2,3,2,3,0,2,1,3,1,2,0,2,1,1,2,2,1,2,3,1,1,0,1,0,-2]","[-2,-2,-1,-1,1,1,2,2,-2,0,0,2,3,2,3,1,1,1,2,1,2,-1,2,2,1,2,1,1,3,3,0,0,0,2,1,-1]","[-2,-2,-1,-1,1,1,2,2,-1,-1,1,0,2,2,3,0,1,0,1,1,2,0,1,0,0,1,1,0,1,2,1,1,0,1,0,-2]",c,"[[{8, 1}, {4, 7}, {3, 6}, {2, 5}], [{8, 1}, {4, 7}, {5, 6}, {2, 3}], [{8, 2}, {4, 7}, {3, 6}, {1, 5}], [{8, 5}, {4, 7}, {1, 6}, {2, 3}], [{8, 5}, {4, 7}, {3, 6}, {1, 2}], [{8, 6}, {4, 7}, {1, 5}, {2, 3}]]",1,12 K_1^3 - 20 K_1^2 - 12 K_1 K_2 - 3 K_1 + 10 K_2 + 3 K_3 + 11,O1O2O3O4U2U5O6U4U7O5O7U8U1U6O8U3,O1O2O3U4U5O4O6U1O5O7U6U8U7U2O8U3,O1O2O3U1O4U2U5U4U6O5O7U3O6O8U7U8,c,{'O1O2O3O4U2O5U6U4U5O7O8U7U1O6U8U3'},1,"<a href=""/flatknot/8.704136"">8.704136</a>",t^9-42t^7-102t^6+54t^5+186t^4-80t^3-152t^2+92t-6,0,,
8.704137,O1O2O3O4U2O5U6U4U5O7O8U7U3O6U1U8,4,2z^3+33z^2+104z+93,2w^4z^3+33w^3z^2+104w^2z+93w,False,False,"[[ 0 -1 -2  1  1  2 -2 -1  2],[ 1  0 -2  2  1  2 -2  0  2],[ 2  2  0  2  1  1  0  0  1],[-1 -2 -2  0 -1  1 -3  0  1],[-1 -1 -1  1  0  1 -2  0 -1],[-2 -2 -1 -1 -1  0 -2  0 -1],[ 2  2  0  3  2  2  0 -1  1],[ 1  0  0  0  0  0  1  0  1],[-2 -2 -1 -1  1  1 -1 -1  0]]","[[ 0  2  2  1  1 -1 -1 -2 -2],[-2  0  1  1 -1 -1 -2 -1 -1],[-2 -1  0 -1 -1  0 -2 -1 -2],[-1 -1  1  0  1  0 -1 -1 -2],[-1  1  1 -1  0  0 -2 -2 -3],[ 1  1  0  0  0  0  0  0  1],[ 1  2  2  1  2  0  0 -2 -2],[ 2  1  1  1  2  0  2  0  0],[ 2  1  2  2  3 -1  2  0  0]]",True,"[-2,-2,-1,-1,1,1,2,2,-1,-1,1,1,2,1,1,1,1,0,2,1,2,-1,0,1,1,2,0,2,2,3,0,0,-1,2,2,0]","[-2,-2,-1,-1,1,1,2,2,-1,-1,1,1,2,1,1,1,1,0,2,1,2,-1,0,1,1,2,0,2,2,3,0,0,-1,2,2,0]",t^8+54t^6+283t^4+105t^2+1,"[-2,-2,-1,-1,1,1,2,2,0,-1,1,1,2,3,3,-1,2,0,1,2,3,0,0,1,1,1,2,2,3,2,1,0,0,0,2,1]","[-2,-2,-1,-1,1,1,2,2,-1,0,0,1,3,2,3,0,2,1,2,3,3,-1,0,2,0,1,1,2,1,2,0,-1,-1,2,1,0]","[-2,-2,-1,-1,1,1,2,2,0,-1,2,2,3,1,2,0,2,1,2,1,1,0,0,0,1,0,1,2,2,2,1,-1,1,1,1,1]",c,"[[{8, 5}, {2, 7}, {3, 6}, {1, 4}]]",1,16 K_1^3 + 8 K_1^2 K_2 - 8 K_1^2 - 20 K_1 K_2 - 8 K_1 K_3 - 2 K_1 + 4 K_2 + 6 K_3 + 2 K_4 + 3,O1O2O3O4U5U4O6U2U7O5O7U8U1U6O8U3,O1O2O3U4U5O4O6U1O7O5U7U8U6U2O8U3,O1O2O3U1O4U2U5U4U6O7O6U3O5O8U7U8,c,{'O1O2O3O4U2O5U6U4U5O7O8U7U3O6U1U8'},1,"<a href=""/flatknot/8.704137"">8.704137</a>",t^9-54t^7-196t^6-207t^5+14t^4+121t^3+100t^2+8t-30,0,,
8.704138,O1O2O3O4U2O5U6U4U5O7O8U7U8O6U1U3,3,17z^2+77z+87,17w^3z^2+77w^2z+87w,False,False,"[[ 0 -1 -2  2  1  2 -2 -1  1],[ 1  0 -1  2  1  2 -1 -1  1],[ 2  1  0  2  1  1  1  0  0],[-2 -2 -2  0  0  2 -4 -1  1],[-1 -1 -1  0  0  1 -2  0  0],[-2 -2 -1 -2 -1  0 -2  0  0],[ 2  1 -1  4  2  2  0  0  0],[ 1  1  0  1  0  0  0  0  1],[-1 -1  0 -1  0  0  0 -1  0]]","[[ 0  2  2  1  1 -1 -1 -2 -2],[-2  0  2  1  0 -1 -2 -2 -4],[-2 -2  0  0 -1  0 -2 -1 -2],[-1 -1  0  0  0 -1 -1  0  0],[-1  0  1  0  0  0 -1 -1 -2],[ 1  1  0  1  0  0  1  0  0],[ 1  2  2  1  1 -1  0 -1 -1],[ 2  2  1  0  1  0  1  0  1],[ 2  4  2  0  2  0  1 -1  0]]",True,"[-2,-2,-1,-1,1,1,2,2,-2,-1,0,1,2,2,4,0,1,0,2,1,2,0,1,1,0,0,0,1,1,2,-1,0,0,1,1,-1]","[-2,-2,-1,-1,1,1,2,2,-2,-1,0,1,2,2,4,0,1,0,2,1,2,0,1,1,0,0,0,1,1,2,-1,0,0,1,1,-1]",t^8+52t^6+128t^4+19t^2,"[-2,-2,-1,-1,1,1,2,2,-1,0,1,2,3,2,3,0,1,1,3,0,2,1,1,1,1,1,2,1,2,3,0,1,0,2,1,-2]","[-2,-2,-1,-1,1,1,2,2,-2,0,1,1,3,2,3,1,2,1,2,0,2,0,1,2,1,2,1,1,3,3,-1,0,0,1,1,-1]","[-2,-2,-1,-1,1,1,2,2,-1,0,1,0,2,2,4,0,1,0,1,1,2,1,1,0,0,1,1,1,2,2,0,0,-1,1,0,-2]",c,"[[{8, 7}, {5, 6}, {1, 4}, {2, 3}]]",0,16 K_1^3 + 8 K_1^2 K_2 - 18 K_1^2 - 20 K_1 K_2 - 6 K_1 K_3 - 2 K_1 - 2 K_2^2 + 8 K_2 + 6 K_3 + 2 K_4 + 9,O1O2O3O4U2U4O5U6U7O6O7U8U1U5O8U3,O1O2O3U4U5O4O5U1O6O7U6U8U7U2O8U3,O1O2O3U1O4U2U5U4U6O5O6U3O7O8U7U8,c,{'O1O2O3O4U2O5U6U4U5O7O8U7U8O6U1U3'},1,"<a href=""/flatknot/8.704138"">8.704138</a>",t^9-52t^7-144t^6+18t^5+412t^4+307t^3-114t^2-136t-16,0,,
8.704139,O1O2O3O4U2O5U6U4U7O8O7U1U3O6U8U5,4,16z^2+85z+107,16w^3z^2+85w^2z+107w,False,False,"[[ 0 -2 -2  1  1  3 -2  1  0],[ 2  0 -1  2  1  3  0  2  0],[ 2  1  0  2  1  2  0  2  1],[-1 -2 -2  0  0  2 -2 -1 -1],[-1 -1 -1  0  0  0 -1 -1 -1],[-3 -3 -2 -2  0  0 -2 -2 -2],[ 2  0  0  2  1  2  0  3  1],[-1 -2 -2  1  1  2 -3  0  0],[ 0  0 -1  1  1  2 -1  0  0]]","[[ 0  3  1  1  1  0 -2 -2 -2],[-3  0  0 -2 -2 -2 -2 -2 -3],[-1  0  0  0 -1 -1 -1 -1 -1],[-1  2  0  0 -1 -1 -2 -2 -2],[-1  2  1  1  0  0 -2 -3 -2],[ 0  2  1  1  0  0 -1 -1  0],[ 2  2  1  2  2  1  0  0  1],[ 2  2  1  2  3  1  0  0  0],[ 2  3  1  2  2  0 -1  0  0]]",True,"[-3,-1,-1,-1,0,2,2,2,0,2,2,2,2,2,3,0,1,1,1,1,1,1,1,2,2,2,0,2,3,2,1,1,0,0,-1,0]","[-3,-1,-1,-1,0,2,2,2,0,0,2,1,2,3,3,-1,0,0,1,1,1,1,1,1,0,1,0,2,2,2,2,1,1,0,-1,0]",t^8+68t^6+203t^4+85t^2+1,"[-2,-2,-2,0,1,1,1,3,-1,0,1,1,1,2,3,0,2,1,1,2,2,1,0,1,2,3,1,0,0,1,-1,-1,0,0,0,2]","[-3,-1,-1,-1,0,2,2,2,0,0,2,1,2,3,3,-1,0,0,1,1,1,1,1,1,0,1,0,2,2,2,2,1,1,0,-1,0]","[-2,-2,-2,0,1,1,1,3,-1,0,0,1,2,2,3,0,1,1,2,2,2,1,1,2,3,2,1,1,0,2,0,-1,0,-1,2,2]",c,"[[{8, 3}, {1, 7}, {4, 6}, {2, 5}], [{8, 3}, {1, 7}, {5, 6}, {2, 4}]]",1,12 K_1^3 + 8 K_1^2 K_2 - 22 K_1^2 - 18 K_1 K_2 - 8 K_1 K_3 + 11 K_2 + 6 K_3 + 2 K_4 + 10,O1O2O3O4U5U6O7U2U4O8O6U8U1U7O5U3,O1O2O3U4U3O5O6U1O4O7U5U8U6U2O8U7,O1O2O3U4O5U2U6U5U7O4O8U3O6O7U1U8,c,{'O1O2O3O4U2O5U6U4U7O8O7U1U3O6U8U5'},1,"<a href=""/flatknot/8.704139"">8.704139</a>",t^9-68t^7-216t^6+14t^5+384t^4+63t^3-172t^2-55t+28,-t^3+3t^2-3t,,
8.704140,O1O2O3O4U2O5U6U4U7O8O7U3U1O6U8U5,4,2z^3+32z^2+107z+103,2w^4z^3+32w^3z^2+107w^2z+103w,False,False,"[[ 0 -1 -2  0  1  3 -2  1  0],[ 1  0 -2  1  1  3 -1  1  0],[ 2  2  0  2  1  2  0  2  1],[ 0 -1 -2  0  0  2 -1  0 -1],[-1 -1 -1  0  0  0 -1 -1 -1],[-3 -3 -2 -2  0  0 -2 -2 -2],[ 2  1  0  1  1  2  0  3  1],[-1 -1 -2  0  1  2 -3  0  0],[ 0  0 -1  1  1  2 -1  0  0]]","[[ 0  3  1  1  0  0 -1 -2 -2],[-3  0  0 -2 -2 -2 -3 -2 -2],[-1  0  0 -1  0 -1 -1 -1 -1],[-1  2  1  0  0  0 -1 -2 -3],[ 0  2  0  0  0 -1 -1 -2 -1],[ 0  2  1  0  1  0  0 -1 -1],[ 1  3  1  1  1  0  0 -2 -1],[ 2  2  1  2  2  1  2  0  0],[ 2  2  1  3  1  1  1  0  0]]",True,"[-3,-1,-1,0,0,1,2,2,0,2,2,2,3,2,2,1,0,1,1,1,1,0,0,1,2,3,1,1,2,1,0,1,1,2,1,0]","[-3,-1,-1,0,0,1,2,2,0,2,1,1,1,3,3,1,1,1,1,0,1,0,1,1,2,2,1,1,1,1,0,1,0,0,-1,0]",t^8+62t^6+190t^4+73t^2+4,"[-2,-2,-1,0,0,1,1,3,0,-1,0,1,1,2,3,0,1,1,0,2,3,0,1,1,1,1,1,1,1,1,1,0,1,-1,0,2]","[-3,-1,-1,0,0,1,2,2,0,2,1,1,1,3,3,1,1,1,1,0,1,0,1,1,2,2,1,1,1,1,0,1,0,0,-1,0]","[-2,-2,-1,0,0,1,1,3,0,1,1,1,1,3,2,2,1,2,1,2,2,0,1,1,1,3,1,1,0,2,0,0,2,-1,0,2]",c,"[[{8, 1}, {2, 7}, {3, 6}, {4, 5}], [{8, 1}, {2, 7}, {4, 6}, {3, 5}], [{8, 1}, {2, 7}, {5, 6}, {3, 4}], [{8, 1}, {2, 7}, {6}, {3, 5}, {4}], [{8, 1}, {3, 7}, {2, 6}, {4, 5}], [{8, 1}, {3, 7}, {4, 6}, {2, 5}], [{8, 1}, {3, 7}, {5, 6}, {2, 4}], [{8, 1}, {3, 7}, {5, 6}, {4}, {2}], [{8, 1}, {4, 7}, {2, 6}, {3, 5}], [{8, 1}, {4, 7}, {3, 6}, {2, 5}], [{8, 1}, {4, 7}, {5, 6}, {2, 3}], [{8, 1}, {5, 7}, {2, 6}, {3, 4}], [{8, 1}, {5, 7}, {3, 6}, {2, 4}], [{8, 1}, {5, 7}, {3, 6}, {4}, {2}], [{8, 1}, {5, 7}, {4, 6}, {2, 3}], [{8, 1}, {6, 7}, {2, 5}, {3, 4}], [{8, 1}, {6, 7}, {3, 5}, {2, 4}], [{8, 1}, {6, 7}, {3, 5}, {4}, {2}], [{8, 1}, {6, 7}, {4, 5}, {2, 3}], [{8, 1}, {6, 7}, {5}, {2, 4}, {3}], [{8, 1}, {7}, {2, 6}, {3, 5}, {4}], [{8, 2}, {1, 7}, {3, 6}, {4, 5}], [{8, 2}, {1, 7}, {4, 6}, {3, 5}], [{8, 2}, {1, 7}, {5, 6}, {3, 4}], [{8, 2}, {1, 7}, {6}, {3, 5}, {4}], [{8, 2}, {3, 7}, {1, 6}, {4, 5}], [{8, 2}, {3, 7}, {4, 6}, {1, 5}], [{8, 2}, {3, 7}, {5, 6}, {1, 4}], [{8, 2}, {3, 7}, {5, 6}, {4}, {1}], [{8, 2}, {4, 7}, {1, 6}, {3, 5}], [{8, 2}, {4, 7}, {3, 6}, {1, 5}], [{8, 2}, {4, 7}, {5, 6}, {1, 3}], [{8, 2}, {5, 7}, {1, 6}, {3, 4}], [{8, 2}, {5, 7}, {3, 6}, {1, 4}], [{8, 2}, {5, 7}, {4, 6}, {1, 3}], [{8, 2}, {5, 7}, {6}, {3, 4}, {1}], [{8, 2}, {6, 7}, {1, 5}, {3, 4}], [{8, 2}, {6, 7}, {3, 5}, {1, 4}], [{8, 2}, {6, 7}, {4, 5}, {1, 3}], [{8, 2}, {6, 7}, {4, 5}, {3}, {1}], [{8, 2}, {7}, {3, 6}, {1, 5}, {4}], [{8, 2}, {7}, {5, 6}, {1, 4}, {3}], [{8, 3}, {1, 7}, {2, 6}, {4, 5}], [{8, 3}, {1, 7}, {4, 6}, {2, 5}], [{8, 3}, {1, 7}, {5, 6}, {2, 4}], [{8, 3}, {1, 7}, {5, 6}, {4}, {2}], [{8, 3}, {2, 7}, {1, 6}, {4, 5}], [{8, 3}, {2, 7}, {4, 6}, {1, 5}], [{8, 3}, {2, 7}, {4, 6}, {5}, {1}], [{8, 3}, {2, 7}, {5, 6}, {1, 4}], [{8, 3}, {4, 7}, {1, 6}, {2, 5}], [{8, 3}, {4, 7}, {2, 6}, {1, 5}], [{8, 3}, {4, 7}, {5, 6}, {1, 2}], [{8, 3}, {5, 7}, {1, 6}, {2, 4}], [{8, 3}, {5, 7}, {2, 6}, {1, 4}], [{8, 3}, {5, 7}, {4, 6}, {1, 2}], [{8, 3}, {5, 7}, {4, 6}, {2}, {1}], [{8, 3}, {6, 7}, {1, 5}, {2, 4}], [{8, 3}, {6, 7}, {1, 5}, {4}, {2}], [{8, 3}, {6, 7}, {2, 5}, {1, 4}], [{8, 3}, {6, 7}, {4, 5}, {1, 2}], [{8, 3}, {6, 7}, {5}, {2, 4}, {1}], [{8, 3}, {7}, {4, 6}, {2, 5}, {1}], [{8, 3}, {7}, {6}, {1, 5}, {2, 4}], [{8, 3}, {7}, {6}, {4, 5}, {1, 2}], [{8, 4}, {1, 7}, {2, 6}, {3, 5}], [{8, 4}, {1, 7}, {3, 6}, {2, 5}], [{8, 4}, {1, 7}, {5, 6}, {2, 3}], [{8, 4}, {1, 7}, {6}, {3, 5}, {2}], [{8, 4}, {2, 7}, {1, 6}, {3, 5}], [{8, 4}, {2, 7}, {3, 6}, {1, 5}], [{8, 4}, {2, 7}, {5, 6}, {1, 3}], [{8, 4}, {2, 7}, {6}, {1, 5}, {3}], [{8, 4}, {3, 7}, {1, 6}, {2, 5}], [{8, 4}, {3, 7}, {1, 6}, {5}, {2}], [{8, 4}, {3, 7}, {2, 6}, {1, 5}], [{8, 4}, {3, 7}, {5, 6}, {1, 2}], [{8, 4}, {3, 7}, {6}, {2, 5}, {1}], [{8, 4}, {5, 7}, {1, 6}, {2, 3}], [{8, 4}, {5, 7}, {2, 6}, {1, 3}], [{8, 4}, {5, 7}, {3, 6}, {1, 2}], [{8, 4}, {6, 7}, {1, 5}, {2, 3}], [{8, 4}, {6, 7}, {2, 5}, {1, 3}], [{8, 4}, {6, 7}, {2, 5}, {3}, {1}], [{8, 4}, {6, 7}, {3, 5}, {1, 2}], [{8, 4}, {7}, {3, 6}, {1, 5}, {2}], [{8, 4}, {7}, {3, 6}, {2, 5}, {1}], [{8, 4}, {7}, {3, 6}, {5}, {1, 2}], [{8, 5}, {1, 7}, {2, 6}, {3, 4}], [{8, 5}, {1, 7}, {3, 6}, {2, 4}], [{8, 5}, {1, 7}, {3, 6}, {4}, {2}], [{8, 5}, {1, 7}, {4, 6}, {2, 3}], [{8, 5}, {2, 7}, {1, 6}, {3, 4}], [{8, 5}, {2, 7}, {3, 6}, {1, 4}], [{8, 5}, {2, 7}, {4, 6}, {1, 3}], [{8, 5}, {3, 7}, {1, 6}, {2, 4}], [{8, 5}, {3, 7}, {2, 6}, {1, 4}], [{8, 5}, {3, 7}, {4, 6}, {1, 2}], [{8, 5}, {4, 7}, {1, 6}, {2, 3}], [{8, 5}, {4, 7}, {2, 6}, {1, 3}], [{8, 5}, {4, 7}, {3, 6}, {1, 2}], [{8, 5}, {6, 7}, {1, 4}, {2, 3}], [{8, 5}, {6, 7}, {2, 4}, {1, 3}], [{8, 5}, {6, 7}, {2, 4}, {3}, {1}], [{8, 5}, {6, 7}, {3, 4}, {1, 2}], [{8, 5}, {7}, {4, 6}, {2, 3}, {1}], [{8, 6}, {1, 7}, {2, 5}, {3, 4}], [{8, 6}, {1, 7}, {3, 5}, {2, 4}], [{8, 6}, {1, 7}, {3, 5}, {4}, {2}], [{8, 6}, {1, 7}, {4, 5}, {2, 3}], [{8, 6}, {2, 7}, {1, 5}, {3, 4}], [{8, 6}, {2, 7}, {3, 5}, {1, 4}], [{8, 6}, {2, 7}, {3, 5}, {4}, {1}], [{8, 6}, {2, 7}, {4, 5}, {1, 3}], [{8, 6}, {3, 7}, {1, 5}, {2, 4}], [{8, 6}, {3, 7}, {1, 5}, {4}, {2}], [{8, 6}, {3, 7}, {2, 5}, {1, 4}], [{8, 6}, {3, 7}, {4, 5}, {1, 2}], [{8, 6}, {3, 7}, {5}, {2, 4}, {1}], [{8, 6}, {4, 7}, {1, 5}, {2, 3}], [{8, 6}, {4, 7}, {2, 5}, {1, 3}], [{8, 6}, {4, 7}, {3, 5}, {1, 2}], [{8, 6}, {4, 7}, {5}, {2, 3}, {1}], [{8, 6}, {5, 7}, {1, 4}, {2, 3}], [{8, 6}, {5, 7}, {2, 4}, {1, 3}], [{8, 6}, {5, 7}, {3, 4}, {1, 2}], [{8, 6}, {7}, {1, 5}, {2, 4}, {3}], [{8, 6}, {7}, {2, 5}, {1, 4}, {3}], [{8, 6}, {7}, {2, 5}, {3, 4}, {1}], [{8, 6}, {7}, {2, 5}, {4}, {1, 3}], [{8, 6}, {7}, {3, 5}, {4}, {1, 2}], [{8, 7}, {1, 6}, {2, 5}, {3, 4}], [{8, 7}, {1, 6}, {3, 5}, {2, 4}], [{8, 7}, {1, 6}, {4, 5}, {2, 3}], [{8, 7}, {2, 6}, {1, 5}, {3, 4}], [{8, 7}, {2, 6}, {3, 5}, {1, 4}], [{8, 7}, {2, 6}, {3, 5}, {4}, {1}], [{8, 7}, {2, 6}, {4, 5}, {1, 3}], [{8, 7}, {3, 6}, {1, 5}, {2, 4}], [{8, 7}, {3, 6}, {1, 5}, {4}, {2}], [{8, 7}, {3, 6}, {2, 5}, {1, 4}], [{8, 7}, {3, 6}, {2, 5}, {4}, {1}], [{8, 7}, {3, 6}, {4, 5}, {1, 2}], [{8, 7}, {3, 6}, {4, 5}, {2}, {1}], [{8, 7}, {3, 6}, {5}, {1, 4}, {2}], [{8, 7}, {3, 6}, {5}, {2, 4}, {1}], [{8, 7}, {3, 6}, {5}, {4}, {1, 2}], [{8, 7}, {3, 6}, {5}, {4}, {2}, {1}], [{8, 7}, {4, 6}, {1, 5}, {2, 3}], [{8, 7}, {4, 6}, {2, 5}, {1, 3}], [{8, 7}, {4, 6}, {3, 5}, {1, 2}], [{8, 7}, {5, 6}, {1, 4}, {2, 3}], [{8, 7}, {5, 6}, {2, 4}, {1, 3}], [{8, 7}, {5, 6}, {3, 4}, {1, 2}], [{8, 7}, {5, 6}, {4}, {2, 3}, {1}], [{8, 7}, {6}, {1, 5}, {2, 4}, {3}], [{8}, {1, 7}, {2, 6}, {3, 5}, {4}], [{8}, {1, 7}, {4, 6}, {3, 5}, {2}], [{8}, {1, 7}, {6}, {3, 5}, {2, 4}], [{8}, {2, 7}, {1, 6}, {3, 5}, {4}], [{8}, {2, 7}, {3, 6}, {1, 5}, {4}], [{8}, {3, 7}, {1, 6}, {2, 5}, {4}], [{8}, {3, 7}, {5, 6}, {4}, {1, 2}], [{8}, {3, 7}, {6}, {1, 5}, {2, 4}], [{8}, {4, 7}, {1, 6}, {3, 5}, {2}], [{8}, {4, 7}, {3, 6}, {1, 5}, {2}], [{8}, {4, 7}, {3, 6}, {2, 5}, {1}], [{8}, {4, 7}, {3, 6}, {5}, {1, 2}], [{8}, {5, 7}, {1, 6}, {3, 4}, {2}], [{8}, {5, 7}, {2, 6}, {4}, {1, 3}], [{8}, {5, 7}, {6}, {1, 4}, {2, 3}], [{8}, {6, 7}, {1, 5}, {2, 4}, {3}], [{8}, {6, 7}, {3, 5}, {2, 4}, {1}], [{8}, {6, 7}, {5}, {2, 4}, {1, 3}], [{8}, {6, 7}, {5}, {2, 4}, {3}, {1}], [{8}, {7}, {1, 6}, {3, 5}, {2, 4}], [{8}, {7}, {3, 6}, {1, 5}, {2, 4}], [{8}, {7}, {3, 6}, {1, 5}, {4}, {2}]]",2,4 K_1^3 + 4 K_1^2 K_2 - 10 K_1^2 - 10 K_1 K_2 - 2 K_1 K_3 + 2 K_1 - 2 K_2^2 + 4 K_2 + 4 K_3 + K_4 + 6,O1O2O3O4U5U6O7U4U2O8O6U8U1U7O5U3,O1O2O3U4U3O5O6U1O4O7U6U8U5U2O8U7,O1O2O3U4O5U2U6U5U7O4O8U3O7O6U1U8,c,{'O1O2O3O4U2O5U6U4U7O8O7U3U1O6U8U5'},1,"<a href=""/flatknot/8.704140"">8.704140</a>",t^9-60t^7-198t^6-6t^5+470t^4+375t^3-102t^2-190t+22,-t^3+2t^2-t,,
8.704141,O1O2O3O4U2O5U6U4U7O8O7U3U8O6U1U5,4,5z^3+37z^2+91z+75,5w^4z^3+37w^3z^2+91w^2z+75w,False,False,"[[ 0 -1 -2  0  1  3 -2  1  0],[ 1  0 -2  1  2  3 -1  2  0],[ 2  2  0  2  1  2  0  2  1],[ 0 -1 -2  0  0  2 -2  0  0],[-1 -2 -1  0  0  0 -1 -1  0],[-3 -3 -2 -2  0  0 -3 -2 -1],[ 2  1  0  2  1  3  0  2  1],[-1 -2 -2  0  1  2 -2  0  0],[ 0  0 -1  0  0  1 -1  0  0]]","[[ 0  3  1  1  0  0 -1 -2 -2],[-3  0  0 -2 -1 -2 -3 -2 -3],[-1  0  0 -1  0  0 -2 -1 -1],[-1  2  1  0  0  0 -2 -2 -2],[ 0  1  0  0  0  0  0 -1 -1],[ 0  2  0  0  0  0 -1 -2 -2],[ 1  3  2  2  0  1  0 -2 -1],[ 2  2  1  2  1  2  2  0  0],[ 2  3  1  2  1  2  1  0  0]]",True,"[-3,-1,-1,0,0,1,2,2,0,2,1,2,3,2,3,1,0,0,2,1,1,0,0,2,2,2,0,0,1,1,1,2,2,2,1,0]","[-3,-1,-1,0,0,1,2,2,0,2,1,2,1,2,3,1,1,1,0,1,1,1,1,0,2,2,0,0,0,0,1,1,1,0,-1,0]",t^8+66t^6+162t^4+64t^2+1,"[-2,-2,-1,0,0,1,1,3,0,-1,0,1,1,2,3,0,0,1,1,2,2,0,1,0,0,1,0,1,1,1,1,1,2,-1,0,2]","[-3,-1,-1,0,0,1,2,2,0,2,1,2,1,2,3,1,1,1,0,1,1,1,1,0,2,2,0,0,0,0,1,1,1,0,-1,0]","[-2,-2,-1,0,0,1,1,3,0,1,1,2,1,2,3,2,1,2,1,2,2,0,1,2,2,3,0,0,0,1,0,0,2,-1,0,2]",c,"[[{8, 1}, {2, 7}, {3, 6}, {4, 5}], [{8, 1}, {2, 7}, {4, 6}, {3, 5}], [{8, 1}, {2, 7}, {5, 6}, {3, 4}], [{8, 1}, {3, 7}, {2, 6}, {4, 5}], [{8, 1}, {3, 7}, {4, 6}, {2, 5}], [{8, 1}, {3, 7}, {5, 6}, {2, 4}], [{8, 1}, {3, 7}, {6}, {5}, {2, 4}], [{8, 1}, {4, 7}, {2, 6}, {3, 5}], [{8, 1}, {4, 7}, {3, 6}, {2, 5}], [{8, 1}, {4, 7}, {5, 6}, {2, 3}], [{8, 1}, {5, 7}, {2, 6}, {3, 4}], [{8, 1}, {5, 7}, {3, 6}, {2, 4}], [{8, 1}, {5, 7}, {4, 6}, {2, 3}], [{8, 1}, {6, 7}, {2, 5}, {3, 4}], [{8, 1}, {6, 7}, {3, 5}, {2, 4}], [{8, 1}, {6, 7}, {4, 5}, {2, 3}], [{8, 1}, {7}, {5, 6}, {2, 4}, {3}], [{8, 1}, {7}, {5, 6}, {3, 4}, {2}], [{8, 1}, {7}, {5, 6}, {4}, {2, 3}], [{8, 2}, {1, 7}, {3, 6}, {4, 5}], [{8, 2}, {1, 7}, {3, 6}, {5}, {4}], [{8, 2}, {1, 7}, {4, 6}, {3, 5}], [{8, 2}, {1, 7}, {5, 6}, {3, 4}], [{8, 2}, {3, 7}, {1, 6}, {4, 5}], [{8, 2}, {3, 7}, {4, 6}, {1, 5}], [{8, 2}, {3, 7}, {5, 6}, {1, 4}], [{8, 2}, {3, 7}, {6}, {1, 5}, {4}], [{8, 2}, {4, 7}, {1, 6}, {3, 5}], [{8, 2}, {4, 7}, {3, 6}, {1, 5}], [{8, 2}, {4, 7}, {5, 6}, {1, 3}], [{8, 2}, {5, 7}, {1, 6}, {3, 4}], [{8, 2}, {5, 7}, {3, 6}, {1, 4}], [{8, 2}, {5, 7}, {3, 6}, {4}, {1}], [{8, 2}, {5, 7}, {4, 6}, {1, 3}], [{8, 2}, {6, 7}, {1, 5}, {3, 4}], [{8, 2}, {6, 7}, {1, 5}, {4}, {3}], [{8, 2}, {6, 7}, {3, 5}, {1, 4}], [{8, 2}, {6, 7}, {4, 5}, {1, 3}], [{8, 2}, {7}, {1, 6}, {4, 5}, {3}], [{8, 2}, {7}, {3, 6}, {1, 5}, {4}], [{8, 2}, {7}, {5, 6}, {1, 4}, {3}], [{8, 2}, {7}, {5, 6}, {3, 4}, {1}], [{8, 2}, {7}, {5, 6}, {4}, {1, 3}], [{8, 3}, {1, 7}, {2, 6}, {4, 5}], [{8, 3}, {1, 7}, {4, 6}, {2, 5}], [{8, 3}, {1, 7}, {5, 6}, {2, 4}], [{8, 3}, {2, 7}, {1, 6}, {4, 5}], [{8, 3}, {2, 7}, {4, 6}, {1, 5}], [{8, 3}, {2, 7}, {5, 6}, {1, 4}], [{8, 3}, {4, 7}, {1, 6}, {2, 5}], [{8, 3}, {4, 7}, {2, 6}, {1, 5}], [{8, 3}, {4, 7}, {5, 6}, {1, 2}], [{8, 3}, {4, 7}, {6}, {1, 5}, {2}], [{8, 3}, {5, 7}, {1, 6}, {2, 4}], [{8, 3}, {5, 7}, {2, 6}, {1, 4}], [{8, 3}, {5, 7}, {4, 6}, {1, 2}], [{8, 3}, {5, 7}, {6}, {2, 4}, {1}], [{8, 3}, {6, 7}, {1, 5}, {2, 4}], [{8, 3}, {6, 7}, {2, 5}, {1, 4}], [{8, 3}, {6, 7}, {4, 5}, {1, 2}], [{8, 3}, {6, 7}, {5}, {2, 4}, {1}], [{8, 3}, {7}, {1, 6}, {2, 5}, {4}], [{8, 3}, {7}, {2, 6}, {4, 5}, {1}], [{8, 3}, {7}, {5, 6}, {1, 4}, {2}], [{8, 3}, {7}, {5, 6}, {2, 4}, {1}], [{8, 3}, {7}, {5, 6}, {4}, {1, 2}], [{8, 4}, {1, 7}, {2, 6}, {3, 5}], [{8, 4}, {1, 7}, {3, 6}, {2, 5}], [{8, 4}, {1, 7}, {5, 6}, {2, 3}], [{8, 4}, {1, 7}, {5, 6}, {3}, {2}], [{8, 4}, {2, 7}, {1, 6}, {3, 5}], [{8, 4}, {2, 7}, {1, 6}, {5}, {3}], [{8, 4}, {2, 7}, {3, 6}, {1, 5}], [{8, 4}, {2, 7}, {5, 6}, {1, 3}], [{8, 4}, {2, 7}, {5, 6}, {3}, {1}], [{8, 4}, {2, 7}, {6}, {1, 5}, {3}], [{8, 4}, {3, 7}, {1, 6}, {2, 5}], [{8, 4}, {3, 7}, {1, 6}, {5}, {2}], [{8, 4}, {3, 7}, {2, 6}, {1, 5}], [{8, 4}, {3, 7}, {2, 6}, {5}, {1}], [{8, 4}, {3, 7}, {5, 6}, {1, 2}], [{8, 4}, {3, 7}, {5, 6}, {2}, {1}], [{8, 4}, {3, 7}, {6}, {1, 5}, {2}], [{8, 4}, {3, 7}, {6}, {2, 5}, {1}], [{8, 4}, {3, 7}, {6}, {5}, {1, 2}], [{8, 4}, {5, 7}, {1, 6}, {2, 3}], [{8, 4}, {5, 7}, {1, 6}, {3}, {2}], [{8, 4}, {5, 7}, {2, 6}, {1, 3}], [{8, 4}, {5, 7}, {3, 6}, {1, 2}], [{8, 4}, {6, 7}, {1, 5}, {2, 3}], [{8, 4}, {6, 7}, {1, 5}, {3}, {2}], [{8, 4}, {6, 7}, {2, 5}, {1, 3}], [{8, 4}, {6, 7}, {3, 5}, {1, 2}], [{8, 4}, {7}, {1, 6}, {2, 5}, {3}], [{8, 4}, {7}, {1, 6}, {3, 5}, {2}], [{8, 4}, {7}, {1, 6}, {5}, {2, 3}], [{8, 4}, {7}, {1, 6}, {5}, {3}, {2}], [{8, 4}, {7}, {2, 6}, {1, 5}, {3}], [{8, 4}, {7}, {3, 6}, {1, 5}, {2}], [{8, 4}, {7}, {5, 6}, {1, 3}, {2}], [{8, 4}, {7}, {5, 6}, {2, 3}, {1}], [{8, 4}, {7}, {5, 6}, {3}, {1, 2}], [{8, 4}, {7}, {5, 6}, {3}, {2}, {1}], [{8, 4}, {7}, {6}, {1, 5}, {2, 3}], [{8, 4}, {7}, {6}, {1, 5}, {3}, {2}], [{8, 5}, {1, 7}, {2, 6}, {3, 4}], [{8, 5}, {1, 7}, {3, 6}, {2, 4}], [{8, 5}, {1, 7}, {4, 6}, {2, 3}], [{8, 5}, {2, 7}, {1, 6}, {3, 4}], [{8, 5}, {2, 7}, {3, 6}, {1, 4}], [{8, 5}, {2, 7}, {4, 6}, {1, 3}], [{8, 5}, {3, 7}, {1, 6}, {2, 4}], [{8, 5}, {3, 7}, {2, 6}, {1, 4}], [{8, 5}, {3, 7}, {4, 6}, {1, 2}], [{8, 5}, {3, 7}, {6}, {2, 4}, {1}], [{8, 5}, {4, 7}, {1, 6}, {2, 3}], [{8, 5}, {4, 7}, {2, 6}, {1, 3}], [{8, 5}, {4, 7}, {3, 6}, {1, 2}], [{8, 5}, {6, 7}, {1, 4}, {2, 3}], [{8, 5}, {6, 7}, {2, 4}, {1, 3}], [{8, 5}, {6, 7}, {3, 4}, {1, 2}], [{8, 5}, {7}, {1, 6}, {2, 4}, {3}], [{8, 5}, {7}, {6}, {1, 4}, {2, 3}], [{8, 6}, {1, 7}, {2, 5}, {3, 4}], [{8, 6}, {1, 7}, {3, 5}, {2, 4}], [{8, 6}, {1, 7}, {3, 5}, {4}, {2}], [{8, 6}, {1, 7}, {4, 5}, {2, 3}], [{8, 6}, {1, 7}, {5}, {2, 4}, {3}], [{8, 6}, {2, 7}, {1, 5}, {3, 4}], [{8, 6}, {2, 7}, {1, 5}, {4}, {3}], [{8, 6}, {2, 7}, {3, 5}, {1, 4}], [{8, 6}, {2, 7}, {4, 5}, {1, 3}], [{8, 6}, {3, 7}, {1, 5}, {2, 4}], [{8, 6}, {3, 7}, {1, 5}, {4}, {2}], [{8, 6}, {3, 7}, {2, 5}, {1, 4}], [{8, 6}, {3, 7}, {4, 5}, {1, 2}], [{8, 6}, {4, 7}, {1, 5}, {2, 3}], [{8, 6}, {4, 7}, {2, 5}, {1, 3}], [{8, 6}, {4, 7}, {3, 5}, {1, 2}], [{8, 6}, {5, 7}, {1, 4}, {2, 3}], [{8, 6}, {5, 7}, {2, 4}, {1, 3}], [{8, 6}, {5, 7}, {3, 4}, {1, 2}], [{8, 6}, {7}, {1, 5}, {4}, {2, 3}], [{8, 6}, {7}, {4, 5}, {2, 3}, {1}], [{8, 6}, {7}, {5}, {1, 4}, {2, 3}], [{8, 7}, {1, 6}, {2, 5}, {3, 4}], [{8, 7}, {1, 6}, {2, 5}, {4}, {3}], [{8, 7}, {1, 6}, {3, 5}, {2, 4}], [{8, 7}, {1, 6}, {4, 5}, {2, 3}], [{8, 7}, {2, 6}, {1, 5}, {3, 4}], [{8, 7}, {2, 6}, {3, 5}, {1, 4}], [{8, 7}, {2, 6}, {4, 5}, {1, 3}], [{8, 7}, {2, 6}, {5}, {3, 4}, {1}], [{8, 7}, {3, 6}, {1, 5}, {2, 4}], [{8, 7}, {3, 6}, {2, 5}, {1, 4}], [{8, 7}, {3, 6}, {2, 5}, {4}, {1}], [{8, 7}, {3, 6}, {4, 5}, {1, 2}], [{8, 7}, {4, 6}, {1, 5}, {2, 3}], [{8, 7}, {4, 6}, {2, 5}, {1, 3}], [{8, 7}, {4, 6}, {3, 5}, {1, 2}], [{8, 7}, {4, 6}, {5}, {3}, {1, 2}], [{8, 7}, {5, 6}, {1, 4}, {2, 3}], [{8, 7}, {5, 6}, {2, 4}, {1, 3}], [{8, 7}, {5, 6}, {3, 4}, {1, 2}], [{8, 7}, {5, 6}, {4}, {3}, {1, 2}], [{8, 7}, {6}, {1, 5}, {3, 4}, {2}], [{8, 7}, {6}, {2, 5}, {4}, {1, 3}], [{8, 7}, {6}, {3, 5}, {2, 4}, {1}], [{8, 7}, {6}, {4, 5}, {3}, {1, 2}], [{8, 7}, {6}, {5}, {1, 4}, {2, 3}], [{8}, {1, 7}, {6}, {4, 5}, {2, 3}], [{8}, {2, 7}, {4, 6}, {1, 5}, {3}], [{8}, {3, 7}, {1, 6}, {2, 5}, {4}], [{8}, {3, 7}, {2, 6}, {1, 5}, {4}], [{8}, {3, 7}, {4, 6}, {1, 5}, {2}], [{8}, {3, 7}, {5, 6}, {4}, {1, 2}], [{8}, {3, 7}, {6}, {1, 5}, {2, 4}], [{8}, {3, 7}, {6}, {1, 5}, {4}, {2}], [{8}, {4, 7}, {1, 6}, {2, 5}, {3}], [{8}, {4, 7}, {2, 6}, {3, 5}, {1}], [{8}, {4, 7}, {5, 6}, {3}, {1, 2}], [{8}, {5, 7}, {6}, {1, 4}, {2, 3}], [{8}, {6, 7}, {1, 5}, {2, 4}, {3}], [{8}, {6, 7}, {5}, {1, 4}, {2, 3}], [{8}, {7}, {1, 6}, {2, 5}, {3, 4}], [{8}, {7}, {1, 6}, {2, 5}, {4}, {3}], [{8}, {7}, {3, 6}, {1, 5}, {2, 4}], [{8}, {7}, {4, 6}, {1, 5}, {2, 3}], [{8}, {7}, {5, 6}, {1, 4}, {2, 3}], [{8}, {7}, {5, 6}, {2, 4}, {1, 3}], [{8}, {7}, {5, 6}, {3, 4}, {1, 2}], [{8}, {7}, {5, 6}, {4}, {3}, {1, 2}]]",2,8 K_1^3 + 4 K_1^2 K_2 - 8 K_1^2 - 6 K_1 K_2 - 4 K_1 K_3 - 3 K_1 + 4 K_2 + K_3 + K_4 + 4,O1O2O3O4U5U4O6U7U2O8O7U8U1U6O5U3,O1O2O3U4U3O5O4U1O6O7U6U8U5U2O8U7,O1O2O3U4O5U2U6U5U7O4O7U3O8O6U1U8,c,{'O1O2O3O4U2O5U6U4U7O8O7U3U8O6U1U5'},1,"<a href=""/flatknot/8.704141"">8.704141</a>",t^9-64t^7-230t^6-112t^5+278t^4+312t^3+266t^2+71t-2,-t^3+2t^2-t,,
8.704142,O1O2O3O4U2O5U6U4U7O8O7U5U1O6U3U8,3,11z^2+56z+69,-2w^4z^2+13w^3z^2-6w^3z+62w^2z+69w,False,False,"[[ 0 -1 -2  1  1  1 -2  1  1],[ 1  0 -1  1  0  1 -1  1  1],[ 2  1  0  2  1  1  1  2  1],[-1 -1 -2  0  0  2 -3 -1  0],[-1  0 -1  0  0  1 -2 -1  0],[-1 -1 -1 -2 -1  0 -1 -1 -1],[ 2  1 -1  3  2  1  0  3  2],[-1 -1 -2  1  1  1 -3  0  1],[-1 -1 -1  0  0  1 -2 -1  0]]","[[ 0  1  1  1  1  1 -1 -2 -2],[-1  0  2  0  0 -1 -1 -2 -3],[-1 -2  0 -1 -1 -1 -1 -1 -1],[-1  0  1  0  0 -1  0 -1 -2],[-1  0  1  0  0 -1 -1 -1 -2],[-1  1  1  1  1  0 -1 -2 -3],[ 1  1  1  0  1  1  0 -1 -1],[ 2  2  1  1  1  2  1  0  1],[ 2  3  1  2  2  3  1 -1  0]]",True,"[-1,-1,-1,-1,-1,1,2,2,-2,0,0,1,1,2,3,1,1,1,1,1,1,0,1,0,1,2,1,1,1,2,1,2,3,1,1,-1]","[-2,-2,-1,1,1,1,1,1,-1,0,1,1,2,2,2,0,0,0,1,1,2,1,1,1,2,1,-1,-1,-1,-1,0,0,-2,0,-1,-1]",t^8+55t^6+120t^4+43t^2,"[-2,-2,-1,1,1,1,1,1,-1,0,1,1,2,2,2,0,0,0,1,1,2,1,1,1,2,1,-1,-1,-1,-1,0,0,-2,0,-1,-1]","[-1,-1,-1,-1,-1,1,2,2,-2,-1,-1,-1,1,2,2,-1,0,0,1,0,1,1,1,1,0,1,0,1,1,2,2,1,2,0,0,-1]","[-2,-2,-1,1,1,1,1,1,-1,1,1,2,2,3,3,1,1,1,1,2,2,1,0,1,1,1,-1,-1,-2,-1,0,0,-1,0,-1,-1]",c,"[[{8, 5}, {1, 7}, {3, 6}, {2, 4}]]",1,4 K_1^3 - 16 K_1^2 - 8 K_1 K_2 + K_1 + 8 K_2 + 3 K_3 + 9,O1O2O3O4U5U2O6U4U7O8O5U8U1U6O7U3,O1O2O3U4U3O5O6U1O7O4U6U8U7U2O8U5,O1O2O3U4O5U2U6U5U7O8O6U3O7O4U1U8,c,{'O1O2O3O4U2O5U6U4U7O8O7U5U1O6U3U8'},1,"<a href=""/flatknot/8.704142"">8.704142</a>",t^9-59t^7-186t^6-98t^5+162t^4+107t^3-62t^2-28t+8,2t^2-4t,,
8.704143,O1O2O3O4U2O5U6U4U7O8O7U5U1O6U8U3,4,3z^3+31z^2+107z+115,3w^4z^3+31w^3z^2+107w^2z+115w,False,False,"[[ 0 -1 -2  2  1  1 -2  1  0],[ 1  0 -1  2  0  1 -1  1  0],[ 2  1  0  2  1  1  1  2  0],[-2 -2 -2  0  0  1 -3 -1 -1],[-1  0 -1  0  0  1 -2 -1  0],[-1 -1 -1 -1 -1  0 -1 -1 -1],[ 2  1 -1  3  2  1  0  3  1],[-1 -1 -2  1  1  1 -3  0  0],[ 0  0  0  1  0  1 -1  0  0]]","[[ 0  2  1  1  1  0 -1 -2 -2],[-2  0  1  0 -1 -1 -2 -2 -3],[-1 -1  0 -1 -1 -1 -1 -1 -1],[-1  0  1  0 -1  0  0 -1 -2],[-1  1  1  1  0  0 -1 -2 -3],[ 0  1  1  0  0  0  0  0 -1],[ 1  2  1  0  1  0  0 -1 -1],[ 2  2  1  1  2  0  1  0  1],[ 2  3  1  2  3  1  1 -1  0]]",True,"[-2,-1,-1,-1,0,1,2,2,-1,0,1,1,2,2,3,1,1,1,1,1,1,1,0,0,1,2,0,1,2,3,0,0,1,1,1,-1]","[-2,-2,-1,0,1,1,1,2,-1,0,2,1,2,2,2,0,1,0,1,2,1,1,1,2,1,1,1,1,0,1,-1,-1,0,-1,1,2]",t^8+50t^6+139t^4+67t^2+1,"[-2,-2,-1,0,1,1,1,2,-1,0,2,1,2,2,2,0,1,0,1,2,1,1,1,2,1,1,1,1,0,1,-1,-1,0,-1,1,2]","[-2,-1,-1,-1,0,1,2,2,0,1,2,1,1,1,2,1,1,1,1,0,1,1,1,2,1,2,0,1,2,2,1,1,2,0,0,-1]","[-2,-2,-1,0,1,1,1,2,-1,1,1,1,2,3,3,1,0,1,1,2,2,0,1,0,1,2,1,0,0,1,-1,-1,-1,-1,0,1]",c,"[[{8, 1}, {2, 7}, {3, 6}, {4, 5}], [{8, 1}, {2, 7}, {4, 6}, {3, 5}], [{8, 1}, {2, 7}, {5, 6}, {3, 4}], [{8, 1}, {2, 7}, {6}, {3, 5}, {4}], [{8, 1}, {3, 7}, {2, 6}, {4, 5}], [{8, 1}, {3, 7}, {4, 6}, {2, 5}], [{8, 1}, {3, 7}, {5, 6}, {2, 4}], [{8, 1}, {4, 7}, {2, 6}, {3, 5}], [{8, 1}, {4, 7}, {3, 6}, {2, 5}], [{8, 1}, {4, 7}, {5, 6}, {2, 3}], [{8, 1}, {5, 7}, {2, 6}, {3, 4}], [{8, 1}, {5, 7}, {3, 6}, {2, 4}], [{8, 1}, {5, 7}, {4, 6}, {2, 3}], [{8, 1}, {5, 7}, {6}, {2, 4}, {3}], [{8, 1}, {6, 7}, {2, 5}, {3, 4}], [{8, 1}, {6, 7}, {3, 5}, {2, 4}], [{8, 1}, {6, 7}, {3, 5}, {4}, {2}], [{8, 1}, {6, 7}, {4, 5}, {2, 3}], [{8, 1}, {7}, {2, 6}, {3, 5}, {4}], [{8, 1}, {7}, {3, 6}, {2, 5}, {4}], [{8, 1}, {7}, {3, 6}, {4, 5}, {2}], [{8, 1}, {7}, {3, 6}, {5}, {2, 4}], [{8, 1}, {7}, {5, 6}, {4}, {2, 3}], [{8, 2}, {1, 7}, {3, 6}, {4, 5}], [{8, 2}, {1, 7}, {4, 6}, {3, 5}], [{8, 2}, {1, 7}, {5, 6}, {3, 4}], [{8, 2}, {3, 7}, {1, 6}, {4, 5}], [{8, 2}, {3, 7}, {1, 6}, {5}, {4}], [{8, 2}, {3, 7}, {4, 6}, {1, 5}], [{8, 2}, {3, 7}, {5, 6}, {1, 4}], [{8, 2}, {4, 7}, {1, 6}, {3, 5}], [{8, 2}, {4, 7}, {3, 6}, {1, 5}], [{8, 2}, {4, 7}, {5, 6}, {1, 3}], [{8, 2}, {5, 7}, {1, 6}, {3, 4}], [{8, 2}, {5, 7}, {1, 6}, {4}, {3}], [{8, 2}, {5, 7}, {3, 6}, {1, 4}], [{8, 2}, {5, 7}, {3, 6}, {4}, {1}], [{8, 2}, {5, 7}, {4, 6}, {1, 3}], [{8, 2}, {5, 7}, {6}, {4}, {1, 3}], [{8, 2}, {6, 7}, {1, 5}, {3, 4}], [{8, 2}, {6, 7}, {3, 5}, {1, 4}], [{8, 2}, {6, 7}, {4, 5}, {1, 3}], [{8, 2}, {6, 7}, {5}, {4}, {1, 3}], [{8, 2}, {7}, {1, 6}, {3, 5}, {4}], [{8, 2}, {7}, {3, 6}, {5}, {1, 4}], [{8, 2}, {7}, {5, 6}, {4}, {1, 3}], [{8, 3}, {1, 7}, {2, 6}, {4, 5}], [{8, 3}, {1, 7}, {4, 6}, {2, 5}], [{8, 3}, {1, 7}, {5, 6}, {2, 4}], [{8, 3}, {2, 7}, {1, 6}, {4, 5}], [{8, 3}, {2, 7}, {4, 6}, {1, 5}], [{8, 3}, {2, 7}, {5, 6}, {1, 4}], [{8, 3}, {4, 7}, {1, 6}, {2, 5}], [{8, 3}, {4, 7}, {2, 6}, {1, 5}], [{8, 3}, {4, 7}, {5, 6}, {1, 2}], [{8, 3}, {5, 7}, {1, 6}, {2, 4}], [{8, 3}, {5, 7}, {2, 6}, {1, 4}], [{8, 3}, {5, 7}, {4, 6}, {1, 2}], [{8, 3}, {5, 7}, {6}, {2, 4}, {1}], [{8, 3}, {6, 7}, {1, 5}, {2, 4}], [{8, 3}, {6, 7}, {1, 5}, {4}, {2}], [{8, 3}, {6, 7}, {2, 5}, {1, 4}], [{8, 3}, {6, 7}, {4, 5}, {1, 2}], [{8, 3}, {7}, {1, 6}, {5}, {2, 4}], [{8, 3}, {7}, {5, 6}, {4}, {1, 2}], [{8, 4}, {1, 7}, {2, 6}, {3, 5}], [{8, 4}, {1, 7}, {3, 6}, {2, 5}], [{8, 4}, {1, 7}, {5, 6}, {2, 3}], [{8, 4}, {2, 7}, {1, 6}, {3, 5}], [{8, 4}, {2, 7}, {3, 6}, {1, 5}], [{8, 4}, {2, 7}, {5, 6}, {1, 3}], [{8, 4}, {2, 7}, {6}, {3, 5}, {1}], [{8, 4}, {3, 7}, {1, 6}, {2, 5}], [{8, 4}, {3, 7}, {2, 6}, {1, 5}], [{8, 4}, {3, 7}, {2, 6}, {5}, {1}], [{8, 4}, {3, 7}, {5, 6}, {1, 2}], [{8, 4}, {5, 7}, {1, 6}, {2, 3}], [{8, 4}, {5, 7}, {1, 6}, {3}, {2}], [{8, 4}, {5, 7}, {2, 6}, {1, 3}], [{8, 4}, {5, 7}, {3, 6}, {1, 2}], [{8, 4}, {5, 7}, {3, 6}, {2}, {1}], [{8, 4}, {5, 7}, {6}, {1, 3}, {2}], [{8, 4}, {6, 7}, {1, 5}, {2, 3}], [{8, 4}, {6, 7}, {2, 5}, {1, 3}], [{8, 4}, {6, 7}, {3, 5}, {1, 2}], [{8, 4}, {6, 7}, {5}, {1, 3}, {2}], [{8, 4}, {7}, {5, 6}, {1, 3}, {2}], [{8, 5}, {1, 7}, {2, 6}, {3, 4}], [{8, 5}, {1, 7}, {3, 6}, {2, 4}], [{8, 5}, {1, 7}, {4, 6}, {2, 3}], [{8, 5}, {1, 7}, {4, 6}, {3}, {2}], [{8, 5}, {1, 7}, {6}, {4}, {2, 3}], [{8, 5}, {2, 7}, {1, 6}, {3, 4}], [{8, 5}, {2, 7}, {3, 6}, {1, 4}], [{8, 5}, {2, 7}, {4, 6}, {1, 3}], [{8, 5}, {2, 7}, {4, 6}, {3}, {1}], [{8, 5}, {2, 7}, {6}, {4}, {1, 3}], [{8, 5}, {3, 7}, {1, 6}, {2, 4}], [{8, 5}, {3, 7}, {2, 6}, {1, 4}], [{8, 5}, {3, 7}, {4, 6}, {1, 2}], [{8, 5}, {3, 7}, {4, 6}, {2}, {1}], [{8, 5}, {4, 7}, {1, 6}, {2, 3}], [{8, 5}, {4, 7}, {1, 6}, {3}, {2}], [{8, 5}, {4, 7}, {2, 6}, {1, 3}], [{8, 5}, {4, 7}, {2, 6}, {3}, {1}], [{8, 5}, {4, 7}, {3, 6}, {1, 2}], [{8, 5}, {4, 7}, {3, 6}, {2}, {1}], [{8, 5}, {4, 7}, {6}, {1, 3}, {2}], [{8, 5}, {4, 7}, {6}, {2, 3}, {1}], [{8, 5}, {4, 7}, {6}, {3}, {1, 2}], [{8, 5}, {4, 7}, {6}, {3}, {2}, {1}], [{8, 5}, {6, 7}, {1, 4}, {2, 3}], [{8, 5}, {6, 7}, {1, 4}, {3}, {2}], [{8, 5}, {6, 7}, {2, 4}, {1, 3}], [{8, 5}, {6, 7}, {2, 4}, {3}, {1}], [{8, 5}, {6, 7}, {3, 4}, {1, 2}], [{8, 5}, {6, 7}, {3, 4}, {2}, {1}], [{8, 5}, {6, 7}, {4}, {1, 3}, {2}], [{8, 5}, {6, 7}, {4}, {2, 3}, {1}], [{8, 5}, {6, 7}, {4}, {3}, {1, 2}], [{8, 5}, {6, 7}, {4}, {3}, {2}, {1}], [{8, 5}, {7}, {1, 6}, {4}, {2, 3}], [{8, 5}, {7}, {2, 6}, {4}, {1, 3}], [{8, 5}, {7}, {4, 6}, {1, 3}, {2}], [{8, 5}, {7}, {4, 6}, {2, 3}, {1}], [{8, 5}, {7}, {4, 6}, {3}, {1, 2}], [{8, 5}, {7}, {4, 6}, {3}, {2}, {1}], [{8, 5}, {7}, {6}, {1, 4}, {2, 3}], [{8, 5}, {7}, {6}, {2, 4}, {1, 3}], [{8, 6}, {1, 7}, {2, 5}, {3, 4}], [{8, 6}, {1, 7}, {3, 5}, {2, 4}], [{8, 6}, {1, 7}, {3, 5}, {4}, {2}], [{8, 6}, {1, 7}, {4, 5}, {2, 3}], [{8, 6}, {2, 7}, {1, 5}, {3, 4}], [{8, 6}, {2, 7}, {3, 5}, {1, 4}], [{8, 6}, {2, 7}, {4, 5}, {1, 3}], [{8, 6}, {3, 7}, {1, 5}, {2, 4}], [{8, 6}, {3, 7}, {2, 5}, {1, 4}], [{8, 6}, {3, 7}, {4, 5}, {1, 2}], [{8, 6}, {4, 7}, {1, 5}, {2, 3}], [{8, 6}, {4, 7}, {2, 5}, {1, 3}], [{8, 6}, {4, 7}, {3, 5}, {1, 2}], [{8, 6}, {5, 7}, {1, 4}, {2, 3}], [{8, 6}, {5, 7}, {2, 4}, {1, 3}], [{8, 6}, {5, 7}, {2, 4}, {3}, {1}], [{8, 6}, {5, 7}, {3, 4}, {1, 2}], [{8, 6}, {7}, {1, 5}, {4}, {2, 3}], [{8, 6}, {7}, {5}, {2, 4}, {1, 3}], [{8, 7}, {1, 6}, {2, 5}, {3, 4}], [{8, 7}, {1, 6}, {3, 5}, {2, 4}], [{8, 7}, {1, 6}, {4, 5}, {2, 3}], [{8, 7}, {1, 6}, {4, 5}, {3}, {2}], [{8, 7}, {2, 6}, {1, 5}, {3, 4}], [{8, 7}, {2, 6}, {3, 5}, {1, 4}], [{8, 7}, {2, 6}, {4, 5}, {1, 3}], [{8, 7}, {2, 6}, {5}, {3, 4}, {1}], [{8, 7}, {3, 6}, {1, 5}, {2, 4}], [{8, 7}, {3, 6}, {2, 5}, {1, 4}], [{8, 7}, {3, 6}, {4, 5}, {1, 2}], [{8, 7}, {3, 6}, {5}, {4}, {1, 2}], [{8, 7}, {4, 6}, {1, 5}, {2, 3}], [{8, 7}, {4, 6}, {2, 5}, {1, 3}], [{8, 7}, {4, 6}, {3, 5}, {1, 2}], [{8, 7}, {5, 6}, {1, 4}, {2, 3}], [{8, 7}, {5, 6}, {2, 4}, {1, 3}], [{8, 7}, {5, 6}, {3, 4}, {1, 2}], [{8, 7}, {5, 6}, {4}, {3}, {1, 2}], [{8, 7}, {6}, {3, 5}, {4}, {1, 2}], [{8, 7}, {6}, {5}, {2, 4}, {1, 3}], [{8}, {1, 7}, {2, 6}, {4, 5}, {3}], [{8}, {1, 7}, {5, 6}, {2, 4}, {3}], [{8}, {2, 7}, {3, 6}, {4, 5}, {1}], [{8}, {2, 7}, {4, 6}, {5}, {1, 3}], [{8}, {2, 7}, {5, 6}, {3, 4}, {1}], [{8}, {2, 7}, {6}, {3, 5}, {1, 4}], [{8}, {3, 7}, {5, 6}, {1, 4}, {2}], [{8}, {3, 7}, {5, 6}, {2, 4}, {1}], [{8}, {3, 7}, {5, 6}, {4}, {1, 2}], [{8}, {4, 7}, {2, 6}, {5}, {1, 3}], [{8}, {5, 7}, {1, 6}, {2, 4}, {3}], [{8}, {5, 7}, {2, 6}, {1, 4}, {3}], [{8}, {5, 7}, {3, 6}, {2, 4}, {1}], [{8}, {5, 7}, {6}, {2, 4}, {1, 3}], [{8}, {6, 7}, {2, 5}, {4}, {1, 3}], [{8}, {6, 7}, {4, 5}, {1, 3}, {2}], [{8}, {6, 7}, {5}, {2, 4}, {1, 3}], [{8}, {6, 7}, {5}, {4}, {1, 3}, {2}], [{8}, {7}, {1, 6}, {2, 5}, {3, 4}], [{8}, {7}, {5, 6}, {2, 4}, {1, 3}], [{8}, {7}, {6}, {5}, {2, 4}, {1, 3}]]",2,16 K_1^3 - 22 K_1^2 - 24 K_1 K_2 + 11 K_2 + 8 K_3 + 12,O1O2O3O4U2U5O6U4U7O8O5U8U1U6O7U3,O1O2O3U4U3O5O6U1O4O7U6U8U7U2O8U5,O1O2O3U4O5U2U6U5U7O6O8U3O7O4U1U8,c,{'O1O2O3O4U2O5U6U4U7O8O7U5U1O6U8U3'},1,"<a href=""/flatknot/8.704143"">8.704143</a>",t^9-52t^7-160t^6-48t^5+284t^4+220t^3-102t^2-117t-26,t^2-2t,,
8.704144,O1O2O3O4U2O5U6U4U7O8O7U5U3O6U1U8,4,3z^3+37z^2+109z+95,3w^4z^3+37w^3z^2+109w^2z+95w,False,False,"[[ 0 -1 -2  1  1  1 -2  1  1],[ 1  0 -2  2  1  2 -2  1  1],[ 2  2  0  2  1  1  0  2  1],[-1 -2 -2  0 -1  1 -3 -1  0],[-1 -1 -1  1  0  1 -2 -1  0],[-1 -2 -1 -1 -1  0 -1 -1 -1],[ 2  2  0  3  2  1  0  3  2],[-1 -1 -2  1  1  1 -3  0  1],[-1 -1 -1  0  0  1 -2 -1  0]]","[[ 0  1  1  1  1  1 -1 -2 -2],[-1  0  1  1  1  1 -1 -2 -3],[-1 -1  0  1  1  0 -1 -1 -2],[-1 -1 -1  0  1  0 -2 -2 -3],[-1 -1 -1 -1  0 -1 -2 -1 -1],[-1 -1  0  0  1  0 -1 -1 -2],[ 1  1  1  2  2  1  0 -2 -2],[ 2  2  1  2  1  1  2  0  0],[ 2  3  2  3  1  2  2  0  0]]",True,"[-1,-1,-1,-1,-1,1,2,2,-1,-1,-1,-1,1,2,3,-1,-1,0,1,1,2,-1,0,2,2,3,1,2,1,1,1,1,2,2,2,0]","[-2,-2,-1,1,1,1,1,1,0,-1,0,0,1,1,2,-1,1,1,2,2,2,0,1,1,1,0,1,0,1,-1,-1,-1,-1,0,-1,-1]",t^8+65t^6+125t^4+54t^2+4,"[-2,-2,-1,1,1,1,1,1,0,-1,0,0,1,1,2,-1,1,1,2,2,2,0,1,1,1,0,1,0,1,-1,-1,-1,-1,0,-1,-1]","[-1,-1,-1,-1,-1,1,2,2,-1,-1,-1,-1,0,2,2,-1,-1,0,0,0,1,-1,0,1,1,2,1,1,0,1,1,1,2,-1,-1,0]","[-2,-2,-1,1,1,1,1,1,0,2,1,1,1,2,2,2,1,2,2,3,3,2,1,1,1,2,-1,-1,-1,-1,0,-1,0,-1,1,1]",c,"[[{8, 1}, {2, 7}, {3, 6}, {4, 5}], [{8, 1}, {2, 7}, {4, 6}, {3, 5}], [{8, 1}, {2, 7}, {5, 6}, {3, 4}], [{8, 1}, {3, 7}, {2, 6}, {4, 5}], [{8, 1}, {3, 7}, {4, 6}, {2, 5}], [{8, 1}, {3, 7}, {5, 6}, {2, 4}], [{8, 1}, {3, 7}, {6}, {5}, {2, 4}], [{8, 1}, {4, 7}, {2, 6}, {3, 5}], [{8, 1}, {4, 7}, {3, 6}, {2, 5}], [{8, 1}, {4, 7}, {5, 6}, {2, 3}], [{8, 1}, {5, 7}, {2, 6}, {3, 4}], [{8, 1}, {5, 7}, {3, 6}, {2, 4}], [{8, 1}, {5, 7}, {3, 6}, {4}, {2}], [{8, 1}, {5, 7}, {4, 6}, {2, 3}], [{8, 1}, {5, 7}, {4, 6}, {3}, {2}], [{8, 1}, {5, 7}, {6}, {3, 4}, {2}], [{8, 1}, {6, 7}, {2, 5}, {3, 4}], [{8, 1}, {6, 7}, {3, 5}, {2, 4}], [{8, 1}, {6, 7}, {4, 5}, {2, 3}], [{8, 2}, {1, 7}, {3, 6}, {4, 5}], [{8, 2}, {1, 7}, {3, 6}, {5}, {4}], [{8, 2}, {1, 7}, {4, 6}, {3, 5}], [{8, 2}, {1, 7}, {5, 6}, {3, 4}], [{8, 2}, {1, 7}, {5, 6}, {4}, {3}], [{8, 2}, {1, 7}, {6}, {3, 5}, {4}], [{8, 2}, {3, 7}, {1, 6}, {4, 5}], [{8, 2}, {3, 7}, {4, 6}, {1, 5}], [{8, 2}, {3, 7}, {4, 6}, {5}, {1}], [{8, 2}, {3, 7}, {5, 6}, {1, 4}], [{8, 2}, {4, 7}, {1, 6}, {3, 5}], [{8, 2}, {4, 7}, {3, 6}, {1, 5}], [{8, 2}, {4, 7}, {5, 6}, {1, 3}], [{8, 2}, {5, 7}, {1, 6}, {3, 4}], [{8, 2}, {5, 7}, {3, 6}, {1, 4}], [{8, 2}, {5, 7}, {4, 6}, {1, 3}], [{8, 2}, {6, 7}, {1, 5}, {3, 4}], [{8, 2}, {6, 7}, {3, 5}, {1, 4}], [{8, 2}, {6, 7}, {4, 5}, {1, 3}], [{8, 2}, {6, 7}, {5}, {1, 4}, {3}], [{8, 3}, {1, 7}, {2, 6}, {4, 5}], [{8, 3}, {1, 7}, {4, 6}, {2, 5}], [{8, 3}, {1, 7}, {5, 6}, {2, 4}], [{8, 3}, {1, 7}, {5, 6}, {4}, {2}], [{8, 3}, {1, 7}, {6}, {5}, {2, 4}], [{8, 3}, {2, 7}, {1, 6}, {4, 5}], [{8, 3}, {2, 7}, {1, 6}, {5}, {4}], [{8, 3}, {2, 7}, {4, 6}, {1, 5}], [{8, 3}, {2, 7}, {5, 6}, {1, 4}], [{8, 3}, {4, 7}, {1, 6}, {2, 5}], [{8, 3}, {4, 7}, {1, 6}, {5}, {2}], [{8, 3}, {4, 7}, {2, 6}, {1, 5}], [{8, 3}, {4, 7}, {5, 6}, {1, 2}], [{8, 3}, {5, 7}, {1, 6}, {2, 4}], [{8, 3}, {5, 7}, {1, 6}, {4}, {2}], [{8, 3}, {5, 7}, {2, 6}, {1, 4}], [{8, 3}, {5, 7}, {4, 6}, {1, 2}], [{8, 3}, {5, 7}, {6}, {2, 4}, {1}], [{8, 3}, {6, 7}, {1, 5}, {2, 4}], [{8, 3}, {6, 7}, {1, 5}, {4}, {2}], [{8, 3}, {6, 7}, {2, 5}, {1, 4}], [{8, 3}, {6, 7}, {4, 5}, {1, 2}], [{8, 3}, {6, 7}, {5}, {2, 4}, {1}], [{8, 3}, {7}, {1, 6}, {2, 5}, {4}], [{8, 3}, {7}, {1, 6}, {4, 5}, {2}], [{8, 3}, {7}, {1, 6}, {5}, {2, 4}], [{8, 3}, {7}, {1, 6}, {5}, {4}, {2}], [{8, 3}, {7}, {2, 6}, {5}, {1, 4}], [{8, 3}, {7}, {4, 6}, {5}, {1, 2}], [{8, 3}, {7}, {5, 6}, {2, 4}, {1}], [{8, 3}, {7}, {6}, {1, 5}, {2, 4}], [{8, 3}, {7}, {6}, {5}, {2, 4}, {1}], [{8, 4}, {1, 7}, {2, 6}, {3, 5}], [{8, 4}, {1, 7}, {3, 6}, {2, 5}], [{8, 4}, {1, 7}, {3, 6}, {5}, {2}], [{8, 4}, {1, 7}, {5, 6}, {2, 3}], [{8, 4}, {1, 7}, {5, 6}, {3}, {2}], [{8, 4}, {1, 7}, {6}, {3, 5}, {2}], [{8, 4}, {2, 7}, {1, 6}, {3, 5}], [{8, 4}, {2, 7}, {3, 6}, {1, 5}], [{8, 4}, {2, 7}, {5, 6}, {1, 3}], [{8, 4}, {3, 7}, {1, 6}, {2, 5}], [{8, 4}, {3, 7}, {2, 6}, {1, 5}], [{8, 4}, {3, 7}, {5, 6}, {1, 2}], [{8, 4}, {5, 7}, {1, 6}, {2, 3}], [{8, 4}, {5, 7}, {2, 6}, {1, 3}], [{8, 4}, {5, 7}, {3, 6}, {1, 2}], [{8, 4}, {5, 7}, {6}, {1, 3}, {2}], [{8, 4}, {5, 7}, {6}, {2, 3}, {1}], [{8, 4}, {5, 7}, {6}, {3}, {1, 2}], [{8, 4}, {6, 7}, {1, 5}, {2, 3}], [{8, 4}, {6, 7}, {2, 5}, {1, 3}], [{8, 4}, {6, 7}, {3, 5}, {1, 2}], [{8, 4}, {6, 7}, {3, 5}, {2}, {1}], [{8, 4}, {7}, {1, 6}, {3, 5}, {2}], [{8, 5}, {1, 7}, {2, 6}, {3, 4}], [{8, 5}, {1, 7}, {3, 6}, {2, 4}], [{8, 5}, {1, 7}, {4, 6}, {2, 3}], [{8, 5}, {1, 7}, {6}, {2, 4}, {3}], [{8, 5}, {1, 7}, {6}, {3, 4}, {2}], [{8, 5}, {1, 7}, {6}, {4}, {2, 3}], [{8, 5}, {2, 7}, {1, 6}, {3, 4}], [{8, 5}, {2, 7}, {3, 6}, {1, 4}], [{8, 5}, {2, 7}, {4, 6}, {1, 3}], [{8, 5}, {3, 7}, {1, 6}, {2, 4}], [{8, 5}, {3, 7}, {2, 6}, {1, 4}], [{8, 5}, {3, 7}, {4, 6}, {1, 2}], [{8, 5}, {4, 7}, {1, 6}, {2, 3}], [{8, 5}, {4, 7}, {2, 6}, {1, 3}], [{8, 5}, {4, 7}, {3, 6}, {1, 2}], [{8, 5}, {4, 7}, {6}, {3}, {1, 2}], [{8, 5}, {6, 7}, {1, 4}, {2, 3}], [{8, 5}, {6, 7}, {2, 4}, {1, 3}], [{8, 5}, {6, 7}, {3, 4}, {1, 2}], [{8, 5}, {6, 7}, {3, 4}, {2}, {1}], [{8, 5}, {7}, {1, 6}, {3, 4}, {2}], [{8, 5}, {7}, {2, 6}, {1, 4}, {3}], [{8, 6}, {1, 7}, {2, 5}, {3, 4}], [{8, 6}, {1, 7}, {3, 5}, {2, 4}], [{8, 6}, {1, 7}, {4, 5}, {2, 3}], [{8, 6}, {1, 7}, {5}, {2, 4}, {3}], [{8, 6}, {1, 7}, {5}, {3, 4}, {2}], [{8, 6}, {1, 7}, {5}, {4}, {2, 3}], [{8, 6}, {2, 7}, {1, 5}, {3, 4}], [{8, 6}, {2, 7}, {3, 5}, {1, 4}], [{8, 6}, {2, 7}, {4, 5}, {1, 3}], [{8, 6}, {2, 7}, {5}, {1, 4}, {3}], [{8, 6}, {3, 7}, {1, 5}, {2, 4}], [{8, 6}, {3, 7}, {2, 5}, {1, 4}], [{8, 6}, {3, 7}, {4, 5}, {1, 2}], [{8, 6}, {4, 7}, {1, 5}, {2, 3}], [{8, 6}, {4, 7}, {1, 5}, {3}, {2}], [{8, 6}, {4, 7}, {2, 5}, {1, 3}], [{8, 6}, {4, 7}, {3, 5}, {1, 2}], [{8, 6}, {5, 7}, {1, 4}, {2, 3}], [{8, 6}, {5, 7}, {2, 4}, {1, 3}], [{8, 6}, {5, 7}, {3, 4}, {1, 2}], [{8, 7}, {1, 6}, {2, 5}, {3, 4}], [{8, 7}, {1, 6}, {3, 5}, {2, 4}], [{8, 7}, {1, 6}, {4, 5}, {2, 3}], [{8, 7}, {2, 6}, {1, 5}, {3, 4}], [{8, 7}, {2, 6}, {3, 5}, {1, 4}], [{8, 7}, {2, 6}, {4, 5}, {1, 3}], [{8, 7}, {2, 6}, {5}, {1, 4}, {3}], [{8, 7}, {2, 6}, {5}, {3, 4}, {1}], [{8, 7}, {2, 6}, {5}, {4}, {1, 3}], [{8, 7}, {3, 6}, {1, 5}, {2, 4}], [{8, 7}, {3, 6}, {2, 5}, {1, 4}], [{8, 7}, {3, 6}, {4, 5}, {1, 2}], [{8, 7}, {3, 6}, {4, 5}, {2}, {1}], [{8, 7}, {4, 6}, {1, 5}, {2, 3}], [{8, 7}, {4, 6}, {2, 5}, {1, 3}], [{8, 7}, {4, 6}, {3, 5}, {1, 2}], [{8, 7}, {4, 6}, {5}, {1, 3}, {2}], [{8, 7}, {5, 6}, {1, 4}, {2, 3}], [{8, 7}, {5, 6}, {2, 4}, {1, 3}], [{8, 7}, {5, 6}, {3, 4}, {1, 2}], [{8, 7}, {6}, {5}, {2, 4}, {1, 3}], [{8}, {1, 7}, {2, 6}, {4, 5}, {3}], [{8}, {1, 7}, {3, 6}, {5}, {2, 4}], [{8}, {1, 7}, {4, 6}, {2, 5}, {3}], [{8}, {1, 7}, {5, 6}, {2, 4}, {3}], [{8}, {1, 7}, {5, 6}, {3, 4}, {2}], [{8}, {1, 7}, {5, 6}, {4}, {2, 3}], [{8}, {1, 7}, {5, 6}, {4}, {3}, {2}], [{8}, {1, 7}, {6}, {3, 5}, {2, 4}], [{8}, {1, 7}, {6}, {5}, {2, 4}, {3}], [{8}, {2, 7}, {5, 6}, {4}, {1, 3}], [{8}, {3, 7}, {2, 6}, {5}, {1, 4}], [{8}, {3, 7}, {5, 6}, {4}, {1, 2}], [{8}, {4, 7}, {3, 6}, {2, 5}, {1}], [{8}, {5, 7}, {1, 6}, {2, 4}, {3}], [{8}, {5, 7}, {2, 6}, {1, 4}, {3}], [{8}, {6, 7}, {1, 5}, {2, 4}, {3}], [{8}, {7}, {2, 6}, {3, 5}, {1, 4}]]",2,24 K_1^3 + 8 K_1^2 K_2 - 12 K_1^2 - 24 K_1 K_2 - 8 K_1 K_3 - 6 K_1 + 6 K_2 + 6 K_3 + 2 K_4 + 5,O1O2O3O4U5U4O6U2U7O8O5U8U1U6O7U3,O1O2O3U4U3O5O6U1O7O4U7U8U6U2O8U5,O1O2O3U4O5U2U6U5U7O8O7U3O6O4U1U8,c,{'O1O2O3O4U2O5U6U4U7O8O7U5U3O6U1U8'},1,"<a href=""/flatknot/8.704144"">8.704144</a>",t^9-69t^7-248t^6-189t^5+176t^4+163t^3-44t^2-34t+10,2t^2-4t,,
8.704145,O1O2O3O4U2O5U6U4U7O8O7U5U8O6U1U3,4,15z^2+96z+133,15w^3z^2+96w^2z+133w,False,False,"[[ 0 -1 -2  2  1  1 -2  1  0],[ 1  0 -1  2  1  1 -1  2  0],[ 2  1  0  2  1  1  1  2  0],[-2 -2 -2  0  0  1 -4 -1  0],[-1 -1 -1  0  0  1 -2 -1  1],[-1 -1 -1 -1 -1  0 -2 -1  0],[ 2  1 -1  4  2  2  0  2  1],[-1 -2 -2  1  1  1 -2  0  0],[ 0  0  0  0 -1  0 -1  0  0]]","[[ 0  2  1  1  1  0 -1 -2 -2],[-2  0  1  0 -1  0 -2 -2 -4],[-1 -1  0 -1 -1  0 -1 -1 -2],[-1  0  1  0 -1  1 -1 -1 -2],[-1  1  1  1  0  0 -2 -2 -2],[ 0  0  0 -1  0  0  0  0 -1],[ 1  2  1  1  2  0  0 -1 -1],[ 2  2  1  1  2  0  1  0  1],[ 2  4  2  2  2  1  1 -1  0]]",True,"[-2,-1,-1,-1,0,1,2,2,-1,0,1,0,2,2,4,1,1,0,1,1,2,1,-1,1,1,2,0,2,2,2,0,0,1,1,1,-1]","[-2,-2,-1,0,1,1,1,2,-1,0,2,1,2,2,2,0,1,1,1,1,0,1,0,1,1,1,1,1,2,2,-1,-1,0,1,2,1]",t^8+58t^6+167t^4+54t^2+4,"[-2,-2,-1,0,1,1,1,2,-1,0,2,1,2,2,2,0,1,1,1,1,0,1,0,1,1,1,1,1,2,2,-1,-1,0,1,2,1]","[-2,-1,-1,-1,0,1,2,2,0,1,2,2,1,0,2,1,1,1,0,1,1,1,2,1,1,2,1,1,1,2,1,1,2,0,0,-1]","[-2,-2,-1,0,1,1,1,2,-1,1,1,2,2,2,4,1,0,1,1,2,2,0,1,1,2,2,-1,0,0,0,1,-1,0,-1,-1,1]",c,"[[{8, 3}, {5, 7}, {1, 6}, {2, 4}], [{8, 4}, {2, 7}, {1, 6}, {3, 5}], [{8, 7}, {1, 6}, {3, 5}, {2, 4}]]",1,8 K_1^3 + 4 K_1^2 K_2 - 20 K_1^2 - 20 K_1 K_2 - 6 K_1 K_3 + 4 K_1 - 2 K_2^2 + 11 K_2 + 8 K_3 + 3 K_4 + 11,O1O2O3O4U2U4O5U6U7O8O6U8U1U5O7U3,O1O2O3U4U3O5O4U1O6O7U6U8U7U2O8U5,O1O2O3U4O5U2U6U5U7O6O7U3O8O4U1U8,c,{'O1O2O3O4U2O5U6U4U7O8O7U5U8O6U1U3'},1,"<a href=""/flatknot/8.704145"">8.704145</a>",t^9-60t^7-196t^6-88t^5+286t^4+233t^3-66t^2-34t+16,t^2-2t,,
8.704146,O1O2O3O4U2O5U6U5U1O7O8U3U4O6U7U8,4,8z^3+50z^2+103z+71,8w^4z^3+50w^3z^2+103w^2z+71w,False,False,"[[ 0 -1 -2  0  2  1 -2  0  2],[ 1  0  0  2  3  0 -2  1  1],[ 2  0  0  1  2  0  0  2  2],[ 0 -2 -1  0  1  0 -2  1  2],[-2 -3 -2 -1  0  0 -3  0  1],[-1  0  0  0  0  0 -1 -1 -1],[ 2  2  0  2  3  1  0  0  1],[ 0 -1 -2 -1  0  1  0  0  1],[-2 -1 -2 -2 -1  1 -1 -1  0]]","[[ 0  2  2  1  0  0 -1 -2 -2],[-2  0  1  0  0 -1 -3 -2 -3],[-2 -1  0  1 -1 -2 -1 -2 -1],[-1  0 -1  0 -1  0  0  0 -1],[ 0  0  1  1  0 -1 -1 -2  0],[ 0  1  2  0  1  0 -2 -1 -2],[ 1  3  1  0  1  2  0  0 -2],[ 2  2  2  0  2  1  0  0  0],[ 2  3  1  1  0  2  2  0  0]]",True,"[-2,-2,-1,0,0,1,2,2,-1,0,0,1,3,2,3,-1,1,2,1,2,1,1,0,0,0,1,1,1,2,0,2,1,2,0,2,0]","[-2,-2,-1,0,0,1,2,2,-1,0,0,1,3,2,3,-1,1,2,1,2,1,1,0,0,0,1,1,1,2,0,2,1,2,0,2,0]",t^8+57t^6+418t^4+107t^2+1,"[-2,-2,-1,0,0,1,2,2,0,-1,0,2,2,1,3,1,1,0,3,2,2,-1,0,2,0,2,-1,1,1,0,0,2,1,1,2,-1]","[-2,-2,-1,0,0,1,2,2,-1,2,0,1,2,2,3,1,1,2,0,2,1,1,0,2,3,2,1,-1,1,0,0,0,2,1,-1,0]","[-2,-2,-1,0,0,1,2,2,0,0,1,2,0,2,2,2,2,0,1,1,3,2,1,0,1,3,1,0,2,1,1,1,0,-1,0,-1]",c,"[[{8, 2}, {3, 7}, {4, 6}, {1, 5}]]",1,- 16 K_1^4 + 12 K_1^3 + 28 K_1^2 K_2 - 10 K_1^2 - 12 K_1 K_2 - 10 K_1 K_3 - 3 K_1 - 2 K_2^2 + 4 K_2 + 3 K_3 + K_4 + 6,O1O2O3O4U5U6O7U1U2O5O6U4U8U7O8U3,O1O2O3U4U5O6O7U1O4O5U3U8U6U7O8U2,O1O2O3U2O4U5U6U4U1O7O8U3O5O6U7U8,c,{'O1O2O3O4U2O5U6U5U1O7O8U3U4O6U7U8'},1,"<a href=""/flatknot/8.704146"">8.704146</a>",t^9-57t^7-154t^6+146t^5+676t^4+774t^3+848t^2+8t-160,0,,
8.704147,O1O2O3O4U2O5U6U5U1O7O8U3U7O6U4U8,4,20z^2+89z+99,20w^3z^2+89w^2z+99w,False,False,"[[ 0 -1 -2  0  2  1 -2  0  2],[ 1  0  0  2  2  0 -1  1  1],[ 2  0  0  1  2  0  1  1  2],[ 0 -2 -1  0  1  0 -2  1  2],[-2 -2 -2 -1  0  1 -3  0  1],[-1  0  0  0 -1  0 -1  0 -1],[ 2  1 -1  2  3  1  0  0  1],[ 0 -1 -1 -1  0  0  0  0  1],[-2 -1 -2 -2 -1  1 -1 -1  0]]","[[ 0  2  2  1  0  0 -1 -2 -2],[-2  0  1  1  0 -1 -2 -2 -3],[-2 -1  0  1 -1 -2 -1 -2 -1],[-1 -1 -1  0  0  0  0  0 -1],[ 0  0  1  0  0 -1 -1 -1  0],[ 0  1  2  0  1  0 -2 -1 -2],[ 1  2  1  0  1  2  0  0 -1],[ 2  2  2  0  1  1  0  0  1],[ 2  3  1  1  0  2  1 -1  0]]",True,"[-2,-2,-1,0,0,1,2,2,-1,-1,0,1,2,2,3,-1,1,2,1,2,1,0,0,0,0,1,1,1,1,0,2,1,2,0,1,-1]","[-2,-2,-1,0,0,1,2,2,-1,-1,0,1,2,2,3,-1,1,2,1,2,1,0,0,0,0,1,1,1,1,0,2,1,2,0,1,-1]",t^8+47t^6+277t^4+32t^2,"[-2,-2,-1,0,0,1,2,2,-1,1,1,1,3,2,2,0,0,2,2,1,3,-1,0,2,1,2,-1,1,1,0,1,2,1,2,2,-1]","[-2,-2,-1,0,0,1,2,2,-1,2,0,1,2,2,3,2,1,2,1,2,1,1,1,2,3,2,1,-1,1,0,0,1,2,1,0,1]","[-2,-2,-1,0,0,1,2,2,-1,1,0,2,1,1,3,0,1,1,0,2,2,1,2,0,1,2,-1,0,1,0,0,2,1,-1,-1,-1]",c,"[[{8, 3}, {4, 7}, {1, 6}, {2, 5}], [{8, 3}, {4, 7}, {5, 6}, {1, 2}]]",1,- 12 K_1^2 - 4 K_1 K_2 + 2 K_1 + 6 K_2 + 2 K_3 + 7,O1O2O3O4U5U1O6U7U2O5O7U4U8U6O8U3,O1O2O3U4U5O6O4U1O7O5U3U8U6U7O8U2,O1O2O3U2O4U5U6U4U1O7O5U3O8O6U7U8,c,{'O1O2O3O4U2O5U6U5U1O7O8U3U7O6U4U8'},1,"<a href=""/flatknot/8.704147"">8.704147</a>",t^9-47t^7-134t^6-19t^5+146t^4+4t^3-26t^2+164t+108,0,,
8.704148,O1O2O3O4U2O5U6U5U1O7O8U3U7O6U8U4,4,2z^3+28z^2+91z+87,2w^4z^3+28w^3z^2+91w^2z+87w,False,False,"[[ 0 -1 -2  0  3  1 -2  0  1],[ 1  0  0  2  2  0 -1  1  0],[ 2  0  0  1  2  0  1  1  1],[ 0 -2 -1  0  2  0 -2  1  1],[-3 -2 -2 -2  0  1 -3 -1  0],[-1  0  0  0 -1  0 -1  0 -1],[ 2  1 -1  2  3  1  0  0  0],[ 0 -1 -1 -1  1  0  0  0  1],[-1  0 -1 -1  0  1  0 -1  0]]","[[ 0  3  1  1  0  0 -1 -2 -2],[-3  0  1  0 -1 -2 -2 -2 -3],[-1 -1  0 -1  0  0  0  0 -1],[-1  0  1  0 -1 -1  0 -1  0],[ 0  1  0  1  0 -1 -1 -1  0],[ 0  2  0  1  1  0 -2 -1 -2],[ 1  2  0  0  1  2  0  0 -1],[ 2  2  0  1  1  1  0  0  1],[ 2  3  1  0  0  2  1 -1  0]]",True,"[-3,-1,-1,0,0,1,2,2,-1,0,1,2,2,2,3,1,0,0,0,0,1,1,1,0,1,0,1,1,1,0,2,1,2,0,1,-1]","[-3,-1,-1,0,0,1,2,2,-1,0,1,2,2,2,3,1,0,0,0,0,1,1,1,0,1,0,1,1,1,0,2,1,2,0,1,-1]",t^8+42t^6+261t^4+32t^2,"[-2,-2,-1,0,0,1,1,3,-1,1,1,1,2,3,3,0,0,2,3,2,2,-1,0,2,2,2,-1,0,1,1,0,1,2,-1,2,3]","[-3,-1,-1,0,0,1,2,2,2,3,1,2,2,2,3,1,0,0,2,3,2,1,1,2,2,3,1,-1,0,1,0,2,1,0,1,-1]","[-2,-2,-1,0,0,1,1,3,-1,1,0,2,0,1,3,0,1,1,1,0,2,1,2,0,0,2,-1,1,0,1,1,0,2,1,0,-1]",c,"[[{8, 3}, {1, 7}, {4, 6}, {2, 5}], [{8, 3}, {1, 7}, {5, 6}, {2, 4}]]",1,4 K_1^3 - 16 K_1^2 - 6 K_1 K_2 + 8 K_2 + 2 K_3 + 9,O1O2O3O4U1U5O6U7U2O5O7U4U8U6O8U3,O1O2O3U4U5O6O4U1O5O7U3U8U6U7O8U2,O1O2O3U2O4U5U6U4U1O5O7U3O8O6U7U8,c,{'O1O2O3O4U2O5U6U5U1O7O8U3U7O6U8U4'},1,"<a href=""/flatknot/8.704148"">8.704148</a>",t^9-40t^7-118t^6-17t^5+206t^4+31t^3-152t^2+132t+222,-t^3+2t^2-t,,
8.704149,O1O2O3O4U2O5U6U5U1O7O8U3U8O6U7U4,4,22z^2+107z+127,22w^3z^2+107w^2z+127w,False,False,"[[ 0 -1 -2  0  3  1 -2  0  1],[ 1  0  0  2  2  0 -1  0  1],[ 2  0  0  1  2  0  1  1  1],[ 0 -2 -1  0  2  0 -2  1  1],[-3 -2 -2 -2  0  1 -3 -1  0],[-1  0  0  0 -1  0 -1 -1  0],[ 2  1 -1  2  3  1  0  0  1],[ 0  0 -1 -1  1  1  0  0  0],[-1 -1 -1 -1  0  0 -1  0  0]]","[[ 0  3  1  1  0  0 -1 -2 -2],[-3  0  1  0 -1 -2 -2 -2 -3],[-1 -1  0  0 -1  0  0  0 -1],[-1  0  0  0  0 -1 -1 -1 -1],[ 0  1  1  0  0 -1  0 -1  0],[ 0  2  0  1  1  0 -2 -1 -2],[ 1  2  0  1  0  2  0  0 -1],[ 2  2  0  1  1  1  0  0  1],[ 2  3  1  1  0  2  1 -1  0]]",True,"[-3,-1,-1,0,0,1,2,2,-1,0,1,2,2,2,3,0,1,0,0,0,1,0,1,1,1,1,1,0,1,0,2,1,2,0,1,-1]","[-3,-1,-1,0,0,1,2,2,-1,0,1,2,2,2,3,0,1,0,0,0,1,0,1,1,1,1,1,0,1,0,2,1,2,0,1,-1]",t^8+42t^6+213t^4+43t^2+1,"[-2,-2,-1,0,0,1,1,3,-1,1,1,1,2,3,3,0,0,2,2,2,2,-1,1,1,2,2,-1,0,1,1,1,0,2,0,2,3]","[-3,-1,-1,0,0,1,2,2,2,3,1,2,2,2,3,0,0,1,1,2,2,1,0,2,2,3,1,-1,0,1,1,2,1,0,1,-1]","[-2,-2,-1,0,0,1,1,3,-1,1,0,2,1,1,3,0,1,1,0,1,2,0,2,0,1,2,-1,1,0,1,0,1,2,0,-1,0]",c,"[[{8, 1}, {2, 7}, {3, 6}, {4, 5}], [{8, 1}, {7}, {3, 6}, {4, 5}, {2}]]",1,12 K_1^3 + 4 K_1^2 K_2 - 20 K_1^2 - 30 K_1 K_2 - 4 K_1 K_3 + 6 K_1 - 4 K_2^2 + 10 K_2 + 12 K_3 + 3 K_4 + 12,O1O2O3O4U1U5O6U7U2O7O5U4U8U6O8U3,O1O2O3U4U5O6O5U1O4O7U3U8U6U7O8U2,O1O2O3U2O4U5U6U4U1O5O7U3O8O6U8U7,c,{'O1O2O3O4U2O5U6U5U1O7O8U3U8O6U7U4'},1,"<a href=""/flatknot/8.704149"">8.704149</a>",t^9-40t^7-122t^6-47t^5+180t^4+108t^3-124t^2-20t+8,-t^3+2t^2-t,,
8.704150,O1O2O3O4U2O5U6U5U1O7O8U4U3O6U7U8,4,6z^3+43z^2+94z+65,6w^4z^3+43w^3z^2+94w^2z+65w,False,False,"[[ 0 -1 -2  1  1  1 -2  0  2],[ 1  0  0  3  2  0 -2  1  1],[ 2  0  0  2  1  0  0  2  2],[-1 -3 -2  0  0  0 -3  1  2],[-1 -2 -1  0  0  0 -2  0  1],[-1  0  0  0  0  0 -1 -1 -1],[ 2  2  0  3  2  1  0  0  1],[ 0 -1 -2 -1  0  1  0  0  1],[-2 -1 -2 -2 -1  1 -1 -1  0]]","[[ 0  2  1  1  1  0 -1 -2 -2],[-2  0  1 -1 -2 -1 -1 -1 -2],[-1 -1  0  0  0 -1  0 -1  0],[-1  1  0  0  0  0 -2 -2 -1],[-1  2  0  0  0  1 -3 -3 -2],[ 0  1  1  0 -1  0 -1  0 -2],[ 1  1  0  2  3  1  0 -2  0],[ 2  1  1  2  3  0  2  0  0],[ 2  2  0  1  2  2  0  0  0]]",True,"[-2,-1,-1,-1,0,1,2,2,-1,1,2,1,1,1,2,0,0,1,0,1,0,0,0,2,2,1,-1,3,3,2,1,0,2,2,0,0]","[-2,-2,-1,0,1,1,1,2,0,-1,2,0,1,2,3,1,0,1,2,3,2,0,-1,0,2,2,2,1,0,1,0,0,-1,0,0,2]",t^8+56t^6+393t^4+110t^2+1,"[-2,-2,-1,0,1,1,1,2,0,-1,2,0,1,2,3,1,0,1,2,3,2,0,-1,0,2,2,2,1,0,1,0,0,-1,0,0,2]","[-2,-1,-1,-1,0,1,2,2,-1,0,2,1,2,2,3,0,0,2,-1,1,0,0,1,0,2,1,0,2,3,2,0,0,2,1,-1,0]","[-2,-2,-1,0,1,1,1,2,0,0,2,0,1,2,2,2,0,1,2,3,1,1,0,2,3,1,1,0,-1,1,0,0,-1,0,1,2]",c,"[[{8, 1}, {2, 7}, {3, 6}, {4, 5}], [{8, 1}, {2, 7}, {4, 6}, {3, 5}], [{8, 1}, {2, 7}, {5, 6}, {3, 4}], [{8, 1}, {2, 7}, {6}, {3, 5}, {4}], [{8, 1}, {3, 7}, {2, 6}, {4, 5}], [{8, 1}, {3, 7}, {4, 6}, {2, 5}], [{8, 1}, {3, 7}, {5, 6}, {2, 4}], [{8, 1}, {4, 7}, {2, 6}, {3, 5}], [{8, 1}, {4, 7}, {3, 6}, {2, 5}], [{8, 1}, {4, 7}, {3, 6}, {5}, {2}], [{8, 1}, {4, 7}, {5, 6}, {2, 3}], [{8, 1}, {4, 7}, {6}, {2, 5}, {3}], [{8, 1}, {5, 7}, {2, 6}, {3, 4}], [{8, 1}, {5, 7}, {3, 6}, {2, 4}], [{8, 1}, {5, 7}, {4, 6}, {2, 3}], [{8, 1}, {6, 7}, {2, 5}, {3, 4}], [{8, 1}, {6, 7}, {3, 5}, {2, 4}], [{8, 1}, {6, 7}, {3, 5}, {4}, {2}], [{8, 1}, {6, 7}, {4, 5}, {2, 3}], [{8, 1}, {7}, {2, 6}, {3, 5}, {4}], [{8, 1}, {7}, {3, 6}, {2, 5}, {4}], [{8, 2}, {1, 7}, {3, 6}, {4, 5}], [{8, 2}, {1, 7}, {4, 6}, {3, 5}], [{8, 2}, {1, 7}, {5, 6}, {3, 4}], [{8, 2}, {1, 7}, {5, 6}, {4}, {3}], [{8, 2}, {3, 7}, {1, 6}, {4, 5}], [{8, 2}, {3, 7}, {4, 6}, {1, 5}], [{8, 2}, {3, 7}, {4, 6}, {5}, {1}], [{8, 2}, {3, 7}, {5, 6}, {1, 4}], [{8, 2}, {4, 7}, {1, 6}, {3, 5}], [{8, 2}, {4, 7}, {3, 6}, {1, 5}], [{8, 2}, {4, 7}, {3, 6}, {5}, {1}], [{8, 2}, {4, 7}, {5, 6}, {1, 3}], [{8, 2}, {5, 7}, {1, 6}, {3, 4}], [{8, 2}, {5, 7}, {3, 6}, {1, 4}], [{8, 2}, {5, 7}, {4, 6}, {1, 3}], [{8, 2}, {5, 7}, {4, 6}, {3}, {1}], [{8, 2}, {6, 7}, {1, 5}, {3, 4}], [{8, 2}, {6, 7}, {1, 5}, {4}, {3}], [{8, 2}, {6, 7}, {3, 5}, {1, 4}], [{8, 2}, {6, 7}, {4, 5}, {1, 3}], [{8, 2}, {7}, {4, 6}, {3, 5}, {1}], [{8, 3}, {1, 7}, {2, 6}, {4, 5}], [{8, 3}, {1, 7}, {4, 6}, {2, 5}], [{8, 3}, {1, 7}, {4, 6}, {5}, {2}], [{8, 3}, {1, 7}, {5, 6}, {2, 4}], [{8, 3}, {2, 7}, {1, 6}, {4, 5}], [{8, 3}, {2, 7}, {4, 6}, {1, 5}], [{8, 3}, {2, 7}, {5, 6}, {1, 4}], [{8, 3}, {2, 7}, {5, 6}, {4}, {1}], [{8, 3}, {4, 7}, {1, 6}, {2, 5}], [{8, 3}, {4, 7}, {2, 6}, {1, 5}], [{8, 3}, {4, 7}, {5, 6}, {1, 2}], [{8, 3}, {4, 7}, {6}, {2, 5}, {1}], [{8, 3}, {5, 7}, {1, 6}, {2, 4}], [{8, 3}, {5, 7}, {2, 6}, {1, 4}], [{8, 3}, {5, 7}, {4, 6}, {1, 2}], [{8, 3}, {5, 7}, {4, 6}, {2}, {1}], [{8, 3}, {6, 7}, {1, 5}, {2, 4}], [{8, 3}, {6, 7}, {2, 5}, {1, 4}], [{8, 3}, {6, 7}, {4, 5}, {1, 2}], [{8, 3}, {6, 7}, {5}, {1, 4}, {2}], [{8, 3}, {7}, {4, 6}, {1, 5}, {2}], [{8, 4}, {1, 7}, {2, 6}, {3, 5}], [{8, 4}, {1, 7}, {3, 6}, {2, 5}], [{8, 4}, {1, 7}, {3, 6}, {5}, {2}], [{8, 4}, {1, 7}, {5, 6}, {2, 3}], [{8, 4}, {1, 7}, {6}, {2, 5}, {3}], [{8, 4}, {2, 7}, {1, 6}, {3, 5}], [{8, 4}, {2, 7}, {3, 6}, {1, 5}], [{8, 4}, {2, 7}, {3, 6}, {5}, {1}], [{8, 4}, {2, 7}, {5, 6}, {1, 3}], [{8, 4}, {3, 7}, {1, 6}, {2, 5}], [{8, 4}, {3, 7}, {2, 6}, {1, 5}], [{8, 4}, {3, 7}, {5, 6}, {1, 2}], [{8, 4}, {3, 7}, {6}, {2, 5}, {1}], [{8, 4}, {5, 7}, {1, 6}, {2, 3}], [{8, 4}, {5, 7}, {2, 6}, {1, 3}], [{8, 4}, {5, 7}, {3, 6}, {1, 2}], [{8, 4}, {5, 7}, {3, 6}, {2}, {1}], [{8, 4}, {6, 7}, {1, 5}, {2, 3}], [{8, 4}, {6, 7}, {2, 5}, {1, 3}], [{8, 4}, {6, 7}, {2, 5}, {3}, {1}], [{8, 4}, {6, 7}, {3, 5}, {1, 2}], [{8, 4}, {7}, {1, 6}, {2, 5}, {3}], [{8, 4}, {7}, {2, 6}, {3, 5}, {1}], [{8, 4}, {7}, {3, 6}, {1, 5}, {2}], [{8, 4}, {7}, {3, 6}, {2, 5}, {1}], [{8, 4}, {7}, {3, 6}, {5}, {1, 2}], [{8, 4}, {7}, {3, 6}, {5}, {2}, {1}], [{8, 4}, {7}, {5, 6}, {2, 3}, {1}], [{8, 4}, {7}, {6}, {2, 5}, {1, 3}], [{8, 4}, {7}, {6}, {2, 5}, {3}, {1}], [{8, 5}, {1, 7}, {2, 6}, {3, 4}], [{8, 5}, {1, 7}, {3, 6}, {2, 4}], [{8, 5}, {1, 7}, {4, 6}, {2, 3}], [{8, 5}, {1, 7}, {6}, {2, 4}, {3}], [{8, 5}, {2, 7}, {1, 6}, {3, 4}], [{8, 5}, {2, 7}, {1, 6}, {4}, {3}], [{8, 5}, {2, 7}, {3, 6}, {1, 4}], [{8, 5}, {2, 7}, {4, 6}, {1, 3}], [{8, 5}, {2, 7}, {4, 6}, {3}, {1}], [{8, 5}, {2, 7}, {6}, {1, 4}, {3}], [{8, 5}, {3, 7}, {1, 6}, {2, 4}], [{8, 5}, {3, 7}, {2, 6}, {1, 4}], [{8, 5}, {3, 7}, {4, 6}, {1, 2}], [{8, 5}, {4, 7}, {1, 6}, {2, 3}], [{8, 5}, {4, 7}, {2, 6}, {1, 3}], [{8, 5}, {4, 7}, {3, 6}, {1, 2}], [{8, 5}, {4, 7}, {3, 6}, {2}, {1}], [{8, 5}, {6, 7}, {1, 4}, {2, 3}], [{8, 5}, {6, 7}, {2, 4}, {1, 3}], [{8, 5}, {6, 7}, {3, 4}, {1, 2}], [{8, 5}, {7}, {3, 6}, {4}, {1, 2}], [{8, 6}, {1, 7}, {2, 5}, {3, 4}], [{8, 6}, {1, 7}, {3, 5}, {2, 4}], [{8, 6}, {1, 7}, {4, 5}, {2, 3}], [{8, 6}, {1, 7}, {5}, {4}, {2, 3}], [{8, 6}, {2, 7}, {1, 5}, {3, 4}], [{8, 6}, {2, 7}, {3, 5}, {1, 4}], [{8, 6}, {2, 7}, {4, 5}, {1, 3}], [{8, 6}, {3, 7}, {1, 5}, {2, 4}], [{8, 6}, {3, 7}, {2, 5}, {1, 4}], [{8, 6}, {3, 7}, {4, 5}, {1, 2}], [{8, 6}, {4, 7}, {1, 5}, {2, 3}], [{8, 6}, {4, 7}, {2, 5}, {1, 3}], [{8, 6}, {4, 7}, {2, 5}, {3}, {1}], [{8, 6}, {4, 7}, {3, 5}, {1, 2}], [{8, 6}, {5, 7}, {1, 4}, {2, 3}], [{8, 6}, {5, 7}, {2, 4}, {1, 3}], [{8, 6}, {5, 7}, {3, 4}, {1, 2}], [{8, 6}, {7}, {2, 5}, {4}, {1, 3}], [{8, 6}, {7}, {4, 5}, {1, 3}, {2}], [{8, 6}, {7}, {5}, {2, 4}, {1, 3}], [{8, 7}, {1, 6}, {2, 5}, {3, 4}], [{8, 7}, {1, 6}, {2, 5}, {4}, {3}], [{8, 7}, {1, 6}, {3, 5}, {2, 4}], [{8, 7}, {1, 6}, {4, 5}, {2, 3}], [{8, 7}, {1, 6}, {4, 5}, {3}, {2}], [{8, 7}, {1, 6}, {5}, {2, 4}, {3}], [{8, 7}, {2, 6}, {1, 5}, {3, 4}], [{8, 7}, {2, 6}, {3, 5}, {1, 4}], [{8, 7}, {2, 6}, {3, 5}, {4}, {1}], [{8, 7}, {2, 6}, {4, 5}, {1, 3}], [{8, 7}, {3, 6}, {1, 5}, {2, 4}], [{8, 7}, {3, 6}, {1, 5}, {4}, {2}], [{8, 7}, {3, 6}, {2, 5}, {1, 4}], [{8, 7}, {3, 6}, {2, 5}, {4}, {1}], [{8, 7}, {3, 6}, {4, 5}, {1, 2}], [{8, 7}, {3, 6}, {4, 5}, {2}, {1}], [{8, 7}, {3, 6}, {5}, {1, 4}, {2}], [{8, 7}, {3, 6}, {5}, {2, 4}, {1}], [{8, 7}, {3, 6}, {5}, {4}, {1, 2}], [{8, 7}, {3, 6}, {5}, {4}, {2}, {1}], [{8, 7}, {4, 6}, {1, 5}, {2, 3}], [{8, 7}, {4, 6}, {1, 5}, {3}, {2}], [{8, 7}, {4, 6}, {2, 5}, {1, 3}], [{8, 7}, {4, 6}, {2, 5}, {3}, {1}], [{8, 7}, {4, 6}, {3, 5}, {1, 2}], [{8, 7}, {4, 6}, {5}, {3}, {1, 2}], [{8, 7}, {5, 6}, {1, 4}, {2, 3}], [{8, 7}, {5, 6}, {2, 4}, {1, 3}], [{8, 7}, {5, 6}, {3, 4}, {1, 2}], [{8, 7}, {5, 6}, {4}, {2, 3}, {1}], [{8, 7}, {6}, {1, 5}, {3, 4}, {2}], [{8, 7}, {6}, {2, 5}, {1, 4}, {3}], [{8, 7}, {6}, {2, 5}, {3, 4}, {1}], [{8, 7}, {6}, {2, 5}, {4}, {1, 3}], [{8, 7}, {6}, {2, 5}, {4}, {3}, {1}], [{8, 7}, {6}, {4, 5}, {1, 3}, {2}], [{8, 7}, {6}, {5}, {2, 4}, {1, 3}], [{8, 7}, {6}, {5}, {3, 4}, {1, 2}], [{8}, {1, 7}, {2, 6}, {3, 5}, {4}], [{8}, {1, 7}, {3, 6}, {2, 5}, {4}], [{8}, {3, 7}, {4, 6}, {1, 5}, {2}], [{8}, {4, 7}, {1, 6}, {2, 5}, {3}], [{8}, {4, 7}, {2, 6}, {3, 5}, {1}], [{8}, {4, 7}, {3, 6}, {1, 5}, {2}], [{8}, {4, 7}, {3, 6}, {2, 5}, {1}], [{8}, {4, 7}, {3, 6}, {5}, {1, 2}], [{8}, {4, 7}, {3, 6}, {5}, {2}, {1}], [{8}, {4, 7}, {5, 6}, {2, 3}, {1}], [{8}, {4, 7}, {6}, {2, 5}, {1, 3}], [{8}, {4, 7}, {6}, {2, 5}, {3}, {1}], [{8}, {5, 7}, {3, 6}, {4}, {1, 2}], [{8}, {5, 7}, {4, 6}, {2, 3}, {1}], [{8}, {6, 7}, {2, 5}, {4}, {1, 3}], [{8}, {6, 7}, {4, 5}, {1, 3}, {2}], [{8}, {6, 7}, {5}, {2, 4}, {1, 3}], [{8}, {7}, {2, 6}, {3, 5}, {1, 4}], [{8}, {7}, {3, 6}, {2, 5}, {1, 4}], [{8}, {7}, {3, 6}, {4, 5}, {1, 2}], [{8}, {7}, {4, 6}, {2, 5}, {1, 3}]]",2,- 8 K_1^4 + 4 K_1^3 + 16 K_1^2 K_2 - 8 K_1^2 - 4 K_1 K_2 - 6 K_1 K_3 - K_1 + 3 K_2 + K_3 + 4,O1O2O3O4U5U6O7U2U1O5O6U4U8U7O8U3,O1O2O3U4U5O6O7U1O4O5U3U8U7U6O8U2,O1O2O3U2O4U5U6U4U1O7O8U3O6O5U7U8,c,{'O1O2O3O4U2O5U6U5U1O7O8U4U3O6U7U8'},1,"<a href=""/flatknot/8.704150"">8.704150</a>",t^9-58t^7-132t^6+220t^5+474t^4+112t^3+796t^2+303t-60,t^2-2t,,
8.704151,O1O2O3O4U2O5U6U5U1O7O8U4U7O6U3U8,4,z^3+30z^2+112z+113,w^4z^3+30w^3z^2+112w^2z+113w,False,False,"[[ 0 -1 -2  1  1  1 -2  0  2],[ 1  0  0  2  2  0 -1  1  1],[ 2  0  0  2  1  0  1  1  2],[-1 -2 -2  0  0  1 -3  1  2],[-1 -2 -1  0  0  0 -3  1  1],[-1  0  0 -1  0  0 -1  0 -1],[ 2  1 -1  3  3  1  0  0  1],[ 0 -1 -1 -1 -1  0  0  0  1],[-2 -1 -2 -2 -1  1 -1 -1  0]]","[[ 0  2  1  1  1  0 -1 -2 -2],[-2  0  1 -1 -2 -1 -1 -1 -2],[-1 -1  0  0 -1  0  0 -1  0],[-1  1  0  0  0  1 -2 -3 -1],[-1  2  1  0  0  1 -2 -3 -2],[ 0  1  0 -1 -1  0 -1  0 -1],[ 1  1  0  2  2  1  0 -1  0],[ 2  1  1  3  3  0  1  0 -1],[ 2  2  0  1  2  1  0  1  0]]",True,"[-2,-1,-1,-1,0,1,2,2,-1,1,2,1,1,1,2,0,1,0,0,1,0,0,-1,2,3,1,-1,2,3,2,1,0,1,1,0,1]","[-2,-2,-1,0,1,1,1,2,-1,1,0,1,3,3,1,0,1,0,1,2,2,1,0,2,2,1,0,-1,-1,1,0,-1,-1,0,1,2]",t^8+52t^6+331t^4+79t^2+1,"[-2,-2,-1,0,1,1,1,2,-1,1,1,1,2,3,2,0,2,0,0,2,3,0,0,0,2,2,2,2,1,1,0,-1,-1,0,0,2]","[-2,-1,-1,-1,0,1,2,2,-1,0,2,1,2,2,3,0,1,2,0,1,0,0,2,0,2,0,1,2,3,2,0,1,2,1,0,1]","[-2,-2,-1,0,1,1,1,2,-1,1,0,1,3,3,1,0,1,0,1,2,2,1,0,2,2,1,0,-1,-1,1,0,-1,-1,0,1,2]",c,"[[{8, 1}, {2, 7}, {3, 6}, {4, 5}], [{8, 1}, {2, 7}, {3, 6}, {5}, {4}], [{8, 1}, {2, 7}, {4, 6}, {3, 5}], [{8, 1}, {2, 7}, {5, 6}, {3, 4}], [{8, 1}, {3, 7}, {2, 6}, {4, 5}], [{8, 1}, {3, 7}, {4, 6}, {2, 5}], [{8, 1}, {3, 7}, {5, 6}, {2, 4}], [{8, 1}, {4, 7}, {2, 6}, {3, 5}], [{8, 1}, {4, 7}, {2, 6}, {5}, {3}], [{8, 1}, {4, 7}, {3, 6}, {2, 5}], [{8, 1}, {4, 7}, {5, 6}, {2, 3}], [{8, 1}, {5, 7}, {2, 6}, {3, 4}], [{8, 1}, {5, 7}, {3, 6}, {2, 4}], [{8, 1}, {5, 7}, {4, 6}, {2, 3}], [{8, 1}, {6, 7}, {2, 5}, {3, 4}], [{8, 1}, {6, 7}, {3, 5}, {2, 4}], [{8, 1}, {6, 7}, {4, 5}, {2, 3}], [{8, 1}, {6, 7}, {5}, {4}, {2, 3}], [{8, 1}, {7}, {5, 6}, {2, 4}, {3}], [{8, 2}, {1, 7}, {3, 6}, {4, 5}], [{8, 2}, {1, 7}, {4, 6}, {3, 5}], [{8, 2}, {1, 7}, {5, 6}, {3, 4}], [{8, 2}, {1, 7}, {6}, {3, 5}, {4}], [{8, 2}, {3, 7}, {1, 6}, {4, 5}], [{8, 2}, {3, 7}, {4, 6}, {1, 5}], [{8, 2}, {3, 7}, {5, 6}, {1, 4}], [{8, 2}, {3, 7}, {6}, {1, 5}, {4}], [{8, 2}, {4, 7}, {1, 6}, {3, 5}], [{8, 2}, {4, 7}, {3, 6}, {1, 5}], [{8, 2}, {4, 7}, {5, 6}, {1, 3}], [{8, 2}, {4, 7}, {6}, {1, 5}, {3}], [{8, 2}, {5, 7}, {1, 6}, {3, 4}], [{8, 2}, {5, 7}, {3, 6}, {1, 4}], [{8, 2}, {5, 7}, {4, 6}, {1, 3}], [{8, 2}, {5, 7}, {6}, {4}, {1, 3}], [{8, 2}, {6, 7}, {1, 5}, {3, 4}], [{8, 2}, {6, 7}, {1, 5}, {4}, {3}], [{8, 2}, {6, 7}, {3, 5}, {1, 4}], [{8, 2}, {6, 7}, {4, 5}, {1, 3}], [{8, 2}, {7}, {3, 6}, {1, 5}, {4}], [{8, 2}, {7}, {4, 6}, {1, 5}, {3}], [{8, 2}, {7}, {6}, {1, 5}, {3, 4}], [{8, 3}, {1, 7}, {2, 6}, {4, 5}], [{8, 3}, {1, 7}, {4, 6}, {2, 5}], [{8, 3}, {1, 7}, {4, 6}, {5}, {2}], [{8, 3}, {1, 7}, {5, 6}, {2, 4}], [{8, 3}, {2, 7}, {1, 6}, {4, 5}], [{8, 3}, {2, 7}, {4, 6}, {1, 5}], [{8, 3}, {2, 7}, {5, 6}, {1, 4}], [{8, 3}, {4, 7}, {1, 6}, {2, 5}], [{8, 3}, {4, 7}, {2, 6}, {1, 5}], [{8, 3}, {4, 7}, {5, 6}, {1, 2}], [{8, 3}, {5, 7}, {1, 6}, {2, 4}], [{8, 3}, {5, 7}, {2, 6}, {1, 4}], [{8, 3}, {5, 7}, {4, 6}, {1, 2}], [{8, 3}, {6, 7}, {1, 5}, {2, 4}], [{8, 3}, {6, 7}, {2, 5}, {1, 4}], [{8, 3}, {6, 7}, {4, 5}, {1, 2}], [{8, 3}, {7}, {4, 6}, {2, 5}, {1}], [{8, 4}, {1, 7}, {2, 6}, {3, 5}], [{8, 4}, {1, 7}, {2, 6}, {5}, {3}], [{8, 4}, {1, 7}, {3, 6}, {2, 5}], [{8, 4}, {1, 7}, {5, 6}, {2, 3}], [{8, 4}, {2, 7}, {1, 6}, {3, 5}], [{8, 4}, {2, 7}, {3, 6}, {1, 5}], [{8, 4}, {2, 7}, {5, 6}, {1, 3}], [{8, 4}, {2, 7}, {6}, {1, 5}, {3}], [{8, 4}, {3, 7}, {1, 6}, {2, 5}], [{8, 4}, {3, 7}, {2, 6}, {1, 5}], [{8, 4}, {3, 7}, {5, 6}, {1, 2}], [{8, 4}, {5, 7}, {1, 6}, {2, 3}], [{8, 4}, {5, 7}, {1, 6}, {3}, {2}], [{8, 4}, {5, 7}, {2, 6}, {1, 3}], [{8, 4}, {5, 7}, {3, 6}, {1, 2}], [{8, 4}, {6, 7}, {1, 5}, {2, 3}], [{8, 4}, {6, 7}, {2, 5}, {1, 3}], [{8, 4}, {6, 7}, {3, 5}, {1, 2}], [{8, 4}, {6, 7}, {5}, {1, 3}, {2}], [{8, 4}, {7}, {3, 6}, {2, 5}, {1}], [{8, 5}, {1, 7}, {2, 6}, {3, 4}], [{8, 5}, {1, 7}, {3, 6}, {2, 4}], [{8, 5}, {1, 7}, {4, 6}, {2, 3}], [{8, 5}, {2, 7}, {1, 6}, {3, 4}], [{8, 5}, {2, 7}, {3, 6}, {1, 4}], [{8, 5}, {2, 7}, {4, 6}, {1, 3}], [{8, 5}, {3, 7}, {1, 6}, {2, 4}], [{8, 5}, {3, 7}, {2, 6}, {1, 4}], [{8, 5}, {3, 7}, {4, 6}, {1, 2}], [{8, 5}, {4, 7}, {1, 6}, {2, 3}], [{8, 5}, {4, 7}, {2, 6}, {1, 3}], [{8, 5}, {4, 7}, {3, 6}, {1, 2}], [{8, 5}, {6, 7}, {1, 4}, {2, 3}], [{8, 5}, {6, 7}, {2, 4}, {1, 3}], [{8, 5}, {6, 7}, {3, 4}, {1, 2}], [{8, 5}, {7}, {6}, {2, 4}, {1, 3}], [{8, 6}, {1, 7}, {2, 5}, {3, 4}], [{8, 6}, {1, 7}, {3, 5}, {2, 4}], [{8, 6}, {1, 7}, {4, 5}, {2, 3}], [{8, 6}, {1, 7}, {5}, {4}, {2, 3}], [{8, 6}, {2, 7}, {1, 5}, {3, 4}], [{8, 6}, {2, 7}, {3, 5}, {1, 4}], [{8, 6}, {2, 7}, {4, 5}, {1, 3}], [{8, 6}, {2, 7}, {5}, {4}, {1, 3}], [{8, 6}, {3, 7}, {1, 5}, {2, 4}], [{8, 6}, {3, 7}, {1, 5}, {4}, {2}], [{8, 6}, {3, 7}, {2, 5}, {1, 4}], [{8, 6}, {3, 7}, {2, 5}, {4}, {1}], [{8, 6}, {3, 7}, {4, 5}, {1, 2}], [{8, 6}, {3, 7}, {4, 5}, {2}, {1}], [{8, 6}, {3, 7}, {5}, {1, 4}, {2}], [{8, 6}, {3, 7}, {5}, {2, 4}, {1}], [{8, 6}, {3, 7}, {5}, {4}, {1, 2}], [{8, 6}, {3, 7}, {5}, {4}, {2}, {1}], [{8, 6}, {4, 7}, {1, 5}, {2, 3}], [{8, 6}, {4, 7}, {2, 5}, {1, 3}], [{8, 6}, {4, 7}, {3, 5}, {1, 2}], [{8, 6}, {5, 7}, {1, 4}, {2, 3}], [{8, 6}, {5, 7}, {2, 4}, {1, 3}], [{8, 6}, {5, 7}, {3, 4}, {1, 2}], [{8, 7}, {1, 6}, {2, 5}, {3, 4}], [{8, 7}, {1, 6}, {3, 5}, {2, 4}], [{8, 7}, {1, 6}, {4, 5}, {2, 3}], [{8, 7}, {2, 6}, {1, 5}, {3, 4}], [{8, 7}, {2, 6}, {3, 5}, {1, 4}], [{8, 7}, {2, 6}, {4, 5}, {1, 3}], [{8, 7}, {3, 6}, {1, 5}, {2, 4}], [{8, 7}, {3, 6}, {2, 5}, {1, 4}], [{8, 7}, {3, 6}, {2, 5}, {4}, {1}], [{8, 7}, {3, 6}, {4, 5}, {1, 2}], [{8, 7}, {3, 6}, {4, 5}, {2}, {1}], [{8, 7}, {3, 6}, {5}, {2, 4}, {1}], [{8, 7}, {4, 6}, {1, 5}, {2, 3}], [{8, 7}, {4, 6}, {2, 5}, {1, 3}], [{8, 7}, {4, 6}, {3, 5}, {1, 2}], [{8, 7}, {5, 6}, {1, 4}, {2, 3}], [{8, 7}, {5, 6}, {2, 4}, {1, 3}], [{8, 7}, {5, 6}, {2, 4}, {3}, {1}], [{8, 7}, {5, 6}, {3, 4}, {1, 2}], [{8, 7}, {5, 6}, {3, 4}, {2}, {1}], [{8, 7}, {5, 6}, {4}, {2, 3}, {1}], [{8, 7}, {6}, {3, 5}, {2, 4}, {1}], [{8}, {1, 7}, {5, 6}, {2, 4}, {3}], [{8}, {2, 7}, {6}, {3, 5}, {1, 4}], [{8}, {3, 7}, {2, 6}, {1, 5}, {4}], [{8}, {4, 7}, {3, 6}, {2, 5}, {1}], [{8}, {5, 7}, {4, 6}, {2, 3}, {1}], [{8}, {6, 7}, {3, 5}, {1, 4}, {2}], [{8}, {7}, {2, 6}, {3, 5}, {1, 4}]]",2,- 10 K_1^2 - 4 K_1 K_2 + 2 K_1 + 5 K_2 + 2 K_3 + 6,O1O2O3O4U5U2O6U7U1O5O7U4U8U6O8U3,O1O2O3U4U5O6O4U1O7O5U3U8U7U6O8U2,O1O2O3U2O4U5U6U4U1O7O6U3O8O5U7U8,c,{'O1O2O3O4U2O5U6U5U1O7O8U4U7O6U3U8'},1,"<a href=""/flatknot/8.704151"">8.704151</a>",t^9-54t^7-130t^6+72t^5+212t^4-90t^3-230t^2+36t+116,t^2-2t,,
8.704152,O1O2O3O4U2O5U6U5U1O7O8U4U7O6U8U3,3,17z^2+60z+53,-4w^4z^2+21w^3z^2-4w^3z+64w^2z+53w,False,False,"[[ 0 -1 -2  2  1  1 -2  0  1],[ 1  0  0  2  2  0 -1  1  0],[ 2  0  0  2  1  0  1  1  1],[-2 -2 -2  0 -1  1 -3  0  1],[-1 -2 -1  1  0  0 -3  1  1],[-1  0  0 -1  0  0 -1  0 -1],[ 2  1 -1  3  3  1  0  0  0],[ 0 -1 -1  0 -1  0  0  0  1],[-1  0 -1 -1 -1  1  0 -1  0]]","[[ 0  2  1  1  1  0 -1 -2 -2],[-2  0  1  1 -1  0 -2 -2 -3],[-1 -1  0  1 -1 -1  0 -1  0],[-1 -1 -1  0  0  0  0  0 -1],[-1  1  1  0  0  1 -2 -1 -3],[ 0  0  1  0 -1  0 -1 -1  0],[ 1  2  0  0  2  1  0  0 -1],[ 2  2  1  0  1  1  0  0  1],[ 2  3  0  1  3  0  1 -1  0]]",True,"[-2,-1,-1,-1,0,1,2,2,-1,-1,1,0,2,2,3,-1,1,1,0,1,0,0,0,0,0,1,-1,2,1,3,1,1,0,0,1,-1]","[-2,-2,-1,0,1,1,1,2,-1,1,0,0,1,3,3,0,1,1,0,1,2,1,0,0,2,2,1,0,-1,0,1,-1,-1,0,-1,1]",t^8+44t^6+258t^4+45t^2,"[-2,-2,-1,0,1,1,1,2,-1,1,1,2,2,3,2,0,2,0,3,2,1,0,0,2,2,1,2,0,1,2,-1,0,0,-1,2,2]","[-2,-1,-1,-1,0,1,2,2,0,2,2,2,1,1,2,0,1,2,0,0,2,-1,1,2,2,3,0,2,3,2,0,2,1,0,1,-1]","[-2,-2,-1,0,1,1,1,2,-1,1,0,0,1,3,3,0,1,1,0,1,2,1,0,0,2,2,1,0,-1,0,1,-1,-1,0,-1,1]",c,"[[{8, 1}, {2, 7}, {3, 6}, {4, 5}], [{8, 1}, {2, 7}, {3, 6}, {5}, {4}], [{8, 1}, {2, 7}, {4, 6}, {3, 5}], [{8, 1}, {2, 7}, {5, 6}, {3, 4}], [{8, 1}, {2, 7}, {6}, {4, 5}, {3}], [{8, 1}, {3, 7}, {2, 6}, {4, 5}], [{8, 1}, {3, 7}, {4, 6}, {2, 5}], [{8, 1}, {3, 7}, {5, 6}, {2, 4}], [{8, 1}, {3, 7}, {6}, {2, 5}, {4}], [{8, 1}, {4, 7}, {2, 6}, {3, 5}], [{8, 1}, {4, 7}, {2, 6}, {5}, {3}], [{8, 1}, {4, 7}, {3, 6}, {2, 5}], [{8, 1}, {4, 7}, {3, 6}, {5}, {2}], [{8, 1}, {4, 7}, {5, 6}, {2, 3}], [{8, 1}, {4, 7}, {5, 6}, {3}, {2}], [{8, 1}, {4, 7}, {6}, {2, 5}, {3}], [{8, 1}, {4, 7}, {6}, {3, 5}, {2}], [{8, 1}, {4, 7}, {6}, {5}, {2, 3}], [{8, 1}, {4, 7}, {6}, {5}, {3}, {2}], [{8, 1}, {5, 7}, {2, 6}, {3, 4}], [{8, 1}, {5, 7}, {3, 6}, {2, 4}], [{8, 1}, {5, 7}, {3, 6}, {4}, {2}], [{8, 1}, {5, 7}, {4, 6}, {2, 3}], [{8, 1}, {5, 7}, {6}, {2, 4}, {3}], [{8, 1}, {6, 7}, {2, 5}, {3, 4}], [{8, 1}, {6, 7}, {2, 5}, {4}, {3}], [{8, 1}, {6, 7}, {3, 5}, {2, 4}], [{8, 1}, {6, 7}, {4, 5}, {2, 3}], [{8, 1}, {7}, {3, 6}, {2, 5}, {4}], [{8, 1}, {7}, {3, 6}, {4, 5}, {2}], [{8, 1}, {7}, {3, 6}, {5}, {2, 4}], [{8, 1}, {7}, {4, 6}, {2, 5}, {3}], [{8, 1}, {7}, {6}, {2, 5}, {3, 4}], [{8, 1}, {7}, {6}, {2, 5}, {4}, {3}], [{8, 2}, {1, 7}, {3, 6}, {4, 5}], [{8, 2}, {1, 7}, {4, 6}, {3, 5}], [{8, 2}, {1, 7}, {5, 6}, {3, 4}], [{8, 2}, {1, 7}, {6}, {4, 5}, {3}], [{8, 2}, {3, 7}, {1, 6}, {4, 5}], [{8, 2}, {3, 7}, {4, 6}, {1, 5}], [{8, 2}, {3, 7}, {4, 6}, {5}, {1}], [{8, 2}, {3, 7}, {5, 6}, {1, 4}], [{8, 2}, {4, 7}, {1, 6}, {3, 5}], [{8, 2}, {4, 7}, {3, 6}, {1, 5}], [{8, 2}, {4, 7}, {5, 6}, {1, 3}], [{8, 2}, {4, 7}, {6}, {1, 5}, {3}], [{8, 2}, {5, 7}, {1, 6}, {3, 4}], [{8, 2}, {5, 7}, {3, 6}, {1, 4}], [{8, 2}, {5, 7}, {4, 6}, {1, 3}], [{8, 2}, {5, 7}, {4, 6}, {3}, {1}], [{8, 2}, {6, 7}, {1, 5}, {3, 4}], [{8, 2}, {6, 7}, {3, 5}, {1, 4}], [{8, 2}, {6, 7}, {4, 5}, {1, 3}], [{8, 2}, {6, 7}, {4, 5}, {3}, {1}], [{8, 2}, {7}, {1, 6}, {4, 5}, {3}], [{8, 2}, {7}, {3, 6}, {5}, {1, 4}], [{8, 2}, {7}, {4, 6}, {3, 5}, {1}], [{8, 3}, {1, 7}, {2, 6}, {4, 5}], [{8, 3}, {1, 7}, {4, 6}, {2, 5}], [{8, 3}, {1, 7}, {5, 6}, {2, 4}], [{8, 3}, {1, 7}, {6}, {2, 5}, {4}], [{8, 3}, {2, 7}, {1, 6}, {4, 5}], [{8, 3}, {2, 7}, {4, 6}, {1, 5}], [{8, 3}, {2, 7}, {4, 6}, {5}, {1}], [{8, 3}, {2, 7}, {5, 6}, {1, 4}], [{8, 3}, {4, 7}, {1, 6}, {2, 5}], [{8, 3}, {4, 7}, {2, 6}, {1, 5}], [{8, 3}, {4, 7}, {5, 6}, {1, 2}], [{8, 3}, {4, 7}, {6}, {2, 5}, {1}], [{8, 3}, {5, 7}, {1, 6}, {2, 4}], [{8, 3}, {5, 7}, {2, 6}, {1, 4}], [{8, 3}, {5, 7}, {4, 6}, {1, 2}], [{8, 3}, {5, 7}, {4, 6}, {2}, {1}], [{8, 3}, {6, 7}, {1, 5}, {2, 4}], [{8, 3}, {6, 7}, {2, 5}, {1, 4}], [{8, 3}, {6, 7}, {2, 5}, {4}, {1}], [{8, 3}, {6, 7}, {4, 5}, {1, 2}], [{8, 3}, {7}, {1, 6}, {2, 5}, {4}], [{8, 3}, {7}, {4, 6}, {2, 5}, {1}], [{8, 3}, {7}, {6}, {2, 5}, {1, 4}], [{8, 3}, {7}, {6}, {2, 5}, {4}, {1}], [{8, 4}, {1, 7}, {2, 6}, {3, 5}], [{8, 4}, {1, 7}, {2, 6}, {5}, {3}], [{8, 4}, {1, 7}, {3, 6}, {2, 5}], [{8, 4}, {1, 7}, {3, 6}, {5}, {2}], [{8, 4}, {1, 7}, {5, 6}, {2, 3}], [{8, 4}, {1, 7}, {5, 6}, {3}, {2}], [{8, 4}, {1, 7}, {6}, {2, 5}, {3}], [{8, 4}, {1, 7}, {6}, {3, 5}, {2}], [{8, 4}, {1, 7}, {6}, {5}, {2, 3}], [{8, 4}, {1, 7}, {6}, {5}, {3}, {2}], [{8, 4}, {2, 7}, {1, 6}, {3, 5}], [{8, 4}, {2, 7}, {1, 6}, {5}, {3}], [{8, 4}, {2, 7}, {3, 6}, {1, 5}], [{8, 4}, {2, 7}, {5, 6}, {1, 3}], [{8, 4}, {2, 7}, {5, 6}, {3}, {1}], [{8, 4}, {2, 7}, {6}, {1, 5}, {3}], [{8, 4}, {3, 7}, {1, 6}, {2, 5}], [{8, 4}, {3, 7}, {1, 6}, {5}, {2}], [{8, 4}, {3, 7}, {2, 6}, {1, 5}], [{8, 4}, {3, 7}, {5, 6}, {1, 2}], [{8, 4}, {3, 7}, {6}, {2, 5}, {1}], [{8, 4}, {5, 7}, {1, 6}, {2, 3}], [{8, 4}, {5, 7}, {1, 6}, {3}, {2}], [{8, 4}, {5, 7}, {2, 6}, {1, 3}], [{8, 4}, {5, 7}, {2, 6}, {3}, {1}], [{8, 4}, {5, 7}, {3, 6}, {1, 2}], [{8, 4}, {5, 7}, {6}, {3}, {1, 2}], [{8, 4}, {6, 7}, {1, 5}, {2, 3}], [{8, 4}, {6, 7}, {1, 5}, {3}, {2}], [{8, 4}, {6, 7}, {2, 5}, {1, 3}], [{8, 4}, {6, 7}, {2, 5}, {3}, {1}], [{8, 4}, {6, 7}, {3, 5}, {1, 2}], [{8, 4}, {6, 7}, {3, 5}, {2}, {1}], [{8, 4}, {6, 7}, {5}, {1, 3}, {2}], [{8, 4}, {6, 7}, {5}, {2, 3}, {1}], [{8, 4}, {6, 7}, {5}, {3}, {1, 2}], [{8, 4}, {6, 7}, {5}, {3}, {2}, {1}], [{8, 4}, {7}, {1, 6}, {2, 5}, {3}], [{8, 4}, {7}, {1, 6}, {3, 5}, {2}], [{8, 4}, {7}, {1, 6}, {5}, {2, 3}], [{8, 4}, {7}, {1, 6}, {5}, {3}, {2}], [{8, 4}, {7}, {2, 6}, {1, 5}, {3}], [{8, 4}, {7}, {3, 6}, {2, 5}, {1}], [{8, 4}, {7}, {5, 6}, {3}, {1, 2}], [{8, 4}, {7}, {6}, {2, 5}, {1, 3}], [{8, 4}, {7}, {6}, {2, 5}, {3}, {1}], [{8, 5}, {1, 7}, {2, 6}, {3, 4}], [{8, 5}, {1, 7}, {3, 6}, {2, 4}], [{8, 5}, {1, 7}, {4, 6}, {2, 3}], [{8, 5}, {1, 7}, {6}, {2, 4}, {3}], [{8, 5}, {2, 7}, {1, 6}, {3, 4}], [{8, 5}, {2, 7}, {3, 6}, {1, 4}], [{8, 5}, {2, 7}, {4, 6}, {1, 3}], [{8, 5}, {2, 7}, {4, 6}, {3}, {1}], [{8, 5}, {3, 7}, {1, 6}, {2, 4}], [{8, 5}, {3, 7}, {2, 6}, {1, 4}], [{8, 5}, {3, 7}, {4, 6}, {1, 2}], [{8, 5}, {3, 7}, {4, 6}, {2}, {1}], [{8, 5}, {4, 7}, {1, 6}, {2, 3}], [{8, 5}, {4, 7}, {2, 6}, {1, 3}], [{8, 5}, {4, 7}, {3, 6}, {1, 2}], [{8, 5}, {4, 7}, {6}, {3}, {1, 2}], [{8, 5}, {6, 7}, {1, 4}, {2, 3}], [{8, 5}, {6, 7}, {2, 4}, {1, 3}], [{8, 5}, {6, 7}, {2, 4}, {3}, {1}], [{8, 5}, {6, 7}, {3, 4}, {1, 2}], [{8, 5}, {7}, {1, 6}, {2, 4}, {3}], [{8, 5}, {7}, {3, 6}, {1, 4}, {2}], [{8, 5}, {7}, {4, 6}, {2, 3}, {1}], [{8, 6}, {1, 7}, {2, 5}, {3, 4}], [{8, 6}, {1, 7}, {2, 5}, {4}, {3}], [{8, 6}, {1, 7}, {3, 5}, {2, 4}], [{8, 6}, {1, 7}, {4, 5}, {2, 3}], [{8, 6}, {2, 7}, {1, 5}, {3, 4}], [{8, 6}, {2, 7}, {3, 5}, {1, 4}], [{8, 6}, {2, 7}, {4, 5}, {1, 3}], [{8, 6}, {2, 7}, {5}, {4}, {1, 3}], [{8, 6}, {3, 7}, {1, 5}, {2, 4}], [{8, 6}, {3, 7}, {2, 5}, {1, 4}], [{8, 6}, {3, 7}, {2, 5}, {4}, {1}], [{8, 6}, {3, 7}, {4, 5}, {1, 2}], [{8, 6}, {3, 7}, {4, 5}, {2}, {1}], [{8, 6}, {3, 7}, {5}, {2, 4}, {1}], [{8, 6}, {4, 7}, {1, 5}, {2, 3}], [{8, 6}, {4, 7}, {2, 5}, {1, 3}], [{8, 6}, {4, 7}, {2, 5}, {3}, {1}], [{8, 6}, {4, 7}, {3, 5}, {1, 2}], [{8, 6}, {5, 7}, {1, 4}, {2, 3}], [{8, 6}, {5, 7}, {2, 4}, {1, 3}], [{8, 6}, {5, 7}, {3, 4}, {1, 2}], [{8, 6}, {5, 7}, {4}, {1, 3}, {2}], [{8, 6}, {7}, {2, 5}, {1, 4}, {3}], [{8, 6}, {7}, {2, 5}, {3, 4}, {1}], [{8, 6}, {7}, {2, 5}, {4}, {1, 3}], [{8, 6}, {7}, {2, 5}, {4}, {3}, {1}], [{8, 7}, {1, 6}, {2, 5}, {3, 4}], [{8, 7}, {1, 6}, {2, 5}, {4}, {3}], [{8, 7}, {1, 6}, {3, 5}, {2, 4}], [{8, 7}, {1, 6}, {4, 5}, {2, 3}], [{8, 7}, {2, 6}, {1, 5}, {3, 4}], [{8, 7}, {2, 6}, {3, 5}, {1, 4}], [{8, 7}, {2, 6}, {4, 5}, {1, 3}], [{8, 7}, {2, 6}, {4, 5}, {3}, {1}], [{8, 7}, {3, 6}, {1, 5}, {2, 4}], [{8, 7}, {3, 6}, {2, 5}, {1, 4}], [{8, 7}, {3, 6}, {2, 5}, {4}, {1}], [{8, 7}, {3, 6}, {4, 5}, {1, 2}], [{8, 7}, {4, 6}, {1, 5}, {2, 3}], [{8, 7}, {4, 6}, {1, 5}, {3}, {2}], [{8, 7}, {4, 6}, {2, 5}, {1, 3}], [{8, 7}, {4, 6}, {2, 5}, {3}, {1}], [{8, 7}, {4, 6}, {3, 5}, {1, 2}], [{8, 7}, {4, 6}, {3, 5}, {2}, {1}], [{8, 7}, {4, 6}, {5}, {1, 3}, {2}], [{8, 7}, {4, 6}, {5}, {2, 3}, {1}], [{8, 7}, {4, 6}, {5}, {3}, {1, 2}], [{8, 7}, {4, 6}, {5}, {3}, {2}, {1}], [{8, 7}, {5, 6}, {1, 4}, {2, 3}], [{8, 7}, {5, 6}, {2, 4}, {1, 3}], [{8, 7}, {5, 6}, {2, 4}, {3}, {1}], [{8, 7}, {5, 6}, {3, 4}, {1, 2}], [{8, 7}, {6}, {2, 5}, {1, 4}, {3}], [{8, 7}, {6}, {2, 5}, {3, 4}, {1}], [{8, 7}, {6}, {2, 5}, {4}, {1, 3}], [{8, 7}, {6}, {2, 5}, {4}, {3}, {1}], [{8}, {1, 7}, {3, 6}, {2, 5}, {4}], [{8}, {1, 7}, {4, 6}, {2, 5}, {3}], [{8}, {1, 7}, {6}, {2, 5}, {3, 4}], [{8}, {1, 7}, {6}, {2, 5}, {4}, {3}], [{8}, {2, 7}, {3, 6}, {4, 5}, {1}], [{8}, {2, 7}, {4, 6}, {3, 5}, {1}], [{8}, {3, 7}, {1, 6}, {2, 5}, {4}], [{8}, {3, 7}, {4, 6}, {2, 5}, {1}], [{8}, {3, 7}, {6}, {2, 5}, {1, 4}], [{8}, {3, 7}, {6}, {2, 5}, {4}, {1}], [{8}, {4, 7}, {1, 6}, {2, 5}, {3}], [{8}, {4, 7}, {3, 6}, {2, 5}, {1}], [{8}, {4, 7}, {6}, {2, 5}, {1, 3}], [{8}, {4, 7}, {6}, {2, 5}, {3}, {1}], [{8}, {5, 7}, {3, 6}, {2, 4}, {1}], [{8}, {5, 7}, {4, 6}, {2, 3}, {1}], [{8}, {6, 7}, {2, 5}, {1, 4}, {3}], [{8}, {6, 7}, {2, 5}, {3, 4}, {1}], [{8}, {6, 7}, {2, 5}, {4}, {1, 3}], [{8}, {6, 7}, {2, 5}, {4}, {3}, {1}], [{8}, {7}, {1, 6}, {2, 5}, {3, 4}], [{8}, {7}, {1, 6}, {2, 5}, {4}, {3}], [{8}, {7}, {3, 6}, {2, 5}, {1, 4}], [{8}, {7}, {3, 6}, {2, 5}, {4}, {1}], [{8}, {7}, {4, 6}, {2, 5}, {1, 3}], [{8}, {7}, {4, 6}, {2, 5}, {3}, {1}], [{8}, {7}, {6}, {2, 5}, {1, 4}, {3}], [{8}, {7}, {6}, {2, 5}, {3, 4}, {1}], [{8}, {7}, {6}, {2, 5}, {4}, {1, 3}], [{8}, {7}, {6}, {2, 5}, {4}, {3}, {1}]]",2,- 2 K_1^2 + K_2 + 2,O1O2O3O4U2U5O6U7U1O5O7U4U8U6O8U3,O1O2O3U4U5O6O4U1O5O7U3U8U7U6O8U2,O1O2O3U2O4U5U6U4U1O6O7U3O8O5U7U8,c,"{'O1O2O3O4U2O5U6U5U1O7U3O8U7O6U4U8', 'O1O2O3O4U2O5U6U5U1O7O8U4U7O6U8U3'}",2,"<a href=""/flatknot/8.704152"">8.704152</a>",t^9-46t^7-94t^6+123t^5+184t^4-270t^3-174t^2+268t+168,t^2-2t,,
8.704153,O1O2O3O4U2O5U6U5U1O7O8U4U8O6U7U3,4,21z^2+106z+129,21w^3z^2+106w^2z+129w,False,False,"[[ 0 -1 -2  2  1  1 -2  0  1],[ 1  0  0  2  2  0 -1  0  1],[ 2  0  0  2  1  0  1  1  1],[-2 -2 -2  0 -1  1 -3  0  1],[-1 -2 -1  1  0  0 -3  1  1],[-1  0  0 -1  0  0 -1 -1  0],[ 2  1 -1  3  3  1  0  0  1],[ 0  0 -1  0 -1  1  0  0  0],[-1 -1 -1 -1 -1  0 -1  0  0]]","[[ 0  2  1  1  1  0 -1 -2 -2],[-2  0  1  1 -1  0 -2 -2 -3],[-1 -1  0  0  0 -1  0  0 -1],[-1 -1  0  0 -1  0 -1 -1 -1],[-1  1  0  1  0  1 -2 -1 -3],[ 0  0  1  0 -1  0  0 -1  0],[ 1  2  0  1  2  0  0  0 -1],[ 2  2  0  1  1  1  0  0  1],[ 2  3  1  1  3  0  1 -1  0]]",True,"[-2,-1,-1,-1,0,1,2,2,-1,-1,1,0,2,2,3,0,0,1,0,0,1,1,0,1,1,1,-1,2,1,3,0,1,0,0,1,-1]","[-2,-2,-1,0,1,1,1,2,-1,1,0,1,1,3,3,0,1,0,1,1,2,0,0,1,2,2,1,0,-1,0,0,0,-1,-1,-1,1]",t^8+44t^6+204t^4+69t^2+1,"[-2,-2,-1,0,1,1,1,2,-1,1,1,2,2,3,2,0,2,0,2,2,1,1,0,1,2,1,2,1,0,2,-1,0,0,0,2,2]","[-2,-1,-1,-1,0,1,2,2,0,2,2,2,1,1,2,0,1,2,0,0,2,0,0,2,2,3,1,1,2,2,1,2,1,0,1,-1]","[-2,-2,-1,0,1,1,1,2,-1,1,0,1,1,3,3,0,1,0,1,1,2,0,0,1,2,2,1,0,-1,0,0,0,-1,-1,-1,1]",c,"[[{8, 6}, {1, 7}, {3, 5}, {2, 4}]]",1,12 K_1^3 - 22 K_1^2 - 24 K_1 K_2 + 3 K_1 + 11 K_2 + 9 K_3 + 12,O1O2O3O4U2U5O6U7U1O7O5U4U8U6O8U3,O1O2O3U4U5O6O5U1O4O7U3U8U7U6O8U2,O1O2O3U2O4U5U6U4U1O6O7U3O8O5U8U7,c,{'O1O2O3O4U2O5U6U5U1O7O8U4U8O6U7U3'},1,"<a href=""/flatknot/8.704153"">8.704153</a>",t^9-46t^7-110t^6+55t^5+176t^4-12t^3-52t^2+7t-2,t^2-2t,,
8.704154,O1O2O3O4U2O5U6U5U1O7O8U7U3O6U4U8,3,14z^2+67z+79,-8w^4z^2+22w^3z^2-8w^3z+75w^2z+79w,False,False,"[[ 0 -1 -2  1  2  1 -2 -1  2],[ 1  0  0  2  2  0 -1  0  1],[ 2  0  0  1  2  0  1  0  2],[-1 -2 -1  0  0  0 -2  0  2],[-2 -2 -2  0  0  1 -3  0  1],[-1  0  0  0 -1  0 -1  0 -1],[ 2  1 -1  2  3  1  0 -1  1],[ 1  0  0  0  0  0  1  0  1],[-2 -1 -2 -2 -1  1 -1 -1  0]]","[[ 0  2  2  1  1 -1 -1 -2 -2],[-2  0  1  1  0  0 -2 -2 -3],[-2 -1  0  1 -2 -1 -1 -2 -1],[-1 -1 -1  0  0  0  0  0 -1],[-1  0  2  0  0  0 -2 -1 -2],[ 1  0  1  0  0  0  0  0  1],[ 1  2  1  0  2  0  0  0 -1],[ 2  2  2  0  1  0  0  0  1],[ 2  3  1  1  2 -1  1 -1  0]]",True,"[-2,-2,-1,-1,1,1,2,2,-1,-1,0,0,2,2,3,-1,2,1,1,2,1,0,0,0,0,1,0,2,1,2,0,0,-1,0,1,-1]","[-2,-2,-1,-1,1,1,2,2,-1,-1,0,0,2,2,3,-1,2,1,1,2,1,0,0,0,0,1,0,2,1,2,0,0,-1,0,1,-1]",t^8+44t^6+268t^4+71t^2,"[-2,-2,-1,-1,1,1,2,2,-1,1,1,2,3,2,2,0,2,1,2,1,3,0,0,2,1,2,2,2,3,2,0,1,-1,2,2,-1]","[-2,-2,-1,-1,1,1,2,2,-1,-1,2,2,2,2,3,1,2,1,3,2,1,0,0,2,2,1,2,2,3,2,0,1,0,1,2,1]","[-2,-2,-1,-1,1,1,2,2,-1,-1,1,1,2,1,3,0,0,0,1,2,2,0,0,0,1,0,0,2,1,2,0,-1,-1,2,0,-1]",c,"[[{8, 1}, {4, 7}, {2, 6}, {3, 5}], [{8, 1}, {4, 7}, {3, 6}, {2, 5}], [{8, 1}, {4, 7}, {3, 6}, {5}, {2}], [{8, 1}, {4, 7}, {5, 6}, {2, 3}], [{8, 1}, {4, 7}, {6}, {2, 5}, {3}], [{8, 2}, {3, 7}, {4, 6}, {1, 5}], [{8, 4}, {1, 7}, {2, 6}, {3, 5}], [{8, 4}, {1, 7}, {3, 6}, {2, 5}], [{8, 4}, {1, 7}, {3, 6}, {5}, {2}], [{8, 4}, {1, 7}, {5, 6}, {2, 3}], [{8, 4}, {1, 7}, {6}, {2, 5}, {3}], [{8, 6}, {5, 7}, {2, 4}, {1, 3}]]",1,- 12 K_1^2 - 8 K_1 K_2 + 4 K_1 + 6 K_2 + 4 K_3 + 7,O1O2O3O4U5U1O6U2U7O5O7U4U8U6O8U3,O1O2O3U4U5O4O6U1O7O5U3U8U6U7O8U2,O1O2O3U2O4U5U6U4U1O7O5U3O6O8U7U8,c,{'O1O2O3O4U2O5U6U5U1O7O8U7U3O6U4U8'},1,"<a href=""/flatknot/8.704154"">8.704154</a>",t^9-44t^7-88t^6+116t^5+142t^4-131t^3-46t^2+48t-8,0,,
8.704155,O1O2O3O4U2O5U6U5U1O7O8U7U3O6U8U4,3,12z^2+69z+91,12w^3z^2+69w^2z+91w,False,False,"[[ 0 -1 -2  1  3  1 -2 -1  1],[ 1  0  0  2  2  0 -1  0  0],[ 2  0  0  1  2  0  1  0  1],[-1 -2 -1  0  1  0 -2  0  1],[-3 -2 -2 -1  0  1 -3 -1  0],[-1  0  0  0 -1  0 -1  0 -1],[ 2  1 -1  2  3  1  0 -1  0],[ 1  0  0  0  1  0  1  0  1],[-1  0 -1 -1  0  1  0 -1  0]]","[[ 0  3  1  1  1 -1 -1 -2 -2],[-3  0  1  0 -1 -1 -2 -2 -3],[-1 -1  0 -1  0  0  0  0 -1],[-1  0  1  0 -1 -1  0 -1  0],[-1  1  0  1  0  0 -2 -1 -2],[ 1  1  0  1  0  0  0  0  1],[ 1  2  0  0  2  0  0  0 -1],[ 2  2  0  1  1  0  0  0  1],[ 2  3  1  0  2 -1  1 -1  0]]",True,"[-3,-1,-1,-1,1,1,2,2,-1,0,1,1,2,2,3,1,0,0,0,0,1,1,1,0,1,0,0,2,1,2,0,0,-1,0,1,-1]","[-3,-1,-1,-1,1,1,2,2,-1,0,1,1,2,2,3,1,0,0,0,0,1,1,1,0,1,0,0,2,1,2,0,0,-1,0,1,-1]",t^8+37t^6+200t^4+7t^2,"[-2,-2,-1,-1,1,1,1,3,-1,1,1,2,2,3,3,0,2,1,3,2,2,0,0,2,2,2,2,1,2,3,-1,0,1,-1,2,3]","[-3,-1,-1,-1,1,1,2,2,1,2,3,2,3,2,3,1,0,0,2,1,2,1,2,1,3,2,2,2,2,3,0,0,1,2,1,-1]","[-2,-2,-1,-1,1,1,1,3,-1,-1,1,0,1,2,3,0,0,1,0,1,2,0,1,0,0,1,0,0,2,2,1,-1,0,0,-1,1]",c,"[[{8, 2}, {5, 7}, {4, 6}, {1, 3}], [{8, 2}, {7}, {4, 6}, {5}, {1, 3}], [{8, 3}, {4, 7}, {2, 6}, {1, 5}], [{8, 3}, {5, 7}, {2, 6}, {1, 4}], [{8, 4}, {5, 7}, {2, 6}, {1, 3}], [{8, 6}, {5, 7}, {2, 4}, {1, 3}], [{8, 6}, {5, 7}, {2, 4}, {3}, {1}]]",1,8 K_1^3 - 14 K_1^2 - 18 K_1 K_2 - 2 K_1 K_3 + 3 K_1 - 2 K_2^2 + 8 K_2 + 7 K_3 + 2 K_4 + 9,O1O2O3O4U1U5O6U2U7O5O7U4U8U6O8U3,O1O2O3U4U5O4O6U1O5O7U3U8U6U7O8U2,O1O2O3U2O4U5U6U4U1O5O7U3O6O8U7U8,c,{'O1O2O3O4U2O5U6U5U1O7O8U7U3O6U8U4'},1,"<a href=""/flatknot/8.704155"">8.704155</a>",t^9-35t^7-74t^6+60t^5+142t^4-59t^3-110t^2+40t,-t^3+2t^2-t,,
8.704156,O1O2O3O4U2O5U6U5U1O7O8U7U4O6U3U8,3,19z^2+80z+85,-8w^4z^2+27w^3z^2-8w^3z+88w^2z+85w,False,False,"[[ 0 -1 -2  1  2  1 -2 -1  2],[ 1  0  0  2  2  0 -1  0  1],[ 2  0  0  2  1  0  1  0  2],[-1 -2 -2  0  1  1 -3  0  2],[-2 -2 -1 -1  0  0 -3  0  1],[-1  0  0 -1  0  0 -1  0 -1],[ 2  1 -1  3  3  1  0 -1  1],[ 1  0  0  0  0  0  1  0  1],[-2 -1 -2 -2 -1  1 -1 -1  0]]","[[ 0  2  2  1  1 -1 -1 -2 -2],[-2  0  1  0 -1  0 -2 -1 -3],[-2 -1  0  1 -2 -1 -1 -2 -1],[-1  0 -1  0 -1  0  0  0 -1],[-1  1  2  1  0  0 -2 -2 -3],[ 1  0  1  0  0  0  0  0  1],[ 1  2  1  0  2  0  0  0 -1],[ 2  1  2  0  2  0  0  0  1],[ 2  3  1  1  3 -1  1 -1  0]]",True,"[-2,-2,-1,-1,1,1,2,2,-1,0,1,0,2,1,3,-1,2,1,1,2,1,1,0,0,0,1,0,2,2,3,0,0,-1,0,1,-1]","[-2,-2,-1,-1,1,1,2,2,-1,-1,1,1,3,1,3,0,0,0,2,2,1,0,0,0,1,0,0,2,1,2,-1,-1,0,2,1,-1]",t^8+50t^6+285t^4+66t^2,"[-2,-2,-1,-1,1,1,2,2,-1,1,1,1,3,2,3,0,2,0,2,3,1,0,0,2,2,1,2,2,2,3,-1,-1,0,2,1,1]","[-2,-2,-1,-1,1,1,2,2,-1,-1,2,2,2,2,3,0,1,1,3,3,1,1,0,2,1,0,2,2,3,2,0,1,0,1,2,1]","[-2,-2,-1,-1,1,1,2,2,-1,-1,1,1,3,1,3,0,0,0,2,2,1,0,0,0,1,0,0,2,1,2,-1,-1,0,2,1,-1]",c,"[[{8, 1}, {6, 7}, {2, 5}, {3, 4}], [{8, 1}, {6, 7}, {2, 5}, {4}, {3}], [{8, 2}, {3, 7}, {4, 6}, {1, 5}], [{8, 2}, {5, 7}, {4, 6}, {1, 3}], [{8, 6}, {1, 7}, {2, 5}, {3, 4}], [{8, 6}, {1, 7}, {2, 5}, {4}, {3}]]",1,4 K_1^3 - 8 K_1^2 - 12 K_1 K_2 + 3 K_1 + 4 K_2 + 5 K_3 + 5,O1O2O3O4U5U2O6U1U7O5O7U4U8U6O8U3,O1O2O3U4U5O4O6U1O7O5U3U8U7U6O8U2,O1O2O3U2O4U5U6U4U1O7O6U3O5O8U7U8,c,{'O1O2O3O4U2O5U6U5U1O7O8U7U4O6U3U8'},1,"<a href=""/flatknot/8.704156"">8.704156</a>",t^9-50t^7-136t^6+21t^5+240t^4+137t^3-194t^2-68t+24,0,,
8.704157,O1O2O3O4U2O5U6U5U1O7O8U7U4O6U8U3,3,19z^2+88z+101,19w^3z^2+88w^2z+101w,False,False,"[[ 0 -1 -2  2  2  1 -2 -1  1],[ 1  0  0  2  2  0 -1  0  0],[ 2  0  0  2  1  0  1  0  1],[-2 -2 -2  0  0  1 -3 -1  1],[-2 -2 -1  0  0  0 -3  0  1],[-1  0  0 -1  0  0 -1  0 -1],[ 2  1 -1  3  3  1  0 -1  0],[ 1  0  0  1  0  0  1  0  1],[-1  0 -1 -1 -1  1  0 -1  0]]","[[ 0  2  2  1  1 -1 -1 -2 -2],[-2  0  0  1  1 -1 -2 -2 -3],[-2  0  0  1  0  0 -2 -1 -3],[-1 -1 -1  0  1 -1  0 -1  0],[-1 -1  0 -1  0  0  0  0 -1],[ 1  1  0  1  0  0  0  0  1],[ 1  2  2  0  0  0  0  0 -1],[ 2  2  1  1  0  0  0  0  1],[ 2  3  3  0  1 -1  1 -1  0]]",True,"[-2,-2,-1,-1,1,1,2,2,0,-1,-1,1,2,2,3,-1,0,0,2,1,3,-1,1,0,1,0,0,0,0,1,0,0,-1,0,1,-1]","[-2,-2,-1,-1,1,1,2,2,-1,-1,1,0,1,3,3,0,0,1,0,1,2,0,1,0,0,1,0,0,2,2,1,-1,-1,0,-1,0]",t^8+42t^6+228t^4+9t^2,"[-2,-2,-1,-1,1,1,2,2,-1,1,1,2,3,2,3,0,2,3,2,1,1,0,2,2,1,1,1,2,2,3,-1,2,2,2,1,0]","[-2,-2,-1,-1,1,1,2,2,0,1,2,1,3,1,3,2,2,1,2,1,2,-1,2,2,2,3,2,1,3,2,0,0,1,2,1,-1]","[-2,-2,-1,-1,1,1,2,2,-1,-1,1,0,1,3,3,0,0,1,0,1,2,0,1,0,0,1,0,0,2,2,1,-1,-1,0,-1,0]",c,"[[{8, 1}, {5, 7}, {3, 6}, {2, 4}]]",0,16 K_1^3 - 20 K_1^2 - 16 K_1 K_2 - 4 K_1 + 10 K_2 + 4 K_3 + 11,O1O2O3O4U2U5O6U1U7O5O7U4U8U6O8U3,O1O2O3U4U5O4O6U1O5O7U3U8U7U6O8U2,O1O2O3U2O4U5U6U4U1O6O7U3O5O8U7U8,c,{'O1O2O3O4U2O5U6U5U1O7O8U7U4O6U8U3'},1,"<a href=""/flatknot/8.704157"">8.704157</a>",t^9-42t^7-66t^6+136t^5+86t^4-75t^3,0,,
8.704158,O1O2O3O4U2O5U6U5U1O7O8U7U8O6U3U4,4,8z^3+53z^2+114z+81,8w^4z^3+53w^3z^2+114w^2z+81w,False,False,"[[ 0 -1 -2  1  3  1 -2 -1  1],[ 1  0  0  1  2  0  0  0  0],[ 2  0  0  1  2  0  2  0  0],[-1 -1 -1  0  1  1 -2 -1  1],[-3 -2 -2 -1  0  1 -4 -1  1],[-1  0  0 -1 -1  0 -1  0  0],[ 2  0 -2  2  4  1  0  0  0],[ 1  0  0  1  1  0  0  0  1],[-1  0  0 -1 -1  0  0 -1  0]]","[[ 0  3  1  1  1 -1 -1 -2 -2],[-3  0  1  1 -1 -1 -2 -2 -4],[-1 -1  0  0 -1  0  0  0 -1],[-1 -1  0  0 -1 -1  0  0  0],[-1  1  1  1  0 -1 -1 -1 -2],[ 1  1  0  1  1  0  0  0  0],[ 1  2  0  0  1  0  0  0  0],[ 2  2  0  0  1  0  0  0  2],[ 2  4  1  0  2  0  0 -2  0]]",True,"[-3,-1,-1,-1,1,1,2,2,-1,-1,1,1,2,2,4,0,1,0,0,0,1,1,1,0,0,0,1,1,1,2,0,0,0,0,0,-2]","[-3,-1,-1,-1,1,1,2,2,-1,-1,1,1,2,2,4,0,1,0,0,0,1,1,1,0,0,0,1,1,1,2,0,0,0,0,0,-2]",t^8+43t^6+103t^4+49t^2+4,"[-2,-2,-1,-1,1,1,1,3,-2,1,1,2,3,3,3,1,1,1,2,3,1,0,1,2,1,3,1,2,2,2,-1,-1,1,0,3,3]","[-3,-1,-1,-1,1,1,2,2,1,3,3,2,3,1,3,1,1,1,1,1,2,0,2,1,3,3,2,2,2,3,0,1,1,1,1,-2]","[-2,-2,-1,-1,1,1,1,3,-2,0,0,0,1,2,4,0,0,0,0,1,2,0,0,0,1,2,1,0,1,1,0,-1,-1,-1,-1,1]",c,"[[{8, 1}, {4, 7}, {2, 6}, {3, 5}], [{8, 1}, {4, 7}, {6}, {3, 5}, {2}], [{8, 7}, {2, 6}, {1, 5}, {3, 4}], [{8, 7}, {2, 6}, {3, 5}, {1, 4}], [{8, 7}, {3, 6}, {1, 5}, {2, 4}], [{8, 7}, {4, 6}, {1, 5}, {2, 3}], [{8, 7}, {4, 6}, {5}, {2, 3}, {1}], [{8, 7}, {6}, {3, 5}, {1, 4}, {2}]]",1,8 K_1^3 + 4 K_1^2 K_2 - 12 K_1^2 - 10 K_1 K_2 - 4 K_1 K_3 - K_1 + 6 K_2 + 3 K_3 + K_4 + 6,O1O2O3O4U1U2O5U6U7O6O7U4U8U5O8U3,O1O2O3U4U5O4O5U1O6O7U3U8U6U7O8U2,O1O2O3U2O4U5U6U4U1O5O6U3O7O8U7U8,c,{'O1O2O3O4U2O5U6U5U1O7O8U7U8O6U3U4'},1,"<a href=""/flatknot/8.704158"">8.704158</a>",t^9-41t^7-80t^6+61t^5+160t^4+10t^3-110t^2-39t+22,-t^3+2t^2-t,,
8.704159,O1O2O3O4U2O5U6U5U1O7O8U7U8O6U4U3,4,8z^3+54z^2+113z+75,8w^4z^3+54w^3z^2+113w^2z+75w,False,False,"[[ 0 -1 -2  2  2  1 -2 -1  1],[ 1  0  0  2  1  0  0  0  0],[ 2  0  0  2  1  0  2  0  0],[-2 -2 -2  0  0  1 -3 -1  1],[-2 -1 -1  0  0  1 -3 -1  1],[-1  0  0 -1 -1  0 -1  0  0],[ 2  0 -2  3  3  1  0  0  0],[ 1  0  0  1  1  0  0  0  1],[-1  0  0 -1 -1  0  0 -1  0]]","[[ 0  2  2  1  1 -1 -1 -2 -2],[-2  0  0  1  1 -1 -1 -1 -3],[-2  0  0  1  1 -1 -2 -2 -3],[-1 -1 -1  0  0  0  0  0 -1],[-1 -1 -1  0  0 -1  0  0  0],[ 1  1  1  0  1  0  0  0  0],[ 1  1  2  0  0  0  0  0  0],[ 2  1  2  0  0  0  0  0  2],[ 2  3  3  1  0  0  0 -2  0]]",True,"[-2,-2,-1,-1,1,1,2,2,0,-1,-1,1,1,1,3,-1,-1,1,2,2,3,0,0,0,0,1,1,0,0,0,0,0,0,0,0,-2]","[-2,-2,-1,-1,1,1,2,2,-2,0,0,0,1,3,3,0,0,0,0,1,2,0,0,0,1,2,1,0,1,1,0,-1,-1,-1,-1,0]",t^8+40t^6+105t^4+62t^2+4,"[-2,-2,-1,-1,1,1,2,2,-2,1,1,3,3,2,3,1,1,2,3,1,1,0,2,1,2,2,2,2,1,2,0,2,2,2,2,0]","[-2,-2,-1,-1,1,1,2,2,0,2,2,1,2,1,2,2,2,2,2,1,3,0,2,1,3,3,2,2,2,3,0,1,1,1,1,-2]","[-2,-2,-1,-1,1,1,2,2,-2,0,0,0,1,3,3,0,0,0,0,1,2,0,0,0,1,2,1,0,1,1,0,-1,-1,-1,-1,0]",c,"[[{8, 7}, {2, 6}, {1, 5}, {3, 4}], [{8, 7}, {3, 6}, {1, 5}, {2, 4}], [{8, 7}, {4, 6}, {1, 5}, {2, 3}]]",1,- 4 K_1^2 + 2 K_2 + 3,O1O2O3O4U2U1O5U6U7O6O7U4U8U5O8U3,O1O2O3U4U5O4O5U1O6O7U3U8U7U6O8U2,O1O2O3U2O4U5U6U4U1O6O5U3O7O8U7U8,c,{'O1O2O3O4U2O5U6U5U1O7O8U7U8O6U4U3'},1,"<a href=""/flatknot/8.704159"">8.704159</a>",t^9-40t^7-52t^6+105t^5+42t^4-109t^3-6t^2+31t+4,0,,
8.704160,O1O2O3O4U2O5U6U5U3O7O8U1U4O6U8U7,4,5z^3+34z^2+88z+81,5w^4z^3-4w^4z^2+38w^3z^2-12w^3z+100w^2z+81w,False,False,"[[ 0 -2 -2  1  2  1 -2  1  1],[ 2  0 -1  1  3  0 -1  2  1],[ 2  1  0  1  2  0  0  1  1],[-1 -1 -1  0  1  0 -3  0  0],[-2 -3 -2 -1  0  0 -3  1  0],[-1  0  0  0  0  0 -1 -1 -1],[ 2  1  0  3  3  1  0  0  1],[-1 -2 -1  0 -1  1  0  0  0],[-1 -1 -1  0  0  1 -1  0  0]]","[[ 0  2  1  1  1  1 -2 -2 -2],[-2  0  1  0  0 -1 -2 -3 -3],[-1 -1  0  1  0  0 -1  0 -2],[-1  0 -1  0 -1  0  0 -1  0],[-1  0  0  1  0  0 -1 -1 -1],[-1  1  0  0  0  0 -1 -3 -1],[ 2  2  1  0  1  1  0  0  1],[ 2  3  0  1  1  3  0  0  1],[ 2  3  2  0  1  1 -1 -1  0]]",True,"[-2,-1,-1,-1,-1,2,2,2,-1,0,0,1,2,3,3,-1,0,0,1,0,2,1,0,0,1,0,0,1,1,1,1,3,1,0,-1,-1]","[-2,-2,-2,1,1,1,1,2,-1,-1,0,1,1,2,3,0,0,1,1,1,2,1,1,3,0,3,-1,0,-1,0,0,0,0,0,1,-1]",t^8+48t^6+276t^4+95t^2,"[-2,-2,-2,1,1,1,1,2,-1,0,0,2,2,3,1,1,2,2,3,1,1,2,2,3,2,2,0,0,0,0,-1,0,1,1,1,2]","[-2,-1,-1,-1,-1,2,2,2,0,1,1,2,1,1,2,0,0,0,0,2,2,-1,-1,2,3,3,0,2,2,2,3,1,2,1,0,-1]","[-2,-2,-2,1,1,1,1,2,-1,-1,0,1,1,2,3,0,0,1,1,1,2,1,1,3,0,3,-1,0,-1,0,0,0,0,0,1,-1]",c,"[[{8, 1}, {2, 7}, {3, 6}, {4, 5}], [{8, 1}, {2, 7}, {3, 6}, {5}, {4}], [{8, 1}, {2, 7}, {4, 6}, {3, 5}], [{8, 1}, {2, 7}, {4, 6}, {5}, {3}], [{8, 1}, {2, 7}, {5, 6}, {3, 4}], [{8, 1}, {2, 7}, {6}, {5}, {3, 4}], [{8, 1}, {3, 7}, {2, 6}, {4, 5}], [{8, 1}, {3, 7}, {4, 6}, {2, 5}], [{8, 1}, {3, 7}, {4, 6}, {5}, {2}], [{8, 1}, {3, 7}, {5, 6}, {2, 4}], [{8, 1}, {3, 7}, {5, 6}, {4}, {2}], [{8, 1}, {3, 7}, {6}, {4, 5}, {2}], [{8, 1}, {4, 7}, {2, 6}, {3, 5}], [{8, 1}, {4, 7}, {3, 6}, {2, 5}], [{8, 1}, {4, 7}, {3, 6}, {5}, {2}], [{8, 1}, {4, 7}, {5, 6}, {2, 3}], [{8, 1}, {5, 7}, {2, 6}, {3, 4}], [{8, 1}, {5, 7}, {3, 6}, {2, 4}], [{8, 1}, {5, 7}, {4, 6}, {2, 3}], [{8, 1}, {6, 7}, {2, 5}, {3, 4}], [{8, 1}, {6, 7}, {3, 5}, {2, 4}], [{8, 1}, {6, 7}, {4, 5}, {2, 3}], [{8, 1}, {6, 7}, {5}, {3, 4}, {2}], [{8, 1}, {7}, {2, 6}, {3, 5}, {4}], [{8, 1}, {7}, {2, 6}, {4, 5}, {3}], [{8, 1}, {7}, {2, 6}, {5}, {3, 4}], [{8, 1}, {7}, {3, 6}, {5}, {2, 4}], [{8, 1}, {7}, {4, 6}, {5}, {2, 3}], [{8, 2}, {1, 7}, {3, 6}, {4, 5}], [{8, 2}, {1, 7}, {4, 6}, {3, 5}], [{8, 2}, {1, 7}, {5, 6}, {3, 4}], [{8, 2}, {1, 7}, {6}, {3, 5}, {4}], [{8, 2}, {3, 7}, {1, 6}, {4, 5}], [{8, 2}, {3, 7}, {1, 6}, {5}, {4}], [{8, 2}, {3, 7}, {4, 6}, {1, 5}], [{8, 2}, {3, 7}, {5, 6}, {1, 4}], [{8, 2}, {4, 7}, {1, 6}, {3, 5}], [{8, 2}, {4, 7}, {3, 6}, {1, 5}], [{8, 2}, {4, 7}, {5, 6}, {1, 3}], [{8, 2}, {5, 7}, {1, 6}, {3, 4}], [{8, 2}, {5, 7}, {3, 6}, {1, 4}], [{8, 2}, {5, 7}, {4, 6}, {1, 3}], [{8, 2}, {6, 7}, {1, 5}, {3, 4}], [{8, 2}, {6, 7}, {3, 5}, {1, 4}], [{8, 2}, {6, 7}, {4, 5}, {1, 3}], [{8, 2}, {6, 7}, {5}, {4}, {1, 3}], [{8, 2}, {7}, {3, 6}, {5}, {1, 4}], [{8, 2}, {7}, {4, 6}, {3, 5}, {1}], [{8, 3}, {1, 7}, {2, 6}, {4, 5}], [{8, 3}, {1, 7}, {4, 6}, {2, 5}], [{8, 3}, {1, 7}, {4, 6}, {5}, {2}], [{8, 3}, {1, 7}, {5, 6}, {2, 4}], [{8, 3}, {2, 7}, {1, 6}, {4, 5}], [{8, 3}, {2, 7}, {4, 6}, {1, 5}], [{8, 3}, {2, 7}, {5, 6}, {1, 4}], [{8, 3}, {2, 7}, {6}, {4, 5}, {1}], [{8, 3}, {4, 7}, {1, 6}, {2, 5}], [{8, 3}, {4, 7}, {1, 6}, {5}, {2}], [{8, 3}, {4, 7}, {2, 6}, {1, 5}], [{8, 3}, {4, 7}, {2, 6}, {5}, {1}], [{8, 3}, {4, 7}, {5, 6}, {1, 2}], [{8, 3}, {4, 7}, {6}, {5}, {1, 2}], [{8, 3}, {5, 7}, {1, 6}, {2, 4}], [{8, 3}, {5, 7}, {1, 6}, {4}, {2}], [{8, 3}, {5, 7}, {2, 6}, {1, 4}], [{8, 3}, {5, 7}, {4, 6}, {1, 2}], [{8, 3}, {5, 7}, {4, 6}, {2}, {1}], [{8, 3}, {5, 7}, {6}, {1, 4}, {2}], [{8, 3}, {6, 7}, {1, 5}, {2, 4}], [{8, 3}, {6, 7}, {2, 5}, {1, 4}], [{8, 3}, {6, 7}, {4, 5}, {1, 2}], [{8, 3}, {6, 7}, {5}, {1, 4}, {2}], [{8, 3}, {7}, {1, 6}, {4, 5}, {2}], [{8, 3}, {7}, {4, 6}, {1, 5}, {2}], [{8, 3}, {7}, {5, 6}, {1, 4}, {2}], [{8, 4}, {1, 7}, {2, 6}, {3, 5}], [{8, 4}, {1, 7}, {3, 6}, {2, 5}], [{8, 4}, {1, 7}, {5, 6}, {2, 3}], [{8, 4}, {2, 7}, {1, 6}, {3, 5}], [{8, 4}, {2, 7}, {3, 6}, {1, 5}], [{8, 4}, {2, 7}, {5, 6}, {1, 3}], [{8, 4}, {3, 7}, {1, 6}, {2, 5}], [{8, 4}, {3, 7}, {2, 6}, {1, 5}], [{8, 4}, {3, 7}, {5, 6}, {1, 2}], [{8, 4}, {3, 7}, {6}, {1, 5}, {2}], [{8, 4}, {5, 7}, {1, 6}, {2, 3}], [{8, 4}, {5, 7}, {2, 6}, {1, 3}], [{8, 4}, {5, 7}, {3, 6}, {1, 2}], [{8, 4}, {6, 7}, {1, 5}, {2, 3}], [{8, 4}, {6, 7}, {2, 5}, {1, 3}], [{8, 4}, {6, 7}, {3, 5}, {1, 2}], [{8, 4}, {6, 7}, {5}, {1, 3}, {2}], [{8, 4}, {7}, {1, 6}, {2, 5}, {3}], [{8, 5}, {1, 7}, {2, 6}, {3, 4}], [{8, 5}, {1, 7}, {3, 6}, {2, 4}], [{8, 5}, {1, 7}, {4, 6}, {2, 3}], [{8, 5}, {2, 7}, {1, 6}, {3, 4}], [{8, 5}, {2, 7}, {3, 6}, {1, 4}], [{8, 5}, {2, 7}, {4, 6}, {1, 3}], [{8, 5}, {3, 7}, {1, 6}, {2, 4}], [{8, 5}, {3, 7}, {2, 6}, {1, 4}], [{8, 5}, {3, 7}, {4, 6}, {1, 2}], [{8, 5}, {3, 7}, {6}, {2, 4}, {1}], [{8, 5}, {4, 7}, {1, 6}, {2, 3}], [{8, 5}, {4, 7}, {2, 6}, {1, 3}], [{8, 5}, {4, 7}, {3, 6}, {1, 2}], [{8, 5}, {6, 7}, {1, 4}, {2, 3}], [{8, 5}, {6, 7}, {2, 4}, {1, 3}], [{8, 5}, {6, 7}, {3, 4}, {1, 2}], [{8, 5}, {6, 7}, {4}, {1, 3}, {2}], [{8, 5}, {7}, {3, 6}, {1, 4}, {2}], [{8, 5}, {7}, {4, 6}, {3}, {1, 2}], [{8, 6}, {1, 7}, {2, 5}, {3, 4}], [{8, 6}, {1, 7}, {3, 5}, {2, 4}], [{8, 6}, {1, 7}, {4, 5}, {2, 3}], [{8, 6}, {1, 7}, {5}, {2, 4}, {3}], [{8, 6}, {2, 7}, {1, 5}, {3, 4}], [{8, 6}, {2, 7}, {3, 5}, {1, 4}], [{8, 6}, {2, 7}, {4, 5}, {1, 3}], [{8, 6}, {2, 7}, {5}, {1, 4}, {3}], [{8, 6}, {3, 7}, {1, 5}, {2, 4}], [{8, 6}, {3, 7}, {2, 5}, {1, 4}], [{8, 6}, {3, 7}, {4, 5}, {1, 2}], [{8, 6}, {4, 7}, {1, 5}, {2, 3}], [{8, 6}, {4, 7}, {1, 5}, {3}, {2}], [{8, 6}, {4, 7}, {2, 5}, {1, 3}], [{8, 6}, {4, 7}, {3, 5}, {1, 2}], [{8, 6}, {4, 7}, {5}, {2, 3}, {1}], [{8, 6}, {5, 7}, {1, 4}, {2, 3}], [{8, 6}, {5, 7}, {2, 4}, {1, 3}], [{8, 6}, {5, 7}, {3, 4}, {1, 2}], [{8, 6}, {7}, {1, 5}, {4}, {2, 3}], [{8, 6}, {7}, {4, 5}, {1, 3}, {2}], [{8, 7}, {1, 6}, {2, 5}, {3, 4}], [{8, 7}, {1, 6}, {2, 5}, {4}, {3}], [{8, 7}, {1, 6}, {3, 5}, {2, 4}], [{8, 7}, {1, 6}, {4, 5}, {2, 3}], [{8, 7}, {2, 6}, {1, 5}, {3, 4}], [{8, 7}, {2, 6}, {1, 5}, {4}, {3}], [{8, 7}, {2, 6}, {3, 5}, {1, 4}], [{8, 7}, {2, 6}, {4, 5}, {1, 3}], [{8, 7}, {3, 6}, {1, 5}, {2, 4}], [{8, 7}, {3, 6}, {2, 5}, {1, 4}], [{8, 7}, {3, 6}, {4, 5}, {1, 2}], [{8, 7}, {4, 6}, {1, 5}, {2, 3}], [{8, 7}, {4, 6}, {2, 5}, {1, 3}], [{8, 7}, {4, 6}, {3, 5}, {1, 2}], [{8, 7}, {4, 6}, {3, 5}, {2}, {1}], [{8, 7}, {5, 6}, {1, 4}, {2, 3}], [{8, 7}, {5, 6}, {2, 4}, {1, 3}], [{8, 7}, {5, 6}, {3, 4}, {1, 2}], [{8, 7}, {5, 6}, {4}, {3}, {1, 2}], [{8, 7}, {6}, {4, 5}, {1, 3}, {2}], [{8}, {1, 7}, {3, 6}, {2, 5}, {4}], [{8}, {1, 7}, {4, 6}, {2, 5}, {3}], [{8}, {1, 7}, {6}, {2, 5}, {3, 4}], [{8}, {2, 7}, {1, 6}, {4, 5}, {3}], [{8}, {2, 7}, {4, 6}, {3, 5}, {1}], [{8}, {3, 7}, {2, 6}, {4, 5}, {1}], [{8}, {3, 7}, {4, 6}, {2, 5}, {1}], [{8}, {4, 7}, {1, 6}, {2, 5}, {3}], [{8}, {4, 7}, {3, 6}, {2, 5}, {1}], [{8}, {4, 7}, {6}, {2, 5}, {1, 3}], [{8}, {5, 7}, {6}, {2, 4}, {1, 3}], [{8}, {6, 7}, {1, 5}, {2, 4}, {3}], [{8}, {6, 7}, {2, 5}, {4}, {1, 3}], [{8}, {6, 7}, {3, 5}, {2, 4}, {1}], [{8}, {6, 7}, {4, 5}, {1, 3}, {2}], [{8}, {6, 7}, {5}, {2, 4}, {1, 3}], [{8}, {6, 7}, {5}, {4}, {1, 3}, {2}], [{8}, {7}, {3, 6}, {2, 5}, {1, 4}], [{8}, {7}, {4, 6}, {2, 5}, {1, 3}], [{8}, {7}, {5, 6}, {2, 4}, {1, 3}]]",2,4 K_1^3 - 12 K_1^2 - 8 K_1 K_2 + K_1 + 6 K_2 + 3 K_3 + 7,O1O2O3O4U5U6O7U1U4O6O5U2U8U7O8U3,O1O2O3U4U5O6O7U1O5O4U6U8U3U7O8U2,O1O2O3U2O4U5U1U4U6O7O8U3O5O6U8U7,c,{'O1O2O3O4U2O5U6U5U3O7O8U1U4O6U8U7'},1,"<a href=""/flatknot/8.704160"">8.704160</a>",t^9-52t^7-96t^6+236t^5+352t^4-315t^3-208t^2+268t+114,2t^2-4t,,
8.704161,O1O2O3O4U2O5U6U5U3O7O8U1U7O6U8U4,3,10z^2+67z+95,10w^3z^2+67w^2z+95w,False,False,"[[ 0 -2 -2  1  3  1 -2  0  1],[ 2  0 -1  1  4  0 -1  1  1],[ 2  1  0  1  2  0  1  0  0],[-1 -1 -1  0  0  0 -2  0 -1],[-3 -4 -2  0  0  1 -3 -1  0],[-1  0  0  0 -1  0 -1  0 -1],[ 2  1 -1  2  3  1  0  0  0],[ 0 -1  0  0  1  0  0  0  1],[-1 -1  0  1  0  1  0 -1  0]]","[[ 0  3  1  1  1  0 -2 -2 -2],[-3  0  1  0  0 -1 -2 -3 -4],[-1 -1  0  0 -1  0  0 -1  0],[-1  0  0  0 -1  0 -1 -2 -1],[-1  0  1  1  0 -1  0  0 -1],[ 0  1  0  0  1  0  0  0 -1],[ 2  2  0  1  0  0  0  1  1],[ 2  3  1  2  0  0 -1  0  1],[ 2  4  0  1  1  1 -1 -1  0]]",True,"[-3,-1,-1,-1,0,2,2,2,-1,0,0,1,2,3,4,0,1,0,0,1,0,1,0,1,2,1,1,0,0,1,0,0,1,-1,-1,-1]","[-3,-1,-1,-1,0,2,2,2,-1,0,0,1,2,3,4,0,1,0,0,1,0,1,0,1,2,1,1,0,0,1,0,0,1,-1,-1,-1]",t^8+46t^6+242t^4+79t^2,"[-2,-2,-2,0,1,1,1,3,-1,-1,2,2,3,3,3,-1,2,1,2,3,2,1,2,3,2,1,1,1,0,2,0,1,2,1,3,2]","[-3,-1,-1,-1,0,2,2,2,2,2,3,2,1,2,3,-1,0,1,2,1,2,1,0,2,3,3,1,3,2,3,1,2,2,-1,-1,-1]","[-2,-2,-2,0,1,1,1,3,-1,-1,1,0,1,1,4,-1,0,1,0,2,3,0,0,0,1,2,0,1,0,1,-1,0,-1,1,0,0]",c,"[[{8, 1}, {2, 7}, {3, 6}, {4, 5}], [{8, 1}, {2, 7}, {4, 6}, {3, 5}], [{8, 1}, {2, 7}, {4, 6}, {5}, {3}], [{8, 1}, {2, 7}, {5, 6}, {3, 4}], [{8, 1}, {3, 7}, {2, 6}, {4, 5}], [{8, 1}, {3, 7}, {4, 6}, {2, 5}], [{8, 1}, {3, 7}, {5, 6}, {2, 4}], [{8, 1}, {3, 7}, {6}, {2, 5}, {4}], [{8, 1}, {4, 7}, {2, 6}, {3, 5}], [{8, 1}, {4, 7}, {3, 6}, {2, 5}], [{8, 1}, {4, 7}, {5, 6}, {2, 3}], [{8, 1}, {5, 7}, {2, 6}, {3, 4}], [{8, 1}, {5, 7}, {2, 6}, {4}, {3}], [{8, 1}, {5, 7}, {3, 6}, {2, 4}], [{8, 1}, {5, 7}, {4, 6}, {2, 3}], [{8, 1}, {6, 7}, {2, 5}, {3, 4}], [{8, 1}, {6, 7}, {2, 5}, {4}, {3}], [{8, 1}, {6, 7}, {3, 5}, {2, 4}], [{8, 1}, {6, 7}, {4, 5}, {2, 3}], [{8, 1}, {7}, {3, 6}, {2, 5}, {4}], [{8, 1}, {7}, {5, 6}, {2, 4}, {3}], [{8, 1}, {7}, {5, 6}, {3, 4}, {2}], [{8, 1}, {7}, {5, 6}, {4}, {2, 3}], [{8, 2}, {1, 7}, {3, 6}, {4, 5}], [{8, 2}, {1, 7}, {4, 6}, {3, 5}], [{8, 2}, {1, 7}, {4, 6}, {5}, {3}], [{8, 2}, {1, 7}, {5, 6}, {3, 4}], [{8, 2}, {3, 7}, {1, 6}, {4, 5}], [{8, 2}, {3, 7}, {4, 6}, {1, 5}], [{8, 2}, {3, 7}, {5, 6}, {1, 4}], [{8, 2}, {3, 7}, {5, 6}, {4}, {1}], [{8, 2}, {3, 7}, {6}, {5}, {1, 4}], [{8, 2}, {4, 7}, {1, 6}, {3, 5}], [{8, 2}, {4, 7}, {3, 6}, {1, 5}], [{8, 2}, {4, 7}, {5, 6}, {1, 3}], [{8, 2}, {5, 7}, {1, 6}, {3, 4}], [{8, 2}, {5, 7}, {1, 6}, {4}, {3}], [{8, 2}, {5, 7}, {3, 6}, {1, 4}], [{8, 2}, {5, 7}, {4, 6}, {1, 3}], [{8, 2}, {6, 7}, {1, 5}, {3, 4}], [{8, 2}, {6, 7}, {1, 5}, {4}, {3}], [{8, 2}, {6, 7}, {3, 5}, {1, 4}], [{8, 2}, {6, 7}, {3, 5}, {4}, {1}], [{8, 2}, {6, 7}, {4, 5}, {1, 3}], [{8, 2}, {6, 7}, {5}, {4}, {1, 3}], [{8, 2}, {7}, {5, 6}, {1, 4}, {3}], [{8, 3}, {1, 7}, {2, 6}, {4, 5}], [{8, 3}, {1, 7}, {4, 6}, {2, 5}], [{8, 3}, {1, 7}, {4, 6}, {5}, {2}], [{8, 3}, {1, 7}, {5, 6}, {2, 4}], [{8, 3}, {2, 7}, {1, 6}, {4, 5}], [{8, 3}, {2, 7}, {4, 6}, {1, 5}], [{8, 3}, {2, 7}, {4, 6}, {5}, {1}], [{8, 3}, {2, 7}, {5, 6}, {1, 4}], [{8, 3}, {4, 7}, {1, 6}, {2, 5}], [{8, 3}, {4, 7}, {2, 6}, {1, 5}], [{8, 3}, {4, 7}, {5, 6}, {1, 2}], [{8, 3}, {4, 7}, {5, 6}, {2}, {1}], [{8, 3}, {4, 7}, {6}, {5}, {1, 2}], [{8, 3}, {5, 7}, {1, 6}, {2, 4}], [{8, 3}, {5, 7}, {2, 6}, {1, 4}], [{8, 3}, {5, 7}, {4, 6}, {1, 2}], [{8, 3}, {5, 7}, {4, 6}, {2}, {1}], [{8, 3}, {5, 7}, {6}, {4}, {1, 2}], [{8, 3}, {6, 7}, {1, 5}, {2, 4}], [{8, 3}, {6, 7}, {2, 5}, {1, 4}], [{8, 3}, {6, 7}, {4, 5}, {1, 2}], [{8, 3}, {6, 7}, {4, 5}, {2}, {1}], [{8, 3}, {6, 7}, {5}, {4}, {1, 2}], [{8, 3}, {7}, {1, 6}, {2, 5}, {4}], [{8, 3}, {7}, {4, 6}, {1, 5}, {2}], [{8, 3}, {7}, {4, 6}, {2, 5}, {1}], [{8, 3}, {7}, {4, 6}, {5}, {1, 2}], [{8, 3}, {7}, {4, 6}, {5}, {2}, {1}], [{8, 3}, {7}, {5, 6}, {4}, {1, 2}], [{8, 3}, {7}, {6}, {2, 5}, {1, 4}], [{8, 3}, {7}, {6}, {4, 5}, {1, 2}], [{8, 4}, {1, 7}, {2, 6}, {3, 5}], [{8, 4}, {1, 7}, {3, 6}, {2, 5}], [{8, 4}, {1, 7}, {3, 6}, {5}, {2}], [{8, 4}, {1, 7}, {5, 6}, {2, 3}], [{8, 4}, {2, 7}, {1, 6}, {3, 5}], [{8, 4}, {2, 7}, {3, 6}, {1, 5}], [{8, 4}, {2, 7}, {3, 6}, {5}, {1}], [{8, 4}, {2, 7}, {5, 6}, {1, 3}], [{8, 4}, {3, 7}, {1, 6}, {2, 5}], [{8, 4}, {3, 7}, {2, 6}, {1, 5}], [{8, 4}, {3, 7}, {5, 6}, {1, 2}], [{8, 4}, {3, 7}, {6}, {2, 5}, {1}], [{8, 4}, {5, 7}, {1, 6}, {2, 3}], [{8, 4}, {5, 7}, {2, 6}, {1, 3}], [{8, 4}, {5, 7}, {3, 6}, {1, 2}], [{8, 4}, {5, 7}, {3, 6}, {2}, {1}], [{8, 4}, {6, 7}, {1, 5}, {2, 3}], [{8, 4}, {6, 7}, {2, 5}, {1, 3}], [{8, 4}, {6, 7}, {2, 5}, {3}, {1}], [{8, 4}, {6, 7}, {3, 5}, {1, 2}], [{8, 4}, {7}, {3, 6}, {1, 5}, {2}], [{8, 4}, {7}, {3, 6}, {2, 5}, {1}], [{8, 4}, {7}, {3, 6}, {5}, {1, 2}], [{8, 4}, {7}, {3, 6}, {5}, {2}, {1}], [{8, 5}, {1, 7}, {2, 6}, {3, 4}], [{8, 5}, {1, 7}, {3, 6}, {2, 4}], [{8, 5}, {1, 7}, {4, 6}, {2, 3}], [{8, 5}, {2, 7}, {1, 6}, {3, 4}], [{8, 5}, {2, 7}, {3, 6}, {1, 4}], [{8, 5}, {2, 7}, {4, 6}, {1, 3}], [{8, 5}, {3, 7}, {1, 6}, {2, 4}], [{8, 5}, {3, 7}, {2, 6}, {1, 4}], [{8, 5}, {3, 7}, {2, 6}, {4}, {1}], [{8, 5}, {3, 7}, {4, 6}, {1, 2}], [{8, 5}, {3, 7}, {6}, {1, 4}, {2}], [{8, 5}, {4, 7}, {1, 6}, {2, 3}], [{8, 5}, {4, 7}, {2, 6}, {1, 3}], [{8, 5}, {4, 7}, {3, 6}, {1, 2}], [{8, 5}, {6, 7}, {1, 4}, {2, 3}], [{8, 5}, {6, 7}, {2, 4}, {1, 3}], [{8, 5}, {6, 7}, {3, 4}, {1, 2}], [{8, 5}, {6, 7}, {3, 4}, {2}, {1}], [{8, 5}, {7}, {1, 6}, {4}, {2, 3}], [{8, 5}, {7}, {2, 6}, {1, 4}, {3}], [{8, 5}, {7}, {3, 6}, {4}, {1, 2}], [{8, 6}, {1, 7}, {2, 5}, {3, 4}], [{8, 6}, {1, 7}, {3, 5}, {2, 4}], [{8, 6}, {1, 7}, {4, 5}, {2, 3}], [{8, 6}, {2, 7}, {1, 5}, {3, 4}], [{8, 6}, {2, 7}, {3, 5}, {1, 4}], [{8, 6}, {2, 7}, {4, 5}, {1, 3}], [{8, 6}, {3, 7}, {1, 5}, {2, 4}], [{8, 6}, {3, 7}, {2, 5}, {1, 4}], [{8, 6}, {3, 7}, {2, 5}, {4}, {1}], [{8, 6}, {3, 7}, {4, 5}, {1, 2}], [{8, 6}, {3, 7}, {5}, {1, 4}, {2}], [{8, 6}, {4, 7}, {1, 5}, {2, 3}], [{8, 6}, {4, 7}, {2, 5}, {1, 3}], [{8, 6}, {4, 7}, {3, 5}, {1, 2}], [{8, 6}, {5, 7}, {1, 4}, {2, 3}], [{8, 6}, {5, 7}, {2, 4}, {1, 3}], [{8, 6}, {5, 7}, {3, 4}, {1, 2}], [{8, 6}, {7}, {2, 5}, {1, 4}, {3}], [{8, 6}, {7}, {4, 5}, {3}, {1, 2}], [{8, 7}, {1, 6}, {2, 5}, {3, 4}], [{8, 7}, {1, 6}, {2, 5}, {4}, {3}], [{8, 7}, {1, 6}, {3, 5}, {2, 4}], [{8, 7}, {1, 6}, {4, 5}, {2, 3}], [{8, 7}, {2, 6}, {1, 5}, {3, 4}], [{8, 7}, {2, 6}, {1, 5}, {4}, {3}], [{8, 7}, {2, 6}, {3, 5}, {1, 4}], [{8, 7}, {2, 6}, {4, 5}, {1, 3}], [{8, 7}, {3, 6}, {1, 5}, {2, 4}], [{8, 7}, {3, 6}, {2, 5}, {1, 4}], [{8, 7}, {3, 6}, {4, 5}, {1, 2}], [{8, 7}, {4, 6}, {1, 5}, {2, 3}], [{8, 7}, {4, 6}, {2, 5}, {1, 3}], [{8, 7}, {4, 6}, {2, 5}, {3}, {1}], [{8, 7}, {4, 6}, {3, 5}, {1, 2}], [{8, 7}, {5, 6}, {1, 4}, {2, 3}], [{8, 7}, {5, 6}, {2, 4}, {1, 3}], [{8, 7}, {5, 6}, {3, 4}, {1, 2}], [{8, 7}, {6}, {2, 5}, {1, 4}, {3}], [{8, 7}, {6}, {4, 5}, {3}, {1, 2}], [{8}, {1, 7}, {4, 6}, {5}, {2, 3}], [{8}, {1, 7}, {6}, {2, 5}, {3, 4}], [{8}, {2, 7}, {4, 6}, {5}, {1, 3}], [{8}, {2, 7}, {6}, {3, 5}, {1, 4}], [{8}, {3, 7}, {1, 6}, {2, 5}, {4}], [{8}, {3, 7}, {2, 6}, {5}, {1, 4}], [{8}, {3, 7}, {4, 6}, {2, 5}, {1}], [{8}, {3, 7}, {5, 6}, {1, 4}, {2}], [{8}, {3, 7}, {6}, {1, 5}, {2, 4}], [{8}, {3, 7}, {6}, {2, 5}, {1, 4}], [{8}, {3, 7}, {6}, {2, 5}, {4}, {1}], [{8}, {3, 7}, {6}, {4, 5}, {1, 2}], [{8}, {3, 7}, {6}, {5}, {1, 4}, {2}], [{8}, {4, 7}, {5, 6}, {3}, {1, 2}], [{8}, {4, 7}, {6}, {1, 5}, {2, 3}], [{8}, {4, 7}, {6}, {2, 5}, {1, 3}], [{8}, {5, 7}, {4, 6}, {3}, {1, 2}], [{8}, {5, 7}, {6}, {1, 4}, {2, 3}], [{8}, {5, 7}, {6}, {2, 4}, {1, 3}], [{8}, {6, 7}, {2, 5}, {1, 4}, {3}], [{8}, {6, 7}, {4, 5}, {3}, {1, 2}], [{8}, {7}, {3, 6}, {2, 5}, {1, 4}], [{8}, {7}, {3, 6}, {4, 5}, {1, 2}], [{8}, {7}, {6}, {2, 5}, {1, 4}, {3}], [{8}, {7}, {6}, {4, 5}, {3}, {1, 2}]]",2,16 K_1^3 - 30 K_1^2 - 18 K_1 K_2 - 3 K_1 + 15 K_2 + 5 K_3 + 16,O1O2O3O4U1U5O6U7U4O5O7U2U8U6O8U3,O1O2O3U4U5O6O4U1O5O7U6U8U3U7O8U2,O1O2O3U2O4U5U1U4U6O5O7U3O8O6U7U8,c,{'O1O2O3O4U2O5U6U5U3O7O8U1U7O6U8U4'},1,"<a href=""/flatknot/8.704161"">8.704161</a>",t^9-46t^7-96t^6+129t^5+286t^4-52t^3-150t^2-12t-48,-t^3+3t^2-3t,,
8.704162,O1O2O3O4U2O5U6U5U3O7O8U1U8O6U7U4,4,4z^3+37z^2+110z+105,4w^4z^3+37w^3z^2+110w^2z+105w,False,False,"[[ 0 -2 -2  1  3  1 -2  0  1],[ 2  0 -1  1  4  0 -1  1  1],[ 2  1  0  1  2  0  1  0  0],[-1 -1 -1  0  0  0 -2 -1  0],[-3 -4 -2  0  0  1 -3 -1  0],[-1  0  0  0 -1  0 -1 -1  0],[ 2  1 -1  2  3  1  0  0  1],[ 0 -1  0  1  1  1  0  0  0],[-1 -1  0  0  0  0 -1  0  0]]","[[ 0  3  1  1  1  0 -2 -2 -2],[-3  0  1  0  0 -1 -2 -3 -4],[-1 -1  0  0  0 -1  0 -1  0],[-1  0  0  0  0  0  0 -1 -1],[-1  0  0  0  0 -1 -1 -2 -1],[ 0  1  1  0  1  0  0  0 -1],[ 2  2  0  0  1  0  0  1  1],[ 2  3  1  1  2  0 -1  0  1],[ 2  4  0  1  1  1 -1 -1  0]]",True,"[-3,-1,-1,-1,0,2,2,2,-1,0,0,1,2,3,4,0,0,1,0,1,0,0,0,0,1,1,1,1,2,1,0,0,1,-1,-1,-1]","[-3,-1,-1,-1,0,2,2,2,-1,0,0,1,2,3,4,0,0,1,0,1,0,0,0,0,1,1,1,1,2,1,0,0,1,-1,-1,-1]",t^8+46t^6+176t^4+92t^2+1,"[-2,-2,-2,0,1,1,1,3,-1,-1,2,2,3,3,3,-1,2,1,2,2,2,1,2,2,3,1,0,1,0,2,0,0,2,0,2,3]","[-3,-1,-1,-1,0,2,2,2,2,2,3,2,1,2,3,0,0,0,2,1,2,0,1,2,2,3,0,3,2,3,1,2,2,-1,-1,-1]","[-2,-2,-2,0,1,1,1,3,-1,-1,1,0,1,1,4,-1,0,1,1,2,3,0,0,0,1,2,1,0,1,1,0,0,-1,0,0,0]",c,"[[{8, 2}, {3, 7}, {1, 6}, {4, 5}]]",1,- 8 K_1^4 + 8 K_1^3 + 24 K_1^2 K_2 - 16 K_1^2 - 18 K_1 K_2 - 14 K_1 K_3 + 3 K_1 + 7 K_2 + 7 K_3 + 2 K_4 + 6,O1O2O3O4U1U5O6U7U4O7O5U2U8U6O8U3,O1O2O3U4U5O6O5U1O4O7U6U8U3U7O8U2,O1O2O3U2O4U5U1U4U6O5O7U3O8O6U8U7,c,{'O1O2O3O4U2O5U6U5U3O7O8U1U8O6U7U4'},1,"<a href=""/flatknot/8.704162"">8.704162</a>",t^9-46t^7-102t^6+77t^5+214t^4-28t^3-58t^2+2,-t^3+3t^2-3t,,
8.704163,O1O2O3O4U2O5U6U5U3O7O8U4U1O6U7U8,4,19z^2+72z+69,19w^3z^2+72w^2z+69w,False,False,"[[ 0 -1 -2  1  1  1 -2  0  2],[ 1  0 -2  0  2  0 -2  1  2],[ 2  2  0  1  2  0  0  1  1],[-1  0 -1  0  1  0 -3  0  0],[-1 -2 -2 -1  0  0 -2  0  1],[-1  0  0  0  0  0 -1 -1 -1],[ 2  2  0  3  2  1  0  0  1],[ 0 -1 -1  0  0  1  0  0  1],[-2 -2 -1  0 -1  1 -1 -1  0]]","[[ 0  2  1  1  1  0 -1 -2 -2],[-2  0  1  0 -1 -1 -2 -1 -1],[-1 -1  0  0  0 -1  0  0 -1],[-1  0  0  0  1  0  0 -1 -3],[-1  1  0 -1  0  0 -2 -2 -2],[ 0  1  1  0  0  0 -1 -1  0],[ 1  2  0  0  2  1  0 -2 -2],[ 2  1  0  1  2  1  2  0  0],[ 2  1  1  3  2  0  2  0  0]]",True,"[-2,-1,-1,-1,0,1,2,2,-1,0,1,1,2,1,1,0,0,1,0,0,1,-1,0,0,1,3,0,2,2,2,1,1,0,2,2,0]","[-2,-2,-1,0,1,1,1,2,0,-1,1,1,2,3,3,-1,2,1,0,2,3,0,0,2,2,1,1,1,0,1,1,0,0,0,1,2]",t^8+44t^6+279t^4+63t^2,"[-2,-2,-1,0,1,1,1,2,0,-1,1,1,2,3,3,-1,2,1,0,2,3,0,0,2,2,1,1,1,0,1,1,0,0,0,1,2]","[-2,-1,-1,-1,0,1,2,2,0,1,2,1,1,3,3,-1,0,1,0,1,1,0,1,2,0,2,0,2,2,3,0,2,1,-1,-1,0]","[-2,-2,-1,0,1,1,1,2,0,2,0,1,2,3,1,2,1,0,2,1,1,1,0,2,0,2,1,0,0,1,0,0,-1,-1,1,0]",c,"[[{8, 1}, {2, 7}, {3, 6}, {4, 5}], [{8, 1}, {2, 7}, {4, 6}, {3, 5}], [{8, 1}, {2, 7}, {5, 6}, {3, 4}], [{8, 1}, {2, 7}, {6}, {5}, {3, 4}], [{8, 1}, {3, 7}, {2, 6}, {4, 5}], [{8, 1}, {3, 7}, {2, 6}, {5}, {4}], [{8, 1}, {3, 7}, {4, 6}, {2, 5}], [{8, 1}, {3, 7}, {4, 6}, {5}, {2}], [{8, 1}, {3, 7}, {5, 6}, {2, 4}], [{8, 1}, {3, 7}, {6}, {5}, {2, 4}], [{8, 1}, {4, 7}, {2, 6}, {3, 5}], [{8, 1}, {4, 7}, {3, 6}, {2, 5}], [{8, 1}, {4, 7}, {5, 6}, {2, 3}], [{8, 1}, {5, 7}, {2, 6}, {3, 4}], [{8, 1}, {5, 7}, {3, 6}, {2, 4}], [{8, 1}, {5, 7}, {4, 6}, {2, 3}], [{8, 1}, {5, 7}, {6}, {3, 4}, {2}], [{8, 1}, {6, 7}, {2, 5}, {3, 4}], [{8, 1}, {6, 7}, {3, 5}, {2, 4}], [{8, 1}, {6, 7}, {4, 5}, {2, 3}], [{8, 1}, {7}, {3, 6}, {2, 5}, {4}], [{8, 1}, {7}, {4, 6}, {2, 5}, {3}], [{8, 1}, {7}, {6}, {2, 5}, {3, 4}], [{8, 2}, {1, 7}, {3, 6}, {4, 5}], [{8, 2}, {1, 7}, {4, 6}, {3, 5}], [{8, 2}, {1, 7}, {5, 6}, {3, 4}], [{8, 2}, {3, 7}, {1, 6}, {4, 5}], [{8, 2}, {3, 7}, {1, 6}, {5}, {4}], [{8, 2}, {3, 7}, {4, 6}, {1, 5}], [{8, 2}, {3, 7}, {4, 6}, {5}, {1}], [{8, 2}, {3, 7}, {5, 6}, {1, 4}], [{8, 2}, {3, 7}, {6}, {5}, {1, 4}], [{8, 2}, {4, 7}, {1, 6}, {3, 5}], [{8, 2}, {4, 7}, {3, 6}, {1, 5}], [{8, 2}, {4, 7}, {5, 6}, {1, 3}], [{8, 2}, {5, 7}, {1, 6}, {3, 4}], [{8, 2}, {5, 7}, {3, 6}, {1, 4}], [{8, 2}, {5, 7}, {4, 6}, {1, 3}], [{8, 2}, {6, 7}, {1, 5}, {3, 4}], [{8, 2}, {6, 7}, {3, 5}, {1, 4}], [{8, 2}, {6, 7}, {4, 5}, {1, 3}], [{8, 2}, {7}, {3, 6}, {1, 5}, {4}], [{8, 2}, {7}, {4, 6}, {1, 5}, {3}], [{8, 2}, {7}, {6}, {1, 5}, {3, 4}], [{8, 3}, {1, 7}, {2, 6}, {4, 5}], [{8, 3}, {1, 7}, {4, 6}, {2, 5}], [{8, 3}, {1, 7}, {4, 6}, {5}, {2}], [{8, 3}, {1, 7}, {5, 6}, {2, 4}], [{8, 3}, {2, 7}, {1, 6}, {4, 5}], [{8, 3}, {2, 7}, {4, 6}, {1, 5}], [{8, 3}, {2, 7}, {5, 6}, {1, 4}], [{8, 3}, {4, 7}, {1, 6}, {2, 5}], [{8, 3}, {4, 7}, {1, 6}, {5}, {2}], [{8, 3}, {4, 7}, {2, 6}, {1, 5}], [{8, 3}, {4, 7}, {5, 6}, {1, 2}], [{8, 3}, {5, 7}, {1, 6}, {2, 4}], [{8, 3}, {5, 7}, {2, 6}, {1, 4}], [{8, 3}, {5, 7}, {4, 6}, {1, 2}], [{8, 3}, {5, 7}, {6}, {2, 4}, {1}], [{8, 3}, {6, 7}, {1, 5}, {2, 4}], [{8, 3}, {6, 7}, {2, 5}, {1, 4}], [{8, 3}, {6, 7}, {4, 5}, {1, 2}], [{8, 3}, {6, 7}, {5}, {2, 4}, {1}], [{8, 3}, {7}, {5, 6}, {2, 4}, {1}], [{8, 4}, {1, 7}, {2, 6}, {3, 5}], [{8, 4}, {1, 7}, {3, 6}, {2, 5}], [{8, 4}, {1, 7}, {5, 6}, {2, 3}], [{8, 4}, {1, 7}, {6}, {2, 5}, {3}], [{8, 4}, {2, 7}, {1, 6}, {3, 5}], [{8, 4}, {2, 7}, {3, 6}, {1, 5}], [{8, 4}, {2, 7}, {5, 6}, {1, 3}], [{8, 4}, {3, 7}, {1, 6}, {2, 5}], [{8, 4}, {3, 7}, {1, 6}, {5}, {2}], [{8, 4}, {3, 7}, {2, 6}, {1, 5}], [{8, 4}, {3, 7}, {2, 6}, {5}, {1}], [{8, 4}, {3, 7}, {5, 6}, {1, 2}], [{8, 4}, {3, 7}, {6}, {5}, {1, 2}], [{8, 4}, {5, 7}, {1, 6}, {2, 3}], [{8, 4}, {5, 7}, {2, 6}, {1, 3}], [{8, 4}, {5, 7}, {2, 6}, {3}, {1}], [{8, 4}, {5, 7}, {3, 6}, {1, 2}], [{8, 4}, {5, 7}, {6}, {1, 3}, {2}], [{8, 4}, {6, 7}, {1, 5}, {2, 3}], [{8, 4}, {6, 7}, {2, 5}, {1, 3}], [{8, 4}, {6, 7}, {3, 5}, {1, 2}], [{8, 4}, {7}, {2, 6}, {3, 5}, {1}], [{8, 5}, {1, 7}, {2, 6}, {3, 4}], [{8, 5}, {1, 7}, {3, 6}, {2, 4}], [{8, 5}, {1, 7}, {3, 6}, {4}, {2}], [{8, 5}, {1, 7}, {4, 6}, {2, 3}], [{8, 5}, {2, 7}, {1, 6}, {3, 4}], [{8, 5}, {2, 7}, {3, 6}, {1, 4}], [{8, 5}, {2, 7}, {3, 6}, {4}, {1}], [{8, 5}, {2, 7}, {4, 6}, {1, 3}], [{8, 5}, {3, 7}, {1, 6}, {2, 4}], [{8, 5}, {3, 7}, {2, 6}, {1, 4}], [{8, 5}, {3, 7}, {4, 6}, {1, 2}], [{8, 5}, {3, 7}, {6}, {2, 4}, {1}], [{8, 5}, {4, 7}, {1, 6}, {2, 3}], [{8, 5}, {4, 7}, {2, 6}, {1, 3}], [{8, 5}, {4, 7}, {3, 6}, {1, 2}], [{8, 5}, {4, 7}, {3, 6}, {2}, {1}], [{8, 5}, {6, 7}, {1, 4}, {2, 3}], [{8, 5}, {6, 7}, {2, 4}, {1, 3}], [{8, 5}, {6, 7}, {2, 4}, {3}, {1}], [{8, 5}, {6, 7}, {3, 4}, {1, 2}], [{8, 5}, {7}, {3, 6}, {1, 4}, {2}], [{8, 5}, {7}, {3, 6}, {2, 4}, {1}], [{8, 5}, {7}, {3, 6}, {4}, {1, 2}], [{8, 5}, {7}, {3, 6}, {4}, {2}, {1}], [{8, 5}, {7}, {4, 6}, {3}, {1, 2}], [{8, 5}, {7}, {6}, {3, 4}, {1, 2}], [{8, 6}, {1, 7}, {2, 5}, {3, 4}], [{8, 6}, {1, 7}, {3, 5}, {2, 4}], [{8, 6}, {1, 7}, {4, 5}, {2, 3}], [{8, 6}, {2, 7}, {1, 5}, {3, 4}], [{8, 6}, {2, 7}, {3, 5}, {1, 4}], [{8, 6}, {2, 7}, {4, 5}, {1, 3}], [{8, 6}, {3, 7}, {1, 5}, {2, 4}], [{8, 6}, {3, 7}, {1, 5}, {4}, {2}], [{8, 6}, {3, 7}, {2, 5}, {1, 4}], [{8, 6}, {3, 7}, {2, 5}, {4}, {1}], [{8, 6}, {3, 7}, {4, 5}, {1, 2}], [{8, 6}, {3, 7}, {4, 5}, {2}, {1}], [{8, 6}, {3, 7}, {5}, {1, 4}, {2}], [{8, 6}, {3, 7}, {5}, {2, 4}, {1}], [{8, 6}, {3, 7}, {5}, {4}, {1, 2}], [{8, 6}, {3, 7}, {5}, {4}, {2}, {1}], [{8, 6}, {4, 7}, {1, 5}, {2, 3}], [{8, 6}, {4, 7}, {2, 5}, {1, 3}], [{8, 6}, {4, 7}, {3, 5}, {1, 2}], [{8, 6}, {5, 7}, {1, 4}, {2, 3}], [{8, 6}, {5, 7}, {2, 4}, {1, 3}], [{8, 6}, {5, 7}, {2, 4}, {3}, {1}], [{8, 6}, {5, 7}, {3, 4}, {1, 2}], [{8, 6}, {7}, {3, 5}, {2, 4}, {1}], [{8, 7}, {1, 6}, {2, 5}, {3, 4}], [{8, 7}, {1, 6}, {3, 5}, {2, 4}], [{8, 7}, {1, 6}, {4, 5}, {2, 3}], [{8, 7}, {2, 6}, {1, 5}, {3, 4}], [{8, 7}, {2, 6}, {3, 5}, {1, 4}], [{8, 7}, {2, 6}, {4, 5}, {1, 3}], [{8, 7}, {3, 6}, {1, 5}, {2, 4}], [{8, 7}, {3, 6}, {2, 5}, {1, 4}], [{8, 7}, {3, 6}, {4, 5}, {1, 2}], [{8, 7}, {3, 6}, {5}, {2, 4}, {1}], [{8, 7}, {4, 6}, {1, 5}, {2, 3}], [{8, 7}, {4, 6}, {2, 5}, {1, 3}], [{8, 7}, {4, 6}, {3, 5}, {1, 2}], [{8, 7}, {5, 6}, {1, 4}, {2, 3}], [{8, 7}, {5, 6}, {2, 4}, {1, 3}], [{8, 7}, {5, 6}, {2, 4}, {3}, {1}], [{8, 7}, {5, 6}, {3, 4}, {1, 2}], [{8, 7}, {6}, {1, 5}, {4}, {2, 3}], [{8, 7}, {6}, {2, 5}, {4}, {1, 3}], [{8, 7}, {6}, {3, 5}, {2, 4}, {1}], [{8}, {2, 7}, {4, 6}, {5}, {1, 3}], [{8}, {3, 7}, {1, 6}, {5}, {2, 4}], [{8}, {3, 7}, {2, 6}, {5}, {1, 4}], [{8}, {3, 7}, {4, 6}, {5}, {1, 2}], [{8}, {3, 7}, {5, 6}, {2, 4}, {1}], [{8}, {3, 7}, {6}, {1, 5}, {2, 4}], [{8}, {3, 7}, {6}, {5}, {2, 4}, {1}], [{8}, {4, 7}, {1, 6}, {2, 5}, {3}], [{8}, {4, 7}, {5, 6}, {2, 3}, {1}], [{8}, {5, 7}, {1, 6}, {4}, {2, 3}], [{8}, {5, 7}, {2, 6}, {4}, {1, 3}], [{8}, {5, 7}, {3, 6}, {2, 4}, {1}], [{8}, {5, 7}, {4, 6}, {2, 3}, {1}], [{8}, {5, 7}, {6}, {1, 4}, {2, 3}], [{8}, {6, 7}, {1, 5}, {3, 4}, {2}], [{8}, {6, 7}, {2, 5}, {1, 4}, {3}], [{8}, {6, 7}, {3, 5}, {2, 4}, {1}], [{8}, {6, 7}, {4, 5}, {1, 3}, {2}]]",2,24 K_1^3 + 8 K_1^2 K_2 - 22 K_1^2 - 24 K_1 K_2 - 8 K_1 K_3 - 6 K_1 + 11 K_2 + 6 K_3 + 2 K_4 + 10,O1O2O3O4U5U6O7U4U1O5O6U2U8U7O8U3,O1O2O3U4U5O6O7U1O4O5U7U8U3U6O8U2,O1O2O3U2O4U5U1U4U6O7O8U3O6O5U7U8,c,"{'O1O2O3O4U2O5U6U5U3O7O8U4U1O6U7U8', 'O1O2O3U1O4O5U6U5U3O7O8U2U4O6U7U8'}",2,"<a href=""/flatknot/8.704163"">8.704163</a>",t^9-46t^7-100t^6+138t^5+434t^4+269t^3+74t^2-25t-64,t^2-2t,,
8.704164,O1O2O3O4U2O5U6U5U3O7O8U4U1O6U8U7,3,14z^2+47z+39,-8w^4z^2+22w^3z^2-12w^3z+59w^2z+39w,False,False,"[[ 0 -1 -2  1  1  1 -2  1  1],[ 1  0 -2  0  2  0 -2  2  1],[ 2  2  0  1  2  0  0  1  1],[-1  0 -1  0  1  0 -3  0  0],[-1 -2 -2 -1  0  0 -2  1  0],[-1  0  0  0  0  0 -1 -1 -1],[ 2  2  0  3  2  1  0  0  1],[-1 -2 -1  0 -1  1  0  0  0],[-1 -1 -1  0  0  1 -1  0  0]]","[[ 0  1  1  1  1  1 -1 -2 -2],[-1  0  1  0  0  0  0 -1 -3],[-1 -1  0  1  0  0 -2 -2 -2],[-1  0 -1  0  1  0 -2 -1  0],[-1  0  0 -1  0 -1  0  0 -1],[-1  0  0  0  1  0 -1 -1 -1],[ 1  0  2  2  0  1  0 -2 -2],[ 2  1  2  1  0  1  2  0  0],[ 2  3  2  0  1  1  2  0  0]]",True,"[-1,-1,-1,-1,-1,1,2,2,-1,0,0,0,0,1,3,-1,0,0,2,2,2,-1,0,2,1,0,1,0,0,1,1,1,1,2,2,0]","[-2,-2,-1,1,1,1,1,1,0,-1,0,1,2,2,3,-1,2,1,2,3,2,2,0,1,2,0,-1,0,0,0,0,0,-1,-1,0,1]",t^8+43t^6+255t^4+62t^2,"[-2,-2,-1,1,1,1,1,1,0,-1,0,1,2,2,3,-1,2,1,2,3,2,2,0,1,2,0,-1,0,0,0,0,0,-1,-1,0,1]","[-1,-1,-1,-1,-1,1,2,2,-1,-1,0,0,2,2,3,0,-1,0,0,3,2,0,0,1,2,2,-1,0,1,1,2,0,2,-1,-1,0]","[-2,-2,-1,1,1,1,1,1,0,2,0,1,1,1,2,2,1,0,1,3,2,0,2,1,0,2,-1,-1,0,0,0,0,-1,0,0,1]",c,"[[{8, 1}, {2, 7}, {3, 6}, {4, 5}], [{8, 1}, {2, 7}, {4, 6}, {3, 5}], [{8, 1}, {2, 7}, {5, 6}, {3, 4}], [{8, 1}, {2, 7}, {5, 6}, {4}, {3}], [{8, 1}, {2, 7}, {6}, {5}, {3, 4}], [{8, 1}, {3, 7}, {2, 6}, {4, 5}], [{8, 1}, {3, 7}, {4, 6}, {2, 5}], [{8, 1}, {3, 7}, {4, 6}, {5}, {2}], [{8, 1}, {3, 7}, {5, 6}, {2, 4}], [{8, 1}, {4, 7}, {2, 6}, {3, 5}], [{8, 1}, {4, 7}, {3, 6}, {2, 5}], [{8, 1}, {4, 7}, {3, 6}, {5}, {2}], [{8, 1}, {4, 7}, {5, 6}, {2, 3}], [{8, 1}, {5, 7}, {2, 6}, {3, 4}], [{8, 1}, {5, 7}, {3, 6}, {2, 4}], [{8, 1}, {5, 7}, {4, 6}, {2, 3}], [{8, 1}, {5, 7}, {6}, {3, 4}, {2}], [{8, 1}, {6, 7}, {2, 5}, {3, 4}], [{8, 1}, {6, 7}, {3, 5}, {2, 4}], [{8, 1}, {6, 7}, {4, 5}, {2, 3}], [{8, 1}, {6, 7}, {5}, {3, 4}, {2}], [{8, 1}, {7}, {2, 6}, {5}, {3, 4}], [{8, 1}, {7}, {5, 6}, {3, 4}, {2}], [{8, 1}, {7}, {6}, {2, 5}, {3, 4}], [{8, 1}, {7}, {6}, {5}, {3, 4}, {2}], [{8, 2}, {1, 7}, {3, 6}, {4, 5}], [{8, 2}, {1, 7}, {4, 6}, {3, 5}], [{8, 2}, {1, 7}, {5, 6}, {3, 4}], [{8, 2}, {1, 7}, {5, 6}, {4}, {3}], [{8, 2}, {3, 7}, {1, 6}, {4, 5}], [{8, 2}, {3, 7}, {4, 6}, {1, 5}], [{8, 2}, {3, 7}, {4, 6}, {5}, {1}], [{8, 2}, {3, 7}, {5, 6}, {1, 4}], [{8, 2}, {4, 7}, {1, 6}, {3, 5}], [{8, 2}, {4, 7}, {3, 6}, {1, 5}], [{8, 2}, {4, 7}, {3, 6}, {5}, {1}], [{8, 2}, {4, 7}, {5, 6}, {1, 3}], [{8, 2}, {5, 7}, {1, 6}, {3, 4}], [{8, 2}, {5, 7}, {3, 6}, {1, 4}], [{8, 2}, {5, 7}, {4, 6}, {1, 3}], [{8, 2}, {6, 7}, {1, 5}, {3, 4}], [{8, 2}, {6, 7}, {3, 5}, {1, 4}], [{8, 2}, {6, 7}, {4, 5}, {1, 3}], [{8, 2}, {6, 7}, {5}, {3, 4}, {1}], [{8, 2}, {7}, {6}, {4, 5}, {1, 3}], [{8, 3}, {1, 7}, {2, 6}, {4, 5}], [{8, 3}, {1, 7}, {4, 6}, {2, 5}], [{8, 3}, {1, 7}, {4, 6}, {5}, {2}], [{8, 3}, {1, 7}, {5, 6}, {2, 4}], [{8, 3}, {2, 7}, {1, 6}, {4, 5}], [{8, 3}, {2, 7}, {4, 6}, {1, 5}], [{8, 3}, {2, 7}, {5, 6}, {1, 4}], [{8, 3}, {4, 7}, {1, 6}, {2, 5}], [{8, 3}, {4, 7}, {1, 6}, {5}, {2}], [{8, 3}, {4, 7}, {2, 6}, {1, 5}], [{8, 3}, {4, 7}, {5, 6}, {1, 2}], [{8, 3}, {5, 7}, {1, 6}, {2, 4}], [{8, 3}, {5, 7}, {2, 6}, {1, 4}], [{8, 3}, {5, 7}, {4, 6}, {1, 2}], [{8, 3}, {5, 7}, {6}, {2, 4}, {1}], [{8, 3}, {6, 7}, {1, 5}, {2, 4}], [{8, 3}, {6, 7}, {2, 5}, {1, 4}], [{8, 3}, {6, 7}, {4, 5}, {1, 2}], [{8, 3}, {6, 7}, {5}, {2, 4}, {1}], [{8, 3}, {7}, {5, 6}, {2, 4}, {1}], [{8, 3}, {7}, {6}, {2, 5}, {1, 4}], [{8, 4}, {1, 7}, {2, 6}, {3, 5}], [{8, 4}, {1, 7}, {3, 6}, {2, 5}], [{8, 4}, {1, 7}, {3, 6}, {5}, {2}], [{8, 4}, {1, 7}, {5, 6}, {2, 3}], [{8, 4}, {1, 7}, {6}, {2, 5}, {3}], [{8, 4}, {2, 7}, {1, 6}, {3, 5}], [{8, 4}, {2, 7}, {3, 6}, {1, 5}], [{8, 4}, {2, 7}, {5, 6}, {1, 3}], [{8, 4}, {2, 7}, {6}, {5}, {1, 3}], [{8, 4}, {3, 7}, {1, 6}, {2, 5}], [{8, 4}, {3, 7}, {1, 6}, {5}, {2}], [{8, 4}, {3, 7}, {2, 6}, {1, 5}], [{8, 4}, {3, 7}, {5, 6}, {1, 2}], [{8, 4}, {3, 7}, {6}, {2, 5}, {1}], [{8, 4}, {5, 7}, {1, 6}, {2, 3}], [{8, 4}, {5, 7}, {2, 6}, {1, 3}], [{8, 4}, {5, 7}, {3, 6}, {1, 2}], [{8, 4}, {5, 7}, {6}, {1, 3}, {2}], [{8, 4}, {6, 7}, {1, 5}, {2, 3}], [{8, 4}, {6, 7}, {2, 5}, {1, 3}], [{8, 4}, {6, 7}, {2, 5}, {3}, {1}], [{8, 4}, {6, 7}, {3, 5}, {1, 2}], [{8, 4}, {6, 7}, {5}, {1, 3}, {2}], [{8, 4}, {7}, {1, 6}, {2, 5}, {3}], [{8, 4}, {7}, {2, 6}, {5}, {1, 3}], [{8, 4}, {7}, {3, 6}, {2, 5}, {1}], [{8, 4}, {7}, {5, 6}, {1, 3}, {2}], [{8, 4}, {7}, {6}, {1, 5}, {2, 3}], [{8, 4}, {7}, {6}, {2, 5}, {1, 3}], [{8, 4}, {7}, {6}, {2, 5}, {3}, {1}], [{8, 4}, {7}, {6}, {3, 5}, {1, 2}], [{8, 4}, {7}, {6}, {5}, {1, 3}, {2}], [{8, 5}, {1, 7}, {2, 6}, {3, 4}], [{8, 5}, {1, 7}, {3, 6}, {2, 4}], [{8, 5}, {1, 7}, {4, 6}, {2, 3}], [{8, 5}, {1, 7}, {6}, {2, 4}, {3}], [{8, 5}, {2, 7}, {1, 6}, {3, 4}], [{8, 5}, {2, 7}, {3, 6}, {1, 4}], [{8, 5}, {2, 7}, {4, 6}, {1, 3}], [{8, 5}, {3, 7}, {1, 6}, {2, 4}], [{8, 5}, {3, 7}, {2, 6}, {1, 4}], [{8, 5}, {3, 7}, {4, 6}, {1, 2}], [{8, 5}, {3, 7}, {6}, {2, 4}, {1}], [{8, 5}, {4, 7}, {1, 6}, {2, 3}], [{8, 5}, {4, 7}, {2, 6}, {1, 3}], [{8, 5}, {4, 7}, {3, 6}, {1, 2}], [{8, 5}, {6, 7}, {1, 4}, {2, 3}], [{8, 5}, {6, 7}, {2, 4}, {1, 3}], [{8, 5}, {6, 7}, {2, 4}, {3}, {1}], [{8, 5}, {6, 7}, {3, 4}, {1, 2}], [{8, 5}, {7}, {1, 6}, {2, 4}, {3}], [{8, 5}, {7}, {3, 6}, {2, 4}, {1}], [{8, 5}, {7}, {6}, {2, 4}, {1, 3}], [{8, 5}, {7}, {6}, {2, 4}, {3}, {1}], [{8, 6}, {1, 7}, {2, 5}, {3, 4}], [{8, 6}, {1, 7}, {3, 5}, {2, 4}], [{8, 6}, {1, 7}, {4, 5}, {2, 3}], [{8, 6}, {1, 7}, {5}, {4}, {2, 3}], [{8, 6}, {2, 7}, {1, 5}, {3, 4}], [{8, 6}, {2, 7}, {3, 5}, {1, 4}], [{8, 6}, {2, 7}, {4, 5}, {1, 3}], [{8, 6}, {2, 7}, {5}, {4}, {1, 3}], [{8, 6}, {3, 7}, {1, 5}, {2, 4}], [{8, 6}, {3, 7}, {2, 5}, {1, 4}], [{8, 6}, {3, 7}, {4, 5}, {1, 2}], [{8, 6}, {3, 7}, {5}, {2, 4}, {1}], [{8, 6}, {4, 7}, {1, 5}, {2, 3}], [{8, 6}, {4, 7}, {2, 5}, {1, 3}], [{8, 6}, {4, 7}, {3, 5}, {1, 2}], [{8, 6}, {5, 7}, {1, 4}, {2, 3}], [{8, 6}, {5, 7}, {1, 4}, {3}, {2}], [{8, 6}, {5, 7}, {2, 4}, {1, 3}], [{8, 6}, {5, 7}, {2, 4}, {3}, {1}], [{8, 6}, {5, 7}, {3, 4}, {1, 2}], [{8, 6}, {5, 7}, {3, 4}, {2}, {1}], [{8, 6}, {5, 7}, {4}, {1, 3}, {2}], [{8, 6}, {5, 7}, {4}, {2, 3}, {1}], [{8, 6}, {5, 7}, {4}, {3}, {1, 2}], [{8, 6}, {5, 7}, {4}, {3}, {2}, {1}], [{8, 6}, {7}, {1, 5}, {4}, {2, 3}], [{8, 6}, {7}, {2, 5}, {4}, {1, 3}], [{8, 6}, {7}, {3, 5}, {2, 4}, {1}], [{8, 7}, {1, 6}, {2, 5}, {3, 4}], [{8, 7}, {1, 6}, {3, 5}, {2, 4}], [{8, 7}, {1, 6}, {4, 5}, {2, 3}], [{8, 7}, {2, 6}, {1, 5}, {3, 4}], [{8, 7}, {2, 6}, {3, 5}, {1, 4}], [{8, 7}, {2, 6}, {4, 5}, {1, 3}], [{8, 7}, {3, 6}, {1, 5}, {2, 4}], [{8, 7}, {3, 6}, {2, 5}, {1, 4}], [{8, 7}, {3, 6}, {4, 5}, {1, 2}], [{8, 7}, {3, 6}, {5}, {2, 4}, {1}], [{8, 7}, {4, 6}, {1, 5}, {2, 3}], [{8, 7}, {4, 6}, {2, 5}, {1, 3}], [{8, 7}, {4, 6}, {3, 5}, {1, 2}], [{8, 7}, {5, 6}, {1, 4}, {2, 3}], [{8, 7}, {5, 6}, {2, 4}, {1, 3}], [{8, 7}, {5, 6}, {2, 4}, {3}, {1}], [{8, 7}, {5, 6}, {3, 4}, {1, 2}], [{8, 7}, {6}, {1, 5}, {4}, {2, 3}], [{8, 7}, {6}, {2, 5}, {4}, {1, 3}], [{8, 7}, {6}, {3, 5}, {2, 4}, {1}], [{8}, {1, 7}, {2, 6}, {3, 5}, {4}], [{8}, {1, 7}, {3, 6}, {2, 5}, {4}], [{8}, {2, 7}, {1, 6}, {3, 5}, {4}], [{8}, {2, 7}, {3, 6}, {1, 5}, {4}], [{8}, {2, 7}, {4, 6}, {5}, {1, 3}], [{8}, {2, 7}, {5, 6}, {3, 4}, {1}], [{8}, {3, 7}, {1, 6}, {2, 5}, {4}], [{8}, {3, 7}, {2, 6}, {1, 5}, {4}], [{8}, {3, 7}, {4, 6}, {5}, {1, 2}], [{8}, {3, 7}, {5, 6}, {2, 4}, {1}], [{8}, {4, 7}, {3, 6}, {5}, {1, 2}], [{8}, {4, 7}, {6}, {1, 5}, {2, 3}], [{8}, {4, 7}, {6}, {2, 5}, {1, 3}], [{8}, {5, 7}, {1, 6}, {3, 4}, {2}], [{8}, {5, 7}, {3, 6}, {2, 4}, {1}], [{8}, {5, 7}, {4, 6}, {1, 3}, {2}], [{8}, {6, 7}, {1, 5}, {4}, {2, 3}], [{8}, {6, 7}, {2, 5}, {4}, {1, 3}], [{8}, {6, 7}, {3, 5}, {2, 4}, {1}], [{8}, {6, 7}, {5}, {3, 4}, {1, 2}], [{8}, {7}, {1, 6}, {4, 5}, {2, 3}], [{8}, {7}, {4, 6}, {1, 5}, {2, 3}], [{8}, {7}, {4, 6}, {2, 5}, {1, 3}], [{8}, {7}, {5, 6}, {1, 4}, {2, 3}], [{8}, {7}, {6}, {1, 5}, {4}, {2, 3}], [{8}, {7}, {6}, {2, 5}, {4}, {1, 3}]]",2,1,O1O2O3O4U5U6O7U4U1O6O5U2U8U7O8U3,O1O2O3U4U5O6O7U1O5O4U7U8U3U6O8U2,O1O2O3U2O4U5U1U4U6O7O8U3O6O5U8U7,c,"{'O1O2O3O4U2O5U6U5U3O7O8U4U1O6U8U7', 'O1O2O3U1O4O5U6U5U3O7O8U2U4O6U8U7'}",2,"<a href=""/flatknot/8.704164"">8.704164</a>",t^9-47t^7-86t^6+207t^5+346t^4-146t^3-38t^2+232t+80,2t^2-4t,,
8.704165,O1O2O3O4U2O5U6U5U3O7O8U4U8O6U1U7,4,12z^2+89z+131,12w^3z^2+89w^2z+131w,False,False,"[[ 0 -1 -2  1  1  1 -2  1  1],[ 1  0 -2  1  2  1 -2  1  1],[ 2  2  0  1  2  0  0  1  1],[-1 -1 -1  0  1  0 -3  0  1],[-1 -2 -2 -1  0  0 -3  1  1],[-1 -1  0  0  0  0 -1 -1  0],[ 2  2  0  3  3  1  0  1  1],[-1 -1 -1  0 -1  1 -1  0  0],[-1 -1 -1 -1 -1  0 -1  0  0]]","[[ 0  1  1  1  1  1 -1 -2 -2],[-1  0  1  1  0  0 -1 -1 -3],[-1 -1  0  1  1  0 -2 -2 -3],[-1 -1 -1  0  0  0 -1 -1 -1],[-1  0 -1  0  0  1 -1 -1 -1],[-1  0  0  0 -1  0 -1  0 -1],[ 1  1  2  1  1  1  0 -2 -2],[ 2  1  2  1  1  0  2  0  0],[ 2  3  3  1  1  1  2  0  0]]",True,"[-1,-1,-1,-1,-1,1,2,2,-1,-1,0,0,1,1,3,-1,-1,0,2,2,3,0,0,1,1,1,-1,1,1,1,1,0,1,2,2,0]","[-2,-2,-1,1,1,1,1,1,0,-1,0,0,2,2,2,-1,1,2,2,2,3,0,1,1,1,1,1,-1,-1,0,-1,0,0,0,0,-1]",t^8+49t^6+170t^4+61t^2+1,"[-2,-2,-1,1,1,1,1,1,0,-1,0,0,2,2,2,-1,1,2,2,2,3,0,1,1,1,1,1,-1,-1,0,-1,0,0,0,0,-1]","[-1,-1,-1,-1,-1,1,2,2,-1,-1,0,0,1,2,2,-1,0,1,0,0,1,0,0,1,0,2,-1,1,2,3,1,2,2,-1,-1,0]","[-2,-2,-1,1,1,1,1,1,0,2,0,1,1,1,2,2,1,1,1,3,3,1,1,1,1,2,-1,0,0,0,0,0,-1,-1,-1,1]",c,"[[{8, 1}, {2, 7}, {3, 6}, {4, 5}], [{8, 1}, {2, 7}, {4, 6}, {3, 5}], [{8, 1}, {2, 7}, {5, 6}, {3, 4}], [{8, 1}, {3, 7}, {2, 6}, {4, 5}], [{8, 1}, {3, 7}, {4, 6}, {2, 5}], [{8, 1}, {3, 7}, {5, 6}, {2, 4}], [{8, 1}, {4, 7}, {2, 6}, {3, 5}], [{8, 1}, {4, 7}, {3, 6}, {2, 5}], [{8, 1}, {4, 7}, {3, 6}, {5}, {2}], [{8, 1}, {4, 7}, {5, 6}, {2, 3}], [{8, 1}, {5, 7}, {2, 6}, {3, 4}], [{8, 1}, {5, 7}, {3, 6}, {2, 4}], [{8, 1}, {5, 7}, {4, 6}, {2, 3}], [{8, 1}, {5, 7}, {6}, {4}, {2, 3}], [{8, 1}, {6, 7}, {2, 5}, {3, 4}], [{8, 1}, {6, 7}, {3, 5}, {2, 4}], [{8, 1}, {6, 7}, {4, 5}, {2, 3}], [{8, 1}, {7}, {2, 6}, {4, 5}, {3}], [{8, 1}, {7}, {3, 6}, {2, 5}, {4}], [{8, 1}, {7}, {4, 6}, {5}, {2, 3}], [{8, 2}, {1, 7}, {3, 6}, {4, 5}], [{8, 2}, {1, 7}, {4, 6}, {3, 5}], [{8, 2}, {1, 7}, {5, 6}, {3, 4}], [{8, 2}, {3, 7}, {1, 6}, {4, 5}], [{8, 2}, {3, 7}, {4, 6}, {1, 5}], [{8, 2}, {3, 7}, {5, 6}, {1, 4}], [{8, 2}, {3, 7}, {6}, {5}, {1, 4}], [{8, 2}, {4, 7}, {1, 6}, {3, 5}], [{8, 2}, {4, 7}, {3, 6}, {1, 5}], [{8, 2}, {4, 7}, {5, 6}, {1, 3}], [{8, 2}, {5, 7}, {1, 6}, {3, 4}], [{8, 2}, {5, 7}, {1, 6}, {4}, {3}], [{8, 2}, {5, 7}, {3, 6}, {1, 4}], [{8, 2}, {5, 7}, {4, 6}, {1, 3}], [{8, 2}, {6, 7}, {1, 5}, {3, 4}], [{8, 2}, {6, 7}, {3, 5}, {1, 4}], [{8, 2}, {6, 7}, {3, 5}, {4}, {1}], [{8, 2}, {6, 7}, {4, 5}, {1, 3}], [{8, 2}, {6, 7}, {4, 5}, {3}, {1}], [{8, 2}, {6, 7}, {5}, {3, 4}, {1}], [{8, 2}, {7}, {4, 6}, {5}, {1, 3}], [{8, 3}, {1, 7}, {2, 6}, {4, 5}], [{8, 3}, {1, 7}, {4, 6}, {2, 5}], [{8, 3}, {1, 7}, {5, 6}, {2, 4}], [{8, 3}, {2, 7}, {1, 6}, {4, 5}], [{8, 3}, {2, 7}, {1, 6}, {5}, {4}], [{8, 3}, {2, 7}, {4, 6}, {1, 5}], [{8, 3}, {2, 7}, {5, 6}, {1, 4}], [{8, 3}, {4, 7}, {1, 6}, {2, 5}], [{8, 3}, {4, 7}, {2, 6}, {1, 5}], [{8, 3}, {4, 7}, {5, 6}, {1, 2}], [{8, 3}, {4, 7}, {5, 6}, {2}, {1}], [{8, 3}, {5, 7}, {1, 6}, {2, 4}], [{8, 3}, {5, 7}, {2, 6}, {1, 4}], [{8, 3}, {5, 7}, {2, 6}, {4}, {1}], [{8, 3}, {5, 7}, {4, 6}, {1, 2}], [{8, 3}, {5, 7}, {4, 6}, {2}, {1}], [{8, 3}, {5, 7}, {6}, {2, 4}, {1}], [{8, 3}, {6, 7}, {1, 5}, {2, 4}], [{8, 3}, {6, 7}, {1, 5}, {4}, {2}], [{8, 3}, {6, 7}, {2, 5}, {1, 4}], [{8, 3}, {6, 7}, {2, 5}, {4}, {1}], [{8, 3}, {6, 7}, {4, 5}, {1, 2}], [{8, 3}, {6, 7}, {5}, {4}, {1, 2}], [{8, 3}, {7}, {1, 6}, {4, 5}, {2}], [{8, 4}, {1, 7}, {2, 6}, {3, 5}], [{8, 4}, {1, 7}, {3, 6}, {2, 5}], [{8, 4}, {1, 7}, {5, 6}, {2, 3}], [{8, 4}, {1, 7}, {5, 6}, {3}, {2}], [{8, 4}, {2, 7}, {1, 6}, {3, 5}], [{8, 4}, {2, 7}, {3, 6}, {1, 5}], [{8, 4}, {2, 7}, {5, 6}, {1, 3}], [{8, 4}, {2, 7}, {5, 6}, {3}, {1}], [{8, 4}, {3, 7}, {1, 6}, {2, 5}], [{8, 4}, {3, 7}, {2, 6}, {1, 5}], [{8, 4}, {3, 7}, {5, 6}, {1, 2}], [{8, 4}, {5, 7}, {1, 6}, {2, 3}], [{8, 4}, {5, 7}, {1, 6}, {3}, {2}], [{8, 4}, {5, 7}, {2, 6}, {1, 3}], [{8, 4}, {5, 7}, {3, 6}, {1, 2}], [{8, 4}, {6, 7}, {1, 5}, {2, 3}], [{8, 4}, {6, 7}, {2, 5}, {1, 3}], [{8, 4}, {6, 7}, {3, 5}, {1, 2}], [{8, 4}, {7}, {5, 6}, {3}, {1, 2}], [{8, 4}, {7}, {6}, {1, 5}, {2, 3}], [{8, 4}, {7}, {6}, {2, 5}, {1, 3}], [{8, 5}, {1, 7}, {2, 6}, {3, 4}], [{8, 5}, {1, 7}, {3, 6}, {2, 4}], [{8, 5}, {1, 7}, {4, 6}, {2, 3}], [{8, 5}, {1, 7}, {4, 6}, {3}, {2}], [{8, 5}, {2, 7}, {1, 6}, {3, 4}], [{8, 5}, {2, 7}, {3, 6}, {1, 4}], [{8, 5}, {2, 7}, {4, 6}, {1, 3}], [{8, 5}, {2, 7}, {4, 6}, {3}, {1}], [{8, 5}, {3, 7}, {1, 6}, {2, 4}], [{8, 5}, {3, 7}, {2, 6}, {1, 4}], [{8, 5}, {3, 7}, {4, 6}, {1, 2}], [{8, 5}, {3, 7}, {4, 6}, {2}, {1}], [{8, 5}, {4, 7}, {1, 6}, {2, 3}], [{8, 5}, {4, 7}, {2, 6}, {1, 3}], [{8, 5}, {4, 7}, {3, 6}, {1, 2}], [{8, 5}, {6, 7}, {1, 4}, {2, 3}], [{8, 5}, {6, 7}, {2, 4}, {1, 3}], [{8, 5}, {6, 7}, {3, 4}, {1, 2}], [{8, 5}, {7}, {4, 6}, {1, 3}, {2}], [{8, 5}, {7}, {4, 6}, {2, 3}, {1}], [{8, 5}, {7}, {4, 6}, {3}, {1, 2}], [{8, 5}, {7}, {4, 6}, {3}, {2}, {1}], [{8, 6}, {1, 7}, {2, 5}, {3, 4}], [{8, 6}, {1, 7}, {3, 5}, {2, 4}], [{8, 6}, {1, 7}, {4, 5}, {2, 3}], [{8, 6}, {1, 7}, {4, 5}, {3}, {2}], [{8, 6}, {2, 7}, {1, 5}, {3, 4}], [{8, 6}, {2, 7}, {3, 5}, {1, 4}], [{8, 6}, {2, 7}, {4, 5}, {1, 3}], [{8, 6}, {2, 7}, {4, 5}, {3}, {1}], [{8, 6}, {3, 7}, {1, 5}, {2, 4}], [{8, 6}, {3, 7}, {2, 5}, {1, 4}], [{8, 6}, {3, 7}, {4, 5}, {1, 2}], [{8, 6}, {3, 7}, {5}, {1, 4}, {2}], [{8, 6}, {4, 7}, {1, 5}, {2, 3}], [{8, 6}, {4, 7}, {2, 5}, {1, 3}], [{8, 6}, {4, 7}, {2, 5}, {3}, {1}], [{8, 6}, {4, 7}, {3, 5}, {1, 2}], [{8, 6}, {4, 7}, {5}, {1, 3}, {2}], [{8, 6}, {5, 7}, {1, 4}, {2, 3}], [{8, 6}, {5, 7}, {2, 4}, {1, 3}], [{8, 6}, {5, 7}, {3, 4}, {1, 2}], [{8, 6}, {5, 7}, {3, 4}, {2}, {1}], [{8, 6}, {7}, {1, 5}, {4}, {2, 3}], [{8, 6}, {7}, {2, 5}, {4}, {1, 3}], [{8, 6}, {7}, {4, 5}, {3}, {1, 2}], [{8, 7}, {1, 6}, {2, 5}, {3, 4}], [{8, 7}, {1, 6}, {3, 5}, {2, 4}], [{8, 7}, {1, 6}, {4, 5}, {2, 3}], [{8, 7}, {2, 6}, {1, 5}, {3, 4}], [{8, 7}, {2, 6}, {3, 5}, {1, 4}], [{8, 7}, {2, 6}, {4, 5}, {1, 3}], [{8, 7}, {3, 6}, {1, 5}, {2, 4}], [{8, 7}, {3, 6}, {2, 5}, {1, 4}], [{8, 7}, {3, 6}, {2, 5}, {4}, {1}], [{8, 7}, {3, 6}, {4, 5}, {1, 2}], [{8, 7}, {4, 6}, {1, 5}, {2, 3}], [{8, 7}, {4, 6}, {2, 5}, {1, 3}], [{8, 7}, {4, 6}, {3, 5}, {1, 2}], [{8, 7}, {4, 6}, {3, 5}, {2}, {1}], [{8, 7}, {5, 6}, {1, 4}, {2, 3}], [{8, 7}, {5, 6}, {2, 4}, {1, 3}], [{8, 7}, {5, 6}, {3, 4}, {1, 2}], [{8}, {1, 7}, {3, 6}, {2, 5}, {4}], [{8}, {3, 7}, {2, 6}, {5}, {1, 4}], [{8}, {4, 7}, {1, 6}, {5}, {2, 3}], [{8}, {4, 7}, {2, 6}, {1, 5}, {3}], [{8}, {4, 7}, {6}, {3, 5}, {1, 2}], [{8}, {5, 7}, {1, 6}, {2, 4}, {3}], [{8}, {6, 7}, {2, 5}, {1, 4}, {3}], [{8}, {7}, {1, 6}, {2, 5}, {3, 4}], [{8}, {7}, {4, 6}, {1, 5}, {2, 3}], [{8}, {7}, {4, 6}, {2, 5}, {1, 3}], [{8}, {7}, {5, 6}, {1, 4}, {2, 3}], [{8}, {7}, {5, 6}, {2, 4}, {1, 3}]]",2,12 K_1^3 - 36 K_1^2 - 28 K_1 K_2 + 5 K_1 + 18 K_2 + 11 K_3 + 19,O1O2O3O4U5U4O6U7U1O7O5U2U8U6O8U3,O1O2O3U4U5O6O5U1O7O4U7U8U3U6O8U2,O1O2O3U2O4U5U1U4U6O7O6U3O8O5U8U7,c,{'O1O2O3O4U2O5U6U5U3O7O8U4U8O6U1U7'},1,"<a href=""/flatknot/8.704165"">8.704165</a>",t^9-53t^7-152t^6-14t^5+270t^4+150t^3-80t^2-72t-38,2t^2-4t,,
8.704166,O1O2O3O4U2O5U6U5U3O7O8U7U1O6U4U8,4,4z^3+34z^2+107z+111,4w^4z^3+34w^3z^2+107w^2z+111w,False,False,"[[ 0 -1 -2  1  2  1 -2 -1  2],[ 1  0 -1  1  2  0 -1  0  2],[ 2  1  0  1  2  0  1  0  1],[-1 -1 -1  0  0  0 -2  0  0],[-2 -2 -2  0  0  1 -3  0  1],[-1  0  0  0 -1  0 -1  0 -1],[ 2  1 -1  2  3  1  0 -1  1],[ 1  0  0  0  0  0  1  0  1],[-2 -2 -1  0 -1  1 -1 -1  0]]","[[ 0  2  2  1  1 -1 -1 -2 -2],[-2  0  1  1  0  0 -2 -2 -3],[-2 -1  0  1  0 -1 -2 -1 -1],[-1 -1 -1  0  0  0  0  0 -1],[-1  0  0  0  0  0 -1 -1 -2],[ 1  0  1  0  0  0  0  0  1],[ 1  2  2  0  1  0  0 -1 -1],[ 2  2  1  0  1  0  1  0  1],[ 2  3  1  1  2 -1  1 -1  0]]",True,"[-2,-2,-1,-1,1,1,2,2,-1,-1,0,0,2,2,3,-1,0,1,2,1,1,0,0,0,0,1,0,1,1,2,0,0,-1,1,1,-1]","[-2,-2,-1,-1,1,1,2,2,-1,-1,0,0,2,2,3,-1,0,1,2,1,1,0,0,0,0,1,0,1,1,2,0,0,-1,1,1,-1]",t^8+38t^6+137t^4+37t^2+1,"[-2,-2,-1,-1,1,1,2,2,-1,0,1,2,3,2,3,0,2,1,2,1,3,0,1,2,1,1,2,2,3,2,0,1,1,2,2,-1]","[-2,-2,-1,-1,1,1,2,2,-1,1,2,1,2,3,3,1,2,1,3,1,2,0,1,2,1,2,2,2,2,3,0,0,0,2,1,-1]","[-2,-2,-1,-1,1,1,2,2,-1,-1,1,1,2,1,3,0,1,0,1,1,2,0,0,0,1,0,0,1,2,2,0,-1,-1,0,0,-1]",c,"[[{8, 2}, {5, 7}, {4, 6}, {1, 3}], [{8, 3}, {4, 7}, {1, 6}, {2, 5}], [{8, 3}, {4, 7}, {1, 6}, {5}, {2}]]",1,20 K_1^3 - 20 K_1^2 - 16 K_1 K_2 - 7 K_1 + 10 K_2 + 3 K_3 + 11,O1O2O3O4U5U1O6U4U7O5O7U2U8U6O8U3,O1O2O3U4U5O4O6U1O7O5U6U8U3U7O8U2,O1O2O3U2O4U5U1U4U6O7O5U3O6O8U7U8,c,{'O1O2O3O4U2O5U6U5U3O7O8U7U1O6U4U8'},1,"<a href=""/flatknot/8.704166"">8.704166</a>",t^9-38t^7-88t^6+31t^5+120t^4-75t^3-74t^2+34t-2,0,,
8.704167,O1O2O3O4U2O5U6U5U3O7O8U7U1O6U8U4,4,19z^2+104z+133,19w^3z^2+104w^2z+133w,False,False,"[[ 0 -1 -2  1  3  1 -2 -1  1],[ 1  0 -1  1  3  0 -1  0  1],[ 2  1  0  1  2  0  1  0  0],[-1 -1 -1  0  0  0 -2  0 -1],[-3 -3 -2  0  0  1 -3 -1  0],[-1  0  0  0 -1  0 -1  0 -1],[ 2  1 -1  2  3  1  0 -1  0],[ 1  0  0  0  1  0  1  0  1],[-1 -1  0  1  0  1  0 -1  0]]","[[ 0  3  1  1  1 -1 -1 -2 -2],[-3  0  1  0  0 -1 -3 -2 -3],[-1 -1  0  0 -1  0  0  0 -1],[-1  0  0  0 -1  0 -1 -1 -2],[-1  0  1  1  0 -1 -1  0  0],[ 1  1  0  0  1  0  0  0  1],[ 1  3  0  1  1  0  0 -1 -1],[ 2  2  0  1  0  0  1  0  1],[ 2  3  1  2  0 -1  1 -1  0]]",True,"[-3,-1,-1,-1,1,1,2,2,-1,0,0,1,3,2,3,0,1,0,0,0,1,1,0,1,1,2,1,1,0,0,0,0,-1,1,1,-1]","[-3,-1,-1,-1,1,1,2,2,-1,0,0,1,3,2,3,0,1,0,0,0,1,1,0,1,1,2,1,1,0,0,0,0,-1,1,1,-1]",t^8+39t^6+173t^4+57t^2,"[-2,-2,-1,-1,1,1,1,3,-1,0,1,2,3,3,3,0,2,1,2,3,2,0,1,2,1,1,2,2,1,3,0,1,2,1,3,2]","[-3,-1,-1,-1,1,1,2,2,2,2,3,1,3,2,3,-1,0,1,2,1,2,1,1,1,3,3,2,2,2,3,0,0,0,2,1,-1]","[-2,-2,-1,-1,1,1,1,3,-1,-1,1,0,1,2,3,0,1,0,0,1,2,0,1,0,0,1,1,0,1,3,1,1,0,0,-1,0]",c,"[[{8, 3}, {5, 7}, {2, 6}, {1, 4}], [{8, 3}, {5, 7}, {6}, {1, 4}, {2}]]",1,20 K_1^3 + 8 K_1^2 K_2 - 32 K_1^2 - 18 K_1 K_2 - 4 K_1 K_3 - 6 K_1 + 14 K_2 + 4 K_3 + 15,O1O2O3O4U1U5O6U4U7O5O7U2U8U6O8U3,O1O2O3U4U5O4O6U1O5O7U6U8U3U7O8U2,O1O2O3U2O4U5U1U4U6O5O7U3O6O8U7U8,c,{'O1O2O3O4U2O5U6U5U3O7O8U7U1O6U8U4'},1,"<a href=""/flatknot/8.704167"">8.704167</a>",t^9-37t^7-78t^6+77t^5+136t^4-124t^3+24t^2+16t,-t^3+2t^2-t,,
8.704168,O1O2O3O4U2O5U6U5U3O7O8U7U4O6U1U8,4,8z^3+49z^2+110z+89,8w^4z^3+49w^3z^2+110w^2z+89w,False,False,"[[ 0 -1 -2  1  2  1 -2 -1  2],[ 1  0 -2  1  3  1 -2  0  2],[ 2  2  0  1  2  0  0  0  1],[-1 -1 -1  0  1  0 -3  0  0],[-2 -3 -2 -1  0  0 -3  0  1],[-1 -1  0  0  0  0 -1  0 -1],[ 2  2  0  3  3  1  0 -1  1],[ 1  0  0  0  0  0  1  0  1],[-2 -2 -1  0 -1  1 -1 -1  0]]","[[ 0  2  2  1  1 -1 -1 -2 -2],[-2  0  1  0 -1  0 -3 -2 -3],[-2 -1  0  1  0 -1 -2 -1 -1],[-1  0 -1  0  0  0 -1  0 -1],[-1  1  0  0  0  0 -1 -1 -3],[ 1  0  1  0  0  0  0  0  1],[ 1  3  2  1  1  0  0 -2 -2],[ 2  2  1  0  1  0  2  0  0],[ 2  3  1  1  3 -1  2  0  0]]",True,"[-2,-2,-1,-1,1,1,2,2,-1,0,1,0,3,2,3,-1,0,1,2,1,1,0,0,1,0,1,0,1,1,3,0,0,-1,2,2,0]","[-2,-2,-1,-1,1,1,2,2,-1,0,1,0,3,2,3,-1,0,1,2,1,1,0,0,1,0,1,0,1,1,3,0,0,-1,2,2,0]",t^8+54t^6+271t^4+105t^2+1,"[-2,-2,-1,-1,1,1,2,2,0,-1,1,2,3,2,3,-1,2,0,2,1,3,0,1,1,0,1,2,2,3,2,0,0,1,1,2,-1]","[-2,-2,-1,-1,1,1,2,2,-1,1,2,1,2,3,3,0,1,0,3,1,2,0,1,2,0,2,1,2,2,3,0,-1,-1,2,1,0]","[-2,-2,-1,-1,1,1,2,2,0,-1,2,1,3,1,3,0,2,0,1,1,2,0,0,0,1,0,1,1,2,3,0,-1,0,0,1,-1]",c,"[[{8, 2}, {5, 7}, {4, 6}, {1, 3}], [{8, 6}, {3, 7}, {1, 5}, {2, 4}]]",1,- 16 K_1^4 + 8 K_1^3 + 28 K_1^2 K_2 - 10 K_1^2 - 16 K_1 K_2 - 10 K_1 K_3 + 2 K_1 - 2 K_2^2 + 4 K_2 + 6 K_3 + K_4 + 6,O1O2O3O4U5U4O6U1U7O5O7U2U8U6O8U3,O1O2O3U4U5O4O6U1O7O5U7U8U3U6O8U2,O1O2O3U2O4U5U1U4U6O7O6U3O5O8U7U8,c,{'O1O2O3O4U2O5U6U5U3O7O8U7U4O6U1U8'},1,"<a href=""/flatknot/8.704168"">8.704168</a>",t^9-54t^7-158t^6+69t^5+464t^4-135t^3-556t^2+235t+198,0,,
8.704169,O1O2O3O4U2O5U6U5U3O7O8U7U8O6U1U4,3,16z^2+81z+99,-4w^4z^2+20w^3z^2-12w^3z+93w^2z+99w,False,False,"[[ 0 -1 -2  1  3  1 -2 -1  1],[ 1  0 -1  2  3  1 -1 -1  1],[ 2  1  0  1  2  0  1  0  0],[-1 -2 -1  0  0  0 -2  0  0],[-3 -3 -2  0  0  1 -4 -1  1],[-1 -1  0  0 -1  0 -1  0  0],[ 2  1 -1  2  4  1  0  0  0],[ 1  1  0  0  1  0  0  0  1],[-1 -1  0  0 -1  0  0 -1  0]]","[[ 0  3  1  1  1 -1 -1 -2 -2],[-3  0  1  1  0 -1 -3 -2 -4],[-1 -1  0  0  0  0 -1  0 -1],[-1 -1  0  0  0 -1 -1  0  0],[-1  0  0  0  0  0 -2 -1 -2],[ 1  1  0  1  0  0  1  0  0],[ 1  3  1  1  2 -1  0 -1 -1],[ 2  2  0  0  1  0  1  0  1],[ 2  4  1  0  2  0  1 -1  0]]",True,"[-3,-1,-1,-1,1,1,2,2,-1,-1,0,1,3,2,4,0,0,0,1,0,1,0,1,1,0,0,0,2,1,2,-1,0,0,1,1,-1]","[-3,-1,-1,-1,1,1,2,2,-1,-1,0,1,3,2,4,0,0,0,1,0,1,0,1,1,0,0,0,2,1,2,-1,0,0,1,1,-1]",t^8+49t^6+120t^4+36t^2,"[-2,-2,-1,-1,1,1,1,3,-1,0,1,2,3,3,3,0,1,1,2,3,1,1,0,1,1,1,2,2,1,3,0,0,2,0,3,3]","[-3,-1,-1,-1,1,1,2,2,2,3,3,1,3,1,3,0,0,0,2,1,2,0,1,1,3,3,1,2,2,3,-1,0,0,1,1,-1]","[-2,-2,-1,-1,1,1,1,3,-1,0,1,0,1,2,4,0,1,0,0,1,2,1,1,0,0,1,1,1,2,3,0,0,-1,0,-1,0]",c,"[[{8, 7}, {3, 6}, {2, 5}, {1, 4}]]",1,- 8 K_1^4 + 36 K_1^3 + 16 K_1^2 K_2 - 42 K_1^2 - 34 K_1 K_2 - 10 K_1 K_3 - 10 K_1 + 22 K_2 + 8 K_3 + 2 K_4 + 21,O1O2O3O4U1U4O5U6U7O6O7U2U8U5O8U3,O1O2O3U4U5O4O5U1O6O7U6U8U3U7O8U2,O1O2O3U2O4U5U1U4U6O5O6U3O7O8U7U8,c,{'O1O2O3O4U2O5U6U5U3O7O8U7U8O6U1U4'},1,"<a href=""/flatknot/8.704169"">8.704169</a>",t^9-47t^7-108t^6+70t^5+246t^4-8t^3-150t^2+20t+48,-t^3+2t^2-t,,
8.704170,O1O2O3O4U2O5U6U5U4O7O8U1U3O6U8U7,3,15z^2+68z+77,-4w^4z^2+19w^3z^2-4w^3z+72w^2z+77w,False,False,"[[ 0 -2 -2  1  2  1 -2  1  1],[ 2  0 -1  2  1  0 -1  2  1],[ 2  1  0  2  1  0  0  1  1],[-1 -2 -2  0  0  0 -3  1  0],[-2 -1 -1  0  0  0 -3 -1 -1],[-1  0  0  0  0  0 -1 -1 -1],[ 2  1  0  3  3  1  0  0  1],[-1 -2 -1 -1  1  1  0  0  0],[-1 -1 -1  0  1  1 -1  0  0]]","[[ 0  2  1  1  1  1 -2 -2 -2],[-2  0  0  0 -1 -1 -1 -1 -3],[-1  0  0  0  1  0 -2 -2 -3],[-1  0  0  0 -1 -1  0  0 -1],[-1  1 -1  1  0  0 -1 -2  0],[-1  1  0  1  0  0 -1 -1 -1],[ 2  1  2  0  1  1  0  1  0],[ 2  1  2  0  2  1 -1  0 -1],[ 2  3  3  1  0  1  0  1  0]]",True,"[-2,-1,-1,-1,-1,2,2,2,0,0,1,1,1,1,3,0,-1,0,2,2,3,1,1,0,0,1,0,1,2,0,1,1,1,-1,0,1]","[-2,-2,-2,1,1,1,1,2,-1,-1,0,1,2,2,1,0,0,1,1,2,1,1,1,0,3,3,-1,-1,0,0,0,0,1,-1,1,0]",t^8+44t^6+304t^4+40t^2,"[-2,-2,-2,1,1,1,1,2,-1,0,0,2,2,3,1,1,1,2,3,1,3,1,2,3,2,3,0,0,-1,1,-1,0,0,1,1,0]","[-2,-1,-1,-1,-1,2,2,2,0,0,1,1,1,3,3,0,-1,1,3,1,2,0,1,2,2,2,0,0,1,1,2,3,3,1,0,-1]","[-2,-2,-2,1,1,1,1,2,-1,-1,0,1,2,2,1,0,0,1,1,2,1,1,1,0,3,3,-1,-1,0,0,0,0,1,-1,1,0]",c,"[[{8, 1}, {4, 7}, {3, 6}, {2, 5}], [{8, 1}, {4, 7}, {3, 6}, {5}, {2}]]",1,4 K_1^3 - 6 K_1^2 - 12 K_1 K_2 - 2 K_1 K_3 + 3 K_1 - 2 K_2^2 + 4 K_2 + 5 K_3 + 2 K_4 + 5,O1O2O3O4U5U6O7U2U4O6O5U1U8U7O8U3,O1O2O3U4U5O6O7U1O5O4U6U8U7U3O8U2,O1O2O3U2O4U1U5U4U6O7O8U3O5O6U8U7,c,{'O1O2O3O4U2O5U6U5U4O7O8U1U3O6U8U7'},1,"<a href=""/flatknot/8.704170"">8.704170</a>",t^9-48t^7-68t^6+192t^5-24t^4-136t^3+152t^2+52t+8,2t^2-4t,,
8.704171,O1O2O3O4U2O5U6U5U4O7O8U1U7O6U8U3,4,14z^2+97z+139,14w^3z^2+97w^2z+139w,False,False,"[[ 0 -2 -2  2  2  1 -2  0  1],[ 2  0 -1  3  1  0 -1  1  1],[ 2  1  0  2  1  0  1  0  0],[-2 -3 -2  0  1  1 -3 -1  0],[-2 -1 -1 -1  0  0 -3  0 -1],[-1  0  0 -1  0  0 -1  0 -1],[ 2  1 -1  3  3  1  0  0  0],[ 0 -1  0  1  0  0  0  0  1],[-1 -1  0  0  1  1  0 -1  0]]","[[ 0  2  2  1  1  0 -2 -2 -2],[-2  0  1  1  0 -1 -2 -3 -3],[-2 -1  0  0 -1  0 -1 -1 -3],[-1 -1  0  0 -1  0  0  0 -1],[-1  0  1  1  0 -1  0 -1  0],[ 0  1  0  0  1  0  0 -1  0],[ 2  2  1  0  0  0  0  1  1],[ 2  3  1  0  1  1 -1  0 -1],[ 2  3  3  1  0  0 -1  1  0]]",True,"[-2,-2,-1,-1,0,2,2,2,-1,-1,0,1,2,3,3,0,1,0,1,1,3,1,0,0,0,1,1,0,1,0,0,1,0,-1,-1,1]","[-2,-2,-2,0,1,1,2,2,-1,-1,1,0,1,1,3,-1,0,1,0,3,3,0,0,0,1,2,0,1,0,1,-1,0,-1,1,0,-1]",t^8+45t^6+260t^4+72t^2+1,"[-2,-2,-2,0,1,1,2,2,-1,-1,2,3,3,2,3,-1,2,2,3,1,1,1,3,2,1,3,1,0,1,2,1,2,1,1,0,-1]","[-2,-2,-1,-1,0,2,2,2,-1,0,1,2,1,3,3,1,2,1,1,1,2,1,0,3,2,3,1,2,3,3,2,1,2,1,-1,-1]","[-2,-2,-2,0,1,1,2,2,-1,-1,1,0,1,1,3,-1,0,1,0,3,3,0,0,0,1,2,0,1,0,1,-1,0,-1,1,0,-1]",c,"[[{8, 1}, {2, 7}, {3, 6}, {4, 5}], [{8, 1}, {2, 7}, {3, 6}, {5}, {4}], [{8, 1}, {2, 7}, {4, 6}, {3, 5}], [{8, 1}, {2, 7}, {4, 6}, {5}, {3}], [{8, 1}, {2, 7}, {5, 6}, {3, 4}], [{8, 1}, {2, 7}, {6}, {5}, {3, 4}], [{8, 1}, {3, 7}, {2, 6}, {4, 5}], [{8, 1}, {3, 7}, {4, 6}, {2, 5}], [{8, 1}, {3, 7}, {4, 6}, {5}, {2}], [{8, 1}, {3, 7}, {5, 6}, {2, 4}], [{8, 1}, {4, 7}, {2, 6}, {3, 5}], [{8, 1}, {4, 7}, {3, 6}, {2, 5}], [{8, 1}, {4, 7}, {5, 6}, {2, 3}], [{8, 1}, {5, 7}, {2, 6}, {3, 4}], [{8, 1}, {5, 7}, {3, 6}, {2, 4}], [{8, 1}, {5, 7}, {4, 6}, {2, 3}], [{8, 1}, {5, 7}, {4, 6}, {3}, {2}], [{8, 1}, {6, 7}, {2, 5}, {3, 4}], [{8, 1}, {6, 7}, {3, 5}, {2, 4}], [{8, 1}, {6, 7}, {4, 5}, {2, 3}], [{8, 1}, {6, 7}, {5}, {2, 4}, {3}], [{8, 1}, {7}, {2, 6}, {3, 5}, {4}], [{8, 1}, {7}, {4, 6}, {2, 5}, {3}], [{8, 1}, {7}, {4, 6}, {3, 5}, {2}], [{8, 1}, {7}, {4, 6}, {5}, {2, 3}], [{8, 1}, {7}, {5, 6}, {3, 4}, {2}], [{8, 1}, {7}, {6}, {3, 5}, {2, 4}], [{8, 2}, {1, 7}, {3, 6}, {4, 5}], [{8, 2}, {1, 7}, {4, 6}, {3, 5}], [{8, 2}, {1, 7}, {5, 6}, {3, 4}], [{8, 2}, {3, 7}, {1, 6}, {4, 5}], [{8, 2}, {3, 7}, {1, 6}, {5}, {4}], [{8, 2}, {3, 7}, {4, 6}, {1, 5}], [{8, 2}, {3, 7}, {4, 6}, {5}, {1}], [{8, 2}, {3, 7}, {5, 6}, {1, 4}], [{8, 2}, {3, 7}, {5, 6}, {4}, {1}], [{8, 2}, {3, 7}, {6}, {1, 5}, {4}], [{8, 2}, {3, 7}, {6}, {4, 5}, {1}], [{8, 2}, {3, 7}, {6}, {5}, {1, 4}], [{8, 2}, {3, 7}, {6}, {5}, {4}, {1}], [{8, 2}, {4, 7}, {1, 6}, {3, 5}], [{8, 2}, {4, 7}, {3, 6}, {1, 5}], [{8, 2}, {4, 7}, {5, 6}, {1, 3}], [{8, 2}, {5, 7}, {1, 6}, {3, 4}], [{8, 2}, {5, 7}, {3, 6}, {1, 4}], [{8, 2}, {5, 7}, {3, 6}, {4}, {1}], [{8, 2}, {5, 7}, {4, 6}, {1, 3}], [{8, 2}, {6, 7}, {1, 5}, {3, 4}], [{8, 2}, {6, 7}, {3, 5}, {1, 4}], [{8, 2}, {6, 7}, {3, 5}, {4}, {1}], [{8, 2}, {6, 7}, {4, 5}, {1, 3}], [{8, 3}, {1, 7}, {2, 6}, {4, 5}], [{8, 3}, {1, 7}, {4, 6}, {2, 5}], [{8, 3}, {1, 7}, {5, 6}, {2, 4}], [{8, 3}, {2, 7}, {1, 6}, {4, 5}], [{8, 3}, {2, 7}, {4, 6}, {1, 5}], [{8, 3}, {2, 7}, {4, 6}, {5}, {1}], [{8, 3}, {2, 7}, {5, 6}, {1, 4}], [{8, 3}, {2, 7}, {6}, {1, 5}, {4}], [{8, 3}, {4, 7}, {1, 6}, {2, 5}], [{8, 3}, {4, 7}, {2, 6}, {1, 5}], [{8, 3}, {4, 7}, {5, 6}, {1, 2}], [{8, 3}, {4, 7}, {5, 6}, {2}, {1}], [{8, 3}, {5, 7}, {1, 6}, {2, 4}], [{8, 3}, {5, 7}, {2, 6}, {1, 4}], [{8, 3}, {5, 7}, {4, 6}, {1, 2}], [{8, 3}, {6, 7}, {1, 5}, {2, 4}], [{8, 3}, {6, 7}, {2, 5}, {1, 4}], [{8, 3}, {6, 7}, {4, 5}, {1, 2}], [{8, 3}, {6, 7}, {5}, {2, 4}, {1}], [{8, 4}, {1, 7}, {2, 6}, {3, 5}], [{8, 4}, {1, 7}, {3, 6}, {2, 5}], [{8, 4}, {1, 7}, {3, 6}, {5}, {2}], [{8, 4}, {1, 7}, {5, 6}, {2, 3}], [{8, 4}, {2, 7}, {1, 6}, {3, 5}], [{8, 4}, {2, 7}, {3, 6}, {1, 5}], [{8, 4}, {2, 7}, {3, 6}, {5}, {1}], [{8, 4}, {2, 7}, {5, 6}, {1, 3}], [{8, 4}, {3, 7}, {1, 6}, {2, 5}], [{8, 4}, {3, 7}, {2, 6}, {1, 5}], [{8, 4}, {3, 7}, {5, 6}, {1, 2}], [{8, 4}, {3, 7}, {5, 6}, {2}, {1}], [{8, 4}, {5, 7}, {1, 6}, {2, 3}], [{8, 4}, {5, 7}, {2, 6}, {1, 3}], [{8, 4}, {5, 7}, {3, 6}, {1, 2}], [{8, 4}, {5, 7}, {3, 6}, {2}, {1}], [{8, 4}, {6, 7}, {1, 5}, {2, 3}], [{8, 4}, {6, 7}, {2, 5}, {1, 3}], [{8, 4}, {6, 7}, {3, 5}, {1, 2}], [{8, 4}, {6, 7}, {3, 5}, {2}, {1}], [{8, 4}, {7}, {1, 6}, {2, 5}, {3}], [{8, 4}, {7}, {3, 6}, {1, 5}, {2}], [{8, 4}, {7}, {3, 6}, {2, 5}, {1}], [{8, 4}, {7}, {3, 6}, {5}, {1, 2}], [{8, 4}, {7}, {3, 6}, {5}, {2}, {1}], [{8, 4}, {7}, {6}, {2, 5}, {1, 3}], [{8, 5}, {1, 7}, {2, 6}, {3, 4}], [{8, 5}, {1, 7}, {3, 6}, {2, 4}], [{8, 5}, {1, 7}, {3, 6}, {4}, {2}], [{8, 5}, {1, 7}, {4, 6}, {2, 3}], [{8, 5}, {2, 7}, {1, 6}, {3, 4}], [{8, 5}, {2, 7}, {3, 6}, {1, 4}], [{8, 5}, {2, 7}, {4, 6}, {1, 3}], [{8, 5}, {3, 7}, {1, 6}, {2, 4}], [{8, 5}, {3, 7}, {2, 6}, {1, 4}], [{8, 5}, {3, 7}, {4, 6}, {1, 2}], [{8, 5}, {3, 7}, {6}, {1, 4}, {2}], [{8, 5}, {4, 7}, {1, 6}, {2, 3}], [{8, 5}, {4, 7}, {2, 6}, {1, 3}], [{8, 5}, {4, 7}, {2, 6}, {3}, {1}], [{8, 5}, {4, 7}, {3, 6}, {1, 2}], [{8, 5}, {4, 7}, {6}, {1, 3}, {2}], [{8, 5}, {6, 7}, {1, 4}, {2, 3}], [{8, 5}, {6, 7}, {2, 4}, {1, 3}], [{8, 5}, {6, 7}, {2, 4}, {3}, {1}], [{8, 5}, {6, 7}, {3, 4}, {1, 2}], [{8, 5}, {7}, {4, 6}, {2, 3}, {1}], [{8, 5}, {7}, {6}, {3, 4}, {1, 2}], [{8, 6}, {1, 7}, {2, 5}, {3, 4}], [{8, 6}, {1, 7}, {3, 5}, {2, 4}], [{8, 6}, {1, 7}, {4, 5}, {2, 3}], [{8, 6}, {2, 7}, {1, 5}, {3, 4}], [{8, 6}, {2, 7}, {3, 5}, {1, 4}], [{8, 6}, {2, 7}, {4, 5}, {1, 3}], [{8, 6}, {3, 7}, {1, 5}, {2, 4}], [{8, 6}, {3, 7}, {2, 5}, {1, 4}], [{8, 6}, {3, 7}, {4, 5}, {1, 2}], [{8, 6}, {4, 7}, {1, 5}, {2, 3}], [{8, 6}, {4, 7}, {2, 5}, {1, 3}], [{8, 6}, {4, 7}, {3, 5}, {1, 2}], [{8, 6}, {5, 7}, {1, 4}, {2, 3}], [{8, 6}, {5, 7}, {2, 4}, {1, 3}], [{8, 6}, {5, 7}, {3, 4}, {1, 2}], [{8, 6}, {5, 7}, {4}, {1, 3}, {2}], [{8, 6}, {7}, {3, 5}, {2, 4}, {1}], [{8, 7}, {1, 6}, {2, 5}, {3, 4}], [{8, 7}, {1, 6}, {3, 5}, {2, 4}], [{8, 7}, {1, 6}, {4, 5}, {2, 3}], [{8, 7}, {1, 6}, {4, 5}, {3}, {2}], [{8, 7}, {2, 6}, {1, 5}, {3, 4}], [{8, 7}, {2, 6}, {3, 5}, {1, 4}], [{8, 7}, {2, 6}, {4, 5}, {1, 3}], [{8, 7}, {3, 6}, {1, 5}, {2, 4}], [{8, 7}, {3, 6}, {2, 5}, {1, 4}], [{8, 7}, {3, 6}, {2, 5}, {4}, {1}], [{8, 7}, {3, 6}, {4, 5}, {1, 2}], [{8, 7}, {4, 6}, {1, 5}, {2, 3}], [{8, 7}, {4, 6}, {2, 5}, {1, 3}], [{8, 7}, {4, 6}, {3, 5}, {1, 2}], [{8, 7}, {5, 6}, {1, 4}, {2, 3}], [{8, 7}, {5, 6}, {2, 4}, {1, 3}], [{8, 7}, {5, 6}, {3, 4}, {1, 2}], [{8, 7}, {5, 6}, {4}, {1, 3}, {2}], [{8, 7}, {6}, {3, 5}, {2, 4}, {1}], [{8}, {1, 7}, {3, 6}, {4, 5}, {2}], [{8}, {1, 7}, {6}, {3, 5}, {2, 4}], [{8}, {2, 7}, {3, 6}, {5}, {1, 4}], [{8}, {2, 7}, {4, 6}, {5}, {1, 3}], [{8}, {3, 7}, {4, 6}, {5}, {1, 2}], [{8}, {3, 7}, {5, 6}, {2, 4}, {1}], [{8}, {3, 7}, {6}, {2, 5}, {1, 4}], [{8}, {4, 7}, {3, 6}, {2, 5}, {1}], [{8}, {5, 7}, {2, 6}, {3, 4}, {1}], [{8}, {5, 7}, {3, 6}, {2, 4}, {1}], [{8}, {6, 7}, {1, 5}, {2, 4}, {3}], [{8}, {6, 7}, {3, 5}, {2, 4}, {1}], [{8}, {6, 7}, {5}, {2, 4}, {1, 3}], [{8}, {6, 7}, {5}, {2, 4}, {3}, {1}], [{8}, {7}, {1, 6}, {3, 5}, {2, 4}], [{8}, {7}, {4, 6}, {1, 5}, {2, 3}], [{8}, {7}, {6}, {3, 5}, {2, 4}, {1}]]",2,8 K_1^3 + 8 K_1^2 K_2 - 38 K_1^2 - 24 K_1 K_2 - 4 K_1 K_3 + 6 K_1 + 17 K_2 + 10 K_3 + 18,O1O2O3O4U2U5O6U7U4O5O7U1U8U6O8U3,O1O2O3U4U5O6O4U1O5O7U6U8U7U3O8U2,O1O2O3U2O4U1U5U4U6O5O7U3O8O6U7U8,c,{'O1O2O3O4U2O5U6U5U4O7O8U1U7O6U8U3'},1,"<a href=""/flatknot/8.704171"">8.704171</a>",t^9-47t^7-108t^6+117t^5+254t^4-126t^3-34t^2+206t-2,t^2-2t,,
8.704172,O1O2O3O4U2O5U6U5U4O7O8U1U8O6U3U7,4,z^3+18z^2+84z+105,w^4z^3-4w^4z^2+22w^3z^2-12w^3z+96w^2z+105w,False,False,"[[ 0 -2 -2  1  2  1 -2  1  1],[ 2  0 -1  2  1  0 -1  2  1],[ 2  1  0  2  1  0  1  1  0],[-1 -2 -2  0  1  1 -3  0  0],[-2 -1 -1 -1  0  0 -3 -1  0],[-1  0  0 -1  0  0 -1 -1  0],[ 2  1 -1  3  3  1  0  1  1],[-1 -2 -1  0  1  1 -1  0  0],[-1 -1  0  0  0  0 -1  0  0]]","[[ 0  2  1  1  1  1 -2 -2 -2],[-2  0  0  0 -1 -1 -1 -1 -3],[-1  0  0  0  0  0  0 -1 -1],[-1  0  0  0 -1 -1  0  0 -1],[-1  1  0  1  0  0 -1 -2 -1],[-1  1  0  1  0  0 -2 -2 -3],[ 2  1  0  0  1  2  0  1  1],[ 2  1  1  0  2  2 -1  0 -1],[ 2  3  1  1  1  3 -1  1  0]]",True,"[-2,-1,-1,-1,-1,2,2,2,0,0,1,1,1,1,3,0,0,0,0,1,1,1,1,0,0,1,0,1,2,1,2,2,3,-1,-1,1]","[-2,-2,-2,1,1,1,1,2,-1,-1,0,1,2,2,1,-1,1,1,1,3,3,0,0,1,2,1,0,-1,-1,0,0,0,0,0,1,1]",t^8+44t^6+162t^4+62t^2+1,"[-2,-2,-2,1,1,1,1,2,-1,-1,1,2,3,3,3,-1,0,2,2,2,1,1,1,2,3,3,0,0,-1,0,0,-1,0,0,1,1]","[-2,-1,-1,-1,-1,2,2,2,0,0,1,1,1,3,3,0,0,1,0,1,1,0,1,2,1,2,0,2,2,3,2,3,3,1,-1,-1]","[-2,-2,-2,1,1,1,1,2,-1,-1,0,1,2,2,1,-1,1,1,1,3,3,0,0,1,2,1,0,-1,-1,0,0,0,0,0,1,1]",c,"[[{8, 1}, {2, 7}, {3, 6}, {4, 5}], [{8, 1}, {2, 7}, {4, 6}, {3, 5}], [{8, 1}, {2, 7}, {5, 6}, {3, 4}], [{8, 1}, {3, 7}, {2, 6}, {4, 5}], [{8, 1}, {3, 7}, {4, 6}, {2, 5}], [{8, 1}, {3, 7}, {5, 6}, {2, 4}], [{8, 1}, {4, 7}, {2, 6}, {3, 5}], [{8, 1}, {4, 7}, {3, 6}, {2, 5}], [{8, 1}, {4, 7}, {3, 6}, {5}, {2}], [{8, 1}, {4, 7}, {5, 6}, {2, 3}], [{8, 1}, {5, 7}, {2, 6}, {3, 4}], [{8, 1}, {5, 7}, {3, 6}, {2, 4}], [{8, 1}, {5, 7}, {4, 6}, {2, 3}], [{8, 1}, {5, 7}, {6}, {2, 4}, {3}], [{8, 1}, {6, 7}, {2, 5}, {3, 4}], [{8, 1}, {6, 7}, {3, 5}, {2, 4}], [{8, 1}, {6, 7}, {4, 5}, {2, 3}], [{8, 1}, {6, 7}, {5}, {2, 4}, {3}], [{8, 1}, {7}, {5, 6}, {2, 4}, {3}], [{8, 2}, {1, 7}, {3, 6}, {4, 5}], [{8, 2}, {1, 7}, {4, 6}, {3, 5}], [{8, 2}, {1, 7}, {5, 6}, {3, 4}], [{8, 2}, {3, 7}, {1, 6}, {4, 5}], [{8, 2}, {3, 7}, {4, 6}, {1, 5}], [{8, 2}, {3, 7}, {5, 6}, {1, 4}], [{8, 2}, {4, 7}, {1, 6}, {3, 5}], [{8, 2}, {4, 7}, {3, 6}, {1, 5}], [{8, 2}, {4, 7}, {5, 6}, {1, 3}], [{8, 2}, {5, 7}, {1, 6}, {3, 4}], [{8, 2}, {5, 7}, {3, 6}, {1, 4}], [{8, 2}, {5, 7}, {4, 6}, {1, 3}], [{8, 2}, {6, 7}, {1, 5}, {3, 4}], [{8, 2}, {6, 7}, {3, 5}, {1, 4}], [{8, 2}, {6, 7}, {4, 5}, {1, 3}], [{8, 2}, {7}, {3, 6}, {1, 5}, {4}], [{8, 2}, {7}, {4, 6}, {3, 5}, {1}], [{8, 3}, {1, 7}, {2, 6}, {4, 5}], [{8, 3}, {1, 7}, {4, 6}, {2, 5}], [{8, 3}, {1, 7}, {4, 6}, {5}, {2}], [{8, 3}, {1, 7}, {5, 6}, {2, 4}], [{8, 3}, {2, 7}, {1, 6}, {4, 5}], [{8, 3}, {2, 7}, {1, 6}, {5}, {4}], [{8, 3}, {2, 7}, {4, 6}, {1, 5}], [{8, 3}, {2, 7}, {5, 6}, {1, 4}], [{8, 3}, {4, 7}, {1, 6}, {2, 5}], [{8, 3}, {4, 7}, {1, 6}, {5}, {2}], [{8, 3}, {4, 7}, {2, 6}, {1, 5}], [{8, 3}, {4, 7}, {5, 6}, {1, 2}], [{8, 3}, {5, 7}, {1, 6}, {2, 4}], [{8, 3}, {5, 7}, {2, 6}, {1, 4}], [{8, 3}, {5, 7}, {4, 6}, {1, 2}], [{8, 3}, {5, 7}, {4, 6}, {2}, {1}], [{8, 3}, {6, 7}, {1, 5}, {2, 4}], [{8, 3}, {6, 7}, {2, 5}, {1, 4}], [{8, 3}, {6, 7}, {4, 5}, {1, 2}], [{8, 3}, {7}, {1, 6}, {5}, {2, 4}], [{8, 3}, {7}, {2, 6}, {5}, {1, 4}], [{8, 3}, {7}, {4, 6}, {1, 5}, {2}], [{8, 3}, {7}, {5, 6}, {1, 4}, {2}], [{8, 3}, {7}, {6}, {2, 5}, {1, 4}], [{8, 4}, {1, 7}, {2, 6}, {3, 5}], [{8, 4}, {1, 7}, {3, 6}, {2, 5}], [{8, 4}, {1, 7}, {5, 6}, {2, 3}], [{8, 4}, {1, 7}, {6}, {3, 5}, {2}], [{8, 4}, {2, 7}, {1, 6}, {3, 5}], [{8, 4}, {2, 7}, {3, 6}, {1, 5}], [{8, 4}, {2, 7}, {3, 6}, {5}, {1}], [{8, 4}, {2, 7}, {5, 6}, {1, 3}], [{8, 4}, {3, 7}, {1, 6}, {2, 5}], [{8, 4}, {3, 7}, {2, 6}, {1, 5}], [{8, 4}, {3, 7}, {5, 6}, {1, 2}], [{8, 4}, {5, 7}, {1, 6}, {2, 3}], [{8, 4}, {5, 7}, {2, 6}, {1, 3}], [{8, 4}, {5, 7}, {3, 6}, {1, 2}], [{8, 4}, {5, 7}, {6}, {1, 3}, {2}], [{8, 4}, {6, 7}, {1, 5}, {2, 3}], [{8, 4}, {6, 7}, {2, 5}, {1, 3}], [{8, 4}, {6, 7}, {3, 5}, {1, 2}], [{8, 4}, {7}, {2, 6}, {1, 5}, {3}], [{8, 4}, {7}, {3, 6}, {1, 5}, {2}], [{8, 4}, {7}, {6}, {1, 5}, {2, 3}], [{8, 5}, {1, 7}, {2, 6}, {3, 4}], [{8, 5}, {1, 7}, {3, 6}, {2, 4}], [{8, 5}, {1, 7}, {4, 6}, {2, 3}], [{8, 5}, {1, 7}, {6}, {2, 4}, {3}], [{8, 5}, {2, 7}, {1, 6}, {3, 4}], [{8, 5}, {2, 7}, {3, 6}, {1, 4}], [{8, 5}, {2, 7}, {4, 6}, {1, 3}], [{8, 5}, {3, 7}, {1, 6}, {2, 4}], [{8, 5}, {3, 7}, {1, 6}, {4}, {2}], [{8, 5}, {3, 7}, {2, 6}, {1, 4}], [{8, 5}, {3, 7}, {4, 6}, {1, 2}], [{8, 5}, {3, 7}, {6}, {2, 4}, {1}], [{8, 5}, {4, 7}, {1, 6}, {2, 3}], [{8, 5}, {4, 7}, {2, 6}, {1, 3}], [{8, 5}, {4, 7}, {3, 6}, {1, 2}], [{8, 5}, {6, 7}, {1, 4}, {2, 3}], [{8, 5}, {6, 7}, {2, 4}, {1, 3}], [{8, 5}, {6, 7}, {3, 4}, {1, 2}], [{8, 5}, {7}, {6}, {2, 4}, {1, 3}], [{8, 6}, {1, 7}, {2, 5}, {3, 4}], [{8, 6}, {1, 7}, {3, 5}, {2, 4}], [{8, 6}, {1, 7}, {4, 5}, {2, 3}], [{8, 6}, {1, 7}, {5}, {4}, {2, 3}], [{8, 6}, {2, 7}, {1, 5}, {3, 4}], [{8, 6}, {2, 7}, {3, 5}, {1, 4}], [{8, 6}, {2, 7}, {4, 5}, {1, 3}], [{8, 6}, {2, 7}, {4, 5}, {3}, {1}], [{8, 6}, {3, 7}, {1, 5}, {2, 4}], [{8, 6}, {3, 7}, {1, 5}, {4}, {2}], [{8, 6}, {3, 7}, {2, 5}, {1, 4}], [{8, 6}, {3, 7}, {4, 5}, {1, 2}], [{8, 6}, {4, 7}, {1, 5}, {2, 3}], [{8, 6}, {4, 7}, {2, 5}, {1, 3}], [{8, 6}, {4, 7}, {3, 5}, {1, 2}], [{8, 6}, {4, 7}, {5}, {1, 3}, {2}], [{8, 6}, {5, 7}, {1, 4}, {2, 3}], [{8, 6}, {5, 7}, {2, 4}, {1, 3}], [{8, 6}, {5, 7}, {3, 4}, {1, 2}], [{8, 6}, {7}, {2, 5}, {1, 4}, {3}], [{8, 6}, {7}, {3, 5}, {2, 4}, {1}], [{8, 7}, {1, 6}, {2, 5}, {3, 4}], [{8, 7}, {1, 6}, {3, 5}, {2, 4}], [{8, 7}, {1, 6}, {3, 5}, {4}, {2}], [{8, 7}, {1, 6}, {4, 5}, {2, 3}], [{8, 7}, {2, 6}, {1, 5}, {3, 4}], [{8, 7}, {2, 6}, {3, 5}, {1, 4}], [{8, 7}, {2, 6}, {4, 5}, {1, 3}], [{8, 7}, {3, 6}, {1, 5}, {2, 4}], [{8, 7}, {3, 6}, {2, 5}, {1, 4}], [{8, 7}, {3, 6}, {4, 5}, {1, 2}], [{8, 7}, {4, 6}, {1, 5}, {2, 3}], [{8, 7}, {4, 6}, {2, 5}, {1, 3}], [{8, 7}, {4, 6}, {3, 5}, {1, 2}], [{8, 7}, {5, 6}, {1, 4}, {2, 3}], [{8, 7}, {5, 6}, {2, 4}, {1, 3}], [{8, 7}, {5, 6}, {3, 4}, {1, 2}], [{8, 7}, {6}, {2, 5}, {1, 4}, {3}], [{8, 7}, {6}, {3, 5}, {2, 4}, {1}], [{8}, {1, 7}, {3, 6}, {2, 5}, {4}], [{8}, {1, 7}, {3, 6}, {4, 5}, {2}], [{8}, {1, 7}, {3, 6}, {5}, {2, 4}], [{8}, {3, 7}, {6}, {2, 5}, {1, 4}], [{8}, {4, 7}, {2, 6}, {3, 5}, {1}], [{8}, {4, 7}, {3, 6}, {2, 5}, {1}], [{8}, {5, 7}, {2, 6}, {3, 4}, {1}], [{8}, {5, 7}, {3, 6}, {2, 4}, {1}], [{8}, {6, 7}, {2, 5}, {1, 4}, {3}], [{8}, {6, 7}, {2, 5}, {3, 4}, {1}], [{8}, {6, 7}, {2, 5}, {4}, {1, 3}], [{8}, {6, 7}, {3, 5}, {2, 4}, {1}], [{8}, {7}, {3, 6}, {1, 5}, {2, 4}], [{8}, {7}, {3, 6}, {2, 5}, {1, 4}], [{8}, {7}, {6}, {2, 5}, {1, 4}, {3}]]",2,12 K_1^3 + 4 K_1^2 K_2 - 20 K_1^2 - 20 K_1 K_2 - 4 K_1 K_3 + K_1 + 10 K_2 + 7 K_3 + K_4 + 10,O1O2O3O4U5U2O6U7U4O7O5U1U8U6O8U3,O1O2O3U4U5O6O5U1O7O4U6U8U7U3O8U2,O1O2O3U2O4U1U5U4U6O7O5U3O8O6U8U7,c,{'O1O2O3O4U2O5U6U5U4O7O8U1U8O6U3U7'},1,"<a href=""/flatknot/8.704172"">8.704172</a>",t^9-48t^7-118t^6+30t^5+110t^4-27t^3+12t^2-15t+2,2t^2-4t,,
8.704173,O1O2O3O4U2O5U6U5U4O7O8U1U8O6U7U3,4,16z^2+97z+131,16w^3z^2-4w^3z+101w^2z+131w,False,False,"[[ 0 -2 -2  2  2  1 -2  0  1],[ 2  0 -1  3  1  0 -1  1  1],[ 2  1  0  2  1  0  1  0  0],[-2 -3 -2  0  1  1 -3 -1  0],[-2 -1 -1 -1  0  0 -3 -1  0],[-1  0  0 -1  0  0 -1 -1  0],[ 2  1 -1  3  3  1  0  0  1],[ 0 -1  0  1  1  1  0  0  0],[-1 -1  0  0  0  0 -1  0  0]]","[[ 0  2  2  1  1  0 -2 -2 -2],[-2  0  1  1  0 -1 -2 -3 -3],[-2 -1  0  0  0 -1 -1 -1 -3],[-1 -1  0  0  0 -1  0  0 -1],[-1  0  0  0  0  0  0 -1 -1],[ 0  1  1  1  0  0  0 -1  0],[ 2  2  1  0  0  0  0  1  1],[ 2  3  1  0  1  1 -1  0 -1],[ 2  3  3  1  1  0 -1  1  0]]",True,"[-2,-2,-1,-1,0,2,2,2,-1,-1,0,1,2,3,3,0,0,1,1,1,3,0,1,0,0,1,0,0,1,1,0,1,0,-1,-1,1]","[-2,-2,-2,0,1,1,2,2,-1,-1,1,0,1,1,3,-1,0,1,1,3,3,0,0,0,1,2,1,0,1,1,0,0,-1,0,0,-1]",t^8+45t^6+189t^4+94t^2+4,"[-2,-2,-2,0,1,1,2,2,-1,-1,2,3,3,2,3,-1,2,2,2,1,1,1,2,3,1,3,1,0,1,1,0,1,1,2,1,-1]","[-2,-2,-1,-1,0,2,2,2,-1,1,1,1,1,3,3,1,2,1,1,1,2,0,1,2,2,3,0,2,3,3,2,1,2,1,-1,-1]","[-2,-2,-2,0,1,1,2,2,-1,-1,1,0,1,1,3,-1,0,1,1,3,3,0,0,0,1,2,1,0,1,1,0,0,-1,0,0,-1]",c,"[[{8, 1}, {2, 7}, {3, 6}, {4, 5}], [{8, 1}, {2, 7}, {3, 6}, {5}, {4}], [{8, 1}, {2, 7}, {4, 6}, {3, 5}], [{8, 1}, {2, 7}, {4, 6}, {5}, {3}], [{8, 1}, {2, 7}, {5, 6}, {3, 4}], [{8, 1}, {2, 7}, {5, 6}, {4}, {3}], [{8, 1}, {2, 7}, {6}, {3, 5}, {4}], [{8, 1}, {2, 7}, {6}, {4, 5}, {3}], [{8, 1}, {2, 7}, {6}, {5}, {3, 4}], [{8, 1}, {2, 7}, {6}, {5}, {4}, {3}], [{8, 1}, {3, 7}, {2, 6}, {4, 5}], [{8, 1}, {3, 7}, {4, 6}, {2, 5}], [{8, 1}, {3, 7}, {5, 6}, {2, 4}], [{8, 1}, {4, 7}, {2, 6}, {3, 5}], [{8, 1}, {4, 7}, {3, 6}, {2, 5}], [{8, 1}, {4, 7}, {5, 6}, {2, 3}], [{8, 1}, {4, 7}, {6}, {2, 5}, {3}], [{8, 1}, {5, 7}, {2, 6}, {3, 4}], [{8, 1}, {5, 7}, {3, 6}, {2, 4}], [{8, 1}, {5, 7}, {4, 6}, {2, 3}], [{8, 1}, {5, 7}, {6}, {2, 4}, {3}], [{8, 1}, {6, 7}, {2, 5}, {3, 4}], [{8, 1}, {6, 7}, {3, 5}, {2, 4}], [{8, 1}, {6, 7}, {4, 5}, {2, 3}], [{8, 2}, {1, 7}, {3, 6}, {4, 5}], [{8, 2}, {1, 7}, {4, 6}, {3, 5}], [{8, 2}, {1, 7}, {5, 6}, {3, 4}], [{8, 2}, {1, 7}, {5, 6}, {4}, {3}], [{8, 2}, {3, 7}, {1, 6}, {4, 5}], [{8, 2}, {3, 7}, {4, 6}, {1, 5}], [{8, 2}, {3, 7}, {4, 6}, {5}, {1}], [{8, 2}, {3, 7}, {5, 6}, {1, 4}], [{8, 2}, {3, 7}, {6}, {1, 5}, {4}], [{8, 2}, {4, 7}, {1, 6}, {3, 5}], [{8, 2}, {4, 7}, {3, 6}, {1, 5}], [{8, 2}, {4, 7}, {3, 6}, {5}, {1}], [{8, 2}, {4, 7}, {5, 6}, {1, 3}], [{8, 2}, {5, 7}, {1, 6}, {3, 4}], [{8, 2}, {5, 7}, {3, 6}, {1, 4}], [{8, 2}, {5, 7}, {4, 6}, {1, 3}], [{8, 2}, {6, 7}, {1, 5}, {3, 4}], [{8, 2}, {6, 7}, {3, 5}, {1, 4}], [{8, 2}, {6, 7}, {3, 5}, {4}, {1}], [{8, 2}, {6, 7}, {4, 5}, {1, 3}], [{8, 2}, {7}, {6}, {4, 5}, {1, 3}], [{8, 3}, {1, 7}, {2, 6}, {4, 5}], [{8, 3}, {1, 7}, {2, 6}, {5}, {4}], [{8, 3}, {1, 7}, {4, 6}, {2, 5}], [{8, 3}, {1, 7}, {4, 6}, {5}, {2}], [{8, 3}, {1, 7}, {5, 6}, {2, 4}], [{8, 3}, {1, 7}, {6}, {5}, {2, 4}], [{8, 3}, {2, 7}, {1, 6}, {4, 5}], [{8, 3}, {2, 7}, {4, 6}, {1, 5}], [{8, 3}, {2, 7}, {5, 6}, {1, 4}], [{8, 3}, {4, 7}, {1, 6}, {2, 5}], [{8, 3}, {4, 7}, {2, 6}, {1, 5}], [{8, 3}, {4, 7}, {2, 6}, {5}, {1}], [{8, 3}, {4, 7}, {5, 6}, {1, 2}], [{8, 3}, {4, 7}, {6}, {1, 5}, {2}], [{8, 3}, {5, 7}, {1, 6}, {2, 4}], [{8, 3}, {5, 7}, {2, 6}, {1, 4}], [{8, 3}, {5, 7}, {4, 6}, {1, 2}], [{8, 3}, {6, 7}, {1, 5}, {2, 4}], [{8, 3}, {6, 7}, {2, 5}, {1, 4}], [{8, 3}, {6, 7}, {4, 5}, {1, 2}], [{8, 3}, {7}, {2, 6}, {5}, {1, 4}], [{8, 3}, {7}, {6}, {4, 5}, {1, 2}], [{8, 4}, {1, 7}, {2, 6}, {3, 5}], [{8, 4}, {1, 7}, {2, 6}, {5}, {3}], [{8, 4}, {1, 7}, {3, 6}, {2, 5}], [{8, 4}, {1, 7}, {3, 6}, {5}, {2}], [{8, 4}, {1, 7}, {5, 6}, {2, 3}], [{8, 4}, {1, 7}, {6}, {5}, {2, 3}], [{8, 4}, {2, 7}, {1, 6}, {3, 5}], [{8, 4}, {2, 7}, {3, 6}, {1, 5}], [{8, 4}, {2, 7}, {3, 6}, {5}, {1}], [{8, 4}, {2, 7}, {5, 6}, {1, 3}], [{8, 4}, {3, 7}, {1, 6}, {2, 5}], [{8, 4}, {3, 7}, {2, 6}, {1, 5}], [{8, 4}, {3, 7}, {5, 6}, {1, 2}], [{8, 4}, {3, 7}, {6}, {1, 5}, {2}], [{8, 4}, {5, 7}, {1, 6}, {2, 3}], [{8, 4}, {5, 7}, {1, 6}, {3}, {2}], [{8, 4}, {5, 7}, {2, 6}, {1, 3}], [{8, 4}, {5, 7}, {3, 6}, {1, 2}], [{8, 4}, {6, 7}, {1, 5}, {2, 3}], [{8, 4}, {6, 7}, {2, 5}, {1, 3}], [{8, 4}, {6, 7}, {3, 5}, {1, 2}], [{8, 4}, {6, 7}, {3, 5}, {2}, {1}], [{8, 4}, {7}, {3, 6}, {5}, {1, 2}], [{8, 4}, {7}, {5, 6}, {1, 3}, {2}], [{8, 5}, {1, 7}, {2, 6}, {3, 4}], [{8, 5}, {1, 7}, {3, 6}, {2, 4}], [{8, 5}, {1, 7}, {4, 6}, {2, 3}], [{8, 5}, {2, 7}, {1, 6}, {3, 4}], [{8, 5}, {2, 7}, {1, 6}, {4}, {3}], [{8, 5}, {2, 7}, {3, 6}, {1, 4}], [{8, 5}, {2, 7}, {4, 6}, {1, 3}], [{8, 5}, {3, 7}, {1, 6}, {2, 4}], [{8, 5}, {3, 7}, {1, 6}, {4}, {2}], [{8, 5}, {3, 7}, {2, 6}, {1, 4}], [{8, 5}, {3, 7}, {4, 6}, {1, 2}], [{8, 5}, {3, 7}, {4, 6}, {2}, {1}], [{8, 5}, {3, 7}, {6}, {1, 4}, {2}], [{8, 5}, {4, 7}, {1, 6}, {2, 3}], [{8, 5}, {4, 7}, {1, 6}, {3}, {2}], [{8, 5}, {4, 7}, {2, 6}, {1, 3}], [{8, 5}, {4, 7}, {2, 6}, {3}, {1}], [{8, 5}, {4, 7}, {3, 6}, {1, 2}], [{8, 5}, {4, 7}, {3, 6}, {2}, {1}], [{8, 5}, {4, 7}, {6}, {1, 3}, {2}], [{8, 5}, {4, 7}, {6}, {2, 3}, {1}], [{8, 5}, {4, 7}, {6}, {3}, {1, 2}], [{8, 5}, {6, 7}, {1, 4}, {2, 3}], [{8, 5}, {6, 7}, {2, 4}, {1, 3}], [{8, 5}, {6, 7}, {3, 4}, {1, 2}], [{8, 5}, {7}, {1, 6}, {2, 4}, {3}], [{8, 5}, {7}, {1, 6}, {3, 4}, {2}], [{8, 5}, {7}, {1, 6}, {4}, {2, 3}], [{8, 5}, {7}, {1, 6}, {4}, {3}, {2}], [{8, 5}, {7}, {2, 6}, {4}, {1, 3}], [{8, 5}, {7}, {3, 6}, {4}, {1, 2}], [{8, 6}, {1, 7}, {2, 5}, {3, 4}], [{8, 6}, {1, 7}, {3, 5}, {2, 4}], [{8, 6}, {1, 7}, {4, 5}, {2, 3}], [{8, 6}, {2, 7}, {1, 5}, {3, 4}], [{8, 6}, {2, 7}, {1, 5}, {4}, {3}], [{8, 6}, {2, 7}, {3, 5}, {1, 4}], [{8, 6}, {2, 7}, {4, 5}, {1, 3}], [{8, 6}, {3, 7}, {1, 5}, {2, 4}], [{8, 6}, {3, 7}, {2, 5}, {1, 4}], [{8, 6}, {3, 7}, {4, 5}, {1, 2}], [{8, 6}, {3, 7}, {5}, {2, 4}, {1}], [{8, 6}, {4, 7}, {1, 5}, {2, 3}], [{8, 6}, {4, 7}, {2, 5}, {1, 3}], [{8, 6}, {4, 7}, {3, 5}, {1, 2}], [{8, 6}, {4, 7}, {5}, {3}, {1, 2}], [{8, 6}, {5, 7}, {1, 4}, {2, 3}], [{8, 6}, {5, 7}, {2, 4}, {1, 3}], [{8, 6}, {5, 7}, {3, 4}, {1, 2}], [{8, 6}, {5, 7}, {4}, {3}, {1, 2}], [{8, 6}, {7}, {4, 5}, {3}, {1, 2}], [{8, 7}, {1, 6}, {2, 5}, {3, 4}], [{8, 7}, {1, 6}, {3, 5}, {2, 4}], [{8, 7}, {1, 6}, {4, 5}, {2, 3}], [{8, 7}, {1, 6}, {4, 5}, {3}, {2}], [{8, 7}, {2, 6}, {1, 5}, {3, 4}], [{8, 7}, {2, 6}, {3, 5}, {1, 4}], [{8, 7}, {2, 6}, {4, 5}, {1, 3}], [{8, 7}, {3, 6}, {1, 5}, {2, 4}], [{8, 7}, {3, 6}, {2, 5}, {1, 4}], [{8, 7}, {3, 6}, {4, 5}, {1, 2}], [{8, 7}, {4, 6}, {1, 5}, {2, 3}], [{8, 7}, {4, 6}, {2, 5}, {1, 3}], [{8, 7}, {4, 6}, {3, 5}, {1, 2}], [{8, 7}, {5, 6}, {1, 4}, {2, 3}], [{8, 7}, {5, 6}, {2, 4}, {1, 3}], [{8, 7}, {5, 6}, {2, 4}, {3}, {1}], [{8, 7}, {5, 6}, {3, 4}, {1, 2}], [{8, 7}, {6}, {5}, {2, 4}, {1, 3}], [{8}, {1, 7}, {2, 6}, {5}, {3, 4}], [{8}, {2, 7}, {3, 6}, {5}, {1, 4}], [{8}, {3, 7}, {4, 6}, {2, 5}, {1}], [{8}, {3, 7}, {6}, {1, 5}, {2, 4}], [{8}, {4, 7}, {2, 6}, {3, 5}, {1}], [{8}, {4, 7}, {3, 6}, {2, 5}, {1}], [{8}, {4, 7}, {5, 6}, {3}, {1, 2}], [{8}, {5, 7}, {2, 6}, {3, 4}, {1}], [{8}, {5, 7}, {3, 6}, {2, 4}, {1}], [{8}, {6, 7}, {2, 5}, {1, 4}, {3}], [{8}, {6, 7}, {2, 5}, {3, 4}, {1}], [{8}, {6, 7}, {2, 5}, {4}, {1, 3}], [{8}, {6, 7}, {3, 5}, {2, 4}, {1}], [{8}, {7}, {2, 6}, {1, 5}, {3, 4}], [{8}, {7}, {3, 6}, {4, 5}, {1, 2}]]",2,4 K_1^3 + 8 K_1^2 K_2 - 22 K_1^2 - 16 K_1 K_2 - 12 K_1 K_3 + 5 K_1 + 13 K_2 + 7 K_3 + 4 K_4 + 10,O1O2O3O4U2U5O6U7U4O7O5U1U8U6O8U3,O1O2O3U4U5O6O5U1O4O7U6U8U7U3O8U2,O1O2O3U2O4U1U5U4U6O5O7U3O8O6U8U7,c,{'O1O2O3O4U2O5U6U5U4O7O8U1U8O6U7U3'},1,"<a href=""/flatknot/8.704173"">8.704173</a>",t^9-47t^7-118t^6+62t^5+248t^4+16t^3-58t^2+2t,t^2-2t,,
8.704174,O1O2O3O4U2O5U6U5U4O7O8U3U1O6U7U8,4,30z^2+115z+111,30w^3z^2+115w^2z+111w,False,False,"[[ 0 -1 -2  0  2  1 -2  0  2],[ 1  0 -2  1  1  0 -2  1  2],[ 2  2  0  2  1  0  0  1  1],[ 0 -1 -2  0  0  0 -2  0  1],[-2 -1 -1  0  0  0 -3 -1 -1],[-1  0  0  0  0  0 -1 -1 -1],[ 2  2  0  2  3  1  0  0  1],[ 0 -1 -1  0  1  1  0  0  1],[-2 -2 -1 -1  1  1 -1 -1  0]]","[[ 0  2  2  1  0  0 -1 -2 -2],[-2  0  1  1 -1 -1 -2 -1 -1],[-2 -1  0  0  0 -1 -1 -1 -3],[-1 -1  0  0  0 -1  0  0 -1],[ 0  1  0  0  0  0 -1 -2 -2],[ 0  1  1  1  0  0 -1 -1  0],[ 1  2  1  0  1  1  0 -2 -2],[ 2  1  1  0  2  1  2  0  0],[ 2  1  3  1  2  0  2  0  0]]",True,"[-2,-2,-1,0,0,1,2,2,-1,-1,1,1,2,1,1,0,0,1,1,1,3,0,1,0,0,1,0,1,2,2,1,1,0,2,2,0]","[-2,-2,-1,0,0,1,2,2,-1,-1,1,1,2,1,1,0,0,1,1,1,3,0,1,0,0,1,0,1,2,2,1,1,0,2,2,0]",t^8+43t^6+301t^4+56t^2,"[-2,-2,-1,0,0,1,2,2,0,-1,0,1,3,3,3,-1,0,2,2,1,3,0,0,2,2,1,0,1,2,1,0,1,1,1,2,1]","[-2,-2,-1,0,0,1,2,2,-1,1,1,2,2,1,3,2,1,1,1,3,3,0,1,2,2,3,0,0,2,1,0,0,0,-1,-1,0]","[-2,-2,-1,0,0,1,2,2,0,2,0,2,1,1,3,2,1,2,0,1,1,1,1,0,2,1,0,1,1,1,0,1,0,-1,0,1]",c,"[[{8, 1}, {2, 7}, {3, 6}, {4, 5}], [{8, 1}, {2, 7}, {3, 6}, {5}, {4}], [{8, 1}, {2, 7}, {4, 6}, {3, 5}], [{8, 1}, {2, 7}, {4, 6}, {5}, {3}], [{8, 1}, {2, 7}, {5, 6}, {3, 4}], [{8, 1}, {2, 7}, {6}, {5}, {3, 4}], [{8, 1}, {3, 7}, {2, 6}, {4, 5}], [{8, 1}, {3, 7}, {4, 6}, {2, 5}], [{8, 1}, {3, 7}, {5, 6}, {2, 4}], [{8, 1}, {4, 7}, {2, 6}, {3, 5}], [{8, 1}, {4, 7}, {3, 6}, {2, 5}], [{8, 1}, {4, 7}, {5, 6}, {2, 3}], [{8, 1}, {4, 7}, {5, 6}, {3}, {2}], [{8, 1}, {5, 7}, {2, 6}, {3, 4}], [{8, 1}, {5, 7}, {3, 6}, {2, 4}], [{8, 1}, {5, 7}, {4, 6}, {2, 3}], [{8, 1}, {5, 7}, {6}, {3, 4}, {2}], [{8, 1}, {6, 7}, {2, 5}, {3, 4}], [{8, 1}, {6, 7}, {3, 5}, {2, 4}], [{8, 1}, {6, 7}, {4, 5}, {2, 3}], [{8, 1}, {7}, {6}, {2, 5}, {3, 4}], [{8, 2}, {1, 7}, {3, 6}, {4, 5}], [{8, 2}, {1, 7}, {4, 6}, {3, 5}], [{8, 2}, {1, 7}, {4, 6}, {5}, {3}], [{8, 2}, {1, 7}, {5, 6}, {3, 4}], [{8, 2}, {3, 7}, {1, 6}, {4, 5}], [{8, 2}, {3, 7}, {4, 6}, {1, 5}], [{8, 2}, {3, 7}, {5, 6}, {1, 4}], [{8, 2}, {4, 7}, {1, 6}, {3, 5}], [{8, 2}, {4, 7}, {1, 6}, {5}, {3}], [{8, 2}, {4, 7}, {3, 6}, {1, 5}], [{8, 2}, {4, 7}, {5, 6}, {1, 3}], [{8, 2}, {5, 7}, {1, 6}, {3, 4}], [{8, 2}, {5, 7}, {3, 6}, {1, 4}], [{8, 2}, {5, 7}, {4, 6}, {1, 3}], [{8, 2}, {5, 7}, {4, 6}, {3}, {1}], [{8, 2}, {6, 7}, {1, 5}, {3, 4}], [{8, 2}, {6, 7}, {3, 5}, {1, 4}], [{8, 2}, {6, 7}, {4, 5}, {1, 3}], [{8, 2}, {7}, {4, 6}, {1, 5}, {3}], [{8, 3}, {1, 7}, {2, 6}, {4, 5}], [{8, 3}, {1, 7}, {2, 6}, {5}, {4}], [{8, 3}, {1, 7}, {4, 6}, {2, 5}], [{8, 3}, {1, 7}, {4, 6}, {5}, {2}], [{8, 3}, {1, 7}, {5, 6}, {2, 4}], [{8, 3}, {1, 7}, {5, 6}, {4}, {2}], [{8, 3}, {1, 7}, {6}, {2, 5}, {4}], [{8, 3}, {1, 7}, {6}, {4, 5}, {2}], [{8, 3}, {1, 7}, {6}, {5}, {2, 4}], [{8, 3}, {1, 7}, {6}, {5}, {4}, {2}], [{8, 3}, {2, 7}, {1, 6}, {4, 5}], [{8, 3}, {2, 7}, {4, 6}, {1, 5}], [{8, 3}, {2, 7}, {4, 6}, {5}, {1}], [{8, 3}, {2, 7}, {5, 6}, {1, 4}], [{8, 3}, {4, 7}, {1, 6}, {2, 5}], [{8, 3}, {4, 7}, {1, 6}, {5}, {2}], [{8, 3}, {4, 7}, {2, 6}, {1, 5}], [{8, 3}, {4, 7}, {5, 6}, {1, 2}], [{8, 3}, {4, 7}, {6}, {2, 5}, {1}], [{8, 3}, {5, 7}, {1, 6}, {2, 4}], [{8, 3}, {5, 7}, {2, 6}, {1, 4}], [{8, 3}, {5, 7}, {4, 6}, {1, 2}], [{8, 3}, {5, 7}, {4, 6}, {2}, {1}], [{8, 3}, {6, 7}, {1, 5}, {2, 4}], [{8, 3}, {6, 7}, {2, 5}, {1, 4}], [{8, 3}, {6, 7}, {2, 5}, {4}, {1}], [{8, 3}, {6, 7}, {4, 5}, {1, 2}], [{8, 3}, {6, 7}, {5}, {1, 4}, {2}], [{8, 3}, {7}, {1, 6}, {2, 5}, {4}], [{8, 3}, {7}, {4, 6}, {1, 5}, {2}], [{8, 3}, {7}, {4, 6}, {2, 5}, {1}], [{8, 3}, {7}, {4, 6}, {5}, {1, 2}], [{8, 3}, {7}, {4, 6}, {5}, {2}, {1}], [{8, 3}, {7}, {6}, {2, 5}, {1, 4}], [{8, 4}, {1, 7}, {2, 6}, {3, 5}], [{8, 4}, {1, 7}, {2, 6}, {5}, {3}], [{8, 4}, {1, 7}, {3, 6}, {2, 5}], [{8, 4}, {1, 7}, {5, 6}, {2, 3}], [{8, 4}, {2, 7}, {1, 6}, {3, 5}], [{8, 4}, {2, 7}, {3, 6}, {1, 5}], [{8, 4}, {2, 7}, {5, 6}, {1, 3}], [{8, 4}, {3, 7}, {1, 6}, {2, 5}], [{8, 4}, {3, 7}, {1, 6}, {5}, {2}], [{8, 4}, {3, 7}, {2, 6}, {1, 5}], [{8, 4}, {3, 7}, {5, 6}, {1, 2}], [{8, 4}, {5, 7}, {1, 6}, {2, 3}], [{8, 4}, {5, 7}, {2, 6}, {1, 3}], [{8, 4}, {5, 7}, {3, 6}, {1, 2}], [{8, 4}, {6, 7}, {1, 5}, {2, 3}], [{8, 4}, {6, 7}, {2, 5}, {1, 3}], [{8, 4}, {6, 7}, {3, 5}, {1, 2}], [{8, 4}, {7}, {6}, {1, 5}, {2, 3}], [{8, 5}, {1, 7}, {2, 6}, {3, 4}], [{8, 5}, {1, 7}, {3, 6}, {2, 4}], [{8, 5}, {1, 7}, {4, 6}, {2, 3}], [{8, 5}, {2, 7}, {1, 6}, {3, 4}], [{8, 5}, {2, 7}, {3, 6}, {1, 4}], [{8, 5}, {2, 7}, {4, 6}, {1, 3}], [{8, 5}, {3, 7}, {1, 6}, {2, 4}], [{8, 5}, {3, 7}, {2, 6}, {1, 4}], [{8, 5}, {3, 7}, {4, 6}, {1, 2}], [{8, 5}, {4, 7}, {1, 6}, {2, 3}], [{8, 5}, {4, 7}, {2, 6}, {1, 3}], [{8, 5}, {4, 7}, {3, 6}, {1, 2}], [{8, 5}, {6, 7}, {1, 4}, {2, 3}], [{8, 5}, {6, 7}, {1, 4}, {3}, {2}], [{8, 5}, {6, 7}, {2, 4}, {1, 3}], [{8, 5}, {6, 7}, {3, 4}, {1, 2}], [{8, 6}, {1, 7}, {2, 5}, {3, 4}], [{8, 6}, {1, 7}, {3, 5}, {2, 4}], [{8, 6}, {1, 7}, {4, 5}, {2, 3}], [{8, 6}, {2, 7}, {1, 5}, {3, 4}], [{8, 6}, {2, 7}, {3, 5}, {1, 4}], [{8, 6}, {2, 7}, {4, 5}, {1, 3}], [{8, 6}, {2, 7}, {5}, {1, 4}, {3}], [{8, 6}, {3, 7}, {1, 5}, {2, 4}], [{8, 6}, {3, 7}, {2, 5}, {1, 4}], [{8, 6}, {3, 7}, {4, 5}, {1, 2}], [{8, 6}, {4, 7}, {1, 5}, {2, 3}], [{8, 6}, {4, 7}, {2, 5}, {1, 3}], [{8, 6}, {4, 7}, {3, 5}, {1, 2}], [{8, 6}, {5, 7}, {1, 4}, {2, 3}], [{8, 6}, {5, 7}, {2, 4}, {1, 3}], [{8, 6}, {5, 7}, {3, 4}, {1, 2}], [{8, 6}, {7}, {1, 5}, {2, 4}, {3}], [{8, 6}, {7}, {1, 5}, {3, 4}, {2}], [{8, 6}, {7}, {1, 5}, {4}, {2, 3}], [{8, 7}, {1, 6}, {2, 5}, {3, 4}], [{8, 7}, {1, 6}, {3, 5}, {2, 4}], [{8, 7}, {1, 6}, {4, 5}, {2, 3}], [{8, 7}, {2, 6}, {1, 5}, {3, 4}], [{8, 7}, {2, 6}, {3, 5}, {1, 4}], [{8, 7}, {2, 6}, {4, 5}, {1, 3}], [{8, 7}, {3, 6}, {1, 5}, {2, 4}], [{8, 7}, {3, 6}, {2, 5}, {1, 4}], [{8, 7}, {3, 6}, {4, 5}, {1, 2}], [{8, 7}, {4, 6}, {1, 5}, {2, 3}], [{8, 7}, {4, 6}, {2, 5}, {1, 3}], [{8, 7}, {4, 6}, {2, 5}, {3}, {1}], [{8, 7}, {4, 6}, {3, 5}, {1, 2}], [{8, 7}, {5, 6}, {1, 4}, {2, 3}], [{8, 7}, {5, 6}, {2, 4}, {1, 3}], [{8, 7}, {5, 6}, {3, 4}, {1, 2}], [{8, 7}, {6}, {1, 5}, {2, 4}, {3}], [{8, 7}, {6}, {1, 5}, {3, 4}, {2}], [{8, 7}, {6}, {1, 5}, {4}, {2, 3}], [{8}, {1, 7}, {2, 6}, {5}, {3, 4}], [{8}, {1, 7}, {4, 6}, {5}, {2, 3}], [{8}, {2, 7}, {4, 6}, {5}, {1, 3}], [{8}, {3, 7}, {4, 6}, {2, 5}, {1}], [{8}, {4, 7}, {1, 6}, {5}, {2, 3}], [{8}, {4, 7}, {2, 6}, {1, 5}, {3}], [{8}, {4, 7}, {3, 6}, {1, 5}, {2}], [{8}, {4, 7}, {5, 6}, {2, 3}, {1}], [{8}, {4, 7}, {6}, {1, 5}, {2, 3}], [{8}, {4, 7}, {6}, {3, 5}, {1, 2}], [{8}, {5, 7}, {1, 6}, {2, 4}, {3}], [{8}, {5, 7}, {2, 6}, {1, 4}, {3}], [{8}, {5, 7}, {3, 6}, {2, 4}, {1}], [{8}, {5, 7}, {4, 6}, {2, 3}, {1}], [{8}, {5, 7}, {6}, {2, 4}, {1, 3}], [{8}, {6, 7}, {1, 5}, {2, 4}, {3}], [{8}, {6, 7}, {1, 5}, {3, 4}, {2}], [{8}, {6, 7}, {1, 5}, {4}, {2, 3}], [{8}, {6, 7}, {3, 5}, {1, 4}, {2}], [{8}, {7}, {4, 6}, {1, 5}, {2, 3}], [{8}, {7}, {6}, {1, 5}, {4}, {2, 3}]]",2,32 K_1^3 + 12 K_1^2 K_2 - 28 K_1^2 - 32 K_1 K_2 - 12 K_1 K_3 - 8 K_1 + 14 K_2 + 8 K_3 + 3 K_4 + 12,O1O2O3O4U5U6O7U4U2O5O6U1U8U7O8U3,O1O2O3U4U5O6O7U1O4O5U7U8U6U3O8U2,O1O2O3U2O4U1U5U4U6O7O8U3O6O5U7U8,c,{'O1O2O3O4U2O5U6U5U4O7O8U3U1O6U7U8'},1,"<a href=""/flatknot/8.704174"">8.704174</a>",t^9-43t^7-96t^6-7t^5+58t^4+32t^3+80t^2+18t+4,0,,
8.704175,O1O2O3O4U2O5U6U5U4O7O8U3U1O6U8U7,4,3z^3+40z^2+116z+97,3w^4z^3+40w^3z^2+116w^2z+97w,False,False,"[[ 0 -1 -2  0  2  1 -2  1  1],[ 1  0 -2  1  1  0 -2  2  1],[ 2  2  0  2  1  0  0  1  1],[ 0 -1 -2  0  0  0 -2  1  0],[-2 -1 -1  0  0  0 -3 -1 -1],[-1  0  0  0  0  0 -1 -1 -1],[ 2  2  0  2  3  1  0  0  1],[-1 -2 -1 -1  1  1  0  0  0],[-1 -1 -1  0  1  1 -1  0  0]]","[[ 0  2  1  1  1  0 -1 -2 -2],[-2  0  0 -1 -1  0 -1 -1 -3],[-1  0  0 -1 -1  0  0  0 -1],[-1  1  1  0  0  0 -1 -1 -1],[-1  1  1  0  0 -1 -2 -1  0],[ 0  0  0  0  1  0 -1 -2 -2],[ 1  1  0  1  2  1  0 -2 -2],[ 2  1  0  1  1  2  2  0  0],[ 2  3  1  1  0  2  2  0  0]]",True,"[-2,-1,-1,-1,0,1,2,2,0,1,1,0,1,1,3,1,1,0,0,0,1,0,0,1,1,1,1,2,1,0,1,2,2,2,2,0]","[-2,-2,-1,0,1,1,1,2,0,-1,0,2,2,3,1,-1,0,2,3,2,3,0,1,2,0,2,1,1,0,2,-1,0,0,1,1,0]",t^8+42t^6+298t^4+50t^2+1,"[-2,-2,-1,0,1,1,1,2,0,-1,0,2,2,3,1,-1,0,2,3,2,3,0,1,2,0,2,1,1,0,2,-1,0,0,1,1,0]","[-2,-1,-1,-1,0,1,2,2,0,0,1,2,2,1,3,0,1,0,0,3,2,1,1,1,2,2,1,2,2,3,0,0,0,-1,-1,0]","[-2,-2,-1,0,1,1,1,2,0,2,2,0,1,1,1,2,2,1,0,1,3,1,0,2,1,1,0,1,0,0,-1,-1,0,0,1,1]",c,"[[{8, 1}, {2, 7}, {3, 6}, {4, 5}], [{8, 1}, {2, 7}, {3, 6}, {5}, {4}], [{8, 1}, {2, 7}, {4, 6}, {3, 5}], [{8, 1}, {2, 7}, {5, 6}, {3, 4}], [{8, 1}, {3, 7}, {2, 6}, {4, 5}], [{8, 1}, {3, 7}, {4, 6}, {2, 5}], [{8, 1}, {3, 7}, {5, 6}, {2, 4}], [{8, 1}, {4, 7}, {2, 6}, {3, 5}], [{8, 1}, {4, 7}, {3, 6}, {2, 5}], [{8, 1}, {4, 7}, {5, 6}, {2, 3}], [{8, 1}, {5, 7}, {2, 6}, {3, 4}], [{8, 1}, {5, 7}, {3, 6}, {2, 4}], [{8, 1}, {5, 7}, {4, 6}, {2, 3}], [{8, 1}, {5, 7}, {6}, {3, 4}, {2}], [{8, 1}, {6, 7}, {2, 5}, {3, 4}], [{8, 1}, {6, 7}, {3, 5}, {2, 4}], [{8, 1}, {6, 7}, {4, 5}, {2, 3}], [{8, 1}, {6, 7}, {5}, {4}, {2, 3}], [{8, 2}, {1, 7}, {3, 6}, {4, 5}], [{8, 2}, {1, 7}, {4, 6}, {3, 5}], [{8, 2}, {1, 7}, {5, 6}, {3, 4}], [{8, 2}, {3, 7}, {1, 6}, {4, 5}], [{8, 2}, {3, 7}, {4, 6}, {1, 5}], [{8, 2}, {3, 7}, {5, 6}, {1, 4}], [{8, 2}, {4, 7}, {1, 6}, {3, 5}], [{8, 2}, {4, 7}, {3, 6}, {1, 5}], [{8, 2}, {4, 7}, {5, 6}, {1, 3}], [{8, 2}, {4, 7}, {6}, {3, 5}, {1}], [{8, 2}, {5, 7}, {1, 6}, {3, 4}], [{8, 2}, {5, 7}, {3, 6}, {1, 4}], [{8, 2}, {5, 7}, {4, 6}, {1, 3}], [{8, 2}, {5, 7}, {4, 6}, {3}, {1}], [{8, 2}, {6, 7}, {1, 5}, {3, 4}], [{8, 2}, {6, 7}, {3, 5}, {1, 4}], [{8, 2}, {6, 7}, {4, 5}, {1, 3}], [{8, 2}, {6, 7}, {5}, {3, 4}, {1}], [{8, 3}, {1, 7}, {2, 6}, {4, 5}], [{8, 3}, {1, 7}, {4, 6}, {2, 5}], [{8, 3}, {1, 7}, {5, 6}, {2, 4}], [{8, 3}, {1, 7}, {5, 6}, {4}, {2}], [{8, 3}, {1, 7}, {6}, {5}, {2, 4}], [{8, 3}, {2, 7}, {1, 6}, {4, 5}], [{8, 3}, {2, 7}, {4, 6}, {1, 5}], [{8, 3}, {2, 7}, {4, 6}, {5}, {1}], [{8, 3}, {2, 7}, {5, 6}, {1, 4}], [{8, 3}, {4, 7}, {1, 6}, {2, 5}], [{8, 3}, {4, 7}, {1, 6}, {5}, {2}], [{8, 3}, {4, 7}, {2, 6}, {1, 5}], [{8, 3}, {4, 7}, {5, 6}, {1, 2}], [{8, 3}, {5, 7}, {1, 6}, {2, 4}], [{8, 3}, {5, 7}, {2, 6}, {1, 4}], [{8, 3}, {5, 7}, {4, 6}, {1, 2}], [{8, 3}, {6, 7}, {1, 5}, {2, 4}], [{8, 3}, {6, 7}, {2, 5}, {1, 4}], [{8, 3}, {6, 7}, {2, 5}, {4}, {1}], [{8, 3}, {6, 7}, {4, 5}, {1, 2}], [{8, 3}, {7}, {4, 6}, {1, 5}, {2}], [{8, 3}, {7}, {6}, {2, 5}, {1, 4}], [{8, 4}, {1, 7}, {2, 6}, {3, 5}], [{8, 4}, {1, 7}, {2, 6}, {5}, {3}], [{8, 4}, {1, 7}, {3, 6}, {2, 5}], [{8, 4}, {1, 7}, {5, 6}, {2, 3}], [{8, 4}, {2, 7}, {1, 6}, {3, 5}], [{8, 4}, {2, 7}, {3, 6}, {1, 5}], [{8, 4}, {2, 7}, {5, 6}, {1, 3}], [{8, 4}, {3, 7}, {1, 6}, {2, 5}], [{8, 4}, {3, 7}, {1, 6}, {5}, {2}], [{8, 4}, {3, 7}, {2, 6}, {1, 5}], [{8, 4}, {3, 7}, {5, 6}, {1, 2}], [{8, 4}, {5, 7}, {1, 6}, {2, 3}], [{8, 4}, {5, 7}, {2, 6}, {1, 3}], [{8, 4}, {5, 7}, {3, 6}, {1, 2}], [{8, 4}, {6, 7}, {1, 5}, {2, 3}], [{8, 4}, {6, 7}, {2, 5}, {1, 3}], [{8, 4}, {6, 7}, {3, 5}, {1, 2}], [{8, 4}, {7}, {1, 6}, {2, 5}, {3}], [{8, 4}, {7}, {3, 6}, {5}, {1, 2}], [{8, 4}, {7}, {6}, {1, 5}, {2, 3}], [{8, 5}, {1, 7}, {2, 6}, {3, 4}], [{8, 5}, {1, 7}, {2, 6}, {4}, {3}], [{8, 5}, {1, 7}, {3, 6}, {2, 4}], [{8, 5}, {1, 7}, {4, 6}, {2, 3}], [{8, 5}, {2, 7}, {1, 6}, {3, 4}], [{8, 5}, {2, 7}, {3, 6}, {1, 4}], [{8, 5}, {2, 7}, {4, 6}, {1, 3}], [{8, 5}, {3, 7}, {1, 6}, {2, 4}], [{8, 5}, {3, 7}, {2, 6}, {1, 4}], [{8, 5}, {3, 7}, {4, 6}, {1, 2}], [{8, 5}, {4, 7}, {1, 6}, {2, 3}], [{8, 5}, {4, 7}, {2, 6}, {1, 3}], [{8, 5}, {4, 7}, {3, 6}, {1, 2}], [{8, 5}, {6, 7}, {1, 4}, {2, 3}], [{8, 5}, {6, 7}, {2, 4}, {1, 3}], [{8, 5}, {6, 7}, {3, 4}, {1, 2}], [{8, 5}, {7}, {1, 6}, {2, 4}, {3}], [{8, 5}, {7}, {3, 6}, {2, 4}, {1}], [{8, 5}, {7}, {6}, {2, 4}, {1, 3}], [{8, 6}, {1, 7}, {2, 5}, {3, 4}], [{8, 6}, {1, 7}, {3, 5}, {2, 4}], [{8, 6}, {1, 7}, {4, 5}, {2, 3}], [{8, 6}, {1, 7}, {5}, {4}, {2, 3}], [{8, 6}, {2, 7}, {1, 5}, {3, 4}], [{8, 6}, {2, 7}, {3, 5}, {1, 4}], [{8, 6}, {2, 7}, {4, 5}, {1, 3}], [{8, 6}, {2, 7}, {5}, {4}, {1, 3}], [{8, 6}, {3, 7}, {1, 5}, {2, 4}], [{8, 6}, {3, 7}, {2, 5}, {1, 4}], [{8, 6}, {3, 7}, {4, 5}, {1, 2}], [{8, 6}, {4, 7}, {1, 5}, {2, 3}], [{8, 6}, {4, 7}, {2, 5}, {1, 3}], [{8, 6}, {4, 7}, {3, 5}, {1, 2}], [{8, 6}, {4, 7}, {3, 5}, {2}, {1}], [{8, 6}, {5, 7}, {1, 4}, {2, 3}], [{8, 6}, {5, 7}, {2, 4}, {1, 3}], [{8, 6}, {5, 7}, {3, 4}, {1, 2}], [{8, 6}, {5, 7}, {3, 4}, {2}, {1}], [{8, 6}, {7}, {1, 5}, {2, 4}, {3}], [{8, 6}, {7}, {2, 5}, {1, 4}, {3}], [{8, 7}, {1, 6}, {2, 5}, {3, 4}], [{8, 7}, {1, 6}, {3, 5}, {2, 4}], [{8, 7}, {1, 6}, {4, 5}, {2, 3}], [{8, 7}, {2, 6}, {1, 5}, {3, 4}], [{8, 7}, {2, 6}, {3, 5}, {1, 4}], [{8, 7}, {2, 6}, {4, 5}, {1, 3}], [{8, 7}, {3, 6}, {1, 5}, {2, 4}], [{8, 7}, {3, 6}, {2, 5}, {1, 4}], [{8, 7}, {3, 6}, {4, 5}, {1, 2}], [{8, 7}, {4, 6}, {1, 5}, {2, 3}], [{8, 7}, {4, 6}, {2, 5}, {1, 3}], [{8, 7}, {4, 6}, {2, 5}, {3}, {1}], [{8, 7}, {4, 6}, {3, 5}, {1, 2}], [{8, 7}, {5, 6}, {1, 4}, {2, 3}], [{8, 7}, {5, 6}, {2, 4}, {1, 3}], [{8, 7}, {5, 6}, {3, 4}, {1, 2}], [{8, 7}, {6}, {1, 5}, {2, 4}, {3}], [{8, 7}, {6}, {1, 5}, {3, 4}, {2}], [{8, 7}, {6}, {1, 5}, {4}, {2, 3}], [{8}, {1, 7}, {2, 6}, {4, 5}, {3}], [{8}, {2, 7}, {1, 6}, {3, 5}, {4}], [{8}, {2, 7}, {3, 6}, {4, 5}, {1}], [{8}, {3, 7}, {1, 6}, {2, 5}, {4}], [{8}, {4, 7}, {2, 6}, {1, 5}, {3}], [{8}, {4, 7}, {2, 6}, {3, 5}, {1}], [{8}, {4, 7}, {2, 6}, {5}, {1, 3}], [{8}, {4, 7}, {3, 6}, {1, 5}, {2}], [{8}, {4, 7}, {6}, {1, 5}, {2, 3}], [{8}, {5, 7}, {1, 6}, {3, 4}, {2}], [{8}, {6, 7}, {1, 5}, {2, 4}, {3}], [{8}, {6, 7}, {4, 5}, {2, 3}, {1}], [{8}, {7}, {3, 6}, {2, 5}, {1, 4}]]",2,4 K_1^3 - 2 K_1^2 - 4 K_1 K_2 - K_1 + K_2 + K_3 + 2,O1O2O3O4U5U6O7U4U2O6O5U1U8U7O8U3,O1O2O3U4U5O6O7U1O5O4U7U8U6U3O8U2,O1O2O3U2O4U1U5U4U6O7O8U3O6O5U8U7,c,{'O1O2O3O4U2O5U6U5U4O7O8U3U1O6U8U7'},1,"<a href=""/flatknot/8.704175"">8.704175</a>",t^9-44t^7-78t^6+63t^5-24t^4-56t^3+206t^2+28t+4,t^2-2t,,
8.704176,O1O2O3O4U2O5U6U5U4O7O8U3U7O6U1U8,4,13z^2+94z+137,13w^3z^2+94w^2z+137w,False,False,"[[ 0 -1 -2  0  2  1 -2  0  2],[ 1  0 -2  1  2  1 -2  1  2],[ 2  2  0  2  1  0  0  1  1],[ 0 -1 -2  0  0  0 -3  1  1],[-2 -2 -1  0  0  0 -3  0 -1],[-1 -1  0  0  0  0 -1  0 -1],[ 2  2  0  3  3  1  0  0  1],[ 0 -1 -1 -1  0  0  0  0  1],[-2 -2 -1 -1  1  1 -1 -1  0]]","[[ 0  2  2  1  0  0 -1 -2 -2],[-2  0  1  1 -1 -1 -2 -1 -1],[-2 -1  0  0  0  0 -2 -1 -3],[-1 -1  0  0  0  0 -1  0 -1],[ 0  1  0  0  0  1 -1 -2 -3],[ 0  1  0  0 -1  0 -1 -1  0],[ 1  2  2  1  1  1  0 -2 -2],[ 2  1  1  0  2  1  2  0  0],[ 2  1  3  1  3  0  2  0  0]]",True,"[-2,-2,-1,0,0,1,2,2,-1,-1,1,1,2,1,1,0,0,0,2,1,3,0,0,1,0,1,-1,1,2,3,1,1,0,2,2,0]","[-2,-2,-1,0,0,1,2,2,-1,-1,1,1,2,1,1,0,0,0,2,1,3,0,0,1,0,1,-1,1,2,3,1,1,0,2,2,0]",t^8+51t^6+334t^4+54t^2,"[-2,-2,-1,0,0,1,2,2,0,-1,-1,2,2,1,3,-1,0,1,3,3,3,0,0,1,1,1,-1,1,2,1,1,2,1,1,2,1]","[-2,-2,-1,0,0,1,2,2,-1,1,2,2,1,1,3,2,1,1,1,3,3,1,1,1,2,3,-1,0,2,1,0,-1,0,-1,-1,0]","[-2,-2,-1,0,0,1,2,2,0,2,0,3,1,1,3,2,1,2,0,1,1,1,1,1,2,2,-1,0,1,0,0,1,0,-1,0,1]",c,"[[{8, 2}, {3, 7}, {4, 6}, {1, 5}], [{8, 3}, {6, 7}, {1, 5}, {2, 4}], [{8, 3}, {6, 7}, {2, 5}, {1, 4}], [{8, 6}, {3, 7}, {1, 5}, {2, 4}], [{8, 7}, {3, 6}, {1, 5}, {2, 4}]]",1,12 K_1^3 + 4 K_1^2 K_2 - 36 K_1^2 - 32 K_1 K_2 - 4 K_1 K_3 + 7 K_1 + 18 K_2 + 13 K_3 + K_4 + 18,O1O2O3O4U5U4O6U7U2O5O7U1U8U6O8U3,O1O2O3U4U5O6O4U1O7O5U7U8U6U3O8U2,O1O2O3U2O4U1U5U4U6O7O6U3O8O5U7U8,c,{'O1O2O3O4U2O5U6U5U4O7O8U3U7O6U1U8'},1,"<a href=""/flatknot/8.704176"">8.704176</a>",t^9-51t^7-130t^6-42t^5+18t^4+30t^3+416t^2+446t-30,0,,
8.704177,O1O2O3O4U2O5U6U5U4O7O8U3U8O6U1U7,4,10z^2+91z+143,10w^3z^2+91w^2z+143w,False,False,"[[ 0 -1 -2  0  2  1 -2  1  1],[ 1  0 -2  1  2  1 -2  1  1],[ 2  2  0  2  1  0  0  1  1],[ 0 -1 -2  0  0  0 -3  1  1],[-2 -2 -1  0  0  0 -3 -1  0],[-1 -1  0  0  0  0 -1 -1  0],[ 2  2  0  3  3  1  0  1  1],[-1 -1 -1 -1  1  1 -1  0  0],[-1 -1 -1 -1  0  0 -1  0  0]]","[[ 0  2  1  1  1  0 -1 -2 -2],[-2  0  0  0 -1  0 -2 -1 -3],[-1  0  0  0  0 -1 -1 -1 -1],[-1  0  0  0 -1  0 -1  0 -1],[-1  1  0  1  0 -1 -1 -1 -1],[ 0  0  1  0  1  0 -1 -2 -3],[ 1  2  1  1  1  1  0 -2 -2],[ 2  1  1  0  1  2  2  0  0],[ 2  3  1  1  1  3  2  0  0]]",True,"[-2,-1,-1,-1,0,1,2,2,0,0,1,0,2,1,3,0,0,1,1,1,1,1,0,1,0,1,1,1,1,1,1,2,3,2,2,0]","[-2,-2,-1,0,1,1,1,2,0,-1,-1,2,2,2,1,-1,0,2,2,3,3,0,1,1,1,1,0,0,1,2,0,-1,0,0,1,1]",t^8+48t^6+206t^4+31t^2+1,"[-2,-2,-1,0,1,1,1,2,0,-1,-1,2,2,2,1,-1,0,2,2,3,3,0,1,1,1,1,0,0,1,2,0,-1,0,0,1,1]","[-2,-1,-1,-1,0,1,2,2,0,1,1,2,1,1,3,0,1,0,1,2,2,0,0,1,2,2,1,1,2,3,0,-1,0,-1,-1,0]","[-2,-2,-1,0,1,1,1,2,0,2,2,0,1,1,1,2,3,1,1,1,3,1,1,1,1,2,0,1,1,0,-1,0,0,0,1,0]",c,"[[{8, 3}, {1, 7}, {5, 6}, {2, 4}], [{8, 5}, {1, 7}, {3, 6}, {2, 4}], [{8, 5}, {1, 7}, {3, 6}, {4}, {2}], [{8, 6}, {1, 7}, {3, 5}, {2, 4}]]",1,12 K_1^3 + 4 K_1^2 K_2 - 42 K_1^2 - 40 K_1 K_2 - 4 K_1 K_3 + 11 K_1 - 4 K_2^2 + 21 K_2 + 17 K_3 + 3 K_4 + 23,O1O2O3O4U5U4O6U7U2O7O5U1U8U6O8U3,O1O2O3U4U5O6O5U1O7O4U7U8U6U3O8U2,O1O2O3U2O4U1U5U4U6O7O6U3O8O5U8U7,c,{'O1O2O3O4U2O5U6U5U4O7O8U3U8O6U1U7'},1,"<a href=""/flatknot/8.704177"">8.704177</a>",t^9-50t^7-122t^6-29t^5+40t^4+57t^3+16t^2-25t+6,t^2-2t,,
8.704178,O1O2O3O4U2O5U6U5U4O7O8U7U1O6U3U8,4,3z^3+30z^2+106z+117,3w^4z^3+30w^3z^2+106w^2z+117w,False,False,"[[ 0 -1 -2  1  2  1 -2 -1  2],[ 1  0 -1  1  1  0 -1  0  2],[ 2  1  0  2  1  0  1  0  1],[-1 -1 -2  0  1  1 -3  0  1],[-2 -1 -1 -1  0  0 -3  0 -1],[-1  0  0 -1  0  0 -1  0 -1],[ 2  1 -1  3  3  1  0 -1  1],[ 1  0  0  0  0  0  1  0  1],[-2 -2 -1 -1  1  1 -1 -1  0]]","[[ 0  2  2  1  1 -1 -1 -2 -2],[-2  0  1  1 -1 -1 -2 -1 -1],[-2 -1  0  0 -1  0 -1 -1 -3],[-1 -1  0  0 -1  0  0  0 -1],[-1  1  1  1  0  0 -1 -2 -3],[ 1  1  0  0  0  0  0  0  1],[ 1  2  1  0  1  0  0 -1 -1],[ 2  1  1  0  2  0  1  0  1],[ 2  1  3  1  3 -1  1 -1  0]]",True,"[-2,-2,-1,-1,1,1,2,2,-1,-1,1,1,2,1,1,0,1,0,1,1,3,1,0,0,0,1,0,1,2,3,0,0,-1,1,1,-1]","[-2,-2,-1,-1,1,1,2,2,-1,-1,1,1,2,1,1,0,1,0,1,1,3,1,0,0,0,1,0,1,2,3,0,0,-1,1,1,-1]",t^8+42t^6+195t^4+61t^2+1,"[-2,-2,-1,-1,1,1,2,2,-1,0,1,1,3,3,3,0,2,0,2,1,3,0,1,2,2,1,2,2,3,2,-1,0,0,1,2,1]","[-2,-2,-1,-1,1,1,2,2,-1,0,1,2,3,1,3,0,2,1,2,3,3,1,1,2,0,1,2,2,2,3,0,0,0,2,1,-1]","[-2,-2,-1,-1,1,1,2,2,-1,-1,1,1,3,1,3,0,1,0,2,1,1,0,0,0,1,0,0,1,2,1,-1,-1,0,1,1,1]",c,"[[{8, 2}, {3, 7}, {4, 6}, {1, 5}]]",1,16 K_1^3 + 4 K_1^2 K_2 - 18 K_1^2 - 20 K_1 K_2 - 2 K_1 K_3 - 2 K_1 - 2 K_2^2 + 8 K_2 + 6 K_3 + K_4 + 10,O1O2O3O4U5U2O6U4U7O5O7U1U8U6O8U3,O1O2O3U4U5O4O6U1O7O5U6U8U7U3O8U2,O1O2O3U2O4U1U5U4U6O7O5U3O6O8U7U8,c,{'O1O2O3O4U2O5U6U5U4O7O8U7U1O6U3U8'},1,"<a href=""/flatknot/8.704178"">8.704178</a>",t^9-42t^7-110t^6-9t^5+104t^4-2t^3-64t^2+22t+2,0,,
8.704179,O1O2O3O4U2O5U6U5U4O7O8U7U1O6U8U3,3,9z^2+70z+105,9w^3z^2+70w^2z+105w,False,False,"[[ 0 -1 -2  2  2  1 -2 -1  1],[ 1  0 -1  2  1  0 -1  0  1],[ 2  1  0  2  1  0  1  0  0],[-2 -2 -2  0  1  1 -3 -1  0],[-2 -1 -1 -1  0  0 -3  0 -1],[-1  0  0 -1  0  0 -1  0 -1],[ 2  1 -1  3  3  1  0 -1  0],[ 1  0  0  1  0  0  1  0  1],[-1 -1  0  0  1  1  0 -1  0]]","[[ 0  2  2  1  1 -1 -1 -2 -2],[-2  0  1  1  0 -1 -2 -2 -3],[-2 -1  0  0 -1  0 -1 -1 -3],[-1 -1  0  0 -1  0  0  0 -1],[-1  0  1  1  0 -1 -1  0  0],[ 1  1  0  0  1  0  0  0  1],[ 1  2  1  0  1  0  0 -1 -1],[ 2  2  1  0  0  0  1  0  1],[ 2  3  3  1  0 -1  1 -1  0]]",True,"[-2,-2,-1,-1,1,1,2,2,-1,-1,0,1,2,2,3,0,1,0,1,1,3,1,0,0,0,1,1,1,0,0,0,0,-1,1,1,-1]","[-2,-2,-1,-1,1,1,2,2,-1,-1,0,1,2,2,3,0,1,0,1,1,3,1,0,0,0,1,1,1,0,0,0,0,-1,1,1,-1]",t^8+40t^6+164t^4+25t^2,"[-2,-2,-1,-1,1,1,2,2,-1,0,1,3,3,2,3,0,2,2,3,1,1,0,2,1,1,2,2,1,2,3,1,2,1,1,0,-1]","[-2,-2,-1,-1,1,1,2,2,-1,0,1,2,3,1,3,1,2,1,2,1,2,1,1,1,3,3,2,2,2,3,0,0,0,2,1,-1]","[-2,-2,-1,-1,1,1,2,2,-1,-1,1,0,1,3,3,0,1,0,0,1,2,0,1,0,0,1,1,0,1,2,1,1,0,0,-1,-1]",c,"[[{8, 1}, {5, 7}, {3, 6}, {2, 4}], [{8, 1}, {5, 7}, {4, 6}, {2, 3}], [{8, 2}, {5, 7}, {3, 6}, {1, 4}], [{8, 4}, {5, 7}, {3, 6}, {1, 2}]]",1,4 K_1^3 - 20 K_1^2 - 8 K_1 K_2 + K_1 + 10 K_2 + 3 K_3 + 11,O1O2O3O4U2U5O6U4U7O5O7U1U8U6O8U3,O1O2O3U4U5O4O6U1O5O7U6U8U7U3O8U2,O1O2O3U2O4U1U5U4U6O5O7U3O6O8U7U8,c,{'O1O2O3O4U2O5U6U5U4O7O8U7U1O6U8U3'},1,"<a href=""/flatknot/8.704179"">8.704179</a>",t^9-40t^7-90t^6+56t^5+92t^4-94t^3+10t^2,0,,
8.704180,O1O2O3O4U2O5U6U5U4O7O8U7U3O6U1U8,3,15z^2+68z+77,-8w^4z^2+23w^3z^2-8w^3z+76w^2z+77w,False,False,"[[ 0 -1 -2  1  2  1 -2 -1  2],[ 1  0 -2  2  2  1 -2  0  2],[ 2  2  0  2  1  0  0  0  1],[-1 -2 -2  0  0  0 -3  0  1],[-2 -2 -1  0  0  0 -3  0 -1],[-1 -1  0  0  0  0 -1  0 -1],[ 2  2  0  3  3  1  0 -1  1],[ 1  0  0  0  0  0  1  0  1],[-2 -2 -1 -1  1  1 -1 -1  0]]","[[ 0  2  2  1  1 -1 -1 -2 -2],[-2  0  1  1 -1 -1 -2 -1 -1],[-2 -1  0  0  0  0 -2 -1 -3],[-1 -1  0  0  0  0 -1  0 -1],[-1  1  0  0  0  0 -2 -2 -3],[ 1  1  0  0  0  0  0  0  1],[ 1  2  2  1  2  0  0 -2 -2],[ 2  1  1  0  2  0  2  0  0],[ 2  1  3  1  3 -1  2  0  0]]",True,"[-2,-2,-1,-1,1,1,2,2,-1,-1,1,1,2,1,1,0,0,0,2,1,3,0,0,1,0,1,0,2,2,3,0,0,-1,2,2,0]","[-2,-2,-1,-1,1,1,2,2,-1,-1,1,1,2,1,1,0,0,0,2,1,3,0,0,1,0,1,0,2,2,3,0,0,-1,2,2,0]",t^8+52t^6+278t^4+74t^2,"[-2,-2,-1,-1,1,1,2,2,0,-1,1,1,3,3,3,-1,2,0,2,1,3,0,0,1,1,1,2,2,3,2,0,1,0,1,2,1]","[-2,-2,-1,-1,1,1,2,2,-1,1,1,1,3,1,3,0,2,1,2,3,3,0,0,2,0,1,1,2,2,3,0,-1,-1,2,1,0]","[-2,-2,-1,-1,1,1,2,2,0,-1,2,1,3,1,3,0,2,0,2,1,1,0,0,0,1,0,1,2,2,2,0,-1,0,1,0,1]",c,"[[{8, 2}, {3, 7}, {4, 6}, {1, 5}]]",1,- 8 K_1^4 + 8 K_1^3 + 12 K_1^2 K_2 - 12 K_1^2 - 16 K_1 K_2 - 8 K_1 K_3 + 2 K_1 - 2 K_2^2 + 8 K_2 + 6 K_3 + 3 K_4 + 8,O1O2O3O4U5U4O6U2U7O5O7U1U8U6O8U3,O1O2O3U4U5O4O6U1O7O5U7U8U6U3O8U2,O1O2O3U2O4U1U5U4U6O7O6U3O5O8U7U8,c,{'O1O2O3O4U2O5U6U5U4O7O8U7U3O6U1U8'},1,"<a href=""/flatknot/8.704180"">8.704180</a>",t^9-52t^7-138t^6+8t^5+132t^4-151t^3+76t^2-12t+8,0,,
8.704181,O1O2O3O4U2O5U6U5U4O7O8U7U8O6U1U3,4,19z^2+96z+117,19w^3z^2+96w^2z+117w,False,False,"[[ 0 -1 -2  2  2  1 -2 -1  1],[ 1  0 -1  2  2  1 -1 -1  1],[ 2  1  0  2  1  0  1  0  0],[-2 -2 -2  0  1  1 -4 -1  1],[-2 -2 -1 -1  0  0 -3  0  0],[-1 -1  0 -1  0  0 -1  0  0],[ 2  1 -1  4  3  1  0  0  0],[ 1  1  0  1  0  0  0  0  1],[-1 -1  0 -1  0  0  0 -1  0]]","[[ 0  2  2  1  1 -1 -1 -2 -2],[-2  0  1  1  1 -1 -2 -2 -4],[-2 -1  0  0  0  0 -2 -1 -3],[-1 -1  0  0  0  0 -1  0 -1],[-1 -1  0  0  0 -1 -1  0  0],[ 1  1  0  0  1  0  1  0  0],[ 1  2  2  1  1 -1  0 -1 -1],[ 2  2  1  0  0  0  1  0  1],[ 2  4  3  1  0  0  1 -1  0]]",True,"[-2,-2,-1,-1,1,1,2,2,-1,-1,-1,1,2,2,4,0,0,0,2,1,3,0,0,1,0,1,1,1,0,0,-1,0,0,1,1,-1]","[-2,-2,-1,-1,1,1,2,2,-1,-1,-1,1,2,2,4,0,0,0,2,1,3,0,0,1,0,1,1,1,0,0,-1,0,0,1,1,-1]",t^8+50t^6+130t^4+25t^2,"[-2,-2,-1,-1,1,1,2,2,-1,0,1,3,3,2,3,0,1,2,3,0,1,1,1,1,1,1,2,1,2,3,0,2,1,2,1,-1]","[-2,-2,-1,-1,1,1,2,2,-1,1,1,1,3,1,3,2,2,1,2,0,2,0,1,1,3,3,1,2,2,3,-1,0,0,1,1,-1]","[-2,-2,-1,-1,1,1,2,2,-1,0,1,0,1,3,4,0,1,0,0,1,2,1,1,0,0,1,1,1,2,2,0,0,-1,0,-1,-1]",c,"[[{8, 7}, {2, 6}, {1, 5}, {3, 4}], [{8, 7}, {3, 6}, {1, 5}, {2, 4}], [{8, 7}, {4, 6}, {1, 5}, {2, 3}]]",1,24 K_1^3 + 16 K_1^2 K_2 - 40 K_1^2 - 40 K_1 K_2 - 12 K_1 K_3 + 2 K_1 - 4 K_2^2 + 18 K_2 + 14 K_3 + 4 K_4 + 19,O1O2O3O4U2U4O5U6U7O6O7U1U8U5O8U3,O1O2O3U4U5O4O5U1O6O7U6U8U7U3O8U2,O1O2O3U2O4U1U5U4U6O5O6U3O7O8U7U8,c,{'O1O2O3O4U2O5U6U5U4O7O8U7U8O6U1U3'},1,"<a href=""/flatknot/8.704181"">8.704181</a>",t^9-50t^7-128t^6+58t^5+360t^4+156t^3-174t^2-109t-2,0,,
8.704182,O1O2O3O4U2O5U6U5U7O8O7U1U3O6U4U8,4,19z^2+88z+101,19w^3z^2+88w^2z+101w,False,False,"[[ 0 -2 -2  1  2  1 -2  1  1],[ 2  0  0  2  2  0  0  2  1],[ 2  0  0  1  2  0  1  2  2],[-1 -2 -1  0  0  0 -2 -1  0],[-2 -2 -2  0  0  1 -3 -2 -1],[-1  0  0  0 -1  0 -1 -1 -1],[ 2  0 -1  2  3  1  0  3  2],[-1 -2 -2  1  2  1 -3  0  1],[-1 -1 -2  0  1  1 -2 -1  0]]","[[ 0  2  1  1  1  1 -2 -2 -2],[-2  0  1  0 -1 -2 -2 -2 -3],[-1 -1  0  0 -1 -1  0  0 -1],[-1  0  0  0  0 -1 -1 -2 -2],[-1  1  1  0  0 -1 -2 -1 -2],[-1  2  1  1  1  0 -2 -2 -3],[ 2  2  0  1  2  2  0  0  1],[ 2  2  0  2  1  2  0  0  0],[ 2  3  1  2  2  3 -1  0  0]]",True,"[-2,-1,-1,-1,-1,2,2,2,-1,0,1,2,2,2,3,0,1,1,0,0,1,0,1,1,2,2,1,2,1,2,2,2,3,0,-1,0]","[-2,-2,-2,1,1,1,1,2,-1,0,1,1,2,3,2,0,0,1,1,2,1,1,2,1,3,2,-1,-1,-1,-1,0,-1,0,0,1,2]",t^8+64t^6+149t^4+36t^2+1,"[-2,-2,-2,1,1,1,1,2,-1,0,1,1,2,3,2,0,0,1,1,2,1,1,2,1,3,2,-1,-1,-1,-1,0,-1,0,0,1,2]","[-2,-1,-1,-1,-1,2,2,2,-1,0,1,2,1,2,2,1,1,1,0,1,1,0,1,1,1,2,0,1,2,1,2,3,3,-1,0,0]","[-2,-2,-2,1,1,1,1,2,-1,0,1,2,2,3,3,0,0,1,2,2,2,0,2,1,2,2,0,-1,-1,-1,0,-1,0,-1,1,2]",c,"[[{8, 1}, {2, 7}, {3, 6}, {4, 5}], [{8, 1}, {2, 7}, {3, 6}, {5}, {4}], [{8, 1}, {2, 7}, {4, 6}, {3, 5}], [{8, 1}, {2, 7}, {5, 6}, {3, 4}], [{8, 1}, {3, 7}, {2, 6}, {4, 5}], [{8, 1}, {3, 7}, {4, 6}, {2, 5}], [{8, 1}, {3, 7}, {5, 6}, {2, 4}], [{8, 1}, {3, 7}, {6}, {4, 5}, {2}], [{8, 1}, {4, 7}, {2, 6}, {3, 5}], [{8, 1}, {4, 7}, {3, 6}, {2, 5}], [{8, 1}, {4, 7}, {3, 6}, {5}, {2}], [{8, 1}, {4, 7}, {5, 6}, {2, 3}], [{8, 1}, {4, 7}, {6}, {2, 5}, {3}], [{8, 1}, {5, 7}, {2, 6}, {3, 4}], [{8, 1}, {5, 7}, {2, 6}, {4}, {3}], [{8, 1}, {5, 7}, {3, 6}, {2, 4}], [{8, 1}, {5, 7}, {3, 6}, {4}, {2}], [{8, 1}, {5, 7}, {4, 6}, {2, 3}], [{8, 1}, {5, 7}, {4, 6}, {3}, {2}], [{8, 1}, {5, 7}, {6}, {2, 4}, {3}], [{8, 1}, {5, 7}, {6}, {3, 4}, {2}], [{8, 1}, {5, 7}, {6}, {4}, {2, 3}], [{8, 1}, {6, 7}, {2, 5}, {3, 4}], [{8, 1}, {6, 7}, {3, 5}, {2, 4}], [{8, 1}, {6, 7}, {4, 5}, {2, 3}], [{8, 1}, {6, 7}, {4, 5}, {3}, {2}], [{8, 1}, {7}, {2, 6}, {5}, {3, 4}], [{8, 1}, {7}, {3, 6}, {2, 5}, {4}], [{8, 1}, {7}, {3, 6}, {4, 5}, {2}], [{8, 1}, {7}, {3, 6}, {5}, {2, 4}], [{8, 1}, {7}, {3, 6}, {5}, {4}, {2}], [{8, 1}, {7}, {4, 6}, {5}, {2, 3}], [{8, 2}, {1, 7}, {3, 6}, {4, 5}], [{8, 2}, {1, 7}, {3, 6}, {5}, {4}], [{8, 2}, {1, 7}, {4, 6}, {3, 5}], [{8, 2}, {1, 7}, {4, 6}, {5}, {3}], [{8, 2}, {1, 7}, {5, 6}, {3, 4}], [{8, 2}, {1, 7}, {6}, {5}, {3, 4}], [{8, 2}, {3, 7}, {1, 6}, {4, 5}], [{8, 2}, {3, 7}, {4, 6}, {1, 5}], [{8, 2}, {3, 7}, {5, 6}, {1, 4}], [{8, 2}, {4, 7}, {1, 6}, {3, 5}], [{8, 2}, {4, 7}, {3, 6}, {1, 5}], [{8, 2}, {4, 7}, {3, 6}, {5}, {1}], [{8, 2}, {4, 7}, {5, 6}, {1, 3}], [{8, 2}, {5, 7}, {1, 6}, {3, 4}], [{8, 2}, {5, 7}, {3, 6}, {1, 4}], [{8, 2}, {5, 7}, {4, 6}, {1, 3}], [{8, 2}, {6, 7}, {1, 5}, {3, 4}], [{8, 2}, {6, 7}, {3, 5}, {1, 4}], [{8, 2}, {6, 7}, {4, 5}, {1, 3}], [{8, 2}, {7}, {3, 6}, {5}, {1, 4}], [{8, 3}, {1, 7}, {2, 6}, {4, 5}], [{8, 3}, {1, 7}, {4, 6}, {2, 5}], [{8, 3}, {1, 7}, {5, 6}, {2, 4}], [{8, 3}, {1, 7}, {6}, {2, 5}, {4}], [{8, 3}, {1, 7}, {6}, {4, 5}, {2}], [{8, 3}, {1, 7}, {6}, {5}, {2, 4}], [{8, 3}, {2, 7}, {1, 6}, {4, 5}], [{8, 3}, {2, 7}, {4, 6}, {1, 5}], [{8, 3}, {2, 7}, {5, 6}, {1, 4}], [{8, 3}, {2, 7}, {5, 6}, {4}, {1}], [{8, 3}, {4, 7}, {1, 6}, {2, 5}], [{8, 3}, {4, 7}, {2, 6}, {1, 5}], [{8, 3}, {4, 7}, {5, 6}, {1, 2}], [{8, 3}, {5, 7}, {1, 6}, {2, 4}], [{8, 3}, {5, 7}, {1, 6}, {4}, {2}], [{8, 3}, {5, 7}, {2, 6}, {1, 4}], [{8, 3}, {5, 7}, {4, 6}, {1, 2}], [{8, 3}, {6, 7}, {1, 5}, {2, 4}], [{8, 3}, {6, 7}, {2, 5}, {1, 4}], [{8, 3}, {6, 7}, {4, 5}, {1, 2}], [{8, 3}, {7}, {2, 6}, {5}, {1, 4}], [{8, 3}, {7}, {4, 6}, {2, 5}, {1}], [{8, 4}, {1, 7}, {2, 6}, {3, 5}], [{8, 4}, {1, 7}, {3, 6}, {2, 5}], [{8, 4}, {1, 7}, {3, 6}, {5}, {2}], [{8, 4}, {1, 7}, {5, 6}, {2, 3}], [{8, 4}, {1, 7}, {6}, {2, 5}, {3}], [{8, 4}, {2, 7}, {1, 6}, {3, 5}], [{8, 4}, {2, 7}, {3, 6}, {1, 5}], [{8, 4}, {2, 7}, {3, 6}, {5}, {1}], [{8, 4}, {2, 7}, {5, 6}, {1, 3}], [{8, 4}, {3, 7}, {1, 6}, {2, 5}], [{8, 4}, {3, 7}, {2, 6}, {1, 5}], [{8, 4}, {3, 7}, {5, 6}, {1, 2}], [{8, 4}, {5, 7}, {1, 6}, {2, 3}], [{8, 4}, {5, 7}, {2, 6}, {1, 3}], [{8, 4}, {5, 7}, {3, 6}, {1, 2}], [{8, 4}, {5, 7}, {3, 6}, {2}, {1}], [{8, 4}, {5, 7}, {6}, {3}, {1, 2}], [{8, 4}, {6, 7}, {1, 5}, {2, 3}], [{8, 4}, {6, 7}, {2, 5}, {1, 3}], [{8, 4}, {6, 7}, {3, 5}, {1, 2}], [{8, 4}, {7}, {3, 6}, {1, 5}, {2}], [{8, 4}, {7}, {3, 6}, {2, 5}, {1}], [{8, 4}, {7}, {3, 6}, {5}, {1, 2}], [{8, 4}, {7}, {3, 6}, {5}, {2}, {1}], [{8, 5}, {1, 7}, {2, 6}, {3, 4}], [{8, 5}, {1, 7}, {3, 6}, {2, 4}], [{8, 5}, {1, 7}, {3, 6}, {4}, {2}], [{8, 5}, {1, 7}, {4, 6}, {2, 3}], [{8, 5}, {1, 7}, {4, 6}, {3}, {2}], [{8, 5}, {1, 7}, {6}, {3, 4}, {2}], [{8, 5}, {2, 7}, {1, 6}, {3, 4}], [{8, 5}, {2, 7}, {1, 6}, {4}, {3}], [{8, 5}, {2, 7}, {3, 6}, {1, 4}], [{8, 5}, {2, 7}, {4, 6}, {1, 3}], [{8, 5}, {2, 7}, {4, 6}, {3}, {1}], [{8, 5}, {2, 7}, {6}, {1, 4}, {3}], [{8, 5}, {3, 7}, {1, 6}, {2, 4}], [{8, 5}, {3, 7}, {2, 6}, {1, 4}], [{8, 5}, {3, 7}, {4, 6}, {1, 2}], [{8, 5}, {3, 7}, {6}, {4}, {1, 2}], [{8, 5}, {4, 7}, {1, 6}, {2, 3}], [{8, 5}, {4, 7}, {2, 6}, {1, 3}], [{8, 5}, {4, 7}, {3, 6}, {1, 2}], [{8, 5}, {4, 7}, {3, 6}, {2}, {1}], [{8, 5}, {6, 7}, {1, 4}, {2, 3}], [{8, 5}, {6, 7}, {2, 4}, {1, 3}], [{8, 5}, {6, 7}, {3, 4}, {1, 2}], [{8, 5}, {7}, {3, 6}, {1, 4}, {2}], [{8, 5}, {7}, {4, 6}, {3}, {1, 2}], [{8, 6}, {1, 7}, {2, 5}, {3, 4}], [{8, 6}, {1, 7}, {2, 5}, {4}, {3}], [{8, 6}, {1, 7}, {3, 5}, {2, 4}], [{8, 6}, {1, 7}, {4, 5}, {2, 3}], [{8, 6}, {1, 7}, {4, 5}, {3}, {2}], [{8, 6}, {1, 7}, {5}, {2, 4}, {3}], [{8, 6}, {2, 7}, {1, 5}, {3, 4}], [{8, 6}, {2, 7}, {3, 5}, {1, 4}], [{8, 6}, {2, 7}, {4, 5}, {1, 3}], [{8, 6}, {3, 7}, {1, 5}, {2, 4}], [{8, 6}, {3, 7}, {2, 5}, {1, 4}], [{8, 6}, {3, 7}, {2, 5}, {4}, {1}], [{8, 6}, {3, 7}, {4, 5}, {1, 2}], [{8, 6}, {4, 7}, {1, 5}, {2, 3}], [{8, 6}, {4, 7}, {2, 5}, {1, 3}], [{8, 6}, {4, 7}, {3, 5}, {1, 2}], [{8, 6}, {5, 7}, {1, 4}, {2, 3}], [{8, 6}, {5, 7}, {2, 4}, {1, 3}], [{8, 6}, {5, 7}, {3, 4}, {1, 2}], [{8, 6}, {7}, {2, 5}, {4}, {1, 3}], [{8, 6}, {7}, {5}, {1, 4}, {2, 3}], [{8, 7}, {1, 6}, {2, 5}, {3, 4}], [{8, 7}, {1, 6}, {3, 5}, {2, 4}], [{8, 7}, {1, 6}, {4, 5}, {2, 3}], [{8, 7}, {2, 6}, {1, 5}, {3, 4}], [{8, 7}, {2, 6}, {3, 5}, {1, 4}], [{8, 7}, {2, 6}, {4, 5}, {1, 3}], [{8, 7}, {3, 6}, {1, 5}, {2, 4}], [{8, 7}, {3, 6}, {1, 5}, {4}, {2}], [{8, 7}, {3, 6}, {2, 5}, {1, 4}], [{8, 7}, {3, 6}, {2, 5}, {4}, {1}], [{8, 7}, {3, 6}, {4, 5}, {1, 2}], [{8, 7}, {3, 6}, {4, 5}, {2}, {1}], [{8, 7}, {3, 6}, {5}, {1, 4}, {2}], [{8, 7}, {3, 6}, {5}, {2, 4}, {1}], [{8, 7}, {3, 6}, {5}, {4}, {1, 2}], [{8, 7}, {3, 6}, {5}, {4}, {2}, {1}], [{8, 7}, {4, 6}, {1, 5}, {2, 3}], [{8, 7}, {4, 6}, {2, 5}, {1, 3}], [{8, 7}, {4, 6}, {3, 5}, {1, 2}], [{8, 7}, {4, 6}, {3, 5}, {2}, {1}], [{8, 7}, {5, 6}, {1, 4}, {2, 3}], [{8, 7}, {5, 6}, {2, 4}, {1, 3}], [{8, 7}, {5, 6}, {3, 4}, {1, 2}], [{8, 7}, {5, 6}, {3, 4}, {2}, {1}], [{8, 7}, {6}, {2, 5}, {1, 4}, {3}], [{8}, {1, 7}, {2, 6}, {3, 5}, {4}], [{8}, {1, 7}, {3, 6}, {2, 5}, {4}], [{8}, {1, 7}, {3, 6}, {4, 5}, {2}], [{8}, {1, 7}, {3, 6}, {5}, {2, 4}], [{8}, {1, 7}, {3, 6}, {5}, {4}, {2}], [{8}, {1, 7}, {4, 6}, {2, 5}, {3}], [{8}, {1, 7}, {5, 6}, {4}, {2, 3}], [{8}, {1, 7}, {6}, {2, 5}, {3, 4}], [{8}, {1, 7}, {6}, {2, 5}, {4}, {3}], [{8}, {2, 7}, {3, 6}, {5}, {1, 4}], [{8}, {2, 7}, {6}, {1, 5}, {3, 4}], [{8}, {3, 7}, {2, 6}, {1, 5}, {4}], [{8}, {4, 7}, {3, 6}, {1, 5}, {2}], [{8}, {4, 7}, {3, 6}, {2, 5}, {1}], [{8}, {4, 7}, {3, 6}, {5}, {1, 2}], [{8}, {4, 7}, {3, 6}, {5}, {2}, {1}], [{8}, {5, 7}, {3, 6}, {1, 4}, {2}], [{8}, {6, 7}, {5}, {2, 4}, {1, 3}], [{8}, {7}, {3, 6}, {2, 5}, {1, 4}], [{8}, {7}, {3, 6}, {5}, {1, 4}, {2}]]",2,- 12 K_1^2 - 8 K_1 K_2 + 4 K_1 + 6 K_2 + 4 K_3 + 7,O1O2O3O4U5U1O6U2U4O7O5U7U8U6O8U3,O1O2O3U4U3O5O6U1O7O4U5U8U6U7O8U2,O1O2O3U2O4U5U6U4U7O8O5U3O6O7U1U8,c,{'O1O2O3O4U2O5U6U5U7O8O7U1U3O6U4U8'},1,"<a href=""/flatknot/8.704182"">8.704182</a>",t^9-68t^7-188t^6+41t^5+466t^4+283t^3-44t^2-43t-2,2t^2-4t,,
8.704183,O1O2O3O4U2O5U6U5U7O8O7U1U3O6U8U4,4,14z^2+83z+111,14w^3z^2+83w^2z+111w,False,False,"[[ 0 -2 -2  1  3  1 -2  1  0],[ 2  0  0  2  3  0  0  2  0],[ 2  0  0  1  2  0  1  2  1],[-1 -2 -1  0  1  0 -2 -1 -1],[-3 -3 -2 -1  0  1 -3 -2 -2],[-1  0  0  0 -1  0 -1 -1 -1],[ 2  0 -1  2  3  1  0  3  1],[-1 -2 -2  1  2  1 -3  0  0],[ 0  0 -1  1  2  1 -1  0  0]]","[[ 0  3  1  1  1  0 -2 -2 -2],[-3  0  1 -1 -2 -2 -2 -3 -3],[-1 -1  0  0 -1 -1  0  0 -1],[-1  1  0  0 -1 -1 -1 -2 -2],[-1  2  1  1  0  0 -2 -2 -3],[ 0  2  1  1  0  0 -1  0 -1],[ 2  2  0  1  2  1  0  0  1],[ 2  3  0  2  2  0  0  0  0],[ 2  3  1  2  3  1 -1  0  0]]",True,"[-3,-1,-1,-1,0,2,2,2,-1,1,2,2,2,3,3,0,1,1,0,0,1,1,1,1,2,2,0,2,2,3,1,0,1,0,-1,0]","[-3,-1,-1,-1,0,2,2,2,-1,1,2,2,2,3,3,0,1,1,0,0,1,1,1,1,2,2,0,2,2,3,1,0,1,0,-1,0]",t^8+66t^6+217t^4+147t^2+1,"[-2,-2,-2,0,1,1,1,3,-1,0,1,1,2,3,3,0,1,0,1,2,2,2,1,1,3,2,1,0,0,1,-1,-1,0,0,1,3]","[-3,-1,-1,-1,0,2,2,2,0,1,3,1,2,2,3,1,1,1,0,1,1,0,0,1,1,2,0,2,3,3,1,2,1,0,-1,0]","[-2,-2,-2,0,1,1,1,3,-1,0,1,1,2,3,3,0,1,0,1,2,2,0,0,2,2,3,1,1,0,2,0,-1,-1,-1,1,2]",c,"[[{8, 1}, {2, 7}, {3, 6}, {4, 5}], [{8, 1}, {2, 7}, {3, 6}, {5}, {4}], [{8, 1}, {2, 7}, {4, 6}, {3, 5}], [{8, 1}, {2, 7}, {5, 6}, {3, 4}], [{8, 1}, {3, 7}, {2, 6}, {4, 5}], [{8, 1}, {3, 7}, {4, 6}, {2, 5}], [{8, 1}, {3, 7}, {5, 6}, {2, 4}], [{8, 1}, {4, 7}, {2, 6}, {3, 5}], [{8, 1}, {4, 7}, {3, 6}, {2, 5}], [{8, 1}, {4, 7}, {3, 6}, {5}, {2}], [{8, 1}, {4, 7}, {5, 6}, {2, 3}], [{8, 1}, {4, 7}, {6}, {2, 5}, {3}], [{8, 1}, {5, 7}, {2, 6}, {3, 4}], [{8, 1}, {5, 7}, {3, 6}, {2, 4}], [{8, 1}, {5, 7}, {3, 6}, {4}, {2}], [{8, 1}, {5, 7}, {4, 6}, {2, 3}], [{8, 1}, {6, 7}, {2, 5}, {3, 4}], [{8, 1}, {6, 7}, {3, 5}, {2, 4}], [{8, 1}, {6, 7}, {4, 5}, {2, 3}], [{8, 1}, {7}, {2, 6}, {5}, {3, 4}], [{8, 1}, {7}, {3, 6}, {2, 5}, {4}], [{8, 1}, {7}, {3, 6}, {4, 5}, {2}], [{8, 1}, {7}, {3, 6}, {5}, {2, 4}], [{8, 1}, {7}, {3, 6}, {5}, {4}, {2}], [{8, 1}, {7}, {4, 6}, {5}, {2, 3}], [{8, 2}, {1, 7}, {3, 6}, {4, 5}], [{8, 2}, {1, 7}, {4, 6}, {3, 5}], [{8, 2}, {1, 7}, {4, 6}, {5}, {3}], [{8, 2}, {1, 7}, {5, 6}, {3, 4}], [{8, 2}, {3, 7}, {1, 6}, {4, 5}], [{8, 2}, {3, 7}, {4, 6}, {1, 5}], [{8, 2}, {3, 7}, {4, 6}, {5}, {1}], [{8, 2}, {3, 7}, {5, 6}, {1, 4}], [{8, 2}, {4, 7}, {1, 6}, {3, 5}], [{8, 2}, {4, 7}, {3, 6}, {1, 5}], [{8, 2}, {4, 7}, {5, 6}, {1, 3}], [{8, 2}, {4, 7}, {6}, {1, 5}, {3}], [{8, 2}, {4, 7}, {6}, {3, 5}, {1}], [{8, 2}, {4, 7}, {6}, {5}, {1, 3}], [{8, 2}, {5, 7}, {1, 6}, {3, 4}], [{8, 2}, {5, 7}, {3, 6}, {1, 4}], [{8, 2}, {5, 7}, {4, 6}, {1, 3}], [{8, 2}, {6, 7}, {1, 5}, {3, 4}], [{8, 2}, {6, 7}, {3, 5}, {1, 4}], [{8, 2}, {6, 7}, {4, 5}, {1, 3}], [{8, 2}, {6, 7}, {5}, {4}, {1, 3}], [{8, 2}, {7}, {3, 6}, {1, 5}, {4}], [{8, 2}, {7}, {3, 6}, {4, 5}, {1}], [{8, 2}, {7}, {3, 6}, {5}, {1, 4}], [{8, 2}, {7}, {4, 6}, {5}, {1, 3}], [{8, 3}, {1, 7}, {2, 6}, {4, 5}], [{8, 3}, {1, 7}, {2, 6}, {5}, {4}], [{8, 3}, {1, 7}, {4, 6}, {2, 5}], [{8, 3}, {1, 7}, {5, 6}, {2, 4}], [{8, 3}, {2, 7}, {1, 6}, {4, 5}], [{8, 3}, {2, 7}, {1, 6}, {5}, {4}], [{8, 3}, {2, 7}, {4, 6}, {1, 5}], [{8, 3}, {2, 7}, {5, 6}, {1, 4}], [{8, 3}, {4, 7}, {1, 6}, {2, 5}], [{8, 3}, {4, 7}, {1, 6}, {5}, {2}], [{8, 3}, {4, 7}, {2, 6}, {1, 5}], [{8, 3}, {4, 7}, {2, 6}, {5}, {1}], [{8, 3}, {4, 7}, {5, 6}, {1, 2}], [{8, 3}, {4, 7}, {6}, {5}, {1, 2}], [{8, 3}, {5, 7}, {1, 6}, {2, 4}], [{8, 3}, {5, 7}, {2, 6}, {1, 4}], [{8, 3}, {5, 7}, {4, 6}, {1, 2}], [{8, 3}, {5, 7}, {4, 6}, {2}, {1}], [{8, 3}, {6, 7}, {1, 5}, {2, 4}], [{8, 3}, {6, 7}, {1, 5}, {4}, {2}], [{8, 3}, {6, 7}, {2, 5}, {1, 4}], [{8, 3}, {6, 7}, {4, 5}, {1, 2}], [{8, 3}, {7}, {1, 6}, {5}, {2, 4}], [{8, 3}, {7}, {2, 6}, {5}, {1, 4}], [{8, 4}, {1, 7}, {2, 6}, {3, 5}], [{8, 4}, {1, 7}, {3, 6}, {2, 5}], [{8, 4}, {1, 7}, {3, 6}, {5}, {2}], [{8, 4}, {1, 7}, {5, 6}, {2, 3}], [{8, 4}, {1, 7}, {6}, {2, 5}, {3}], [{8, 4}, {2, 7}, {1, 6}, {3, 5}], [{8, 4}, {2, 7}, {3, 6}, {1, 5}], [{8, 4}, {2, 7}, {3, 6}, {5}, {1}], [{8, 4}, {2, 7}, {5, 6}, {1, 3}], [{8, 4}, {3, 7}, {1, 6}, {2, 5}], [{8, 4}, {3, 7}, {2, 6}, {1, 5}], [{8, 4}, {3, 7}, {2, 6}, {5}, {1}], [{8, 4}, {3, 7}, {5, 6}, {1, 2}], [{8, 4}, {5, 7}, {1, 6}, {2, 3}], [{8, 4}, {5, 7}, {2, 6}, {1, 3}], [{8, 4}, {5, 7}, {3, 6}, {1, 2}], [{8, 4}, {5, 7}, {3, 6}, {2}, {1}], [{8, 4}, {6, 7}, {1, 5}, {2, 3}], [{8, 4}, {6, 7}, {2, 5}, {1, 3}], [{8, 4}, {6, 7}, {3, 5}, {1, 2}], [{8, 4}, {6, 7}, {5}, {2, 3}, {1}], [{8, 4}, {7}, {3, 6}, {1, 5}, {2}], [{8, 4}, {7}, {3, 6}, {2, 5}, {1}], [{8, 4}, {7}, {3, 6}, {5}, {1, 2}], [{8, 4}, {7}, {3, 6}, {5}, {2}, {1}], [{8, 5}, {1, 7}, {2, 6}, {3, 4}], [{8, 5}, {1, 7}, {2, 6}, {4}, {3}], [{8, 5}, {1, 7}, {3, 6}, {2, 4}], [{8, 5}, {1, 7}, {4, 6}, {2, 3}], [{8, 5}, {2, 7}, {1, 6}, {3, 4}], [{8, 5}, {2, 7}, {3, 6}, {1, 4}], [{8, 5}, {2, 7}, {4, 6}, {1, 3}], [{8, 5}, {3, 7}, {1, 6}, {2, 4}], [{8, 5}, {3, 7}, {2, 6}, {1, 4}], [{8, 5}, {3, 7}, {4, 6}, {1, 2}], [{8, 5}, {4, 7}, {1, 6}, {2, 3}], [{8, 5}, {4, 7}, {2, 6}, {1, 3}], [{8, 5}, {4, 7}, {3, 6}, {1, 2}], [{8, 5}, {6, 7}, {1, 4}, {2, 3}], [{8, 5}, {6, 7}, {2, 4}, {1, 3}], [{8, 5}, {6, 7}, {3, 4}, {1, 2}], [{8, 5}, {7}, {2, 6}, {3, 4}, {1}], [{8, 5}, {7}, {3, 6}, {1, 4}, {2}], [{8, 5}, {7}, {3, 6}, {2, 4}, {1}], [{8, 5}, {7}, {3, 6}, {4}, {1, 2}], [{8, 6}, {1, 7}, {2, 5}, {3, 4}], [{8, 6}, {1, 7}, {3, 5}, {2, 4}], [{8, 6}, {1, 7}, {4, 5}, {2, 3}], [{8, 6}, {1, 7}, {5}, {2, 4}, {3}], [{8, 6}, {2, 7}, {1, 5}, {3, 4}], [{8, 6}, {2, 7}, {3, 5}, {1, 4}], [{8, 6}, {2, 7}, {4, 5}, {1, 3}], [{8, 6}, {2, 7}, {5}, {4}, {1, 3}], [{8, 6}, {3, 7}, {1, 5}, {2, 4}], [{8, 6}, {3, 7}, {2, 5}, {1, 4}], [{8, 6}, {3, 7}, {4, 5}, {1, 2}], [{8, 6}, {3, 7}, {4, 5}, {2}, {1}], [{8, 6}, {4, 7}, {1, 5}, {2, 3}], [{8, 6}, {4, 7}, {2, 5}, {1, 3}], [{8, 6}, {4, 7}, {3, 5}, {1, 2}], [{8, 6}, {5, 7}, {1, 4}, {2, 3}], [{8, 6}, {5, 7}, {2, 4}, {1, 3}], [{8, 6}, {5, 7}, {3, 4}, {1, 2}], [{8, 6}, {5, 7}, {3, 4}, {2}, {1}], [{8, 6}, {7}, {5}, {1, 4}, {2, 3}], [{8, 7}, {1, 6}, {2, 5}, {3, 4}], [{8, 7}, {1, 6}, {3, 5}, {2, 4}], [{8, 7}, {1, 6}, {4, 5}, {2, 3}], [{8, 7}, {1, 6}, {5}, {3, 4}, {2}], [{8, 7}, {2, 6}, {1, 5}, {3, 4}], [{8, 7}, {2, 6}, {1, 5}, {4}, {3}], [{8, 7}, {2, 6}, {3, 5}, {1, 4}], [{8, 7}, {2, 6}, {4, 5}, {1, 3}], [{8, 7}, {3, 6}, {1, 5}, {2, 4}], [{8, 7}, {3, 6}, {2, 5}, {1, 4}], [{8, 7}, {3, 6}, {2, 5}, {4}, {1}], [{8, 7}, {3, 6}, {4, 5}, {1, 2}], [{8, 7}, {3, 6}, {5}, {1, 4}, {2}], [{8, 7}, {4, 6}, {1, 5}, {2, 3}], [{8, 7}, {4, 6}, {2, 5}, {1, 3}], [{8, 7}, {4, 6}, {3, 5}, {1, 2}], [{8, 7}, {5, 6}, {1, 4}, {2, 3}], [{8, 7}, {5, 6}, {2, 4}, {1, 3}], [{8, 7}, {5, 6}, {3, 4}, {1, 2}], [{8, 7}, {6}, {2, 5}, {1, 4}, {3}], [{8}, {1, 7}, {2, 6}, {3, 5}, {4}], [{8}, {1, 7}, {3, 6}, {2, 5}, {4}], [{8}, {2, 7}, {3, 6}, {5}, {1, 4}], [{8}, {2, 7}, {5, 6}, {1, 4}, {3}], [{8}, {2, 7}, {6}, {3, 5}, {1, 4}], [{8}, {3, 7}, {4, 6}, {1, 5}, {2}], [{8}, {4, 7}, {3, 6}, {2, 5}, {1}], [{8}, {4, 7}, {5, 6}, {2, 3}, {1}], [{8}, {5, 7}, {3, 6}, {1, 4}, {2}], [{8}, {6, 7}, {5}, {3, 4}, {1, 2}], [{8}, {7}, {2, 6}, {1, 5}, {3, 4}], [{8}, {7}, {3, 6}, {1, 5}, {2, 4}], [{8}, {7}, {3, 6}, {2, 5}, {1, 4}], [{8}, {7}, {3, 6}, {2, 5}, {4}, {1}], [{8}, {7}, {3, 6}, {4, 5}, {1, 2}], [{8}, {7}, {3, 6}, {5}, {1, 4}, {2}]]",2,8 K_1^2 K_2 - 22 K_1^2 - 18 K_1 K_2 - 8 K_1 K_3 + 9 K_1 - 4 K_2^2 + 11 K_2 + 9 K_3 + 4 K_4 + 12,O1O2O3O4U1U5O6U2U4O7O5U7U8U6O8U3,O1O2O3U4U3O5O6U1O4O7U5U8U6U7O8U2,O1O2O3U2O4U5U6U4U7O5O8U3O6O7U1U8,c,{'O1O2O3O4U2O5U6U5U7O8O7U1U3O6U8U4'},1,"<a href=""/flatknot/8.704183"">8.704183</a>",t^9-66t^7-194t^6+48t^5+420t^4+136t^3-14t^2+9t-10,-t^3+3t^2-3t,,
8.704184,O1O2O3O4U2O5U6U5U7O8O7U1U4O6U3U8,4,3z^3+34z^2+106z+101,3w^4z^3+34w^3z^2+106w^2z+101w,False,False,"[[ 0 -2 -2  1  2  1 -2  1  1],[ 2  0  0  2  2  0  0  2  1],[ 2  0  0  2  1  0  1  2  2],[-1 -2 -2  0  1  1 -3 -1  0],[-2 -2 -1 -1  0  0 -3 -2 -1],[-1  0  0 -1  0  0 -1 -1 -1],[ 2  0 -1  3  3  1  0  3  2],[-1 -2 -2  1  2  1 -3  0  1],[-1 -1 -2  0  1  1 -2 -1  0]]","[[ 0  2  1  1  1  1 -2 -2 -2],[-2  0  0 -1 -1 -2 -1 -2 -3],[-1  0  0 -1 -1 -1  0  0 -1],[-1  1  1  0  0 -1 -2 -1 -2],[-1  1  1  0  0 -1 -2 -2 -3],[-1  2  1  1  1  0 -2 -2 -3],[ 2  1  0  2  2  2  0  0  1],[ 2  2  0  1  2  2  0  0  0],[ 2  3  1  2  3  3 -1  0  0]]",True,"[-2,-1,-1,-1,-1,2,2,2,0,1,1,2,1,2,3,1,1,1,0,0,1,0,1,2,1,2,1,2,2,3,2,2,3,0,-1,0]","[-2,-2,-2,1,1,1,1,2,-1,0,1,1,1,3,3,0,0,0,1,2,1,1,1,2,3,2,-1,-1,-1,-1,0,-1,0,-1,0,1]",t^8+70t^6+134t^4+15t^2,"[-2,-2,-2,1,1,1,1,2,-1,0,1,1,1,3,3,0,0,0,1,2,1,1,1,2,3,2,-1,-1,-1,-1,0,-1,0,-1,0,1]","[-2,-1,-1,-1,-1,2,2,2,-1,0,0,1,1,2,3,1,1,1,0,1,1,0,1,0,1,1,1,1,2,1,2,3,3,0,-1,0]","[-2,-2,-2,1,1,1,1,2,-1,0,1,2,3,3,3,0,0,2,2,2,1,0,1,2,2,2,-1,-1,-1,0,-1,0,1,1,2,1]",c,"[[{8, 1}, {2, 7}, {3, 6}, {4, 5}], [{8, 1}, {2, 7}, {4, 6}, {3, 5}], [{8, 1}, {2, 7}, {5, 6}, {3, 4}], [{8, 1}, {2, 7}, {6}, {5}, {3, 4}], [{8, 1}, {3, 7}, {2, 6}, {4, 5}], [{8, 1}, {3, 7}, {4, 6}, {2, 5}], [{8, 1}, {3, 7}, {4, 6}, {5}, {2}], [{8, 1}, {3, 7}, {5, 6}, {2, 4}], [{8, 1}, {4, 7}, {2, 6}, {3, 5}], [{8, 1}, {4, 7}, {3, 6}, {2, 5}], [{8, 1}, {4, 7}, {5, 6}, {2, 3}], [{8, 1}, {4, 7}, {6}, {3, 5}, {2}], [{8, 1}, {5, 7}, {2, 6}, {3, 4}], [{8, 1}, {5, 7}, {3, 6}, {2, 4}], [{8, 1}, {5, 7}, {3, 6}, {4}, {2}], [{8, 1}, {5, 7}, {4, 6}, {2, 3}], [{8, 1}, {6, 7}, {2, 5}, {3, 4}], [{8, 1}, {6, 7}, {2, 5}, {4}, {3}], [{8, 1}, {6, 7}, {3, 5}, {2, 4}], [{8, 1}, {6, 7}, {4, 5}, {2, 3}], [{8, 1}, {7}, {3, 6}, {5}, {2, 4}], [{8, 2}, {1, 7}, {3, 6}, {4, 5}], [{8, 2}, {1, 7}, {3, 6}, {5}, {4}], [{8, 2}, {1, 7}, {4, 6}, {3, 5}], [{8, 2}, {1, 7}, {4, 6}, {5}, {3}], [{8, 2}, {1, 7}, {5, 6}, {3, 4}], [{8, 2}, {1, 7}, {6}, {5}, {3, 4}], [{8, 2}, {3, 7}, {1, 6}, {4, 5}], [{8, 2}, {3, 7}, {4, 6}, {1, 5}], [{8, 2}, {3, 7}, {5, 6}, {1, 4}], [{8, 2}, {4, 7}, {1, 6}, {3, 5}], [{8, 2}, {4, 7}, {3, 6}, {1, 5}], [{8, 2}, {4, 7}, {5, 6}, {1, 3}], [{8, 2}, {5, 7}, {1, 6}, {3, 4}], [{8, 2}, {5, 7}, {3, 6}, {1, 4}], [{8, 2}, {5, 7}, {4, 6}, {1, 3}], [{8, 2}, {5, 7}, {4, 6}, {3}, {1}], [{8, 2}, {5, 7}, {6}, {4}, {1, 3}], [{8, 2}, {6, 7}, {1, 5}, {3, 4}], [{8, 2}, {6, 7}, {3, 5}, {1, 4}], [{8, 2}, {6, 7}, {4, 5}, {1, 3}], [{8, 2}, {7}, {1, 6}, {4, 5}, {3}], [{8, 2}, {7}, {4, 6}, {1, 5}, {3}], [{8, 3}, {1, 7}, {2, 6}, {4, 5}], [{8, 3}, {1, 7}, {2, 6}, {5}, {4}], [{8, 3}, {1, 7}, {4, 6}, {2, 5}], [{8, 3}, {1, 7}, {4, 6}, {5}, {2}], [{8, 3}, {1, 7}, {5, 6}, {2, 4}], [{8, 3}, {1, 7}, {5, 6}, {4}, {2}], [{8, 3}, {1, 7}, {6}, {2, 5}, {4}], [{8, 3}, {1, 7}, {6}, {4, 5}, {2}], [{8, 3}, {1, 7}, {6}, {5}, {2, 4}], [{8, 3}, {2, 7}, {1, 6}, {4, 5}], [{8, 3}, {2, 7}, {4, 6}, {1, 5}], [{8, 3}, {2, 7}, {4, 6}, {5}, {1}], [{8, 3}, {2, 7}, {5, 6}, {1, 4}], [{8, 3}, {4, 7}, {1, 6}, {2, 5}], [{8, 3}, {4, 7}, {2, 6}, {1, 5}], [{8, 3}, {4, 7}, {5, 6}, {1, 2}], [{8, 3}, {5, 7}, {1, 6}, {2, 4}], [{8, 3}, {5, 7}, {2, 6}, {1, 4}], [{8, 3}, {5, 7}, {4, 6}, {1, 2}], [{8, 3}, {5, 7}, {4, 6}, {2}, {1}], [{8, 3}, {5, 7}, {6}, {4}, {1, 2}], [{8, 3}, {6, 7}, {1, 5}, {2, 4}], [{8, 3}, {6, 7}, {2, 5}, {1, 4}], [{8, 3}, {6, 7}, {4, 5}, {1, 2}], [{8, 3}, {7}, {2, 6}, {4, 5}, {1}], [{8, 3}, {7}, {4, 6}, {1, 5}, {2}], [{8, 3}, {7}, {4, 6}, {2, 5}, {1}], [{8, 3}, {7}, {4, 6}, {5}, {1, 2}], [{8, 3}, {7}, {4, 6}, {5}, {2}, {1}], [{8, 3}, {7}, {5, 6}, {2, 4}, {1}], [{8, 4}, {1, 7}, {2, 6}, {3, 5}], [{8, 4}, {1, 7}, {3, 6}, {2, 5}], [{8, 4}, {1, 7}, {5, 6}, {2, 3}], [{8, 4}, {1, 7}, {6}, {2, 5}, {3}], [{8, 4}, {2, 7}, {1, 6}, {3, 5}], [{8, 4}, {2, 7}, {1, 6}, {5}, {3}], [{8, 4}, {2, 7}, {3, 6}, {1, 5}], [{8, 4}, {2, 7}, {5, 6}, {1, 3}], [{8, 4}, {3, 7}, {1, 6}, {2, 5}], [{8, 4}, {3, 7}, {1, 6}, {5}, {2}], [{8, 4}, {3, 7}, {2, 6}, {1, 5}], [{8, 4}, {3, 7}, {2, 6}, {5}, {1}], [{8, 4}, {3, 7}, {5, 6}, {1, 2}], [{8, 4}, {3, 7}, {6}, {5}, {1, 2}], [{8, 4}, {5, 7}, {1, 6}, {2, 3}], [{8, 4}, {5, 7}, {2, 6}, {1, 3}], [{8, 4}, {5, 7}, {3, 6}, {1, 2}], [{8, 4}, {6, 7}, {1, 5}, {2, 3}], [{8, 4}, {6, 7}, {2, 5}, {1, 3}], [{8, 4}, {6, 7}, {3, 5}, {1, 2}], [{8, 4}, {6, 7}, {3, 5}, {2}, {1}], [{8, 4}, {7}, {1, 6}, {5}, {2, 3}], [{8, 4}, {7}, {3, 6}, {2, 5}, {1}], [{8, 5}, {1, 7}, {2, 6}, {3, 4}], [{8, 5}, {1, 7}, {3, 6}, {2, 4}], [{8, 5}, {1, 7}, {3, 6}, {4}, {2}], [{8, 5}, {1, 7}, {4, 6}, {2, 3}], [{8, 5}, {1, 7}, {4, 6}, {3}, {2}], [{8, 5}, {1, 7}, {6}, {3, 4}, {2}], [{8, 5}, {2, 7}, {1, 6}, {3, 4}], [{8, 5}, {2, 7}, {3, 6}, {1, 4}], [{8, 5}, {2, 7}, {4, 6}, {1, 3}], [{8, 5}, {3, 7}, {1, 6}, {2, 4}], [{8, 5}, {3, 7}, {2, 6}, {1, 4}], [{8, 5}, {3, 7}, {4, 6}, {1, 2}], [{8, 5}, {3, 7}, {6}, {2, 4}, {1}], [{8, 5}, {4, 7}, {1, 6}, {2, 3}], [{8, 5}, {4, 7}, {2, 6}, {1, 3}], [{8, 5}, {4, 7}, {3, 6}, {1, 2}], [{8, 5}, {6, 7}, {1, 4}, {2, 3}], [{8, 5}, {6, 7}, {2, 4}, {1, 3}], [{8, 5}, {6, 7}, {3, 4}, {1, 2}], [{8, 6}, {1, 7}, {2, 5}, {3, 4}], [{8, 6}, {1, 7}, {2, 5}, {4}, {3}], [{8, 6}, {1, 7}, {3, 5}, {2, 4}], [{8, 6}, {1, 7}, {4, 5}, {2, 3}], [{8, 6}, {2, 7}, {1, 5}, {3, 4}], [{8, 6}, {2, 7}, {3, 5}, {1, 4}], [{8, 6}, {2, 7}, {4, 5}, {1, 3}], [{8, 6}, {3, 7}, {1, 5}, {2, 4}], [{8, 6}, {3, 7}, {1, 5}, {4}, {2}], [{8, 6}, {3, 7}, {2, 5}, {1, 4}], [{8, 6}, {3, 7}, {4, 5}, {1, 2}], [{8, 6}, {3, 7}, {4, 5}, {2}, {1}], [{8, 6}, {3, 7}, {5}, {1, 4}, {2}], [{8, 6}, {4, 7}, {1, 5}, {2, 3}], [{8, 6}, {4, 7}, {2, 5}, {1, 3}], [{8, 6}, {4, 7}, {3, 5}, {1, 2}], [{8, 6}, {5, 7}, {1, 4}, {2, 3}], [{8, 6}, {5, 7}, {2, 4}, {1, 3}], [{8, 6}, {5, 7}, {3, 4}, {1, 2}], [{8, 6}, {7}, {5}, {2, 4}, {1, 3}], [{8, 7}, {1, 6}, {2, 5}, {3, 4}], [{8, 7}, {1, 6}, {2, 5}, {4}, {3}], [{8, 7}, {1, 6}, {3, 5}, {2, 4}], [{8, 7}, {1, 6}, {4, 5}, {2, 3}], [{8, 7}, {2, 6}, {1, 5}, {3, 4}], [{8, 7}, {2, 6}, {3, 5}, {1, 4}], [{8, 7}, {2, 6}, {4, 5}, {1, 3}], [{8, 7}, {2, 6}, {5}, {3, 4}, {1}], [{8, 7}, {3, 6}, {1, 5}, {2, 4}], [{8, 7}, {3, 6}, {2, 5}, {1, 4}], [{8, 7}, {3, 6}, {4, 5}, {1, 2}], [{8, 7}, {3, 6}, {4, 5}, {2}, {1}], [{8, 7}, {4, 6}, {1, 5}, {2, 3}], [{8, 7}, {4, 6}, {2, 5}, {1, 3}], [{8, 7}, {4, 6}, {3, 5}, {1, 2}], [{8, 7}, {4, 6}, {5}, {1, 3}, {2}], [{8, 7}, {5, 6}, {1, 4}, {2, 3}], [{8, 7}, {5, 6}, {2, 4}, {1, 3}], [{8, 7}, {5, 6}, {3, 4}, {1, 2}], [{8, 7}, {6}, {1, 5}, {3, 4}, {2}], [{8, 7}, {6}, {3, 5}, {2, 4}, {1}], [{8}, {1, 7}, {2, 6}, {4, 5}, {3}], [{8}, {1, 7}, {3, 6}, {2, 5}, {4}], [{8}, {1, 7}, {4, 6}, {2, 5}, {3}], [{8}, {1, 7}, {4, 6}, {3, 5}, {2}], [{8}, {1, 7}, {4, 6}, {5}, {2, 3}], [{8}, {1, 7}, {4, 6}, {5}, {3}, {2}], [{8}, {1, 7}, {5, 6}, {2, 4}, {3}], [{8}, {1, 7}, {6}, {2, 5}, {3, 4}], [{8}, {1, 7}, {6}, {2, 5}, {4}, {3}], [{8}, {2, 7}, {1, 6}, {3, 5}, {4}], [{8}, {2, 7}, {3, 6}, {1, 5}, {4}], [{8}, {2, 7}, {5, 6}, {1, 4}, {3}], [{8}, {4, 7}, {2, 6}, {3, 5}, {1}], [{8}, {5, 7}, {4, 6}, {2, 3}, {1}], [{8}, {6, 7}, {1, 5}, {2, 4}, {3}], [{8}, {6, 7}, {5}, {1, 4}, {2, 3}], [{8}, {7}, {4, 6}, {1, 5}, {2, 3}]]",2,4 K_1^3 - 8 K_1^2 - 12 K_1 K_2 + 3 K_1 + 4 K_2 + 5 K_3 + 5,O1O2O3O4U5U2O6U1U4O7O5U7U8U6O8U3,O1O2O3U4U3O5O6U1O7O4U5U8U7U6O8U2,O1O2O3U2O4U5U6U4U7O8O6U3O5O7U1U8,c,{'O1O2O3O4U2O5U6U5U7O8O7U1U4O6U3U8'},1,"<a href=""/flatknot/8.704184"">8.704184</a>",t^9-74t^7-216t^6+6t^5+362t^4+89t^3-110t^2-18t-4,2t^2-4t,,
8.704185,O1O2O3O4U2O5U6U5U7O8O7U1U4O6U8U3,4,26z^2+107z+111,26w^3z^2+107w^2z+111w,False,False,"[[ 0 -2 -2  2  2  1 -2  1  0],[ 2  0  0  3  2  0  0  2  0],[ 2  0  0  2  1  0  1  2  1],[-2 -3 -2  0  0  1 -3 -1 -1],[-2 -2 -1  0  0  0 -3 -2 -1],[-1  0  0 -1  0  0 -1 -1 -1],[ 2  0 -1  3  3  1  0  3  1],[-1 -2 -2  1  2  1 -3  0  0],[ 0  0 -1  1  1  1 -1  0  0]]","[[ 0  2  2  1  1  0 -2 -2 -2],[-2  0  0  1 -1 -1 -2 -3 -3],[-2  0  0  0 -2 -1 -1 -2 -3],[-1 -1  0  0 -1 -1  0  0 -1],[-1  1  2  1  0  0 -2 -2 -3],[ 0  1  1  1  0  0 -1  0 -1],[ 2  2  1  0  2  1  0  0  1],[ 2  3  2  0  2  0  0  0  0],[ 2  3  3  1  3  1 -1  0  0]]",True,"[-2,-2,-1,-1,0,2,2,2,0,-1,1,1,2,3,3,0,2,1,1,2,3,1,1,0,0,1,0,2,2,3,1,0,1,0,-1,0]","[-2,-2,-2,0,1,1,2,2,-1,0,1,1,3,2,3,0,1,0,2,1,1,2,1,3,1,2,1,0,1,1,-1,0,-1,2,1,0]",t^8+67t^6+219t^4+119t^2,"[-2,-2,-2,0,1,1,2,2,-1,0,1,1,3,2,3,0,1,0,2,1,1,2,1,3,1,2,1,0,1,1,-1,0,-1,2,1,0]","[-2,-2,-1,-1,0,2,2,2,0,-1,1,1,1,2,3,0,2,1,1,1,2,1,1,0,1,1,0,2,3,3,1,2,1,0,-1,0]","[-2,-2,-2,0,1,1,2,2,-1,0,1,1,3,3,3,0,1,0,2,1,2,0,0,2,2,3,1,0,1,1,-1,0,-1,2,1,0]",c,"[[{8, 1}, {2, 7}, {3, 6}, {4, 5}], [{8, 1}, {2, 7}, {3, 6}, {5}, {4}], [{8, 1}, {2, 7}, {4, 6}, {3, 5}], [{8, 1}, {2, 7}, {4, 6}, {5}, {3}], [{8, 1}, {2, 7}, {5, 6}, {3, 4}], [{8, 1}, {2, 7}, {6}, {5}, {3, 4}], [{8, 1}, {3, 7}, {2, 6}, {4, 5}], [{8, 1}, {3, 7}, {4, 6}, {2, 5}], [{8, 1}, {3, 7}, {5, 6}, {2, 4}], [{8, 1}, {3, 7}, {5, 6}, {4}, {2}], [{8, 1}, {4, 7}, {2, 6}, {3, 5}], [{8, 1}, {4, 7}, {2, 6}, {5}, {3}], [{8, 1}, {4, 7}, {3, 6}, {2, 5}], [{8, 1}, {4, 7}, {3, 6}, {5}, {2}], [{8, 1}, {4, 7}, {5, 6}, {2, 3}], [{8, 1}, {4, 7}, {6}, {5}, {2, 3}], [{8, 1}, {5, 7}, {2, 6}, {3, 4}], [{8, 1}, {5, 7}, {2, 6}, {4}, {3}], [{8, 1}, {5, 7}, {3, 6}, {2, 4}], [{8, 1}, {5, 7}, {4, 6}, {2, 3}], [{8, 1}, {5, 7}, {4, 6}, {3}, {2}], [{8, 1}, {5, 7}, {6}, {2, 4}, {3}], [{8, 1}, {6, 7}, {2, 5}, {3, 4}], [{8, 1}, {6, 7}, {3, 5}, {2, 4}], [{8, 1}, {6, 7}, {4, 5}, {2, 3}], [{8, 1}, {7}, {2, 6}, {4, 5}, {3}], [{8, 1}, {7}, {3, 6}, {5}, {2, 4}], [{8, 1}, {7}, {4, 6}, {2, 5}, {3}], [{8, 2}, {1, 7}, {3, 6}, {4, 5}], [{8, 2}, {1, 7}, {4, 6}, {3, 5}], [{8, 2}, {1, 7}, {5, 6}, {3, 4}], [{8, 2}, {1, 7}, {6}, {4, 5}, {3}], [{8, 2}, {3, 7}, {1, 6}, {4, 5}], [{8, 2}, {3, 7}, {4, 6}, {1, 5}], [{8, 2}, {3, 7}, {5, 6}, {1, 4}], [{8, 2}, {3, 7}, {5, 6}, {4}, {1}], [{8, 2}, {4, 7}, {1, 6}, {3, 5}], [{8, 2}, {4, 7}, {3, 6}, {1, 5}], [{8, 2}, {4, 7}, {5, 6}, {1, 3}], [{8, 2}, {5, 7}, {1, 6}, {3, 4}], [{8, 2}, {5, 7}, {1, 6}, {4}, {3}], [{8, 2}, {5, 7}, {3, 6}, {1, 4}], [{8, 2}, {5, 7}, {3, 6}, {4}, {1}], [{8, 2}, {5, 7}, {4, 6}, {1, 3}], [{8, 2}, {5, 7}, {6}, {4}, {1, 3}], [{8, 2}, {6, 7}, {1, 5}, {3, 4}], [{8, 2}, {6, 7}, {3, 5}, {1, 4}], [{8, 2}, {6, 7}, {4, 5}, {1, 3}], [{8, 2}, {7}, {3, 6}, {5}, {1, 4}], [{8, 2}, {7}, {4, 6}, {3, 5}, {1}], [{8, 2}, {7}, {6}, {1, 5}, {3, 4}], [{8, 3}, {1, 7}, {2, 6}, {4, 5}], [{8, 3}, {1, 7}, {2, 6}, {5}, {4}], [{8, 3}, {1, 7}, {4, 6}, {2, 5}], [{8, 3}, {1, 7}, {4, 6}, {5}, {2}], [{8, 3}, {1, 7}, {5, 6}, {2, 4}], [{8, 3}, {1, 7}, {5, 6}, {4}, {2}], [{8, 3}, {1, 7}, {6}, {2, 5}, {4}], [{8, 3}, {1, 7}, {6}, {4, 5}, {2}], [{8, 3}, {1, 7}, {6}, {5}, {2, 4}], [{8, 3}, {2, 7}, {1, 6}, {4, 5}], [{8, 3}, {2, 7}, {1, 6}, {5}, {4}], [{8, 3}, {2, 7}, {4, 6}, {1, 5}], [{8, 3}, {2, 7}, {4, 6}, {5}, {1}], [{8, 3}, {2, 7}, {5, 6}, {1, 4}], [{8, 3}, {2, 7}, {6}, {5}, {1, 4}], [{8, 3}, {4, 7}, {1, 6}, {2, 5}], [{8, 3}, {4, 7}, {2, 6}, {1, 5}], [{8, 3}, {4, 7}, {5, 6}, {1, 2}], [{8, 3}, {5, 7}, {1, 6}, {2, 4}], [{8, 3}, {5, 7}, {2, 6}, {1, 4}], [{8, 3}, {5, 7}, {4, 6}, {1, 2}], [{8, 3}, {5, 7}, {4, 6}, {2}, {1}], [{8, 3}, {6, 7}, {1, 5}, {2, 4}], [{8, 3}, {6, 7}, {2, 5}, {1, 4}], [{8, 3}, {6, 7}, {4, 5}, {1, 2}], [{8, 3}, {7}, {2, 6}, {4, 5}, {1}], [{8, 3}, {7}, {4, 6}, {1, 5}, {2}], [{8, 3}, {7}, {4, 6}, {2, 5}, {1}], [{8, 3}, {7}, {4, 6}, {5}, {1, 2}], [{8, 3}, {7}, {4, 6}, {5}, {2}, {1}], [{8, 3}, {7}, {5, 6}, {2, 4}, {1}], [{8, 4}, {1, 7}, {2, 6}, {3, 5}], [{8, 4}, {1, 7}, {3, 6}, {2, 5}], [{8, 4}, {1, 7}, {5, 6}, {2, 3}], [{8, 4}, {1, 7}, {6}, {2, 5}, {3}], [{8, 4}, {2, 7}, {1, 6}, {3, 5}], [{8, 4}, {2, 7}, {3, 6}, {1, 5}], [{8, 4}, {2, 7}, {5, 6}, {1, 3}], [{8, 4}, {3, 7}, {1, 6}, {2, 5}], [{8, 4}, {3, 7}, {1, 6}, {5}, {2}], [{8, 4}, {3, 7}, {2, 6}, {1, 5}], [{8, 4}, {3, 7}, {2, 6}, {5}, {1}], [{8, 4}, {3, 7}, {5, 6}, {1, 2}], [{8, 4}, {3, 7}, {6}, {5}, {1, 2}], [{8, 4}, {5, 7}, {1, 6}, {2, 3}], [{8, 4}, {5, 7}, {2, 6}, {1, 3}], [{8, 4}, {5, 7}, {3, 6}, {1, 2}], [{8, 4}, {5, 7}, {3, 6}, {2}, {1}], [{8, 4}, {6, 7}, {1, 5}, {2, 3}], [{8, 4}, {6, 7}, {2, 5}, {1, 3}], [{8, 4}, {6, 7}, {3, 5}, {1, 2}], [{8, 4}, {7}, {6}, {1, 5}, {2, 3}], [{8, 5}, {1, 7}, {2, 6}, {3, 4}], [{8, 5}, {1, 7}, {3, 6}, {2, 4}], [{8, 5}, {1, 7}, {4, 6}, {2, 3}], [{8, 5}, {1, 7}, {6}, {2, 4}, {3}], [{8, 5}, {2, 7}, {1, 6}, {3, 4}], [{8, 5}, {2, 7}, {3, 6}, {1, 4}], [{8, 5}, {2, 7}, {4, 6}, {1, 3}], [{8, 5}, {3, 7}, {1, 6}, {2, 4}], [{8, 5}, {3, 7}, {2, 6}, {1, 4}], [{8, 5}, {3, 7}, {2, 6}, {4}, {1}], [{8, 5}, {3, 7}, {4, 6}, {1, 2}], [{8, 5}, {4, 7}, {1, 6}, {2, 3}], [{8, 5}, {4, 7}, {2, 6}, {1, 3}], [{8, 5}, {4, 7}, {3, 6}, {1, 2}], [{8, 5}, {6, 7}, {1, 4}, {2, 3}], [{8, 5}, {6, 7}, {2, 4}, {1, 3}], [{8, 5}, {6, 7}, {3, 4}, {1, 2}], [{8, 5}, {7}, {3, 6}, {2, 4}, {1}], [{8, 5}, {7}, {4, 6}, {2, 3}, {1}], [{8, 6}, {1, 7}, {2, 5}, {3, 4}], [{8, 6}, {1, 7}, {2, 5}, {4}, {3}], [{8, 6}, {1, 7}, {3, 5}, {2, 4}], [{8, 6}, {1, 7}, {4, 5}, {2, 3}], [{8, 6}, {1, 7}, {4, 5}, {3}, {2}], [{8, 6}, {1, 7}, {5}, {2, 4}, {3}], [{8, 6}, {2, 7}, {1, 5}, {3, 4}], [{8, 6}, {2, 7}, {1, 5}, {4}, {3}], [{8, 6}, {2, 7}, {3, 5}, {1, 4}], [{8, 6}, {2, 7}, {4, 5}, {1, 3}], [{8, 6}, {3, 7}, {1, 5}, {2, 4}], [{8, 6}, {3, 7}, {2, 5}, {1, 4}], [{8, 6}, {3, 7}, {4, 5}, {1, 2}], [{8, 6}, {3, 7}, {5}, {2, 4}, {1}], [{8, 6}, {4, 7}, {1, 5}, {2, 3}], [{8, 6}, {4, 7}, {2, 5}, {1, 3}], [{8, 6}, {4, 7}, {3, 5}, {1, 2}], [{8, 6}, {5, 7}, {1, 4}, {2, 3}], [{8, 6}, {5, 7}, {2, 4}, {1, 3}], [{8, 6}, {5, 7}, {3, 4}, {1, 2}], [{8, 6}, {5, 7}, {3, 4}, {2}, {1}], [{8, 6}, {7}, {5}, {2, 4}, {1, 3}], [{8, 7}, {1, 6}, {2, 5}, {3, 4}], [{8, 7}, {1, 6}, {3, 5}, {2, 4}], [{8, 7}, {1, 6}, {4, 5}, {2, 3}], [{8, 7}, {2, 6}, {1, 5}, {3, 4}], [{8, 7}, {2, 6}, {3, 5}, {1, 4}], [{8, 7}, {2, 6}, {3, 5}, {4}, {1}], [{8, 7}, {2, 6}, {4, 5}, {1, 3}], [{8, 7}, {2, 6}, {4, 5}, {3}, {1}], [{8, 7}, {2, 6}, {5}, {3, 4}, {1}], [{8, 7}, {3, 6}, {1, 5}, {2, 4}], [{8, 7}, {3, 6}, {2, 5}, {1, 4}], [{8, 7}, {3, 6}, {4, 5}, {1, 2}], [{8, 7}, {3, 6}, {5}, {2, 4}, {1}], [{8, 7}, {4, 6}, {1, 5}, {2, 3}], [{8, 7}, {4, 6}, {2, 5}, {1, 3}], [{8, 7}, {4, 6}, {2, 5}, {3}, {1}], [{8, 7}, {4, 6}, {3, 5}, {1, 2}], [{8, 7}, {5, 6}, {1, 4}, {2, 3}], [{8, 7}, {5, 6}, {1, 4}, {3}, {2}], [{8, 7}, {5, 6}, {2, 4}, {1, 3}], [{8, 7}, {5, 6}, {3, 4}, {1, 2}], [{8, 7}, {5, 6}, {4}, {2, 3}, {1}], [{8, 7}, {6}, {1, 5}, {2, 4}, {3}], [{8}, {1, 7}, {2, 6}, {4, 5}, {3}], [{8}, {1, 7}, {3, 6}, {2, 5}, {4}], [{8}, {1, 7}, {3, 6}, {4, 5}, {2}], [{8}, {1, 7}, {3, 6}, {5}, {2, 4}], [{8}, {1, 7}, {4, 6}, {2, 5}, {3}], [{8}, {1, 7}, {5, 6}, {2, 4}, {3}], [{8}, {1, 7}, {6}, {2, 5}, {3, 4}], [{8}, {1, 7}, {6}, {2, 5}, {4}, {3}], [{8}, {1, 7}, {6}, {3, 5}, {2, 4}], [{8}, {1, 7}, {6}, {4, 5}, {2, 3}], [{8}, {1, 7}, {6}, {4, 5}, {3}, {2}], [{8}, {1, 7}, {6}, {5}, {2, 4}, {3}], [{8}, {2, 7}, {1, 6}, {4, 5}, {3}], [{8}, {2, 7}, {4, 6}, {5}, {1, 3}], [{8}, {3, 7}, {2, 6}, {4, 5}, {1}], [{8}, {3, 7}, {4, 6}, {2, 5}, {1}], [{8}, {3, 7}, {5, 6}, {4}, {1, 2}], [{8}, {4, 7}, {1, 6}, {2, 5}, {3}], [{8}, {5, 7}, {3, 6}, {2, 4}, {1}], [{8}, {5, 7}, {4, 6}, {1, 3}, {2}], [{8}, {5, 7}, {6}, {1, 4}, {2, 3}], [{8}, {5, 7}, {6}, {3, 4}, {1, 2}], [{8}, {6, 7}, {2, 5}, {1, 4}, {3}], [{8}, {6, 7}, {3, 5}, {1, 4}, {2}], [{8}, {6, 7}, {4, 5}, {3}, {1, 2}], [{8}, {6, 7}, {5}, {1, 4}, {2, 3}], [{8}, {7}, {2, 6}, {4, 5}, {1, 3}], [{8}, {7}, {2, 6}, {4, 5}, {3}, {1}], [{8}, {7}, {3, 6}, {1, 5}, {2, 4}], [{8}, {7}, {4, 6}, {2, 5}, {1, 3}], [{8}, {7}, {4, 6}, {2, 5}, {3}, {1}], [{8}, {7}, {5, 6}, {1, 4}, {2, 3}]]",2,16 K_1^3 + 16 K_1^2 K_2 - 32 K_1^2 - 24 K_1 K_2 - 10 K_1 K_3 - 6 K_2^2 + 13 K_2 + 8 K_3 + 4 K_4 + 16,O1O2O3O4U2U5O6U1U4O7O5U7U8U6O8U3,O1O2O3U4U3O5O6U1O4O7U5U8U7U6O8U2,O1O2O3U2O4U5U6U4U7O6O8U3O5O7U1U8,c,{'O1O2O3O4U2O5U6U5U7O8O7U1U4O6U8U3'},1,"<a href=""/flatknot/8.704185"">8.704185</a>",t^9-69t^7-156t^6+208t^5+422t^4-168t^3-240t^2+22t+28,t^2-2t,,
8.704186,O1O2O3O4U2O5U6U5U7O8O7U1U8O6U3U4,4,2z^3+34z^2+105z+91,2w^4z^3+34w^3z^2+105w^2z+91w,False,False,"[[ 0 -2 -2  1  3  1 -2  1  0],[ 2  0  0  2  3  0  0  2  0],[ 2  0  0  1  2  0  2  2  0],[-1 -2 -1  0  1  1 -2  0 -1],[-3 -3 -2 -1  0  1 -4 -2 -1],[-1  0  0 -1 -1  0 -1 -1  0],[ 2  0 -2  2  4  1  0  2  1],[-1 -2 -2  0  2  1 -2  0  0],[ 0  0  0  1  1  0 -1  0  0]]","[[ 0  3  1  1  1  0 -2 -2 -2],[-3  0  1 -1 -2 -1 -2 -3 -4],[-1 -1  0 -1 -1  0  0  0 -1],[-1  1  1  0  0 -1 -1 -2 -2],[-1  2  1  0  0  0 -2 -2 -2],[ 0  1  0  1  0  0  0  0 -1],[ 2  2  0  1  2  0  0  0  2],[ 2  3  0  2  2  0  0  0  0],[ 2  4  1  2  2  1 -2  0  0]]",True,"[-3,-1,-1,-1,0,2,2,2,-1,1,2,1,2,3,4,1,1,0,0,0,1,0,1,1,2,2,0,2,2,2,0,0,1,0,-2,0]","[-3,-1,-1,-1,0,2,2,2,-1,1,2,1,2,3,4,1,1,0,0,0,1,0,1,1,2,2,0,2,2,2,0,0,1,0,-2,0]",t^8+66t^6+217t^4+52t^2+1,"[-2,-2,-2,0,1,1,1,3,-2,0,2,1,2,3,3,0,1,1,1,2,1,2,1,1,3,2,1,0,1,2,0,-1,0,-1,1,3]","[-3,-1,-1,-1,0,2,2,2,0,1,3,2,1,2,3,0,1,1,1,1,1,1,0,1,1,2,1,2,3,3,1,2,2,0,-2,0]","[-2,-2,-2,0,1,1,1,3,-2,0,1,1,2,2,4,0,0,0,1,2,2,0,0,2,2,3,0,1,0,1,-1,-1,-1,0,1,2]",c,"[[{8, 2}, {1, 7}, {4, 6}, {3, 5}], [{8, 2}, {1, 7}, {4, 6}, {5}, {3}]]",1,8 K_1^3 + 4 K_1^2 K_2 - 12 K_1^2 - 14 K_1 K_2 - 2 K_1 K_3 + K_1 - 2 K_2^2 + 5 K_2 + 5 K_3 + K_4 + 7,O1O2O3O4U1U2O5U6U4O7O6U7U8U5O8U3,O1O2O3U4U3O5O4U1O6O7U5U8U6U7O8U2,O1O2O3U2O4U5U6U4U7O5O6U3O8O7U1U8,c,{'O1O2O3O4U2O5U6U5U7O8O7U1U8O6U3U4'},1,"<a href=""/flatknot/8.704186"">8.704186</a>",t^9-66t^7-184t^6+102t^5+446t^4-79t^3-274t^2+96t-18,-t^3+3t^2-3t,,
8.704187,O1O2O3O4U2O5U6U5U7O8O7U1U8O6U4U3,4,29z^2+106z+97,29w^3z^2+106w^2z+97w,False,False,"[[ 0 -2 -2  2  2  1 -2  1  0],[ 2  0  0  3  2  0  0  2  0],[ 2  0  0  2  1  0  2  2  0],[-2 -3 -2  0  0  1 -3 -1 -1],[-2 -2 -1  0  0  1 -3 -1 -1],[-1  0  0 -1 -1  0 -1 -1  0],[ 2  0 -2  3  3  1  0  2  1],[-1 -2 -2  1  1  1 -2  0  0],[ 0  0  0  1  1  0 -1  0  0]]","[[ 0  2  2  1  1  0 -2 -2 -2],[-2  0  0  1 -1 -1 -1 -2 -3],[-2  0  0  1 -1 -1 -2 -3 -3],[-1 -1 -1  0 -1  0  0  0 -1],[-1  1  1  1  0  0 -2 -2 -2],[ 0  1  1  0  0  0  0  0 -1],[ 2  1  2  0  2  0  0  0  2],[ 2  2  3  0  2  0  0  0  0],[ 2  3  3  1  2  1 -2  0  0]]",True,"[-2,-2,-1,-1,0,2,2,2,0,-1,1,1,1,2,3,-1,1,1,2,3,3,1,0,0,0,1,0,2,2,2,0,0,1,0,-2,0]","[-2,-2,-2,0,1,1,2,2,-2,0,1,1,2,3,3,0,0,0,2,1,2,0,0,2,2,3,0,0,1,1,-1,-1,-1,1,1,0]",t^8+61t^6+204t^4+41t^2+1,"[-2,-2,-2,0,1,1,2,2,-2,0,2,1,3,2,3,0,1,1,2,1,1,2,1,3,1,2,1,1,1,1,-1,0,0,2,2,0]","[-2,-2,-1,-1,0,2,2,2,0,0,2,1,1,1,2,0,2,1,1,2,3,1,1,1,1,1,1,2,3,3,1,2,2,0,-2,0]","[-2,-2,-2,0,1,1,2,2,-2,0,1,1,2,3,3,0,0,0,2,1,2,0,0,2,2,3,0,0,1,1,-1,-1,-1,1,1,0]",c,"[[{8, 1}, {2, 7}, {3, 6}, {4, 5}], [{8, 1}, {2, 7}, {3, 6}, {5}, {4}], [{8, 1}, {2, 7}, {4, 6}, {3, 5}], [{8, 1}, {2, 7}, {4, 6}, {5}, {3}], [{8, 1}, {2, 7}, {5, 6}, {3, 4}], [{8, 1}, {2, 7}, {6}, {5}, {3, 4}], [{8, 1}, {3, 7}, {2, 6}, {4, 5}], [{8, 1}, {3, 7}, {4, 6}, {2, 5}], [{8, 1}, {3, 7}, {5, 6}, {2, 4}], [{8, 1}, {3, 7}, {6}, {5}, {2, 4}], [{8, 1}, {4, 7}, {2, 6}, {3, 5}], [{8, 1}, {4, 7}, {3, 6}, {2, 5}], [{8, 1}, {4, 7}, {5, 6}, {2, 3}], [{8, 1}, {5, 7}, {2, 6}, {3, 4}], [{8, 1}, {5, 7}, {3, 6}, {2, 4}], [{8, 1}, {5, 7}, {4, 6}, {2, 3}], [{8, 1}, {5, 7}, {4, 6}, {3}, {2}], [{8, 1}, {6, 7}, {2, 5}, {3, 4}], [{8, 1}, {6, 7}, {3, 5}, {2, 4}], [{8, 1}, {6, 7}, {4, 5}, {2, 3}], [{8, 1}, {7}, {4, 6}, {2, 5}, {3}], [{8, 2}, {1, 7}, {3, 6}, {4, 5}], [{8, 2}, {1, 7}, {3, 6}, {5}, {4}], [{8, 2}, {1, 7}, {4, 6}, {3, 5}], [{8, 2}, {1, 7}, {4, 6}, {5}, {3}], [{8, 2}, {1, 7}, {5, 6}, {3, 4}], [{8, 2}, {1, 7}, {6}, {5}, {3, 4}], [{8, 2}, {3, 7}, {1, 6}, {4, 5}], [{8, 2}, {3, 7}, {4, 6}, {1, 5}], [{8, 2}, {3, 7}, {5, 6}, {1, 4}], [{8, 2}, {3, 7}, {6}, {5}, {1, 4}], [{8, 2}, {4, 7}, {1, 6}, {3, 5}], [{8, 2}, {4, 7}, {3, 6}, {1, 5}], [{8, 2}, {4, 7}, {3, 6}, {5}, {1}], [{8, 2}, {4, 7}, {5, 6}, {1, 3}], [{8, 2}, {5, 7}, {1, 6}, {3, 4}], [{8, 2}, {5, 7}, {1, 6}, {4}, {3}], [{8, 2}, {5, 7}, {3, 6}, {1, 4}], [{8, 2}, {5, 7}, {3, 6}, {4}, {1}], [{8, 2}, {5, 7}, {4, 6}, {1, 3}], [{8, 2}, {5, 7}, {6}, {4}, {1, 3}], [{8, 2}, {6, 7}, {1, 5}, {3, 4}], [{8, 2}, {6, 7}, {3, 5}, {1, 4}], [{8, 2}, {6, 7}, {4, 5}, {1, 3}], [{8, 2}, {6, 7}, {5}, {1, 4}, {3}], [{8, 2}, {7}, {3, 6}, {1, 5}, {4}], [{8, 2}, {7}, {3, 6}, {4, 5}, {1}], [{8, 2}, {7}, {3, 6}, {5}, {1, 4}], [{8, 2}, {7}, {3, 6}, {5}, {4}, {1}], [{8, 3}, {1, 7}, {2, 6}, {4, 5}], [{8, 3}, {1, 7}, {4, 6}, {2, 5}], [{8, 3}, {1, 7}, {5, 6}, {2, 4}], [{8, 3}, {1, 7}, {6}, {2, 5}, {4}], [{8, 3}, {1, 7}, {6}, {4, 5}, {2}], [{8, 3}, {1, 7}, {6}, {5}, {2, 4}], [{8, 3}, {2, 7}, {1, 6}, {4, 5}], [{8, 3}, {2, 7}, {1, 6}, {5}, {4}], [{8, 3}, {2, 7}, {4, 6}, {1, 5}], [{8, 3}, {2, 7}, {4, 6}, {5}, {1}], [{8, 3}, {2, 7}, {5, 6}, {1, 4}], [{8, 3}, {2, 7}, {6}, {5}, {1, 4}], [{8, 3}, {4, 7}, {1, 6}, {2, 5}], [{8, 3}, {4, 7}, {2, 6}, {1, 5}], [{8, 3}, {4, 7}, {5, 6}, {1, 2}], [{8, 3}, {4, 7}, {6}, {5}, {1, 2}], [{8, 3}, {5, 7}, {1, 6}, {2, 4}], [{8, 3}, {5, 7}, {2, 6}, {1, 4}], [{8, 3}, {5, 7}, {2, 6}, {4}, {1}], [{8, 3}, {5, 7}, {4, 6}, {1, 2}], [{8, 3}, {5, 7}, {4, 6}, {2}, {1}], [{8, 3}, {5, 7}, {6}, {2, 4}, {1}], [{8, 3}, {6, 7}, {1, 5}, {2, 4}], [{8, 3}, {6, 7}, {2, 5}, {1, 4}], [{8, 3}, {6, 7}, {4, 5}, {1, 2}], [{8, 3}, {6, 7}, {5}, {1, 4}, {2}], [{8, 3}, {7}, {2, 6}, {5}, {1, 4}], [{8, 3}, {7}, {4, 6}, {2, 5}, {1}], [{8, 3}, {7}, {6}, {1, 5}, {2, 4}], [{8, 4}, {1, 7}, {2, 6}, {3, 5}], [{8, 4}, {1, 7}, {3, 6}, {2, 5}], [{8, 4}, {1, 7}, {3, 6}, {5}, {2}], [{8, 4}, {1, 7}, {5, 6}, {2, 3}], [{8, 4}, {1, 7}, {6}, {2, 5}, {3}], [{8, 4}, {2, 7}, {1, 6}, {3, 5}], [{8, 4}, {2, 7}, {3, 6}, {1, 5}], [{8, 4}, {2, 7}, {5, 6}, {1, 3}], [{8, 4}, {3, 7}, {1, 6}, {2, 5}], [{8, 4}, {3, 7}, {2, 6}, {1, 5}], [{8, 4}, {3, 7}, {5, 6}, {1, 2}], [{8, 4}, {5, 7}, {1, 6}, {2, 3}], [{8, 4}, {5, 7}, {2, 6}, {1, 3}], [{8, 4}, {5, 7}, {3, 6}, {1, 2}], [{8, 4}, {5, 7}, {3, 6}, {2}, {1}], [{8, 4}, {6, 7}, {1, 5}, {2, 3}], [{8, 4}, {6, 7}, {2, 5}, {1, 3}], [{8, 4}, {6, 7}, {3, 5}, {1, 2}], [{8, 4}, {7}, {2, 6}, {1, 5}, {3}], [{8, 4}, {7}, {3, 6}, {1, 5}, {2}], [{8, 4}, {7}, {6}, {1, 5}, {2, 3}], [{8, 5}, {1, 7}, {2, 6}, {3, 4}], [{8, 5}, {1, 7}, {3, 6}, {2, 4}], [{8, 5}, {1, 7}, {3, 6}, {4}, {2}], [{8, 5}, {1, 7}, {4, 6}, {2, 3}], [{8, 5}, {1, 7}, {4, 6}, {3}, {2}], [{8, 5}, {1, 7}, {6}, {3, 4}, {2}], [{8, 5}, {2, 7}, {1, 6}, {3, 4}], [{8, 5}, {2, 7}, {3, 6}, {1, 4}], [{8, 5}, {2, 7}, {4, 6}, {1, 3}], [{8, 5}, {3, 7}, {1, 6}, {2, 4}], [{8, 5}, {3, 7}, {1, 6}, {4}, {2}], [{8, 5}, {3, 7}, {2, 6}, {1, 4}], [{8, 5}, {3, 7}, {4, 6}, {1, 2}], [{8, 5}, {4, 7}, {1, 6}, {2, 3}], [{8, 5}, {4, 7}, {2, 6}, {1, 3}], [{8, 5}, {4, 7}, {3, 6}, {1, 2}], [{8, 5}, {6, 7}, {1, 4}, {2, 3}], [{8, 5}, {6, 7}, {1, 4}, {3}, {2}], [{8, 5}, {6, 7}, {2, 4}, {1, 3}], [{8, 5}, {6, 7}, {3, 4}, {1, 2}], [{8, 6}, {1, 7}, {2, 5}, {3, 4}], [{8, 6}, {1, 7}, {2, 5}, {4}, {3}], [{8, 6}, {1, 7}, {3, 5}, {2, 4}], [{8, 6}, {1, 7}, {4, 5}, {2, 3}], [{8, 6}, {1, 7}, {4, 5}, {3}, {2}], [{8, 6}, {1, 7}, {5}, {2, 4}, {3}], [{8, 6}, {2, 7}, {1, 5}, {3, 4}], [{8, 6}, {2, 7}, {3, 5}, {1, 4}], [{8, 6}, {2, 7}, {4, 5}, {1, 3}], [{8, 6}, {3, 7}, {1, 5}, {2, 4}], [{8, 6}, {3, 7}, {2, 5}, {1, 4}], [{8, 6}, {3, 7}, {4, 5}, {1, 2}], [{8, 6}, {3, 7}, {5}, {2, 4}, {1}], [{8, 6}, {4, 7}, {1, 5}, {2, 3}], [{8, 6}, {4, 7}, {2, 5}, {1, 3}], [{8, 6}, {4, 7}, {3, 5}, {1, 2}], [{8, 6}, {5, 7}, {1, 4}, {2, 3}], [{8, 6}, {5, 7}, {2, 4}, {1, 3}], [{8, 6}, {5, 7}, {2, 4}, {3}, {1}], [{8, 6}, {5, 7}, {3, 4}, {1, 2}], [{8, 6}, {5, 7}, {3, 4}, {2}, {1}], [{8, 6}, {5, 7}, {4}, {2, 3}, {1}], [{8, 6}, {7}, {1, 5}, {2, 4}, {3}], [{8, 6}, {7}, {3, 5}, {2, 4}, {1}], [{8, 6}, {7}, {5}, {2, 4}, {1, 3}], [{8, 6}, {7}, {5}, {3, 4}, {1, 2}], [{8, 7}, {1, 6}, {2, 5}, {3, 4}], [{8, 7}, {1, 6}, {3, 5}, {2, 4}], [{8, 7}, {1, 6}, {4, 5}, {2, 3}], [{8, 7}, {1, 6}, {5}, {3, 4}, {2}], [{8, 7}, {2, 6}, {1, 5}, {3, 4}], [{8, 7}, {2, 6}, {3, 5}, {1, 4}], [{8, 7}, {2, 6}, {4, 5}, {1, 3}], [{8, 7}, {3, 6}, {1, 5}, {2, 4}], [{8, 7}, {3, 6}, {2, 5}, {1, 4}], [{8, 7}, {3, 6}, {4, 5}, {1, 2}], [{8, 7}, {3, 6}, {5}, {4}, {1, 2}], [{8, 7}, {4, 6}, {1, 5}, {2, 3}], [{8, 7}, {4, 6}, {2, 5}, {1, 3}], [{8, 7}, {4, 6}, {2, 5}, {3}, {1}], [{8, 7}, {4, 6}, {3, 5}, {1, 2}], [{8, 7}, {5, 6}, {1, 4}, {2, 3}], [{8, 7}, {5, 6}, {2, 4}, {1, 3}], [{8, 7}, {5, 6}, {3, 4}, {1, 2}], [{8, 7}, {5, 6}, {4}, {3}, {1, 2}], [{8, 7}, {6}, {3, 5}, {4}, {1, 2}], [{8}, {1, 7}, {2, 6}, {3, 5}, {4}], [{8}, {1, 7}, {3, 6}, {2, 5}, {4}], [{8}, {1, 7}, {3, 6}, {4, 5}, {2}], [{8}, {1, 7}, {3, 6}, {5}, {2, 4}], [{8}, {1, 7}, {3, 6}, {5}, {4}, {2}], [{8}, {1, 7}, {4, 6}, {2, 5}, {3}], [{8}, {1, 7}, {5, 6}, {4}, {2, 3}], [{8}, {1, 7}, {6}, {2, 5}, {3, 4}], [{8}, {1, 7}, {6}, {2, 5}, {4}, {3}], [{8}, {2, 7}, {1, 6}, {4, 5}, {3}], [{8}, {2, 7}, {4, 6}, {5}, {1, 3}], [{8}, {3, 7}, {1, 6}, {5}, {2, 4}], [{8}, {3, 7}, {2, 6}, {1, 5}, {4}], [{8}, {3, 7}, {4, 6}, {2, 5}, {1}], [{8}, {4, 7}, {1, 6}, {2, 5}, {3}], [{8}, {4, 7}, {5, 6}, {2, 3}, {1}], [{8}, {5, 7}, {3, 6}, {2, 4}, {1}], [{8}, {5, 7}, {4, 6}, {1, 3}, {2}], [{8}, {5, 7}, {6}, {1, 4}, {2, 3}], [{8}, {5, 7}, {6}, {3, 4}, {1, 2}], [{8}, {6, 7}, {2, 5}, {1, 4}, {3}], [{8}, {6, 7}, {3, 5}, {1, 4}, {2}], [{8}, {6, 7}, {5}, {1, 4}, {2, 3}], [{8}, {7}, {2, 6}, {4, 5}, {1, 3}], [{8}, {7}, {3, 6}, {1, 5}, {2, 4}], [{8}, {7}, {4, 6}, {2, 5}, {1, 3}], [{8}, {7}, {4, 6}, {2, 5}, {3}, {1}], [{8}, {7}, {5, 6}, {1, 4}, {2, 3}]]",2,4 K_1^3 - 6 K_1^2 - 4 K_1 K_2 - K_1 + 3 K_2 + K_3 + 4,O1O2O3O4U2U1O5U6U4O7O6U7U8U5O8U3,O1O2O3U4U3O5O4U1O6O7U5U8U7U6O8U2,O1O2O3U2O4U5U6U4U7O6O5U3O8O7U1U8,c,{'O1O2O3O4U2O5U6U5U7O8O7U1U8O6U4U3'},1,"<a href=""/flatknot/8.704187"">8.704187</a>",t^9-63t^7-138t^6+153t^5+238t^4-195t^3+30t^2+24t-18,t^2-2t,,
8.704188,O1O2O3O4U2O5U6U5U7O8O7U3U1O6U4U8,4,15z^2+100z+141,15w^3z^2+100w^2z+141w,False,False,"[[ 0 -1 -2  0  2  1 -2  1  1],[ 1  0 -1  1  2  0 -1  1  1],[ 2  1  0  1  2  0  1  2  2],[ 0 -1 -1  0  0  0 -1  0  0],[-2 -2 -2  0  0  1 -3 -2 -1],[-1  0  0  0 -1  0 -1 -1 -1],[ 2  1 -1  1  3  1  0  3  2],[-1 -1 -2  0  2  1 -3  0  1],[-1 -1 -2  0  1  1 -2 -1  0]]","[[ 0  2  1  1  1  0 -1 -2 -2],[-2  0  1 -1 -2  0 -2 -2 -3],[-1 -1  0 -1 -1  0  0  0 -1],[-1  1  1  0 -1  0 -1 -2 -2],[-1  2  1  1  0  0 -1 -2 -3],[ 0  0  0  0  0  0 -1 -1 -1],[ 1  2  0  1  1  1  0 -1 -1],[ 2  2  0  2  2  1  1  0  1],[ 2  3  1  2  3  1  1 -1  0]]",True,"[-2,-1,-1,-1,0,1,2,2,-1,1,2,0,2,2,3,1,1,0,0,0,1,1,0,1,2,2,0,1,2,3,1,1,1,1,1,-1]","[-2,-2,-1,0,1,1,1,2,-1,0,1,1,1,3,2,0,1,0,1,2,1,0,1,1,2,1,1,1,1,2,-1,-1,-1,-1,0,2]",t^8+56t^6+98t^4+47t^2+4,"[-2,-2,-1,0,1,1,1,2,-1,0,1,1,1,3,2,0,1,0,1,2,1,0,1,1,2,1,1,1,1,2,-1,-1,-1,-1,0,2]","[-2,-1,-1,-1,0,1,2,2,-1,0,2,2,1,1,2,1,1,1,1,0,1,1,1,1,1,1,1,2,2,3,0,1,1,0,0,-1]","[-2,-2,-1,0,1,1,1,2,-1,1,1,1,2,3,3,1,1,0,2,2,2,1,0,1,1,2,0,0,0,0,-1,-1,-1,-1,1,2]",c,"[[{8, 1}, {2, 7}, {3, 6}, {4, 5}], [{8, 1}, {2, 7}, {4, 6}, {3, 5}], [{8, 1}, {2, 7}, {5, 6}, {3, 4}], [{8, 1}, {2, 7}, {6}, {5}, {3, 4}], [{8, 1}, {3, 7}, {2, 6}, {4, 5}], [{8, 1}, {3, 7}, {2, 6}, {5}, {4}], [{8, 1}, {3, 7}, {4, 6}, {2, 5}], [{8, 1}, {3, 7}, {4, 6}, {5}, {2}], [{8, 1}, {3, 7}, {5, 6}, {2, 4}], [{8, 1}, {3, 7}, {5, 6}, {4}, {2}], [{8, 1}, {3, 7}, {6}, {2, 5}, {4}], [{8, 1}, {3, 7}, {6}, {4, 5}, {2}], [{8, 1}, {3, 7}, {6}, {5}, {2, 4}], [{8, 1}, {3, 7}, {6}, {5}, {4}, {2}], [{8, 1}, {4, 7}, {2, 6}, {3, 5}], [{8, 1}, {4, 7}, {3, 6}, {2, 5}], [{8, 1}, {4, 7}, {5, 6}, {2, 3}], [{8, 1}, {4, 7}, {6}, {5}, {2, 3}], [{8, 1}, {5, 7}, {2, 6}, {3, 4}], [{8, 1}, {5, 7}, {3, 6}, {2, 4}], [{8, 1}, {5, 7}, {4, 6}, {2, 3}], [{8, 1}, {6, 7}, {2, 5}, {3, 4}], [{8, 1}, {6, 7}, {2, 5}, {4}, {3}], [{8, 1}, {6, 7}, {3, 5}, {2, 4}], [{8, 1}, {6, 7}, {4, 5}, {2, 3}], [{8, 1}, {7}, {3, 6}, {2, 5}, {4}], [{8, 2}, {1, 7}, {3, 6}, {4, 5}], [{8, 2}, {1, 7}, {4, 6}, {3, 5}], [{8, 2}, {1, 7}, {4, 6}, {5}, {3}], [{8, 2}, {1, 7}, {5, 6}, {3, 4}], [{8, 2}, {3, 7}, {1, 6}, {4, 5}], [{8, 2}, {3, 7}, {4, 6}, {1, 5}], [{8, 2}, {3, 7}, {4, 6}, {5}, {1}], [{8, 2}, {3, 7}, {5, 6}, {1, 4}], [{8, 2}, {4, 7}, {1, 6}, {3, 5}], [{8, 2}, {4, 7}, {3, 6}, {1, 5}], [{8, 2}, {4, 7}, {5, 6}, {1, 3}], [{8, 2}, {5, 7}, {1, 6}, {3, 4}], [{8, 2}, {5, 7}, {3, 6}, {1, 4}], [{8, 2}, {5, 7}, {4, 6}, {1, 3}], [{8, 2}, {6, 7}, {1, 5}, {3, 4}], [{8, 2}, {6, 7}, {1, 5}, {4}, {3}], [{8, 2}, {6, 7}, {3, 5}, {1, 4}], [{8, 2}, {6, 7}, {4, 5}, {1, 3}], [{8, 2}, {6, 7}, {4, 5}, {3}, {1}], [{8, 2}, {6, 7}, {5}, {1, 4}, {3}], [{8, 2}, {7}, {4, 6}, {5}, {1, 3}], [{8, 3}, {1, 7}, {2, 6}, {4, 5}], [{8, 3}, {1, 7}, {4, 6}, {2, 5}], [{8, 3}, {1, 7}, {5, 6}, {2, 4}], [{8, 3}, {2, 7}, {1, 6}, {4, 5}], [{8, 3}, {2, 7}, {4, 6}, {1, 5}], [{8, 3}, {2, 7}, {5, 6}, {1, 4}], [{8, 3}, {4, 7}, {1, 6}, {2, 5}], [{8, 3}, {4, 7}, {1, 6}, {5}, {2}], [{8, 3}, {4, 7}, {2, 6}, {1, 5}], [{8, 3}, {4, 7}, {5, 6}, {1, 2}], [{8, 3}, {4, 7}, {6}, {2, 5}, {1}], [{8, 3}, {5, 7}, {1, 6}, {2, 4}], [{8, 3}, {5, 7}, {2, 6}, {1, 4}], [{8, 3}, {5, 7}, {4, 6}, {1, 2}], [{8, 3}, {6, 7}, {1, 5}, {2, 4}], [{8, 3}, {6, 7}, {2, 5}, {1, 4}], [{8, 3}, {6, 7}, {4, 5}, {1, 2}], [{8, 3}, {6, 7}, {5}, {1, 4}, {2}], [{8, 4}, {1, 7}, {2, 6}, {3, 5}], [{8, 4}, {1, 7}, {3, 6}, {2, 5}], [{8, 4}, {1, 7}, {5, 6}, {2, 3}], [{8, 4}, {2, 7}, {1, 6}, {3, 5}], [{8, 4}, {2, 7}, {3, 6}, {1, 5}], [{8, 4}, {2, 7}, {5, 6}, {1, 3}], [{8, 4}, {2, 7}, {5, 6}, {3}, {1}], [{8, 4}, {3, 7}, {1, 6}, {2, 5}], [{8, 4}, {3, 7}, {2, 6}, {1, 5}], [{8, 4}, {3, 7}, {5, 6}, {1, 2}], [{8, 4}, {3, 7}, {6}, {2, 5}, {1}], [{8, 4}, {5, 7}, {1, 6}, {2, 3}], [{8, 4}, {5, 7}, {2, 6}, {1, 3}], [{8, 4}, {5, 7}, {3, 6}, {1, 2}], [{8, 4}, {5, 7}, {6}, {2, 3}, {1}], [{8, 4}, {6, 7}, {1, 5}, {2, 3}], [{8, 4}, {6, 7}, {2, 5}, {1, 3}], [{8, 4}, {6, 7}, {2, 5}, {3}, {1}], [{8, 4}, {6, 7}, {3, 5}, {1, 2}], [{8, 4}, {7}, {3, 6}, {2, 5}, {1}], [{8, 5}, {1, 7}, {2, 6}, {3, 4}], [{8, 5}, {1, 7}, {3, 6}, {2, 4}], [{8, 5}, {1, 7}, {4, 6}, {2, 3}], [{8, 5}, {1, 7}, {4, 6}, {3}, {2}], [{8, 5}, {2, 7}, {1, 6}, {3, 4}], [{8, 5}, {2, 7}, {3, 6}, {1, 4}], [{8, 5}, {2, 7}, {4, 6}, {1, 3}], [{8, 5}, {3, 7}, {1, 6}, {2, 4}], [{8, 5}, {3, 7}, {1, 6}, {4}, {2}], [{8, 5}, {3, 7}, {2, 6}, {1, 4}], [{8, 5}, {3, 7}, {4, 6}, {1, 2}], [{8, 5}, {3, 7}, {6}, {2, 4}, {1}], [{8, 5}, {4, 7}, {1, 6}, {2, 3}], [{8, 5}, {4, 7}, {2, 6}, {1, 3}], [{8, 5}, {4, 7}, {3, 6}, {1, 2}], [{8, 5}, {6, 7}, {1, 4}, {2, 3}], [{8, 5}, {6, 7}, {1, 4}, {3}, {2}], [{8, 5}, {6, 7}, {2, 4}, {1, 3}], [{8, 5}, {6, 7}, {3, 4}, {1, 2}], [{8, 5}, {7}, {4, 6}, {2, 3}, {1}], [{8, 5}, {7}, {6}, {3, 4}, {1, 2}], [{8, 6}, {1, 7}, {2, 5}, {3, 4}], [{8, 6}, {1, 7}, {3, 5}, {2, 4}], [{8, 6}, {1, 7}, {4, 5}, {2, 3}], [{8, 6}, {2, 7}, {1, 5}, {3, 4}], [{8, 6}, {2, 7}, {3, 5}, {1, 4}], [{8, 6}, {2, 7}, {4, 5}, {1, 3}], [{8, 6}, {3, 7}, {1, 5}, {2, 4}], [{8, 6}, {3, 7}, {1, 5}, {4}, {2}], [{8, 6}, {3, 7}, {2, 5}, {1, 4}], [{8, 6}, {3, 7}, {4, 5}, {1, 2}], [{8, 6}, {3, 7}, {5}, {2, 4}, {1}], [{8, 6}, {4, 7}, {1, 5}, {2, 3}], [{8, 6}, {4, 7}, {2, 5}, {1, 3}], [{8, 6}, {4, 7}, {2, 5}, {3}, {1}], [{8, 6}, {4, 7}, {3, 5}, {1, 2}], [{8, 6}, {5, 7}, {1, 4}, {2, 3}], [{8, 6}, {5, 7}, {1, 4}, {3}, {2}], [{8, 6}, {5, 7}, {2, 4}, {1, 3}], [{8, 6}, {5, 7}, {3, 4}, {1, 2}], [{8, 6}, {5, 7}, {4}, {2, 3}, {1}], [{8, 6}, {7}, {4, 5}, {1, 3}, {2}], [{8, 7}, {1, 6}, {2, 5}, {3, 4}], [{8, 7}, {1, 6}, {3, 5}, {2, 4}], [{8, 7}, {1, 6}, {4, 5}, {2, 3}], [{8, 7}, {2, 6}, {1, 5}, {3, 4}], [{8, 7}, {2, 6}, {1, 5}, {4}, {3}], [{8, 7}, {2, 6}, {3, 5}, {1, 4}], [{8, 7}, {2, 6}, {4, 5}, {1, 3}], [{8, 7}, {3, 6}, {1, 5}, {2, 4}], [{8, 7}, {3, 6}, {2, 5}, {1, 4}], [{8, 7}, {3, 6}, {2, 5}, {4}, {1}], [{8, 7}, {3, 6}, {4, 5}, {1, 2}], [{8, 7}, {4, 6}, {1, 5}, {2, 3}], [{8, 7}, {4, 6}, {2, 5}, {1, 3}], [{8, 7}, {4, 6}, {3, 5}, {1, 2}], [{8, 7}, {4, 6}, {5}, {2, 3}, {1}], [{8, 7}, {5, 6}, {1, 4}, {2, 3}], [{8, 7}, {5, 6}, {1, 4}, {3}, {2}], [{8, 7}, {5, 6}, {2, 4}, {1, 3}], [{8, 7}, {5, 6}, {3, 4}, {1, 2}], [{8, 7}, {5, 6}, {4}, {2, 3}, {1}], [{8, 7}, {6}, {4, 5}, {2, 3}, {1}], [{8}, {1, 7}, {2, 6}, {3, 5}, {4}], [{8}, {1, 7}, {3, 6}, {2, 5}, {4}], [{8}, {1, 7}, {3, 6}, {4, 5}, {2}], [{8}, {1, 7}, {3, 6}, {5}, {2, 4}], [{8}, {1, 7}, {4, 6}, {2, 5}, {3}], [{8}, {1, 7}, {6}, {2, 5}, {3, 4}], [{8}, {2, 7}, {6}, {3, 5}, {1, 4}], [{8}, {3, 7}, {1, 6}, {5}, {2, 4}], [{8}, {3, 7}, {4, 6}, {5}, {1, 2}], [{8}, {3, 7}, {5, 6}, {2, 4}, {1}], [{8}, {3, 7}, {6}, {1, 5}, {2, 4}], [{8}, {3, 7}, {6}, {2, 5}, {1, 4}], [{8}, {4, 7}, {2, 6}, {3, 5}, {1}], [{8}, {4, 7}, {3, 6}, {1, 5}, {2}], [{8}, {4, 7}, {3, 6}, {2, 5}, {1}], [{8}, {4, 7}, {3, 6}, {5}, {1, 2}], [{8}, {5, 7}, {4, 6}, {2, 3}, {1}], [{8}, {6, 7}, {2, 5}, {1, 4}, {3}], [{8}, {6, 7}, {3, 5}, {1, 4}, {2}], [{8}, {6, 7}, {5}, {1, 4}, {2, 3}], [{8}, {6, 7}, {5}, {1, 4}, {3}, {2}], [{8}, {6, 7}, {5}, {2, 4}, {1, 3}], [{8}, {6, 7}, {5}, {3, 4}, {1, 2}], [{8}, {7}, {2, 6}, {3, 5}, {1, 4}], [{8}, {7}, {3, 6}, {2, 5}, {1, 4}], [{8}, {7}, {3, 6}, {2, 5}, {4}, {1}]]",2,8 K_1^3 - 30 K_1^2 - 12 K_1 K_2 + 15 K_2 + 4 K_3 + 16,O1O2O3O4U5U1O6U4U2O7O5U7U8U6O8U3,O1O2O3U4U3O5O6U1O7O4U6U8U5U7O8U2,O1O2O3U2O4U5U6U4U7O8O5U3O7O6U1U8,c,{'O1O2O3O4U2O5U6U5U7O8O7U3U1O6U4U8'},1,"<a href=""/flatknot/8.704188"">8.704188</a>",t^9-58t^7-206t^6-195t^5+28t^4+33t^3-86t^2-65t-12,t^2-2t,,
8.704189,O1O2O3O4U2O5U6U5U7O8O7U3U1O6U8U4,4,2z^3+24z^2+103z+127,2w^4z^3+24w^3z^2+103w^2z+127w,False,False,"[[ 0 -1 -2  0  3  1 -2  1  0],[ 1  0 -1  1  3  0 -1  1  0],[ 2  1  0  1  2  0  1  2  1],[ 0 -1 -1  0  1  0 -1  0 -1],[-3 -3 -2 -1  0  1 -3 -2 -2],[-1  0  0  0 -1  0 -1 -1 -1],[ 2  1 -1  1  3  1  0  3  1],[-1 -1 -2  0  2  1 -3  0  0],[ 0  0 -1  1  2  1 -1  0  0]]","[[ 0  3  1  1  0  0 -1 -2 -2],[-3  0  1 -2 -1 -2 -3 -2 -3],[-1 -1  0 -1  0 -1  0  0 -1],[-1  2  1  0  0  0 -1 -2 -3],[ 0  1  0  0  0 -1 -1 -1 -1],[ 0  2  1  0  1  0  0 -1 -1],[ 1  3  0  1  1  0  0 -1 -1],[ 2  2  0  2  1  1  1  0  1],[ 2  3  1  3  1  1  1 -1  0]]",True,"[-3,-1,-1,0,0,1,2,2,-1,2,1,2,3,2,3,1,0,1,0,0,1,0,0,1,2,3,1,1,1,1,0,1,1,1,1,-1]","[-3,-1,-1,0,0,1,2,2,-1,2,1,2,3,2,3,1,0,1,0,0,1,0,0,1,2,3,1,1,1,1,0,1,1,1,1,-1]",t^8+58t^6+163t^4+99t^2+1,"[-2,-2,-1,0,0,1,1,3,-1,0,1,1,1,3,3,0,1,1,0,2,2,0,1,1,2,1,1,1,1,2,1,0,1,-1,0,3]","[-3,-1,-1,0,0,1,2,2,0,3,1,2,1,2,3,1,1,1,1,0,1,0,1,2,2,3,1,1,1,1,0,1,1,0,0,-1]","[-2,-2,-1,0,0,1,1,3,-1,1,1,1,1,3,3,1,1,1,0,2,2,0,1,0,1,3,1,1,0,2,0,0,1,-1,-1,2]",c,"[[{8, 1}, {2, 7}, {3, 6}, {4, 5}], [{8, 1}, {2, 7}, {4, 6}, {3, 5}], [{8, 1}, {2, 7}, {5, 6}, {3, 4}], [{8, 1}, {3, 7}, {2, 6}, {4, 5}], [{8, 1}, {3, 7}, {4, 6}, {2, 5}], [{8, 1}, {3, 7}, {5, 6}, {2, 4}], [{8, 1}, {3, 7}, {6}, {2, 5}, {4}], [{8, 1}, {4, 7}, {2, 6}, {3, 5}], [{8, 1}, {4, 7}, {3, 6}, {2, 5}], [{8, 1}, {4, 7}, {3, 6}, {5}, {2}], [{8, 1}, {4, 7}, {5, 6}, {2, 3}], [{8, 1}, {5, 7}, {2, 6}, {3, 4}], [{8, 1}, {5, 7}, {3, 6}, {2, 4}], [{8, 1}, {5, 7}, {4, 6}, {2, 3}], [{8, 1}, {6, 7}, {2, 5}, {3, 4}], [{8, 1}, {6, 7}, {3, 5}, {2, 4}], [{8, 1}, {6, 7}, {4, 5}, {2, 3}], [{8, 1}, {7}, {2, 6}, {5}, {3, 4}], [{8, 2}, {1, 7}, {3, 6}, {4, 5}], [{8, 2}, {1, 7}, {4, 6}, {3, 5}], [{8, 2}, {1, 7}, {5, 6}, {3, 4}], [{8, 2}, {3, 7}, {1, 6}, {4, 5}], [{8, 2}, {3, 7}, {1, 6}, {5}, {4}], [{8, 2}, {3, 7}, {4, 6}, {1, 5}], [{8, 2}, {3, 7}, {5, 6}, {1, 4}], [{8, 2}, {3, 7}, {5, 6}, {4}, {1}], [{8, 2}, {3, 7}, {6}, {1, 5}, {4}], [{8, 2}, {4, 7}, {1, 6}, {3, 5}], [{8, 2}, {4, 7}, {3, 6}, {1, 5}], [{8, 2}, {4, 7}, {5, 6}, {1, 3}], [{8, 2}, {5, 7}, {1, 6}, {3, 4}], [{8, 2}, {5, 7}, {3, 6}, {1, 4}], [{8, 2}, {5, 7}, {4, 6}, {1, 3}], [{8, 2}, {6, 7}, {1, 5}, {3, 4}], [{8, 2}, {6, 7}, {3, 5}, {1, 4}], [{8, 2}, {6, 7}, {4, 5}, {1, 3}], [{8, 2}, {7}, {3, 6}, {5}, {1, 4}], [{8, 2}, {7}, {4, 6}, {1, 5}, {3}], [{8, 2}, {7}, {4, 6}, {3, 5}, {1}], [{8, 2}, {7}, {4, 6}, {5}, {1, 3}], [{8, 3}, {1, 7}, {2, 6}, {4, 5}], [{8, 3}, {1, 7}, {4, 6}, {2, 5}], [{8, 3}, {1, 7}, {5, 6}, {2, 4}], [{8, 3}, {1, 7}, {6}, {4, 5}, {2}], [{8, 3}, {2, 7}, {1, 6}, {4, 5}], [{8, 3}, {2, 7}, {1, 6}, {5}, {4}], [{8, 3}, {2, 7}, {4, 6}, {1, 5}], [{8, 3}, {2, 7}, {4, 6}, {5}, {1}], [{8, 3}, {2, 7}, {5, 6}, {1, 4}], [{8, 3}, {2, 7}, {6}, {5}, {1, 4}], [{8, 3}, {4, 7}, {1, 6}, {2, 5}], [{8, 3}, {4, 7}, {1, 6}, {5}, {2}], [{8, 3}, {4, 7}, {2, 6}, {1, 5}], [{8, 3}, {4, 7}, {5, 6}, {1, 2}], [{8, 3}, {5, 7}, {1, 6}, {2, 4}], [{8, 3}, {5, 7}, {1, 6}, {4}, {2}], [{8, 3}, {5, 7}, {2, 6}, {1, 4}], [{8, 3}, {5, 7}, {4, 6}, {1, 2}], [{8, 3}, {5, 7}, {4, 6}, {2}, {1}], [{8, 3}, {5, 7}, {6}, {1, 4}, {2}], [{8, 3}, {6, 7}, {1, 5}, {2, 4}], [{8, 3}, {6, 7}, {2, 5}, {1, 4}], [{8, 3}, {6, 7}, {4, 5}, {1, 2}], [{8, 3}, {6, 7}, {4, 5}, {2}, {1}], [{8, 3}, {7}, {1, 6}, {2, 5}, {4}], [{8, 3}, {7}, {1, 6}, {4, 5}, {2}], [{8, 3}, {7}, {1, 6}, {5}, {2, 4}], [{8, 3}, {7}, {1, 6}, {5}, {4}, {2}], [{8, 3}, {7}, {4, 6}, {2, 5}, {1}], [{8, 3}, {7}, {5, 6}, {2, 4}, {1}], [{8, 3}, {7}, {6}, {1, 5}, {2, 4}], [{8, 3}, {7}, {6}, {2, 5}, {1, 4}], [{8, 4}, {1, 7}, {2, 6}, {3, 5}], [{8, 4}, {1, 7}, {3, 6}, {2, 5}], [{8, 4}, {1, 7}, {5, 6}, {2, 3}], [{8, 4}, {2, 7}, {1, 6}, {3, 5}], [{8, 4}, {2, 7}, {3, 6}, {1, 5}], [{8, 4}, {2, 7}, {5, 6}, {1, 3}], [{8, 4}, {2, 7}, {5, 6}, {3}, {1}], [{8, 4}, {3, 7}, {1, 6}, {2, 5}], [{8, 4}, {3, 7}, {1, 6}, {5}, {2}], [{8, 4}, {3, 7}, {2, 6}, {1, 5}], [{8, 4}, {3, 7}, {5, 6}, {1, 2}], [{8, 4}, {5, 7}, {1, 6}, {2, 3}], [{8, 4}, {5, 7}, {2, 6}, {1, 3}], [{8, 4}, {5, 7}, {3, 6}, {1, 2}], [{8, 4}, {6, 7}, {1, 5}, {2, 3}], [{8, 4}, {6, 7}, {2, 5}, {1, 3}], [{8, 4}, {6, 7}, {2, 5}, {3}, {1}], [{8, 4}, {6, 7}, {3, 5}, {1, 2}], [{8, 4}, {6, 7}, {5}, {1, 3}, {2}], [{8, 4}, {7}, {6}, {1, 5}, {2, 3}], [{8, 4}, {7}, {6}, {2, 5}, {1, 3}], [{8, 5}, {1, 7}, {2, 6}, {3, 4}], [{8, 5}, {1, 7}, {2, 6}, {4}, {3}], [{8, 5}, {1, 7}, {3, 6}, {2, 4}], [{8, 5}, {1, 7}, {4, 6}, {2, 3}], [{8, 5}, {2, 7}, {1, 6}, {3, 4}], [{8, 5}, {2, 7}, {3, 6}, {1, 4}], [{8, 5}, {2, 7}, {4, 6}, {1, 3}], [{8, 5}, {3, 7}, {1, 6}, {2, 4}], [{8, 5}, {3, 7}, {1, 6}, {4}, {2}], [{8, 5}, {3, 7}, {2, 6}, {1, 4}], [{8, 5}, {3, 7}, {4, 6}, {1, 2}], [{8, 5}, {4, 7}, {1, 6}, {2, 3}], [{8, 5}, {4, 7}, {2, 6}, {1, 3}], [{8, 5}, {4, 7}, {3, 6}, {1, 2}], [{8, 5}, {6, 7}, {1, 4}, {2, 3}], [{8, 5}, {6, 7}, {2, 4}, {1, 3}], [{8, 5}, {6, 7}, {3, 4}, {1, 2}], [{8, 5}, {7}, {3, 6}, {1, 4}, {2}], [{8, 5}, {7}, {4, 6}, {2, 3}, {1}], [{8, 6}, {1, 7}, {2, 5}, {3, 4}], [{8, 6}, {1, 7}, {3, 5}, {2, 4}], [{8, 6}, {1, 7}, {4, 5}, {2, 3}], [{8, 6}, {1, 7}, {4, 5}, {3}, {2}], [{8, 6}, {2, 7}, {1, 5}, {3, 4}], [{8, 6}, {2, 7}, {3, 5}, {1, 4}], [{8, 6}, {2, 7}, {4, 5}, {1, 3}], [{8, 6}, {2, 7}, {4, 5}, {3}, {1}], [{8, 6}, {3, 7}, {1, 5}, {2, 4}], [{8, 6}, {3, 7}, {2, 5}, {1, 4}], [{8, 6}, {3, 7}, {2, 5}, {4}, {1}], [{8, 6}, {3, 7}, {4, 5}, {1, 2}], [{8, 6}, {4, 7}, {1, 5}, {2, 3}], [{8, 6}, {4, 7}, {2, 5}, {1, 3}], [{8, 6}, {4, 7}, {3, 5}, {1, 2}], [{8, 6}, {5, 7}, {1, 4}, {2, 3}], [{8, 6}, {5, 7}, {2, 4}, {1, 3}], [{8, 6}, {5, 7}, {3, 4}, {1, 2}], [{8, 6}, {5, 7}, {4}, {1, 3}, {2}], [{8, 6}, {7}, {2, 5}, {1, 4}, {3}], [{8, 6}, {7}, {4, 5}, {3}, {1, 2}], [{8, 7}, {1, 6}, {2, 5}, {3, 4}], [{8, 7}, {1, 6}, {2, 5}, {4}, {3}], [{8, 7}, {1, 6}, {3, 5}, {2, 4}], [{8, 7}, {1, 6}, {3, 5}, {4}, {2}], [{8, 7}, {1, 6}, {4, 5}, {2, 3}], [{8, 7}, {1, 6}, {4, 5}, {3}, {2}], [{8, 7}, {1, 6}, {5}, {2, 4}, {3}], [{8, 7}, {1, 6}, {5}, {3, 4}, {2}], [{8, 7}, {1, 6}, {5}, {4}, {2, 3}], [{8, 7}, {1, 6}, {5}, {4}, {3}, {2}], [{8, 7}, {2, 6}, {1, 5}, {3, 4}], [{8, 7}, {2, 6}, {3, 5}, {1, 4}], [{8, 7}, {2, 6}, {4, 5}, {1, 3}], [{8, 7}, {3, 6}, {1, 5}, {2, 4}], [{8, 7}, {3, 6}, {2, 5}, {1, 4}], [{8, 7}, {3, 6}, {4, 5}, {1, 2}], [{8, 7}, {4, 6}, {1, 5}, {2, 3}], [{8, 7}, {4, 6}, {1, 5}, {3}, {2}], [{8, 7}, {4, 6}, {2, 5}, {1, 3}], [{8, 7}, {4, 6}, {3, 5}, {1, 2}], [{8, 7}, {5, 6}, {1, 4}, {2, 3}], [{8, 7}, {5, 6}, {1, 4}, {3}, {2}], [{8, 7}, {5, 6}, {2, 4}, {1, 3}], [{8, 7}, {5, 6}, {3, 4}, {1, 2}], [{8}, {1, 7}, {3, 6}, {4, 5}, {2}], [{8}, {1, 7}, {4, 6}, {5}, {2, 3}], [{8}, {1, 7}, {6}, {2, 5}, {3, 4}], [{8}, {1, 7}, {6}, {3, 5}, {2, 4}], [{8}, {2, 7}, {3, 6}, {1, 5}, {4}], [{8}, {2, 7}, {4, 6}, {1, 5}, {3}], [{8}, {2, 7}, {6}, {1, 5}, {3, 4}], [{8}, {3, 7}, {1, 6}, {2, 5}, {4}], [{8}, {3, 7}, {1, 6}, {4, 5}, {2}], [{8}, {3, 7}, {1, 6}, {5}, {2, 4}], [{8}, {3, 7}, {1, 6}, {5}, {4}, {2}], [{8}, {3, 7}, {2, 6}, {5}, {1, 4}], [{8}, {3, 7}, {4, 6}, {5}, {1, 2}], [{8}, {4, 7}, {2, 6}, {1, 5}, {3}], [{8}, {4, 7}, {2, 6}, {3, 5}, {1}], [{8}, {4, 7}, {2, 6}, {5}, {1, 3}], [{8}, {6, 7}, {1, 5}, {2, 4}, {3}], [{8}, {6, 7}, {5}, {1, 4}, {2, 3}], [{8}, {7}, {3, 6}, {2, 5}, {1, 4}]]",2,20 K_1^3 + 4 K_1^2 K_2 - 28 K_1^2 - 30 K_1 K_2 - 4 K_1 K_3 + 14 K_2 + 10 K_3 + K_4 + 14,O1O2O3O4U1U5O6U4U2O7O5U7U8U6O8U3,O1O2O3U4U3O5O6U1O4O7U6U8U5U7O8U2,O1O2O3U2O4U5U6U4U7O5O8U3O7O6U1U8,c,{'O1O2O3O4U2O5U6U5U7O8O7U3U1O6U8U4'},1,"<a href=""/flatknot/8.704189"">8.704189</a>",t^9-56t^7-200t^6-105t^5+256t^4+225t^3-42t^2-122t-58,-t^3+2t^2-t,,
8.704190,O1O2O3O4U2O5U6U5U7O8O7U3U4O6U1U8,4,8z^3+50z^2+103z+71,8w^4z^3+50w^3z^2+103w^2z+71w,False,False,"[[ 0 -1 -2  0  2  1 -2  1  1],[ 1  0 -2  1  3  1 -2  1  1],[ 2  2  0  1  2  0  0  2  2],[ 0 -1 -1  0  1  0 -2  0  0],[-2 -3 -2 -1  0  0 -3 -2 -1],[-1 -1  0  0  0  0 -1 -1 -1],[ 2  2  0  2  3  1  0  3  2],[-1 -1 -2  0  2  1 -3  0  1],[-1 -1 -2  0  1  1 -2 -1  0]]","[[ 0  2  1  1  1  0 -1 -2 -2],[-2  0  0 -1 -2 -1 -3 -2 -3],[-1  0  0 -1 -1  0 -1  0 -1],[-1  1  1  0 -1  0 -1 -2 -2],[-1  2  1  1  0  0 -1 -2 -3],[ 0  1  0  0  0  0 -1 -1 -2],[ 1  3  1  1  1  1  0 -2 -2],[ 2  2  0  2  2  1  2  0  0],[ 2  3  1  2  3  2  2  0  0]]",True,"[-2,-1,-1,-1,0,1,2,2,0,1,2,1,3,2,3,1,1,0,1,0,1,1,0,1,2,2,0,1,2,3,1,1,2,2,2,0]","[-2,-2,-1,0,1,1,1,2,0,-1,0,0,1,2,1,-1,1,1,1,3,2,0,1,1,1,0,1,1,1,1,-1,-1,-1,-1,0,1]",t^8+70t^6+127t^4+39t^2+1,"[-2,-2,-1,0,1,1,1,2,0,-1,0,0,1,2,1,-1,1,1,1,3,2,0,1,1,1,0,1,1,1,1,-1,-1,-1,-1,0,1]","[-2,-1,-1,-1,0,1,2,2,-1,0,1,1,0,1,2,1,1,1,1,0,1,1,1,1,1,1,1,1,2,3,0,0,1,-1,-1,0]","[-2,-2,-1,0,1,1,1,2,0,2,1,0,2,2,2,2,2,1,2,3,3,1,1,1,1,3,0,0,0,1,-1,-1,0,-1,1,2]",c,"[[{8, 1}, {2, 7}, {3, 6}, {4, 5}], [{8, 1}, {2, 7}, {4, 6}, {3, 5}], [{8, 1}, {2, 7}, {5, 6}, {3, 4}], [{8, 1}, {3, 7}, {2, 6}, {4, 5}], [{8, 1}, {3, 7}, {4, 6}, {2, 5}], [{8, 1}, {3, 7}, {4, 6}, {5}, {2}], [{8, 1}, {3, 7}, {5, 6}, {2, 4}], [{8, 1}, {4, 7}, {2, 6}, {3, 5}], [{8, 1}, {4, 7}, {3, 6}, {2, 5}], [{8, 1}, {4, 7}, {3, 6}, {5}, {2}], [{8, 1}, {4, 7}, {5, 6}, {2, 3}], [{8, 1}, {5, 7}, {2, 6}, {3, 4}], [{8, 1}, {5, 7}, {3, 6}, {2, 4}], [{8, 1}, {5, 7}, {4, 6}, {2, 3}], [{8, 1}, {6, 7}, {2, 5}, {3, 4}], [{8, 1}, {6, 7}, {3, 5}, {2, 4}], [{8, 1}, {6, 7}, {4, 5}, {2, 3}], [{8, 2}, {1, 7}, {3, 6}, {4, 5}], [{8, 2}, {1, 7}, {3, 6}, {5}, {4}], [{8, 2}, {1, 7}, {4, 6}, {3, 5}], [{8, 2}, {1, 7}, {4, 6}, {5}, {3}], [{8, 2}, {1, 7}, {5, 6}, {3, 4}], [{8, 2}, {1, 7}, {5, 6}, {4}, {3}], [{8, 2}, {1, 7}, {6}, {3, 5}, {4}], [{8, 2}, {1, 7}, {6}, {4, 5}, {3}], [{8, 2}, {1, 7}, {6}, {5}, {3, 4}], [{8, 2}, {1, 7}, {6}, {5}, {4}, {3}], [{8, 2}, {3, 7}, {1, 6}, {4, 5}], [{8, 2}, {3, 7}, {4, 6}, {1, 5}], [{8, 2}, {3, 7}, {5, 6}, {1, 4}], [{8, 2}, {3, 7}, {6}, {1, 5}, {4}], [{8, 2}, {4, 7}, {1, 6}, {3, 5}], [{8, 2}, {4, 7}, {3, 6}, {1, 5}], [{8, 2}, {4, 7}, {5, 6}, {1, 3}], [{8, 2}, {5, 7}, {1, 6}, {3, 4}], [{8, 2}, {5, 7}, {3, 6}, {1, 4}], [{8, 2}, {5, 7}, {4, 6}, {1, 3}], [{8, 2}, {5, 7}, {6}, {4}, {1, 3}], [{8, 2}, {6, 7}, {1, 5}, {3, 4}], [{8, 2}, {6, 7}, {3, 5}, {1, 4}], [{8, 2}, {6, 7}, {4, 5}, {1, 3}], [{8, 3}, {1, 7}, {2, 6}, {4, 5}], [{8, 3}, {1, 7}, {4, 6}, {2, 5}], [{8, 3}, {1, 7}, {4, 6}, {5}, {2}], [{8, 3}, {1, 7}, {5, 6}, {2, 4}], [{8, 3}, {1, 7}, {6}, {2, 5}, {4}], [{8, 3}, {2, 7}, {1, 6}, {4, 5}], [{8, 3}, {2, 7}, {4, 6}, {1, 5}], [{8, 3}, {2, 7}, {5, 6}, {1, 4}], [{8, 3}, {2, 7}, {6}, {1, 5}, {4}], [{8, 3}, {4, 7}, {1, 6}, {2, 5}], [{8, 3}, {4, 7}, {2, 6}, {1, 5}], [{8, 3}, {4, 7}, {5, 6}, {1, 2}], [{8, 3}, {4, 7}, {5, 6}, {2}, {1}], [{8, 3}, {5, 7}, {1, 6}, {2, 4}], [{8, 3}, {5, 7}, {2, 6}, {1, 4}], [{8, 3}, {5, 7}, {4, 6}, {1, 2}], [{8, 3}, {5, 7}, {6}, {1, 4}, {2}], [{8, 3}, {6, 7}, {1, 5}, {2, 4}], [{8, 3}, {6, 7}, {2, 5}, {1, 4}], [{8, 3}, {6, 7}, {2, 5}, {4}, {1}], [{8, 3}, {6, 7}, {4, 5}, {1, 2}], [{8, 3}, {7}, {1, 6}, {2, 5}, {4}], [{8, 4}, {1, 7}, {2, 6}, {3, 5}], [{8, 4}, {1, 7}, {2, 6}, {5}, {3}], [{8, 4}, {1, 7}, {3, 6}, {2, 5}], [{8, 4}, {1, 7}, {5, 6}, {2, 3}], [{8, 4}, {1, 7}, {5, 6}, {3}, {2}], [{8, 4}, {1, 7}, {6}, {2, 5}, {3}], [{8, 4}, {2, 7}, {1, 6}, {3, 5}], [{8, 4}, {2, 7}, {3, 6}, {1, 5}], [{8, 4}, {2, 7}, {5, 6}, {1, 3}], [{8, 4}, {3, 7}, {1, 6}, {2, 5}], [{8, 4}, {3, 7}, {1, 6}, {5}, {2}], [{8, 4}, {3, 7}, {2, 6}, {1, 5}], [{8, 4}, {3, 7}, {5, 6}, {1, 2}], [{8, 4}, {5, 7}, {1, 6}, {2, 3}], [{8, 4}, {5, 7}, {2, 6}, {1, 3}], [{8, 4}, {5, 7}, {3, 6}, {1, 2}], [{8, 4}, {5, 7}, {6}, {2, 3}, {1}], [{8, 4}, {6, 7}, {1, 5}, {2, 3}], [{8, 4}, {6, 7}, {2, 5}, {1, 3}], [{8, 4}, {6, 7}, {3, 5}, {1, 2}], [{8, 4}, {7}, {2, 6}, {3, 5}, {1}], [{8, 4}, {7}, {3, 6}, {5}, {1, 2}], [{8, 5}, {1, 7}, {2, 6}, {3, 4}], [{8, 5}, {1, 7}, {2, 6}, {4}, {3}], [{8, 5}, {1, 7}, {3, 6}, {2, 4}], [{8, 5}, {1, 7}, {3, 6}, {4}, {2}], [{8, 5}, {1, 7}, {4, 6}, {2, 3}], [{8, 5}, {1, 7}, {4, 6}, {3}, {2}], [{8, 5}, {1, 7}, {6}, {2, 4}, {3}], [{8, 5}, {1, 7}, {6}, {3, 4}, {2}], [{8, 5}, {1, 7}, {6}, {4}, {2, 3}], [{8, 5}, {1, 7}, {6}, {4}, {3}, {2}], [{8, 5}, {2, 7}, {1, 6}, {3, 4}], [{8, 5}, {2, 7}, {3, 6}, {1, 4}], [{8, 5}, {2, 7}, {4, 6}, {1, 3}], [{8, 5}, {3, 7}, {1, 6}, {2, 4}], [{8, 5}, {3, 7}, {2, 6}, {1, 4}], [{8, 5}, {3, 7}, {4, 6}, {1, 2}], [{8, 5}, {3, 7}, {6}, {2, 4}, {1}], [{8, 5}, {4, 7}, {1, 6}, {2, 3}], [{8, 5}, {4, 7}, {2, 6}, {1, 3}], [{8, 5}, {4, 7}, {3, 6}, {1, 2}], [{8, 5}, {4, 7}, {6}, {2, 3}, {1}], [{8, 5}, {6, 7}, {1, 4}, {2, 3}], [{8, 5}, {6, 7}, {2, 4}, {1, 3}], [{8, 5}, {6, 7}, {3, 4}, {1, 2}], [{8, 5}, {7}, {6}, {1, 4}, {2, 3}], [{8, 5}, {7}, {6}, {2, 4}, {1, 3}], [{8, 6}, {1, 7}, {2, 5}, {3, 4}], [{8, 6}, {1, 7}, {2, 5}, {4}, {3}], [{8, 6}, {1, 7}, {3, 5}, {2, 4}], [{8, 6}, {1, 7}, {4, 5}, {2, 3}], [{8, 6}, {1, 7}, {4, 5}, {3}, {2}], [{8, 6}, {1, 7}, {5}, {2, 4}, {3}], [{8, 6}, {2, 7}, {1, 5}, {3, 4}], [{8, 6}, {2, 7}, {1, 5}, {4}, {3}], [{8, 6}, {2, 7}, {3, 5}, {1, 4}], [{8, 6}, {2, 7}, {4, 5}, {1, 3}], [{8, 6}, {3, 7}, {1, 5}, {2, 4}], [{8, 6}, {3, 7}, {2, 5}, {1, 4}], [{8, 6}, {3, 7}, {2, 5}, {4}, {1}], [{8, 6}, {3, 7}, {4, 5}, {1, 2}], [{8, 6}, {4, 7}, {1, 5}, {2, 3}], [{8, 6}, {4, 7}, {1, 5}, {3}, {2}], [{8, 6}, {4, 7}, {2, 5}, {1, 3}], [{8, 6}, {4, 7}, {3, 5}, {1, 2}], [{8, 6}, {5, 7}, {1, 4}, {2, 3}], [{8, 6}, {5, 7}, {2, 4}, {1, 3}], [{8, 6}, {5, 7}, {2, 4}, {3}, {1}], [{8, 6}, {5, 7}, {3, 4}, {1, 2}], [{8, 6}, {5, 7}, {3, 4}, {2}, {1}], [{8, 6}, {5, 7}, {4}, {2, 3}, {1}], [{8, 6}, {7}, {1, 5}, {2, 4}, {3}], [{8, 6}, {7}, {2, 5}, {4}, {1, 3}], [{8, 7}, {1, 6}, {2, 5}, {3, 4}], [{8, 7}, {1, 6}, {3, 5}, {2, 4}], [{8, 7}, {1, 6}, {4, 5}, {2, 3}], [{8, 7}, {2, 6}, {1, 5}, {3, 4}], [{8, 7}, {2, 6}, {3, 5}, {1, 4}], [{8, 7}, {2, 6}, {4, 5}, {1, 3}], [{8, 7}, {3, 6}, {1, 5}, {2, 4}], [{8, 7}, {3, 6}, {2, 5}, {1, 4}], [{8, 7}, {3, 6}, {4, 5}, {1, 2}], [{8, 7}, {4, 6}, {1, 5}, {2, 3}], [{8, 7}, {4, 6}, {2, 5}, {1, 3}], [{8, 7}, {4, 6}, {3, 5}, {1, 2}], [{8, 7}, {4, 6}, {5}, {1, 3}, {2}], [{8, 7}, {5, 6}, {1, 4}, {2, 3}], [{8, 7}, {5, 6}, {2, 4}, {1, 3}], [{8, 7}, {5, 6}, {3, 4}, {1, 2}], [{8, 7}, {6}, {1, 5}, {2, 4}, {3}], [{8}, {1, 7}, {2, 6}, {4, 5}, {3}], [{8}, {1, 7}, {3, 6}, {2, 5}, {4}], [{8}, {1, 7}, {4, 6}, {2, 5}, {3}], [{8}, {1, 7}, {4, 6}, {3, 5}, {2}], [{8}, {1, 7}, {4, 6}, {5}, {2, 3}], [{8}, {1, 7}, {4, 6}, {5}, {3}, {2}], [{8}, {1, 7}, {5, 6}, {2, 4}, {3}], [{8}, {1, 7}, {6}, {2, 5}, {3, 4}], [{8}, {1, 7}, {6}, {2, 5}, {4}, {3}], [{8}, {2, 7}, {3, 6}, {1, 5}, {4}], [{8}, {5, 7}, {2, 6}, {1, 4}, {3}], [{8}, {5, 7}, {4, 6}, {2, 3}, {1}], [{8}, {6, 7}, {1, 5}, {2, 4}, {3}], [{8}, {6, 7}, {5}, {1, 4}, {2, 3}], [{8}, {7}, {4, 6}, {1, 5}, {2, 3}]]",2,- 16 K_1^4 + 12 K_1^3 + 28 K_1^2 K_2 - 8 K_1^2 - 12 K_1 K_2 - 10 K_1 K_3 - 3 K_1 - 2 K_2^2 + 3 K_2 + 3 K_3 + K_4 + 5,O1O2O3O4U5U4O6U1U2O7O5U7U8U6O8U3,O1O2O3U4U3O5O6U1O7O4U7U8U5U6O8U2,O1O2O3U2O4U5U6U4U7O8O7U3O5O6U1U8,c,{'O1O2O3O4U2O5U6U5U7O8O7U3U4O6U1U8'},1,"<a href=""/flatknot/8.704190"">8.704190</a>",t^9-72t^7-264t^6-164t^5+180t^4+41t^3-122t^2-26t+6,t^2-2t,,
8.704191,O1O2O3O4U2O5U6U5U7O8O7U3U8O6U1U4,4,15z^2+100z+141,15w^3z^2+100w^2z+141w,False,False,"[[ 0 -1 -2  0  3  1 -2  1  0],[ 1  0 -1  1  3  1 -1  2  0],[ 2  1  0  1  2  0  1  2  1],[ 0 -1 -1  0  1  0 -2  0  0],[-3 -3 -2 -1  0  1 -4 -2 -1],[-1 -1  0  0 -1  0 -1 -1  0],[ 2  1 -1  2  4  1  0  2  1],[-1 -2 -2  0  2  1 -2  0  0],[ 0  0 -1  0  1  0 -1  0  0]]","[[ 0  3  1  1  0  0 -1 -2 -2],[-3  0  1 -2 -1 -1 -3 -2 -4],[-1 -1  0 -1  0  0 -1  0 -1],[-1  2  1  0  0  0 -2 -2 -2],[ 0  1  0  0  0  0  0 -1 -1],[ 0  1  0  0  0  0 -1 -1 -2],[ 1  3  1  2  0  1  0 -1 -1],[ 2  2  0  2  1  1  1  0  1],[ 2  4  1  2  1  2  1 -1  0]]",True,"[-3,-1,-1,0,0,1,2,2,-1,2,1,1,3,2,4,1,0,0,1,0,1,0,0,2,2,2,0,0,1,1,1,1,2,1,1,-1]","[-3,-1,-1,0,0,1,2,2,-1,2,1,1,3,2,4,1,0,0,1,0,1,0,0,2,2,2,0,0,1,1,1,1,2,1,1,-1]",t^8+62t^6+107t^4+47t^2+1,"[-2,-2,-1,0,0,1,1,3,-1,0,1,1,1,3,3,0,0,1,1,2,1,0,1,0,1,1,0,1,1,2,1,1,2,-1,0,3]","[-3,-1,-1,0,0,1,2,2,0,3,2,2,1,1,3,1,1,1,0,1,1,1,1,1,2,3,0,0,0,1,1,1,1,0,0,-1]","[-2,-2,-1,0,0,1,1,3,-1,1,1,2,1,2,4,1,1,1,0,2,2,0,1,1,2,3,0,0,0,1,0,0,1,-1,-1,2]",c,"[[{8, 2}, {5, 7}, {3, 6}, {1, 4}]]",1,24 K_1^3 + 8 K_1^2 K_2 - 46 K_1^2 - 34 K_1 K_2 - 10 K_1 K_3 - K_1 - 2 K_2^2 + 24 K_2 + 11 K_3 + 4 K_4 + 23,O1O2O3O4U1U4O5U6U2O7O6U7U8U5O8U3,O1O2O3U4U3O5O4U1O6O7U6U8U5U7O8U2,O1O2O3U2O4U5U6U4U7O5O7U3O8O6U1U8,c,{'O1O2O3O4U2O5U6U5U7O8O7U3U8O6U1U4'},1,"<a href=""/flatknot/8.704191"">8.704191</a>",t^9-60t^7-224t^6-213t^5+48t^4+53t^3-44t^2+18t-2,-t^3+2t^2-t,,
8.704192,O1O2O3O4U2O5U6U5U7O8O7U4U1O6U3U8,4,10z^2+63z+87,10w^3z^2+63w^2z+87w,False,False,"[[ 0 -1 -2  1  1  1 -2  1  1],[ 1  0 -1  1  1  0 -1  1  1],[ 2  1  0  2  1  0  1  2  2],[-1 -1 -2  0  1  1 -3 -1  0],[-1 -1 -1 -1  0  0 -2 -1 -1],[-1  0  0 -1  0  0 -1 -1 -1],[ 2  1 -1  3  2  1  0  3  2],[-1 -1 -2  1  1  1 -3  0  1],[-1 -1 -2  0  1  1 -2 -1  0]]","[[ 0  1  1  1  1  1 -1 -2 -2],[-1  0  1  1  1  1 -1 -2 -3],[-1 -1  0  1  1  0 -1 -2 -2],[-1 -1 -1  0  0 -1  0  0 -1],[-1 -1 -1  0  0 -1 -1 -1 -2],[-1 -1  0  1  1  0 -1 -2 -3],[ 1  1  1  0  1  1  0 -1 -1],[ 2  2  2  0  1  2  1  0  1],[ 2  3  2  1  2  3  1 -1  0]]",True,"[-1,-1,-1,-1,-1,1,2,2,-1,-1,-1,-1,1,2,3,-1,-1,0,1,2,2,0,1,0,0,1,1,1,1,2,1,2,3,1,1,-1]","[-2,-2,-1,1,1,1,1,1,-1,0,1,1,1,2,3,0,0,0,1,1,2,1,1,1,1,2,-1,-1,-1,-1,0,-1,-1,-1,-1,0]",t^8+55t^6+76t^4+21t^2,"[-2,-2,-1,1,1,1,1,1,-1,0,1,1,1,2,3,0,0,0,1,1,2,1,1,1,1,2,-1,-1,-1,-1,0,-1,-1,-1,-1,0]","[-1,-1,-1,-1,-1,1,2,2,-1,-1,-1,0,1,1,2,-1,0,1,1,0,1,1,1,1,0,1,1,1,1,1,2,2,3,0,0,-1]","[-2,-2,-1,1,1,1,1,1,-1,1,1,2,2,3,3,1,0,1,2,2,2,0,1,1,1,1,0,-1,-1,-1,-1,-1,-1,-1,0,1]",c,"[[{8, 1}, {2, 7}, {3, 6}, {4, 5}], [{8, 1}, {2, 7}, {4, 6}, {3, 5}], [{8, 1}, {2, 7}, {4, 6}, {5}, {3}], [{8, 1}, {2, 7}, {5, 6}, {3, 4}], [{8, 1}, {3, 7}, {2, 6}, {4, 5}], [{8, 1}, {3, 7}, {4, 6}, {2, 5}], [{8, 1}, {3, 7}, {4, 6}, {5}, {2}], [{8, 1}, {3, 7}, {5, 6}, {2, 4}], [{8, 1}, {4, 7}, {2, 6}, {3, 5}], [{8, 1}, {4, 7}, {3, 6}, {2, 5}], [{8, 1}, {4, 7}, {5, 6}, {2, 3}], [{8, 1}, {4, 7}, {6}, {3, 5}, {2}], [{8, 1}, {5, 7}, {2, 6}, {3, 4}], [{8, 1}, {5, 7}, {2, 6}, {4}, {3}], [{8, 1}, {5, 7}, {3, 6}, {2, 4}], [{8, 1}, {5, 7}, {4, 6}, {2, 3}], [{8, 1}, {6, 7}, {2, 5}, {3, 4}], [{8, 1}, {6, 7}, {2, 5}, {4}, {3}], [{8, 1}, {6, 7}, {3, 5}, {2, 4}], [{8, 1}, {6, 7}, {4, 5}, {2, 3}], [{8, 1}, {6, 7}, {4, 5}, {3}, {2}], [{8, 1}, {6, 7}, {5}, {2, 4}, {3}], [{8, 1}, {7}, {2, 6}, {5}, {3, 4}], [{8, 1}, {7}, {4, 6}, {5}, {2, 3}], [{8, 2}, {1, 7}, {3, 6}, {4, 5}], [{8, 2}, {1, 7}, {4, 6}, {3, 5}], [{8, 2}, {1, 7}, {5, 6}, {3, 4}], [{8, 2}, {3, 7}, {1, 6}, {4, 5}], [{8, 2}, {3, 7}, {4, 6}, {1, 5}], [{8, 2}, {3, 7}, {5, 6}, {1, 4}], [{8, 2}, {4, 7}, {1, 6}, {3, 5}], [{8, 2}, {4, 7}, {3, 6}, {1, 5}], [{8, 2}, {4, 7}, {3, 6}, {5}, {1}], [{8, 2}, {4, 7}, {5, 6}, {1, 3}], [{8, 2}, {5, 7}, {1, 6}, {3, 4}], [{8, 2}, {5, 7}, {1, 6}, {4}, {3}], [{8, 2}, {5, 7}, {3, 6}, {1, 4}], [{8, 2}, {5, 7}, {4, 6}, {1, 3}], [{8, 2}, {6, 7}, {1, 5}, {3, 4}], [{8, 2}, {6, 7}, {1, 5}, {4}, {3}], [{8, 2}, {6, 7}, {3, 5}, {1, 4}], [{8, 2}, {6, 7}, {4, 5}, {1, 3}], [{8, 3}, {1, 7}, {2, 6}, {4, 5}], [{8, 3}, {1, 7}, {4, 6}, {2, 5}], [{8, 3}, {1, 7}, {5, 6}, {2, 4}], [{8, 3}, {1, 7}, {6}, {2, 5}, {4}], [{8, 3}, {2, 7}, {1, 6}, {4, 5}], [{8, 3}, {2, 7}, {4, 6}, {1, 5}], [{8, 3}, {2, 7}, {5, 6}, {1, 4}], [{8, 3}, {2, 7}, {6}, {1, 5}, {4}], [{8, 3}, {4, 7}, {1, 6}, {2, 5}], [{8, 3}, {4, 7}, {2, 6}, {1, 5}], [{8, 3}, {4, 7}, {5, 6}, {1, 2}], [{8, 3}, {4, 7}, {6}, {2, 5}, {1}], [{8, 3}, {5, 7}, {1, 6}, {2, 4}], [{8, 3}, {5, 7}, {2, 6}, {1, 4}], [{8, 3}, {5, 7}, {4, 6}, {1, 2}], [{8, 3}, {5, 7}, {6}, {2, 4}, {1}], [{8, 3}, {6, 7}, {1, 5}, {2, 4}], [{8, 3}, {6, 7}, {2, 5}, {1, 4}], [{8, 3}, {6, 7}, {4, 5}, {1, 2}], [{8, 3}, {6, 7}, {5}, {2, 4}, {1}], [{8, 3}, {7}, {5, 6}, {2, 4}, {1}], [{8, 3}, {7}, {6}, {2, 5}, {1, 4}], [{8, 4}, {1, 7}, {2, 6}, {3, 5}], [{8, 4}, {1, 7}, {3, 6}, {2, 5}], [{8, 4}, {1, 7}, {5, 6}, {2, 3}], [{8, 4}, {1, 7}, {6}, {2, 5}, {3}], [{8, 4}, {1, 7}, {6}, {3, 5}, {2}], [{8, 4}, {1, 7}, {6}, {5}, {2, 3}], [{8, 4}, {2, 7}, {1, 6}, {3, 5}], [{8, 4}, {2, 7}, {3, 6}, {1, 5}], [{8, 4}, {2, 7}, {5, 6}, {1, 3}], [{8, 4}, {2, 7}, {5, 6}, {3}, {1}], [{8, 4}, {3, 7}, {1, 6}, {2, 5}], [{8, 4}, {3, 7}, {1, 6}, {5}, {2}], [{8, 4}, {3, 7}, {2, 6}, {1, 5}], [{8, 4}, {3, 7}, {5, 6}, {1, 2}], [{8, 4}, {5, 7}, {1, 6}, {2, 3}], [{8, 4}, {5, 7}, {2, 6}, {1, 3}], [{8, 4}, {5, 7}, {2, 6}, {3}, {1}], [{8, 4}, {5, 7}, {3, 6}, {1, 2}], [{8, 4}, {6, 7}, {1, 5}, {2, 3}], [{8, 4}, {6, 7}, {1, 5}, {3}, {2}], [{8, 4}, {6, 7}, {2, 5}, {1, 3}], [{8, 4}, {6, 7}, {3, 5}, {1, 2}], [{8, 5}, {1, 7}, {2, 6}, {3, 4}], [{8, 5}, {1, 7}, {3, 6}, {2, 4}], [{8, 5}, {1, 7}, {4, 6}, {2, 3}], [{8, 5}, {2, 7}, {1, 6}, {3, 4}], [{8, 5}, {2, 7}, {3, 6}, {1, 4}], [{8, 5}, {2, 7}, {4, 6}, {1, 3}], [{8, 5}, {3, 7}, {1, 6}, {2, 4}], [{8, 5}, {3, 7}, {2, 6}, {1, 4}], [{8, 5}, {3, 7}, {4, 6}, {1, 2}], [{8, 5}, {3, 7}, {6}, {2, 4}, {1}], [{8, 5}, {4, 7}, {1, 6}, {2, 3}], [{8, 5}, {4, 7}, {2, 6}, {1, 3}], [{8, 5}, {4, 7}, {3, 6}, {1, 2}], [{8, 5}, {6, 7}, {1, 4}, {2, 3}], [{8, 5}, {6, 7}, {2, 4}, {1, 3}], [{8, 5}, {6, 7}, {2, 4}, {3}, {1}], [{8, 5}, {6, 7}, {3, 4}, {1, 2}], [{8, 5}, {7}, {2, 6}, {3, 4}, {1}], [{8, 5}, {7}, {3, 6}, {2, 4}, {1}], [{8, 6}, {1, 7}, {2, 5}, {3, 4}], [{8, 6}, {1, 7}, {2, 5}, {4}, {3}], [{8, 6}, {1, 7}, {3, 5}, {2, 4}], [{8, 6}, {1, 7}, {3, 5}, {4}, {2}], [{8, 6}, {1, 7}, {4, 5}, {2, 3}], [{8, 6}, {1, 7}, {5}, {4}, {2, 3}], [{8, 6}, {2, 7}, {1, 5}, {3, 4}], [{8, 6}, {2, 7}, {1, 5}, {4}, {3}], [{8, 6}, {2, 7}, {3, 5}, {1, 4}], [{8, 6}, {2, 7}, {3, 5}, {4}, {1}], [{8, 6}, {2, 7}, {4, 5}, {1, 3}], [{8, 6}, {2, 7}, {5}, {4}, {1, 3}], [{8, 6}, {3, 7}, {1, 5}, {2, 4}], [{8, 6}, {3, 7}, {2, 5}, {1, 4}], [{8, 6}, {3, 7}, {4, 5}, {1, 2}], [{8, 6}, {3, 7}, {5}, {2, 4}, {1}], [{8, 6}, {4, 7}, {1, 5}, {2, 3}], [{8, 6}, {4, 7}, {2, 5}, {1, 3}], [{8, 6}, {4, 7}, {3, 5}, {1, 2}], [{8, 6}, {4, 7}, {3, 5}, {2}, {1}], [{8, 6}, {5, 7}, {1, 4}, {2, 3}], [{8, 6}, {5, 7}, {2, 4}, {1, 3}], [{8, 6}, {5, 7}, {2, 4}, {3}, {1}], [{8, 6}, {5, 7}, {3, 4}, {1, 2}], [{8, 6}, {7}, {3, 5}, {1, 4}, {2}], [{8, 6}, {7}, {3, 5}, {2, 4}, {1}], [{8, 6}, {7}, {3, 5}, {4}, {1, 2}], [{8, 6}, {7}, {3, 5}, {4}, {2}, {1}], [{8, 7}, {1, 6}, {2, 5}, {3, 4}], [{8, 7}, {1, 6}, {3, 5}, {2, 4}], [{8, 7}, {1, 6}, {4, 5}, {2, 3}], [{8, 7}, {1, 6}, {4, 5}, {3}, {2}], [{8, 7}, {2, 6}, {1, 5}, {3, 4}], [{8, 7}, {2, 6}, {3, 5}, {1, 4}], [{8, 7}, {2, 6}, {4, 5}, {1, 3}], [{8, 7}, {3, 6}, {1, 5}, {2, 4}], [{8, 7}, {3, 6}, {2, 5}, {1, 4}], [{8, 7}, {3, 6}, {4, 5}, {1, 2}], [{8, 7}, {3, 6}, {5}, {2, 4}, {1}], [{8, 7}, {4, 6}, {1, 5}, {2, 3}], [{8, 7}, {4, 6}, {1, 5}, {3}, {2}], [{8, 7}, {4, 6}, {2, 5}, {1, 3}], [{8, 7}, {4, 6}, {3, 5}, {1, 2}], [{8, 7}, {4, 6}, {5}, {2, 3}, {1}], [{8, 7}, {5, 6}, {1, 4}, {2, 3}], [{8, 7}, {5, 6}, {2, 4}, {1, 3}], [{8, 7}, {5, 6}, {2, 4}, {3}, {1}], [{8, 7}, {5, 6}, {3, 4}, {1, 2}], [{8, 7}, {6}, {1, 5}, {4}, {2, 3}], [{8, 7}, {6}, {2, 5}, {4}, {1, 3}], [{8, 7}, {6}, {3, 5}, {2, 4}, {1}], [{8}, {1, 7}, {3, 6}, {2, 5}, {4}], [{8}, {1, 7}, {4, 6}, {2, 5}, {3}], [{8}, {1, 7}, {4, 6}, {3, 5}, {2}], [{8}, {1, 7}, {4, 6}, {5}, {2, 3}], [{8}, {1, 7}, {6}, {2, 5}, {3, 4}], [{8}, {2, 7}, {3, 6}, {1, 5}, {4}], [{8}, {3, 7}, {5, 6}, {2, 4}, {1}], [{8}, {4, 7}, {1, 6}, {2, 5}, {3}], [{8}, {4, 7}, {1, 6}, {3, 5}, {2}], [{8}, {4, 7}, {1, 6}, {5}, {2, 3}], [{8}, {5, 7}, {2, 6}, {1, 4}, {3}], [{8}, {5, 7}, {3, 6}, {2, 4}, {1}], [{8}, {6, 7}, {1, 5}, {2, 4}, {3}], [{8}, {6, 7}, {3, 5}, {2, 4}, {1}], [{8}, {6, 7}, {5}, {1, 4}, {2, 3}], [{8}, {6, 7}, {5}, {2, 4}, {1, 3}], [{8}, {6, 7}, {5}, {2, 4}, {3}, {1}], [{8}, {6, 7}, {5}, {3, 4}, {1, 2}], [{8}, {7}, {2, 6}, {1, 5}, {3, 4}]]",2,4 K_1^3 - 20 K_1^2 - 8 K_1 K_2 + K_1 + 10 K_2 + 3 K_3 + 11,O1O2O3O4U5U2O6U4U1O7O5U7U8U6O8U3,O1O2O3U4U3O5O6U1O7O4U6U8U7U5O8U2,O1O2O3U2O4U5U6U4U7O8O6U3O7O5U1U8,c,"{'O1O2O3U1O4O5U6U5U7O8O7U2U4O6U3U8', 'O1O2O3O4U2O5U6U5U7O8O7U4U1O6U3U8'}",2,"<a href=""/flatknot/8.704192"">8.704192</a>",t^9-59t^7-196t^6-164t^5+68t^4+103t^3-12t^2-15t+6,2t^2-4t,,
8.704193,O1O2O3O4U2O5U6U5U7O8O7U4U3O6U1U8,3,18z^2+63z+55,-8w^4z^2+26w^3z^2-8w^3z+71w^2z+55w,False,False,"[[ 0 -1 -2  1  1  1 -2  1  1],[ 1  0 -2  2  2  1 -2  1  1],[ 2  2  0  2  1  0  0  2  2],[-1 -2 -2  0  0  0 -3 -1  0],[-1 -2 -1  0  0  0 -2 -1 -1],[-1 -1  0  0  0  0 -1 -1 -1],[ 2  2  0  3  2  1  0  3  2],[-1 -1 -2  1  1  1 -3  0  1],[-1 -1 -2  0  1  1 -2 -1  0]]","[[ 0  1  1  1  1  1 -1 -2 -2],[-1  0  1  1  1  1 -1 -2 -3],[-1 -1  0  1  1  0 -1 -2 -2],[-1 -1 -1  0  0  0 -1  0 -1],[-1 -1 -1  0  0  0 -2 -1 -2],[-1 -1  0  0  0  0 -2 -2 -3],[ 1  1  1  1  2  2  0 -2 -2],[ 2  2  2  0  1  2  2  0  0],[ 2  3  2  1  2  3  2  0  0]]",True,"[-1,-1,-1,-1,-1,1,2,2,-1,-1,-1,-1,1,2,3,-1,-1,0,1,2,2,0,0,1,0,1,0,2,1,2,2,2,3,2,2,0]","[-2,-2,-1,1,1,1,1,1,0,-1,0,0,1,1,2,-1,1,1,1,2,3,0,1,1,0,1,1,0,0,0,-1,-1,-1,-1,-1,0]",t^8+65t^6+149t^4+44t^2,"[-2,-2,-1,1,1,1,1,1,0,-1,0,0,1,1,2,-1,1,1,1,2,3,0,1,1,0,1,1,0,0,0,-1,-1,-1,-1,-1,0]","[-1,-1,-1,-1,-1,1,2,2,-1,-1,0,0,0,1,2,-1,0,1,1,1,1,1,1,1,0,1,0,0,0,1,1,2,3,-1,-1,0]","[-2,-2,-1,1,1,1,1,1,0,2,0,1,2,2,2,2,1,2,2,3,3,1,2,1,1,2,0,-1,-1,0,-1,-1,0,-1,0,1]",c,"[[{8, 1}, {2, 7}, {3, 6}, {4, 5}], [{8, 1}, {2, 7}, {4, 6}, {3, 5}], [{8, 1}, {2, 7}, {5, 6}, {3, 4}], [{8, 1}, {2, 7}, {5, 6}, {4}, {3}], [{8, 1}, {3, 7}, {2, 6}, {4, 5}], [{8, 1}, {3, 7}, {4, 6}, {2, 5}], [{8, 1}, {3, 7}, {4, 6}, {5}, {2}], [{8, 1}, {3, 7}, {5, 6}, {2, 4}], [{8, 1}, {4, 7}, {2, 6}, {3, 5}], [{8, 1}, {4, 7}, {3, 6}, {2, 5}], [{8, 1}, {4, 7}, {3, 6}, {5}, {2}], [{8, 1}, {4, 7}, {5, 6}, {2, 3}], [{8, 1}, {4, 7}, {6}, {2, 5}, {3}], [{8, 1}, {5, 7}, {2, 6}, {3, 4}], [{8, 1}, {5, 7}, {3, 6}, {2, 4}], [{8, 1}, {5, 7}, {4, 6}, {2, 3}], [{8, 1}, {6, 7}, {2, 5}, {3, 4}], [{8, 1}, {6, 7}, {3, 5}, {2, 4}], [{8, 1}, {6, 7}, {4, 5}, {2, 3}], [{8, 1}, {7}, {3, 6}, {2, 5}, {4}], [{8, 2}, {1, 7}, {3, 6}, {4, 5}], [{8, 2}, {1, 7}, {3, 6}, {5}, {4}], [{8, 2}, {1, 7}, {4, 6}, {3, 5}], [{8, 2}, {1, 7}, {4, 6}, {5}, {3}], [{8, 2}, {1, 7}, {5, 6}, {3, 4}], [{8, 2}, {1, 7}, {6}, {5}, {3, 4}], [{8, 2}, {3, 7}, {1, 6}, {4, 5}], [{8, 2}, {3, 7}, {4, 6}, {1, 5}], [{8, 2}, {3, 7}, {5, 6}, {1, 4}], [{8, 2}, {3, 7}, {5, 6}, {4}, {1}], [{8, 2}, {4, 7}, {1, 6}, {3, 5}], [{8, 2}, {4, 7}, {3, 6}, {1, 5}], [{8, 2}, {4, 7}, {5, 6}, {1, 3}], [{8, 2}, {5, 7}, {1, 6}, {3, 4}], [{8, 2}, {5, 7}, {3, 6}, {1, 4}], [{8, 2}, {5, 7}, {4, 6}, {1, 3}], [{8, 2}, {6, 7}, {1, 5}, {3, 4}], [{8, 2}, {6, 7}, {1, 5}, {4}, {3}], [{8, 2}, {6, 7}, {3, 5}, {1, 4}], [{8, 2}, {6, 7}, {3, 5}, {4}, {1}], [{8, 2}, {6, 7}, {4, 5}, {1, 3}], [{8, 2}, {6, 7}, {5}, {4}, {1, 3}], [{8, 3}, {1, 7}, {2, 6}, {4, 5}], [{8, 3}, {1, 7}, {4, 6}, {2, 5}], [{8, 3}, {1, 7}, {5, 6}, {2, 4}], [{8, 3}, {1, 7}, {6}, {2, 5}, {4}], [{8, 3}, {1, 7}, {6}, {4, 5}, {2}], [{8, 3}, {1, 7}, {6}, {5}, {2, 4}], [{8, 3}, {2, 7}, {1, 6}, {4, 5}], [{8, 3}, {2, 7}, {4, 6}, {1, 5}], [{8, 3}, {2, 7}, {5, 6}, {1, 4}], [{8, 3}, {4, 7}, {1, 6}, {2, 5}], [{8, 3}, {4, 7}, {2, 6}, {1, 5}], [{8, 3}, {4, 7}, {5, 6}, {1, 2}], [{8, 3}, {5, 7}, {1, 6}, {2, 4}], [{8, 3}, {5, 7}, {2, 6}, {1, 4}], [{8, 3}, {5, 7}, {4, 6}, {1, 2}], [{8, 3}, {6, 7}, {1, 5}, {2, 4}], [{8, 3}, {6, 7}, {2, 5}, {1, 4}], [{8, 3}, {6, 7}, {4, 5}, {1, 2}], [{8, 3}, {7}, {2, 6}, {5}, {1, 4}], [{8, 3}, {7}, {4, 6}, {5}, {1, 2}], [{8, 4}, {1, 7}, {2, 6}, {3, 5}], [{8, 4}, {1, 7}, {3, 6}, {2, 5}], [{8, 4}, {1, 7}, {3, 6}, {5}, {2}], [{8, 4}, {1, 7}, {5, 6}, {2, 3}], [{8, 4}, {1, 7}, {6}, {2, 5}, {3}], [{8, 4}, {2, 7}, {1, 6}, {3, 5}], [{8, 4}, {2, 7}, {3, 6}, {1, 5}], [{8, 4}, {2, 7}, {5, 6}, {1, 3}], [{8, 4}, {3, 7}, {1, 6}, {2, 5}], [{8, 4}, {3, 7}, {2, 6}, {1, 5}], [{8, 4}, {3, 7}, {5, 6}, {1, 2}], [{8, 4}, {3, 7}, {5, 6}, {2}, {1}], [{8, 4}, {5, 7}, {1, 6}, {2, 3}], [{8, 4}, {5, 7}, {2, 6}, {1, 3}], [{8, 4}, {5, 7}, {2, 6}, {3}, {1}], [{8, 4}, {5, 7}, {3, 6}, {1, 2}], [{8, 4}, {6, 7}, {1, 5}, {2, 3}], [{8, 4}, {6, 7}, {2, 5}, {1, 3}], [{8, 4}, {6, 7}, {3, 5}, {1, 2}], [{8, 4}, {6, 7}, {5}, {1, 3}, {2}], [{8, 4}, {7}, {3, 6}, {2, 5}, {1}], [{8, 5}, {1, 7}, {2, 6}, {3, 4}], [{8, 5}, {1, 7}, {3, 6}, {2, 4}], [{8, 5}, {1, 7}, {3, 6}, {4}, {2}], [{8, 5}, {1, 7}, {4, 6}, {2, 3}], [{8, 5}, {1, 7}, {4, 6}, {3}, {2}], [{8, 5}, {1, 7}, {6}, {3, 4}, {2}], [{8, 5}, {2, 7}, {1, 6}, {3, 4}], [{8, 5}, {2, 7}, {3, 6}, {1, 4}], [{8, 5}, {2, 7}, {4, 6}, {1, 3}], [{8, 5}, {3, 7}, {1, 6}, {2, 4}], [{8, 5}, {3, 7}, {2, 6}, {1, 4}], [{8, 5}, {3, 7}, {4, 6}, {1, 2}], [{8, 5}, {4, 7}, {1, 6}, {2, 3}], [{8, 5}, {4, 7}, {2, 6}, {1, 3}], [{8, 5}, {4, 7}, {3, 6}, {1, 2}], [{8, 5}, {4, 7}, {6}, {3}, {1, 2}], [{8, 5}, {6, 7}, {1, 4}, {2, 3}], [{8, 5}, {6, 7}, {2, 4}, {1, 3}], [{8, 5}, {6, 7}, {3, 4}, {1, 2}], [{8, 5}, {6, 7}, {4}, {1, 3}, {2}], [{8, 6}, {1, 7}, {2, 5}, {3, 4}], [{8, 6}, {1, 7}, {2, 5}, {4}, {3}], [{8, 6}, {1, 7}, {3, 5}, {2, 4}], [{8, 6}, {1, 7}, {4, 5}, {2, 3}], [{8, 6}, {1, 7}, {4, 5}, {3}, {2}], [{8, 6}, {1, 7}, {5}, {2, 4}, {3}], [{8, 6}, {2, 7}, {1, 5}, {3, 4}], [{8, 6}, {2, 7}, {3, 5}, {1, 4}], [{8, 6}, {2, 7}, {4, 5}, {1, 3}], [{8, 6}, {3, 7}, {1, 5}, {2, 4}], [{8, 6}, {3, 7}, {2, 5}, {1, 4}], [{8, 6}, {3, 7}, {4, 5}, {1, 2}], [{8, 6}, {4, 7}, {1, 5}, {2, 3}], [{8, 6}, {4, 7}, {2, 5}, {1, 3}], [{8, 6}, {4, 7}, {3, 5}, {1, 2}], [{8, 6}, {4, 7}, {3, 5}, {2}, {1}], [{8, 6}, {5, 7}, {1, 4}, {2, 3}], [{8, 6}, {5, 7}, {2, 4}, {1, 3}], [{8, 6}, {5, 7}, {3, 4}, {1, 2}], [{8, 6}, {5, 7}, {3, 4}, {2}, {1}], [{8, 7}, {1, 6}, {2, 5}, {3, 4}], [{8, 7}, {1, 6}, {3, 5}, {2, 4}], [{8, 7}, {1, 6}, {4, 5}, {2, 3}], [{8, 7}, {2, 6}, {1, 5}, {3, 4}], [{8, 7}, {2, 6}, {3, 5}, {1, 4}], [{8, 7}, {2, 6}, {4, 5}, {1, 3}], [{8, 7}, {3, 6}, {1, 5}, {2, 4}], [{8, 7}, {3, 6}, {2, 5}, {1, 4}], [{8, 7}, {3, 6}, {2, 5}, {4}, {1}], [{8, 7}, {3, 6}, {4, 5}, {1, 2}], [{8, 7}, {3, 6}, {5}, {1, 4}, {2}], [{8, 7}, {4, 6}, {1, 5}, {2, 3}], [{8, 7}, {4, 6}, {2, 5}, {1, 3}], [{8, 7}, {4, 6}, {3, 5}, {1, 2}], [{8, 7}, {5, 6}, {1, 4}, {2, 3}], [{8, 7}, {5, 6}, {2, 4}, {1, 3}], [{8, 7}, {5, 6}, {3, 4}, {1, 2}], [{8, 7}, {6}, {2, 5}, {1, 4}, {3}], [{8}, {1, 7}, {2, 6}, {3, 5}, {4}], [{8}, {1, 7}, {3, 6}, {2, 5}, {4}], [{8}, {1, 7}, {3, 6}, {4, 5}, {2}], [{8}, {1, 7}, {3, 6}, {5}, {2, 4}], [{8}, {1, 7}, {3, 6}, {5}, {4}, {2}], [{8}, {1, 7}, {4, 6}, {2, 5}, {3}], [{8}, {1, 7}, {5, 6}, {4}, {2, 3}], [{8}, {1, 7}, {6}, {2, 5}, {3, 4}], [{8}, {1, 7}, {6}, {2, 5}, {4}, {3}], [{8}, {2, 7}, {1, 6}, {3, 5}, {4}], [{8}, {2, 7}, {3, 6}, {1, 5}, {4}], [{8}, {3, 7}, {1, 6}, {2, 5}, {4}], [{8}, {3, 7}, {2, 6}, {1, 5}, {4}], [{8}, {3, 7}, {5, 6}, {2, 4}, {1}], [{8}, {4, 7}, {3, 6}, {2, 5}, {1}], [{8}, {5, 7}, {1, 6}, {2, 4}, {3}], [{8}, {5, 7}, {3, 6}, {4}, {1, 2}], [{8}, {6, 7}, {2, 5}, {4}, {1, 3}], [{8}, {6, 7}, {4, 5}, {1, 3}, {2}], [{8}, {6, 7}, {5}, {2, 4}, {1, 3}], [{8}, {6, 7}, {5}, {4}, {1, 3}, {2}], [{8}, {7}, {3, 6}, {2, 5}, {1, 4}], [{8}, {7}, {3, 6}, {2, 5}, {4}, {1}]]",2,- 8 K_1^4 + 4 K_1^3 + 16 K_1^2 K_2 - 6 K_1^2 - 4 K_1 K_2 - 6 K_1 K_3 - K_1 + 2 K_2 + K_3 + 3,O1O2O3O4U5U4O6U2U1O7O5U7U8U6O8U3,O1O2O3U4U3O5O6U1O7O4U7U8U6U5O8U2,O1O2O3U2O4U5U6U4U7O8O7U3O6O5U1U8,c,{'O1O2O3O4U2O5U6U5U7O8O7U4U3O6U1U8'},1,"<a href=""/flatknot/8.704193"">8.704193</a>",t^9-69t^7-214t^6-21t^5+240t^4-19t^3-82t^2+8t,2t^2-4t,,
8.704194,O1O2O3O4U2O5U6U5U7O8O7U4U8O6U1U3,4,6z^2+91z+159,6w^3z^2+91w^2z+159w,False,False,"[[ 0 -1 -2  2  1  1 -2  1  0],[ 1  0 -1  2  1  1 -1  2  0],[ 2  1  0  2  1  0  1  2  1],[-2 -2 -2  0  0  1 -4 -1  0],[-1 -1 -1  0  0  0 -3 -1  0],[-1 -1  0 -1  0  0 -1 -1  0],[ 2  1 -1  4  3  1  0  2  1],[-1 -2 -2  1  1  1 -2  0  0],[ 0  0 -1  0  0  0 -1  0  0]]","[[ 0  2  1  1  1  0 -1 -2 -2],[-2  0  1  0 -1  0 -2 -2 -4],[-1 -1  0  0 -1  0 -1  0 -1],[-1  0  0  0 -1  0 -1 -1 -3],[-1  1  1  1  0  0 -2 -2 -2],[ 0  0  0  0  0  0  0 -1 -1],[ 1  2  1  1  2  0  0 -1 -1],[ 2  2  0  1  2  1  1  0  1],[ 2  4  1  3  2  1  1 -1  0]]",True,"[-2,-1,-1,-1,0,1,2,2,-1,0,1,0,2,2,4,0,1,0,1,0,1,1,0,1,1,3,0,2,2,2,0,1,1,1,1,-1]","[-2,-2,-1,0,1,1,1,2,-1,0,1,1,2,3,2,0,1,1,0,2,0,1,0,1,1,1,1,1,1,2,-1,-1,0,0,1,2]",t^8+58t^6+154t^4+83t^2+9,"[-2,-2,-1,0,1,1,1,2,-1,0,1,1,2,3,2,0,1,1,0,2,0,1,0,1,1,1,1,1,1,2,-1,-1,0,0,1,2]","[-2,-1,-1,-1,0,1,2,2,0,1,2,2,1,0,2,1,1,1,0,1,1,0,1,1,0,2,1,1,2,3,1,1,1,0,0,-1]","[-2,-2,-1,0,1,1,1,2,-1,1,1,1,2,3,4,1,1,0,2,1,2,0,1,2,1,2,0,0,0,0,-1,0,-1,1,1,0]",c,"[[{8, 4}, {6, 7}, {1, 5}, {2, 3}], [{8, 6}, {4, 7}, {1, 5}, {2, 3}], [{8, 7}, {4, 6}, {1, 5}, {2, 3}]]",1,8 K_1^3 + 4 K_1^2 K_2 - 40 K_1^2 - 32 K_1 K_2 - 6 K_1 K_3 + 10 K_1 - 2 K_2^2 + 21 K_2 + 14 K_3 + 3 K_4 + 21,O1O2O3O4U2U4O5U6U1O7O6U7U8U5O8U3,O1O2O3U4U3O5O4U1O6O7U6U8U7U5O8U2,O1O2O3U2O4U5U6U4U7O6O7U3O8O5U1U8,c,{'O1O2O3O4U2O5U6U5U7O8O7U4U8O6U1U3'},1,"<a href=""/flatknot/8.704194"">8.704194</a>",t^9-60t^7-162t^6+t^5+186t^4-10t^3-52t^2+13t-4,t^2-2t,,
8.704195,O1O2O3O4U2O5U6U7U1O7O8U3U4O6U8U5,4,z^3+23z^2+73z+63,w^4z^3+23w^3z^2+73w^2z+63w,False,False,"[[ 0 -1 -2  0  2  3 -2 -1  1],[ 1  0  0  1  2  1  0  1  1],[ 2  0  0  1  2  2  0  2  2],[ 0 -1 -1  0  1  2 -1  0  1],[-2 -2 -2 -1  0  1 -2 -2  0],[-3 -1 -2 -2 -1  0 -2 -3 -1],[ 2  0  0  1  2  2  0  1  1],[ 1 -1 -2  0  2  3 -1  0  1],[-1 -1 -2 -1  0  1 -1 -1  0]]","[[ 0  3  2  1  0 -1 -1 -2 -2],[-3  0 -1 -1 -2 -1 -3 -2 -2],[-2  1  0  0 -1 -2 -2 -2 -2],[-1  1  0  0 -1 -1 -1 -1 -2],[ 0  2  1  1  0 -1  0 -1 -1],[ 1  1  2  1  1  0  1  0  0],[ 1  3  2  1  0 -1  0 -1 -2],[ 2  2  2  1  1  0  1  0  0],[ 2  2  2  2  1  0  2  0  0]]",True,"[-3,-2,-1,0,1,1,2,2,1,1,2,1,3,2,2,0,1,2,2,2,2,1,1,1,1,2,1,0,1,1,-1,0,0,1,2,0]","[-3,-2,-1,0,1,1,2,2,0,1,1,1,3,3,3,1,1,1,1,2,2,0,1,1,1,2,1,0,1,1,-1,-1,0,1,1,0]",t^8+58t^6+81t^4+23t^2,"[-2,-2,-1,-1,0,1,2,3,0,-1,1,1,1,2,3,0,1,1,2,2,3,1,1,1,1,1,0,1,1,3,0,1,1,1,1,0]","[-3,-2,-1,0,1,1,2,2,0,1,1,1,3,3,3,1,1,1,1,2,2,0,1,1,1,2,1,0,1,1,-1,-1,0,1,1,0]","[-2,-2,-1,-1,0,1,2,3,0,0,1,1,1,2,2,0,2,1,2,2,2,1,1,1,2,1,0,1,2,3,1,1,2,0,1,1]",c,"[[{8, 1}, {2, 7}, {3, 6}, {4, 5}], [{8, 1}, {2, 7}, {4, 6}, {3, 5}], [{8, 1}, {2, 7}, {5, 6}, {3, 4}], [{8, 1}, {2, 7}, {6}, {3, 5}, {4}], [{8, 1}, {3, 7}, {2, 6}, {4, 5}], [{8, 1}, {3, 7}, {2, 6}, {5}, {4}], [{8, 1}, {3, 7}, {4, 6}, {2, 5}], [{8, 1}, {3, 7}, {5, 6}, {2, 4}], [{8, 1}, {3, 7}, {5, 6}, {4}, {2}], [{8, 1}, {3, 7}, {6}, {2, 5}, {4}], [{8, 1}, {4, 7}, {2, 6}, {3, 5}], [{8, 1}, {4, 7}, {3, 6}, {2, 5}], [{8, 1}, {4, 7}, {5, 6}, {2, 3}], [{8, 1}, {5, 7}, {2, 6}, {3, 4}], [{8, 1}, {5, 7}, {3, 6}, {2, 4}], [{8, 1}, {5, 7}, {4, 6}, {2, 3}], [{8, 1}, {5, 7}, {6}, {2, 4}, {3}], [{8, 1}, {6, 7}, {2, 5}, {3, 4}], [{8, 1}, {6, 7}, {3, 5}, {2, 4}], [{8, 1}, {6, 7}, {4, 5}, {2, 3}], [{8, 1}, {6, 7}, {5}, {2, 4}, {3}], [{8, 1}, {7}, {5, 6}, {2, 4}, {3}], [{8, 2}, {1, 7}, {3, 6}, {4, 5}], [{8, 2}, {1, 7}, {3, 6}, {5}, {4}], [{8, 2}, {1, 7}, {4, 6}, {3, 5}], [{8, 2}, {1, 7}, {5, 6}, {3, 4}], [{8, 2}, {1, 7}, {5, 6}, {4}, {3}], [{8, 2}, {1, 7}, {6}, {3, 5}, {4}], [{8, 2}, {3, 7}, {1, 6}, {4, 5}], [{8, 2}, {3, 7}, {4, 6}, {1, 5}], [{8, 2}, {3, 7}, {5, 6}, {1, 4}], [{8, 2}, {3, 7}, {5, 6}, {4}, {1}], [{8, 2}, {3, 7}, {6}, {5}, {1, 4}], [{8, 2}, {4, 7}, {1, 6}, {3, 5}], [{8, 2}, {4, 7}, {3, 6}, {1, 5}], [{8, 2}, {4, 7}, {5, 6}, {1, 3}], [{8, 2}, {4, 7}, {6}, {5}, {1, 3}], [{8, 2}, {5, 7}, {1, 6}, {3, 4}], [{8, 2}, {5, 7}, {3, 6}, {1, 4}], [{8, 2}, {5, 7}, {4, 6}, {1, 3}], [{8, 2}, {6, 7}, {1, 5}, {3, 4}], [{8, 2}, {6, 7}, {3, 5}, {1, 4}], [{8, 2}, {6, 7}, {4, 5}, {1, 3}], [{8, 2}, {7}, {4, 6}, {1, 5}, {3}], [{8, 2}, {7}, {5, 6}, {4}, {1, 3}], [{8, 3}, {1, 7}, {2, 6}, {4, 5}], [{8, 3}, {1, 7}, {2, 6}, {5}, {4}], [{8, 3}, {1, 7}, {4, 6}, {2, 5}], [{8, 3}, {1, 7}, {5, 6}, {2, 4}], [{8, 3}, {1, 7}, {5, 6}, {4}, {2}], [{8, 3}, {1, 7}, {6}, {2, 5}, {4}], [{8, 3}, {2, 7}, {1, 6}, {4, 5}], [{8, 3}, {2, 7}, {4, 6}, {1, 5}], [{8, 3}, {2, 7}, {5, 6}, {1, 4}], [{8, 3}, {2, 7}, {6}, {5}, {1, 4}], [{8, 3}, {4, 7}, {1, 6}, {2, 5}], [{8, 3}, {4, 7}, {2, 6}, {1, 5}], [{8, 3}, {4, 7}, {5, 6}, {1, 2}], [{8, 3}, {5, 7}, {1, 6}, {2, 4}], [{8, 3}, {5, 7}, {2, 6}, {1, 4}], [{8, 3}, {5, 7}, {4, 6}, {1, 2}], [{8, 3}, {6, 7}, {1, 5}, {2, 4}], [{8, 3}, {6, 7}, {2, 5}, {1, 4}], [{8, 3}, {6, 7}, {4, 5}, {1, 2}], [{8, 3}, {7}, {4, 6}, {2, 5}, {1}], [{8, 3}, {7}, {6}, {4, 5}, {1, 2}], [{8, 4}, {1, 7}, {2, 6}, {3, 5}], [{8, 4}, {1, 7}, {3, 6}, {2, 5}], [{8, 4}, {1, 7}, {3, 6}, {5}, {2}], [{8, 4}, {1, 7}, {5, 6}, {2, 3}], [{8, 4}, {2, 7}, {1, 6}, {3, 5}], [{8, 4}, {2, 7}, {3, 6}, {1, 5}], [{8, 4}, {2, 7}, {5, 6}, {1, 3}], [{8, 4}, {2, 7}, {6}, {5}, {1, 3}], [{8, 4}, {3, 7}, {1, 6}, {2, 5}], [{8, 4}, {3, 7}, {2, 6}, {1, 5}], [{8, 4}, {3, 7}, {5, 6}, {1, 2}], [{8, 4}, {5, 7}, {1, 6}, {2, 3}], [{8, 4}, {5, 7}, {1, 6}, {3}, {2}], [{8, 4}, {5, 7}, {2, 6}, {1, 3}], [{8, 4}, {5, 7}, {3, 6}, {1, 2}], [{8, 4}, {6, 7}, {1, 5}, {2, 3}], [{8, 4}, {6, 7}, {2, 5}, {1, 3}], [{8, 4}, {6, 7}, {3, 5}, {1, 2}], [{8, 4}, {6, 7}, {3, 5}, {2}, {1}], [{8, 4}, {7}, {6}, {3, 5}, {1, 2}], [{8, 5}, {1, 7}, {2, 6}, {3, 4}], [{8, 5}, {1, 7}, {3, 6}, {2, 4}], [{8, 5}, {1, 7}, {4, 6}, {2, 3}], [{8, 5}, {1, 7}, {6}, {2, 4}, {3}], [{8, 5}, {2, 7}, {1, 6}, {3, 4}], [{8, 5}, {2, 7}, {3, 6}, {1, 4}], [{8, 5}, {2, 7}, {4, 6}, {1, 3}], [{8, 5}, {3, 7}, {1, 6}, {2, 4}], [{8, 5}, {3, 7}, {2, 6}, {1, 4}], [{8, 5}, {3, 7}, {2, 6}, {4}, {1}], [{8, 5}, {3, 7}, {4, 6}, {1, 2}], [{8, 5}, {4, 7}, {1, 6}, {2, 3}], [{8, 5}, {4, 7}, {2, 6}, {1, 3}], [{8, 5}, {4, 7}, {3, 6}, {1, 2}], [{8, 5}, {6, 7}, {1, 4}, {2, 3}], [{8, 5}, {6, 7}, {2, 4}, {1, 3}], [{8, 5}, {6, 7}, {3, 4}, {1, 2}], [{8, 5}, {7}, {3, 6}, {2, 4}, {1}], [{8, 5}, {7}, {6}, {1, 4}, {2, 3}], [{8, 5}, {7}, {6}, {3, 4}, {1, 2}], [{8, 6}, {1, 7}, {2, 5}, {3, 4}], [{8, 6}, {1, 7}, {3, 5}, {2, 4}], [{8, 6}, {1, 7}, {4, 5}, {2, 3}], [{8, 6}, {2, 7}, {1, 5}, {3, 4}], [{8, 6}, {2, 7}, {3, 5}, {1, 4}], [{8, 6}, {2, 7}, {4, 5}, {1, 3}], [{8, 6}, {3, 7}, {1, 5}, {2, 4}], [{8, 6}, {3, 7}, {2, 5}, {1, 4}], [{8, 6}, {3, 7}, {4, 5}, {1, 2}], [{8, 6}, {4, 7}, {1, 5}, {2, 3}], [{8, 6}, {4, 7}, {2, 5}, {1, 3}], [{8, 6}, {4, 7}, {3, 5}, {1, 2}], [{8, 6}, {5, 7}, {1, 4}, {2, 3}], [{8, 6}, {5, 7}, {2, 4}, {1, 3}], [{8, 6}, {5, 7}, {3, 4}, {1, 2}], [{8, 6}, {7}, {1, 5}, {2, 4}, {3}], [{8, 6}, {7}, {1, 5}, {3, 4}, {2}], [{8, 6}, {7}, {1, 5}, {4}, {2, 3}], [{8, 6}, {7}, {2, 5}, {1, 4}, {3}], [{8, 6}, {7}, {2, 5}, {3, 4}, {1}], [{8, 6}, {7}, {2, 5}, {4}, {1, 3}], [{8, 6}, {7}, {3, 5}, {1, 4}, {2}], [{8, 6}, {7}, {3, 5}, {2, 4}, {1}], [{8, 6}, {7}, {3, 5}, {4}, {1, 2}], [{8, 6}, {7}, {4, 5}, {1, 3}, {2}], [{8, 6}, {7}, {4, 5}, {2, 3}, {1}], [{8, 6}, {7}, {4, 5}, {3}, {1, 2}], [{8, 6}, {7}, {5}, {1, 4}, {2, 3}], [{8, 6}, {7}, {5}, {2, 4}, {1, 3}], [{8, 6}, {7}, {5}, {3, 4}, {1, 2}], [{8, 7}, {1, 6}, {2, 5}, {3, 4}], [{8, 7}, {1, 6}, {3, 5}, {2, 4}], [{8, 7}, {1, 6}, {4, 5}, {2, 3}], [{8, 7}, {1, 6}, {4, 5}, {3}, {2}], [{8, 7}, {2, 6}, {1, 5}, {3, 4}], [{8, 7}, {2, 6}, {3, 5}, {1, 4}], [{8, 7}, {2, 6}, {4, 5}, {1, 3}], [{8, 7}, {2, 6}, {4, 5}, {3}, {1}], [{8, 7}, {2, 6}, {5}, {4}, {1, 3}], [{8, 7}, {3, 6}, {1, 5}, {2, 4}], [{8, 7}, {3, 6}, {2, 5}, {1, 4}], [{8, 7}, {3, 6}, {4, 5}, {1, 2}], [{8, 7}, {4, 6}, {1, 5}, {2, 3}], [{8, 7}, {4, 6}, {2, 5}, {1, 3}], [{8, 7}, {4, 6}, {3, 5}, {1, 2}], [{8, 7}, {5, 6}, {1, 4}, {2, 3}], [{8, 7}, {5, 6}, {2, 4}, {1, 3}], [{8, 7}, {5, 6}, {3, 4}, {1, 2}], [{8, 7}, {5, 6}, {3, 4}, {2}, {1}], [{8, 7}, {6}, {3, 5}, {4}, {1, 2}], [{8, 7}, {6}, {4, 5}, {3}, {1, 2}], [{8, 7}, {6}, {5}, {1, 4}, {2, 3}], [{8, 7}, {6}, {5}, {3, 4}, {1, 2}], [{8}, {1, 7}, {3, 6}, {5}, {2, 4}], [{8}, {1, 7}, {4, 6}, {2, 5}, {3}], [{8}, {1, 7}, {5, 6}, {4}, {2, 3}], [{8}, {2, 7}, {3, 6}, {1, 5}, {4}], [{8}, {3, 7}, {1, 6}, {5}, {2, 4}], [{8}, {3, 7}, {2, 6}, {1, 5}, {4}], [{8}, {3, 7}, {4, 6}, {5}, {1, 2}], [{8}, {3, 7}, {5, 6}, {4}, {1, 2}], [{8}, {3, 7}, {6}, {4, 5}, {1, 2}], [{8}, {4, 7}, {1, 6}, {2, 5}, {3}], [{8}, {4, 7}, {3, 6}, {5}, {1, 2}], [{8}, {4, 7}, {5, 6}, {1, 3}, {2}], [{8}, {4, 7}, {5, 6}, {2, 3}, {1}], [{8}, {4, 7}, {5, 6}, {3}, {1, 2}], [{8}, {4, 7}, {6}, {3, 5}, {1, 2}], [{8}, {5, 7}, {1, 6}, {4}, {2, 3}], [{8}, {5, 7}, {3, 6}, {4}, {1, 2}], [{8}, {5, 7}, {4, 6}, {1, 3}, {2}], [{8}, {5, 7}, {4, 6}, {2, 3}, {1}], [{8}, {5, 7}, {4, 6}, {3}, {1, 2}], [{8}, {5, 7}, {6}, {1, 4}, {2, 3}], [{8}, {5, 7}, {6}, {3, 4}, {1, 2}], [{8}, {6, 7}, {3, 5}, {4}, {1, 2}], [{8}, {6, 7}, {4, 5}, {3}, {1, 2}], [{8}, {6, 7}, {5}, {1, 4}, {2, 3}], [{8}, {6, 7}, {5}, {3, 4}, {1, 2}], [{8}, {7}, {3, 6}, {4, 5}, {1, 2}], [{8}, {7}, {4, 6}, {3, 5}, {1, 2}], [{8}, {7}, {5, 6}, {1, 4}, {2, 3}], [{8}, {7}, {5, 6}, {3, 4}, {1, 2}], [{8}, {7}, {6}, {3, 5}, {4}, {1, 2}], [{8}, {7}, {6}, {4, 5}, {3}, {1, 2}], [{8}, {7}, {6}, {5}, {1, 4}, {2, 3}], [{8}, {7}, {6}, {5}, {3, 4}, {1, 2}]]",2,4 K_1^3 - 6 K_1^2 - 2 K_1 K_2 - 2 K_1 + 3 K_2 + 4,O1O2O3O4U5U6O7U1U2O6O8U4U8U7O5U3,O1O2O3U2U4O5O6U1O4O7U3U8U5U6O8U7,O1O2O3U4O5U6U7U5U1O4O8U3O6O7U8U2,c,"{'O1O2O3O4U2O5U6U7U1O7O8U3U4O6U8U5', 'O1O2O3O4U2O5U6U7U1O8O6U3U4U8O7U5'}",2,"<a href=""/flatknot/8.704195"">8.704195</a>",t^9-54t^7-182t^6-74t^5+224t^4+74t^3-98t^2+5t+2,-t^3+t^2+t,,
8.704196,O1O2O3O4U2O5U6U7U1O7O8U3U8O6U4U5,4,19z^2+104z+133,19w^3z^2+104w^2z+133w,False,False,"[[ 0 -1 -2  0  2  3 -2 -1  1],[ 1  0  0  1  1  1  1  1  1],[ 2  0  0  1  2  2  1  2  1],[ 0 -1 -1  0  1  2 -1  0  1],[-2 -1 -2 -1  0  1 -2 -2  0],[-3 -1 -2 -2 -1  0 -3 -3  0],[ 2 -1 -1  1  2  3  0  1  1],[ 1 -1 -2  0  2  3 -1  0  1],[-1 -1 -1 -1  0  0 -1 -1  0]]","[[ 0  3  2  1  0 -1 -1 -2 -2],[-3  0 -1  0 -2 -1 -3 -2 -3],[-2  1  0  0 -1 -1 -2 -2 -2],[-1  0  0  0 -1 -1 -1 -1 -1],[ 0  2  1  1  0 -1  0 -1 -1],[ 1  1  1  1  1  0  1  0  1],[ 1  3  2  1  0 -1  0 -2 -1],[ 2  2  2  1  1  0  2  0  1],[ 2  3  2  1  1 -1  1 -1  0]]",True,"[-3,-2,-1,0,1,1,2,2,1,0,2,1,3,2,3,0,1,1,2,2,2,1,1,1,1,1,1,0,1,1,-1,0,-1,2,1,-1]","[-3,-2,-1,0,1,1,2,2,0,2,1,1,3,2,3,1,1,1,2,2,2,0,1,1,2,2,1,0,1,1,-1,0,-1,2,1,-1]",t^8+58t^6+51t^4+11t^2,"[-2,-2,-1,-1,0,1,2,3,-1,-1,1,1,2,2,3,0,2,1,2,2,2,1,1,1,1,1,0,1,2,3,0,1,1,1,2,0]","[-3,-2,-1,0,1,1,2,2,0,2,1,1,3,2,3,1,1,1,2,2,2,0,1,1,2,2,1,0,1,1,-1,0,-1,2,1,-1]","[-2,-2,-1,-1,0,1,2,3,-1,-1,1,1,1,2,3,0,2,1,1,2,2,1,1,1,1,1,0,1,2,3,1,1,2,0,0,1]",c,"[[{8, 1}, {2, 7}, {3, 6}, {4, 5}], [{8, 1}, {2, 7}, {3, 6}, {5}, {4}], [{8, 1}, {2, 7}, {4, 6}, {3, 5}], [{8, 1}, {2, 7}, {5, 6}, {3, 4}], [{8, 1}, {2, 7}, {5, 6}, {4}, {3}], [{8, 1}, {2, 7}, {6}, {3, 5}, {4}], [{8, 1}, {3, 7}, {2, 6}, {4, 5}], [{8, 1}, {3, 7}, {2, 6}, {5}, {4}], [{8, 1}, {3, 7}, {4, 6}, {2, 5}], [{8, 1}, {3, 7}, {5, 6}, {2, 4}], [{8, 1}, {3, 7}, {5, 6}, {4}, {2}], [{8, 1}, {3, 7}, {6}, {2, 5}, {4}], [{8, 1}, {4, 7}, {2, 6}, {3, 5}], [{8, 1}, {4, 7}, {3, 6}, {2, 5}], [{8, 1}, {4, 7}, {5, 6}, {2, 3}], [{8, 1}, {4, 7}, {5, 6}, {3}, {2}], [{8, 1}, {4, 7}, {6}, {5}, {2, 3}], [{8, 1}, {5, 7}, {2, 6}, {3, 4}], [{8, 1}, {5, 7}, {3, 6}, {2, 4}], [{8, 1}, {5, 7}, {4, 6}, {2, 3}], [{8, 1}, {5, 7}, {6}, {2, 4}, {3}], [{8, 1}, {6, 7}, {2, 5}, {3, 4}], [{8, 1}, {6, 7}, {3, 5}, {2, 4}], [{8, 1}, {6, 7}, {4, 5}, {2, 3}], [{8, 1}, {6, 7}, {5}, {2, 4}, {3}], [{8, 1}, {7}, {5, 6}, {2, 4}, {3}], [{8, 1}, {7}, {5, 6}, {3, 4}, {2}], [{8, 1}, {7}, {5, 6}, {4}, {2, 3}], [{8, 1}, {7}, {5, 6}, {4}, {3}, {2}], [{8, 2}, {1, 7}, {3, 6}, {4, 5}], [{8, 2}, {1, 7}, {3, 6}, {5}, {4}], [{8, 2}, {1, 7}, {4, 6}, {3, 5}], [{8, 2}, {1, 7}, {4, 6}, {5}, {3}], [{8, 2}, {1, 7}, {5, 6}, {3, 4}], [{8, 2}, {1, 7}, {6}, {5}, {3, 4}], [{8, 2}, {3, 7}, {1, 6}, {4, 5}], [{8, 2}, {3, 7}, {4, 6}, {1, 5}], [{8, 2}, {3, 7}, {5, 6}, {1, 4}], [{8, 2}, {3, 7}, {6}, {1, 5}, {4}], [{8, 2}, {4, 7}, {1, 6}, {3, 5}], [{8, 2}, {4, 7}, {3, 6}, {1, 5}], [{8, 2}, {4, 7}, {5, 6}, {1, 3}], [{8, 2}, {4, 7}, {6}, {1, 5}, {3}], [{8, 2}, {5, 7}, {1, 6}, {3, 4}], [{8, 2}, {5, 7}, {3, 6}, {1, 4}], [{8, 2}, {5, 7}, {4, 6}, {1, 3}], [{8, 2}, {5, 7}, {6}, {3, 4}, {1}], [{8, 2}, {6, 7}, {1, 5}, {3, 4}], [{8, 2}, {6, 7}, {3, 5}, {1, 4}], [{8, 2}, {6, 7}, {4, 5}, {1, 3}], [{8, 2}, {7}, {6}, {1, 5}, {3, 4}], [{8, 3}, {1, 7}, {2, 6}, {4, 5}], [{8, 3}, {1, 7}, {4, 6}, {2, 5}], [{8, 3}, {1, 7}, {5, 6}, {2, 4}], [{8, 3}, {1, 7}, {6}, {2, 5}, {4}], [{8, 3}, {2, 7}, {1, 6}, {4, 5}], [{8, 3}, {2, 7}, {4, 6}, {1, 5}], [{8, 3}, {2, 7}, {5, 6}, {1, 4}], [{8, 3}, {4, 7}, {1, 6}, {2, 5}], [{8, 3}, {4, 7}, {2, 6}, {1, 5}], [{8, 3}, {4, 7}, {5, 6}, {1, 2}], [{8, 3}, {5, 7}, {1, 6}, {2, 4}], [{8, 3}, {5, 7}, {2, 6}, {1, 4}], [{8, 3}, {5, 7}, {4, 6}, {1, 2}], [{8, 3}, {5, 7}, {6}, {4}, {1, 2}], [{8, 3}, {6, 7}, {1, 5}, {2, 4}], [{8, 3}, {6, 7}, {2, 5}, {1, 4}], [{8, 3}, {6, 7}, {4, 5}, {1, 2}], [{8, 3}, {7}, {2, 6}, {5}, {1, 4}], [{8, 3}, {7}, {4, 6}, {1, 5}, {2}], [{8, 3}, {7}, {4, 6}, {2, 5}, {1}], [{8, 3}, {7}, {4, 6}, {5}, {1, 2}], [{8, 4}, {1, 7}, {2, 6}, {3, 5}], [{8, 4}, {1, 7}, {3, 6}, {2, 5}], [{8, 4}, {1, 7}, {5, 6}, {2, 3}], [{8, 4}, {1, 7}, {6}, {3, 5}, {2}], [{8, 4}, {2, 7}, {1, 6}, {3, 5}], [{8, 4}, {2, 7}, {1, 6}, {5}, {3}], [{8, 4}, {2, 7}, {3, 6}, {1, 5}], [{8, 4}, {2, 7}, {5, 6}, {1, 3}], [{8, 4}, {3, 7}, {1, 6}, {2, 5}], [{8, 4}, {3, 7}, {1, 6}, {5}, {2}], [{8, 4}, {3, 7}, {2, 6}, {1, 5}], [{8, 4}, {3, 7}, {2, 6}, {5}, {1}], [{8, 4}, {3, 7}, {5, 6}, {1, 2}], [{8, 4}, {3, 7}, {5, 6}, {2}, {1}], [{8, 4}, {3, 7}, {6}, {1, 5}, {2}], [{8, 4}, {3, 7}, {6}, {2, 5}, {1}], [{8, 4}, {3, 7}, {6}, {5}, {1, 2}], [{8, 4}, {3, 7}, {6}, {5}, {2}, {1}], [{8, 4}, {5, 7}, {1, 6}, {2, 3}], [{8, 4}, {5, 7}, {2, 6}, {1, 3}], [{8, 4}, {5, 7}, {3, 6}, {1, 2}], [{8, 4}, {5, 7}, {6}, {1, 3}, {2}], [{8, 4}, {6, 7}, {1, 5}, {2, 3}], [{8, 4}, {6, 7}, {2, 5}, {1, 3}], [{8, 4}, {6, 7}, {3, 5}, {1, 2}], [{8, 4}, {7}, {1, 6}, {5}, {2, 3}], [{8, 5}, {1, 7}, {2, 6}, {3, 4}], [{8, 5}, {1, 7}, {2, 6}, {4}, {3}], [{8, 5}, {1, 7}, {3, 6}, {2, 4}], [{8, 5}, {1, 7}, {4, 6}, {2, 3}], [{8, 5}, {1, 7}, {4, 6}, {3}, {2}], [{8, 5}, {1, 7}, {6}, {2, 4}, {3}], [{8, 5}, {2, 7}, {1, 6}, {3, 4}], [{8, 5}, {2, 7}, {3, 6}, {1, 4}], [{8, 5}, {2, 7}, {4, 6}, {1, 3}], [{8, 5}, {3, 7}, {1, 6}, {2, 4}], [{8, 5}, {3, 7}, {1, 6}, {4}, {2}], [{8, 5}, {3, 7}, {2, 6}, {1, 4}], [{8, 5}, {3, 7}, {4, 6}, {1, 2}], [{8, 5}, {4, 7}, {1, 6}, {2, 3}], [{8, 5}, {4, 7}, {2, 6}, {1, 3}], [{8, 5}, {4, 7}, {2, 6}, {3}, {1}], [{8, 5}, {4, 7}, {3, 6}, {1, 2}], [{8, 5}, {6, 7}, {1, 4}, {2, 3}], [{8, 5}, {6, 7}, {2, 4}, {1, 3}], [{8, 5}, {6, 7}, {3, 4}, {1, 2}], [{8, 5}, {7}, {2, 6}, {1, 4}, {3}], [{8, 6}, {1, 7}, {2, 5}, {3, 4}], [{8, 6}, {1, 7}, {3, 5}, {2, 4}], [{8, 6}, {1, 7}, {4, 5}, {2, 3}], [{8, 6}, {2, 7}, {1, 5}, {3, 4}], [{8, 6}, {2, 7}, {3, 5}, {1, 4}], [{8, 6}, {2, 7}, {4, 5}, {1, 3}], [{8, 6}, {2, 7}, {5}, {4}, {1, 3}], [{8, 6}, {3, 7}, {1, 5}, {2, 4}], [{8, 6}, {3, 7}, {2, 5}, {1, 4}], [{8, 6}, {3, 7}, {4, 5}, {1, 2}], [{8, 6}, {4, 7}, {1, 5}, {2, 3}], [{8, 6}, {4, 7}, {2, 5}, {1, 3}], [{8, 6}, {4, 7}, {3, 5}, {1, 2}], [{8, 6}, {4, 7}, {5}, {3}, {1, 2}], [{8, 6}, {5, 7}, {1, 4}, {2, 3}], [{8, 6}, {5, 7}, {2, 4}, {1, 3}], [{8, 6}, {5, 7}, {3, 4}, {1, 2}], [{8, 6}, {7}, {1, 5}, {2, 4}, {3}], [{8, 6}, {7}, {2, 5}, {3, 4}, {1}], [{8, 6}, {7}, {3, 5}, {4}, {1, 2}], [{8, 7}, {1, 6}, {2, 5}, {3, 4}], [{8, 7}, {1, 6}, {3, 5}, {2, 4}], [{8, 7}, {1, 6}, {4, 5}, {2, 3}], [{8, 7}, {1, 6}, {5}, {3, 4}, {2}], [{8, 7}, {2, 6}, {1, 5}, {3, 4}], [{8, 7}, {2, 6}, {1, 5}, {4}, {3}], [{8, 7}, {2, 6}, {3, 5}, {1, 4}], [{8, 7}, {2, 6}, {4, 5}, {1, 3}], [{8, 7}, {2, 6}, {4, 5}, {3}, {1}], [{8, 7}, {2, 6}, {5}, {1, 4}, {3}], [{8, 7}, {3, 6}, {1, 5}, {2, 4}], [{8, 7}, {3, 6}, {2, 5}, {1, 4}], [{8, 7}, {3, 6}, {4, 5}, {1, 2}], [{8, 7}, {3, 6}, {5}, {2, 4}, {1}], [{8, 7}, {4, 6}, {1, 5}, {2, 3}], [{8, 7}, {4, 6}, {2, 5}, {1, 3}], [{8, 7}, {4, 6}, {3, 5}, {1, 2}], [{8, 7}, {4, 6}, {5}, {1, 3}, {2}], [{8, 7}, {5, 6}, {1, 4}, {2, 3}], [{8, 7}, {5, 6}, {2, 4}, {1, 3}], [{8, 7}, {5, 6}, {3, 4}, {1, 2}], [{8, 7}, {5, 6}, {3, 4}, {2}, {1}], [{8, 7}, {6}, {1, 5}, {3, 4}, {2}], [{8}, {1, 7}, {4, 6}, {2, 5}, {3}], [{8}, {1, 7}, {5, 6}, {3, 4}, {2}], [{8}, {1, 7}, {6}, {4, 5}, {2, 3}], [{8}, {2, 7}, {6}, {1, 5}, {3, 4}], [{8}, {3, 7}, {1, 6}, {4, 5}, {2}], [{8}, {3, 7}, {2, 6}, {5}, {1, 4}], [{8}, {3, 7}, {5, 6}, {1, 4}, {2}], [{8}, {3, 7}, {6}, {1, 5}, {2, 4}], [{8}, {3, 7}, {6}, {2, 5}, {1, 4}], [{8}, {4, 7}, {1, 6}, {2, 5}, {3}], [{8}, {4, 7}, {3, 6}, {2, 5}, {1}], [{8}, {4, 7}, {6}, {2, 5}, {1, 3}], [{8}, {5, 7}, {1, 6}, {4}, {2, 3}], [{8}, {5, 7}, {2, 6}, {1, 4}, {3}], [{8}, {5, 7}, {3, 6}, {1, 4}, {2}], [{8}, {5, 7}, {4, 6}, {2, 3}, {1}], [{8}, {5, 7}, {6}, {1, 4}, {2, 3}], [{8}, {7}, {2, 6}, {3, 5}, {1, 4}], [{8}, {7}, {2, 6}, {5}, {1, 4}, {3}], [{8}, {7}, {3, 6}, {4, 5}, {1, 2}]]",2,4 K_1^3 - 22 K_1^2 - 10 K_1 K_2 + 2 K_1 + 11 K_2 + 4 K_3 + 12,O1O2O3O4U5U1O6U7U2O7O8U4U8U6O5U3,O1O2O3U2U4O5O4U1O6O7U3U8U5U6O8U7,O1O2O3U4O5U6U7U5U1O4O6U3O8O7U8U2,c,{'O1O2O3O4U2O5U6U7U1O7O8U3U8O6U4U5'},1,"<a href=""/flatknot/8.704196"">8.704196</a>",t^9-54t^7-220t^6-230t^5+68t^4+176t^3+48t^2-3t,-t^3+t^2+t,,
8.704197,O1O2O3O4U2O5U6U7U1O7O8U4U3O6U8U5,4,21z^2+74z+65,21w^3z^2+74w^2z+65w,False,False,"[[ 0 -1 -2  1  1  3 -2 -1  1],[ 1  0  0  2  1  1  0  1  1],[ 2  0  0  2  1  2  0  2  2],[-1 -2 -2  0  0  2 -2 -1  1],[-1 -1 -1  0  0  1 -1 -1  0],[-3 -1 -2 -2 -1  0 -2 -3 -1],[ 2  0  0  2  1  2  0  1  1],[ 1 -1 -2  1  1  3 -1  0  1],[-1 -1 -2 -1  0  1 -1 -1  0]]","[[ 0  3  1  1  1 -1 -1 -2 -2],[-3  0 -1 -1 -2 -1 -3 -2 -2],[-1  1  0  0  0 -1 -1 -1 -1],[-1  1  0  0 -1 -1 -1 -1 -2],[-1  2  0  1  0 -2 -1 -2 -2],[ 1  1  1  1  2  0  1  0  0],[ 1  3  1  1  1 -1  0 -1 -2],[ 2  2  1  1  2  0  1  0  0],[ 2  2  1  2  2  0  2  0  0]]",True,"[-3,-1,-1,-1,1,1,2,2,1,1,2,1,3,2,2,0,0,1,1,1,1,1,1,1,1,2,2,1,2,2,-1,0,0,1,2,0]","[-3,-1,-1,-1,1,1,2,2,0,1,1,1,3,3,3,0,1,1,0,1,1,0,1,1,2,2,1,1,1,2,-1,-1,0,1,1,0]",t^8+55t^6+84t^4+20t^2,"[-2,-2,-1,-1,1,1,1,3,0,-1,1,1,1,2,3,0,1,1,2,2,3,1,1,1,1,1,0,1,1,3,-1,0,0,0,1,1]","[-3,-1,-1,-1,1,1,2,2,0,1,1,1,3,3,3,0,1,1,0,1,1,0,1,1,2,2,1,1,1,2,-1,-1,0,1,1,0]","[-2,-2,-1,-1,1,1,1,3,0,0,1,1,1,2,2,0,2,1,2,2,2,1,1,1,2,1,1,1,1,3,0,0,1,-1,1,2]",c,"[[{8, 4}, {1, 7}, {2, 6}, {3, 5}]]",1,4 K_1^3 - 4 K_1^2 - 2 K_1 K_2 - 2 K_1 + 2 K_2 + 3,O1O2O3O4U5U6O7U2U1O6O8U4U8U7O5U3,O1O2O3U2U4O5O6U1O4O7U3U8U6U5O8U7,O1O2O3U4O5U6U7U5U1O4O8U3O7O6U8U2,c,"{'O1O2O3O4U2O5U6U7U1O7O8U4U3O6U8U5', 'O1O2O3O4U2O5U6U7U1O8O6U4U3U8O7U5'}",2,"<a href=""/flatknot/8.704197"">8.704197</a>",t^9-53t^7-176t^6-130t^5+78t^4+51t^3-32t^2+3t+2,-t^3+2t^2-t,,
8.704198,O1O2O3O4U2O5U6U7U1O7O8U5U3O6U4U8,4,z^3+24z^2+106z+125,w^4z^3+24w^3z^2+106w^2z+125w,False,False,"[[ 0 -1 -2  1  2  1 -2 -1  2],[ 1  0  0  2  2  0  0  1  2],[ 2  0  0  1  2  0  1  2  2],[-1 -2 -1  0  0  0 -2 -1  2],[-2 -2 -2  0  0  1 -3 -2  1],[-1  0  0  0 -1  0 -1 -1  0],[ 2  0 -1  2  3  1  0  1  2],[ 1 -1 -2  1  2  1 -1  0  2],[-2 -2 -2 -2 -1  0 -2 -2  0]]","[[ 0  2  2  1  1 -1 -1 -2 -2],[-2  0  1  1  0 -2 -2 -2 -3],[-2 -1  0  0 -2 -2 -2 -2 -2],[-1 -1  0  0  0  0 -1  0 -1],[-1  0  2  0  0 -2 -1 -1 -2],[ 1  2  2  0  2  0  1  0  0],[ 1  2  2  1  1 -1  0 -2 -1],[ 2  2  2  0  1  0  2  0  1],[ 2  3  2  1  2  0  1 -1  0]]",True,"[-2,-2,-1,-1,1,1,2,2,-1,-1,0,2,2,2,3,0,2,2,2,2,2,0,0,1,0,1,2,1,1,2,-1,0,0,2,1,-1]","[-2,-2,-1,-1,1,1,2,2,-1,-1,0,2,2,2,3,0,2,2,2,2,2,0,0,1,0,1,2,1,1,2,-1,0,0,2,1,-1]",t^8+62t^6+213t^4+44t^2+1,"[-2,-2,-1,-1,1,1,2,2,-1,-1,1,2,3,2,2,0,1,1,2,1,2,1,1,1,1,1,0,2,1,1,0,1,-1,2,1,-1]","[-2,-2,-1,-1,1,1,2,2,-1,-1,1,1,1,2,2,1,2,1,1,1,2,0,0,1,1,2,2,1,2,3,1,1,1,0,-1,-1]","[-2,-2,-1,-1,1,1,2,2,-1,0,1,1,2,2,3,0,2,0,1,2,2,1,0,2,2,2,1,1,2,2,0,0,-1,2,0,-1]",c,"[[{8, 6}, {3, 7}, {1, 5}, {2, 4}]]",1,8 K_1^3 - 32 K_1^2 - 12 K_1 K_2 + 16 K_2 + 4 K_3 + 17,O1O2O3O4U5U1O6U2U7O5O8U4U8U6O7U3,O1O2O3U2U4O5O6U1O7O4U3U8U6U7O8U5,O1O2O3U4O5U6U7U5U1O8O6U3O7O4U8U2,c,{'O1O2O3O4U2O5U6U7U1O7O8U5U3O6U4U8'},1,"<a href=""/flatknot/8.704198"">8.704198</a>",t^9-62t^7-206t^6-25t^5+550t^4+483t^3-22t^2-78t-4,0,,
8.704199,O1O2O3O4U2O5U6U7U1O7O8U5U4O6U3U8,4,z^3+19z^2+101z+135,w^4z^3+19w^3z^2+101w^2z+135w,False,False,"[[ 0 -1 -2  1  2  1 -2 -1  2],[ 1  0  0  2  2  0  0  1  2],[ 2  0  0  2  1  0  1  2  2],[-1 -2 -2  0  1  1 -3 -1  2],[-2 -2 -1 -1  0  0 -3 -2  1],[-1  0  0 -1  0  0 -1 -1  0],[ 2  0 -1  3  3  1  0  1  2],[ 1 -1 -2  1  2  1 -1  0  2],[-2 -2 -2 -2 -1  0 -2 -2  0]]","[[ 0  2  2  1  1 -1 -1 -2 -2],[-2  0  1  0 -1 -2 -2 -1 -3],[-2 -1  0  0 -2 -2 -2 -2 -2],[-1  0  0  0 -1  0 -1  0 -1],[-1  1  2  1  0 -2 -1 -2 -3],[ 1  2  2  0  2  0  1  0  0],[ 1  2  2  1  1 -1  0 -2 -1],[ 2  1  2  0  2  0  2  0  1],[ 2  3  2  1  3  0  1 -1  0]]",True,"[-2,-2,-1,-1,1,1,2,2,-1,0,1,2,2,1,3,0,2,2,2,2,2,1,0,1,0,1,2,1,2,3,-1,0,0,2,1,-1]","[-2,-2,-1,-1,1,1,2,2,-1,-1,1,1,1,2,2,0,1,1,1,1,3,1,0,1,0,1,2,1,2,3,1,1,1,0,-1,-1]",t^8+68t^6+206t^4+83t^2+1,"[-2,-2,-1,-1,1,1,2,2,-1,-1,1,1,3,2,3,0,1,0,2,2,1,1,1,1,1,1,0,2,1,1,-1,-1,0,1,1,1]","[-2,-2,-1,-1,1,1,2,2,-1,-1,1,1,1,2,2,0,1,1,1,1,3,1,0,1,0,1,2,1,2,3,1,1,1,0,-1,-1]","[-2,-2,-1,-1,1,1,2,2,-1,0,1,1,3,2,3,0,2,0,2,2,1,1,0,2,2,2,1,1,2,2,-1,0,0,2,1,-1]",c,"[[{8, 6}, {3, 7}, {1, 5}, {2, 4}]]",1,4 K_1^3 - 28 K_1^2 - 20 K_1 K_2 + 7 K_1 + 14 K_2 + 9 K_3 + 15,O1O2O3O4U5U2O6U1U7O5O8U4U8U6O7U3,O1O2O3U2U4O5O6U1O7O4U3U8U7U6O8U5,O1O2O3U4O5U6U7U5U1O8O7U3O6O4U8U2,c,{'O1O2O3O4U2O5U6U7U1O7O8U5U4O6U3U8'},1,"<a href=""/flatknot/8.704199"">8.704199</a>",t^9-68t^7-252t^6-140t^5+342t^4+205t^3-116t^2-41t+2,0,,
8.704200,O1O2O3O4U2O5U6U7U1O7O8U5U8O6U3U4,4,8z^3+55z^2+116z+77,8w^4z^3+55w^3z^2+116w^2z+77w,False,False,"[[ 0 -1 -2  1  3  1 -2 -1  1],[ 1  0  0  1  2  0  1  1  1],[ 2  0  0  1  2  0  2  2  0],[-1 -1 -1  0  1  0 -2 -1  1],[-3 -2 -2 -1  0  0 -4 -3  1],[-1  0  0  0  0  0 -2 -1  1],[ 2 -1 -2  2  4  2  0  1  1],[ 1 -1 -2  1  3  1 -1  0  1],[-1 -1  0 -1 -1 -1 -1 -1  0]]","[[ 0  3  1  1  1 -1 -1 -2 -2],[-3  0  1  0 -1 -2 -3 -2 -4],[-1 -1  0 -1 -1 -1 -1  0 -1],[-1  0  1  0  0  0 -1  0 -2],[-1  1  1  0  0 -1 -1 -1 -2],[ 1  2  1  0  1  0  1  0  1],[ 1  3  1  1  1 -1  0 -2 -1],[ 2  2  0  0  1  0  2  0  2],[ 2  4  1  2  2 -1  1 -2  0]]",True,"[-3,-1,-1,-1,1,1,2,2,-1,0,1,2,3,2,4,1,1,1,1,0,1,0,0,1,0,2,1,1,1,2,-1,0,-1,2,1,-2]","[-3,-1,-1,-1,1,1,2,2,-1,0,1,2,3,2,4,1,1,1,1,0,1,0,0,1,0,2,1,1,1,2,-1,0,-1,2,1,-2]",t^8+63t^6+160t^4+24t^2,"[-2,-2,-1,-1,1,1,1,3,-2,-1,1,2,3,3,3,0,2,1,1,2,1,1,1,1,1,1,1,2,1,2,0,-1,1,-1,2,3]","[-3,-1,-1,-1,1,1,2,2,1,2,3,1,2,1,3,0,1,1,1,1,2,1,1,2,1,3,1,1,2,3,-1,0,-1,2,1,-2]","[-2,-2,-1,-1,1,1,1,3,-2,-1,1,1,2,2,4,0,2,0,0,1,2,1,1,0,1,2,1,1,1,3,-1,-1,-1,0,0,1]",c,"[[{8, 1}, {2, 7}, {3, 6}, {4, 5}], [{8, 1}, {2, 7}, {4, 6}, {3, 5}], [{8, 1}, {2, 7}, {4, 6}, {5}, {3}], [{8, 1}, {2, 7}, {5, 6}, {3, 4}], [{8, 1}, {2, 7}, {5, 6}, {4}, {3}], [{8, 1}, {2, 7}, {6}, {4, 5}, {3}], [{8, 1}, {3, 7}, {2, 6}, {4, 5}], [{8, 1}, {3, 7}, {4, 6}, {2, 5}], [{8, 1}, {3, 7}, {5, 6}, {2, 4}], [{8, 1}, {3, 7}, {6}, {4, 5}, {2}], [{8, 1}, {4, 7}, {2, 6}, {3, 5}], [{8, 1}, {4, 7}, {3, 6}, {2, 5}], [{8, 1}, {4, 7}, {5, 6}, {2, 3}], [{8, 1}, {4, 7}, {6}, {3, 5}, {2}], [{8, 1}, {5, 7}, {2, 6}, {3, 4}], [{8, 1}, {5, 7}, {3, 6}, {2, 4}], [{8, 1}, {5, 7}, {4, 6}, {2, 3}], [{8, 1}, {5, 7}, {6}, {3, 4}, {2}], [{8, 1}, {6, 7}, {2, 5}, {3, 4}], [{8, 1}, {6, 7}, {2, 5}, {4}, {3}], [{8, 1}, {6, 7}, {3, 5}, {2, 4}], [{8, 1}, {6, 7}, {4, 5}, {2, 3}], [{8, 1}, {6, 7}, {4, 5}, {3}, {2}], [{8, 1}, {6, 7}, {5}, {2, 4}, {3}], [{8, 1}, {7}, {2, 6}, {4, 5}, {3}], [{8, 1}, {7}, {3, 6}, {4, 5}, {2}], [{8, 1}, {7}, {6}, {4, 5}, {2, 3}], [{8, 1}, {7}, {6}, {4, 5}, {3}, {2}], [{8, 2}, {1, 7}, {3, 6}, {4, 5}], [{8, 2}, {1, 7}, {4, 6}, {3, 5}], [{8, 2}, {1, 7}, {5, 6}, {3, 4}], [{8, 2}, {1, 7}, {6}, {4, 5}, {3}], [{8, 2}, {3, 7}, {1, 6}, {4, 5}], [{8, 2}, {3, 7}, {4, 6}, {1, 5}], [{8, 2}, {3, 7}, {5, 6}, {1, 4}], [{8, 2}, {4, 7}, {1, 6}, {3, 5}], [{8, 2}, {4, 7}, {3, 6}, {1, 5}], [{8, 2}, {4, 7}, {5, 6}, {1, 3}], [{8, 2}, {5, 7}, {1, 6}, {3, 4}], [{8, 2}, {5, 7}, {3, 6}, {1, 4}], [{8, 2}, {5, 7}, {4, 6}, {1, 3}], [{8, 2}, {6, 7}, {1, 5}, {3, 4}], [{8, 2}, {6, 7}, {1, 5}, {4}, {3}], [{8, 2}, {6, 7}, {3, 5}, {1, 4}], [{8, 2}, {6, 7}, {4, 5}, {1, 3}], [{8, 2}, {7}, {5, 6}, {1, 4}, {3}], [{8, 3}, {1, 7}, {2, 6}, {4, 5}], [{8, 3}, {1, 7}, {4, 6}, {2, 5}], [{8, 3}, {1, 7}, {4, 6}, {5}, {2}], [{8, 3}, {1, 7}, {5, 6}, {2, 4}], [{8, 3}, {1, 7}, {5, 6}, {4}, {2}], [{8, 3}, {1, 7}, {6}, {4, 5}, {2}], [{8, 3}, {2, 7}, {1, 6}, {4, 5}], [{8, 3}, {2, 7}, {4, 6}, {1, 5}], [{8, 3}, {2, 7}, {5, 6}, {1, 4}], [{8, 3}, {4, 7}, {1, 6}, {2, 5}], [{8, 3}, {4, 7}, {2, 6}, {1, 5}], [{8, 3}, {4, 7}, {5, 6}, {1, 2}], [{8, 3}, {4, 7}, {6}, {2, 5}, {1}], [{8, 3}, {5, 7}, {1, 6}, {2, 4}], [{8, 3}, {5, 7}, {2, 6}, {1, 4}], [{8, 3}, {5, 7}, {4, 6}, {1, 2}], [{8, 3}, {6, 7}, {1, 5}, {2, 4}], [{8, 3}, {6, 7}, {2, 5}, {1, 4}], [{8, 3}, {6, 7}, {4, 5}, {1, 2}], [{8, 3}, {7}, {1, 6}, {2, 5}, {4}], [{8, 3}, {7}, {6}, {1, 5}, {2, 4}], [{8, 4}, {1, 7}, {2, 6}, {3, 5}], [{8, 4}, {1, 7}, {2, 6}, {5}, {3}], [{8, 4}, {1, 7}, {3, 6}, {2, 5}], [{8, 4}, {1, 7}, {5, 6}, {2, 3}], [{8, 4}, {2, 7}, {1, 6}, {3, 5}], [{8, 4}, {2, 7}, {3, 6}, {1, 5}], [{8, 4}, {2, 7}, {5, 6}, {1, 3}], [{8, 4}, {3, 7}, {1, 6}, {2, 5}], [{8, 4}, {3, 7}, {2, 6}, {1, 5}], [{8, 4}, {3, 7}, {5, 6}, {1, 2}], [{8, 4}, {5, 7}, {1, 6}, {2, 3}], [{8, 4}, {5, 7}, {2, 6}, {1, 3}], [{8, 4}, {5, 7}, {3, 6}, {1, 2}], [{8, 4}, {6, 7}, {1, 5}, {2, 3}], [{8, 4}, {6, 7}, {2, 5}, {1, 3}], [{8, 4}, {6, 7}, {3, 5}, {1, 2}], [{8, 4}, {7}, {1, 6}, {2, 5}, {3}], [{8, 4}, {7}, {5, 6}, {1, 3}, {2}], [{8, 5}, {1, 7}, {2, 6}, {3, 4}], [{8, 5}, {1, 7}, {2, 6}, {4}, {3}], [{8, 5}, {1, 7}, {3, 6}, {2, 4}], [{8, 5}, {1, 7}, {4, 6}, {2, 3}], [{8, 5}, {2, 7}, {1, 6}, {3, 4}], [{8, 5}, {2, 7}, {3, 6}, {1, 4}], [{8, 5}, {2, 7}, {4, 6}, {1, 3}], [{8, 5}, {3, 7}, {1, 6}, {2, 4}], [{8, 5}, {3, 7}, {2, 6}, {1, 4}], [{8, 5}, {3, 7}, {4, 6}, {1, 2}], [{8, 5}, {3, 7}, {6}, {2, 4}, {1}], [{8, 5}, {4, 7}, {1, 6}, {2, 3}], [{8, 5}, {4, 7}, {2, 6}, {1, 3}], [{8, 5}, {4, 7}, {3, 6}, {1, 2}], [{8, 5}, {6, 7}, {1, 4}, {2, 3}], [{8, 5}, {6, 7}, {1, 4}, {3}, {2}], [{8, 5}, {6, 7}, {2, 4}, {1, 3}], [{8, 5}, {6, 7}, {3, 4}, {1, 2}], [{8, 5}, {7}, {4, 6}, {3}, {1, 2}], [{8, 6}, {1, 7}, {2, 5}, {3, 4}], [{8, 6}, {1, 7}, {2, 5}, {4}, {3}], [{8, 6}, {1, 7}, {3, 5}, {2, 4}], [{8, 6}, {1, 7}, {4, 5}, {2, 3}], [{8, 6}, {1, 7}, {4, 5}, {3}, {2}], [{8, 6}, {1, 7}, {5}, {2, 4}, {3}], [{8, 6}, {2, 7}, {1, 5}, {3, 4}], [{8, 6}, {2, 7}, {3, 5}, {1, 4}], [{8, 6}, {2, 7}, {4, 5}, {1, 3}], [{8, 6}, {3, 7}, {1, 5}, {2, 4}], [{8, 6}, {3, 7}, {2, 5}, {1, 4}], [{8, 6}, {3, 7}, {4, 5}, {1, 2}], [{8, 6}, {3, 7}, {5}, {2, 4}, {1}], [{8, 6}, {4, 7}, {1, 5}, {2, 3}], [{8, 6}, {4, 7}, {2, 5}, {1, 3}], [{8, 6}, {4, 7}, {3, 5}, {1, 2}], [{8, 6}, {5, 7}, {1, 4}, {2, 3}], [{8, 6}, {5, 7}, {1, 4}, {3}, {2}], [{8, 6}, {5, 7}, {2, 4}, {1, 3}], [{8, 6}, {5, 7}, {2, 4}, {3}, {1}], [{8, 6}, {5, 7}, {3, 4}, {1, 2}], [{8, 6}, {5, 7}, {3, 4}, {2}, {1}], [{8, 6}, {5, 7}, {4}, {1, 3}, {2}], [{8, 6}, {5, 7}, {4}, {2, 3}, {1}], [{8, 6}, {5, 7}, {4}, {3}, {1, 2}], [{8, 6}, {7}, {1, 5}, {2, 4}, {3}], [{8, 6}, {7}, {3, 5}, {2, 4}, {1}], [{8, 6}, {7}, {5}, {1, 4}, {2, 3}], [{8, 6}, {7}, {5}, {2, 4}, {1, 3}], [{8, 6}, {7}, {5}, {2, 4}, {3}, {1}], [{8, 6}, {7}, {5}, {3, 4}, {1, 2}], [{8, 7}, {1, 6}, {2, 5}, {3, 4}], [{8, 7}, {1, 6}, {2, 5}, {4}, {3}], [{8, 7}, {1, 6}, {3, 5}, {2, 4}], [{8, 7}, {1, 6}, {4, 5}, {2, 3}], [{8, 7}, {1, 6}, {4, 5}, {3}, {2}], [{8, 7}, {1, 6}, {5}, {2, 4}, {3}], [{8, 7}, {2, 6}, {1, 5}, {3, 4}], [{8, 7}, {2, 6}, {1, 5}, {4}, {3}], [{8, 7}, {2, 6}, {3, 5}, {1, 4}], [{8, 7}, {2, 6}, {4, 5}, {1, 3}], [{8, 7}, {2, 6}, {4, 5}, {3}, {1}], [{8, 7}, {2, 6}, {5}, {1, 4}, {3}], [{8, 7}, {3, 6}, {1, 5}, {2, 4}], [{8, 7}, {3, 6}, {2, 5}, {1, 4}], [{8, 7}, {3, 6}, {4, 5}, {1, 2}], [{8, 7}, {3, 6}, {4, 5}, {2}, {1}], [{8, 7}, {4, 6}, {1, 5}, {2, 3}], [{8, 7}, {4, 6}, {2, 5}, {1, 3}], [{8, 7}, {4, 6}, {3, 5}, {1, 2}], [{8, 7}, {4, 6}, {5}, {2, 3}, {1}], [{8, 7}, {5, 6}, {1, 4}, {2, 3}], [{8, 7}, {5, 6}, {2, 4}, {1, 3}], [{8, 7}, {5, 6}, {3, 4}, {1, 2}], [{8, 7}, {5, 6}, {4}, {2, 3}, {1}], [{8, 7}, {6}, {4, 5}, {1, 3}, {2}], [{8, 7}, {6}, {4, 5}, {2, 3}, {1}], [{8, 7}, {6}, {4, 5}, {3}, {1, 2}], [{8, 7}, {6}, {4, 5}, {3}, {2}, {1}], [{8}, {1, 7}, {2, 6}, {4, 5}, {3}], [{8}, {1, 7}, {3, 6}, {4, 5}, {2}], [{8}, {1, 7}, {6}, {4, 5}, {2, 3}], [{8}, {1, 7}, {6}, {4, 5}, {3}, {2}], [{8}, {2, 7}, {1, 6}, {5}, {3, 4}], [{8}, {3, 7}, {1, 6}, {2, 5}, {4}], [{8}, {3, 7}, {4, 6}, {2, 5}, {1}], [{8}, {3, 7}, {5, 6}, {2, 4}, {1}], [{8}, {3, 7}, {6}, {2, 5}, {1, 4}], [{8}, {4, 7}, {1, 6}, {2, 5}, {3}], [{8}, {5, 7}, {1, 6}, {3, 4}, {2}], [{8}, {7}, {1, 6}, {2, 5}, {3, 4}], [{8}, {7}, {1, 6}, {2, 5}, {4}, {3}], [{8}, {7}, {2, 6}, {3, 5}, {1, 4}], [{8}, {7}, {3, 6}, {1, 5}, {2, 4}]]",2,- 4 K_1^2 - 2 K_1 K_2 + K_1 + 2 K_2 + K_3 + 3,O1O2O3O4U1U2O5U6U7O6O8U4U8U5O7U3,O1O2O3U2U4O5O4U1O6O7U3U8U6U7O8U5,O1O2O3U4O5U6U7U5U1O6O7U3O8O4U8U2,c,{'O1O2O3O4U2O5U6U7U1O7O8U5U8O6U3U4'},1,"<a href=""/flatknot/8.704200"">8.704200</a>",t^9-61t^7-232t^6-162t^5+342t^4+455t^3+10t^2-153t-44,-t^3+2t^2-t,,
8.704201,O1O2O3O4U2O5U6U7U1O7O8U5U8O6U4U3,4,3z^3+41z^2+117z+95,3w^4z^3+41w^3z^2+117w^2z+95w,False,False,"[[ 0 -1 -2  2  2  1 -2 -1  1],[ 1  0  0  2  1  0  1  1  1],[ 2  0  0  2  1  0  2  2  0],[-2 -2 -2  0  0  0 -3 -2  1],[-2 -1 -1  0  0  0 -3 -2  1],[-1  0  0  0  0  0 -2 -1  1],[ 2 -1 -2  3  3  2  0  1  1],[ 1 -1 -2  2  2  1 -1  0  1],[-1 -1  0 -1 -1 -1 -1 -1  0]]","[[ 0  2  2  1  1 -1 -1 -2 -2],[-2  0  0  1  0 -1 -2 -1 -3],[-2  0  0  1  0 -2 -2 -2 -3],[-1 -1 -1  0 -1 -1 -1  0 -1],[-1  0  0  1  0  0 -1  0 -2],[ 1  1  2  1  0  0  1  0  1],[ 1  2  2  1  1 -1  0 -2 -1],[ 2  1  2  0  0  0  2  0  2],[ 2  3  3  1  2 -1  1 -2  0]]",True,"[-2,-2,-1,-1,1,1,2,2,0,-1,0,1,2,1,3,-1,0,2,2,2,3,1,1,1,0,1,0,1,0,2,-1,0,-1,2,1,-2]","[-2,-2,-1,-1,1,1,2,2,-2,-1,1,1,2,3,3,0,2,0,0,1,2,1,1,0,1,2,1,1,2,2,-1,-1,-1,0,0,0]",t^8+58t^6+166t^4+29t^2+1,"[-2,-2,-1,-1,1,1,2,2,-2,-1,1,3,3,2,3,0,2,1,2,1,1,1,1,1,1,1,2,1,1,2,-1,1,1,2,2,0]","[-2,-2,-1,-1,1,1,2,2,0,1,2,1,1,1,2,1,2,1,2,1,3,1,1,2,1,3,1,1,2,3,-1,0,-1,2,1,-2]","[-2,-2,-1,-1,1,1,2,2,-2,-1,1,1,2,3,3,0,2,0,0,1,2,1,1,0,1,2,1,1,2,2,-1,-1,-1,0,0,0]",c,"[[{8, 1}, {2, 7}, {3, 6}, {4, 5}], [{8, 1}, {2, 7}, {3, 6}, {5}, {4}], [{8, 1}, {2, 7}, {4, 6}, {3, 5}], [{8, 1}, {2, 7}, {5, 6}, {3, 4}], [{8, 1}, {2, 7}, {5, 6}, {4}, {3}], [{8, 1}, {2, 7}, {6}, {3, 5}, {4}], [{8, 1}, {3, 7}, {2, 6}, {4, 5}], [{8, 1}, {3, 7}, {4, 6}, {2, 5}], [{8, 1}, {3, 7}, {5, 6}, {2, 4}], [{8, 1}, {3, 7}, {6}, {4, 5}, {2}], [{8, 1}, {4, 7}, {2, 6}, {3, 5}], [{8, 1}, {4, 7}, {3, 6}, {2, 5}], [{8, 1}, {4, 7}, {5, 6}, {2, 3}], [{8, 1}, {4, 7}, {6}, {3, 5}, {2}], [{8, 1}, {5, 7}, {2, 6}, {3, 4}], [{8, 1}, {5, 7}, {3, 6}, {2, 4}], [{8, 1}, {5, 7}, {4, 6}, {2, 3}], [{8, 1}, {5, 7}, {6}, {3, 4}, {2}], [{8, 1}, {6, 7}, {2, 5}, {3, 4}], [{8, 1}, {6, 7}, {2, 5}, {4}, {3}], [{8, 1}, {6, 7}, {3, 5}, {2, 4}], [{8, 1}, {6, 7}, {3, 5}, {4}, {2}], [{8, 1}, {6, 7}, {4, 5}, {2, 3}], [{8, 1}, {6, 7}, {5}, {4}, {2, 3}], [{8, 1}, {7}, {2, 6}, {3, 5}, {4}], [{8, 1}, {7}, {4, 6}, {3, 5}, {2}], [{8, 1}, {7}, {6}, {3, 5}, {2, 4}], [{8, 1}, {7}, {6}, {3, 5}, {4}, {2}], [{8, 2}, {1, 7}, {3, 6}, {4, 5}], [{8, 2}, {1, 7}, {4, 6}, {3, 5}], [{8, 2}, {1, 7}, {5, 6}, {3, 4}], [{8, 2}, {3, 7}, {1, 6}, {4, 5}], [{8, 2}, {3, 7}, {4, 6}, {1, 5}], [{8, 2}, {3, 7}, {5, 6}, {1, 4}], [{8, 2}, {4, 7}, {1, 6}, {3, 5}], [{8, 2}, {4, 7}, {3, 6}, {1, 5}], [{8, 2}, {4, 7}, {5, 6}, {1, 3}], [{8, 2}, {5, 7}, {1, 6}, {3, 4}], [{8, 2}, {5, 7}, {3, 6}, {1, 4}], [{8, 2}, {5, 7}, {4, 6}, {1, 3}], [{8, 2}, {6, 7}, {1, 5}, {3, 4}], [{8, 2}, {6, 7}, {3, 5}, {1, 4}], [{8, 2}, {6, 7}, {4, 5}, {1, 3}], [{8, 2}, {7}, {1, 6}, {3, 5}, {4}], [{8, 2}, {7}, {4, 6}, {5}, {1, 3}], [{8, 2}, {7}, {5, 6}, {1, 4}, {3}], [{8, 3}, {1, 7}, {2, 6}, {4, 5}], [{8, 3}, {1, 7}, {4, 6}, {2, 5}], [{8, 3}, {1, 7}, {5, 6}, {2, 4}], [{8, 3}, {2, 7}, {1, 6}, {4, 5}], [{8, 3}, {2, 7}, {4, 6}, {1, 5}], [{8, 3}, {2, 7}, {5, 6}, {1, 4}], [{8, 3}, {4, 7}, {1, 6}, {2, 5}], [{8, 3}, {4, 7}, {1, 6}, {5}, {2}], [{8, 3}, {4, 7}, {2, 6}, {1, 5}], [{8, 3}, {4, 7}, {2, 6}, {5}, {1}], [{8, 3}, {4, 7}, {5, 6}, {1, 2}], [{8, 3}, {4, 7}, {6}, {5}, {1, 2}], [{8, 3}, {5, 7}, {1, 6}, {2, 4}], [{8, 3}, {5, 7}, {2, 6}, {1, 4}], [{8, 3}, {5, 7}, {4, 6}, {1, 2}], [{8, 3}, {6, 7}, {1, 5}, {2, 4}], [{8, 3}, {6, 7}, {2, 5}, {1, 4}], [{8, 3}, {6, 7}, {4, 5}, {1, 2}], [{8, 3}, {6, 7}, {5}, {2, 4}, {1}], [{8, 3}, {7}, {5, 6}, {1, 4}, {2}], [{8, 3}, {7}, {6}, {1, 5}, {2, 4}], [{8, 4}, {1, 7}, {2, 6}, {3, 5}], [{8, 4}, {1, 7}, {2, 6}, {5}, {3}], [{8, 4}, {1, 7}, {3, 6}, {2, 5}], [{8, 4}, {1, 7}, {3, 6}, {5}, {2}], [{8, 4}, {1, 7}, {5, 6}, {2, 3}], [{8, 4}, {1, 7}, {5, 6}, {3}, {2}], [{8, 4}, {1, 7}, {6}, {2, 5}, {3}], [{8, 4}, {1, 7}, {6}, {3, 5}, {2}], [{8, 4}, {1, 7}, {6}, {5}, {2, 3}], [{8, 4}, {2, 7}, {1, 6}, {3, 5}], [{8, 4}, {2, 7}, {3, 6}, {1, 5}], [{8, 4}, {2, 7}, {5, 6}, {1, 3}], [{8, 4}, {3, 7}, {1, 6}, {2, 5}], [{8, 4}, {3, 7}, {1, 6}, {5}, {2}], [{8, 4}, {3, 7}, {2, 6}, {1, 5}], [{8, 4}, {3, 7}, {2, 6}, {5}, {1}], [{8, 4}, {3, 7}, {5, 6}, {1, 2}], [{8, 4}, {3, 7}, {6}, {5}, {1, 2}], [{8, 4}, {5, 7}, {1, 6}, {2, 3}], [{8, 4}, {5, 7}, {2, 6}, {1, 3}], [{8, 4}, {5, 7}, {3, 6}, {1, 2}], [{8, 4}, {6, 7}, {1, 5}, {2, 3}], [{8, 4}, {6, 7}, {2, 5}, {1, 3}], [{8, 4}, {6, 7}, {3, 5}, {1, 2}], [{8, 4}, {7}, {2, 6}, {5}, {1, 3}], [{8, 5}, {1, 7}, {2, 6}, {3, 4}], [{8, 5}, {1, 7}, {2, 6}, {4}, {3}], [{8, 5}, {1, 7}, {3, 6}, {2, 4}], [{8, 5}, {1, 7}, {4, 6}, {2, 3}], [{8, 5}, {1, 7}, {4, 6}, {3}, {2}], [{8, 5}, {1, 7}, {6}, {2, 4}, {3}], [{8, 5}, {2, 7}, {1, 6}, {3, 4}], [{8, 5}, {2, 7}, {3, 6}, {1, 4}], [{8, 5}, {2, 7}, {4, 6}, {1, 3}], [{8, 5}, {3, 7}, {1, 6}, {2, 4}], [{8, 5}, {3, 7}, {2, 6}, {1, 4}], [{8, 5}, {3, 7}, {2, 6}, {4}, {1}], [{8, 5}, {3, 7}, {4, 6}, {1, 2}], [{8, 5}, {4, 7}, {1, 6}, {2, 3}], [{8, 5}, {4, 7}, {2, 6}, {1, 3}], [{8, 5}, {4, 7}, {3, 6}, {1, 2}], [{8, 5}, {4, 7}, {3, 6}, {2}, {1}], [{8, 5}, {6, 7}, {1, 4}, {2, 3}], [{8, 5}, {6, 7}, {2, 4}, {1, 3}], [{8, 5}, {6, 7}, {3, 4}, {1, 2}], [{8, 5}, {7}, {2, 6}, {4}, {1, 3}], [{8, 5}, {7}, {6}, {1, 4}, {2, 3}], [{8, 6}, {1, 7}, {2, 5}, {3, 4}], [{8, 6}, {1, 7}, {3, 5}, {2, 4}], [{8, 6}, {1, 7}, {4, 5}, {2, 3}], [{8, 6}, {2, 7}, {1, 5}, {3, 4}], [{8, 6}, {2, 7}, {3, 5}, {1, 4}], [{8, 6}, {2, 7}, {4, 5}, {1, 3}], [{8, 6}, {3, 7}, {1, 5}, {2, 4}], [{8, 6}, {3, 7}, {2, 5}, {1, 4}], [{8, 6}, {3, 7}, {4, 5}, {1, 2}], [{8, 6}, {3, 7}, {5}, {4}, {1, 2}], [{8, 6}, {4, 7}, {1, 5}, {2, 3}], [{8, 6}, {4, 7}, {1, 5}, {3}, {2}], [{8, 6}, {4, 7}, {2, 5}, {1, 3}], [{8, 6}, {4, 7}, {2, 5}, {3}, {1}], [{8, 6}, {4, 7}, {3, 5}, {1, 2}], [{8, 6}, {4, 7}, {5}, {3}, {1, 2}], [{8, 6}, {5, 7}, {1, 4}, {2, 3}], [{8, 6}, {5, 7}, {1, 4}, {3}, {2}], [{8, 6}, {5, 7}, {2, 4}, {1, 3}], [{8, 6}, {5, 7}, {2, 4}, {3}, {1}], [{8, 6}, {5, 7}, {3, 4}, {1, 2}], [{8, 6}, {5, 7}, {3, 4}, {2}, {1}], [{8, 6}, {5, 7}, {4}, {1, 3}, {2}], [{8, 6}, {5, 7}, {4}, {2, 3}, {1}], [{8, 6}, {5, 7}, {4}, {3}, {1, 2}], [{8, 6}, {7}, {3, 5}, {4}, {1, 2}], [{8, 6}, {7}, {4, 5}, {3}, {1, 2}], [{8, 6}, {7}, {5}, {1, 4}, {2, 3}], [{8, 6}, {7}, {5}, {2, 4}, {1, 3}], [{8, 6}, {7}, {5}, {3, 4}, {1, 2}], [{8, 6}, {7}, {5}, {4}, {3}, {1, 2}], [{8, 7}, {1, 6}, {2, 5}, {3, 4}], [{8, 7}, {1, 6}, {3, 5}, {2, 4}], [{8, 7}, {1, 6}, {4, 5}, {2, 3}], [{8, 7}, {2, 6}, {1, 5}, {3, 4}], [{8, 7}, {2, 6}, {1, 5}, {4}, {3}], [{8, 7}, {2, 6}, {3, 5}, {1, 4}], [{8, 7}, {2, 6}, {4, 5}, {1, 3}], [{8, 7}, {3, 6}, {1, 5}, {2, 4}], [{8, 7}, {3, 6}, {2, 5}, {1, 4}], [{8, 7}, {3, 6}, {4, 5}, {1, 2}], [{8, 7}, {4, 6}, {1, 5}, {2, 3}], [{8, 7}, {4, 6}, {2, 5}, {1, 3}], [{8, 7}, {4, 6}, {3, 5}, {1, 2}], [{8, 7}, {5, 6}, {1, 4}, {2, 3}], [{8, 7}, {5, 6}, {2, 4}, {1, 3}], [{8, 7}, {5, 6}, {3, 4}, {1, 2}], [{8, 7}, {6}, {3, 5}, {1, 4}, {2}], [{8}, {1, 7}, {2, 6}, {4, 5}, {3}], [{8}, {2, 7}, {1, 6}, {5}, {3, 4}], [{8}, {3, 7}, {2, 6}, {4, 5}, {1}], [{8}, {3, 7}, {4, 6}, {1, 5}, {2}], [{8}, {3, 7}, {4, 6}, {2, 5}, {1}], [{8}, {3, 7}, {4, 6}, {5}, {1, 2}], [{8}, {3, 7}, {5, 6}, {2, 4}, {1}], [{8}, {4, 7}, {3, 6}, {5}, {1, 2}], [{8}, {4, 7}, {5, 6}, {1, 3}, {2}], [{8}, {5, 7}, {1, 6}, {3, 4}, {2}], [{8}, {7}, {1, 6}, {2, 5}, {3, 4}], [{8}, {7}, {2, 6}, {4, 5}, {1, 3}], [{8}, {7}, {3, 6}, {2, 5}, {1, 4}], [{8}, {7}, {5, 6}, {1, 4}, {2, 3}]]",2,1,O1O2O3O4U2U1O5U6U7O6O8U4U8U5O7U3,O1O2O3U2U4O5O4U1O6O7U3U8U7U6O8U5,O1O2O3U4O5U6U7U5U1O7O6U3O8O4U8U2,c,{'O1O2O3O4U2O5U6U7U1O7O8U5U8O6U4U3'},1,"<a href=""/flatknot/8.704201"">8.704201</a>",t^9-58t^7-190t^6-32t^5+340t^4+192t^3-138t^2-86t,0,,
8.704202,O1O2O3O4U2O5U6U7U3O7O8U1U8O6U4U5,4,17z^2+86z+105,17w^3z^2+86w^2z+105w,False,False,"[[ 0 -2 -2  1  2  3 -2 -1  1],[ 2  0 -1  2  3  3  0  1  1],[ 2  1  0  1  2  2  1  1  0],[-1 -2 -1  0 -1  0  0 -1  0],[-2 -3 -2  1  0  1 -2 -2  0],[-3 -3 -2  0 -1  0 -3 -3  0],[ 2  0 -1  0  2  3  0  1  1],[ 1 -1 -1  1  2  3 -1  0  1],[-1 -1  0  0  0  0 -1 -1  0]]","[[ 0  3  2  1  1 -1 -2 -2 -2],[-3  0 -1  0  0 -3 -2 -3 -3],[-2  1  0  1  0 -2 -2 -2 -3],[-1  0 -1  0  0 -1 -1  0 -2],[-1  0  0  0  0 -1  0 -1 -1],[ 1  3  2  1  1  0 -1 -1 -1],[ 2  2  2  1  0  1  0  1  1],[ 2  3  2  0  1  1 -1  0  0],[ 2  3  3  2  1  1 -1  0  0]]",True,"[-3,-2,-1,-1,1,2,2,2,1,0,0,3,2,3,3,-1,0,2,2,2,3,0,1,1,0,2,1,0,1,1,1,1,1,-1,-1,0]","[-3,-2,-1,-1,1,2,2,2,0,2,2,1,2,2,3,1,2,1,1,2,2,0,1,2,2,3,1,1,3,2,0,0,0,0,-1,-1]",t^8+68t^6+196t^4+87t^2+4,"[-2,-2,-2,-1,1,1,2,3,-1,-1,0,2,3,2,3,0,0,1,2,1,2,0,3,2,2,2,1,1,1,1,0,2,2,1,2,0]","[-3,-2,-1,-1,1,2,2,2,0,2,2,1,2,2,3,1,2,1,1,2,2,0,1,2,2,3,1,1,3,2,0,0,0,0,-1,-1]","[-2,-2,-2,-1,1,1,2,3,-1,0,1,0,1,2,3,1,1,1,0,2,2,1,2,1,3,3,1,1,2,3,0,-1,0,0,0,1]",c,"[[{8, 6}, {4, 7}, {1, 5}, {2, 3}], [{8}, {4, 7}, {6}, {1, 5}, {2, 3}]]",1,4 K_1^3 - 12 K_1^2 - 14 K_1 K_2 + 4 K_1 + 6 K_2 + 6 K_3 + 7,O1O2O3O4U5U1O6U7U4O7O8U2U8U6O5U3,O1O2O3U2U4O5O4U1O6O7U5U8U3U6O8U7,O1O2O3U4O5U6U1U5U7O4O6U3O8O7U8U2,c,{'O1O2O3O4U2O5U6U7U3O7O8U1U8O6U4U5'},1,"<a href=""/flatknot/8.704202"">8.704202</a>",t^9-66t^7-220t^6-56t^5+548t^4+568t^3-52t^2-160t+16,-t^3+2t^2-t,,
8.704203,O1O2O3O4U2O5U6U7U3O7O8U4U1O6U8U5,3,2z^2+35z+63,2w^3z^2+35w^2z+63w,False,False,"[[ 0 -1 -2  1  1  3 -2 -1  1],[ 1  0 -2  1  2  3 -1  0  1],[ 2  2  0  1  2  2  0  1  1],[-1 -1 -1  0  0  0 -1 -1  0],[-1 -2 -2  0  0  1 -1 -1  0],[-3 -3 -2  0 -1  0 -2 -3 -1],[ 2  1  0  1  1  2  0  1  1],[ 1  0 -1  1  1  3 -1  0  1],[-1 -1 -1  0  0  1 -1 -1  0]]","[[ 0  3  1  1 -1 -2 -2],[-3  0 -1 -1 -3 -2 -2],[-1  1  0  0 -1 -1 -1],[-1  1  0  0 -2 -1 -2],[ 1  3  1  2  0 -1 -2],[ 2  2  1  1  1  0  0],[ 2  2  1  2  2  0  0]]",False,"[-3,-1,-1,1,2,2,1,1,3,2,2,0,1,1,1,2,1,2,1,2,0]","[-3,-1,-1,1,2,2,1,1,1,3,3,0,0,1,2,1,2,2,-1,0,0]",t^6+36t^4+18t^2,"[-2,-2,-1,1,1,3,0,-1,1,2,3,0,2,2,3,0,1,1,0,1,1]","[-3,-1,-1,1,2,2,1,1,1,3,3,0,0,1,2,1,2,2,-1,0,0]","[-2,-2,-1,1,1,3,0,1,1,1,2,2,1,2,2,1,2,3,0,1,1]",c,"[[{8, 4}, {1, 7}, {2, 6}, {3, 5}], [{8, 4}, {3, 7}, {2, 6}, {1, 5}], [{8, 6}, {1, 7}, {3, 5}, {2, 4}], [{8, 6}, {1, 7}, {5}, {2, 4}, {3}], [{8, 6}, {3, 7}, {1, 5}, {2, 4}], [{8, 6}, {3, 7}, {5}, {2, 4}, {1}], [{8, 6}, {5, 7}, {2, 4}, {1, 3}], [{8, 6}, {5, 7}, {2, 4}, {3}, {1}], [{8, 6}, {7}, {1, 5}, {2, 4}, {3}], [{8, 6}, {7}, {3, 5}, {2, 4}, {1}], [{8, 6}, {7}, {5}, {2, 4}, {1, 3}], [{8, 6}, {7}, {5}, {2, 4}, {3}, {1}]]",1,- 16 K_1^2 - 10 K_1 K_2 + 5 K_1 + 8 K_2 + 5 K_3 + 9,O1O2O3O4U5U6O7U4U1O6O8U2U8U7O5U3,O1O2O3U2U4O5O6U1O4O7U6U8U3U5O8U7,O1O2O3U4O5U6U1U5U7O4O8U3O7O6U8U2,c,"{'O1O2O3U1O4O5U6U7U3O8O6U2U4U8O7U5', 'O1O2O3O4U2O5U6U7U3O8O6U4U1U8O7U5', 'O1O2O3U1O4O5U6U7U3O7O8U2U4O6U8U5', 'O1O2O3O4U2O5U6U7U3O7O8U4U1O6U8U5'}",4,"<a href=""/flatknot/8.704203"">8.704203</a>",t^7-34t^5-100t^4-66t^3+2t^2-17t-12,-t^3+2t^2-t,,
8.704204,O1O2O3O4U2O5U6U7U3O7O8U4U8O6U1U5,4,6z^3+41z^2+108z+101,6w^4z^3+41w^3z^2+108w^2z+101w,False,False,"[[ 0 -1 -2  1  1  3 -2 -1  1],[ 1  0 -2  2  2  3 -1  0  1],[ 2  2  0  1  2  2  0  1  1],[-1 -2 -1  0  0  0 -1 -1  1],[-1 -2 -2  0  0  1 -2 -1  1],[-3 -3 -2  0 -1  0 -3 -3  0],[ 2  1  0  1  2  3  0  1  1],[ 1  0 -1  1  1  3 -1  0  1],[-1 -1 -1 -1 -1  0 -1 -1  0]]","[[ 0  3  1  1  1 -1 -1 -2 -2],[-3  0  0  0 -1 -3 -3 -2 -3],[-1  0  0  1  0 -1 -2 -1 -1],[-1  0 -1  0 -1 -1 -1 -1 -1],[-1  1  0  1  0 -1 -2 -2 -2],[ 1  3  1  1  1  0  0 -1 -1],[ 1  3  2  1  2  0  0 -2 -1],[ 2  2  1  1  2  1  2  0  0],[ 2  3  1  1  2  1  1  0  0]]",True,"[-3,-1,-1,-1,1,1,2,2,0,0,1,3,3,2,3,-1,0,1,2,1,1,1,1,1,1,1,1,2,2,2,0,1,1,2,1,0]","[-3,-1,-1,-1,1,1,2,2,0,0,1,3,3,2,3,-1,0,1,2,1,1,1,1,1,1,1,1,2,2,2,0,1,1,2,1,0]",t^8+65t^6+173t^4+109t^2+9,"[-2,-2,-1,-1,1,1,1,3,0,-1,0,1,2,2,3,0,0,1,2,2,2,0,0,0,1,1,1,1,1,1,0,-1,1,-1,2,2]","[-3,-1,-1,-1,1,1,2,2,1,2,2,1,1,2,3,0,1,0,1,1,1,1,0,1,2,2,1,1,2,2,0,0,-1,0,0,0]","[-2,-2,-1,-1,1,1,1,3,0,1,1,1,1,2,3,1,2,1,1,2,2,0,1,1,1,3,1,2,2,3,-1,-1,0,0,0,1]",c,"[[{8, 1}, {2, 7}, {3, 6}, {4, 5}], [{8, 1}, {2, 7}, {4, 6}, {3, 5}], [{8, 1}, {2, 7}, {5, 6}, {3, 4}], [{8, 1}, {2, 7}, {5, 6}, {4}, {3}], [{8, 1}, {3, 7}, {2, 6}, {4, 5}], [{8, 1}, {3, 7}, {2, 6}, {5}, {4}], [{8, 1}, {3, 7}, {4, 6}, {2, 5}], [{8, 1}, {3, 7}, {4, 6}, {5}, {2}], [{8, 1}, {3, 7}, {5, 6}, {2, 4}], [{8, 1}, {3, 7}, {5, 6}, {4}, {2}], [{8, 1}, {3, 7}, {6}, {2, 5}, {4}], [{8, 1}, {3, 7}, {6}, {4, 5}, {2}], [{8, 1}, {3, 7}, {6}, {5}, {2, 4}], [{8, 1}, {4, 7}, {2, 6}, {3, 5}], [{8, 1}, {4, 7}, {3, 6}, {2, 5}], [{8, 1}, {4, 7}, {5, 6}, {2, 3}], [{8, 1}, {4, 7}, {5, 6}, {3}, {2}], [{8, 1}, {5, 7}, {2, 6}, {3, 4}], [{8, 1}, {5, 7}, {3, 6}, {2, 4}], [{8, 1}, {5, 7}, {4, 6}, {2, 3}], [{8, 1}, {5, 7}, {6}, {2, 4}, {3}], [{8, 1}, {5, 7}, {6}, {3, 4}, {2}], [{8, 1}, {5, 7}, {6}, {4}, {2, 3}], [{8, 1}, {6, 7}, {2, 5}, {3, 4}], [{8, 1}, {6, 7}, {3, 5}, {2, 4}], [{8, 1}, {6, 7}, {4, 5}, {2, 3}], [{8, 1}, {6, 7}, {5}, {2, 4}, {3}], [{8, 1}, {6, 7}, {5}, {3, 4}, {2}], [{8, 1}, {6, 7}, {5}, {4}, {2, 3}], [{8, 1}, {7}, {2, 6}, {4, 5}, {3}], [{8, 1}, {7}, {3, 6}, {5}, {2, 4}], [{8, 1}, {7}, {4, 6}, {2, 5}, {3}], [{8, 1}, {7}, {5, 6}, {2, 4}, {3}], [{8, 1}, {7}, {5, 6}, {3, 4}, {2}], [{8, 1}, {7}, {5, 6}, {4}, {2, 3}], [{8, 1}, {7}, {5, 6}, {4}, {3}, {2}], [{8, 1}, {7}, {6}, {3, 5}, {2, 4}], [{8, 1}, {7}, {6}, {5}, {2, 4}, {3}], [{8, 2}, {1, 7}, {3, 6}, {4, 5}], [{8, 2}, {1, 7}, {4, 6}, {3, 5}], [{8, 2}, {1, 7}, {5, 6}, {3, 4}], [{8, 2}, {3, 7}, {1, 6}, {4, 5}], [{8, 2}, {3, 7}, {4, 6}, {1, 5}], [{8, 2}, {3, 7}, {4, 6}, {5}, {1}], [{8, 2}, {3, 7}, {5, 6}, {1, 4}], [{8, 2}, {4, 7}, {1, 6}, {3, 5}], [{8, 2}, {4, 7}, {3, 6}, {1, 5}], [{8, 2}, {4, 7}, {5, 6}, {1, 3}], [{8, 2}, {4, 7}, {5, 6}, {3}, {1}], [{8, 2}, {5, 7}, {1, 6}, {3, 4}], [{8, 2}, {5, 7}, {1, 6}, {4}, {3}], [{8, 2}, {5, 7}, {3, 6}, {1, 4}], [{8, 2}, {5, 7}, {4, 6}, {1, 3}], [{8, 2}, {6, 7}, {1, 5}, {3, 4}], [{8, 2}, {6, 7}, {3, 5}, {1, 4}], [{8, 2}, {6, 7}, {4, 5}, {1, 3}], [{8, 2}, {7}, {3, 6}, {1, 5}, {4}], [{8, 2}, {7}, {4, 6}, {1, 5}, {3}], [{8, 2}, {7}, {6}, {1, 5}, {3, 4}], [{8, 2}, {7}, {6}, {4, 5}, {1, 3}], [{8, 3}, {1, 7}, {2, 6}, {4, 5}], [{8, 3}, {1, 7}, {4, 6}, {2, 5}], [{8, 3}, {1, 7}, {5, 6}, {2, 4}], [{8, 3}, {2, 7}, {1, 6}, {4, 5}], [{8, 3}, {2, 7}, {4, 6}, {1, 5}], [{8, 3}, {2, 7}, {5, 6}, {1, 4}], [{8, 3}, {2, 7}, {5, 6}, {4}, {1}], [{8, 3}, {4, 7}, {1, 6}, {2, 5}], [{8, 3}, {4, 7}, {2, 6}, {1, 5}], [{8, 3}, {4, 7}, {2, 6}, {5}, {1}], [{8, 3}, {4, 7}, {5, 6}, {1, 2}], [{8, 3}, {4, 7}, {6}, {1, 5}, {2}], [{8, 3}, {5, 7}, {1, 6}, {2, 4}], [{8, 3}, {5, 7}, {1, 6}, {4}, {2}], [{8, 3}, {5, 7}, {2, 6}, {1, 4}], [{8, 3}, {5, 7}, {2, 6}, {4}, {1}], [{8, 3}, {5, 7}, {4, 6}, {1, 2}], [{8, 3}, {5, 7}, {6}, {4}, {1, 2}], [{8, 3}, {6, 7}, {1, 5}, {2, 4}], [{8, 3}, {6, 7}, {2, 5}, {1, 4}], [{8, 3}, {6, 7}, {2, 5}, {4}, {1}], [{8, 3}, {6, 7}, {4, 5}, {1, 2}], [{8, 3}, {7}, {1, 6}, {5}, {2, 4}], [{8, 3}, {7}, {2, 6}, {4, 5}, {1}], [{8, 3}, {7}, {6}, {2, 5}, {1, 4}], [{8, 4}, {1, 7}, {2, 6}, {3, 5}], [{8, 4}, {1, 7}, {3, 6}, {2, 5}], [{8, 4}, {1, 7}, {5, 6}, {2, 3}], [{8, 4}, {1, 7}, {6}, {5}, {2, 3}], [{8, 4}, {2, 7}, {1, 6}, {3, 5}], [{8, 4}, {2, 7}, {3, 6}, {1, 5}], [{8, 4}, {2, 7}, {5, 6}, {1, 3}], [{8, 4}, {3, 7}, {1, 6}, {2, 5}], [{8, 4}, {3, 7}, {2, 6}, {1, 5}], [{8, 4}, {3, 7}, {5, 6}, {1, 2}], [{8, 4}, {3, 7}, {6}, {1, 5}, {2}], [{8, 4}, {5, 7}, {1, 6}, {2, 3}], [{8, 4}, {5, 7}, {1, 6}, {3}, {2}], [{8, 4}, {5, 7}, {2, 6}, {1, 3}], [{8, 4}, {5, 7}, {3, 6}, {1, 2}], [{8, 4}, {6, 7}, {1, 5}, {2, 3}], [{8, 4}, {6, 7}, {2, 5}, {1, 3}], [{8, 4}, {6, 7}, {3, 5}, {1, 2}], [{8, 4}, {7}, {6}, {3, 5}, {1, 2}], [{8, 5}, {1, 7}, {2, 6}, {3, 4}], [{8, 5}, {1, 7}, {3, 6}, {2, 4}], [{8, 5}, {1, 7}, {4, 6}, {2, 3}], [{8, 5}, {1, 7}, {6}, {2, 4}, {3}], [{8, 5}, {1, 7}, {6}, {3, 4}, {2}], [{8, 5}, {1, 7}, {6}, {4}, {2, 3}], [{8, 5}, {2, 7}, {1, 6}, {3, 4}], [{8, 5}, {2, 7}, {3, 6}, {1, 4}], [{8, 5}, {2, 7}, {4, 6}, {1, 3}], [{8, 5}, {2, 7}, {6}, {1, 4}, {3}], [{8, 5}, {3, 7}, {1, 6}, {2, 4}], [{8, 5}, {3, 7}, {2, 6}, {1, 4}], [{8, 5}, {3, 7}, {4, 6}, {1, 2}], [{8, 5}, {3, 7}, {6}, {1, 4}, {2}], [{8, 5}, {4, 7}, {1, 6}, {2, 3}], [{8, 5}, {4, 7}, {2, 6}, {1, 3}], [{8, 5}, {4, 7}, {3, 6}, {1, 2}], [{8, 5}, {4, 7}, {6}, {2, 3}, {1}], [{8, 5}, {6, 7}, {1, 4}, {2, 3}], [{8, 5}, {6, 7}, {2, 4}, {1, 3}], [{8, 5}, {6, 7}, {2, 4}, {3}, {1}], [{8, 5}, {6, 7}, {3, 4}, {1, 2}], [{8, 5}, {6, 7}, {3, 4}, {2}, {1}], [{8, 5}, {6, 7}, {4}, {2, 3}, {1}], [{8, 5}, {7}, {1, 6}, {2, 4}, {3}], [{8, 5}, {7}, {1, 6}, {3, 4}, {2}], [{8, 5}, {7}, {1, 6}, {4}, {2, 3}], [{8, 5}, {7}, {4, 6}, {1, 3}, {2}], [{8, 5}, {7}, {4, 6}, {2, 3}, {1}], [{8, 5}, {7}, {4, 6}, {3}, {1, 2}], [{8, 5}, {7}, {6}, {1, 4}, {2, 3}], [{8, 5}, {7}, {6}, {4}, {2, 3}, {1}], [{8, 6}, {1, 7}, {2, 5}, {3, 4}], [{8, 6}, {1, 7}, {3, 5}, {2, 4}], [{8, 6}, {1, 7}, {4, 5}, {2, 3}], [{8, 6}, {1, 7}, {5}, {2, 4}, {3}], [{8, 6}, {1, 7}, {5}, {3, 4}, {2}], [{8, 6}, {1, 7}, {5}, {4}, {2, 3}], [{8, 6}, {2, 7}, {1, 5}, {3, 4}], [{8, 6}, {2, 7}, {3, 5}, {1, 4}], [{8, 6}, {2, 7}, {3, 5}, {4}, {1}], [{8, 6}, {2, 7}, {4, 5}, {1, 3}], [{8, 6}, {3, 7}, {1, 5}, {2, 4}], [{8, 6}, {3, 7}, {2, 5}, {1, 4}], [{8, 6}, {3, 7}, {4, 5}, {1, 2}], [{8, 6}, {3, 7}, {5}, {2, 4}, {1}], [{8, 6}, {4, 7}, {1, 5}, {2, 3}], [{8, 6}, {4, 7}, {2, 5}, {1, 3}], [{8, 6}, {4, 7}, {3, 5}, {1, 2}], [{8, 6}, {4, 7}, {3, 5}, {2}, {1}], [{8, 6}, {5, 7}, {1, 4}, {2, 3}], [{8, 6}, {5, 7}, {2, 4}, {1, 3}], [{8, 6}, {5, 7}, {2, 4}, {3}, {1}], [{8, 6}, {5, 7}, {3, 4}, {1, 2}], [{8, 6}, {5, 7}, {3, 4}, {2}, {1}], [{8, 6}, {5, 7}, {4}, {2, 3}, {1}], [{8, 6}, {7}, {1, 5}, {2, 4}, {3}], [{8, 6}, {7}, {1, 5}, {3, 4}, {2}], [{8, 6}, {7}, {1, 5}, {4}, {2, 3}], [{8, 6}, {7}, {2, 5}, {4}, {1, 3}], [{8, 6}, {7}, {3, 5}, {2, 4}, {1}], [{8, 6}, {7}, {4, 5}, {1, 3}, {2}], [{8, 6}, {7}, {5}, {2, 4}, {1, 3}], [{8, 6}, {7}, {5}, {2, 4}, {3}, {1}], [{8, 7}, {1, 6}, {2, 5}, {3, 4}], [{8, 7}, {1, 6}, {3, 5}, {2, 4}], [{8, 7}, {1, 6}, {4, 5}, {2, 3}], [{8, 7}, {1, 6}, {5}, {2, 4}, {3}], [{8, 7}, {1, 6}, {5}, {3, 4}, {2}], [{8, 7}, {1, 6}, {5}, {4}, {2, 3}], [{8, 7}, {2, 6}, {1, 5}, {3, 4}], [{8, 7}, {2, 6}, {1, 5}, {4}, {3}], [{8, 7}, {2, 6}, {3, 5}, {1, 4}], [{8, 7}, {2, 6}, {3, 5}, {4}, {1}], [{8, 7}, {2, 6}, {4, 5}, {1, 3}], [{8, 7}, {2, 6}, {5}, {4}, {1, 3}], [{8, 7}, {3, 6}, {1, 5}, {2, 4}], [{8, 7}, {3, 6}, {1, 5}, {4}, {2}], [{8, 7}, {3, 6}, {2, 5}, {1, 4}], [{8, 7}, {3, 6}, {4, 5}, {1, 2}], [{8, 7}, {4, 6}, {1, 5}, {2, 3}], [{8, 7}, {4, 6}, {1, 5}, {3}, {2}], [{8, 7}, {4, 6}, {2, 5}, {1, 3}], [{8, 7}, {4, 6}, {3, 5}, {1, 2}], [{8, 7}, {5, 6}, {1, 4}, {2, 3}], [{8, 7}, {5, 6}, {2, 4}, {1, 3}], [{8, 7}, {5, 6}, {2, 4}, {3}, {1}], [{8, 7}, {5, 6}, {3, 4}, {1, 2}], [{8, 7}, {5, 6}, {3, 4}, {2}, {1}], [{8, 7}, {5, 6}, {4}, {2, 3}, {1}], [{8, 7}, {6}, {1, 5}, {2, 4}, {3}], [{8, 7}, {6}, {1, 5}, {3, 4}, {2}], [{8, 7}, {6}, {1, 5}, {4}, {2, 3}], [{8, 7}, {6}, {1, 5}, {4}, {3}, {2}], [{8}, {1, 7}, {4, 6}, {5}, {2, 3}], [{8}, {1, 7}, {5, 6}, {2, 4}, {3}], [{8}, {1, 7}, {5, 6}, {3, 4}, {2}], [{8}, {1, 7}, {5, 6}, {4}, {2, 3}], [{8}, {1, 7}, {6}, {4, 5}, {2, 3}], [{8}, {1, 7}, {6}, {5}, {4}, {2, 3}], [{8}, {2, 7}, {1, 6}, {4, 5}, {3}], [{8}, {2, 7}, {3, 6}, {1, 5}, {4}], [{8}, {2, 7}, {4, 6}, {1, 5}, {3}], [{8}, {2, 7}, {5, 6}, {4}, {1, 3}], [{8}, {2, 7}, {6}, {1, 5}, {3, 4}], [{8}, {3, 7}, {1, 6}, {5}, {2, 4}], [{8}, {3, 7}, {4, 6}, {5}, {1, 2}], [{8}, {4, 7}, {1, 6}, {2, 5}, {3}], [{8}, {4, 7}, {3, 6}, {2, 5}, {1}], [{8}, {4, 7}, {5, 6}, {3}, {1, 2}], [{8}, {4, 7}, {6}, {2, 5}, {1, 3}], [{8}, {5, 7}, {1, 6}, {2, 4}, {3}], [{8}, {5, 7}, {1, 6}, {3, 4}, {2}], [{8}, {5, 7}, {1, 6}, {4}, {2, 3}], [{8}, {5, 7}, {1, 6}, {4}, {3}, {2}], [{8}, {6, 7}, {1, 5}, {2, 4}, {3}], [{8}, {6, 7}, {1, 5}, {3, 4}, {2}], [{8}, {6, 7}, {1, 5}, {4}, {2, 3}], [{8}, {7}, {1, 6}, {3, 5}, {2, 4}], [{8}, {7}, {1, 6}, {5}, {2, 4}, {3}], [{8}, {7}, {2, 6}, {1, 5}, {3, 4}], [{8}, {7}, {2, 6}, {4, 5}, {1, 3}], [{8}, {7}, {3, 6}, {4, 5}, {1, 2}], [{8}, {7}, {6}, {1, 5}, {3, 4}, {2}]]",2,8 K_1^3 - 16 K_1^2 - 18 K_1 K_2 + 3 K_1 + 8 K_2 + 7 K_3 + 9,O1O2O3O4U5U4O6U7U1O7O8U2U8U6O5U3,O1O2O3U2U4O5O4U1O6O7U6U8U3U5O8U7,O1O2O3U4O5U6U1U5U7O4O7U3O8O6U8U2,c,{'O1O2O3O4U2O5U6U7U3O7O8U4U8O6U1U5'},1,"<a href=""/flatknot/8.704204"">8.704204</a>",t^9-63t^7-202t^6+7t^5+314t^4-4t^3-4t^2+6t,-t^3+2t^2-t,,
8.704205,O1O2O3O4U2O5U6U7U3O7O8U5U1O6U4U8,4,2z^3+26z^2+105z+123,2w^4z^3+26w^3z^2+105w^2z+123w,False,False,"[[ 0 -1 -2  1  2  1 -2 -1  2],[ 1  0 -1  1  2  1 -1  0  2],[ 2  1  0  1  2  1  1  1  1],[-1 -1 -1  0  0  0 -1 -1  1],[-2 -2 -2  0  0  1 -3 -2  1],[-1 -1 -1  0 -1  0 -1 -1  0],[ 2  1 -1  1  3  1  0  1  2],[ 1  0 -1  1  2  1 -1  0  2],[-2 -2 -1 -1 -1  0 -2 -2  0]]","[[ 0  2  2  1  1 -1 -1 -2 -2],[-2  0  1  1  0 -2 -2 -2 -3],[-2 -1  0  0 -1 -2 -2 -1 -2],[-1 -1  0  0  0 -1 -1 -1 -1],[-1  0  1  0  0 -1 -1 -1 -1],[ 1  2  2  1  1  0  0 -1 -1],[ 1  2  2  1  1  0  0 -1 -1],[ 2  2  1  1  1  1  1  0  1],[ 2  3  2  1  1  1  1 -1  0]]",True,"[-2,-2,-1,-1,1,1,2,2,-1,-1,0,2,2,2,3,0,1,2,2,1,2,0,1,1,1,1,1,1,1,1,0,1,1,1,1,-1]","[-2,-2,-1,-1,1,1,2,2,-1,-1,0,2,2,2,3,0,1,2,2,1,2,0,1,1,1,1,1,1,1,1,0,1,1,1,1,-1]",t^8+50t^6+45t^4+9t^2,"[-2,-2,-1,-1,1,1,2,2,-1,0,0,2,2,2,3,0,0,2,2,1,2,0,1,1,1,1,1,1,1,1,0,1,0,2,1,-1]","[-2,-2,-1,-1,1,1,2,2,-1,0,1,1,1,2,3,1,2,1,1,1,2,0,1,1,2,2,1,1,2,2,0,0,0,0,0,-1]","[-2,-2,-1,-1,1,1,2,2,-1,1,1,1,1,2,3,1,1,1,1,1,2,0,1,1,2,2,1,1,2,2,0,0,-1,1,0,-1]",c,"[[{8, 3}, {2, 7}, {1, 6}, {4, 5}], [{8, 3}, {6, 7}, {4, 5}, {1, 2}], [{8, 4}, {1, 7}, {2, 6}, {3, 5}], [{8, 4}, {7}, {2, 6}, {3, 5}, {1}]]",1,4 K_1^3 - 12 K_1^2 - 16 K_1 K_2 + 5 K_1 + 6 K_2 + 7 K_3 + 7,O1O2O3O4U5U1O6U4U7O5O8U2U8U6O7U3,O1O2O3U2U4O5O6U1O7O4U6U8U3U7O8U5,O1O2O3U4O5U6U1U5U7O8O6U3O7O4U8U2,c,{'O1O2O3O4U2O5U6U7U3O7O8U5U1O6U4U8'},1,"<a href=""/flatknot/8.704205"">8.704205</a>",t^9-50t^7-176t^6-149t^5+94t^4+121t^3-16t^2-14t,0,,
8.704206,O1O2O3O4U2O5U6U7U3O7O8U5U4O6U1U8,4,10z^2+79z+119,10w^3z^2+79w^2z+119w,False,False,"[[ 0 -1 -2  1  2  1 -2 -1  2],[ 1  0 -2  1  3  2 -2  0  2],[ 2  2  0  1  2  1  0  1  1],[-1 -1 -1  0  1  0 -2 -1  1],[-2 -3 -2 -1  0  0 -3 -2  1],[-1 -2 -1  0  0  0 -1 -1  0],[ 2  2  0  2  3  1  0  1  2],[ 1  0 -1  1  2  1 -1  0  2],[-2 -2 -1 -1 -1  0 -2 -2  0]]","[[ 0  2  2  1  1 -1 -1 -2 -2],[-2  0  1  0 -1 -2 -3 -2 -3],[-2 -1  0  0 -1 -2 -2 -1 -2],[-1  0  0  0  0 -1 -2 -1 -1],[-1  1  1  0  0 -1 -1 -1 -2],[ 1  2  2  1  1  0  0 -1 -1],[ 1  3  2  2  1  0  0 -2 -2],[ 2  2  1  1  1  1  2  0  0],[ 2  3  2  1  2  1  2  0  0]]",True,"[-2,-2,-1,-1,1,1,2,2,-1,0,1,2,3,2,3,0,1,2,2,1,2,0,1,2,1,1,1,1,1,2,0,1,1,2,2,0]","[-2,-2,-1,-1,1,1,2,2,-1,0,1,1,1,2,3,0,1,0,1,1,2,0,1,1,1,2,0,1,2,2,0,-1,-1,0,0,0]",t^8+66t^6+105t^4+28t^2,"[-2,-2,-1,-1,1,1,2,2,0,-1,0,1,2,1,2,-1,0,2,2,2,3,0,1,0,0,1,1,1,1,1,0,0,0,1,1,-1]","[-2,-2,-1,-1,1,1,2,2,-1,0,1,1,1,2,3,0,1,0,1,1,2,0,1,1,1,2,0,1,2,2,0,-1,-1,0,0,0]","[-2,-2,-1,-1,1,1,2,2,0,1,2,1,1,1,2,1,2,1,2,2,3,0,1,1,2,2,2,1,2,3,0,0,0,1,1,-1]",c,"[[{8, 2}, {3, 7}, {4, 6}, {1, 5}], [{8, 7}, {1, 6}, {4, 5}, {2, 3}]]",1,- 24 K_1^2 - 16 K_1 K_2 + 8 K_1 + 12 K_2 + 8 K_3 + 13,O1O2O3O4U5U4O6U1U7O5O8U2U8U6O7U3,O1O2O3U2U4O5O6U1O7O4U7U8U3U6O8U5,O1O2O3U4O5U6U1U5U7O8O7U3O6O4U8U2,c,{'O1O2O3O4U2O5U6U7U3O7O8U5U4O6U1U8'},1,"<a href=""/flatknot/8.704206"">8.704206</a>",t^9-66t^7-244t^6-123t^5+248t^4+212t^3-4t^2-24t,0,,
8.704207,O1O2O3O4U2O5U6U7U3O7O8U5U8O6U1U4,4,z^3+29z^2+111z+115,w^4z^3+29w^3z^2+111w^2z+115w,False,False,"[[ 0 -1 -2  1  3  1 -2 -1  1],[ 1  0 -1  2  3  1 -1  0  1],[ 2  1  0  1  2  1  1  1  0],[-1 -2 -1  0  0  0 -1 -1  1],[-3 -3 -2  0  0  0 -4 -3  1],[-1 -1 -1  0  0  0 -2 -1  1],[ 2  1 -1  1  4  2  0  1  1],[ 1  0 -1  1  3  1 -1  0  1],[-1 -1  0 -1 -1 -1 -1 -1  0]]","[[ 0  3  1  1  1 -1 -1 -2 -2],[-3  0  1  0  0 -3 -3 -2 -4],[-1 -1  0 -1 -1 -1 -1  0 -1],[-1  0  1  0  0 -1 -1 -1 -2],[-1  0  1  0  0 -1 -2 -1 -1],[ 1  3  1  1  1  0  0 -1 -1],[ 1  3  1  1  2  0  0 -1 -1],[ 2  2  0  1  1  1  1  0  1],[ 2  4  1  2  1  1  1 -1  0]]",True,"[-3,-1,-1,-1,1,1,2,2,-1,0,0,3,3,2,4,1,1,1,1,0,1,0,1,1,1,2,1,2,1,1,0,1,1,1,1,-1]","[-3,-1,-1,-1,1,1,2,2,-1,0,0,3,3,2,4,1,1,1,1,0,1,0,1,1,1,2,1,2,1,1,0,1,1,1,1,-1]",t^8+63t^6+112t^4+40t^2,"[-2,-2,-1,-1,1,1,1,3,-1,0,0,2,2,3,3,0,0,1,2,2,1,0,1,0,1,1,1,1,1,1,0,-1,2,-1,2,3]","[-3,-1,-1,-1,1,1,2,2,2,2,3,1,1,1,3,0,1,0,1,2,2,1,1,1,1,2,1,1,2,3,0,0,0,0,0,-1]","[-2,-2,-1,-1,1,1,1,3,-1,1,1,1,1,2,4,1,1,0,1,1,2,0,1,1,1,3,1,2,1,3,-1,-1,-1,0,0,0]",c,"[[{8, 6}, {5, 7}, {1, 4}, {2, 3}]]",1,4 K_1^3 - 12 K_1^2 - 10 K_1 K_2 + 2 K_1 + 6 K_2 + 4 K_3 + 7,O1O2O3O4U1U4O5U6U7O6O8U2U8U5O7U3,O1O2O3U2U4O5O4U1O6O7U6U8U3U7O8U5,O1O2O3U4O5U6U1U5U7O6O7U3O8O4U8U2,c,{'O1O2O3O4U2O5U6U7U3O7O8U5U8O6U1U4'},1,"<a href=""/flatknot/8.704207"">8.704207</a>",t^9-61t^7-176t^6+18t^5+364t^4+100t^3-176t^2-27t+10,-t^3+2t^2-t,,
8.704208,O1O2O3O4U2O5U6U7U4O7O8U1U3O6U8U5,4,10z^2+63z+87,10w^3z^2+63w^2z+87w,False,False,"[[ 0 -2 -2  1  2  3 -2 -1  1],[ 2  0 -1  2  2  3  0  1  1],[ 2  1  0  2  1  2  0  1  1],[-1 -2 -2  0  1  2 -2 -2  0],[-2 -2 -1 -1  0 -1 -1 -2 -1],[-3 -3 -2 -2  1  0 -2 -3 -1],[ 2  0  0  2  1  2  0  1  1],[ 1 -1 -1  2  2  3 -1  0  1],[-1 -1 -1  0  1  1 -1 -1  0]]","[[ 0  3  2  1  1 -1 -2 -2 -2],[-3  0  1 -1 -2 -3 -2 -2 -3],[-2 -1  0 -1 -1 -2 -1 -1 -2],[-1  1  1  0  0 -1 -1 -1 -1],[-1  2  1  0  0 -2 -2 -2 -2],[ 1  3  2  1  2  0 -1 -1 -1],[ 2  2  1  1  2  1  0  0  1],[ 2  2  1  1  2  1  0  0  0],[ 2  3  2  1  2  1 -1  0  0]]",True,"[-3,-2,-1,-1,1,2,2,2,-1,1,2,3,2,2,3,1,1,2,1,1,2,0,1,1,1,1,2,2,2,2,1,1,1,0,-1,0]","[-3,-2,-1,-1,1,2,2,2,-1,1,2,3,2,2,3,1,1,2,1,1,2,0,1,1,1,1,2,2,2,2,1,1,1,0,-1,0]",t^8+68t^6+76t^4+14t^2,"[-2,-2,-2,-1,1,1,2,3,-1,0,0,1,2,3,3,0,0,1,2,2,2,0,1,2,3,3,0,1,1,1,0,0,0,0,1,2]","[-3,-2,-1,-1,1,2,2,2,2,0,1,1,2,3,3,0,0,1,2,3,3,0,0,1,1,1,1,2,2,2,0,0,0,-1,0,0]","[-2,-2,-2,-1,1,1,2,3,-1,0,1,1,2,2,3,0,1,1,2,1,2,1,1,2,1,2,1,2,2,3,0,1,1,1,2,-1]",c,"[[{8, 1}, {2, 7}, {3, 6}, {4, 5}], [{8, 1}, {2, 7}, {4, 6}, {3, 5}], [{8, 1}, {2, 7}, {5, 6}, {3, 4}], [{8, 1}, {3, 7}, {2, 6}, {4, 5}], [{8, 1}, {3, 7}, {4, 6}, {2, 5}], [{8, 1}, {3, 7}, {5, 6}, {2, 4}], [{8, 1}, {4, 7}, {2, 6}, {3, 5}], [{8, 1}, {4, 7}, {3, 6}, {2, 5}], [{8, 1}, {4, 7}, {3, 6}, {5}, {2}], [{8, 1}, {4, 7}, {5, 6}, {2, 3}], [{8, 1}, {5, 7}, {2, 6}, {3, 4}], [{8, 1}, {5, 7}, {3, 6}, {2, 4}], [{8, 1}, {5, 7}, {4, 6}, {2, 3}], [{8, 1}, {6, 7}, {2, 5}, {3, 4}], [{8, 1}, {6, 7}, {3, 5}, {2, 4}], [{8, 1}, {6, 7}, {4, 5}, {2, 3}], [{8, 1}, {6, 7}, {5}, {4}, {2, 3}], [{8, 1}, {7}, {2, 6}, {5}, {3, 4}], [{8, 1}, {7}, {4, 6}, {2, 5}, {3}], [{8, 1}, {7}, {5, 6}, {2, 4}, {3}], [{8, 2}, {1, 7}, {3, 6}, {4, 5}], [{8, 2}, {1, 7}, {4, 6}, {3, 5}], [{8, 2}, {1, 7}, {5, 6}, {3, 4}], [{8, 2}, {3, 7}, {1, 6}, {4, 5}], [{8, 2}, {3, 7}, {4, 6}, {1, 5}], [{8, 2}, {3, 7}, {5, 6}, {1, 4}], [{8, 2}, {4, 7}, {1, 6}, {3, 5}], [{8, 2}, {4, 7}, {3, 6}, {1, 5}], [{8, 2}, {4, 7}, {5, 6}, {1, 3}], [{8, 2}, {5, 7}, {1, 6}, {3, 4}], [{8, 2}, {5, 7}, {3, 6}, {1, 4}], [{8, 2}, {5, 7}, {3, 6}, {4}, {1}], [{8, 2}, {5, 7}, {4, 6}, {1, 3}], [{8, 2}, {6, 7}, {1, 5}, {3, 4}], [{8, 2}, {6, 7}, {3, 5}, {1, 4}], [{8, 2}, {6, 7}, {4, 5}, {1, 3}], [{8, 2}, {7}, {1, 6}, {3, 5}, {4}], [{8, 2}, {7}, {4, 6}, {1, 5}, {3}], [{8, 2}, {7}, {5, 6}, {1, 4}, {3}], [{8, 2}, {7}, {5, 6}, {3, 4}, {1}], [{8, 2}, {7}, {5, 6}, {4}, {1, 3}], [{8, 3}, {1, 7}, {2, 6}, {4, 5}], [{8, 3}, {1, 7}, {4, 6}, {2, 5}], [{8, 3}, {1, 7}, {5, 6}, {2, 4}], [{8, 3}, {1, 7}, {5, 6}, {4}, {2}], [{8, 3}, {2, 7}, {1, 6}, {4, 5}], [{8, 3}, {2, 7}, {4, 6}, {1, 5}], [{8, 3}, {2, 7}, {5, 6}, {1, 4}], [{8, 3}, {4, 7}, {1, 6}, {2, 5}], [{8, 3}, {4, 7}, {1, 6}, {5}, {2}], [{8, 3}, {4, 7}, {2, 6}, {1, 5}], [{8, 3}, {4, 7}, {5, 6}, {1, 2}], [{8, 3}, {5, 7}, {1, 6}, {2, 4}], [{8, 3}, {5, 7}, {2, 6}, {1, 4}], [{8, 3}, {5, 7}, {4, 6}, {1, 2}], [{8, 3}, {5, 7}, {6}, {1, 4}, {2}], [{8, 3}, {5, 7}, {6}, {2, 4}, {1}], [{8, 3}, {5, 7}, {6}, {4}, {1, 2}], [{8, 3}, {6, 7}, {1, 5}, {2, 4}], [{8, 3}, {6, 7}, {2, 5}, {1, 4}], [{8, 3}, {6, 7}, {4, 5}, {1, 2}], [{8, 3}, {7}, {2, 6}, {5}, {1, 4}], [{8, 3}, {7}, {4, 6}, {2, 5}, {1}], [{8, 4}, {1, 7}, {2, 6}, {3, 5}], [{8, 4}, {1, 7}, {3, 6}, {2, 5}], [{8, 4}, {1, 7}, {3, 6}, {5}, {2}], [{8, 4}, {1, 7}, {5, 6}, {2, 3}], [{8, 4}, {2, 7}, {1, 6}, {3, 5}], [{8, 4}, {2, 7}, {3, 6}, {1, 5}], [{8, 4}, {2, 7}, {5, 6}, {1, 3}], [{8, 4}, {3, 7}, {1, 6}, {2, 5}], [{8, 4}, {3, 7}, {2, 6}, {1, 5}], [{8, 4}, {3, 7}, {5, 6}, {1, 2}], [{8, 4}, {3, 7}, {5, 6}, {2}, {1}], [{8, 4}, {5, 7}, {1, 6}, {2, 3}], [{8, 4}, {5, 7}, {1, 6}, {3}, {2}], [{8, 4}, {5, 7}, {2, 6}, {1, 3}], [{8, 4}, {5, 7}, {3, 6}, {1, 2}], [{8, 4}, {5, 7}, {6}, {2, 3}, {1}], [{8, 4}, {6, 7}, {1, 5}, {2, 3}], [{8, 4}, {6, 7}, {2, 5}, {1, 3}], [{8, 4}, {6, 7}, {3, 5}, {1, 2}], [{8, 4}, {7}, {2, 6}, {3, 5}, {1}], [{8, 4}, {7}, {5, 6}, {3}, {1, 2}], [{8, 4}, {7}, {6}, {2, 5}, {1, 3}], [{8, 5}, {1, 7}, {2, 6}, {3, 4}], [{8, 5}, {1, 7}, {2, 6}, {4}, {3}], [{8, 5}, {1, 7}, {3, 6}, {2, 4}], [{8, 5}, {1, 7}, {4, 6}, {2, 3}], [{8, 5}, {2, 7}, {1, 6}, {3, 4}], [{8, 5}, {2, 7}, {3, 6}, {1, 4}], [{8, 5}, {2, 7}, {4, 6}, {1, 3}], [{8, 5}, {3, 7}, {1, 6}, {2, 4}], [{8, 5}, {3, 7}, {1, 6}, {4}, {2}], [{8, 5}, {3, 7}, {2, 6}, {1, 4}], [{8, 5}, {3, 7}, {2, 6}, {4}, {1}], [{8, 5}, {3, 7}, {4, 6}, {1, 2}], [{8, 5}, {3, 7}, {4, 6}, {2}, {1}], [{8, 5}, {3, 7}, {6}, {1, 4}, {2}], [{8, 5}, {3, 7}, {6}, {2, 4}, {1}], [{8, 5}, {3, 7}, {6}, {4}, {1, 2}], [{8, 5}, {4, 7}, {1, 6}, {2, 3}], [{8, 5}, {4, 7}, {2, 6}, {1, 3}], [{8, 5}, {4, 7}, {3, 6}, {1, 2}], [{8, 5}, {4, 7}, {6}, {2, 3}, {1}], [{8, 5}, {6, 7}, {1, 4}, {2, 3}], [{8, 5}, {6, 7}, {2, 4}, {1, 3}], [{8, 5}, {6, 7}, {2, 4}, {3}, {1}], [{8, 5}, {6, 7}, {3, 4}, {1, 2}], [{8, 5}, {7}, {2, 6}, {4}, {1, 3}], [{8, 5}, {7}, {3, 6}, {2, 4}, {1}], [{8, 6}, {1, 7}, {2, 5}, {3, 4}], [{8, 6}, {1, 7}, {3, 5}, {2, 4}], [{8, 6}, {1, 7}, {4, 5}, {2, 3}], [{8, 6}, {1, 7}, {4, 5}, {3}, {2}], [{8, 6}, {2, 7}, {1, 5}, {3, 4}], [{8, 6}, {2, 7}, {3, 5}, {1, 4}], [{8, 6}, {2, 7}, {4, 5}, {1, 3}], [{8, 6}, {2, 7}, {4, 5}, {3}, {1}], [{8, 6}, {2, 7}, {5}, {4}, {1, 3}], [{8, 6}, {3, 7}, {1, 5}, {2, 4}], [{8, 6}, {3, 7}, {2, 5}, {1, 4}], [{8, 6}, {3, 7}, {4, 5}, {1, 2}], [{8, 6}, {3, 7}, {4, 5}, {2}, {1}], [{8, 6}, {4, 7}, {1, 5}, {2, 3}], [{8, 6}, {4, 7}, {2, 5}, {1, 3}], [{8, 6}, {4, 7}, {3, 5}, {1, 2}], [{8, 6}, {4, 7}, {5}, {1, 3}, {2}], [{8, 6}, {5, 7}, {1, 4}, {2, 3}], [{8, 6}, {5, 7}, {2, 4}, {1, 3}], [{8, 6}, {5, 7}, {3, 4}, {1, 2}], [{8, 6}, {5, 7}, {4}, {1, 3}, {2}], [{8, 6}, {7}, {1, 5}, {2, 4}, {3}], [{8, 6}, {7}, {1, 5}, {3, 4}, {2}], [{8, 6}, {7}, {1, 5}, {4}, {2, 3}], [{8, 6}, {7}, {2, 5}, {1, 4}, {3}], [{8, 6}, {7}, {2, 5}, {3, 4}, {1}], [{8, 6}, {7}, {2, 5}, {4}, {1, 3}], [{8, 6}, {7}, {3, 5}, {1, 4}, {2}], [{8, 6}, {7}, {3, 5}, {2, 4}, {1}], [{8, 6}, {7}, {3, 5}, {4}, {1, 2}], [{8, 6}, {7}, {4, 5}, {1, 3}, {2}], [{8, 6}, {7}, {4, 5}, {2, 3}, {1}], [{8, 6}, {7}, {4, 5}, {3}, {1, 2}], [{8, 6}, {7}, {4, 5}, {3}, {2}, {1}], [{8, 6}, {7}, {5}, {1, 4}, {2, 3}], [{8, 6}, {7}, {5}, {2, 4}, {1, 3}], [{8, 6}, {7}, {5}, {3, 4}, {1, 2}], [{8, 6}, {7}, {5}, {4}, {1, 3}, {2}], [{8, 7}, {1, 6}, {2, 5}, {3, 4}], [{8, 7}, {1, 6}, {3, 5}, {2, 4}], [{8, 7}, {1, 6}, {4, 5}, {2, 3}], [{8, 7}, {2, 6}, {1, 5}, {3, 4}], [{8, 7}, {2, 6}, {3, 5}, {1, 4}], [{8, 7}, {2, 6}, {4, 5}, {1, 3}], [{8, 7}, {3, 6}, {1, 5}, {2, 4}], [{8, 7}, {3, 6}, {2, 5}, {1, 4}], [{8, 7}, {3, 6}, {4, 5}, {1, 2}], [{8, 7}, {4, 6}, {1, 5}, {2, 3}], [{8, 7}, {4, 6}, {2, 5}, {1, 3}], [{8, 7}, {4, 6}, {3, 5}, {1, 2}], [{8, 7}, {5, 6}, {1, 4}, {2, 3}], [{8, 7}, {5, 6}, {1, 4}, {3}, {2}], [{8, 7}, {5, 6}, {2, 4}, {1, 3}], [{8, 7}, {5, 6}, {3, 4}, {1, 2}], [{8, 7}, {5, 6}, {4}, {2, 3}, {1}], [{8, 7}, {6}, {2, 5}, {4}, {1, 3}], [{8}, {2, 7}, {5, 6}, {1, 4}, {3}], [{8}, {4, 7}, {6}, {2, 5}, {1, 3}], [{8}, {5, 7}, {2, 6}, {1, 4}, {3}], [{8}, {6, 7}, {2, 5}, {4}, {1, 3}], [{8}, {7}, {4, 6}, {2, 5}, {1, 3}], [{8}, {7}, {6}, {2, 5}, {4}, {1, 3}]]",2,8 K_1^3 + 4 K_1^2 K_2 - 20 K_1^2 - 14 K_1 K_2 - 4 K_1 K_3 + K_1 + 10 K_2 + 5 K_3 + K_4 + 10,O1O2O3O4U5U6O7U2U4O6O8U1U8U7O5U3,O1O2O3U2U4O5O6U1O4O7U5U8U6U3O8U7,O1O2O3U4O5U1U6U5U7O4O8U3O6O7U8U2,c,"{'O1O2O3O4U2O5U6U7U4O7O8U1U3O6U8U5', 'O1O2O3O4U2O5U6U7U4O8O6U1U3U8O7U5'}",2,"<a href=""/flatknot/8.704208"">8.704208</a>",t^9-66t^7-272t^6-328t^5-24t^4+65t^3-84t^2-23t+22,-t^3+2t^2-t,,
8.704209,O1O2O3O4U2O5U6U7U4O7O8U3U1O6U8U5,4,9z^2+62z+89,9w^3z^2+62w^2z+89w,False,False,"[[ 0 -1 -2  0  2  3 -2 -1  1],[ 1  0 -2  1  2  3 -1  0  1],[ 2  2  0  2  1  2  0  1  1],[ 0 -1 -2  0  1  2 -1 -1  0],[-2 -2 -1 -1  0 -1 -1 -2 -1],[-3 -3 -2 -2  1  0 -2 -3 -1],[ 2  1  0  1  1  2  0  1  1],[ 1  0 -1  1  2  3 -1  0  1],[-1 -1 -1  0  1  1 -1 -1  0]]","[[ 0  3  2  1  0 -1 -1 -2 -2],[-3  0  1 -1 -2 -3 -3 -2 -2],[-2 -1  0 -1 -1 -2 -2 -1 -1],[-1  1  1  0  0 -1 -1 -1 -1],[ 0  2  1  0  0 -1 -1 -1 -2],[ 1  3  2  1  1  0  0 -1 -1],[ 1  3  2  1  1  0  0 -1 -2],[ 2  2  1  1  1  1  1  0  0],[ 2  2  1  1  2  1  2  0  0]]",True,"[-3,-2,-1,0,1,1,2,2,-1,1,2,3,3,2,2,1,1,2,2,1,1,0,1,1,1,1,1,1,1,2,0,1,1,1,2,0]","[-3,-2,-1,0,1,1,2,2,-1,1,2,3,3,2,2,1,1,2,2,1,1,0,1,1,1,1,1,1,1,2,0,1,1,1,2,0]",t^8+62t^6+63t^4+9t^2,"[-2,-2,-1,-1,0,1,2,3,0,-1,0,0,2,3,3,0,0,1,2,3,3,0,0,1,1,1,0,1,1,1,1,1,1,0,1,2]","[-3,-2,-1,0,1,1,2,2,2,1,1,1,1,3,3,0,1,1,1,3,3,1,1,1,2,2,0,0,0,1,0,-1,0,0,0,0]","[-2,-2,-1,-1,0,1,2,3,0,1,1,1,1,1,2,1,2,2,1,1,2,0,1,1,2,3,1,1,2,3,0,1,2,1,1,-1]",c,"[[{8, 1}, {2, 7}, {3, 6}, {4, 5}], [{8, 1}, {2, 7}, {4, 6}, {3, 5}], [{8, 1}, {2, 7}, {4, 6}, {5}, {3}], [{8, 1}, {2, 7}, {5, 6}, {3, 4}], [{8, 1}, {3, 7}, {2, 6}, {4, 5}], [{8, 1}, {3, 7}, {4, 6}, {2, 5}], [{8, 1}, {3, 7}, {5, 6}, {2, 4}], [{8, 1}, {4, 7}, {2, 6}, {3, 5}], [{8, 1}, {4, 7}, {2, 6}, {5}, {3}], [{8, 1}, {4, 7}, {3, 6}, {2, 5}], [{8, 1}, {4, 7}, {5, 6}, {2, 3}], [{8, 1}, {5, 7}, {2, 6}, {3, 4}], [{8, 1}, {5, 7}, {3, 6}, {2, 4}], [{8, 1}, {5, 7}, {4, 6}, {2, 3}], [{8, 1}, {5, 7}, {4, 6}, {3}, {2}], [{8, 1}, {5, 7}, {6}, {4}, {2, 3}], [{8, 1}, {6, 7}, {2, 5}, {3, 4}], [{8, 1}, {6, 7}, {3, 5}, {2, 4}], [{8, 1}, {6, 7}, {4, 5}, {2, 3}], [{8, 1}, {7}, {4, 6}, {2, 5}, {3}], [{8, 2}, {1, 7}, {3, 6}, {4, 5}], [{8, 2}, {1, 7}, {4, 6}, {3, 5}], [{8, 2}, {1, 7}, {5, 6}, {3, 4}], [{8, 2}, {3, 7}, {1, 6}, {4, 5}], [{8, 2}, {3, 7}, {4, 6}, {1, 5}], [{8, 2}, {3, 7}, {4, 6}, {5}, {1}], [{8, 2}, {3, 7}, {5, 6}, {1, 4}], [{8, 2}, {4, 7}, {1, 6}, {3, 5}], [{8, 2}, {4, 7}, {3, 6}, {1, 5}], [{8, 2}, {4, 7}, {5, 6}, {1, 3}], [{8, 2}, {5, 7}, {1, 6}, {3, 4}], [{8, 2}, {5, 7}, {3, 6}, {1, 4}], [{8, 2}, {5, 7}, {4, 6}, {1, 3}], [{8, 2}, {6, 7}, {1, 5}, {3, 4}], [{8, 2}, {6, 7}, {3, 5}, {1, 4}], [{8, 2}, {6, 7}, {3, 5}, {4}, {1}], [{8, 2}, {6, 7}, {4, 5}, {1, 3}], [{8, 2}, {7}, {1, 6}, {4, 5}, {3}], [{8, 2}, {7}, {5, 6}, {1, 4}, {3}], [{8, 2}, {7}, {5, 6}, {3, 4}, {1}], [{8, 2}, {7}, {5, 6}, {4}, {1, 3}], [{8, 3}, {1, 7}, {2, 6}, {4, 5}], [{8, 3}, {1, 7}, {4, 6}, {2, 5}], [{8, 3}, {1, 7}, {5, 6}, {2, 4}], [{8, 3}, {1, 7}, {5, 6}, {4}, {2}], [{8, 3}, {2, 7}, {1, 6}, {4, 5}], [{8, 3}, {2, 7}, {4, 6}, {1, 5}], [{8, 3}, {2, 7}, {4, 6}, {5}, {1}], [{8, 3}, {2, 7}, {5, 6}, {1, 4}], [{8, 3}, {4, 7}, {1, 6}, {2, 5}], [{8, 3}, {4, 7}, {2, 6}, {1, 5}], [{8, 3}, {4, 7}, {2, 6}, {5}, {1}], [{8, 3}, {4, 7}, {5, 6}, {1, 2}], [{8, 3}, {4, 7}, {5, 6}, {2}, {1}], [{8, 3}, {4, 7}, {6}, {2, 5}, {1}], [{8, 3}, {5, 7}, {1, 6}, {2, 4}], [{8, 3}, {5, 7}, {2, 6}, {1, 4}], [{8, 3}, {5, 7}, {2, 6}, {4}, {1}], [{8, 3}, {5, 7}, {4, 6}, {1, 2}], [{8, 3}, {6, 7}, {1, 5}, {2, 4}], [{8, 3}, {6, 7}, {2, 5}, {1, 4}], [{8, 3}, {6, 7}, {4, 5}, {1, 2}], [{8, 3}, {6, 7}, {5}, {2, 4}, {1}], [{8, 3}, {7}, {1, 6}, {2, 5}, {4}], [{8, 3}, {7}, {2, 6}, {4, 5}, {1}], [{8, 3}, {7}, {4, 6}, {1, 5}, {2}], [{8, 3}, {7}, {5, 6}, {1, 4}, {2}], [{8, 4}, {1, 7}, {2, 6}, {3, 5}], [{8, 4}, {1, 7}, {3, 6}, {2, 5}], [{8, 4}, {1, 7}, {5, 6}, {2, 3}], [{8, 4}, {2, 7}, {1, 6}, {3, 5}], [{8, 4}, {2, 7}, {3, 6}, {1, 5}], [{8, 4}, {2, 7}, {5, 6}, {1, 3}], [{8, 4}, {2, 7}, {5, 6}, {3}, {1}], [{8, 4}, {3, 7}, {1, 6}, {2, 5}], [{8, 4}, {3, 7}, {2, 6}, {1, 5}], [{8, 4}, {3, 7}, {5, 6}, {1, 2}], [{8, 4}, {3, 7}, {6}, {2, 5}, {1}], [{8, 4}, {5, 7}, {1, 6}, {2, 3}], [{8, 4}, {5, 7}, {2, 6}, {1, 3}], [{8, 4}, {5, 7}, {3, 6}, {1, 2}], [{8, 4}, {5, 7}, {6}, {2, 3}, {1}], [{8, 4}, {6, 7}, {1, 5}, {2, 3}], [{8, 4}, {6, 7}, {2, 5}, {1, 3}], [{8, 4}, {6, 7}, {3, 5}, {1, 2}], [{8, 4}, {6, 7}, {5}, {3}, {1, 2}], [{8, 4}, {7}, {2, 6}, {1, 5}, {3}], [{8, 5}, {1, 7}, {2, 6}, {3, 4}], [{8, 5}, {1, 7}, {2, 6}, {4}, {3}], [{8, 5}, {1, 7}, {3, 6}, {2, 4}], [{8, 5}, {1, 7}, {3, 6}, {4}, {2}], [{8, 5}, {1, 7}, {4, 6}, {2, 3}], [{8, 5}, {1, 7}, {6}, {4}, {2, 3}], [{8, 5}, {2, 7}, {1, 6}, {3, 4}], [{8, 5}, {2, 7}, {3, 6}, {1, 4}], [{8, 5}, {2, 7}, {4, 6}, {1, 3}], [{8, 5}, {3, 7}, {1, 6}, {2, 4}], [{8, 5}, {3, 7}, {2, 6}, {1, 4}], [{8, 5}, {3, 7}, {4, 6}, {1, 2}], [{8, 5}, {4, 7}, {1, 6}, {2, 3}], [{8, 5}, {4, 7}, {2, 6}, {1, 3}], [{8, 5}, {4, 7}, {3, 6}, {1, 2}], [{8, 5}, {4, 7}, {6}, {2, 3}, {1}], [{8, 5}, {6, 7}, {1, 4}, {2, 3}], [{8, 5}, {6, 7}, {1, 4}, {3}, {2}], [{8, 5}, {6, 7}, {2, 4}, {1, 3}], [{8, 5}, {6, 7}, {3, 4}, {1, 2}], [{8, 5}, {7}, {1, 6}, {2, 4}, {3}], [{8, 5}, {7}, {6}, {1, 4}, {2, 3}], [{8, 6}, {1, 7}, {2, 5}, {3, 4}], [{8, 6}, {1, 7}, {3, 5}, {2, 4}], [{8, 6}, {1, 7}, {3, 5}, {4}, {2}], [{8, 6}, {1, 7}, {4, 5}, {2, 3}], [{8, 6}, {2, 7}, {1, 5}, {3, 4}], [{8, 6}, {2, 7}, {3, 5}, {1, 4}], [{8, 6}, {2, 7}, {3, 5}, {4}, {1}], [{8, 6}, {2, 7}, {4, 5}, {1, 3}], [{8, 6}, {3, 7}, {1, 5}, {2, 4}], [{8, 6}, {3, 7}, {2, 5}, {1, 4}], [{8, 6}, {3, 7}, {4, 5}, {1, 2}], [{8, 6}, {3, 7}, {5}, {4}, {1, 2}], [{8, 6}, {4, 7}, {1, 5}, {2, 3}], [{8, 6}, {4, 7}, {2, 5}, {1, 3}], [{8, 6}, {4, 7}, {3, 5}, {1, 2}], [{8, 6}, {4, 7}, {3, 5}, {2}, {1}], [{8, 6}, {4, 7}, {5}, {3}, {1, 2}], [{8, 6}, {5, 7}, {1, 4}, {2, 3}], [{8, 6}, {5, 7}, {2, 4}, {1, 3}], [{8, 6}, {5, 7}, {3, 4}, {1, 2}], [{8, 6}, {5, 7}, {4}, {3}, {1, 2}], [{8, 6}, {7}, {1, 5}, {2, 4}, {3}], [{8, 6}, {7}, {1, 5}, {3, 4}, {2}], [{8, 6}, {7}, {1, 5}, {4}, {2, 3}], [{8, 6}, {7}, {2, 5}, {1, 4}, {3}], [{8, 6}, {7}, {2, 5}, {3, 4}, {1}], [{8, 6}, {7}, {2, 5}, {4}, {1, 3}], [{8, 6}, {7}, {3, 5}, {1, 4}, {2}], [{8, 6}, {7}, {3, 5}, {2, 4}, {1}], [{8, 6}, {7}, {3, 5}, {4}, {1, 2}], [{8, 6}, {7}, {3, 5}, {4}, {2}, {1}], [{8, 6}, {7}, {4, 5}, {1, 3}, {2}], [{8, 6}, {7}, {4, 5}, {2, 3}, {1}], [{8, 6}, {7}, {4, 5}, {3}, {1, 2}], [{8, 6}, {7}, {5}, {1, 4}, {2, 3}], [{8, 6}, {7}, {5}, {2, 4}, {1, 3}], [{8, 6}, {7}, {5}, {3, 4}, {1, 2}], [{8, 6}, {7}, {5}, {4}, {3}, {1, 2}], [{8, 7}, {1, 6}, {2, 5}, {3, 4}], [{8, 7}, {1, 6}, {3, 5}, {2, 4}], [{8, 7}, {1, 6}, {4, 5}, {2, 3}], [{8, 7}, {2, 6}, {1, 5}, {3, 4}], [{8, 7}, {2, 6}, {3, 5}, {1, 4}], [{8, 7}, {2, 6}, {3, 5}, {4}, {1}], [{8, 7}, {2, 6}, {4, 5}, {1, 3}], [{8, 7}, {3, 6}, {1, 5}, {2, 4}], [{8, 7}, {3, 6}, {2, 5}, {1, 4}], [{8, 7}, {3, 6}, {4, 5}, {1, 2}], [{8, 7}, {4, 6}, {1, 5}, {2, 3}], [{8, 7}, {4, 6}, {1, 5}, {3}, {2}], [{8, 7}, {4, 6}, {2, 5}, {1, 3}], [{8, 7}, {4, 6}, {2, 5}, {3}, {1}], [{8, 7}, {4, 6}, {3, 5}, {1, 2}], [{8, 7}, {4, 6}, {5}, {3}, {1, 2}], [{8, 7}, {5, 6}, {1, 4}, {2, 3}], [{8, 7}, {5, 6}, {2, 4}, {1, 3}], [{8, 7}, {5, 6}, {3, 4}, {1, 2}], [{8, 7}, {5, 6}, {4}, {2, 3}, {1}], [{8, 7}, {6}, {5}, {1, 4}, {2, 3}], [{8}, {1, 7}, {2, 6}, {5}, {3, 4}], [{8}, {1, 7}, {4, 6}, {2, 5}, {3}], [{8}, {2, 7}, {1, 6}, {5}, {3, 4}], [{8}, {2, 7}, {4, 6}, {5}, {1, 3}], [{8}, {3, 7}, {4, 6}, {1, 5}, {2}], [{8}, {3, 7}, {5, 6}, {2, 4}, {1}], [{8}, {4, 7}, {1, 6}, {2, 5}, {3}], [{8}, {4, 7}, {2, 6}, {5}, {1, 3}], [{8}, {4, 7}, {3, 6}, {1, 5}, {2}], [{8}, {5, 7}, {3, 6}, {2, 4}, {1}], [{8}, {5, 7}, {6}, {1, 4}, {2, 3}], [{8}, {6, 7}, {5}, {1, 4}, {2, 3}], [{8}, {7}, {5, 6}, {1, 4}, {2, 3}], [{8}, {7}, {6}, {5}, {1, 4}, {2, 3}]]",2,- 14 K_1^2 - 10 K_1 K_2 + 5 K_1 + 7 K_2 + 5 K_3 + 8,O1O2O3O4U5U6O7U4U2O6O8U1U8U7O5U3,O1O2O3U2U4O5O6U1O4O7U6U8U5U3O8U7,O1O2O3U4O5U1U6U5U7O4O8U3O7O6U8U2,c,"{'O1O2O3O4U2O5U6U7U4O8O6U3U1U8O7U5', 'O1O2O3O4U2O5U6U7U4O7O8U3U1O6U8U5'}",2,"<a href=""/flatknot/8.704209"">8.704209</a>",t^9-58t^7-236t^6-242t^5-38t^4-100t^3-164t^2-31t+14,-t^3+t^2+t,,
8.704210,O1O2O3O4U2O5U6U7U4O7O8U3U8O6U1U5,4,6z^3+42z^2+109z+99,6w^4z^3+42w^3z^2+109w^2z+99w,False,False,"[[ 0 -1 -2  0  2  3 -2 -1  1],[ 1  0 -2  1  3  3 -1  0  1],[ 2  2  0  2  1  2  0  1  1],[ 0 -1 -2  0  1  2 -2 -1  1],[-2 -3 -1 -1  0 -1 -1 -2  0],[-3 -3 -2 -2  1  0 -3 -3  0],[ 2  1  0  2  1  3  0  1  1],[ 1  0 -1  1  2  3 -1  0  1],[-1 -1 -1 -1  0  0 -1 -1  0]]","[[ 0  3  2  0 -1 -2 -2],[-3  0  1 -2 -3 -2 -3],[-2 -1  0 -1 -3 -1 -1],[ 0  2  1  0 -1 -2 -2],[ 1  3  3  1  0 -2 -1],[ 2  2  1  2  2  0  0],[ 2  3  1  2  1  0  0]]",False,"[-3,-2,0,1,2,2,-1,2,3,2,3,1,3,1,1,1,2,2,2,1,0]","[-3,-2,0,1,2,2,-1,2,3,2,3,1,3,1,1,1,2,2,2,1,0]",t^6+53t^4+99t^2+25,"[-2,-2,-1,0,2,3,0,-1,0,3,3,0,0,3,2,0,0,1,1,1,2]","[-3,-2,0,1,2,2,2,1,1,2,3,1,0,3,3,0,0,0,0,-1,0]","[-2,-2,-1,0,2,3,0,1,2,1,3,2,2,1,2,1,3,3,1,2,-1]",c,"[[{8, 1}, {3, 7}, {5, 6}, {2, 4}], [{8, 1}, {5, 7}, {3, 6}, {2, 4}], [{8, 1}, {6, 7}, {3, 5}, {2, 4}], [{8, 4}, {2, 7}, {1, 6}, {3, 5}], [{8, 7}, {1, 6}, {3, 5}, {2, 4}], [{8, 7}, {3, 6}, {1, 5}, {2, 4}], [{8, 7}, {4, 6}, {1, 5}, {2, 3}], [{8, 7}, {4, 6}, {2, 5}, {1, 3}], [{8, 7}, {4, 6}, {3, 5}, {1, 2}], [{8, 7}, {5, 6}, {2, 4}, {1, 3}]]",1,4 K_1^3 + 4 K_1^2 K_2 - 14 K_1^2 - 18 K_1 K_2 - 4 K_1 K_3 + 6 K_1 - 4 K_2^2 + 7 K_2 + 8 K_3 + 3 K_4 + 9,O1O2O3O4U5U4O6U7U2O7O8U1U8U6O5U3,O1O2O3U2U4O5O4U1O6O7U6U8U5U3O8U7,O1O2O3U4O5U1U6U5U7O4O7U3O8O6U8U2,c,{'O1O2O3O4U2O5U6U7U4O7O8U3U8O6U1U5'},1,"<a href=""/flatknot/8.704210"">8.704210</a>",t^7-49t^5-170t^4-126t^3+6t^2+23t+108,-t^3+t^2+t,,
8.704211,O1O2O3O4U2O5U6U7U4O7O8U5U1O6U3U8,4,2z^3+29z^2+108z+117,2w^4z^3+29w^3z^2+108w^2z+117w,False,False,"[[ 0 -1 -2  1  2  1 -2 -1  2],[ 1  0 -1  1  1  1 -1  0  2],[ 2  1  0  2  1  1  1  1  1],[-1 -1 -2  0  1  2 -3 -2  1],[-2 -1 -1 -1  0  0 -2 -2  0],[-1 -1 -1 -2  0  0 -1 -1  0],[ 2  1 -1  3  2  1  0  1  2],[ 1  0 -1  2  2  1 -1  0  2],[-2 -2 -1 -1  0  0 -2 -2  0]]","[[ 0  2  2  1  1 -1 -1 -2 -2],[-2  0  0  0 -1 -1 -2 -1 -2],[-2  0  0  0 -1 -2 -2 -1 -2],[-1  0  0  0 -2 -1 -1 -1 -1],[-1  1  1  2  0 -1 -2 -2 -3],[ 1  1  2  1  1  0  0 -1 -1],[ 1  2  2  1  2  0  0 -1 -1],[ 2  1  1  1  2  1  1  0  1],[ 2  2  2  1  3  1  1 -1  0]]",True,"[-2,-2,-1,-1,1,1,2,2,0,0,1,1,2,1,2,0,1,2,2,1,2,2,1,1,1,1,1,2,2,3,0,1,1,1,1,-1]","[-2,-2,-1,-1,1,1,2,2,-1,0,0,1,2,3,3,0,0,0,2,2,2,0,0,1,1,1,1,1,1,2,-2,0,0,1,1,0]",t^8+56t^6+112t^4+47t^2+4,"[-2,-2,-1,-1,1,1,2,2,-1,0,0,1,2,3,3,0,0,0,2,2,2,0,0,1,1,1,1,1,1,2,-2,0,0,1,1,0]","[-2,-2,-1,-1,1,1,2,2,0,0,1,1,1,2,3,0,1,1,2,2,3,2,0,1,0,1,1,1,2,2,0,0,0,0,0,-1]","[-2,-2,-1,-1,1,1,2,2,-1,1,1,1,3,2,2,1,1,1,2,1,1,0,1,1,1,2,1,2,2,2,-2,0,0,1,1,0]",c,"[[{8, 2}, {3, 7}, {4, 6}, {1, 5}], [{8, 2}, {5, 7}, {4, 6}, {1, 3}], [{8, 6}, {5, 7}, {2, 4}, {1, 3}]]",1,4 K_1^3 + 4 K_1^2 K_2 - 12 K_1^2 - 16 K_1 K_2 - 4 K_1 K_3 + 5 K_1 + 6 K_2 + 7 K_3 + K_4 + 6,O1O2O3O4U5U2O6U4U7O5O8U1U8U6O7U3,O1O2O3U2U4O5O6U1O7O4U6U8U7U3O8U5,O1O2O3U4O5U1U6U5U7O8O6U3O7O4U8U2,c,{'O1O2O3O4U2O5U6U7U4O7O8U5U1O6U3U8'},1,"<a href=""/flatknot/8.704211"">8.704211</a>",t^9-56t^7-204t^6-146t^5+176t^4+96t^3-114t^2-6t+30,0,,
8.704212,O1O2O3O4U2O5U6U7U4O7O8U5U3O6U1U8,4,z^3+21z^2+103z+131,w^4z^3+21w^3z^2+103w^2z+131w,False,False,"[[ 0 -1 -2  1  2  1 -2 -1  2],[ 1  0 -2  2  2  2 -2  0  2],[ 2  2  0  2  1  1  0  1  1],[-1 -2 -2  0  0  1 -3 -2  1],[-2 -2 -1  0  0  0 -2 -2  0],[-1 -2 -1 -1  0  0 -1 -1  0],[ 2  2  0  3  2  1  0  1  2],[ 1  0 -1  2  2  1 -1  0  2],[-2 -2 -1 -1  0  0 -2 -2  0]]","[[ 0  2  2  1  1 -1 -1 -2 -2],[-2  0  0  0  0 -2 -2 -1 -2],[-2  0  0  0 -1 -2 -2 -1 -2],[-1  0  0  0 -1 -1 -2 -1 -1],[-1  0  1  1  0 -2 -2 -2 -3],[ 1  2  2  1  2  0  0 -1 -1],[ 1  2  2  2  2  0  0 -2 -2],[ 2  1  1  1  2  1  2  0  0],[ 2  2  2  1  3  1  2  0  0]]",True,"[-2,-2,-1,-1,1,1,2,2,0,0,0,2,2,1,2,0,1,2,2,1,2,1,1,2,1,1,2,2,2,3,0,1,1,2,2,0]","[-2,-2,-1,-1,1,1,2,2,0,-1,0,0,2,2,2,-1,0,1,2,3,3,0,0,0,1,1,0,1,1,1,-1,0,1,1,1,0]",t^8+66t^6+117t^4+23t^2,"[-2,-2,-1,-1,1,1,2,2,0,-1,0,0,2,2,2,-1,0,1,2,3,3,0,0,0,1,1,0,1,1,1,-1,0,1,1,1,0]","[-2,-2,-1,-1,1,1,2,2,0,0,1,1,1,2,3,1,1,1,1,2,3,1,0,0,0,1,0,1,2,2,0,-1,-1,0,0,0]","[-2,-2,-1,-1,1,1,2,2,0,1,2,1,2,1,1,1,2,1,3,2,2,0,1,2,2,2,2,2,2,2,-1,0,0,0,1,0]",c,"[[{8, 6}, {3, 7}, {1, 5}, {2, 4}]]",1,8 K_1^3 + 12 K_1^2 K_2 - 30 K_1^2 - 16 K_1 K_2 - 10 K_1 K_3 + 2 K_1 - 2 K_2^2 + 14 K_2 + 6 K_3 + 3 K_4 + 14,O1O2O3O4U5U4O6U2U7O5O8U1U8U6O7U3,O1O2O3U2U4O5O6U1O7O4U7U8U6U3O8U5,O1O2O3U4O5U1U6U5U7O8O7U3O6O4U8U2,c,{'O1O2O3O4U2O5U6U7U4O7O8U5U3O6U1U8'},1,"<a href=""/flatknot/8.704212"">8.704212</a>",t^9-66t^7-224t^6-77t^5+76t^4+12t^3-18t^2+7t+2,0,,
8.704213,O1O2O3O4U2O5U6U7U4O7O8U5U8O6U1U3,4,23z^2+108z+125,23w^3z^2+108w^2z+125w,False,False,"[[ 0 -1 -2  2  2  1 -2 -1  1],[ 1  0 -1  2  2  1 -1  0  1],[ 2  1  0  2  1  1  1  1  0],[-2 -2 -2  0  1  1 -4 -3  1],[-2 -2 -1 -1  0  0 -2 -2  1],[-1 -1 -1 -1  0  0 -2 -1  1],[ 2  1 -1  4  2  2  0  1  1],[ 1  0 -1  3  2  1 -1  0  1],[-1 -1  0 -1 -1 -1 -1 -1  0]]","[[ 0  2  2  1  1 -1 -1 -2 -2],[-2  0  1  1  1 -2 -3 -2 -4],[-2 -1  0  1  0 -2 -2 -1 -2],[-1 -1 -1  0 -1 -1 -1  0 -1],[-1 -1  0  1  0 -1 -1 -1 -2],[ 1  2  2  1  1  0  0 -1 -1],[ 1  3  2  1  1  0  0 -1 -1],[ 2  2  1  0  1  1  1  0  1],[ 2  4  2  1  2  1  1 -1  0]]",True,"[-2,-2,-1,-1,1,1,2,2,-1,-1,-1,2,3,2,4,-1,0,2,2,1,2,1,1,1,0,1,1,1,1,2,0,1,1,1,1,-1]","[-2,-2,-1,-1,1,1,2,2,-1,-1,-1,2,3,2,4,-1,0,2,2,1,2,1,1,1,0,1,1,1,1,2,0,1,1,1,1,-1]",t^8+66t^6+97t^4+32t^2,"[-2,-2,-1,-1,1,1,2,2,-1,0,0,2,3,2,3,0,0,1,2,0,2,0,1,1,0,1,1,1,1,1,-1,2,1,2,2,-1]","[-2,-2,-1,-1,1,1,2,2,-1,1,2,1,1,2,3,2,2,0,1,0,2,1,1,1,1,2,1,1,2,3,0,0,0,0,0,-1]","[-2,-2,-1,-1,1,1,2,2,-1,1,1,1,2,2,4,1,1,0,1,1,2,0,1,1,2,2,1,1,2,3,-1,-1,-1,0,-1,-1]",c,"[[{8, 1}, {5, 7}, {3, 6}, {2, 4}], [{8, 3}, {5, 7}, {1, 6}, {2, 4}], [{8, 6}, {5, 7}, {2, 4}, {1, 3}], [{8, 7}, {3, 6}, {1, 5}, {2, 4}]]",1,- 8 K_1^2 - 12 K_1 K_2 - 4 K_1 K_3 + 6 K_1 - 4 K_2^2 + 6 K_2 + 6 K_3 + 4 K_4 + 7,O1O2O3O4U2U4O5U6U7O6O8U1U8U5O7U3,O1O2O3U2U4O5O4U1O6O7U6U8U7U3O8U5,O1O2O3U4O5U1U6U5U7O6O7U3O8O4U8U2,c,{'O1O2O3O4U2O5U6U7U4O7O8U5U8O6U1U3'},1,"<a href=""/flatknot/8.704213"">8.704213</a>",t^9-66t^7-242t^6-191t^5+220t^4+255t^3-60t^2-64t+12,0,,
8.704214,O1O2O3O4U2O5U6U7U5O7O8U1U3O6U8U4,4,z^3+16z^2+66z+77,w^4z^3+16w^3z^2+66w^2z+77w,False,False,"[[ 0 -2 -2  1  3  2 -2 -1  1],[ 2  0  0  2  3  1  0  1  1],[ 2  0  0  1  2  0  1  2  1],[-1 -2 -1  0  1  1 -2 -2  0],[-3 -3 -2 -1  0  2 -3 -4 -1],[-2 -1  0 -1 -2  0 -1 -2 -1],[ 2  0 -1  2  3  1  0  1  1],[ 1 -1 -2  2  4  2 -1  0  1],[-1 -1 -1  0  1  1 -1 -1  0]]","[[ 0  3  2  1  1 -1 -2 -2 -2],[-3  0  2 -1 -1 -4 -2 -3 -3],[-2 -2  0 -1 -1 -2  0 -1 -1],[-1  1  1  0  0 -1 -1 -1 -1],[-1  1  1  0  0 -2 -1 -2 -2],[ 1  4  2  1  2  0 -2 -1 -1],[ 2  2  0  1  1  2  0  1  0],[ 2  3  1  1  2  1 -1  0  0],[ 2  3  1  1  2  1  0  0  0]]",True,"[-3,-2,-1,-1,1,2,2,2,-2,1,1,4,2,3,3,1,1,2,0,1,1,0,1,1,1,1,2,1,2,2,2,1,1,-1,0,0]","[-3,-2,-1,-1,1,2,2,2,-2,1,1,4,2,3,3,1,1,2,0,1,1,0,1,1,1,1,2,1,2,2,2,1,1,-1,0,0]",t^8+76t^6+88t^4+14t^2,"[-2,-2,-2,-1,1,1,2,3,-1,0,-1,2,2,4,3,0,0,1,2,3,2,0,1,2,3,2,0,1,1,0,0,0,1,0,1,3]","[-3,-2,-1,-1,1,2,2,2,3,1,1,0,2,2,3,0,0,1,3,3,4,0,0,1,1,2,1,2,2,2,0,0,-1,0,-1,0]","[-2,-2,-2,-1,1,1,2,3,-1,0,1,1,2,1,3,0,2,1,1,0,2,1,1,2,1,3,1,2,2,4,0,1,1,1,1,-2]",c,"[[{8, 2}, {3, 7}, {4, 6}, {1, 5}], [{8, 4}, {3, 7}, {2, 6}, {1, 5}], [{8, 6}, {3, 7}, {1, 5}, {2, 4}], [{8, 6}, {7}, {1, 5}, {2, 4}, {3}]]",1,4 K_1^3 + 4 K_1^2 K_2 - 16 K_1^2 - 10 K_1 K_2 - 4 K_1 K_3 + 2 K_1 + 8 K_2 + 4 K_3 + K_4 + 8,O1O2O3O4U1U5O6U2U4O5O7U8U7U6O8U3,O1O2O3U2U4O5O6U1O4O7U5U8U6U7O8U3,O1O2O3U1O4U5U6U4U7O5O8U3O6O7U8U2,c,"{'O1O2O3O4U2O5U6U7U5O8O6U1U3U8O7U4', 'O1O2O3O4U2O5U6U7U5O7O8U1U3O6U8U4'}",2,"<a href=""/flatknot/8.704214"">8.704214</a>",t^9-74t^7-278t^6-188t^5+184t^4+35t^3-82t^2+57t+30,-t^3+2t^2-t,,
8.704215,O1O2O3O4U2O5U6U7U5O7O8U1U4O6U8U3,4,18z^2+71z+71,18w^3z^2+71w^2z+71w,False,False,"[[ 0 -2 -2  2  2  2 -2 -1  1],[ 2  0  0  3  2  1  0  1  1],[ 2  0  0  2  1  0  1  2  1],[-2 -3 -2  0  0  2 -3 -3  0],[-2 -2 -1  0  0  1 -3 -3  0],[-2 -1  0 -2 -1  0 -1 -2 -1],[ 2  0 -1  3  3  1  0  1  1],[ 1 -1 -2  3  3  2 -1  0  1],[-1 -1 -1  0  0  1 -1 -1  0]]","[[ 0  2  2  2  1 -1 -2 -2 -2],[-2  0  2  0  0 -3 -2 -3 -3],[-2 -2  0 -1 -1 -2  0 -1 -1],[-2  0  1  0  0 -3 -1 -2 -3],[-1  0  1  0  0 -1 -1 -1 -1],[ 1  3  2  3  1  0 -2 -1 -1],[ 2  2  0  1  1  2  0  0  1],[ 2  3  1  2  1  1  0  0  0],[ 2  3  1  3  1  1 -1  0  0]]",True,"[-2,-2,-2,-1,1,2,2,2,-2,0,0,3,2,3,3,1,1,2,0,1,1,0,3,1,2,3,1,1,1,1,2,1,1,0,-1,0]","[-2,-2,-2,-1,1,2,2,2,-2,-1,0,1,3,3,4,0,1,0,1,1,2,1,0,1,2,3,1,2,2,2,0,0,-1,0,-1,0]",t^8+77t^6+147t^4+39t^2,"[-2,-2,-2,-1,1,2,2,2,-1,0,-1,2,2,3,4,0,0,2,1,1,3,0,2,1,2,3,1,0,0,1,1,1,0,0,-2,-1]","[-2,-2,-2,-1,1,2,2,2,-2,-1,0,1,3,3,4,0,1,0,1,1,2,1,0,1,2,3,1,2,2,2,0,0,-1,0,-1,0]","[-2,-2,-2,-1,1,2,2,2,-1,0,1,1,1,3,3,0,2,1,0,1,2,1,1,1,2,3,1,2,3,3,1,0,0,-1,-2,0]",c,"[[{8, 2}, {3, 7}, {4, 6}, {1, 5}], [{8, 3}, {2, 7}, {4, 6}, {1, 5}], [{8, 7}, {4, 6}, {1, 5}, {2, 3}]]",1,12 K_1^3 + 4 K_1^2 K_2 - 16 K_1^2 - 16 K_1 K_2 - 4 K_1 K_3 - K_1 + 8 K_2 + 5 K_3 + K_4 + 8,O1O2O3O4U2U5O6U1U4O5O7U8U7U6O8U3,O1O2O3U2U4O5O6U1O4O7U5U8U7U6O8U3,O1O2O3U1O4U5U6U4U7O6O8U3O5O7U8U2,c,"{'O1O2O3O4U2O5U6U7U5O7O8U1U4O6U8U3', 'O1O2O3O4U2O5U6U7U5O8O6U1U4U8O7U3'}",2,"<a href=""/flatknot/8.704215"">8.704215</a>",t^9-77t^7-216t^6+71t^5+230t^4-139t^3-30t^2+39t-10,0,,
8.704216,O1O2O3O4U2O5U6U7U5O7O8U1U8O6U3U4,4,6z^3+46z^2+105z+75,6w^4z^3+46w^3z^2-8w^3z+113w^2z+75w,False,False,"[[ 0 -2 -2  1  3  2 -2 -1  1],[ 2  0  0  2  3  1  0  1  1],[ 2  0  0  1  2  0  2  2  0],[-1 -2 -1  0  1  2 -2 -2  0],[-3 -3 -2 -1  0  2 -4 -4  0],[-2 -1  0 -2 -2  0 -1 -2  0],[ 2  0 -2  2  4  1  0  1  1],[ 1 -1 -2  2  4  2 -1  0  1],[-1 -1  0  0  0  0 -1 -1  0]]","[[ 0  3  2  1  1 -1 -2 -2 -2],[-3  0  2  0 -1 -4 -2 -3 -4],[-2 -2  0  0 -2 -2  0 -1 -1],[-1  0  0  0  0 -1  0 -1 -1],[-1  1  2  0  0 -2 -1 -2 -2],[ 1  4  2  1  2  0 -2 -1 -1],[ 2  2  0  0  1  2  0  0  2],[ 2  3  1  1  2  1  0  0  0],[ 2  4  1  1  2  1 -2  0  0]]",True,"[-3,-2,-1,-1,1,2,2,2,-2,0,1,4,2,3,4,0,2,2,0,1,1,0,1,0,1,1,2,1,2,2,2,1,1,0,-2,0]","[-3,-2,-1,-1,1,2,2,2,-2,0,1,4,2,3,4,0,2,2,0,1,1,0,1,0,1,1,2,1,2,2,2,1,1,0,-2,0]",t^8+86t^6+213t^4+93t^2+1,"[-2,-2,-2,-1,1,1,2,3,-2,0,-1,2,3,4,3,0,0,1,2,3,1,0,1,2,3,2,0,1,1,0,0,-1,1,1,2,3]","[-3,-2,-1,-1,1,2,2,2,3,1,2,0,1,2,3,-1,1,1,3,3,4,0,0,1,1,2,1,2,2,3,0,0,-1,0,-2,0]","[-2,-2,-2,-1,1,1,2,3,-2,0,1,1,2,1,4,0,2,0,1,0,2,1,1,2,1,3,1,2,2,4,0,0,0,2,1,-2]",c,"[[{8, 1}, {2, 7}, {3, 6}, {4, 5}], [{8, 1}, {2, 7}, {3, 6}, {5}, {4}], [{8, 1}, {2, 7}, {4, 6}, {3, 5}], [{8, 1}, {2, 7}, {5, 6}, {3, 4}], [{8, 1}, {2, 7}, {5, 6}, {4}, {3}], [{8, 1}, {2, 7}, {6}, {3, 5}, {4}], [{8, 1}, {3, 7}, {2, 6}, {4, 5}], [{8, 1}, {3, 7}, {4, 6}, {2, 5}], [{8, 1}, {3, 7}, {4, 6}, {5}, {2}], [{8, 1}, {3, 7}, {5, 6}, {2, 4}], [{8, 1}, {4, 7}, {2, 6}, {3, 5}], [{8, 1}, {4, 7}, {3, 6}, {2, 5}], [{8, 1}, {4, 7}, {5, 6}, {2, 3}], [{8, 1}, {5, 7}, {2, 6}, {3, 4}], [{8, 1}, {5, 7}, {3, 6}, {2, 4}], [{8, 1}, {5, 7}, {4, 6}, {2, 3}], [{8, 1}, {5, 7}, {6}, {2, 4}, {3}], [{8, 1}, {6, 7}, {2, 5}, {3, 4}], [{8, 1}, {6, 7}, {3, 5}, {2, 4}], [{8, 1}, {6, 7}, {3, 5}, {4}, {2}], [{8, 1}, {6, 7}, {4, 5}, {2, 3}], [{8, 1}, {6, 7}, {4, 5}, {3}, {2}], [{8, 1}, {6, 7}, {5}, {3, 4}, {2}], [{8, 1}, {7}, {2, 6}, {3, 5}, {4}], [{8, 2}, {1, 7}, {3, 6}, {4, 5}], [{8, 2}, {1, 7}, {4, 6}, {3, 5}], [{8, 2}, {1, 7}, {4, 6}, {5}, {3}], [{8, 2}, {1, 7}, {5, 6}, {3, 4}], [{8, 2}, {1, 7}, {5, 6}, {4}, {3}], [{8, 2}, {1, 7}, {6}, {4, 5}, {3}], [{8, 2}, {3, 7}, {1, 6}, {4, 5}], [{8, 2}, {3, 7}, {4, 6}, {1, 5}], [{8, 2}, {3, 7}, {5, 6}, {1, 4}], [{8, 2}, {4, 7}, {1, 6}, {3, 5}], [{8, 2}, {4, 7}, {1, 6}, {5}, {3}], [{8, 2}, {4, 7}, {3, 6}, {1, 5}], [{8, 2}, {4, 7}, {5, 6}, {1, 3}], [{8, 2}, {5, 7}, {1, 6}, {3, 4}], [{8, 2}, {5, 7}, {1, 6}, {4}, {3}], [{8, 2}, {5, 7}, {3, 6}, {1, 4}], [{8, 2}, {5, 7}, {4, 6}, {1, 3}], [{8, 2}, {6, 7}, {1, 5}, {3, 4}], [{8, 2}, {6, 7}, {1, 5}, {4}, {3}], [{8, 2}, {6, 7}, {3, 5}, {1, 4}], [{8, 2}, {6, 7}, {3, 5}, {4}, {1}], [{8, 2}, {6, 7}, {4, 5}, {1, 3}], [{8, 2}, {6, 7}, {4, 5}, {3}, {1}], [{8, 2}, {6, 7}, {5}, {1, 4}, {3}], [{8, 2}, {6, 7}, {5}, {3, 4}, {1}], [{8, 2}, {6, 7}, {5}, {4}, {1, 3}], [{8, 2}, {7}, {1, 6}, {4, 5}, {3}], [{8, 3}, {1, 7}, {2, 6}, {4, 5}], [{8, 3}, {1, 7}, {4, 6}, {2, 5}], [{8, 3}, {1, 7}, {4, 6}, {5}, {2}], [{8, 3}, {1, 7}, {5, 6}, {2, 4}], [{8, 3}, {1, 7}, {5, 6}, {4}, {2}], [{8, 3}, {1, 7}, {6}, {4, 5}, {2}], [{8, 3}, {2, 7}, {1, 6}, {4, 5}], [{8, 3}, {2, 7}, {1, 6}, {5}, {4}], [{8, 3}, {2, 7}, {4, 6}, {1, 5}], [{8, 3}, {2, 7}, {5, 6}, {1, 4}], [{8, 3}, {2, 7}, {5, 6}, {4}, {1}], [{8, 3}, {2, 7}, {6}, {1, 5}, {4}], [{8, 3}, {4, 7}, {1, 6}, {2, 5}], [{8, 3}, {4, 7}, {2, 6}, {1, 5}], [{8, 3}, {4, 7}, {5, 6}, {1, 2}], [{8, 3}, {4, 7}, {6}, {1, 5}, {2}], [{8, 3}, {4, 7}, {6}, {2, 5}, {1}], [{8, 3}, {4, 7}, {6}, {5}, {1, 2}], [{8, 3}, {5, 7}, {1, 6}, {2, 4}], [{8, 3}, {5, 7}, {2, 6}, {1, 4}], [{8, 3}, {5, 7}, {4, 6}, {1, 2}], [{8, 3}, {5, 7}, {6}, {1, 4}, {2}], [{8, 3}, {6, 7}, {1, 5}, {2, 4}], [{8, 3}, {6, 7}, {2, 5}, {1, 4}], [{8, 3}, {6, 7}, {4, 5}, {1, 2}], [{8, 3}, {7}, {5, 6}, {4}, {1, 2}], [{8, 3}, {7}, {6}, {1, 5}, {2, 4}], [{8, 4}, {1, 7}, {2, 6}, {3, 5}], [{8, 4}, {1, 7}, {3, 6}, {2, 5}], [{8, 4}, {1, 7}, {5, 6}, {2, 3}], [{8, 4}, {2, 7}, {1, 6}, {3, 5}], [{8, 4}, {2, 7}, {3, 6}, {1, 5}], [{8, 4}, {2, 7}, {5, 6}, {1, 3}], [{8, 4}, {3, 7}, {1, 6}, {2, 5}], [{8, 4}, {3, 7}, {2, 6}, {1, 5}], [{8, 4}, {3, 7}, {5, 6}, {1, 2}], [{8, 4}, {3, 7}, {6}, {5}, {1, 2}], [{8, 4}, {5, 7}, {1, 6}, {2, 3}], [{8, 4}, {5, 7}, {2, 6}, {1, 3}], [{8, 4}, {5, 7}, {3, 6}, {1, 2}], [{8, 4}, {6, 7}, {1, 5}, {2, 3}], [{8, 4}, {6, 7}, {2, 5}, {1, 3}], [{8, 4}, {6, 7}, {3, 5}, {1, 2}], [{8, 4}, {6, 7}, {5}, {1, 3}, {2}], [{8, 4}, {7}, {2, 6}, {3, 5}, {1}], [{8, 5}, {1, 7}, {2, 6}, {3, 4}], [{8, 5}, {1, 7}, {3, 6}, {2, 4}], [{8, 5}, {1, 7}, {3, 6}, {4}, {2}], [{8, 5}, {1, 7}, {4, 6}, {2, 3}], [{8, 5}, {1, 7}, {6}, {2, 4}, {3}], [{8, 5}, {2, 7}, {1, 6}, {3, 4}], [{8, 5}, {2, 7}, {1, 6}, {4}, {3}], [{8, 5}, {2, 7}, {3, 6}, {1, 4}], [{8, 5}, {2, 7}, {3, 6}, {4}, {1}], [{8, 5}, {2, 7}, {4, 6}, {1, 3}], [{8, 5}, {2, 7}, {6}, {4}, {1, 3}], [{8, 5}, {3, 7}, {1, 6}, {2, 4}], [{8, 5}, {3, 7}, {2, 6}, {1, 4}], [{8, 5}, {3, 7}, {4, 6}, {1, 2}], [{8, 5}, {4, 7}, {1, 6}, {2, 3}], [{8, 5}, {4, 7}, {2, 6}, {1, 3}], [{8, 5}, {4, 7}, {3, 6}, {1, 2}], [{8, 5}, {4, 7}, {6}, {2, 3}, {1}], [{8, 5}, {6, 7}, {1, 4}, {2, 3}], [{8, 5}, {6, 7}, {1, 4}, {3}, {2}], [{8, 5}, {6, 7}, {2, 4}, {1, 3}], [{8, 5}, {6, 7}, {3, 4}, {1, 2}], [{8, 5}, {7}, {3, 6}, {4}, {1, 2}], [{8, 6}, {1, 7}, {2, 5}, {3, 4}], [{8, 6}, {1, 7}, {3, 5}, {2, 4}], [{8, 6}, {1, 7}, {4, 5}, {2, 3}], [{8, 6}, {2, 7}, {1, 5}, {3, 4}], [{8, 6}, {2, 7}, {1, 5}, {4}, {3}], [{8, 6}, {2, 7}, {3, 5}, {1, 4}], [{8, 6}, {2, 7}, {3, 5}, {4}, {1}], [{8, 6}, {2, 7}, {4, 5}, {1, 3}], [{8, 6}, {2, 7}, {4, 5}, {3}, {1}], [{8, 6}, {2, 7}, {5}, {1, 4}, {3}], [{8, 6}, {2, 7}, {5}, {3, 4}, {1}], [{8, 6}, {2, 7}, {5}, {4}, {1, 3}], [{8, 6}, {2, 7}, {5}, {4}, {3}, {1}], [{8, 6}, {3, 7}, {1, 5}, {2, 4}], [{8, 6}, {3, 7}, {2, 5}, {1, 4}], [{8, 6}, {3, 7}, {4, 5}, {1, 2}], [{8, 6}, {4, 7}, {1, 5}, {2, 3}], [{8, 6}, {4, 7}, {1, 5}, {3}, {2}], [{8, 6}, {4, 7}, {2, 5}, {1, 3}], [{8, 6}, {4, 7}, {3, 5}, {1, 2}], [{8, 6}, {4, 7}, {3, 5}, {2}, {1}], [{8, 6}, {4, 7}, {5}, {1, 3}, {2}], [{8, 6}, {5, 7}, {1, 4}, {2, 3}], [{8, 6}, {5, 7}, {1, 4}, {3}, {2}], [{8, 6}, {5, 7}, {2, 4}, {1, 3}], [{8, 6}, {5, 7}, {3, 4}, {1, 2}], [{8, 6}, {7}, {1, 5}, {2, 4}, {3}], [{8, 6}, {7}, {2, 5}, {1, 4}, {3}], [{8, 6}, {7}, {3, 5}, {2, 4}, {1}], [{8, 6}, {7}, {5}, {2, 4}, {1, 3}], [{8, 7}, {1, 6}, {2, 5}, {3, 4}], [{8, 7}, {1, 6}, {3, 5}, {2, 4}], [{8, 7}, {1, 6}, {4, 5}, {2, 3}], [{8, 7}, {1, 6}, {5}, {3, 4}, {2}], [{8, 7}, {2, 6}, {1, 5}, {3, 4}], [{8, 7}, {2, 6}, {3, 5}, {1, 4}], [{8, 7}, {2, 6}, {4, 5}, {1, 3}], [{8, 7}, {2, 6}, {4, 5}, {3}, {1}], [{8, 7}, {3, 6}, {1, 5}, {2, 4}], [{8, 7}, {3, 6}, {2, 5}, {1, 4}], [{8, 7}, {3, 6}, {4, 5}, {1, 2}], [{8, 7}, {3, 6}, {5}, {4}, {1, 2}], [{8, 7}, {4, 6}, {1, 5}, {2, 3}], [{8, 7}, {4, 6}, {1, 5}, {3}, {2}], [{8, 7}, {4, 6}, {2, 5}, {1, 3}], [{8, 7}, {4, 6}, {3, 5}, {1, 2}], [{8, 7}, {5, 6}, {1, 4}, {2, 3}], [{8, 7}, {5, 6}, {2, 4}, {1, 3}], [{8, 7}, {5, 6}, {2, 4}, {3}, {1}], [{8, 7}, {5, 6}, {3, 4}, {1, 2}], [{8, 7}, {6}, {2, 5}, {1, 4}, {3}], [{8, 7}, {6}, {5}, {2, 4}, {1, 3}], [{8}, {1, 7}, {3, 6}, {5}, {2, 4}], [{8}, {1, 7}, {4, 6}, {5}, {2, 3}], [{8}, {1, 7}, {5, 6}, {4}, {2, 3}], [{8}, {1, 7}, {6}, {4, 5}, {2, 3}], [{8}, {2, 7}, {1, 6}, {3, 5}, {4}], [{8}, {2, 7}, {3, 6}, {1, 5}, {4}], [{8}, {2, 7}, {5, 6}, {4}, {1, 3}], [{8}, {3, 7}, {4, 6}, {2, 5}, {1}], [{8}, {3, 7}, {5, 6}, {1, 4}, {2}], [{8}, {4, 7}, {3, 6}, {1, 5}, {2}], [{8}, {4, 7}, {5, 6}, {3}, {1, 2}], [{8}, {5, 7}, {2, 6}, {3, 4}, {1}], [{8}, {5, 7}, {3, 6}, {1, 4}, {2}], [{8}, {5, 7}, {3, 6}, {2, 4}, {1}], [{8}, {5, 7}, {3, 6}, {4}, {1, 2}], [{8}, {5, 7}, {4, 6}, {1, 3}, {2}], [{8}, {6, 7}, {2, 5}, {1, 4}, {3}], [{8}, {6, 7}, {3, 5}, {4}, {1, 2}], [{8}, {6, 7}, {4, 5}, {3}, {1, 2}], [{8}, {6, 7}, {5}, {2, 4}, {1, 3}], [{8}, {6, 7}, {5}, {3, 4}, {1, 2}], [{8}, {7}, {1, 6}, {2, 5}, {3, 4}], [{8}, {7}, {2, 6}, {3, 5}, {1, 4}], [{8}, {7}, {3, 6}, {1, 5}, {2, 4}]]",2,12 K_1^3 + 8 K_1^2 K_2 - 8 K_1^2 - 14 K_1 K_2 - 4 K_1 K_3 - 2 K_1 + 2 K_2 + 4 K_3 + 3,O1O2O3O4U1U2O5U6U4O6O7U8U7U5O8U3,O1O2O3U2U4O5O4U1O6O7U5U8U6U7O8U3,O1O2O3U1O4U5U6U4U7O5O6U3O8O7U8U2,c,{'O1O2O3O4U2O5U6U7U5O7O8U1U8O6U3U4'},1,"<a href=""/flatknot/8.704216"">8.704216</a>",t^9-84t^7-314t^6-101t^5+708t^4+690t^3-222t^2-374t-56,-t^3+2t^2-t,,
8.704217,O1O2O3O4U2O5U6U7U5O7O8U1U8O6U4U3,4,33z^2+118z+105,33w^3z^2+118w^2z+105w,False,False,"[[ 0 -2 -2  2  2  2 -2 -1  1],[ 2  0  0  3  2  1  0  1  1],[ 2  0  0  2  1  0  2  2  0],[-2 -3 -2  0  0  2 -3 -3  0],[-2 -2 -1  0  0  2 -3 -3  0],[-2 -1  0 -2 -2  0 -1 -2  0],[ 2  0 -2  3  3  1  0  1  1],[ 1 -1 -2  3  3  2 -1  0  1],[-1 -1  0  0  0  0 -1 -1  0]]","[[ 0  2  2  2  1 -1 -2 -2 -2],[-2  0  2  0  0 -3 -1 -2 -3],[-2 -2  0 -2  0 -2  0 -1 -1],[-2  0  2  0  0 -3 -2 -3 -3],[-1  0  0  0  0 -1  0 -1 -1],[ 1  3  2  3  1  0 -2 -1 -1],[ 2  1  0  2  0  2  0  0  2],[ 2  2  1  3  1  1  0  0  0],[ 2  3  1  3  1  1 -2  0  0]]",True,"[-2,-2,-2,-1,1,2,2,2,-2,0,0,3,1,2,3,2,0,2,0,1,1,0,3,2,3,3,1,0,1,1,2,1,1,0,-2,0]","[-2,-2,-2,-1,1,2,2,2,-2,-2,1,1,3,3,4,0,1,0,1,1,2,1,0,1,2,3,1,2,2,3,0,0,-1,0,-2,0]",t^8+81t^6+222t^4+98t^2+4,"[-2,-2,-2,-1,1,2,2,2,-2,0,-1,3,2,3,4,0,0,2,1,1,3,0,2,1,2,3,1,0,0,1,1,1,1,0,-2,-2]","[-2,-2,-2,-1,1,2,2,2,-2,-2,1,1,3,3,4,0,1,0,1,1,2,1,0,1,2,3,1,2,2,3,0,0,-1,0,-2,0]","[-2,-2,-2,-1,1,2,2,2,-2,0,1,1,1,3,3,0,2,0,0,1,2,1,1,1,2,3,1,2,3,3,0,0,0,-2,-2,0]",c,"[[{8, 3}, {6, 7}, {1, 5}, {2, 4}], [{8, 6}, {3, 7}, {1, 5}, {2, 4}], [{8, 7}, {3, 6}, {1, 5}, {2, 4}]]",1,8 K_1^3 + 8 K_1^2 K_2 - 8 K_1^2 - 4 K_1 K_2 - 4 K_1 K_3 - 4 K_1 + 2 K_2 + 3,O1O2O3O4U2U1O5U6U4O6O7U8U7U5O8U3,O1O2O3U2U4O5O4U1O6O7U5U8U7U6O8U3,O1O2O3U1O4U5U6U4U7O6O5U3O8O7U8U2,c,{'O1O2O3O4U2O5U6U7U5O7O8U1U8O6U4U3'},1,"<a href=""/flatknot/8.704217"">8.704217</a>",t^9-81t^7-250t^6+96t^5+554t^4-96t^3-418t^2+49t+12,0,,
8.704218,O1O2O3O4U2O5U6U7U5O7O8U3U1O6U4U8,4,17z^2+102z+137,17w^3z^2+102w^2z+137w,False,False,"[[ 0 -1 -2  0  2  2 -2 -1  2],[ 1  0 -1  1  2  1 -1  0  2],[ 2  1  0  1  2  0  1  2  2],[ 0 -1 -1  0  0  1 -1 -1  1],[-2 -2 -2  0  0  2 -3 -3  0],[-2 -1  0 -1 -2  0 -1 -2 -1],[ 2  1 -1  1  3  1  0  1  2],[ 1  0 -2  1  3  2 -1  0  2],[-2 -2 -2 -1  0  1 -2 -2  0]]","[[ 0  2  2  2  0 -1 -1 -2 -2],[-2  0  2  0  0 -2 -3 -2 -3],[-2 -2  0 -1 -1 -1 -2  0 -1],[-2  0  1  0 -1 -2 -2 -2 -2],[ 0  0  1  1  0 -1 -1 -1 -1],[ 1  2  1  2  1  0  0 -1 -1],[ 1  3  2  2  1  0  0 -2 -1],[ 2  2  0  2  1  1  2  0  1],[ 2  3  1  2  1  1  1 -1  0]]",True,"[-2,-2,-2,0,1,1,2,2,-2,0,0,2,3,2,3,1,1,1,2,0,1,1,2,2,2,2,1,1,1,1,0,1,1,2,1,-1]","[-2,-2,-2,0,1,1,2,2,-2,-1,1,1,2,3,4,0,2,0,1,1,2,1,1,1,2,2,0,0,1,1,0,0,-1,0,0,-1]",t^8+67t^6+105t^4+24t^2,"[-2,-2,-1,-1,0,2,2,2,-1,-1,0,1,2,2,4,0,0,1,1,2,3,0,0,0,1,1,0,1,1,2,2,1,1,0,-2,-1]","[-2,-2,-2,0,1,1,2,2,-2,-1,1,1,2,3,4,0,2,0,1,1,2,1,1,1,2,2,0,0,1,1,0,0,-1,0,0,-1]","[-2,-2,-1,-1,0,2,2,2,-1,1,1,1,1,2,3,1,2,1,0,2,2,0,1,1,2,2,1,2,2,3,1,1,0,-1,-2,0]",c,"[[{8, 1}, {2, 7}, {3, 6}, {4, 5}], [{8, 1}, {2, 7}, {4, 6}, {3, 5}], [{8, 1}, {2, 7}, {5, 6}, {3, 4}], [{8, 1}, {2, 7}, {6}, {4, 5}, {3}], [{8, 1}, {3, 7}, {2, 6}, {4, 5}], [{8, 1}, {3, 7}, {4, 6}, {2, 5}], [{8, 1}, {3, 7}, {5, 6}, {2, 4}], [{8, 1}, {3, 7}, {6}, {4, 5}, {2}], [{8, 1}, {4, 7}, {2, 6}, {3, 5}], [{8, 1}, {4, 7}, {3, 6}, {2, 5}], [{8, 1}, {4, 7}, {5, 6}, {2, 3}], [{8, 1}, {5, 7}, {2, 6}, {3, 4}], [{8, 1}, {5, 7}, {3, 6}, {2, 4}], [{8, 1}, {5, 7}, {4, 6}, {2, 3}], [{8, 1}, {5, 7}, {6}, {3, 4}, {2}], [{8, 1}, {6, 7}, {2, 5}, {3, 4}], [{8, 1}, {6, 7}, {3, 5}, {2, 4}], [{8, 1}, {6, 7}, {4, 5}, {2, 3}], [{8, 1}, {7}, {2, 6}, {3, 5}, {4}], [{8, 1}, {7}, {3, 6}, {5}, {2, 4}], [{8, 1}, {7}, {4, 6}, {3, 5}, {2}], [{8, 1}, {7}, {5, 6}, {2, 4}, {3}], [{8, 1}, {7}, {6}, {3, 5}, {2, 4}], [{8, 1}, {7}, {6}, {4, 5}, {2, 3}], [{8, 2}, {1, 7}, {3, 6}, {4, 5}], [{8, 2}, {1, 7}, {4, 6}, {3, 5}], [{8, 2}, {1, 7}, {5, 6}, {3, 4}], [{8, 2}, {1, 7}, {5, 6}, {4}, {3}], [{8, 2}, {1, 7}, {6}, {5}, {3, 4}], [{8, 2}, {3, 7}, {1, 6}, {4, 5}], [{8, 2}, {3, 7}, {1, 6}, {5}, {4}], [{8, 2}, {3, 7}, {4, 6}, {1, 5}], [{8, 2}, {3, 7}, {5, 6}, {1, 4}], [{8, 2}, {4, 7}, {1, 6}, {3, 5}], [{8, 2}, {4, 7}, {3, 6}, {1, 5}], [{8, 2}, {4, 7}, {5, 6}, {1, 3}], [{8, 2}, {4, 7}, {5, 6}, {3}, {1}], [{8, 2}, {5, 7}, {1, 6}, {3, 4}], [{8, 2}, {5, 7}, {1, 6}, {4}, {3}], [{8, 2}, {5, 7}, {3, 6}, {1, 4}], [{8, 2}, {5, 7}, {4, 6}, {1, 3}], [{8, 2}, {6, 7}, {1, 5}, {3, 4}], [{8, 2}, {6, 7}, {3, 5}, {1, 4}], [{8, 2}, {6, 7}, {4, 5}, {1, 3}], [{8, 2}, {7}, {1, 6}, {3, 5}, {4}], [{8, 2}, {7}, {3, 6}, {5}, {1, 4}], [{8, 2}, {7}, {4, 6}, {3, 5}, {1}], [{8, 2}, {7}, {5, 6}, {1, 4}, {3}], [{8, 2}, {7}, {6}, {3, 5}, {1, 4}], [{8, 2}, {7}, {6}, {4, 5}, {1, 3}], [{8, 3}, {1, 7}, {2, 6}, {4, 5}], [{8, 3}, {1, 7}, {2, 6}, {5}, {4}], [{8, 3}, {1, 7}, {4, 6}, {2, 5}], [{8, 3}, {1, 7}, {4, 6}, {5}, {2}], [{8, 3}, {1, 7}, {5, 6}, {2, 4}], [{8, 3}, {1, 7}, {5, 6}, {4}, {2}], [{8, 3}, {1, 7}, {6}, {2, 5}, {4}], [{8, 3}, {1, 7}, {6}, {4, 5}, {2}], [{8, 3}, {1, 7}, {6}, {5}, {2, 4}], [{8, 3}, {1, 7}, {6}, {5}, {4}, {2}], [{8, 3}, {2, 7}, {1, 6}, {4, 5}], [{8, 3}, {2, 7}, {1, 6}, {5}, {4}], [{8, 3}, {2, 7}, {4, 6}, {1, 5}], [{8, 3}, {2, 7}, {5, 6}, {1, 4}], [{8, 3}, {4, 7}, {1, 6}, {2, 5}], [{8, 3}, {4, 7}, {2, 6}, {1, 5}], [{8, 3}, {4, 7}, {2, 6}, {5}, {1}], [{8, 3}, {4, 7}, {5, 6}, {1, 2}], [{8, 3}, {5, 7}, {1, 6}, {2, 4}], [{8, 3}, {5, 7}, {2, 6}, {1, 4}], [{8, 3}, {5, 7}, {2, 6}, {4}, {1}], [{8, 3}, {5, 7}, {4, 6}, {1, 2}], [{8, 3}, {6, 7}, {1, 5}, {2, 4}], [{8, 3}, {6, 7}, {2, 5}, {1, 4}], [{8, 3}, {6, 7}, {4, 5}, {1, 2}], [{8, 3}, {6, 7}, {5}, {4}, {1, 2}], [{8, 3}, {7}, {2, 6}, {1, 5}, {4}], [{8, 3}, {7}, {2, 6}, {4, 5}, {1}], [{8, 3}, {7}, {2, 6}, {5}, {1, 4}], [{8, 3}, {7}, {2, 6}, {5}, {4}, {1}], [{8, 4}, {1, 7}, {2, 6}, {3, 5}], [{8, 4}, {1, 7}, {3, 6}, {2, 5}], [{8, 4}, {1, 7}, {5, 6}, {2, 3}], [{8, 4}, {1, 7}, {5, 6}, {3}, {2}], [{8, 4}, {1, 7}, {6}, {5}, {2, 3}], [{8, 4}, {2, 7}, {1, 6}, {3, 5}], [{8, 4}, {2, 7}, {3, 6}, {1, 5}], [{8, 4}, {2, 7}, {5, 6}, {1, 3}], [{8, 4}, {2, 7}, {6}, {5}, {1, 3}], [{8, 4}, {3, 7}, {1, 6}, {2, 5}], [{8, 4}, {3, 7}, {2, 6}, {1, 5}], [{8, 4}, {3, 7}, {5, 6}, {1, 2}], [{8, 4}, {3, 7}, {6}, {5}, {1, 2}], [{8, 4}, {5, 7}, {1, 6}, {2, 3}], [{8, 4}, {5, 7}, {2, 6}, {1, 3}], [{8, 4}, {5, 7}, {3, 6}, {1, 2}], [{8, 4}, {5, 7}, {6}, {3}, {1, 2}], [{8, 4}, {6, 7}, {1, 5}, {2, 3}], [{8, 4}, {6, 7}, {2, 5}, {1, 3}], [{8, 4}, {6, 7}, {3, 5}, {1, 2}], [{8, 4}, {7}, {1, 6}, {3, 5}, {2}], [{8, 4}, {7}, {2, 6}, {3, 5}, {1}], [{8, 4}, {7}, {3, 6}, {2, 5}, {1}], [{8, 4}, {7}, {6}, {3, 5}, {1, 2}], [{8, 5}, {1, 7}, {2, 6}, {3, 4}], [{8, 5}, {1, 7}, {2, 6}, {4}, {3}], [{8, 5}, {1, 7}, {3, 6}, {2, 4}], [{8, 5}, {1, 7}, {4, 6}, {2, 3}], [{8, 5}, {1, 7}, {4, 6}, {3}, {2}], [{8, 5}, {1, 7}, {6}, {2, 4}, {3}], [{8, 5}, {2, 7}, {1, 6}, {3, 4}], [{8, 5}, {2, 7}, {3, 6}, {1, 4}], [{8, 5}, {2, 7}, {3, 6}, {4}, {1}], [{8, 5}, {2, 7}, {4, 6}, {1, 3}], [{8, 5}, {3, 7}, {1, 6}, {2, 4}], [{8, 5}, {3, 7}, {2, 6}, {1, 4}], [{8, 5}, {3, 7}, {2, 6}, {4}, {1}], [{8, 5}, {3, 7}, {4, 6}, {1, 2}], [{8, 5}, {4, 7}, {1, 6}, {2, 3}], [{8, 5}, {4, 7}, {2, 6}, {1, 3}], [{8, 5}, {4, 7}, {2, 6}, {3}, {1}], [{8, 5}, {4, 7}, {3, 6}, {1, 2}], [{8, 5}, {6, 7}, {1, 4}, {2, 3}], [{8, 5}, {6, 7}, {2, 4}, {1, 3}], [{8, 5}, {6, 7}, {3, 4}, {1, 2}], [{8, 5}, {6, 7}, {4}, {2, 3}, {1}], [{8, 5}, {7}, {1, 6}, {3, 4}, {2}], [{8, 5}, {7}, {2, 6}, {1, 4}, {3}], [{8, 5}, {7}, {2, 6}, {3, 4}, {1}], [{8, 5}, {7}, {2, 6}, {4}, {1, 3}], [{8, 5}, {7}, {2, 6}, {4}, {3}, {1}], [{8, 5}, {7}, {6}, {3, 4}, {1, 2}], [{8, 6}, {1, 7}, {2, 5}, {3, 4}], [{8, 6}, {1, 7}, {3, 5}, {2, 4}], [{8, 6}, {1, 7}, {4, 5}, {2, 3}], [{8, 6}, {1, 7}, {5}, {2, 4}, {3}], [{8, 6}, {2, 7}, {1, 5}, {3, 4}], [{8, 6}, {2, 7}, {3, 5}, {1, 4}], [{8, 6}, {2, 7}, {4, 5}, {1, 3}], [{8, 6}, {2, 7}, {5}, {3, 4}, {1}], [{8, 6}, {3, 7}, {1, 5}, {2, 4}], [{8, 6}, {3, 7}, {2, 5}, {1, 4}], [{8, 6}, {3, 7}, {4, 5}, {1, 2}], [{8, 6}, {3, 7}, {5}, {2, 4}, {1}], [{8, 6}, {4, 7}, {1, 5}, {2, 3}], [{8, 6}, {4, 7}, {2, 5}, {1, 3}], [{8, 6}, {4, 7}, {3, 5}, {1, 2}], [{8, 6}, {4, 7}, {5}, {2, 3}, {1}], [{8, 6}, {5, 7}, {1, 4}, {2, 3}], [{8, 6}, {5, 7}, {2, 4}, {1, 3}], [{8, 6}, {5, 7}, {2, 4}, {3}, {1}], [{8, 6}, {5, 7}, {3, 4}, {1, 2}], [{8, 6}, {7}, {1, 5}, {2, 4}, {3}], [{8, 6}, {7}, {3, 5}, {1, 4}, {2}], [{8, 6}, {7}, {3, 5}, {2, 4}, {1}], [{8, 6}, {7}, {3, 5}, {4}, {1, 2}], [{8, 6}, {7}, {5}, {2, 4}, {1, 3}], [{8, 7}, {1, 6}, {2, 5}, {3, 4}], [{8, 7}, {1, 6}, {3, 5}, {2, 4}], [{8, 7}, {1, 6}, {4, 5}, {2, 3}], [{8, 7}, {1, 6}, {5}, {4}, {2, 3}], [{8, 7}, {2, 6}, {1, 5}, {3, 4}], [{8, 7}, {2, 6}, {3, 5}, {1, 4}], [{8, 7}, {2, 6}, {3, 5}, {4}, {1}], [{8, 7}, {2, 6}, {4, 5}, {1, 3}], [{8, 7}, {3, 6}, {1, 5}, {2, 4}], [{8, 7}, {3, 6}, {2, 5}, {1, 4}], [{8, 7}, {3, 6}, {4, 5}, {1, 2}], [{8, 7}, {3, 6}, {5}, {2, 4}, {1}], [{8, 7}, {4, 6}, {1, 5}, {2, 3}], [{8, 7}, {4, 6}, {2, 5}, {1, 3}], [{8, 7}, {4, 6}, {3, 5}, {1, 2}], [{8, 7}, {4, 6}, {3, 5}, {2}, {1}], [{8, 7}, {5, 6}, {1, 4}, {2, 3}], [{8, 7}, {5, 6}, {2, 4}, {1, 3}], [{8, 7}, {5, 6}, {2, 4}, {3}, {1}], [{8, 7}, {5, 6}, {3, 4}, {1, 2}], [{8, 7}, {6}, {2, 5}, {3, 4}, {1}], [{8, 7}, {6}, {3, 5}, {2, 4}, {1}], [{8}, {1, 7}, {2, 6}, {3, 5}, {4}], [{8}, {1, 7}, {3, 6}, {5}, {2, 4}], [{8}, {1, 7}, {4, 6}, {3, 5}, {2}], [{8}, {1, 7}, {5, 6}, {2, 4}, {3}], [{8}, {1, 7}, {5, 6}, {3, 4}, {2}], [{8}, {1, 7}, {5, 6}, {4}, {2, 3}], [{8}, {1, 7}, {6}, {3, 5}, {2, 4}], [{8}, {1, 7}, {6}, {5}, {2, 4}, {3}], [{8}, {2, 7}, {4, 6}, {3, 5}, {1}], [{8}, {2, 7}, {5, 6}, {4}, {1, 3}], [{8}, {2, 7}, {6}, {1, 5}, {3, 4}], [{8}, {3, 7}, {4, 6}, {2, 5}, {1}], [{8}, {3, 7}, {5, 6}, {4}, {1, 2}], [{8}, {3, 7}, {6}, {1, 5}, {2, 4}], [{8}, {4, 7}, {2, 6}, {3, 5}, {1}], [{8}, {4, 7}, {6}, {1, 5}, {2, 3}], [{8}, {5, 7}, {3, 6}, {4}, {1, 2}], [{8}, {5, 7}, {4, 6}, {2, 3}, {1}], [{8}, {5, 7}, {6}, {2, 4}, {1, 3}], [{8}, {6, 7}, {3, 5}, {2, 4}, {1}], [{8}, {7}, {1, 6}, {3, 5}, {2, 4}], [{8}, {7}, {2, 6}, {3, 5}, {1, 4}], [{8}, {7}, {2, 6}, {3, 5}, {4}, {1}], [{8}, {7}, {4, 6}, {3, 5}, {1, 2}], [{8}, {7}, {4, 6}, {3, 5}, {2}, {1}], [{8}, {7}, {6}, {3, 5}, {2, 4}, {1}]]",2,4 K_1^3 + 4 K_1^2 K_2 - 22 K_1^2 - 8 K_1 K_2 - 4 K_1 K_3 + K_1 + 11 K_2 + 3 K_3 + K_4 + 11,O1O2O3O4U5U1O6U4U2O5O7U8U7U6O8U3,O1O2O3U2U4O5O6U1O7O4U6U8U5U7O8U3,O1O2O3U1O4U5U6U4U7O8O5U3O7O6U8U2,c,{'O1O2O3O4U2O5U6U7U5O7O8U3U1O6U4U8'},1,"<a href=""/flatknot/8.704218"">8.704218</a>",t^9-65t^7-236t^6-184t^5+162t^4+328t^3+4t^2-171t+24,-t^2+2t,,
8.704219,O1O2O3O4U2O5U6U7U5O7O8U3U1O6U8U4,3,6z^2+43z+63,-2w^4z^2+8w^3z^2-6w^3z+49w^2z+63w,False,False,"[[ 0 -1 -2  0  3  2 -2 -1  1],[ 1  0 -1  1  3  1 -1  0  1],[ 2  1  0  1  2  0  1  2  1],[ 0 -1 -1  0  1  1 -1 -1  0],[-3 -3 -2 -1  0  2 -3 -4 -1],[-2 -1  0 -1 -2  0 -1 -2 -1],[ 2  1 -1  1  3  1  0  1  1],[ 1  0 -2  1  4  2 -1  0  1],[-1 -1 -1  0  1  1 -1 -1  0]]","[[ 0  3  2  1  0 -1 -1 -2 -2],[-3  0  2 -1 -1 -3 -4 -2 -3],[-2 -2  0 -1 -1 -1 -2  0 -1],[-1  1  1  0  0 -1 -1 -1 -1],[ 0  1  1  0  0 -1 -1 -1 -1],[ 1  3  1  1  1  0  0 -1 -1],[ 1  4  2  1  1  0  0 -2 -1],[ 2  2  0  1  1  1  2  0  1],[ 2  3  1  1  1  1  1 -1  0]]",True,"[-3,-2,-1,0,1,1,2,2,-2,1,1,3,4,2,3,1,1,1,2,0,1,0,1,1,1,1,1,1,1,1,0,1,1,2,1,-1]","[-3,-2,-1,0,1,1,2,2,-2,1,1,3,4,2,3,1,1,1,2,0,1,0,1,1,1,1,1,1,1,1,0,1,1,2,1,-1]",t^8+68t^6+31t^4,"[-2,-2,-1,-1,0,1,2,3,-1,-1,0,1,2,4,3,0,0,1,2,3,2,0,0,1,1,0,0,1,2,1,1,1,2,0,1,3]","[-3,-2,-1,0,1,1,2,2,3,1,2,0,1,2,3,0,1,1,2,3,4,1,1,1,2,2,0,0,1,1,0,0,-1,0,0,-1]","[-2,-2,-1,-1,0,1,2,3,-1,1,1,1,1,1,3,1,2,1,1,0,2,0,1,1,1,3,1,1,2,4,0,1,1,1,1,-2]",c,"[[{8, 3}, {6, 7}, {1, 5}, {2, 4}], [{8, 3}, {6, 7}, {2, 5}, {1, 4}]]",1,12 K_1^3 - 14 K_1^2 - 10 K_1 K_2 - 4 K_1 + 7 K_2 + 2 K_3 + 8,O1O2O3O4U1U5O6U4U2O5O7U8U7U6O8U3,O1O2O3U2U4O5O6U1O4O7U6U8U5U7O8U3,O1O2O3U1O4U5U6U4U7O5O8U3O7O6U8U2,c,"{'O1O2O3O4U2O5U6U7U5O7O8U3U1O6U8U4', 'O1O2O3O4U2O5U6U7U5O8O6U3U1U8O7U4'}",2,"<a href=""/flatknot/8.704219"">8.704219</a>",t^9-64t^7-256t^6-290t^5-92t^4-55t^3-42t^2+16t,-t^3+t^2+t,,
8.704220,O1O2O3O4U2O5U6U7U5O7O8U3U4O6U1U8,4,32z^2+117z+107,32w^3z^2+117w^2z+107w,False,False,"[[ 0 -1 -2  0  2  2 -2 -1  2],[ 1  0 -2  1  3  2 -2  0  2],[ 2  2  0  1  2  0  0  2  2],[ 0 -1 -1  0  1  1 -2 -1  1],[-2 -3 -2 -1  0  1 -3 -3  0],[-2 -2  0 -1 -1  0 -1 -2 -1],[ 2  2  0  2  3  1  0  1  2],[ 1  0 -2  1  3  2 -1  0  2],[-2 -2 -2 -1  0  1 -2 -2  0]]","[[ 0  2  2  2  0 -1 -1 -2 -2],[-2  0  1  0 -1 -2 -2 -2 -2],[-2 -1  0 -1 -1 -2 -2  0 -1],[-2  0  1  0 -1 -3 -3 -2 -3],[ 0  1  1  1  0 -1 -1 -1 -2],[ 1  2  2  3  1  0  0 -2 -1],[ 1  2  2  3  1  0  0 -2 -2],[ 2  2  0  2  1  2  2  0  0],[ 2  2  1  3  2  1  2  0  0]]",True,"[-2,-2,-2,0,1,1,2,2,-1,0,1,2,2,2,2,1,1,2,2,0,1,1,3,3,2,3,1,1,1,2,0,2,1,2,2,0]","[-2,-2,-2,0,1,1,2,2,-1,-1,1,1,1,3,4,0,1,0,0,1,2,1,1,1,2,2,0,0,0,1,0,-1,-1,0,-1,0]",t^8+81t^6+147t^4+29t^2+1,"[-2,-2,-1,-1,0,2,2,2,0,-1,-1,1,2,2,4,-1,0,0,1,2,3,0,0,0,1,1,0,0,1,1,1,1,1,0,-1,-1]","[-2,-2,-2,0,1,1,2,2,-1,-1,1,1,1,3,4,0,1,0,0,1,2,1,1,1,2,2,0,0,0,1,0,-1,-1,0,-1,0]","[-2,-2,-1,-1,0,2,2,2,0,1,2,2,1,2,3,2,2,1,0,2,2,0,1,2,2,3,1,2,2,3,1,1,1,-1,-1,0]",c,"[[{8, 1}, {2, 7}, {3, 6}, {4, 5}], [{8, 1}, {2, 7}, {4, 6}, {3, 5}], [{8, 1}, {2, 7}, {4, 6}, {5}, {3}], [{8, 1}, {2, 7}, {5, 6}, {3, 4}], [{8, 1}, {2, 7}, {5, 6}, {4}, {3}], [{8, 1}, {2, 7}, {6}, {4, 5}, {3}], [{8, 1}, {3, 7}, {2, 6}, {4, 5}], [{8, 1}, {3, 7}, {4, 6}, {2, 5}], [{8, 1}, {3, 7}, {4, 6}, {5}, {2}], [{8, 1}, {3, 7}, {5, 6}, {2, 4}], [{8, 1}, {4, 7}, {2, 6}, {3, 5}], [{8, 1}, {4, 7}, {3, 6}, {2, 5}], [{8, 1}, {4, 7}, {5, 6}, {2, 3}], [{8, 1}, {4, 7}, {6}, {2, 5}, {3}], [{8, 1}, {5, 7}, {2, 6}, {3, 4}], [{8, 1}, {5, 7}, {3, 6}, {2, 4}], [{8, 1}, {5, 7}, {4, 6}, {2, 3}], [{8, 1}, {5, 7}, {6}, {3, 4}, {2}], [{8, 1}, {6, 7}, {2, 5}, {3, 4}], [{8, 1}, {6, 7}, {3, 5}, {2, 4}], [{8, 1}, {6, 7}, {4, 5}, {2, 3}], [{8, 1}, {7}, {3, 6}, {2, 5}, {4}], [{8, 1}, {7}, {4, 6}, {5}, {2, 3}], [{8, 2}, {1, 7}, {3, 6}, {4, 5}], [{8, 2}, {1, 7}, {4, 6}, {3, 5}], [{8, 2}, {1, 7}, {5, 6}, {3, 4}], [{8, 2}, {1, 7}, {6}, {3, 5}, {4}], [{8, 2}, {3, 7}, {1, 6}, {4, 5}], [{8, 2}, {3, 7}, {1, 6}, {5}, {4}], [{8, 2}, {3, 7}, {4, 6}, {1, 5}], [{8, 2}, {3, 7}, {4, 6}, {5}, {1}], [{8, 2}, {3, 7}, {5, 6}, {1, 4}], [{8, 2}, {3, 7}, {6}, {5}, {1, 4}], [{8, 2}, {4, 7}, {1, 6}, {3, 5}], [{8, 2}, {4, 7}, {3, 6}, {1, 5}], [{8, 2}, {4, 7}, {5, 6}, {1, 3}], [{8, 2}, {5, 7}, {1, 6}, {3, 4}], [{8, 2}, {5, 7}, {3, 6}, {1, 4}], [{8, 2}, {5, 7}, {4, 6}, {1, 3}], [{8, 2}, {6, 7}, {1, 5}, {3, 4}], [{8, 2}, {6, 7}, {3, 5}, {1, 4}], [{8, 2}, {6, 7}, {4, 5}, {1, 3}], [{8, 3}, {1, 7}, {2, 6}, {4, 5}], [{8, 3}, {1, 7}, {4, 6}, {2, 5}], [{8, 3}, {1, 7}, {5, 6}, {2, 4}], [{8, 3}, {1, 7}, {6}, {2, 5}, {4}], [{8, 3}, {2, 7}, {1, 6}, {4, 5}], [{8, 3}, {2, 7}, {1, 6}, {5}, {4}], [{8, 3}, {2, 7}, {4, 6}, {1, 5}], [{8, 3}, {2, 7}, {4, 6}, {5}, {1}], [{8, 3}, {2, 7}, {5, 6}, {1, 4}], [{8, 3}, {2, 7}, {6}, {5}, {1, 4}], [{8, 3}, {4, 7}, {1, 6}, {2, 5}], [{8, 3}, {4, 7}, {1, 6}, {5}, {2}], [{8, 3}, {4, 7}, {2, 6}, {1, 5}], [{8, 3}, {4, 7}, {5, 6}, {1, 2}], [{8, 3}, {5, 7}, {1, 6}, {2, 4}], [{8, 3}, {5, 7}, {1, 6}, {4}, {2}], [{8, 3}, {5, 7}, {2, 6}, {1, 4}], [{8, 3}, {5, 7}, {4, 6}, {1, 2}], [{8, 3}, {6, 7}, {1, 5}, {2, 4}], [{8, 3}, {6, 7}, {1, 5}, {4}, {2}], [{8, 3}, {6, 7}, {2, 5}, {1, 4}], [{8, 3}, {6, 7}, {2, 5}, {4}, {1}], [{8, 3}, {6, 7}, {4, 5}, {1, 2}], [{8, 3}, {6, 7}, {5}, {4}, {1, 2}], [{8, 3}, {7}, {1, 6}, {2, 5}, {4}], [{8, 3}, {7}, {1, 6}, {4, 5}, {2}], [{8, 3}, {7}, {1, 6}, {5}, {2, 4}], [{8, 3}, {7}, {5, 6}, {2, 4}, {1}], [{8, 3}, {7}, {6}, {1, 5}, {2, 4}], [{8, 4}, {1, 7}, {2, 6}, {3, 5}], [{8, 4}, {1, 7}, {3, 6}, {2, 5}], [{8, 4}, {1, 7}, {5, 6}, {2, 3}], [{8, 4}, {2, 7}, {1, 6}, {3, 5}], [{8, 4}, {2, 7}, {3, 6}, {1, 5}], [{8, 4}, {2, 7}, {3, 6}, {5}, {1}], [{8, 4}, {2, 7}, {5, 6}, {1, 3}], [{8, 4}, {3, 7}, {1, 6}, {2, 5}], [{8, 4}, {3, 7}, {2, 6}, {1, 5}], [{8, 4}, {3, 7}, {5, 6}, {1, 2}], [{8, 4}, {3, 7}, {6}, {2, 5}, {1}], [{8, 4}, {5, 7}, {1, 6}, {2, 3}], [{8, 4}, {5, 7}, {2, 6}, {1, 3}], [{8, 4}, {5, 7}, {3, 6}, {1, 2}], [{8, 4}, {6, 7}, {1, 5}, {2, 3}], [{8, 4}, {6, 7}, {2, 5}, {1, 3}], [{8, 4}, {6, 7}, {3, 5}, {1, 2}], [{8, 4}, {7}, {5, 6}, {2, 3}, {1}], [{8, 5}, {1, 7}, {2, 6}, {3, 4}], [{8, 5}, {1, 7}, {2, 6}, {4}, {3}], [{8, 5}, {1, 7}, {3, 6}, {2, 4}], [{8, 5}, {1, 7}, {4, 6}, {2, 3}], [{8, 5}, {2, 7}, {1, 6}, {3, 4}], [{8, 5}, {2, 7}, {3, 6}, {1, 4}], [{8, 5}, {2, 7}, {3, 6}, {4}, {1}], [{8, 5}, {2, 7}, {4, 6}, {1, 3}], [{8, 5}, {2, 7}, {4, 6}, {3}, {1}], [{8, 5}, {2, 7}, {6}, {3, 4}, {1}], [{8, 5}, {3, 7}, {1, 6}, {2, 4}], [{8, 5}, {3, 7}, {2, 6}, {1, 4}], [{8, 5}, {3, 7}, {4, 6}, {1, 2}], [{8, 5}, {3, 7}, {4, 6}, {2}, {1}], [{8, 5}, {4, 7}, {1, 6}, {2, 3}], [{8, 5}, {4, 7}, {2, 6}, {1, 3}], [{8, 5}, {4, 7}, {3, 6}, {1, 2}], [{8, 5}, {6, 7}, {1, 4}, {2, 3}], [{8, 5}, {6, 7}, {2, 4}, {1, 3}], [{8, 5}, {6, 7}, {3, 4}, {1, 2}], [{8, 5}, {7}, {4, 6}, {2, 3}, {1}], [{8, 6}, {1, 7}, {2, 5}, {3, 4}], [{8, 6}, {1, 7}, {3, 5}, {2, 4}], [{8, 6}, {1, 7}, {4, 5}, {2, 3}], [{8, 6}, {1, 7}, {5}, {2, 4}, {3}], [{8, 6}, {2, 7}, {1, 5}, {3, 4}], [{8, 6}, {2, 7}, {3, 5}, {1, 4}], [{8, 6}, {2, 7}, {4, 5}, {1, 3}], [{8, 6}, {3, 7}, {1, 5}, {2, 4}], [{8, 6}, {3, 7}, {2, 5}, {1, 4}], [{8, 6}, {3, 7}, {2, 5}, {4}, {1}], [{8, 6}, {3, 7}, {4, 5}, {1, 2}], [{8, 6}, {4, 7}, {1, 5}, {2, 3}], [{8, 6}, {4, 7}, {2, 5}, {1, 3}], [{8, 6}, {4, 7}, {3, 5}, {1, 2}], [{8, 6}, {5, 7}, {1, 4}, {2, 3}], [{8, 6}, {5, 7}, {1, 4}, {3}, {2}], [{8, 6}, {5, 7}, {2, 4}, {1, 3}], [{8, 6}, {5, 7}, {2, 4}, {3}, {1}], [{8, 6}, {5, 7}, {3, 4}, {1, 2}], [{8, 6}, {5, 7}, {4}, {3}, {1, 2}], [{8, 6}, {7}, {1, 5}, {2, 4}, {3}], [{8, 7}, {1, 6}, {2, 5}, {3, 4}], [{8, 7}, {1, 6}, {3, 5}, {2, 4}], [{8, 7}, {1, 6}, {4, 5}, {2, 3}], [{8, 7}, {2, 6}, {1, 5}, {3, 4}], [{8, 7}, {2, 6}, {3, 5}, {1, 4}], [{8, 7}, {2, 6}, {4, 5}, {1, 3}], [{8, 7}, {2, 6}, {5}, {1, 4}, {3}], [{8, 7}, {3, 6}, {1, 5}, {2, 4}], [{8, 7}, {3, 6}, {2, 5}, {1, 4}], [{8, 7}, {3, 6}, {4, 5}, {1, 2}], [{8, 7}, {4, 6}, {1, 5}, {2, 3}], [{8, 7}, {4, 6}, {2, 5}, {1, 3}], [{8, 7}, {4, 6}, {3, 5}, {1, 2}], [{8, 7}, {4, 6}, {5}, {2, 3}, {1}], [{8, 7}, {5, 6}, {1, 4}, {2, 3}], [{8, 7}, {5, 6}, {1, 4}, {3}, {2}], [{8, 7}, {5, 6}, {2, 4}, {1, 3}], [{8, 7}, {5, 6}, {3, 4}, {1, 2}], [{8, 7}, {6}, {2, 5}, {1, 4}, {3}], [{8}, {1, 7}, {4, 6}, {5}, {2, 3}], [{8}, {2, 7}, {3, 6}, {4, 5}, {1}], [{8}, {2, 7}, {4, 6}, {1, 5}, {3}], [{8}, {2, 7}, {4, 6}, {3, 5}, {1}], [{8}, {2, 7}, {4, 6}, {5}, {1, 3}], [{8}, {3, 7}, {2, 6}, {4, 5}, {1}], [{8}, {3, 7}, {4, 6}, {1, 5}, {2}], [{8}, {3, 7}, {4, 6}, {2, 5}, {1}], [{8}, {3, 7}, {4, 6}, {5}, {1, 2}], [{8}, {4, 7}, {2, 6}, {1, 5}, {3}], [{8}, {4, 7}, {2, 6}, {3, 5}, {1}], [{8}, {4, 7}, {2, 6}, {5}, {1, 3}], [{8}, {4, 7}, {3, 6}, {2, 5}, {1}], [{8}, {5, 7}, {4, 6}, {2, 3}, {1}], [{8}, {7}, {3, 6}, {1, 5}, {2, 4}], [{8}, {7}, {4, 6}, {1, 5}, {2, 3}]]",2,20 K_1^3 + 8 K_1^2 K_2 - 18 K_1^2 - 24 K_1 K_2 - 4 K_1 K_3 - 3 K_1 + 7 K_2 + 7 K_3 + 8,O1O2O3O4U5U4O6U1U2O5O7U8U7U6O8U3,O1O2O3U2U4O5O6U1O7O4U7U8U5U6O8U3,O1O2O3U1O4U5U6U4U7O8O7U3O5O6U8U2,c,{'O1O2O3O4U2O5U6U7U5O7O8U3U4O6U1U8'},1,"<a href=""/flatknot/8.704220"">8.704220</a>",t^9-79t^7-316t^6-224t^5-14t^4+187t^3+344t^2-43t,-t^2+2t,,
8.704221,O1O2O3O4U2O5U6U7U5O7O8U3U8O6U1U4,4,23z^2+108z+125,23w^3z^2+108w^2z+125w,False,False,"[[ 0 -1 -2  0  3  2 -2 -1  1],[ 1  0 -1  1  3  2 -1  0  1],[ 2  1  0  1  2  0  1  2  1],[ 0 -1 -1  0  1  1 -2 -1  1],[-3 -3 -2 -1  0  2 -4 -4  0],[-2 -2  0 -1 -2  0 -1 -2  0],[ 2  1 -1  2  4  1  0  1  1],[ 1  0 -2  1  4  2 -1  0  1],[-1 -1 -1 -1  0  0 -1 -1  0]]","[[ 0  3  2  0 -1 -2 -2],[-3  0  2 -1 -4 -2 -4],[-2 -2  0 -1 -2  0 -1],[ 0  1  1  0 -1 -1 -2],[ 1  4  2  1  0 -2 -1],[ 2  2  0  1  2  0  1],[ 2  4  1  2  1 -1  0]]",False,"[-3,-2,0,1,2,2,-2,1,4,2,4,1,2,0,1,1,1,2,2,1,-1]","[-3,-2,0,1,2,2,-2,1,4,2,4,1,2,0,1,1,1,2,2,1,-1]",t^6+59t^4+27t^2,"[-2,-2,-1,0,2,3,-1,-1,1,4,3,0,0,3,1,0,1,0,1,2,3]","[-3,-2,0,1,2,2,3,2,0,1,3,1,1,3,4,0,0,1,0,-1,-1]","[-2,-2,-1,0,2,3,-1,1,2,1,4,2,1,0,2,1,2,4,1,1,-2]",c,"[[{8, 1}, {3, 7}, {4, 6}, {2, 5}], [{8, 1}, {4, 7}, {3, 6}, {2, 5}], [{8, 1}, {5, 7}, {4, 6}, {2, 3}], [{8, 1}, {6, 7}, {2, 5}, {3, 4}]]",1,20 K_1^3 + 4 K_1^2 K_2 - 20 K_1^2 - 26 K_1 K_2 - 6 K_1 K_3 - 2 K_1 - 2 K_2^2 + 11 K_2 + 8 K_3 + 3 K_4 + 11,O1O2O3O4U1U4O5U6U2O6O7U8U7U5O8U3,O1O2O3U2U4O5O4U1O6O7U6U8U5U7O8U3,O1O2O3U1O4U5U6U4U7O5O7U3O8O6U8U2,c,{'O1O2O3O4U2O5U6U7U5O7O8U3U8O6U1U4'},1,"<a href=""/flatknot/8.704221"">8.704221</a>",t^7-55t^5-184t^4-178t^3-120t^2-62t,-t^3+t^2+t,,
8.704222,O1O2O3O4U2O5U6U7U5O7O8U4U1O6U3U8,4,12z^2+65z+83,12w^3z^2+65w^2z+83w,False,False,"[[ 0 -1 -2  1  1  2 -2 -1  2],[ 1  0 -1  1  1  1 -1  0  2],[ 2  1  0  2  1  0  1  2  2],[-1 -1 -2  0  1  2 -3 -2  1],[-1 -1 -1 -1  0  1 -2 -2  0],[-2 -1  0 -2 -1  0 -1 -2 -1],[ 2  1 -1  3  2  1  0  1  2],[ 1  0 -2  2  2  2 -1  0  2],[-2 -2 -2 -1  0  1 -2 -2  0]]","[[ 0  2  2  1  1 -1 -1 -2 -2],[-2  0  1  0 -1 -2 -2 -2 -2],[-2 -1  0 -1 -2 -1 -2  0 -1],[-1  0  1  0 -1 -1 -2 -1 -2],[-1  1  2  1  0 -1 -2 -2 -3],[ 1  2  1  1  1  0  0 -1 -1],[ 1  2  2  2  2  0  0 -2 -1],[ 2  2  0  1  2  1  2  0  1],[ 2  2  1  2  3  1  1 -1  0]]",True,"[-2,-2,-1,-1,1,1,2,2,-1,0,1,2,2,2,2,1,2,1,2,0,1,1,1,2,1,2,1,2,2,3,0,1,1,2,1,-1]","[-2,-2,-1,-1,1,1,2,2,-1,-1,0,1,2,2,4,0,0,0,1,2,3,0,0,0,1,1,1,1,1,2,-1,0,-1,1,0,-1]",t^8+66t^6+91t^4+14t^2,"[-2,-2,-1,-1,1,1,2,2,-1,-1,0,1,2,2,4,0,0,0,1,2,3,0,0,0,1,1,1,1,1,2,-1,0,-1,1,0,-1]","[-2,-2,-1,-1,1,1,2,2,-1,-1,0,1,2,3,4,0,1,1,1,2,2,1,0,1,0,1,0,1,1,2,0,0,-1,0,0,-1]","[-2,-2,-1,-1,1,1,2,2,-1,1,1,2,3,1,2,1,2,1,2,0,2,0,1,1,1,2,2,2,2,2,-1,1,0,2,1,-1]",c,"[[{8, 6}, {4, 7}, {2, 5}, {1, 3}]]",1,4 K_1^3 + 4 K_1^2 K_2 - 16 K_1^2 - 8 K_1 K_2 - 4 K_1 K_3 + K_1 + 8 K_2 + 3 K_3 + K_4 + 8,O1O2O3O4U5U2O6U4U1O5O7U8U7U6O8U3,O1O2O3U2U4O5O6U1O7O4U6U8U7U5O8U3,O1O2O3U1O4U5U6U4U7O8O6U3O7O5U8U2,c,"{'O1O2O3O4U2O5U6U7U5O7O8U4U1O6U3U8', 'O1O2O3U1O4O5U6U7U5O7O8U2U4O6U3U8'}",2,"<a href=""/flatknot/8.704222"">8.704222</a>",t^9-66t^7-266t^6-279t^5+56t^4+283t^3+348t^2+145t-6,0,,
8.704223,O1O2O3O4U2O5U6U7U5O7O8U4U3O6U1U8,4,3z^3+42z^2+118z+93,3w^4z^3+42w^3z^2+118w^2z+93w,False,False,"[[ 0 -1 -2  1  1  2 -2 -1  2],[ 1  0 -2  2  2  2 -2  0  2],[ 2  2  0  2  1  0  0  2  2],[-1 -2 -2  0  0  1 -3 -2  1],[-1 -2 -1  0  0  1 -2 -2  0],[-2 -2  0 -1 -1  0 -1 -2 -1],[ 2  2  0  3  2  1  0  1  2],[ 1  0 -2  2  2  2 -1  0  2],[-2 -2 -2 -1  0  1 -2 -2  0]]","[[ 0  2  2  1  1 -1 -1 -2 -2],[-2  0  1  0 -1 -2 -2 -2 -2],[-2 -1  0 -1 -1 -2 -2  0 -1],[-1  0  1  0  0 -2 -2 -1 -2],[-1  1  1  0  0 -2 -2 -2 -3],[ 1  2  2  2  2  0  0 -2 -1],[ 1  2  2  2  2  0  0 -2 -2],[ 2  2  0  1  2  2  2  0  0],[ 2  2  1  2  3  1  2  0  0]]",True,"[-2,-2,-1,-1,1,1,2,2,-1,0,1,2,2,2,2,1,1,2,2,0,1,0,2,2,1,2,2,2,2,3,0,2,1,2,2,0]","[-2,-2,-1,-1,1,1,2,2,-1,0,0,1,1,3,4,0,1,1,1,2,2,0,0,0,0,1,0,0,1,2,0,-1,-1,0,-1,0]",t^8+76t^6+176t^4+32t^2,"[-2,-2,-1,-1,1,1,2,2,0,-1,-1,1,2,2,4,-1,0,0,1,2,3,0,0,0,1,1,0,0,1,1,0,0,0,1,0,-1]","[-2,-2,-1,-1,1,1,2,2,-1,0,0,1,1,3,4,0,1,1,1,2,2,0,0,0,0,1,0,0,1,2,0,-1,-1,0,-1,0]","[-2,-2,-1,-1,1,1,2,2,0,1,2,2,3,1,2,2,2,1,2,0,2,0,2,2,2,2,2,2,2,2,0,1,0,1,1,-1]",c,"[[{8, 2}, {3, 7}, {5, 6}, {1, 4}]]",1,8 K_1^3 + 8 K_1^2 K_2 - 8 K_1^2 - 4 K_1 K_2 - 4 K_1 K_3 - 4 K_1 + 2 K_2 + 3,O1O2O3O4U5U4O6U2U1O5O7U8U7U6O8U3,O1O2O3U2U4O5O6U1O7O4U7U8U6U5O8U3,O1O2O3U1O4U5U6U4U7O8O7U3O6O5U8U2,c,{'O1O2O3O4U2O5U6U7U5O7O8U4U3O6U1U8'},1,"<a href=""/flatknot/8.704223"">8.704223</a>",t^9-76t^7-284t^6-150t^5+22t^4+223t^3+360t^2-89t-46,0,,
8.704224,O1O2O3O4U2O5U6U7U5O7O8U4U8O6U1U3,4,18z^2+99z+127,18w^3z^2+99w^2z+127w,False,False,"[[ 0 -1 -2  2  1  2 -2 -1  1],[ 1  0 -1  2  1  2 -1  0  1],[ 2  1  0  2  1  0  1  2  1],[-2 -2 -2  0  0  2 -4 -3  1],[-1 -1 -1  0  0  1 -3 -2  1],[-2 -2  0 -2 -1  0 -1 -2  0],[ 2  1 -1  4  3  1  0  1  1],[ 1  0 -2  3  2  2 -1  0  1],[-1 -1 -1 -1 -1  0 -1 -1  0]]","[[ 0  2  2  1  1 -1 -1 -2 -2],[-2  0  2  1  0 -2 -3 -2 -4],[-2 -2  0  0 -1 -2 -2  0 -1],[-1 -1  0  0 -1 -1 -1 -1 -1],[-1  0  1  1  0 -1 -2 -1 -3],[ 1  2  2  1  1  0  0 -1 -1],[ 1  3  2  1  2  0  0 -2 -1],[ 2  2  0  1  1  1  2  0  1],[ 2  4  1  1  3  1  1 -1  0]]",True,"[-2,-2,-1,-1,1,1,2,2,-2,-1,0,2,3,2,4,0,1,2,2,0,1,1,1,1,1,1,1,2,1,3,0,1,1,2,1,-1]","[-2,-2,-1,-1,1,1,2,2,-2,-1,0,2,3,2,4,0,1,2,2,0,1,1,1,1,1,1,1,2,1,3,0,1,1,2,1,-1]",t^8+76t^6+175t^4+97t^2+1,"[-2,-2,-1,-1,1,1,2,2,-1,-1,0,2,2,2,4,0,0,0,2,0,3,0,0,1,0,1,1,1,1,1,-1,1,0,2,1,-2]","[-2,-2,-1,-1,1,1,2,2,-2,0,1,1,1,3,4,1,2,0,1,0,2,1,0,1,0,2,1,1,2,2,0,0,-1,0,0,-1]","[-2,-2,-1,-1,1,1,2,2,-1,1,1,1,3,1,4,1,2,1,1,0,2,0,1,1,2,2,1,2,2,3,-1,0,-1,1,0,-2]",c,"[[{8, 1}, {4, 7}, {3, 6}, {2, 5}], [{8, 1}, {4, 7}, {5, 6}, {2, 3}], [{8, 3}, {4, 7}, {1, 6}, {2, 5}], [{8, 5}, {4, 7}, {1, 6}, {2, 3}], [{8, 6}, {4, 7}, {1, 5}, {2, 3}], [{8, 6}, {4, 7}, {2, 5}, {1, 3}]]",1,8 K_1^3 + 4 K_1^2 K_2 - 18 K_1^2 - 16 K_1 K_2 - 6 K_1 K_3 + 2 K_1 - 2 K_2^2 + 10 K_2 + 6 K_3 + 3 K_4 + 10,O1O2O3O4U2U4O5U6U1O6O7U8U7U5O8U3,O1O2O3U2U4O5O4U1O6O7U6U8U7U5O8U3,O1O2O3U1O4U5U6U4U7O6O7U3O8O5U8U2,c,{'O1O2O3O4U2O5U6U7U5O7O8U4U8O6U1U3'},1,"<a href=""/flatknot/8.704224"">8.704224</a>",t^9-76t^7-260t^6-55t^5+308t^4-84t^3-142t^2+5t+4,0,,
8.704225,O1O2O3O4U2O5U6U7U8O7O8U1U3O6U4U5,4,z^3+25z^2+107z+123,w^4z^3+25w^3z^2+107w^2z+123w,False,False,"[[ 0 -2 -2  1  2  3 -2 -1  1],[ 2  0  0  2  2  2  1  1  3],[ 2  0  0  1  2  2  1  2  2],[-1 -2 -1  0  0  1 -1 -2  0],[-2 -2 -2  0  0  1 -2 -3 -1],[-3 -2 -2 -1 -1  0 -3 -4 -2],[ 2 -1 -1  1  2  3  0  2  2],[ 1 -1 -2  2  3  4 -2  0  1],[-1 -3 -2  0  1  2 -2 -1  0]]","[[ 0  3  2  1  1 -1 -2 -2 -2],[-3  0 -1 -1 -2 -4 -2 -2 -3],[-2  1  0  0 -1 -3 -2 -2 -2],[-1  1  0  0  0 -2 -1 -2 -1],[-1  2  1  0  0 -1 -2 -3 -2],[ 1  4  3  2  1  0 -2 -1 -2],[ 2  2  2  1  2  2  0  0  1],[ 2  2  2  2  3  1  0  0  1],[ 2  3  2  1  2  2 -1 -1  0]]",True,"[-3,-2,-1,-1,1,2,2,2,1,1,2,4,2,2,3,0,1,3,2,2,2,0,2,1,2,1,1,2,3,2,2,1,2,0,-1,-1]","[-3,-2,-1,-1,1,2,2,2,0,0,1,0,2,3,3,0,1,0,2,2,2,0,1,1,0,1,0,2,1,2,-1,0,-1,-1,-1,0]",t^8+100t^6+417t^4+129t^2+9,"[-2,-2,-2,-1,1,1,2,3,-1,0,-1,1,2,2,3,1,-1,1,2,2,2,0,0,1,2,3,1,0,0,0,0,0,0,1,1,0]","[-3,-2,-1,-1,1,2,2,2,0,0,1,0,2,3,3,0,1,0,2,2,2,0,1,1,0,1,0,2,1,2,-1,0,-1,-1,-1,0]","[-2,-2,-2,-1,1,1,2,3,-1,-1,2,1,2,2,3,0,1,2,3,2,2,2,1,2,2,2,2,1,3,4,0,0,1,1,2,1]",c,"[[{8, 1}, {2, 7}, {3, 6}, {4, 5}], [{8, 1}, {2, 7}, {3, 6}, {5}, {4}], [{8, 1}, {2, 7}, {4, 6}, {3, 5}], [{8, 1}, {2, 7}, {4, 6}, {5}, {3}], [{8, 1}, {2, 7}, {5, 6}, {3, 4}], [{8, 1}, {2, 7}, {5, 6}, {4}, {3}], [{8, 1}, {2, 7}, {6}, {3, 5}, {4}], [{8, 1}, {2, 7}, {6}, {4, 5}, {3}], [{8, 1}, {2, 7}, {6}, {5}, {3, 4}], [{8, 1}, {2, 7}, {6}, {5}, {4}, {3}], [{8, 1}, {3, 7}, {2, 6}, {4, 5}], [{8, 1}, {3, 7}, {2, 6}, {5}, {4}], [{8, 1}, {3, 7}, {4, 6}, {2, 5}], [{8, 1}, {3, 7}, {5, 6}, {2, 4}], [{8, 1}, {4, 7}, {2, 6}, {3, 5}], [{8, 1}, {4, 7}, {3, 6}, {2, 5}], [{8, 1}, {4, 7}, {3, 6}, {5}, {2}], [{8, 1}, {4, 7}, {5, 6}, {2, 3}], [{8, 1}, {4, 7}, {5, 6}, {3}, {2}], [{8, 1}, {4, 7}, {6}, {3, 5}, {2}], [{8, 1}, {5, 7}, {2, 6}, {3, 4}], [{8, 1}, {5, 7}, {3, 6}, {2, 4}], [{8, 1}, {5, 7}, {3, 6}, {4}, {2}], [{8, 1}, {5, 7}, {4, 6}, {2, 3}], [{8, 1}, {5, 7}, {4, 6}, {3}, {2}], [{8, 1}, {5, 7}, {6}, {3, 4}, {2}], [{8, 1}, {6, 7}, {2, 5}, {3, 4}], [{8, 1}, {6, 7}, {3, 5}, {2, 4}], [{8, 1}, {6, 7}, {4, 5}, {2, 3}], [{8, 1}, {6, 7}, {5}, {4}, {2, 3}], [{8, 1}, {7}, {3, 6}, {2, 5}, {4}], [{8, 1}, {7}, {3, 6}, {4, 5}, {2}], [{8, 1}, {7}, {3, 6}, {5}, {2, 4}], [{8, 1}, {7}, {3, 6}, {5}, {4}, {2}], [{8, 1}, {7}, {4, 6}, {2, 5}, {3}], [{8, 1}, {7}, {5, 6}, {2, 4}, {3}], [{8, 1}, {7}, {6}, {2, 5}, {3, 4}], [{8, 1}, {7}, {6}, {3, 5}, {2, 4}], [{8, 2}, {1, 7}, {3, 6}, {4, 5}], [{8, 2}, {1, 7}, {3, 6}, {5}, {4}], [{8, 2}, {1, 7}, {4, 6}, {3, 5}], [{8, 2}, {1, 7}, {5, 6}, {3, 4}], [{8, 2}, {3, 7}, {1, 6}, {4, 5}], [{8, 2}, {3, 7}, {4, 6}, {1, 5}], [{8, 2}, {3, 7}, {5, 6}, {1, 4}], [{8, 2}, {4, 7}, {1, 6}, {3, 5}], [{8, 2}, {4, 7}, {3, 6}, {1, 5}], [{8, 2}, {4, 7}, {5, 6}, {1, 3}], [{8, 2}, {5, 7}, {1, 6}, {3, 4}], [{8, 2}, {5, 7}, {3, 6}, {1, 4}], [{8, 2}, {5, 7}, {4, 6}, {1, 3}], [{8, 2}, {6, 7}, {1, 5}, {3, 4}], [{8, 2}, {6, 7}, {3, 5}, {1, 4}], [{8, 2}, {6, 7}, {4, 5}, {1, 3}], [{8, 2}, {7}, {1, 6}, {4, 5}, {3}], [{8, 2}, {7}, {4, 6}, {1, 5}, {3}], [{8, 2}, {7}, {5, 6}, {1, 4}, {3}], [{8, 3}, {1, 7}, {2, 6}, {4, 5}], [{8, 3}, {1, 7}, {4, 6}, {2, 5}], [{8, 3}, {1, 7}, {5, 6}, {2, 4}], [{8, 3}, {2, 7}, {1, 6}, {4, 5}], [{8, 3}, {2, 7}, {4, 6}, {1, 5}], [{8, 3}, {2, 7}, {5, 6}, {1, 4}], [{8, 3}, {4, 7}, {1, 6}, {2, 5}], [{8, 3}, {4, 7}, {2, 6}, {1, 5}], [{8, 3}, {4, 7}, {5, 6}, {1, 2}], [{8, 3}, {5, 7}, {1, 6}, {2, 4}], [{8, 3}, {5, 7}, {2, 6}, {1, 4}], [{8, 3}, {5, 7}, {4, 6}, {1, 2}], [{8, 3}, {5, 7}, {6}, {4}, {1, 2}], [{8, 3}, {6, 7}, {1, 5}, {2, 4}], [{8, 3}, {6, 7}, {2, 5}, {1, 4}], [{8, 3}, {6, 7}, {2, 5}, {4}, {1}], [{8, 3}, {6, 7}, {4, 5}, {1, 2}], [{8, 3}, {7}, {2, 6}, {1, 5}, {4}], [{8, 4}, {1, 7}, {2, 6}, {3, 5}], [{8, 4}, {1, 7}, {3, 6}, {2, 5}], [{8, 4}, {1, 7}, {3, 6}, {5}, {2}], [{8, 4}, {1, 7}, {5, 6}, {2, 3}], [{8, 4}, {2, 7}, {1, 6}, {3, 5}], [{8, 4}, {2, 7}, {1, 6}, {5}, {3}], [{8, 4}, {2, 7}, {3, 6}, {1, 5}], [{8, 4}, {2, 7}, {5, 6}, {1, 3}], [{8, 4}, {2, 7}, {5, 6}, {3}, {1}], [{8, 4}, {2, 7}, {6}, {1, 5}, {3}], [{8, 4}, {3, 7}, {1, 6}, {2, 5}], [{8, 4}, {3, 7}, {2, 6}, {1, 5}], [{8, 4}, {3, 7}, {5, 6}, {1, 2}], [{8, 4}, {5, 7}, {1, 6}, {2, 3}], [{8, 4}, {5, 7}, {1, 6}, {3}, {2}], [{8, 4}, {5, 7}, {2, 6}, {1, 3}], [{8, 4}, {5, 7}, {3, 6}, {1, 2}], [{8, 4}, {6, 7}, {1, 5}, {2, 3}], [{8, 4}, {6, 7}, {2, 5}, {1, 3}], [{8, 4}, {6, 7}, {3, 5}, {1, 2}], [{8, 4}, {7}, {1, 6}, {2, 5}, {3}], [{8, 5}, {1, 7}, {2, 6}, {3, 4}], [{8, 5}, {1, 7}, {3, 6}, {2, 4}], [{8, 5}, {1, 7}, {3, 6}, {4}, {2}], [{8, 5}, {1, 7}, {4, 6}, {2, 3}], [{8, 5}, {2, 7}, {1, 6}, {3, 4}], [{8, 5}, {2, 7}, {1, 6}, {4}, {3}], [{8, 5}, {2, 7}, {3, 6}, {1, 4}], [{8, 5}, {2, 7}, {4, 6}, {1, 3}], [{8, 5}, {2, 7}, {4, 6}, {3}, {1}], [{8, 5}, {2, 7}, {6}, {1, 4}, {3}], [{8, 5}, {3, 7}, {1, 6}, {2, 4}], [{8, 5}, {3, 7}, {1, 6}, {4}, {2}], [{8, 5}, {3, 7}, {2, 6}, {1, 4}], [{8, 5}, {3, 7}, {2, 6}, {4}, {1}], [{8, 5}, {3, 7}, {4, 6}, {1, 2}], [{8, 5}, {3, 7}, {4, 6}, {2}, {1}], [{8, 5}, {3, 7}, {6}, {1, 4}, {2}], [{8, 5}, {3, 7}, {6}, {2, 4}, {1}], [{8, 5}, {3, 7}, {6}, {4}, {1, 2}], [{8, 5}, {4, 7}, {1, 6}, {2, 3}], [{8, 5}, {4, 7}, {2, 6}, {1, 3}], [{8, 5}, {4, 7}, {3, 6}, {1, 2}], [{8, 5}, {6, 7}, {1, 4}, {2, 3}], [{8, 5}, {6, 7}, {2, 4}, {1, 3}], [{8, 5}, {6, 7}, {3, 4}, {1, 2}], [{8, 5}, {6, 7}, {3, 4}, {2}, {1}], [{8, 5}, {7}, {1, 6}, {4}, {2, 3}], [{8, 5}, {7}, {4, 6}, {2, 3}, {1}], [{8, 5}, {7}, {6}, {1, 4}, {2, 3}], [{8, 6}, {1, 7}, {2, 5}, {3, 4}], [{8, 6}, {1, 7}, {3, 5}, {2, 4}], [{8, 6}, {1, 7}, {4, 5}, {2, 3}], [{8, 6}, {2, 7}, {1, 5}, {3, 4}], [{8, 6}, {2, 7}, {1, 5}, {4}, {3}], [{8, 6}, {2, 7}, {3, 5}, {1, 4}], [{8, 6}, {2, 7}, {4, 5}, {1, 3}], [{8, 6}, {2, 7}, {4, 5}, {3}, {1}], [{8, 6}, {2, 7}, {5}, {1, 4}, {3}], [{8, 6}, {3, 7}, {1, 5}, {2, 4}], [{8, 6}, {3, 7}, {2, 5}, {1, 4}], [{8, 6}, {3, 7}, {4, 5}, {1, 2}], [{8, 6}, {4, 7}, {1, 5}, {2, 3}], [{8, 6}, {4, 7}, {1, 5}, {3}, {2}], [{8, 6}, {4, 7}, {2, 5}, {1, 3}], [{8, 6}, {4, 7}, {3, 5}, {1, 2}], [{8, 6}, {4, 7}, {5}, {2, 3}, {1}], [{8, 6}, {5, 7}, {1, 4}, {2, 3}], [{8, 6}, {5, 7}, {1, 4}, {3}, {2}], [{8, 6}, {5, 7}, {2, 4}, {1, 3}], [{8, 6}, {5, 7}, {3, 4}, {1, 2}], [{8, 6}, {7}, {1, 5}, {2, 4}, {3}], [{8, 6}, {7}, {2, 5}, {1, 4}, {3}], [{8, 7}, {1, 6}, {2, 5}, {3, 4}], [{8, 7}, {1, 6}, {2, 5}, {4}, {3}], [{8, 7}, {1, 6}, {3, 5}, {2, 4}], [{8, 7}, {1, 6}, {3, 5}, {4}, {2}], [{8, 7}, {1, 6}, {4, 5}, {2, 3}], [{8, 7}, {1, 6}, {4, 5}, {3}, {2}], [{8, 7}, {1, 6}, {5}, {2, 4}, {3}], [{8, 7}, {1, 6}, {5}, {3, 4}, {2}], [{8, 7}, {1, 6}, {5}, {4}, {2, 3}], [{8, 7}, {2, 6}, {1, 5}, {3, 4}], [{8, 7}, {2, 6}, {1, 5}, {4}, {3}], [{8, 7}, {2, 6}, {3, 5}, {1, 4}], [{8, 7}, {2, 6}, {3, 5}, {4}, {1}], [{8, 7}, {2, 6}, {4, 5}, {1, 3}], [{8, 7}, {2, 6}, {4, 5}, {3}, {1}], [{8, 7}, {2, 6}, {5}, {1, 4}, {3}], [{8, 7}, {2, 6}, {5}, {3, 4}, {1}], [{8, 7}, {2, 6}, {5}, {4}, {1, 3}], [{8, 7}, {3, 6}, {1, 5}, {2, 4}], [{8, 7}, {3, 6}, {1, 5}, {4}, {2}], [{8, 7}, {3, 6}, {2, 5}, {1, 4}], [{8, 7}, {3, 6}, {2, 5}, {4}, {1}], [{8, 7}, {3, 6}, {4, 5}, {1, 2}], [{8, 7}, {3, 6}, {4, 5}, {2}, {1}], [{8, 7}, {3, 6}, {5}, {1, 4}, {2}], [{8, 7}, {3, 6}, {5}, {2, 4}, {1}], [{8, 7}, {3, 6}, {5}, {4}, {1, 2}], [{8, 7}, {3, 6}, {5}, {4}, {2}, {1}], [{8, 7}, {4, 6}, {1, 5}, {2, 3}], [{8, 7}, {4, 6}, {1, 5}, {3}, {2}], [{8, 7}, {4, 6}, {2, 5}, {1, 3}], [{8, 7}, {4, 6}, {2, 5}, {3}, {1}], [{8, 7}, {4, 6}, {3, 5}, {1, 2}], [{8, 7}, {4, 6}, {3, 5}, {2}, {1}], [{8, 7}, {4, 6}, {5}, {1, 3}, {2}], [{8, 7}, {4, 6}, {5}, {2, 3}, {1}], [{8, 7}, {4, 6}, {5}, {3}, {1, 2}], [{8, 7}, {5, 6}, {1, 4}, {2, 3}], [{8, 7}, {5, 6}, {1, 4}, {3}, {2}], [{8, 7}, {5, 6}, {2, 4}, {1, 3}], [{8, 7}, {5, 6}, {2, 4}, {3}, {1}], [{8, 7}, {5, 6}, {3, 4}, {1, 2}], [{8, 7}, {5, 6}, {3, 4}, {2}, {1}], [{8, 7}, {5, 6}, {4}, {1, 3}, {2}], [{8, 7}, {5, 6}, {4}, {2, 3}, {1}], [{8, 7}, {5, 6}, {4}, {3}, {1, 2}], [{8, 7}, {6}, {1, 5}, {2, 4}, {3}], [{8, 7}, {6}, {1, 5}, {3, 4}, {2}], [{8, 7}, {6}, {1, 5}, {4}, {2, 3}], [{8, 7}, {6}, {2, 5}, {1, 4}, {3}], [{8, 7}, {6}, {2, 5}, {3, 4}, {1}], [{8, 7}, {6}, {2, 5}, {4}, {1, 3}], [{8, 7}, {6}, {3, 5}, {1, 4}, {2}], [{8, 7}, {6}, {3, 5}, {2, 4}, {1}], [{8, 7}, {6}, {3, 5}, {4}, {1, 2}], [{8, 7}, {6}, {4, 5}, {1, 3}, {2}], [{8, 7}, {6}, {4, 5}, {2, 3}, {1}], [{8, 7}, {6}, {4, 5}, {3}, {1, 2}], [{8, 7}, {6}, {5}, {1, 4}, {2, 3}], [{8, 7}, {6}, {5}, {2, 4}, {1, 3}], [{8, 7}, {6}, {5}, {3, 4}, {1, 2}], [{8, 7}, {6}, {5}, {4}, {3}, {1, 2}], [{8}, {1, 7}, {3, 6}, {2, 5}, {4}], [{8}, {1, 7}, {3, 6}, {4, 5}, {2}], [{8}, {1, 7}, {3, 6}, {5}, {2, 4}], [{8}, {1, 7}, {3, 6}, {5}, {4}, {2}], [{8}, {1, 7}, {4, 6}, {2, 5}, {3}], [{8}, {1, 7}, {5, 6}, {2, 4}, {3}], [{8}, {1, 7}, {6}, {2, 5}, {3, 4}], [{8}, {1, 7}, {6}, {3, 5}, {2, 4}], [{8}, {2, 7}, {1, 6}, {4, 5}, {3}], [{8}, {2, 7}, {4, 6}, {1, 5}, {3}], [{8}, {2, 7}, {5, 6}, {1, 4}, {3}], [{8}, {3, 7}, {2, 6}, {1, 5}, {4}], [{8}, {4, 7}, {1, 6}, {2, 5}, {3}], [{8}, {5, 7}, {1, 6}, {4}, {2, 3}], [{8}, {5, 7}, {4, 6}, {2, 3}, {1}], [{8}, {5, 7}, {6}, {1, 4}, {2, 3}], [{8}, {6, 7}, {1, 5}, {2, 4}, {3}], [{8}, {6, 7}, {2, 5}, {1, 4}, {3}]]",2,16 K_1^3 + 4 K_1^2 K_2 - 38 K_1^2 - 22 K_1 K_2 - 2 K_1 K_3 - K_1 - 2 K_2^2 + 18 K_2 + 7 K_3 + K_4 + 20,O1O2O3O4U5U1O6U2U4O7O8U7U8U6O5U3,O1O2O3U2U3O4O5U1O6O7U4U8U5U6O8U7,O1O2O3U4O5U6U7U5U8O4O6U3O7O8U1U2,c,{'O1O2O3O4U2O5U6U7U8O7O8U1U3O6U4U5'},1,"<a href=""/flatknot/8.704225"">8.704225</a>",t^9-98t^7-486t^6-525t^5+592t^4+820t^3-62t^2-210t-20,-t^3+2t^2-t,,
8.704226,O1O2O3O4U2O5U6U7U8O7O8U3U1O6U4U5,4,z^3+26z^2+100z+105,w^4z^3+26w^3z^2+100w^2z+105w,False,False,"[[ 0 -1 -2  0  2  3 -2 -1  1],[ 1  0 -1  1  2  2  0  0  2],[ 2  1  0  1  2  2  1  2  2],[ 0 -1 -1  0  0  1  0 -1  1],[-2 -2 -2  0  0  1 -2 -3 -1],[-3 -2 -2 -1 -1  0 -3 -4 -2],[ 2  0 -1  0  2  3  0  2  2],[ 1  0 -2  1  3  4 -2  0  1],[-1 -2 -2 -1  1  2 -2 -1  0]]","[[ 0  3  2  1  0 -1 -1 -2 -2],[-3  0 -1 -2 -1 -2 -4 -2 -3],[-2  1  0 -1  0 -2 -3 -2 -2],[-1  2  1  0 -1 -2 -1 -2 -2],[ 0  1  0  1  0 -1 -1 -1  0],[ 1  2  2  2  1  0  0 -1  0],[ 1  4  3  1  1  0  0 -2 -2],[ 2  2  2  2  1  1  2  0  1],[ 2  3  2  2  0  0  2 -1  0]]",True,"[-3,-2,-1,0,1,1,2,2,1,2,1,2,4,2,3,1,0,2,3,2,2,1,2,1,2,2,1,1,1,0,0,1,0,2,2,-1]","[-3,-2,-1,0,1,1,2,2,0,0,2,0,2,2,3,0,2,0,1,2,2,0,1,0,1,1,0,0,2,1,0,-1,-1,1,0,-1]",t^8+88t^6+363t^4+107t^2+1,"[-2,-2,-1,-1,0,1,2,3,-1,-1,0,1,1,2,3,-1,1,2,1,2,2,0,0,1,0,0,0,0,1,2,0,2,2,0,0,0]","[-3,-2,-1,0,1,1,2,2,0,0,2,0,2,2,3,0,2,0,1,2,2,0,1,0,1,1,0,0,2,1,0,-1,-1,1,0,-1]","[-2,-2,-1,-1,0,1,2,3,-1,0,2,0,2,2,3,1,2,1,2,2,2,0,1,2,2,2,1,1,3,4,1,0,1,1,2,1]",c,"[[{8, 1}, {2, 7}, {3, 6}, {4, 5}], [{8, 1}, {2, 7}, {4, 6}, {3, 5}], [{8, 1}, {2, 7}, {5, 6}, {3, 4}], [{8, 1}, {3, 7}, {2, 6}, {4, 5}], [{8, 1}, {3, 7}, {2, 6}, {5}, {4}], [{8, 1}, {3, 7}, {4, 6}, {2, 5}], [{8, 1}, {3, 7}, {5, 6}, {2, 4}], [{8, 1}, {3, 7}, {5, 6}, {4}, {2}], [{8, 1}, {3, 7}, {6}, {2, 5}, {4}], [{8, 1}, {4, 7}, {2, 6}, {3, 5}], [{8, 1}, {4, 7}, {3, 6}, {2, 5}], [{8, 1}, {4, 7}, {5, 6}, {2, 3}], [{8, 1}, {4, 7}, {6}, {2, 5}, {3}], [{8, 1}, {5, 7}, {2, 6}, {3, 4}], [{8, 1}, {5, 7}, {2, 6}, {4}, {3}], [{8, 1}, {5, 7}, {3, 6}, {2, 4}], [{8, 1}, {5, 7}, {3, 6}, {4}, {2}], [{8, 1}, {5, 7}, {4, 6}, {2, 3}], [{8, 1}, {5, 7}, {6}, {4}, {2, 3}], [{8, 1}, {6, 7}, {2, 5}, {3, 4}], [{8, 1}, {6, 7}, {3, 5}, {2, 4}], [{8, 1}, {6, 7}, {4, 5}, {2, 3}], [{8, 1}, {6, 7}, {5}, {3, 4}, {2}], [{8, 1}, {7}, {2, 6}, {3, 5}, {4}], [{8, 1}, {7}, {6}, {2, 5}, {3, 4}], [{8, 2}, {1, 7}, {3, 6}, {4, 5}], [{8, 2}, {1, 7}, {4, 6}, {3, 5}], [{8, 2}, {1, 7}, {5, 6}, {3, 4}], [{8, 2}, {3, 7}, {1, 6}, {4, 5}], [{8, 2}, {3, 7}, {1, 6}, {5}, {4}], [{8, 2}, {3, 7}, {4, 6}, {1, 5}], [{8, 2}, {3, 7}, {5, 6}, {1, 4}], [{8, 2}, {4, 7}, {1, 6}, {3, 5}], [{8, 2}, {4, 7}, {3, 6}, {1, 5}], [{8, 2}, {4, 7}, {5, 6}, {1, 3}], [{8, 2}, {5, 7}, {1, 6}, {3, 4}], [{8, 2}, {5, 7}, {3, 6}, {1, 4}], [{8, 2}, {5, 7}, {4, 6}, {1, 3}], [{8, 2}, {6, 7}, {1, 5}, {3, 4}], [{8, 2}, {6, 7}, {3, 5}, {1, 4}], [{8, 2}, {6, 7}, {4, 5}, {1, 3}], [{8, 2}, {7}, {1, 6}, {4, 5}, {3}], [{8, 2}, {7}, {6}, {1, 5}, {3, 4}], [{8, 3}, {1, 7}, {2, 6}, {4, 5}], [{8, 3}, {1, 7}, {4, 6}, {2, 5}], [{8, 3}, {1, 7}, {5, 6}, {2, 4}], [{8, 3}, {1, 7}, {6}, {2, 5}, {4}], [{8, 3}, {2, 7}, {1, 6}, {4, 5}], [{8, 3}, {2, 7}, {4, 6}, {1, 5}], [{8, 3}, {2, 7}, {5, 6}, {1, 4}], [{8, 3}, {4, 7}, {1, 6}, {2, 5}], [{8, 3}, {4, 7}, {1, 6}, {5}, {2}], [{8, 3}, {4, 7}, {2, 6}, {1, 5}], [{8, 3}, {4, 7}, {5, 6}, {1, 2}], [{8, 3}, {4, 7}, {6}, {2, 5}, {1}], [{8, 3}, {5, 7}, {1, 6}, {2, 4}], [{8, 3}, {5, 7}, {2, 6}, {1, 4}], [{8, 3}, {5, 7}, {4, 6}, {1, 2}], [{8, 3}, {6, 7}, {1, 5}, {2, 4}], [{8, 3}, {6, 7}, {2, 5}, {1, 4}], [{8, 3}, {6, 7}, {2, 5}, {4}, {1}], [{8, 3}, {6, 7}, {4, 5}, {1, 2}], [{8, 3}, {7}, {1, 6}, {2, 5}, {4}], [{8, 3}, {7}, {2, 6}, {5}, {1, 4}], [{8, 3}, {7}, {4, 6}, {1, 5}, {2}], [{8, 3}, {7}, {4, 6}, {2, 5}, {1}], [{8, 3}, {7}, {4, 6}, {5}, {1, 2}], [{8, 3}, {7}, {5, 6}, {1, 4}, {2}], [{8, 3}, {7}, {6}, {2, 5}, {1, 4}], [{8, 3}, {7}, {6}, {2, 5}, {4}, {1}], [{8, 4}, {1, 7}, {2, 6}, {3, 5}], [{8, 4}, {1, 7}, {3, 6}, {2, 5}], [{8, 4}, {1, 7}, {5, 6}, {2, 3}], [{8, 4}, {1, 7}, {6}, {2, 5}, {3}], [{8, 4}, {2, 7}, {1, 6}, {3, 5}], [{8, 4}, {2, 7}, {1, 6}, {5}, {3}], [{8, 4}, {2, 7}, {3, 6}, {1, 5}], [{8, 4}, {2, 7}, {5, 6}, {1, 3}], [{8, 4}, {3, 7}, {1, 6}, {2, 5}], [{8, 4}, {3, 7}, {2, 6}, {1, 5}], [{8, 4}, {3, 7}, {2, 6}, {5}, {1}], [{8, 4}, {3, 7}, {5, 6}, {1, 2}], [{8, 4}, {3, 7}, {5, 6}, {2}, {1}], [{8, 4}, {3, 7}, {6}, {2, 5}, {1}], [{8, 4}, {5, 7}, {1, 6}, {2, 3}], [{8, 4}, {5, 7}, {2, 6}, {1, 3}], [{8, 4}, {5, 7}, {3, 6}, {1, 2}], [{8, 4}, {5, 7}, {6}, {2, 3}, {1}], [{8, 4}, {6, 7}, {1, 5}, {2, 3}], [{8, 4}, {6, 7}, {2, 5}, {1, 3}], [{8, 4}, {6, 7}, {3, 5}, {1, 2}], [{8, 4}, {7}, {6}, {2, 5}, {1, 3}], [{8, 5}, {1, 7}, {2, 6}, {3, 4}], [{8, 5}, {1, 7}, {3, 6}, {2, 4}], [{8, 5}, {1, 7}, {4, 6}, {2, 3}], [{8, 5}, {2, 7}, {1, 6}, {3, 4}], [{8, 5}, {2, 7}, {1, 6}, {4}, {3}], [{8, 5}, {2, 7}, {3, 6}, {1, 4}], [{8, 5}, {2, 7}, {4, 6}, {1, 3}], [{8, 5}, {3, 7}, {1, 6}, {2, 4}], [{8, 5}, {3, 7}, {1, 6}, {4}, {2}], [{8, 5}, {3, 7}, {2, 6}, {1, 4}], [{8, 5}, {3, 7}, {4, 6}, {1, 2}], [{8, 5}, {4, 7}, {1, 6}, {2, 3}], [{8, 5}, {4, 7}, {2, 6}, {1, 3}], [{8, 5}, {4, 7}, {3, 6}, {1, 2}], [{8, 5}, {6, 7}, {1, 4}, {2, 3}], [{8, 5}, {6, 7}, {2, 4}, {1, 3}], [{8, 5}, {6, 7}, {2, 4}, {3}, {1}], [{8, 5}, {6, 7}, {3, 4}, {1, 2}], [{8, 5}, {7}, {1, 6}, {4}, {2, 3}], [{8, 5}, {7}, {4, 6}, {2, 3}, {1}], [{8, 5}, {7}, {6}, {1, 4}, {2, 3}], [{8, 6}, {1, 7}, {2, 5}, {3, 4}], [{8, 6}, {1, 7}, {3, 5}, {2, 4}], [{8, 6}, {1, 7}, {4, 5}, {2, 3}], [{8, 6}, {2, 7}, {1, 5}, {3, 4}], [{8, 6}, {2, 7}, {3, 5}, {1, 4}], [{8, 6}, {2, 7}, {4, 5}, {1, 3}], [{8, 6}, {2, 7}, {5}, {3, 4}, {1}], [{8, 6}, {3, 7}, {1, 5}, {2, 4}], [{8, 6}, {3, 7}, {2, 5}, {1, 4}], [{8, 6}, {3, 7}, {2, 5}, {4}, {1}], [{8, 6}, {3, 7}, {4, 5}, {1, 2}], [{8, 6}, {4, 7}, {1, 5}, {2, 3}], [{8, 6}, {4, 7}, {2, 5}, {1, 3}], [{8, 6}, {4, 7}, {3, 5}, {1, 2}], [{8, 6}, {5, 7}, {1, 4}, {2, 3}], [{8, 6}, {5, 7}, {2, 4}, {1, 3}], [{8, 6}, {5, 7}, {3, 4}, {1, 2}], [{8, 6}, {5, 7}, {4}, {2, 3}, {1}], [{8, 7}, {1, 6}, {2, 5}, {3, 4}], [{8, 7}, {1, 6}, {2, 5}, {4}, {3}], [{8, 7}, {1, 6}, {3, 5}, {2, 4}], [{8, 7}, {1, 6}, {3, 5}, {4}, {2}], [{8, 7}, {1, 6}, {4, 5}, {2, 3}], [{8, 7}, {1, 6}, {4, 5}, {3}, {2}], [{8, 7}, {1, 6}, {5}, {2, 4}, {3}], [{8, 7}, {1, 6}, {5}, {3, 4}, {2}], [{8, 7}, {1, 6}, {5}, {4}, {2, 3}], [{8, 7}, {2, 6}, {1, 5}, {3, 4}], [{8, 7}, {2, 6}, {1, 5}, {4}, {3}], [{8, 7}, {2, 6}, {3, 5}, {1, 4}], [{8, 7}, {2, 6}, {3, 5}, {4}, {1}], [{8, 7}, {2, 6}, {4, 5}, {1, 3}], [{8, 7}, {2, 6}, {4, 5}, {3}, {1}], [{8, 7}, {2, 6}, {5}, {1, 4}, {3}], [{8, 7}, {2, 6}, {5}, {3, 4}, {1}], [{8, 7}, {2, 6}, {5}, {4}, {1, 3}], [{8, 7}, {3, 6}, {1, 5}, {2, 4}], [{8, 7}, {3, 6}, {1, 5}, {4}, {2}], [{8, 7}, {3, 6}, {2, 5}, {1, 4}], [{8, 7}, {3, 6}, {2, 5}, {4}, {1}], [{8, 7}, {3, 6}, {4, 5}, {1, 2}], [{8, 7}, {3, 6}, {4, 5}, {2}, {1}], [{8, 7}, {3, 6}, {5}, {1, 4}, {2}], [{8, 7}, {3, 6}, {5}, {2, 4}, {1}], [{8, 7}, {3, 6}, {5}, {4}, {1, 2}], [{8, 7}, {4, 6}, {1, 5}, {2, 3}], [{8, 7}, {4, 6}, {1, 5}, {3}, {2}], [{8, 7}, {4, 6}, {2, 5}, {1, 3}], [{8, 7}, {4, 6}, {2, 5}, {3}, {1}], [{8, 7}, {4, 6}, {3, 5}, {1, 2}], [{8, 7}, {4, 6}, {3, 5}, {2}, {1}], [{8, 7}, {4, 6}, {5}, {1, 3}, {2}], [{8, 7}, {4, 6}, {5}, {2, 3}, {1}], [{8, 7}, {4, 6}, {5}, {3}, {1, 2}], [{8, 7}, {4, 6}, {5}, {3}, {2}, {1}], [{8, 7}, {5, 6}, {1, 4}, {2, 3}], [{8, 7}, {5, 6}, {1, 4}, {3}, {2}], [{8, 7}, {5, 6}, {2, 4}, {1, 3}], [{8, 7}, {5, 6}, {2, 4}, {3}, {1}], [{8, 7}, {5, 6}, {3, 4}, {1, 2}], [{8, 7}, {5, 6}, {3, 4}, {2}, {1}], [{8, 7}, {5, 6}, {4}, {1, 3}, {2}], [{8, 7}, {5, 6}, {4}, {2, 3}, {1}], [{8, 7}, {5, 6}, {4}, {3}, {1, 2}], [{8, 7}, {6}, {1, 5}, {2, 4}, {3}], [{8, 7}, {6}, {1, 5}, {3, 4}, {2}], [{8, 7}, {6}, {1, 5}, {4}, {2, 3}], [{8, 7}, {6}, {1, 5}, {4}, {3}, {2}], [{8, 7}, {6}, {2, 5}, {1, 4}, {3}], [{8, 7}, {6}, {2, 5}, {3, 4}, {1}], [{8, 7}, {6}, {2, 5}, {4}, {1, 3}], [{8, 7}, {6}, {2, 5}, {4}, {3}, {1}], [{8, 7}, {6}, {3, 5}, {1, 4}, {2}], [{8, 7}, {6}, {3, 5}, {2, 4}, {1}], [{8, 7}, {6}, {3, 5}, {4}, {1, 2}], [{8, 7}, {6}, {4, 5}, {1, 3}, {2}], [{8, 7}, {6}, {4, 5}, {2, 3}, {1}], [{8, 7}, {6}, {4, 5}, {3}, {1, 2}], [{8, 7}, {6}, {5}, {1, 4}, {2, 3}], [{8, 7}, {6}, {5}, {2, 4}, {1, 3}], [{8, 7}, {6}, {5}, {3, 4}, {1, 2}], [{8, 7}, {6}, {5}, {4}, {3}, {1, 2}], [{8}, {1, 7}, {2, 6}, {3, 5}, {4}], [{8}, {1, 7}, {6}, {2, 5}, {3, 4}], [{8}, {2, 7}, {1, 6}, {4, 5}, {3}], [{8}, {2, 7}, {6}, {1, 5}, {3, 4}], [{8}, {3, 7}, {1, 6}, {2, 5}, {4}], [{8}, {3, 7}, {2, 6}, {5}, {1, 4}], [{8}, {3, 7}, {4, 6}, {1, 5}, {2}], [{8}, {3, 7}, {4, 6}, {2, 5}, {1}], [{8}, {3, 7}, {4, 6}, {5}, {1, 2}], [{8}, {3, 7}, {5, 6}, {1, 4}, {2}], [{8}, {3, 7}, {6}, {2, 5}, {1, 4}], [{8}, {3, 7}, {6}, {2, 5}, {4}, {1}], [{8}, {4, 7}, {6}, {2, 5}, {1, 3}], [{8}, {5, 7}, {1, 6}, {4}, {2, 3}], [{8}, {5, 7}, {4, 6}, {2, 3}, {1}], [{8}, {5, 7}, {6}, {1, 4}, {2, 3}]]",2,12 K_1^3 + 4 K_1^2 K_2 - 14 K_1^2 - 14 K_1 K_2 - 4 K_1 K_3 - 2 K_1 + 7 K_2 + 4 K_3 + K_4 + 7,O1O2O3O4U5U1O6U4U2O7O8U7U8U6O5U3,O1O2O3U2U3O4O5U1O6O7U5U8U4U6O8U7,O1O2O3U4O5U6U7U5U8O4O6U3O8O7U1U2,c,{'O1O2O3O4U2O5U6U7U8O7O8U3U1O6U4U5'},1,"<a href=""/flatknot/8.704226"">8.704226</a>",t^9-84t^7-398t^6-426t^5+506t^4+981t^3+370t^2+102t+20,-t^3+t^2+t,,
8.704227,O1O2O3O4U2O5U6U7U8O7O8U3U4O6U1U5,4,7z^3+45z^2+93z+63,-4w^5z^3+11w^4z^3-12w^4z^2+57w^3z^2+93w^2z+63w,False,False,"[[ 0 -1 -2  0  2  3 -2 -1  1],[ 1  0 -2  1  3  3 -1  0  2],[ 2  2  0  1  2  2  0  2  2],[ 0 -1 -1  0  1  1 -1 -1  1],[-2 -3 -2 -1  0  0 -2 -3 -1],[-3 -3 -2 -1  0  0 -3 -4 -2],[ 2  1  0  1  2  3  0  2  2],[ 1  0 -2  1  3  4 -2  0  1],[-1 -2 -2 -1  1  2 -2 -1  0]]","[[ 0  3  2  1  0 -1 -1 -2 -2],[-3  0  0 -2 -1 -3 -4 -2 -3],[-2  0  0 -1 -1 -3 -3 -2 -2],[-1  2  1  0 -1 -2 -1 -2 -2],[ 0  1  1  1  0 -1 -1 -1 -1],[ 1  3  3  2  1  0  0 -2 -1],[ 1  4  3  1  1  0  0 -2 -2],[ 2  2  2  2  1  2  2  0  0],[ 2  3  2  2  1  1  2  0  0]]",True,"[-3,-2,-1,0,1,1,2,2,0,2,1,3,4,2,3,1,1,3,3,2,2,1,2,1,2,2,1,1,1,1,0,2,1,2,2,0]","[-3,-2,-1,0,1,1,2,2,0,2,1,3,4,2,3,1,1,3,3,2,2,1,2,1,2,2,1,1,1,1,0,2,1,2,2,0]",t^8+102t^6+266t^4+102t^2+1,"[-2,-2,-1,-1,0,1,2,3,0,-1,-1,1,1,2,3,-1,0,1,1,2,2,0,0,1,0,0,0,0,0,1,0,1,2,0,0,1]","[-3,-2,-1,0,1,1,2,2,1,0,2,0,1,2,3,0,1,0,0,2,2,0,1,0,1,1,0,0,1,1,0,-1,-1,0,-1,0]","[-2,-2,-1,-1,0,1,2,3,0,1,2,1,2,2,3,2,2,1,2,2,2,0,1,2,3,3,1,1,3,4,1,1,1,1,2,0]",c,"[[{8, 1}, {2, 7}, {3, 6}, {4, 5}], [{8, 1}, {2, 7}, {4, 6}, {3, 5}], [{8, 1}, {2, 7}, {5, 6}, {3, 4}], [{8, 1}, {3, 7}, {2, 6}, {4, 5}], [{8, 1}, {3, 7}, {2, 6}, {5}, {4}], [{8, 1}, {3, 7}, {4, 6}, {2, 5}], [{8, 1}, {3, 7}, {5, 6}, {2, 4}], [{8, 1}, {4, 7}, {2, 6}, {3, 5}], [{8, 1}, {4, 7}, {3, 6}, {2, 5}], [{8, 1}, {4, 7}, {5, 6}, {2, 3}], [{8, 1}, {5, 7}, {2, 6}, {3, 4}], [{8, 1}, {5, 7}, {3, 6}, {2, 4}], [{8, 1}, {5, 7}, {4, 6}, {2, 3}], [{8, 1}, {5, 7}, {6}, {2, 4}, {3}], [{8, 1}, {6, 7}, {2, 5}, {3, 4}], [{8, 1}, {6, 7}, {3, 5}, {2, 4}], [{8, 1}, {6, 7}, {4, 5}, {2, 3}], [{8, 1}, {6, 7}, {5}, {2, 4}, {3}], [{8, 1}, {7}, {3, 6}, {4, 5}, {2}], [{8, 1}, {7}, {5, 6}, {2, 4}, {3}], [{8, 1}, {7}, {6}, {2, 5}, {3, 4}], [{8, 2}, {1, 7}, {3, 6}, {4, 5}], [{8, 2}, {1, 7}, {4, 6}, {3, 5}], [{8, 2}, {1, 7}, {5, 6}, {3, 4}], [{8, 2}, {3, 7}, {1, 6}, {4, 5}], [{8, 2}, {3, 7}, {4, 6}, {1, 5}], [{8, 2}, {3, 7}, {5, 6}, {1, 4}], [{8, 2}, {3, 7}, {5, 6}, {4}, {1}], [{8, 2}, {4, 7}, {1, 6}, {3, 5}], [{8, 2}, {4, 7}, {3, 6}, {1, 5}], [{8, 2}, {4, 7}, {5, 6}, {1, 3}], [{8, 2}, {5, 7}, {1, 6}, {3, 4}], [{8, 2}, {5, 7}, {3, 6}, {1, 4}], [{8, 2}, {5, 7}, {3, 6}, {4}, {1}], [{8, 2}, {5, 7}, {4, 6}, {1, 3}], [{8, 2}, {5, 7}, {4, 6}, {3}, {1}], [{8, 2}, {5, 7}, {6}, {3, 4}, {1}], [{8, 2}, {6, 7}, {1, 5}, {3, 4}], [{8, 2}, {6, 7}, {3, 5}, {1, 4}], [{8, 2}, {6, 7}, {3, 5}, {4}, {1}], [{8, 2}, {6, 7}, {4, 5}, {1, 3}], [{8, 2}, {7}, {6}, {3, 5}, {1, 4}], [{8, 2}, {7}, {6}, {4, 5}, {1, 3}], [{8, 3}, {1, 7}, {2, 6}, {4, 5}], [{8, 3}, {1, 7}, {2, 6}, {5}, {4}], [{8, 3}, {1, 7}, {4, 6}, {2, 5}], [{8, 3}, {1, 7}, {5, 6}, {2, 4}], [{8, 3}, {1, 7}, {5, 6}, {4}, {2}], [{8, 3}, {1, 7}, {6}, {2, 5}, {4}], [{8, 3}, {2, 7}, {1, 6}, {4, 5}], [{8, 3}, {2, 7}, {4, 6}, {1, 5}], [{8, 3}, {2, 7}, {4, 6}, {5}, {1}], [{8, 3}, {2, 7}, {5, 6}, {1, 4}], [{8, 3}, {4, 7}, {1, 6}, {2, 5}], [{8, 3}, {4, 7}, {2, 6}, {1, 5}], [{8, 3}, {4, 7}, {5, 6}, {1, 2}], [{8, 3}, {4, 7}, {6}, {1, 5}, {2}], [{8, 3}, {5, 7}, {1, 6}, {2, 4}], [{8, 3}, {5, 7}, {2, 6}, {1, 4}], [{8, 3}, {5, 7}, {4, 6}, {1, 2}], [{8, 3}, {5, 7}, {4, 6}, {2}, {1}], [{8, 3}, {6, 7}, {1, 5}, {2, 4}], [{8, 3}, {6, 7}, {2, 5}, {1, 4}], [{8, 3}, {6, 7}, {4, 5}, {1, 2}], [{8, 3}, {6, 7}, {5}, {1, 4}, {2}], [{8, 3}, {7}, {1, 6}, {4, 5}, {2}], [{8, 3}, {7}, {4, 6}, {2, 5}, {1}], [{8, 4}, {1, 7}, {2, 6}, {3, 5}], [{8, 4}, {1, 7}, {3, 6}, {2, 5}], [{8, 4}, {1, 7}, {5, 6}, {2, 3}], [{8, 4}, {1, 7}, {6}, {2, 5}, {3}], [{8, 4}, {2, 7}, {1, 6}, {3, 5}], [{8, 4}, {2, 7}, {3, 6}, {1, 5}], [{8, 4}, {2, 7}, {5, 6}, {1, 3}], [{8, 4}, {2, 7}, {5, 6}, {3}, {1}], [{8, 4}, {3, 7}, {1, 6}, {2, 5}], [{8, 4}, {3, 7}, {2, 6}, {1, 5}], [{8, 4}, {3, 7}, {5, 6}, {1, 2}], [{8, 4}, {3, 7}, {6}, {1, 5}, {2}], [{8, 4}, {5, 7}, {1, 6}, {2, 3}], [{8, 4}, {5, 7}, {1, 6}, {3}, {2}], [{8, 4}, {5, 7}, {2, 6}, {1, 3}], [{8, 4}, {5, 7}, {3, 6}, {1, 2}], [{8, 4}, {6, 7}, {1, 5}, {2, 3}], [{8, 4}, {6, 7}, {2, 5}, {1, 3}], [{8, 4}, {6, 7}, {3, 5}, {1, 2}], [{8, 4}, {7}, {2, 6}, {3, 5}, {1}], [{8, 5}, {1, 7}, {2, 6}, {3, 4}], [{8, 5}, {1, 7}, {3, 6}, {2, 4}], [{8, 5}, {1, 7}, {4, 6}, {2, 3}], [{8, 5}, {1, 7}, {4, 6}, {3}, {2}], [{8, 5}, {2, 7}, {1, 6}, {3, 4}], [{8, 5}, {2, 7}, {3, 6}, {1, 4}], [{8, 5}, {2, 7}, {4, 6}, {1, 3}], [{8, 5}, {3, 7}, {1, 6}, {2, 4}], [{8, 5}, {3, 7}, {2, 6}, {1, 4}], [{8, 5}, {3, 7}, {4, 6}, {1, 2}], [{8, 5}, {3, 7}, {6}, {2, 4}, {1}], [{8, 5}, {4, 7}, {1, 6}, {2, 3}], [{8, 5}, {4, 7}, {2, 6}, {1, 3}], [{8, 5}, {4, 7}, {3, 6}, {1, 2}], [{8, 5}, {6, 7}, {1, 4}, {2, 3}], [{8, 5}, {6, 7}, {2, 4}, {1, 3}], [{8, 5}, {6, 7}, {3, 4}, {1, 2}], [{8, 5}, {7}, {1, 6}, {4}, {2, 3}], [{8, 5}, {7}, {4, 6}, {2, 3}, {1}], [{8, 5}, {7}, {6}, {1, 4}, {2, 3}], [{8, 6}, {1, 7}, {2, 5}, {3, 4}], [{8, 6}, {1, 7}, {3, 5}, {2, 4}], [{8, 6}, {1, 7}, {3, 5}, {4}, {2}], [{8, 6}, {1, 7}, {4, 5}, {2, 3}], [{8, 6}, {2, 7}, {1, 5}, {3, 4}], [{8, 6}, {2, 7}, {3, 5}, {1, 4}], [{8, 6}, {2, 7}, {4, 5}, {1, 3}], [{8, 6}, {3, 7}, {1, 5}, {2, 4}], [{8, 6}, {3, 7}, {2, 5}, {1, 4}], [{8, 6}, {3, 7}, {4, 5}, {1, 2}], [{8, 6}, {4, 7}, {1, 5}, {2, 3}], [{8, 6}, {4, 7}, {2, 5}, {1, 3}], [{8, 6}, {4, 7}, {3, 5}, {1, 2}], [{8, 6}, {5, 7}, {1, 4}, {2, 3}], [{8, 6}, {5, 7}, {2, 4}, {1, 3}], [{8, 6}, {5, 7}, {3, 4}, {1, 2}], [{8, 6}, {7}, {2, 5}, {1, 4}, {3}], [{8, 7}, {1, 6}, {2, 5}, {3, 4}], [{8, 7}, {1, 6}, {2, 5}, {4}, {3}], [{8, 7}, {1, 6}, {3, 5}, {2, 4}], [{8, 7}, {1, 6}, {3, 5}, {4}, {2}], [{8, 7}, {1, 6}, {4, 5}, {2, 3}], [{8, 7}, {1, 6}, {4, 5}, {3}, {2}], [{8, 7}, {1, 6}, {5}, {2, 4}, {3}], [{8, 7}, {1, 6}, {5}, {3, 4}, {2}], [{8, 7}, {1, 6}, {5}, {4}, {2, 3}], [{8, 7}, {2, 6}, {1, 5}, {3, 4}], [{8, 7}, {2, 6}, {1, 5}, {4}, {3}], [{8, 7}, {2, 6}, {3, 5}, {1, 4}], [{8, 7}, {2, 6}, {3, 5}, {4}, {1}], [{8, 7}, {2, 6}, {4, 5}, {1, 3}], [{8, 7}, {2, 6}, {4, 5}, {3}, {1}], [{8, 7}, {2, 6}, {5}, {1, 4}, {3}], [{8, 7}, {2, 6}, {5}, {3, 4}, {1}], [{8, 7}, {2, 6}, {5}, {4}, {1, 3}], [{8, 7}, {2, 6}, {5}, {4}, {3}, {1}], [{8, 7}, {3, 6}, {1, 5}, {2, 4}], [{8, 7}, {3, 6}, {1, 5}, {4}, {2}], [{8, 7}, {3, 6}, {2, 5}, {1, 4}], [{8, 7}, {3, 6}, {2, 5}, {4}, {1}], [{8, 7}, {3, 6}, {4, 5}, {1, 2}], [{8, 7}, {3, 6}, {4, 5}, {2}, {1}], [{8, 7}, {3, 6}, {5}, {1, 4}, {2}], [{8, 7}, {3, 6}, {5}, {2, 4}, {1}], [{8, 7}, {3, 6}, {5}, {4}, {1, 2}], [{8, 7}, {4, 6}, {1, 5}, {2, 3}], [{8, 7}, {4, 6}, {1, 5}, {3}, {2}], [{8, 7}, {4, 6}, {2, 5}, {1, 3}], [{8, 7}, {4, 6}, {2, 5}, {3}, {1}], [{8, 7}, {4, 6}, {3, 5}, {1, 2}], [{8, 7}, {4, 6}, {3, 5}, {2}, {1}], [{8, 7}, {4, 6}, {5}, {1, 3}, {2}], [{8, 7}, {4, 6}, {5}, {2, 3}, {1}], [{8, 7}, {4, 6}, {5}, {3}, {1, 2}], [{8, 7}, {5, 6}, {1, 4}, {2, 3}], [{8, 7}, {5, 6}, {1, 4}, {3}, {2}], [{8, 7}, {5, 6}, {2, 4}, {1, 3}], [{8, 7}, {5, 6}, {2, 4}, {3}, {1}], [{8, 7}, {5, 6}, {3, 4}, {1, 2}], [{8, 7}, {5, 6}, {3, 4}, {2}, {1}], [{8, 7}, {5, 6}, {4}, {1, 3}, {2}], [{8, 7}, {5, 6}, {4}, {2, 3}, {1}], [{8, 7}, {5, 6}, {4}, {3}, {1, 2}], [{8, 7}, {6}, {1, 5}, {2, 4}, {3}], [{8, 7}, {6}, {1, 5}, {3, 4}, {2}], [{8, 7}, {6}, {1, 5}, {4}, {2, 3}], [{8, 7}, {6}, {1, 5}, {4}, {3}, {2}], [{8, 7}, {6}, {2, 5}, {1, 4}, {3}], [{8, 7}, {6}, {2, 5}, {3, 4}, {1}], [{8, 7}, {6}, {2, 5}, {4}, {1, 3}], [{8, 7}, {6}, {3, 5}, {1, 4}, {2}], [{8, 7}, {6}, {3, 5}, {2, 4}, {1}], [{8, 7}, {6}, {3, 5}, {4}, {1, 2}], [{8, 7}, {6}, {4, 5}, {1, 3}, {2}], [{8, 7}, {6}, {4, 5}, {2, 3}, {1}], [{8, 7}, {6}, {4, 5}, {3}, {1, 2}], [{8, 7}, {6}, {5}, {1, 4}, {2, 3}], [{8, 7}, {6}, {5}, {2, 4}, {1, 3}], [{8, 7}, {6}, {5}, {3, 4}, {1, 2}], [{8}, {1, 7}, {3, 6}, {4, 5}, {2}], [{8}, {1, 7}, {5, 6}, {2, 4}, {3}], [{8}, {1, 7}, {6}, {2, 5}, {3, 4}], [{8}, {2, 7}, {6}, {3, 5}, {1, 4}], [{8}, {2, 7}, {6}, {4, 5}, {1, 3}], [{8}, {3, 7}, {1, 6}, {4, 5}, {2}], [{8}, {3, 7}, {4, 6}, {2, 5}, {1}], [{8}, {4, 7}, {2, 6}, {3, 5}, {1}], [{8}, {5, 7}, {1, 6}, {4}, {2, 3}], [{8}, {5, 7}, {4, 6}, {2, 3}, {1}], [{8}, {5, 7}, {6}, {1, 4}, {2, 3}], [{8}, {6, 7}, {2, 5}, {1, 4}, {3}]]",2,- 16 K_1^4 + 12 K_1^3 + 20 K_1^2 K_2 - 8 K_1^2 - 10 K_1 K_2 - 6 K_1 K_3 - 4 K_1 - 2 K_2^2 + 5 K_2 + 2 K_3 + K_4 + 7,O1O2O3O4U5U4O6U1U2O7O8U7U8U6O5U3,O1O2O3U2U3O4O5U1O6O7U6U8U4U5O8U7,O1O2O3U4O5U6U7U5U8O4O8U3O6O7U1U2,c,{'O1O2O3O4U2O5U6U7U8O7O8U3U4O6U1U5'},1,"<a href=""/flatknot/8.704227"">8.704227</a>",t^9-98t^7-450t^6-373t^5+348t^4+333t^3+104t^2+3t-4,-t^3+t^2+t,,
8.704228,O1O2O3O4U2O5U6U7U8O7O8U4U3O6U1U5,4,12z^3+61z^2+102z+57,-4w^5z^3+16w^4z^3-8w^4z^2+69w^3z^2+102w^2z+57w,False,False,"[[ 0 -1 -2  1  1  3 -2 -1  1],[ 1  0 -2  2  2  3 -1  0  2],[ 2  2  0  2  1  2  0  2  2],[-1 -2 -2  0  0  1 -2 -2  0],[-1 -2 -1  0  0  0 -1 -2  0],[-3 -3 -2 -1  0  0 -3 -4 -2],[ 2  1  0  2  1  3  0  2  2],[ 1  0 -2  2  2  4 -2  0  1],[-1 -2 -2  0  0  2 -2 -1  0]]","[[ 0  3  1  1  1 -1 -1 -2 -2],[-3  0  0 -1 -2 -3 -4 -2 -3],[-1  0  0  0  0 -2 -2 -1 -1],[-1  1  0  0  0 -2 -2 -2 -2],[-1  2  0  0  0 -2 -1 -2 -2],[ 1  3  2  2  2  0  0 -2 -1],[ 1  4  2  2  1  0  0 -2 -2],[ 2  2  1  2  2  2  2  0  0],[ 2  3  1  2  2  1  2  0  0]]",True,"[-3,-1,-1,-1,1,1,2,2,0,1,2,3,4,2,3,0,0,2,2,1,1,0,2,2,2,2,2,1,2,2,0,2,1,2,2,0]","[-3,-1,-1,-1,1,1,2,2,0,1,2,0,1,2,3,0,0,1,0,1,1,0,0,0,1,1,0,0,2,2,0,-1,-1,0,-1,0]",t^8+95t^6+265t^4+120t^2+1,"[-2,-2,-1,-1,1,1,1,3,0,-1,-1,1,1,2,3,-1,0,1,1,2,2,0,0,1,0,0,0,0,0,1,0,0,1,0,0,2]","[-3,-1,-1,-1,1,1,2,2,0,1,2,0,1,2,3,0,0,1,0,1,1,0,0,0,1,1,0,0,2,2,0,-1,-1,0,-1,0]","[-2,-2,-1,-1,1,1,1,3,0,1,2,1,2,2,3,2,2,1,2,2,2,0,2,2,2,3,2,1,2,4,0,0,0,0,2,1]",c,"[[{8, 7}, {2, 6}, {3, 5}, {1, 4}], [{8, 7}, {3, 6}, {2, 5}, {1, 4}], [{8, 7}, {5, 6}, {1, 4}, {2, 3}]]",1,- 8 K_1^4 + 4 K_1^3 + 8 K_1^2 K_2 + 2 K_1^2 - 2 K_1 K_2 - 2 K_1 K_3 - 2 K_1 + 1,O1O2O3O4U5U4O6U2U1O7O8U7U8U6O5U3,O1O2O3U2U3O4O5U1O6O7U6U8U5U4O8U7,O1O2O3U4O5U6U7U5U8O4O8U3O7O6U1U2,c,{'O1O2O3O4U2O5U6U7U8O7O8U4U3O6U1U5'},1,"<a href=""/flatknot/8.704228"">8.704228</a>",t^9-93t^7-384t^6-111t^5+552t^4-33t^3-76t^2+28t-16,-t^3+2t^2-t,,
8.704229,O1O2O3O4U2O5U6U7U8O7O8U5U1O6U3U4,4,8z^3+53z^2+114z+81,8w^4z^3+53w^3z^2+114w^2z+81w,False,False,"[[ 0 -1 -2  1  3  1 -2 -1  1],[ 1  0  0  1  2  0  0  0  2],[ 2  0  0  1  2  0  2  2  2],[-1 -1 -1  0  1  1 -2 -2  0],[-3 -2 -2 -1  0  1 -4 -4 -2],[-1  0  0 -1 -1  0 -1 -2  0],[ 2  0 -2  2  4  1  0  2  2],[ 1  0 -2  2  4  2 -2  0  1],[-1 -2 -2  0  2  0 -2 -1  0]]","[[ 0  3  1  1  1 -1 -1 -2 -2],[-3  0  1 -1 -2 -2 -4 -2 -4],[-1 -1  0 -1  0  0 -2  0 -1],[-1  1  1  0  0 -1 -2 -1 -2],[-1  2  0  0  0 -2 -1 -2 -2],[ 1  2  0  1  2  0  0  0  0],[ 1  4  2  2  1  0  0 -2 -2],[ 2  2  0  1  2  0  2  0  2],[ 2  4  1  2  2  0  2 -2  0]]",True,"[-3,-1,-1,-1,1,1,2,2,-1,1,2,2,4,2,4,1,0,0,2,0,1,0,1,2,1,2,2,1,2,2,0,0,0,2,2,-2]","[-3,-1,-1,-1,1,1,2,2,-1,1,2,2,4,2,4,1,0,0,2,0,1,0,1,2,1,2,2,1,2,2,0,0,0,2,2,-2]",t^8+87t^6+399t^4+185t^2+4,"[-2,-2,-1,-1,1,1,1,3,-2,-1,1,1,2,3,3,-1,1,1,1,2,1,0,1,0,0,0,0,1,2,2,0,0,0,-1,1,3]","[-3,-1,-1,-1,1,1,2,2,0,1,3,0,2,1,3,0,0,1,0,1,1,1,0,1,1,2,0,2,2,3,0,-1,-1,1,1,-2]","[-2,-2,-1,-1,1,1,1,3,-2,0,2,1,2,2,4,0,2,0,1,2,2,0,0,1,2,2,2,2,1,4,-1,0,-1,0,1,2]",c,"[[{8, 7}, {2, 6}, {1, 5}, {3, 4}], [{8, 7}, {2, 6}, {3, 5}, {1, 4}], [{8, 7}, {3, 6}, {1, 5}, {2, 4}], [{8, 7}, {4, 6}, {1, 5}, {2, 3}], [{8, 7}, {4, 6}, {5}, {2, 3}, {1}], [{8, 7}, {6}, {3, 5}, {1, 4}, {2}]]",1,16 K_1^3 + 4 K_1^2 K_2 - 12 K_1^2 - 18 K_1 K_2 - 4 K_1 K_3 - 3 K_1 + 6 K_2 + 5 K_3 + K_4 + 6,O1O2O3O4U1U2O5U4U6O7O8U7U8U5O6U3,O1O2O3U2U3O4O5U1O6O7U5U8U6U7O8U4,O1O2O3U4O5U6U7U5U8O6O7U3O8O4U1U2,c,{'O1O2O3O4U2O5U6U7U8O7O8U5U1O6U3U4'},1,"<a href=""/flatknot/8.704229"">8.704229</a>",t^9-85t^7-380t^6-213t^5+1272t^4+1920t^3+340t^2-451t-144,-t^3+2t^2-t,,
8.704230,O1O2O3O4U2O5U6U7U8O7O8U5U1O6U4U3,4,8z^3+54z^2+113z+75,8w^4z^3+54w^3z^2+113w^2z+75w,False,False,"[[ 0 -1 -2  2  2  1 -2 -1  1],[ 1  0  0  2  1  0  0  0  2],[ 2  0  0  2  1  0  2  2  2],[-2 -2 -2  0  0  1 -3 -3 -1],[-2 -1 -1  0  0  1 -3 -3 -1],[-1  0  0 -1 -1  0 -1 -2  0],[ 2  0 -2  3  3  1  0  2  2],[ 1  0 -2  3  3  2 -2  0  1],[-1 -2 -2  1  1  0 -2 -1  0]]","[[ 0  2  2  1  1 -1 -1 -2 -2],[-2  0  0  1 -1 -1 -3 -1 -3],[-2  0  0  1 -1 -2 -3 -2 -3],[-1 -1 -1  0  0  0 -2  0 -1],[-1  1  1  0  0 -2 -1 -2 -2],[ 1  1  2  0  2  0  0  0  0],[ 1  3  3  2  1  0  0 -2 -2],[ 2  1  2  0  2  0  2  0  2],[ 2  3  3  1  2  0  2 -2  0]]",True,"[-2,-2,-1,-1,1,1,2,2,0,-1,1,1,3,1,3,-1,1,2,3,2,3,0,0,2,0,1,2,1,2,2,0,0,0,2,2,-2]","[-2,-2,-1,-1,1,1,2,2,-2,-1,1,1,3,2,3,-1,1,1,2,1,1,0,1,0,0,0,0,2,1,2,0,0,0,2,2,0]",t^8+80t^6+389t^4+210t^2,"[-2,-2,-1,-1,1,1,2,2,-2,-1,1,1,3,2,3,-1,1,1,2,1,1,0,1,0,0,0,0,2,1,2,0,0,0,2,2,0]","[-2,-2,-1,-1,1,1,2,2,0,0,2,0,1,1,2,0,2,0,2,1,3,0,1,0,1,1,0,2,2,3,0,-1,-1,1,1,-2]","[-2,-2,-1,-1,1,1,2,2,-2,0,2,1,2,3,3,0,2,0,2,1,2,0,0,2,1,2,2,1,3,3,0,-1,-1,1,1,0]",c,"[[{8, 7}, {2, 6}, {1, 5}, {3, 4}], [{8, 7}, {3, 6}, {1, 5}, {2, 4}], [{8, 7}, {4, 6}, {1, 5}, {2, 3}]]",1,- 4 K_1^2 + 2 K_2 + 3,O1O2O3O4U2U1O5U4U6O7O8U7U8U5O6U3,O1O2O3U2U3O4O5U1O6O7U5U8U7U6O8U4,O1O2O3U4O5U6U7U5U8O7O6U3O8O4U1U2,c,{'O1O2O3O4U2O5U6U7U8O7O8U5U1O6U4U3'},1,"<a href=""/flatknot/8.704230"">8.704230</a>",t^9-80t^7-312t^6-11t^5+1150t^4+939t^3-274t^2-49t-8,0,,
8.704231,O1O2O3O4U2O5U6U7U8O7O8U5U3O6U1U4,3,16z^2+81z+99,-4w^4z^2+20w^3z^2-12w^3z+93w^2z+99w,False,False,"[[ 0 -1 -2  1  3  1 -2 -1  1],[ 1  0 -1  2  3  1 -1  0  2],[ 2  1  0  1  2  0  1  2  2],[-1 -2 -1  0  0  0 -2 -2  0],[-3 -3 -2  0  0  1 -4 -4 -2],[-1 -1  0  0 -1  0 -1 -2  0],[ 2  1 -1  2  4  1  0  2  2],[ 1  0 -2  2  4  2 -2  0  1],[-1 -2 -2  0  2  0 -2 -1  0]]","[[ 0  3  1  1  1 -1 -1 -2 -2],[-3  0  1  0 -2 -3 -4 -2 -4],[-1 -1  0  0  0 -1 -2  0 -1],[-1  0  0  0  0 -2 -2 -1 -2],[-1  2  0  0  0 -2 -1 -2 -2],[ 1  3  1  2  2  0  0 -1 -1],[ 1  4  2  2  1  0  0 -2 -2],[ 2  2  0  1  2  1  2  0  1],[ 2  4  1  2  2  1  2 -1  0]]",True,"[-3,-1,-1,-1,1,1,2,2,-1,0,2,3,4,2,4,0,0,1,2,0,1,0,2,2,1,2,2,1,2,2,0,1,1,2,2,-1]","[-3,-1,-1,-1,1,1,2,2,-1,0,2,3,4,2,4,0,0,1,2,0,1,0,2,2,1,2,2,1,2,2,0,1,1,2,2,-1]",t^8+93t^6+320t^4+20t^2,"[-2,-2,-1,-1,1,1,1,3,-1,-1,0,1,2,3,3,-1,0,1,1,2,1,0,1,0,0,0,0,0,1,1,0,0,0,0,2,3]","[-3,-1,-1,-1,1,1,2,2,0,2,3,0,1,1,3,0,0,1,0,1,1,0,0,0,1,2,0,1,2,3,0,-1,-1,0,0,-1]","[-2,-2,-1,-1,1,1,1,3,-1,1,2,1,2,2,4,1,2,0,1,2,2,0,1,2,2,3,2,2,1,4,0,0,-1,0,0,2]",c,"[[{8, 2}, {5, 7}, {3, 6}, {1, 4}], [{8, 7}, {3, 6}, {2, 5}, {1, 4}]]",1,- 8 K_1^4 + 36 K_1^3 + 16 K_1^2 K_2 - 36 K_1^2 - 34 K_1 K_2 - 8 K_1 K_3 - 10 K_1 - 2 K_2^2 + 18 K_2 + 8 K_3 + 2 K_4 + 19,O1O2O3O4U1U4O5U2U6O7O8U7U8U5O6U3,O1O2O3U2U3O4O5U1O6O7U6U8U5U7O8U4,O1O2O3U4O5U6U7U5U8O6O8U3O7O4U1U2,c,{'O1O2O3O4U2O5U6U7U8O7O8U5U3O6U1U4'},1,"<a href=""/flatknot/8.704231"">8.704231</a>",t^9-91t^7-380t^6-154t^5+798t^4+320t^3-382t^2+8t+56,-t^3+2t^2-t,,
8.704232,O1O2O3O4U2O5U6U7U8O7O8U5U4O6U1U3,4,19z^2+96z+117,19w^3z^2+96w^2z+117w,False,False,"[[ 0 -1 -2  2  2  1 -2 -1  1],[ 1  0 -1  2  2  1 -1  0  2],[ 2  1  0  2  1  0  1  2  2],[-2 -2 -2  0  1  1 -4 -3 -1],[-2 -2 -1 -1  0  0 -3 -3 -1],[-1 -1  0 -1  0  0 -1 -2  0],[ 2  1 -1  4  3  1  0  2  2],[ 1  0 -2  3  3  2 -2  0  1],[-1 -2 -2  1  1  0 -2 -1  0]]","[[ 0  2  2  1  1 -1 -1 -2 -2],[-2  0  1  1 -1 -2 -3 -2 -4],[-2 -1  0  0 -1 -2 -3 -1 -3],[-1 -1  0  0  0 -1 -2  0 -1],[-1  1  1  0  0 -2 -1 -2 -2],[ 1  2  2  1  2  0  0 -1 -1],[ 1  3  3  2  1  0  0 -2 -2],[ 2  2  1  0  2  1  2  0  1],[ 2  4  3  1  2  1  2 -1  0]]",True,"[-2,-2,-1,-1,1,1,2,2,-1,-1,1,2,3,2,4,0,1,2,3,1,3,0,1,2,0,1,2,1,2,2,0,1,1,2,2,-1]","[-2,-2,-1,-1,1,1,2,2,-1,-1,0,1,3,2,3,-1,0,1,2,0,1,0,1,0,0,0,0,1,1,1,0,0,0,2,1,-1]",t^8+90t^6+262t^4+71t^2,"[-2,-2,-1,-1,1,1,2,2,-1,-1,0,1,3,2,3,-1,0,1,2,0,1,0,1,0,0,0,0,1,1,1,0,0,0,2,1,-1]","[-2,-2,-1,-1,1,1,2,2,-1,0,1,0,1,1,3,0,2,0,1,0,2,0,1,0,1,1,0,1,2,3,0,-1,-1,0,0,-1]","[-2,-2,-1,-1,1,1,2,2,-1,1,2,1,2,3,4,1,2,0,2,1,2,0,1,2,2,2,2,1,3,3,0,0,-1,1,1,-1]",c,"[[{8, 1}, {5, 7}, {2, 6}, {3, 4}], [{8, 1}, {5, 7}, {3, 6}, {2, 4}], [{8, 1}, {5, 7}, {4, 6}, {2, 3}], [{8, 7}, {2, 6}, {1, 5}, {3, 4}], [{8, 7}, {3, 6}, {1, 5}, {2, 4}], [{8, 7}, {4, 6}, {1, 5}, {2, 3}]]",1,24 K_1^3 + 16 K_1^2 K_2 - 38 K_1^2 - 40 K_1 K_2 - 10 K_1 K_3 + 2 K_1 - 6 K_2^2 + 16 K_2 + 14 K_3 + 4 K_4 + 19,O1O2O3O4U2U4O5U1U6O7O8U7U8U5O6U3,O1O2O3U2U3O4O5U1O6O7U6U8U7U5O8U4,O1O2O3U4O5U6U7U5U8O7O8U3O6O4U1U2,c,{'O1O2O3O4U2O5U6U7U8O7O8U5U4O6U1U3'},1,"<a href=""/flatknot/8.704232"">8.704232</a>",t^9-90t^7-402t^6-300t^5+694t^4+788t^3-2t^2-119t-6,0,,
8.704233,O1O2O3O4U2O5U6U7U1O8O7U3U4O6U8U5,4,7z^3+50z^2+114z+85,7w^4z^3+50w^3z^2+114w^2z+85w,False,False,"[[ 0 -1 -2  0  2  3 -2  0  0],[ 1  0  0  1  2  1  0  1  0],[ 2  0  0  1  2  2  0  2  2],[ 0 -1 -1  0  1  2 -1  0  0],[-2 -2 -2 -1  0  1 -2 -2 -1],[-3 -1 -2 -2 -1  0 -2 -2 -2],[ 2  0  0  1  2  2  0  2  1],[ 0 -1 -2  0  2  2 -2  0  0],[ 0  0 -2  0  1  2 -1  0  0]]","[[ 0  3  2  0  0  0 -1 -2 -2],[-3  0 -1 -2 -2 -2 -1 -2 -2],[-2  1  0 -1 -1 -2 -2 -2 -2],[ 0  2  1  0  0  0  0 -1 -2],[ 0  2  1  0  0  0 -1 -1 -1],[ 0  2  2  0  0  0 -1 -2 -2],[ 1  1  2  0  1  1  0  0  0],[ 2  2  2  1  1  2  0  0  0],[ 2  2  2  2  1  2  0  0  0]]",True,"[-3,-2,0,0,0,1,2,2,1,2,2,2,1,2,2,1,1,2,2,2,2,0,0,0,1,2,0,1,1,1,1,2,2,0,0,0]","[-3,-2,0,0,0,1,2,2,0,1,1,1,3,3,3,0,1,1,1,2,2,0,0,0,0,0,0,0,1,1,1,0,1,1,1,0]",t^8+57t^6+133t^4+61t^2+1,"[-2,-2,-1,0,0,0,2,3,0,1,0,0,1,2,3,1,0,1,1,2,3,0,1,0,1,3,0,0,0,1,0,1,1,1,1,0]","[-3,-2,0,0,0,1,2,2,0,1,1,1,3,3,3,0,1,1,1,2,2,0,0,0,0,0,0,0,1,1,1,0,1,1,1,0]","[-2,-2,-1,0,0,0,2,3,0,0,1,1,2,2,2,0,1,2,2,2,2,1,0,1,2,1,0,0,1,2,0,1,2,2,2,1]",c,"[[{8, 6}, {2, 7}, {3, 5}, {1, 4}]]",1,28 K_1^3 - 10 K_1^2 - 22 K_1 K_2 - 10 K_1 + 5 K_2 + 4 K_3 + 6,O1O2O3O4U5U6O7U1U2O8O6U4U8U7O5U3,O1O2O3U4U2O5O6U1O4O7U3U8U5U6O8U7,O1O2O3U4O5U6U7U5U1O4O8U3O6O7U2U8,c,{'O1O2O3O4U2O5U6U7U1O8O7U3U4O6U8U5'},1,"<a href=""/flatknot/8.704233"">8.704233</a>",t^9-53t^7-168t^6-44t^5+272t^4+199t^3-12t^2-24t,-t^3+t^2+t,,
8.704234,O1O2O3O4U2O5U6U7U1O8O7U3U8O6U4U5,3,13z^2+74z+97,13w^3z^2-4w^3z+78w^2z+97w,False,False,"[[ 0 -1 -2  0  2  3 -2  0  0],[ 1  0  0  1  1  1  1  1  0],[ 2  0  0  1  2  2  1  2  1],[ 0 -1 -1  0  1  2 -1  0  0],[-2 -1 -2 -1  0  1 -2 -1 -1],[-3 -1 -2 -2 -1  0 -3 -2 -1],[ 2 -1 -1  1  2  3  0  1  1],[ 0 -1 -2  0  1  2 -1  0  0],[ 0  0 -1  0  1  1 -1  0  0]]","[[ 0  3  2  0 -1 -2 -2],[-3  0 -1 -2 -1 -2 -3],[-2  1  0 -1 -1 -2 -2],[ 0  2  1  0 -1 -2 -1],[ 1  1  1  1  0  0  1],[ 2  2  2  2  0  0  1],[ 2  3  2  1 -1 -1  0]]",False,"[-3,-2,0,1,2,2,1,2,1,2,3,1,1,2,2,1,2,1,0,-1,-1]","[-3,-2,0,1,2,2,0,1,3,2,3,1,2,2,2,0,1,0,2,1,-1]",t^6+37t^4+9t^2,"[-2,-2,-1,0,2,3,-1,1,0,2,3,2,1,2,2,0,2,3,1,1,0]","[-3,-2,0,1,2,2,0,1,3,2,3,1,2,2,2,0,1,0,2,1,-1]","[-2,-2,-1,0,2,3,-1,-1,1,2,3,0,2,2,2,1,1,1,1,2,1]",c,"[[{8, 1}, {2, 7}, {3, 6}, {4, 5}], [{8, 1}, {2, 7}, {4, 6}, {3, 5}], [{8, 1}, {2, 7}, {5, 6}, {3, 4}], [{8, 1}, {2, 7}, {6}, {3, 5}, {4}], [{8, 1}, {3, 7}, {2, 6}, {4, 5}], [{8, 1}, {3, 7}, {4, 6}, {2, 5}], [{8, 1}, {3, 7}, {4, 6}, {5}, {2}], [{8, 1}, {3, 7}, {5, 6}, {2, 4}], [{8, 1}, {3, 7}, {6}, {2, 5}, {4}], [{8, 1}, {4, 7}, {2, 6}, {3, 5}], [{8, 1}, {4, 7}, {3, 6}, {2, 5}], [{8, 1}, {4, 7}, {3, 6}, {5}, {2}], [{8, 1}, {4, 7}, {5, 6}, {2, 3}], [{8, 1}, {5, 7}, {2, 6}, {3, 4}], [{8, 1}, {5, 7}, {3, 6}, {2, 4}], [{8, 1}, {5, 7}, {4, 6}, {2, 3}], [{8, 1}, {6, 7}, {2, 5}, {3, 4}], [{8, 1}, {6, 7}, {3, 5}, {2, 4}], [{8, 1}, {6, 7}, {3, 5}, {4}, {2}], [{8, 1}, {6, 7}, {4, 5}, {2, 3}], [{8, 1}, {7}, {2, 6}, {3, 5}, {4}], [{8, 1}, {7}, {4, 6}, {2, 5}, {3}], [{8, 1}, {7}, {5, 6}, {2, 4}, {3}], [{8, 1}, {7}, {5, 6}, {3, 4}, {2}], [{8, 1}, {7}, {5, 6}, {4}, {2, 3}], [{8, 2}, {1, 7}, {3, 6}, {4, 5}], [{8, 2}, {1, 7}, {4, 6}, {3, 5}], [{8, 2}, {1, 7}, {5, 6}, {3, 4}], [{8, 2}, {1, 7}, {6}, {3, 5}, {4}], [{8, 2}, {3, 7}, {1, 6}, {4, 5}], [{8, 2}, {3, 7}, {1, 6}, {5}, {4}], [{8, 2}, {3, 7}, {4, 6}, {1, 5}], [{8, 2}, {3, 7}, {4, 6}, {5}, {1}], [{8, 2}, {3, 7}, {5, 6}, {1, 4}], [{8, 2}, {3, 7}, {5, 6}, {4}, {1}], [{8, 2}, {3, 7}, {6}, {1, 5}, {4}], [{8, 2}, {3, 7}, {6}, {4, 5}, {1}], [{8, 2}, {3, 7}, {6}, {5}, {1, 4}], [{8, 2}, {3, 7}, {6}, {5}, {4}, {1}], [{8, 2}, {4, 7}, {1, 6}, {3, 5}], [{8, 2}, {4, 7}, {3, 6}, {1, 5}], [{8, 2}, {4, 7}, {5, 6}, {1, 3}], [{8, 2}, {4, 7}, {6}, {1, 5}, {3}], [{8, 2}, {5, 7}, {1, 6}, {3, 4}], [{8, 2}, {5, 7}, {3, 6}, {1, 4}], [{8, 2}, {5, 7}, {4, 6}, {1, 3}], [{8, 2}, {5, 7}, {6}, {4}, {1, 3}], [{8, 2}, {6, 7}, {1, 5}, {3, 4}], [{8, 2}, {6, 7}, {1, 5}, {4}, {3}], [{8, 2}, {6, 7}, {3, 5}, {1, 4}], [{8, 2}, {6, 7}, {4, 5}, {1, 3}], [{8, 2}, {7}, {3, 6}, {1, 5}, {4}], [{8, 2}, {7}, {4, 6}, {1, 5}, {3}], [{8, 2}, {7}, {6}, {1, 5}, {3, 4}], [{8, 2}, {7}, {6}, {1, 5}, {4}, {3}], [{8, 3}, {1, 7}, {2, 6}, {4, 5}], [{8, 3}, {1, 7}, {2, 6}, {5}, {4}], [{8, 3}, {1, 7}, {4, 6}, {2, 5}], [{8, 3}, {1, 7}, {4, 6}, {5}, {2}], [{8, 3}, {1, 7}, {5, 6}, {2, 4}], [{8, 3}, {1, 7}, {5, 6}, {4}, {2}], [{8, 3}, {1, 7}, {6}, {2, 5}, {4}], [{8, 3}, {1, 7}, {6}, {4, 5}, {2}], [{8, 3}, {1, 7}, {6}, {5}, {2, 4}], [{8, 3}, {2, 7}, {1, 6}, {4, 5}], [{8, 3}, {2, 7}, {1, 6}, {5}, {4}], [{8, 3}, {2, 7}, {4, 6}, {1, 5}], [{8, 3}, {2, 7}, {4, 6}, {5}, {1}], [{8, 3}, {2, 7}, {5, 6}, {1, 4}], [{8, 3}, {2, 7}, {5, 6}, {4}, {1}], [{8, 3}, {2, 7}, {6}, {1, 5}, {4}], [{8, 3}, {2, 7}, {6}, {4, 5}, {1}], [{8, 3}, {2, 7}, {6}, {5}, {1, 4}], [{8, 3}, {2, 7}, {6}, {5}, {4}, {1}], [{8, 3}, {4, 7}, {1, 6}, {2, 5}], [{8, 3}, {4, 7}, {1, 6}, {5}, {2}], [{8, 3}, {4, 7}, {2, 6}, {1, 5}], [{8, 3}, {4, 7}, {2, 6}, {5}, {1}], [{8, 3}, {4, 7}, {5, 6}, {1, 2}], [{8, 3}, {4, 7}, {5, 6}, {2}, {1}], [{8, 3}, {4, 7}, {6}, {1, 5}, {2}], [{8, 3}, {4, 7}, {6}, {2, 5}, {1}], [{8, 3}, {4, 7}, {6}, {5}, {1, 2}], [{8, 3}, {5, 7}, {1, 6}, {2, 4}], [{8, 3}, {5, 7}, {1, 6}, {4}, {2}], [{8, 3}, {5, 7}, {2, 6}, {1, 4}], [{8, 3}, {5, 7}, {2, 6}, {4}, {1}], [{8, 3}, {5, 7}, {4, 6}, {1, 2}], [{8, 3}, {5, 7}, {4, 6}, {2}, {1}], [{8, 3}, {5, 7}, {6}, {1, 4}, {2}], [{8, 3}, {5, 7}, {6}, {2, 4}, {1}], [{8, 3}, {5, 7}, {6}, {4}, {1, 2}], [{8, 3}, {6, 7}, {1, 5}, {2, 4}], [{8, 3}, {6, 7}, {1, 5}, {4}, {2}], [{8, 3}, {6, 7}, {2, 5}, {1, 4}], [{8, 3}, {6, 7}, {2, 5}, {4}, {1}], [{8, 3}, {6, 7}, {4, 5}, {1, 2}], [{8, 3}, {6, 7}, {4, 5}, {2}, {1}], [{8, 3}, {6, 7}, {5}, {1, 4}, {2}], [{8, 3}, {6, 7}, {5}, {2, 4}, {1}], [{8, 3}, {6, 7}, {5}, {4}, {1, 2}], [{8, 3}, {6, 7}, {5}, {4}, {2}, {1}], [{8, 3}, {7}, {1, 6}, {2, 5}, {4}], [{8, 3}, {7}, {1, 6}, {4, 5}, {2}], [{8, 3}, {7}, {1, 6}, {5}, {2, 4}], [{8, 3}, {7}, {2, 6}, {1, 5}, {4}], [{8, 3}, {7}, {2, 6}, {4, 5}, {1}], [{8, 3}, {7}, {2, 6}, {5}, {1, 4}], [{8, 3}, {7}, {2, 6}, {5}, {4}, {1}], [{8, 3}, {7}, {4, 6}, {1, 5}, {2}], [{8, 3}, {7}, {4, 6}, {2, 5}, {1}], [{8, 3}, {7}, {4, 6}, {5}, {1, 2}], [{8, 3}, {7}, {5, 6}, {1, 4}, {2}], [{8, 3}, {7}, {5, 6}, {2, 4}, {1}], [{8, 3}, {7}, {5, 6}, {4}, {1, 2}], [{8, 3}, {7}, {6}, {1, 5}, {2, 4}], [{8, 3}, {7}, {6}, {1, 5}, {4}, {2}], [{8, 3}, {7}, {6}, {2, 5}, {1, 4}], [{8, 3}, {7}, {6}, {4, 5}, {1, 2}], [{8, 4}, {1, 7}, {2, 6}, {3, 5}], [{8, 4}, {1, 7}, {3, 6}, {2, 5}], [{8, 4}, {1, 7}, {3, 6}, {5}, {2}], [{8, 4}, {1, 7}, {5, 6}, {2, 3}], [{8, 4}, {2, 7}, {1, 6}, {3, 5}], [{8, 4}, {2, 7}, {3, 6}, {1, 5}], [{8, 4}, {2, 7}, {5, 6}, {1, 3}], [{8, 4}, {2, 7}, {6}, {1, 5}, {3}], [{8, 4}, {3, 7}, {1, 6}, {2, 5}], [{8, 4}, {3, 7}, {1, 6}, {5}, {2}], [{8, 4}, {3, 7}, {2, 6}, {1, 5}], [{8, 4}, {3, 7}, {5, 6}, {1, 2}], [{8, 4}, {3, 7}, {5, 6}, {2}, {1}], [{8, 4}, {3, 7}, {6}, {1, 5}, {2}], [{8, 4}, {5, 7}, {1, 6}, {2, 3}], [{8, 4}, {5, 7}, {2, 6}, {1, 3}], [{8, 4}, {5, 7}, {3, 6}, {1, 2}], [{8, 4}, {5, 7}, {3, 6}, {2}, {1}], [{8, 4}, {6, 7}, {1, 5}, {2, 3}], [{8, 4}, {6, 7}, {1, 5}, {3}, {2}], [{8, 4}, {6, 7}, {2, 5}, {1, 3}], [{8, 4}, {6, 7}, {3, 5}, {1, 2}], [{8, 4}, {7}, {2, 6}, {1, 5}, {3}], [{8, 4}, {7}, {3, 6}, {1, 5}, {2}], [{8, 4}, {7}, {6}, {1, 5}, {2, 3}], [{8, 4}, {7}, {6}, {1, 5}, {3}, {2}], [{8, 4}, {7}, {6}, {2, 5}, {1, 3}], [{8, 4}, {7}, {6}, {3, 5}, {1, 2}], [{8, 5}, {1, 7}, {2, 6}, {3, 4}], [{8, 5}, {1, 7}, {3, 6}, {2, 4}], [{8, 5}, {1, 7}, {4, 6}, {2, 3}], [{8, 5}, {2, 7}, {1, 6}, {3, 4}], [{8, 5}, {2, 7}, {3, 6}, {1, 4}], [{8, 5}, {2, 7}, {4, 6}, {1, 3}], [{8, 5}, {2, 7}, {6}, {4}, {1, 3}], [{8, 5}, {3, 7}, {1, 6}, {2, 4}], [{8, 5}, {3, 7}, {2, 6}, {1, 4}], [{8, 5}, {3, 7}, {4, 6}, {1, 2}], [{8, 5}, {3, 7}, {4, 6}, {2}, {1}], [{8, 5}, {3, 7}, {6}, {4}, {1, 2}], [{8, 5}, {4, 7}, {1, 6}, {2, 3}], [{8, 5}, {4, 7}, {2, 6}, {1, 3}], [{8, 5}, {4, 7}, {3, 6}, {1, 2}], [{8, 5}, {4, 7}, {3, 6}, {2}, {1}], [{8, 5}, {6, 7}, {1, 4}, {2, 3}], [{8, 5}, {6, 7}, {2, 4}, {1, 3}], [{8, 5}, {6, 7}, {3, 4}, {1, 2}], [{8, 5}, {6, 7}, {4}, {1, 3}, {2}], [{8, 5}, {7}, {1, 6}, {2, 4}, {3}], [{8, 5}, {7}, {1, 6}, {3, 4}, {2}], [{8, 5}, {7}, {1, 6}, {4}, {2, 3}], [{8, 5}, {7}, {2, 6}, {4}, {1, 3}], [{8, 5}, {7}, {4, 6}, {3}, {1, 2}], [{8, 6}, {1, 7}, {2, 5}, {3, 4}], [{8, 6}, {1, 7}, {3, 5}, {2, 4}], [{8, 6}, {1, 7}, {4, 5}, {2, 3}], [{8, 6}, {1, 7}, {5}, {4}, {2, 3}], [{8, 6}, {2, 7}, {1, 5}, {3, 4}], [{8, 6}, {2, 7}, {1, 5}, {4}, {3}], [{8, 6}, {2, 7}, {3, 5}, {1, 4}], [{8, 6}, {2, 7}, {4, 5}, {1, 3}], [{8, 6}, {3, 7}, {1, 5}, {2, 4}], [{8, 6}, {3, 7}, {1, 5}, {4}, {2}], [{8, 6}, {3, 7}, {2, 5}, {1, 4}], [{8, 6}, {3, 7}, {4, 5}, {1, 2}], [{8, 6}, {4, 7}, {1, 5}, {2, 3}], [{8, 6}, {4, 7}, {1, 5}, {3}, {2}], [{8, 6}, {4, 7}, {2, 5}, {1, 3}], [{8, 6}, {4, 7}, {3, 5}, {1, 2}], [{8, 6}, {4, 7}, {5}, {2, 3}, {1}], [{8, 6}, {5, 7}, {1, 4}, {2, 3}], [{8, 6}, {5, 7}, {2, 4}, {1, 3}], [{8, 6}, {5, 7}, {3, 4}, {1, 2}], [{8, 6}, {5, 7}, {4}, {2, 3}, {1}], [{8, 6}, {7}, {1, 5}, {2, 4}, {3}], [{8, 6}, {7}, {1, 5}, {3, 4}, {2}], [{8, 6}, {7}, {1, 5}, {4}, {2, 3}], [{8, 6}, {7}, {1, 5}, {4}, {3}, {2}], [{8, 6}, {7}, {2, 5}, {4}, {1, 3}], [{8, 6}, {7}, {3, 5}, {4}, {1, 2}], [{8, 6}, {7}, {4, 5}, {2, 3}, {1}], [{8, 6}, {7}, {5}, {1, 4}, {2, 3}], [{8, 6}, {7}, {5}, {4}, {2, 3}, {1}], [{8, 7}, {1, 6}, {2, 5}, {3, 4}], [{8, 7}, {1, 6}, {3, 5}, {2, 4}], [{8, 7}, {1, 6}, {4, 5}, {2, 3}], [{8, 7}, {1, 6}, {5}, {2, 4}, {3}], [{8, 7}, {2, 6}, {1, 5}, {3, 4}], [{8, 7}, {2, 6}, {1, 5}, {4}, {3}], [{8, 7}, {2, 6}, {3, 5}, {1, 4}], [{8, 7}, {2, 6}, {4, 5}, {1, 3}], [{8, 7}, {3, 6}, {1, 5}, {2, 4}], [{8, 7}, {3, 6}, {1, 5}, {4}, {2}], [{8, 7}, {3, 6}, {2, 5}, {1, 4}], [{8, 7}, {3, 6}, {4, 5}, {1, 2}], [{8, 7}, {4, 6}, {1, 5}, {2, 3}], [{8, 7}, {4, 6}, {1, 5}, {3}, {2}], [{8, 7}, {4, 6}, {2, 5}, {1, 3}], [{8, 7}, {4, 6}, {2, 5}, {3}, {1}], [{8, 7}, {4, 6}, {3, 5}, {1, 2}], [{8, 7}, {4, 6}, {5}, {3}, {1, 2}], [{8, 7}, {5, 6}, {1, 4}, {2, 3}], [{8, 7}, {5, 6}, {2, 4}, {1, 3}], [{8, 7}, {5, 6}, {2, 4}, {3}, {1}], [{8, 7}, {5, 6}, {3, 4}, {1, 2}], [{8, 7}, {6}, {1, 5}, {2, 4}, {3}], [{8, 7}, {6}, {1, 5}, {3, 4}, {2}], [{8, 7}, {6}, {1, 5}, {4}, {2, 3}], [{8, 7}, {6}, {1, 5}, {4}, {3}, {2}], [{8}, {1, 7}, {2, 6}, {4, 5}, {3}], [{8}, {1, 7}, {4, 6}, {2, 5}, {3}], [{8}, {1, 7}, {5, 6}, {2, 4}, {3}], [{8}, {2, 7}, {1, 6}, {4, 5}, {3}], [{8}, {2, 7}, {3, 6}, {1, 5}, {4}], [{8}, {2, 7}, {4, 6}, {1, 5}, {3}], [{8}, {2, 7}, {5, 6}, {1, 4}, {3}], [{8}, {2, 7}, {6}, {1, 5}, {3, 4}], [{8}, {2, 7}, {6}, {1, 5}, {4}, {3}], [{8}, {3, 7}, {1, 6}, {5}, {2, 4}], [{8}, {3, 7}, {2, 6}, {1, 5}, {4}], [{8}, {3, 7}, {4, 6}, {1, 5}, {2}], [{8}, {3, 7}, {4, 6}, {2, 5}, {1}], [{8}, {3, 7}, {4, 6}, {5}, {1, 2}], [{8}, {3, 7}, {5, 6}, {2, 4}, {1}], [{8}, {3, 7}, {6}, {1, 5}, {2, 4}], [{8}, {3, 7}, {6}, {1, 5}, {4}, {2}], [{8}, {4, 7}, {1, 6}, {2, 5}, {3}], [{8}, {4, 7}, {2, 6}, {1, 5}, {3}], [{8}, {4, 7}, {3, 6}, {1, 5}, {2}], [{8}, {4, 7}, {5, 6}, {3}, {1, 2}], [{8}, {4, 7}, {6}, {1, 5}, {2, 3}], [{8}, {4, 7}, {6}, {1, 5}, {3}, {2}], [{8}, {5, 7}, {1, 6}, {2, 4}, {3}], [{8}, {5, 7}, {2, 6}, {1, 4}, {3}], [{8}, {5, 7}, {4, 6}, {3}, {1, 2}], [{8}, {6, 7}, {1, 5}, {2, 4}, {3}], [{8}, {6, 7}, {1, 5}, {3, 4}, {2}], [{8}, {6, 7}, {1, 5}, {4}, {2, 3}], [{8}, {6, 7}, {1, 5}, {4}, {3}, {2}], [{8}, {6, 7}, {2, 5}, {1, 4}, {3}], [{8}, {6, 7}, {4, 5}, {3}, {1, 2}], [{8}, {7}, {1, 6}, {3, 5}, {2, 4}], [{8}, {7}, {1, 6}, {5}, {2, 4}, {3}], [{8}, {7}, {2, 6}, {1, 5}, {3, 4}], [{8}, {7}, {2, 6}, {1, 5}, {4}, {3}], [{8}, {7}, {3, 6}, {1, 5}, {2, 4}], [{8}, {7}, {3, 6}, {1, 5}, {4}, {2}], [{8}, {7}, {4, 6}, {1, 5}, {2, 3}], [{8}, {7}, {4, 6}, {1, 5}, {3}, {2}], [{8}, {7}, {4, 6}, {2, 5}, {1, 3}], [{8}, {7}, {4, 6}, {2, 5}, {3}, {1}], [{8}, {7}, {4, 6}, {3, 5}, {1, 2}], [{8}, {7}, {4, 6}, {5}, {3}, {1, 2}], [{8}, {7}, {5, 6}, {2, 4}, {1, 3}], [{8}, {7}, {5, 6}, {2, 4}, {3}, {1}], [{8}, {7}, {6}, {1, 5}, {2, 4}, {3}], [{8}, {7}, {6}, {1, 5}, {3, 4}, {2}], [{8}, {7}, {6}, {1, 5}, {4}, {2, 3}], [{8}, {7}, {6}, {1, 5}, {4}, {3}, {2}]]",2,8 K_1^3 - 22 K_1^2 - 10 K_1 K_2 - K_1 + 11 K_2 + 3 K_3 + 12,O1O2O3O4U5U1O6U7U2O8O7U4U8U6O5U3,O1O2O3U4U2O5O4U1O6O7U3U8U5U6O8U7,O1O2O3U4O5U6U7U5U1O4O6U3O8O7U2U8,c,{'O1O2O3O4U2O5U6U7U1O8O7U3U8O6U4U5'},1,"<a href=""/flatknot/8.704234"">8.704234</a>",t^7-33t^5-108t^4-128t^3-88t^2-19t+6,-t^3+t^2+t,,
8.704235,O1O2O3O4U2O5U6U7U1O8O7U4U3O6U8U5,4,6z^3+43z^2+94z+65,6w^4z^3-6w^4z^2+49w^3z^2-10w^3z+104w^2z+65w,False,False,"[[ 0 -1 -2  1  1  3 -2  0  0],[ 1  0  0  2  1  1  0  1  0],[ 2  0  0  2  1  2  0  2  2],[-1 -2 -2  0  0  2 -2 -1  0],[-1 -1 -1  0  0  1 -1 -1 -1],[-3 -1 -2 -2 -1  0 -2 -2 -2],[ 2  0  0  2  1  2  0  2  1],[ 0 -1 -2  1  1  2 -2  0  0],[ 0  0 -2  0  1  2 -1  0  0]]","[[ 0  3  1  1  0  0 -1 -2 -2],[-3  0 -1 -2 -2 -2 -1 -2 -2],[-1  1  0  0 -1 -1 -1 -1 -1],[-1  2  0  0  0 -1 -2 -2 -2],[ 0  2  1  0  0  0  0 -1 -2],[ 0  2  1  1  0  0 -1 -2 -2],[ 1  1  1  2  0  1  0  0  0],[ 2  2  1  2  1  2  0  0  0],[ 2  2  1  2  2  2  0  0  0]]",True,"[-3,-1,-1,0,0,1,2,2,1,2,2,2,1,2,2,0,1,1,1,1,1,0,1,2,2,2,0,0,1,2,1,2,2,0,0,0]","[-3,-1,-1,0,0,1,2,2,0,1,1,1,3,3,3,0,0,1,0,1,1,0,0,1,2,2,0,0,0,0,1,0,1,1,1,0]",t^8+54t^6+151t^4+65t^2+1,"[-2,-2,-1,0,0,1,1,3,0,1,0,0,1,2,3,1,0,1,1,2,3,0,1,0,1,3,0,0,0,1,1,0,1,0,0,1]","[-3,-1,-1,0,0,1,2,2,0,1,1,1,3,3,3,0,0,1,0,1,1,0,0,1,2,2,0,0,0,0,1,0,1,1,1,0]","[-2,-2,-1,0,0,1,1,3,0,0,1,2,1,2,2,0,2,2,1,2,2,0,1,1,2,1,0,1,0,2,1,1,2,0,1,2]",c,"[[{8, 4}, {1, 7}, {5, 6}, {2, 3}], [{8, 4}, {2, 7}, {5, 6}, {1, 3}], [{8, 5}, {1, 7}, {4, 6}, {2, 3}], [{8, 5}, {2, 7}, {4, 6}, {1, 3}], [{8, 5}, {2, 7}, {6}, {4}, {1, 3}], [{8, 6}, {2, 7}, {4, 5}, {1, 3}], [{8, 6}, {2, 7}, {5}, {4}, {1, 3}], [{8}, {2, 7}, {5, 6}, {4}, {1, 3}]]",1,12 K_1^3 - 4 K_1^2 - 6 K_1 K_2 - 6 K_1 + 2 K_2 + 3,O1O2O3O4U5U6O7U2U1O8O6U4U8U7O5U3,O1O2O3U4U2O5O6U1O4O7U3U8U6U5O8U7,O1O2O3U4O5U6U7U5U1O4O8U3O7O6U2U8,c,{'O1O2O3O4U2O5U6U7U1O8O7U4U3O6U8U5'},1,"<a href=""/flatknot/8.704235"">8.704235</a>",t^9-52t^7-144t^6-47t^5+222t^4+313t^3+150t^2-45t+2,-t^3+2t^2-t,,
8.704236,O1O2O3O4U2O5U6U7U1O8O7U5U3O6U8U4,4,z^3+24z^2+106z+125,w^4z^3+24w^3z^2+106w^2z+125w,False,False,"[[ 0 -1 -2  1  3  1 -2  0  0],[ 1  0  0  2  2  0  0  1  0],[ 2  0  0  1  2  0  1  2  1],[-1 -2 -1  0  1  0 -2 -1  0],[-3 -2 -2 -1  0  0 -3 -2 -1],[-1  0  0  0  0  0 -1 -1 -1],[ 2  0 -1  2  3  1  0  2  1],[ 0 -1 -2  1  2  1 -2  0  0],[ 0  0 -1  0  1  1 -1  0  0]]","[[ 0  3  1  1  0  0 -1 -2 -2],[-3  0  0 -1 -1 -2 -2 -2 -3],[-1  0  0  0 -1 -1  0  0 -1],[-1  1  0  0  0 -1 -2 -1 -2],[ 0  1  1  0  0  0  0 -1 -1],[ 0  2  1  1  0  0 -1 -2 -2],[ 1  2  0  2  0  1  0  0  0],[ 2  2  0  1  1  2  0  0  1],[ 2  3  1  2  1  2  0 -1  0]]",True,"[-3,-1,-1,0,0,1,2,2,0,1,1,2,2,2,3,0,1,1,0,0,1,0,1,2,1,2,0,0,1,1,1,2,2,0,0,-1]","[-3,-1,-1,0,0,1,2,2,0,1,1,2,2,2,3,0,1,1,0,0,1,0,1,2,1,2,0,0,1,1,1,2,2,0,0,-1]",t^8+48t^6+133t^4+36t^2,"[-2,-2,-1,0,0,1,1,3,-1,1,0,1,2,3,3,1,0,1,1,2,2,0,1,0,2,2,0,0,0,1,1,0,2,0,1,2]","[-3,-1,-1,0,0,1,2,2,1,2,1,2,2,2,3,0,0,1,0,1,2,0,0,2,2,3,0,0,0,0,1,1,1,1,1,-1]","[-2,-2,-1,0,0,1,1,3,-1,0,1,2,1,2,3,0,1,2,0,1,2,0,1,0,2,2,0,1,0,1,1,1,2,0,0,1]",c,"[[{8, 6}, {1, 7}, {2, 5}, {3, 4}], [{8, 6}, {1, 7}, {3, 5}, {2, 4}], [{8, 6}, {4, 7}, {2, 5}, {1, 3}]]",1,- 8 K_1^4 + 16 K_1^3 + 20 K_1^2 K_2 - 34 K_1^2 - 22 K_1 K_2 - 10 K_1 K_3 - K_1 - 4 K_2^2 + 16 K_2 + 7 K_3 + 3 K_4 + 18,O1O2O3O4U1U5O6U2U7O8O5U4U8U6O7U3,O1O2O3U4U2O5O6U1O4O7U3U8U6U7O8U5,O1O2O3U4O5U6U7U5U1O6O8U3O7O4U2U8,c,{'O1O2O3O4U2O5U6U7U1O8O7U5U3O6U8U4'},1,"<a href=""/flatknot/8.704236"">8.704236</a>",t^9-46t^7-136t^6-45t^5+252t^4+374t^3+146t^2-32t-18,-t^3+2t^2-t,,
8.704237,O1O2O3O4U2O5U6U7U1O8O7U5U4O6U8U3,4,14z^2+99z+143,14w^3z^2+99w^2z+143w,False,False,"[[ 0 -1 -2  2  2  1 -2  0  0],[ 1  0  0  2  2  0  0  1  0],[ 2  0  0  2  1  0  1  2  1],[-2 -2 -2  0  0  0 -3 -1  0],[-2 -2 -1  0  0  0 -3 -2  0],[-1  0  0  0  0  0 -1 -1 -1],[ 2  0 -1  3  3  1  0  2  1],[ 0 -1 -2  1  2  1 -2  0  0],[ 0  0 -1  0  0  1 -1  0  0]]","[[ 0  2  2  1  0  0 -1 -2 -2],[-2  0  0  0  0 -1 -2 -2 -3],[-2  0  0  0  0 -2 -2 -1 -3],[-1  0  0  0 -1 -1  0  0 -1],[ 0  0  0  1  0  0  0 -1 -1],[ 0  1  2  1  0  0 -1 -2 -2],[ 1  2  2  0  0  1  0  0  0],[ 2  2  1  0  1  2  0  0  1],[ 2  3  3  1  1  2  0 -1  0]]",True,"[-2,-2,-1,0,0,1,2,2,0,0,0,1,2,2,3,0,0,2,2,1,3,1,1,0,0,1,0,0,1,1,1,2,2,0,0,-1]","[-2,-2,-1,0,0,1,2,2,-1,0,1,2,1,3,3,0,1,2,0,1,2,0,1,0,2,2,0,1,0,0,1,2,1,0,0,0]",t^8+51t^6+169t^4+74t^2+1,"[-2,-2,-1,0,0,1,2,2,-1,1,0,1,3,2,3,1,0,1,2,1,1,0,1,2,1,1,0,0,1,0,0,2,2,1,1,0]","[-2,-2,-1,0,0,1,2,2,0,1,0,2,1,1,3,1,1,2,1,1,2,0,0,2,2,3,0,0,0,0,1,1,1,1,1,-1]","[-2,-2,-1,0,0,1,2,2,-1,0,1,2,1,3,3,0,1,2,0,1,2,0,1,0,2,2,0,1,0,0,1,2,1,0,0,0]",c,"[[{8, 6}, {1, 7}, {2, 5}, {3, 4}]]",1,8 K_1^3 - 36 K_1^2 - 32 K_1 K_2 + 10 K_1 + 18 K_2 + 14 K_3 + 19,O1O2O3O4U2U5O6U1U7O8O5U4U8U6O7U3,O1O2O3U4U2O5O6U1O4O7U3U8U7U6O8U5,O1O2O3U4O5U6U7U5U1O7O8U3O6O4U2U8,c,{'O1O2O3O4U2O5U6U7U1O8O7U5U4O6U8U3'},1,"<a href=""/flatknot/8.704237"">8.704237</a>",t^9-51t^7-106t^6+103t^5+222t^4+94t^3-78t^2-101t-26,0,,
8.704238,O1O2O3O4U2O5U6U7U1O8O7U5U8O6U3U4,4,2z^3+30z^2+93z+83,2w^4z^3+30w^3z^2+93w^2z+83w,False,False,"[[ 0 -1 -2  1  3  1 -2  0  0],[ 1  0  0  1  2  0  1  1  0],[ 2  0  0  1  2  0  2  2  0],[-1 -1 -1  0  1  0 -2  0  0],[-3 -2 -2 -1  0  0 -4 -2  0],[-1  0  0  0  0  0 -2 -1  0],[ 2 -1 -2  2  4  2  0  1  1],[ 0 -1 -2  0  2  1 -1  0  0],[ 0  0  0  0  0  0 -1  0  0]]","[[ 0  3  1  1  0  0 -1 -2 -2],[-3  0  0 -1  0 -2 -2 -2 -4],[-1  0  0  0  0 -1  0  0 -2],[-1  1  0  0  0  0 -1 -1 -2],[ 0  0  0  0  0  0  0  0 -1],[ 0  2  1  0  0  0 -1 -2 -1],[ 1  2  0  1  0  1  0  0  1],[ 2  2  0  1  0  2  0  0  2],[ 2  4  2  2  1  1 -1 -2  0]]",True,"[-3,-1,-1,0,0,1,2,2,0,1,0,2,2,2,4,0,0,1,0,0,2,0,0,1,1,2,0,0,0,1,1,2,1,0,-1,-2]","[-3,-1,-1,0,0,1,2,2,0,1,0,2,2,2,4,0,0,1,0,0,2,0,0,1,1,2,0,0,0,1,1,2,1,0,-1,-2]",t^8+52t^6+124t^4+39t^2,"[-2,-2,-1,0,0,1,1,3,-2,1,0,2,2,3,3,2,1,1,1,1,1,0,1,1,2,2,0,1,0,1,1,1,3,0,1,2]","[-3,-1,-1,0,0,1,2,2,1,2,1,3,2,1,3,0,1,1,1,1,2,0,1,2,1,3,0,0,1,0,1,1,2,2,1,-2]","[-2,-2,-1,0,0,1,1,3,-2,-1,1,1,2,2,4,0,0,2,0,1,2,0,1,0,1,2,0,0,0,0,1,0,2,0,0,1]",c,"[[{8, 1}, {3, 7}, {4, 6}, {2, 5}], [{8, 1}, {3, 7}, {5, 6}, {2, 4}], [{8, 1}, {4, 7}, {3, 6}, {2, 5}], [{8, 1}, {5, 7}, {4, 6}, {2, 3}], [{8, 3}, {5, 7}, {1, 6}, {2, 4}], [{8, 5}, {1, 7}, {4, 6}, {2, 3}]]",1,8 K_1^3 - 16 K_1^2 - 10 K_1 K_2 - K_1 + 8 K_2 + 3 K_3 + 9,O1O2O3O4U1U2O5U6U7O8O6U4U8U5O7U3,O1O2O3U4U2O5O4U1O6O7U3U8U6U7O8U5,O1O2O3U4O5U6U7U5U1O6O7U3O8O4U2U8,c,{'O1O2O3O4U2O5U6U7U1O8O7U5U8O6U3U4'},1,"<a href=""/flatknot/8.704238"">8.704238</a>",t^9-50t^7-152t^6-22t^5+130t^4+19t^3-20t^2-2t,-t^3+2t^2-t,,
8.704239,O1O2O3O4U2O5U6U7U1O8O7U5U8O6U4U3,4,4z^3+37z^2+94z+73,4w^4z^3+37w^3z^2+94w^2z+73w,False,False,"[[ 0 -1 -2  2  2  1 -2  0  0],[ 1  0  0  2  1  0  1  1  0],[ 2  0  0  2  1  0  2  2  0],[-2 -2 -2  0  0  0 -3 -1  0],[-2 -1 -1  0  0  0 -3 -1  0],[-1  0  0  0  0  0 -2 -1  0],[ 2 -1 -2  3  3  2  0  1  1],[ 0 -1 -2  1  1  1 -1  0  0],[ 0  0  0  0  0  0 -1  0  0]]","[[ 0  2  2  1  0  0 -1 -2 -2],[-2  0  0  0  0 -1 -1 -1 -3],[-2  0  0  0  0 -1 -2 -2 -3],[-1  0  0  0  0 -1  0  0 -2],[ 0  0  0  0  0  0  0  0 -1],[ 0  1  1  1  0  0 -1 -2 -1],[ 1  1  2  0  0  1  0  0  1],[ 2  1  2  0  0  2  0  0  2],[ 2  3  3  2  1  1 -1 -2  0]]",True,"[-2,-2,-1,0,0,1,2,2,0,0,0,1,1,1,3,0,0,1,2,2,3,0,1,0,0,2,0,0,0,1,1,2,1,0,-1,-2]","[-2,-2,-1,0,0,1,2,2,-2,-1,1,1,2,3,3,0,0,2,0,1,2,0,1,0,1,2,0,0,0,0,1,1,1,0,0,0]",t^8+47t^6+119t^4+28t^2,"[-2,-2,-1,0,0,1,2,2,-2,1,0,2,3,2,3,2,1,1,1,1,1,0,1,2,1,2,0,0,1,1,1,2,2,1,1,0]","[-2,-2,-1,0,0,1,2,2,0,1,1,2,1,1,2,1,1,2,2,1,3,0,1,2,1,3,0,0,1,0,1,1,2,2,1,-2]","[-2,-2,-1,0,0,1,2,2,-2,-1,1,1,2,3,3,0,0,2,0,1,2,0,1,0,1,2,0,0,0,0,1,1,1,0,0,0]",c,"[[{8, 7}, {3, 6}, {1, 5}, {2, 4}]]",1,- 4 K_1^2 + 2 K_2 + 3,O1O2O3O4U2U1O5U6U7O8O6U4U8U5O7U3,O1O2O3U4U2O5O4U1O6O7U3U8U7U6O8U5,O1O2O3U4O5U6U7U5U1O7O6U3O8O4U2U8,c,{'O1O2O3O4U2O5U6U7U1O8O7U5U8O6U4U3'},1,"<a href=""/flatknot/8.704239"">8.704239</a>",t^9-47t^7-118t^6+37t^5+40t^4+31t^3+6t^2-4t,0,,
8.704240,O1O2O3O4U2O5U6U7U1O8O7U8U3O6U4U5,4,7z^2+92z+157,7w^3z^2+92w^2z+157w,False,False,"[[ 0 -1 -2  1  2  3 -2  0 -1],[ 1  0  0  1  1  1  1  1 -1],[ 2  0  0  1  2  2  1  2  0],[-1 -1 -1  0  0  1 -1  0 -1],[-2 -1 -2  0  0  1 -2 -1 -1],[-3 -1 -2 -1 -1  0 -3 -2 -1],[ 2 -1 -1  1  2  3  0  1  0],[ 0 -1 -2  0  1  2 -1  0 -1],[ 1  1  0  1  1  1  0  1  0]]","[[ 0  3  2  1  0 -1 -1 -2 -2],[-3  0 -1 -1 -2 -1 -1 -2 -3],[-2  1  0  0 -1 -1 -1 -2 -2],[-1  1  0  0  0 -1 -1 -1 -1],[ 0  2  1  0  0 -1 -1 -2 -1],[ 1  1  1  1  1  0  1  0  0],[ 1  1  1  1  1 -1  0  0  1],[ 2  2  2  1  2  0  0  0  1],[ 2  3  2  1  1  0 -1 -1  0]]",True,"[-3,-2,-1,0,1,1,2,2,1,1,2,1,1,2,3,0,1,1,1,2,2,0,1,1,1,1,1,1,2,1,-1,0,0,0,-1,-1]","[-3,-2,-1,0,1,1,2,2,0,1,1,3,3,2,3,1,1,2,2,2,2,1,1,1,2,2,0,0,1,0,-1,2,1,1,1,-1]",t^8+46t^6+97t^4+30t^2+1,"[-2,-2,-1,-1,0,1,2,3,-1,1,1,0,2,2,3,1,2,1,2,2,2,-1,0,1,2,3,0,1,2,3,1,1,1,1,1,0]","[-3,-2,-1,0,1,1,2,2,0,1,1,3,3,2,3,1,1,2,2,2,2,1,1,1,2,2,0,0,1,0,-1,2,1,1,1,-1]","[-2,-2,-1,-1,0,1,2,3,-1,-1,0,1,1,2,3,0,0,2,1,2,2,-1,1,1,1,1,1,1,1,1,0,1,2,0,1,1]",c,"[[{8, 1}, {2, 7}, {3, 6}, {4, 5}], [{8, 1}, {2, 7}, {4, 6}, {3, 5}], [{8, 1}, {2, 7}, {5, 6}, {3, 4}], [{8, 1}, {2, 7}, {6}, {5}, {3, 4}], [{8, 1}, {3, 7}, {2, 6}, {4, 5}], [{8, 1}, {3, 7}, {4, 6}, {2, 5}], [{8, 1}, {3, 7}, {5, 6}, {2, 4}], [{8, 1}, {3, 7}, {6}, {2, 5}, {4}], [{8, 1}, {4, 7}, {2, 6}, {3, 5}], [{8, 1}, {4, 7}, {3, 6}, {2, 5}], [{8, 1}, {4, 7}, {5, 6}, {2, 3}], [{8, 1}, {5, 7}, {2, 6}, {3, 4}], [{8, 1}, {5, 7}, {3, 6}, {2, 4}], [{8, 1}, {5, 7}, {4, 6}, {2, 3}], [{8, 1}, {5, 7}, {6}, {4}, {2, 3}], [{8, 1}, {6, 7}, {2, 5}, {3, 4}], [{8, 1}, {6, 7}, {3, 5}, {2, 4}], [{8, 1}, {6, 7}, {4, 5}, {2, 3}], [{8, 1}, {7}, {2, 6}, {3, 5}, {4}], [{8, 1}, {7}, {4, 6}, {2, 5}, {3}], [{8, 1}, {7}, {4, 6}, {3, 5}, {2}], [{8, 1}, {7}, {4, 6}, {5}, {2, 3}], [{8, 1}, {7}, {5, 6}, {3, 4}, {2}], [{8, 1}, {7}, {6}, {3, 5}, {2, 4}], [{8, 2}, {1, 7}, {3, 6}, {4, 5}], [{8, 2}, {1, 7}, {4, 6}, {3, 5}], [{8, 2}, {1, 7}, {5, 6}, {3, 4}], [{8, 2}, {3, 7}, {1, 6}, {4, 5}], [{8, 2}, {3, 7}, {1, 6}, {5}, {4}], [{8, 2}, {3, 7}, {4, 6}, {1, 5}], [{8, 2}, {3, 7}, {5, 6}, {1, 4}], [{8, 2}, {3, 7}, {5, 6}, {4}, {1}], [{8, 2}, {3, 7}, {6}, {1, 5}, {4}], [{8, 2}, {4, 7}, {1, 6}, {3, 5}], [{8, 2}, {4, 7}, {1, 6}, {5}, {3}], [{8, 2}, {4, 7}, {3, 6}, {1, 5}], [{8, 2}, {4, 7}, {5, 6}, {1, 3}], [{8, 2}, {5, 7}, {1, 6}, {3, 4}], [{8, 2}, {5, 7}, {3, 6}, {1, 4}], [{8, 2}, {5, 7}, {4, 6}, {1, 3}], [{8, 2}, {6, 7}, {1, 5}, {3, 4}], [{8, 2}, {6, 7}, {3, 5}, {1, 4}], [{8, 2}, {6, 7}, {4, 5}, {1, 3}], [{8, 2}, {7}, {1, 6}, {5}, {3, 4}], [{8, 3}, {1, 7}, {2, 6}, {4, 5}], [{8, 3}, {1, 7}, {4, 6}, {2, 5}], [{8, 3}, {1, 7}, {5, 6}, {2, 4}], [{8, 3}, {2, 7}, {1, 6}, {4, 5}], [{8, 3}, {2, 7}, {4, 6}, {1, 5}], [{8, 3}, {2, 7}, {5, 6}, {1, 4}], [{8, 3}, {2, 7}, {5, 6}, {4}, {1}], [{8, 3}, {4, 7}, {1, 6}, {2, 5}], [{8, 3}, {4, 7}, {2, 6}, {1, 5}], [{8, 3}, {4, 7}, {2, 6}, {5}, {1}], [{8, 3}, {4, 7}, {5, 6}, {1, 2}], [{8, 3}, {4, 7}, {5, 6}, {2}, {1}], [{8, 3}, {4, 7}, {6}, {2, 5}, {1}], [{8, 3}, {5, 7}, {1, 6}, {2, 4}], [{8, 3}, {5, 7}, {2, 6}, {1, 4}], [{8, 3}, {5, 7}, {4, 6}, {1, 2}], [{8, 3}, {6, 7}, {1, 5}, {2, 4}], [{8, 3}, {6, 7}, {2, 5}, {1, 4}], [{8, 3}, {6, 7}, {4, 5}, {1, 2}], [{8, 3}, {7}, {1, 6}, {2, 5}, {4}], [{8, 3}, {7}, {1, 6}, {4, 5}, {2}], [{8, 3}, {7}, {1, 6}, {5}, {2, 4}], [{8, 3}, {7}, {5, 6}, {2, 4}, {1}], [{8, 3}, {7}, {6}, {1, 5}, {2, 4}], [{8, 4}, {1, 7}, {2, 6}, {3, 5}], [{8, 4}, {1, 7}, {3, 6}, {2, 5}], [{8, 4}, {1, 7}, {5, 6}, {2, 3}], [{8, 4}, {2, 7}, {1, 6}, {3, 5}], [{8, 4}, {2, 7}, {3, 6}, {1, 5}], [{8, 4}, {2, 7}, {5, 6}, {1, 3}], [{8, 4}, {3, 7}, {1, 6}, {2, 5}], [{8, 4}, {3, 7}, {1, 6}, {5}, {2}], [{8, 4}, {3, 7}, {2, 6}, {1, 5}], [{8, 4}, {3, 7}, {2, 6}, {5}, {1}], [{8, 4}, {3, 7}, {5, 6}, {1, 2}], [{8, 4}, {3, 7}, {6}, {5}, {1, 2}], [{8, 4}, {5, 7}, {1, 6}, {2, 3}], [{8, 4}, {5, 7}, {2, 6}, {1, 3}], [{8, 4}, {5, 7}, {3, 6}, {1, 2}], [{8, 4}, {5, 7}, {6}, {3}, {1, 2}], [{8, 4}, {6, 7}, {1, 5}, {2, 3}], [{8, 4}, {6, 7}, {2, 5}, {1, 3}], [{8, 4}, {6, 7}, {3, 5}, {1, 2}], [{8, 4}, {6, 7}, {5}, {3}, {1, 2}], [{8, 4}, {7}, {3, 6}, {1, 5}, {2}], [{8, 4}, {7}, {3, 6}, {2, 5}, {1}], [{8, 4}, {7}, {3, 6}, {5}, {1, 2}], [{8, 4}, {7}, {5, 6}, {3}, {1, 2}], [{8, 4}, {7}, {6}, {3, 5}, {1, 2}], [{8, 4}, {7}, {6}, {5}, {3}, {1, 2}], [{8, 5}, {1, 7}, {2, 6}, {3, 4}], [{8, 5}, {1, 7}, {2, 6}, {4}, {3}], [{8, 5}, {1, 7}, {3, 6}, {2, 4}], [{8, 5}, {1, 7}, {4, 6}, {2, 3}], [{8, 5}, {2, 7}, {1, 6}, {3, 4}], [{8, 5}, {2, 7}, {1, 6}, {4}, {3}], [{8, 5}, {2, 7}, {3, 6}, {1, 4}], [{8, 5}, {2, 7}, {3, 6}, {4}, {1}], [{8, 5}, {2, 7}, {4, 6}, {1, 3}], [{8, 5}, {2, 7}, {6}, {4}, {1, 3}], [{8, 5}, {3, 7}, {1, 6}, {2, 4}], [{8, 5}, {3, 7}, {1, 6}, {4}, {2}], [{8, 5}, {3, 7}, {2, 6}, {1, 4}], [{8, 5}, {3, 7}, {4, 6}, {1, 2}], [{8, 5}, {3, 7}, {4, 6}, {2}, {1}], [{8, 5}, {3, 7}, {6}, {1, 4}, {2}], [{8, 5}, {4, 7}, {1, 6}, {2, 3}], [{8, 5}, {4, 7}, {2, 6}, {1, 3}], [{8, 5}, {4, 7}, {3, 6}, {1, 2}], [{8, 5}, {4, 7}, {3, 6}, {2}, {1}], [{8, 5}, {6, 7}, {1, 4}, {2, 3}], [{8, 5}, {6, 7}, {2, 4}, {1, 3}], [{8, 5}, {6, 7}, {3, 4}, {1, 2}], [{8, 5}, {6, 7}, {4}, {3}, {1, 2}], [{8, 5}, {7}, {1, 6}, {4}, {2, 3}], [{8, 5}, {7}, {3, 6}, {2, 4}, {1}], [{8, 6}, {1, 7}, {2, 5}, {3, 4}], [{8, 6}, {1, 7}, {3, 5}, {2, 4}], [{8, 6}, {1, 7}, {4, 5}, {2, 3}], [{8, 6}, {1, 7}, {5}, {2, 4}, {3}], [{8, 6}, {2, 7}, {1, 5}, {3, 4}], [{8, 6}, {2, 7}, {3, 5}, {1, 4}], [{8, 6}, {2, 7}, {4, 5}, {1, 3}], [{8, 6}, {2, 7}, {4, 5}, {3}, {1}], [{8, 6}, {3, 7}, {1, 5}, {2, 4}], [{8, 6}, {3, 7}, {2, 5}, {1, 4}], [{8, 6}, {3, 7}, {2, 5}, {4}, {1}], [{8, 6}, {3, 7}, {4, 5}, {1, 2}], [{8, 6}, {4, 7}, {1, 5}, {2, 3}], [{8, 6}, {4, 7}, {1, 5}, {3}, {2}], [{8, 6}, {4, 7}, {2, 5}, {1, 3}], [{8, 6}, {4, 7}, {3, 5}, {1, 2}], [{8, 6}, {4, 7}, {3, 5}, {2}, {1}], [{8, 6}, {4, 7}, {5}, {1, 3}, {2}], [{8, 6}, {5, 7}, {1, 4}, {2, 3}], [{8, 6}, {5, 7}, {2, 4}, {1, 3}], [{8, 6}, {5, 7}, {3, 4}, {1, 2}], [{8, 6}, {7}, {5}, {1, 4}, {2, 3}], [{8, 7}, {1, 6}, {2, 5}, {3, 4}], [{8, 7}, {1, 6}, {2, 5}, {4}, {3}], [{8, 7}, {1, 6}, {3, 5}, {2, 4}], [{8, 7}, {1, 6}, {4, 5}, {2, 3}], [{8, 7}, {1, 6}, {4, 5}, {3}, {2}], [{8, 7}, {1, 6}, {5}, {2, 4}, {3}], [{8, 7}, {2, 6}, {1, 5}, {3, 4}], [{8, 7}, {2, 6}, {1, 5}, {4}, {3}], [{8, 7}, {2, 6}, {3, 5}, {1, 4}], [{8, 7}, {2, 6}, {4, 5}, {1, 3}], [{8, 7}, {3, 6}, {1, 5}, {2, 4}], [{8, 7}, {3, 6}, {2, 5}, {1, 4}], [{8, 7}, {3, 6}, {4, 5}, {1, 2}], [{8, 7}, {4, 6}, {1, 5}, {2, 3}], [{8, 7}, {4, 6}, {2, 5}, {1, 3}], [{8, 7}, {4, 6}, {2, 5}, {3}, {1}], [{8, 7}, {4, 6}, {3, 5}, {1, 2}], [{8, 7}, {5, 6}, {1, 4}, {2, 3}], [{8, 7}, {5, 6}, {2, 4}, {1, 3}], [{8, 7}, {5, 6}, {3, 4}, {1, 2}], [{8, 7}, {5, 6}, {4}, {3}, {1, 2}], [{8, 7}, {6}, {2, 5}, {1, 4}, {3}], [{8}, {1, 7}, {4, 6}, {2, 5}, {3}], [{8}, {2, 7}, {4, 6}, {1, 5}, {3}], [{8}, {2, 7}, {5, 6}, {1, 4}, {3}], [{8}, {3, 7}, {1, 6}, {2, 5}, {4}], [{8}, {3, 7}, {1, 6}, {4, 5}, {2}], [{8}, {3, 7}, {1, 6}, {5}, {2, 4}], [{8}, {3, 7}, {1, 6}, {5}, {4}, {2}], [{8}, {4, 7}, {5, 6}, {3}, {1, 2}], [{8}, {5, 7}, {3, 6}, {1, 4}, {2}], [{8}, {5, 7}, {4, 6}, {1, 3}, {2}], [{8}, {6, 7}, {1, 5}, {2, 4}, {3}], [{8}, {6, 7}, {2, 5}, {3, 4}, {1}], [{8}, {6, 7}, {4, 5}, {3}, {1, 2}]]",2,4 K_1^3 - 36 K_1^2 - 22 K_1 K_2 - 2 K_1 K_3 + 8 K_1 - 2 K_2^2 + 19 K_2 + 10 K_3 + 2 K_4 + 20,O1O2O3O4U5U1O6U2U7O8O7U4U8U6O5U3,O1O2O3U4U2O4O5U1O6O7U3U8U5U6O8U7,O1O2O3U4O5U6U7U5U1O4O6U3O7O8U2U8,c,{'O1O2O3O4U2O5U6U7U1O8O7U8U3O6U4U5'},1,"<a href=""/flatknot/8.704240"">8.704240</a>",t^9-42t^7-138t^6-130t^5+4t^4+140t^3+146t^2+58t+8,-t^3+t^2+t,,
8.704241,O1O2O3O4U2O5U6U7U3O8O7U1U4O6U8U5,4,z^3+17z^2+83z+107,w^4z^3+17w^3z^2+83w^2z+107w,False,False,"[[ 0 -2 -2  1  2  3 -2  0  0],[ 2  0 -1  2  3  3  0  1  0],[ 2  1  0  1  2  2  0  1  1],[-1 -2 -1  0  0  0 -1 -1 -1],[-2 -3 -2  0  0  1 -2 -2 -1],[-3 -3 -2  0 -1  0 -2 -2 -2],[ 2  0  0  1  2  2  0  2  1],[ 0 -1 -1  1  2  2 -2  0  0],[ 0  0 -1  1  1  2 -1  0  0]]","[[ 0  3  2  1  0  0 -2 -2 -2],[-3  0 -1  0 -2 -2 -2 -2 -3],[-2  1  0  0 -1 -2 -2 -2 -3],[-1  0  0  0 -1 -1 -1 -1 -2],[ 0  2  1  1  0  0 -1 -1  0],[ 0  2  2  1  0  0 -1 -2 -1],[ 2  2  2  1  1  1  0  0  1],[ 2  2  2  1  1  2  0  0  0],[ 2  3  3  2  0  1 -1  0  0]]",True,"[-3,-2,-1,0,0,2,2,2,1,0,2,2,2,2,3,0,1,2,2,2,3,1,1,1,1,2,0,1,1,0,1,2,1,0,-1,0]","[-3,-2,-1,0,0,2,2,2,0,2,1,1,2,3,3,1,0,1,1,2,2,0,0,1,2,2,0,1,0,1,2,1,1,0,-1,0]",t^8+65t^6+150t^4+64t^2,"[-2,-2,-2,0,0,1,2,3,-1,0,1,1,2,2,3,0,1,2,1,1,2,0,1,2,2,3,0,0,0,1,0,1,1,1,2,0]","[-3,-2,-1,0,0,2,2,2,0,2,1,1,2,3,3,1,0,1,1,2,2,0,0,1,2,2,0,1,0,1,2,1,1,0,-1,0]","[-2,-2,-2,0,0,1,2,3,-1,0,0,1,2,3,3,0,1,1,1,2,2,1,2,1,2,2,0,1,1,2,1,2,2,0,0,1]",c,"[[{8, 3}, {4, 7}, {1, 6}, {2, 5}], [{8, 3}, {4, 7}, {6}, {2, 5}, {1}]]",1,- 8 K_1^4 + 8 K_1^3 + 16 K_1^2 K_2 - 18 K_1^2 - 14 K_1 K_2 - 10 K_1 K_3 + K_1 - 4 K_2^2 + 10 K_2 + 5 K_3 + 4 K_4 + 11,O1O2O3O4U5U6O7U1U4O8O6U2U8U7O5U3,O1O2O3U4U2O5O6U1O4O7U5U8U3U6O8U7,O1O2O3U4O5U6U1U5U7O4O8U3O6O7U2U8,c,{'O1O2O3O4U2O5U6U7U3O8O7U1U4O6U8U5'},1,"<a href=""/flatknot/8.704241"">8.704241</a>",t^9-63t^7-182t^6+74t^5+240t^4-74t^3-18t^2+32t-18,-t^3+2t^2-t,,
8.704242,O1O2O3O4U2O5U6U7U3O8O7U1U8O6U4U5,4,13z^2+98z+145,13w^3z^2+98w^2z+145w,False,False,"[[ 0 -2 -2  1  2  3 -2  0  0],[ 2  0 -1  2  3  3  0  1  0],[ 2  1  0  1  2  2  1  1  0],[-1 -2 -1  0 -1  0  0 -1 -1],[-2 -3 -2  1  0  1 -2 -1 -1],[-3 -3 -2  0 -1  0 -3 -2 -1],[ 2  0 -1  0  2  3  0  1  1],[ 0 -1 -1  1  1  2 -1  0  0],[ 0  0  0  1  1  1 -1  0  0]]","[[ 0  3  2  1  0  0 -2 -2 -2],[-3  0 -1  0 -1 -2 -2 -3 -3],[-2  1  0  1 -1 -1 -2 -2 -3],[-1  0 -1  0 -1 -1 -1  0 -2],[ 0  1  1  1  0  0  0 -1  0],[ 0  2  1  1  0  0 -1 -1 -1],[ 2  2  2  1  0  1  0  1  1],[ 2  3  2  0  1  1 -1  0  0],[ 2  3  3  2  0  1 -1  0  0]]",True,"[-3,-2,-1,0,0,2,2,2,1,0,1,2,2,3,3,-1,1,1,2,2,3,1,1,1,0,2,0,0,1,0,1,1,1,-1,-1,0]","[-3,-2,-1,0,0,2,2,2,0,2,1,2,2,2,3,2,1,1,1,2,2,0,0,1,3,2,0,1,1,1,2,1,2,0,-1,-1]",t^8+61t^6+204t^4+53t^2+1,"[-2,-2,-2,0,0,1,2,3,-1,-1,1,2,2,2,3,0,1,1,3,2,2,1,2,1,1,2,0,0,1,1,0,1,2,2,2,0]","[-3,-2,-1,0,0,2,2,2,0,2,1,2,2,2,3,2,1,1,1,2,2,0,0,1,3,2,0,1,1,1,2,1,2,0,-1,-1]","[-2,-2,-2,0,0,1,2,3,-1,0,0,1,2,3,3,1,0,1,1,2,2,1,1,0,2,3,0,1,1,1,1,1,2,-1,0,1]",c,"[[{8, 1}, {2, 7}, {3, 6}, {4, 5}], [{8, 1}, {2, 7}, {4, 6}, {3, 5}], [{8, 1}, {2, 7}, {5, 6}, {3, 4}], [{8, 1}, {2, 7}, {6}, {3, 5}, {4}], [{8, 1}, {3, 7}, {2, 6}, {4, 5}], [{8, 1}, {3, 7}, {2, 6}, {5}, {4}], [{8, 1}, {3, 7}, {4, 6}, {2, 5}], [{8, 1}, {3, 7}, {5, 6}, {2, 4}], [{8, 1}, {4, 7}, {2, 6}, {3, 5}], [{8, 1}, {4, 7}, {3, 6}, {2, 5}], [{8, 1}, {4, 7}, {3, 6}, {5}, {2}], [{8, 1}, {4, 7}, {5, 6}, {2, 3}], [{8, 1}, {5, 7}, {2, 6}, {3, 4}], [{8, 1}, {5, 7}, {3, 6}, {2, 4}], [{8, 1}, {5, 7}, {4, 6}, {2, 3}], [{8, 1}, {6, 7}, {2, 5}, {3, 4}], [{8, 1}, {6, 7}, {3, 5}, {2, 4}], [{8, 1}, {6, 7}, {4, 5}, {2, 3}], [{8, 1}, {7}, {4, 6}, {2, 5}, {3}], [{8, 1}, {7}, {4, 6}, {3, 5}, {2}], [{8, 1}, {7}, {4, 6}, {5}, {2, 3}], [{8, 1}, {7}, {5, 6}, {2, 4}, {3}], [{8, 2}, {1, 7}, {3, 6}, {4, 5}], [{8, 2}, {1, 7}, {4, 6}, {3, 5}], [{8, 2}, {1, 7}, {5, 6}, {3, 4}], [{8, 2}, {1, 7}, {6}, {3, 5}, {4}], [{8, 2}, {3, 7}, {1, 6}, {4, 5}], [{8, 2}, {3, 7}, {4, 6}, {1, 5}], [{8, 2}, {3, 7}, {5, 6}, {1, 4}], [{8, 2}, {3, 7}, {6}, {1, 5}, {4}], [{8, 2}, {4, 7}, {1, 6}, {3, 5}], [{8, 2}, {4, 7}, {1, 6}, {5}, {3}], [{8, 2}, {4, 7}, {3, 6}, {1, 5}], [{8, 2}, {4, 7}, {5, 6}, {1, 3}], [{8, 2}, {5, 7}, {1, 6}, {3, 4}], [{8, 2}, {5, 7}, {3, 6}, {1, 4}], [{8, 2}, {5, 7}, {4, 6}, {1, 3}], [{8, 2}, {5, 7}, {6}, {1, 4}, {3}], [{8, 2}, {6, 7}, {1, 5}, {3, 4}], [{8, 2}, {6, 7}, {3, 5}, {1, 4}], [{8, 2}, {6, 7}, {4, 5}, {1, 3}], [{8, 2}, {7}, {4, 6}, {1, 5}, {3}], [{8, 2}, {7}, {4, 6}, {3, 5}, {1}], [{8, 2}, {7}, {4, 6}, {5}, {1, 3}], [{8, 3}, {1, 7}, {2, 6}, {4, 5}], [{8, 3}, {1, 7}, {4, 6}, {2, 5}], [{8, 3}, {1, 7}, {5, 6}, {2, 4}], [{8, 3}, {2, 7}, {1, 6}, {4, 5}], [{8, 3}, {2, 7}, {4, 6}, {1, 5}], [{8, 3}, {2, 7}, {5, 6}, {1, 4}], [{8, 3}, {2, 7}, {6}, {1, 5}, {4}], [{8, 3}, {4, 7}, {1, 6}, {2, 5}], [{8, 3}, {4, 7}, {2, 6}, {1, 5}], [{8, 3}, {4, 7}, {5, 6}, {1, 2}], [{8, 3}, {4, 7}, {6}, {1, 5}, {2}], [{8, 3}, {4, 7}, {6}, {2, 5}, {1}], [{8, 3}, {4, 7}, {6}, {5}, {1, 2}], [{8, 3}, {5, 7}, {1, 6}, {2, 4}], [{8, 3}, {5, 7}, {1, 6}, {4}, {2}], [{8, 3}, {5, 7}, {2, 6}, {1, 4}], [{8, 3}, {5, 7}, {4, 6}, {1, 2}], [{8, 3}, {6, 7}, {1, 5}, {2, 4}], [{8, 3}, {6, 7}, {1, 5}, {4}, {2}], [{8, 3}, {6, 7}, {2, 5}, {1, 4}], [{8, 3}, {6, 7}, {2, 5}, {4}, {1}], [{8, 3}, {6, 7}, {4, 5}, {1, 2}], [{8, 3}, {6, 7}, {5}, {4}, {1, 2}], [{8, 3}, {7}, {2, 6}, {1, 5}, {4}], [{8, 3}, {7}, {4, 6}, {1, 5}, {2}], [{8, 3}, {7}, {4, 6}, {2, 5}, {1}], [{8, 3}, {7}, {4, 6}, {5}, {1, 2}], [{8, 3}, {7}, {5, 6}, {1, 4}, {2}], [{8, 3}, {7}, {6}, {1, 5}, {2, 4}], [{8, 4}, {1, 7}, {2, 6}, {3, 5}], [{8, 4}, {1, 7}, {3, 6}, {2, 5}], [{8, 4}, {1, 7}, {5, 6}, {2, 3}], [{8, 4}, {1, 7}, {6}, {3, 5}, {2}], [{8, 4}, {2, 7}, {1, 6}, {3, 5}], [{8, 4}, {2, 7}, {3, 6}, {1, 5}], [{8, 4}, {2, 7}, {5, 6}, {1, 3}], [{8, 4}, {2, 7}, {6}, {3, 5}, {1}], [{8, 4}, {3, 7}, {1, 6}, {2, 5}], [{8, 4}, {3, 7}, {2, 6}, {1, 5}], [{8, 4}, {3, 7}, {5, 6}, {1, 2}], [{8, 4}, {5, 7}, {1, 6}, {2, 3}], [{8, 4}, {5, 7}, {2, 6}, {1, 3}], [{8, 4}, {5, 7}, {3, 6}, {1, 2}], [{8, 4}, {6, 7}, {1, 5}, {2, 3}], [{8, 4}, {6, 7}, {2, 5}, {1, 3}], [{8, 4}, {6, 7}, {3, 5}, {1, 2}], [{8, 4}, {6, 7}, {3, 5}, {2}, {1}], [{8, 4}, {7}, {1, 6}, {3, 5}, {2}], [{8, 4}, {7}, {2, 6}, {3, 5}, {1}], [{8, 4}, {7}, {6}, {1, 5}, {2, 3}], [{8, 4}, {7}, {6}, {2, 5}, {1, 3}], [{8, 4}, {7}, {6}, {3, 5}, {1, 2}], [{8, 4}, {7}, {6}, {3, 5}, {2}, {1}], [{8, 5}, {1, 7}, {2, 6}, {3, 4}], [{8, 5}, {1, 7}, {3, 6}, {2, 4}], [{8, 5}, {1, 7}, {4, 6}, {2, 3}], [{8, 5}, {2, 7}, {1, 6}, {3, 4}], [{8, 5}, {2, 7}, {3, 6}, {1, 4}], [{8, 5}, {2, 7}, {4, 6}, {1, 3}], [{8, 5}, {3, 7}, {1, 6}, {2, 4}], [{8, 5}, {3, 7}, {1, 6}, {4}, {2}], [{8, 5}, {3, 7}, {2, 6}, {1, 4}], [{8, 5}, {3, 7}, {4, 6}, {1, 2}], [{8, 5}, {4, 7}, {1, 6}, {2, 3}], [{8, 5}, {4, 7}, {2, 6}, {1, 3}], [{8, 5}, {4, 7}, {3, 6}, {1, 2}], [{8, 5}, {6, 7}, {1, 4}, {2, 3}], [{8, 5}, {6, 7}, {2, 4}, {1, 3}], [{8, 5}, {6, 7}, {3, 4}, {1, 2}], [{8, 5}, {7}, {2, 6}, {4}, {1, 3}], [{8, 5}, {7}, {4, 6}, {1, 3}, {2}], [{8, 5}, {7}, {4, 6}, {2, 3}, {1}], [{8, 5}, {7}, {4, 6}, {3}, {1, 2}], [{8, 5}, {7}, {6}, {2, 4}, {1, 3}], [{8, 6}, {1, 7}, {2, 5}, {3, 4}], [{8, 6}, {1, 7}, {3, 5}, {2, 4}], [{8, 6}, {1, 7}, {3, 5}, {4}, {2}], [{8, 6}, {1, 7}, {4, 5}, {2, 3}], [{8, 6}, {2, 7}, {1, 5}, {3, 4}], [{8, 6}, {2, 7}, {3, 5}, {1, 4}], [{8, 6}, {2, 7}, {3, 5}, {4}, {1}], [{8, 6}, {2, 7}, {4, 5}, {1, 3}], [{8, 6}, {3, 7}, {1, 5}, {2, 4}], [{8, 6}, {3, 7}, {2, 5}, {1, 4}], [{8, 6}, {3, 7}, {4, 5}, {1, 2}], [{8, 6}, {3, 7}, {4, 5}, {2}, {1}], [{8, 6}, {4, 7}, {1, 5}, {2, 3}], [{8, 6}, {4, 7}, {2, 5}, {1, 3}], [{8, 6}, {4, 7}, {3, 5}, {1, 2}], [{8, 6}, {4, 7}, {3, 5}, {2}, {1}], [{8, 6}, {5, 7}, {1, 4}, {2, 3}], [{8, 6}, {5, 7}, {2, 4}, {1, 3}], [{8, 6}, {5, 7}, {3, 4}, {1, 2}], [{8, 6}, {5, 7}, {3, 4}, {2}, {1}], [{8, 6}, {7}, {1, 5}, {4}, {2, 3}], [{8, 6}, {7}, {2, 5}, {4}, {1, 3}], [{8, 6}, {7}, {3, 5}, {1, 4}, {2}], [{8, 6}, {7}, {3, 5}, {2, 4}, {1}], [{8, 6}, {7}, {3, 5}, {4}, {1, 2}], [{8, 6}, {7}, {3, 5}, {4}, {2}, {1}], [{8, 7}, {1, 6}, {2, 5}, {3, 4}], [{8, 7}, {1, 6}, {3, 5}, {2, 4}], [{8, 7}, {1, 6}, {4, 5}, {2, 3}], [{8, 7}, {1, 6}, {5}, {2, 4}, {3}], [{8, 7}, {1, 6}, {5}, {3, 4}, {2}], [{8, 7}, {1, 6}, {5}, {4}, {2, 3}], [{8, 7}, {2, 6}, {1, 5}, {3, 4}], [{8, 7}, {2, 6}, {3, 5}, {1, 4}], [{8, 7}, {2, 6}, {4, 5}, {1, 3}], [{8, 7}, {3, 6}, {1, 5}, {2, 4}], [{8, 7}, {3, 6}, {2, 5}, {1, 4}], [{8, 7}, {3, 6}, {4, 5}, {1, 2}], [{8, 7}, {4, 6}, {1, 5}, {2, 3}], [{8, 7}, {4, 6}, {1, 5}, {3}, {2}], [{8, 7}, {4, 6}, {2, 5}, {1, 3}], [{8, 7}, {4, 6}, {2, 5}, {3}, {1}], [{8, 7}, {4, 6}, {3, 5}, {1, 2}], [{8, 7}, {4, 6}, {3, 5}, {2}, {1}], [{8, 7}, {4, 6}, {5}, {1, 3}, {2}], [{8, 7}, {4, 6}, {5}, {2, 3}, {1}], [{8, 7}, {4, 6}, {5}, {3}, {1, 2}], [{8, 7}, {5, 6}, {1, 4}, {2, 3}], [{8, 7}, {5, 6}, {2, 4}, {1, 3}], [{8, 7}, {5, 6}, {3, 4}, {1, 2}], [{8, 7}, {6}, {5}, {1, 4}, {2, 3}], [{8}, {1, 7}, {2, 6}, {3, 5}, {4}], [{8}, {1, 7}, {4, 6}, {2, 5}, {3}], [{8}, {1, 7}, {4, 6}, {3, 5}, {2}], [{8}, {1, 7}, {4, 6}, {5}, {2, 3}], [{8}, {1, 7}, {5, 6}, {3, 4}, {2}], [{8}, {1, 7}, {6}, {3, 5}, {2, 4}], [{8}, {2, 7}, {1, 6}, {3, 5}, {4}], [{8}, {2, 7}, {3, 6}, {4, 5}, {1}], [{8}, {2, 7}, {4, 6}, {1, 5}, {3}], [{8}, {2, 7}, {4, 6}, {3, 5}, {1}], [{8}, {2, 7}, {4, 6}, {5}, {1, 3}], [{8}, {2, 7}, {6}, {3, 5}, {1, 4}], [{8}, {3, 7}, {4, 6}, {1, 5}, {2}], [{8}, {3, 7}, {4, 6}, {2, 5}, {1}], [{8}, {3, 7}, {4, 6}, {5}, {1, 2}], [{8}, {3, 7}, {5, 6}, {2, 4}, {1}], [{8}, {4, 7}, {2, 6}, {1, 5}, {3}], [{8}, {4, 7}, {5, 6}, {2, 3}, {1}], [{8}, {5, 7}, {3, 6}, {2, 4}, {1}], [{8}, {5, 7}, {4, 6}, {1, 3}, {2}], [{8}, {5, 7}, {4, 6}, {2, 3}, {1}], [{8}, {5, 7}, {4, 6}, {3}, {1, 2}], [{8}, {6, 7}, {1, 5}, {2, 4}, {3}], [{8}, {6, 7}, {4, 5}, {2, 3}, {1}], [{8}, {7}, {4, 6}, {1, 5}, {2, 3}], [{8}, {7}, {4, 6}, {1, 5}, {3}, {2}], [{8}, {7}, {4, 6}, {2, 5}, {1, 3}], [{8}, {7}, {4, 6}, {2, 5}, {3}, {1}], [{8}, {7}, {4, 6}, {3, 5}, {1, 2}], [{8}, {7}, {4, 6}, {3, 5}, {2}, {1}], [{8}, {7}, {4, 6}, {5}, {1, 3}, {2}], [{8}, {7}, {4, 6}, {5}, {2, 3}, {1}], [{8}, {7}, {4, 6}, {5}, {3}, {1, 2}]]",2,16 K_1^3 - 36 K_1^2 - 22 K_1 K_2 - K_1 + 18 K_2 + 7 K_3 + 19,O1O2O3O4U5U1O6U7U4O8O7U2U8U6O5U3,O1O2O3U4U2O5O4U1O6O7U5U8U3U6O8U7,O1O2O3U4O5U6U1U5U7O4O6U3O8O7U2U8,c,{'O1O2O3O4U2O5U6U7U3O8O7U1U8O6U4U5'},1,"<a href=""/flatknot/8.704242"">8.704242</a>",t^9-59t^7-178t^6+58t^5+584t^4+254t^3-418t^2-211t+64,-t^3+2t^2-t,,
8.704243,O1O2O3O4U2O5U6U7U3O8O7U4U1O6U8U5,3,7z^2+36z+45,-2w^4z^2+9w^3z^2-2w^3z+38w^2z+45w,False,False,"[[ 0 -1 -2  1  1  3 -2  0  0],[ 1  0 -2  1  2  3 -1  0  0],[ 2  2  0  1  2  2  0  1  1],[-1 -1 -1  0  0  0 -1 -1 -1],[-1 -2 -2  0  0  1 -1 -1 -1],[-3 -3 -2  0 -1  0 -2 -2 -2],[ 2  1  0  1  1  2  0  2  1],[ 0  0 -1  1  1  2 -2  0  0],[ 0  0 -1  1  1  2 -1  0  0]]","[[ 0  3  1  1  0  0 -1 -2 -2],[-3  0  0 -1 -2 -2 -3 -2 -2],[-1  0  0  0 -1 -1 -1 -1 -1],[-1  1  0  0 -1 -1 -2 -1 -2],[ 0  2  1  1  0  0  0 -1 -1],[ 0  2  1  1  0  0  0 -2 -1],[ 1  3  1  2  0  0  0 -1 -2],[ 2  2  1  1  1  2  1  0  0],[ 2  2  1  2  1  1  2  0  0]]",True,"[-3,-1,-1,0,0,1,2,2,0,1,2,2,3,2,2,0,1,1,1,1,1,1,1,2,1,2,0,0,1,1,0,2,1,1,2,0]","[-3,-1,-1,0,0,1,2,2,0,1,2,2,3,2,2,0,1,1,1,1,1,1,1,2,1,2,0,0,1,1,0,2,1,1,2,0]",t^8+54t^6+101t^4+11t^2,"[-2,-2,-1,0,0,1,1,3,0,-1,1,1,1,2,3,0,0,1,2,2,3,1,1,0,1,1,0,0,0,1,0,0,1,0,1,2]","[-3,-1,-1,0,0,1,2,2,1,2,1,1,1,3,3,0,0,0,0,1,2,0,0,1,2,2,0,1,1,0,1,1,1,-1,0,0]","[-2,-2,-1,0,0,1,1,3,0,1,1,2,1,1,2,2,1,1,1,2,2,0,0,1,2,3,0,1,1,2,1,1,2,0,0,1]",c,"[[{8, 4}, {1, 7}, {5, 6}, {2, 3}]]",1,4 K_1^3 - 12 K_1^2 - 6 K_1 K_2 + 6 K_2 + 2 K_3 + 7,O1O2O3O4U5U6O7U4U1O8O6U2U8U7O5U3,O1O2O3U4U2O5O6U1O4O7U6U8U3U5O8U7,O1O2O3U4O5U6U1U5U7O4O8U3O7O6U2U8,c,"{'O1O2O3O4U2O5U6U4U7O8U3O7U1O6U8U5', 'O1O2O3O4U2O5U6U7U3O8O7U4U1O6U8U5', 'O1O2O3U1O4O5U6U7U3O8O7U2U4O6U8U5'}",3,"<a href=""/flatknot/8.704243"">8.704243</a>",t^9-52t^7-164t^6+29t^5+300t^4+127t^3-24t^2-16t,-t^3+2t^2-t,,
8.704244,O1O2O3O4U2O5U6U7U3O8O7U5U1O6U8U4,3,23z^2+88z+85,-8w^4z^2+31w^3z^2-4w^3z+92w^2z+85w,False,False,"[[ 0 -1 -2  1  3  1 -2  0  0],[ 1  0 -1  1  3  1 -1  0  0],[ 2  1  0  1  2  1  1  1  0],[-1 -1 -1  0  0  0 -1 -1 -1],[-3 -3 -2  0  0  0 -3 -2 -1],[-1 -1 -1  0  0  0 -1 -1 -1],[ 2  1 -1  1  3  1  0  2  1],[ 0  0 -1  1  2  1 -2  0  0],[ 0  0  0  1  1  1 -1  0  0]]","[[ 0  3  1  1  0  0 -1 -2 -2],[-3  0  0  0 -1 -2 -3 -2 -3],[-1  0  0  0 -1 -1 -1 -1 -1],[-1  0  0  0 -1 -1 -1 -1 -1],[ 0  1  1  1  0  0  0  0 -1],[ 0  2  1  1  0  0  0 -1 -2],[ 1  3  1  1  0  0  0 -1 -1],[ 2  2  1  1  0  1  1  0  1],[ 2  3  1  1  1  2  1 -1  0]]",True,"[-3,-1,-1,0,0,1,2,2,0,0,1,2,3,2,3,0,1,1,1,1,1,1,1,1,1,1,0,0,0,1,0,1,2,1,1,-1]","[-3,-1,-1,0,0,1,2,2,0,0,1,2,3,2,3,0,1,1,1,1,1,1,1,1,1,1,0,0,0,1,0,1,2,1,1,-1]",t^8+46t^6+102t^4+34t^2,"[-2,-2,-1,0,0,1,1,3,-1,0,1,2,2,2,3,0,0,1,2,2,2,1,1,1,1,1,0,0,0,1,0,0,2,0,2,2]","[-3,-1,-1,0,0,1,2,2,2,2,1,2,1,2,3,0,0,0,1,2,2,0,0,1,2,2,0,1,0,1,1,1,2,0,0,-1]","[-2,-2,-1,0,0,1,1,3,-1,1,1,2,1,1,3,1,0,1,1,1,2,0,0,1,1,3,0,1,1,1,1,1,2,0,0,0]",c,"[[{8, 1}, {2, 7}, {3, 6}, {4, 5}], [{8, 1}, {2, 7}, {3, 6}, {5}, {4}], [{8, 1}, {2, 7}, {4, 6}, {3, 5}], [{8, 1}, {2, 7}, {4, 6}, {5}, {3}], [{8, 1}, {2, 7}, {5, 6}, {3, 4}], [{8, 1}, {2, 7}, {5, 6}, {4}, {3}], [{8, 1}, {2, 7}, {6}, {3, 5}, {4}], [{8, 1}, {2, 7}, {6}, {4, 5}, {3}], [{8, 1}, {2, 7}, {6}, {5}, {3, 4}], [{8, 1}, {2, 7}, {6}, {5}, {4}, {3}], [{8, 1}, {3, 7}, {2, 6}, {4, 5}], [{8, 1}, {3, 7}, {4, 6}, {2, 5}], [{8, 1}, {3, 7}, {5, 6}, {2, 4}], [{8, 1}, {4, 7}, {2, 6}, {3, 5}], [{8, 1}, {4, 7}, {2, 6}, {5}, {3}], [{8, 1}, {4, 7}, {3, 6}, {2, 5}], [{8, 1}, {4, 7}, {5, 6}, {2, 3}], [{8, 1}, {5, 7}, {2, 6}, {3, 4}], [{8, 1}, {5, 7}, {3, 6}, {2, 4}], [{8, 1}, {5, 7}, {4, 6}, {2, 3}], [{8, 1}, {6, 7}, {2, 5}, {3, 4}], [{8, 1}, {6, 7}, {3, 5}, {2, 4}], [{8, 1}, {6, 7}, {4, 5}, {2, 3}], [{8, 1}, {6, 7}, {5}, {2, 4}, {3}], [{8, 1}, {7}, {3, 6}, {4, 5}, {2}], [{8, 1}, {7}, {5, 6}, {3, 4}, {2}], [{8, 2}, {1, 7}, {3, 6}, {4, 5}], [{8, 2}, {1, 7}, {4, 6}, {3, 5}], [{8, 2}, {1, 7}, {4, 6}, {5}, {3}], [{8, 2}, {1, 7}, {5, 6}, {3, 4}], [{8, 2}, {3, 7}, {1, 6}, {4, 5}], [{8, 2}, {3, 7}, {1, 6}, {5}, {4}], [{8, 2}, {3, 7}, {4, 6}, {1, 5}], [{8, 2}, {3, 7}, {4, 6}, {5}, {1}], [{8, 2}, {3, 7}, {5, 6}, {1, 4}], [{8, 2}, {3, 7}, {6}, {5}, {1, 4}], [{8, 2}, {4, 7}, {1, 6}, {3, 5}], [{8, 2}, {4, 7}, {1, 6}, {5}, {3}], [{8, 2}, {4, 7}, {3, 6}, {1, 5}], [{8, 2}, {4, 7}, {5, 6}, {1, 3}], [{8, 2}, {5, 7}, {1, 6}, {3, 4}], [{8, 2}, {5, 7}, {1, 6}, {4}, {3}], [{8, 2}, {5, 7}, {3, 6}, {1, 4}], [{8, 2}, {5, 7}, {4, 6}, {1, 3}], [{8, 2}, {5, 7}, {4, 6}, {3}, {1}], [{8, 2}, {5, 7}, {6}, {1, 4}, {3}], [{8, 2}, {6, 7}, {1, 5}, {3, 4}], [{8, 2}, {6, 7}, {3, 5}, {1, 4}], [{8, 2}, {6, 7}, {4, 5}, {1, 3}], [{8, 2}, {6, 7}, {5}, {1, 4}, {3}], [{8, 2}, {7}, {1, 6}, {3, 5}, {4}], [{8, 2}, {7}, {1, 6}, {4, 5}, {3}], [{8, 2}, {7}, {1, 6}, {5}, {3, 4}], [{8, 2}, {7}, {1, 6}, {5}, {4}, {3}], [{8, 2}, {7}, {3, 6}, {5}, {1, 4}], [{8, 2}, {7}, {4, 6}, {1, 5}, {3}], [{8, 2}, {7}, {4, 6}, {3, 5}, {1}], [{8, 2}, {7}, {4, 6}, {5}, {1, 3}], [{8, 2}, {7}, {4, 6}, {5}, {3}, {1}], [{8, 2}, {7}, {5, 6}, {1, 4}, {3}], [{8, 2}, {7}, {6}, {3, 5}, {1, 4}], [{8, 2}, {7}, {6}, {5}, {1, 4}, {3}], [{8, 3}, {1, 7}, {2, 6}, {4, 5}], [{8, 3}, {1, 7}, {2, 6}, {5}, {4}], [{8, 3}, {1, 7}, {4, 6}, {2, 5}], [{8, 3}, {1, 7}, {5, 6}, {2, 4}], [{8, 3}, {2, 7}, {1, 6}, {4, 5}], [{8, 3}, {2, 7}, {1, 6}, {5}, {4}], [{8, 3}, {2, 7}, {4, 6}, {1, 5}], [{8, 3}, {2, 7}, {4, 6}, {5}, {1}], [{8, 3}, {2, 7}, {5, 6}, {1, 4}], [{8, 3}, {2, 7}, {5, 6}, {4}, {1}], [{8, 3}, {2, 7}, {6}, {1, 5}, {4}], [{8, 3}, {2, 7}, {6}, {4, 5}, {1}], [{8, 3}, {2, 7}, {6}, {5}, {1, 4}], [{8, 3}, {2, 7}, {6}, {5}, {4}, {1}], [{8, 3}, {4, 7}, {1, 6}, {2, 5}], [{8, 3}, {4, 7}, {1, 6}, {5}, {2}], [{8, 3}, {4, 7}, {2, 6}, {1, 5}], [{8, 3}, {4, 7}, {5, 6}, {1, 2}], [{8, 3}, {4, 7}, {5, 6}, {2}, {1}], [{8, 3}, {4, 7}, {6}, {1, 5}, {2}], [{8, 3}, {5, 7}, {1, 6}, {2, 4}], [{8, 3}, {5, 7}, {1, 6}, {4}, {2}], [{8, 3}, {5, 7}, {2, 6}, {1, 4}], [{8, 3}, {5, 7}, {4, 6}, {1, 2}], [{8, 3}, {5, 7}, {4, 6}, {2}, {1}], [{8, 3}, {5, 7}, {6}, {1, 4}, {2}], [{8, 3}, {6, 7}, {1, 5}, {2, 4}], [{8, 3}, {6, 7}, {2, 5}, {1, 4}], [{8, 3}, {6, 7}, {4, 5}, {1, 2}], [{8, 3}, {6, 7}, {5}, {4}, {1, 2}], [{8, 3}, {7}, {1, 6}, {2, 5}, {4}], [{8, 3}, {7}, {1, 6}, {4, 5}, {2}], [{8, 3}, {7}, {1, 6}, {5}, {2, 4}], [{8, 3}, {7}, {1, 6}, {5}, {4}, {2}], [{8, 3}, {7}, {4, 6}, {2, 5}, {1}], [{8, 3}, {7}, {5, 6}, {2, 4}, {1}], [{8, 3}, {7}, {6}, {1, 5}, {2, 4}], [{8, 3}, {7}, {6}, {2, 5}, {1, 4}], [{8, 4}, {1, 7}, {2, 6}, {3, 5}], [{8, 4}, {1, 7}, {2, 6}, {5}, {3}], [{8, 4}, {1, 7}, {3, 6}, {2, 5}], [{8, 4}, {1, 7}, {5, 6}, {2, 3}], [{8, 4}, {2, 7}, {1, 6}, {3, 5}], [{8, 4}, {2, 7}, {1, 6}, {5}, {3}], [{8, 4}, {2, 7}, {3, 6}, {1, 5}], [{8, 4}, {2, 7}, {3, 6}, {5}, {1}], [{8, 4}, {2, 7}, {5, 6}, {1, 3}], [{8, 4}, {2, 7}, {5, 6}, {3}, {1}], [{8, 4}, {2, 7}, {6}, {1, 5}, {3}], [{8, 4}, {2, 7}, {6}, {3, 5}, {1}], [{8, 4}, {2, 7}, {6}, {5}, {1, 3}], [{8, 4}, {2, 7}, {6}, {5}, {3}, {1}], [{8, 4}, {3, 7}, {1, 6}, {2, 5}], [{8, 4}, {3, 7}, {1, 6}, {5}, {2}], [{8, 4}, {3, 7}, {2, 6}, {1, 5}], [{8, 4}, {3, 7}, {5, 6}, {1, 2}], [{8, 4}, {3, 7}, {5, 6}, {2}, {1}], [{8, 4}, {3, 7}, {6}, {1, 5}, {2}], [{8, 4}, {5, 7}, {1, 6}, {2, 3}], [{8, 4}, {5, 7}, {1, 6}, {3}, {2}], [{8, 4}, {5, 7}, {2, 6}, {1, 3}], [{8, 4}, {5, 7}, {3, 6}, {1, 2}], [{8, 4}, {5, 7}, {3, 6}, {2}, {1}], [{8, 4}, {5, 7}, {6}, {1, 3}, {2}], [{8, 4}, {6, 7}, {1, 5}, {2, 3}], [{8, 4}, {6, 7}, {2, 5}, {1, 3}], [{8, 4}, {6, 7}, {3, 5}, {1, 2}], [{8, 4}, {6, 7}, {5}, {3}, {1, 2}], [{8, 4}, {7}, {1, 6}, {2, 5}, {3}], [{8, 4}, {7}, {1, 6}, {3, 5}, {2}], [{8, 4}, {7}, {1, 6}, {5}, {2, 3}], [{8, 4}, {7}, {1, 6}, {5}, {3}, {2}], [{8, 4}, {7}, {3, 6}, {2, 5}, {1}], [{8, 4}, {7}, {5, 6}, {2, 3}, {1}], [{8, 4}, {7}, {6}, {1, 5}, {2, 3}], [{8, 4}, {7}, {6}, {2, 5}, {1, 3}], [{8, 5}, {1, 7}, {2, 6}, {3, 4}], [{8, 5}, {1, 7}, {2, 6}, {4}, {3}], [{8, 5}, {1, 7}, {3, 6}, {2, 4}], [{8, 5}, {1, 7}, {4, 6}, {2, 3}], [{8, 5}, {2, 7}, {1, 6}, {3, 4}], [{8, 5}, {2, 7}, {1, 6}, {4}, {3}], [{8, 5}, {2, 7}, {3, 6}, {1, 4}], [{8, 5}, {2, 7}, {3, 6}, {4}, {1}], [{8, 5}, {2, 7}, {4, 6}, {1, 3}], [{8, 5}, {2, 7}, {4, 6}, {3}, {1}], [{8, 5}, {2, 7}, {6}, {1, 4}, {3}], [{8, 5}, {2, 7}, {6}, {3, 4}, {1}], [{8, 5}, {2, 7}, {6}, {4}, {1, 3}], [{8, 5}, {2, 7}, {6}, {4}, {3}, {1}], [{8, 5}, {3, 7}, {1, 6}, {2, 4}], [{8, 5}, {3, 7}, {1, 6}, {4}, {2}], [{8, 5}, {3, 7}, {2, 6}, {1, 4}], [{8, 5}, {3, 7}, {4, 6}, {1, 2}], [{8, 5}, {3, 7}, {4, 6}, {2}, {1}], [{8, 5}, {3, 7}, {6}, {1, 4}, {2}], [{8, 5}, {4, 7}, {1, 6}, {2, 3}], [{8, 5}, {4, 7}, {1, 6}, {3}, {2}], [{8, 5}, {4, 7}, {2, 6}, {1, 3}], [{8, 5}, {4, 7}, {3, 6}, {1, 2}], [{8, 5}, {4, 7}, {3, 6}, {2}, {1}], [{8, 5}, {4, 7}, {6}, {1, 3}, {2}], [{8, 5}, {6, 7}, {1, 4}, {2, 3}], [{8, 5}, {6, 7}, {2, 4}, {1, 3}], [{8, 5}, {6, 7}, {3, 4}, {1, 2}], [{8, 5}, {6, 7}, {4}, {3}, {1, 2}], [{8, 5}, {7}, {1, 6}, {2, 4}, {3}], [{8, 5}, {7}, {1, 6}, {3, 4}, {2}], [{8, 5}, {7}, {1, 6}, {4}, {2, 3}], [{8, 5}, {7}, {1, 6}, {4}, {3}, {2}], [{8, 5}, {7}, {3, 6}, {2, 4}, {1}], [{8, 5}, {7}, {4, 6}, {2, 3}, {1}], [{8, 5}, {7}, {6}, {1, 4}, {2, 3}], [{8, 5}, {7}, {6}, {2, 4}, {1, 3}], [{8, 6}, {1, 7}, {2, 5}, {3, 4}], [{8, 6}, {1, 7}, {3, 5}, {2, 4}], [{8, 6}, {1, 7}, {4, 5}, {2, 3}], [{8, 6}, {1, 7}, {5}, {2, 4}, {3}], [{8, 6}, {2, 7}, {1, 5}, {3, 4}], [{8, 6}, {2, 7}, {1, 5}, {4}, {3}], [{8, 6}, {2, 7}, {3, 5}, {1, 4}], [{8, 6}, {2, 7}, {3, 5}, {4}, {1}], [{8, 6}, {2, 7}, {4, 5}, {1, 3}], [{8, 6}, {2, 7}, {4, 5}, {3}, {1}], [{8, 6}, {2, 7}, {5}, {1, 4}, {3}], [{8, 6}, {2, 7}, {5}, {3, 4}, {1}], [{8, 6}, {2, 7}, {5}, {4}, {1, 3}], [{8, 6}, {2, 7}, {5}, {4}, {3}, {1}], [{8, 6}, {3, 7}, {1, 5}, {2, 4}], [{8, 6}, {3, 7}, {2, 5}, {1, 4}], [{8, 6}, {3, 7}, {4, 5}, {1, 2}], [{8, 6}, {4, 7}, {1, 5}, {2, 3}], [{8, 6}, {4, 7}, {2, 5}, {1, 3}], [{8, 6}, {4, 7}, {3, 5}, {1, 2}], [{8, 6}, {4, 7}, {5}, {3}, {1, 2}], [{8, 6}, {5, 7}, {1, 4}, {2, 3}], [{8, 6}, {5, 7}, {2, 4}, {1, 3}], [{8, 6}, {5, 7}, {3, 4}, {1, 2}], [{8, 6}, {7}, {1, 5}, {3, 4}, {2}], [{8, 6}, {7}, {4, 5}, {1, 3}, {2}], [{8, 7}, {1, 6}, {2, 5}, {3, 4}], [{8, 7}, {1, 6}, {2, 5}, {4}, {3}], [{8, 7}, {1, 6}, {3, 5}, {2, 4}], [{8, 7}, {1, 6}, {3, 5}, {4}, {2}], [{8, 7}, {1, 6}, {4, 5}, {2, 3}], [{8, 7}, {1, 6}, {4, 5}, {3}, {2}], [{8, 7}, {1, 6}, {5}, {2, 4}, {3}], [{8, 7}, {1, 6}, {5}, {3, 4}, {2}], [{8, 7}, {1, 6}, {5}, {4}, {2, 3}], [{8, 7}, {1, 6}, {5}, {4}, {3}, {2}], [{8, 7}, {2, 6}, {1, 5}, {3, 4}], [{8, 7}, {2, 6}, {3, 5}, {1, 4}], [{8, 7}, {2, 6}, {4, 5}, {1, 3}], [{8, 7}, {2, 6}, {5}, {1, 4}, {3}], [{8, 7}, {3, 6}, {1, 5}, {2, 4}], [{8, 7}, {3, 6}, {2, 5}, {1, 4}], [{8, 7}, {3, 6}, {4, 5}, {1, 2}], [{8, 7}, {3, 6}, {5}, {1, 4}, {2}], [{8, 7}, {4, 6}, {1, 5}, {2, 3}], [{8, 7}, {4, 6}, {1, 5}, {3}, {2}], [{8, 7}, {4, 6}, {2, 5}, {1, 3}], [{8, 7}, {4, 6}, {2, 5}, {3}, {1}], [{8, 7}, {4, 6}, {3, 5}, {1, 2}], [{8, 7}, {4, 6}, {3, 5}, {2}, {1}], [{8, 7}, {4, 6}, {5}, {1, 3}, {2}], [{8, 7}, {4, 6}, {5}, {2, 3}, {1}], [{8, 7}, {4, 6}, {5}, {3}, {1, 2}], [{8, 7}, {4, 6}, {5}, {3}, {2}, {1}], [{8, 7}, {5, 6}, {1, 4}, {2, 3}], [{8, 7}, {5, 6}, {1, 4}, {3}, {2}], [{8, 7}, {5, 6}, {2, 4}, {1, 3}], [{8, 7}, {5, 6}, {3, 4}, {1, 2}], [{8, 7}, {6}, {2, 5}, {1, 4}, {3}], [{8, 7}, {6}, {3, 5}, {1, 4}, {2}], [{8, 7}, {6}, {5}, {1, 4}, {2, 3}], [{8, 7}, {6}, {5}, {1, 4}, {3}, {2}], [{8}, {1, 7}, {2, 6}, {3, 5}, {4}], [{8}, {1, 7}, {2, 6}, {4, 5}, {3}], [{8}, {1, 7}, {2, 6}, {5}, {3, 4}], [{8}, {1, 7}, {2, 6}, {5}, {4}, {3}], [{8}, {2, 7}, {1, 6}, {3, 5}, {4}], [{8}, {2, 7}, {1, 6}, {4, 5}, {3}], [{8}, {2, 7}, {1, 6}, {5}, {3, 4}], [{8}, {2, 7}, {1, 6}, {5}, {4}, {3}], [{8}, {2, 7}, {3, 6}, {1, 5}, {4}], [{8}, {2, 7}, {3, 6}, {4, 5}, {1}], [{8}, {2, 7}, {3, 6}, {5}, {1, 4}], [{8}, {2, 7}, {3, 6}, {5}, {4}, {1}], [{8}, {2, 7}, {4, 6}, {1, 5}, {3}], [{8}, {2, 7}, {4, 6}, {3, 5}, {1}], [{8}, {2, 7}, {4, 6}, {5}, {1, 3}], [{8}, {2, 7}, {4, 6}, {5}, {3}, {1}], [{8}, {2, 7}, {5, 6}, {1, 4}, {3}], [{8}, {2, 7}, {5, 6}, {3, 4}, {1}], [{8}, {2, 7}, {5, 6}, {4}, {1, 3}], [{8}, {2, 7}, {5, 6}, {4}, {3}, {1}], [{8}, {2, 7}, {6}, {1, 5}, {3, 4}], [{8}, {2, 7}, {6}, {1, 5}, {4}, {3}], [{8}, {2, 7}, {6}, {3, 5}, {1, 4}], [{8}, {2, 7}, {6}, {3, 5}, {4}, {1}], [{8}, {2, 7}, {6}, {4, 5}, {1, 3}], [{8}, {2, 7}, {6}, {4, 5}, {3}, {1}], [{8}, {2, 7}, {6}, {5}, {1, 4}, {3}], [{8}, {2, 7}, {6}, {5}, {3, 4}, {1}], [{8}, {2, 7}, {6}, {5}, {4}, {1, 3}], [{8}, {2, 7}, {6}, {5}, {4}, {3}, {1}], [{8}, {3, 7}, {1, 6}, {2, 5}, {4}], [{8}, {3, 7}, {1, 6}, {4, 5}, {2}], [{8}, {3, 7}, {1, 6}, {5}, {2, 4}], [{8}, {3, 7}, {1, 6}, {5}, {4}, {2}], [{8}, {3, 7}, {4, 6}, {2, 5}, {1}], [{8}, {3, 7}, {6}, {2, 5}, {1, 4}], [{8}, {4, 7}, {1, 6}, {2, 5}, {3}], [{8}, {4, 7}, {1, 6}, {3, 5}, {2}], [{8}, {4, 7}, {1, 6}, {5}, {2, 3}], [{8}, {4, 7}, {1, 6}, {5}, {3}, {2}], [{8}, {5, 7}, {1, 6}, {2, 4}, {3}], [{8}, {5, 7}, {1, 6}, {3, 4}, {2}], [{8}, {5, 7}, {1, 6}, {4}, {2, 3}], [{8}, {5, 7}, {1, 6}, {4}, {3}, {2}], [{8}, {5, 7}, {4, 6}, {2, 3}, {1}], [{8}, {5, 7}, {6}, {1, 4}, {2, 3}], [{8}, {6, 7}, {3, 5}, {4}, {1, 2}], [{8}, {6, 7}, {4, 5}, {3}, {1, 2}], [{8}, {6, 7}, {5}, {3, 4}, {1, 2}], [{8}, {6, 7}, {5}, {4}, {3}, {1, 2}], [{8}, {7}, {1, 6}, {2, 5}, {3, 4}], [{8}, {7}, {1, 6}, {2, 5}, {4}, {3}], [{8}, {7}, {1, 6}, {3, 5}, {2, 4}], [{8}, {7}, {1, 6}, {3, 5}, {4}, {2}], [{8}, {7}, {1, 6}, {4, 5}, {2, 3}], [{8}, {7}, {1, 6}, {4, 5}, {3}, {2}], [{8}, {7}, {1, 6}, {5}, {2, 4}, {3}], [{8}, {7}, {1, 6}, {5}, {3, 4}, {2}], [{8}, {7}, {1, 6}, {5}, {4}, {2, 3}], [{8}, {7}, {1, 6}, {5}, {4}, {3}, {2}]]",2,- 8 K_1^4 + 4 K_1^3 + 20 K_1^2 K_2 - 14 K_1^2 - 10 K_1 K_2 - 10 K_1 K_3 + 2 K_1 - 4 K_2^2 + 6 K_2 + 4 K_3 + 3 K_4 + 8,O1O2O3O4U1U5O6U4U7O8O5U2U8U6O7U3,O1O2O3U4U2O5O6U1O4O7U6U8U3U7O8U5,O1O2O3U4O5U6U1U5U7O6O8U3O7O4U2U8,c,{'O1O2O3O4U2O5U6U7U3O8O7U5U1O6U8U4'},1,"<a href=""/flatknot/8.704244"">8.704244</a>",t^9-44t^7-130t^6+16t^5+186t^4-25t^3-18t^2+8t,-t^3+2t^2-t,,
8.704245,O1O2O3O4U2O5U6U7U3O8O7U5U4O6U1U8,4,8z^2+93z+155,8w^3z^2+93w^2z+155w,False,False,"[[ 0 -1 -2  1  2  1 -2  0  1],[ 1  0 -2  1  3  2 -2  0  1],[ 2  2  0  1  2  1  0  1  1],[-1 -1 -1  0  1  0 -2 -1  0],[-2 -3 -2 -1  0  0 -3 -2  0],[-1 -2 -1  0  0  0 -1 -1 -1],[ 2  2  0  2  3  1  0  2  2],[ 0  0 -1  1  2  1 -2  0  1],[-1 -1 -1  0  0  1 -2 -1  0]]","[[ 0  2  1  1  1  0 -1 -2 -2],[-2  0  0  0 -1 -2 -3 -2 -3],[-1  0  0  1  0 -1 -1 -1 -2],[-1  0 -1  0  0 -1 -2 -1 -1],[-1  1  0  0  0 -1 -1 -1 -2],[ 0  2  1  1  1  0  0 -1 -2],[ 1  3  1  2  1  0  0 -2 -2],[ 2  2  1  1  1  1  2  0  0],[ 2  3  2  1  2  2  2  0  0]]",True,"[-2,-1,-1,-1,0,1,2,2,0,0,1,2,3,2,3,-1,0,1,1,1,2,0,1,2,1,1,1,1,1,2,0,1,2,2,2,0]","[-2,-2,-1,0,1,1,1,2,0,-1,0,1,1,2,1,-1,1,2,2,2,2,1,1,1,0,0,0,0,0,0,0,-1,1,0,0,1]",t^8+62t^6+128t^4+55t^2,"[-2,-2,-1,0,1,1,1,2,0,-1,0,1,1,2,1,-1,1,2,2,2,2,1,1,1,0,0,0,0,0,0,0,-1,1,0,0,1]","[-2,-1,-1,-1,0,1,2,2,0,1,1,0,0,1,2,0,0,0,1,1,2,-1,0,0,2,2,0,1,1,2,1,0,1,-1,-1,0]","[-2,-2,-1,0,1,1,1,2,0,2,1,1,1,1,2,2,2,1,2,2,3,0,2,1,1,3,1,1,1,2,-1,0,0,0,0,1]",c,"[[{8, 4}, {2, 7}, {1, 6}, {3, 5}], [{8, 5}, {2, 7}, {1, 6}, {3, 4}]]",1,8 K_1^3 - 42 K_1^2 - 32 K_1 K_2 + 10 K_1 + 21 K_2 + 14 K_3 + 22,O1O2O3O4U5U4O6U1U7O8O5U2U8U6O7U3,O1O2O3U4U2O5O6U1O7O4U7U8U3U6O8U5,O1O2O3U4O5U6U1U5U7O8O7U3O6O4U2U8,c,{'O1O2O3O4U2O5U6U7U3O8O7U5U4O6U1U8'},1,"<a href=""/flatknot/8.704245"">8.704245</a>",t^9-64t^7-206t^6+67t^5+516t^4+139t^3-288t^2-141t-8,t^2-2t,,
8.704246,O1O2O3O4U2O5U6U7U3O8O7U5U8O6U1U4,4,2z^3+23z^2+102z+129,2w^4z^3+23w^3z^2+102w^2z+129w,False,False,"[[ 0 -1 -2  1  3  1 -2  0  0],[ 1  0 -1  2  3  1 -1  1  0],[ 2  1  0  1  2  1  1  1  0],[-1 -2 -1  0  0  0 -1 -1  0],[-3 -3 -2  0  0  0 -4 -2  0],[-1 -1 -1  0  0  0 -2 -1  0],[ 2  1 -1  1  4  2  0  1  1],[ 0 -1 -1  1  2  1 -1  0  0],[ 0  0  0  0  0  0 -1  0  0]]","[[ 0  3  1  1  0  0 -1 -2 -2],[-3  0  0  0  0 -2 -3 -2 -4],[-1  0  0  0  0 -1 -1 -1 -2],[-1  0  0  0  0 -1 -2 -1 -1],[ 0  0  0  0  0  0  0  0 -1],[ 0  2  1  1  0  0 -1 -1 -1],[ 1  3  1  2  0  1  0 -1 -1],[ 2  2  1  1  0  1  1  0  1],[ 2  4  2  1  1  1  1 -1  0]]",True,"[-3,-1,-1,0,0,1,2,2,0,0,0,2,3,2,4,0,0,1,1,1,2,0,1,2,1,1,0,0,0,1,1,1,1,1,1,-1]","[-3,-1,-1,0,0,1,2,2,0,0,0,2,3,2,4,0,0,1,1,1,2,0,1,2,1,1,0,0,0,1,1,1,1,1,1,-1]",t^8+54t^6+105t^4+12t^2,"[-2,-2,-1,0,0,1,1,3,-1,0,1,2,2,2,3,0,1,1,1,2,1,0,1,1,0,1,0,0,0,1,1,1,3,0,2,2]","[-3,-1,-1,0,0,1,2,2,2,2,1,3,1,1,3,0,0,1,0,2,2,0,1,1,1,2,0,0,1,1,1,1,2,0,0,-1]","[-2,-2,-1,0,0,1,1,3,-1,1,1,1,1,2,4,1,0,1,1,1,2,0,1,2,1,3,0,0,0,0,1,1,2,0,0,0]",c,"[[{8, 1}, {5, 7}, {2, 6}, {3, 4}], [{8, 1}, {5, 7}, {3, 6}, {2, 4}], [{8, 4}, {2, 7}, {3, 6}, {1, 5}], [{8, 4}, {2, 7}, {5, 6}, {1, 3}], [{8, 4}, {5, 7}, {2, 6}, {1, 3}], [{8, 6}, {2, 7}, {4, 5}, {1, 3}], [{8, 6}, {5, 7}, {2, 4}, {1, 3}], [{8, 7}, {2, 6}, {1, 5}, {3, 4}], [{8, 7}, {2, 6}, {4, 5}, {1, 3}], [{8, 7}, {3, 6}, {1, 5}, {2, 4}], [{8, 7}, {4, 6}, {1, 5}, {2, 3}], [{8, 7}, {4, 6}, {2, 5}, {1, 3}], [{8, 7}, {5, 6}, {2, 4}, {1, 3}]]",1,36 K_1^3 - 44 K_1^2 - 38 K_1 K_2 - 8 K_1 + 22 K_2 + 10 K_3 + 23,O1O2O3O4U1U4O5U6U7O8O6U2U8U5O7U3,O1O2O3U4U2O5O4U1O6O7U6U8U3U7O8U5,O1O2O3U4O5U6U1U5U7O6O7U3O8O4U2U8,c,{'O1O2O3O4U2O5U6U7U3O8O7U5U8O6U1U4'},1,"<a href=""/flatknot/8.704246"">8.704246</a>",t^9-52t^7-148t^6-11t^5+210t^4+22t^3-60t^2+24t-2,-t^3+2t^2-t,,
8.704247,O1O2O3O4U2O5U6U7U3O8O7U8U1O6U4U5,4,14z^2+99z+143,14w^3z^2+99w^2z+143w,False,False,"[[ 0 -1 -2  1  2  3 -2  0 -1],[ 1  0 -1  2  2  2  0  1 -1],[ 2  1  0  1  2  2  1  1  0],[-1 -2 -1  0 -1  0  0 -1 -1],[-2 -2 -2  1  0  1 -2 -1 -1],[-3 -2 -2  0 -1  0 -3 -2 -1],[ 2  0 -1  0  2  3  0  1  0],[ 0 -1 -1  1  1  2 -1  0 -1],[ 1  1  0  1  1  1  0  1  0]]","[[ 0  3  2  1  0 -1 -1 -2 -2],[-3  0 -1  0 -2 -1 -2 -2 -3],[-2  1  0  1 -1 -1 -2 -2 -2],[-1  0 -1  0 -1 -1 -2 -1  0],[ 0  2  1  1  0 -1 -1 -1 -1],[ 1  1  1  1  1  0  1  0  0],[ 1  2  2  2  1 -1  0 -1  0],[ 2  2  2  1  1  0  1  0  1],[ 2  3  2  0  1  0  0 -1  0]]",True,"[-3,-2,-1,0,1,1,2,2,1,0,2,1,2,2,3,-1,1,1,2,2,2,1,1,2,1,0,1,1,1,1,-1,0,0,1,0,-1]","[-3,-2,-1,0,1,1,2,2,0,2,1,2,3,2,3,2,1,1,2,2,2,0,0,1,3,2,0,0,1,1,-1,1,0,1,1,-1]",t^8+52t^6+180t^4+58t^2+4,"[-2,-2,-1,-1,0,1,2,3,-1,0,1,1,2,2,3,1,1,1,3,2,2,1,0,0,1,2,0,1,2,3,0,1,1,2,2,0]","[-3,-2,-1,0,1,1,2,2,0,2,1,2,3,2,3,2,1,1,2,2,2,0,0,1,3,2,0,0,1,1,-1,1,0,1,1,-1]","[-2,-2,-1,-1,0,1,2,3,-1,0,0,1,0,2,3,0,1,1,1,2,2,1,1,1,1,1,1,2,2,2,1,1,2,-1,0,1]",c,"[[{8, 1}, {2, 7}, {3, 6}, {4, 5}], [{8, 1}, {2, 7}, {4, 6}, {3, 5}], [{8, 1}, {2, 7}, {5, 6}, {3, 4}], [{8, 1}, {3, 7}, {2, 6}, {4, 5}], [{8, 1}, {3, 7}, {4, 6}, {2, 5}], [{8, 1}, {3, 7}, {5, 6}, {2, 4}], [{8, 1}, {4, 7}, {2, 6}, {3, 5}], [{8, 1}, {4, 7}, {3, 6}, {2, 5}], [{8, 1}, {4, 7}, {5, 6}, {2, 3}], [{8, 1}, {5, 7}, {2, 6}, {3, 4}], [{8, 1}, {5, 7}, {3, 6}, {2, 4}], [{8, 1}, {5, 7}, {4, 6}, {2, 3}], [{8, 1}, {6, 7}, {2, 5}, {3, 4}], [{8, 1}, {6, 7}, {3, 5}, {2, 4}], [{8, 1}, {6, 7}, {3, 5}, {4}, {2}], [{8, 1}, {6, 7}, {4, 5}, {2, 3}], [{8, 1}, {7}, {4, 6}, {2, 5}, {3}], [{8, 1}, {7}, {5, 6}, {2, 4}, {3}], [{8, 2}, {1, 7}, {3, 6}, {4, 5}], [{8, 2}, {1, 7}, {4, 6}, {3, 5}], [{8, 2}, {1, 7}, {5, 6}, {3, 4}], [{8, 2}, {3, 7}, {1, 6}, {4, 5}], [{8, 2}, {3, 7}, {4, 6}, {1, 5}], [{8, 2}, {3, 7}, {5, 6}, {1, 4}], [{8, 2}, {4, 7}, {1, 6}, {3, 5}], [{8, 2}, {4, 7}, {3, 6}, {1, 5}], [{8, 2}, {4, 7}, {5, 6}, {1, 3}], [{8, 2}, {4, 7}, {6}, {1, 5}, {3}], [{8, 2}, {5, 7}, {1, 6}, {3, 4}], [{8, 2}, {5, 7}, {3, 6}, {1, 4}], [{8, 2}, {5, 7}, {4, 6}, {1, 3}], [{8, 2}, {6, 7}, {1, 5}, {3, 4}], [{8, 2}, {6, 7}, {3, 5}, {1, 4}], [{8, 2}, {6, 7}, {4, 5}, {1, 3}], [{8, 2}, {7}, {1, 6}, {5}, {3, 4}], [{8, 2}, {7}, {3, 6}, {1, 5}, {4}], [{8, 2}, {7}, {4, 6}, {5}, {1, 3}], [{8, 2}, {7}, {5, 6}, {1, 4}, {3}], [{8, 3}, {1, 7}, {2, 6}, {4, 5}], [{8, 3}, {1, 7}, {2, 6}, {5}, {4}], [{8, 3}, {1, 7}, {4, 6}, {2, 5}], [{8, 3}, {1, 7}, {4, 6}, {5}, {2}], [{8, 3}, {1, 7}, {5, 6}, {2, 4}], [{8, 3}, {1, 7}, {5, 6}, {4}, {2}], [{8, 3}, {1, 7}, {6}, {2, 5}, {4}], [{8, 3}, {1, 7}, {6}, {4, 5}, {2}], [{8, 3}, {1, 7}, {6}, {5}, {2, 4}], [{8, 3}, {1, 7}, {6}, {5}, {4}, {2}], [{8, 3}, {2, 7}, {1, 6}, {4, 5}], [{8, 3}, {2, 7}, {4, 6}, {1, 5}], [{8, 3}, {2, 7}, {4, 6}, {5}, {1}], [{8, 3}, {2, 7}, {5, 6}, {1, 4}], [{8, 3}, {2, 7}, {6}, {1, 5}, {4}], [{8, 3}, {4, 7}, {1, 6}, {2, 5}], [{8, 3}, {4, 7}, {2, 6}, {1, 5}], [{8, 3}, {4, 7}, {5, 6}, {1, 2}], [{8, 3}, {4, 7}, {6}, {1, 5}, {2}], [{8, 3}, {5, 7}, {1, 6}, {2, 4}], [{8, 3}, {5, 7}, {1, 6}, {4}, {2}], [{8, 3}, {5, 7}, {2, 6}, {1, 4}], [{8, 3}, {5, 7}, {2, 6}, {4}, {1}], [{8, 3}, {5, 7}, {4, 6}, {1, 2}], [{8, 3}, {5, 7}, {4, 6}, {2}, {1}], [{8, 3}, {5, 7}, {6}, {1, 4}, {2}], [{8, 3}, {5, 7}, {6}, {2, 4}, {1}], [{8, 3}, {5, 7}, {6}, {4}, {1, 2}], [{8, 3}, {5, 7}, {6}, {4}, {2}, {1}], [{8, 3}, {6, 7}, {1, 5}, {2, 4}], [{8, 3}, {6, 7}, {1, 5}, {4}, {2}], [{8, 3}, {6, 7}, {2, 5}, {1, 4}], [{8, 3}, {6, 7}, {4, 5}, {1, 2}], [{8, 3}, {6, 7}, {5}, {2, 4}, {1}], [{8, 3}, {7}, {1, 6}, {5}, {2, 4}], [{8, 3}, {7}, {2, 6}, {1, 5}, {4}], [{8, 3}, {7}, {4, 6}, {1, 5}, {2}], [{8, 3}, {7}, {4, 6}, {2, 5}, {1}], [{8, 3}, {7}, {4, 6}, {5}, {1, 2}], [{8, 3}, {7}, {5, 6}, {2, 4}, {1}], [{8, 3}, {7}, {6}, {1, 5}, {2, 4}], [{8, 3}, {7}, {6}, {1, 5}, {4}, {2}], [{8, 4}, {1, 7}, {2, 6}, {3, 5}], [{8, 4}, {1, 7}, {3, 6}, {2, 5}], [{8, 4}, {1, 7}, {5, 6}, {2, 3}], [{8, 4}, {2, 7}, {1, 6}, {3, 5}], [{8, 4}, {2, 7}, {3, 6}, {1, 5}], [{8, 4}, {2, 7}, {5, 6}, {1, 3}], [{8, 4}, {2, 7}, {6}, {1, 5}, {3}], [{8, 4}, {2, 7}, {6}, {3, 5}, {1}], [{8, 4}, {2, 7}, {6}, {5}, {1, 3}], [{8, 4}, {3, 7}, {1, 6}, {2, 5}], [{8, 4}, {3, 7}, {2, 6}, {1, 5}], [{8, 4}, {3, 7}, {5, 6}, {1, 2}], [{8, 4}, {3, 7}, {6}, {2, 5}, {1}], [{8, 4}, {5, 7}, {1, 6}, {2, 3}], [{8, 4}, {5, 7}, {2, 6}, {1, 3}], [{8, 4}, {5, 7}, {3, 6}, {1, 2}], [{8, 4}, {5, 7}, {3, 6}, {2}, {1}], [{8, 4}, {6, 7}, {1, 5}, {2, 3}], [{8, 4}, {6, 7}, {2, 5}, {1, 3}], [{8, 4}, {6, 7}, {3, 5}, {1, 2}], [{8, 4}, {7}, {5, 6}, {3}, {1, 2}], [{8, 5}, {1, 7}, {2, 6}, {3, 4}], [{8, 5}, {1, 7}, {3, 6}, {2, 4}], [{8, 5}, {1, 7}, {4, 6}, {2, 3}], [{8, 5}, {1, 7}, {4, 6}, {3}, {2}], [{8, 5}, {2, 7}, {1, 6}, {3, 4}], [{8, 5}, {2, 7}, {1, 6}, {4}, {3}], [{8, 5}, {2, 7}, {3, 6}, {1, 4}], [{8, 5}, {2, 7}, {4, 6}, {1, 3}], [{8, 5}, {3, 7}, {1, 6}, {2, 4}], [{8, 5}, {3, 7}, {1, 6}, {4}, {2}], [{8, 5}, {3, 7}, {2, 6}, {1, 4}], [{8, 5}, {3, 7}, {4, 6}, {1, 2}], [{8, 5}, {3, 7}, {4, 6}, {2}, {1}], [{8, 5}, {3, 7}, {6}, {1, 4}, {2}], [{8, 5}, {4, 7}, {1, 6}, {2, 3}], [{8, 5}, {4, 7}, {2, 6}, {1, 3}], [{8, 5}, {4, 7}, {3, 6}, {1, 2}], [{8, 5}, {6, 7}, {1, 4}, {2, 3}], [{8, 5}, {6, 7}, {2, 4}, {1, 3}], [{8, 5}, {6, 7}, {3, 4}, {1, 2}], [{8, 5}, {7}, {1, 6}, {4}, {2, 3}], [{8, 5}, {7}, {2, 6}, {4}, {1, 3}], [{8, 5}, {7}, {3, 6}, {4}, {1, 2}], [{8, 5}, {7}, {4, 6}, {1, 3}, {2}], [{8, 5}, {7}, {6}, {2, 4}, {1, 3}], [{8, 6}, {1, 7}, {2, 5}, {3, 4}], [{8, 6}, {1, 7}, {2, 5}, {4}, {3}], [{8, 6}, {1, 7}, {3, 5}, {2, 4}], [{8, 6}, {1, 7}, {4, 5}, {2, 3}], [{8, 6}, {2, 7}, {1, 5}, {3, 4}], [{8, 6}, {2, 7}, {3, 5}, {1, 4}], [{8, 6}, {2, 7}, {4, 5}, {1, 3}], [{8, 6}, {3, 7}, {1, 5}, {2, 4}], [{8, 6}, {3, 7}, {2, 5}, {1, 4}], [{8, 6}, {3, 7}, {4, 5}, {1, 2}], [{8, 6}, {4, 7}, {1, 5}, {2, 3}], [{8, 6}, {4, 7}, {1, 5}, {3}, {2}], [{8, 6}, {4, 7}, {2, 5}, {1, 3}], [{8, 6}, {4, 7}, {3, 5}, {1, 2}], [{8, 6}, {5, 7}, {1, 4}, {2, 3}], [{8, 6}, {5, 7}, {2, 4}, {1, 3}], [{8, 6}, {5, 7}, {3, 4}, {1, 2}], [{8, 6}, {5, 7}, {3, 4}, {2}, {1}], [{8, 6}, {7}, {1, 5}, {4}, {2, 3}], [{8, 6}, {7}, {5}, {2, 4}, {1, 3}], [{8, 6}, {7}, {5}, {3, 4}, {1, 2}], [{8, 7}, {1, 6}, {2, 5}, {3, 4}], [{8, 7}, {1, 6}, {3, 5}, {2, 4}], [{8, 7}, {1, 6}, {4, 5}, {2, 3}], [{8, 7}, {2, 6}, {1, 5}, {3, 4}], [{8, 7}, {2, 6}, {3, 5}, {1, 4}], [{8, 7}, {2, 6}, {4, 5}, {1, 3}], [{8, 7}, {2, 6}, {5}, {1, 4}, {3}], [{8, 7}, {3, 6}, {1, 5}, {2, 4}], [{8, 7}, {3, 6}, {2, 5}, {1, 4}], [{8, 7}, {3, 6}, {4, 5}, {1, 2}], [{8, 7}, {4, 6}, {1, 5}, {2, 3}], [{8, 7}, {4, 6}, {2, 5}, {1, 3}], [{8, 7}, {4, 6}, {3, 5}, {1, 2}], [{8, 7}, {5, 6}, {1, 4}, {2, 3}], [{8, 7}, {5, 6}, {2, 4}, {1, 3}], [{8, 7}, {5, 6}, {2, 4}, {3}, {1}], [{8, 7}, {5, 6}, {3, 4}, {1, 2}], [{8, 7}, {5, 6}, {3, 4}, {2}, {1}], [{8, 7}, {5, 6}, {4}, {2, 3}, {1}], [{8}, {1, 7}, {3, 6}, {2, 5}, {4}], [{8}, {1, 7}, {4, 6}, {3, 5}, {2}], [{8}, {1, 7}, {5, 6}, {2, 4}, {3}], [{8}, {2, 7}, {3, 6}, {5}, {1, 4}], [{8}, {2, 7}, {6}, {1, 5}, {3, 4}], [{8}, {3, 7}, {5, 6}, {2, 4}, {1}], [{8}, {4, 7}, {1, 6}, {2, 5}, {3}], [{8}, {4, 7}, {2, 6}, {1, 5}, {3}], [{8}, {4, 7}, {3, 6}, {1, 5}, {2}], [{8}, {4, 7}, {6}, {1, 5}, {2, 3}], [{8}, {5, 7}, {1, 6}, {2, 4}, {3}], [{8}, {6, 7}, {1, 5}, {2, 4}, {3}], [{8}, {7}, {4, 6}, {2, 5}, {1, 3}], [{8}, {7}, {5, 6}, {2, 4}, {1, 3}], [{8}, {7}, {5, 6}, {2, 4}, {3}, {1}]]",2,- 20 K_1^2 - 18 K_1 K_2 - 2 K_1 K_3 + 9 K_1 - 2 K_2^2 + 11 K_2 + 9 K_3 + 2 K_4 + 12,O1O2O3O4U5U1O6U4U7O8O7U2U8U6O5U3,O1O2O3U4U2O4O5U1O6O7U5U8U3U6O8U7,O1O2O3U4O5U6U1U5U7O4O6U3O7O8U2U8,c,{'O1O2O3O4U2O5U6U7U3O8O7U8U1O6U4U5'},1,"<a href=""/flatknot/8.704247"">8.704247</a>",t^9-48t^7-160t^6-11t^5+584t^4+778t^3+222t^2-114t-40,-t^3+t^2+t,,
8.704248,O1O2O3O4U2O5U6U7U3O8O7U8U4O6U1U5,4,5z^3+37z^2+99z+91,5w^4z^3+37w^3z^2+99w^2z+91w,False,False,"[[ 0 -1 -2  1  2  3 -2  0 -1],[ 1  0 -2  2  3  3 -1  1 -1],[ 2  2  0  1  2  2  0  1  0],[-1 -2 -1  0  0  0 -1 -1 -1],[-2 -3 -2  0  0  0 -2 -1 -1],[-3 -3 -2  0  0  0 -3 -2 -1],[ 2  1  0  1  2  3  0  1  0],[ 0 -1 -1  1  1  2 -1  0 -1],[ 1  1  0  1  1  1  0  1  0]]","[[ 0  3  2  1  0 -1 -1 -2 -2],[-3  0  0  0 -2 -1 -3 -2 -3],[-2  0  0  0 -1 -1 -3 -2 -2],[-1  0  0  0 -1 -1 -2 -1 -1],[ 0  2  1  1  0 -1 -1 -1 -1],[ 1  1  1  1  1  0  1  0  0],[ 1  3  3  2  1 -1  0 -2 -1],[ 2  2  2  1  1  0  2  0  0],[ 2  3  2  1  1  0  1  0  0]]",True,"[-3,-2,-1,0,1,1,2,2,0,0,2,1,3,2,3,0,1,1,3,2,2,1,1,2,1,1,1,1,1,1,-1,0,0,2,1,0]","[-3,-2,-1,0,1,1,2,2,0,0,2,1,3,2,3,0,1,1,3,2,2,1,1,2,1,1,1,1,1,1,-1,0,0,2,1,0]",t^8+64t^6+110t^4+31t^2+1,"[-2,-2,-1,-1,0,1,2,3,0,-1,1,1,2,2,3,0,1,1,2,2,2,1,0,0,0,1,0,1,2,3,0,1,1,1,2,1]","[-3,-2,-1,0,1,1,2,2,1,2,1,1,3,2,3,1,1,0,2,2,2,0,0,1,2,2,0,0,1,1,-1,0,-1,1,1,0]","[-2,-2,-1,-1,0,1,2,3,0,0,1,1,1,2,3,0,2,1,1,2,2,1,1,1,1,1,1,2,3,3,1,1,2,0,0,0]",c,"[[{8, 1}, {2, 7}, {3, 6}, {4, 5}], [{8, 1}, {2, 7}, {3, 6}, {5}, {4}], [{8, 1}, {2, 7}, {4, 6}, {3, 5}], [{8, 1}, {2, 7}, {5, 6}, {3, 4}], [{8, 1}, {2, 7}, {5, 6}, {4}, {3}], [{8, 1}, {2, 7}, {6}, {3, 5}, {4}], [{8, 1}, {3, 7}, {2, 6}, {4, 5}], [{8, 1}, {3, 7}, {4, 6}, {2, 5}], [{8, 1}, {3, 7}, {4, 6}, {5}, {2}], [{8, 1}, {3, 7}, {5, 6}, {2, 4}], [{8, 1}, {4, 7}, {2, 6}, {3, 5}], [{8, 1}, {4, 7}, {3, 6}, {2, 5}], [{8, 1}, {4, 7}, {5, 6}, {2, 3}], [{8, 1}, {4, 7}, {5, 6}, {3}, {2}], [{8, 1}, {5, 7}, {2, 6}, {3, 4}], [{8, 1}, {5, 7}, {3, 6}, {2, 4}], [{8, 1}, {5, 7}, {4, 6}, {2, 3}], [{8, 1}, {6, 7}, {2, 5}, {3, 4}], [{8, 1}, {6, 7}, {3, 5}, {2, 4}], [{8, 1}, {6, 7}, {4, 5}, {2, 3}], [{8, 1}, {7}, {4, 6}, {2, 5}, {3}], [{8, 1}, {7}, {5, 6}, {2, 4}, {3}], [{8, 2}, {1, 7}, {3, 6}, {4, 5}], [{8, 2}, {1, 7}, {4, 6}, {3, 5}], [{8, 2}, {1, 7}, {5, 6}, {3, 4}], [{8, 2}, {3, 7}, {1, 6}, {4, 5}], [{8, 2}, {3, 7}, {1, 6}, {5}, {4}], [{8, 2}, {3, 7}, {4, 6}, {1, 5}], [{8, 2}, {3, 7}, {5, 6}, {1, 4}], [{8, 2}, {4, 7}, {1, 6}, {3, 5}], [{8, 2}, {4, 7}, {1, 6}, {5}, {3}], [{8, 2}, {4, 7}, {3, 6}, {1, 5}], [{8, 2}, {4, 7}, {5, 6}, {1, 3}], [{8, 2}, {4, 7}, {5, 6}, {3}, {1}], [{8, 2}, {4, 7}, {6}, {1, 5}, {3}], [{8, 2}, {5, 7}, {1, 6}, {3, 4}], [{8, 2}, {5, 7}, {1, 6}, {4}, {3}], [{8, 2}, {5, 7}, {3, 6}, {1, 4}], [{8, 2}, {5, 7}, {4, 6}, {1, 3}], [{8, 2}, {6, 7}, {1, 5}, {3, 4}], [{8, 2}, {6, 7}, {3, 5}, {1, 4}], [{8, 2}, {6, 7}, {4, 5}, {1, 3}], [{8, 2}, {7}, {1, 6}, {3, 5}, {4}], [{8, 2}, {7}, {1, 6}, {4, 5}, {3}], [{8, 2}, {7}, {1, 6}, {5}, {3, 4}], [{8, 2}, {7}, {4, 6}, {5}, {1, 3}], [{8, 3}, {1, 7}, {2, 6}, {4, 5}], [{8, 3}, {1, 7}, {2, 6}, {5}, {4}], [{8, 3}, {1, 7}, {4, 6}, {2, 5}], [{8, 3}, {1, 7}, {5, 6}, {2, 4}], [{8, 3}, {2, 7}, {1, 6}, {4, 5}], [{8, 3}, {2, 7}, {1, 6}, {5}, {4}], [{8, 3}, {2, 7}, {4, 6}, {1, 5}], [{8, 3}, {2, 7}, {5, 6}, {1, 4}], [{8, 3}, {2, 7}, {5, 6}, {4}, {1}], [{8, 3}, {2, 7}, {6}, {1, 5}, {4}], [{8, 3}, {4, 7}, {1, 6}, {2, 5}], [{8, 3}, {4, 7}, {1, 6}, {5}, {2}], [{8, 3}, {4, 7}, {2, 6}, {1, 5}], [{8, 3}, {4, 7}, {5, 6}, {1, 2}], [{8, 3}, {4, 7}, {5, 6}, {2}, {1}], [{8, 3}, {4, 7}, {6}, {1, 5}, {2}], [{8, 3}, {5, 7}, {1, 6}, {2, 4}], [{8, 3}, {5, 7}, {2, 6}, {1, 4}], [{8, 3}, {5, 7}, {2, 6}, {4}, {1}], [{8, 3}, {5, 7}, {4, 6}, {1, 2}], [{8, 3}, {6, 7}, {1, 5}, {2, 4}], [{8, 3}, {6, 7}, {1, 5}, {4}, {2}], [{8, 3}, {6, 7}, {2, 5}, {1, 4}], [{8, 3}, {6, 7}, {4, 5}, {1, 2}], [{8, 3}, {7}, {1, 6}, {5}, {2, 4}], [{8, 3}, {7}, {2, 6}, {1, 5}, {4}], [{8, 3}, {7}, {4, 6}, {1, 5}, {2}], [{8, 3}, {7}, {4, 6}, {2, 5}, {1}], [{8, 3}, {7}, {4, 6}, {5}, {1, 2}], [{8, 3}, {7}, {5, 6}, {2, 4}, {1}], [{8, 3}, {7}, {6}, {1, 5}, {2, 4}], [{8, 3}, {7}, {6}, {1, 5}, {4}, {2}], [{8, 4}, {1, 7}, {2, 6}, {3, 5}], [{8, 4}, {1, 7}, {3, 6}, {2, 5}], [{8, 4}, {1, 7}, {5, 6}, {2, 3}], [{8, 4}, {1, 7}, {6}, {3, 5}, {2}], [{8, 4}, {2, 7}, {1, 6}, {3, 5}], [{8, 4}, {2, 7}, {3, 6}, {1, 5}], [{8, 4}, {2, 7}, {5, 6}, {1, 3}], [{8, 4}, {2, 7}, {5, 6}, {3}, {1}], [{8, 4}, {3, 7}, {1, 6}, {2, 5}], [{8, 4}, {3, 7}, {2, 6}, {1, 5}], [{8, 4}, {3, 7}, {5, 6}, {1, 2}], [{8, 4}, {3, 7}, {6}, {1, 5}, {2}], [{8, 4}, {3, 7}, {6}, {2, 5}, {1}], [{8, 4}, {3, 7}, {6}, {5}, {1, 2}], [{8, 4}, {5, 7}, {1, 6}, {2, 3}], [{8, 4}, {5, 7}, {2, 6}, {1, 3}], [{8, 4}, {5, 7}, {2, 6}, {3}, {1}], [{8, 4}, {5, 7}, {3, 6}, {1, 2}], [{8, 4}, {5, 7}, {6}, {1, 3}, {2}], [{8, 4}, {6, 7}, {1, 5}, {2, 3}], [{8, 4}, {6, 7}, {2, 5}, {1, 3}], [{8, 4}, {6, 7}, {3, 5}, {1, 2}], [{8, 5}, {1, 7}, {2, 6}, {3, 4}], [{8, 5}, {1, 7}, {3, 6}, {2, 4}], [{8, 5}, {1, 7}, {4, 6}, {2, 3}], [{8, 5}, {2, 7}, {1, 6}, {3, 4}], [{8, 5}, {2, 7}, {3, 6}, {1, 4}], [{8, 5}, {2, 7}, {4, 6}, {1, 3}], [{8, 5}, {3, 7}, {1, 6}, {2, 4}], [{8, 5}, {3, 7}, {2, 6}, {1, 4}], [{8, 5}, {3, 7}, {4, 6}, {1, 2}], [{8, 5}, {4, 7}, {1, 6}, {2, 3}], [{8, 5}, {4, 7}, {1, 6}, {3}, {2}], [{8, 5}, {4, 7}, {2, 6}, {1, 3}], [{8, 5}, {4, 7}, {3, 6}, {1, 2}], [{8, 5}, {6, 7}, {1, 4}, {2, 3}], [{8, 5}, {6, 7}, {2, 4}, {1, 3}], [{8, 5}, {6, 7}, {3, 4}, {1, 2}], [{8, 5}, {7}, {2, 6}, {4}, {1, 3}], [{8, 5}, {7}, {4, 6}, {1, 3}, {2}], [{8, 5}, {7}, {6}, {2, 4}, {1, 3}], [{8, 6}, {1, 7}, {2, 5}, {3, 4}], [{8, 6}, {1, 7}, {2, 5}, {4}, {3}], [{8, 6}, {1, 7}, {3, 5}, {2, 4}], [{8, 6}, {1, 7}, {4, 5}, {2, 3}], [{8, 6}, {2, 7}, {1, 5}, {3, 4}], [{8, 6}, {2, 7}, {3, 5}, {1, 4}], [{8, 6}, {2, 7}, {4, 5}, {1, 3}], [{8, 6}, {3, 7}, {1, 5}, {2, 4}], [{8, 6}, {3, 7}, {2, 5}, {1, 4}], [{8, 6}, {3, 7}, {4, 5}, {1, 2}], [{8, 6}, {4, 7}, {1, 5}, {2, 3}], [{8, 6}, {4, 7}, {1, 5}, {3}, {2}], [{8, 6}, {4, 7}, {2, 5}, {1, 3}], [{8, 6}, {4, 7}, {3, 5}, {1, 2}], [{8, 6}, {5, 7}, {1, 4}, {2, 3}], [{8, 6}, {5, 7}, {2, 4}, {1, 3}], [{8, 6}, {5, 7}, {3, 4}, {1, 2}], [{8, 6}, {7}, {3, 5}, {4}, {1, 2}], [{8, 6}, {7}, {4, 5}, {3}, {1, 2}], [{8, 6}, {7}, {5}, {2, 4}, {1, 3}], [{8, 6}, {7}, {5}, {3, 4}, {1, 2}], [{8, 7}, {1, 6}, {2, 5}, {3, 4}], [{8, 7}, {1, 6}, {3, 5}, {2, 4}], [{8, 7}, {1, 6}, {4, 5}, {2, 3}], [{8, 7}, {2, 6}, {1, 5}, {3, 4}], [{8, 7}, {2, 6}, {3, 5}, {1, 4}], [{8, 7}, {2, 6}, {4, 5}, {1, 3}], [{8, 7}, {3, 6}, {1, 5}, {2, 4}], [{8, 7}, {3, 6}, {2, 5}, {1, 4}], [{8, 7}, {3, 6}, {4, 5}, {1, 2}], [{8, 7}, {3, 6}, {5}, {2, 4}, {1}], [{8, 7}, {4, 6}, {1, 5}, {2, 3}], [{8, 7}, {4, 6}, {2, 5}, {1, 3}], [{8, 7}, {4, 6}, {3, 5}, {1, 2}], [{8, 7}, {5, 6}, {1, 4}, {2, 3}], [{8, 7}, {5, 6}, {2, 4}, {1, 3}], [{8, 7}, {5, 6}, {2, 4}, {3}, {1}], [{8, 7}, {5, 6}, {3, 4}, {1, 2}], [{8, 7}, {6}, {1, 5}, {3, 4}, {2}], [{8, 7}, {6}, {2, 5}, {4}, {1, 3}], [{8, 7}, {6}, {3, 5}, {2, 4}, {1}], [{8, 7}, {6}, {4, 5}, {3}, {1, 2}], [{8, 7}, {6}, {5}, {1, 4}, {2, 3}], [{8}, {1, 7}, {5, 6}, {2, 4}, {3}], [{8}, {2, 7}, {5, 6}, {1, 4}, {3}], [{8}, {2, 7}, {5, 6}, {3, 4}, {1}], [{8}, {2, 7}, {5, 6}, {4}, {1, 3}], [{8}, {2, 7}, {5, 6}, {4}, {3}, {1}], [{8}, {3, 7}, {1, 6}, {4, 5}, {2}], [{8}, {3, 7}, {5, 6}, {2, 4}, {1}], [{8}, {4, 7}, {1, 6}, {2, 5}, {3}], [{8}, {4, 7}, {1, 6}, {3, 5}, {2}], [{8}, {4, 7}, {1, 6}, {5}, {2, 3}], [{8}, {4, 7}, {1, 6}, {5}, {3}, {2}], [{8}, {4, 7}, {2, 6}, {1, 5}, {3}], [{8}, {4, 7}, {3, 6}, {1, 5}, {2}], [{8}, {4, 7}, {5, 6}, {1, 3}, {2}], [{8}, {4, 7}, {5, 6}, {2, 3}, {1}], [{8}, {4, 7}, {5, 6}, {3}, {1, 2}], [{8}, {4, 7}, {5, 6}, {3}, {2}, {1}], [{8}, {4, 7}, {6}, {1, 5}, {2, 3}], [{8}, {4, 7}, {6}, {1, 5}, {3}, {2}], [{8}, {5, 7}, {1, 6}, {3, 4}, {2}], [{8}, {5, 7}, {2, 6}, {3, 4}, {1}], [{8}, {5, 7}, {6}, {3, 4}, {1, 2}], [{8}, {6, 7}, {2, 5}, {3, 4}, {1}], [{8}, {6, 7}, {4, 5}, {3}, {1, 2}], [{8}, {7}, {4, 6}, {2, 5}, {1, 3}], [{8}, {7}, {5, 6}, {2, 4}, {1, 3}], [{8}, {7}, {5, 6}, {2, 4}, {3}, {1}]]",2,16 K_1^3 + 8 K_1^2 K_2 - 14 K_1^2 - 22 K_1 K_2 - 8 K_1 K_3 - K_1 - 4 K_2^2 + 7 K_2 + 7 K_3 + 4 K_4 + 8,O1O2O3O4U5U4O6U1U7O8O7U2U8U6O5U3,O1O2O3U4U2O4O5U1O6O7U6U8U3U5O8U7,O1O2O3U4O5U6U1U5U7O4O7U3O6O8U2U8,c,{'O1O2O3O4U2O5U6U7U3O8O7U8U4O6U1U5'},1,"<a href=""/flatknot/8.704248"">8.704248</a>",t^9-60t^7-190t^6-11t^5+178t^4-30t^3-56t^2+6t+4,-t^3+t^2+t,,
8.704249,O1O2O3O4U2O5U6U7U4O8O7U1U3O6U8U5,4,z^3+17z^2+95z+131,w^4z^3+17w^3z^2+95w^2z+131w,False,False,"[[ 0 -2 -2  1  2  3 -2  0  0],[ 2  0 -1  2  2  3  0  1  0],[ 2  1  0  2  1  2  0  1  1],[-1 -2 -2  0  1  2 -2 -2 -1],[-2 -2 -1 -1  0 -1 -1 -2 -2],[-3 -3 -2 -2  1  0 -2 -2 -2],[ 2  0  0  2  1  2  0  2  1],[ 0 -1 -1  2  2  2 -2  0  0],[ 0  0 -1  1  2  2 -1  0  0]]","[[ 0  3  2  1  0  0 -2 -2 -2],[-3  0  1 -2 -2 -2 -2 -2 -3],[-2 -1  0 -1 -2 -2 -1 -1 -2],[-1  2  1  0 -1 -2 -2 -2 -2],[ 0  2  2  1  0  0 -1 -1  0],[ 0  2  2  2  0  0 -1 -2 -1],[ 2  2  1  2  1  1  0  0  1],[ 2  2  1  2  1  2  0  0  0],[ 2  3  2  2  0  1 -1  0  0]]",True,"[-3,-2,-1,0,0,2,2,2,-1,2,2,2,2,2,3,1,2,2,1,1,2,1,2,2,2,2,0,1,1,0,1,2,1,0,-1,0]","[-3,-2,-1,0,0,2,2,2,-1,2,2,2,2,2,3,1,2,2,1,1,2,1,2,2,2,2,0,1,1,0,1,2,1,0,-1,0]",t^8+71t^6+217t^4+155t^2,"[-2,-2,-2,0,0,1,2,3,-1,0,1,1,1,3,3,0,1,2,1,2,2,0,1,1,3,3,0,-1,0,1,0,0,1,0,0,2]","[-3,-2,-1,0,0,2,2,2,2,0,1,1,2,3,3,0,0,0,2,3,3,-1,0,1,1,1,0,1,0,1,2,1,1,0,-1,0]","[-2,-2,-2,0,0,1,2,3,-1,0,0,1,2,2,3,0,1,1,2,1,2,1,2,2,1,2,0,1,2,2,2,2,2,1,2,-1]",c,"[[{8, 1}, {2, 7}, {3, 6}, {4, 5}], [{8, 1}, {2, 7}, {3, 6}, {5}, {4}], [{8, 1}, {2, 7}, {4, 6}, {3, 5}], [{8, 1}, {2, 7}, {5, 6}, {3, 4}], [{8, 1}, {2, 7}, {5, 6}, {4}, {3}], [{8, 1}, {2, 7}, {6}, {3, 5}, {4}], [{8, 1}, {3, 7}, {2, 6}, {4, 5}], [{8, 1}, {3, 7}, {4, 6}, {2, 5}], [{8, 1}, {3, 7}, {5, 6}, {2, 4}], [{8, 1}, {3, 7}, {6}, {2, 5}, {4}], [{8, 1}, {4, 7}, {2, 6}, {3, 5}], [{8, 1}, {4, 7}, {3, 6}, {2, 5}], [{8, 1}, {4, 7}, {3, 6}, {5}, {2}], [{8, 1}, {4, 7}, {5, 6}, {2, 3}], [{8, 1}, {5, 7}, {2, 6}, {3, 4}], [{8, 1}, {5, 7}, {3, 6}, {2, 4}], [{8, 1}, {5, 7}, {4, 6}, {2, 3}], [{8, 1}, {5, 7}, {6}, {2, 4}, {3}], [{8, 1}, {6, 7}, {2, 5}, {3, 4}], [{8, 1}, {6, 7}, {3, 5}, {2, 4}], [{8, 1}, {6, 7}, {4, 5}, {2, 3}], [{8, 1}, {7}, {3, 6}, {5}, {2, 4}], [{8, 2}, {1, 7}, {3, 6}, {4, 5}], [{8, 2}, {1, 7}, {4, 6}, {3, 5}], [{8, 2}, {1, 7}, {4, 6}, {5}, {3}], [{8, 2}, {1, 7}, {5, 6}, {3, 4}], [{8, 2}, {1, 7}, {6}, {3, 5}, {4}], [{8, 2}, {3, 7}, {1, 6}, {4, 5}], [{8, 2}, {3, 7}, {1, 6}, {5}, {4}], [{8, 2}, {3, 7}, {4, 6}, {1, 5}], [{8, 2}, {3, 7}, {5, 6}, {1, 4}], [{8, 2}, {4, 7}, {1, 6}, {3, 5}], [{8, 2}, {4, 7}, {3, 6}, {1, 5}], [{8, 2}, {4, 7}, {5, 6}, {1, 3}], [{8, 2}, {4, 7}, {6}, {3, 5}, {1}], [{8, 2}, {5, 7}, {1, 6}, {3, 4}], [{8, 2}, {5, 7}, {1, 6}, {4}, {3}], [{8, 2}, {5, 7}, {3, 6}, {1, 4}], [{8, 2}, {5, 7}, {4, 6}, {1, 3}], [{8, 2}, {6, 7}, {1, 5}, {3, 4}], [{8, 2}, {6, 7}, {3, 5}, {1, 4}], [{8, 2}, {6, 7}, {3, 5}, {4}, {1}], [{8, 2}, {6, 7}, {4, 5}, {1, 3}], [{8, 2}, {7}, {1, 6}, {3, 5}, {4}], [{8, 2}, {7}, {4, 6}, {3, 5}, {1}], [{8, 2}, {7}, {6}, {3, 5}, {1, 4}], [{8, 2}, {7}, {6}, {3, 5}, {4}, {1}], [{8, 3}, {1, 7}, {2, 6}, {4, 5}], [{8, 3}, {1, 7}, {4, 6}, {2, 5}], [{8, 3}, {1, 7}, {5, 6}, {2, 4}], [{8, 3}, {1, 7}, {6}, {4, 5}, {2}], [{8, 3}, {2, 7}, {1, 6}, {4, 5}], [{8, 3}, {2, 7}, {4, 6}, {1, 5}], [{8, 3}, {2, 7}, {5, 6}, {1, 4}], [{8, 3}, {4, 7}, {1, 6}, {2, 5}], [{8, 3}, {4, 7}, {1, 6}, {5}, {2}], [{8, 3}, {4, 7}, {2, 6}, {1, 5}], [{8, 3}, {4, 7}, {5, 6}, {1, 2}], [{8, 3}, {5, 7}, {1, 6}, {2, 4}], [{8, 3}, {5, 7}, {2, 6}, {1, 4}], [{8, 3}, {5, 7}, {4, 6}, {1, 2}], [{8, 3}, {6, 7}, {1, 5}, {2, 4}], [{8, 3}, {6, 7}, {2, 5}, {1, 4}], [{8, 3}, {6, 7}, {4, 5}, {1, 2}], [{8, 4}, {1, 7}, {2, 6}, {3, 5}], [{8, 4}, {1, 7}, {2, 6}, {5}, {3}], [{8, 4}, {1, 7}, {3, 6}, {2, 5}], [{8, 4}, {1, 7}, {3, 6}, {5}, {2}], [{8, 4}, {1, 7}, {5, 6}, {2, 3}], [{8, 4}, {1, 7}, {5, 6}, {3}, {2}], [{8, 4}, {1, 7}, {6}, {2, 5}, {3}], [{8, 4}, {1, 7}, {6}, {3, 5}, {2}], [{8, 4}, {1, 7}, {6}, {5}, {2, 3}], [{8, 4}, {1, 7}, {6}, {5}, {3}, {2}], [{8, 4}, {2, 7}, {1, 6}, {3, 5}], [{8, 4}, {2, 7}, {3, 6}, {1, 5}], [{8, 4}, {2, 7}, {3, 6}, {5}, {1}], [{8, 4}, {2, 7}, {5, 6}, {1, 3}], [{8, 4}, {3, 7}, {1, 6}, {2, 5}], [{8, 4}, {3, 7}, {2, 6}, {1, 5}], [{8, 4}, {3, 7}, {5, 6}, {1, 2}], [{8, 4}, {3, 7}, {6}, {2, 5}, {1}], [{8, 4}, {5, 7}, {1, 6}, {2, 3}], [{8, 4}, {5, 7}, {2, 6}, {1, 3}], [{8, 4}, {5, 7}, {3, 6}, {1, 2}], [{8, 4}, {5, 7}, {6}, {2, 3}, {1}], [{8, 4}, {6, 7}, {1, 5}, {2, 3}], [{8, 4}, {6, 7}, {2, 5}, {1, 3}], [{8, 4}, {6, 7}, {3, 5}, {1, 2}], [{8, 4}, {7}, {2, 6}, {3, 5}, {1}], [{8, 4}, {7}, {3, 6}, {5}, {1, 2}], [{8, 4}, {7}, {6}, {1, 5}, {2, 3}], [{8, 4}, {7}, {6}, {2, 5}, {1, 3}], [{8, 5}, {1, 7}, {2, 6}, {3, 4}], [{8, 5}, {1, 7}, {3, 6}, {2, 4}], [{8, 5}, {1, 7}, {4, 6}, {2, 3}], [{8, 5}, {1, 7}, {6}, {3, 4}, {2}], [{8, 5}, {2, 7}, {1, 6}, {3, 4}], [{8, 5}, {2, 7}, {3, 6}, {1, 4}], [{8, 5}, {2, 7}, {4, 6}, {1, 3}], [{8, 5}, {2, 7}, {6}, {1, 4}, {3}], [{8, 5}, {3, 7}, {1, 6}, {2, 4}], [{8, 5}, {3, 7}, {2, 6}, {1, 4}], [{8, 5}, {3, 7}, {4, 6}, {1, 2}], [{8, 5}, {4, 7}, {1, 6}, {2, 3}], [{8, 5}, {4, 7}, {2, 6}, {1, 3}], [{8, 5}, {4, 7}, {3, 6}, {1, 2}], [{8, 5}, {6, 7}, {1, 4}, {2, 3}], [{8, 5}, {6, 7}, {2, 4}, {1, 3}], [{8, 5}, {6, 7}, {3, 4}, {1, 2}], [{8, 6}, {1, 7}, {2, 5}, {3, 4}], [{8, 6}, {1, 7}, {3, 5}, {2, 4}], [{8, 6}, {1, 7}, {3, 5}, {4}, {2}], [{8, 6}, {1, 7}, {4, 5}, {2, 3}], [{8, 6}, {1, 7}, {5}, {2, 4}, {3}], [{8, 6}, {2, 7}, {1, 5}, {3, 4}], [{8, 6}, {2, 7}, {3, 5}, {1, 4}], [{8, 6}, {2, 7}, {4, 5}, {1, 3}], [{8, 6}, {3, 7}, {1, 5}, {2, 4}], [{8, 6}, {3, 7}, {2, 5}, {1, 4}], [{8, 6}, {3, 7}, {4, 5}, {1, 2}], [{8, 6}, {3, 7}, {4, 5}, {2}, {1}], [{8, 6}, {4, 7}, {1, 5}, {2, 3}], [{8, 6}, {4, 7}, {2, 5}, {1, 3}], [{8, 6}, {4, 7}, {3, 5}, {1, 2}], [{8, 6}, {4, 7}, {5}, {1, 3}, {2}], [{8, 6}, {5, 7}, {1, 4}, {2, 3}], [{8, 6}, {5, 7}, {2, 4}, {1, 3}], [{8, 6}, {5, 7}, {3, 4}, {1, 2}], [{8, 6}, {5, 7}, {3, 4}, {2}, {1}], [{8, 6}, {7}, {3, 5}, {2, 4}, {1}], [{8, 7}, {1, 6}, {2, 5}, {3, 4}], [{8, 7}, {1, 6}, {3, 5}, {2, 4}], [{8, 7}, {1, 6}, {4, 5}, {2, 3}], [{8, 7}, {2, 6}, {1, 5}, {3, 4}], [{8, 7}, {2, 6}, {3, 5}, {1, 4}], [{8, 7}, {2, 6}, {4, 5}, {1, 3}], [{8, 7}, {3, 6}, {1, 5}, {2, 4}], [{8, 7}, {3, 6}, {2, 5}, {1, 4}], [{8, 7}, {3, 6}, {4, 5}, {1, 2}], [{8, 7}, {4, 6}, {1, 5}, {2, 3}], [{8, 7}, {4, 6}, {2, 5}, {1, 3}], [{8, 7}, {4, 6}, {3, 5}, {1, 2}], [{8, 7}, {5, 6}, {1, 4}, {2, 3}], [{8, 7}, {5, 6}, {1, 4}, {3}, {2}], [{8, 7}, {5, 6}, {2, 4}, {1, 3}], [{8, 7}, {5, 6}, {3, 4}, {1, 2}], [{8, 7}, {5, 6}, {4}, {2, 3}, {1}], [{8, 7}, {6}, {3, 5}, {4}, {1, 2}], [{8}, {1, 7}, {2, 6}, {3, 5}, {4}], [{8}, {1, 7}, {4, 6}, {3, 5}, {2}], [{8}, {1, 7}, {6}, {3, 5}, {2, 4}], [{8}, {1, 7}, {6}, {3, 5}, {4}, {2}], [{8}, {2, 7}, {3, 6}, {5}, {1, 4}], [{8}, {2, 7}, {6}, {1, 5}, {3, 4}], [{8}, {3, 7}, {5, 6}, {2, 4}, {1}], [{8}, {3, 7}, {6}, {2, 5}, {1, 4}], [{8}, {5, 7}, {2, 6}, {4}, {1, 3}], [{8}, {5, 7}, {3, 6}, {2, 4}, {1}], [{8}, {5, 7}, {4, 6}, {3}, {1, 2}], [{8}, {6, 7}, {1, 5}, {2, 4}, {3}]]",2,20 K_1^3 + 8 K_1^2 K_2 - 32 K_1^2 - 26 K_1 K_2 - 8 K_1 K_3 - 2 K_1 - 4 K_2^2 + 16 K_2 + 8 K_3 + 4 K_4 + 17,O1O2O3O4U5U6O7U2U4O8O6U1U8U7O5U3,O1O2O3U4U2O5O6U1O4O7U5U8U6U3O8U7,O1O2O3U4O5U1U6U5U7O4O8U3O6O7U2U8,c,{'O1O2O3O4U2O5U6U7U4O8O7U1U3O6U8U5'},1,"<a href=""/flatknot/8.704249"">8.704249</a>",t^9-69t^7-274t^6-115t^5+516t^4+217t^3-224t^2-70t+14,-t^3+2t^2-t,,
8.704250,O1O2O3O4U2O5U6U7U4O8O7U3U1O6U8U5,4,3z^3+26z^2+86z+93,3w^4z^3+26w^3z^2+86w^2z+93w,False,False,"[[ 0 -1 -2  0  2  3 -2  0  0],[ 1  0 -2  1  2  3 -1  0  0],[ 2  2  0  2  1  2  0  1  1],[ 0 -1 -2  0  1  2 -1 -1 -1],[-2 -2 -1 -1  0 -1 -1 -2 -2],[-3 -3 -2 -2  1  0 -2 -2 -2],[ 2  1  0  1  1  2  0  2  1],[ 0  0 -1  1  2  2 -2  0  0],[ 0  0 -1  1  2  2 -1  0  0]]","[[ 0  3  2  0  0  0 -1 -2 -2],[-3  0  1 -2 -2 -2 -3 -2 -2],[-2 -1  0 -1 -2 -2 -2 -1 -1],[ 0  2  1  0 -1 -1 -1 -1 -2],[ 0  2  2  1  0  0  0 -1 -1],[ 0  2  2  1  0  0  0 -2 -1],[ 1  3  2  1  0  0  0 -1 -2],[ 2  2  1  1  1  2  1  0  0],[ 2  2  1  2  1  1  2  0  0]]",True,"[-3,-2,0,0,0,1,2,2,-1,2,2,2,3,2,2,1,2,2,2,1,1,1,1,1,1,2,0,0,1,1,0,2,1,1,2,0]","[-3,-2,0,0,0,1,2,2,-1,2,2,2,3,2,2,1,2,2,2,1,1,1,1,1,1,2,0,0,1,1,0,2,1,1,2,0]",t^8+65t^6+151t^4+38t^2+1,"[-2,-2,-1,0,0,0,2,3,0,-1,0,1,1,3,3,0,1,0,1,3,3,0,1,1,1,1,1,1,1,1,0,0,1,0,1,2]","[-3,-2,0,0,0,1,2,2,2,1,1,1,1,3,3,0,0,1,1,3,3,0,1,1,0,1,1,1,1,1,0,1,0,0,-1,0]","[-2,-2,-1,0,0,0,2,3,0,1,1,1,2,1,2,2,1,2,1,1,2,0,1,0,2,3,1,0,2,2,-1,1,2,2,2,-1]",c,"[[{8, 1}, {2, 7}, {3, 6}, {4, 5}], [{8, 1}, {2, 7}, {4, 6}, {3, 5}], [{8, 1}, {2, 7}, {5, 6}, {3, 4}], [{8, 1}, {3, 7}, {2, 6}, {4, 5}], [{8, 1}, {3, 7}, {4, 6}, {2, 5}], [{8, 1}, {3, 7}, {5, 6}, {2, 4}], [{8, 1}, {3, 7}, {5, 6}, {4}, {2}], [{8, 1}, {3, 7}, {6}, {5}, {2, 4}], [{8, 1}, {4, 7}, {2, 6}, {3, 5}], [{8, 1}, {4, 7}, {3, 6}, {2, 5}], [{8, 1}, {4, 7}, {5, 6}, {2, 3}], [{8, 1}, {5, 7}, {2, 6}, {3, 4}], [{8, 1}, {5, 7}, {3, 6}, {2, 4}], [{8, 1}, {5, 7}, {4, 6}, {2, 3}], [{8, 1}, {6, 7}, {2, 5}, {3, 4}], [{8, 1}, {6, 7}, {3, 5}, {2, 4}], [{8, 1}, {6, 7}, {4, 5}, {2, 3}], [{8, 1}, {6, 7}, {5}, {4}, {2, 3}], [{8, 1}, {7}, {2, 6}, {3, 5}, {4}], [{8, 1}, {7}, {3, 6}, {2, 5}, {4}], [{8, 1}, {7}, {5, 6}, {2, 4}, {3}], [{8, 2}, {1, 7}, {3, 6}, {4, 5}], [{8, 2}, {1, 7}, {4, 6}, {3, 5}], [{8, 2}, {1, 7}, {5, 6}, {3, 4}], [{8, 2}, {1, 7}, {6}, {3, 5}, {4}], [{8, 2}, {3, 7}, {1, 6}, {4, 5}], [{8, 2}, {3, 7}, {4, 6}, {1, 5}], [{8, 2}, {3, 7}, {5, 6}, {1, 4}], [{8, 2}, {4, 7}, {1, 6}, {3, 5}], [{8, 2}, {4, 7}, {3, 6}, {1, 5}], [{8, 2}, {4, 7}, {5, 6}, {1, 3}], [{8, 2}, {5, 7}, {1, 6}, {3, 4}], [{8, 2}, {5, 7}, {3, 6}, {1, 4}], [{8, 2}, {5, 7}, {4, 6}, {1, 3}], [{8, 2}, {6, 7}, {1, 5}, {3, 4}], [{8, 2}, {6, 7}, {3, 5}, {1, 4}], [{8, 2}, {6, 7}, {4, 5}, {1, 3}], [{8, 3}, {1, 7}, {2, 6}, {4, 5}], [{8, 3}, {1, 7}, {4, 6}, {2, 5}], [{8, 3}, {1, 7}, {5, 6}, {2, 4}], [{8, 3}, {1, 7}, {6}, {4, 5}, {2}], [{8, 3}, {2, 7}, {1, 6}, {4, 5}], [{8, 3}, {2, 7}, {4, 6}, {1, 5}], [{8, 3}, {2, 7}, {5, 6}, {1, 4}], [{8, 3}, {4, 7}, {1, 6}, {2, 5}], [{8, 3}, {4, 7}, {2, 6}, {1, 5}], [{8, 3}, {4, 7}, {5, 6}, {1, 2}], [{8, 3}, {4, 7}, {6}, {1, 5}, {2}], [{8, 3}, {4, 7}, {6}, {2, 5}, {1}], [{8, 3}, {4, 7}, {6}, {5}, {1, 2}], [{8, 3}, {5, 7}, {1, 6}, {2, 4}], [{8, 3}, {5, 7}, {2, 6}, {1, 4}], [{8, 3}, {5, 7}, {4, 6}, {1, 2}], [{8, 3}, {5, 7}, {6}, {2, 4}, {1}], [{8, 3}, {6, 7}, {1, 5}, {2, 4}], [{8, 3}, {6, 7}, {1, 5}, {4}, {2}], [{8, 3}, {6, 7}, {2, 5}, {1, 4}], [{8, 3}, {6, 7}, {2, 5}, {4}, {1}], [{8, 3}, {6, 7}, {4, 5}, {1, 2}], [{8, 3}, {6, 7}, {5}, {4}, {1, 2}], [{8, 3}, {7}, {4, 6}, {1, 5}, {2}], [{8, 3}, {7}, {4, 6}, {2, 5}, {1}], [{8, 3}, {7}, {4, 6}, {5}, {1, 2}], [{8, 4}, {1, 7}, {2, 6}, {3, 5}], [{8, 4}, {1, 7}, {3, 6}, {2, 5}], [{8, 4}, {1, 7}, {5, 6}, {2, 3}], [{8, 4}, {1, 7}, {6}, {3, 5}, {2}], [{8, 4}, {2, 7}, {1, 6}, {3, 5}], [{8, 4}, {2, 7}, {3, 6}, {1, 5}], [{8, 4}, {2, 7}, {5, 6}, {1, 3}], [{8, 4}, {3, 7}, {1, 6}, {2, 5}], [{8, 4}, {3, 7}, {2, 6}, {1, 5}], [{8, 4}, {3, 7}, {2, 6}, {5}, {1}], [{8, 4}, {3, 7}, {5, 6}, {1, 2}], [{8, 4}, {5, 7}, {1, 6}, {2, 3}], [{8, 4}, {5, 7}, {1, 6}, {3}, {2}], [{8, 4}, {5, 7}, {2, 6}, {1, 3}], [{8, 4}, {5, 7}, {3, 6}, {1, 2}], [{8, 4}, {6, 7}, {1, 5}, {2, 3}], [{8, 4}, {6, 7}, {2, 5}, {1, 3}], [{8, 4}, {6, 7}, {3, 5}, {1, 2}], [{8, 4}, {6, 7}, {5}, {3}, {1, 2}], [{8, 4}, {7}, {1, 6}, {5}, {2, 3}], [{8, 4}, {7}, {2, 6}, {1, 5}, {3}], [{8, 4}, {7}, {3, 6}, {1, 5}, {2}], [{8, 4}, {7}, {5, 6}, {2, 3}, {1}], [{8, 4}, {7}, {6}, {1, 5}, {2, 3}], [{8, 4}, {7}, {6}, {2, 5}, {1, 3}], [{8, 5}, {1, 7}, {2, 6}, {3, 4}], [{8, 5}, {1, 7}, {3, 6}, {2, 4}], [{8, 5}, {1, 7}, {4, 6}, {2, 3}], [{8, 5}, {2, 7}, {1, 6}, {3, 4}], [{8, 5}, {2, 7}, {3, 6}, {1, 4}], [{8, 5}, {2, 7}, {4, 6}, {1, 3}], [{8, 5}, {3, 7}, {1, 6}, {2, 4}], [{8, 5}, {3, 7}, {1, 6}, {4}, {2}], [{8, 5}, {3, 7}, {2, 6}, {1, 4}], [{8, 5}, {3, 7}, {4, 6}, {1, 2}], [{8, 5}, {3, 7}, {6}, {2, 4}, {1}], [{8, 5}, {4, 7}, {1, 6}, {2, 3}], [{8, 5}, {4, 7}, {2, 6}, {1, 3}], [{8, 5}, {4, 7}, {3, 6}, {1, 2}], [{8, 5}, {6, 7}, {1, 4}, {2, 3}], [{8, 5}, {6, 7}, {2, 4}, {1, 3}], [{8, 5}, {6, 7}, {3, 4}, {1, 2}], [{8, 5}, {7}, {1, 6}, {2, 4}, {3}], [{8, 6}, {1, 7}, {2, 5}, {3, 4}], [{8, 6}, {1, 7}, {2, 5}, {4}, {3}], [{8, 6}, {1, 7}, {3, 5}, {2, 4}], [{8, 6}, {1, 7}, {3, 5}, {4}, {2}], [{8, 6}, {1, 7}, {4, 5}, {2, 3}], [{8, 6}, {1, 7}, {5}, {4}, {2, 3}], [{8, 6}, {2, 7}, {1, 5}, {3, 4}], [{8, 6}, {2, 7}, {3, 5}, {1, 4}], [{8, 6}, {2, 7}, {4, 5}, {1, 3}], [{8, 6}, {2, 7}, {5}, {1, 4}, {3}], [{8, 6}, {3, 7}, {1, 5}, {2, 4}], [{8, 6}, {3, 7}, {1, 5}, {4}, {2}], [{8, 6}, {3, 7}, {2, 5}, {1, 4}], [{8, 6}, {3, 7}, {4, 5}, {1, 2}], [{8, 6}, {3, 7}, {5}, {2, 4}, {1}], [{8, 6}, {4, 7}, {1, 5}, {2, 3}], [{8, 6}, {4, 7}, {2, 5}, {1, 3}], [{8, 6}, {4, 7}, {3, 5}, {1, 2}], [{8, 6}, {5, 7}, {1, 4}, {2, 3}], [{8, 6}, {5, 7}, {2, 4}, {1, 3}], [{8, 6}, {5, 7}, {3, 4}, {1, 2}], [{8, 6}, {5, 7}, {4}, {3}, {1, 2}], [{8, 6}, {7}, {1, 5}, {2, 4}, {3}], [{8, 7}, {1, 6}, {2, 5}, {3, 4}], [{8, 7}, {1, 6}, {3, 5}, {2, 4}], [{8, 7}, {1, 6}, {4, 5}, {2, 3}], [{8, 7}, {1, 6}, {4, 5}, {3}, {2}], [{8, 7}, {2, 6}, {1, 5}, {3, 4}], [{8, 7}, {2, 6}, {3, 5}, {1, 4}], [{8, 7}, {2, 6}, {3, 5}, {4}, {1}], [{8, 7}, {2, 6}, {4, 5}, {1, 3}], [{8, 7}, {2, 6}, {4, 5}, {3}, {1}], [{8, 7}, {2, 6}, {5}, {3, 4}, {1}], [{8, 7}, {3, 6}, {1, 5}, {2, 4}], [{8, 7}, {3, 6}, {2, 5}, {1, 4}], [{8, 7}, {3, 6}, {4, 5}, {1, 2}], [{8, 7}, {4, 6}, {1, 5}, {2, 3}], [{8, 7}, {4, 6}, {2, 5}, {1, 3}], [{8, 7}, {4, 6}, {3, 5}, {1, 2}], [{8, 7}, {5, 6}, {1, 4}, {2, 3}], [{8, 7}, {5, 6}, {2, 4}, {1, 3}], [{8, 7}, {5, 6}, {3, 4}, {1, 2}], [{8, 7}, {5, 6}, {4}, {2, 3}, {1}], [{8, 7}, {6}, {4, 5}, {3}, {1, 2}], [{8}, {1, 7}, {2, 6}, {3, 5}, {4}], [{8}, {1, 7}, {4, 6}, {3, 5}, {2}], [{8}, {1, 7}, {6}, {3, 5}, {2, 4}], [{8}, {2, 7}, {6}, {1, 5}, {3, 4}], [{8}, {3, 7}, {1, 6}, {5}, {2, 4}], [{8}, {3, 7}, {5, 6}, {2, 4}, {1}], [{8}, {3, 7}, {6}, {1, 5}, {2, 4}], [{8}, {3, 7}, {6}, {2, 5}, {1, 4}], [{8}, {4, 7}, {5, 6}, {2, 3}, {1}], [{8}, {5, 7}, {1, 6}, {4}, {2, 3}], [{8}, {6, 7}, {3, 5}, {1, 4}, {2}], [{8}, {6, 7}, {5}, {3, 4}, {1, 2}]]",2,4 K_1^3 - 18 K_1^2 - 10 K_1 K_2 + 2 K_1 + 9 K_2 + 4 K_3 + 10,O1O2O3O4U5U6O7U4U2O8O6U1U8U7O5U3,O1O2O3U4U2O5O6U1O4O7U6U8U5U3O8U7,O1O2O3U4O5U1U6U5U7O4O8U3O7O6U2U8,c,{'O1O2O3O4U2O5U6U7U4O8O7U3U1O6U8U5'},1,"<a href=""/flatknot/8.704250"">8.704250</a>",t^9-61t^7-242t^6-142t^5+392t^4+371t^3+30t^2-101t-64,-t^3+t^2+t,,
8.704251,O1O2O3O4U2O5U6U7U4O8O7U3U8O6U1U5,3,4z^2+23z+31,4w^5z^2-20w^4z^2+4w^4z+20w^3z^2-40w^3z+59w^2z+31w,False,False,"[[ 0 -1 -2  0  2  3 -2  0  0],[ 1  0 -2  1  3  3 -1  1  0],[ 2  2  0  2  1  2  0  1  1],[ 0 -1 -2  0  1  2 -2 -1  0],[-2 -3 -1 -1  0 -1 -1 -2 -1],[-3 -3 -2 -2  1  0 -3 -2 -1],[ 2  1  0  2  1  3  0  1  1],[ 0 -1 -1  1  2  2 -1  0  0],[ 0  0 -1  0  1  1 -1  0  0]]","[[ 0  3  2  0  0  0 -1 -2 -2],[-3  0  1 -1 -2 -2 -3 -2 -3],[-2 -1  0 -1 -1 -2 -3 -1 -1],[ 0  1  1  0  0  0  0 -1 -1],[ 0  2  1  0  0 -1 -1 -2 -2],[ 0  2  2  0  1  0 -1 -1 -1],[ 1  3  3  0  1  1  0 -2 -1],[ 2  2  1  1  2  1  2  0  0],[ 2  3  1  1  2  1  1  0  0]]",True,"[-3,-2,0,0,0,1,2,2,-1,1,2,2,3,2,3,1,1,2,3,1,1,0,0,0,1,1,1,1,2,2,1,1,1,2,1,0]","[-3,-2,0,0,0,1,2,2,-1,1,2,2,3,2,3,1,1,2,3,1,1,0,0,0,1,1,1,1,2,2,1,1,1,2,1,0]",t^8+69t^6+205t^4+79t^2,"[-2,-2,-1,0,0,0,2,3,0,-1,0,1,1,3,3,0,0,1,1,3,2,0,0,1,0,1,1,0,1,1,0,0,1,1,2,2]","[-3,-2,0,0,0,1,2,2,2,1,1,2,1,2,3,0,1,1,0,3,3,1,0,0,1,1,0,0,0,0,1,1,1,0,-1,0]","[-2,-2,-1,0,0,0,2,3,0,1,1,1,2,1,3,2,1,1,2,1,2,0,1,1,3,3,0,0,1,1,1,2,2,1,2,-1]",c,"[[{8, 1}, {2, 7}, {3, 6}, {4, 5}], [{8, 1}, {2, 7}, {4, 6}, {3, 5}], [{8, 1}, {2, 7}, {5, 6}, {3, 4}], [{8, 1}, {2, 7}, {6}, {5}, {3, 4}], [{8, 1}, {3, 7}, {2, 6}, {4, 5}], [{8, 1}, {3, 7}, {4, 6}, {2, 5}], [{8, 1}, {3, 7}, {5, 6}, {2, 4}], [{8, 1}, {3, 7}, {5, 6}, {4}, {2}], [{8, 1}, {3, 7}, {6}, {5}, {2, 4}], [{8, 1}, {4, 7}, {2, 6}, {3, 5}], [{8, 1}, {4, 7}, {3, 6}, {2, 5}], [{8, 1}, {4, 7}, {5, 6}, {2, 3}], [{8, 1}, {5, 7}, {2, 6}, {3, 4}], [{8, 1}, {5, 7}, {3, 6}, {2, 4}], [{8, 1}, {5, 7}, {3, 6}, {4}, {2}], [{8, 1}, {5, 7}, {4, 6}, {2, 3}], [{8, 1}, {6, 7}, {2, 5}, {3, 4}], [{8, 1}, {6, 7}, {3, 5}, {2, 4}], [{8, 1}, {6, 7}, {4, 5}, {2, 3}], [{8, 1}, {7}, {4, 6}, {2, 5}, {3}], [{8, 1}, {7}, {5, 6}, {2, 4}, {3}], [{8, 2}, {1, 7}, {3, 6}, {4, 5}], [{8, 2}, {1, 7}, {4, 6}, {3, 5}], [{8, 2}, {1, 7}, {5, 6}, {3, 4}], [{8, 2}, {3, 7}, {1, 6}, {4, 5}], [{8, 2}, {3, 7}, {4, 6}, {1, 5}], [{8, 2}, {3, 7}, {5, 6}, {1, 4}], [{8, 2}, {3, 7}, {6}, {1, 5}, {4}], [{8, 2}, {4, 7}, {1, 6}, {3, 5}], [{8, 2}, {4, 7}, {3, 6}, {1, 5}], [{8, 2}, {4, 7}, {5, 6}, {1, 3}], [{8, 2}, {4, 7}, {6}, {1, 5}, {3}], [{8, 2}, {5, 7}, {1, 6}, {3, 4}], [{8, 2}, {5, 7}, {3, 6}, {1, 4}], [{8, 2}, {5, 7}, {4, 6}, {1, 3}], [{8, 2}, {6, 7}, {1, 5}, {3, 4}], [{8, 2}, {6, 7}, {1, 5}, {4}, {3}], [{8, 2}, {6, 7}, {3, 5}, {1, 4}], [{8, 2}, {6, 7}, {4, 5}, {1, 3}], [{8, 2}, {7}, {1, 6}, {3, 5}, {4}], [{8, 2}, {7}, {3, 6}, {1, 5}, {4}], [{8, 2}, {7}, {4, 6}, {1, 5}, {3}], [{8, 2}, {7}, {5, 6}, {4}, {1, 3}], [{8, 2}, {7}, {6}, {1, 5}, {3, 4}], [{8, 2}, {7}, {6}, {1, 5}, {4}, {3}], [{8, 3}, {1, 7}, {2, 6}, {4, 5}], [{8, 3}, {1, 7}, {4, 6}, {2, 5}], [{8, 3}, {1, 7}, {5, 6}, {2, 4}], [{8, 3}, {2, 7}, {1, 6}, {4, 5}], [{8, 3}, {2, 7}, {4, 6}, {1, 5}], [{8, 3}, {2, 7}, {5, 6}, {1, 4}], [{8, 3}, {2, 7}, {6}, {1, 5}, {4}], [{8, 3}, {4, 7}, {1, 6}, {2, 5}], [{8, 3}, {4, 7}, {2, 6}, {1, 5}], [{8, 3}, {4, 7}, {5, 6}, {1, 2}], [{8, 3}, {4, 7}, {6}, {1, 5}, {2}], [{8, 3}, {5, 7}, {1, 6}, {2, 4}], [{8, 3}, {5, 7}, {2, 6}, {1, 4}], [{8, 3}, {5, 7}, {4, 6}, {1, 2}], [{8, 3}, {6, 7}, {1, 5}, {2, 4}], [{8, 3}, {6, 7}, {1, 5}, {4}, {2}], [{8, 3}, {6, 7}, {2, 5}, {1, 4}], [{8, 3}, {6, 7}, {4, 5}, {1, 2}], [{8, 3}, {7}, {1, 6}, {2, 5}, {4}], [{8, 3}, {7}, {1, 6}, {4, 5}, {2}], [{8, 3}, {7}, {1, 6}, {5}, {2, 4}], [{8, 3}, {7}, {2, 6}, {1, 5}, {4}], [{8, 3}, {7}, {2, 6}, {4, 5}, {1}], [{8, 3}, {7}, {2, 6}, {5}, {1, 4}], [{8, 3}, {7}, {4, 6}, {1, 5}, {2}], [{8, 3}, {7}, {4, 6}, {2, 5}, {1}], [{8, 3}, {7}, {4, 6}, {5}, {1, 2}], [{8, 3}, {7}, {5, 6}, {1, 4}, {2}], [{8, 3}, {7}, {5, 6}, {2, 4}, {1}], [{8, 3}, {7}, {5, 6}, {4}, {1, 2}], [{8, 3}, {7}, {6}, {1, 5}, {2, 4}], [{8, 3}, {7}, {6}, {1, 5}, {4}, {2}], [{8, 3}, {7}, {6}, {2, 5}, {1, 4}], [{8, 3}, {7}, {6}, {4, 5}, {1, 2}], [{8, 4}, {1, 7}, {2, 6}, {3, 5}], [{8, 4}, {1, 7}, {3, 6}, {2, 5}], [{8, 4}, {1, 7}, {5, 6}, {2, 3}], [{8, 4}, {2, 7}, {1, 6}, {3, 5}], [{8, 4}, {2, 7}, {3, 6}, {1, 5}], [{8, 4}, {2, 7}, {5, 6}, {1, 3}], [{8, 4}, {2, 7}, {6}, {1, 5}, {3}], [{8, 4}, {3, 7}, {1, 6}, {2, 5}], [{8, 4}, {3, 7}, {2, 6}, {1, 5}], [{8, 4}, {3, 7}, {2, 6}, {5}, {1}], [{8, 4}, {3, 7}, {5, 6}, {1, 2}], [{8, 4}, {3, 7}, {6}, {1, 5}, {2}], [{8, 4}, {5, 7}, {1, 6}, {2, 3}], [{8, 4}, {5, 7}, {2, 6}, {1, 3}], [{8, 4}, {5, 7}, {3, 6}, {1, 2}], [{8, 4}, {6, 7}, {1, 5}, {2, 3}], [{8, 4}, {6, 7}, {1, 5}, {3}, {2}], [{8, 4}, {6, 7}, {2, 5}, {1, 3}], [{8, 4}, {6, 7}, {3, 5}, {1, 2}], [{8, 4}, {7}, {1, 6}, {3, 5}, {2}], [{8, 4}, {7}, {2, 6}, {1, 5}, {3}], [{8, 4}, {7}, {3, 6}, {1, 5}, {2}], [{8, 4}, {7}, {5, 6}, {1, 3}, {2}], [{8, 4}, {7}, {6}, {1, 5}, {2, 3}], [{8, 4}, {7}, {6}, {1, 5}, {3}, {2}], [{8, 5}, {1, 7}, {2, 6}, {3, 4}], [{8, 5}, {1, 7}, {3, 6}, {2, 4}], [{8, 5}, {1, 7}, {3, 6}, {4}, {2}], [{8, 5}, {1, 7}, {4, 6}, {2, 3}], [{8, 5}, {2, 7}, {1, 6}, {3, 4}], [{8, 5}, {2, 7}, {3, 6}, {1, 4}], [{8, 5}, {2, 7}, {4, 6}, {1, 3}], [{8, 5}, {2, 7}, {6}, {3, 4}, {1}], [{8, 5}, {3, 7}, {1, 6}, {2, 4}], [{8, 5}, {3, 7}, {1, 6}, {4}, {2}], [{8, 5}, {3, 7}, {2, 6}, {1, 4}], [{8, 5}, {3, 7}, {4, 6}, {1, 2}], [{8, 5}, {3, 7}, {6}, {2, 4}, {1}], [{8, 5}, {4, 7}, {1, 6}, {2, 3}], [{8, 5}, {4, 7}, {2, 6}, {1, 3}], [{8, 5}, {4, 7}, {3, 6}, {1, 2}], [{8, 5}, {6, 7}, {1, 4}, {2, 3}], [{8, 5}, {6, 7}, {2, 4}, {1, 3}], [{8, 5}, {6, 7}, {3, 4}, {1, 2}], [{8, 5}, {7}, {1, 6}, {2, 4}, {3}], [{8, 5}, {7}, {4, 6}, {3}, {1, 2}], [{8, 6}, {1, 7}, {2, 5}, {3, 4}], [{8, 6}, {1, 7}, {3, 5}, {2, 4}], [{8, 6}, {1, 7}, {4, 5}, {2, 3}], [{8, 6}, {2, 7}, {1, 5}, {3, 4}], [{8, 6}, {2, 7}, {1, 5}, {4}, {3}], [{8, 6}, {2, 7}, {3, 5}, {1, 4}], [{8, 6}, {2, 7}, {4, 5}, {1, 3}], [{8, 6}, {3, 7}, {1, 5}, {2, 4}], [{8, 6}, {3, 7}, {1, 5}, {4}, {2}], [{8, 6}, {3, 7}, {2, 5}, {1, 4}], [{8, 6}, {3, 7}, {4, 5}, {1, 2}], [{8, 6}, {3, 7}, {5}, {2, 4}, {1}], [{8, 6}, {4, 7}, {1, 5}, {2, 3}], [{8, 6}, {4, 7}, {1, 5}, {3}, {2}], [{8, 6}, {4, 7}, {2, 5}, {1, 3}], [{8, 6}, {4, 7}, {3, 5}, {1, 2}], [{8, 6}, {5, 7}, {1, 4}, {2, 3}], [{8, 6}, {5, 7}, {2, 4}, {1, 3}], [{8, 6}, {5, 7}, {3, 4}, {1, 2}], [{8, 6}, {7}, {1, 5}, {2, 4}, {3}], [{8, 6}, {7}, {1, 5}, {3, 4}, {2}], [{8, 6}, {7}, {1, 5}, {4}, {2, 3}], [{8, 6}, {7}, {1, 5}, {4}, {3}, {2}], [{8, 6}, {7}, {4, 5}, {2, 3}, {1}], [{8, 6}, {7}, {5}, {1, 4}, {2, 3}], [{8, 7}, {1, 6}, {2, 5}, {3, 4}], [{8, 7}, {1, 6}, {3, 5}, {2, 4}], [{8, 7}, {1, 6}, {4, 5}, {2, 3}], [{8, 7}, {1, 6}, {5}, {2, 4}, {3}], [{8, 7}, {1, 6}, {5}, {3, 4}, {2}], [{8, 7}, {1, 6}, {5}, {4}, {2, 3}], [{8, 7}, {2, 6}, {1, 5}, {3, 4}], [{8, 7}, {2, 6}, {1, 5}, {4}, {3}], [{8, 7}, {2, 6}, {3, 5}, {1, 4}], [{8, 7}, {2, 6}, {4, 5}, {1, 3}], [{8, 7}, {3, 6}, {1, 5}, {2, 4}], [{8, 7}, {3, 6}, {1, 5}, {4}, {2}], [{8, 7}, {3, 6}, {2, 5}, {1, 4}], [{8, 7}, {3, 6}, {4, 5}, {1, 2}], [{8, 7}, {4, 6}, {1, 5}, {2, 3}], [{8, 7}, {4, 6}, {1, 5}, {3}, {2}], [{8, 7}, {4, 6}, {2, 5}, {1, 3}], [{8, 7}, {4, 6}, {2, 5}, {3}, {1}], [{8, 7}, {4, 6}, {3, 5}, {1, 2}], [{8, 7}, {4, 6}, {5}, {3}, {1, 2}], [{8, 7}, {5, 6}, {1, 4}, {2, 3}], [{8, 7}, {5, 6}, {2, 4}, {1, 3}], [{8, 7}, {5, 6}, {2, 4}, {3}, {1}], [{8, 7}, {5, 6}, {3, 4}, {1, 2}], [{8, 7}, {5, 6}, {3, 4}, {2}, {1}], [{8, 7}, {5, 6}, {4}, {2, 3}, {1}], [{8, 7}, {6}, {1, 5}, {2, 4}, {3}], [{8, 7}, {6}, {1, 5}, {3, 4}, {2}], [{8, 7}, {6}, {1, 5}, {4}, {2, 3}], [{8, 7}, {6}, {1, 5}, {4}, {3}, {2}], [{8}, {1, 7}, {4, 6}, {2, 5}, {3}], [{8}, {1, 7}, {5, 6}, {2, 4}, {3}], [{8}, {2, 7}, {3, 6}, {1, 5}, {4}], [{8}, {2, 7}, {4, 6}, {1, 5}, {3}], [{8}, {2, 7}, {6}, {1, 5}, {3, 4}], [{8}, {2, 7}, {6}, {1, 5}, {4}, {3}], [{8}, {3, 7}, {1, 6}, {5}, {2, 4}], [{8}, {3, 7}, {2, 6}, {1, 5}, {4}], [{8}, {3, 7}, {4, 6}, {1, 5}, {2}], [{8}, {3, 7}, {4, 6}, {2, 5}, {1}], [{8}, {3, 7}, {4, 6}, {5}, {1, 2}], [{8}, {3, 7}, {5, 6}, {2, 4}, {1}], [{8}, {3, 7}, {6}, {1, 5}, {2, 4}], [{8}, {3, 7}, {6}, {1, 5}, {4}, {2}], [{8}, {4, 7}, {2, 6}, {1, 5}, {3}], [{8}, {4, 7}, {3, 6}, {1, 5}, {2}], [{8}, {4, 7}, {6}, {1, 5}, {2, 3}], [{8}, {4, 7}, {6}, {1, 5}, {3}, {2}], [{8}, {5, 7}, {1, 6}, {2, 4}, {3}], [{8}, {5, 7}, {4, 6}, {3}, {1, 2}], [{8}, {6, 7}, {1, 5}, {2, 4}, {3}], [{8}, {6, 7}, {1, 5}, {3, 4}, {2}], [{8}, {6, 7}, {1, 5}, {4}, {2, 3}], [{8}, {6, 7}, {1, 5}, {4}, {3}, {2}], [{8}, {7}, {1, 6}, {3, 5}, {2, 4}], [{8}, {7}, {1, 6}, {5}, {2, 4}, {3}], [{8}, {7}, {2, 6}, {1, 5}, {3, 4}], [{8}, {7}, {2, 6}, {1, 5}, {4}, {3}], [{8}, {7}, {3, 6}, {1, 5}, {2, 4}], [{8}, {7}, {3, 6}, {1, 5}, {4}, {2}], [{8}, {7}, {4, 6}, {1, 5}, {2, 3}], [{8}, {7}, {4, 6}, {1, 5}, {3}, {2}], [{8}, {7}, {4, 6}, {2, 5}, {1, 3}], [{8}, {7}, {4, 6}, {2, 5}, {3}, {1}], [{8}, {7}, {4, 6}, {3, 5}, {1, 2}], [{8}, {7}, {4, 6}, {5}, {3}, {1, 2}], [{8}, {7}, {5, 6}, {2, 4}, {1, 3}], [{8}, {7}, {5, 6}, {2, 4}, {3}, {1}], [{8}, {7}, {6}, {1, 5}, {2, 4}, {3}], [{8}, {7}, {6}, {1, 5}, {3, 4}, {2}], [{8}, {7}, {6}, {1, 5}, {4}, {2, 3}], [{8}, {7}, {6}, {1, 5}, {4}, {3}, {2}]]",2,24 K_1^3 - 10 K_1^2 - 22 K_1 K_2 - 7 K_1 + 5 K_2 + 5 K_3 + 6,O1O2O3O4U5U4O6U7U2O8O7U1U8U6O5U3,O1O2O3U4U2O5O4U1O6O7U6U8U5U3O8U7,O1O2O3U4O5U1U6U5U7O4O7U3O8O6U2U8,c,{'O1O2O3O4U2O5U6U7U4O8O7U3U8O6U1U5'},1,"<a href=""/flatknot/8.704251"">8.704251</a>",t^9-65t^7-274t^6-252t^5+206t^4+296t^3+32t^2-16t,-t^3+t^2+t,,
8.704252,O1O2O3O4U2O5U6U7U4O8O7U5U1O6U3U8,4,z^3+24z^2+98z+109,w^4z^3-2w^4z^2+26w^3z^2-6w^3z+104w^2z+109w,False,False,"[[ 0 -1 -2  1  2  1 -2  0  1],[ 1  0 -1  1  1  1 -1  0  1],[ 2  1  0  2  1  1  1  1  1],[-1 -1 -2  0  1  2 -3 -2  0],[-2 -1 -1 -1  0  0 -2 -2 -1],[-1 -1 -1 -2  0  0 -1 -1 -1],[ 2  1 -1  3  2  1  0  2  2],[ 0  0 -1  2  2  1 -2  0  1],[-1 -1 -1  0  1  1 -2 -1  0]]","[[ 0  2  1  1  1  0 -1 -2 -2],[-2  0  0 -1 -1 -2 -1 -1 -2],[-1  0  0 -1 -2 -1 -1 -1 -1],[-1  1  1  0  0 -1 -1 -1 -2],[-1  1  2  0  0 -2 -1 -2 -3],[ 0  2  1  1  2  0  0 -1 -2],[ 1  1  1  1  1  0  0 -1 -1],[ 2  1  1  1  2  1  1  0  1],[ 2  2  1  2  3  2  1 -1  0]]",True,"[-2,-1,-1,-1,0,1,2,2,0,1,1,2,1,1,2,1,2,1,1,1,1,0,1,1,1,2,2,1,2,3,0,1,2,1,1,-1]","[-2,-2,-1,0,1,1,1,2,-1,0,1,1,2,2,3,0,0,0,1,2,2,1,1,1,1,2,-1,0,0,0,0,-2,0,-1,0,1]",t^8+54t^6+97t^4+30t^2+1,"[-2,-2,-1,0,1,1,1,2,-1,0,1,1,2,2,3,0,0,0,1,2,2,1,1,1,1,2,-1,0,0,0,0,-2,0,-1,0,1]","[-2,-1,-1,-1,0,1,2,2,0,0,1,0,2,2,3,0,1,0,1,1,2,2,-1,1,0,1,0,1,2,2,1,0,1,0,0,-1]","[-2,-2,-1,0,1,1,1,2,-1,1,2,1,2,3,2,1,1,1,1,2,1,0,1,1,1,1,1,1,2,2,-1,-2,0,0,1,1]",c,"[[{8, 1}, {2, 7}, {3, 6}, {4, 5}], [{8, 1}, {2, 7}, {4, 6}, {3, 5}], [{8, 1}, {2, 7}, {5, 6}, {3, 4}], [{8, 1}, {2, 7}, {6}, {4, 5}, {3}], [{8, 1}, {3, 7}, {2, 6}, {4, 5}], [{8, 1}, {3, 7}, {4, 6}, {2, 5}], [{8, 1}, {3, 7}, {5, 6}, {2, 4}], [{8, 1}, {4, 7}, {2, 6}, {3, 5}], [{8, 1}, {4, 7}, {3, 6}, {2, 5}], [{8, 1}, {4, 7}, {5, 6}, {2, 3}], [{8, 1}, {5, 7}, {2, 6}, {3, 4}], [{8, 1}, {5, 7}, {3, 6}, {2, 4}], [{8, 1}, {5, 7}, {4, 6}, {2, 3}], [{8, 1}, {5, 7}, {4, 6}, {3}, {2}], [{8, 1}, {5, 7}, {6}, {4}, {2, 3}], [{8, 1}, {6, 7}, {2, 5}, {3, 4}], [{8, 1}, {6, 7}, {2, 5}, {4}, {3}], [{8, 1}, {6, 7}, {3, 5}, {2, 4}], [{8, 1}, {6, 7}, {4, 5}, {2, 3}], [{8, 1}, {6, 7}, {4, 5}, {3}, {2}], [{8, 1}, {6, 7}, {5}, {2, 4}, {3}], [{8, 1}, {7}, {2, 6}, {3, 5}, {4}], [{8, 1}, {7}, {2, 6}, {4, 5}, {3}], [{8, 1}, {7}, {2, 6}, {5}, {3, 4}], [{8, 2}, {1, 7}, {3, 6}, {4, 5}], [{8, 2}, {1, 7}, {4, 6}, {3, 5}], [{8, 2}, {1, 7}, {5, 6}, {3, 4}], [{8, 2}, {1, 7}, {6}, {4, 5}, {3}], [{8, 2}, {3, 7}, {1, 6}, {4, 5}], [{8, 2}, {3, 7}, {4, 6}, {1, 5}], [{8, 2}, {3, 7}, {5, 6}, {1, 4}], [{8, 2}, {4, 7}, {1, 6}, {3, 5}], [{8, 2}, {4, 7}, {3, 6}, {1, 5}], [{8, 2}, {4, 7}, {5, 6}, {1, 3}], [{8, 2}, {4, 7}, {6}, {1, 5}, {3}], [{8, 2}, {5, 7}, {1, 6}, {3, 4}], [{8, 2}, {5, 7}, {3, 6}, {1, 4}], [{8, 2}, {5, 7}, {4, 6}, {1, 3}], [{8, 2}, {5, 7}, {6}, {1, 4}, {3}], [{8, 2}, {5, 7}, {6}, {3, 4}, {1}], [{8, 2}, {5, 7}, {6}, {4}, {1, 3}], [{8, 2}, {6, 7}, {1, 5}, {3, 4}], [{8, 2}, {6, 7}, {3, 5}, {1, 4}], [{8, 2}, {6, 7}, {4, 5}, {1, 3}], [{8, 2}, {7}, {3, 6}, {5}, {1, 4}], [{8, 3}, {1, 7}, {2, 6}, {4, 5}], [{8, 3}, {1, 7}, {4, 6}, {2, 5}], [{8, 3}, {1, 7}, {5, 6}, {2, 4}], [{8, 3}, {1, 7}, {5, 6}, {4}, {2}], [{8, 3}, {2, 7}, {1, 6}, {4, 5}], [{8, 3}, {2, 7}, {4, 6}, {1, 5}], [{8, 3}, {2, 7}, {5, 6}, {1, 4}], [{8, 3}, {4, 7}, {1, 6}, {2, 5}], [{8, 3}, {4, 7}, {2, 6}, {1, 5}], [{8, 3}, {4, 7}, {5, 6}, {1, 2}], [{8, 3}, {5, 7}, {1, 6}, {2, 4}], [{8, 3}, {5, 7}, {1, 6}, {4}, {2}], [{8, 3}, {5, 7}, {2, 6}, {1, 4}], [{8, 3}, {5, 7}, {4, 6}, {1, 2}], [{8, 3}, {6, 7}, {1, 5}, {2, 4}], [{8, 3}, {6, 7}, {1, 5}, {4}, {2}], [{8, 3}, {6, 7}, {2, 5}, {1, 4}], [{8, 3}, {6, 7}, {4, 5}, {1, 2}], [{8, 4}, {1, 7}, {2, 6}, {3, 5}], [{8, 4}, {1, 7}, {3, 6}, {2, 5}], [{8, 4}, {1, 7}, {5, 6}, {2, 3}], [{8, 4}, {1, 7}, {6}, {2, 5}, {3}], [{8, 4}, {2, 7}, {1, 6}, {3, 5}], [{8, 4}, {2, 7}, {3, 6}, {1, 5}], [{8, 4}, {2, 7}, {5, 6}, {1, 3}], [{8, 4}, {3, 7}, {1, 6}, {2, 5}], [{8, 4}, {3, 7}, {2, 6}, {1, 5}], [{8, 4}, {3, 7}, {2, 6}, {5}, {1}], [{8, 4}, {3, 7}, {5, 6}, {1, 2}], [{8, 4}, {5, 7}, {1, 6}, {2, 3}], [{8, 4}, {5, 7}, {1, 6}, {3}, {2}], [{8, 4}, {5, 7}, {2, 6}, {1, 3}], [{8, 4}, {5, 7}, {3, 6}, {1, 2}], [{8, 4}, {6, 7}, {1, 5}, {2, 3}], [{8, 4}, {6, 7}, {2, 5}, {1, 3}], [{8, 4}, {6, 7}, {3, 5}, {1, 2}], [{8, 4}, {7}, {3, 6}, {2, 5}, {1}], [{8, 5}, {1, 7}, {2, 6}, {3, 4}], [{8, 5}, {1, 7}, {2, 6}, {4}, {3}], [{8, 5}, {1, 7}, {3, 6}, {2, 4}], [{8, 5}, {1, 7}, {4, 6}, {2, 3}], [{8, 5}, {1, 7}, {4, 6}, {3}, {2}], [{8, 5}, {1, 7}, {6}, {2, 4}, {3}], [{8, 5}, {2, 7}, {1, 6}, {3, 4}], [{8, 5}, {2, 7}, {3, 6}, {1, 4}], [{8, 5}, {2, 7}, {4, 6}, {1, 3}], [{8, 5}, {2, 7}, {6}, {4}, {1, 3}], [{8, 5}, {3, 7}, {1, 6}, {2, 4}], [{8, 5}, {3, 7}, {2, 6}, {1, 4}], [{8, 5}, {3, 7}, {4, 6}, {1, 2}], [{8, 5}, {3, 7}, {6}, {2, 4}, {1}], [{8, 5}, {4, 7}, {1, 6}, {2, 3}], [{8, 5}, {4, 7}, {1, 6}, {3}, {2}], [{8, 5}, {4, 7}, {2, 6}, {1, 3}], [{8, 5}, {4, 7}, {3, 6}, {1, 2}], [{8, 5}, {4, 7}, {3, 6}, {2}, {1}], [{8, 5}, {4, 7}, {6}, {1, 3}, {2}], [{8, 5}, {6, 7}, {1, 4}, {2, 3}], [{8, 5}, {6, 7}, {2, 4}, {1, 3}], [{8, 5}, {6, 7}, {3, 4}, {1, 2}], [{8, 5}, {6, 7}, {3, 4}, {2}, {1}], [{8, 5}, {7}, {6}, {2, 4}, {1, 3}], [{8, 6}, {1, 7}, {2, 5}, {3, 4}], [{8, 6}, {1, 7}, {3, 5}, {2, 4}], [{8, 6}, {1, 7}, {4, 5}, {2, 3}], [{8, 6}, {1, 7}, {5}, {2, 4}, {3}], [{8, 6}, {2, 7}, {1, 5}, {3, 4}], [{8, 6}, {2, 7}, {3, 5}, {1, 4}], [{8, 6}, {2, 7}, {4, 5}, {1, 3}], [{8, 6}, {3, 7}, {1, 5}, {2, 4}], [{8, 6}, {3, 7}, {2, 5}, {1, 4}], [{8, 6}, {3, 7}, {4, 5}, {1, 2}], [{8, 6}, {3, 7}, {5}, {2, 4}, {1}], [{8, 6}, {4, 7}, {1, 5}, {2, 3}], [{8, 6}, {4, 7}, {2, 5}, {1, 3}], [{8, 6}, {4, 7}, {3, 5}, {1, 2}], [{8, 6}, {5, 7}, {1, 4}, {2, 3}], [{8, 6}, {5, 7}, {2, 4}, {1, 3}], [{8, 6}, {5, 7}, {3, 4}, {1, 2}], [{8, 6}, {7}, {2, 5}, {4}, {1, 3}], [{8, 6}, {7}, {4, 5}, {1, 3}, {2}], [{8, 6}, {7}, {5}, {1, 4}, {2, 3}], [{8, 6}, {7}, {5}, {2, 4}, {1, 3}], [{8, 7}, {1, 6}, {2, 5}, {3, 4}], [{8, 7}, {1, 6}, {3, 5}, {2, 4}], [{8, 7}, {1, 6}, {4, 5}, {2, 3}], [{8, 7}, {2, 6}, {1, 5}, {3, 4}], [{8, 7}, {2, 6}, {3, 5}, {1, 4}], [{8, 7}, {2, 6}, {4, 5}, {1, 3}], [{8, 7}, {2, 6}, {5}, {3, 4}, {1}], [{8, 7}, {3, 6}, {1, 5}, {2, 4}], [{8, 7}, {3, 6}, {2, 5}, {1, 4}], [{8, 7}, {3, 6}, {4, 5}, {1, 2}], [{8, 7}, {4, 6}, {1, 5}, {2, 3}], [{8, 7}, {4, 6}, {1, 5}, {3}, {2}], [{8, 7}, {4, 6}, {2, 5}, {1, 3}], [{8, 7}, {4, 6}, {3, 5}, {1, 2}], [{8, 7}, {5, 6}, {1, 4}, {2, 3}], [{8, 7}, {5, 6}, {2, 4}, {1, 3}], [{8, 7}, {5, 6}, {3, 4}, {1, 2}], [{8, 7}, {6}, {4, 5}, {3}, {1, 2}], [{8}, {1, 7}, {2, 6}, {5}, {3, 4}], [{8}, {1, 7}, {3, 6}, {2, 5}, {4}], [{8}, {1, 7}, {5, 6}, {2, 4}, {3}], [{8}, {2, 7}, {6}, {3, 5}, {1, 4}], [{8}, {3, 7}, {1, 6}, {2, 5}, {4}], [{8}, {3, 7}, {4, 6}, {2, 5}, {1}], [{8}, {3, 7}, {5, 6}, {2, 4}, {1}], [{8}, {3, 7}, {6}, {2, 5}, {1, 4}], [{8}, {4, 7}, {3, 6}, {5}, {1, 2}], [{8}, {5, 7}, {1, 6}, {3, 4}, {2}], [{8}, {5, 7}, {3, 6}, {1, 4}, {2}], [{8}, {5, 7}, {3, 6}, {2, 4}, {1}], [{8}, {5, 7}, {3, 6}, {4}, {1, 2}], [{8}, {7}, {1, 6}, {3, 5}, {2, 4}], [{8}, {7}, {1, 6}, {4, 5}, {2, 3}], [{8}, {7}, {3, 6}, {4, 5}, {1, 2}], [{8}, {7}, {5, 6}, {2, 4}, {1, 3}]]",2,4 K_1^3 - 22 K_1^2 - 16 K_1 K_2 + 5 K_1 + 11 K_2 + 7 K_3 + 12,O1O2O3O4U5U2O6U4U7O8O5U1U8U6O7U3,O1O2O3U4U2O5O6U1O7O4U6U8U7U3O8U5,O1O2O3U4O5U1U6U5U7O8O6U3O7O4U2U8,c,{'O1O2O3O4U2O5U6U7U4O8O7U5U1O6U3U8'},1,"<a href=""/flatknot/8.704252"">8.704252</a>",t^9-56t^7-208t^6-150t^5+326t^4+371t^3-146t^2-150t+32,t^2-2t,,
8.704253,O1O2O3O4U2O5U6U7U4O8O7U5U1O6U8U3,4,3z^3+32z^2+92z+81,3w^4z^3+32w^3z^2+92w^2z+81w,False,False,"[[ 0 -1 -2  2  2  1 -2  0  0],[ 1  0 -1  2  1  1 -1  0  0],[ 2  1  0  2  1  1  1  1  0],[-2 -2 -2  0  1  1 -3 -2 -1],[-2 -1 -1 -1  0  0 -2 -2 -1],[-1 -1 -1 -1  0  0 -1 -1 -1],[ 2  1 -1  3  2  1  0  2  1],[ 0  0 -1  2  2  1 -2  0  0],[ 0  0  0  1  1  1 -1  0  0]]","[[ 0  2  2  1  0  0 -1 -2 -2],[-2  0  1  1 -1 -2 -2 -2 -3],[-2 -1  0  0 -1 -2 -1 -1 -2],[-1 -1  0  0 -1 -1 -1 -1 -1],[ 0  1  1  1  0  0  0  0 -1],[ 0  2  2  1  0  0  0 -1 -2],[ 1  2  1  1  0  0  0 -1 -1],[ 2  2  1  1  0  1  1  0  1],[ 2  3  2  1  1  2  1 -1  0]]",True,"[-2,-2,-1,0,0,1,2,2,-1,-1,1,2,2,2,3,0,1,2,1,1,2,1,1,1,1,1,0,0,0,1,0,1,2,1,1,-1]","[-2,-2,-1,0,0,1,2,2,-1,-1,1,2,2,2,3,0,1,2,1,1,2,1,1,1,1,1,0,0,0,1,0,1,2,1,1,-1]",t^8+49t^6+84t^4+29t^2+1,"[-2,-2,-1,0,0,1,2,2,-1,0,1,2,2,2,3,0,0,1,2,1,2,1,1,1,1,2,0,0,0,0,0,1,1,2,1,-1]","[-2,-2,-1,0,0,1,2,2,-1,1,0,1,2,2,3,2,0,1,1,1,2,0,0,1,2,2,0,1,0,1,1,1,2,0,0,-1]","[-2,-2,-1,0,0,1,2,2,-1,1,1,2,1,2,3,1,0,1,1,1,2,0,0,1,1,2,0,1,1,1,1,2,2,0,-1,-1]",c,"[[{8, 1}, {5, 7}, {2, 6}, {3, 4}], [{8, 4}, {3, 7}, {5, 6}, {1, 2}], [{8, 5}, {1, 7}, {2, 6}, {3, 4}]]",1,8 K_1^3 - 8 K_1^2 - 12 K_1 K_2 + 4 K_2 + 4 K_3 + 5,O1O2O3O4U2U5O6U4U7O8O5U1U8U6O7U3,O1O2O3U4U2O5O6U1O4O7U6U8U7U3O8U5,O1O2O3U4O5U1U6U5U7O6O8U3O7O4U2U8,c,{'O1O2O3O4U2O5U6U7U4O8O7U5U1O6U8U3'},1,"<a href=""/flatknot/8.704253"">8.704253</a>",t^9-49t^7-178t^6-102t^5+318t^4+387t^3+18t^2-89t-22,0,,
8.704254,O1O2O3O4U2O5U6U7U4O8O7U5U3O6U1U8,4,z^3+18z^2+100z+137,w^4z^3+18w^3z^2+100w^2z+137w,False,False,"[[ 0 -1 -2  1  2  1 -2  0  1],[ 1  0 -2  2  2  2 -2  0  1],[ 2  2  0  2  1  1  0  1  1],[-1 -2 -2  0  0  1 -3 -2  0],[-2 -2 -1  0  0  0 -2 -2 -1],[-1 -2 -1 -1  0  0 -1 -1 -1],[ 2  2  0  3  2  1  0  2  2],[ 0  0 -1  2  2  1 -2  0  1],[-1 -1 -1  0  1  1 -2 -1  0]]","[[ 0  2  1  1  1  0 -1 -2 -2],[-2  0  0  0 -1 -2 -2 -1 -2],[-1  0  0  1  0 -2 -2 -2 -3],[-1  0 -1  0 -1 -1 -2 -1 -1],[-1  1  0  1  0 -1 -1 -1 -2],[ 0  2  2  1  1  0  0 -1 -2],[ 1  2  2  2  1  0  0 -2 -2],[ 2  1  2  1  1  1  2  0  0],[ 2  2  3  1  2  2  2  0  0]]",True,"[-2,-1,-1,-1,0,1,2,2,0,0,1,2,2,1,2,-1,0,2,2,2,3,1,1,2,1,1,1,1,1,2,0,1,2,2,2,0]","[-2,-2,-1,0,1,1,1,2,0,-1,0,0,1,2,2,-1,1,1,2,2,3,1,0,1,0,1,-1,0,0,0,0,-1,1,-1,0,1]",t^8+64t^6+120t^4+48t^2+1,"[-2,-2,-1,0,1,1,1,2,0,-1,0,0,1,2,2,-1,1,1,2,2,3,1,0,1,0,1,-1,0,0,0,0,-1,1,-1,0,1]","[-2,-1,-1,-1,0,1,2,2,0,1,1,0,1,2,3,0,1,0,1,1,2,1,-1,0,0,1,0,0,2,2,1,0,1,-1,-1,0]","[-2,-2,-1,0,1,1,1,2,0,2,1,1,1,2,1,2,2,1,2,3,2,0,2,1,2,2,1,1,2,2,-1,-1,0,0,1,0]",c,"[[{8, 1}, {3, 7}, {5, 6}, {2, 4}], [{8, 1}, {5, 7}, {3, 6}, {2, 4}], [{8, 1}, {6, 7}, {3, 5}, {2, 4}]]",1,- 8 K_1^4 + 20 K_1^3 + 20 K_1^2 K_2 - 40 K_1^2 - 28 K_1 K_2 - 10 K_1 K_3 - K_1 - 4 K_2^2 + 19 K_2 + 9 K_3 + 3 K_4 + 21,O1O2O3O4U5U4O6U2U7O8O5U1U8U6O7U3,O1O2O3U4U2O5O6U1O7O4U7U8U6U3O8U5,O1O2O3U4O5U1U6U5U7O8O7U3O6O4U2U8,c,{'O1O2O3O4U2O5U6U7U4O8O7U5U3O6U1U8'},1,"<a href=""/flatknot/8.704254"">8.704254</a>",t^9-66t^7-220t^6+15t^5+382t^4+11t^3-80t^2+102t+42,t^2-2t,,
8.704255,O1O2O3O4U2O5U6U7U4O8O7U5U8O6U1U3,4,10z^2+95z+151,10w^3z^2+95w^2z+151w,False,False,"[[ 0 -1 -2  2  2  1 -2  0  0],[ 1  0 -1  2  2  1 -1  1  0],[ 2  1  0  2  1  1  1  1  0],[-2 -2 -2  0  1  1 -4 -2  0],[-2 -2 -1 -1  0  0 -2 -2  0],[-1 -1 -1 -1  0  0 -2 -1  0],[ 2  1 -1  4  2  2  0  1  1],[ 0 -1 -1  2  2  1 -1  0  0],[ 0  0  0  0  0  0 -1  0  0]]","[[ 0  2  2  1  0  0 -1 -2 -2],[-2  0  1  1  0 -2 -2 -2 -4],[-2 -1  0  0  0 -2 -2 -1 -2],[-1 -1  0  0  0 -1 -1 -1 -2],[ 0  0  0  0  0  0  0  0 -1],[ 0  2  2  1  0  0 -1 -1 -1],[ 1  2  2  1  0  1  0 -1 -1],[ 2  2  1  1  0  1  1  0  1],[ 2  4  2  2  1  1  1 -1  0]]",True,"[-2,-2,-1,0,0,1,2,2,-1,-1,0,2,2,2,4,0,0,2,2,1,2,0,1,1,1,2,0,0,0,1,1,1,1,1,1,-1]","[-2,-2,-1,0,0,1,2,2,-1,-1,0,2,2,2,4,0,0,2,2,1,2,0,1,1,1,2,0,0,0,1,1,1,1,1,1,-1]",t^8+57t^6+102t^4+20t^2,"[-2,-2,-1,0,0,1,2,2,-1,0,1,2,2,2,3,0,1,1,1,0,2,0,1,1,1,1,0,0,0,0,1,2,2,2,1,-1]","[-2,-2,-1,0,0,1,2,2,-1,1,0,2,1,2,3,2,0,2,1,0,2,0,1,1,1,2,0,0,1,1,1,1,2,0,0,-1]","[-2,-2,-1,0,0,1,2,2,-1,1,1,1,2,2,4,1,0,1,1,1,2,0,1,1,2,2,0,0,0,0,1,2,2,0,-1,-1]",c,"[[{8, 1}, {2, 7}, {3, 6}, {4, 5}], [{8, 1}, {2, 7}, {4, 6}, {3, 5}], [{8, 1}, {2, 7}, {5, 6}, {3, 4}], [{8, 1}, {3, 7}, {2, 6}, {4, 5}], [{8, 1}, {3, 7}, {4, 6}, {2, 5}], [{8, 1}, {3, 7}, {5, 6}, {2, 4}], [{8, 1}, {4, 7}, {2, 6}, {3, 5}], [{8, 1}, {4, 7}, {3, 6}, {2, 5}], [{8, 1}, {4, 7}, {5, 6}, {2, 3}], [{8, 1}, {5, 7}, {2, 6}, {3, 4}], [{8, 1}, {5, 7}, {3, 6}, {2, 4}], [{8, 1}, {5, 7}, {4, 6}, {2, 3}], [{8, 1}, {5, 7}, {6}, {4}, {2, 3}], [{8, 1}, {6, 7}, {2, 5}, {3, 4}], [{8, 1}, {6, 7}, {3, 5}, {2, 4}], [{8, 1}, {6, 7}, {4, 5}, {2, 3}], [{8, 1}, {6, 7}, {4, 5}, {3}, {2}], [{8, 2}, {1, 7}, {3, 6}, {4, 5}], [{8, 2}, {1, 7}, {4, 6}, {3, 5}], [{8, 2}, {1, 7}, {5, 6}, {3, 4}], [{8, 2}, {3, 7}, {1, 6}, {4, 5}], [{8, 2}, {3, 7}, {1, 6}, {5}, {4}], [{8, 2}, {3, 7}, {4, 6}, {1, 5}], [{8, 2}, {3, 7}, {4, 6}, {5}, {1}], [{8, 2}, {3, 7}, {5, 6}, {1, 4}], [{8, 2}, {3, 7}, {5, 6}, {4}, {1}], [{8, 2}, {3, 7}, {6}, {1, 5}, {4}], [{8, 2}, {3, 7}, {6}, {4, 5}, {1}], [{8, 2}, {3, 7}, {6}, {5}, {1, 4}], [{8, 2}, {4, 7}, {1, 6}, {3, 5}], [{8, 2}, {4, 7}, {3, 6}, {1, 5}], [{8, 2}, {4, 7}, {5, 6}, {1, 3}], [{8, 2}, {5, 7}, {1, 6}, {3, 4}], [{8, 2}, {5, 7}, {3, 6}, {1, 4}], [{8, 2}, {5, 7}, {3, 6}, {4}, {1}], [{8, 2}, {5, 7}, {4, 6}, {1, 3}], [{8, 2}, {5, 7}, {6}, {1, 4}, {3}], [{8, 2}, {6, 7}, {1, 5}, {3, 4}], [{8, 2}, {6, 7}, {3, 5}, {1, 4}], [{8, 2}, {6, 7}, {4, 5}, {1, 3}], [{8, 2}, {6, 7}, {5}, {1, 4}, {3}], [{8, 2}, {6, 7}, {5}, {3, 4}, {1}], [{8, 2}, {6, 7}, {5}, {4}, {1, 3}], [{8, 2}, {7}, {1, 6}, {4, 5}, {3}], [{8, 2}, {7}, {3, 6}, {5}, {1, 4}], [{8, 2}, {7}, {4, 6}, {1, 5}, {3}], [{8, 2}, {7}, {5, 6}, {1, 4}, {3}], [{8, 2}, {7}, {6}, {3, 5}, {1, 4}], [{8, 2}, {7}, {6}, {5}, {1, 4}, {3}], [{8, 3}, {1, 7}, {2, 6}, {4, 5}], [{8, 3}, {1, 7}, {4, 6}, {2, 5}], [{8, 3}, {1, 7}, {5, 6}, {2, 4}], [{8, 3}, {2, 7}, {1, 6}, {4, 5}], [{8, 3}, {2, 7}, {4, 6}, {1, 5}], [{8, 3}, {2, 7}, {5, 6}, {1, 4}], [{8, 3}, {2, 7}, {5, 6}, {4}, {1}], [{8, 3}, {4, 7}, {1, 6}, {2, 5}], [{8, 3}, {4, 7}, {2, 6}, {1, 5}], [{8, 3}, {4, 7}, {5, 6}, {1, 2}], [{8, 3}, {5, 7}, {1, 6}, {2, 4}], [{8, 3}, {5, 7}, {2, 6}, {1, 4}], [{8, 3}, {5, 7}, {2, 6}, {4}, {1}], [{8, 3}, {5, 7}, {4, 6}, {1, 2}], [{8, 3}, {5, 7}, {6}, {1, 4}, {2}], [{8, 3}, {6, 7}, {1, 5}, {2, 4}], [{8, 3}, {6, 7}, {2, 5}, {1, 4}], [{8, 3}, {6, 7}, {4, 5}, {1, 2}], [{8, 3}, {7}, {2, 6}, {5}, {1, 4}], [{8, 3}, {7}, {4, 6}, {1, 5}, {2}], [{8, 4}, {1, 7}, {2, 6}, {3, 5}], [{8, 4}, {1, 7}, {3, 6}, {2, 5}], [{8, 4}, {1, 7}, {5, 6}, {2, 3}], [{8, 4}, {1, 7}, {6}, {5}, {2, 3}], [{8, 4}, {2, 7}, {1, 6}, {3, 5}], [{8, 4}, {2, 7}, {3, 6}, {1, 5}], [{8, 4}, {2, 7}, {5, 6}, {1, 3}], [{8, 4}, {2, 7}, {6}, {1, 5}, {3}], [{8, 4}, {3, 7}, {1, 6}, {2, 5}], [{8, 4}, {3, 7}, {2, 6}, {1, 5}], [{8, 4}, {3, 7}, {5, 6}, {1, 2}], [{8, 4}, {3, 7}, {6}, {1, 5}, {2}], [{8, 4}, {5, 7}, {1, 6}, {2, 3}], [{8, 4}, {5, 7}, {2, 6}, {1, 3}], [{8, 4}, {5, 7}, {3, 6}, {1, 2}], [{8, 4}, {5, 7}, {6}, {2, 3}, {1}], [{8, 4}, {6, 7}, {1, 5}, {2, 3}], [{8, 4}, {6, 7}, {2, 5}, {1, 3}], [{8, 4}, {6, 7}, {3, 5}, {1, 2}], [{8, 4}, {7}, {1, 6}, {2, 5}, {3}], [{8, 4}, {7}, {5, 6}, {3}, {1, 2}], [{8, 4}, {7}, {6}, {1, 5}, {2, 3}], [{8, 5}, {1, 7}, {2, 6}, {3, 4}], [{8, 5}, {1, 7}, {3, 6}, {2, 4}], [{8, 5}, {1, 7}, {4, 6}, {2, 3}], [{8, 5}, {2, 7}, {1, 6}, {3, 4}], [{8, 5}, {2, 7}, {3, 6}, {1, 4}], [{8, 5}, {2, 7}, {4, 6}, {1, 3}], [{8, 5}, {2, 7}, {6}, {1, 4}, {3}], [{8, 5}, {3, 7}, {1, 6}, {2, 4}], [{8, 5}, {3, 7}, {2, 6}, {1, 4}], [{8, 5}, {3, 7}, {4, 6}, {1, 2}], [{8, 5}, {4, 7}, {1, 6}, {2, 3}], [{8, 5}, {4, 7}, {2, 6}, {1, 3}], [{8, 5}, {4, 7}, {3, 6}, {1, 2}], [{8, 5}, {6, 7}, {1, 4}, {2, 3}], [{8, 5}, {6, 7}, {1, 4}, {3}, {2}], [{8, 5}, {6, 7}, {2, 4}, {1, 3}], [{8, 5}, {6, 7}, {3, 4}, {1, 2}], [{8, 5}, {6, 7}, {4}, {2, 3}, {1}], [{8, 5}, {7}, {2, 6}, {1, 4}, {3}], [{8, 5}, {7}, {4, 6}, {3}, {1, 2}], [{8, 6}, {1, 7}, {2, 5}, {3, 4}], [{8, 6}, {1, 7}, {3, 5}, {2, 4}], [{8, 6}, {1, 7}, {4, 5}, {2, 3}], [{8, 6}, {1, 7}, {5}, {4}, {2, 3}], [{8, 6}, {2, 7}, {1, 5}, {3, 4}], [{8, 6}, {2, 7}, {3, 5}, {1, 4}], [{8, 6}, {2, 7}, {4, 5}, {1, 3}], [{8, 6}, {2, 7}, {5}, {1, 4}, {3}], [{8, 6}, {3, 7}, {1, 5}, {2, 4}], [{8, 6}, {3, 7}, {2, 5}, {1, 4}], [{8, 6}, {3, 7}, {4, 5}, {1, 2}], [{8, 6}, {3, 7}, {5}, {1, 4}, {2}], [{8, 6}, {4, 7}, {1, 5}, {2, 3}], [{8, 6}, {4, 7}, {2, 5}, {1, 3}], [{8, 6}, {4, 7}, {3, 5}, {1, 2}], [{8, 6}, {4, 7}, {5}, {2, 3}, {1}], [{8, 6}, {5, 7}, {1, 4}, {2, 3}], [{8, 6}, {5, 7}, {1, 4}, {3}, {2}], [{8, 6}, {5, 7}, {2, 4}, {1, 3}], [{8, 6}, {5, 7}, {3, 4}, {1, 2}], [{8, 6}, {5, 7}, {4}, {2, 3}, {1}], [{8, 6}, {7}, {1, 5}, {4}, {2, 3}], [{8, 6}, {7}, {2, 5}, {1, 4}, {3}], [{8, 6}, {7}, {3, 5}, {1, 4}, {2}], [{8, 6}, {7}, {4, 5}, {2, 3}, {1}], [{8, 6}, {7}, {5}, {1, 4}, {2, 3}], [{8, 6}, {7}, {5}, {1, 4}, {3}, {2}], [{8, 6}, {7}, {5}, {2, 4}, {1, 3}], [{8, 6}, {7}, {5}, {3, 4}, {1, 2}], [{8, 6}, {7}, {5}, {4}, {2, 3}, {1}], [{8, 7}, {1, 6}, {2, 5}, {3, 4}], [{8, 7}, {1, 6}, {3, 5}, {2, 4}], [{8, 7}, {1, 6}, {4, 5}, {2, 3}], [{8, 7}, {2, 6}, {1, 5}, {3, 4}], [{8, 7}, {2, 6}, {3, 5}, {1, 4}], [{8, 7}, {2, 6}, {4, 5}, {1, 3}], [{8, 7}, {2, 6}, {5}, {1, 4}, {3}], [{8, 7}, {3, 6}, {1, 5}, {2, 4}], [{8, 7}, {3, 6}, {2, 5}, {1, 4}], [{8, 7}, {3, 6}, {4, 5}, {1, 2}], [{8, 7}, {4, 6}, {1, 5}, {2, 3}], [{8, 7}, {4, 6}, {2, 5}, {1, 3}], [{8, 7}, {4, 6}, {3, 5}, {1, 2}], [{8, 7}, {4, 6}, {5}, {1, 3}, {2}], [{8, 7}, {5, 6}, {1, 4}, {2, 3}], [{8, 7}, {5, 6}, {1, 4}, {3}, {2}], [{8, 7}, {5, 6}, {2, 4}, {1, 3}], [{8, 7}, {5, 6}, {3, 4}, {1, 2}], [{8, 7}, {5, 6}, {4}, {2, 3}, {1}], [{8, 7}, {6}, {2, 5}, {1, 4}, {3}], [{8, 7}, {6}, {4, 5}, {3}, {1, 2}], [{8}, {1, 7}, {4, 6}, {5}, {2, 3}], [{8}, {2, 7}, {3, 6}, {1, 5}, {4}], [{8}, {2, 7}, {4, 6}, {3, 5}, {1}], [{8}, {2, 7}, {5, 6}, {1, 4}, {3}], [{8}, {3, 7}, {2, 6}, {5}, {1, 4}], [{8}, {3, 7}, {6}, {1, 5}, {2, 4}], [{8}, {4, 7}, {3, 6}, {1, 5}, {2}], [{8}, {4, 7}, {5, 6}, {1, 3}, {2}], [{8}, {5, 7}, {1, 6}, {4}, {2, 3}], [{8}, {5, 7}, {2, 6}, {1, 4}, {3}], [{8}, {5, 7}, {3, 6}, {1, 4}, {2}], [{8}, {5, 7}, {4, 6}, {2, 3}, {1}], [{8}, {5, 7}, {6}, {1, 4}, {2, 3}], [{8}, {5, 7}, {6}, {1, 4}, {3}, {2}], [{8}, {5, 7}, {6}, {2, 4}, {1, 3}], [{8}, {5, 7}, {6}, {3, 4}, {1, 2}], [{8}, {5, 7}, {6}, {4}, {2, 3}, {1}], [{8}, {6, 7}, {1, 5}, {2, 4}, {3}], [{8}, {6, 7}, {2, 5}, {1, 4}, {3}], [{8}, {6, 7}, {3, 5}, {4}, {1, 2}], [{8}, {7}, {2, 6}, {1, 5}, {3, 4}], [{8}, {7}, {2, 6}, {3, 5}, {1, 4}], [{8}, {7}, {2, 6}, {4, 5}, {1, 3}], [{8}, {7}, {2, 6}, {5}, {1, 4}, {3}], [{8}, {7}, {3, 6}, {1, 5}, {2, 4}], [{8}, {7}, {4, 6}, {1, 5}, {2, 3}]]",2,16 K_1^3 + 16 K_1^2 K_2 - 48 K_1^2 - 40 K_1 K_2 - 8 K_1 K_3 + 8 K_1 - 8 K_2^2 + 20 K_2 + 16 K_3 + 4 K_4 + 25,O1O2O3O4U2U4O5U6U7O8O6U1U8U5O7U3,O1O2O3U4U2O5O4U1O6O7U6U8U7U3O8U5,O1O2O3U4O5U1U6U5U7O6O7U3O8O4U2U8,c,{'O1O2O3O4U2O5U6U7U4O8O7U5U8O6U1U3'},1,"<a href=""/flatknot/8.704255"">8.704255</a>",t^9-57t^7-202t^6-142t^5+246t^4+284t^3-52t^2-88t+6,0,,
8.704256,O1O2O3O4U2O5U6U7U4O8O7U8U3O6U1U5,4,5z^3+37z^2+91z+75,5w^4z^3+37w^3z^2+91w^2z+75w,False,False,"[[ 0 -1 -2  1  2  3 -2  0 -1],[ 1  0 -2  2  3  3 -1  1 -1],[ 2  2  0  2  1  2  0  1  0],[-1 -2 -2  0  1  1 -2 -1 -1],[-2 -3 -1 -1  0 -1 -1 -2 -1],[-3 -3 -2 -1  1  0 -3 -2 -1],[ 2  1  0  2  1  3  0  1  0],[ 0 -1 -1  1  2  2 -1  0 -1],[ 1  1  0  1  1  1  0  1  0]]","[[ 0  3  2  1  0 -1 -1 -2 -2],[-3  0  1 -1 -2 -1 -3 -2 -3],[-2 -1  0 -1 -2 -1 -3 -1 -1],[-1  1  1  0 -1 -1 -2 -2 -2],[ 0  2  2  1  0 -1 -1 -1 -1],[ 1  1  1  1  1  0  1  0  0],[ 1  3  3  2  1 -1  0 -2 -1],[ 2  2  1  2  1  0  2  0  0],[ 2  3  1  2  1  0  1  0  0]]",True,"[-3,-2,-1,0,1,1,2,2,-1,1,2,1,3,2,3,1,2,1,3,1,1,1,1,2,2,2,1,1,1,1,-1,0,0,2,1,0]","[-3,-2,-1,0,1,1,2,2,-1,1,2,1,3,2,3,1,2,1,3,1,1,1,1,2,2,2,1,1,1,1,-1,0,0,2,1,0]",t^8+70t^6+141t^4+48t^2+1,"[-2,-2,-1,-1,0,1,2,3,0,-1,1,1,1,3,3,0,1,1,1,3,2,1,0,0,0,1,0,1,2,3,0,0,1,0,1,2]","[-3,-2,-1,0,1,1,2,2,2,1,1,1,3,2,3,0,0,0,2,3,3,0,0,1,1,1,0,0,1,1,-1,0,-1,1,1,0]","[-2,-2,-1,-1,0,1,2,3,0,0,1,1,2,1,3,0,2,1,2,1,2,1,1,1,1,1,1,2,3,3,1,2,2,1,1,-1]",c,"[[{8, 1}, {2, 7}, {3, 6}, {4, 5}], [{8, 1}, {2, 7}, {4, 6}, {3, 5}], [{8, 1}, {2, 7}, {5, 6}, {3, 4}], [{8, 1}, {2, 7}, {6}, {3, 5}, {4}], [{8, 1}, {3, 7}, {2, 6}, {4, 5}], [{8, 1}, {3, 7}, {2, 6}, {5}, {4}], [{8, 1}, {3, 7}, {4, 6}, {2, 5}], [{8, 1}, {3, 7}, {5, 6}, {2, 4}], [{8, 1}, {3, 7}, {5, 6}, {4}, {2}], [{8, 1}, {3, 7}, {6}, {2, 5}, {4}], [{8, 1}, {4, 7}, {2, 6}, {3, 5}], [{8, 1}, {4, 7}, {3, 6}, {2, 5}], [{8, 1}, {4, 7}, {5, 6}, {2, 3}], [{8, 1}, {5, 7}, {2, 6}, {3, 4}], [{8, 1}, {5, 7}, {3, 6}, {2, 4}], [{8, 1}, {5, 7}, {4, 6}, {2, 3}], [{8, 1}, {5, 7}, {6}, {2, 4}, {3}], [{8, 1}, {6, 7}, {2, 5}, {3, 4}], [{8, 1}, {6, 7}, {3, 5}, {2, 4}], [{8, 1}, {6, 7}, {4, 5}, {2, 3}], [{8, 1}, {7}, {3, 6}, {5}, {2, 4}], [{8, 2}, {1, 7}, {3, 6}, {4, 5}], [{8, 2}, {1, 7}, {4, 6}, {3, 5}], [{8, 2}, {1, 7}, {5, 6}, {3, 4}], [{8, 2}, {3, 7}, {1, 6}, {4, 5}], [{8, 2}, {3, 7}, {1, 6}, {5}, {4}], [{8, 2}, {3, 7}, {4, 6}, {1, 5}], [{8, 2}, {3, 7}, {5, 6}, {1, 4}], [{8, 2}, {3, 7}, {5, 6}, {4}, {1}], [{8, 2}, {3, 7}, {6}, {1, 5}, {4}], [{8, 2}, {4, 7}, {1, 6}, {3, 5}], [{8, 2}, {4, 7}, {1, 6}, {5}, {3}], [{8, 2}, {4, 7}, {3, 6}, {1, 5}], [{8, 2}, {4, 7}, {5, 6}, {1, 3}], [{8, 2}, {5, 7}, {1, 6}, {3, 4}], [{8, 2}, {5, 7}, {1, 6}, {4}, {3}], [{8, 2}, {5, 7}, {3, 6}, {1, 4}], [{8, 2}, {5, 7}, {4, 6}, {1, 3}], [{8, 2}, {6, 7}, {1, 5}, {3, 4}], [{8, 2}, {6, 7}, {1, 5}, {4}, {3}], [{8, 2}, {6, 7}, {3, 5}, {1, 4}], [{8, 2}, {6, 7}, {4, 5}, {1, 3}], [{8, 2}, {7}, {1, 6}, {3, 5}, {4}], [{8, 2}, {7}, {1, 6}, {4, 5}, {3}], [{8, 2}, {7}, {1, 6}, {5}, {3, 4}], [{8, 2}, {7}, {3, 6}, {1, 5}, {4}], [{8, 2}, {7}, {5, 6}, {1, 4}, {3}], [{8, 3}, {1, 7}, {2, 6}, {4, 5}], [{8, 3}, {1, 7}, {4, 6}, {2, 5}], [{8, 3}, {1, 7}, {5, 6}, {2, 4}], [{8, 3}, {2, 7}, {1, 6}, {4, 5}], [{8, 3}, {2, 7}, {4, 6}, {1, 5}], [{8, 3}, {2, 7}, {5, 6}, {1, 4}], [{8, 3}, {4, 7}, {1, 6}, {2, 5}], [{8, 3}, {4, 7}, {2, 6}, {1, 5}], [{8, 3}, {4, 7}, {5, 6}, {1, 2}], [{8, 3}, {4, 7}, {6}, {1, 5}, {2}], [{8, 3}, {5, 7}, {1, 6}, {2, 4}], [{8, 3}, {5, 7}, {2, 6}, {1, 4}], [{8, 3}, {5, 7}, {4, 6}, {1, 2}], [{8, 3}, {6, 7}, {1, 5}, {2, 4}], [{8, 3}, {6, 7}, {2, 5}, {1, 4}], [{8, 3}, {6, 7}, {4, 5}, {1, 2}], [{8, 3}, {6, 7}, {5}, {2, 4}, {1}], [{8, 4}, {1, 7}, {2, 6}, {3, 5}], [{8, 4}, {1, 7}, {3, 6}, {2, 5}], [{8, 4}, {1, 7}, {5, 6}, {2, 3}], [{8, 4}, {2, 7}, {1, 6}, {3, 5}], [{8, 4}, {2, 7}, {3, 6}, {1, 5}], [{8, 4}, {2, 7}, {5, 6}, {1, 3}], [{8, 4}, {2, 7}, {6}, {1, 5}, {3}], [{8, 4}, {2, 7}, {6}, {3, 5}, {1}], [{8, 4}, {2, 7}, {6}, {5}, {1, 3}], [{8, 4}, {3, 7}, {1, 6}, {2, 5}], [{8, 4}, {3, 7}, {1, 6}, {5}, {2}], [{8, 4}, {3, 7}, {2, 6}, {1, 5}], [{8, 4}, {3, 7}, {2, 6}, {5}, {1}], [{8, 4}, {3, 7}, {5, 6}, {1, 2}], [{8, 4}, {3, 7}, {5, 6}, {2}, {1}], [{8, 4}, {3, 7}, {6}, {1, 5}, {2}], [{8, 4}, {3, 7}, {6}, {2, 5}, {1}], [{8, 4}, {3, 7}, {6}, {5}, {1, 2}], [{8, 4}, {5, 7}, {1, 6}, {2, 3}], [{8, 4}, {5, 7}, {2, 6}, {1, 3}], [{8, 4}, {5, 7}, {3, 6}, {1, 2}], [{8, 4}, {6, 7}, {1, 5}, {2, 3}], [{8, 4}, {6, 7}, {1, 5}, {3}, {2}], [{8, 4}, {6, 7}, {2, 5}, {1, 3}], [{8, 4}, {6, 7}, {3, 5}, {1, 2}], [{8, 4}, {7}, {1, 6}, {2, 5}, {3}], [{8, 4}, {7}, {2, 6}, {1, 5}, {3}], [{8, 4}, {7}, {3, 6}, {1, 5}, {2}], [{8, 4}, {7}, {5, 6}, {3}, {1, 2}], [{8, 4}, {7}, {6}, {1, 5}, {2, 3}], [{8, 4}, {7}, {6}, {1, 5}, {3}, {2}], [{8, 5}, {1, 7}, {2, 6}, {3, 4}], [{8, 5}, {1, 7}, {3, 6}, {2, 4}], [{8, 5}, {1, 7}, {4, 6}, {2, 3}], [{8, 5}, {1, 7}, {6}, {2, 4}, {3}], [{8, 5}, {2, 7}, {1, 6}, {3, 4}], [{8, 5}, {2, 7}, {1, 6}, {4}, {3}], [{8, 5}, {2, 7}, {3, 6}, {1, 4}], [{8, 5}, {2, 7}, {3, 6}, {4}, {1}], [{8, 5}, {2, 7}, {4, 6}, {1, 3}], [{8, 5}, {2, 7}, {6}, {4}, {1, 3}], [{8, 5}, {3, 7}, {1, 6}, {2, 4}], [{8, 5}, {3, 7}, {1, 6}, {4}, {2}], [{8, 5}, {3, 7}, {2, 6}, {1, 4}], [{8, 5}, {3, 7}, {2, 6}, {4}, {1}], [{8, 5}, {3, 7}, {4, 6}, {1, 2}], [{8, 5}, {3, 7}, {6}, {4}, {1, 2}], [{8, 5}, {4, 7}, {1, 6}, {2, 3}], [{8, 5}, {4, 7}, {2, 6}, {1, 3}], [{8, 5}, {4, 7}, {3, 6}, {1, 2}], [{8, 5}, {4, 7}, {3, 6}, {2}, {1}], [{8, 5}, {6, 7}, {1, 4}, {2, 3}], [{8, 5}, {6, 7}, {2, 4}, {1, 3}], [{8, 5}, {6, 7}, {3, 4}, {1, 2}], [{8, 5}, {7}, {1, 6}, {4}, {2, 3}], [{8, 5}, {7}, {3, 6}, {2, 4}, {1}], [{8, 6}, {1, 7}, {2, 5}, {3, 4}], [{8, 6}, {1, 7}, {3, 5}, {2, 4}], [{8, 6}, {1, 7}, {4, 5}, {2, 3}], [{8, 6}, {2, 7}, {1, 5}, {3, 4}], [{8, 6}, {2, 7}, {1, 5}, {4}, {3}], [{8, 6}, {2, 7}, {3, 5}, {1, 4}], [{8, 6}, {2, 7}, {4, 5}, {1, 3}], [{8, 6}, {3, 7}, {1, 5}, {2, 4}], [{8, 6}, {3, 7}, {1, 5}, {4}, {2}], [{8, 6}, {3, 7}, {2, 5}, {1, 4}], [{8, 6}, {3, 7}, {2, 5}, {4}, {1}], [{8, 6}, {3, 7}, {4, 5}, {1, 2}], [{8, 6}, {3, 7}, {5}, {4}, {1, 2}], [{8, 6}, {4, 7}, {1, 5}, {2, 3}], [{8, 6}, {4, 7}, {2, 5}, {1, 3}], [{8, 6}, {4, 7}, {3, 5}, {1, 2}], [{8, 6}, {5, 7}, {1, 4}, {2, 3}], [{8, 6}, {5, 7}, {2, 4}, {1, 3}], [{8, 6}, {5, 7}, {3, 4}, {1, 2}], [{8, 6}, {7}, {1, 5}, {4}, {2, 3}], [{8, 6}, {7}, {4, 5}, {2, 3}, {1}], [{8, 6}, {7}, {5}, {1, 4}, {2, 3}], [{8, 7}, {1, 6}, {2, 5}, {3, 4}], [{8, 7}, {1, 6}, {3, 5}, {2, 4}], [{8, 7}, {1, 6}, {4, 5}, {2, 3}], [{8, 7}, {2, 6}, {1, 5}, {3, 4}], [{8, 7}, {2, 6}, {3, 5}, {1, 4}], [{8, 7}, {2, 6}, {4, 5}, {1, 3}], [{8, 7}, {3, 6}, {1, 5}, {2, 4}], [{8, 7}, {3, 6}, {2, 5}, {1, 4}], [{8, 7}, {3, 6}, {4, 5}, {1, 2}], [{8, 7}, {4, 6}, {1, 5}, {2, 3}], [{8, 7}, {4, 6}, {2, 5}, {1, 3}], [{8, 7}, {4, 6}, {3, 5}, {1, 2}], [{8, 7}, {5, 6}, {1, 4}, {2, 3}], [{8, 7}, {5, 6}, {2, 4}, {1, 3}], [{8, 7}, {5, 6}, {3, 4}, {1, 2}], [{8, 7}, {6}, {1, 5}, {3, 4}, {2}], [{8}, {2, 7}, {4, 6}, {1, 5}, {3}], [{8}, {2, 7}, {5, 6}, {3, 4}, {1}], [{8}, {2, 7}, {6}, {3, 5}, {1, 4}], [{8}, {2, 7}, {6}, {4, 5}, {1, 3}], [{8}, {3, 7}, {1, 6}, {2, 5}, {4}], [{8}, {3, 7}, {1, 6}, {4, 5}, {2}], [{8}, {3, 7}, {1, 6}, {5}, {2, 4}], [{8}, {3, 7}, {1, 6}, {5}, {4}, {2}], [{8}, {3, 7}, {2, 6}, {1, 5}, {4}], [{8}, {3, 7}, {2, 6}, {4, 5}, {1}], [{8}, {3, 7}, {2, 6}, {5}, {1, 4}], [{8}, {3, 7}, {2, 6}, {5}, {4}, {1}], [{8}, {3, 7}, {4, 6}, {1, 5}, {2}], [{8}, {3, 7}, {4, 6}, {2, 5}, {1}], [{8}, {3, 7}, {4, 6}, {5}, {1, 2}], [{8}, {3, 7}, {5, 6}, {1, 4}, {2}], [{8}, {3, 7}, {5, 6}, {2, 4}, {1}], [{8}, {3, 7}, {5, 6}, {4}, {1, 2}], [{8}, {3, 7}, {5, 6}, {4}, {2}, {1}], [{8}, {3, 7}, {6}, {1, 5}, {2, 4}], [{8}, {3, 7}, {6}, {1, 5}, {4}, {2}], [{8}, {3, 7}, {6}, {2, 5}, {1, 4}], [{8}, {3, 7}, {6}, {2, 5}, {4}, {1}], [{8}, {3, 7}, {6}, {4, 5}, {1, 2}], [{8}, {3, 7}, {6}, {5}, {4}, {1, 2}], [{8}, {4, 7}, {1, 6}, {3, 5}, {2}], [{8}, {4, 7}, {5, 6}, {2, 3}, {1}], [{8}, {5, 7}, {1, 6}, {3, 4}, {2}], [{8}, {5, 7}, {4, 6}, {3}, {1, 2}], [{8}, {6, 7}, {1, 5}, {2, 4}, {3}], [{8}, {6, 7}, {4, 5}, {3}, {1, 2}], [{8}, {7}, {3, 6}, {1, 5}, {2, 4}], [{8}, {7}, {3, 6}, {4, 5}, {1, 2}], [{8}, {7}, {4, 6}, {1, 5}, {2, 3}], [{8}, {7}, {4, 6}, {3, 5}, {1, 2}]]",2,8 K_1^3 + 4 K_1^2 K_2 - 6 K_1^2 - 10 K_1 K_2 - 4 K_1 K_3 - K_1 + 3 K_2 + 3 K_3 + K_4 + 3,O1O2O3O4U5U4O6U2U7O8O7U1U8U6O5U3,O1O2O3U4U2O4O5U1O6O7U6U8U5U3O8U7,O1O2O3U4O5U1U6U5U7O4O7U3O6O8U2U8,c,{'O1O2O3O4U2O5U6U7U4O8O7U8U3O6U1U5'},1,"<a href=""/flatknot/8.704256"">8.704256</a>",t^9-66t^7-278t^6-274t^5+184t^4+373t^3+92t^2-53t-16,-t^3+t^2+t,,
8.704257,O1O2O3O4U2O5U6U7U5O8O7U1U3O6U4U8,4,5z^2+82z+145,5w^3z^2+82w^2z+145w,False,False,"[[ 0 -2 -2  1  2  2 -2  0  1],[ 2  0  0  2  2  1  0  1  1],[ 2  0  0  1  2  0  1  2  2],[-1 -2 -1  0  0  1 -2 -2  0],[-2 -2 -2  0  0  2 -3 -3 -1],[-2 -1  0 -1 -2  0 -1 -2 -2],[ 2  0 -1  2  3  1  0  2  2],[ 0 -1 -2  2  3  2 -2  0  1],[-1 -1 -2  0  1  2 -2 -1  0]]","[[ 0  2  2  1  1  0 -2 -2 -2],[-2  0  2  0 -1 -3 -2 -2 -3],[-2 -2  0 -1 -2 -2  0 -1 -1],[-1  0  1  0  0 -2 -1 -2 -2],[-1  1  2  0  0 -1 -2 -1 -2],[ 0  3  2  2  1  0 -2 -1 -2],[ 2  2  0  1  2  2  0  0  1],[ 2  2  1  2  1  1  0  0  0],[ 2  3  1  2  2  2 -1  0  0]]",True,"[-2,-2,-1,-1,0,2,2,2,-2,0,1,3,2,2,3,1,2,2,0,1,1,0,2,1,2,2,1,2,1,2,2,1,2,0,-1,0]","[-2,-2,-2,0,1,1,2,2,-1,0,0,1,2,2,4,0,0,1,1,1,3,1,2,1,2,3,0,-1,-1,0,0,0,-1,1,0,-2]",t^8+75t^6+155t^4+38t^2+1,"[-2,-2,-2,0,1,1,2,2,-1,0,0,1,2,2,4,0,0,1,1,1,3,1,2,1,2,3,0,-1,-1,0,0,0,-1,1,0,-2]","[-2,-2,-1,-1,0,2,2,2,-2,-1,0,0,3,3,4,0,1,-1,1,2,2,0,0,1,2,1,-1,1,1,2,0,1,0,0,-1,0]","[-2,-2,-2,0,1,1,2,2,-1,0,2,2,2,1,3,0,2,1,2,0,2,1,2,1,1,2,2,1,2,3,0,1,0,2,1,-2]",c,"[[{8, 1}, {2, 7}, {3, 6}, {4, 5}], [{8, 1}, {2, 7}, {4, 6}, {3, 5}], [{8, 1}, {2, 7}, {5, 6}, {3, 4}], [{8, 1}, {3, 7}, {2, 6}, {4, 5}], [{8, 1}, {3, 7}, {4, 6}, {2, 5}], [{8, 1}, {3, 7}, {5, 6}, {2, 4}], [{8, 1}, {3, 7}, {6}, {4, 5}, {2}], [{8, 1}, {4, 7}, {2, 6}, {3, 5}], [{8, 1}, {4, 7}, {3, 6}, {2, 5}], [{8, 1}, {4, 7}, {5, 6}, {2, 3}], [{8, 1}, {4, 7}, {6}, {3, 5}, {2}], [{8, 1}, {5, 7}, {2, 6}, {3, 4}], [{8, 1}, {5, 7}, {3, 6}, {2, 4}], [{8, 1}, {5, 7}, {3, 6}, {4}, {2}], [{8, 1}, {5, 7}, {4, 6}, {2, 3}], [{8, 1}, {5, 7}, {6}, {2, 4}, {3}], [{8, 1}, {6, 7}, {2, 5}, {3, 4}], [{8, 1}, {6, 7}, {3, 5}, {2, 4}], [{8, 1}, {6, 7}, {4, 5}, {2, 3}], [{8, 1}, {6, 7}, {5}, {2, 4}, {3}], [{8, 1}, {7}, {5, 6}, {2, 4}, {3}], [{8, 2}, {1, 7}, {3, 6}, {4, 5}], [{8, 2}, {1, 7}, {3, 6}, {5}, {4}], [{8, 2}, {1, 7}, {4, 6}, {3, 5}], [{8, 2}, {1, 7}, {5, 6}, {3, 4}], [{8, 2}, {3, 7}, {1, 6}, {4, 5}], [{8, 2}, {3, 7}, {4, 6}, {1, 5}], [{8, 2}, {3, 7}, {5, 6}, {1, 4}], [{8, 2}, {4, 7}, {1, 6}, {3, 5}], [{8, 2}, {4, 7}, {3, 6}, {1, 5}], [{8, 2}, {4, 7}, {5, 6}, {1, 3}], [{8, 2}, {4, 7}, {6}, {3, 5}, {1}], [{8, 2}, {5, 7}, {1, 6}, {3, 4}], [{8, 2}, {5, 7}, {3, 6}, {1, 4}], [{8, 2}, {5, 7}, {4, 6}, {1, 3}], [{8, 2}, {6, 7}, {1, 5}, {3, 4}], [{8, 2}, {6, 7}, {3, 5}, {1, 4}], [{8, 2}, {6, 7}, {4, 5}, {1, 3}], [{8, 2}, {7}, {5, 6}, {1, 4}, {3}], [{8, 3}, {1, 7}, {2, 6}, {4, 5}], [{8, 3}, {1, 7}, {2, 6}, {5}, {4}], [{8, 3}, {1, 7}, {4, 6}, {2, 5}], [{8, 3}, {1, 7}, {4, 6}, {5}, {2}], [{8, 3}, {1, 7}, {5, 6}, {2, 4}], [{8, 3}, {1, 7}, {5, 6}, {4}, {2}], [{8, 3}, {1, 7}, {6}, {2, 5}, {4}], [{8, 3}, {1, 7}, {6}, {4, 5}, {2}], [{8, 3}, {1, 7}, {6}, {5}, {2, 4}], [{8, 3}, {1, 7}, {6}, {5}, {4}, {2}], [{8, 3}, {2, 7}, {1, 6}, {4, 5}], [{8, 3}, {2, 7}, {1, 6}, {5}, {4}], [{8, 3}, {2, 7}, {4, 6}, {1, 5}], [{8, 3}, {2, 7}, {4, 6}, {5}, {1}], [{8, 3}, {2, 7}, {5, 6}, {1, 4}], [{8, 3}, {2, 7}, {5, 6}, {4}, {1}], [{8, 3}, {2, 7}, {6}, {1, 5}, {4}], [{8, 3}, {2, 7}, {6}, {4, 5}, {1}], [{8, 3}, {2, 7}, {6}, {5}, {1, 4}], [{8, 3}, {2, 7}, {6}, {5}, {4}, {1}], [{8, 3}, {4, 7}, {1, 6}, {2, 5}], [{8, 3}, {4, 7}, {2, 6}, {1, 5}], [{8, 3}, {4, 7}, {5, 6}, {1, 2}], [{8, 3}, {4, 7}, {5, 6}, {2}, {1}], [{8, 3}, {4, 7}, {6}, {5}, {1, 2}], [{8, 3}, {5, 7}, {1, 6}, {2, 4}], [{8, 3}, {5, 7}, {1, 6}, {4}, {2}], [{8, 3}, {5, 7}, {2, 6}, {1, 4}], [{8, 3}, {5, 7}, {2, 6}, {4}, {1}], [{8, 3}, {5, 7}, {4, 6}, {1, 2}], [{8, 3}, {5, 7}, {6}, {4}, {1, 2}], [{8, 3}, {6, 7}, {1, 5}, {2, 4}], [{8, 3}, {6, 7}, {1, 5}, {4}, {2}], [{8, 3}, {6, 7}, {2, 5}, {1, 4}], [{8, 3}, {6, 7}, {2, 5}, {4}, {1}], [{8, 3}, {6, 7}, {4, 5}, {1, 2}], [{8, 3}, {6, 7}, {5}, {4}, {1, 2}], [{8, 3}, {7}, {1, 6}, {2, 5}, {4}], [{8, 3}, {7}, {2, 6}, {1, 5}, {4}], [{8, 3}, {7}, {4, 6}, {5}, {1, 2}], [{8, 3}, {7}, {5, 6}, {1, 4}, {2}], [{8, 3}, {7}, {5, 6}, {2, 4}, {1}], [{8, 3}, {7}, {5, 6}, {4}, {1, 2}], [{8, 3}, {7}, {5, 6}, {4}, {2}, {1}], [{8, 3}, {7}, {6}, {4, 5}, {1, 2}], [{8, 3}, {7}, {6}, {5}, {4}, {1, 2}], [{8, 4}, {1, 7}, {2, 6}, {3, 5}], [{8, 4}, {1, 7}, {3, 6}, {2, 5}], [{8, 4}, {1, 7}, {3, 6}, {5}, {2}], [{8, 4}, {1, 7}, {5, 6}, {2, 3}], [{8, 4}, {2, 7}, {1, 6}, {3, 5}], [{8, 4}, {2, 7}, {3, 6}, {1, 5}], [{8, 4}, {2, 7}, {5, 6}, {1, 3}], [{8, 4}, {3, 7}, {1, 6}, {2, 5}], [{8, 4}, {3, 7}, {2, 6}, {1, 5}], [{8, 4}, {3, 7}, {2, 6}, {5}, {1}], [{8, 4}, {3, 7}, {5, 6}, {1, 2}], [{8, 4}, {5, 7}, {1, 6}, {2, 3}], [{8, 4}, {5, 7}, {2, 6}, {1, 3}], [{8, 4}, {5, 7}, {3, 6}, {1, 2}], [{8, 4}, {6, 7}, {1, 5}, {2, 3}], [{8, 4}, {6, 7}, {2, 5}, {1, 3}], [{8, 4}, {6, 7}, {3, 5}, {1, 2}], [{8, 4}, {7}, {6}, {3, 5}, {1, 2}], [{8, 5}, {1, 7}, {2, 6}, {3, 4}], [{8, 5}, {1, 7}, {3, 6}, {2, 4}], [{8, 5}, {1, 7}, {3, 6}, {4}, {2}], [{8, 5}, {1, 7}, {4, 6}, {2, 3}], [{8, 5}, {2, 7}, {1, 6}, {3, 4}], [{8, 5}, {2, 7}, {3, 6}, {1, 4}], [{8, 5}, {2, 7}, {3, 6}, {4}, {1}], [{8, 5}, {2, 7}, {4, 6}, {1, 3}], [{8, 5}, {3, 7}, {1, 6}, {2, 4}], [{8, 5}, {3, 7}, {2, 6}, {1, 4}], [{8, 5}, {3, 7}, {4, 6}, {1, 2}], [{8, 5}, {3, 7}, {6}, {4}, {1, 2}], [{8, 5}, {4, 7}, {1, 6}, {2, 3}], [{8, 5}, {4, 7}, {2, 6}, {1, 3}], [{8, 5}, {4, 7}, {3, 6}, {1, 2}], [{8, 5}, {4, 7}, {3, 6}, {2}, {1}], [{8, 5}, {4, 7}, {6}, {3}, {1, 2}], [{8, 5}, {6, 7}, {1, 4}, {2, 3}], [{8, 5}, {6, 7}, {2, 4}, {1, 3}], [{8, 5}, {6, 7}, {3, 4}, {1, 2}], [{8, 5}, {6, 7}, {4}, {3}, {1, 2}], [{8, 5}, {7}, {1, 6}, {4}, {2, 3}], [{8, 5}, {7}, {2, 6}, {4}, {1, 3}], [{8, 5}, {7}, {3, 6}, {1, 4}, {2}], [{8, 5}, {7}, {3, 6}, {2, 4}, {1}], [{8, 5}, {7}, {3, 6}, {4}, {1, 2}], [{8, 5}, {7}, {3, 6}, {4}, {2}, {1}], [{8, 5}, {7}, {4, 6}, {3}, {1, 2}], [{8, 5}, {7}, {6}, {3, 4}, {1, 2}], [{8, 5}, {7}, {6}, {4}, {3}, {1, 2}], [{8, 6}, {1, 7}, {2, 5}, {3, 4}], [{8, 6}, {1, 7}, {2, 5}, {4}, {3}], [{8, 6}, {1, 7}, {3, 5}, {2, 4}], [{8, 6}, {1, 7}, {3, 5}, {4}, {2}], [{8, 6}, {1, 7}, {4, 5}, {2, 3}], [{8, 6}, {1, 7}, {4, 5}, {3}, {2}], [{8, 6}, {1, 7}, {5}, {2, 4}, {3}], [{8, 6}, {1, 7}, {5}, {3, 4}, {2}], [{8, 6}, {1, 7}, {5}, {4}, {2, 3}], [{8, 6}, {1, 7}, {5}, {4}, {3}, {2}], [{8, 6}, {2, 7}, {1, 5}, {3, 4}], [{8, 6}, {2, 7}, {3, 5}, {1, 4}], [{8, 6}, {2, 7}, {3, 5}, {4}, {1}], [{8, 6}, {2, 7}, {4, 5}, {1, 3}], [{8, 6}, {3, 7}, {1, 5}, {2, 4}], [{8, 6}, {3, 7}, {2, 5}, {1, 4}], [{8, 6}, {3, 7}, {4, 5}, {1, 2}], [{8, 6}, {3, 7}, {5}, {1, 4}, {2}], [{8, 6}, {4, 7}, {1, 5}, {2, 3}], [{8, 6}, {4, 7}, {2, 5}, {1, 3}], [{8, 6}, {4, 7}, {3, 5}, {1, 2}], [{8, 6}, {4, 7}, {5}, {1, 3}, {2}], [{8, 6}, {5, 7}, {1, 4}, {2, 3}], [{8, 6}, {5, 7}, {2, 4}, {1, 3}], [{8, 6}, {5, 7}, {3, 4}, {1, 2}], [{8, 6}, {7}, {3, 5}, {4}, {1, 2}], [{8, 7}, {1, 6}, {2, 5}, {3, 4}], [{8, 7}, {1, 6}, {2, 5}, {4}, {3}], [{8, 7}, {1, 6}, {3, 5}, {2, 4}], [{8, 7}, {1, 6}, {4, 5}, {2, 3}], [{8, 7}, {2, 6}, {1, 5}, {3, 4}], [{8, 7}, {2, 6}, {3, 5}, {1, 4}], [{8, 7}, {2, 6}, {4, 5}, {1, 3}], [{8, 7}, {3, 6}, {1, 5}, {2, 4}], [{8, 7}, {3, 6}, {1, 5}, {4}, {2}], [{8, 7}, {3, 6}, {2, 5}, {1, 4}], [{8, 7}, {3, 6}, {4, 5}, {1, 2}], [{8, 7}, {4, 6}, {1, 5}, {2, 3}], [{8, 7}, {4, 6}, {2, 5}, {1, 3}], [{8, 7}, {4, 6}, {3, 5}, {1, 2}], [{8, 7}, {4, 6}, {5}, {3}, {1, 2}], [{8, 7}, {5, 6}, {1, 4}, {2, 3}], [{8, 7}, {5, 6}, {2, 4}, {1, 3}], [{8, 7}, {5, 6}, {3, 4}, {1, 2}], [{8, 7}, {6}, {3, 5}, {1, 4}, {2}], [{8, 7}, {6}, {3, 5}, {2, 4}, {1}], [{8, 7}, {6}, {3, 5}, {4}, {1, 2}], [{8}, {1, 7}, {3, 6}, {2, 5}, {4}], [{8}, {1, 7}, {3, 6}, {4, 5}, {2}], [{8}, {1, 7}, {3, 6}, {5}, {2, 4}], [{8}, {1, 7}, {3, 6}, {5}, {4}, {2}], [{8}, {3, 7}, {1, 6}, {2, 5}, {4}], [{8}, {3, 7}, {4, 6}, {1, 5}, {2}], [{8}, {3, 7}, {4, 6}, {2, 5}, {1}], [{8}, {3, 7}, {4, 6}, {5}, {1, 2}], [{8}, {3, 7}, {6}, {2, 5}, {1, 4}], [{8}, {4, 7}, {6}, {3, 5}, {1, 2}], [{8}, {5, 7}, {4, 6}, {1, 3}, {2}], [{8}, {5, 7}, {4, 6}, {2, 3}, {1}], [{8}, {5, 7}, {4, 6}, {3}, {1, 2}], [{8}, {6, 7}, {3, 5}, {4}, {1, 2}], [{8}, {6, 7}, {4, 5}, {1, 3}, {2}], [{8}, {7}, {4, 6}, {3, 5}, {1, 2}], [{8}, {7}, {5, 6}, {1, 4}, {2, 3}], [{8}, {7}, {5, 6}, {2, 4}, {1, 3}], [{8}, {7}, {6}, {3, 5}, {4}, {1, 2}]]",2,12 K_1^3 - 40 K_1^2 - 28 K_1 K_2 - 2 K_1 K_3 + 5 K_1 - 2 K_2^2 + 21 K_2 + 11 K_3 + 2 K_4 + 22,O1O2O3O4U5U1O6U2U4O7O5U8U7U6O8U3,O1O2O3U4U2O5O6U1O7O4U5U8U6U7O8U3,O1O2O3U1O4U5U6U4U7O8O5U3O6O7U2U8,c,{'O1O2O3O4U2O5U6U7U5O8O7U1U3O6U4U8'},1,"<a href=""/flatknot/8.704257"">8.704257</a>",t^9-77t^7-260t^6+38t^5+586t^4-199t^3-460t^2+280t+232,t^2-2t,,
8.704258,O1O2O3O4U2O5U6U7U5O8O7U1U3O6U8U4,4,4z^3+40z^2+109z+91,4w^4z^3+40w^3z^2+109w^2z+91w,False,False,"[[ 0 -2 -2  1  3  2 -2  0  0],[ 2  0  0  2  3  1  0  1  0],[ 2  0  0  1  2  0  1  2  1],[-1 -2 -1  0  1  1 -2 -2 -1],[-3 -3 -2 -1  0  2 -3 -3 -2],[-2 -1  0 -1 -2  0 -1 -2 -2],[ 2  0 -1  2  3  1  0  2  1],[ 0 -1 -2  2  3  2 -2  0  0],[ 0  0 -1  1  2  2 -1  0  0]]","[[ 0  3  2  1  0  0 -2 -2 -2],[-3  0  2 -1 -2 -3 -2 -3 -3],[-2 -2  0 -1 -2 -2  0 -1 -1],[-1  1  1  0 -1 -2 -1 -2 -2],[ 0  2  2  1  0  0 -1  0 -1],[ 0  3  2  2  0  0 -2 -1 -2],[ 2  2  0  1  1  2  0  0  1],[ 2  3  1  2  0  1  0  0  0],[ 2  3  1  2  1  2 -1  0  0]]",True,"[-3,-2,-1,0,0,2,2,2,-2,1,2,3,2,3,3,1,2,2,0,1,1,1,2,1,2,2,0,1,0,1,2,1,2,0,-1,0]","[-3,-2,-1,0,0,2,2,2,-2,1,2,3,2,3,3,1,2,2,0,1,1,1,2,1,2,2,0,1,0,1,2,1,2,0,-1,0]",t^8+77t^6+207t^4+107t^2,"[-2,-2,-2,0,0,1,2,3,-1,0,0,1,2,4,3,0,0,1,1,3,2,1,2,1,3,2,0,-1,0,0,0,0,1,0,1,3]","[-3,-2,-1,0,0,2,2,2,3,1,0,1,2,2,3,0,0,0,3,3,4,-1,0,1,1,2,0,0,1,0,1,2,1,0,-1,0]","[-2,-2,-2,0,0,1,2,3,-1,0,1,2,2,1,3,0,1,2,1,0,2,0,1,2,1,3,0,1,2,2,2,2,3,1,1,-2]",c,"[[{8, 2}, {6, 7}, {3, 5}, {1, 4}]]",1,- 8 K_1^4 + 4 K_1^3 + 8 K_1^2 K_2 - 4 K_1^2 - 10 K_1 K_2 + 2 K_1 - 2 K_2^2 + 2 K_2 + 4 K_3 + 5,O1O2O3O4U1U5O6U2U4O7O5U8U7U6O8U3,O1O2O3U4U2O5O6U1O4O7U5U8U6U7O8U3,O1O2O3U1O4U5U6U4U7O5O8U3O6O7U2U8,c,{'O1O2O3O4U2O5U6U7U5O8O7U1U3O6U8U4'},1,"<a href=""/flatknot/8.704258"">8.704258</a>",t^9-75t^7-284t^6-31t^5+650t^4+119t^3-552t^2-46t+158,-t^3+2t^2-t,,
8.704259,O1O2O3O4U2O5U6U7U5O8O7U1U4O6U3U8,4,15z^2+92z+125,15w^3z^2+92w^2z+125w,False,False,"[[ 0 -2 -2  1  2  2 -2  0  1],[ 2  0  0  2  2  1  0  1  1],[ 2  0  0  2  1  0  1  2  2],[-1 -2 -2  0  1  2 -3 -2  0],[-2 -2 -1 -1  0  1 -3 -3 -1],[-2 -1  0 -2 -1  0 -1 -2 -2],[ 2  0 -1  3  3  1  0  2  2],[ 0 -1 -2  2  3  2 -2  0  1],[-1 -1 -2  0  1  2 -2 -1  0]]","[[ 0  2  2  1  1  0 -2 -2 -2],[-2  0  1 -1 -1 -3 -1 -2 -3],[-2 -1  0 -2 -2 -2  0 -1 -1],[-1  1  2  0  0 -1 -2 -1 -2],[-1  1  2  0  0 -2 -2 -2 -3],[ 0  3  2  1  2  0 -2 -1 -2],[ 2  1  0  2  2  2  0  0  1],[ 2  2  1  1  2  1  0  0  0],[ 2  3  1  2  3  2 -1  0  0]]",True,"[-2,-2,-1,-1,0,2,2,2,-1,1,1,3,1,2,3,2,2,2,0,1,1,0,1,2,1,2,2,2,2,3,2,1,2,0,-1,0]","[-2,-2,-2,0,1,1,2,2,-1,0,0,1,1,3,4,0,0,0,1,1,3,1,1,2,2,3,-1,0,-1,0,0,0,-1,0,-1,-1]",t^8+81t^6+151t^4+41t^2,"[-2,-2,-2,0,1,1,2,2,-1,0,0,1,1,3,4,0,0,0,1,1,3,1,1,2,2,3,-1,0,-1,0,0,0,-1,0,-1,-1]","[-2,-2,-1,-1,0,2,2,2,-1,-1,-1,0,3,3,4,0,0,-1,1,2,3,0,-1,0,1,1,0,1,2,1,0,1,0,0,-1,0]","[-2,-2,-2,0,1,1,2,2,-1,0,2,2,3,1,3,0,2,2,2,0,1,1,1,2,1,2,1,2,2,3,0,2,1,2,1,-1]",c,"[[{8, 1}, {2, 7}, {3, 6}, {4, 5}], [{8, 1}, {2, 7}, {4, 6}, {3, 5}], [{8, 1}, {2, 7}, {5, 6}, {3, 4}], [{8, 1}, {2, 7}, {5, 6}, {4}, {3}], [{8, 1}, {3, 7}, {2, 6}, {4, 5}], [{8, 1}, {3, 7}, {4, 6}, {2, 5}], [{8, 1}, {3, 7}, {4, 6}, {5}, {2}], [{8, 1}, {3, 7}, {5, 6}, {2, 4}], [{8, 1}, {4, 7}, {2, 6}, {3, 5}], [{8, 1}, {4, 7}, {3, 6}, {2, 5}], [{8, 1}, {4, 7}, {5, 6}, {2, 3}], [{8, 1}, {5, 7}, {2, 6}, {3, 4}], [{8, 1}, {5, 7}, {3, 6}, {2, 4}], [{8, 1}, {5, 7}, {4, 6}, {2, 3}], [{8, 1}, {5, 7}, {4, 6}, {3}, {2}], [{8, 1}, {5, 7}, {6}, {4}, {2, 3}], [{8, 1}, {6, 7}, {2, 5}, {3, 4}], [{8, 1}, {6, 7}, {3, 5}, {2, 4}], [{8, 1}, {6, 7}, {4, 5}, {2, 3}], [{8, 1}, {7}, {3, 6}, {5}, {2, 4}], [{8, 1}, {7}, {4, 6}, {3, 5}, {2}], [{8, 2}, {1, 7}, {3, 6}, {4, 5}], [{8, 2}, {1, 7}, {4, 6}, {3, 5}], [{8, 2}, {1, 7}, {5, 6}, {3, 4}], [{8, 2}, {1, 7}, {6}, {3, 5}, {4}], [{8, 2}, {1, 7}, {6}, {4, 5}, {3}], [{8, 2}, {1, 7}, {6}, {5}, {3, 4}], [{8, 2}, {3, 7}, {1, 6}, {4, 5}], [{8, 2}, {3, 7}, {4, 6}, {1, 5}], [{8, 2}, {3, 7}, {4, 6}, {5}, {1}], [{8, 2}, {3, 7}, {5, 6}, {1, 4}], [{8, 2}, {3, 7}, {5, 6}, {4}, {1}], [{8, 2}, {3, 7}, {6}, {4, 5}, {1}], [{8, 2}, {4, 7}, {1, 6}, {3, 5}], [{8, 2}, {4, 7}, {3, 6}, {1, 5}], [{8, 2}, {4, 7}, {5, 6}, {1, 3}], [{8, 2}, {5, 7}, {1, 6}, {3, 4}], [{8, 2}, {5, 7}, {3, 6}, {1, 4}], [{8, 2}, {5, 7}, {3, 6}, {4}, {1}], [{8, 2}, {5, 7}, {4, 6}, {1, 3}], [{8, 2}, {6, 7}, {1, 5}, {3, 4}], [{8, 2}, {6, 7}, {3, 5}, {1, 4}], [{8, 2}, {6, 7}, {4, 5}, {1, 3}], [{8, 2}, {6, 7}, {5}, {1, 4}, {3}], [{8, 2}, {7}, {6}, {4, 5}, {1, 3}], [{8, 3}, {1, 7}, {2, 6}, {4, 5}], [{8, 3}, {1, 7}, {2, 6}, {5}, {4}], [{8, 3}, {1, 7}, {4, 6}, {2, 5}], [{8, 3}, {1, 7}, {5, 6}, {2, 4}], [{8, 3}, {1, 7}, {5, 6}, {4}, {2}], [{8, 3}, {1, 7}, {6}, {2, 5}, {4}], [{8, 3}, {2, 7}, {1, 6}, {4, 5}], [{8, 3}, {2, 7}, {4, 6}, {1, 5}], [{8, 3}, {2, 7}, {5, 6}, {1, 4}], [{8, 3}, {2, 7}, {6}, {1, 5}, {4}], [{8, 3}, {4, 7}, {1, 6}, {2, 5}], [{8, 3}, {4, 7}, {2, 6}, {1, 5}], [{8, 3}, {4, 7}, {2, 6}, {5}, {1}], [{8, 3}, {4, 7}, {5, 6}, {1, 2}], [{8, 3}, {5, 7}, {1, 6}, {2, 4}], [{8, 3}, {5, 7}, {2, 6}, {1, 4}], [{8, 3}, {5, 7}, {4, 6}, {1, 2}], [{8, 3}, {6, 7}, {1, 5}, {2, 4}], [{8, 3}, {6, 7}, {2, 5}, {1, 4}], [{8, 3}, {6, 7}, {2, 5}, {4}, {1}], [{8, 3}, {6, 7}, {4, 5}, {1, 2}], [{8, 3}, {7}, {1, 6}, {2, 5}, {4}], [{8, 3}, {7}, {2, 6}, {5}, {1, 4}], [{8, 3}, {7}, {6}, {4, 5}, {1, 2}], [{8, 4}, {1, 7}, {2, 6}, {3, 5}], [{8, 4}, {1, 7}, {3, 6}, {2, 5}], [{8, 4}, {1, 7}, {3, 6}, {5}, {2}], [{8, 4}, {1, 7}, {5, 6}, {2, 3}], [{8, 4}, {1, 7}, {5, 6}, {3}, {2}], [{8, 4}, {1, 7}, {6}, {3, 5}, {2}], [{8, 4}, {2, 7}, {1, 6}, {3, 5}], [{8, 4}, {2, 7}, {3, 6}, {1, 5}], [{8, 4}, {2, 7}, {5, 6}, {1, 3}], [{8, 4}, {2, 7}, {6}, {5}, {1, 3}], [{8, 4}, {3, 7}, {1, 6}, {2, 5}], [{8, 4}, {3, 7}, {2, 6}, {1, 5}], [{8, 4}, {3, 7}, {5, 6}, {1, 2}], [{8, 4}, {3, 7}, {6}, {1, 5}, {2}], [{8, 4}, {3, 7}, {6}, {2, 5}, {1}], [{8, 4}, {3, 7}, {6}, {5}, {1, 2}], [{8, 4}, {5, 7}, {1, 6}, {2, 3}], [{8, 4}, {5, 7}, {1, 6}, {3}, {2}], [{8, 4}, {5, 7}, {2, 6}, {1, 3}], [{8, 4}, {5, 7}, {3, 6}, {1, 2}], [{8, 4}, {6, 7}, {1, 5}, {2, 3}], [{8, 4}, {6, 7}, {2, 5}, {1, 3}], [{8, 4}, {6, 7}, {3, 5}, {1, 2}], [{8, 5}, {1, 7}, {2, 6}, {3, 4}], [{8, 5}, {1, 7}, {3, 6}, {2, 4}], [{8, 5}, {1, 7}, {4, 6}, {2, 3}], [{8, 5}, {1, 7}, {4, 6}, {3}, {2}], [{8, 5}, {1, 7}, {6}, {4}, {2, 3}], [{8, 5}, {2, 7}, {1, 6}, {3, 4}], [{8, 5}, {2, 7}, {3, 6}, {1, 4}], [{8, 5}, {2, 7}, {4, 6}, {1, 3}], [{8, 5}, {3, 7}, {1, 6}, {2, 4}], [{8, 5}, {3, 7}, {2, 6}, {1, 4}], [{8, 5}, {3, 7}, {4, 6}, {1, 2}], [{8, 5}, {3, 7}, {4, 6}, {2}, {1}], [{8, 5}, {4, 7}, {1, 6}, {2, 3}], [{8, 5}, {4, 7}, {2, 6}, {1, 3}], [{8, 5}, {4, 7}, {3, 6}, {1, 2}], [{8, 5}, {4, 7}, {6}, {3}, {1, 2}], [{8, 5}, {6, 7}, {1, 4}, {2, 3}], [{8, 5}, {6, 7}, {2, 4}, {1, 3}], [{8, 5}, {6, 7}, {3, 4}, {1, 2}], [{8, 5}, {7}, {2, 6}, {1, 4}, {3}], [{8, 5}, {7}, {2, 6}, {3, 4}, {1}], [{8, 5}, {7}, {2, 6}, {4}, {1, 3}], [{8, 5}, {7}, {3, 6}, {4}, {1, 2}], [{8, 5}, {7}, {4, 6}, {1, 3}, {2}], [{8, 5}, {7}, {6}, {2, 4}, {1, 3}], [{8, 6}, {1, 7}, {2, 5}, {3, 4}], [{8, 6}, {1, 7}, {3, 5}, {2, 4}], [{8, 6}, {1, 7}, {4, 5}, {2, 3}], [{8, 6}, {2, 7}, {1, 5}, {3, 4}], [{8, 6}, {2, 7}, {3, 5}, {1, 4}], [{8, 6}, {2, 7}, {3, 5}, {4}, {1}], [{8, 6}, {2, 7}, {4, 5}, {1, 3}], [{8, 6}, {3, 7}, {1, 5}, {2, 4}], [{8, 6}, {3, 7}, {1, 5}, {4}, {2}], [{8, 6}, {3, 7}, {2, 5}, {1, 4}], [{8, 6}, {3, 7}, {2, 5}, {4}, {1}], [{8, 6}, {3, 7}, {4, 5}, {1, 2}], [{8, 6}, {3, 7}, {5}, {4}, {1, 2}], [{8, 6}, {4, 7}, {1, 5}, {2, 3}], [{8, 6}, {4, 7}, {2, 5}, {1, 3}], [{8, 6}, {4, 7}, {3, 5}, {1, 2}], [{8, 6}, {5, 7}, {1, 4}, {2, 3}], [{8, 6}, {5, 7}, {2, 4}, {1, 3}], [{8, 6}, {5, 7}, {3, 4}, {1, 2}], [{8, 7}, {1, 6}, {2, 5}, {3, 4}], [{8, 7}, {1, 6}, {3, 5}, {2, 4}], [{8, 7}, {1, 6}, {4, 5}, {2, 3}], [{8, 7}, {2, 6}, {1, 5}, {3, 4}], [{8, 7}, {2, 6}, {3, 5}, {1, 4}], [{8, 7}, {2, 6}, {3, 5}, {4}, {1}], [{8, 7}, {2, 6}, {4, 5}, {1, 3}], [{8, 7}, {3, 6}, {1, 5}, {2, 4}], [{8, 7}, {3, 6}, {2, 5}, {1, 4}], [{8, 7}, {3, 6}, {4, 5}, {1, 2}], [{8, 7}, {4, 6}, {1, 5}, {2, 3}], [{8, 7}, {4, 6}, {2, 5}, {1, 3}], [{8, 7}, {4, 6}, {3, 5}, {1, 2}], [{8, 7}, {5, 6}, {1, 4}, {2, 3}], [{8, 7}, {5, 6}, {1, 4}, {3}, {2}], [{8, 7}, {5, 6}, {2, 4}, {1, 3}], [{8, 7}, {5, 6}, {3, 4}, {1, 2}], [{8, 7}, {6}, {5}, {1, 4}, {2, 3}], [{8}, {1, 7}, {5, 6}, {3, 4}, {2}], [{8}, {1, 7}, {6}, {3, 5}, {2, 4}], [{8}, {2, 7}, {6}, {3, 5}, {1, 4}], [{8}, {3, 7}, {4, 6}, {1, 5}, {2}], [{8}, {3, 7}, {4, 6}, {2, 5}, {1}], [{8}, {3, 7}, {4, 6}, {5}, {1, 2}], [{8}, {3, 7}, {4, 6}, {5}, {2}, {1}], [{8}, {4, 7}, {3, 6}, {1, 5}, {2}], [{8}, {4, 7}, {3, 6}, {2, 5}, {1}], [{8}, {4, 7}, {3, 6}, {5}, {1, 2}], [{8}, {4, 7}, {5, 6}, {2, 3}, {1}], [{8}, {5, 7}, {3, 6}, {1, 4}, {2}], [{8}, {6, 7}, {3, 5}, {1, 4}, {2}], [{8}, {7}, {2, 6}, {3, 5}, {1, 4}]]",2,12 K_1^3 - 24 K_1^2 - 28 K_1 K_2 - 2 K_1 K_3 + 5 K_1 - 2 K_2^2 + 13 K_2 + 11 K_3 + 2 K_4 + 14,O1O2O3O4U5U2O6U1U4O7O5U8U7U6O8U3,O1O2O3U4U2O5O6U1O7O4U5U8U7U6O8U3,O1O2O3U1O4U5U6U4U7O8O6U3O5O7U2U8,c,{'O1O2O3O4U2O5U6U7U5O8O7U1U4O6U3U8'},1,"<a href=""/flatknot/8.704259"">8.704259</a>",t^9-83t^7-302t^6-48t^5+486t^4-302t^3-438t^2+167t+84,t^2-2t,,
8.704260,O1O2O3O4U2O5U6U7U5O8O7U1U4O6U8U3,3,9z^3+55z^2+101z+55,9w^4z^3-6w^4z^2+61w^3z^2+101w^2z+55,True,False,"[[ 0 -2 -2  2  2  2 -2  0  0],[ 2  0  0  3  2  1  0  1  0],[ 2  0  0  2  1  0  1  2  1],[-2 -3 -2  0  0  2 -3 -2 -1],[-2 -2 -1  0  0  1 -3 -3 -1],[-2 -1  0 -2 -1  0 -1 -2 -2],[ 2  0 -1  3  3  1  0  2  1],[ 0 -1 -2  2  3  2 -2  0  0],[ 0  0 -1  1  1  2 -1  0  0]]","[[ 0  2  2  2  0  0 -2 -2 -2],[-2  0  2  0 -1 -2 -2 -3 -3],[-2 -2  0 -1 -2 -2  0 -1 -1],[-2  0  1  0 -1 -3 -1 -2 -3],[ 0  1  2  1  0  0 -1  0 -1],[ 0  2  2  3  0  0 -2 -1 -2],[ 2  2  0  1  1  2  0  0  1],[ 2  3  1  2  0  1  0  0  0],[ 2  3  1  3  1  2 -1  0  0]]",True,"[-2,-2,-2,0,0,2,2,2,-2,0,1,2,2,3,3,1,2,2,0,1,1,1,3,1,2,3,0,1,0,1,2,1,2,0,-1,0]","[-2,-2,-2,0,0,2,2,2,-2,-1,0,0,3,3,4,0,0,1,1,1,2,-1,1,1,2,3,0,0,1,0,1,2,1,0,-1,0]",t^8+78t^6+298t^4+266t^2,"[-2,-2,-2,0,0,2,2,2,-1,0,0,1,2,3,4,0,0,1,1,1,3,1,2,1,2,3,0,0,-1,0,1,1,0,0,-2,-1]","[-2,-2,-2,0,0,2,2,2,-2,-1,0,0,3,3,4,0,0,1,1,1,2,-1,1,1,2,3,0,0,1,0,1,2,1,0,-1,0]","[-2,-2,-2,0,0,2,2,2,-1,0,1,2,1,3,3,0,1,2,0,1,2,0,1,1,2,3,0,2,1,1,2,3,2,-1,-2,0]",c,"[[{8, 1}, {2, 7}, {3, 6}, {4, 5}], [{8, 1}, {2, 7}, {6}, {4, 5}, {3}], [{8, 2}, {1, 7}, {3, 6}, {4, 5}], [{8, 2}, {1, 7}, {6}, {4, 5}, {3}], [{8, 4}, {3, 7}, {5, 6}, {1, 2}], [{8, 4}, {3, 7}, {5, 6}, {2}, {1}], [{8, 4}, {5, 7}, {3, 6}, {1, 2}], [{8, 4}, {5, 7}, {3, 6}, {2}, {1}], [{8, 5}, {3, 7}, {4, 6}, {1, 2}], [{8, 5}, {3, 7}, {4, 6}, {2}, {1}], [{8, 5}, {4, 7}, {3, 6}, {1, 2}], [{8, 5}, {4, 7}, {3, 6}, {2}, {1}], [{8, 7}, {3, 6}, {1, 5}, {2, 4}], [{8, 7}, {3, 6}, {2, 5}, {1, 4}]]",1,- 24 K_1^4 + 24 K_1^2 K_2 - 6 K_2^2 + 7,O1O2O3O4U2U5O6U1U4O7O5U8U7U6O8U3,O1O2O3U4U2O5O6U1O4O7U5U8U7U6O8U3,O1O2O3U1O4U5U6U4U7O6O8U3O5O7U2U8,c,{'O1O2O3O4U2O5U6U7U5O8O7U1U4O6U8U3'},1,"<a href=""/flatknot/8.704260"">8.704260</a>",t^9-78t^7-232t^6+286t^5+798t^4-642t^3-762t^2+428t+96,0,,
8.704261,O1O2O3O4U2O5U6U7U5O8O7U1U8O6U3U4,4,8z^3+49z^2+102z+73,8w^4z^3-4w^4z^2+53w^3z^2-4w^3z+106w^2z+73w,False,False,"[[ 0 -2 -2  1  3  2 -2  0  0],[ 2  0  0  2  3  1  0  1  0],[ 2  0  0  1  2  0  2  2  0],[-1 -2 -1  0  1  2 -2 -1 -1],[-3 -3 -2 -1  0  2 -4 -3 -1],[-2 -1  0 -2 -2  0 -1 -2 -1],[ 2  0 -2  2  4  1  0  1  1],[ 0 -1 -2  1  3  2 -1  0  0],[ 0  0  0  1  1  1 -1  0  0]]","[[ 0  3  2  1  0  0 -2 -2 -2],[-3  0  2 -1 -1 -3 -2 -3 -4],[-2 -2  0 -2 -1 -2  0 -1 -1],[-1  1  2  0 -1 -1 -1 -2 -2],[ 0  1  1  1  0  0  0  0 -1],[ 0  3  2  1  0  0 -2 -1 -1],[ 2  2  0  1  0  2  0  0  2],[ 2  3  1  2  0  1  0  0  0],[ 2  4  1  2  1  1 -2  0  0]]",True,"[-3,-2,-1,0,0,2,2,2,-2,1,1,3,2,3,4,2,1,2,0,1,1,1,1,1,2,2,0,0,0,1,2,1,1,0,-2,0]","[-3,-2,-1,0,0,2,2,2,-2,1,1,3,2,3,4,2,1,2,0,1,1,1,1,1,2,2,0,0,0,1,2,1,1,0,-2,0]",t^8+77t^6+261t^4+80t^2,"[-2,-2,-2,0,0,1,2,3,-2,0,0,2,2,4,3,0,1,1,1,3,1,1,2,1,3,2,0,0,0,0,0,1,2,-1,1,3]","[-3,-2,-1,0,0,2,2,2,3,1,0,2,1,2,3,-1,0,1,3,3,4,0,0,1,1,2,0,1,1,0,1,2,2,0,-2,0]","[-2,-2,-2,0,0,1,2,3,-2,0,1,1,2,1,4,0,0,2,1,0,2,0,1,2,1,3,0,1,1,1,1,2,3,2,1,-2]",c,"[[{8, 1}, {2, 7}, {3, 6}, {4, 5}], [{8, 1}, {2, 7}, {4, 6}, {3, 5}], [{8, 1}, {2, 7}, {5, 6}, {3, 4}], [{8, 1}, {3, 7}, {2, 6}, {4, 5}], [{8, 1}, {3, 7}, {4, 6}, {2, 5}], [{8, 1}, {3, 7}, {5, 6}, {2, 4}], [{8, 1}, {4, 7}, {2, 6}, {3, 5}], [{8, 1}, {4, 7}, {3, 6}, {2, 5}], [{8, 1}, {4, 7}, {5, 6}, {2, 3}], [{8, 1}, {5, 7}, {2, 6}, {3, 4}], [{8, 1}, {5, 7}, {3, 6}, {2, 4}], [{8, 1}, {5, 7}, {4, 6}, {2, 3}], [{8, 1}, {5, 7}, {6}, {2, 4}, {3}], [{8, 1}, {6, 7}, {2, 5}, {3, 4}], [{8, 1}, {6, 7}, {3, 5}, {2, 4}], [{8, 1}, {6, 7}, {3, 5}, {4}, {2}], [{8, 1}, {6, 7}, {4, 5}, {2, 3}], [{8, 1}, {7}, {2, 6}, {5}, {3, 4}], [{8, 2}, {1, 7}, {3, 6}, {4, 5}], [{8, 2}, {1, 7}, {3, 6}, {5}, {4}], [{8, 2}, {1, 7}, {4, 6}, {3, 5}], [{8, 2}, {1, 7}, {4, 6}, {5}, {3}], [{8, 2}, {1, 7}, {5, 6}, {3, 4}], [{8, 2}, {1, 7}, {5, 6}, {4}, {3}], [{8, 2}, {1, 7}, {6}, {3, 5}, {4}], [{8, 2}, {1, 7}, {6}, {4, 5}, {3}], [{8, 2}, {1, 7}, {6}, {5}, {3, 4}], [{8, 2}, {3, 7}, {1, 6}, {4, 5}], [{8, 2}, {3, 7}, {4, 6}, {1, 5}], [{8, 2}, {3, 7}, {5, 6}, {1, 4}], [{8, 2}, {3, 7}, {6}, {1, 5}, {4}], [{8, 2}, {4, 7}, {1, 6}, {3, 5}], [{8, 2}, {4, 7}, {3, 6}, {1, 5}], [{8, 2}, {4, 7}, {5, 6}, {1, 3}], [{8, 2}, {4, 7}, {6}, {1, 5}, {3}], [{8, 2}, {5, 7}, {1, 6}, {3, 4}], [{8, 2}, {5, 7}, {3, 6}, {1, 4}], [{8, 2}, {5, 7}, {4, 6}, {1, 3}], [{8, 2}, {5, 7}, {6}, {3, 4}, {1}], [{8, 2}, {6, 7}, {1, 5}, {3, 4}], [{8, 2}, {6, 7}, {3, 5}, {1, 4}], [{8, 2}, {6, 7}, {4, 5}, {1, 3}], [{8, 2}, {6, 7}, {4, 5}, {3}, {1}], [{8, 2}, {7}, {1, 6}, {4, 5}, {3}], [{8, 2}, {7}, {6}, {1, 5}, {3, 4}], [{8, 3}, {1, 7}, {2, 6}, {4, 5}], [{8, 3}, {1, 7}, {4, 6}, {2, 5}], [{8, 3}, {1, 7}, {5, 6}, {2, 4}], [{8, 3}, {1, 7}, {5, 6}, {4}, {2}], [{8, 3}, {2, 7}, {1, 6}, {4, 5}], [{8, 3}, {2, 7}, {4, 6}, {1, 5}], [{8, 3}, {2, 7}, {5, 6}, {1, 4}], [{8, 3}, {4, 7}, {1, 6}, {2, 5}], [{8, 3}, {4, 7}, {2, 6}, {1, 5}], [{8, 3}, {4, 7}, {5, 6}, {1, 2}], [{8, 3}, {5, 7}, {1, 6}, {2, 4}], [{8, 3}, {5, 7}, {2, 6}, {1, 4}], [{8, 3}, {5, 7}, {2, 6}, {4}, {1}], [{8, 3}, {5, 7}, {4, 6}, {1, 2}], [{8, 3}, {5, 7}, {4, 6}, {2}, {1}], [{8, 3}, {5, 7}, {6}, {2, 4}, {1}], [{8, 3}, {6, 7}, {1, 5}, {2, 4}], [{8, 3}, {6, 7}, {2, 5}, {1, 4}], [{8, 3}, {6, 7}, {4, 5}, {1, 2}], [{8, 4}, {1, 7}, {2, 6}, {3, 5}], [{8, 4}, {1, 7}, {3, 6}, {2, 5}], [{8, 4}, {1, 7}, {5, 6}, {2, 3}], [{8, 4}, {1, 7}, {5, 6}, {3}, {2}], [{8, 4}, {2, 7}, {1, 6}, {3, 5}], [{8, 4}, {2, 7}, {3, 6}, {1, 5}], [{8, 4}, {2, 7}, {5, 6}, {1, 3}], [{8, 4}, {2, 7}, {6}, {1, 5}, {3}], [{8, 4}, {3, 7}, {1, 6}, {2, 5}], [{8, 4}, {3, 7}, {2, 6}, {1, 5}], [{8, 4}, {3, 7}, {5, 6}, {1, 2}], [{8, 4}, {5, 7}, {1, 6}, {2, 3}], [{8, 4}, {5, 7}, {2, 6}, {1, 3}], [{8, 4}, {5, 7}, {2, 6}, {3}, {1}], [{8, 4}, {5, 7}, {3, 6}, {1, 2}], [{8, 4}, {5, 7}, {3, 6}, {2}, {1}], [{8, 4}, {5, 7}, {6}, {2, 3}, {1}], [{8, 4}, {6, 7}, {1, 5}, {2, 3}], [{8, 4}, {6, 7}, {2, 5}, {1, 3}], [{8, 4}, {6, 7}, {3, 5}, {1, 2}], [{8, 5}, {1, 7}, {2, 6}, {3, 4}], [{8, 5}, {1, 7}, {3, 6}, {2, 4}], [{8, 5}, {1, 7}, {4, 6}, {2, 3}], [{8, 5}, {1, 7}, {6}, {2, 4}, {3}], [{8, 5}, {1, 7}, {6}, {3, 4}, {2}], [{8, 5}, {1, 7}, {6}, {4}, {2, 3}], [{8, 5}, {2, 7}, {1, 6}, {3, 4}], [{8, 5}, {2, 7}, {3, 6}, {1, 4}], [{8, 5}, {2, 7}, {4, 6}, {1, 3}], [{8, 5}, {3, 7}, {1, 6}, {2, 4}], [{8, 5}, {3, 7}, {2, 6}, {1, 4}], [{8, 5}, {3, 7}, {2, 6}, {4}, {1}], [{8, 5}, {3, 7}, {4, 6}, {1, 2}], [{8, 5}, {3, 7}, {6}, {1, 4}, {2}], [{8, 5}, {4, 7}, {1, 6}, {2, 3}], [{8, 5}, {4, 7}, {2, 6}, {1, 3}], [{8, 5}, {4, 7}, {2, 6}, {3}, {1}], [{8, 5}, {4, 7}, {3, 6}, {1, 2}], [{8, 5}, {4, 7}, {6}, {1, 3}, {2}], [{8, 5}, {6, 7}, {1, 4}, {2, 3}], [{8, 5}, {6, 7}, {1, 4}, {3}, {2}], [{8, 5}, {6, 7}, {2, 4}, {1, 3}], [{8, 5}, {6, 7}, {2, 4}, {3}, {1}], [{8, 5}, {6, 7}, {3, 4}, {1, 2}], [{8, 5}, {6, 7}, {4}, {3}, {1, 2}], [{8, 5}, {7}, {1, 6}, {2, 4}, {3}], [{8, 5}, {7}, {2, 6}, {3, 4}, {1}], [{8, 5}, {7}, {3, 6}, {1, 4}, {2}], [{8, 6}, {1, 7}, {2, 5}, {3, 4}], [{8, 6}, {1, 7}, {3, 5}, {2, 4}], [{8, 6}, {1, 7}, {4, 5}, {2, 3}], [{8, 6}, {1, 7}, {5}, {2, 4}, {3}], [{8, 6}, {1, 7}, {5}, {3, 4}, {2}], [{8, 6}, {1, 7}, {5}, {4}, {2, 3}], [{8, 6}, {2, 7}, {1, 5}, {3, 4}], [{8, 6}, {2, 7}, {3, 5}, {1, 4}], [{8, 6}, {2, 7}, {3, 5}, {4}, {1}], [{8, 6}, {2, 7}, {4, 5}, {1, 3}], [{8, 6}, {3, 7}, {1, 5}, {2, 4}], [{8, 6}, {3, 7}, {2, 5}, {1, 4}], [{8, 6}, {3, 7}, {4, 5}, {1, 2}], [{8, 6}, {4, 7}, {1, 5}, {2, 3}], [{8, 6}, {4, 7}, {2, 5}, {1, 3}], [{8, 6}, {4, 7}, {3, 5}, {1, 2}], [{8, 6}, {5, 7}, {1, 4}, {2, 3}], [{8, 6}, {5, 7}, {2, 4}, {1, 3}], [{8, 6}, {5, 7}, {3, 4}, {1, 2}], [{8, 6}, {5, 7}, {3, 4}, {2}, {1}], [{8, 6}, {7}, {1, 5}, {3, 4}, {2}], [{8, 7}, {1, 6}, {2, 5}, {3, 4}], [{8, 7}, {1, 6}, {3, 5}, {2, 4}], [{8, 7}, {1, 6}, {4, 5}, {2, 3}], [{8, 7}, {2, 6}, {1, 5}, {3, 4}], [{8, 7}, {2, 6}, {1, 5}, {4}, {3}], [{8, 7}, {2, 6}, {3, 5}, {1, 4}], [{8, 7}, {2, 6}, {4, 5}, {1, 3}], [{8, 7}, {2, 6}, {5}, {3, 4}, {1}], [{8, 7}, {3, 6}, {1, 5}, {2, 4}], [{8, 7}, {3, 6}, {2, 5}, {1, 4}], [{8, 7}, {3, 6}, {4, 5}, {1, 2}], [{8, 7}, {4, 6}, {1, 5}, {2, 3}], [{8, 7}, {4, 6}, {2, 5}, {1, 3}], [{8, 7}, {4, 6}, {3, 5}, {1, 2}], [{8, 7}, {5, 6}, {1, 4}, {2, 3}], [{8, 7}, {5, 6}, {2, 4}, {1, 3}], [{8, 7}, {5, 6}, {3, 4}, {1, 2}], [{8}, {1, 7}, {2, 6}, {5}, {3, 4}], [{8}, {1, 7}, {3, 6}, {4, 5}, {2}], [{8}, {1, 7}, {4, 6}, {3, 5}, {2}], [{8}, {1, 7}, {5, 6}, {2, 4}, {3}], [{8}, {1, 7}, {5, 6}, {3, 4}, {2}], [{8}, {1, 7}, {5, 6}, {4}, {2, 3}], [{8}, {1, 7}, {5, 6}, {4}, {3}, {2}], [{8}, {1, 7}, {6}, {2, 5}, {3, 4}], [{8}, {1, 7}, {6}, {5}, {3, 4}, {2}], [{8}, {2, 7}, {1, 6}, {5}, {3, 4}], [{8}, {5, 7}, {2, 6}, {3, 4}, {1}], [{8}, {5, 7}, {6}, {2, 4}, {1, 3}], [{8}, {6, 7}, {5}, {3, 4}, {1, 2}], [{8}, {7}, {2, 6}, {1, 5}, {3, 4}], [{8}, {7}, {2, 6}, {5}, {3, 4}, {1}], [{8}, {7}, {3, 6}, {1, 5}, {2, 4}], [{8}, {7}, {4, 6}, {1, 5}, {2, 3}]]",2,- 16 K_1^4 + 8 K_1^3 + 8 K_1^2 K_2 - 10 K_1 K_2 - K_1 + 4 K_2 + 3 K_3 + 5,O1O2O3O4U1U2O5U6U4O7O6U8U7U5O8U3,O1O2O3U4U2O5O4U1O6O7U5U8U6U7O8U3,O1O2O3U1O4U5U6U4U7O5O6U3O8O7U2U8,c,{'O1O2O3O4U2O5U6U7U5O8O7U1U8O6U3U4'},1,"<a href=""/flatknot/8.704261"">8.704261</a>",t^9-75t^7-258t^6+103t^5+1062t^4+410t^3-1328t^2-449t+524,-t^3+2t^2-t,,
8.704262,O1O2O3O4U2O5U6U7U5O8O7U1U8O6U4U3,3,11z^3+57z^2+93z+47,11w^4z^3-8w^4z^2+65w^3z^2+93w^2z+47,True,False,"[[ 0 -2 -2  2  2  2 -2  0  0],[ 2  0  0  3  2  1  0  1  0],[ 2  0  0  2  1  0  2  2  0],[-2 -3 -2  0  0  2 -3 -2 -1],[-2 -2 -1  0  0  2 -3 -2 -1],[-2 -1  0 -2 -2  0 -1 -2 -1],[ 2  0 -2  3  3  1  0  1  1],[ 0 -1 -2  2  2  2 -1  0  0],[ 0  0  0  1  1  1 -1  0  0]]","[[ 0  2  2  2  0  0 -2 -2 -2],[-2  0  2  0 -1 -2 -1 -2 -3],[-2 -2  0 -2 -1 -2  0 -1 -1],[-2  0  2  0 -1 -2 -2 -3 -3],[ 0  1  1  1  0  0  0  0 -1],[ 0  2  2  2  0  0 -2 -1 -1],[ 2  1  0  2  0  2  0  0  2],[ 2  2  1  3  0  1  0  0  0],[ 2  3  1  3  1  1 -2  0  0]]",True,"[-2,-2,-2,0,0,2,2,2,-2,0,1,2,1,2,3,2,1,2,0,1,1,1,2,2,3,3,0,0,0,1,2,1,1,0,-2,0]","[-2,-2,-2,0,0,2,2,2,-2,-2,0,1,3,3,4,0,0,1,1,1,2,0,1,1,2,3,0,1,1,0,1,2,2,0,-2,0]",t^8+72t^6+243t^4+65t^2,"[-2,-2,-2,0,0,2,2,2,-2,0,0,2,2,3,4,0,1,1,1,1,3,1,2,1,2,3,0,0,0,0,1,1,1,0,-2,-2]","[-2,-2,-2,0,0,2,2,2,-2,-2,0,1,3,3,4,0,0,1,1,1,2,0,1,1,2,3,0,1,1,0,1,2,2,0,-2,0]","[-2,-2,-2,0,0,2,2,2,-2,0,1,1,1,3,3,0,0,2,0,1,2,0,1,1,2,3,0,1,1,1,2,2,2,-2,-2,0]",c,"[[{8, 2}, {1, 7}, {4, 6}, {3, 5}], [{8, 2}, {1, 7}, {4, 6}, {5}, {3}], [{8, 3}, {5, 7}, {2, 6}, {1, 4}], [{8, 3}, {5, 7}, {2, 6}, {4}, {1}], [{8, 5}, {3, 7}, {2, 6}, {1, 4}], [{8, 5}, {3, 7}, {2, 6}, {4}, {1}], [{8, 6}, {1, 7}, {3, 5}, {2, 4}], [{8, 6}, {1, 7}, {5}, {2, 4}, {3}]]",1,- 16 K_1^4 + 8 K_1^2 K_2 + 8 K_1^2 + 1,O1O2O3O4U2U1O5U6U4O7O6U8U7U5O8U3,O1O2O3U4U2O5O4U1O6O7U5U8U7U6O8U3,O1O2O3U1O4U5U6U4U7O6O5U3O8O7U2U8,c,{'O1O2O3O4U2O5U6U7U5O8O7U1U8O6U4U3'},1,"<a href=""/flatknot/8.704262"">8.704262</a>",t^9-72t^7-202t^6+227t^5+766t^4-361t^3-980t^2+528t,0,,
8.704263,O1O2O3O4U2O5U6U7U5O8O7U3U1O6U4U8,3,10z^2+71z+103,10w^3z^2-2w^3z+73w^2z+103w,False,False,"[[ 0 -1 -2  0  2  2 -2  0  1],[ 1  0 -1  1  2  1 -1  0  1],[ 2  1  0  1  2  0  1  2  2],[ 0 -1 -1  0  0  1 -1 -1  0],[-2 -2 -2  0  0  2 -3 -3 -1],[-2 -1  0 -1 -2  0 -1 -2 -2],[ 2  1 -1  1  3  1  0  2  2],[ 0  0 -2  1  3  2 -2  0  1],[-1 -1 -2  0  1  2 -2 -1  0]]","[[ 0  2  2  1  0  0 -1 -2 -2],[-2  0  2 -1  0 -3 -2 -2 -3],[-2 -2  0 -2 -1 -2 -1  0 -1],[-1  1  2  0  0 -1 -1 -2 -2],[ 0  0  1  0  0 -1 -1 -1 -1],[ 0  3  2  1  1  0  0 -2 -2],[ 1  2  1  1  1  0  0 -1 -1],[ 2  2  0  2  1  2  1  0  1],[ 2  3  1  2  1  2  1 -1  0]]",True,"[-2,-2,-1,0,0,1,2,2,-2,1,0,3,2,2,3,2,1,2,1,0,1,0,1,1,2,2,1,1,1,1,0,2,2,1,1,-1]","[-2,-2,-1,0,0,1,2,2,-2,-1,0,1,2,3,4,0,-1,2,1,1,2,0,1,1,1,1,1,1,0,0,0,1,1,0,0,-1]",t^8+67t^6+52t^4,"[-2,-2,-1,0,0,1,2,2,-1,0,0,1,1,2,4,0,0,1,1,1,3,1,0,1,1,2,-1,0,-1,0,1,2,1,0,-1,-2]","[-2,-2,-1,0,0,1,2,2,-2,-1,0,1,2,3,4,0,-1,2,1,1,2,0,1,1,1,1,1,1,0,0,0,1,1,0,0,-1]","[-2,-2,-1,0,0,1,2,2,-1,1,1,2,2,1,3,1,1,2,2,0,2,1,0,1,1,2,-1,0,1,0,1,2,3,2,1,-2]",c,"[[{8, 1}, {3, 7}, {4, 6}, {2, 5}], [{8, 1}, {3, 7}, {5, 6}, {2, 4}]]",0,4 K_1^3 - 20 K_1^2 - 8 K_1 K_2 + K_1 + 10 K_2 + 3 K_3 + 11,O1O2O3O4U5U1O6U4U2O7O5U8U7U6O8U3,O1O2O3U4U2O5O6U1O7O4U6U8U5U7O8U3,O1O2O3U1O4U5U6U4U7O8O5U3O7O6U2U8,c,{'O1O2O3O4U2O5U6U7U5O8O7U3U1O6U4U8'},1,"<a href=""/flatknot/8.704263"">8.704263</a>",t^9-67t^7-256t^6-214t^5+52t^4+24t^3-16t^2,0,,
8.704264,O1O2O3O4U2O5U6U7U5O8O7U3U1O6U8U4,4,2z^3+35z^2+114z+105,2w^4z^3+35w^3z^2+114w^2z+105w,False,False,"[[ 0 -1 -2  0  3  2 -2  0  0],[ 1  0 -1  1  3  1 -1  0  0],[ 2  1  0  1  2  0  1  2  1],[ 0 -1 -1  0  1  1 -1 -1 -1],[-3 -3 -2 -1  0  2 -3 -3 -2],[-2 -1  0 -1 -2  0 -1 -2 -2],[ 2  1 -1  1  3  1  0  2  1],[ 0  0 -2  1  3  2 -2  0  0],[ 0  0 -1  1  2  2 -1  0  0]]","[[ 0  3  2  0  0  0 -1 -2 -2],[-3  0  2 -1 -2 -3 -3 -2 -3],[-2 -2  0 -1 -2 -2 -1  0 -1],[ 0  1  1  0 -1 -1 -1 -1 -1],[ 0  2  2  1  0  0  0 -1 -1],[ 0  3  2  1  0  0  0 -2 -2],[ 1  3  1  1  0  0  0 -1 -1],[ 2  2  0  1  1  2  1  0  1],[ 2  3  1  1  1  2  1 -1  0]]",True,"[-3,-2,0,0,0,1,2,2,-2,1,2,3,3,2,3,1,2,2,1,0,1,1,1,1,1,1,0,0,1,1,0,2,2,1,1,-1]","[-3,-2,0,0,0,1,2,2,-2,1,2,3,3,2,3,1,2,2,1,0,1,1,1,1,1,1,0,0,1,1,0,2,2,1,1,-1]",t^8+69t^6+111t^4+42t^2+1,"[-2,-2,-1,0,0,0,2,3,-1,0,0,1,1,4,3,0,0,1,1,3,2,1,0,1,2,1,-1,0,0,0,1,1,2,0,1,3]","[-3,-2,0,0,0,1,2,2,3,0,1,2,1,2,3,0,0,1,2,3,4,0,1,1,0,0,1,1,1,1,0,1,1,0,0,-1]","[-2,-2,-1,0,0,0,2,3,-1,1,1,1,2,1,3,1,1,1,2,0,2,0,1,0,1,3,1,0,2,2,-1,1,1,2,3,-2]",c,"[[{8, 1}, {2, 7}, {3, 6}, {4, 5}], [{8, 1}, {2, 7}, {4, 6}, {3, 5}], [{8, 1}, {2, 7}, {4, 6}, {5}, {3}], [{8, 1}, {2, 7}, {5, 6}, {3, 4}], [{8, 1}, {2, 7}, {6}, {3, 5}, {4}], [{8, 1}, {3, 7}, {2, 6}, {4, 5}], [{8, 1}, {3, 7}, {4, 6}, {2, 5}], [{8, 1}, {3, 7}, {5, 6}, {2, 4}], [{8, 1}, {3, 7}, {5, 6}, {4}, {2}], [{8, 1}, {3, 7}, {6}, {5}, {2, 4}], [{8, 1}, {4, 7}, {2, 6}, {3, 5}], [{8, 1}, {4, 7}, {3, 6}, {2, 5}], [{8, 1}, {4, 7}, {5, 6}, {2, 3}], [{8, 1}, {4, 7}, {5, 6}, {3}, {2}], [{8, 1}, {5, 7}, {2, 6}, {3, 4}], [{8, 1}, {5, 7}, {3, 6}, {2, 4}], [{8, 1}, {5, 7}, {4, 6}, {2, 3}], [{8, 1}, {6, 7}, {2, 5}, {3, 4}], [{8, 1}, {6, 7}, {3, 5}, {2, 4}], [{8, 1}, {6, 7}, {4, 5}, {2, 3}], [{8, 1}, {7}, {5, 6}, {3, 4}, {2}], [{8, 2}, {1, 7}, {3, 6}, {4, 5}], [{8, 2}, {1, 7}, {4, 6}, {3, 5}], [{8, 2}, {1, 7}, {5, 6}, {3, 4}], [{8, 2}, {3, 7}, {1, 6}, {4, 5}], [{8, 2}, {3, 7}, {4, 6}, {1, 5}], [{8, 2}, {3, 7}, {5, 6}, {1, 4}], [{8, 2}, {3, 7}, {5, 6}, {4}, {1}], [{8, 2}, {3, 7}, {6}, {5}, {1, 4}], [{8, 2}, {4, 7}, {1, 6}, {3, 5}], [{8, 2}, {4, 7}, {3, 6}, {1, 5}], [{8, 2}, {4, 7}, {5, 6}, {1, 3}], [{8, 2}, {5, 7}, {1, 6}, {3, 4}], [{8, 2}, {5, 7}, {3, 6}, {1, 4}], [{8, 2}, {5, 7}, {4, 6}, {1, 3}], [{8, 2}, {6, 7}, {1, 5}, {3, 4}], [{8, 2}, {6, 7}, {3, 5}, {1, 4}], [{8, 2}, {6, 7}, {4, 5}, {1, 3}], [{8, 2}, {7}, {4, 6}, {5}, {1, 3}], [{8, 3}, {1, 7}, {2, 6}, {4, 5}], [{8, 3}, {1, 7}, {2, 6}, {5}, {4}], [{8, 3}, {1, 7}, {4, 6}, {2, 5}], [{8, 3}, {1, 7}, {4, 6}, {5}, {2}], [{8, 3}, {1, 7}, {5, 6}, {2, 4}], [{8, 3}, {1, 7}, {5, 6}, {4}, {2}], [{8, 3}, {1, 7}, {6}, {2, 5}, {4}], [{8, 3}, {1, 7}, {6}, {4, 5}, {2}], [{8, 3}, {1, 7}, {6}, {5}, {2, 4}], [{8, 3}, {2, 7}, {1, 6}, {4, 5}], [{8, 3}, {2, 7}, {4, 6}, {1, 5}], [{8, 3}, {2, 7}, {5, 6}, {1, 4}], [{8, 3}, {2, 7}, {6}, {1, 5}, {4}], [{8, 3}, {4, 7}, {1, 6}, {2, 5}], [{8, 3}, {4, 7}, {2, 6}, {1, 5}], [{8, 3}, {4, 7}, {5, 6}, {1, 2}], [{8, 3}, {4, 7}, {6}, {1, 5}, {2}], [{8, 3}, {5, 7}, {1, 6}, {2, 4}], [{8, 3}, {5, 7}, {1, 6}, {4}, {2}], [{8, 3}, {5, 7}, {2, 6}, {1, 4}], [{8, 3}, {5, 7}, {2, 6}, {4}, {1}], [{8, 3}, {5, 7}, {4, 6}, {1, 2}], [{8, 3}, {5, 7}, {4, 6}, {2}, {1}], [{8, 3}, {5, 7}, {6}, {1, 4}, {2}], [{8, 3}, {5, 7}, {6}, {2, 4}, {1}], [{8, 3}, {5, 7}, {6}, {4}, {1, 2}], [{8, 3}, {6, 7}, {1, 5}, {2, 4}], [{8, 3}, {6, 7}, {1, 5}, {4}, {2}], [{8, 3}, {6, 7}, {2, 5}, {1, 4}], [{8, 3}, {6, 7}, {4, 5}, {1, 2}], [{8, 3}, {7}, {2, 6}, {1, 5}, {4}], [{8, 3}, {7}, {4, 6}, {1, 5}, {2}], [{8, 3}, {7}, {6}, {1, 5}, {2, 4}], [{8, 4}, {1, 7}, {2, 6}, {3, 5}], [{8, 4}, {1, 7}, {3, 6}, {2, 5}], [{8, 4}, {1, 7}, {5, 6}, {2, 3}], [{8, 4}, {2, 7}, {1, 6}, {3, 5}], [{8, 4}, {2, 7}, {1, 6}, {5}, {3}], [{8, 4}, {2, 7}, {3, 6}, {1, 5}], [{8, 4}, {2, 7}, {5, 6}, {1, 3}], [{8, 4}, {3, 7}, {1, 6}, {2, 5}], [{8, 4}, {3, 7}, {2, 6}, {1, 5}], [{8, 4}, {3, 7}, {5, 6}, {1, 2}], [{8, 4}, {3, 7}, {5, 6}, {2}, {1}], [{8, 4}, {3, 7}, {6}, {5}, {1, 2}], [{8, 4}, {5, 7}, {1, 6}, {2, 3}], [{8, 4}, {5, 7}, {2, 6}, {1, 3}], [{8, 4}, {5, 7}, {3, 6}, {1, 2}], [{8, 4}, {6, 7}, {1, 5}, {2, 3}], [{8, 4}, {6, 7}, {2, 5}, {1, 3}], [{8, 4}, {6, 7}, {2, 5}, {3}, {1}], [{8, 4}, {6, 7}, {3, 5}, {1, 2}], [{8, 4}, {7}, {2, 6}, {1, 5}, {3}], [{8, 5}, {1, 7}, {2, 6}, {3, 4}], [{8, 5}, {1, 7}, {3, 6}, {2, 4}], [{8, 5}, {1, 7}, {4, 6}, {2, 3}], [{8, 5}, {1, 7}, {6}, {4}, {2, 3}], [{8, 5}, {2, 7}, {1, 6}, {3, 4}], [{8, 5}, {2, 7}, {3, 6}, {1, 4}], [{8, 5}, {2, 7}, {4, 6}, {1, 3}], [{8, 5}, {2, 7}, {6}, {1, 4}, {3}], [{8, 5}, {3, 7}, {1, 6}, {2, 4}], [{8, 5}, {3, 7}, {2, 6}, {1, 4}], [{8, 5}, {3, 7}, {4, 6}, {1, 2}], [{8, 5}, {3, 7}, {6}, {1, 4}, {2}], [{8, 5}, {4, 7}, {1, 6}, {2, 3}], [{8, 5}, {4, 7}, {2, 6}, {1, 3}], [{8, 5}, {4, 7}, {3, 6}, {1, 2}], [{8, 5}, {4, 7}, {6}, {2, 3}, {1}], [{8, 5}, {6, 7}, {1, 4}, {2, 3}], [{8, 5}, {6, 7}, {1, 4}, {3}, {2}], [{8, 5}, {6, 7}, {2, 4}, {1, 3}], [{8, 5}, {6, 7}, {3, 4}, {1, 2}], [{8, 5}, {6, 7}, {4}, {2, 3}, {1}], [{8, 5}, {7}, {1, 6}, {4}, {2, 3}], [{8, 5}, {7}, {2, 6}, {1, 4}, {3}], [{8, 5}, {7}, {3, 6}, {1, 4}, {2}], [{8, 5}, {7}, {4, 6}, {2, 3}, {1}], [{8, 5}, {7}, {6}, {1, 4}, {2, 3}], [{8, 5}, {7}, {6}, {1, 4}, {3}, {2}], [{8, 5}, {7}, {6}, {2, 4}, {1, 3}], [{8, 5}, {7}, {6}, {3, 4}, {1, 2}], [{8, 5}, {7}, {6}, {4}, {2, 3}, {1}], [{8, 6}, {1, 7}, {2, 5}, {3, 4}], [{8, 6}, {1, 7}, {3, 5}, {2, 4}], [{8, 6}, {1, 7}, {4, 5}, {2, 3}], [{8, 6}, {2, 7}, {1, 5}, {3, 4}], [{8, 6}, {2, 7}, {3, 5}, {1, 4}], [{8, 6}, {2, 7}, {4, 5}, {1, 3}], [{8, 6}, {2, 7}, {4, 5}, {3}, {1}], [{8, 6}, {3, 7}, {1, 5}, {2, 4}], [{8, 6}, {3, 7}, {2, 5}, {1, 4}], [{8, 6}, {3, 7}, {4, 5}, {1, 2}], [{8, 6}, {3, 7}, {5}, {1, 4}, {2}], [{8, 6}, {4, 7}, {1, 5}, {2, 3}], [{8, 6}, {4, 7}, {2, 5}, {1, 3}], [{8, 6}, {4, 7}, {3, 5}, {1, 2}], [{8, 6}, {5, 7}, {1, 4}, {2, 3}], [{8, 6}, {5, 7}, {2, 4}, {1, 3}], [{8, 6}, {5, 7}, {3, 4}, {1, 2}], [{8, 6}, {5, 7}, {4}, {1, 3}, {2}], [{8, 7}, {1, 6}, {2, 5}, {3, 4}], [{8, 7}, {1, 6}, {3, 5}, {2, 4}], [{8, 7}, {1, 6}, {4, 5}, {2, 3}], [{8, 7}, {1, 6}, {4, 5}, {3}, {2}], [{8, 7}, {2, 6}, {1, 5}, {3, 4}], [{8, 7}, {2, 6}, {3, 5}, {1, 4}], [{8, 7}, {2, 6}, {4, 5}, {1, 3}], [{8, 7}, {2, 6}, {4, 5}, {3}, {1}], [{8, 7}, {3, 6}, {1, 5}, {2, 4}], [{8, 7}, {3, 6}, {2, 5}, {1, 4}], [{8, 7}, {3, 6}, {4, 5}, {1, 2}], [{8, 7}, {4, 6}, {1, 5}, {2, 3}], [{8, 7}, {4, 6}, {2, 5}, {1, 3}], [{8, 7}, {4, 6}, {3, 5}, {1, 2}], [{8, 7}, {5, 6}, {1, 4}, {2, 3}], [{8, 7}, {5, 6}, {2, 4}, {1, 3}], [{8, 7}, {5, 6}, {3, 4}, {1, 2}], [{8, 7}, {6}, {3, 5}, {1, 4}, {2}], [{8, 7}, {6}, {4, 5}, {3}, {1, 2}], [{8}, {2, 7}, {4, 6}, {3, 5}, {1}], [{8}, {2, 7}, {5, 6}, {3, 4}, {1}], [{8}, {3, 7}, {1, 6}, {2, 5}, {4}], [{8}, {3, 7}, {2, 6}, {5}, {1, 4}], [{8}, {3, 7}, {4, 6}, {2, 5}, {1}], [{8}, {3, 7}, {5, 6}, {1, 4}, {2}], [{8}, {3, 7}, {5, 6}, {2, 4}, {1}], [{8}, {3, 7}, {5, 6}, {4}, {1, 2}], [{8}, {3, 7}, {6}, {2, 5}, {1, 4}], [{8}, {3, 7}, {6}, {5}, {1, 4}, {2}], [{8}, {4, 7}, {6}, {3, 5}, {1, 2}], [{8}, {6, 7}, {5}, {3, 4}, {1, 2}], [{8}, {7}, {2, 6}, {1, 5}, {3, 4}]]",2,16 K_1^3 - 10 K_1^2 - 14 K_1 K_2 - 5 K_1 + 5 K_2 + 3 K_3 + 6,O1O2O3O4U1U5O6U4U2O7O5U8U7U6O8U3,O1O2O3U4U2O5O6U1O4O7U6U8U5U7O8U3,O1O2O3U1O4U5U6U4U7O5O8U3O7O6U2U8,c,{'O1O2O3O4U2O5U6U7U5O8O7U3U1O6U8U4'},1,"<a href=""/flatknot/8.704264"">8.704264</a>",t^9-65t^7-264t^6-202t^5+278t^4+489t^3+332t^2+88t-48,-t^3+t^2+t,,
8.704265,O1O2O3O4U2O5U6U7U5O8O7U3U4O6U1U8,4,7z^3+49z^2+109z+79,7w^4z^3-2w^4z^2+51w^3z^2-4w^3z+113w^2z+79w,False,False,"[[ 0 -1 -2  0  2  2 -2  0  1],[ 1  0 -2  1  3  2 -2  0  1],[ 2  2  0  1  2  0  0  2  2],[ 0 -1 -1  0  1  1 -2 -1  0],[-2 -3 -2 -1  0  1 -3 -3 -1],[-2 -2  0 -1 -1  0 -1 -2 -2],[ 2  2  0  2  3  1  0  2  2],[ 0  0 -2  1  3  2 -2  0  1],[-1 -1 -2  0  1  2 -2 -1  0]]","[[ 0  2  2  1  0  0 -1 -2 -2],[-2  0  1 -1 -1 -3 -3 -2 -3],[-2 -1  0 -2 -1 -2 -2  0 -1],[-1  1  2  0  0 -1 -1 -2 -2],[ 0  1  1  0  0 -1 -1 -1 -2],[ 0  3  2  1  1  0  0 -2 -2],[ 1  3  2  1  1  0  0 -2 -2],[ 2  2  0  2  1  2  2  0  0],[ 2  3  1  2  2  2  2  0  0]]",True,"[-2,-2,-1,0,0,1,2,2,-1,1,1,3,3,2,3,2,1,2,2,0,1,0,1,1,2,2,1,1,1,2,0,2,2,2,2,0]","[-2,-2,-1,0,0,1,2,2,-1,-1,0,1,1,3,4,0,-1,1,0,1,2,0,1,1,1,1,1,1,0,0,0,0,1,-1,-1,0]",t^8+81t^6+112t^4+19t^2,"[-2,-2,-1,0,0,1,2,2,0,-1,0,0,1,1,3,-1,0,1,1,2,4,1,0,1,0,1,-1,0,-1,0,1,1,1,0,-1,-1]","[-2,-2,-1,0,0,1,2,2,-1,-1,0,1,1,3,4,0,-1,1,0,1,2,0,1,1,1,1,1,1,0,0,0,0,1,-1,-1,0]","[-2,-2,-1,0,0,1,2,2,0,2,1,2,2,0,2,2,2,2,2,1,3,1,0,1,2,3,-1,0,1,1,1,2,3,2,1,-1]",c,"[[{8, 1}, {3, 7}, {4, 6}, {2, 5}]]",0,20 K_1^3 - 8 K_1^2 - 16 K_1 K_2 - 7 K_1 + 4 K_2 + 3 K_3 + 5,O1O2O3O4U5U4O6U1U2O7O5U8U7U6O8U3,O1O2O3U4U2O5O6U1O7O4U7U8U5U6O8U3,O1O2O3U1O4U5U6U4U7O8O7U3O5O6U2U8,c,{'O1O2O3O4U2O5U6U7U5O8O7U3U4O6U1U8'},1,"<a href=""/flatknot/8.704265"">8.704265</a>",t^9-81t^7-320t^6-188t^5+122t^4-43t^3-70t^2+48t+24,0,,
8.704266,O1O2O3O4U2O5U6U7U5O8O7U3U8O6U1U4,4,3z^3+29z^2+89z+87,3w^4z^3-4w^4z^2+33w^3z^2-12w^3z+101w^2z+87w,False,False,"[[ 0 -1 -2  0  3  2 -2  0  0],[ 1  0 -1  1  3  2 -1  1  0],[ 2  1  0  1  2  0  1  2  1],[ 0 -1 -1  0  1  1 -2 -1  0],[-3 -3 -2 -1  0  2 -4 -3 -1],[-2 -2  0 -1 -2  0 -1 -2 -1],[ 2  1 -1  2  4  1  0  1  1],[ 0 -1 -2  1  3  2 -1  0  0],[ 0  0 -1  0  1  1 -1  0  0]]","[[ 0  3  2  0  0  0 -1 -2 -2],[-3  0  2 -1 -1 -3 -3 -2 -4],[-2 -2  0 -1 -1 -2 -2  0 -1],[ 0  1  1  0  0  0  0 -1 -1],[ 0  1  1  0  0 -1 -1 -1 -2],[ 0  3  2  0  1  0 -1 -2 -1],[ 1  3  2  0  1  1  0 -1 -1],[ 2  2  0  1  1  2  1  0  1],[ 2  4  1  1  2  1  1 -1  0]]",True,"[-3,-2,0,0,0,1,2,2,-2,1,1,3,3,2,4,1,1,2,2,0,1,0,0,0,1,1,1,1,1,2,1,2,1,1,1,-1]","[-3,-2,0,0,0,1,2,2,-2,1,1,3,3,2,4,1,1,2,2,0,1,0,0,0,1,1,1,1,1,2,1,2,1,1,1,-1]",t^8+73t^6+125t^4+39t^2,"[-2,-2,-1,0,0,0,2,3,-1,0,0,1,1,4,3,0,1,0,1,3,1,0,0,1,1,1,-1,0,0,0,0,1,2,1,2,3]","[-3,-2,0,0,0,1,2,2,3,0,2,2,1,1,3,0,1,1,1,3,4,0,1,0,1,0,0,1,1,1,0,0,1,0,0,-1]","[-2,-2,-1,0,0,0,2,3,-1,1,1,1,2,1,4,1,1,2,1,0,2,0,1,1,2,3,0,0,1,1,1,2,3,1,1,-2]",c,"[[{8, 1}, {2, 7}, {5, 6}, {3, 4}]]",1,12 K_1^3 - 10 K_1^2 - 10 K_1 K_2 - 4 K_1 + 5 K_2 + 2 K_3 + 6,O1O2O3O4U1U4O5U6U2O7O6U8U7U5O8U3,O1O2O3U4U2O5O4U1O6O7U6U8U5U7O8U3,O1O2O3U1O4U5U6U4U7O5O7U3O8O6U2U8,c,{'O1O2O3O4U2O5U6U7U5O8O7U3U8O6U1U4'},1,"<a href=""/flatknot/8.704266"">8.704266</a>",t^9-69t^7-290t^6-300t^5+86t^4+136t^3-8t^2+60t,-t^3+t^2+t,,
8.704267,O1O2O3O4U2O5U6U7U5O8O7U4U1O6U3U8,3,6z^2+47z+71,6w^3z^2+47w^2z+71w,False,False,"[[ 0 -1 -2  1  1  2 -2  0  1],[ 1  0 -1  1  1  1 -1  0  1],[ 2  1  0  2  1  0  1  2  2],[-1 -1 -2  0  1  2 -3 -2  0],[-1 -1 -1 -1  0  1 -2 -2 -1],[-2 -1  0 -2 -1  0 -1 -2 -2],[ 2  1 -1  3  2  1  0  2  2],[ 0  0 -2  2  2  2 -2  0  1],[-1 -1 -2  0  1  2 -2 -1  0]]","[[ 0  2  1  1  1  0 -1 -2 -2],[-2  0 -1 -2 -2 -2 -1  0 -1],[-1  1  0 -1 -1 -2 -1 -1 -2],[-1  2  1  0  0 -1 -1 -2 -2],[-1  2  1  0  0 -2 -1 -2 -3],[ 0  2  2  1  2  0  0 -2 -2],[ 1  1  1  1  1  0  0 -1 -1],[ 2  0  1  2  2  2  1  0  1],[ 2  1  2  2  3  2  1 -1  0]]",True,"[-2,-1,-1,-1,0,1,2,2,1,2,2,2,1,0,1,1,1,2,1,1,2,0,1,1,2,2,2,1,2,3,0,2,2,1,1,-1]","[-2,-2,-1,0,1,1,1,2,-1,0,0,1,1,2,4,0,0,0,1,1,3,1,1,1,1,2,-1,0,-1,0,0,-1,-1,-1,-1,0]",t^8+66t^6+34t^4,"[-2,-2,-1,0,1,1,1,2,-1,0,0,1,1,2,4,0,0,0,1,1,3,1,1,1,1,2,-1,0,-1,0,0,-1,-1,-1,-1,0]","[-2,-1,-1,-1,0,1,2,2,-1,-1,0,0,2,3,4,0,1,-1,1,0,1,1,0,1,1,1,-1,1,1,2,1,0,0,0,0,-1]","[-2,-2,-1,0,1,1,1,2,-1,1,2,2,2,3,1,1,2,1,2,2,0,0,1,1,1,1,2,1,2,2,-1,-1,1,0,2,2]",c,"[[{8, 3}, {4, 7}, {1, 6}, {2, 5}], [{8, 4}, {1, 7}, {3, 6}, {2, 5}], [{8, 4}, {1, 7}, {6}, {2, 5}, {3}]]",1,4 K_1^3 - 18 K_1^2 - 8 K_1 K_2 + K_1 + 9 K_2 + 3 K_3 + 10,O1O2O3O4U5U2O6U4U1O7O5U8U7U6O8U3,O1O2O3U4U2O5O6U1O7O4U6U8U7U5O8U3,O1O2O3U1O4U5U6U4U7O8O6U3O7O5U2U8,c,"{'O1O2O3O4U2O5U6U7U5O8O7U4U1O6U3U8', 'O1O2O3U1O4O5U6U7U5O8O7U2U4O6U3U8'}",2,"<a href=""/flatknot/8.704267"">8.704267</a>",t^9-68t^7-258t^6-225t^5+166t^4+226t^3+6t^2-32t,t^2-2t,,
8.704268,O1O2O3O4U2O5U6U7U5O8O7U4U3O6U1U8,4,6z^3+46z^2+109z+83,6w^4z^3+46w^3z^2-4w^3z+113w^2z+83w,False,False,"[[ 0 -1 -2  1  1  2 -2  0  1],[ 1  0 -2  2  2  2 -2  0  1],[ 2  2  0  2  1  0  0  2  2],[-1 -2 -2  0  0  1 -3 -2  0],[-1 -2 -1  0  0  1 -2 -2 -1],[-2 -2  0 -1 -1  0 -1 -2 -2],[ 2  2  0  3  2  1  0  2  2],[ 0  0 -2  2  2  2 -2  0  1],[-1 -1 -2  0  1  2 -2 -1  0]]","[[ 0  2  1  1  1  0 -1 -2 -2],[-2  0 -1 -1 -2 -2 -2  0 -1],[-1  1  0  0  0 -2 -2 -2 -3],[-1  1  0  0 -1 -2 -2 -1 -2],[-1  2  0  1  0 -1 -1 -2 -2],[ 0  2  2  2  1  0  0 -2 -2],[ 1  2  2  2  1  0  0 -2 -2],[ 2  0  2  1  2  2  2  0  0],[ 2  1  3  2  2  2  2  0  0]]",True,"[-2,-1,-1,-1,0,1,2,2,1,1,2,2,2,0,1,0,0,2,2,2,3,1,2,2,1,2,1,1,2,2,0,2,2,2,2,0]","[-2,-2,-1,0,1,1,1,2,0,-1,0,0,1,1,3,-1,0,1,1,2,4,1,0,1,0,1,-1,0,-1,0,0,0,0,-1,-1,0]",t^8+76t^6+153t^4+16t^2,"[-2,-2,-1,0,1,1,1,2,0,-1,0,0,1,1,3,-1,0,1,1,2,4,1,0,1,0,1,-1,0,-1,0,0,0,0,-1,-1,0]","[-2,-1,-1,-1,0,1,2,2,-1,0,0,0,1,3,4,0,1,0,1,1,1,0,-1,0,0,1,-1,0,1,2,1,0,0,-1,-1,0]","[-2,-2,-1,0,1,1,1,2,0,2,2,1,2,2,0,2,2,2,2,3,1,0,2,1,2,2,2,1,2,2,-1,0,1,0,2,1]",c,"[[{8, 1}, {3, 7}, {4, 6}, {2, 5}], [{8, 1}, {4, 7}, {3, 6}, {2, 5}], [{8, 1}, {6, 7}, {2, 5}, {3, 4}]]",1,8 K_1^3 - 2 K_1^2 - 4 K_1 K_2 - 4 K_1 + K_2 + 2,O1O2O3O4U5U4O6U2U1O7O5U8U7U6O8U3,O1O2O3U4U2O5O6U1O7O4U7U8U6U5O8U3,O1O2O3U1O4U5U6U4U7O8O7U3O6O5U2U8,c,{'O1O2O3O4U2O5U6U7U5O8O7U4U3O6U1U8'},1,"<a href=""/flatknot/8.704268"">8.704268</a>",t^9-78t^7-264t^6+18t^5+244t^4-88t^3-104t^2-50t+18,t^2-2t,,
8.704269,O1O2O3O4U2O5U6U7U5O8O7U4U8O6U1U3,4,25z^2+110z+121,25w^3z^2+110w^2z+121w,False,False,"[[ 0 -1 -2  2  1  2 -2  0  0],[ 1  0 -1  2  1  2 -1  1  0],[ 2  1  0  2  1  0  1  2  1],[-2 -2 -2  0  0  2 -4 -2  0],[-1 -1 -1  0  0  1 -3 -2  0],[-2 -2  0 -2 -1  0 -1 -2 -1],[ 2  1 -1  4  3  1  0  1  1],[ 0 -1 -2  2  2  2 -1  0  0],[ 0  0 -1  0  0  1 -1  0  0]]","[[ 0  2  2  1  0  0 -1 -2 -2],[-2  0  2  0  0 -2 -2 -2 -4],[-2 -2  0 -1 -1 -2 -2  0 -1],[-1  0  1  0  0 -2 -1 -1 -3],[ 0  0  1  0  0  0  0 -1 -1],[ 0  2  2  2  0  0 -1 -2 -1],[ 1  2  2  1  0  1  0 -1 -1],[ 2  2  0  1  1  2  1  0  1],[ 2  4  1  3  1  1  1 -1  0]]",True,"[-2,-2,-1,0,0,1,2,2,-2,0,0,2,2,2,4,1,1,2,2,0,1,0,2,1,1,3,0,0,1,1,1,2,1,1,1,-1]","[-2,-2,-1,0,0,1,2,2,-2,0,0,1,1,3,4,1,0,2,1,0,2,-1,1,1,0,2,0,0,1,0,1,1,1,0,0,-1]",t^8+69t^6+234t^4+104t^2,"[-2,-2,-1,0,0,1,2,2,-1,0,0,1,2,2,4,0,1,1,0,0,3,0,1,1,1,1,0,-1,0,0,1,2,1,1,0,-2]","[-2,-2,-1,0,0,1,2,2,-2,0,0,1,1,3,4,1,0,2,1,0,2,-1,1,1,0,2,0,0,1,0,1,1,1,0,0,-1]","[-2,-2,-1,0,0,1,2,2,-1,1,1,1,3,1,4,1,1,2,1,0,2,0,1,1,2,2,0,0,1,0,2,2,2,1,0,-2]",c,"[[{8, 7}, {3, 6}, {2, 5}, {1, 4}]]",1,8 K_1^3 - 12 K_1^2 - 8 K_1 K_2 - 2 K_1 + 6 K_2 + 2 K_3 + 7,O1O2O3O4U2U4O5U6U1O7O6U8U7U5O8U3,O1O2O3U4U2O5O4U1O6O7U6U8U7U5O8U3,O1O2O3U1O4U5U6U4U7O6O7U3O8O5U2U8,c,{'O1O2O3O4U2O5U6U7U5O8O7U4U8O6U1U3'},1,"<a href=""/flatknot/8.704269"">8.704269</a>",t^9-69t^7-212t^6+34t^5+326t^4-147t^3-64t^2+23t,0,,
8.704270,O1O2O3O4U2O5U6U7U5O8O7U8U1O6U3U4,4,32z^2+117z+107,32w^3z^2+117w^2z+107w,False,False,"[[ 0 -1 -2  1  3  2 -2  0 -1],[ 1  0  0  1  2  1  0  1 -1],[ 2  0  0  1  2  0  2  2  0],[-1 -1 -1  0  1  2 -2 -1 -1],[-3 -2 -2 -1  0  2 -4 -3 -1],[-2 -1  0 -2 -2  0 -1 -2 -1],[ 2  0 -2  2  4  1  0  1  0],[ 0 -1 -2  1  3  2 -1  0 -1],[ 1  1  0  1  1  1  0  1  0]]","[[ 0  3  2  1  0 -1 -1 -2 -2],[-3  0  2 -1 -3 -1 -2 -2 -4],[-2 -2  0 -2 -2 -1 -1  0 -1],[-1  1  2  0 -1 -1 -1 -1 -2],[ 0  3  2  1  0 -1 -1 -2 -1],[ 1  1  1  1  1  0  1  0  0],[ 1  2  1  1  1 -1  0  0  0],[ 2  2  0  1  2  0  0  0  2],[ 2  4  1  2  1  0  0 -2  0]]",True,"[-3,-2,-1,0,1,1,2,2,-2,1,3,1,2,2,4,2,2,1,1,0,1,1,1,1,1,2,1,1,2,1,-1,0,0,0,0,-2]","[-3,-2,-1,0,1,1,2,2,-2,1,3,1,2,2,4,2,2,1,1,0,1,1,1,1,1,2,1,1,2,1,-1,0,0,0,0,-2]",t^8+70t^6+230t^4+72t^2+1,"[-2,-2,-1,-1,0,1,2,3,-2,1,1,0,2,4,3,1,1,1,1,3,1,-1,0,1,2,3,0,1,2,2,0,0,0,-1,1,3]","[-3,-2,-1,0,1,1,2,2,3,1,0,2,3,1,3,-1,0,2,2,3,4,0,1,1,1,2,0,0,1,0,-1,1,1,1,1,-2]","[-2,-2,-1,-1,0,1,2,3,-2,0,0,1,2,1,4,0,0,2,1,0,2,-1,1,1,1,2,1,1,1,1,1,2,3,2,1,-2]",c,"[[{8, 1}, {2, 7}, {3, 6}, {4, 5}], [{8, 1}, {2, 7}, {4, 6}, {3, 5}], [{8, 1}, {2, 7}, {5, 6}, {3, 4}], [{8, 1}, {3, 7}, {2, 6}, {4, 5}], [{8, 1}, {3, 7}, {4, 6}, {2, 5}], [{8, 1}, {3, 7}, {5, 6}, {2, 4}], [{8, 1}, {4, 7}, {2, 6}, {3, 5}], [{8, 1}, {4, 7}, {3, 6}, {2, 5}], [{8, 1}, {4, 7}, {5, 6}, {2, 3}], [{8, 1}, {5, 7}, {2, 6}, {3, 4}], [{8, 1}, {5, 7}, {2, 6}, {4}, {3}], [{8, 1}, {5, 7}, {3, 6}, {2, 4}], [{8, 1}, {5, 7}, {3, 6}, {4}, {2}], [{8, 1}, {5, 7}, {4, 6}, {2, 3}], [{8, 1}, {5, 7}, {4, 6}, {3}, {2}], [{8, 1}, {5, 7}, {6}, {2, 4}, {3}], [{8, 1}, {5, 7}, {6}, {3, 4}, {2}], [{8, 1}, {5, 7}, {6}, {4}, {2, 3}], [{8, 1}, {5, 7}, {6}, {4}, {3}, {2}], [{8, 1}, {6, 7}, {2, 5}, {3, 4}], [{8, 1}, {6, 7}, {3, 5}, {2, 4}], [{8, 1}, {6, 7}, {4, 5}, {2, 3}], [{8, 1}, {7}, {3, 6}, {5}, {2, 4}], [{8, 2}, {1, 7}, {3, 6}, {4, 5}], [{8, 2}, {1, 7}, {4, 6}, {3, 5}], [{8, 2}, {1, 7}, {5, 6}, {3, 4}], [{8, 2}, {1, 7}, {5, 6}, {4}, {3}], [{8, 2}, {3, 7}, {1, 6}, {4, 5}], [{8, 2}, {3, 7}, {4, 6}, {1, 5}], [{8, 2}, {3, 7}, {4, 6}, {5}, {1}], [{8, 2}, {3, 7}, {5, 6}, {1, 4}], [{8, 2}, {3, 7}, {5, 6}, {4}, {1}], [{8, 2}, {3, 7}, {6}, {4, 5}, {1}], [{8, 2}, {4, 7}, {1, 6}, {3, 5}], [{8, 2}, {4, 7}, {3, 6}, {1, 5}], [{8, 2}, {4, 7}, {3, 6}, {5}, {1}], [{8, 2}, {4, 7}, {5, 6}, {1, 3}], [{8, 2}, {4, 7}, {5, 6}, {3}, {1}], [{8, 2}, {4, 7}, {6}, {3, 5}, {1}], [{8, 2}, {5, 7}, {1, 6}, {3, 4}], [{8, 2}, {5, 7}, {1, 6}, {4}, {3}], [{8, 2}, {5, 7}, {3, 6}, {1, 4}], [{8, 2}, {5, 7}, {3, 6}, {4}, {1}], [{8, 2}, {5, 7}, {4, 6}, {1, 3}], [{8, 2}, {5, 7}, {4, 6}, {3}, {1}], [{8, 2}, {5, 7}, {6}, {1, 4}, {3}], [{8, 2}, {5, 7}, {6}, {3, 4}, {1}], [{8, 2}, {5, 7}, {6}, {4}, {1, 3}], [{8, 2}, {5, 7}, {6}, {4}, {3}, {1}], [{8, 2}, {6, 7}, {1, 5}, {3, 4}], [{8, 2}, {6, 7}, {1, 5}, {4}, {3}], [{8, 2}, {6, 7}, {3, 5}, {1, 4}], [{8, 2}, {6, 7}, {3, 5}, {4}, {1}], [{8, 2}, {6, 7}, {4, 5}, {1, 3}], [{8, 2}, {6, 7}, {4, 5}, {3}, {1}], [{8, 2}, {6, 7}, {5}, {1, 4}, {3}], [{8, 2}, {6, 7}, {5}, {3, 4}, {1}], [{8, 2}, {6, 7}, {5}, {4}, {1, 3}], [{8, 2}, {6, 7}, {5}, {4}, {3}, {1}], [{8, 2}, {7}, {3, 6}, {4, 5}, {1}], [{8, 2}, {7}, {4, 6}, {3, 5}, {1}], [{8, 2}, {7}, {5, 6}, {1, 4}, {3}], [{8, 2}, {7}, {5, 6}, {3, 4}, {1}], [{8, 2}, {7}, {5, 6}, {4}, {1, 3}], [{8, 2}, {7}, {5, 6}, {4}, {3}, {1}], [{8, 3}, {1, 7}, {2, 6}, {4, 5}], [{8, 3}, {1, 7}, {4, 6}, {2, 5}], [{8, 3}, {1, 7}, {5, 6}, {2, 4}], [{8, 3}, {2, 7}, {1, 6}, {4, 5}], [{8, 3}, {2, 7}, {4, 6}, {1, 5}], [{8, 3}, {2, 7}, {5, 6}, {1, 4}], [{8, 3}, {4, 7}, {1, 6}, {2, 5}], [{8, 3}, {4, 7}, {2, 6}, {1, 5}], [{8, 3}, {4, 7}, {5, 6}, {1, 2}], [{8, 3}, {5, 7}, {1, 6}, {2, 4}], [{8, 3}, {5, 7}, {2, 6}, {1, 4}], [{8, 3}, {5, 7}, {4, 6}, {1, 2}], [{8, 3}, {5, 7}, {6}, {4}, {1, 2}], [{8, 3}, {6, 7}, {1, 5}, {2, 4}], [{8, 3}, {6, 7}, {2, 5}, {1, 4}], [{8, 3}, {6, 7}, {2, 5}, {4}, {1}], [{8, 3}, {6, 7}, {4, 5}, {1, 2}], [{8, 3}, {6, 7}, {5}, {1, 4}, {2}], [{8, 4}, {1, 7}, {2, 6}, {3, 5}], [{8, 4}, {1, 7}, {3, 6}, {2, 5}], [{8, 4}, {1, 7}, {5, 6}, {2, 3}], [{8, 4}, {1, 7}, {6}, {2, 5}, {3}], [{8, 4}, {1, 7}, {6}, {3, 5}, {2}], [{8, 4}, {1, 7}, {6}, {5}, {2, 3}], [{8, 4}, {2, 7}, {1, 6}, {3, 5}], [{8, 4}, {2, 7}, {3, 6}, {1, 5}], [{8, 4}, {2, 7}, {5, 6}, {1, 3}], [{8, 4}, {2, 7}, {6}, {1, 5}, {3}], [{8, 4}, {3, 7}, {1, 6}, {2, 5}], [{8, 4}, {3, 7}, {2, 6}, {1, 5}], [{8, 4}, {3, 7}, {5, 6}, {1, 2}], [{8, 4}, {5, 7}, {1, 6}, {2, 3}], [{8, 4}, {5, 7}, {2, 6}, {1, 3}], [{8, 4}, {5, 7}, {3, 6}, {1, 2}], [{8, 4}, {5, 7}, {6}, {3}, {1, 2}], [{8, 4}, {6, 7}, {1, 5}, {2, 3}], [{8, 4}, {6, 7}, {1, 5}, {3}, {2}], [{8, 4}, {6, 7}, {2, 5}, {1, 3}], [{8, 4}, {6, 7}, {3, 5}, {1, 2}], [{8, 4}, {7}, {2, 6}, {1, 5}, {3}], [{8, 4}, {7}, {5, 6}, {1, 3}, {2}], [{8, 5}, {1, 7}, {2, 6}, {3, 4}], [{8, 5}, {1, 7}, {3, 6}, {2, 4}], [{8, 5}, {1, 7}, {4, 6}, {2, 3}], [{8, 5}, {1, 7}, {6}, {3, 4}, {2}], [{8, 5}, {2, 7}, {1, 6}, {3, 4}], [{8, 5}, {2, 7}, {3, 6}, {1, 4}], [{8, 5}, {2, 7}, {3, 6}, {4}, {1}], [{8, 5}, {2, 7}, {4, 6}, {1, 3}], [{8, 5}, {2, 7}, {4, 6}, {3}, {1}], [{8, 5}, {2, 7}, {6}, {3, 4}, {1}], [{8, 5}, {3, 7}, {1, 6}, {2, 4}], [{8, 5}, {3, 7}, {1, 6}, {4}, {2}], [{8, 5}, {3, 7}, {2, 6}, {1, 4}], [{8, 5}, {3, 7}, {4, 6}, {1, 2}], [{8, 5}, {3, 7}, {4, 6}, {2}, {1}], [{8, 5}, {3, 7}, {6}, {1, 4}, {2}], [{8, 5}, {4, 7}, {1, 6}, {2, 3}], [{8, 5}, {4, 7}, {2, 6}, {1, 3}], [{8, 5}, {4, 7}, {3, 6}, {1, 2}], [{8, 5}, {4, 7}, {6}, {2, 3}, {1}], [{8, 5}, {6, 7}, {1, 4}, {2, 3}], [{8, 5}, {6, 7}, {1, 4}, {3}, {2}], [{8, 5}, {6, 7}, {2, 4}, {1, 3}], [{8, 5}, {6, 7}, {3, 4}, {1, 2}], [{8, 5}, {6, 7}, {4}, {2, 3}, {1}], [{8, 5}, {7}, {1, 6}, {2, 4}, {3}], [{8, 5}, {7}, {2, 6}, {4}, {1, 3}], [{8, 5}, {7}, {3, 6}, {1, 4}, {2}], [{8, 5}, {7}, {4, 6}, {2, 3}, {1}], [{8, 5}, {7}, {6}, {3, 4}, {1, 2}], [{8, 6}, {1, 7}, {2, 5}, {3, 4}], [{8, 6}, {1, 7}, {3, 5}, {2, 4}], [{8, 6}, {1, 7}, {4, 5}, {2, 3}], [{8, 6}, {1, 7}, {4, 5}, {3}, {2}], [{8, 6}, {2, 7}, {1, 5}, {3, 4}], [{8, 6}, {2, 7}, {3, 5}, {1, 4}], [{8, 6}, {2, 7}, {4, 5}, {1, 3}], [{8, 6}, {2, 7}, {5}, {1, 4}, {3}], [{8, 6}, {3, 7}, {1, 5}, {2, 4}], [{8, 6}, {3, 7}, {2, 5}, {1, 4}], [{8, 6}, {3, 7}, {4, 5}, {1, 2}], [{8, 6}, {3, 7}, {5}, {4}, {1, 2}], [{8, 6}, {4, 7}, {1, 5}, {2, 3}], [{8, 6}, {4, 7}, {2, 5}, {1, 3}], [{8, 6}, {4, 7}, {3, 5}, {1, 2}], [{8, 6}, {5, 7}, {1, 4}, {2, 3}], [{8, 6}, {5, 7}, {2, 4}, {1, 3}], [{8, 6}, {5, 7}, {3, 4}, {1, 2}], [{8, 6}, {5, 7}, {4}, {3}, {1, 2}], [{8, 6}, {7}, {1, 5}, {4}, {2, 3}], [{8, 6}, {7}, {3, 5}, {4}, {1, 2}], [{8, 7}, {1, 6}, {2, 5}, {3, 4}], [{8, 7}, {1, 6}, {3, 5}, {2, 4}], [{8, 7}, {1, 6}, {4, 5}, {2, 3}], [{8, 7}, {2, 6}, {1, 5}, {3, 4}], [{8, 7}, {2, 6}, {1, 5}, {4}, {3}], [{8, 7}, {2, 6}, {3, 5}, {1, 4}], [{8, 7}, {2, 6}, {4, 5}, {1, 3}], [{8, 7}, {3, 6}, {1, 5}, {2, 4}], [{8, 7}, {3, 6}, {2, 5}, {1, 4}], [{8, 7}, {3, 6}, {4, 5}, {1, 2}], [{8, 7}, {4, 6}, {1, 5}, {2, 3}], [{8, 7}, {4, 6}, {2, 5}, {1, 3}], [{8, 7}, {4, 6}, {3, 5}, {1, 2}], [{8, 7}, {5, 6}, {1, 4}, {2, 3}], [{8, 7}, {5, 6}, {2, 4}, {1, 3}], [{8, 7}, {5, 6}, {3, 4}, {1, 2}], [{8, 7}, {6}, {5}, {3, 4}, {1, 2}], [{8}, {3, 7}, {2, 6}, {5}, {1, 4}], [{8}, {3, 7}, {4, 6}, {2, 5}, {1}], [{8}, {4, 7}, {2, 6}, {1, 5}, {3}], [{8}, {5, 7}, {3, 6}, {4}, {1, 2}], [{8}, {5, 7}, {4, 6}, {3}, {1, 2}], [{8}, {5, 7}, {6}, {3, 4}, {1, 2}], [{8}, {5, 7}, {6}, {4}, {3}, {1, 2}], [{8}, {6, 7}, {1, 5}, {2, 4}, {3}], [{8}, {6, 7}, {2, 5}, {1, 4}, {3}], [{8}, {6, 7}, {3, 5}, {1, 4}, {2}], [{8}, {6, 7}, {5}, {1, 4}, {2, 3}], [{8}, {7}, {5, 6}, {2, 4}, {1, 3}]]",2,12 K_1^3 + 4 K_1^2 K_2 - 14 K_1^2 - 18 K_1 K_2 - 4 K_1 K_3 + 7 K_2 + 6 K_3 + K_4 + 7,O1O2O3O4U1U2O5U4U6O7O6U8U7U5O8U3,O1O2O3U4U2O4O5U1O6O7U5U8U6U7O8U3,O1O2O3U1O4U5U6U4U7O5O6U3O7O8U2U8,c,{'O1O2O3O4U2O5U6U7U5O8O7U8U1O6U3U4'},1,"<a href=""/flatknot/8.704270"">8.704270</a>",t^9-66t^7-244t^6-25t^5+896t^4+1189t^3+458t^2+128t+78,-t^3+t^2+t,,
8.704271,O1O2O3O4U2O5U6U7U5O8O7U8U1O6U4U3,4,33z^2+118z+105,33w^3z^2+118w^2z+105w,False,False,"[[ 0 -1 -2  2  2  2 -2  0 -1],[ 1  0  0  2  1  1  0  1 -1],[ 2  0  0  2  1  0  2  2  0],[-2 -2 -2  0  0  2 -3 -2 -1],[-2 -1 -1  0  0  2 -3 -2 -1],[-2 -1  0 -2 -2  0 -1 -2 -1],[ 2  0 -2  3  3  1  0  1  0],[ 0 -1 -2  2  2  2 -1  0 -1],[ 1  1  0  1  1  1  0  1  0]]","[[ 0  2  2  2  0 -1 -1 -2 -2],[-2  0  2  0 -2 -1 -1 -1 -3],[-2 -2  0 -2 -2 -1 -1  0 -1],[-2  0  2  0 -2 -1 -2 -2 -3],[ 0  2  2  2  0 -1 -1 -2 -1],[ 1  1  1  1  1  0  1  0  0],[ 1  1  1  2  1 -1  0  0  0],[ 2  1  0  2  2  0  0  0  2],[ 2  3  1  3  1  0  0 -2  0]]",True,"[-2,-2,-2,0,1,1,2,2,-2,0,2,1,1,1,3,2,2,1,1,0,1,2,1,2,2,3,1,1,2,1,-1,0,0,0,0,-2]","[-2,-2,-2,0,1,1,2,2,-2,-2,0,2,2,3,4,0,0,1,2,1,2,0,2,2,1,3,0,0,1,0,-1,1,1,1,1,-2]",t^8+65t^6+227t^4+91t^2+4,"[-2,-2,-1,-1,0,2,2,2,-2,1,1,0,2,3,4,1,1,1,1,1,3,-1,0,2,2,2,0,1,2,2,0,0,0,0,-2,-2]","[-2,-2,-2,0,1,1,2,2,-2,-2,0,2,2,3,4,0,0,1,2,1,2,0,2,2,1,3,0,0,1,0,-1,1,1,1,1,-2]","[-2,-2,-1,-1,0,2,2,2,-2,0,0,1,1,3,3,0,0,2,0,1,2,-1,1,1,1,2,1,1,1,1,2,2,2,-2,-2,0]",c,"[[{8, 5}, {2, 7}, {4, 6}, {1, 3}]]",1,4 K_1^3 - 6 K_1^2 - 4 K_1 K_2 - K_1 + 3 K_2 + K_3 + 4,O1O2O3O4U2U1O5U4U6O7O6U8U7U5O8U3,O1O2O3U4U2O4O5U1O6O7U5U8U7U6O8U3,O1O2O3U1O4U5U6U4U7O6O5U3O7O8U2U8,c,{'O1O2O3O4U2O5U6U7U5O8O7U8U1O6U4U3'},1,"<a href=""/flatknot/8.704271"">8.704271</a>",t^9-63t^7-196t^6+94t^5+734t^4+507t^3-42t^2+42t+20,-t^2+2t,,
8.704272,O1O2O3O4U2O5U6U7U5O8O7U8U3O6U1U4,4,7z^2+84z+141,7w^3z^2-8w^3z+92w^2z+141w,False,False,"[[ 0 -1 -2  1  3  2 -2  0 -1],[ 1  0 -1  2  3  2 -1  1 -1],[ 2  1  0  1  2  0  1  2  0],[-1 -2 -1  0  0  1 -2 -1 -1],[-3 -3 -2  0  0  2 -4 -3 -1],[-2 -2  0 -1 -2  0 -1 -2 -1],[ 2  1 -1  2  4  1  0  1  0],[ 0 -1 -2  1  3  2 -1  0 -1],[ 1  1  0  1  1  1  0  1  0]]","[[ 0  3  2  1  0 -1 -1 -2 -2],[-3  0  2  0 -3 -1 -3 -2 -4],[-2 -2  0 -1 -2 -1 -2  0 -1],[-1  0  1  0 -1 -1 -2 -1 -2],[ 0  3  2  1  0 -1 -1 -2 -1],[ 1  1  1  1  1  0  1  0  0],[ 1  3  2  2  1 -1  0 -1 -1],[ 2  2  0  1  2  0  1  0  1],[ 2  4  1  2  1  0  1 -1  0]]",True,"[-3,-2,-1,0,1,1,2,2,-2,0,3,1,3,2,4,1,2,1,2,0,1,1,1,2,1,2,1,1,2,1,-1,0,0,1,1,-1]","[-3,-2,-1,0,1,1,2,2,-2,0,3,1,3,2,4,1,2,1,2,0,1,1,1,2,1,2,1,1,2,1,-1,0,0,1,1,-1]",t^8+76t^6+181t^4+72t^2,"[-2,-2,-1,-1,0,1,2,3,-1,0,1,0,2,4,3,0,1,1,1,3,1,1,0,0,1,1,0,1,2,3,0,0,0,0,2,3]","[-3,-2,-1,0,1,1,2,2,3,2,0,1,3,1,3,0,0,1,2,3,4,0,0,1,1,2,0,0,1,0,-1,0,0,1,1,-1]","[-2,-2,-1,-1,0,1,2,3,-1,0,1,1,2,1,4,0,1,2,1,0,2,1,1,1,1,1,1,2,2,3,1,2,3,1,0,-2]",c,"[[{8, 1}, {2, 7}, {3, 6}, {4, 5}], [{8, 1}, {2, 7}, {4, 6}, {3, 5}], [{8, 1}, {2, 7}, {5, 6}, {3, 4}], [{8, 1}, {2, 7}, {6}, {5}, {3, 4}], [{8, 1}, {3, 7}, {2, 6}, {4, 5}], [{8, 1}, {3, 7}, {4, 6}, {2, 5}], [{8, 1}, {3, 7}, {4, 6}, {5}, {2}], [{8, 1}, {3, 7}, {5, 6}, {2, 4}], [{8, 1}, {4, 7}, {2, 6}, {3, 5}], [{8, 1}, {4, 7}, {3, 6}, {2, 5}], [{8, 1}, {4, 7}, {5, 6}, {2, 3}], [{8, 1}, {5, 7}, {2, 6}, {3, 4}], [{8, 1}, {5, 7}, {3, 6}, {2, 4}], [{8, 1}, {5, 7}, {4, 6}, {2, 3}], [{8, 1}, {6, 7}, {2, 5}, {3, 4}], [{8, 1}, {6, 7}, {3, 5}, {2, 4}], [{8, 1}, {6, 7}, {4, 5}, {2, 3}], [{8, 2}, {1, 7}, {3, 6}, {4, 5}], [{8, 2}, {1, 7}, {4, 6}, {3, 5}], [{8, 2}, {1, 7}, {4, 6}, {5}, {3}], [{8, 2}, {1, 7}, {5, 6}, {3, 4}], [{8, 2}, {3, 7}, {1, 6}, {4, 5}], [{8, 2}, {3, 7}, {1, 6}, {5}, {4}], [{8, 2}, {3, 7}, {4, 6}, {1, 5}], [{8, 2}, {3, 7}, {5, 6}, {1, 4}], [{8, 2}, {4, 7}, {1, 6}, {3, 5}], [{8, 2}, {4, 7}, {3, 6}, {1, 5}], [{8, 2}, {4, 7}, {5, 6}, {1, 3}], [{8, 2}, {4, 7}, {6}, {3, 5}, {1}], [{8, 2}, {5, 7}, {1, 6}, {3, 4}], [{8, 2}, {5, 7}, {3, 6}, {1, 4}], [{8, 2}, {5, 7}, {4, 6}, {1, 3}], [{8, 2}, {6, 7}, {1, 5}, {3, 4}], [{8, 2}, {6, 7}, {3, 5}, {1, 4}], [{8, 2}, {6, 7}, {4, 5}, {1, 3}], [{8, 3}, {1, 7}, {2, 6}, {4, 5}], [{8, 3}, {1, 7}, {4, 6}, {2, 5}], [{8, 3}, {1, 7}, {5, 6}, {2, 4}], [{8, 3}, {2, 7}, {1, 6}, {4, 5}], [{8, 3}, {2, 7}, {4, 6}, {1, 5}], [{8, 3}, {2, 7}, {5, 6}, {1, 4}], [{8, 3}, {2, 7}, {6}, {1, 5}, {4}], [{8, 3}, {4, 7}, {1, 6}, {2, 5}], [{8, 3}, {4, 7}, {2, 6}, {1, 5}], [{8, 3}, {4, 7}, {5, 6}, {1, 2}], [{8, 3}, {4, 7}, {5, 6}, {2}, {1}], [{8, 3}, {5, 7}, {1, 6}, {2, 4}], [{8, 3}, {5, 7}, {2, 6}, {1, 4}], [{8, 3}, {5, 7}, {4, 6}, {1, 2}], [{8, 3}, {6, 7}, {1, 5}, {2, 4}], [{8, 3}, {6, 7}, {2, 5}, {1, 4}], [{8, 3}, {6, 7}, {4, 5}, {1, 2}], [{8, 3}, {6, 7}, {5}, {1, 4}, {2}], [{8, 4}, {1, 7}, {2, 6}, {3, 5}], [{8, 4}, {1, 7}, {3, 6}, {2, 5}], [{8, 4}, {1, 7}, {5, 6}, {2, 3}], [{8, 4}, {1, 7}, {6}, {2, 5}, {3}], [{8, 4}, {2, 7}, {1, 6}, {3, 5}], [{8, 4}, {2, 7}, {3, 6}, {1, 5}], [{8, 4}, {2, 7}, {5, 6}, {1, 3}], [{8, 4}, {2, 7}, {6}, {1, 5}, {3}], [{8, 4}, {3, 7}, {1, 6}, {2, 5}], [{8, 4}, {3, 7}, {2, 6}, {1, 5}], [{8, 4}, {3, 7}, {5, 6}, {1, 2}], [{8, 4}, {3, 7}, {6}, {1, 5}, {2}], [{8, 4}, {5, 7}, {1, 6}, {2, 3}], [{8, 4}, {5, 7}, {2, 6}, {1, 3}], [{8, 4}, {5, 7}, {3, 6}, {1, 2}], [{8, 4}, {6, 7}, {1, 5}, {2, 3}], [{8, 4}, {6, 7}, {2, 5}, {1, 3}], [{8, 4}, {6, 7}, {3, 5}, {1, 2}], [{8, 4}, {6, 7}, {5}, {1, 3}, {2}], [{8, 4}, {7}, {6}, {1, 5}, {2, 3}], [{8, 5}, {1, 7}, {2, 6}, {3, 4}], [{8, 5}, {1, 7}, {3, 6}, {2, 4}], [{8, 5}, {1, 7}, {3, 6}, {4}, {2}], [{8, 5}, {1, 7}, {4, 6}, {2, 3}], [{8, 5}, {1, 7}, {6}, {2, 4}, {3}], [{8, 5}, {2, 7}, {1, 6}, {3, 4}], [{8, 5}, {2, 7}, {3, 6}, {1, 4}], [{8, 5}, {2, 7}, {4, 6}, {1, 3}], [{8, 5}, {2, 7}, {6}, {1, 4}, {3}], [{8, 5}, {2, 7}, {6}, {3, 4}, {1}], [{8, 5}, {2, 7}, {6}, {4}, {1, 3}], [{8, 5}, {3, 7}, {1, 6}, {2, 4}], [{8, 5}, {3, 7}, {1, 6}, {4}, {2}], [{8, 5}, {3, 7}, {2, 6}, {1, 4}], [{8, 5}, {3, 7}, {4, 6}, {1, 2}], [{8, 5}, {3, 7}, {6}, {2, 4}, {1}], [{8, 5}, {4, 7}, {1, 6}, {2, 3}], [{8, 5}, {4, 7}, {2, 6}, {1, 3}], [{8, 5}, {4, 7}, {3, 6}, {1, 2}], [{8, 5}, {4, 7}, {6}, {1, 3}, {2}], [{8, 5}, {6, 7}, {1, 4}, {2, 3}], [{8, 5}, {6, 7}, {1, 4}, {3}, {2}], [{8, 5}, {6, 7}, {2, 4}, {1, 3}], [{8, 5}, {6, 7}, {2, 4}, {3}, {1}], [{8, 5}, {6, 7}, {3, 4}, {1, 2}], [{8, 5}, {6, 7}, {3, 4}, {2}, {1}], [{8, 5}, {6, 7}, {4}, {1, 3}, {2}], [{8, 5}, {6, 7}, {4}, {2, 3}, {1}], [{8, 5}, {6, 7}, {4}, {3}, {1, 2}], [{8, 5}, {6, 7}, {4}, {3}, {2}, {1}], [{8, 5}, {7}, {1, 6}, {2, 4}, {3}], [{8, 5}, {7}, {2, 6}, {1, 4}, {3}], [{8, 5}, {7}, {2, 6}, {3, 4}, {1}], [{8, 5}, {7}, {2, 6}, {4}, {1, 3}], [{8, 5}, {7}, {3, 6}, {2, 4}, {1}], [{8, 5}, {7}, {4, 6}, {1, 3}, {2}], [{8, 5}, {7}, {6}, {2, 4}, {1, 3}], [{8, 5}, {7}, {6}, {4}, {1, 3}, {2}], [{8, 6}, {1, 7}, {2, 5}, {3, 4}], [{8, 6}, {1, 7}, {3, 5}, {2, 4}], [{8, 6}, {1, 7}, {3, 5}, {4}, {2}], [{8, 6}, {1, 7}, {4, 5}, {2, 3}], [{8, 6}, {1, 7}, {4, 5}, {3}, {2}], [{8, 6}, {1, 7}, {5}, {3, 4}, {2}], [{8, 6}, {2, 7}, {1, 5}, {3, 4}], [{8, 6}, {2, 7}, {3, 5}, {1, 4}], [{8, 6}, {2, 7}, {4, 5}, {1, 3}], [{8, 6}, {3, 7}, {1, 5}, {2, 4}], [{8, 6}, {3, 7}, {2, 5}, {1, 4}], [{8, 6}, {3, 7}, {4, 5}, {1, 2}], [{8, 6}, {3, 7}, {5}, {2, 4}, {1}], [{8, 6}, {4, 7}, {1, 5}, {2, 3}], [{8, 6}, {4, 7}, {2, 5}, {1, 3}], [{8, 6}, {4, 7}, {3, 5}, {1, 2}], [{8, 6}, {5, 7}, {1, 4}, {2, 3}], [{8, 6}, {5, 7}, {2, 4}, {1, 3}], [{8, 6}, {5, 7}, {3, 4}, {1, 2}], [{8, 6}, {7}, {1, 5}, {2, 4}, {3}], [{8, 7}, {1, 6}, {2, 5}, {3, 4}], [{8, 7}, {1, 6}, {3, 5}, {2, 4}], [{8, 7}, {1, 6}, {4, 5}, {2, 3}], [{8, 7}, {1, 6}, {4, 5}, {3}, {2}], [{8, 7}, {2, 6}, {1, 5}, {3, 4}], [{8, 7}, {2, 6}, {3, 5}, {1, 4}], [{8, 7}, {2, 6}, {4, 5}, {1, 3}], [{8, 7}, {3, 6}, {1, 5}, {2, 4}], [{8, 7}, {3, 6}, {2, 5}, {1, 4}], [{8, 7}, {3, 6}, {4, 5}, {1, 2}], [{8, 7}, {3, 6}, {5}, {4}, {1, 2}], [{8, 7}, {4, 6}, {1, 5}, {2, 3}], [{8, 7}, {4, 6}, {2, 5}, {1, 3}], [{8, 7}, {4, 6}, {3, 5}, {1, 2}], [{8, 7}, {4, 6}, {5}, {2, 3}, {1}], [{8, 7}, {5, 6}, {1, 4}, {2, 3}], [{8, 7}, {5, 6}, {2, 4}, {1, 3}], [{8, 7}, {5, 6}, {3, 4}, {1, 2}], [{8, 7}, {6}, {3, 5}, {2, 4}, {1}], [{8}, {2, 7}, {6}, {1, 5}, {3, 4}], [{8}, {3, 7}, {1, 6}, {2, 5}, {4}], [{8}, {3, 7}, {2, 6}, {4, 5}, {1}], [{8}, {3, 7}, {4, 6}, {2, 5}, {1}], [{8}, {3, 7}, {5, 6}, {2, 4}, {1}], [{8}, {3, 7}, {6}, {2, 5}, {1, 4}], [{8}, {4, 7}, {1, 6}, {3, 5}, {2}], [{8}, {4, 7}, {5, 6}, {3}, {1, 2}], [{8}, {5, 7}, {3, 6}, {1, 4}, {2}], [{8}, {6, 7}, {3, 5}, {1, 4}, {2}], [{8}, {6, 7}, {4, 5}, {1, 3}, {2}]]",2,16 K_1^3 + 4 K_1^2 K_2 - 42 K_1^2 - 34 K_1 K_2 - 8 K_1 K_3 + 5 K_1 - 4 K_2^2 + 23 K_2 + 13 K_3 + 5 K_4 + 23,O1O2O3O4U1U4O5U2U6O7O6U8U7U5O8U3,O1O2O3U4U2O4O5U1O6O7U6U8U5U7O8U3,O1O2O3U1O4U5U6U4U7O5O7U3O6O8U2U8,c,{'O1O2O3O4U2O5U6U7U5O8O7U8U3O6U1U4'},1,"<a href=""/flatknot/8.704272"">8.704272</a>",t^9-72t^7-278t^6-122t^5+534t^4+431t^3+14t^2+55t-68,-t^3+t^2+t,,
8.704273,O1O2O3O4U2O5U6U7U5O8O7U8U4O6U1U3,3,81z+163,81w^2z+163w,False,False,"[[ 0 -1 -2  2  2  2 -2  0 -1],[ 1  0 -1  2  2  2 -1  1 -1],[ 2  1  0  2  1  0  1  2  0],[-2 -2 -2  0  1  2 -4 -2 -1],[-2 -2 -1 -1  0  1 -3 -2 -1],[-2 -2  0 -2 -1  0 -1 -2 -1],[ 2  1 -1  4  3  1  0  1  0],[ 0 -1 -2  2  2  2 -1  0 -1],[ 1  1  0  1  1  1  0  1  0]]","[[ 0  2  2  2  0 -1 -1 -2 -2],[-2  0  2  1 -2 -1 -2 -2 -4],[-2 -2  0 -1 -2 -1 -2  0 -1],[-2 -1  1  0 -2 -1 -2 -1 -3],[ 0  2  2  2  0 -1 -1 -2 -1],[ 1  1  1  1  1  0  1  0  0],[ 1  2  2  2  1 -1  0 -1 -1],[ 2  2  0  1  2  0  1  0  1],[ 2  4  1  3  1  0  1 -1  0]]",True,"[-2,-2,-2,0,1,1,2,2,-2,-1,2,1,2,2,4,1,2,1,2,0,1,2,1,2,1,3,1,1,2,1,-1,0,0,1,1,-1]","[-2,-2,-2,0,1,1,2,2,-2,-1,0,1,2,3,4,1,0,1,2,0,2,0,1,2,1,3,0,0,1,0,-1,0,0,1,1,-1]",t^8+75t^6+201t^4+86t^2,"[-2,-2,-1,-1,0,2,2,2,-1,0,1,0,2,3,4,0,1,1,0,1,3,1,0,1,1,1,0,2,2,2,0,0,0,-1,-2,-1]","[-2,-2,-2,0,1,1,2,2,-2,-1,0,1,2,3,4,1,0,1,2,0,2,0,1,2,1,3,0,0,1,0,-1,0,0,1,1,-1]","[-2,-2,-1,-1,0,2,2,2,-1,0,1,1,1,3,4,0,1,2,0,1,2,1,1,1,1,1,1,2,2,2,2,2,2,-1,-2,-1]",c,"[[{8, 4}, {2, 7}, {5, 6}, {1, 3}], [{8, 4}, {2, 7}, {5, 6}, {3}, {1}], [{8, 4}, {5, 7}, {2, 6}, {1, 3}]]",1,- 38 K_1^2 - 40 K_1 K_2 - 4 K_1 K_3 + 20 K_1 - 12 K_2^2 + 21 K_2 + 20 K_3 + 8 K_4 + 26,O1O2O3O4U2U4O5U1U6O7O6U8U7U5O8U3,O1O2O3U4U2O4O5U1O6O7U6U8U7U5O8U3,O1O2O3U1O4U5U6U4U7O6O7U3O5O8U2U8,c,{'O1O2O3O4U2O5U6U7U5O8O7U8U4O6U1U3'},1,"<a href=""/flatknot/8.704273"">8.704273</a>",t^9-73t^7-296t^6-208t^5+468t^4+532t^3+104t^2+116t+80,-t^2+2t,,
8.704274,O1O2O3O4U3O5U1U2U4O6O7U5U7O8U6U8,4,4z^3+34z^2+103z+103,4w^4z^3+34w^3z^2+103w^2z+103w,False,False,"[[ 0 -3 -1 -1  2  1  0  1  1],[ 3  0  1  0  3  3  1  1  0],[ 1 -1  0  0  2  2  1  1  0],[ 1  0  0  0  1  1  0  0  0],[-2 -3 -2 -1  0  1  1  1  0],[-1 -3 -2 -1 -1  0  2  1  1],[ 0 -1 -1  0 -1 -2  0  0  1],[-1 -1 -1  0 -1 -1  0  0  0],[-1  0  0  0  0 -1 -1  0  0]]","[[ 0  2  1  1  1  0 -1 -1 -3],[-2  0  1  1  0  1 -1 -2 -3],[-1 -1  0  1  1  2 -1 -2 -3],[-1 -1 -1  0  0  0  0 -1 -1],[-1  0 -1  0  0 -1  0  0  0],[ 0 -1 -2  0  1  0  0 -1 -1],[ 1  1  1  0  0  0  0  0  0],[ 1  2  2  1  0  1  0  0 -1],[ 3  3  3  1  0  1  0  1  0]]",True,"[-2,-1,-1,-1,0,1,1,3,-1,-1,0,-1,1,2,3,-1,-1,-2,1,2,3,0,0,0,1,1,1,0,0,0,0,1,1,0,0,1]","[-3,-1,-1,0,1,1,1,2,0,1,1,0,1,3,3,0,0,0,0,1,1,1,0,1,2,2,1,0,-2,-1,0,-1,0,-1,-1,-1]",t^8+43t^6+86t^4+17t^2,"[-3,-1,-1,0,1,1,1,2,1,2,2,1,3,4,2,0,0,0,1,2,1,1,1,2,2,2,3,1,0,3,-1,-1,2,0,2,1]","[-2,-1,-1,-1,0,1,1,3,1,2,2,3,1,2,2,-1,0,0,2,2,4,1,3,0,1,1,1,1,2,3,0,1,2,0,1,2]","[-3,-1,-1,0,1,1,1,2,0,1,1,0,1,3,3,0,0,0,0,1,1,1,0,1,2,2,1,0,-2,-1,0,-1,0,-1,-1,-1]",c,"[[{8, 1}, {5, 7}, {4, 6}, {2, 3}], [{8, 3}, {5, 7}, {4, 6}, {1, 2}]]",1,- 8 K_1^4 + 28 K_1^3 + 20 K_1^2 K_2 - 26 K_1^2 - 26 K_1 K_2 - 12 K_1 K_3 - 8 K_1 - 2 K_2^2 + 13 K_2 + 6 K_3 + 3 K_4 + 13,O1O2O3O4U5U6O5U7U8O7O6U1U3U4O8U2,O1O2O3U4U5O6O5U7O4O7U1U2U8U3O8U6,O1O2O3U4O5U1U5U2U3O6O7U6O8O4U8U7,c,{'O1O2O3O4U3O5U1U2U4O6O7U5U7O8U6U8'},1,"<a href=""/flatknot/8.704274"">8.704274</a>",t^9-47t^7-110t^6+17t^5+218t^4+187t^3+38t^2-28t-20,t^3-t^2-t,,
8.704275,O1O2O3O4U3O5U1U2U4O6O7U6U5O8U7U8,4,7z^3+42z^2+90z+69,7w^4z^3+42w^3z^2+90w^2z+69w,False,False,"[[ 0 -3 -1 -1  2  2 -1  1  1],[ 3  0  1  0  3  3  0  1  0],[ 1 -1  0  0  2  2  0  1  0],[ 1  0  0  0  1  1  0  0  0],[-2 -3 -2 -1  0  1  0  1  0],[-2 -3 -2 -1 -1  0  0  2  1],[ 1  0  0  0  0  0  0  1  1],[-1 -1 -1  0 -1 -2 -1  0  1],[-1  0  0  0  0 -1 -1 -1  0]]","[[ 0  2  2  1  1 -1 -1 -1 -3],[-2  0  1  1  0  0 -1 -2 -3],[-2 -1  0  2  1  0 -1 -2 -3],[-1 -1 -2  0  1 -1  0 -1 -1],[-1  0 -1 -1  0 -1  0  0  0],[ 1  0  0  1  1  0  0  0  0],[ 1  1  1  0  0  0  0  0  0],[ 1  2  2  1  0  0  0  0 -1],[ 3  3  3  1  0  0  0  1  0]]",True,"[-2,-2,-1,-1,1,1,1,3,-1,-1,0,0,1,2,3,-2,-1,0,1,2,3,-1,1,0,1,1,1,0,0,0,0,0,0,0,0,1]","[-3,-1,-1,-1,1,1,2,2,0,0,1,0,1,3,3,0,0,0,0,1,1,0,1,1,0,0,0,1,2,2,-1,-1,0,-2,-1,-1]",t^8+41t^6+134t^4+19t^2,"[-3,-1,-1,-1,1,1,2,2,1,2,2,3,4,2,2,0,0,1,2,1,1,0,1,1,3,3,2,2,2,2,-1,2,3,1,2,-1]","[-2,-2,-1,-1,1,1,1,3,-1,2,3,1,2,3,2,1,2,1,2,3,2,-1,2,2,1,4,1,2,1,3,0,0,1,0,2,2]","[-3,-1,-1,-1,1,1,2,2,0,0,1,0,1,3,3,0,0,0,0,1,1,0,1,1,0,0,0,1,2,2,-1,-1,0,-2,-1,-1]",c,"[[{8, 1}, {2, 7}, {3, 6}, {4, 5}], [{8, 1}, {2, 7}, {4, 6}, {3, 5}], [{8, 1}, {2, 7}, {4, 6}, {5}, {3}], [{8, 1}, {2, 7}, {5, 6}, {3, 4}], [{8, 1}, {2, 7}, {6}, {3, 5}, {4}], [{8, 1}, {3, 7}, {2, 6}, {4, 5}], [{8, 1}, {3, 7}, {4, 6}, {2, 5}], [{8, 1}, {3, 7}, {5, 6}, {2, 4}], [{8, 1}, {4, 7}, {2, 6}, {3, 5}], [{8, 1}, {4, 7}, {2, 6}, {5}, {3}], [{8, 1}, {4, 7}, {3, 6}, {2, 5}], [{8, 1}, {4, 7}, {5, 6}, {2, 3}], [{8, 1}, {4, 7}, {6}, {3, 5}, {2}], [{8, 1}, {5, 7}, {2, 6}, {3, 4}], [{8, 1}, {5, 7}, {3, 6}, {2, 4}], [{8, 1}, {5, 7}, {4, 6}, {2, 3}], [{8, 1}, {6, 7}, {2, 5}, {3, 4}], [{8, 1}, {6, 7}, {3, 5}, {2, 4}], [{8, 1}, {6, 7}, {3, 5}, {4}, {2}], [{8, 1}, {6, 7}, {4, 5}, {2, 3}], [{8, 1}, {6, 7}, {4, 5}, {3}, {2}], [{8, 1}, {6, 7}, {5}, {3, 4}, {2}], [{8, 1}, {7}, {2, 6}, {3, 5}, {4}], [{8, 1}, {7}, {4, 6}, {3, 5}, {2}], [{8, 1}, {7}, {6}, {3, 5}, {2, 4}], [{8, 1}, {7}, {6}, {3, 5}, {4}, {2}], [{8, 2}, {1, 7}, {3, 6}, {4, 5}], [{8, 2}, {1, 7}, {4, 6}, {3, 5}], [{8, 2}, {1, 7}, {4, 6}, {5}, {3}], [{8, 2}, {1, 7}, {5, 6}, {3, 4}], [{8, 2}, {1, 7}, {6}, {3, 5}, {4}], [{8, 2}, {3, 7}, {1, 6}, {4, 5}], [{8, 2}, {3, 7}, {4, 6}, {1, 5}], [{8, 2}, {3, 7}, {5, 6}, {1, 4}], [{8, 2}, {4, 7}, {1, 6}, {3, 5}], [{8, 2}, {4, 7}, {3, 6}, {1, 5}], [{8, 2}, {4, 7}, {5, 6}, {1, 3}], [{8, 2}, {4, 7}, {5, 6}, {3}, {1}], [{8, 2}, {5, 7}, {1, 6}, {3, 4}], [{8, 2}, {5, 7}, {3, 6}, {1, 4}], [{8, 2}, {5, 7}, {4, 6}, {1, 3}], [{8, 2}, {6, 7}, {1, 5}, {3, 4}], [{8, 2}, {6, 7}, {3, 5}, {1, 4}], [{8, 2}, {6, 7}, {4, 5}, {1, 3}], [{8, 2}, {7}, {4, 6}, {3, 5}, {1}], [{8, 3}, {1, 7}, {2, 6}, {4, 5}], [{8, 3}, {1, 7}, {4, 6}, {2, 5}], [{8, 3}, {1, 7}, {5, 6}, {2, 4}], [{8, 3}, {2, 7}, {1, 6}, {4, 5}], [{8, 3}, {2, 7}, {1, 6}, {5}, {4}], [{8, 3}, {2, 7}, {4, 6}, {1, 5}], [{8, 3}, {2, 7}, {4, 6}, {5}, {1}], [{8, 3}, {2, 7}, {5, 6}, {1, 4}], [{8, 3}, {2, 7}, {5, 6}, {4}, {1}], [{8, 3}, {2, 7}, {6}, {1, 5}, {4}], [{8, 3}, {2, 7}, {6}, {4, 5}, {1}], [{8, 3}, {2, 7}, {6}, {5}, {1, 4}], [{8, 3}, {4, 7}, {1, 6}, {2, 5}], [{8, 3}, {4, 7}, {2, 6}, {1, 5}], [{8, 3}, {4, 7}, {5, 6}, {1, 2}], [{8, 3}, {5, 7}, {1, 6}, {2, 4}], [{8, 3}, {5, 7}, {2, 6}, {1, 4}], [{8, 3}, {5, 7}, {4, 6}, {1, 2}], [{8, 3}, {6, 7}, {1, 5}, {2, 4}], [{8, 3}, {6, 7}, {2, 5}, {1, 4}], [{8, 3}, {6, 7}, {4, 5}, {1, 2}], [{8, 3}, {6, 7}, {5}, {2, 4}, {1}], [{8, 4}, {1, 7}, {2, 6}, {3, 5}], [{8, 4}, {1, 7}, {3, 6}, {2, 5}], [{8, 4}, {1, 7}, {5, 6}, {2, 3}], [{8, 4}, {2, 7}, {1, 6}, {3, 5}], [{8, 4}, {2, 7}, {3, 6}, {1, 5}], [{8, 4}, {2, 7}, {5, 6}, {1, 3}], [{8, 4}, {2, 7}, {6}, {5}, {1, 3}], [{8, 4}, {3, 7}, {1, 6}, {2, 5}], [{8, 4}, {3, 7}, {2, 6}, {1, 5}], [{8, 4}, {3, 7}, {5, 6}, {1, 2}], [{8, 4}, {5, 7}, {1, 6}, {2, 3}], [{8, 4}, {5, 7}, {2, 6}, {1, 3}], [{8, 4}, {5, 7}, {3, 6}, {1, 2}], [{8, 4}, {5, 7}, {6}, {3}, {1, 2}], [{8, 4}, {6, 7}, {1, 5}, {2, 3}], [{8, 4}, {6, 7}, {2, 5}, {1, 3}], [{8, 4}, {6, 7}, {3, 5}, {1, 2}], [{8, 4}, {7}, {1, 6}, {2, 5}, {3}], [{8, 4}, {7}, {1, 6}, {3, 5}, {2}], [{8, 4}, {7}, {1, 6}, {5}, {2, 3}], [{8, 4}, {7}, {5, 6}, {2, 3}, {1}], [{8, 4}, {7}, {6}, {1, 5}, {2, 3}], [{8, 5}, {1, 7}, {2, 6}, {3, 4}], [{8, 5}, {1, 7}, {2, 6}, {4}, {3}], [{8, 5}, {1, 7}, {3, 6}, {2, 4}], [{8, 5}, {1, 7}, {4, 6}, {2, 3}], [{8, 5}, {2, 7}, {1, 6}, {3, 4}], [{8, 5}, {2, 7}, {3, 6}, {1, 4}], [{8, 5}, {2, 7}, {4, 6}, {1, 3}], [{8, 5}, {2, 7}, {4, 6}, {3}, {1}], [{8, 5}, {3, 7}, {1, 6}, {2, 4}], [{8, 5}, {3, 7}, {2, 6}, {1, 4}], [{8, 5}, {3, 7}, {4, 6}, {1, 2}], [{8, 5}, {4, 7}, {1, 6}, {2, 3}], [{8, 5}, {4, 7}, {2, 6}, {1, 3}], [{8, 5}, {4, 7}, {3, 6}, {1, 2}], [{8, 5}, {4, 7}, {6}, {3}, {1, 2}], [{8, 5}, {6, 7}, {1, 4}, {2, 3}], [{8, 5}, {6, 7}, {2, 4}, {1, 3}], [{8, 5}, {6, 7}, {3, 4}, {1, 2}], [{8, 5}, {6, 7}, {4}, {1, 3}, {2}], [{8, 6}, {1, 7}, {2, 5}, {3, 4}], [{8, 6}, {1, 7}, {2, 5}, {4}, {3}], [{8, 6}, {1, 7}, {3, 5}, {2, 4}], [{8, 6}, {1, 7}, {4, 5}, {2, 3}], [{8, 6}, {1, 7}, {4, 5}, {3}, {2}], [{8, 6}, {1, 7}, {5}, {2, 4}, {3}], [{8, 6}, {2, 7}, {1, 5}, {3, 4}], [{8, 6}, {2, 7}, {3, 5}, {1, 4}], [{8, 6}, {2, 7}, {4, 5}, {1, 3}], [{8, 6}, {2, 7}, {5}, {4}, {1, 3}], [{8, 6}, {3, 7}, {1, 5}, {2, 4}], [{8, 6}, {3, 7}, {2, 5}, {1, 4}], [{8, 6}, {3, 7}, {4, 5}, {1, 2}], [{8, 6}, {3, 7}, {5}, {1, 4}, {2}], [{8, 6}, {4, 7}, {1, 5}, {2, 3}], [{8, 6}, {4, 7}, {2, 5}, {1, 3}], [{8, 6}, {4, 7}, {3, 5}, {1, 2}], [{8, 6}, {5, 7}, {1, 4}, {2, 3}], [{8, 6}, {5, 7}, {1, 4}, {3}, {2}], [{8, 6}, {5, 7}, {2, 4}, {1, 3}], [{8, 6}, {5, 7}, {3, 4}, {1, 2}], [{8, 6}, {7}, {1, 5}, {3, 4}, {2}], [{8, 6}, {7}, {3, 5}, {1, 4}, {2}], [{8, 6}, {7}, {4, 5}, {2, 3}, {1}], [{8, 7}, {1, 6}, {2, 5}, {3, 4}], [{8, 7}, {1, 6}, {3, 5}, {2, 4}], [{8, 7}, {1, 6}, {4, 5}, {2, 3}], [{8, 7}, {2, 6}, {1, 5}, {3, 4}], [{8, 7}, {2, 6}, {3, 5}, {1, 4}], [{8, 7}, {2, 6}, {4, 5}, {1, 3}], [{8, 7}, {2, 6}, {4, 5}, {3}, {1}], [{8, 7}, {3, 6}, {1, 5}, {2, 4}], [{8, 7}, {3, 6}, {2, 5}, {1, 4}], [{8, 7}, {3, 6}, {4, 5}, {1, 2}], [{8, 7}, {3, 6}, {4, 5}, {2}, {1}], [{8, 7}, {4, 6}, {1, 5}, {2, 3}], [{8, 7}, {4, 6}, {2, 5}, {1, 3}], [{8, 7}, {4, 6}, {3, 5}, {1, 2}], [{8, 7}, {4, 6}, {3, 5}, {2}, {1}], [{8, 7}, {4, 6}, {5}, {3}, {1, 2}], [{8, 7}, {5, 6}, {1, 4}, {2, 3}], [{8, 7}, {5, 6}, {2, 4}, {1, 3}], [{8, 7}, {5, 6}, {3, 4}, {1, 2}], [{8, 7}, {6}, {1, 5}, {2, 4}, {3}], [{8, 7}, {6}, {2, 5}, {1, 4}, {3}], [{8, 7}, {6}, {3, 5}, {4}, {1, 2}], [{8, 7}, {6}, {4, 5}, {2, 3}, {1}], [{8}, {1, 7}, {4, 6}, {3, 5}, {2}], [{8}, {2, 7}, {1, 6}, {4, 5}, {3}], [{8}, {2, 7}, {4, 6}, {1, 5}, {3}], [{8}, {2, 7}, {4, 6}, {3, 5}, {1}], [{8}, {2, 7}, {4, 6}, {5}, {1, 3}], [{8}, {2, 7}, {4, 6}, {5}, {3}, {1}], [{8}, {2, 7}, {5, 6}, {1, 4}, {3}], [{8}, {3, 7}, {2, 6}, {1, 5}, {4}], [{8}, {3, 7}, {4, 6}, {2, 5}, {1}], [{8}, {5, 7}, {1, 6}, {4}, {2, 3}], [{8}, {5, 7}, {4, 6}, {2, 3}, {1}], [{8}, {5, 7}, {6}, {1, 4}, {2, 3}], [{8}, {6, 7}, {4, 5}, {2, 3}, {1}], [{8}, {7}, {3, 6}, {1, 5}, {2, 4}], [{8}, {7}, {4, 6}, {3, 5}, {1, 2}], [{8}, {7}, {4, 6}, {3, 5}, {2}, {1}]]",2,16 K_1^3 + 8 K_1^2 K_2 - 12 K_1^2 - 10 K_1 K_2 - 4 K_1 K_3 - 7 K_1 + 4 K_2 + K_3 + 5,O1O2O3O4U5U6O5U7U8O6O8U1U3U4O7U2,O1O2O3U4U5O4O6U7O5O7U1U2U8U3O8U6,O1O2O3U4O5U1U5U2U3O6O7U6O4O8U7U8,c,{'O1O2O3O4U3O5U1U2U4O6O7U6U5O8U7U8'},1,"<a href=""/flatknot/8.704275"">8.704275</a>",t^9-43t^7-74t^6+166t^5+326t^4-161t^3-476t^2-164t+18,t^3-2t^2+t,,
8.704276,O1O2O3O4U3O5U1U2U4O6O7U6U7O8U5U8,4,9z^3+50z^2+107z+87,-2w^5z^3+11w^4z^3+50w^3z^2+107w^2z+87w,False,False,"[[ 0 -3 -1 -1  2  2 -1  1  1],[ 3  0  1  0  3  3  0  0  1],[ 1 -1  0  0  2  2  0  0  1],[ 1  0  0  0  1  1  0  0  0],[-2 -3 -2 -1  0  1  0  0  1],[-2 -3 -2 -1 -1  0 -1  1  1],[ 1  0  0  0  0  1  0  1  0],[-1  0  0  0  0 -1 -1  0  0],[-1 -1 -1  0 -1 -1  0  0  0]]","[[ 0  2  2  1  1 -1 -1 -1 -3],[-2  0  1  1  0  0 -1 -2 -3],[-2 -1  0  1  1 -1 -1 -2 -3],[-1 -1 -1  0  0  0  0 -1 -1],[-1  0 -1  0  0 -1  0  0  0],[ 1  0  1  0  1  0  0  0  0],[ 1  1  1  0  0  0  0  0  0],[ 1  2  2  1  0  0  0  0 -1],[ 3  3  3  1  0  0  0  1  0]]",True,"[-2,-2,-1,-1,1,1,1,3,-1,-1,0,0,1,2,3,-1,-1,1,1,2,3,0,0,0,1,1,1,0,0,0,0,0,0,0,0,1]","[-3,-1,-1,-1,1,1,2,2,0,0,1,0,1,3,3,0,0,0,0,1,1,0,1,0,0,1,0,1,2,2,0,0,-1,-1,-1,1]",t^8+37t^6+79t^4+15t^2,"[-3,-1,-1,-1,1,1,2,2,1,2,2,3,4,2,2,0,0,1,2,1,1,0,2,1,2,3,2,2,2,2,0,2,2,2,1,1]","[-2,-2,-1,-1,1,1,1,3,-1,2,2,1,2,2,2,1,2,1,2,3,2,0,2,2,1,4,1,2,2,3,0,0,1,0,2,2]","[-3,-1,-1,-1,1,1,2,2,0,0,1,0,1,3,3,0,0,0,0,1,1,0,1,0,0,1,0,1,2,2,0,0,-1,-1,-1,1]",c,"[[{8, 1}, {3, 7}, {4, 6}, {2, 5}], [{8, 1}, {4, 7}, {3, 6}, {2, 5}], [{8, 1}, {4, 7}, {6}, {2, 5}, {3}], [{8, 1}, {6, 7}, {2, 5}, {3, 4}], [{8, 1}, {6, 7}, {2, 5}, {4}, {3}], [{8, 1}, {7}, {4, 6}, {2, 5}, {3}], [{8, 2}, {3, 7}, {1, 6}, {4, 5}], [{8, 2}, {3, 7}, {4, 6}, {1, 5}], [{8, 2}, {3, 7}, {5, 6}, {1, 4}], [{8, 2}, {6, 7}, {1, 5}, {3, 4}], [{8, 2}, {6, 7}, {3, 5}, {1, 4}], [{8, 2}, {6, 7}, {4, 5}, {1, 3}], [{8}, {6, 7}, {3, 5}, {1, 4}, {2}]]",1,- 8 K_1^4 + 20 K_1^3 + 16 K_1^2 K_2 - 18 K_1^2 - 18 K_1 K_2 - 10 K_1 K_3 - 6 K_1 + 10 K_2 + 4 K_3 + 2 K_4 + 9,O1O2O3O4U5U6O5U7U8O7O8U1U3U4O6U2,O1O2O3U4U5O4O5U6O7O6U1U2U8U3O8U7,O1O2O3U4O5U1U5U2U3O6O4U6O7O8U7U8,c,{'O1O2O3O4U3O5U1U2U4O6O7U6U7O8U5U8'},1,"<a href=""/flatknot/8.704276"">8.704276</a>",t^9-39t^7-64t^6+73t^5+164t^4-27t^3-158t^2-64t+2,t^3-2t^2+t,,
8.704277,O1O2O3O4U3O5U1U2U4O6O7U8U5O8U6U7,4,4z^3+33z^2+90z+81,4w^4z^3+33w^3z^2+90w^2z+81w,False,False,"[[ 0 -3 -1 -1  2  2  0  2 -1],[ 3  0  1  0  3  3  1  1  2],[ 1 -1  0  0  2  2  1  1  0],[ 1  0  0  0  1  1  0  0  1],[-2 -3 -2 -1  0  1  1  1 -3],[-2 -3 -2 -1 -1  0  0  1 -2],[ 0 -1 -1  0 -1  0  0  1  0],[-2 -1 -1  0 -1 -1 -1  0 -2],[ 1 -2  0 -1  3  2  0  2  0]]","[[ 0  2  2  2  0 -1 -1 -1 -3],[-2  0  1  1  1 -1 -2 -3 -3],[-2 -1  0  1  0 -1 -2 -2 -3],[-2 -1 -1  0 -1  0 -1 -2 -1],[ 0 -1  0  1  0  0 -1  0 -1],[ 1  1  1  0  0  0  0  1  0],[ 1  2  2  1  1  0  0  0 -1],[ 1  3  2  2  0 -1  0  0 -2],[ 3  3  3  1  1  0  1  2  0]]",True,"[-2,-2,-2,0,1,1,1,3,-1,-1,-1,1,2,3,3,-1,0,1,2,2,3,1,0,1,2,1,0,1,0,1,0,-1,0,0,1,2]","[-3,-1,-1,-1,0,2,2,2,0,1,2,1,1,3,3,0,1,0,0,1,1,0,1,1,2,2,0,2,2,3,1,0,-1,-1,-1,-1]",t^8+60t^6+200t^4+95t^2+4,"[-3,-1,-1,-1,0,2,2,2,0,1,2,2,2,2,4,0,1,1,0,1,1,0,0,1,1,2,1,2,2,3,3,2,1,-1,-1,-1]","[-2,-2,-2,0,1,1,1,3,-1,-1,1,1,2,3,4,-1,2,1,1,2,2,3,0,1,2,2,1,0,1,2,0,-1,0,0,1,2]","[-3,-1,-1,-1,0,2,2,2,0,1,2,1,1,3,3,0,1,0,0,1,1,0,1,1,2,2,0,2,2,3,1,0,-1,-1,-1,-1]",c,"[[{8, 5}, {1, 7}, {4, 6}, {2, 3}], [{8, 7}, {2, 6}, {1, 5}, {3, 4}]]",1,- 8 K_1^4 + 32 K_1^3 + 20 K_1^2 K_2 - 24 K_1^2 - 22 K_1 K_2 - 10 K_1 K_3 - 13 K_1 + 11 K_2 + 3 K_3 + K_4 + 11,O1O2O3O4U5U6O7U8U7O5O6U1U3U4O8U2,O1O2O3U4U5O6O7U6O4O5U1U2U8U3O8U7,O1O2O3U4O5U1U5U2U3O6O7U8O4O8U6U7,c,{'O1O2O3O4U3O5U1U2U4O6O7U8U5O8U6U7'},1,"<a href=""/flatknot/8.704277"">8.704277</a>",t^9-60t^7-200t^6-57t^5+264t^4+192t^3+54t^2-32t-14,t^3-3t^2+3t,,
8.704278,O1O2O3O4U3O5U1U2U4O6O7U8U6O8U5U7,4,5z^3+36z^2+106z+109,5w^4z^3+36w^3z^2+106w^2z+109w,False,False,"[[ 0 -3 -1 -1  2  2  0  2 -1],[ 3  0  1  0  3  3  0  1  3],[ 1 -1  0  0  2  2  0  1  1],[ 1  0  0  0  1  1  0  0  1],[-2 -3 -2 -1  0  1  0  1 -2],[-2 -3 -2 -1 -1  0  1  2 -3],[ 0  0  0  0  0 -1  0  0  0],[-2 -1 -1  0 -1 -2  0  0 -2],[ 1 -3 -1 -1  2  3  0  2  0]]","[[ 0  2  2  2  0 -1 -1 -1 -3],[-2  0  2 -1  1 -1 -2 -3 -3],[-2 -2  0 -1  0  0 -1 -2 -1],[-2  1  1  0  0 -1 -2 -2 -3],[ 0 -1  0  0  0  0  0  0  0],[ 1  1  0  1  0  0  0  1  0],[ 1  2  1  2  0  0  0  1 -1],[ 1  3  2  2  0 -1 -1  0 -3],[ 3  3  1  3  0  0  1  3  0]]",True,"[-2,-2,-2,0,1,1,1,3,-2,1,-1,1,2,3,3,1,0,0,1,2,1,0,1,2,2,3,0,0,0,0,0,-1,0,-1,1,3]","[-3,-1,-1,-1,0,2,2,2,-1,1,2,3,2,2,4,1,1,1,0,1,1,0,1,1,1,2,1,2,2,3,3,2,2,1,-2,-1]",t^8+66t^6+100t^4+15t^2,"[-3,-1,-1,-1,0,2,2,2,-1,1,2,3,2,2,4,1,1,1,0,1,1,0,1,1,1,2,1,2,2,3,3,2,2,1,-2,-1]","[-2,-2,-2,0,1,1,1,3,-2,-1,2,1,2,3,4,-1,3,0,1,2,2,2,1,1,2,2,1,1,1,3,-1,-1,-1,0,1,2]","[-3,-1,-1,-1,0,2,2,2,0,1,3,0,1,3,3,0,1,0,0,1,1,1,0,1,2,2,0,2,2,3,0,0,-1,-1,-2,1]",c,"[[{8, 4}, {1, 7}, {2, 6}, {3, 5}]]",1,- 8 K_1^4 + 16 K_1^3 + 16 K_1^2 K_2 - 18 K_1^2 - 18 K_1 K_2 - 8 K_1 K_3 - 3 K_1 - 2 K_2^2 + 9 K_2 + 5 K_3 + 2 K_4 + 10,O1O2O3O4U5U6O7U8U7O5O8U1U3U4O6U2,O1O2O3U4U5O6O4U6O7O5U1U2U8U3O8U7,O1O2O3U4O5U1U5U2U3O6O4U7O8O7U6U8,c,{'O1O2O3O4U3O5U1U2U4O6O7U8U6O8U5U7'},1,"<a href=""/flatknot/8.704278"">8.704278</a>",t^9-66t^7-270t^6-323t^5-16t^4+217t^3+82t^2-8t-6,t^3-3t^2+3t,,
8.704279,O1O2O3O4U3O5U1U2U5O6O7U4U7O8U6U8,4,8z^3+48z^2+93z+59,8w^4z^3+48w^3z^2+93w^2z+59w,False,False,"[[ 0 -3 -1 -1  1  2  0  1  1],[ 3  0  1  0  4  2  1  1  0],[ 1 -1  0  0  3  1  1  1  0],[ 1  0  0  0  1  0  1  1  0],[-1 -4 -3 -1  0  0  2  1  1],[-2 -2 -1  0  0  0  0  0  0],[ 0 -1 -1 -1 -2  0  0  0  1],[-1 -1 -1 -1 -1  0  0  0  0],[-1  0  0  0 -1  0 -1  0  0]]","[[ 0  2  1  1  1  0 -1 -1 -3],[-2  0  0  0  0  0  0 -1 -2],[-1  0  0  1  1  2 -1 -3 -4],[-1  0 -1  0  0  0 -1 -1 -1],[-1  0 -1  0  0 -1  0  0  0],[ 0  0 -2  0  1  0 -1 -1 -1],[ 1  0  1  1  0  1  0  0  0],[ 1  1  3  1  0  1  0  0 -1],[ 3  2  4  1  0  1  0  1  0]]",True,"[-2,-1,-1,-1,0,1,1,3,0,0,0,0,0,1,2,-1,-1,-2,1,3,4,0,0,1,1,1,1,0,0,0,1,1,1,0,0,1]","[-3,-1,-1,0,1,1,1,2,0,1,1,0,1,4,2,0,1,0,1,1,0,1,0,1,3,1,1,0,-2,0,0,-1,0,-1,0,0]",t^8+45t^6+111t^4+42t^2+1,"[-3,-1,-1,0,1,1,1,2,1,2,2,0,3,4,3,0,0,-1,1,2,2,0,1,1,2,3,3,1,0,2,-1,-1,1,0,1,1]","[-2,-1,-1,-1,0,1,1,3,1,1,1,2,2,3,3,-1,0,0,2,2,4,1,3,-1,1,0,1,1,1,3,0,0,2,0,1,2]","[-3,-1,-1,0,1,1,1,2,0,1,1,0,1,4,2,0,1,0,1,1,0,1,0,1,3,1,1,0,-2,0,0,-1,0,-1,0,0]",c,"[[{8, 1}, {2, 7}, {3, 6}, {4, 5}], [{8, 1}, {2, 7}, {4, 6}, {3, 5}], [{8, 1}, {2, 7}, {5, 6}, {3, 4}], [{8, 1}, {2, 7}, {5, 6}, {4}, {3}], [{8, 1}, {2, 7}, {6}, {5}, {3, 4}], [{8, 1}, {3, 7}, {2, 6}, {4, 5}], [{8, 1}, {3, 7}, {4, 6}, {2, 5}], [{8, 1}, {3, 7}, {5, 6}, {2, 4}], [{8, 1}, {3, 7}, {5, 6}, {4}, {2}], [{8, 1}, {3, 7}, {6}, {5}, {2, 4}], [{8, 1}, {4, 7}, {2, 6}, {3, 5}], [{8, 1}, {4, 7}, {2, 6}, {5}, {3}], [{8, 1}, {4, 7}, {3, 6}, {2, 5}], [{8, 1}, {4, 7}, {3, 6}, {5}, {2}], [{8, 1}, {4, 7}, {5, 6}, {2, 3}], [{8, 1}, {4, 7}, {5, 6}, {3}, {2}], [{8, 1}, {4, 7}, {6}, {2, 5}, {3}], [{8, 1}, {4, 7}, {6}, {3, 5}, {2}], [{8, 1}, {4, 7}, {6}, {5}, {2, 3}], [{8, 1}, {4, 7}, {6}, {5}, {3}, {2}], [{8, 1}, {5, 7}, {2, 6}, {3, 4}], [{8, 1}, {5, 7}, {3, 6}, {2, 4}], [{8, 1}, {5, 7}, {3, 6}, {4}, {2}], [{8, 1}, {5, 7}, {4, 6}, {2, 3}], [{8, 1}, {6, 7}, {2, 5}, {3, 4}], [{8, 1}, {6, 7}, {3, 5}, {2, 4}], [{8, 1}, {6, 7}, {4, 5}, {2, 3}], [{8, 1}, {7}, {3, 6}, {4, 5}, {2}], [{8, 1}, {7}, {5, 6}, {2, 4}, {3}], [{8, 1}, {7}, {5, 6}, {3, 4}, {2}], [{8, 1}, {7}, {5, 6}, {4}, {2, 3}], [{8, 2}, {1, 7}, {3, 6}, {4, 5}], [{8, 2}, {1, 7}, {4, 6}, {3, 5}], [{8, 2}, {1, 7}, {5, 6}, {3, 4}], [{8, 2}, {3, 7}, {1, 6}, {4, 5}], [{8, 2}, {3, 7}, {4, 6}, {1, 5}], [{8, 2}, {3, 7}, {5, 6}, {1, 4}], [{8, 2}, {4, 7}, {1, 6}, {3, 5}], [{8, 2}, {4, 7}, {3, 6}, {1, 5}], [{8, 2}, {4, 7}, {5, 6}, {1, 3}], [{8, 2}, {4, 7}, {6}, {1, 5}, {3}], [{8, 2}, {5, 7}, {1, 6}, {3, 4}], [{8, 2}, {5, 7}, {3, 6}, {1, 4}], [{8, 2}, {5, 7}, {4, 6}, {1, 3}], [{8, 2}, {6, 7}, {1, 5}, {3, 4}], [{8, 2}, {6, 7}, {3, 5}, {1, 4}], [{8, 2}, {6, 7}, {4, 5}, {1, 3}], [{8, 3}, {1, 7}, {2, 6}, {4, 5}], [{8, 3}, {1, 7}, {4, 6}, {2, 5}], [{8, 3}, {1, 7}, {5, 6}, {2, 4}], [{8, 3}, {2, 7}, {1, 6}, {4, 5}], [{8, 3}, {2, 7}, {4, 6}, {1, 5}], [{8, 3}, {2, 7}, {5, 6}, {1, 4}], [{8, 3}, {4, 7}, {1, 6}, {2, 5}], [{8, 3}, {4, 7}, {2, 6}, {1, 5}], [{8, 3}, {4, 7}, {5, 6}, {1, 2}], [{8, 3}, {4, 7}, {6}, {1, 5}, {2}], [{8, 3}, {5, 7}, {1, 6}, {2, 4}], [{8, 3}, {5, 7}, {2, 6}, {1, 4}], [{8, 3}, {5, 7}, {4, 6}, {1, 2}], [{8, 3}, {6, 7}, {1, 5}, {2, 4}], [{8, 3}, {6, 7}, {2, 5}, {1, 4}], [{8, 3}, {6, 7}, {4, 5}, {1, 2}], [{8, 4}, {1, 7}, {2, 6}, {3, 5}], [{8, 4}, {1, 7}, {3, 6}, {2, 5}], [{8, 4}, {1, 7}, {5, 6}, {2, 3}], [{8, 4}, {1, 7}, {5, 6}, {3}, {2}], [{8, 4}, {2, 7}, {1, 6}, {3, 5}], [{8, 4}, {2, 7}, {3, 6}, {1, 5}], [{8, 4}, {2, 7}, {5, 6}, {1, 3}], [{8, 4}, {2, 7}, {6}, {5}, {1, 3}], [{8, 4}, {3, 7}, {1, 6}, {2, 5}], [{8, 4}, {3, 7}, {2, 6}, {1, 5}], [{8, 4}, {3, 7}, {5, 6}, {1, 2}], [{8, 4}, {5, 7}, {1, 6}, {2, 3}], [{8, 4}, {5, 7}, {2, 6}, {1, 3}], [{8, 4}, {5, 7}, {3, 6}, {1, 2}], [{8, 4}, {5, 7}, {3, 6}, {2}, {1}], [{8, 4}, {6, 7}, {1, 5}, {2, 3}], [{8, 4}, {6, 7}, {1, 5}, {3}, {2}], [{8, 4}, {6, 7}, {2, 5}, {1, 3}], [{8, 4}, {6, 7}, {3, 5}, {1, 2}], [{8, 4}, {7}, {2, 6}, {3, 5}, {1}], [{8, 4}, {7}, {5, 6}, {2, 3}, {1}], [{8, 5}, {1, 7}, {2, 6}, {3, 4}], [{8, 5}, {1, 7}, {3, 6}, {2, 4}], [{8, 5}, {1, 7}, {4, 6}, {2, 3}], [{8, 5}, {1, 7}, {6}, {3, 4}, {2}], [{8, 5}, {2, 7}, {1, 6}, {3, 4}], [{8, 5}, {2, 7}, {1, 6}, {4}, {3}], [{8, 5}, {2, 7}, {3, 6}, {1, 4}], [{8, 5}, {2, 7}, {4, 6}, {1, 3}], [{8, 5}, {2, 7}, {6}, {3, 4}, {1}], [{8, 5}, {3, 7}, {1, 6}, {2, 4}], [{8, 5}, {3, 7}, {1, 6}, {4}, {2}], [{8, 5}, {3, 7}, {2, 6}, {1, 4}], [{8, 5}, {3, 7}, {2, 6}, {4}, {1}], [{8, 5}, {3, 7}, {4, 6}, {1, 2}], [{8, 5}, {3, 7}, {4, 6}, {2}, {1}], [{8, 5}, {3, 7}, {6}, {1, 4}, {2}], [{8, 5}, {3, 7}, {6}, {2, 4}, {1}], [{8, 5}, {3, 7}, {6}, {4}, {1, 2}], [{8, 5}, {3, 7}, {6}, {4}, {2}, {1}], [{8, 5}, {4, 7}, {1, 6}, {2, 3}], [{8, 5}, {4, 7}, {1, 6}, {3}, {2}], [{8, 5}, {4, 7}, {2, 6}, {1, 3}], [{8, 5}, {4, 7}, {2, 6}, {3}, {1}], [{8, 5}, {4, 7}, {3, 6}, {1, 2}], [{8, 5}, {4, 7}, {3, 6}, {2}, {1}], [{8, 5}, {4, 7}, {6}, {1, 3}, {2}], [{8, 5}, {4, 7}, {6}, {2, 3}, {1}], [{8, 5}, {4, 7}, {6}, {3}, {1, 2}], [{8, 5}, {4, 7}, {6}, {3}, {2}, {1}], [{8, 5}, {6, 7}, {1, 4}, {2, 3}], [{8, 5}, {6, 7}, {2, 4}, {1, 3}], [{8, 5}, {6, 7}, {3, 4}, {1, 2}], [{8, 5}, {6, 7}, {3, 4}, {2}, {1}], [{8, 5}, {7}, {1, 6}, {2, 4}, {3}], [{8, 5}, {7}, {1, 6}, {3, 4}, {2}], [{8, 5}, {7}, {1, 6}, {4}, {2, 3}], [{8, 5}, {7}, {2, 6}, {3, 4}, {1}], [{8, 5}, {7}, {6}, {3, 4}, {1, 2}], [{8, 5}, {7}, {6}, {3, 4}, {2}, {1}], [{8, 6}, {1, 7}, {2, 5}, {3, 4}], [{8, 6}, {1, 7}, {3, 5}, {2, 4}], [{8, 6}, {1, 7}, {4, 5}, {2, 3}], [{8, 6}, {2, 7}, {1, 5}, {3, 4}], [{8, 6}, {2, 7}, {1, 5}, {4}, {3}], [{8, 6}, {2, 7}, {3, 5}, {1, 4}], [{8, 6}, {2, 7}, {4, 5}, {1, 3}], [{8, 6}, {2, 7}, {5}, {3, 4}, {1}], [{8, 6}, {3, 7}, {1, 5}, {2, 4}], [{8, 6}, {3, 7}, {1, 5}, {4}, {2}], [{8, 6}, {3, 7}, {2, 5}, {1, 4}], [{8, 6}, {3, 7}, {4, 5}, {1, 2}], [{8, 6}, {3, 7}, {5}, {2, 4}, {1}], [{8, 6}, {4, 7}, {1, 5}, {2, 3}], [{8, 6}, {4, 7}, {1, 5}, {3}, {2}], [{8, 6}, {4, 7}, {2, 5}, {1, 3}], [{8, 6}, {4, 7}, {3, 5}, {1, 2}], [{8, 6}, {4, 7}, {5}, {2, 3}, {1}], [{8, 6}, {5, 7}, {1, 4}, {2, 3}], [{8, 6}, {5, 7}, {2, 4}, {1, 3}], [{8, 6}, {5, 7}, {3, 4}, {1, 2}], [{8, 6}, {7}, {1, 5}, {2, 4}, {3}], [{8, 6}, {7}, {1, 5}, {3, 4}, {2}], [{8, 6}, {7}, {1, 5}, {4}, {2, 3}], [{8, 6}, {7}, {1, 5}, {4}, {3}, {2}], [{8, 7}, {1, 6}, {2, 5}, {3, 4}], [{8, 7}, {1, 6}, {3, 5}, {2, 4}], [{8, 7}, {1, 6}, {4, 5}, {2, 3}], [{8, 7}, {2, 6}, {1, 5}, {3, 4}], [{8, 7}, {2, 6}, {3, 5}, {1, 4}], [{8, 7}, {2, 6}, {4, 5}, {1, 3}], [{8, 7}, {2, 6}, {5}, {4}, {1, 3}], [{8, 7}, {3, 6}, {1, 5}, {2, 4}], [{8, 7}, {3, 6}, {2, 5}, {1, 4}], [{8, 7}, {3, 6}, {4, 5}, {1, 2}], [{8, 7}, {4, 6}, {1, 5}, {2, 3}], [{8, 7}, {4, 6}, {1, 5}, {3}, {2}], [{8, 7}, {4, 6}, {2, 5}, {1, 3}], [{8, 7}, {4, 6}, {3, 5}, {1, 2}], [{8, 7}, {4, 6}, {3, 5}, {2}, {1}], [{8, 7}, {4, 6}, {5}, {1, 3}, {2}], [{8, 7}, {5, 6}, {1, 4}, {2, 3}], [{8, 7}, {5, 6}, {2, 4}, {1, 3}], [{8, 7}, {5, 6}, {3, 4}, {1, 2}], [{8, 7}, {5, 6}, {4}, {1, 3}, {2}], [{8, 7}, {5, 6}, {4}, {2, 3}, {1}], [{8, 7}, {5, 6}, {4}, {3}, {1, 2}], [{8, 7}, {6}, {2, 5}, {4}, {1, 3}], [{8, 7}, {6}, {4, 5}, {1, 3}, {2}], [{8, 7}, {6}, {5}, {2, 4}, {1, 3}], [{8}, {1, 7}, {2, 6}, {5}, {3, 4}], [{8}, {1, 7}, {5, 6}, {4}, {2, 3}], [{8}, {1, 7}, {6}, {3, 5}, {2, 4}], [{8}, {2, 7}, {1, 6}, {5}, {3, 4}], [{8}, {2, 7}, {5, 6}, {3, 4}, {1}], [{8}, {2, 7}, {6}, {1, 5}, {3, 4}], [{8}, {2, 7}, {6}, {3, 5}, {1, 4}], [{8}, {3, 7}, {1, 6}, {5}, {2, 4}], [{8}, {3, 7}, {5, 6}, {2, 4}, {1}], [{8}, {3, 7}, {6}, {1, 5}, {2, 4}], [{8}, {4, 7}, {1, 6}, {5}, {2, 3}], [{8}, {4, 7}, {2, 6}, {1, 5}, {3}], [{8}, {4, 7}, {3, 6}, {1, 5}, {2}], [{8}, {4, 7}, {5, 6}, {2, 3}, {1}], [{8}, {4, 7}, {6}, {1, 5}, {2, 3}], [{8}, {4, 7}, {6}, {1, 5}, {3}, {2}], [{8}, {5, 7}, {2, 6}, {1, 4}, {3}], [{8}, {5, 7}, {3, 6}, {1, 4}, {2}], [{8}, {5, 7}, {6}, {1, 4}, {2, 3}], [{8}, {6, 7}, {3, 5}, {4}, {1, 2}], [{8}, {6, 7}, {5}, {1, 4}, {2, 3}], [{8}, {7}, {5, 6}, {1, 4}, {2, 3}], [{8}, {7}, {5, 6}, {4}, {2, 3}, {1}]]",2,- 16 K_1^4 + 8 K_1^3 + 16 K_1^2 K_2 + 2 K_1^2 - 6 K_1 K_2 - 4 K_1 K_3 - 3 K_1 + K_2 + K_3 + 2,O1O2O3O4U5U6O5U7U1O7O6U8U3U4O8U2,O1O2O3U4U5O6O5U7O4O7U1U2U8U6O8U3,O1O2O3U1O4U5U4U2U3O6O7U6O8O5U8U7,c,{'O1O2O3O4U3O5U1U2U5O6O7U4U7O8U6U8'},1,"<a href=""/flatknot/8.704279"">8.704279</a>",t^9-49t^7-86t^6+26t^5+56t^4+191t^3+192t^2-123t-70,t^3-t^2-t,,
8.704280,O1O2O3O4U3O5U1U2U5O6O7U6U4O8U7U8,4,10z^3+60z^2+115z+71,10w^4z^3+60w^3z^2+115w^2z+71w,False,False,"[[ 0 -3 -1 -1  2  2 -1  1  1],[ 3  0  1  0  4  2  0  1  0],[ 1 -1  0  0  3  1  0  1  0],[ 1  0  0  0  1  0  0  1  0],[-2 -4 -3 -1  0  0  0  2  1],[-2 -2 -1  0  0  0  0  0  0],[ 1  0  0  0  0  0  0  1  1],[-1 -1 -1 -1 -2  0 -1  0  1],[-1  0  0  0 -1  0 -1 -1  0]]","[[ 0  2  2  1  1 -1 -1 -1 -3],[-2  0  0  2  1  0 -1 -3 -4],[-2  0  0  0  0  0  0 -1 -2],[-1 -2  0  0  1 -1 -1 -1 -1],[-1 -1  0 -1  0 -1  0  0  0],[ 1  0  0  1  1  0  0  0  0],[ 1  1  0  1  0  0  0  0  0],[ 1  3  1  1  0  0  0  0 -1],[ 3  4  2  1  0  0  0  1  0]]",True,"[-2,-2,-1,-1,1,1,1,3,0,-2,-1,0,1,3,4,0,0,0,0,1,2,-1,1,1,1,1,1,0,0,0,0,0,0,0,0,1]","[-3,-1,-1,-1,1,1,2,2,0,0,1,0,1,2,4,0,0,0,1,0,1,0,1,1,0,0,0,1,1,3,-1,0,-1,0,-2,0]",t^8+43t^6+144t^4+47t^2+1,"[-3,-1,-1,-1,1,1,2,2,1,2,2,3,4,1,3,0,0,1,2,0,2,0,1,1,3,3,1,2,2,3,-1,3,1,2,1,0]","[-2,-2,-1,-1,1,1,1,3,0,1,1,2,3,3,3,2,3,0,2,3,1,-1,2,2,1,4,1,1,1,3,0,0,1,0,2,2]","[-3,-1,-1,-1,1,1,2,2,0,0,1,0,1,2,4,0,0,0,1,0,1,0,1,1,0,0,0,1,1,3,-1,0,-1,0,-2,0]",c,"[[{8, 1}, {2, 7}, {3, 6}, {4, 5}], [{8, 1}, {2, 7}, {4, 6}, {3, 5}], [{8, 1}, {2, 7}, {4, 6}, {5}, {3}], [{8, 1}, {2, 7}, {5, 6}, {3, 4}], [{8, 1}, {3, 7}, {2, 6}, {4, 5}], [{8, 1}, {3, 7}, {4, 6}, {2, 5}], [{8, 1}, {3, 7}, {5, 6}, {2, 4}], [{8, 1}, {3, 7}, {5, 6}, {4}, {2}], [{8, 1}, {4, 7}, {2, 6}, {3, 5}], [{8, 1}, {4, 7}, {3, 6}, {2, 5}], [{8, 1}, {4, 7}, {5, 6}, {2, 3}], [{8, 1}, {4, 7}, {5, 6}, {3}, {2}], [{8, 1}, {5, 7}, {2, 6}, {3, 4}], [{8, 1}, {5, 7}, {3, 6}, {2, 4}], [{8, 1}, {5, 7}, {4, 6}, {2, 3}], [{8, 1}, {6, 7}, {2, 5}, {3, 4}], [{8, 1}, {6, 7}, {3, 5}, {2, 4}], [{8, 1}, {6, 7}, {3, 5}, {4}, {2}], [{8, 1}, {6, 7}, {4, 5}, {2, 3}], [{8, 1}, {7}, {5, 6}, {3, 4}, {2}], [{8, 2}, {1, 7}, {3, 6}, {4, 5}], [{8, 2}, {1, 7}, {3, 6}, {5}, {4}], [{8, 2}, {1, 7}, {4, 6}, {3, 5}], [{8, 2}, {1, 7}, {4, 6}, {5}, {3}], [{8, 2}, {1, 7}, {5, 6}, {3, 4}], [{8, 2}, {1, 7}, {6}, {5}, {3, 4}], [{8, 2}, {3, 7}, {1, 6}, {4, 5}], [{8, 2}, {3, 7}, {4, 6}, {1, 5}], [{8, 2}, {3, 7}, {5, 6}, {1, 4}], [{8, 2}, {4, 7}, {1, 6}, {3, 5}], [{8, 2}, {4, 7}, {3, 6}, {1, 5}], [{8, 2}, {4, 7}, {5, 6}, {1, 3}], [{8, 2}, {5, 7}, {1, 6}, {3, 4}], [{8, 2}, {5, 7}, {3, 6}, {1, 4}], [{8, 2}, {5, 7}, {3, 6}, {4}, {1}], [{8, 2}, {5, 7}, {4, 6}, {1, 3}], [{8, 2}, {5, 7}, {4, 6}, {3}, {1}], [{8, 2}, {5, 7}, {6}, {3, 4}, {1}], [{8, 2}, {6, 7}, {1, 5}, {3, 4}], [{8, 2}, {6, 7}, {3, 5}, {1, 4}], [{8, 2}, {6, 7}, {4, 5}, {1, 3}], [{8, 2}, {6, 7}, {5}, {1, 4}, {3}], [{8, 2}, {7}, {3, 6}, {1, 5}, {4}], [{8, 2}, {7}, {4, 6}, {1, 5}, {3}], [{8, 2}, {7}, {6}, {1, 5}, {3, 4}], [{8, 3}, {1, 7}, {2, 6}, {4, 5}], [{8, 3}, {1, 7}, {2, 6}, {5}, {4}], [{8, 3}, {1, 7}, {4, 6}, {2, 5}], [{8, 3}, {1, 7}, {4, 6}, {5}, {2}], [{8, 3}, {1, 7}, {5, 6}, {2, 4}], [{8, 3}, {1, 7}, {6}, {5}, {2, 4}], [{8, 3}, {2, 7}, {1, 6}, {4, 5}], [{8, 3}, {2, 7}, {1, 6}, {5}, {4}], [{8, 3}, {2, 7}, {4, 6}, {1, 5}], [{8, 3}, {2, 7}, {5, 6}, {1, 4}], [{8, 3}, {4, 7}, {1, 6}, {2, 5}], [{8, 3}, {4, 7}, {2, 6}, {1, 5}], [{8, 3}, {4, 7}, {5, 6}, {1, 2}], [{8, 3}, {5, 7}, {1, 6}, {2, 4}], [{8, 3}, {5, 7}, {2, 6}, {1, 4}], [{8, 3}, {5, 7}, {2, 6}, {4}, {1}], [{8, 3}, {5, 7}, {4, 6}, {1, 2}], [{8, 3}, {5, 7}, {4, 6}, {2}, {1}], [{8, 3}, {5, 7}, {6}, {2, 4}, {1}], [{8, 3}, {6, 7}, {1, 5}, {2, 4}], [{8, 3}, {6, 7}, {2, 5}, {1, 4}], [{8, 3}, {6, 7}, {4, 5}, {1, 2}], [{8, 3}, {7}, {2, 6}, {1, 5}, {4}], [{8, 3}, {7}, {4, 6}, {1, 5}, {2}], [{8, 3}, {7}, {5, 6}, {1, 4}, {2}], [{8, 3}, {7}, {6}, {1, 5}, {2, 4}], [{8, 4}, {1, 7}, {2, 6}, {3, 5}], [{8, 4}, {1, 7}, {2, 6}, {5}, {3}], [{8, 4}, {1, 7}, {3, 6}, {2, 5}], [{8, 4}, {1, 7}, {3, 6}, {5}, {2}], [{8, 4}, {1, 7}, {5, 6}, {2, 3}], [{8, 4}, {1, 7}, {5, 6}, {3}, {2}], [{8, 4}, {1, 7}, {6}, {2, 5}, {3}], [{8, 4}, {1, 7}, {6}, {3, 5}, {2}], [{8, 4}, {1, 7}, {6}, {5}, {2, 3}], [{8, 4}, {1, 7}, {6}, {5}, {3}, {2}], [{8, 4}, {2, 7}, {1, 6}, {3, 5}], [{8, 4}, {2, 7}, {3, 6}, {1, 5}], [{8, 4}, {2, 7}, {5, 6}, {1, 3}], [{8, 4}, {2, 7}, {6}, {1, 5}, {3}], [{8, 4}, {3, 7}, {1, 6}, {2, 5}], [{8, 4}, {3, 7}, {2, 6}, {1, 5}], [{8, 4}, {3, 7}, {5, 6}, {1, 2}], [{8, 4}, {3, 7}, {6}, {1, 5}, {2}], [{8, 4}, {5, 7}, {1, 6}, {2, 3}], [{8, 4}, {5, 7}, {1, 6}, {3}, {2}], [{8, 4}, {5, 7}, {2, 6}, {1, 3}], [{8, 4}, {5, 7}, {2, 6}, {3}, {1}], [{8, 4}, {5, 7}, {3, 6}, {1, 2}], [{8, 4}, {5, 7}, {3, 6}, {2}, {1}], [{8, 4}, {5, 7}, {6}, {1, 3}, {2}], [{8, 4}, {5, 7}, {6}, {2, 3}, {1}], [{8, 4}, {5, 7}, {6}, {3}, {1, 2}], [{8, 4}, {5, 7}, {6}, {3}, {2}, {1}], [{8, 4}, {6, 7}, {1, 5}, {2, 3}], [{8, 4}, {6, 7}, {1, 5}, {3}, {2}], [{8, 4}, {6, 7}, {2, 5}, {1, 3}], [{8, 4}, {6, 7}, {3, 5}, {1, 2}], [{8, 4}, {7}, {2, 6}, {1, 5}, {3}], [{8, 4}, {7}, {3, 6}, {1, 5}, {2}], [{8, 4}, {7}, {6}, {1, 5}, {2, 3}], [{8, 4}, {7}, {6}, {1, 5}, {3}, {2}], [{8, 5}, {1, 7}, {2, 6}, {3, 4}], [{8, 5}, {1, 7}, {3, 6}, {2, 4}], [{8, 5}, {1, 7}, {4, 6}, {2, 3}], [{8, 5}, {2, 7}, {1, 6}, {3, 4}], [{8, 5}, {2, 7}, {3, 6}, {1, 4}], [{8, 5}, {2, 7}, {4, 6}, {1, 3}], [{8, 5}, {2, 7}, {4, 6}, {3}, {1}], [{8, 5}, {3, 7}, {1, 6}, {2, 4}], [{8, 5}, {3, 7}, {2, 6}, {1, 4}], [{8, 5}, {3, 7}, {4, 6}, {1, 2}], [{8, 5}, {4, 7}, {1, 6}, {2, 3}], [{8, 5}, {4, 7}, {2, 6}, {1, 3}], [{8, 5}, {4, 7}, {2, 6}, {3}, {1}], [{8, 5}, {4, 7}, {3, 6}, {1, 2}], [{8, 5}, {4, 7}, {3, 6}, {2}, {1}], [{8, 5}, {4, 7}, {6}, {2, 3}, {1}], [{8, 5}, {6, 7}, {1, 4}, {2, 3}], [{8, 5}, {6, 7}, {2, 4}, {1, 3}], [{8, 5}, {6, 7}, {3, 4}, {1, 2}], [{8, 6}, {1, 7}, {2, 5}, {3, 4}], [{8, 6}, {1, 7}, {3, 5}, {2, 4}], [{8, 6}, {1, 7}, {4, 5}, {2, 3}], [{8, 6}, {1, 7}, {5}, {2, 4}, {3}], [{8, 6}, {1, 7}, {5}, {3, 4}, {2}], [{8, 6}, {1, 7}, {5}, {4}, {2, 3}], [{8, 6}, {2, 7}, {1, 5}, {3, 4}], [{8, 6}, {2, 7}, {1, 5}, {4}, {3}], [{8, 6}, {2, 7}, {3, 5}, {1, 4}], [{8, 6}, {2, 7}, {4, 5}, {1, 3}], [{8, 6}, {3, 7}, {1, 5}, {2, 4}], [{8, 6}, {3, 7}, {1, 5}, {4}, {2}], [{8, 6}, {3, 7}, {2, 5}, {1, 4}], [{8, 6}, {3, 7}, {4, 5}, {1, 2}], [{8, 6}, {4, 7}, {1, 5}, {2, 3}], [{8, 6}, {4, 7}, {1, 5}, {3}, {2}], [{8, 6}, {4, 7}, {2, 5}, {1, 3}], [{8, 6}, {4, 7}, {3, 5}, {1, 2}], [{8, 6}, {4, 7}, {3, 5}, {2}, {1}], [{8, 6}, {4, 7}, {5}, {1, 3}, {2}], [{8, 6}, {5, 7}, {1, 4}, {2, 3}], [{8, 6}, {5, 7}, {2, 4}, {1, 3}], [{8, 6}, {5, 7}, {2, 4}, {3}, {1}], [{8, 6}, {5, 7}, {3, 4}, {1, 2}], [{8, 6}, {5, 7}, {3, 4}, {2}, {1}], [{8, 6}, {5, 7}, {4}, {2, 3}, {1}], [{8, 6}, {7}, {1, 5}, {2, 4}, {3}], [{8, 6}, {7}, {1, 5}, {3, 4}, {2}], [{8, 6}, {7}, {1, 5}, {4}, {2, 3}], [{8, 6}, {7}, {1, 5}, {4}, {3}, {2}], [{8, 7}, {1, 6}, {2, 5}, {3, 4}], [{8, 7}, {1, 6}, {3, 5}, {2, 4}], [{8, 7}, {1, 6}, {4, 5}, {2, 3}], [{8, 7}, {2, 6}, {1, 5}, {3, 4}], [{8, 7}, {2, 6}, {3, 5}, {1, 4}], [{8, 7}, {2, 6}, {4, 5}, {1, 3}], [{8, 7}, {3, 6}, {1, 5}, {2, 4}], [{8, 7}, {3, 6}, {2, 5}, {1, 4}], [{8, 7}, {3, 6}, {4, 5}, {1, 2}], [{8, 7}, {4, 6}, {1, 5}, {2, 3}], [{8, 7}, {4, 6}, {1, 5}, {3}, {2}], [{8, 7}, {4, 6}, {2, 5}, {1, 3}], [{8, 7}, {4, 6}, {3, 5}, {1, 2}], [{8, 7}, {4, 6}, {3, 5}, {2}, {1}], [{8, 7}, {4, 6}, {5}, {1, 3}, {2}], [{8, 7}, {5, 6}, {1, 4}, {2, 3}], [{8, 7}, {5, 6}, {2, 4}, {1, 3}], [{8, 7}, {5, 6}, {2, 4}, {3}, {1}], [{8, 7}, {5, 6}, {3, 4}, {1, 2}], [{8}, {1, 7}, {2, 6}, {5}, {3, 4}], [{8}, {1, 7}, {3, 6}, {5}, {2, 4}], [{8}, {1, 7}, {4, 6}, {5}, {2, 3}], [{8}, {2, 7}, {3, 6}, {5}, {1, 4}], [{8}, {2, 7}, {4, 6}, {1, 5}, {3}], [{8}, {2, 7}, {5, 6}, {1, 4}, {3}], [{8}, {2, 7}, {6}, {3, 5}, {1, 4}], [{8}, {3, 7}, {4, 6}, {1, 5}, {2}], [{8}, {5, 7}, {2, 6}, {3, 4}, {1}], [{8}, {5, 7}, {3, 6}, {2, 4}, {1}], [{8}, {5, 7}, {4, 6}, {2, 3}, {1}], [{8}, {7}, {1, 6}, {3, 5}, {2, 4}], [{8}, {7}, {2, 6}, {1, 5}, {3, 4}], [{8}, {7}, {3, 6}, {1, 5}, {2, 4}], [{8}, {7}, {4, 6}, {1, 5}, {2, 3}], [{8}, {7}, {4, 6}, {1, 5}, {3}, {2}]]",2,- 16 K_1^4 + 16 K_1^3 + 24 K_1^2 K_2 - 4 K_1^2 - 10 K_1 K_2 - 8 K_1 K_3 - 7 K_1 + 2 K_2 + K_3 + 3,O1O2O3O4U5U6O5U1U7O6O7U8U3U4O8U2,O1O2O3U4U5O4O6U7O5O7U1U2U8U6O8U3,O1O2O3U1O4U5U4U2U3O6O7U6O5O8U7U8,c,{'O1O2O3O4U3O5U1U2U5O6O7U6U4O8U7U8'},1,"<a href=""/flatknot/8.704280"">8.704280</a>",t^9-45t^7-60t^6+160t^5+190t^4-74t^3+32t^2+144t+40,t^3-2t^2+t,,
8.704281,O1O2O3O4U3O5U1U2U5O6O7U6U7O8U4U8,4,8z^3+49z^2+94z+57,-4w^5z^3+12w^4z^3-16w^4z^2+65w^3z^2+94w^2z+57w,False,False,"[[ 0 -3 -1 -1  2  2 -1  1  1],[ 3  0  1  0  4  2  0  0  1],[ 1 -1  0  0  3  1  0  0  1],[ 1  0  0  0  1  0  0  0  1],[-2 -4 -3 -1  0  0 -1  1  1],[-2 -2 -1  0  0  0  0  0  0],[ 1  0  0  0  1  0  0  1  0],[-1  0  0  0 -1  0 -1  0  0],[-1 -1 -1 -1 -1  0  0  0  0]]","[[ 0  2  2  1  1 -1 -1 -1 -3],[-2  0  0  1  1 -1 -1 -3 -4],[-2  0  0  0  0  0  0 -1 -2],[-1 -1  0  0  0  0 -1  0  0],[-1 -1  0  0  0 -1  0 -1 -1],[ 1  1  0  0  1  0  0  0  0],[ 1  1  0  1  0  0  0  0  0],[ 1  3  1  0  1  0  0  0 -1],[ 3  4  2  0  1  0  0  1  0]]",True,"[-2,-2,-1,-1,1,1,1,3,0,-1,-1,1,1,3,4,0,0,0,0,1,2,0,0,1,0,0,1,0,1,1,0,0,0,0,0,1]","[-3,-1,-1,-1,1,1,2,2,0,0,1,0,1,2,4,0,0,0,1,0,1,0,1,0,0,1,0,1,1,3,0,0,-1,0,-1,0]",t^8+39t^6+89t^4+50t^2+1,"[-3,-1,-1,-1,1,1,2,2,1,2,2,3,4,1,3,0,0,1,2,0,2,0,1,2,2,3,2,1,2,3,0,2,1,2,1,0]","[-2,-2,-1,-1,1,1,1,3,0,1,1,2,3,3,3,2,2,0,2,2,1,0,1,1,2,3,2,2,1,4,0,0,1,0,2,2]","[-3,-1,-1,-1,1,1,2,2,0,0,1,0,1,2,4,0,0,0,1,0,1,0,1,0,0,1,0,1,1,3,0,0,-1,0,-1,0]",c,"[[{8, 2}, {6, 7}, {1, 5}, {3, 4}], [{8, 2}, {6, 7}, {3, 5}, {1, 4}], [{8, 2}, {6, 7}, {4, 5}, {1, 3}]]",1,- 24 K_1^4 + 12 K_1^3 + 16 K_1^2 K_2 + 10 K_1^2 - 6 K_1 K_2 - 2 K_1 K_3 - 6 K_1 + 1,O1O2O3O4U5U1O5U6U7O6O7U8U3U4O8U2,O1O2O3U4U5O4O5U6O7O6U1U2U8U7O8U3,O1O2O3U1O4U5U4U2U3O6O5U6O7O8U7U8,c,{'O1O2O3O4U3O5U1U2U5O6O7U6U7O8U4U8'},1,"<a href=""/flatknot/8.704281"">8.704281</a>",t^9-41t^7-46t^6+61t^5+74t^4+12t^3+14t^2-15t-24,t^3-2t^2+t,,
8.704282,O1O2O3O4U3O5U1U2U5O6O7U8U4O8U6U7,4,8z^3+49z^2+94z+57,-4w^5z^3+12w^4z^3-16w^4z^2+65w^3z^2+94w^2z+57w,False,False,"[[ 0 -3 -1 -1  2  2  0  2 -1],[ 3  0  1  0  4  2  1  1  2],[ 1 -1  0  0  3  1  1  1  0],[ 1  0  0  0  1  0  1  1  0],[-2 -4 -3 -1  0  0  0  1 -2],[-2 -2 -1  0  0  0  0  0 -2],[ 0 -1 -1 -1  0  0  0  1  0],[-2 -1 -1 -1 -1  0 -1  0 -2],[ 1 -2  0  0  2  2  0  2  0]]","[[ 0  2  2  2  0 -1 -1 -1 -3],[-2  0  1  0  0 -1 -2 -3 -4],[-2 -1  0  0 -1 -1 -2 -1 -1],[-2  0  0  0  0  0 -2 -1 -2],[ 0  0  1  0  0 -1  0 -1 -1],[ 1  1  1  0  1  0  0  0  0],[ 1  2  2  2  0  0  0  0 -2],[ 1  3  1  1  1  0  0  0 -1],[ 3  4  1  2  1  0  2  1  0]]",True,"[-2,-2,-2,0,1,1,1,3,-1,0,0,1,2,3,4,0,1,1,2,1,1,0,0,2,1,2,1,0,1,1,0,0,0,0,2,1]","[-3,-1,-1,-1,0,2,2,2,0,1,2,1,1,2,4,0,0,1,1,0,1,0,1,1,1,3,0,2,2,2,1,0,0,0,-1,0]",t^8+56t^6+227t^4+203t^2+4,"[-3,-1,-1,-1,0,2,2,2,0,1,2,2,1,3,4,0,0,1,1,1,1,0,0,0,2,2,0,2,3,2,2,2,1,0,-1,0]","[-2,-2,-2,0,1,1,1,3,-1,0,1,1,2,2,4,0,2,1,0,2,1,2,1,2,3,3,1,0,0,2,0,0,0,0,1,2]","[-3,-1,-1,-1,0,2,2,2,0,1,2,1,1,2,4,0,0,1,1,0,1,0,1,1,1,3,0,2,2,2,1,0,0,0,-1,0]",c,"[[{8, 1}, {2, 7}, {3, 6}, {4, 5}], [{8, 1}, {2, 7}, {4, 6}, {3, 5}], [{8, 1}, {2, 7}, {5, 6}, {3, 4}], [{8, 1}, {3, 7}, {2, 6}, {4, 5}], [{8, 1}, {3, 7}, {4, 6}, {2, 5}], [{8, 1}, {3, 7}, {5, 6}, {2, 4}], [{8, 1}, {4, 7}, {2, 6}, {3, 5}], [{8, 1}, {4, 7}, {3, 6}, {2, 5}], [{8, 1}, {4, 7}, {5, 6}, {2, 3}], [{8, 1}, {4, 7}, {5, 6}, {3}, {2}], [{8, 1}, {5, 7}, {2, 6}, {3, 4}], [{8, 1}, {5, 7}, {3, 6}, {2, 4}], [{8, 1}, {5, 7}, {3, 6}, {4}, {2}], [{8, 1}, {5, 7}, {4, 6}, {2, 3}], [{8, 1}, {6, 7}, {2, 5}, {3, 4}], [{8, 1}, {6, 7}, {3, 5}, {2, 4}], [{8, 1}, {6, 7}, {4, 5}, {2, 3}], [{8, 1}, {7}, {4, 6}, {3, 5}, {2}], [{8, 1}, {7}, {5, 6}, {4}, {2, 3}], [{8, 2}, {1, 7}, {3, 6}, {4, 5}], [{8, 2}, {1, 7}, {4, 6}, {3, 5}], [{8, 2}, {1, 7}, {5, 6}, {3, 4}], [{8, 2}, {3, 7}, {1, 6}, {4, 5}], [{8, 2}, {3, 7}, {4, 6}, {1, 5}], [{8, 2}, {3, 7}, {5, 6}, {1, 4}], [{8, 2}, {4, 7}, {1, 6}, {3, 5}], [{8, 2}, {4, 7}, {3, 6}, {1, 5}], [{8, 2}, {4, 7}, {3, 6}, {5}, {1}], [{8, 2}, {4, 7}, {5, 6}, {1, 3}], [{8, 2}, {5, 7}, {1, 6}, {3, 4}], [{8, 2}, {5, 7}, {3, 6}, {1, 4}], [{8, 2}, {5, 7}, {4, 6}, {1, 3}], [{8, 2}, {5, 7}, {6}, {4}, {1, 3}], [{8, 2}, {6, 7}, {1, 5}, {3, 4}], [{8, 2}, {6, 7}, {1, 5}, {4}, {3}], [{8, 2}, {6, 7}, {3, 5}, {1, 4}], [{8, 2}, {6, 7}, {3, 5}, {4}, {1}], [{8, 2}, {6, 7}, {4, 5}, {1, 3}], [{8, 2}, {6, 7}, {5}, {4}, {1, 3}], [{8, 2}, {7}, {5, 6}, {4}, {1, 3}], [{8, 2}, {7}, {6}, {1, 5}, {3, 4}], [{8, 3}, {1, 7}, {2, 6}, {4, 5}], [{8, 3}, {1, 7}, {4, 6}, {2, 5}], [{8, 3}, {1, 7}, {5, 6}, {2, 4}], [{8, 3}, {1, 7}, {6}, {4, 5}, {2}], [{8, 3}, {2, 7}, {1, 6}, {4, 5}], [{8, 3}, {2, 7}, {4, 6}, {1, 5}], [{8, 3}, {2, 7}, {5, 6}, {1, 4}], [{8, 3}, {4, 7}, {1, 6}, {2, 5}], [{8, 3}, {4, 7}, {2, 6}, {1, 5}], [{8, 3}, {4, 7}, {5, 6}, {1, 2}], [{8, 3}, {4, 7}, {6}, {5}, {1, 2}], [{8, 3}, {5, 7}, {1, 6}, {2, 4}], [{8, 3}, {5, 7}, {2, 6}, {1, 4}], [{8, 3}, {5, 7}, {4, 6}, {1, 2}], [{8, 3}, {6, 7}, {1, 5}, {2, 4}], [{8, 3}, {6, 7}, {1, 5}, {4}, {2}], [{8, 3}, {6, 7}, {2, 5}, {1, 4}], [{8, 3}, {6, 7}, {4, 5}, {1, 2}], [{8, 4}, {1, 7}, {2, 6}, {3, 5}], [{8, 4}, {1, 7}, {3, 6}, {2, 5}], [{8, 4}, {1, 7}, {5, 6}, {2, 3}], [{8, 4}, {2, 7}, {1, 6}, {3, 5}], [{8, 4}, {2, 7}, {3, 6}, {1, 5}], [{8, 4}, {2, 7}, {5, 6}, {1, 3}], [{8, 4}, {3, 7}, {1, 6}, {2, 5}], [{8, 4}, {3, 7}, {2, 6}, {1, 5}], [{8, 4}, {3, 7}, {5, 6}, {1, 2}], [{8, 4}, {5, 7}, {1, 6}, {2, 3}], [{8, 4}, {5, 7}, {2, 6}, {1, 3}], [{8, 4}, {5, 7}, {3, 6}, {1, 2}], [{8, 4}, {6, 7}, {1, 5}, {2, 3}], [{8, 4}, {6, 7}, {1, 5}, {3}, {2}], [{8, 4}, {6, 7}, {2, 5}, {1, 3}], [{8, 4}, {6, 7}, {3, 5}, {1, 2}], [{8, 4}, {7}, {2, 6}, {5}, {1, 3}], [{8, 4}, {7}, {5, 6}, {1, 3}, {2}], [{8, 4}, {7}, {6}, {2, 5}, {1, 3}], [{8, 5}, {1, 7}, {2, 6}, {3, 4}], [{8, 5}, {1, 7}, {2, 6}, {4}, {3}], [{8, 5}, {1, 7}, {3, 6}, {2, 4}], [{8, 5}, {1, 7}, {4, 6}, {2, 3}], [{8, 5}, {2, 7}, {1, 6}, {3, 4}], [{8, 5}, {2, 7}, {3, 6}, {1, 4}], [{8, 5}, {2, 7}, {4, 6}, {1, 3}], [{8, 5}, {3, 7}, {1, 6}, {2, 4}], [{8, 5}, {3, 7}, {2, 6}, {1, 4}], [{8, 5}, {3, 7}, {4, 6}, {1, 2}], [{8, 5}, {4, 7}, {1, 6}, {2, 3}], [{8, 5}, {4, 7}, {2, 6}, {1, 3}], [{8, 5}, {4, 7}, {3, 6}, {1, 2}], [{8, 5}, {4, 7}, {6}, {1, 3}, {2}], [{8, 5}, {6, 7}, {1, 4}, {2, 3}], [{8, 5}, {6, 7}, {2, 4}, {1, 3}], [{8, 5}, {6, 7}, {3, 4}, {1, 2}], [{8, 6}, {1, 7}, {2, 5}, {3, 4}], [{8, 6}, {1, 7}, {3, 5}, {2, 4}], [{8, 6}, {1, 7}, {4, 5}, {2, 3}], [{8, 6}, {1, 7}, {5}, {2, 4}, {3}], [{8, 6}, {2, 7}, {1, 5}, {3, 4}], [{8, 6}, {2, 7}, {1, 5}, {4}, {3}], [{8, 6}, {2, 7}, {3, 5}, {1, 4}], [{8, 6}, {2, 7}, {4, 5}, {1, 3}], [{8, 6}, {3, 7}, {1, 5}, {2, 4}], [{8, 6}, {3, 7}, {1, 5}, {4}, {2}], [{8, 6}, {3, 7}, {2, 5}, {1, 4}], [{8, 6}, {3, 7}, {4, 5}, {1, 2}], [{8, 6}, {4, 7}, {1, 5}, {2, 3}], [{8, 6}, {4, 7}, {1, 5}, {3}, {2}], [{8, 6}, {4, 7}, {2, 5}, {1, 3}], [{8, 6}, {4, 7}, {3, 5}, {1, 2}], [{8, 6}, {5, 7}, {1, 4}, {2, 3}], [{8, 6}, {5, 7}, {2, 4}, {1, 3}], [{8, 6}, {5, 7}, {2, 4}, {3}, {1}], [{8, 6}, {5, 7}, {3, 4}, {1, 2}], [{8, 6}, {7}, {1, 5}, {2, 4}, {3}], [{8, 6}, {7}, {1, 5}, {3, 4}, {2}], [{8, 6}, {7}, {1, 5}, {4}, {2, 3}], [{8, 6}, {7}, {1, 5}, {4}, {3}, {2}], [{8, 7}, {1, 6}, {2, 5}, {3, 4}], [{8, 7}, {1, 6}, {2, 5}, {4}, {3}], [{8, 7}, {1, 6}, {3, 5}, {2, 4}], [{8, 7}, {1, 6}, {4, 5}, {2, 3}], [{8, 7}, {1, 6}, {4, 5}, {3}, {2}], [{8, 7}, {1, 6}, {5}, {2, 4}, {3}], [{8, 7}, {2, 6}, {1, 5}, {3, 4}], [{8, 7}, {2, 6}, {1, 5}, {4}, {3}], [{8, 7}, {2, 6}, {3, 5}, {1, 4}], [{8, 7}, {2, 6}, {4, 5}, {1, 3}], [{8, 7}, {2, 6}, {4, 5}, {3}, {1}], [{8, 7}, {2, 6}, {5}, {1, 4}, {3}], [{8, 7}, {3, 6}, {1, 5}, {2, 4}], [{8, 7}, {3, 6}, {1, 5}, {4}, {2}], [{8, 7}, {3, 6}, {2, 5}, {1, 4}], [{8, 7}, {3, 6}, {4, 5}, {1, 2}], [{8, 7}, {4, 6}, {1, 5}, {2, 3}], [{8, 7}, {4, 6}, {1, 5}, {3}, {2}], [{8, 7}, {4, 6}, {2, 5}, {1, 3}], [{8, 7}, {4, 6}, {2, 5}, {3}, {1}], [{8, 7}, {4, 6}, {3, 5}, {1, 2}], [{8, 7}, {4, 6}, {5}, {3}, {1, 2}], [{8, 7}, {5, 6}, {1, 4}, {2, 3}], [{8, 7}, {5, 6}, {1, 4}, {3}, {2}], [{8, 7}, {5, 6}, {2, 4}, {1, 3}], [{8, 7}, {5, 6}, {2, 4}, {3}, {1}], [{8, 7}, {5, 6}, {3, 4}, {1, 2}], [{8, 7}, {5, 6}, {4}, {3}, {1, 2}], [{8, 7}, {6}, {1, 5}, {2, 4}, {3}], [{8, 7}, {6}, {1, 5}, {3, 4}, {2}], [{8, 7}, {6}, {1, 5}, {4}, {2, 3}], [{8, 7}, {6}, {1, 5}, {4}, {3}, {2}], [{8, 7}, {6}, {2, 5}, {1, 4}, {3}], [{8, 7}, {6}, {4, 5}, {3}, {1, 2}], [{8}, {1, 7}, {2, 6}, {5}, {3, 4}], [{8}, {1, 7}, {5, 6}, {3, 4}, {2}], [{8}, {1, 7}, {6}, {2, 5}, {3, 4}], [{8}, {2, 7}, {4, 6}, {3, 5}, {1}], [{8}, {2, 7}, {6}, {1, 5}, {3, 4}], [{8}, {4, 7}, {2, 6}, {3, 5}, {1}], [{8}, {5, 7}, {2, 6}, {3, 4}, {1}], [{8}, {6, 7}, {1, 5}, {2, 4}, {3}], [{8}, {6, 7}, {1, 5}, {3, 4}, {2}], [{8}, {6, 7}, {1, 5}, {4}, {2, 3}], [{8}, {6, 7}, {1, 5}, {4}, {3}, {2}], [{8}, {7}, {1, 6}, {3, 5}, {2, 4}], [{8}, {7}, {2, 6}, {1, 5}, {3, 4}], [{8}, {7}, {3, 6}, {2, 5}, {1, 4}], [{8}, {7}, {5, 6}, {2, 4}, {1, 3}]]",2,- 32 K_1^4 + 8 K_1^3 + 32 K_1^2 K_2 + 6 K_1^2 - 6 K_1 K_2 - 8 K_1 K_3 - 3 K_1 + K_2 + K_3 + 2,O1O2O3O4U5U6O7U1U7O5O6U8U3U4O8U2,O1O2O3U4U5O6O7U6O4O5U1U2U8U7O8U3,O1O2O3U1O4U5U4U2U3O6O7U8O5O8U6U7,c,{'O1O2O3O4U3O5U1U2U5O6O7U8U4O8U6U7'},1,"<a href=""/flatknot/8.704282"">8.704282</a>",t^9-56t^7-128t^6+130t^5+384t^4+73t^3-156t^2+56t+14,t^3-3t^2+3t,,
8.704283,O1O2O3O4U3O5U1U2U5O6O7U8U6O8U4U7,4,6z^3+50z^2+117z+83,6w^4z^3+50w^3z^2+117w^2z+83w,False,False,"[[ 0 -3 -1 -1  2  2  0  2 -1],[ 3  0  1  0  4  2  0  1  3],[ 1 -1  0  0  3  1  0  1  1],[ 1  0  0  0  1  0  0  1  1],[-2 -4 -3 -1  0  0  1  2 -3],[-2 -2 -1  0  0  0  0  0 -2],[ 0  0  0  0 -1  0  0  0  0],[-2 -1 -1 -1 -2  0  0  0 -2],[ 1 -3 -1 -1  3  2  0  2  0]]","[[ 0  2  2  2  0 -1 -1 -1 -3],[-2  0  2  0  1 -1 -3 -3 -4],[-2 -2  0  0  0 -1 -1 -2 -1],[-2  0  0  0  0  0 -1 -2 -2],[ 0 -1  0  0  0  0  0  0  0],[ 1  1  1  0  0  0  0  1  0],[ 1  3  1  1  0  0  0  1 -1],[ 1  3  2  2  0 -1 -1  0 -3],[ 3  4  1  2  0  0  1  3  0]]",True,"[-2,-2,-2,0,1,1,1,3,-2,0,-1,1,3,3,4,0,0,1,1,2,1,0,0,1,2,2,0,0,0,0,0,-1,0,-1,1,3]","[-3,-1,-1,-1,0,2,2,2,-1,1,2,3,1,3,4,1,1,1,0,1,1,0,1,0,2,2,1,2,3,2,3,2,2,0,-2,0]",t^8+68t^6+151t^4+31t^2,"[-3,-1,-1,-1,0,2,2,2,-1,1,2,3,1,3,4,1,1,1,0,1,1,0,1,0,2,2,1,2,3,2,3,2,2,0,-2,0]","[-2,-2,-2,0,1,1,1,3,-2,0,2,1,2,2,4,0,3,0,0,2,1,2,1,2,3,3,1,1,1,3,-1,-1,-1,0,1,2]","[-3,-1,-1,-1,0,2,2,2,0,1,3,0,1,2,4,0,1,0,1,0,1,1,0,1,1,3,0,2,2,3,0,0,-1,0,-2,0]",c,"[[{8, 1}, {2, 7}, {3, 6}, {4, 5}], [{8, 1}, {2, 7}, {4, 6}, {3, 5}], [{8, 1}, {2, 7}, {5, 6}, {3, 4}], [{8, 1}, {2, 7}, {6}, {3, 5}, {4}], [{8, 1}, {3, 7}, {2, 6}, {4, 5}], [{8, 1}, {3, 7}, {4, 6}, {2, 5}], [{8, 1}, {3, 7}, {5, 6}, {2, 4}], [{8, 1}, {3, 7}, {6}, {5}, {2, 4}], [{8, 1}, {4, 7}, {2, 6}, {3, 5}], [{8, 1}, {4, 7}, {2, 6}, {5}, {3}], [{8, 1}, {4, 7}, {3, 6}, {2, 5}], [{8, 1}, {4, 7}, {5, 6}, {2, 3}], [{8, 1}, {5, 7}, {2, 6}, {3, 4}], [{8, 1}, {5, 7}, {3, 6}, {2, 4}], [{8, 1}, {5, 7}, {4, 6}, {2, 3}], [{8, 1}, {6, 7}, {2, 5}, {3, 4}], [{8, 1}, {6, 7}, {3, 5}, {2, 4}], [{8, 1}, {6, 7}, {4, 5}, {2, 3}], [{8, 1}, {7}, {4, 6}, {3, 5}, {2}], [{8, 1}, {7}, {5, 6}, {2, 4}, {3}], [{8, 2}, {1, 7}, {3, 6}, {4, 5}], [{8, 2}, {1, 7}, {3, 6}, {5}, {4}], [{8, 2}, {1, 7}, {4, 6}, {3, 5}], [{8, 2}, {1, 7}, {5, 6}, {3, 4}], [{8, 2}, {3, 7}, {1, 6}, {4, 5}], [{8, 2}, {3, 7}, {4, 6}, {1, 5}], [{8, 2}, {3, 7}, {5, 6}, {1, 4}], [{8, 2}, {3, 7}, {6}, {4, 5}, {1}], [{8, 2}, {4, 7}, {1, 6}, {3, 5}], [{8, 2}, {4, 7}, {1, 6}, {5}, {3}], [{8, 2}, {4, 7}, {3, 6}, {1, 5}], [{8, 2}, {4, 7}, {5, 6}, {1, 3}], [{8, 2}, {4, 7}, {5, 6}, {3}, {1}], [{8, 2}, {4, 7}, {6}, {1, 5}, {3}], [{8, 2}, {5, 7}, {1, 6}, {3, 4}], [{8, 2}, {5, 7}, {1, 6}, {4}, {3}], [{8, 2}, {5, 7}, {3, 6}, {1, 4}], [{8, 2}, {5, 7}, {4, 6}, {1, 3}], [{8, 2}, {5, 7}, {4, 6}, {3}, {1}], [{8, 2}, {5, 7}, {6}, {1, 4}, {3}], [{8, 2}, {6, 7}, {1, 5}, {3, 4}], [{8, 2}, {6, 7}, {3, 5}, {1, 4}], [{8, 2}, {6, 7}, {4, 5}, {1, 3}], [{8, 2}, {7}, {1, 6}, {4, 5}, {3}], [{8, 3}, {1, 7}, {2, 6}, {4, 5}], [{8, 3}, {1, 7}, {2, 6}, {5}, {4}], [{8, 3}, {1, 7}, {4, 6}, {2, 5}], [{8, 3}, {1, 7}, {5, 6}, {2, 4}], [{8, 3}, {2, 7}, {1, 6}, {4, 5}], [{8, 3}, {2, 7}, {4, 6}, {1, 5}], [{8, 3}, {2, 7}, {5, 6}, {1, 4}], [{8, 3}, {2, 7}, {6}, {5}, {1, 4}], [{8, 3}, {4, 7}, {1, 6}, {2, 5}], [{8, 3}, {4, 7}, {2, 6}, {1, 5}], [{8, 3}, {4, 7}, {5, 6}, {1, 2}], [{8, 3}, {4, 7}, {6}, {1, 5}, {2}], [{8, 3}, {5, 7}, {1, 6}, {2, 4}], [{8, 3}, {5, 7}, {2, 6}, {1, 4}], [{8, 3}, {5, 7}, {4, 6}, {1, 2}], [{8, 3}, {6, 7}, {1, 5}, {2, 4}], [{8, 3}, {6, 7}, {2, 5}, {1, 4}], [{8, 3}, {6, 7}, {4, 5}, {1, 2}], [{8, 3}, {6, 7}, {4, 5}, {2}, {1}], [{8, 3}, {7}, {4, 6}, {5}, {1, 2}], [{8, 3}, {7}, {5, 6}, {4}, {1, 2}], [{8, 3}, {7}, {6}, {4, 5}, {1, 2}], [{8, 4}, {1, 7}, {2, 6}, {3, 5}], [{8, 4}, {1, 7}, {3, 6}, {2, 5}], [{8, 4}, {1, 7}, {5, 6}, {2, 3}], [{8, 4}, {1, 7}, {6}, {3, 5}, {2}], [{8, 4}, {2, 7}, {1, 6}, {3, 5}], [{8, 4}, {2, 7}, {3, 6}, {1, 5}], [{8, 4}, {2, 7}, {5, 6}, {1, 3}], [{8, 4}, {2, 7}, {6}, {1, 5}, {3}], [{8, 4}, {2, 7}, {6}, {3, 5}, {1}], [{8, 4}, {2, 7}, {6}, {5}, {1, 3}], [{8, 4}, {3, 7}, {1, 6}, {2, 5}], [{8, 4}, {3, 7}, {2, 6}, {1, 5}], [{8, 4}, {3, 7}, {5, 6}, {1, 2}], [{8, 4}, {3, 7}, {6}, {1, 5}, {2}], [{8, 4}, {5, 7}, {1, 6}, {2, 3}], [{8, 4}, {5, 7}, {2, 6}, {1, 3}], [{8, 4}, {5, 7}, {3, 6}, {1, 2}], [{8, 4}, {5, 7}, {6}, {1, 3}, {2}], [{8, 4}, {6, 7}, {1, 5}, {2, 3}], [{8, 4}, {6, 7}, {1, 5}, {3}, {2}], [{8, 4}, {6, 7}, {2, 5}, {1, 3}], [{8, 4}, {6, 7}, {3, 5}, {1, 2}], [{8, 4}, {6, 7}, {3, 5}, {2}, {1}], [{8, 4}, {6, 7}, {5}, {1, 3}, {2}], [{8, 4}, {7}, {1, 6}, {3, 5}, {2}], [{8, 4}, {7}, {2, 6}, {1, 5}, {3}], [{8, 4}, {7}, {2, 6}, {3, 5}, {1}], [{8, 4}, {7}, {2, 6}, {5}, {1, 3}], [{8, 4}, {7}, {3, 6}, {1, 5}, {2}], [{8, 4}, {7}, {5, 6}, {1, 3}, {2}], [{8, 4}, {7}, {6}, {1, 5}, {2, 3}], [{8, 4}, {7}, {6}, {1, 5}, {3}, {2}], [{8, 4}, {7}, {6}, {2, 5}, {1, 3}], [{8, 4}, {7}, {6}, {3, 5}, {1, 2}], [{8, 4}, {7}, {6}, {3, 5}, {2}, {1}], [{8, 4}, {7}, {6}, {5}, {1, 3}, {2}], [{8, 5}, {1, 7}, {2, 6}, {3, 4}], [{8, 5}, {1, 7}, {2, 6}, {4}, {3}], [{8, 5}, {1, 7}, {3, 6}, {2, 4}], [{8, 5}, {1, 7}, {4, 6}, {2, 3}], [{8, 5}, {2, 7}, {1, 6}, {3, 4}], [{8, 5}, {2, 7}, {3, 6}, {1, 4}], [{8, 5}, {2, 7}, {4, 6}, {1, 3}], [{8, 5}, {2, 7}, {6}, {1, 4}, {3}], [{8, 5}, {3, 7}, {1, 6}, {2, 4}], [{8, 5}, {3, 7}, {2, 6}, {1, 4}], [{8, 5}, {3, 7}, {4, 6}, {1, 2}], [{8, 5}, {3, 7}, {6}, {1, 4}, {2}], [{8, 5}, {4, 7}, {1, 6}, {2, 3}], [{8, 5}, {4, 7}, {2, 6}, {1, 3}], [{8, 5}, {4, 7}, {2, 6}, {3}, {1}], [{8, 5}, {4, 7}, {3, 6}, {1, 2}], [{8, 5}, {6, 7}, {1, 4}, {2, 3}], [{8, 5}, {6, 7}, {1, 4}, {3}, {2}], [{8, 5}, {6, 7}, {2, 4}, {1, 3}], [{8, 5}, {6, 7}, {3, 4}, {1, 2}], [{8, 5}, {7}, {2, 6}, {1, 4}, {3}], [{8, 5}, {7}, {3, 6}, {1, 4}, {2}], [{8, 5}, {7}, {6}, {1, 4}, {2, 3}], [{8, 6}, {1, 7}, {2, 5}, {3, 4}], [{8, 6}, {1, 7}, {3, 5}, {2, 4}], [{8, 6}, {1, 7}, {4, 5}, {2, 3}], [{8, 6}, {2, 7}, {1, 5}, {3, 4}], [{8, 6}, {2, 7}, {3, 5}, {1, 4}], [{8, 6}, {2, 7}, {3, 5}, {4}, {1}], [{8, 6}, {2, 7}, {4, 5}, {1, 3}], [{8, 6}, {3, 7}, {1, 5}, {2, 4}], [{8, 6}, {3, 7}, {2, 5}, {1, 4}], [{8, 6}, {3, 7}, {4, 5}, {1, 2}], [{8, 6}, {3, 7}, {5}, {1, 4}, {2}], [{8, 6}, {4, 7}, {1, 5}, {2, 3}], [{8, 6}, {4, 7}, {1, 5}, {3}, {2}], [{8, 6}, {4, 7}, {2, 5}, {1, 3}], [{8, 6}, {4, 7}, {3, 5}, {1, 2}], [{8, 6}, {5, 7}, {1, 4}, {2, 3}], [{8, 6}, {5, 7}, {1, 4}, {3}, {2}], [{8, 6}, {5, 7}, {2, 4}, {1, 3}], [{8, 6}, {5, 7}, {3, 4}, {1, 2}], [{8, 6}, {7}, {3, 5}, {1, 4}, {2}], [{8, 7}, {1, 6}, {2, 5}, {3, 4}], [{8, 7}, {1, 6}, {3, 5}, {2, 4}], [{8, 7}, {1, 6}, {4, 5}, {2, 3}], [{8, 7}, {1, 6}, {5}, {2, 4}, {3}], [{8, 7}, {1, 6}, {5}, {3, 4}, {2}], [{8, 7}, {1, 6}, {5}, {4}, {2, 3}], [{8, 7}, {2, 6}, {1, 5}, {3, 4}], [{8, 7}, {2, 6}, {1, 5}, {4}, {3}], [{8, 7}, {2, 6}, {3, 5}, {1, 4}], [{8, 7}, {2, 6}, {4, 5}, {1, 3}], [{8, 7}, {2, 6}, {4, 5}, {3}, {1}], [{8, 7}, {2, 6}, {5}, {1, 4}, {3}], [{8, 7}, {3, 6}, {1, 5}, {2, 4}], [{8, 7}, {3, 6}, {1, 5}, {4}, {2}], [{8, 7}, {3, 6}, {2, 5}, {1, 4}], [{8, 7}, {3, 6}, {4, 5}, {1, 2}], [{8, 7}, {4, 6}, {1, 5}, {2, 3}], [{8, 7}, {4, 6}, {1, 5}, {3}, {2}], [{8, 7}, {4, 6}, {2, 5}, {1, 3}], [{8, 7}, {4, 6}, {3, 5}, {1, 2}], [{8, 7}, {5, 6}, {1, 4}, {2, 3}], [{8, 7}, {5, 6}, {2, 4}, {1, 3}], [{8, 7}, {5, 6}, {2, 4}, {3}, {1}], [{8, 7}, {5, 6}, {3, 4}, {1, 2}], [{8, 7}, {5, 6}, {3, 4}, {2}, {1}], [{8, 7}, {5, 6}, {4}, {2, 3}, {1}], [{8, 7}, {6}, {1, 5}, {2, 4}, {3}], [{8, 7}, {6}, {1, 5}, {3, 4}, {2}], [{8, 7}, {6}, {1, 5}, {4}, {2, 3}], [{8, 7}, {6}, {1, 5}, {4}, {3}, {2}], [{8}, {1, 7}, {2, 6}, {3, 5}, {4}], [{8}, {1, 7}, {5, 6}, {2, 4}, {3}], [{8}, {2, 7}, {1, 6}, {3, 5}, {4}], [{8}, {2, 7}, {4, 6}, {3, 5}, {1}], [{8}, {2, 7}, {5, 6}, {4}, {1, 3}], [{8}, {2, 7}, {6}, {3, 5}, {1, 4}], [{8}, {3, 7}, {5, 6}, {1, 4}, {2}], [{8}, {4, 7}, {2, 6}, {1, 5}, {3}], [{8}, {4, 7}, {3, 6}, {1, 5}, {2}], [{8}, {4, 7}, {3, 6}, {2, 5}, {1}], [{8}, {4, 7}, {3, 6}, {5}, {1, 2}], [{8}, {4, 7}, {6}, {1, 5}, {2, 3}], [{8}, {4, 7}, {6}, {1, 5}, {3}, {2}], [{8}, {5, 7}, {2, 6}, {1, 4}, {3}], [{8}, {5, 7}, {2, 6}, {3, 4}, {1}], [{8}, {5, 7}, {2, 6}, {4}, {1, 3}]]",2,- 8 K_1^4 + 20 K_1^3 + 8 K_1^2 K_2 - 10 K_1 K_2 - 2 K_1 K_3 - 10 K_1 + K_2 + 2,O1O2O3O4U5U1O6U7U6O5O7U8U3U4O8U2,O1O2O3U4U5O6O4U6O7O5U1U2U8U7O8U3,O1O2O3U1O4U5U4U2U3O6O5U7O8O7U6U8,c,{'O1O2O3O4U3O5U1U2U5O6O7U8U6O8U4U7'},1,"<a href=""/flatknot/8.704283"">8.704283</a>",t^9-68t^7-248t^6-166t^5+274t^4+450t^3+106t^2-100t-12,t^3-3t^2+3t,,
8.704284,O1O2O3O4U3O5U1U2U6O7O6U4U7O8U5U8,4,4z^3+32z^2+97z+99,4w^4z^3-2w^4z^2+34w^3z^2-6w^3z+103w^2z+99w,False,False,"[[ 0 -3 -1 -1  1  2  1  0  1],[ 3  0  1  0  3  3  3  1  1],[ 1 -1  0  0  2  2  1  1  1],[ 1  0  0  0  1  1  1  1  0],[-1 -3 -2 -1  0  2 -1  0  1],[-2 -3 -2 -1 -2  0 -1 -1  1],[-1 -3 -1 -1  1  1  0  0  1],[ 0 -1 -1 -1  0  1  0  0  0],[-1 -1 -1  0 -1 -1 -1  0  0]]","[[ 0  2  1  1  1  0 -1 -1 -3],[-2  0  1 -1 -2 -1 -1 -2 -3],[-1 -1  0 -1 -1  0  0 -1 -1],[-1  1  1  0  1  0 -1 -1 -3],[-1  2  1 -1  0  0 -1 -2 -3],[ 0  1  0  0  0  0 -1 -1 -1],[ 1  1  0  1  1  1  0  0  0],[ 1  2  1  1  2  1  0  0 -1],[ 3  3  1  3  3  1  0  1  0]]",True,"[-2,-1,-1,-1,0,1,1,3,-1,1,2,1,1,2,3,1,1,0,0,1,1,-1,0,1,1,3,0,1,2,3,1,1,1,0,0,1]","[-3,-1,-1,0,1,1,1,2,0,1,1,1,3,3,3,0,1,0,1,1,1,1,1,1,2,2,0,0,0,1,-1,-1,-1,1,1,2]",t^8+55t^6+135t^4+72t^2+1,"[-3,-1,-1,0,1,1,1,2,1,2,2,1,1,3,2,0,0,0,1,1,1,0,1,1,2,2,1,1,1,1,1,-1,-1,-1,0,2]","[-2,-1,-1,-1,0,1,1,3,-1,0,2,1,1,2,2,-1,1,1,0,1,1,1,1,1,1,1,1,1,2,3,0,0,2,0,1,2]","[-3,-1,-1,0,1,1,1,2,0,1,1,1,3,3,3,0,1,0,1,1,1,1,1,1,2,2,0,0,0,1,-1,-1,-1,1,1,2]",c,"[[{8, 1}, {2, 7}, {3, 6}, {4, 5}], [{8, 1}, {2, 7}, {3, 6}, {5}, {4}], [{8, 1}, {2, 7}, {4, 6}, {3, 5}], [{8, 1}, {2, 7}, {5, 6}, {3, 4}], [{8, 1}, {2, 7}, {5, 6}, {4}, {3}], [{8, 1}, {2, 7}, {6}, {3, 5}, {4}], [{8, 1}, {3, 7}, {2, 6}, {4, 5}], [{8, 1}, {3, 7}, {4, 6}, {2, 5}], [{8, 1}, {3, 7}, {5, 6}, {2, 4}], [{8, 1}, {3, 7}, {5, 6}, {4}, {2}], [{8, 1}, {4, 7}, {2, 6}, {3, 5}], [{8, 1}, {4, 7}, {3, 6}, {2, 5}], [{8, 1}, {4, 7}, {5, 6}, {2, 3}], [{8, 1}, {4, 7}, {6}, {2, 5}, {3}], [{8, 1}, {5, 7}, {2, 6}, {3, 4}], [{8, 1}, {5, 7}, {3, 6}, {2, 4}], [{8, 1}, {5, 7}, {4, 6}, {2, 3}], [{8, 1}, {6, 7}, {2, 5}, {3, 4}], [{8, 1}, {6, 7}, {2, 5}, {4}, {3}], [{8, 1}, {6, 7}, {3, 5}, {2, 4}], [{8, 1}, {6, 7}, {4, 5}, {2, 3}], [{8, 1}, {7}, {2, 6}, {5}, {3, 4}], [{8, 1}, {7}, {4, 6}, {2, 5}, {3}], [{8, 1}, {7}, {4, 6}, {3, 5}, {2}], [{8, 1}, {7}, {4, 6}, {5}, {2, 3}], [{8, 1}, {7}, {5, 6}, {4}, {2, 3}], [{8, 1}, {7}, {6}, {4, 5}, {2, 3}], [{8, 2}, {1, 7}, {3, 6}, {4, 5}], [{8, 2}, {1, 7}, {3, 6}, {5}, {4}], [{8, 2}, {1, 7}, {4, 6}, {3, 5}], [{8, 2}, {1, 7}, {5, 6}, {3, 4}], [{8, 2}, {3, 7}, {1, 6}, {4, 5}], [{8, 2}, {3, 7}, {4, 6}, {1, 5}], [{8, 2}, {3, 7}, {5, 6}, {1, 4}], [{8, 2}, {4, 7}, {1, 6}, {3, 5}], [{8, 2}, {4, 7}, {1, 6}, {5}, {3}], [{8, 2}, {4, 7}, {3, 6}, {1, 5}], [{8, 2}, {4, 7}, {5, 6}, {1, 3}], [{8, 2}, {4, 7}, {6}, {3, 5}, {1}], [{8, 2}, {5, 7}, {1, 6}, {3, 4}], [{8, 2}, {5, 7}, {3, 6}, {1, 4}], [{8, 2}, {5, 7}, {4, 6}, {1, 3}], [{8, 2}, {5, 7}, {6}, {4}, {1, 3}], [{8, 2}, {6, 7}, {1, 5}, {3, 4}], [{8, 2}, {6, 7}, {1, 5}, {4}, {3}], [{8, 2}, {6, 7}, {3, 5}, {1, 4}], [{8, 2}, {6, 7}, {4, 5}, {1, 3}], [{8, 2}, {6, 7}, {5}, {3, 4}, {1}], [{8, 3}, {1, 7}, {2, 6}, {4, 5}], [{8, 3}, {1, 7}, {4, 6}, {2, 5}], [{8, 3}, {1, 7}, {5, 6}, {2, 4}], [{8, 3}, {2, 7}, {1, 6}, {4, 5}], [{8, 3}, {2, 7}, {4, 6}, {1, 5}], [{8, 3}, {2, 7}, {5, 6}, {1, 4}], [{8, 3}, {4, 7}, {1, 6}, {2, 5}], [{8, 3}, {4, 7}, {2, 6}, {1, 5}], [{8, 3}, {4, 7}, {5, 6}, {1, 2}], [{8, 3}, {5, 7}, {1, 6}, {2, 4}], [{8, 3}, {5, 7}, {1, 6}, {4}, {2}], [{8, 3}, {5, 7}, {2, 6}, {1, 4}], [{8, 3}, {5, 7}, {4, 6}, {1, 2}], [{8, 3}, {5, 7}, {6}, {2, 4}, {1}], [{8, 3}, {6, 7}, {1, 5}, {2, 4}], [{8, 3}, {6, 7}, {2, 5}, {1, 4}], [{8, 3}, {6, 7}, {4, 5}, {1, 2}], [{8, 3}, {7}, {5, 6}, {4}, {1, 2}], [{8, 4}, {1, 7}, {2, 6}, {3, 5}], [{8, 4}, {1, 7}, {3, 6}, {2, 5}], [{8, 4}, {1, 7}, {5, 6}, {2, 3}], [{8, 4}, {2, 7}, {1, 6}, {3, 5}], [{8, 4}, {2, 7}, {1, 6}, {5}, {3}], [{8, 4}, {2, 7}, {3, 6}, {1, 5}], [{8, 4}, {2, 7}, {5, 6}, {1, 3}], [{8, 4}, {2, 7}, {6}, {3, 5}, {1}], [{8, 4}, {3, 7}, {1, 6}, {2, 5}], [{8, 4}, {3, 7}, {2, 6}, {1, 5}], [{8, 4}, {3, 7}, {5, 6}, {1, 2}], [{8, 4}, {3, 7}, {6}, {5}, {1, 2}], [{8, 4}, {5, 7}, {1, 6}, {2, 3}], [{8, 4}, {5, 7}, {2, 6}, {1, 3}], [{8, 4}, {5, 7}, {3, 6}, {1, 2}], [{8, 4}, {5, 7}, {3, 6}, {2}, {1}], [{8, 4}, {6, 7}, {1, 5}, {2, 3}], [{8, 4}, {6, 7}, {2, 5}, {1, 3}], [{8, 4}, {6, 7}, {3, 5}, {1, 2}], [{8, 4}, {6, 7}, {5}, {3}, {1, 2}], [{8, 4}, {7}, {2, 6}, {5}, {1, 3}], [{8, 4}, {7}, {3, 6}, {5}, {1, 2}], [{8, 4}, {7}, {5, 6}, {1, 3}, {2}], [{8, 4}, {7}, {6}, {2, 5}, {1, 3}], [{8, 5}, {1, 7}, {2, 6}, {3, 4}], [{8, 5}, {1, 7}, {2, 6}, {4}, {3}], [{8, 5}, {1, 7}, {3, 6}, {2, 4}], [{8, 5}, {1, 7}, {4, 6}, {2, 3}], [{8, 5}, {1, 7}, {6}, {3, 4}, {2}], [{8, 5}, {2, 7}, {1, 6}, {3, 4}], [{8, 5}, {2, 7}, {1, 6}, {4}, {3}], [{8, 5}, {2, 7}, {3, 6}, {1, 4}], [{8, 5}, {2, 7}, {4, 6}, {1, 3}], [{8, 5}, {2, 7}, {6}, {3, 4}, {1}], [{8, 5}, {3, 7}, {1, 6}, {2, 4}], [{8, 5}, {3, 7}, {1, 6}, {4}, {2}], [{8, 5}, {3, 7}, {2, 6}, {1, 4}], [{8, 5}, {3, 7}, {4, 6}, {1, 2}], [{8, 5}, {4, 7}, {1, 6}, {2, 3}], [{8, 5}, {4, 7}, {1, 6}, {3}, {2}], [{8, 5}, {4, 7}, {2, 6}, {1, 3}], [{8, 5}, {4, 7}, {3, 6}, {1, 2}], [{8, 5}, {6, 7}, {1, 4}, {2, 3}], [{8, 5}, {6, 7}, {2, 4}, {1, 3}], [{8, 5}, {6, 7}, {3, 4}, {1, 2}], [{8, 5}, {6, 7}, {3, 4}, {2}, {1}], [{8, 5}, {6, 7}, {4}, {3}, {1, 2}], [{8, 5}, {7}, {1, 6}, {2, 4}, {3}], [{8, 5}, {7}, {1, 6}, {3, 4}, {2}], [{8, 5}, {7}, {1, 6}, {4}, {2, 3}], [{8, 5}, {7}, {1, 6}, {4}, {3}, {2}], [{8, 5}, {7}, {2, 6}, {3, 4}, {1}], [{8, 5}, {7}, {3, 6}, {1, 4}, {2}], [{8, 5}, {7}, {4, 6}, {1, 3}, {2}], [{8, 5}, {7}, {6}, {3, 4}, {1, 2}], [{8, 5}, {7}, {6}, {3, 4}, {2}, {1}], [{8, 6}, {1, 7}, {2, 5}, {3, 4}], [{8, 6}, {1, 7}, {3, 5}, {2, 4}], [{8, 6}, {1, 7}, {4, 5}, {2, 3}], [{8, 6}, {2, 7}, {1, 5}, {3, 4}], [{8, 6}, {2, 7}, {1, 5}, {4}, {3}], [{8, 6}, {2, 7}, {3, 5}, {1, 4}], [{8, 6}, {2, 7}, {4, 5}, {1, 3}], [{8, 6}, {2, 7}, {5}, {3, 4}, {1}], [{8, 6}, {3, 7}, {1, 5}, {2, 4}], [{8, 6}, {3, 7}, {2, 5}, {1, 4}], [{8, 6}, {3, 7}, {4, 5}, {1, 2}], [{8, 6}, {4, 7}, {1, 5}, {2, 3}], [{8, 6}, {4, 7}, {2, 5}, {1, 3}], [{8, 6}, {4, 7}, {2, 5}, {3}, {1}], [{8, 6}, {4, 7}, {3, 5}, {1, 2}], [{8, 6}, {5, 7}, {1, 4}, {2, 3}], [{8, 6}, {5, 7}, {1, 4}, {3}, {2}], [{8, 6}, {5, 7}, {2, 4}, {1, 3}], [{8, 6}, {5, 7}, {3, 4}, {1, 2}], [{8, 7}, {1, 6}, {2, 5}, {3, 4}], [{8, 7}, {1, 6}, {3, 5}, {2, 4}], [{8, 7}, {1, 6}, {3, 5}, {4}, {2}], [{8, 7}, {1, 6}, {4, 5}, {2, 3}], [{8, 7}, {2, 6}, {1, 5}, {3, 4}], [{8, 7}, {2, 6}, {3, 5}, {1, 4}], [{8, 7}, {2, 6}, {4, 5}, {1, 3}], [{8, 7}, {3, 6}, {1, 5}, {2, 4}], [{8, 7}, {3, 6}, {2, 5}, {1, 4}], [{8, 7}, {3, 6}, {4, 5}, {1, 2}], [{8, 7}, {3, 6}, {4, 5}, {2}, {1}], [{8, 7}, {4, 6}, {1, 5}, {2, 3}], [{8, 7}, {4, 6}, {2, 5}, {1, 3}], [{8, 7}, {4, 6}, {3, 5}, {1, 2}], [{8, 7}, {5, 6}, {1, 4}, {2, 3}], [{8, 7}, {5, 6}, {1, 4}, {3}, {2}], [{8, 7}, {5, 6}, {2, 4}, {1, 3}], [{8, 7}, {5, 6}, {3, 4}, {1, 2}], [{8}, {2, 7}, {1, 6}, {4, 5}, {3}], [{8}, {2, 7}, {5, 6}, {3, 4}, {1}], [{8}, {2, 7}, {6}, {3, 5}, {1, 4}], [{8}, {3, 7}, {6}, {1, 5}, {2, 4}], [{8}, {3, 7}, {6}, {2, 5}, {1, 4}], [{8}, {4, 7}, {1, 6}, {2, 5}, {3}], [{8}, {4, 7}, {3, 6}, {1, 5}, {2}], [{8}, {5, 7}, {3, 6}, {4}, {1, 2}], [{8}, {6, 7}, {2, 5}, {3, 4}, {1}], [{8}, {6, 7}, {3, 5}, {1, 4}, {2}], [{8}, {6, 7}, {4, 5}, {3}, {1, 2}], [{8}, {7}, {2, 6}, {1, 5}, {3, 4}], [{8}, {7}, {2, 6}, {3, 5}, {1, 4}]]",2,16 K_1^3 + 4 K_1^2 K_2 - 18 K_1^2 - 18 K_1 K_2 - 4 K_1 K_3 - 3 K_1 + 9 K_2 + 5 K_3 + K_4 + 9,O1O2O3O4U5U6O5U7U1O8O7U8U3U4O6U2,O1O2O3U4U3O5O4U6O7O6U1U2U8U5O8U7,O1O2O3U4O5U6U5U2U3O7O4U7O8O6U1U8,c,{'O1O2O3O4U3O5U1U2U6O7O6U4U7O8U5U8'},1,"<a href=""/flatknot/8.704284"">8.704284</a>",t^9-59t^7-174t^6-56t^5+216t^4+119t^3-100t^2-72t-6,t^3-t^2-t,,
8.704285,O1O2O3O4U3O5U1U2U6O7O6U5U4O8U7U8,4,9z^3+54z^2+112z+81,9w^4z^3+54w^3z^2+112w^2z+81w,False,False,"[[ 0 -3 -1 -1  2  1  1  0  1],[ 3  0  1  0  4  2  3  2  0],[ 1 -1  0  0  3  1  1  2  0],[ 1  0  0  0  1  0  1  1  0],[-2 -4 -3 -1  0  0 -2  1  1],[-1 -2 -1  0  0  0 -1  0  1],[-1 -3 -1 -1  2  1  0  0  0],[ 0 -2 -2 -1 -1  0  0  0  1],[-1  0  0  0 -1 -1  0 -1  0]]","[[ 0  2  1  1  1  0 -1 -1 -3],[-2  0  1  0 -2  1 -1 -3 -4],[-1 -1  0 -1  0 -1  0  0  0],[-1  0  1  0 -1  0  0 -1 -2],[-1  2  0  1  0  0 -1 -1 -3],[ 0 -1  1  0  0  0 -1 -2 -2],[ 1  1  0  0  1  1  0  0  0],[ 1  3  0  1  1  2  0  0 -1],[ 3  4  0  2  3  2  0  1  0]]",True,"[-2,-1,-1,-1,0,1,1,3,-1,0,2,-1,1,3,4,1,0,1,0,0,0,1,0,0,1,2,0,1,1,3,1,2,2,0,0,1]","[-3,-1,-1,0,1,1,1,2,0,1,2,0,2,3,4,0,1,0,0,1,1,2,0,1,1,3,1,0,0,-1,-1,0,-1,-1,0,2]",t^8+61t^6+223t^4+135t^2,"[-3,-1,-1,0,1,1,1,2,1,2,1,1,2,4,1,0,-1,1,1,2,0,0,1,2,2,2,1,1,0,3,-1,0,-1,-1,1,2]","[-2,-1,-1,-1,0,1,1,3,-1,1,2,3,0,2,1,1,0,1,1,1,1,1,1,1,2,2,0,2,2,4,-1,0,1,0,1,2]","[-3,-1,-1,0,1,1,1,2,0,1,2,0,2,3,4,0,1,0,0,1,1,2,0,1,1,3,1,0,0,-1,-1,0,-1,-1,0,2]",c,"[[{8, 1}, {2, 7}, {3, 6}, {4, 5}], [{8, 1}, {2, 7}, {3, 6}, {5}, {4}], [{8, 1}, {2, 7}, {4, 6}, {3, 5}], [{8, 1}, {2, 7}, {5, 6}, {3, 4}], [{8, 1}, {3, 7}, {2, 6}, {4, 5}], [{8, 1}, {3, 7}, {4, 6}, {2, 5}], [{8, 1}, {3, 7}, {5, 6}, {2, 4}], [{8, 1}, {4, 7}, {2, 6}, {3, 5}], [{8, 1}, {4, 7}, {3, 6}, {2, 5}], [{8, 1}, {4, 7}, {5, 6}, {2, 3}], [{8, 1}, {5, 7}, {2, 6}, {3, 4}], [{8, 1}, {5, 7}, {3, 6}, {2, 4}], [{8, 1}, {5, 7}, {4, 6}, {2, 3}], [{8, 1}, {6, 7}, {2, 5}, {3, 4}], [{8, 1}, {6, 7}, {3, 5}, {2, 4}], [{8, 1}, {6, 7}, {4, 5}, {2, 3}], [{8, 1}, {6, 7}, {5}, {3, 4}, {2}], [{8, 1}, {7}, {2, 6}, {4, 5}, {3}], [{8, 1}, {7}, {6}, {3, 5}, {2, 4}], [{8, 2}, {1, 7}, {3, 6}, {4, 5}], [{8, 2}, {1, 7}, {4, 6}, {3, 5}], [{8, 2}, {1, 7}, {5, 6}, {3, 4}], [{8, 2}, {3, 7}, {1, 6}, {4, 5}], [{8, 2}, {3, 7}, {4, 6}, {1, 5}], [{8, 2}, {3, 7}, {5, 6}, {1, 4}], [{8, 2}, {3, 7}, {5, 6}, {4}, {1}], [{8, 2}, {4, 7}, {1, 6}, {3, 5}], [{8, 2}, {4, 7}, {3, 6}, {1, 5}], [{8, 2}, {4, 7}, {5, 6}, {1, 3}], [{8, 2}, {5, 7}, {1, 6}, {3, 4}], [{8, 2}, {5, 7}, {3, 6}, {1, 4}], [{8, 2}, {5, 7}, {4, 6}, {1, 3}], [{8, 2}, {5, 7}, {6}, {3, 4}, {1}], [{8, 2}, {6, 7}, {1, 5}, {3, 4}], [{8, 2}, {6, 7}, {3, 5}, {1, 4}], [{8, 2}, {6, 7}, {4, 5}, {1, 3}], [{8, 2}, {7}, {5, 6}, {1, 4}, {3}], [{8, 3}, {1, 7}, {2, 6}, {4, 5}], [{8, 3}, {1, 7}, {4, 6}, {2, 5}], [{8, 3}, {1, 7}, {5, 6}, {2, 4}], [{8, 3}, {1, 7}, {5, 6}, {4}, {2}], [{8, 3}, {2, 7}, {1, 6}, {4, 5}], [{8, 3}, {2, 7}, {4, 6}, {1, 5}], [{8, 3}, {2, 7}, {5, 6}, {1, 4}], [{8, 3}, {2, 7}, {5, 6}, {4}, {1}], [{8, 3}, {4, 7}, {1, 6}, {2, 5}], [{8, 3}, {4, 7}, {2, 6}, {1, 5}], [{8, 3}, {4, 7}, {5, 6}, {1, 2}], [{8, 3}, {4, 7}, {5, 6}, {2}, {1}], [{8, 3}, {5, 7}, {1, 6}, {2, 4}], [{8, 3}, {5, 7}, {2, 6}, {1, 4}], [{8, 3}, {5, 7}, {2, 6}, {4}, {1}], [{8, 3}, {5, 7}, {4, 6}, {1, 2}], [{8, 3}, {6, 7}, {1, 5}, {2, 4}], [{8, 3}, {6, 7}, {2, 5}, {1, 4}], [{8, 3}, {6, 7}, {2, 5}, {4}, {1}], [{8, 3}, {6, 7}, {4, 5}, {1, 2}], [{8, 3}, {7}, {5, 6}, {1, 4}, {2}], [{8, 3}, {7}, {5, 6}, {2, 4}, {1}], [{8, 3}, {7}, {5, 6}, {4}, {1, 2}], [{8, 4}, {1, 7}, {2, 6}, {3, 5}], [{8, 4}, {1, 7}, {3, 6}, {2, 5}], [{8, 4}, {1, 7}, {5, 6}, {2, 3}], [{8, 4}, {2, 7}, {1, 6}, {3, 5}], [{8, 4}, {2, 7}, {3, 6}, {1, 5}], [{8, 4}, {2, 7}, {5, 6}, {1, 3}], [{8, 4}, {3, 7}, {1, 6}, {2, 5}], [{8, 4}, {3, 7}, {2, 6}, {1, 5}], [{8, 4}, {3, 7}, {5, 6}, {1, 2}], [{8, 4}, {5, 7}, {1, 6}, {2, 3}], [{8, 4}, {5, 7}, {2, 6}, {1, 3}], [{8, 4}, {5, 7}, {2, 6}, {3}, {1}], [{8, 4}, {5, 7}, {3, 6}, {1, 2}], [{8, 4}, {6, 7}, {1, 5}, {2, 3}], [{8, 4}, {6, 7}, {2, 5}, {1, 3}], [{8, 4}, {6, 7}, {3, 5}, {1, 2}], [{8, 5}, {1, 7}, {2, 6}, {3, 4}], [{8, 5}, {1, 7}, {3, 6}, {2, 4}], [{8, 5}, {1, 7}, {4, 6}, {2, 3}], [{8, 5}, {2, 7}, {1, 6}, {3, 4}], [{8, 5}, {2, 7}, {3, 6}, {1, 4}], [{8, 5}, {2, 7}, {4, 6}, {1, 3}], [{8, 5}, {3, 7}, {1, 6}, {2, 4}], [{8, 5}, {3, 7}, {2, 6}, {1, 4}], [{8, 5}, {3, 7}, {4, 6}, {1, 2}], [{8, 5}, {4, 7}, {1, 6}, {2, 3}], [{8, 5}, {4, 7}, {2, 6}, {1, 3}], [{8, 5}, {4, 7}, {3, 6}, {1, 2}], [{8, 5}, {6, 7}, {1, 4}, {2, 3}], [{8, 5}, {6, 7}, {2, 4}, {1, 3}], [{8, 5}, {6, 7}, {3, 4}, {1, 2}], [{8, 5}, {6, 7}, {4}, {3}, {1, 2}], [{8, 5}, {7}, {1, 6}, {4}, {2, 3}], [{8, 6}, {1, 7}, {2, 5}, {3, 4}], [{8, 6}, {1, 7}, {3, 5}, {2, 4}], [{8, 6}, {1, 7}, {4, 5}, {2, 3}], [{8, 6}, {1, 7}, {5}, {3, 4}, {2}], [{8, 6}, {2, 7}, {1, 5}, {3, 4}], [{8, 6}, {2, 7}, {3, 5}, {1, 4}], [{8, 6}, {2, 7}, {4, 5}, {1, 3}], [{8, 6}, {2, 7}, {5}, {3, 4}, {1}], [{8, 6}, {3, 7}, {1, 5}, {2, 4}], [{8, 6}, {3, 7}, {2, 5}, {1, 4}], [{8, 6}, {3, 7}, {4, 5}, {1, 2}], [{8, 6}, {4, 7}, {1, 5}, {2, 3}], [{8, 6}, {4, 7}, {2, 5}, {1, 3}], [{8, 6}, {4, 7}, {3, 5}, {1, 2}], [{8, 6}, {5, 7}, {1, 4}, {2, 3}], [{8, 6}, {5, 7}, {2, 4}, {1, 3}], [{8, 6}, {5, 7}, {3, 4}, {1, 2}], [{8, 6}, {5, 7}, {3, 4}, {2}, {1}], [{8, 6}, {7}, {1, 5}, {3, 4}, {2}], [{8, 6}, {7}, {2, 5}, {3, 4}, {1}], [{8, 6}, {7}, {5}, {3, 4}, {1, 2}], [{8, 6}, {7}, {5}, {3, 4}, {2}, {1}], [{8, 7}, {1, 6}, {2, 5}, {3, 4}], [{8, 7}, {1, 6}, {2, 5}, {4}, {3}], [{8, 7}, {1, 6}, {3, 5}, {2, 4}], [{8, 7}, {1, 6}, {4, 5}, {2, 3}], [{8, 7}, {1, 6}, {5}, {3, 4}, {2}], [{8, 7}, {2, 6}, {1, 5}, {3, 4}], [{8, 7}, {2, 6}, {3, 5}, {1, 4}], [{8, 7}, {2, 6}, {4, 5}, {1, 3}], [{8, 7}, {3, 6}, {1, 5}, {2, 4}], [{8, 7}, {3, 6}, {2, 5}, {1, 4}], [{8, 7}, {3, 6}, {4, 5}, {1, 2}], [{8, 7}, {4, 6}, {1, 5}, {2, 3}], [{8, 7}, {4, 6}, {1, 5}, {3}, {2}], [{8, 7}, {4, 6}, {2, 5}, {1, 3}], [{8, 7}, {4, 6}, {3, 5}, {1, 2}], [{8, 7}, {5, 6}, {1, 4}, {2, 3}], [{8, 7}, {5, 6}, {1, 4}, {3}, {2}], [{8, 7}, {5, 6}, {2, 4}, {1, 3}], [{8, 7}, {5, 6}, {3, 4}, {1, 2}], [{8, 7}, {6}, {1, 5}, {4}, {2, 3}], [{8, 7}, {6}, {3, 5}, {2, 4}, {1}], [{8, 7}, {6}, {4, 5}, {3}, {1, 2}], [{8}, {1, 7}, {3, 6}, {5}, {2, 4}], [{8}, {1, 7}, {5, 6}, {2, 4}, {3}], [{8}, {1, 7}, {6}, {3, 5}, {2, 4}], [{8}, {2, 7}, {5, 6}, {1, 4}, {3}], [{8}, {3, 7}, {5, 6}, {1, 4}, {2}], [{8}, {4, 7}, {1, 6}, {3, 5}, {2}], [{8}, {4, 7}, {5, 6}, {3}, {1, 2}], [{8}, {5, 7}, {2, 6}, {3, 4}, {1}], [{8}, {5, 7}, {3, 6}, {1, 4}, {2}], [{8}, {6, 7}, {3, 5}, {1, 4}, {2}], [{8}, {7}, {5, 6}, {1, 4}, {2, 3}], [{8}, {7}, {5, 6}, {1, 4}, {3}, {2}]]",2,- 16 K_1^4 + 8 K_1^3 + 28 K_1^2 K_2 - 14 K_1^2 - 10 K_1 K_2 - 12 K_1 K_3 - K_1 - 4 K_2^2 + 7 K_2 + 3 K_3 + 3 K_4 + 9,O1O2O3O4U5U6O5U1U7O8O6U8U3U4O7U2,O1O2O3U4U3O5O6U7O4O7U1U2U8U6O8U5,O1O2O3U4O5U6U5U2U3O7O8U7O6O4U1U8,c,{'O1O2O3O4U3O5U1U2U6O7O6U5U4O8U7U8'},1,"<a href=""/flatknot/8.704285"">8.704285</a>",t^9-65t^7-142t^6+112t^5+118t^4-125t^3+126t^2+36t-34,t^3-t^2-t,,
8.704286,O1O2O3O4U3O5U1U2U6O7O6U5U7O8U4U8,4,6z^3+48z^2+115z+87,6w^4z^3+48w^3z^2+115w^2z+87w,False,False,"[[ 0 -3 -1 -1  2  1  1  0  1],[ 3  0  1  0  4  2  3  1  1],[ 1 -1  0  0  3  1  1  1  1],[ 1  0  0  0  1  0  1  0  1],[-2 -4 -3 -1  0 -1 -1  0  1],[-1 -2 -1  0  1  0 -1  0  0],[-1 -3 -1 -1  1  1  0  0  1],[ 0 -1 -1  0  0  0  0  0  0],[-1 -1 -1 -1 -1  0 -1  0  0]]","[[ 0  2  1  1  1  0 -1 -1 -3],[-2  0  1 -1 -1  0 -1 -3 -4],[-1 -1  0  0 -1  0 -1 -1 -1],[-1  1  0  0 -1  0  0 -1 -2],[-1  1  1  1  0  0 -1 -1 -3],[ 0  0  0  0  0  0  0 -1 -1],[ 1  1  1  0  1  0  0  0  0],[ 1  3  1  1  1  1  0  0 -1],[ 3  4  1  2  3  1  0  1  0]]",True,"[-2,-1,-1,-1,0,1,1,3,-1,1,1,0,1,3,4,0,1,0,1,1,1,1,0,0,1,2,0,1,1,3,0,1,1,0,0,1]","[-3,-1,-1,0,1,1,1,2,0,1,1,1,2,3,4,0,0,1,0,1,1,1,1,1,1,3,0,0,0,0,0,-1,-1,-1,1,1]",t^8+53t^6+141t^4+68t^2+4,"[-3,-1,-1,0,1,1,1,2,1,2,2,1,2,3,1,0,0,1,1,1,0,1,1,2,1,2,1,1,1,2,-1,-1,0,0,0,2]","[-2,-1,-1,-1,0,1,1,3,0,0,2,2,0,2,1,-1,0,1,1,2,2,1,1,1,1,1,1,1,1,3,0,1,2,0,1,2]","[-3,-1,-1,0,1,1,1,2,0,1,1,1,2,3,4,0,0,1,0,1,1,1,1,1,1,3,0,0,0,0,0,-1,-1,-1,1,1]",c,"[[{8, 1}, {2, 7}, {3, 6}, {4, 5}], [{8, 1}, {2, 7}, {4, 6}, {3, 5}], [{8, 1}, {2, 7}, {4, 6}, {5}, {3}], [{8, 1}, {2, 7}, {5, 6}, {3, 4}], [{8, 1}, {3, 7}, {2, 6}, {4, 5}], [{8, 1}, {3, 7}, {4, 6}, {2, 5}], [{8, 1}, {3, 7}, {5, 6}, {2, 4}], [{8, 1}, {4, 7}, {2, 6}, {3, 5}], [{8, 1}, {4, 7}, {3, 6}, {2, 5}], [{8, 1}, {4, 7}, {5, 6}, {2, 3}], [{8, 1}, {5, 7}, {2, 6}, {3, 4}], [{8, 1}, {5, 7}, {3, 6}, {2, 4}], [{8, 1}, {5, 7}, {3, 6}, {4}, {2}], [{8, 1}, {5, 7}, {4, 6}, {2, 3}], [{8, 1}, {5, 7}, {6}, {2, 4}, {3}], [{8, 1}, {6, 7}, {2, 5}, {3, 4}], [{8, 1}, {6, 7}, {3, 5}, {2, 4}], [{8, 1}, {6, 7}, {4, 5}, {2, 3}], [{8, 1}, {6, 7}, {4, 5}, {3}, {2}], [{8, 1}, {7}, {6}, {4, 5}, {2, 3}], [{8, 2}, {1, 7}, {3, 6}, {4, 5}], [{8, 2}, {1, 7}, {4, 6}, {3, 5}], [{8, 2}, {1, 7}, {5, 6}, {3, 4}], [{8, 2}, {3, 7}, {1, 6}, {4, 5}], [{8, 2}, {3, 7}, {4, 6}, {1, 5}], [{8, 2}, {3, 7}, {5, 6}, {1, 4}], [{8, 2}, {4, 7}, {1, 6}, {3, 5}], [{8, 2}, {4, 7}, {3, 6}, {1, 5}], [{8, 2}, {4, 7}, {5, 6}, {1, 3}], [{8, 2}, {5, 7}, {1, 6}, {3, 4}], [{8, 2}, {5, 7}, {3, 6}, {1, 4}], [{8, 2}, {5, 7}, {4, 6}, {1, 3}], [{8, 2}, {6, 7}, {1, 5}, {3, 4}], [{8, 2}, {6, 7}, {1, 5}, {4}, {3}], [{8, 2}, {6, 7}, {3, 5}, {1, 4}], [{8, 2}, {6, 7}, {4, 5}, {1, 3}], [{8, 2}, {6, 7}, {4, 5}, {3}, {1}], [{8, 2}, {6, 7}, {5}, {1, 4}, {3}], [{8, 2}, {7}, {1, 6}, {3, 5}, {4}], [{8, 2}, {7}, {4, 6}, {3, 5}, {1}], [{8, 2}, {7}, {6}, {3, 5}, {1, 4}], [{8, 2}, {7}, {6}, {4, 5}, {1, 3}], [{8, 3}, {1, 7}, {2, 6}, {4, 5}], [{8, 3}, {1, 7}, {4, 6}, {2, 5}], [{8, 3}, {1, 7}, {4, 6}, {5}, {2}], [{8, 3}, {1, 7}, {5, 6}, {2, 4}], [{8, 3}, {1, 7}, {5, 6}, {4}, {2}], [{8, 3}, {1, 7}, {6}, {4, 5}, {2}], [{8, 3}, {2, 7}, {1, 6}, {4, 5}], [{8, 3}, {2, 7}, {4, 6}, {1, 5}], [{8, 3}, {2, 7}, {4, 6}, {5}, {1}], [{8, 3}, {2, 7}, {5, 6}, {1, 4}], [{8, 3}, {2, 7}, {5, 6}, {4}, {1}], [{8, 3}, {2, 7}, {6}, {4, 5}, {1}], [{8, 3}, {4, 7}, {1, 6}, {2, 5}], [{8, 3}, {4, 7}, {2, 6}, {1, 5}], [{8, 3}, {4, 7}, {5, 6}, {1, 2}], [{8, 3}, {4, 7}, {5, 6}, {2}, {1}], [{8, 3}, {5, 7}, {1, 6}, {2, 4}], [{8, 3}, {5, 7}, {2, 6}, {1, 4}], [{8, 3}, {5, 7}, {4, 6}, {1, 2}], [{8, 3}, {5, 7}, {4, 6}, {2}, {1}], [{8, 3}, {6, 7}, {1, 5}, {2, 4}], [{8, 3}, {6, 7}, {2, 5}, {1, 4}], [{8, 3}, {6, 7}, {4, 5}, {1, 2}], [{8, 3}, {6, 7}, {4, 5}, {2}, {1}], [{8, 3}, {7}, {1, 6}, {2, 5}, {4}], [{8, 3}, {7}, {1, 6}, {4, 5}, {2}], [{8, 3}, {7}, {1, 6}, {5}, {2, 4}], [{8, 3}, {7}, {2, 6}, {1, 5}, {4}], [{8, 3}, {7}, {2, 6}, {4, 5}, {1}], [{8, 3}, {7}, {2, 6}, {5}, {1, 4}], [{8, 3}, {7}, {4, 6}, {1, 5}, {2}], [{8, 3}, {7}, {4, 6}, {2, 5}, {1}], [{8, 3}, {7}, {4, 6}, {5}, {1, 2}], [{8, 3}, {7}, {4, 6}, {5}, {2}, {1}], [{8, 3}, {7}, {5, 6}, {1, 4}, {2}], [{8, 3}, {7}, {5, 6}, {2, 4}, {1}], [{8, 3}, {7}, {5, 6}, {4}, {1, 2}], [{8, 3}, {7}, {5, 6}, {4}, {2}, {1}], [{8, 3}, {7}, {6}, {1, 5}, {2, 4}], [{8, 3}, {7}, {6}, {2, 5}, {1, 4}], [{8, 3}, {7}, {6}, {4, 5}, {1, 2}], [{8, 3}, {7}, {6}, {4, 5}, {2}, {1}], [{8, 4}, {1, 7}, {2, 6}, {3, 5}], [{8, 4}, {1, 7}, {3, 6}, {2, 5}], [{8, 4}, {1, 7}, {5, 6}, {2, 3}], [{8, 4}, {2, 7}, {1, 6}, {3, 5}], [{8, 4}, {2, 7}, {3, 6}, {1, 5}], [{8, 4}, {2, 7}, {5, 6}, {1, 3}], [{8, 4}, {3, 7}, {1, 6}, {2, 5}], [{8, 4}, {3, 7}, {2, 6}, {1, 5}], [{8, 4}, {3, 7}, {5, 6}, {1, 2}], [{8, 4}, {3, 7}, {6}, {2, 5}, {1}], [{8, 4}, {5, 7}, {1, 6}, {2, 3}], [{8, 4}, {5, 7}, {2, 6}, {1, 3}], [{8, 4}, {5, 7}, {3, 6}, {1, 2}], [{8, 4}, {6, 7}, {1, 5}, {2, 3}], [{8, 4}, {6, 7}, {1, 5}, {3}, {2}], [{8, 4}, {6, 7}, {2, 5}, {1, 3}], [{8, 4}, {6, 7}, {3, 5}, {1, 2}], [{8, 4}, {7}, {1, 6}, {3, 5}, {2}], [{8, 4}, {7}, {6}, {1, 5}, {2, 3}], [{8, 5}, {1, 7}, {2, 6}, {3, 4}], [{8, 5}, {1, 7}, {3, 6}, {2, 4}], [{8, 5}, {1, 7}, {4, 6}, {2, 3}], [{8, 5}, {2, 7}, {1, 6}, {3, 4}], [{8, 5}, {2, 7}, {3, 6}, {1, 4}], [{8, 5}, {2, 7}, {4, 6}, {1, 3}], [{8, 5}, {2, 7}, {6}, {1, 4}, {3}], [{8, 5}, {3, 7}, {1, 6}, {2, 4}], [{8, 5}, {3, 7}, {2, 6}, {1, 4}], [{8, 5}, {3, 7}, {4, 6}, {1, 2}], [{8, 5}, {4, 7}, {1, 6}, {2, 3}], [{8, 5}, {4, 7}, {2, 6}, {1, 3}], [{8, 5}, {4, 7}, {3, 6}, {1, 2}], [{8, 5}, {6, 7}, {1, 4}, {2, 3}], [{8, 5}, {6, 7}, {2, 4}, {1, 3}], [{8, 5}, {6, 7}, {3, 4}, {1, 2}], [{8, 5}, {7}, {1, 6}, {2, 4}, {3}], [{8, 5}, {7}, {2, 6}, {3, 4}, {1}], [{8, 5}, {7}, {3, 6}, {1, 4}, {2}], [{8, 5}, {7}, {4, 6}, {2, 3}, {1}], [{8, 6}, {1, 7}, {2, 5}, {3, 4}], [{8, 6}, {1, 7}, {3, 5}, {2, 4}], [{8, 6}, {1, 7}, {4, 5}, {2, 3}], [{8, 6}, {2, 7}, {1, 5}, {3, 4}], [{8, 6}, {2, 7}, {1, 5}, {4}, {3}], [{8, 6}, {2, 7}, {3, 5}, {1, 4}], [{8, 6}, {2, 7}, {4, 5}, {1, 3}], [{8, 6}, {2, 7}, {4, 5}, {3}, {1}], [{8, 6}, {2, 7}, {5}, {1, 4}, {3}], [{8, 6}, {3, 7}, {1, 5}, {2, 4}], [{8, 6}, {3, 7}, {2, 5}, {1, 4}], [{8, 6}, {3, 7}, {4, 5}, {1, 2}], [{8, 6}, {4, 7}, {1, 5}, {2, 3}], [{8, 6}, {4, 7}, {2, 5}, {1, 3}], [{8, 6}, {4, 7}, {3, 5}, {1, 2}], [{8, 6}, {5, 7}, {1, 4}, {2, 3}], [{8, 6}, {5, 7}, {2, 4}, {1, 3}], [{8, 6}, {5, 7}, {3, 4}, {1, 2}], [{8, 7}, {1, 6}, {2, 5}, {3, 4}], [{8, 7}, {1, 6}, {3, 5}, {2, 4}], [{8, 7}, {1, 6}, {3, 5}, {4}, {2}], [{8, 7}, {1, 6}, {4, 5}, {2, 3}], [{8, 7}, {1, 6}, {4, 5}, {3}, {2}], [{8, 7}, {1, 6}, {5}, {3, 4}, {2}], [{8, 7}, {2, 6}, {1, 5}, {3, 4}], [{8, 7}, {2, 6}, {3, 5}, {1, 4}], [{8, 7}, {2, 6}, {4, 5}, {1, 3}], [{8, 7}, {2, 6}, {5}, {1, 4}, {3}], [{8, 7}, {3, 6}, {1, 5}, {2, 4}], [{8, 7}, {3, 6}, {2, 5}, {1, 4}], [{8, 7}, {3, 6}, {4, 5}, {1, 2}], [{8, 7}, {4, 6}, {1, 5}, {2, 3}], [{8, 7}, {4, 6}, {2, 5}, {1, 3}], [{8, 7}, {4, 6}, {3, 5}, {1, 2}], [{8, 7}, {5, 6}, {1, 4}, {2, 3}], [{8, 7}, {5, 6}, {2, 4}, {1, 3}], [{8, 7}, {5, 6}, {3, 4}, {1, 2}], [{8, 7}, {5, 6}, {4}, {3}, {1, 2}], [{8}, {1, 7}, {5, 6}, {2, 4}, {3}], [{8}, {2, 7}, {1, 6}, {3, 5}, {4}], [{8}, {2, 7}, {3, 6}, {4, 5}, {1}], [{8}, {2, 7}, {4, 6}, {5}, {1, 3}], [{8}, {2, 7}, {5, 6}, {1, 4}, {3}], [{8}, {2, 7}, {6}, {1, 5}, {3, 4}], [{8}, {3, 7}, {1, 6}, {4, 5}, {2}], [{8}, {3, 7}, {2, 6}, {5}, {1, 4}], [{8}, {3, 7}, {5, 6}, {4}, {1, 2}], [{8}, {4, 7}, {1, 6}, {3, 5}, {2}], [{8}, {5, 7}, {6}, {1, 4}, {2, 3}], [{8}, {6, 7}, {1, 5}, {2, 4}, {3}], [{8}, {6, 7}, {2, 5}, {3, 4}, {1}], [{8}, {6, 7}, {4, 5}, {1, 3}, {2}], [{8}, {6, 7}, {4, 5}, {2, 3}, {1}], [{8}, {6, 7}, {4, 5}, {3}, {1, 2}], [{8}, {7}, {1, 6}, {3, 5}, {2, 4}]]",2,- 8 K_1^4 + 20 K_1^3 + 8 K_1^2 K_2 - 4 K_1^2 - 10 K_1 K_2 - 2 K_1 K_3 - 10 K_1 + 3 K_2 + 4,O1O2O3O4U5U1O5U6U7O8O6U8U3U4O7U2,O1O2O3U4U3O5O4U6O7O6U1U2U8U7O8U5,O1O2O3U4O5U6U5U2U3O7O6U7O8O4U1U8,c,{'O1O2O3O4U3O5U1U2U6O7O6U5U7O8U4U8'},1,"<a href=""/flatknot/8.704286"">8.704286</a>",t^9-57t^7-126t^6+56t^5+198t^4-50t^3-102t^2+28t+10,t^3-t^2-t,,
8.704287,O1O2O3O4U3O5U1U2U6O7O6U8U4O8U5U7,4,8z^3+52z^2+113z+83,8w^4z^3+52w^3z^2+113w^2z+83w,False,False,"[[ 0 -3 -1 -1  2  2  1  1 -1],[ 3  0  1  0  3  3  3  2  2],[ 1 -1  0  0  2  2  1  2  0],[ 1  0  0  0  1  1  1  1  0],[-2 -3 -2 -1  0  0 -2  0 -2],[-2 -3 -2 -1  0  0 -2  0 -2],[-1 -3 -1 -1  2  2  0  1 -2],[-1 -2 -2 -1  0  0 -1  0 -1],[ 1 -2  0  0  2  2  2  1  0]]","[[ 0  2  2  1  1 -1 -1 -1 -3],[-2  0  0  0 -2 -1 -2 -2 -3],[-2  0  0  0 -2 -1 -2 -2 -3],[-1  0  0  0 -1 -1 -1 -2 -2],[-1  2  2  1  0 -1 -2 -1 -3],[ 1  1  1  1  1  0  0  0  0],[ 1  2  2  1  2  0  0  0 -2],[ 1  2  2  2  1  0  0  0 -1],[ 3  3  3  2  3  0  2  1  0]]",True,"[-2,-2,-1,-1,1,1,1,3,0,0,2,1,2,2,3,0,2,1,2,2,3,1,1,1,2,2,1,2,1,3,0,0,0,0,2,1]","[-3,-1,-1,-1,1,1,2,2,0,1,2,1,2,2,2,0,0,0,1,1,1,0,1,0,1,1,1,1,2,2,-1,-1,-1,1,1,0]",t^8+75t^6+145t^4+47t^2,"[-3,-1,-1,-1,1,1,2,2,0,1,2,1,2,2,2,0,0,0,1,1,1,0,1,0,1,1,1,1,2,2,-1,-1,-1,1,1,0]","[-2,-2,-1,-1,1,1,1,3,0,-1,1,1,1,2,2,-1,1,1,1,2,2,1,0,1,1,1,1,0,1,2,0,0,0,0,1,2]","[-3,-1,-1,-1,1,1,2,2,0,1,2,2,3,3,3,0,0,1,1,1,1,0,2,1,2,2,1,2,2,2,-1,0,0,2,2,0]",c,"[[{8, 1}, {2, 7}, {3, 6}, {4, 5}], [{8, 1}, {2, 7}, {3, 6}, {5}, {4}], [{8, 1}, {2, 7}, {4, 6}, {3, 5}], [{8, 1}, {2, 7}, {5, 6}, {3, 4}], [{8, 1}, {3, 7}, {2, 6}, {4, 5}], [{8, 1}, {3, 7}, {2, 6}, {5}, {4}], [{8, 1}, {3, 7}, {4, 6}, {2, 5}], [{8, 1}, {3, 7}, {5, 6}, {2, 4}], [{8, 1}, {4, 7}, {2, 6}, {3, 5}], [{8, 1}, {4, 7}, {3, 6}, {2, 5}], [{8, 1}, {4, 7}, {5, 6}, {2, 3}], [{8, 1}, {5, 7}, {2, 6}, {3, 4}], [{8, 1}, {5, 7}, {3, 6}, {2, 4}], [{8, 1}, {5, 7}, {4, 6}, {2, 3}], [{8, 1}, {6, 7}, {2, 5}, {3, 4}], [{8, 1}, {6, 7}, {3, 5}, {2, 4}], [{8, 1}, {6, 7}, {4, 5}, {2, 3}], [{8, 1}, {6, 7}, {5}, {4}, {2, 3}], [{8, 1}, {7}, {4, 6}, {2, 5}, {3}], [{8, 1}, {7}, {5, 6}, {2, 4}, {3}], [{8, 2}, {1, 7}, {3, 6}, {4, 5}], [{8, 2}, {1, 7}, {3, 6}, {5}, {4}], [{8, 2}, {1, 7}, {4, 6}, {3, 5}], [{8, 2}, {1, 7}, {5, 6}, {3, 4}], [{8, 2}, {3, 7}, {1, 6}, {4, 5}], [{8, 2}, {3, 7}, {1, 6}, {5}, {4}], [{8, 2}, {3, 7}, {4, 6}, {1, 5}], [{8, 2}, {3, 7}, {5, 6}, {1, 4}], [{8, 2}, {4, 7}, {1, 6}, {3, 5}], [{8, 2}, {4, 7}, {3, 6}, {1, 5}], [{8, 2}, {4, 7}, {5, 6}, {1, 3}], [{8, 2}, {5, 7}, {1, 6}, {3, 4}], [{8, 2}, {5, 7}, {3, 6}, {1, 4}], [{8, 2}, {5, 7}, {4, 6}, {1, 3}], [{8, 2}, {6, 7}, {1, 5}, {3, 4}], [{8, 2}, {6, 7}, {3, 5}, {1, 4}], [{8, 2}, {6, 7}, {4, 5}, {1, 3}], [{8, 2}, {6, 7}, {5}, {4}, {1, 3}], [{8, 2}, {7}, {6}, {1, 5}, {3, 4}], [{8, 2}, {7}, {6}, {3, 5}, {1, 4}], [{8, 3}, {1, 7}, {2, 6}, {4, 5}], [{8, 3}, {1, 7}, {2, 6}, {5}, {4}], [{8, 3}, {1, 7}, {4, 6}, {2, 5}], [{8, 3}, {1, 7}, {4, 6}, {5}, {2}], [{8, 3}, {1, 7}, {5, 6}, {2, 4}], [{8, 3}, {1, 7}, {5, 6}, {4}, {2}], [{8, 3}, {1, 7}, {6}, {2, 5}, {4}], [{8, 3}, {1, 7}, {6}, {4, 5}, {2}], [{8, 3}, {1, 7}, {6}, {5}, {2, 4}], [{8, 3}, {1, 7}, {6}, {5}, {4}, {2}], [{8, 3}, {2, 7}, {1, 6}, {4, 5}], [{8, 3}, {2, 7}, {1, 6}, {5}, {4}], [{8, 3}, {2, 7}, {4, 6}, {1, 5}], [{8, 3}, {2, 7}, {5, 6}, {1, 4}], [{8, 3}, {4, 7}, {1, 6}, {2, 5}], [{8, 3}, {4, 7}, {2, 6}, {1, 5}], [{8, 3}, {4, 7}, {5, 6}, {1, 2}], [{8, 3}, {4, 7}, {5, 6}, {2}, {1}], [{8, 3}, {5, 7}, {1, 6}, {2, 4}], [{8, 3}, {5, 7}, {2, 6}, {1, 4}], [{8, 3}, {5, 7}, {4, 6}, {1, 2}], [{8, 3}, {5, 7}, {4, 6}, {2}, {1}], [{8, 3}, {6, 7}, {1, 5}, {2, 4}], [{8, 3}, {6, 7}, {2, 5}, {1, 4}], [{8, 3}, {6, 7}, {4, 5}, {1, 2}], [{8, 3}, {6, 7}, {5}, {4}, {1, 2}], [{8, 3}, {7}, {4, 6}, {1, 5}, {2}], [{8, 3}, {7}, {5, 6}, {1, 4}, {2}], [{8, 4}, {1, 7}, {2, 6}, {3, 5}], [{8, 4}, {1, 7}, {3, 6}, {2, 5}], [{8, 4}, {1, 7}, {5, 6}, {2, 3}], [{8, 4}, {2, 7}, {1, 6}, {3, 5}], [{8, 4}, {2, 7}, {3, 6}, {1, 5}], [{8, 4}, {2, 7}, {5, 6}, {1, 3}], [{8, 4}, {2, 7}, {6}, {5}, {1, 3}], [{8, 4}, {3, 7}, {1, 6}, {2, 5}], [{8, 4}, {3, 7}, {2, 6}, {1, 5}], [{8, 4}, {3, 7}, {5, 6}, {1, 2}], [{8, 4}, {3, 7}, {6}, {2, 5}, {1}], [{8, 4}, {5, 7}, {1, 6}, {2, 3}], [{8, 4}, {5, 7}, {2, 6}, {1, 3}], [{8, 4}, {5, 7}, {3, 6}, {1, 2}], [{8, 4}, {5, 7}, {3, 6}, {2}, {1}], [{8, 4}, {6, 7}, {1, 5}, {2, 3}], [{8, 4}, {6, 7}, {2, 5}, {1, 3}], [{8, 4}, {6, 7}, {3, 5}, {1, 2}], [{8, 4}, {6, 7}, {5}, {1, 3}, {2}], [{8, 4}, {7}, {1, 6}, {3, 5}, {2}], [{8, 4}, {7}, {2, 6}, {5}, {1, 3}], [{8, 5}, {1, 7}, {2, 6}, {3, 4}], [{8, 5}, {1, 7}, {3, 6}, {2, 4}], [{8, 5}, {1, 7}, {4, 6}, {2, 3}], [{8, 5}, {2, 7}, {1, 6}, {3, 4}], [{8, 5}, {2, 7}, {3, 6}, {1, 4}], [{8, 5}, {2, 7}, {4, 6}, {1, 3}], [{8, 5}, {2, 7}, {6}, {4}, {1, 3}], [{8, 5}, {3, 7}, {1, 6}, {2, 4}], [{8, 5}, {3, 7}, {2, 6}, {1, 4}], [{8, 5}, {3, 7}, {4, 6}, {1, 2}], [{8, 5}, {3, 7}, {6}, {2, 4}, {1}], [{8, 5}, {4, 7}, {1, 6}, {2, 3}], [{8, 5}, {4, 7}, {2, 6}, {1, 3}], [{8, 5}, {4, 7}, {3, 6}, {1, 2}], [{8, 5}, {4, 7}, {3, 6}, {2}, {1}], [{8, 5}, {6, 7}, {1, 4}, {2, 3}], [{8, 5}, {6, 7}, {2, 4}, {1, 3}], [{8, 5}, {6, 7}, {3, 4}, {1, 2}], [{8, 5}, {6, 7}, {4}, {1, 3}, {2}], [{8, 5}, {7}, {1, 6}, {3, 4}, {2}], [{8, 5}, {7}, {2, 6}, {4}, {1, 3}], [{8, 6}, {1, 7}, {2, 5}, {3, 4}], [{8, 6}, {1, 7}, {3, 5}, {2, 4}], [{8, 6}, {1, 7}, {4, 5}, {2, 3}], [{8, 6}, {1, 7}, {5}, {4}, {2, 3}], [{8, 6}, {2, 7}, {1, 5}, {3, 4}], [{8, 6}, {2, 7}, {1, 5}, {4}, {3}], [{8, 6}, {2, 7}, {3, 5}, {1, 4}], [{8, 6}, {2, 7}, {3, 5}, {4}, {1}], [{8, 6}, {2, 7}, {4, 5}, {1, 3}], [{8, 6}, {2, 7}, {4, 5}, {3}, {1}], [{8, 6}, {2, 7}, {5}, {1, 4}, {3}], [{8, 6}, {2, 7}, {5}, {3, 4}, {1}], [{8, 6}, {2, 7}, {5}, {4}, {1, 3}], [{8, 6}, {2, 7}, {5}, {4}, {3}, {1}], [{8, 6}, {3, 7}, {1, 5}, {2, 4}], [{8, 6}, {3, 7}, {2, 5}, {1, 4}], [{8, 6}, {3, 7}, {4, 5}, {1, 2}], [{8, 6}, {3, 7}, {5}, {4}, {1, 2}], [{8, 6}, {4, 7}, {1, 5}, {2, 3}], [{8, 6}, {4, 7}, {1, 5}, {3}, {2}], [{8, 6}, {4, 7}, {2, 5}, {1, 3}], [{8, 6}, {4, 7}, {3, 5}, {1, 2}], [{8, 6}, {5, 7}, {1, 4}, {2, 3}], [{8, 6}, {5, 7}, {1, 4}, {3}, {2}], [{8, 6}, {5, 7}, {2, 4}, {1, 3}], [{8, 6}, {5, 7}, {3, 4}, {1, 2}], [{8, 6}, {7}, {1, 5}, {2, 4}, {3}], [{8, 6}, {7}, {2, 5}, {1, 4}, {3}], [{8, 7}, {1, 6}, {2, 5}, {3, 4}], [{8, 7}, {1, 6}, {2, 5}, {4}, {3}], [{8, 7}, {1, 6}, {3, 5}, {2, 4}], [{8, 7}, {1, 6}, {3, 5}, {4}, {2}], [{8, 7}, {1, 6}, {4, 5}, {2, 3}], [{8, 7}, {1, 6}, {4, 5}, {3}, {2}], [{8, 7}, {1, 6}, {5}, {2, 4}, {3}], [{8, 7}, {1, 6}, {5}, {3, 4}, {2}], [{8, 7}, {1, 6}, {5}, {4}, {2, 3}], [{8, 7}, {1, 6}, {5}, {4}, {3}, {2}], [{8, 7}, {2, 6}, {1, 5}, {3, 4}], [{8, 7}, {2, 6}, {3, 5}, {1, 4}], [{8, 7}, {2, 6}, {4, 5}, {1, 3}], [{8, 7}, {2, 6}, {5}, {4}, {1, 3}], [{8, 7}, {3, 6}, {1, 5}, {2, 4}], [{8, 7}, {3, 6}, {2, 5}, {1, 4}], [{8, 7}, {3, 6}, {4, 5}, {1, 2}], [{8, 7}, {3, 6}, {5}, {4}, {1, 2}], [{8, 7}, {4, 6}, {1, 5}, {2, 3}], [{8, 7}, {4, 6}, {2, 5}, {1, 3}], [{8, 7}, {4, 6}, {2, 5}, {3}, {1}], [{8, 7}, {4, 6}, {3, 5}, {1, 2}], [{8, 7}, {4, 6}, {3, 5}, {2}, {1}], [{8, 7}, {4, 6}, {5}, {2, 3}, {1}], [{8, 7}, {5, 6}, {1, 4}, {2, 3}], [{8, 7}, {5, 6}, {2, 4}, {1, 3}], [{8, 7}, {5, 6}, {2, 4}, {3}, {1}], [{8, 7}, {5, 6}, {3, 4}, {1, 2}], [{8, 7}, {5, 6}, {3, 4}, {2}, {1}], [{8, 7}, {5, 6}, {4}, {2, 3}, {1}], [{8, 7}, {6}, {1, 5}, {2, 4}, {3}], [{8, 7}, {6}, {1, 5}, {3, 4}, {2}], [{8, 7}, {6}, {1, 5}, {4}, {2, 3}], [{8, 7}, {6}, {2, 5}, {1, 4}, {3}], [{8, 7}, {6}, {3, 5}, {1, 4}, {2}], [{8, 7}, {6}, {4, 5}, {2, 3}, {1}], [{8, 7}, {6}, {5}, {1, 4}, {2, 3}], [{8, 7}, {6}, {5}, {4}, {2, 3}, {1}], [{8}, {1, 7}, {4, 6}, {2, 5}, {3}], [{8}, {1, 7}, {5, 6}, {2, 4}, {3}], [{8}, {2, 7}, {4, 6}, {5}, {1, 3}], [{8}, {2, 7}, {5, 6}, {4}, {1, 3}], [{8}, {2, 7}, {6}, {1, 5}, {3, 4}], [{8}, {2, 7}, {6}, {3, 5}, {1, 4}], [{8}, {2, 7}, {6}, {4, 5}, {1, 3}], [{8}, {2, 7}, {6}, {5}, {4}, {1, 3}], [{8}, {4, 7}, {1, 6}, {3, 5}, {2}], [{8}, {4, 7}, {2, 6}, {5}, {1, 3}], [{8}, {5, 7}, {1, 6}, {3, 4}, {2}], [{8}, {5, 7}, {2, 6}, {4}, {1, 3}], [{8}, {6, 7}, {1, 5}, {2, 4}, {3}], [{8}, {6, 7}, {2, 5}, {1, 4}, {3}], [{8}, {6, 7}, {2, 5}, {3, 4}, {1}], [{8}, {6, 7}, {2, 5}, {4}, {1, 3}], [{8}, {6, 7}, {3, 5}, {2, 4}, {1}], [{8}, {6, 7}, {4, 5}, {1, 3}, {2}], [{8}, {6, 7}, {5}, {2, 4}, {1, 3}], [{8}, {6, 7}, {5}, {4}, {1, 3}, {2}], [{8}, {7}, {2, 6}, {4, 5}, {1, 3}], [{8}, {7}, {2, 6}, {5}, {4}, {1, 3}]]",2,- 16 K_1^4 + 12 K_1^3 + 28 K_1^2 K_2 - 10 K_1^2 - 10 K_1 K_2 - 14 K_1 K_3 - 4 K_1 - 2 K_2^2 + 6 K_2 + 2 K_3 + 3 K_4 + 6,O1O2O3O4U5U6O7U1U7O8O5U8U3U4O6U2,O1O2O3U4U3O5O6U5O7O4U1U2U8U6O8U7,O1O2O3U4O5U6U5U2U3O7O4U8O6O8U1U7,c,{'O1O2O3O4U3O5U1U2U6O7O6U8U4O8U5U7'},1,"<a href=""/flatknot/8.704287"">8.704287</a>",t^9-77t^7-268t^6-43t^5+398t^4-19t^3-38t^2+6t,t^3-2t^2+t,,
8.704288,O1O2O3O4U3O5U1U2U6O7O6U8U5O8U4U7,4,20z^2+97z+115,-2w^4z^2+22w^3z^2-6w^3z+103w^2z+115w,False,False,"[[ 0 -3 -1 -1  2  2  1  1 -1],[ 3  0  1  0  4  2  3  2  2],[ 1 -1  0  0  3  1  1  2  0],[ 1  0  0  0  1  0  1  1  1],[-2 -4 -3 -1  0  1 -2  1 -3],[-2 -2 -1  0 -1  0 -2 -1 -2],[-1 -3 -1 -1  2  2  0  1 -2],[-1 -2 -2 -1 -1  1 -1  0 -1],[ 1 -2  0 -1  3  2  2  1  0]]","[[ 0  2  2  1  1 -1 -1 -1 -3],[-2  0  1  1 -2 -1 -3 -3 -4],[-2 -1  0 -1 -2  0 -1 -2 -2],[-1 -1  1  0 -1 -1 -2 -1 -2],[-1  2  2  1  0 -1 -1 -2 -3],[ 1  1  0  1  1  0  0  1  0],[ 1  3  1  2  1  0  0  0 -1],[ 1  3  2  1  2 -1  0  0 -2],[ 3  4  2  2  3  0  1  2  0]]",True,"[-2,-2,-1,-1,1,1,1,3,-1,-1,2,1,3,3,4,1,2,0,1,2,2,1,1,2,1,2,1,1,2,3,0,-1,0,0,1,2]","[-3,-1,-1,-1,1,1,2,2,0,1,2,1,2,1,3,0,1,0,1,0,1,0,1,0,0,2,1,1,2,3,-1,-1,-1,2,0,-1]",t^8+87t^6+294t^4+112t^2+1,"[-3,-1,-1,-1,1,1,2,2,0,1,2,1,2,1,3,0,1,0,1,0,1,0,1,0,0,2,1,1,2,3,-1,-1,-1,2,0,-1]","[-2,-2,-1,-1,1,1,1,3,-1,-1,0,1,2,3,3,-1,2,0,0,2,1,1,0,1,1,1,1,0,1,2,0,-1,0,0,1,2]","[-3,-1,-1,-1,1,1,2,2,0,1,2,2,3,2,4,0,1,1,1,0,1,0,2,1,1,3,1,2,2,3,-1,1,-1,2,2,-1]",c,"[[{8, 1}, {2, 7}, {3, 6}, {4, 5}], [{8, 1}, {2, 7}, {4, 6}, {3, 5}], [{8, 1}, {2, 7}, {5, 6}, {3, 4}], [{8, 1}, {3, 7}, {2, 6}, {4, 5}], [{8, 1}, {3, 7}, {4, 6}, {2, 5}], [{8, 1}, {3, 7}, {5, 6}, {2, 4}], [{8, 1}, {4, 7}, {2, 6}, {3, 5}], [{8, 1}, {4, 7}, {3, 6}, {2, 5}], [{8, 1}, {4, 7}, {5, 6}, {2, 3}], [{8, 1}, {5, 7}, {2, 6}, {3, 4}], [{8, 1}, {5, 7}, {3, 6}, {2, 4}], [{8, 1}, {5, 7}, {4, 6}, {2, 3}], [{8, 1}, {5, 7}, {6}, {4}, {2, 3}], [{8, 1}, {6, 7}, {2, 5}, {3, 4}], [{8, 1}, {6, 7}, {3, 5}, {2, 4}], [{8, 1}, {6, 7}, {4, 5}, {2, 3}], [{8, 2}, {1, 7}, {3, 6}, {4, 5}], [{8, 2}, {1, 7}, {4, 6}, {3, 5}], [{8, 2}, {1, 7}, {5, 6}, {3, 4}], [{8, 2}, {3, 7}, {1, 6}, {4, 5}], [{8, 2}, {3, 7}, {4, 6}, {1, 5}], [{8, 2}, {3, 7}, {5, 6}, {1, 4}], [{8, 2}, {3, 7}, {6}, {5}, {1, 4}], [{8, 2}, {4, 7}, {1, 6}, {3, 5}], [{8, 2}, {4, 7}, {3, 6}, {1, 5}], [{8, 2}, {4, 7}, {5, 6}, {1, 3}], [{8, 2}, {5, 7}, {1, 6}, {3, 4}], [{8, 2}, {5, 7}, {3, 6}, {1, 4}], [{8, 2}, {5, 7}, {4, 6}, {1, 3}], [{8, 2}, {6, 7}, {1, 5}, {3, 4}], [{8, 2}, {6, 7}, {3, 5}, {1, 4}], [{8, 2}, {6, 7}, {4, 5}, {1, 3}], [{8, 2}, {7}, {1, 6}, {4, 5}, {3}], [{8, 2}, {7}, {4, 6}, {5}, {1, 3}], [{8, 3}, {1, 7}, {2, 6}, {4, 5}], [{8, 3}, {1, 7}, {4, 6}, {2, 5}], [{8, 3}, {1, 7}, {5, 6}, {2, 4}], [{8, 3}, {1, 7}, {6}, {4, 5}, {2}], [{8, 3}, {2, 7}, {1, 6}, {4, 5}], [{8, 3}, {2, 7}, {4, 6}, {1, 5}], [{8, 3}, {2, 7}, {5, 6}, {1, 4}], [{8, 3}, {2, 7}, {5, 6}, {4}, {1}], [{8, 3}, {2, 7}, {6}, {5}, {1, 4}], [{8, 3}, {4, 7}, {1, 6}, {2, 5}], [{8, 3}, {4, 7}, {2, 6}, {1, 5}], [{8, 3}, {4, 7}, {5, 6}, {1, 2}], [{8, 3}, {5, 7}, {1, 6}, {2, 4}], [{8, 3}, {5, 7}, {2, 6}, {1, 4}], [{8, 3}, {5, 7}, {4, 6}, {1, 2}], [{8, 3}, {6, 7}, {1, 5}, {2, 4}], [{8, 3}, {6, 7}, {2, 5}, {1, 4}], [{8, 3}, {6, 7}, {4, 5}, {1, 2}], [{8, 3}, {6, 7}, {5}, {1, 4}, {2}], [{8, 3}, {6, 7}, {5}, {2, 4}, {1}], [{8, 3}, {6, 7}, {5}, {4}, {1, 2}], [{8, 3}, {7}, {2, 6}, {5}, {1, 4}], [{8, 4}, {1, 7}, {2, 6}, {3, 5}], [{8, 4}, {1, 7}, {3, 6}, {2, 5}], [{8, 4}, {1, 7}, {5, 6}, {2, 3}], [{8, 4}, {2, 7}, {1, 6}, {3, 5}], [{8, 4}, {2, 7}, {3, 6}, {1, 5}], [{8, 4}, {2, 7}, {5, 6}, {1, 3}], [{8, 4}, {2, 7}, {5, 6}, {3}, {1}], [{8, 4}, {3, 7}, {1, 6}, {2, 5}], [{8, 4}, {3, 7}, {1, 6}, {5}, {2}], [{8, 4}, {3, 7}, {2, 6}, {1, 5}], [{8, 4}, {3, 7}, {5, 6}, {1, 2}], [{8, 4}, {5, 7}, {1, 6}, {2, 3}], [{8, 4}, {5, 7}, {1, 6}, {3}, {2}], [{8, 4}, {5, 7}, {2, 6}, {1, 3}], [{8, 4}, {5, 7}, {3, 6}, {1, 2}], [{8, 4}, {5, 7}, {3, 6}, {2}, {1}], [{8, 4}, {5, 7}, {6}, {1, 3}, {2}], [{8, 4}, {6, 7}, {1, 5}, {2, 3}], [{8, 4}, {6, 7}, {2, 5}, {1, 3}], [{8, 4}, {6, 7}, {3, 5}, {1, 2}], [{8, 4}, {7}, {1, 6}, {3, 5}, {2}], [{8, 5}, {1, 7}, {2, 6}, {3, 4}], [{8, 5}, {1, 7}, {3, 6}, {2, 4}], [{8, 5}, {1, 7}, {4, 6}, {2, 3}], [{8, 5}, {2, 7}, {1, 6}, {3, 4}], [{8, 5}, {2, 7}, {3, 6}, {1, 4}], [{8, 5}, {2, 7}, {4, 6}, {1, 3}], [{8, 5}, {2, 7}, {6}, {1, 4}, {3}], [{8, 5}, {3, 7}, {1, 6}, {2, 4}], [{8, 5}, {3, 7}, {2, 6}, {1, 4}], [{8, 5}, {3, 7}, {4, 6}, {1, 2}], [{8, 5}, {3, 7}, {6}, {1, 4}, {2}], [{8, 5}, {4, 7}, {1, 6}, {2, 3}], [{8, 5}, {4, 7}, {2, 6}, {1, 3}], [{8, 5}, {4, 7}, {3, 6}, {1, 2}], [{8, 5}, {6, 7}, {1, 4}, {2, 3}], [{8, 5}, {6, 7}, {1, 4}, {3}, {2}], [{8, 5}, {6, 7}, {2, 4}, {1, 3}], [{8, 5}, {6, 7}, {3, 4}, {1, 2}], [{8, 5}, {7}, {1, 6}, {3, 4}, {2}], [{8, 5}, {7}, {2, 6}, {1, 4}, {3}], [{8, 5}, {7}, {3, 6}, {1, 4}, {2}], [{8, 5}, {7}, {4, 6}, {1, 3}, {2}], [{8, 5}, {7}, {6}, {1, 4}, {2, 3}], [{8, 5}, {7}, {6}, {1, 4}, {3}, {2}], [{8, 6}, {1, 7}, {2, 5}, {3, 4}], [{8, 6}, {1, 7}, {3, 5}, {2, 4}], [{8, 6}, {1, 7}, {4, 5}, {2, 3}], [{8, 6}, {2, 7}, {1, 5}, {3, 4}], [{8, 6}, {2, 7}, {3, 5}, {1, 4}], [{8, 6}, {2, 7}, {3, 5}, {4}, {1}], [{8, 6}, {2, 7}, {4, 5}, {1, 3}], [{8, 6}, {3, 7}, {1, 5}, {2, 4}], [{8, 6}, {3, 7}, {2, 5}, {1, 4}], [{8, 6}, {3, 7}, {4, 5}, {1, 2}], [{8, 6}, {3, 7}, {5}, {4}, {1, 2}], [{8, 6}, {4, 7}, {1, 5}, {2, 3}], [{8, 6}, {4, 7}, {2, 5}, {1, 3}], [{8, 6}, {4, 7}, {3, 5}, {1, 2}], [{8, 6}, {5, 7}, {1, 4}, {2, 3}], [{8, 6}, {5, 7}, {2, 4}, {1, 3}], [{8, 6}, {5, 7}, {3, 4}, {1, 2}], [{8, 6}, {5, 7}, {4}, {1, 3}, {2}], [{8, 7}, {1, 6}, {2, 5}, {3, 4}], [{8, 7}, {1, 6}, {3, 5}, {2, 4}], [{8, 7}, {1, 6}, {4, 5}, {2, 3}], [{8, 7}, {1, 6}, {4, 5}, {3}, {2}], [{8, 7}, {2, 6}, {1, 5}, {3, 4}], [{8, 7}, {2, 6}, {3, 5}, {1, 4}], [{8, 7}, {2, 6}, {4, 5}, {1, 3}], [{8, 7}, {3, 6}, {1, 5}, {2, 4}], [{8, 7}, {3, 6}, {2, 5}, {1, 4}], [{8, 7}, {3, 6}, {4, 5}, {1, 2}], [{8, 7}, {3, 6}, {4, 5}, {2}, {1}], [{8, 7}, {4, 6}, {1, 5}, {2, 3}], [{8, 7}, {4, 6}, {2, 5}, {1, 3}], [{8, 7}, {4, 6}, {3, 5}, {1, 2}], [{8, 7}, {4, 6}, {5}, {1, 3}, {2}], [{8, 7}, {5, 6}, {1, 4}, {2, 3}], [{8, 7}, {5, 6}, {2, 4}, {1, 3}], [{8, 7}, {5, 6}, {3, 4}, {1, 2}], [{8, 7}, {5, 6}, {4}, {1, 3}, {2}], [{8, 7}, {6}, {3, 5}, {4}, {1, 2}], [{8, 7}, {6}, {4, 5}, {1, 3}, {2}], [{8}, {1, 7}, {2, 6}, {4, 5}, {3}], [{8}, {1, 7}, {3, 6}, {2, 5}, {4}], [{8}, {1, 7}, {5, 6}, {2, 4}, {3}], [{8}, {2, 7}, {1, 6}, {4, 5}, {3}], [{8}, {2, 7}, {3, 6}, {1, 5}, {4}], [{8}, {2, 7}, {4, 6}, {5}, {1, 3}], [{8}, {2, 7}, {5, 6}, {3, 4}, {1}], [{8}, {2, 7}, {6}, {3, 5}, {1, 4}], [{8}, {3, 7}, {6}, {1, 5}, {2, 4}], [{8}, {3, 7}, {6}, {2, 5}, {1, 4}], [{8}, {4, 7}, {1, 6}, {2, 5}, {3}], [{8}, {4, 7}, {3, 6}, {1, 5}, {2}], [{8}, {5, 7}, {4, 6}, {1, 3}, {2}], [{8}, {6, 7}, {1, 5}, {2, 4}, {3}], [{8}, {6, 7}, {2, 5}, {3, 4}, {1}], [{8}, {6, 7}, {3, 5}, {1, 4}, {2}], [{8}, {7}, {2, 6}, {3, 5}, {1, 4}], [{8}, {7}, {3, 6}, {1, 5}, {2, 4}], [{8}, {7}, {4, 6}, {2, 5}, {1, 3}], [{8}, {7}, {4, 6}, {5}, {1, 3}, {2}]]",2,24 K_1^3 + 4 K_1^2 K_2 - 20 K_1^2 - 22 K_1 K_2 - 4 K_1 K_3 - 7 K_1 + 10 K_2 + 5 K_3 + K_4 + 10,O1O2O3O4U5U1O6U7U6O8O5U8U3U4O7U2,O1O2O3U4U3O5O6U5O7O4U1U2U8U7O8U6,O1O2O3U4O5U6U5U2U3O7O6U8O4O8U1U7,c,{'O1O2O3O4U3O5U1U2U6O7O6U8U5O8U4U7'},1,"<a href=""/flatknot/8.704288"">8.704288</a>",t^9-89t^7-394t^6-356t^5+486t^4+499t^3-260t^2-8t+52,t^3-2t^2+t,,
8.704289,O1O2O3O4U3O5U1U2U6O7O6U8U5O8U7U4,4,2z^3+32z^2+111z+111,2w^4z^3+32w^3z^2+111w^2z+111w,False,False,"[[ 0 -3 -1 -1  3  2  1  0 -1],[ 3  0  1  0  4  2  3  1  2],[ 1 -1  0  0  3  1  1  1  0],[ 1  0  0  0  1  0  1  0  1],[-3 -4 -3 -1  0  0 -2  0 -4],[-2 -2 -1  0  0  0 -2 -1 -2],[-1 -3 -1 -1  2  2  0  0 -2],[ 0 -1 -1  0  0  1  0  0  0],[ 1 -2  0 -1  4  2  2  0  0]]","[[ 0  3  2  0 -1 -1 -3],[-3  0  0  0 -3 -4 -4],[-2  0  0 -1 -1 -2 -2],[ 0  0  1  0 -1  0 -1],[ 1  3  1  1  0  0 -1],[ 1  4  2  0  0  0 -2],[ 3  4  2  1  1  2  0]]",False,"[-3,-2,0,1,1,3,0,0,3,4,4,1,1,2,2,1,0,1,0,1,2]","[-3,-2,0,1,1,3,0,0,3,4,4,1,1,2,2,1,0,1,0,1,2]",t^6+58t^4+98t^2,"[-3,-1,-1,0,2,3,0,1,2,3,2,0,1,1,0,0,2,1,1,3,1]","[-3,-2,0,1,1,3,1,3,0,1,2,1,1,2,3,1,0,2,0,0,1]","[-3,-1,-1,0,2,3,1,2,1,2,4,0,1,1,3,0,2,4,1,0,0]",c,"[[{8, 1}, {5, 7}, {3, 6}, {2, 4}], [{8, 2}, {4, 7}, {3, 6}, {1, 5}], [{8, 4}, {5, 7}, {3, 6}, {1, 2}], [{8}, {4, 7}, {3, 6}, {1, 5}, {2}]]",1,16 K_1^3 + 12 K_1^2 K_2 - 20 K_1^2 - 16 K_1 K_2 - 6 K_1 K_3 - 4 K_1 - 2 K_2^2 + 7 K_2 + 4 K_3 + K_4 + 9,O1O2O3O4U1U5O6U7U6O8O5U8U3U4O7U2,O1O2O3U4U3O5O6U5O4O7U1U2U8U7O8U6,O1O2O3U4O5U6U5U2U3O6O7U8O4O8U1U7,c,{'O1O2O3O4U3O5U1U2U6O7O6U8U5O8U7U4'},1,"<a href=""/flatknot/8.704289"">8.704289</a>",t^7-56t^5-134t^4+99t^3+146t^2-67t+12,-t^2+2t,,
8.704290,O1O2O3O4U3O5U1U2U6O7O6U8U7O8U5U4,4,12z^3+65z^2+114z+65,12w^4z^3+65w^3z^2+114w^2z+65w,False,False,"[[ 0 -3 -1 -1  3  2  1  0 -1],[ 3  0  1  0  4  2  3  0  3],[ 1 -1  0  0  3  1  1  0  1],[ 1  0  0  0  1  0  1  0  1],[-3 -4 -3 -1  0  0 -2  0 -4],[-2 -2 -1  0  0  0 -1  0 -3],[-1 -3 -1 -1  2  1  0  0 -1],[ 0  0  0  0  0  0  0  0  0],[ 1 -3 -1 -1  4  3  1  0  0]]","[[ 0  3  2  1 -1 -1 -1 -3],[-3  0  0 -2 -1 -3 -4 -4],[-2  0  0 -1  0 -1 -3 -2],[-1  2  1  0 -1 -1 -1 -3],[ 1  1  0  1  0  0  1  0],[ 1  3  1  1  0  0  1 -1],[ 1  4  3  1 -1 -1  0 -3],[ 3  4  2  3  0  1  3  0]]",False,"[-3,-2,-1,1,1,1,3,0,2,1,3,4,4,1,0,1,3,2,1,1,1,3,0,-1,0,-1,1,3]","[-3,-2,-1,1,1,1,3,0,2,1,3,4,4,1,0,1,3,2,1,1,1,3,0,-1,0,-1,1,3]",t^7+85t^5+130t^3+34t,"[-3,-1,-1,-1,1,2,3,-1,1,2,1,3,2,1,1,1,0,0,0,1,2,1,1,3,3,0,0,1]","[-3,-2,-1,1,1,1,3,1,0,0,1,3,2,0,0,2,3,3,1,1,1,1,-1,-1,-1,0,1,2]","[-3,-1,-1,-1,1,2,3,0,1,3,3,2,4,0,1,1,0,1,1,1,1,3,1,3,4,1,2,0]",c,"[[{8, 1}, {2, 7}, {3, 6}, {4, 5}], [{8, 1}, {2, 7}, {4, 6}, {3, 5}], [{8, 1}, {2, 7}, {5, 6}, {3, 4}], [{8, 1}, {2, 7}, {6}, {3, 5}, {4}], [{8, 1}, {3, 7}, {2, 6}, {4, 5}], [{8, 1}, {3, 7}, {4, 6}, {2, 5}], [{8, 1}, {3, 7}, {5, 6}, {2, 4}], [{8, 1}, {4, 7}, {2, 6}, {3, 5}], [{8, 1}, {4, 7}, {3, 6}, {2, 5}], [{8, 1}, {4, 7}, {5, 6}, {2, 3}], [{8, 1}, {4, 7}, {6}, {3, 5}, {2}], [{8, 1}, {5, 7}, {2, 6}, {3, 4}], [{8, 1}, {5, 7}, {3, 6}, {2, 4}], [{8, 1}, {5, 7}, {4, 6}, {2, 3}], [{8, 1}, {6, 7}, {2, 5}, {3, 4}], [{8, 1}, {6, 7}, {3, 5}, {2, 4}], [{8, 1}, {6, 7}, {3, 5}, {4}, {2}], [{8, 1}, {6, 7}, {4, 5}, {2, 3}], [{8, 1}, {7}, {2, 6}, {3, 5}, {4}], [{8, 1}, {7}, {2, 6}, {4, 5}, {3}], [{8, 1}, {7}, {2, 6}, {5}, {3, 4}], [{8, 1}, {7}, {3, 6}, {2, 5}, {4}], [{8, 1}, {7}, {3, 6}, {4, 5}, {2}], [{8, 1}, {7}, {3, 6}, {5}, {2, 4}], [{8, 1}, {7}, {4, 6}, {2, 5}, {3}], [{8, 1}, {7}, {4, 6}, {3, 5}, {2}], [{8, 1}, {7}, {4, 6}, {5}, {2, 3}], [{8, 1}, {7}, {5, 6}, {2, 4}, {3}], [{8, 1}, {7}, {5, 6}, {3, 4}, {2}], [{8, 1}, {7}, {5, 6}, {4}, {2, 3}], [{8, 1}, {7}, {6}, {2, 5}, {3, 4}], [{8, 1}, {7}, {6}, {3, 5}, {2, 4}], [{8, 1}, {7}, {6}, {3, 5}, {4}, {2}], [{8, 1}, {7}, {6}, {4, 5}, {2, 3}], [{8, 2}, {1, 7}, {3, 6}, {4, 5}], [{8, 2}, {1, 7}, {4, 6}, {3, 5}], [{8, 2}, {1, 7}, {5, 6}, {3, 4}], [{8, 2}, {3, 7}, {1, 6}, {4, 5}], [{8, 2}, {3, 7}, {4, 6}, {1, 5}], [{8, 2}, {3, 7}, {5, 6}, {1, 4}], [{8, 2}, {4, 7}, {1, 6}, {3, 5}], [{8, 2}, {4, 7}, {3, 6}, {1, 5}], [{8, 2}, {4, 7}, {5, 6}, {1, 3}], [{8, 2}, {5, 7}, {1, 6}, {3, 4}], [{8, 2}, {5, 7}, {3, 6}, {1, 4}], [{8, 2}, {5, 7}, {4, 6}, {1, 3}], [{8, 2}, {6, 7}, {1, 5}, {3, 4}], [{8, 2}, {6, 7}, {3, 5}, {1, 4}], [{8, 2}, {6, 7}, {4, 5}, {1, 3}], [{8, 2}, {7}, {1, 6}, {3, 5}, {4}], [{8, 2}, {7}, {1, 6}, {4, 5}, {3}], [{8, 2}, {7}, {1, 6}, {5}, {3, 4}], [{8, 2}, {7}, {3, 6}, {1, 5}, {4}], [{8, 2}, {7}, {3, 6}, {4, 5}, {1}], [{8, 2}, {7}, {3, 6}, {5}, {1, 4}], [{8, 2}, {7}, {4, 6}, {1, 5}, {3}], [{8, 2}, {7}, {4, 6}, {3, 5}, {1}], [{8, 2}, {7}, {4, 6}, {5}, {1, 3}], [{8, 2}, {7}, {5, 6}, {1, 4}, {3}], [{8, 2}, {7}, {5, 6}, {3, 4}, {1}], [{8, 2}, {7}, {5, 6}, {4}, {1, 3}], [{8, 2}, {7}, {6}, {1, 5}, {3, 4}], [{8, 2}, {7}, {6}, {3, 5}, {1, 4}], [{8, 2}, {7}, {6}, {4, 5}, {1, 3}], [{8, 3}, {1, 7}, {2, 6}, {4, 5}], [{8, 3}, {1, 7}, {4, 6}, {2, 5}], [{8, 3}, {1, 7}, {4, 6}, {5}, {2}], [{8, 3}, {1, 7}, {5, 6}, {2, 4}], [{8, 3}, {2, 7}, {1, 6}, {4, 5}], [{8, 3}, {2, 7}, {4, 6}, {1, 5}], [{8, 3}, {2, 7}, {4, 6}, {5}, {1}], [{8, 3}, {2, 7}, {5, 6}, {1, 4}], [{8, 3}, {4, 7}, {1, 6}, {2, 5}], [{8, 3}, {4, 7}, {2, 6}, {1, 5}], [{8, 3}, {4, 7}, {5, 6}, {1, 2}], [{8, 3}, {5, 7}, {1, 6}, {2, 4}], [{8, 3}, {5, 7}, {2, 6}, {1, 4}], [{8, 3}, {5, 7}, {4, 6}, {1, 2}], [{8, 3}, {5, 7}, {4, 6}, {2}, {1}], [{8, 3}, {6, 7}, {1, 5}, {2, 4}], [{8, 3}, {6, 7}, {2, 5}, {1, 4}], [{8, 3}, {6, 7}, {4, 5}, {1, 2}], [{8, 3}, {7}, {1, 6}, {2, 5}, {4}], [{8, 3}, {7}, {1, 6}, {4, 5}, {2}], [{8, 3}, {7}, {1, 6}, {5}, {2, 4}], [{8, 3}, {7}, {2, 6}, {1, 5}, {4}], [{8, 3}, {7}, {2, 6}, {4, 5}, {1}], [{8, 3}, {7}, {2, 6}, {5}, {1, 4}], [{8, 3}, {7}, {4, 6}, {1, 5}, {2}], [{8, 3}, {7}, {4, 6}, {2, 5}, {1}], [{8, 3}, {7}, {4, 6}, {5}, {1, 2}], [{8, 3}, {7}, {4, 6}, {5}, {2}, {1}], [{8, 3}, {7}, {5, 6}, {1, 4}, {2}], [{8, 3}, {7}, {5, 6}, {2, 4}, {1}], [{8, 3}, {7}, {5, 6}, {4}, {1, 2}], [{8, 3}, {7}, {6}, {1, 5}, {2, 4}], [{8, 3}, {7}, {6}, {2, 5}, {1, 4}], [{8, 3}, {7}, {6}, {4, 5}, {1, 2}], [{8, 4}, {1, 7}, {2, 6}, {3, 5}], [{8, 4}, {1, 7}, {3, 6}, {2, 5}], [{8, 4}, {1, 7}, {5, 6}, {2, 3}], [{8, 4}, {2, 7}, {1, 6}, {3, 5}], [{8, 4}, {2, 7}, {3, 6}, {1, 5}], [{8, 4}, {2, 7}, {5, 6}, {1, 3}], [{8, 4}, {3, 7}, {1, 6}, {2, 5}], [{8, 4}, {3, 7}, {2, 6}, {1, 5}], [{8, 4}, {3, 7}, {5, 6}, {1, 2}], [{8, 4}, {5, 7}, {1, 6}, {2, 3}], [{8, 4}, {5, 7}, {2, 6}, {1, 3}], [{8, 4}, {5, 7}, {3, 6}, {1, 2}], [{8, 4}, {6, 7}, {1, 5}, {2, 3}], [{8, 4}, {6, 7}, {2, 5}, {1, 3}], [{8, 4}, {6, 7}, {3, 5}, {1, 2}], [{8, 4}, {7}, {1, 6}, {2, 5}, {3}], [{8, 4}, {7}, {1, 6}, {3, 5}, {2}], [{8, 4}, {7}, {1, 6}, {5}, {2, 3}], [{8, 4}, {7}, {2, 6}, {1, 5}, {3}], [{8, 4}, {7}, {2, 6}, {3, 5}, {1}], [{8, 4}, {7}, {2, 6}, {5}, {1, 3}], [{8, 4}, {7}, {3, 6}, {1, 5}, {2}], [{8, 4}, {7}, {3, 6}, {2, 5}, {1}], [{8, 4}, {7}, {3, 6}, {5}, {1, 2}], [{8, 4}, {7}, {5, 6}, {1, 3}, {2}], [{8, 4}, {7}, {5, 6}, {2, 3}, {1}], [{8, 4}, {7}, {5, 6}, {3}, {1, 2}], [{8, 4}, {7}, {6}, {1, 5}, {2, 3}], [{8, 4}, {7}, {6}, {2, 5}, {1, 3}], [{8, 4}, {7}, {6}, {3, 5}, {1, 2}], [{8, 5}, {1, 7}, {2, 6}, {3, 4}], [{8, 5}, {1, 7}, {3, 6}, {2, 4}], [{8, 5}, {1, 7}, {3, 6}, {4}, {2}], [{8, 5}, {1, 7}, {4, 6}, {2, 3}], [{8, 5}, {1, 7}, {6}, {2, 4}, {3}], [{8, 5}, {2, 7}, {1, 6}, {3, 4}], [{8, 5}, {2, 7}, {3, 6}, {1, 4}], [{8, 5}, {2, 7}, {3, 6}, {4}, {1}], [{8, 5}, {2, 7}, {4, 6}, {1, 3}], [{8, 5}, {2, 7}, {6}, {1, 4}, {3}], [{8, 5}, {3, 7}, {1, 6}, {2, 4}], [{8, 5}, {3, 7}, {2, 6}, {1, 4}], [{8, 5}, {3, 7}, {4, 6}, {1, 2}], [{8, 5}, {3, 7}, {6}, {1, 4}, {2}], [{8, 5}, {3, 7}, {6}, {2, 4}, {1}], [{8, 5}, {3, 7}, {6}, {4}, {1, 2}], [{8, 5}, {4, 7}, {1, 6}, {2, 3}], [{8, 5}, {4, 7}, {2, 6}, {1, 3}], [{8, 5}, {4, 7}, {3, 6}, {1, 2}], [{8, 5}, {4, 7}, {3, 6}, {2}, {1}], [{8, 5}, {4, 7}, {6}, {3}, {1, 2}], [{8, 5}, {6, 7}, {1, 4}, {2, 3}], [{8, 5}, {6, 7}, {1, 4}, {3}, {2}], [{8, 5}, {6, 7}, {2, 4}, {1, 3}], [{8, 5}, {6, 7}, {2, 4}, {3}, {1}], [{8, 5}, {6, 7}, {3, 4}, {1, 2}], [{8, 5}, {6, 7}, {4}, {3}, {1, 2}], [{8, 5}, {7}, {1, 6}, {2, 4}, {3}], [{8, 5}, {7}, {1, 6}, {3, 4}, {2}], [{8, 5}, {7}, {1, 6}, {4}, {2, 3}], [{8, 5}, {7}, {2, 6}, {1, 4}, {3}], [{8, 5}, {7}, {2, 6}, {3, 4}, {1}], [{8, 5}, {7}, {2, 6}, {4}, {1, 3}], [{8, 5}, {7}, {3, 6}, {1, 4}, {2}], [{8, 5}, {7}, {3, 6}, {2, 4}, {1}], [{8, 5}, {7}, {3, 6}, {4}, {1, 2}], [{8, 5}, {7}, {3, 6}, {4}, {2}, {1}], [{8, 5}, {7}, {4, 6}, {1, 3}, {2}], [{8, 5}, {7}, {4, 6}, {2, 3}, {1}], [{8, 5}, {7}, {4, 6}, {3}, {1, 2}], [{8, 5}, {7}, {6}, {1, 4}, {2, 3}], [{8, 5}, {7}, {6}, {1, 4}, {3}, {2}], [{8, 5}, {7}, {6}, {2, 4}, {1, 3}], [{8, 5}, {7}, {6}, {2, 4}, {3}, {1}], [{8, 5}, {7}, {6}, {3, 4}, {1, 2}], [{8, 5}, {7}, {6}, {4}, {3}, {1, 2}], [{8, 6}, {1, 7}, {2, 5}, {3, 4}], [{8, 6}, {1, 7}, {2, 5}, {4}, {3}], [{8, 6}, {1, 7}, {3, 5}, {2, 4}], [{8, 6}, {1, 7}, {3, 5}, {4}, {2}], [{8, 6}, {1, 7}, {4, 5}, {2, 3}], [{8, 6}, {1, 7}, {4, 5}, {3}, {2}], [{8, 6}, {1, 7}, {5}, {2, 4}, {3}], [{8, 6}, {1, 7}, {5}, {3, 4}, {2}], [{8, 6}, {1, 7}, {5}, {4}, {2, 3}], [{8, 6}, {2, 7}, {1, 5}, {3, 4}], [{8, 6}, {2, 7}, {1, 5}, {4}, {3}], [{8, 6}, {2, 7}, {3, 5}, {1, 4}], [{8, 6}, {2, 7}, {3, 5}, {4}, {1}], [{8, 6}, {2, 7}, {4, 5}, {1, 3}], [{8, 6}, {2, 7}, {4, 5}, {3}, {1}], [{8, 6}, {2, 7}, {5}, {1, 4}, {3}], [{8, 6}, {2, 7}, {5}, {3, 4}, {1}], [{8, 6}, {2, 7}, {5}, {4}, {1, 3}], [{8, 6}, {3, 7}, {1, 5}, {2, 4}], [{8, 6}, {3, 7}, {1, 5}, {4}, {2}], [{8, 6}, {3, 7}, {2, 5}, {1, 4}], [{8, 6}, {3, 7}, {2, 5}, {4}, {1}], [{8, 6}, {3, 7}, {4, 5}, {1, 2}], [{8, 6}, {3, 7}, {4, 5}, {2}, {1}], [{8, 6}, {3, 7}, {5}, {1, 4}, {2}], [{8, 6}, {3, 7}, {5}, {2, 4}, {1}], [{8, 6}, {3, 7}, {5}, {4}, {1, 2}], [{8, 6}, {4, 7}, {1, 5}, {2, 3}], [{8, 6}, {4, 7}, {1, 5}, {3}, {2}], [{8, 6}, {4, 7}, {2, 5}, {1, 3}], [{8, 6}, {4, 7}, {2, 5}, {3}, {1}], [{8, 6}, {4, 7}, {3, 5}, {1, 2}], [{8, 6}, {4, 7}, {3, 5}, {2}, {1}], [{8, 6}, {4, 7}, {5}, {1, 3}, {2}], [{8, 6}, {4, 7}, {5}, {2, 3}, {1}], [{8, 6}, {4, 7}, {5}, {3}, {1, 2}], [{8, 6}, {5, 7}, {1, 4}, {2, 3}], [{8, 6}, {5, 7}, {1, 4}, {3}, {2}], [{8, 6}, {5, 7}, {2, 4}, {1, 3}], [{8, 6}, {5, 7}, {2, 4}, {3}, {1}], [{8, 6}, {5, 7}, {3, 4}, {1, 2}], [{8, 6}, {5, 7}, {3, 4}, {2}, {1}], [{8, 6}, {5, 7}, {4}, {1, 3}, {2}], [{8, 6}, {5, 7}, {4}, {2, 3}, {1}], [{8, 6}, {5, 7}, {4}, {3}, {1, 2}], [{8, 6}, {7}, {1, 5}, {2, 4}, {3}], [{8, 6}, {7}, {1, 5}, {3, 4}, {2}], [{8, 6}, {7}, {1, 5}, {4}, {2, 3}], [{8, 6}, {7}, {1, 5}, {4}, {3}, {2}], [{8, 6}, {7}, {2, 5}, {1, 4}, {3}], [{8, 6}, {7}, {2, 5}, {3, 4}, {1}], [{8, 6}, {7}, {2, 5}, {4}, {1, 3}], [{8, 6}, {7}, {2, 5}, {4}, {3}, {1}], [{8, 6}, {7}, {3, 5}, {1, 4}, {2}], [{8, 6}, {7}, {3, 5}, {2, 4}, {1}], [{8, 6}, {7}, {3, 5}, {4}, {1, 2}], [{8, 6}, {7}, {3, 5}, {4}, {2}, {1}], [{8, 6}, {7}, {4, 5}, {1, 3}, {2}], [{8, 6}, {7}, {4, 5}, {2, 3}, {1}], [{8, 6}, {7}, {4, 5}, {3}, {1, 2}], [{8, 6}, {7}, {4, 5}, {3}, {2}, {1}], [{8, 6}, {7}, {5}, {1, 4}, {2, 3}], [{8, 6}, {7}, {5}, {1, 4}, {3}, {2}], [{8, 6}, {7}, {5}, {2, 4}, {1, 3}], [{8, 6}, {7}, {5}, {2, 4}, {3}, {1}], [{8, 6}, {7}, {5}, {3, 4}, {1, 2}], [{8, 6}, {7}, {5}, {3, 4}, {2}, {1}], [{8, 6}, {7}, {5}, {4}, {1, 3}, {2}], [{8, 6}, {7}, {5}, {4}, {2, 3}, {1}], [{8, 6}, {7}, {5}, {4}, {3}, {1, 2}], [{8, 7}, {1, 6}, {2, 5}, {3, 4}], [{8, 7}, {1, 6}, {3, 5}, {2, 4}], [{8, 7}, {1, 6}, {3, 5}, {4}, {2}], [{8, 7}, {1, 6}, {4, 5}, {2, 3}], [{8, 7}, {2, 6}, {1, 5}, {3, 4}], [{8, 7}, {2, 6}, {3, 5}, {1, 4}], [{8, 7}, {2, 6}, {4, 5}, {1, 3}], [{8, 7}, {3, 6}, {1, 5}, {2, 4}], [{8, 7}, {3, 6}, {2, 5}, {1, 4}], [{8, 7}, {3, 6}, {4, 5}, {1, 2}], [{8, 7}, {4, 6}, {1, 5}, {2, 3}], [{8, 7}, {4, 6}, {2, 5}, {1, 3}], [{8, 7}, {4, 6}, {3, 5}, {1, 2}], [{8, 7}, {5, 6}, {1, 4}, {2, 3}], [{8, 7}, {5, 6}, {1, 4}, {3}, {2}], [{8, 7}, {5, 6}, {2, 4}, {1, 3}], [{8, 7}, {5, 6}, {2, 4}, {3}, {1}], [{8, 7}, {5, 6}, {3, 4}, {1, 2}], [{8, 7}, {5, 6}, {4}, {3}, {1, 2}], [{8}, {1, 7}, {5, 6}, {2, 4}, {3}], [{8}, {2, 7}, {1, 6}, {3, 5}, {4}], [{8}, {2, 7}, {5, 6}, {1, 4}, {3}], [{8}, {3, 7}, {5, 6}, {1, 4}, {2}], [{8}, {3, 7}, {5, 6}, {2, 4}, {1}], [{8}, {3, 7}, {5, 6}, {4}, {1, 2}], [{8}, {4, 7}, {1, 6}, {3, 5}, {2}], [{8}, {4, 7}, {5, 6}, {3}, {1, 2}], [{8}, {7}, {1, 6}, {2, 5}, {3, 4}], [{8}, {7}, {1, 6}, {3, 5}, {2, 4}], [{8}, {7}, {1, 6}, {3, 5}, {4}, {2}], [{8}, {7}, {1, 6}, {4, 5}, {2, 3}], [{8}, {7}, {2, 6}, {1, 5}, {3, 4}], [{8}, {7}, {2, 6}, {3, 5}, {1, 4}], [{8}, {7}, {2, 6}, {4, 5}, {1, 3}], [{8}, {7}, {3, 6}, {1, 5}, {2, 4}], [{8}, {7}, {3, 6}, {2, 5}, {1, 4}], [{8}, {7}, {3, 6}, {4, 5}, {1, 2}], [{8}, {7}, {4, 6}, {1, 5}, {2, 3}], [{8}, {7}, {4, 6}, {2, 5}, {1, 3}], [{8}, {7}, {4, 6}, {3, 5}, {1, 2}], [{8}, {7}, {5, 6}, {1, 4}, {2, 3}], [{8}, {7}, {5, 6}, {1, 4}, {3}, {2}], [{8}, {7}, {5, 6}, {2, 4}, {1, 3}], [{8}, {7}, {5, 6}, {2, 4}, {3}, {1}], [{8}, {7}, {5, 6}, {3, 4}, {1, 2}], [{8}, {7}, {5, 6}, {4}, {3}, {1, 2}]]",2,- 16 K_1^4 - 4 K_1^3 + 16 K_1^2 K_2 - 4 K_1^2 - 2 K_1 K_3 + 3 K_1 - 2 K_2^2 + 3 K_2 + K_3 + 6,O1O2O3O4U1U5O6U7U6O8O7U8U3U4O5U2,O1O2O3U4U3O5O4U5O6O7U1U2U8U7O8U6,O1O2O3U4O5U6U5U2U3O6O4U7O8O7U1U8,c,{'O1O2O3O4U3O5U1U2U6O7O6U8U7O8U5U4'},1,"<a href=""/flatknot/8.704290"">8.704290</a>",t^8-83t^6-344t^5-183t^4+242t^3+88t^2-34t-7,-t^2+2t,,
8.704291,O1O2O3O4U3O5U1U2U6O7O8U4U8O6U5U7,4,7z^3+50z^2+114z+85,7w^4z^3+50w^3z^2+114w^2z+85w,False,False,"[[ 0 -3 -1 -1  1  2  0  1  1],[ 3  0  1  0  3  3  2  2  1],[ 1 -1  0  0  2  2  0  2  1],[ 1  0  0  0  1  1  0  1  1],[-1 -3 -2 -1  0  1 -2  2  1],[-2 -3 -2 -1 -1  0 -2  0  0],[ 0 -2  0  0  2  2  0  1  1],[-1 -2 -2 -1 -2  0 -1  0  0],[-1 -1 -1 -1 -1  0 -1  0  0]]","[[ 0  2  1  1  1  0 -1 -1 -3],[-2  0  0  0 -1 -2 -1 -2 -3],[-1  0  0  0 -1 -1 -1 -1 -1],[-1  0  0  0 -2 -1 -1 -2 -2],[-1  1  1  2  0 -2 -1 -2 -3],[ 0  2  1  1  2  0  0  0 -2],[ 1  1  1  1  1  0  0  0  0],[ 1  2  1  2  2  0  0  0 -1],[ 3  3  1  2  3  2  0  1  0]]",True,"[-2,-1,-1,-1,0,1,1,3,0,0,1,2,1,2,3,0,1,1,1,1,1,2,1,1,2,2,2,1,2,3,0,0,2,0,0,1]","[-3,-1,-1,0,1,1,1,2,0,1,2,1,2,3,3,0,0,1,1,1,1,0,1,2,2,2,1,1,2,2,0,-1,0,-2,0,1]",t^8+61t^6+142t^4+40t^2+1,"[-3,-1,-1,0,1,1,1,2,1,2,1,1,2,3,2,0,1,0,0,1,1,1,1,1,1,2,-1,0,0,0,-2,-1,0,0,1,1]","[-2,-1,-1,-1,0,1,1,3,0,1,1,0,1,2,2,1,2,-1,0,1,1,0,0,1,1,3,0,0,1,2,1,1,1,0,1,2]","[-3,-1,-1,0,1,1,1,2,0,1,2,1,2,3,3,0,0,1,1,1,1,0,1,2,2,2,1,1,2,2,0,-1,0,-2,0,1]",c,"[[{8, 1}, {2, 7}, {3, 6}, {4, 5}], [{8, 1}, {2, 7}, {4, 6}, {3, 5}], [{8, 1}, {2, 7}, {5, 6}, {3, 4}], [{8, 1}, {2, 7}, {6}, {5}, {3, 4}], [{8, 1}, {3, 7}, {2, 6}, {4, 5}], [{8, 1}, {3, 7}, {4, 6}, {2, 5}], [{8, 1}, {3, 7}, {5, 6}, {2, 4}], [{8, 1}, {4, 7}, {2, 6}, {3, 5}], [{8, 1}, {4, 7}, {3, 6}, {2, 5}], [{8, 1}, {4, 7}, {5, 6}, {2, 3}], [{8, 1}, {5, 7}, {2, 6}, {3, 4}], [{8, 1}, {5, 7}, {3, 6}, {2, 4}], [{8, 1}, {5, 7}, {4, 6}, {2, 3}], [{8, 1}, {5, 7}, {6}, {2, 4}, {3}], [{8, 1}, {6, 7}, {2, 5}, {3, 4}], [{8, 1}, {6, 7}, {2, 5}, {4}, {3}], [{8, 1}, {6, 7}, {3, 5}, {2, 4}], [{8, 1}, {6, 7}, {4, 5}, {2, 3}], [{8, 1}, {7}, {4, 6}, {5}, {2, 3}], [{8, 1}, {7}, {5, 6}, {4}, {2, 3}], [{8, 1}, {7}, {6}, {4, 5}, {2, 3}], [{8, 2}, {1, 7}, {3, 6}, {4, 5}], [{8, 2}, {1, 7}, {4, 6}, {3, 5}], [{8, 2}, {1, 7}, {5, 6}, {3, 4}], [{8, 2}, {3, 7}, {1, 6}, {4, 5}], [{8, 2}, {3, 7}, {4, 6}, {1, 5}], [{8, 2}, {3, 7}, {5, 6}, {1, 4}], [{8, 2}, {4, 7}, {1, 6}, {3, 5}], [{8, 2}, {4, 7}, {3, 6}, {1, 5}], [{8, 2}, {4, 7}, {5, 6}, {1, 3}], [{8, 2}, {4, 7}, {6}, {5}, {1, 3}], [{8, 2}, {5, 7}, {1, 6}, {3, 4}], [{8, 2}, {5, 7}, {3, 6}, {1, 4}], [{8, 2}, {5, 7}, {3, 6}, {4}, {1}], [{8, 2}, {5, 7}, {4, 6}, {1, 3}], [{8, 2}, {6, 7}, {1, 5}, {3, 4}], [{8, 2}, {6, 7}, {1, 5}, {4}, {3}], [{8, 2}, {6, 7}, {3, 5}, {1, 4}], [{8, 2}, {6, 7}, {4, 5}, {1, 3}], [{8, 2}, {6, 7}, {5}, {3, 4}, {1}], [{8, 2}, {7}, {1, 6}, {3, 5}, {4}], [{8, 3}, {1, 7}, {2, 6}, {4, 5}], [{8, 3}, {1, 7}, {4, 6}, {2, 5}], [{8, 3}, {1, 7}, {5, 6}, {2, 4}], [{8, 3}, {1, 7}, {5, 6}, {4}, {2}], [{8, 3}, {1, 7}, {6}, {5}, {2, 4}], [{8, 3}, {2, 7}, {1, 6}, {4, 5}], [{8, 3}, {2, 7}, {1, 6}, {5}, {4}], [{8, 3}, {2, 7}, {4, 6}, {1, 5}], [{8, 3}, {2, 7}, {5, 6}, {1, 4}], [{8, 3}, {4, 7}, {1, 6}, {2, 5}], [{8, 3}, {4, 7}, {1, 6}, {5}, {2}], [{8, 3}, {4, 7}, {2, 6}, {1, 5}], [{8, 3}, {4, 7}, {5, 6}, {1, 2}], [{8, 3}, {5, 7}, {1, 6}, {2, 4}], [{8, 3}, {5, 7}, {1, 6}, {4}, {2}], [{8, 3}, {5, 7}, {2, 6}, {1, 4}], [{8, 3}, {5, 7}, {2, 6}, {4}, {1}], [{8, 3}, {5, 7}, {4, 6}, {1, 2}], [{8, 3}, {5, 7}, {4, 6}, {2}, {1}], [{8, 3}, {5, 7}, {6}, {1, 4}, {2}], [{8, 3}, {5, 7}, {6}, {2, 4}, {1}], [{8, 3}, {5, 7}, {6}, {4}, {1, 2}], [{8, 3}, {5, 7}, {6}, {4}, {2}, {1}], [{8, 3}, {6, 7}, {1, 5}, {2, 4}], [{8, 3}, {6, 7}, {1, 5}, {4}, {2}], [{8, 3}, {6, 7}, {2, 5}, {1, 4}], [{8, 3}, {6, 7}, {4, 5}, {1, 2}], [{8, 3}, {6, 7}, {5}, {2, 4}, {1}], [{8, 3}, {7}, {1, 6}, {2, 5}, {4}], [{8, 3}, {7}, {1, 6}, {4, 5}, {2}], [{8, 3}, {7}, {1, 6}, {5}, {2, 4}], [{8, 3}, {7}, {1, 6}, {5}, {4}, {2}], [{8, 3}, {7}, {5, 6}, {2, 4}, {1}], [{8, 3}, {7}, {6}, {1, 5}, {2, 4}], [{8, 4}, {1, 7}, {2, 6}, {3, 5}], [{8, 4}, {1, 7}, {3, 6}, {2, 5}], [{8, 4}, {1, 7}, {5, 6}, {2, 3}], [{8, 4}, {2, 7}, {1, 6}, {3, 5}], [{8, 4}, {2, 7}, {3, 6}, {1, 5}], [{8, 4}, {2, 7}, {5, 6}, {1, 3}], [{8, 4}, {3, 7}, {1, 6}, {2, 5}], [{8, 4}, {3, 7}, {2, 6}, {1, 5}], [{8, 4}, {3, 7}, {5, 6}, {1, 2}], [{8, 4}, {3, 7}, {5, 6}, {2}, {1}], [{8, 4}, {3, 7}, {6}, {5}, {1, 2}], [{8, 4}, {5, 7}, {1, 6}, {2, 3}], [{8, 4}, {5, 7}, {2, 6}, {1, 3}], [{8, 4}, {5, 7}, {3, 6}, {1, 2}], [{8, 4}, {6, 7}, {1, 5}, {2, 3}], [{8, 4}, {6, 7}, {2, 5}, {1, 3}], [{8, 4}, {6, 7}, {3, 5}, {1, 2}], [{8, 4}, {6, 7}, {5}, {3}, {1, 2}], [{8, 4}, {7}, {1, 6}, {3, 5}, {2}], [{8, 4}, {7}, {3, 6}, {5}, {1, 2}], [{8, 4}, {7}, {6}, {1, 5}, {2, 3}], [{8, 5}, {1, 7}, {2, 6}, {3, 4}], [{8, 5}, {1, 7}, {2, 6}, {4}, {3}], [{8, 5}, {1, 7}, {3, 6}, {2, 4}], [{8, 5}, {1, 7}, {4, 6}, {2, 3}], [{8, 5}, {1, 7}, {6}, {3, 4}, {2}], [{8, 5}, {2, 7}, {1, 6}, {3, 4}], [{8, 5}, {2, 7}, {1, 6}, {4}, {3}], [{8, 5}, {2, 7}, {3, 6}, {1, 4}], [{8, 5}, {2, 7}, {4, 6}, {1, 3}], [{8, 5}, {2, 7}, {6}, {3, 4}, {1}], [{8, 5}, {3, 7}, {1, 6}, {2, 4}], [{8, 5}, {3, 7}, {1, 6}, {4}, {2}], [{8, 5}, {3, 7}, {2, 6}, {1, 4}], [{8, 5}, {3, 7}, {4, 6}, {1, 2}], [{8, 5}, {3, 7}, {4, 6}, {2}, {1}], [{8, 5}, {3, 7}, {6}, {1, 4}, {2}], [{8, 5}, {4, 7}, {1, 6}, {2, 3}], [{8, 5}, {4, 7}, {1, 6}, {3}, {2}], [{8, 5}, {4, 7}, {2, 6}, {1, 3}], [{8, 5}, {4, 7}, {3, 6}, {1, 2}], [{8, 5}, {6, 7}, {1, 4}, {2, 3}], [{8, 5}, {6, 7}, {2, 4}, {1, 3}], [{8, 5}, {6, 7}, {3, 4}, {1, 2}], [{8, 5}, {6, 7}, {3, 4}, {2}, {1}], [{8, 5}, {6, 7}, {4}, {3}, {1, 2}], [{8, 5}, {7}, {1, 6}, {2, 4}, {3}], [{8, 5}, {7}, {1, 6}, {3, 4}, {2}], [{8, 5}, {7}, {1, 6}, {4}, {2, 3}], [{8, 5}, {7}, {1, 6}, {4}, {3}, {2}], [{8, 5}, {7}, {2, 6}, {3, 4}, {1}], [{8, 5}, {7}, {6}, {3, 4}, {1, 2}], [{8, 6}, {1, 7}, {2, 5}, {3, 4}], [{8, 6}, {1, 7}, {3, 5}, {2, 4}], [{8, 6}, {1, 7}, {4, 5}, {2, 3}], [{8, 6}, {1, 7}, {5}, {2, 4}, {3}], [{8, 6}, {2, 7}, {1, 5}, {3, 4}], [{8, 6}, {2, 7}, {3, 5}, {1, 4}], [{8, 6}, {2, 7}, {4, 5}, {1, 3}], [{8, 6}, {2, 7}, {4, 5}, {3}, {1}], [{8, 6}, {3, 7}, {1, 5}, {2, 4}], [{8, 6}, {3, 7}, {2, 5}, {1, 4}], [{8, 6}, {3, 7}, {4, 5}, {1, 2}], [{8, 6}, {4, 7}, {1, 5}, {2, 3}], [{8, 6}, {4, 7}, {2, 5}, {1, 3}], [{8, 6}, {4, 7}, {3, 5}, {1, 2}], [{8, 6}, {5, 7}, {1, 4}, {2, 3}], [{8, 6}, {5, 7}, {2, 4}, {1, 3}], [{8, 6}, {5, 7}, {3, 4}, {1, 2}], [{8, 6}, {5, 7}, {4}, {2, 3}, {1}], [{8, 6}, {7}, {5}, {1, 4}, {2, 3}], [{8, 7}, {1, 6}, {2, 5}, {3, 4}], [{8, 7}, {1, 6}, {3, 5}, {2, 4}], [{8, 7}, {1, 6}, {3, 5}, {4}, {2}], [{8, 7}, {1, 6}, {4, 5}, {2, 3}], [{8, 7}, {2, 6}, {1, 5}, {3, 4}], [{8, 7}, {2, 6}, {3, 5}, {1, 4}], [{8, 7}, {2, 6}, {4, 5}, {1, 3}], [{8, 7}, {2, 6}, {5}, {1, 4}, {3}], [{8, 7}, {3, 6}, {1, 5}, {2, 4}], [{8, 7}, {3, 6}, {2, 5}, {1, 4}], [{8, 7}, {3, 6}, {4, 5}, {1, 2}], [{8, 7}, {3, 6}, {5}, {1, 4}, {2}], [{8, 7}, {4, 6}, {1, 5}, {2, 3}], [{8, 7}, {4, 6}, {2, 5}, {1, 3}], [{8, 7}, {4, 6}, {3, 5}, {1, 2}], [{8, 7}, {4, 6}, {3, 5}, {2}, {1}], [{8, 7}, {5, 6}, {1, 4}, {2, 3}], [{8, 7}, {5, 6}, {1, 4}, {3}, {2}], [{8, 7}, {5, 6}, {2, 4}, {1, 3}], [{8, 7}, {5, 6}, {3, 4}, {1, 2}], [{8, 7}, {6}, {2, 5}, {1, 4}, {3}], [{8, 7}, {6}, {3, 5}, {1, 4}, {2}], [{8, 7}, {6}, {5}, {1, 4}, {2, 3}], [{8, 7}, {6}, {5}, {1, 4}, {3}, {2}], [{8}, {1, 7}, {3, 6}, {5}, {2, 4}], [{8}, {2, 7}, {1, 6}, {3, 5}, {4}], [{8}, {2, 7}, {4, 6}, {5}, {1, 3}], [{8}, {2, 7}, {5, 6}, {4}, {1, 3}], [{8}, {2, 7}, {6}, {1, 5}, {3, 4}], [{8}, {2, 7}, {6}, {4, 5}, {1, 3}], [{8}, {3, 7}, {5, 6}, {4}, {1, 2}], [{8}, {4, 7}, {1, 6}, {3, 5}, {2}], [{8}, {5, 7}, {6}, {2, 4}, {1, 3}], [{8}, {6, 7}, {1, 5}, {4}, {2, 3}], [{8}, {6, 7}, {2, 5}, {3, 4}, {1}], [{8}, {6, 7}, {4, 5}, {1, 3}, {2}], [{8}, {6, 7}, {4, 5}, {2, 3}, {1}], [{8}, {6, 7}, {4, 5}, {3}, {1, 2}], [{8}, {6, 7}, {5}, {1, 4}, {2, 3}], [{8}, {7}, {1, 6}, {3, 5}, {2, 4}], [{8}, {7}, {1, 6}, {3, 5}, {4}, {2}], [{8}, {7}, {2, 6}, {4, 5}, {1, 3}]]",2,- 8 K_1^4 + 12 K_1^3 + 12 K_1^2 K_2 - 8 K_1^2 - 10 K_1 K_2 - 6 K_1 K_3 - 4 K_1 + 5 K_2 + 2 K_3 + K_4 + 5,O1O2O3O4U5U6O7U8U1O8O5U7U3U4O6U2,O1O2O3U4U5O6O5U3O7O4U1U2U8U6O8U7,O1O2O3U4O5U6U5U2U3O7O4U1O8O6U8U7,c,{'O1O2O3O4U3O5U1U2U6O7O8U4U8O6U5U7'},1,"<a href=""/flatknot/8.704291"">8.704291</a>",t^9-65t^7-194t^6+99t^5+452t^4-264t^3-110t^2+58t+12,t^3-t^2-t,,
8.704292,O1O2O3O4U3O5U1U2U6O7O8U5U4O6U8U7,4,6z^3+40z^2+91z+71,-2w^5z^3+8w^4z^3-8w^4z^2+48w^3z^2-6w^3z+97w^2z+71w,False,False,"[[ 0 -3 -1 -1  2  1  0  1  1],[ 3  0  1  0  4  2  1  2  2],[ 1 -1  0  0  3  1 -1  2  2],[ 1  0  0  0  1  0  0  1  1],[-2 -4 -3 -1  0  0 -3  2  1],[-1 -2 -1  0  0  0 -1  1  0],[ 0 -1  1  0  3  1  0  0  1],[-1 -2 -2 -1 -2 -1  0  0  0],[-1 -2 -2 -1 -1  0 -1  0  0]]","[[ 0  2  1  1  1  0 -1 -1 -3],[-2  0  2  1  0 -3 -1 -3 -4],[-1 -2  0  0 -1  0 -1 -2 -2],[-1 -1  0  0  0 -1 -1 -2 -2],[-1  0  1  0  0 -1  0 -1 -2],[ 0  3  0  1  1  0  0  1 -1],[ 1  1  1  1  0  0  0  0  0],[ 1  3  2  2  1 -1  0  0 -1],[ 3  4  2  2  2  1  0  1  0]]",True,"[-2,-1,-1,-1,0,1,1,3,-2,-1,0,3,1,3,4,0,1,0,1,2,2,0,1,1,2,2,1,0,1,2,0,-1,1,0,0,1]","[-3,-1,-1,0,1,1,1,2,0,1,1,2,2,2,4,0,0,0,1,1,1,-1,1,2,2,3,1,0,1,3,1,0,0,0,-2,-1]",t^8+69t^6+255t^4+154t^2+1,"[-3,-1,-1,0,1,1,1,2,1,2,2,2,2,2,1,0,2,0,0,1,0,1,1,1,2,2,0,1,0,-1,0,0,2,1,3,1]","[-2,-1,-1,-1,0,1,1,3,1,2,3,-1,0,2,1,0,1,0,1,2,2,0,0,0,1,2,1,0,1,2,2,1,2,0,1,2]","[-3,-1,-1,0,1,1,1,2,0,1,1,2,2,2,4,0,0,0,1,1,1,-1,1,2,2,3,1,0,1,3,1,0,0,0,-2,-1]",c,"[[{8, 6}, {1, 7}, {3, 5}, {2, 4}]]",1,- 8 K_1^4 + 4 K_1^3 + 20 K_1^2 K_2 - 10 K_1^2 - 6 K_1 K_2 - 12 K_1 K_3 - 2 K_2^2 + 5 K_2 + 2 K_3 + 3 K_4 + 5,O1O2O3O4U5U6O7U1U8O6O5U7U3U4O8U2,O1O2O3U4U5O6O7U3O5O4U1U2U8U7O8U6,O1O2O3U4O5U6U5U2U3O7O8U1O6O4U8U7,c,{'O1O2O3O4U3O5U1U2U6O7O8U5U4O6U8U7'},1,"<a href=""/flatknot/8.704292"">8.704292</a>",t^9-73t^7-202t^6+214t^5+596t^4-250t^3-322t^2+51t+46,t^3-t^2-t,,
8.704293,O1O2O3O4U3O5U1U2U6O7O8U5U8O6U4U7,4,4z^3+36z^2+109z+107,4w^4z^3+36w^3z^2+109w^2z+107w,False,False,"[[ 0 -3 -1 -1  2  1  0  1  1],[ 3  0  1  0  4  2  2  2  1],[ 1 -1  0  0  3  1  0  2  1],[ 1  0  0  0  1  0  1  1  0],[-2 -4 -3 -1  0  0 -3  1  1],[-1 -2 -1  0  0  0 -2  1  1],[ 0 -2  0 -1  3  2  0  1  1],[-1 -2 -2 -1 -1 -1 -1  0  0],[-1 -1 -1  0 -1 -1 -1  0  0]]","[[ 0  2  1  1  1  0 -1 -1 -3],[-2  0  1  1  0 -3 -1 -3 -4],[-1 -1  0  0 -1 -1  0 -1 -1],[-1 -1  0  0 -1 -1 -1 -2 -2],[-1  0  1  1  0 -2  0 -1 -2],[ 0  3  1  1  2  0 -1  0 -2],[ 1  1  0  1  0  1  0  0  0],[ 1  3  1  2  1  0  0  0 -1],[ 3  4  1  2  2  2  0  1  0]]",True,"[-2,-1,-1,-1,0,1,1,3,-1,-1,0,3,1,3,4,0,1,1,0,1,1,1,1,1,2,2,2,0,1,2,1,0,2,0,0,1]","[-3,-1,-1,0,1,1,1,2,0,1,2,1,2,2,4,0,1,0,0,1,1,0,1,1,2,3,1,2,1,3,-1,0,-1,1,0,-1]",t^8+67t^6+192t^4+36t^2+1,"[-3,-1,-1,0,1,1,1,2,1,2,1,2,2,3,1,0,1,0,1,1,0,0,1,2,2,2,0,-1,0,-1,1,0,2,-1,1,2]","[-2,-1,-1,-1,0,1,1,3,1,2,2,-1,0,2,1,1,1,-1,1,2,2,0,0,0,1,2,0,1,2,3,1,0,1,0,1,2]","[-3,-1,-1,0,1,1,1,2,0,1,2,1,2,2,4,0,1,0,0,1,1,0,1,1,2,3,1,2,1,3,-1,0,-1,1,0,-1]",c,"[[{8, 1}, {2, 7}, {3, 6}, {4, 5}], [{8, 1}, {2, 7}, {4, 6}, {3, 5}], [{8, 1}, {2, 7}, {5, 6}, {3, 4}], [{8, 1}, {3, 7}, {2, 6}, {4, 5}], [{8, 1}, {3, 7}, {4, 6}, {2, 5}], [{8, 1}, {3, 7}, {5, 6}, {2, 4}], [{8, 1}, {4, 7}, {2, 6}, {3, 5}], [{8, 1}, {4, 7}, {3, 6}, {2, 5}], [{8, 1}, {4, 7}, {5, 6}, {2, 3}], [{8, 1}, {4, 7}, {5, 6}, {3}, {2}], [{8, 1}, {5, 7}, {2, 6}, {3, 4}], [{8, 1}, {5, 7}, {3, 6}, {2, 4}], [{8, 1}, {5, 7}, {4, 6}, {2, 3}], [{8, 1}, {5, 7}, {6}, {4}, {2, 3}], [{8, 1}, {6, 7}, {2, 5}, {3, 4}], [{8, 1}, {6, 7}, {3, 5}, {2, 4}], [{8, 1}, {6, 7}, {4, 5}, {2, 3}], [{8, 1}, {6, 7}, {5}, {2, 4}, {3}], [{8, 1}, {7}, {2, 6}, {5}, {3, 4}], [{8, 1}, {7}, {3, 6}, {4, 5}, {2}], [{8, 2}, {1, 7}, {3, 6}, {4, 5}], [{8, 2}, {1, 7}, {4, 6}, {3, 5}], [{8, 2}, {1, 7}, {4, 6}, {5}, {3}], [{8, 2}, {1, 7}, {5, 6}, {3, 4}], [{8, 2}, {3, 7}, {1, 6}, {4, 5}], [{8, 2}, {3, 7}, {4, 6}, {1, 5}], [{8, 2}, {3, 7}, {5, 6}, {1, 4}], [{8, 2}, {3, 7}, {5, 6}, {4}, {1}], [{8, 2}, {4, 7}, {1, 6}, {3, 5}], [{8, 2}, {4, 7}, {3, 6}, {1, 5}], [{8, 2}, {4, 7}, {5, 6}, {1, 3}], [{8, 2}, {5, 7}, {1, 6}, {3, 4}], [{8, 2}, {5, 7}, {3, 6}, {1, 4}], [{8, 2}, {5, 7}, {4, 6}, {1, 3}], [{8, 2}, {6, 7}, {1, 5}, {3, 4}], [{8, 2}, {6, 7}, {3, 5}, {1, 4}], [{8, 2}, {6, 7}, {4, 5}, {1, 3}], [{8, 2}, {7}, {1, 6}, {4, 5}, {3}], [{8, 3}, {1, 7}, {2, 6}, {4, 5}], [{8, 3}, {1, 7}, {4, 6}, {2, 5}], [{8, 3}, {1, 7}, {5, 6}, {2, 4}], [{8, 3}, {1, 7}, {5, 6}, {4}, {2}], [{8, 3}, {2, 7}, {1, 6}, {4, 5}], [{8, 3}, {2, 7}, {1, 6}, {5}, {4}], [{8, 3}, {2, 7}, {4, 6}, {1, 5}], [{8, 3}, {2, 7}, {5, 6}, {1, 4}], [{8, 3}, {4, 7}, {1, 6}, {2, 5}], [{8, 3}, {4, 7}, {2, 6}, {1, 5}], [{8, 3}, {4, 7}, {5, 6}, {1, 2}], [{8, 3}, {4, 7}, {6}, {1, 5}, {2}], [{8, 3}, {5, 7}, {1, 6}, {2, 4}], [{8, 3}, {5, 7}, {2, 6}, {1, 4}], [{8, 3}, {5, 7}, {4, 6}, {1, 2}], [{8, 3}, {5, 7}, {6}, {4}, {1, 2}], [{8, 3}, {6, 7}, {1, 5}, {2, 4}], [{8, 3}, {6, 7}, {2, 5}, {1, 4}], [{8, 3}, {6, 7}, {4, 5}, {1, 2}], [{8, 3}, {6, 7}, {5}, {2, 4}, {1}], [{8, 3}, {7}, {1, 6}, {4, 5}, {2}], [{8, 4}, {1, 7}, {2, 6}, {3, 5}], [{8, 4}, {1, 7}, {3, 6}, {2, 5}], [{8, 4}, {1, 7}, {5, 6}, {2, 3}], [{8, 4}, {1, 7}, {6}, {3, 5}, {2}], [{8, 4}, {2, 7}, {1, 6}, {3, 5}], [{8, 4}, {2, 7}, {3, 6}, {1, 5}], [{8, 4}, {2, 7}, {5, 6}, {1, 3}], [{8, 4}, {3, 7}, {1, 6}, {2, 5}], [{8, 4}, {3, 7}, {2, 6}, {1, 5}], [{8, 4}, {3, 7}, {5, 6}, {1, 2}], [{8, 4}, {3, 7}, {5, 6}, {2}, {1}], [{8, 4}, {5, 7}, {1, 6}, {2, 3}], [{8, 4}, {5, 7}, {2, 6}, {1, 3}], [{8, 4}, {5, 7}, {3, 6}, {1, 2}], [{8, 4}, {5, 7}, {6}, {2, 3}, {1}], [{8, 4}, {6, 7}, {1, 5}, {2, 3}], [{8, 4}, {6, 7}, {2, 5}, {1, 3}], [{8, 4}, {6, 7}, {3, 5}, {1, 2}], [{8, 4}, {7}, {3, 6}, {2, 5}, {1}], [{8, 5}, {1, 7}, {2, 6}, {3, 4}], [{8, 5}, {1, 7}, {3, 6}, {2, 4}], [{8, 5}, {1, 7}, {3, 6}, {4}, {2}], [{8, 5}, {1, 7}, {4, 6}, {2, 3}], [{8, 5}, {1, 7}, {6}, {2, 4}, {3}], [{8, 5}, {2, 7}, {1, 6}, {3, 4}], [{8, 5}, {2, 7}, {3, 6}, {1, 4}], [{8, 5}, {2, 7}, {4, 6}, {1, 3}], [{8, 5}, {3, 7}, {1, 6}, {2, 4}], [{8, 5}, {3, 7}, {2, 6}, {1, 4}], [{8, 5}, {3, 7}, {4, 6}, {1, 2}], [{8, 5}, {4, 7}, {1, 6}, {2, 3}], [{8, 5}, {4, 7}, {2, 6}, {1, 3}], [{8, 5}, {4, 7}, {3, 6}, {1, 2}], [{8, 5}, {6, 7}, {1, 4}, {2, 3}], [{8, 5}, {6, 7}, {2, 4}, {1, 3}], [{8, 5}, {6, 7}, {3, 4}, {1, 2}], [{8, 5}, {7}, {2, 6}, {3, 4}, {1}], [{8, 6}, {1, 7}, {2, 5}, {3, 4}], [{8, 6}, {1, 7}, {3, 5}, {2, 4}], [{8, 6}, {1, 7}, {4, 5}, {2, 3}], [{8, 6}, {1, 7}, {5}, {2, 4}, {3}], [{8, 6}, {2, 7}, {1, 5}, {3, 4}], [{8, 6}, {2, 7}, {3, 5}, {1, 4}], [{8, 6}, {2, 7}, {4, 5}, {1, 3}], [{8, 6}, {3, 7}, {1, 5}, {2, 4}], [{8, 6}, {3, 7}, {2, 5}, {1, 4}], [{8, 6}, {3, 7}, {4, 5}, {1, 2}], [{8, 6}, {4, 7}, {1, 5}, {2, 3}], [{8, 6}, {4, 7}, {1, 5}, {3}, {2}], [{8, 6}, {4, 7}, {2, 5}, {1, 3}], [{8, 6}, {4, 7}, {3, 5}, {1, 2}], [{8, 6}, {5, 7}, {1, 4}, {2, 3}], [{8, 6}, {5, 7}, {2, 4}, {1, 3}], [{8, 6}, {5, 7}, {3, 4}, {1, 2}], [{8, 6}, {5, 7}, {4}, {3}, {1, 2}], [{8, 6}, {7}, {1, 5}, {4}, {2, 3}], [{8, 6}, {7}, {2, 5}, {3, 4}, {1}], [{8, 6}, {7}, {4, 5}, {1, 3}, {2}], [{8, 7}, {1, 6}, {2, 5}, {3, 4}], [{8, 7}, {1, 6}, {2, 5}, {4}, {3}], [{8, 7}, {1, 6}, {3, 5}, {2, 4}], [{8, 7}, {1, 6}, {4, 5}, {2, 3}], [{8, 7}, {1, 6}, {4, 5}, {3}, {2}], [{8, 7}, {1, 6}, {5}, {2, 4}, {3}], [{8, 7}, {2, 6}, {1, 5}, {3, 4}], [{8, 7}, {2, 6}, {3, 5}, {1, 4}], [{8, 7}, {2, 6}, {4, 5}, {1, 3}], [{8, 7}, {3, 6}, {1, 5}, {2, 4}], [{8, 7}, {3, 6}, {2, 5}, {1, 4}], [{8, 7}, {3, 6}, {4, 5}, {1, 2}], [{8, 7}, {4, 6}, {1, 5}, {2, 3}], [{8, 7}, {4, 6}, {2, 5}, {1, 3}], [{8, 7}, {4, 6}, {3, 5}, {1, 2}], [{8, 7}, {5, 6}, {1, 4}, {2, 3}], [{8, 7}, {5, 6}, {2, 4}, {1, 3}], [{8, 7}, {5, 6}, {3, 4}, {1, 2}], [{8, 7}, {6}, {1, 5}, {4}, {2, 3}], [{8, 7}, {6}, {2, 5}, {3, 4}, {1}], [{8}, {1, 7}, {2, 6}, {4, 5}, {3}], [{8}, {1, 7}, {5, 6}, {2, 4}, {3}], [{8}, {2, 7}, {1, 6}, {4, 5}, {3}], [{8}, {2, 7}, {3, 6}, {5}, {1, 4}], [{8}, {2, 7}, {5, 6}, {3, 4}, {1}], [{8}, {3, 7}, {1, 6}, {4, 5}, {2}], [{8}, {3, 7}, {4, 6}, {2, 5}, {1}], [{8}, {3, 7}, {5, 6}, {2, 4}, {1}], [{8}, {4, 7}, {1, 6}, {3, 5}, {2}], [{8}, {4, 7}, {3, 6}, {1, 5}, {2}], [{8}, {5, 7}, {1, 6}, {3, 4}, {2}], [{8}, {5, 7}, {3, 6}, {4}, {1, 2}], [{8}, {5, 7}, {6}, {1, 4}, {2, 3}], [{8}, {5, 7}, {6}, {2, 4}, {1, 3}], [{8}, {6, 7}, {1, 5}, {4}, {2, 3}], [{8}, {6, 7}, {2, 5}, {3, 4}, {1}], [{8}, {6, 7}, {3, 5}, {1, 4}, {2}], [{8}, {6, 7}, {4, 5}, {3}, {1, 2}], [{8}, {6, 7}, {5}, {2, 4}, {1, 3}], [{8}, {7}, {1, 6}, {4, 5}, {2, 3}], [{8}, {7}, {1, 6}, {4, 5}, {3}, {2}], [{8}, {7}, {2, 6}, {1, 5}, {3, 4}], [{8}, {7}, {5, 6}, {2, 4}, {1, 3}]]",2,- 8 K_1^4 + 24 K_1^3 + 12 K_1^2 K_2 - 18 K_1^2 - 22 K_1 K_2 - 4 K_1 K_3 - 7 K_1 - 2 K_2^2 + 9 K_2 + 5 K_3 + K_4 + 11,O1O2O3O4U5U1O6U7U8O7O5U6U3U4O8U2,O1O2O3U4U5O6O5U3O7O4U1U2U8U7O8U6,O1O2O3U4O5U6U5U2U3O7O6U1O8O4U8U7,c,{'O1O2O3O4U3O5U1U2U6O7O8U5U8O6U4U7'},1,"<a href=""/flatknot/8.704293"">8.704293</a>",t^9-71t^7-198t^6+215t^5+522t^4-438t^3-84t^2+106t-6,t^3-t^2-t,,
8.704294,O1O2O3O4U3O5U1U2U6O7O8U7U4O6U5U8,4,4z^3+34z^2+91z+79,4w^4z^3-6w^4z^2+40w^3z^2-10w^3z+101w^2z+79w,False,False,"[[ 0 -3 -1 -1  2  2  0 -1  2],[ 3  0  1  0  3  3  2  0  2],[ 1 -1  0  0  2  2  0  0  2],[ 1  0  0  0  1  1  0  0  1],[-2 -3 -2 -1  0  0 -2  0  2],[-2 -3 -2 -1  0  0 -2  0  1],[ 0 -2  0  0  2  2  0 -1  1],[ 1  0  0  0  0  0  1  0  1],[-2 -2 -2 -1 -2 -1 -1 -1  0]]","[[ 0  2  2  2  0 -1 -1 -1 -3],[-2  0  2  0 -2  0 -1 -2 -3],[-2 -2  0 -1 -1 -1 -1 -2 -2],[-2  0  1  0 -2  0 -1 -2 -3],[ 0  2  1  2  0 -1  0  0 -2],[ 1  0  1  0  1  0  0  0  0],[ 1  1  1  1  0  0  0  0  0],[ 1  2  2  2  0  0  0  0 -1],[ 3  3  2  3  2  0  0  1  0]]",True,"[-2,-2,-2,0,1,1,1,3,-2,0,2,0,1,2,3,1,1,1,1,2,2,2,0,1,2,3,1,0,0,2,0,0,0,0,0,1]","[-3,-1,-1,-1,0,2,2,2,0,0,1,2,2,3,3,0,0,0,1,1,1,0,1,1,0,0,0,2,2,2,1,2,2,-2,-1,0]",t^8+58t^6+185t^4+61t^2+1,"[-3,-1,-1,-1,0,2,2,2,1,2,2,1,2,2,3,0,0,1,1,1,1,0,0,3,3,2,1,2,2,2,0,0,1,0,-2,-1]","[-2,-2,-2,0,1,1,1,3,-2,-1,1,1,2,2,3,0,0,1,2,3,2,0,1,2,3,2,1,1,0,1,0,0,1,0,2,2]","[-3,-1,-1,-1,0,2,2,2,0,0,1,2,2,3,3,0,0,0,1,1,1,0,1,1,0,0,0,2,2,2,1,2,2,-2,-1,0]",c,"[[{8, 2}, {5, 7}, {3, 6}, {1, 4}], [{8}, {5, 7}, {3, 6}, {1, 4}, {2}]]",1,- 16 K_1^4 + 12 K_1^3 + 32 K_1^2 K_2 - 12 K_1^2 - 10 K_1 K_2 - 14 K_1 K_3 - 4 K_1 - 2 K_2^2 + 5 K_2 + 2 K_3 + 2 K_4 + 6,O1O2O3O4U5U6O7U1U8O5O8U7U3U4O6U2,O1O2O3U4U5O4O6U3O7O5U1U2U8U6O8U7,O1O2O3U4O5U6U5U2U3O7O4U1O6O8U7U8,c,{'O1O2O3O4U3O5U1U2U6O7O8U7U4O6U5U8'},1,"<a href=""/flatknot/8.704294"">8.704294</a>",t^9-58t^7-150t^6+166t^5+292t^4-457t^3+98t^2+33t,t^3-3t^2+3t,,
8.704295,O1O2O3O4U3O5U1U2U6O7O8U7U5O6U4U8,4,z^3+24z^2+90z+93,w^4z^3-6w^4z^2+30w^3z^2-10w^3z+100w^2z+93w,False,False,"[[ 0 -3 -1 -1  2  2  0 -1  2],[ 3  0  1  0  4  2  2  0  2],[ 1 -1  0  0  3  1  0  0  2],[ 1  0  0  0  1  0  1  0  1],[-2 -4 -3 -1  0  1 -3  0  2],[-2 -2 -1  0 -1  0 -2  0  1],[ 0 -2  0 -1  3  2  0 -1  1],[ 1  0  0  0  0  0  1  0  1],[-2 -2 -2 -1 -2 -1 -1 -1  0]]","[[ 0  2  2  2  0 -1 -1 -1 -3],[-2  0  2  1 -3  0 -1 -3 -4],[-2 -2  0 -1 -1 -1 -1 -2 -2],[-2 -1  1  0 -2  0  0 -1 -2],[ 0  3  1  2  0 -1 -1  0 -2],[ 1  0  1  0  1  0  0  0  0],[ 1  1  1  0  1  0  0  0  0],[ 1  3  2  1  0  0  0  0 -1],[ 3  4  2  2  2  0  0  1  0]]",True,"[-2,-2,-2,0,1,1,1,3,-2,-1,3,0,1,3,4,1,1,1,1,2,2,2,0,0,1,2,1,1,0,2,0,0,0,0,0,1]","[-3,-1,-1,-1,0,2,2,2,0,0,1,2,2,2,4,0,0,1,0,1,0,0,1,0,1,1,0,1,2,3,2,1,3,1,-1,-2]",t^8+68t^6+294t^4+156t^2+1,"[-3,-1,-1,-1,0,2,2,2,1,2,2,1,1,3,3,0,0,1,0,1,2,0,0,2,2,3,0,3,2,3,-1,1,0,-2,-1,1]","[-2,-2,-2,0,1,1,1,3,-2,-1,1,1,2,2,3,1,-1,0,2,3,1,0,2,3,3,3,1,0,0,1,0,0,1,0,2,2]","[-3,-1,-1,-1,0,2,2,2,0,0,1,2,2,2,4,0,0,1,0,1,0,0,1,0,1,1,0,1,2,3,2,1,3,1,-1,-2]",c,"[[{8, 1}, {2, 7}, {3, 6}, {4, 5}], [{8, 1}, {2, 7}, {4, 6}, {3, 5}], [{8, 1}, {2, 7}, {5, 6}, {3, 4}], [{8, 1}, {3, 7}, {2, 6}, {4, 5}], [{8, 1}, {3, 7}, {4, 6}, {2, 5}], [{8, 1}, {3, 7}, {5, 6}, {2, 4}], [{8, 1}, {4, 7}, {2, 6}, {3, 5}], [{8, 1}, {4, 7}, {3, 6}, {2, 5}], [{8, 1}, {4, 7}, {5, 6}, {2, 3}], [{8, 1}, {4, 7}, {6}, {2, 5}, {3}], [{8, 1}, {5, 7}, {2, 6}, {3, 4}], [{8, 1}, {5, 7}, {3, 6}, {2, 4}], [{8, 1}, {5, 7}, {4, 6}, {2, 3}], [{8, 1}, {5, 7}, {4, 6}, {3}, {2}], [{8, 1}, {6, 7}, {2, 5}, {3, 4}], [{8, 1}, {6, 7}, {3, 5}, {2, 4}], [{8, 1}, {6, 7}, {4, 5}, {2, 3}], [{8, 1}, {6, 7}, {5}, {4}, {2, 3}], [{8, 1}, {7}, {2, 6}, {4, 5}, {3}], [{8, 2}, {1, 7}, {3, 6}, {4, 5}], [{8, 2}, {1, 7}, {4, 6}, {3, 5}], [{8, 2}, {1, 7}, {5, 6}, {3, 4}], [{8, 2}, {1, 7}, {5, 6}, {4}, {3}], [{8, 2}, {3, 7}, {1, 6}, {4, 5}], [{8, 2}, {3, 7}, {4, 6}, {1, 5}], [{8, 2}, {3, 7}, {5, 6}, {1, 4}], [{8, 2}, {4, 7}, {1, 6}, {3, 5}], [{8, 2}, {4, 7}, {3, 6}, {1, 5}], [{8, 2}, {4, 7}, {5, 6}, {1, 3}], [{8, 2}, {5, 7}, {1, 6}, {3, 4}], [{8, 2}, {5, 7}, {3, 6}, {1, 4}], [{8, 2}, {5, 7}, {4, 6}, {1, 3}], [{8, 2}, {5, 7}, {4, 6}, {3}, {1}], [{8, 2}, {6, 7}, {1, 5}, {3, 4}], [{8, 2}, {6, 7}, {1, 5}, {4}, {3}], [{8, 2}, {6, 7}, {3, 5}, {1, 4}], [{8, 2}, {6, 7}, {4, 5}, {1, 3}], [{8, 2}, {7}, {1, 6}, {4, 5}, {3}], [{8, 3}, {1, 7}, {2, 6}, {4, 5}], [{8, 3}, {1, 7}, {4, 6}, {2, 5}], [{8, 3}, {1, 7}, {5, 6}, {2, 4}], [{8, 3}, {2, 7}, {1, 6}, {4, 5}], [{8, 3}, {2, 7}, {4, 6}, {1, 5}], [{8, 3}, {2, 7}, {5, 6}, {1, 4}], [{8, 3}, {4, 7}, {1, 6}, {2, 5}], [{8, 3}, {4, 7}, {2, 6}, {1, 5}], [{8, 3}, {4, 7}, {5, 6}, {1, 2}], [{8, 3}, {5, 7}, {1, 6}, {2, 4}], [{8, 3}, {5, 7}, {2, 6}, {1, 4}], [{8, 3}, {5, 7}, {4, 6}, {1, 2}], [{8, 3}, {6, 7}, {1, 5}, {2, 4}], [{8, 3}, {6, 7}, {1, 5}, {4}, {2}], [{8, 3}, {6, 7}, {2, 5}, {1, 4}], [{8, 3}, {6, 7}, {4, 5}, {1, 2}], [{8, 4}, {1, 7}, {2, 6}, {3, 5}], [{8, 4}, {1, 7}, {3, 6}, {2, 5}], [{8, 4}, {1, 7}, {5, 6}, {2, 3}], [{8, 4}, {2, 7}, {1, 6}, {3, 5}], [{8, 4}, {2, 7}, {3, 6}, {1, 5}], [{8, 4}, {2, 7}, {5, 6}, {1, 3}], [{8, 4}, {2, 7}, {6}, {5}, {1, 3}], [{8, 4}, {3, 7}, {1, 6}, {2, 5}], [{8, 4}, {3, 7}, {2, 6}, {1, 5}], [{8, 4}, {3, 7}, {5, 6}, {1, 2}], [{8, 4}, {5, 7}, {1, 6}, {2, 3}], [{8, 4}, {5, 7}, {1, 6}, {3}, {2}], [{8, 4}, {5, 7}, {2, 6}, {1, 3}], [{8, 4}, {5, 7}, {3, 6}, {1, 2}], [{8, 4}, {6, 7}, {1, 5}, {2, 3}], [{8, 4}, {6, 7}, {2, 5}, {1, 3}], [{8, 4}, {6, 7}, {3, 5}, {1, 2}], [{8, 4}, {7}, {6}, {1, 5}, {2, 3}], [{8, 5}, {1, 7}, {2, 6}, {3, 4}], [{8, 5}, {1, 7}, {3, 6}, {2, 4}], [{8, 5}, {1, 7}, {4, 6}, {2, 3}], [{8, 5}, {1, 7}, {6}, {2, 4}, {3}], [{8, 5}, {1, 7}, {6}, {3, 4}, {2}], [{8, 5}, {1, 7}, {6}, {4}, {2, 3}], [{8, 5}, {2, 7}, {1, 6}, {3, 4}], [{8, 5}, {2, 7}, {3, 6}, {1, 4}], [{8, 5}, {2, 7}, {3, 6}, {4}, {1}], [{8, 5}, {2, 7}, {4, 6}, {1, 3}], [{8, 5}, {2, 7}, {4, 6}, {3}, {1}], [{8, 5}, {2, 7}, {6}, {3, 4}, {1}], [{8, 5}, {3, 7}, {1, 6}, {2, 4}], [{8, 5}, {3, 7}, {2, 6}, {1, 4}], [{8, 5}, {3, 7}, {4, 6}, {1, 2}], [{8, 5}, {4, 7}, {1, 6}, {2, 3}], [{8, 5}, {4, 7}, {2, 6}, {1, 3}], [{8, 5}, {4, 7}, {3, 6}, {1, 2}], [{8, 5}, {6, 7}, {1, 4}, {2, 3}], [{8, 5}, {6, 7}, {2, 4}, {1, 3}], [{8, 5}, {6, 7}, {2, 4}, {3}, {1}], [{8, 5}, {6, 7}, {3, 4}, {1, 2}], [{8, 5}, {6, 7}, {3, 4}, {2}, {1}], [{8, 5}, {6, 7}, {4}, {2, 3}, {1}], [{8, 5}, {7}, {1, 6}, {2, 4}, {3}], [{8, 5}, {7}, {1, 6}, {3, 4}, {2}], [{8, 5}, {7}, {1, 6}, {4}, {2, 3}], [{8, 5}, {7}, {2, 6}, {3, 4}, {1}], [{8, 5}, {7}, {6}, {3, 4}, {1, 2}], [{8, 5}, {7}, {6}, {3, 4}, {2}, {1}], [{8, 6}, {1, 7}, {2, 5}, {3, 4}], [{8, 6}, {1, 7}, {3, 5}, {2, 4}], [{8, 6}, {1, 7}, {4, 5}, {2, 3}], [{8, 6}, {2, 7}, {1, 5}, {3, 4}], [{8, 6}, {2, 7}, {3, 5}, {1, 4}], [{8, 6}, {2, 7}, {4, 5}, {1, 3}], [{8, 6}, {2, 7}, {4, 5}, {3}, {1}], [{8, 6}, {3, 7}, {1, 5}, {2, 4}], [{8, 6}, {3, 7}, {2, 5}, {1, 4}], [{8, 6}, {3, 7}, {4, 5}, {1, 2}], [{8, 6}, {4, 7}, {1, 5}, {2, 3}], [{8, 6}, {4, 7}, {2, 5}, {1, 3}], [{8, 6}, {4, 7}, {3, 5}, {1, 2}], [{8, 6}, {5, 7}, {1, 4}, {2, 3}], [{8, 6}, {5, 7}, {2, 4}, {1, 3}], [{8, 6}, {5, 7}, {3, 4}, {1, 2}], [{8, 7}, {1, 6}, {2, 5}, {3, 4}], [{8, 7}, {1, 6}, {3, 5}, {2, 4}], [{8, 7}, {1, 6}, {3, 5}, {4}, {2}], [{8, 7}, {1, 6}, {4, 5}, {2, 3}], [{8, 7}, {2, 6}, {1, 5}, {3, 4}], [{8, 7}, {2, 6}, {3, 5}, {1, 4}], [{8, 7}, {2, 6}, {4, 5}, {1, 3}], [{8, 7}, {3, 6}, {1, 5}, {2, 4}], [{8, 7}, {3, 6}, {2, 5}, {1, 4}], [{8, 7}, {3, 6}, {4, 5}, {1, 2}], [{8, 7}, {4, 6}, {1, 5}, {2, 3}], [{8, 7}, {4, 6}, {2, 5}, {1, 3}], [{8, 7}, {4, 6}, {3, 5}, {1, 2}], [{8, 7}, {5, 6}, {1, 4}, {2, 3}], [{8, 7}, {5, 6}, {2, 4}, {1, 3}], [{8, 7}, {5, 6}, {3, 4}, {1, 2}], [{8}, {1, 7}, {3, 6}, {4, 5}, {2}], [{8}, {4, 7}, {3, 6}, {1, 5}, {2}], [{8}, {5, 7}, {3, 6}, {1, 4}, {2}], [{8}, {5, 7}, {4, 6}, {3}, {1, 2}], [{8}, {6, 7}, {1, 5}, {4}, {2, 3}]]",2,- 8 K_1^4 + 24 K_1^3 + 12 K_1^2 K_2 - 12 K_1^2 - 18 K_1 K_2 - 6 K_1 K_3 - 9 K_1 + 7 K_2 + 3 K_3 + K_4 + 7,O1O2O3O4U5U1O6U7U8O5O8U6U3U4O7U2,O1O2O3U4U5O4O6U3O7O5U1U2U8U7O8U6,O1O2O3U4O5U6U5U2U3O7O6U1O4O8U7U8,c,{'O1O2O3O4U3O5U1U2U6O7O8U7U5O6U4U8'},1,"<a href=""/flatknot/8.704295"">8.704295</a>",t^9-68t^7-218t^6+75t^5+412t^4-191t^3-74t^2+37t-14,t^3-3t^2+3t,,
8.704296,O1O2O3O4U3O5U1U2U6O7O8U7U5O6U8U4,4,2z^3+27z^2+90z+89,2w^4z^3-4w^4z^2+31w^3z^2-12w^3z+102w^2z+89w,False,False,"[[ 0 -3 -1 -1  3  2  0 -1  1],[ 3  0  1  0  4  2  2  0  1],[ 1 -1  0  0  3  1  0  0  1],[ 1  0  0  0  1  0  1  0  0],[-3 -4 -3 -1  0  0 -3 -1  1],[-2 -2 -1  0  0  0 -2  0  1],[ 0 -2  0 -1  3  2  0 -1  0],[ 1  0  0  0  1  0  1  0  1],[-1 -1 -1  0 -1 -1  0 -1  0]]","[[ 0  3  2  1  0 -1 -1 -1 -3],[-3  0  0  1 -3 -1 -1 -3 -4],[-2  0  0  1 -2  0  0 -1 -2],[-1 -1 -1  0  0  0 -1 -1 -1],[ 0  3  2  0  0 -1 -1  0 -2],[ 1  1  0  0  1  0  0  0  0],[ 1  1  0  1  1  0  0  0  0],[ 1  3  1  1  0  0  0  0 -1],[ 3  4  2  1  2  0  0  1  0]]",True,"[-3,-2,-1,0,1,1,1,3,0,-1,3,1,1,3,4,-1,2,0,0,1,2,0,0,1,1,1,1,1,0,2,0,0,0,0,0,1]","[-3,-2,-1,0,1,1,1,3,0,-1,3,1,1,3,4,-1,2,0,0,1,2,0,0,1,1,1,1,1,0,2,0,0,0,0,0,1]",t^8+57t^6+207t^4+75t^2+4,"[-3,-1,-1,-1,0,1,2,3,1,2,2,1,3,3,2,0,0,1,1,2,1,0,0,1,3,3,0,2,3,3,1,0,0,2,3,1]","[-3,-2,-1,0,1,1,1,3,1,3,0,1,3,3,2,2,0,2,3,3,3,1,1,1,2,3,1,0,0,1,0,0,1,0,2,2]","[-3,-1,-1,-1,0,1,2,3,0,0,1,2,1,2,4,0,0,1,0,0,1,0,1,1,0,1,0,1,1,3,0,2,3,-1,-1,0]",c,"[[{8, 1}, {2, 7}, {3, 6}, {4, 5}], [{8, 1}, {2, 7}, {4, 6}, {3, 5}], [{8, 1}, {2, 7}, {5, 6}, {3, 4}], [{8, 1}, {3, 7}, {2, 6}, {4, 5}], [{8, 1}, {3, 7}, {4, 6}, {2, 5}], [{8, 1}, {3, 7}, {5, 6}, {2, 4}], [{8, 1}, {3, 7}, {6}, {5}, {2, 4}], [{8, 1}, {4, 7}, {2, 6}, {3, 5}], [{8, 1}, {4, 7}, {3, 6}, {2, 5}], [{8, 1}, {4, 7}, {5, 6}, {2, 3}], [{8, 1}, {4, 7}, {6}, {2, 5}, {3}], [{8, 1}, {5, 7}, {2, 6}, {3, 4}], [{8, 1}, {5, 7}, {3, 6}, {2, 4}], [{8, 1}, {5, 7}, {4, 6}, {2, 3}], [{8, 1}, {5, 7}, {6}, {2, 4}, {3}], [{8, 1}, {6, 7}, {2, 5}, {3, 4}], [{8, 1}, {6, 7}, {3, 5}, {2, 4}], [{8, 1}, {6, 7}, {4, 5}, {2, 3}], [{8, 1}, {7}, {2, 6}, {3, 5}, {4}], [{8, 1}, {7}, {3, 6}, {4, 5}, {2}], [{8, 1}, {7}, {4, 6}, {3, 5}, {2}], [{8, 1}, {7}, {6}, {3, 5}, {2, 4}], [{8, 2}, {1, 7}, {3, 6}, {4, 5}], [{8, 2}, {1, 7}, {4, 6}, {3, 5}], [{8, 2}, {1, 7}, {5, 6}, {3, 4}], [{8, 2}, {3, 7}, {1, 6}, {4, 5}], [{8, 2}, {3, 7}, {4, 6}, {1, 5}], [{8, 2}, {3, 7}, {4, 6}, {5}, {1}], [{8, 2}, {3, 7}, {5, 6}, {1, 4}], [{8, 2}, {4, 7}, {1, 6}, {3, 5}], [{8, 2}, {4, 7}, {3, 6}, {1, 5}], [{8, 2}, {4, 7}, {5, 6}, {1, 3}], [{8, 2}, {5, 7}, {1, 6}, {3, 4}], [{8, 2}, {5, 7}, {3, 6}, {1, 4}], [{8, 2}, {5, 7}, {4, 6}, {1, 3}], [{8, 2}, {5, 7}, {4, 6}, {3}, {1}], [{8, 2}, {6, 7}, {1, 5}, {3, 4}], [{8, 2}, {6, 7}, {3, 5}, {1, 4}], [{8, 2}, {6, 7}, {4, 5}, {1, 3}], [{8, 2}, {6, 7}, {5}, {1, 4}, {3}], [{8, 2}, {6, 7}, {5}, {3, 4}, {1}], [{8, 2}, {6, 7}, {5}, {4}, {1, 3}], [{8, 2}, {7}, {3, 6}, {4, 5}, {1}], [{8, 2}, {7}, {4, 6}, {3, 5}, {1}], [{8, 2}, {7}, {6}, {1, 5}, {3, 4}], [{8, 3}, {1, 7}, {2, 6}, {4, 5}], [{8, 3}, {1, 7}, {4, 6}, {2, 5}], [{8, 3}, {1, 7}, {5, 6}, {2, 4}], [{8, 3}, {2, 7}, {1, 6}, {4, 5}], [{8, 3}, {2, 7}, {4, 6}, {1, 5}], [{8, 3}, {2, 7}, {4, 6}, {5}, {1}], [{8, 3}, {2, 7}, {5, 6}, {1, 4}], [{8, 3}, {4, 7}, {1, 6}, {2, 5}], [{8, 3}, {4, 7}, {1, 6}, {5}, {2}], [{8, 3}, {4, 7}, {2, 6}, {1, 5}], [{8, 3}, {4, 7}, {5, 6}, {1, 2}], [{8, 3}, {5, 7}, {1, 6}, {2, 4}], [{8, 3}, {5, 7}, {2, 6}, {1, 4}], [{8, 3}, {5, 7}, {4, 6}, {1, 2}], [{8, 3}, {5, 7}, {4, 6}, {2}, {1}], [{8, 3}, {6, 7}, {1, 5}, {2, 4}], [{8, 3}, {6, 7}, {2, 5}, {1, 4}], [{8, 3}, {6, 7}, {4, 5}, {1, 2}], [{8, 3}, {7}, {4, 6}, {2, 5}, {1}], [{8, 4}, {1, 7}, {2, 6}, {3, 5}], [{8, 4}, {1, 7}, {3, 6}, {2, 5}], [{8, 4}, {1, 7}, {5, 6}, {2, 3}], [{8, 4}, {1, 7}, {6}, {2, 5}, {3}], [{8, 4}, {2, 7}, {1, 6}, {3, 5}], [{8, 4}, {2, 7}, {3, 6}, {1, 5}], [{8, 4}, {2, 7}, {5, 6}, {1, 3}], [{8, 4}, {2, 7}, {6}, {5}, {1, 3}], [{8, 4}, {3, 7}, {1, 6}, {2, 5}], [{8, 4}, {3, 7}, {2, 6}, {1, 5}], [{8, 4}, {3, 7}, {5, 6}, {1, 2}], [{8, 4}, {5, 7}, {1, 6}, {2, 3}], [{8, 4}, {5, 7}, {2, 6}, {1, 3}], [{8, 4}, {5, 7}, {3, 6}, {1, 2}], [{8, 4}, {6, 7}, {1, 5}, {2, 3}], [{8, 4}, {6, 7}, {2, 5}, {1, 3}], [{8, 4}, {6, 7}, {3, 5}, {1, 2}], [{8, 5}, {1, 7}, {2, 6}, {3, 4}], [{8, 5}, {1, 7}, {3, 6}, {2, 4}], [{8, 5}, {1, 7}, {4, 6}, {2, 3}], [{8, 5}, {2, 7}, {1, 6}, {3, 4}], [{8, 5}, {2, 7}, {3, 6}, {1, 4}], [{8, 5}, {2, 7}, {4, 6}, {1, 3}], [{8, 5}, {2, 7}, {4, 6}, {3}, {1}], [{8, 5}, {3, 7}, {1, 6}, {2, 4}], [{8, 5}, {3, 7}, {2, 6}, {1, 4}], [{8, 5}, {3, 7}, {4, 6}, {1, 2}], [{8, 5}, {3, 7}, {4, 6}, {2}, {1}], [{8, 5}, {4, 7}, {1, 6}, {2, 3}], [{8, 5}, {4, 7}, {1, 6}, {3}, {2}], [{8, 5}, {4, 7}, {2, 6}, {1, 3}], [{8, 5}, {4, 7}, {3, 6}, {1, 2}], [{8, 5}, {6, 7}, {1, 4}, {2, 3}], [{8, 5}, {6, 7}, {2, 4}, {1, 3}], [{8, 5}, {6, 7}, {3, 4}, {1, 2}], [{8, 5}, {7}, {1, 6}, {4}, {2, 3}], [{8, 5}, {7}, {2, 6}, {3, 4}, {1}], [{8, 5}, {7}, {4, 6}, {2, 3}, {1}], [{8, 5}, {7}, {6}, {1, 4}, {2, 3}], [{8, 6}, {1, 7}, {2, 5}, {3, 4}], [{8, 6}, {1, 7}, {3, 5}, {2, 4}], [{8, 6}, {1, 7}, {4, 5}, {2, 3}], [{8, 6}, {2, 7}, {1, 5}, {3, 4}], [{8, 6}, {2, 7}, {3, 5}, {1, 4}], [{8, 6}, {2, 7}, {4, 5}, {1, 3}], [{8, 6}, {3, 7}, {1, 5}, {2, 4}], [{8, 6}, {3, 7}, {2, 5}, {1, 4}], [{8, 6}, {3, 7}, {4, 5}, {1, 2}], [{8, 6}, {4, 7}, {1, 5}, {2, 3}], [{8, 6}, {4, 7}, {2, 5}, {1, 3}], [{8, 6}, {4, 7}, {3, 5}, {1, 2}], [{8, 6}, {4, 7}, {5}, {3}, {1, 2}], [{8, 6}, {5, 7}, {1, 4}, {2, 3}], [{8, 6}, {5, 7}, {2, 4}, {1, 3}], [{8, 6}, {5, 7}, {3, 4}, {1, 2}], [{8, 7}, {1, 6}, {2, 5}, {3, 4}], [{8, 7}, {1, 6}, {3, 5}, {2, 4}], [{8, 7}, {1, 6}, {4, 5}, {2, 3}], [{8, 7}, {2, 6}, {1, 5}, {3, 4}], [{8, 7}, {2, 6}, {3, 5}, {1, 4}], [{8, 7}, {2, 6}, {4, 5}, {1, 3}], [{8, 7}, {3, 6}, {1, 5}, {2, 4}], [{8, 7}, {3, 6}, {2, 5}, {1, 4}], [{8, 7}, {3, 6}, {4, 5}, {1, 2}], [{8, 7}, {3, 6}, {4, 5}, {2}, {1}], [{8, 7}, {4, 6}, {1, 5}, {2, 3}], [{8, 7}, {4, 6}, {1, 5}, {3}, {2}], [{8, 7}, {4, 6}, {2, 5}, {1, 3}], [{8, 7}, {4, 6}, {2, 5}, {3}, {1}], [{8, 7}, {4, 6}, {3, 5}, {1, 2}], [{8, 7}, {4, 6}, {3, 5}, {2}, {1}], [{8, 7}, {4, 6}, {5}, {1, 3}, {2}], [{8, 7}, {4, 6}, {5}, {2, 3}, {1}], [{8, 7}, {4, 6}, {5}, {3}, {1, 2}], [{8, 7}, {4, 6}, {5}, {3}, {2}, {1}], [{8, 7}, {5, 6}, {1, 4}, {2, 3}], [{8, 7}, {5, 6}, {2, 4}, {1, 3}], [{8, 7}, {5, 6}, {3, 4}, {1, 2}], [{8, 7}, {5, 6}, {3, 4}, {2}, {1}], [{8}, {1, 7}, {3, 6}, {4, 5}, {2}], [{8}, {1, 7}, {4, 6}, {3, 5}, {2}], [{8}, {2, 7}, {3, 6}, {4, 5}, {1}], [{8}, {2, 7}, {4, 6}, {3, 5}, {1}], [{8}, {3, 7}, {2, 6}, {4, 5}, {1}], [{8}, {3, 7}, {4, 6}, {2, 5}, {1}], [{8}, {4, 7}, {1, 6}, {3, 5}, {2}], [{8}, {5, 7}, {1, 6}, {3, 4}, {2}], [{8}, {5, 7}, {4, 6}, {2, 3}, {1}], [{8}, {6, 7}, {1, 5}, {3, 4}, {2}], [{8}, {6, 7}, {3, 5}, {1, 4}, {2}], [{8}, {6, 7}, {4, 5}, {2, 3}, {1}], [{8}, {7}, {3, 6}, {4, 5}, {1, 2}], [{8}, {7}, {3, 6}, {4, 5}, {2}, {1}], [{8}, {7}, {4, 6}, {3, 5}, {1, 2}], [{8}, {7}, {4, 6}, {3, 5}, {2}, {1}]]",2,16 K_1^3 + 12 K_1^2 K_2 - 20 K_1^2 - 16 K_1 K_2 - 6 K_1 K_3 - 4 K_1 - 2 K_2^2 + 7 K_2 + 4 K_3 + K_4 + 9,O1O2O3O4U1U5O6U7U8O5O8U6U3U4O7U2,O1O2O3U4U5O4O6U3O5O7U1U2U8U7O8U6,O1O2O3U4O5U6U5U2U3O6O7U1O4O8U7U8,c,{'O1O2O3O4U3O5U1U2U6O7O8U7U5O6U8U4'},1,"<a href=""/flatknot/8.704296"">8.704296</a>",t^9-55t^7-124t^6+234t^5+134t^4-415t^3+174t^2+42t-26,-t^2+2t,,
8.704297,O1O2O3O4U3O5U1U2U6O7O8U7U8O6U5U4,4,8z^3+42z^2+71z+39,8w^4z^3+42w^3z^2+71w^2z+39w,False,False,"[[ 0 -3 -1 -1  3  2  0 -1  1],[ 3  0  1  0  4  2  3  0  0],[ 1 -1  0  0  3  1  1  0  0],[ 1  0  0  0  1  0  1  0  0],[-3 -4 -3 -1  0  0 -3 -1  1],[-2 -2 -1  0  0  0 -2 -1  1],[ 0 -3 -1 -1  3  2  0  0  0],[ 1  0  0  0  1  1  0  0  1],[-1  0  0  0 -1 -1  0 -1  0]]","[[ 0  3  2  1  0 -1 -1 -1 -3],[-3  0  0  1 -3 -1 -1 -3 -4],[-2  0  0  1 -2  0 -1 -1 -2],[-1 -1 -1  0  0  0 -1  0  0],[ 0  3  2  0  0 -1  0 -1 -3],[ 1  1  0  0  1  0  0  0  0],[ 1  1  1  1  0  0  0  0  0],[ 1  3  1  0  1  0  0  0 -1],[ 3  4  2  0  3  0  0  1  0]]",True,"[-3,-2,-1,0,1,1,1,3,0,-1,3,1,1,3,4,-1,2,0,1,1,2,0,0,1,0,0,1,0,1,3,0,0,0,0,0,1]","[-3,-2,-1,0,1,1,1,3,0,-1,3,1,1,3,4,-1,2,0,1,1,2,0,0,1,0,0,1,0,1,3,0,0,0,0,0,1]",t^8+61t^6+167t^4+72t^2+1,"[-3,-1,-1,-1,0,1,2,3,1,2,2,0,4,3,2,0,0,0,2,2,1,0,0,2,3,3,1,1,2,3,1,0,0,2,3,1]","[-3,-2,-1,0,1,1,1,3,1,3,0,1,3,3,2,2,0,2,2,3,3,1,2,1,2,4,0,1,0,0,0,0,1,0,2,2]","[-3,-1,-1,-1,0,1,2,3,0,0,1,3,0,2,4,0,0,0,1,1,1,0,1,0,0,1,1,0,1,3,0,2,3,-1,-1,0]",c,"[[{8, 1}, {2, 7}, {3, 6}, {4, 5}], [{8, 1}, {2, 7}, {4, 6}, {3, 5}], [{8, 1}, {2, 7}, {5, 6}, {3, 4}], [{8, 1}, {3, 7}, {2, 6}, {4, 5}], [{8, 1}, {3, 7}, {4, 6}, {2, 5}], [{8, 1}, {3, 7}, {5, 6}, {2, 4}], [{8, 1}, {4, 7}, {2, 6}, {3, 5}], [{8, 1}, {4, 7}, {3, 6}, {2, 5}], [{8, 1}, {4, 7}, {5, 6}, {2, 3}], [{8, 1}, {5, 7}, {2, 6}, {3, 4}], [{8, 1}, {5, 7}, {3, 6}, {2, 4}], [{8, 1}, {5, 7}, {4, 6}, {2, 3}], [{8, 1}, {6, 7}, {2, 5}, {3, 4}], [{8, 1}, {6, 7}, {3, 5}, {2, 4}], [{8, 1}, {6, 7}, {4, 5}, {2, 3}], [{8, 1}, {6, 7}, {5}, {4}, {2, 3}], [{8, 1}, {7}, {4, 6}, {2, 5}, {3}], [{8, 2}, {1, 7}, {3, 6}, {4, 5}], [{8, 2}, {1, 7}, {4, 6}, {3, 5}], [{8, 2}, {1, 7}, {5, 6}, {3, 4}], [{8, 2}, {3, 7}, {1, 6}, {4, 5}], [{8, 2}, {3, 7}, {4, 6}, {1, 5}], [{8, 2}, {3, 7}, {5, 6}, {1, 4}], [{8, 2}, {4, 7}, {1, 6}, {3, 5}], [{8, 2}, {4, 7}, {3, 6}, {1, 5}], [{8, 2}, {4, 7}, {5, 6}, {1, 3}], [{8, 2}, {5, 7}, {1, 6}, {3, 4}], [{8, 2}, {5, 7}, {3, 6}, {1, 4}], [{8, 2}, {5, 7}, {4, 6}, {1, 3}], [{8, 2}, {6, 7}, {1, 5}, {3, 4}], [{8, 2}, {6, 7}, {3, 5}, {1, 4}], [{8, 2}, {6, 7}, {4, 5}, {1, 3}], [{8, 2}, {7}, {4, 6}, {3, 5}, {1}], [{8, 2}, {7}, {5, 6}, {1, 4}, {3}], [{8, 3}, {1, 7}, {2, 6}, {4, 5}], [{8, 3}, {1, 7}, {4, 6}, {2, 5}], [{8, 3}, {1, 7}, {5, 6}, {2, 4}], [{8, 3}, {2, 7}, {1, 6}, {4, 5}], [{8, 3}, {2, 7}, {4, 6}, {1, 5}], [{8, 3}, {2, 7}, {5, 6}, {1, 4}], [{8, 3}, {4, 7}, {1, 6}, {2, 5}], [{8, 3}, {4, 7}, {1, 6}, {5}, {2}], [{8, 3}, {4, 7}, {2, 6}, {1, 5}], [{8, 3}, {4, 7}, {5, 6}, {1, 2}], [{8, 3}, {5, 7}, {1, 6}, {2, 4}], [{8, 3}, {5, 7}, {2, 6}, {1, 4}], [{8, 3}, {5, 7}, {4, 6}, {1, 2}], [{8, 3}, {6, 7}, {1, 5}, {2, 4}], [{8, 3}, {6, 7}, {2, 5}, {1, 4}], [{8, 3}, {6, 7}, {4, 5}, {1, 2}], [{8, 4}, {1, 7}, {2, 6}, {3, 5}], [{8, 4}, {1, 7}, {3, 6}, {2, 5}], [{8, 4}, {1, 7}, {5, 6}, {2, 3}], [{8, 4}, {1, 7}, {5, 6}, {3}, {2}], [{8, 4}, {2, 7}, {1, 6}, {3, 5}], [{8, 4}, {2, 7}, {1, 6}, {5}, {3}], [{8, 4}, {2, 7}, {3, 6}, {1, 5}], [{8, 4}, {2, 7}, {5, 6}, {1, 3}], [{8, 4}, {3, 7}, {1, 6}, {2, 5}], [{8, 4}, {3, 7}, {2, 6}, {1, 5}], [{8, 4}, {3, 7}, {5, 6}, {1, 2}], [{8, 4}, {5, 7}, {1, 6}, {2, 3}], [{8, 4}, {5, 7}, {2, 6}, {1, 3}], [{8, 4}, {5, 7}, {3, 6}, {1, 2}], [{8, 4}, {6, 7}, {1, 5}, {2, 3}], [{8, 4}, {6, 7}, {2, 5}, {1, 3}], [{8, 4}, {6, 7}, {3, 5}, {1, 2}], [{8, 4}, {6, 7}, {5}, {2, 3}, {1}], [{8, 4}, {7}, {1, 6}, {3, 5}, {2}], [{8, 5}, {1, 7}, {2, 6}, {3, 4}], [{8, 5}, {1, 7}, {3, 6}, {2, 4}], [{8, 5}, {1, 7}, {4, 6}, {2, 3}], [{8, 5}, {2, 7}, {1, 6}, {3, 4}], [{8, 5}, {2, 7}, {3, 6}, {1, 4}], [{8, 5}, {2, 7}, {4, 6}, {1, 3}], [{8, 5}, {3, 7}, {1, 6}, {2, 4}], [{8, 5}, {3, 7}, {2, 6}, {1, 4}], [{8, 5}, {3, 7}, {4, 6}, {1, 2}], [{8, 5}, {4, 7}, {1, 6}, {2, 3}], [{8, 5}, {4, 7}, {1, 6}, {3}, {2}], [{8, 5}, {4, 7}, {2, 6}, {1, 3}], [{8, 5}, {4, 7}, {3, 6}, {1, 2}], [{8, 5}, {6, 7}, {1, 4}, {2, 3}], [{8, 5}, {6, 7}, {2, 4}, {1, 3}], [{8, 5}, {6, 7}, {3, 4}, {1, 2}], [{8, 5}, {6, 7}, {4}, {2, 3}, {1}], [{8, 5}, {7}, {3, 6}, {1, 4}, {2}], [{8, 6}, {1, 7}, {2, 5}, {3, 4}], [{8, 6}, {1, 7}, {3, 5}, {2, 4}], [{8, 6}, {1, 7}, {4, 5}, {2, 3}], [{8, 6}, {1, 7}, {5}, {4}, {2, 3}], [{8, 6}, {2, 7}, {1, 5}, {3, 4}], [{8, 6}, {2, 7}, {3, 5}, {1, 4}], [{8, 6}, {2, 7}, {4, 5}, {1, 3}], [{8, 6}, {3, 7}, {1, 5}, {2, 4}], [{8, 6}, {3, 7}, {2, 5}, {1, 4}], [{8, 6}, {3, 7}, {4, 5}, {1, 2}], [{8, 6}, {4, 7}, {1, 5}, {2, 3}], [{8, 6}, {4, 7}, {2, 5}, {1, 3}], [{8, 6}, {4, 7}, {3, 5}, {1, 2}], [{8, 6}, {4, 7}, {5}, {2, 3}, {1}], [{8, 6}, {5, 7}, {1, 4}, {2, 3}], [{8, 6}, {5, 7}, {2, 4}, {1, 3}], [{8, 6}, {5, 7}, {3, 4}, {1, 2}], [{8, 6}, {5, 7}, {4}, {2, 3}, {1}], [{8, 6}, {7}, {1, 5}, {2, 4}, {3}], [{8, 6}, {7}, {1, 5}, {3, 4}, {2}], [{8, 6}, {7}, {1, 5}, {4}, {2, 3}], [{8, 6}, {7}, {2, 5}, {1, 4}, {3}], [{8, 6}, {7}, {2, 5}, {3, 4}, {1}], [{8, 6}, {7}, {2, 5}, {4}, {1, 3}], [{8, 6}, {7}, {3, 5}, {1, 4}, {2}], [{8, 6}, {7}, {3, 5}, {2, 4}, {1}], [{8, 6}, {7}, {3, 5}, {4}, {1, 2}], [{8, 6}, {7}, {4, 5}, {1, 3}, {2}], [{8, 6}, {7}, {4, 5}, {2, 3}, {1}], [{8, 6}, {7}, {4, 5}, {3}, {1, 2}], [{8, 6}, {7}, {5}, {1, 4}, {2, 3}], [{8, 6}, {7}, {5}, {2, 4}, {1, 3}], [{8, 6}, {7}, {5}, {3, 4}, {1, 2}], [{8, 6}, {7}, {5}, {4}, {2, 3}, {1}], [{8, 7}, {1, 6}, {2, 5}, {3, 4}], [{8, 7}, {1, 6}, {2, 5}, {4}, {3}], [{8, 7}, {1, 6}, {3, 5}, {2, 4}], [{8, 7}, {1, 6}, {3, 5}, {4}, {2}], [{8, 7}, {1, 6}, {4, 5}, {2, 3}], [{8, 7}, {1, 6}, {4, 5}, {3}, {2}], [{8, 7}, {1, 6}, {5}, {2, 4}, {3}], [{8, 7}, {1, 6}, {5}, {3, 4}, {2}], [{8, 7}, {1, 6}, {5}, {4}, {2, 3}], [{8, 7}, {2, 6}, {1, 5}, {3, 4}], [{8, 7}, {2, 6}, {1, 5}, {4}, {3}], [{8, 7}, {2, 6}, {3, 5}, {1, 4}], [{8, 7}, {2, 6}, {3, 5}, {4}, {1}], [{8, 7}, {2, 6}, {4, 5}, {1, 3}], [{8, 7}, {2, 6}, {4, 5}, {3}, {1}], [{8, 7}, {2, 6}, {5}, {1, 4}, {3}], [{8, 7}, {2, 6}, {5}, {3, 4}, {1}], [{8, 7}, {2, 6}, {5}, {4}, {1, 3}], [{8, 7}, {3, 6}, {1, 5}, {2, 4}], [{8, 7}, {3, 6}, {1, 5}, {4}, {2}], [{8, 7}, {3, 6}, {2, 5}, {1, 4}], [{8, 7}, {3, 6}, {2, 5}, {4}, {1}], [{8, 7}, {3, 6}, {4, 5}, {1, 2}], [{8, 7}, {3, 6}, {4, 5}, {2}, {1}], [{8, 7}, {3, 6}, {5}, {1, 4}, {2}], [{8, 7}, {3, 6}, {5}, {2, 4}, {1}], [{8, 7}, {3, 6}, {5}, {4}, {1, 2}], [{8, 7}, {4, 6}, {1, 5}, {2, 3}], [{8, 7}, {4, 6}, {1, 5}, {3}, {2}], [{8, 7}, {4, 6}, {2, 5}, {1, 3}], [{8, 7}, {4, 6}, {2, 5}, {3}, {1}], [{8, 7}, {4, 6}, {3, 5}, {1, 2}], [{8, 7}, {4, 6}, {3, 5}, {2}, {1}], [{8, 7}, {4, 6}, {5}, {1, 3}, {2}], [{8, 7}, {4, 6}, {5}, {2, 3}, {1}], [{8, 7}, {4, 6}, {5}, {3}, {1, 2}], [{8, 7}, {5, 6}, {1, 4}, {2, 3}], [{8, 7}, {5, 6}, {1, 4}, {3}, {2}], [{8, 7}, {5, 6}, {2, 4}, {1, 3}], [{8, 7}, {5, 6}, {2, 4}, {3}, {1}], [{8, 7}, {5, 6}, {3, 4}, {1, 2}], [{8, 7}, {5, 6}, {3, 4}, {2}, {1}], [{8, 7}, {5, 6}, {4}, {1, 3}, {2}], [{8, 7}, {5, 6}, {4}, {2, 3}, {1}], [{8, 7}, {5, 6}, {4}, {3}, {1, 2}], [{8, 7}, {6}, {1, 5}, {2, 4}, {3}], [{8, 7}, {6}, {1, 5}, {3, 4}, {2}], [{8, 7}, {6}, {1, 5}, {4}, {2, 3}], [{8, 7}, {6}, {1, 5}, {4}, {3}, {2}], [{8, 7}, {6}, {2, 5}, {1, 4}, {3}], [{8, 7}, {6}, {2, 5}, {3, 4}, {1}], [{8, 7}, {6}, {2, 5}, {4}, {1, 3}], [{8, 7}, {6}, {2, 5}, {4}, {3}, {1}], [{8, 7}, {6}, {3, 5}, {1, 4}, {2}], [{8, 7}, {6}, {3, 5}, {2, 4}, {1}], [{8, 7}, {6}, {3, 5}, {4}, {1, 2}], [{8, 7}, {6}, {3, 5}, {4}, {2}, {1}], [{8, 7}, {6}, {4, 5}, {1, 3}, {2}], [{8, 7}, {6}, {4, 5}, {2, 3}, {1}], [{8, 7}, {6}, {4, 5}, {3}, {1, 2}], [{8, 7}, {6}, {4, 5}, {3}, {2}, {1}], [{8, 7}, {6}, {5}, {1, 4}, {2, 3}], [{8, 7}, {6}, {5}, {1, 4}, {3}, {2}], [{8, 7}, {6}, {5}, {2, 4}, {1, 3}], [{8, 7}, {6}, {5}, {2, 4}, {3}, {1}], [{8, 7}, {6}, {5}, {3, 4}, {1, 2}], [{8, 7}, {6}, {5}, {3, 4}, {2}, {1}], [{8, 7}, {6}, {5}, {4}, {1, 3}, {2}], [{8, 7}, {6}, {5}, {4}, {2, 3}, {1}], [{8, 7}, {6}, {5}, {4}, {3}, {1, 2}], [{8}, {1, 7}, {4, 6}, {2, 5}, {3}], [{8}, {2, 7}, {4, 6}, {3, 5}, {1}], [{8}, {2, 7}, {5, 6}, {1, 4}, {3}], [{8}, {4, 7}, {1, 6}, {3, 5}, {2}], [{8}, {5, 7}, {3, 6}, {1, 4}, {2}], [{8}, {6, 7}, {1, 5}, {2, 4}, {3}], [{8}, {6, 7}, {1, 5}, {3, 4}, {2}], [{8}, {6, 7}, {1, 5}, {4}, {2, 3}], [{8}, {6, 7}, {2, 5}, {1, 4}, {3}], [{8}, {6, 7}, {2, 5}, {3, 4}, {1}], [{8}, {6, 7}, {2, 5}, {4}, {1, 3}], [{8}, {6, 7}, {3, 5}, {1, 4}, {2}], [{8}, {6, 7}, {3, 5}, {2, 4}, {1}], [{8}, {6, 7}, {3, 5}, {4}, {1, 2}], [{8}, {6, 7}, {4, 5}, {1, 3}, {2}], [{8}, {6, 7}, {4, 5}, {2, 3}, {1}], [{8}, {6, 7}, {4, 5}, {3}, {1, 2}], [{8}, {6, 7}, {5}, {1, 4}, {2, 3}], [{8}, {6, 7}, {5}, {2, 4}, {1, 3}], [{8}, {6, 7}, {5}, {3, 4}, {1, 2}], [{8}, {6, 7}, {5}, {4}, {2, 3}, {1}]]",2,- 16 K_1^4 - 4 K_1^3 + 16 K_1^2 K_2 - 4 K_1^2 - 2 K_1 K_3 + 3 K_1 - 2 K_2^2 + 3 K_2 + K_3 + 6,O1O2O3O4U1U5O6U7U8O7O8U6U3U4O5U2,O1O2O3U4U5O4O5U3O6O7U1U2U8U7O8U6,O1O2O3U4O5U6U5U2U3O6O4U1O7O8U7U8,c,{'O1O2O3O4U3O5U1U2U6O7O8U7U8O6U5U4'},1,"<a href=""/flatknot/8.704297"">8.704297</a>",t^9-59t^7-158t^6+114t^5+106t^4-404t^3-168t^2+116t-12,-t^2+2t,,
8.704298,O1O2O3O4U3O5U1U4U2O6O7U5U7O8U6U8,4,12z^2+65z+83,12w^3z^2+65w^2z+83w,False,False,"[[ 0 -3  0 -1  1  1  0  1  1],[ 3  0  2  0  2  3  1  1  0],[ 0 -2  0 -1  1  2  1  1  0],[ 1  0  1  0  1  1  0  0  0],[-1 -2 -1 -1  0  1  1  1  0],[-1 -3 -2 -1 -1  0  2  1  1],[ 0 -1 -1  0 -1 -2  0  0  1],[-1 -1 -1  0 -1 -1  0  0  0],[-1  0  0  0  0 -1 -1  0  0]]","[[ 0  1  1  1  1  0  0 -1 -3],[-1  0  1  1  0  1 -1 -1 -2],[-1 -1  0  1  1  2 -2 -1 -3],[-1 -1 -1  0  0  0 -1  0 -1],[-1  0 -1  0  0 -1  0  0  0],[ 0 -1 -2  0  1  0 -1  0 -1],[ 0  1  2  1  0  1  0 -1 -2],[ 1  1  1  0  0  0  1  0  0],[ 3  2  3  1  0  1  2  0  0]]",True,"[-1,-1,-1,-1,0,0,1,3,-1,-1,0,-1,1,1,2,-1,-1,-2,2,1,3,0,0,1,0,1,1,0,0,0,1,0,1,1,2,0]","[-3,-1,0,0,1,1,1,1,0,1,2,0,1,2,3,0,1,0,0,1,1,-1,1,0,-1,-2,0,1,1,2,0,0,-1,-1,-1,1]",t^8+39t^6+66t^4+11t^2,"[-3,-1,0,0,1,1,1,1,2,1,2,1,2,3,4,0,1,1,1,2,2,-1,-1,0,0,1,3,2,1,0,1,-1,-1,-1,0,0]","[-1,-1,-1,-1,0,0,1,3,-1,-1,0,0,1,2,3,-1,1,-1,3,1,1,0,0,2,1,2,1,0,2,4,1,0,1,1,2,2]","[-3,-1,0,0,1,1,1,1,0,1,2,0,1,2,3,0,1,0,0,1,1,-1,1,0,-1,-2,0,1,1,2,0,0,-1,-1,-1,1]",c,"[[{8, 1}, {2, 7}, {3, 6}, {4, 5}], [{8, 1}, {2, 7}, {3, 6}, {5}, {4}], [{8, 1}, {2, 7}, {4, 6}, {3, 5}], [{8, 1}, {2, 7}, {5, 6}, {3, 4}], [{8, 1}, {3, 7}, {2, 6}, {4, 5}], [{8, 1}, {3, 7}, {2, 6}, {5}, {4}], [{8, 1}, {3, 7}, {4, 6}, {2, 5}], [{8, 1}, {3, 7}, {4, 6}, {5}, {2}], [{8, 1}, {3, 7}, {5, 6}, {2, 4}], [{8, 1}, {3, 7}, {6}, {5}, {2, 4}], [{8, 1}, {4, 7}, {2, 6}, {3, 5}], [{8, 1}, {4, 7}, {3, 6}, {2, 5}], [{8, 1}, {4, 7}, {5, 6}, {2, 3}], [{8, 1}, {4, 7}, {6}, {3, 5}, {2}], [{8, 1}, {5, 7}, {2, 6}, {3, 4}], [{8, 1}, {5, 7}, {3, 6}, {2, 4}], [{8, 1}, {5, 7}, {4, 6}, {2, 3}], [{8, 1}, {5, 7}, {6}, {3, 4}, {2}], [{8, 1}, {6, 7}, {2, 5}, {3, 4}], [{8, 1}, {6, 7}, {3, 5}, {2, 4}], [{8, 1}, {6, 7}, {4, 5}, {2, 3}], [{8, 1}, {6, 7}, {5}, {3, 4}, {2}], [{8, 1}, {7}, {5, 6}, {3, 4}, {2}], [{8, 2}, {1, 7}, {3, 6}, {4, 5}], [{8, 2}, {1, 7}, {4, 6}, {3, 5}], [{8, 2}, {1, 7}, {5, 6}, {3, 4}], [{8, 2}, {1, 7}, {5, 6}, {4}, {3}], [{8, 2}, {3, 7}, {1, 6}, {4, 5}], [{8, 2}, {3, 7}, {4, 6}, {1, 5}], [{8, 2}, {3, 7}, {5, 6}, {1, 4}], [{8, 2}, {4, 7}, {1, 6}, {3, 5}], [{8, 2}, {4, 7}, {3, 6}, {1, 5}], [{8, 2}, {4, 7}, {5, 6}, {1, 3}], [{8, 2}, {5, 7}, {1, 6}, {3, 4}], [{8, 2}, {5, 7}, {1, 6}, {4}, {3}], [{8, 2}, {5, 7}, {3, 6}, {1, 4}], [{8, 2}, {5, 7}, {4, 6}, {1, 3}], [{8, 2}, {6, 7}, {1, 5}, {3, 4}], [{8, 2}, {6, 7}, {3, 5}, {1, 4}], [{8, 2}, {6, 7}, {4, 5}, {1, 3}], [{8, 2}, {7}, {6}, {1, 5}, {3, 4}], [{8, 3}, {1, 7}, {2, 6}, {4, 5}], [{8, 3}, {1, 7}, {4, 6}, {2, 5}], [{8, 3}, {1, 7}, {5, 6}, {2, 4}], [{8, 3}, {1, 7}, {5, 6}, {4}, {2}], [{8, 3}, {2, 7}, {1, 6}, {4, 5}], [{8, 3}, {2, 7}, {4, 6}, {1, 5}], [{8, 3}, {2, 7}, {5, 6}, {1, 4}], [{8, 3}, {4, 7}, {1, 6}, {2, 5}], [{8, 3}, {4, 7}, {2, 6}, {1, 5}], [{8, 3}, {4, 7}, {5, 6}, {1, 2}], [{8, 3}, {5, 7}, {1, 6}, {2, 4}], [{8, 3}, {5, 7}, {1, 6}, {4}, {2}], [{8, 3}, {5, 7}, {2, 6}, {1, 4}], [{8, 3}, {5, 7}, {4, 6}, {1, 2}], [{8, 3}, {6, 7}, {1, 5}, {2, 4}], [{8, 3}, {6, 7}, {2, 5}, {1, 4}], [{8, 3}, {6, 7}, {4, 5}, {1, 2}], [{8, 3}, {7}, {2, 6}, {4, 5}, {1}], [{8, 3}, {7}, {4, 6}, {1, 5}, {2}], [{8, 4}, {1, 7}, {2, 6}, {3, 5}], [{8, 4}, {1, 7}, {3, 6}, {2, 5}], [{8, 4}, {1, 7}, {3, 6}, {5}, {2}], [{8, 4}, {1, 7}, {5, 6}, {2, 3}], [{8, 4}, {1, 7}, {5, 6}, {3}, {2}], [{8, 4}, {1, 7}, {6}, {3, 5}, {2}], [{8, 4}, {2, 7}, {1, 6}, {3, 5}], [{8, 4}, {2, 7}, {3, 6}, {1, 5}], [{8, 4}, {2, 7}, {5, 6}, {1, 3}], [{8, 4}, {3, 7}, {1, 6}, {2, 5}], [{8, 4}, {3, 7}, {2, 6}, {1, 5}], [{8, 4}, {3, 7}, {5, 6}, {1, 2}], [{8, 4}, {5, 7}, {1, 6}, {2, 3}], [{8, 4}, {5, 7}, {1, 6}, {3}, {2}], [{8, 4}, {5, 7}, {2, 6}, {1, 3}], [{8, 4}, {5, 7}, {3, 6}, {1, 2}], [{8, 4}, {5, 7}, {3, 6}, {2}, {1}], [{8, 4}, {5, 7}, {6}, {1, 3}, {2}], [{8, 4}, {6, 7}, {1, 5}, {2, 3}], [{8, 4}, {6, 7}, {2, 5}, {1, 3}], [{8, 4}, {6, 7}, {3, 5}, {1, 2}], [{8, 4}, {7}, {3, 6}, {1, 5}, {2}], [{8, 5}, {1, 7}, {2, 6}, {3, 4}], [{8, 5}, {1, 7}, {3, 6}, {2, 4}], [{8, 5}, {1, 7}, {4, 6}, {2, 3}], [{8, 5}, {1, 7}, {6}, {3, 4}, {2}], [{8, 5}, {2, 7}, {1, 6}, {3, 4}], [{8, 5}, {2, 7}, {1, 6}, {4}, {3}], [{8, 5}, {2, 7}, {3, 6}, {1, 4}], [{8, 5}, {2, 7}, {4, 6}, {1, 3}], [{8, 5}, {2, 7}, {4, 6}, {3}, {1}], [{8, 5}, {2, 7}, {6}, {1, 4}, {3}], [{8, 5}, {3, 7}, {1, 6}, {2, 4}], [{8, 5}, {3, 7}, {1, 6}, {4}, {2}], [{8, 5}, {3, 7}, {2, 6}, {1, 4}], [{8, 5}, {3, 7}, {4, 6}, {1, 2}], [{8, 5}, {4, 7}, {1, 6}, {2, 3}], [{8, 5}, {4, 7}, {1, 6}, {3}, {2}], [{8, 5}, {4, 7}, {2, 6}, {1, 3}], [{8, 5}, {4, 7}, {2, 6}, {3}, {1}], [{8, 5}, {4, 7}, {3, 6}, {1, 2}], [{8, 5}, {4, 7}, {3, 6}, {2}, {1}], [{8, 5}, {4, 7}, {6}, {1, 3}, {2}], [{8, 5}, {4, 7}, {6}, {2, 3}, {1}], [{8, 5}, {4, 7}, {6}, {3}, {1, 2}], [{8, 5}, {6, 7}, {1, 4}, {2, 3}], [{8, 5}, {6, 7}, {2, 4}, {1, 3}], [{8, 5}, {6, 7}, {3, 4}, {1, 2}], [{8, 5}, {6, 7}, {3, 4}, {2}, {1}], [{8, 5}, {7}, {1, 6}, {2, 4}, {3}], [{8, 5}, {7}, {1, 6}, {3, 4}, {2}], [{8, 5}, {7}, {1, 6}, {4}, {2, 3}], [{8, 5}, {7}, {1, 6}, {4}, {3}, {2}], [{8, 5}, {7}, {2, 6}, {4}, {1, 3}], [{8, 5}, {7}, {3, 6}, {4}, {1, 2}], [{8, 6}, {1, 7}, {2, 5}, {3, 4}], [{8, 6}, {1, 7}, {3, 5}, {2, 4}], [{8, 6}, {1, 7}, {4, 5}, {2, 3}], [{8, 6}, {1, 7}, {5}, {3, 4}, {2}], [{8, 6}, {2, 7}, {1, 5}, {3, 4}], [{8, 6}, {2, 7}, {1, 5}, {4}, {3}], [{8, 6}, {2, 7}, {3, 5}, {1, 4}], [{8, 6}, {2, 7}, {4, 5}, {1, 3}], [{8, 6}, {3, 7}, {1, 5}, {2, 4}], [{8, 6}, {3, 7}, {1, 5}, {4}, {2}], [{8, 6}, {3, 7}, {2, 5}, {1, 4}], [{8, 6}, {3, 7}, {4, 5}, {1, 2}], [{8, 6}, {4, 7}, {1, 5}, {2, 3}], [{8, 6}, {4, 7}, {1, 5}, {3}, {2}], [{8, 6}, {4, 7}, {2, 5}, {1, 3}], [{8, 6}, {4, 7}, {3, 5}, {1, 2}], [{8, 6}, {5, 7}, {1, 4}, {2, 3}], [{8, 6}, {5, 7}, {2, 4}, {1, 3}], [{8, 6}, {5, 7}, {3, 4}, {1, 2}], [{8, 6}, {5, 7}, {3, 4}, {2}, {1}], [{8, 6}, {7}, {1, 5}, {2, 4}, {3}], [{8, 6}, {7}, {1, 5}, {3, 4}, {2}], [{8, 6}, {7}, {1, 5}, {4}, {2, 3}], [{8, 6}, {7}, {1, 5}, {4}, {3}, {2}], [{8, 6}, {7}, {4, 5}, {2, 3}, {1}], [{8, 6}, {7}, {5}, {1, 4}, {2, 3}], [{8, 7}, {1, 6}, {2, 5}, {3, 4}], [{8, 7}, {1, 6}, {2, 5}, {4}, {3}], [{8, 7}, {1, 6}, {3, 5}, {2, 4}], [{8, 7}, {1, 6}, {3, 5}, {4}, {2}], [{8, 7}, {1, 6}, {4, 5}, {2, 3}], [{8, 7}, {1, 6}, {4, 5}, {3}, {2}], [{8, 7}, {1, 6}, {5}, {2, 4}, {3}], [{8, 7}, {1, 6}, {5}, {3, 4}, {2}], [{8, 7}, {1, 6}, {5}, {4}, {2, 3}], [{8, 7}, {1, 6}, {5}, {4}, {3}, {2}], [{8, 7}, {2, 6}, {1, 5}, {3, 4}], [{8, 7}, {2, 6}, {3, 5}, {1, 4}], [{8, 7}, {2, 6}, {3, 5}, {4}, {1}], [{8, 7}, {2, 6}, {4, 5}, {1, 3}], [{8, 7}, {2, 6}, {5}, {1, 4}, {3}], [{8, 7}, {3, 6}, {1, 5}, {2, 4}], [{8, 7}, {3, 6}, {2, 5}, {1, 4}], [{8, 7}, {3, 6}, {2, 5}, {4}, {1}], [{8, 7}, {3, 6}, {4, 5}, {1, 2}], [{8, 7}, {4, 6}, {1, 5}, {2, 3}], [{8, 7}, {4, 6}, {2, 5}, {1, 3}], [{8, 7}, {4, 6}, {3, 5}, {1, 2}], [{8, 7}, {4, 6}, {3, 5}, {2}, {1}], [{8, 7}, {4, 6}, {5}, {3}, {1, 2}], [{8, 7}, {5, 6}, {1, 4}, {2, 3}], [{8, 7}, {5, 6}, {2, 4}, {1, 3}], [{8, 7}, {5, 6}, {3, 4}, {1, 2}], [{8, 7}, {5, 6}, {3, 4}, {2}, {1}], [{8, 7}, {6}, {1, 5}, {3, 4}, {2}], [{8, 7}, {6}, {2, 5}, {4}, {1, 3}], [{8, 7}, {6}, {3, 5}, {1, 4}, {2}], [{8, 7}, {6}, {3, 5}, {2, 4}, {1}], [{8, 7}, {6}, {3, 5}, {4}, {1, 2}], [{8}, {1, 7}, {2, 6}, {4, 5}, {3}], [{8}, {1, 7}, {4, 6}, {2, 5}, {3}], [{8}, {1, 7}, {5, 6}, {2, 4}, {3}], [{8}, {1, 7}, {5, 6}, {3, 4}, {2}], [{8}, {1, 7}, {5, 6}, {4}, {2, 3}], [{8}, {1, 7}, {5, 6}, {4}, {3}, {2}], [{8}, {2, 7}, {6}, {1, 5}, {3, 4}], [{8}, {5, 7}, {1, 6}, {2, 4}, {3}], [{8}, {5, 7}, {1, 6}, {3, 4}, {2}], [{8}, {5, 7}, {1, 6}, {4}, {2, 3}], [{8}, {5, 7}, {1, 6}, {4}, {3}, {2}], [{8}, {5, 7}, {4, 6}, {2, 3}, {1}], [{8}, {5, 7}, {6}, {1, 4}, {2, 3}], [{8}, {6, 7}, {1, 5}, {3, 4}, {2}], [{8}, {6, 7}, {2, 5}, {1, 4}, {3}], [{8}, {6, 7}, {4, 5}, {3}, {1, 2}], [{8}, {7}, {2, 6}, {1, 5}, {3, 4}], [{8}, {7}, {6}, {1, 5}, {3, 4}, {2}]]",2,12 K_1^3 + 8 K_1^2 K_2 - 20 K_1^2 - 26 K_1 K_2 - 4 K_1 K_3 + 4 K_1 - 4 K_2^2 + 8 K_2 + 10 K_3 + 2 K_4 + 11,O1O2O3O4U5U6O5U7U8O7O6U3U1U4O8U2,O1O2O3U4U5O6O5U7O4O7U1U3U8U2O8U6,O1O2O3U4O5U2U5U1U3O6O7U6O8O4U8U7,c,"{'O1O2O3O4U3O5U1U4U2O6O7U5U7O8U6U8', 'O1O2O3U2O4O5U1U3U4O6O7U5U7O8U6U8'}",2,"<a href=""/flatknot/8.704298"">8.704298</a>",t^9-45t^7-108t^6+46t^5+212t^4+19t^3-20t^2+31t-2,t^3-3t,,
8.704299,O1O2O3O4U3O5U1U4U2O6O7U6U5O8U7U8,4,4z^3+28z^2+69z+59,4w^4z^3+28w^3z^2+69w^2z+59w,False,False,"[[ 0 -3  0 -1  1  2 -1  1  1],[ 3  0  2  0  2  3  0  1  0],[ 0 -2  0 -1  1  2  0  1  0],[ 1  0  1  0  1  1  0  0  0],[-1 -2 -1 -1  0  1  0  1  0],[-2 -3 -2 -1 -1  0  0  2  1],[ 1  0  0  0  0  0  0  1  1],[-1 -1 -1  0 -1 -2 -1  0  1],[-1  0  0  0  0 -1 -1 -1  0]]","[[ 0  2  1  1  1  0 -1 -1 -3],[-2  0  2  1 -1 -2  0 -1 -3],[-1 -2  0  1 -1 -1 -1  0 -1],[-1 -1 -1  0  0  0 -1  0  0],[-1  1  1  0  0 -1  0 -1 -2],[ 0  2  1  0  1  0  0 -1 -2],[ 1  0  1  1  0  0  0  0  0],[ 1  1  0  0  1  1  0  0  0],[ 3  3  1  0  2  2  0  0  0]]",True,"[-2,-1,-1,-1,0,1,1,3,-2,-1,1,2,0,1,3,-1,1,1,1,0,1,0,0,1,0,0,1,0,1,2,0,1,2,0,0,0]","[-3,-1,-1,0,1,1,1,2,0,0,2,0,1,2,3,0,0,1,1,0,0,1,0,0,1,1,0,1,1,2,-1,0,-1,-1,-2,1]",t^8+37t^6+107t^4+11t^2,"[-3,-1,-1,0,1,1,1,2,2,2,1,2,3,4,2,0,0,1,2,2,2,1,2,1,1,3,0,0,1,0,-1,0,0,-1,3,2]","[-2,-1,-1,-1,0,1,1,3,0,2,3,0,2,3,2,0,1,0,1,2,2,-1,1,2,1,4,0,2,1,3,0,1,1,0,2,2]","[-3,-1,-1,0,1,1,1,2,0,0,2,0,1,2,3,0,0,1,1,0,0,1,0,0,1,1,0,1,1,2,-1,0,-1,-1,-2,1]",c,"[[{8, 3}, {1, 7}, {4, 6}, {2, 5}], [{8, 3}, {2, 7}, {4, 6}, {1, 5}], [{8, 3}, {5, 7}, {4, 6}, {1, 2}]]",1,8 K_1^3 + 8 K_1^2 K_2 - 14 K_1^2 - 10 K_1 K_2 - K_1 - 4 K_2^2 + 3 K_2 + 3 K_3 + 8,O1O2O3O4U5U6O5U7U8O6O8U3U1U4O7U2,O1O2O3U4U5O4O6U7O5O7U1U3U8U2O8U6,O1O2O3U4O5U2U5U1U3O6O7U6O4O8U7U8,c,"{'O1O2O3O4U3O5U1U4U2O6O7U6U5O8U7U8', 'O1O2O3U2O4O5U1U3U4O6O7U6U5O8U7U8'}",2,"<a href=""/flatknot/8.704299"">8.704299</a>",t^9-41t^7-76t^6+148t^5+264t^4-288t^3-542t^2-161t+22,t^3-t^2-t,,
8.704300,O1O2O3O4U3O5U1U4U2O6O7U6U7O8U5U8,3,15z^2+64z+69,15w^3z^2+64w^2z+69w,False,False,"[[ 0 -3  0 -1  1  2 -1  1  1],[ 3  0  2  0  2  3  0  0  1],[ 0 -2  0 -1  1  2  0  0  1],[ 1  0  1  0  1  1  0  0  0],[-1 -2 -1 -1  0  1  0  0  1],[-2 -3 -2 -1 -1  0 -1  1  1],[ 1  0  0  0  0  1  0  1  0],[-1  0  0  0  0 -1 -1  0  0],[-1 -1 -1  0 -1 -1  0  0  0]]","[[ 0  2  1  1  1  0 -1 -1 -3],[-2  0  1  1 -1 -2 -1 -1 -3],[-1 -1  0  0  0  0  0 -1  0],[-1 -1  0  0 -1 -1  0  0 -1],[-1  1  0  1  0 -1 -1  0 -2],[ 0  2  0  1  1  0 -1  0 -2],[ 1  1  0  0  1  1  0  0  0],[ 1  1  1  0  0  0  0  0  0],[ 3  3  0  1  2  2  0  0  0]]",True,"[-2,-1,-1,-1,0,1,1,3,-1,-1,1,2,1,1,3,0,0,0,0,1,0,1,1,0,0,1,1,1,0,2,1,0,2,0,0,0]","[-3,-1,-1,0,1,1,1,2,0,0,2,0,1,2,3,0,0,1,0,0,1,1,0,0,1,1,0,1,1,2,0,0,-1,-1,-1,1]",t^8+33t^6+66t^4+14t^2,"[-3,-1,-1,0,1,1,1,2,2,2,1,2,3,4,2,0,0,1,2,2,2,1,2,2,1,2,0,0,1,0,-1,0,0,0,2,2]","[-2,-1,-1,-1,0,1,1,3,0,2,2,0,2,2,2,0,1,0,1,2,2,0,1,2,1,4,0,2,2,3,0,1,1,0,2,2]","[-3,-1,-1,0,1,1,1,2,0,0,2,0,1,2,3,0,0,1,0,0,1,1,0,0,1,1,0,1,1,2,0,0,-1,-1,-1,1]",c,"[[{8, 2}, {6, 7}, {3, 5}, {1, 4}], [{8, 2}, {6, 7}, {5}, {1, 4}, {3}], [{8, 4}, {6, 7}, {3, 5}, {1, 2}], [{8, 4}, {6, 7}, {5}, {3}, {1, 2}], [{8, 7}, {2, 6}, {3, 5}, {1, 4}], [{8, 7}, {2, 6}, {5}, {1, 4}, {3}], [{8, 7}, {4, 6}, {3, 5}, {1, 2}], [{8, 7}, {4, 6}, {5}, {3}, {1, 2}]]",1,12 K_1^3 + 4 K_1^2 K_2 - 12 K_1^2 - 18 K_1 K_2 - 2 K_1 K_3 - 2 K_2^2 + 5 K_2 + 6 K_3 + K_4 + 7,O1O2O3O4U5U6O5U7U8O7O8U3U1U4O6U2,O1O2O3U4U5O4O5U6O7O6U1U3U8U2O8U7,O1O2O3U4O5U2U5U1U3O6O4U6O7O8U7U8,c,"{'O1O2O3O4U3O5U1U4U2O6O7U6U7O8U5U8', 'O1O2O3U2O4O5U1U3U4O6O7U6U7O8U5U8'}",2,"<a href=""/flatknot/8.704300"">8.704300</a>",t^9-37t^7-66t^6+71t^5+120t^4-107t^3-154t^2-12t+16,t^3-t^2-t,,
8.704301,O1O2O3O4U3O5U1U4U2O6O7U8U5O8U6U7,3,12z^2+55z+63,12w^3z^2+55w^2z+63w,False,False,"[[ 0 -3  0 -1  1  2  0  2 -1],[ 3  0  2  0  2  3  1  1  2],[ 0 -2  0 -1  1  2  1  1 -1],[ 1  0  1  0  1  1  0  0  1],[-1 -2 -1 -1  0  1  1  1 -2],[-2 -3 -2 -1 -1  0  0  1 -2],[ 0 -1 -1  0 -1  0  0  1  0],[-2 -1 -1  0 -1 -1 -1  0 -2],[ 1 -2  1 -1  2  2  0  2  0]]","[[ 0  2  2  1  0  0 -1 -1 -3],[-2  0  1 -1  0 -2 -1 -2 -3],[-2 -1  0 -1 -1 -1  0 -2 -1],[-1  1  1  0  1 -1 -1 -2 -2],[ 0  0  1 -1  0 -1  0  0 -1],[ 0  2  1  1  1  0 -1 -1 -2],[ 1  1  0  1  0  1  0  1  0],[ 1  2  2  2  0  1 -1  0 -2],[ 3  3  1  2  1  2  0  2  0]]",True,"[-2,-2,-1,0,0,1,1,3,-1,1,0,2,1,2,3,1,1,1,0,2,1,-1,1,1,2,2,1,0,0,1,1,1,2,-1,0,2]","[-3,-1,-1,0,0,1,2,2,0,2,1,2,2,1,3,1,0,1,1,0,1,0,1,2,2,2,-1,-1,1,0,1,1,2,1,1,-1]",t^8+52t^6+160t^4+60t^2,"[-3,-1,-1,0,0,1,2,2,0,2,1,2,2,2,4,1,0,1,0,1,1,0,1,1,2,3,-1,0,0,1,2,2,1,0,0,-1]","[-2,-2,-1,0,0,1,1,3,-1,0,1,1,1,3,4,0,0,2,1,2,2,0,2,0,1,2,1,0,0,1,1,1,2,-1,0,2]","[-3,-1,-1,0,0,1,2,2,0,2,1,2,2,1,3,1,0,1,1,0,1,0,1,2,2,2,-1,-1,1,0,1,1,2,1,1,-1]",c,"[[{8, 1}, {2, 7}, {3, 6}, {4, 5}], [{8, 1}, {2, 7}, {4, 6}, {3, 5}], [{8, 1}, {2, 7}, {5, 6}, {3, 4}], [{8, 1}, {2, 7}, {6}, {5}, {3, 4}], [{8, 1}, {3, 7}, {2, 6}, {4, 5}], [{8, 1}, {3, 7}, {4, 6}, {2, 5}], [{8, 1}, {3, 7}, {5, 6}, {2, 4}], [{8, 1}, {3, 7}, {6}, {4, 5}, {2}], [{8, 1}, {4, 7}, {2, 6}, {3, 5}], [{8, 1}, {4, 7}, {3, 6}, {2, 5}], [{8, 1}, {4, 7}, {5, 6}, {2, 3}], [{8, 1}, {4, 7}, {6}, {3, 5}, {2}], [{8, 1}, {5, 7}, {2, 6}, {3, 4}], [{8, 1}, {5, 7}, {2, 6}, {4}, {3}], [{8, 1}, {5, 7}, {3, 6}, {2, 4}], [{8, 1}, {5, 7}, {3, 6}, {4}, {2}], [{8, 1}, {5, 7}, {4, 6}, {2, 3}], [{8, 1}, {5, 7}, {4, 6}, {3}, {2}], [{8, 1}, {5, 7}, {6}, {2, 4}, {3}], [{8, 1}, {5, 7}, {6}, {3, 4}, {2}], [{8, 1}, {5, 7}, {6}, {4}, {2, 3}], [{8, 1}, {5, 7}, {6}, {4}, {3}, {2}], [{8, 1}, {6, 7}, {2, 5}, {3, 4}], [{8, 1}, {6, 7}, {3, 5}, {2, 4}], [{8, 1}, {6, 7}, {4, 5}, {2, 3}], [{8, 1}, {6, 7}, {5}, {3, 4}, {2}], [{8, 1}, {7}, {2, 6}, {5}, {3, 4}], [{8, 1}, {7}, {3, 6}, {5}, {2, 4}], [{8, 1}, {7}, {4, 6}, {5}, {2, 3}], [{8, 1}, {7}, {5, 6}, {3, 4}, {2}], [{8, 1}, {7}, {6}, {2, 5}, {3, 4}], [{8, 1}, {7}, {6}, {5}, {3, 4}, {2}], [{8, 2}, {1, 7}, {3, 6}, {4, 5}], [{8, 2}, {1, 7}, {4, 6}, {3, 5}], [{8, 2}, {1, 7}, {5, 6}, {3, 4}], [{8, 2}, {1, 7}, {6}, {5}, {3, 4}], [{8, 2}, {3, 7}, {1, 6}, {4, 5}], [{8, 2}, {3, 7}, {4, 6}, {1, 5}], [{8, 2}, {3, 7}, {5, 6}, {1, 4}], [{8, 2}, {3, 7}, {6}, {1, 5}, {4}], [{8, 2}, {3, 7}, {6}, {4, 5}, {1}], [{8, 2}, {3, 7}, {6}, {5}, {1, 4}], [{8, 2}, {4, 7}, {1, 6}, {3, 5}], [{8, 2}, {4, 7}, {3, 6}, {1, 5}], [{8, 2}, {4, 7}, {5, 6}, {1, 3}], [{8, 2}, {4, 7}, {6}, {1, 5}, {3}], [{8, 2}, {5, 7}, {1, 6}, {3, 4}], [{8, 2}, {5, 7}, {3, 6}, {1, 4}], [{8, 2}, {5, 7}, {4, 6}, {1, 3}], [{8, 2}, {5, 7}, {6}, {3, 4}, {1}], [{8, 2}, {6, 7}, {1, 5}, {3, 4}], [{8, 2}, {6, 7}, {1, 5}, {4}, {3}], [{8, 2}, {6, 7}, {3, 5}, {1, 4}], [{8, 2}, {6, 7}, {4, 5}, {1, 3}], [{8, 2}, {6, 7}, {4, 5}, {3}, {1}], [{8, 2}, {6, 7}, {5}, {1, 4}, {3}], [{8, 2}, {7}, {3, 6}, {1, 5}, {4}], [{8, 2}, {7}, {3, 6}, {4, 5}, {1}], [{8, 2}, {7}, {3, 6}, {5}, {1, 4}], [{8, 2}, {7}, {4, 6}, {1, 5}, {3}], [{8, 2}, {7}, {6}, {1, 5}, {3, 4}], [{8, 2}, {7}, {6}, {1, 5}, {4}, {3}], [{8, 3}, {1, 7}, {2, 6}, {4, 5}], [{8, 3}, {1, 7}, {4, 6}, {2, 5}], [{8, 3}, {1, 7}, {5, 6}, {2, 4}], [{8, 3}, {1, 7}, {6}, {4, 5}, {2}], [{8, 3}, {2, 7}, {1, 6}, {4, 5}], [{8, 3}, {2, 7}, {4, 6}, {1, 5}], [{8, 3}, {2, 7}, {5, 6}, {1, 4}], [{8, 3}, {2, 7}, {6}, {1, 5}, {4}], [{8, 3}, {2, 7}, {6}, {4, 5}, {1}], [{8, 3}, {2, 7}, {6}, {5}, {1, 4}], [{8, 3}, {4, 7}, {1, 6}, {2, 5}], [{8, 3}, {4, 7}, {2, 6}, {1, 5}], [{8, 3}, {4, 7}, {5, 6}, {1, 2}], [{8, 3}, {4, 7}, {6}, {1, 5}, {2}], [{8, 3}, {5, 7}, {1, 6}, {2, 4}], [{8, 3}, {5, 7}, {2, 6}, {1, 4}], [{8, 3}, {5, 7}, {4, 6}, {1, 2}], [{8, 3}, {5, 7}, {6}, {1, 4}, {2}], [{8, 3}, {6, 7}, {1, 5}, {2, 4}], [{8, 3}, {6, 7}, {1, 5}, {4}, {2}], [{8, 3}, {6, 7}, {2, 5}, {1, 4}], [{8, 3}, {6, 7}, {4, 5}, {1, 2}], [{8, 3}, {6, 7}, {4, 5}, {2}, {1}], [{8, 3}, {6, 7}, {5}, {1, 4}, {2}], [{8, 3}, {7}, {1, 6}, {4, 5}, {2}], [{8, 3}, {7}, {2, 6}, {1, 5}, {4}], [{8, 3}, {7}, {2, 6}, {4, 5}, {1}], [{8, 3}, {7}, {2, 6}, {5}, {1, 4}], [{8, 3}, {7}, {4, 6}, {1, 5}, {2}], [{8, 3}, {7}, {5, 6}, {1, 4}, {2}], [{8, 3}, {7}, {6}, {1, 5}, {2, 4}], [{8, 3}, {7}, {6}, {1, 5}, {4}, {2}], [{8, 3}, {7}, {6}, {2, 5}, {1, 4}], [{8, 3}, {7}, {6}, {4, 5}, {1, 2}], [{8, 3}, {7}, {6}, {4, 5}, {2}, {1}], [{8, 3}, {7}, {6}, {5}, {1, 4}, {2}], [{8, 4}, {1, 7}, {2, 6}, {3, 5}], [{8, 4}, {1, 7}, {3, 6}, {2, 5}], [{8, 4}, {1, 7}, {5, 6}, {2, 3}], [{8, 4}, {1, 7}, {6}, {3, 5}, {2}], [{8, 4}, {2, 7}, {1, 6}, {3, 5}], [{8, 4}, {2, 7}, {3, 6}, {1, 5}], [{8, 4}, {2, 7}, {5, 6}, {1, 3}], [{8, 4}, {2, 7}, {6}, {1, 5}, {3}], [{8, 4}, {3, 7}, {1, 6}, {2, 5}], [{8, 4}, {3, 7}, {2, 6}, {1, 5}], [{8, 4}, {3, 7}, {5, 6}, {1, 2}], [{8, 4}, {3, 7}, {6}, {1, 5}, {2}], [{8, 4}, {5, 7}, {1, 6}, {2, 3}], [{8, 4}, {5, 7}, {2, 6}, {1, 3}], [{8, 4}, {5, 7}, {3, 6}, {1, 2}], [{8, 4}, {5, 7}, {6}, {1, 3}, {2}], [{8, 4}, {6, 7}, {1, 5}, {2, 3}], [{8, 4}, {6, 7}, {1, 5}, {3}, {2}], [{8, 4}, {6, 7}, {2, 5}, {1, 3}], [{8, 4}, {6, 7}, {2, 5}, {3}, {1}], [{8, 4}, {6, 7}, {3, 5}, {1, 2}], [{8, 4}, {6, 7}, {5}, {3}, {1, 2}], [{8, 4}, {7}, {2, 6}, {1, 5}, {3}], [{8, 4}, {7}, {3, 6}, {1, 5}, {2}], [{8, 4}, {7}, {6}, {1, 5}, {2, 3}], [{8, 4}, {7}, {6}, {1, 5}, {3}, {2}], [{8, 5}, {1, 7}, {2, 6}, {3, 4}], [{8, 5}, {1, 7}, {2, 6}, {4}, {3}], [{8, 5}, {1, 7}, {3, 6}, {2, 4}], [{8, 5}, {1, 7}, {3, 6}, {4}, {2}], [{8, 5}, {1, 7}, {4, 6}, {2, 3}], [{8, 5}, {1, 7}, {4, 6}, {3}, {2}], [{8, 5}, {1, 7}, {6}, {2, 4}, {3}], [{8, 5}, {1, 7}, {6}, {3, 4}, {2}], [{8, 5}, {1, 7}, {6}, {4}, {2, 3}], [{8, 5}, {1, 7}, {6}, {4}, {3}, {2}], [{8, 5}, {2, 7}, {1, 6}, {3, 4}], [{8, 5}, {2, 7}, {3, 6}, {1, 4}], [{8, 5}, {2, 7}, {4, 6}, {1, 3}], [{8, 5}, {2, 7}, {6}, {3, 4}, {1}], [{8, 5}, {3, 7}, {1, 6}, {2, 4}], [{8, 5}, {3, 7}, {2, 6}, {1, 4}], [{8, 5}, {3, 7}, {4, 6}, {1, 2}], [{8, 5}, {3, 7}, {6}, {1, 4}, {2}], [{8, 5}, {4, 7}, {1, 6}, {2, 3}], [{8, 5}, {4, 7}, {2, 6}, {1, 3}], [{8, 5}, {4, 7}, {3, 6}, {1, 2}], [{8, 5}, {4, 7}, {6}, {1, 3}, {2}], [{8, 5}, {6, 7}, {1, 4}, {2, 3}], [{8, 5}, {6, 7}, {2, 4}, {1, 3}], [{8, 5}, {6, 7}, {3, 4}, {1, 2}], [{8, 5}, {6, 7}, {3, 4}, {2}, {1}], [{8, 5}, {7}, {1, 6}, {3, 4}, {2}], [{8, 5}, {7}, {2, 6}, {3, 4}, {1}], [{8, 5}, {7}, {3, 6}, {2, 4}, {1}], [{8, 5}, {7}, {4, 6}, {2, 3}, {1}], [{8, 5}, {7}, {6}, {3, 4}, {1, 2}], [{8, 5}, {7}, {6}, {3, 4}, {2}, {1}], [{8, 6}, {1, 7}, {2, 5}, {3, 4}], [{8, 6}, {1, 7}, {3, 5}, {2, 4}], [{8, 6}, {1, 7}, {4, 5}, {2, 3}], [{8, 6}, {1, 7}, {5}, {3, 4}, {2}], [{8, 6}, {2, 7}, {1, 5}, {3, 4}], [{8, 6}, {2, 7}, {1, 5}, {4}, {3}], [{8, 6}, {2, 7}, {3, 5}, {1, 4}], [{8, 6}, {2, 7}, {4, 5}, {1, 3}], [{8, 6}, {2, 7}, {4, 5}, {3}, {1}], [{8, 6}, {2, 7}, {5}, {1, 4}, {3}], [{8, 6}, {3, 7}, {1, 5}, {2, 4}], [{8, 6}, {3, 7}, {1, 5}, {4}, {2}], [{8, 6}, {3, 7}, {2, 5}, {1, 4}], [{8, 6}, {3, 7}, {4, 5}, {1, 2}], [{8, 6}, {3, 7}, {4, 5}, {2}, {1}], [{8, 6}, {3, 7}, {5}, {1, 4}, {2}], [{8, 6}, {4, 7}, {1, 5}, {2, 3}], [{8, 6}, {4, 7}, {1, 5}, {3}, {2}], [{8, 6}, {4, 7}, {2, 5}, {1, 3}], [{8, 6}, {4, 7}, {2, 5}, {3}, {1}], [{8, 6}, {4, 7}, {3, 5}, {1, 2}], [{8, 6}, {4, 7}, {5}, {3}, {1, 2}], [{8, 6}, {5, 7}, {1, 4}, {2, 3}], [{8, 6}, {5, 7}, {2, 4}, {1, 3}], [{8, 6}, {5, 7}, {3, 4}, {1, 2}], [{8, 6}, {5, 7}, {3, 4}, {2}, {1}], [{8, 6}, {7}, {1, 5}, {2, 4}, {3}], [{8, 6}, {7}, {1, 5}, {3, 4}, {2}], [{8, 6}, {7}, {1, 5}, {4}, {2, 3}], [{8, 6}, {7}, {1, 5}, {4}, {3}, {2}], [{8, 6}, {7}, {4, 5}, {2, 3}, {1}], [{8, 6}, {7}, {5}, {1, 4}, {2, 3}], [{8, 7}, {1, 6}, {2, 5}, {3, 4}], [{8, 7}, {1, 6}, {2, 5}, {4}, {3}], [{8, 7}, {1, 6}, {3, 5}, {2, 4}], [{8, 7}, {1, 6}, {3, 5}, {4}, {2}], [{8, 7}, {1, 6}, {4, 5}, {2, 3}], [{8, 7}, {1, 6}, {4, 5}, {3}, {2}], [{8, 7}, {1, 6}, {5}, {2, 4}, {3}], [{8, 7}, {1, 6}, {5}, {3, 4}, {2}], [{8, 7}, {1, 6}, {5}, {4}, {2, 3}], [{8, 7}, {1, 6}, {5}, {4}, {3}, {2}], [{8, 7}, {2, 6}, {1, 5}, {3, 4}], [{8, 7}, {2, 6}, {1, 5}, {4}, {3}], [{8, 7}, {2, 6}, {3, 5}, {1, 4}], [{8, 7}, {2, 6}, {3, 5}, {4}, {1}], [{8, 7}, {2, 6}, {4, 5}, {1, 3}], [{8, 7}, {2, 6}, {4, 5}, {3}, {1}], [{8, 7}, {2, 6}, {5}, {1, 4}, {3}], [{8, 7}, {2, 6}, {5}, {3, 4}, {1}], [{8, 7}, {2, 6}, {5}, {4}, {1, 3}], [{8, 7}, {2, 6}, {5}, {4}, {3}, {1}], [{8, 7}, {3, 6}, {1, 5}, {2, 4}], [{8, 7}, {3, 6}, {1, 5}, {4}, {2}], [{8, 7}, {3, 6}, {2, 5}, {1, 4}], [{8, 7}, {3, 6}, {2, 5}, {4}, {1}], [{8, 7}, {3, 6}, {4, 5}, {1, 2}], [{8, 7}, {3, 6}, {4, 5}, {2}, {1}], [{8, 7}, {3, 6}, {5}, {1, 4}, {2}], [{8, 7}, {3, 6}, {5}, {2, 4}, {1}], [{8, 7}, {3, 6}, {5}, {4}, {1, 2}], [{8, 7}, {3, 6}, {5}, {4}, {2}, {1}], [{8, 7}, {4, 6}, {1, 5}, {2, 3}], [{8, 7}, {4, 6}, {1, 5}, {3}, {2}], [{8, 7}, {4, 6}, {2, 5}, {1, 3}], [{8, 7}, {4, 6}, {2, 5}, {3}, {1}], [{8, 7}, {4, 6}, {3, 5}, {1, 2}], [{8, 7}, {4, 6}, {3, 5}, {2}, {1}], [{8, 7}, {4, 6}, {5}, {1, 3}, {2}], [{8, 7}, {4, 6}, {5}, {2, 3}, {1}], [{8, 7}, {4, 6}, {5}, {3}, {1, 2}], [{8, 7}, {4, 6}, {5}, {3}, {2}, {1}], [{8, 7}, {5, 6}, {1, 4}, {2, 3}], [{8, 7}, {5, 6}, {1, 4}, {3}, {2}], [{8, 7}, {5, 6}, {2, 4}, {1, 3}], [{8, 7}, {5, 6}, {2, 4}, {3}, {1}], [{8, 7}, {5, 6}, {3, 4}, {1, 2}], [{8, 7}, {5, 6}, {3, 4}, {2}, {1}], [{8, 7}, {5, 6}, {4}, {1, 3}, {2}], [{8, 7}, {5, 6}, {4}, {2, 3}, {1}], [{8, 7}, {5, 6}, {4}, {3}, {1, 2}], [{8, 7}, {5, 6}, {4}, {3}, {2}, {1}], [{8, 7}, {6}, {1, 5}, {2, 4}, {3}], [{8, 7}, {6}, {1, 5}, {3, 4}, {2}], [{8, 7}, {6}, {1, 5}, {4}, {2, 3}], [{8, 7}, {6}, {1, 5}, {4}, {3}, {2}], [{8, 7}, {6}, {2, 5}, {1, 4}, {3}], [{8, 7}, {6}, {2, 5}, {3, 4}, {1}], [{8, 7}, {6}, {2, 5}, {4}, {1, 3}], [{8, 7}, {6}, {2, 5}, {4}, {3}, {1}], [{8, 7}, {6}, {3, 5}, {1, 4}, {2}], [{8, 7}, {6}, {3, 5}, {2, 4}, {1}], [{8, 7}, {6}, {3, 5}, {4}, {1, 2}], [{8, 7}, {6}, {3, 5}, {4}, {2}, {1}], [{8, 7}, {6}, {4, 5}, {1, 3}, {2}], [{8, 7}, {6}, {4, 5}, {2, 3}, {1}], [{8, 7}, {6}, {4, 5}, {3}, {1, 2}], [{8, 7}, {6}, {4, 5}, {3}, {2}, {1}], [{8, 7}, {6}, {5}, {1, 4}, {2, 3}], [{8, 7}, {6}, {5}, {1, 4}, {3}, {2}], [{8, 7}, {6}, {5}, {2, 4}, {1, 3}], [{8, 7}, {6}, {5}, {2, 4}, {3}, {1}], [{8, 7}, {6}, {5}, {3, 4}, {1, 2}], [{8, 7}, {6}, {5}, {3, 4}, {2}, {1}], [{8, 7}, {6}, {5}, {4}, {1, 3}, {2}], [{8, 7}, {6}, {5}, {4}, {2, 3}, {1}], [{8, 7}, {6}, {5}, {4}, {3}, {1, 2}], [{8, 7}, {6}, {5}, {4}, {3}, {2}, {1}], [{8}, {1, 7}, {2, 6}, {5}, {3, 4}], [{8}, {1, 7}, {3, 6}, {5}, {2, 4}], [{8}, {1, 7}, {4, 6}, {5}, {2, 3}], [{8}, {1, 7}, {5, 6}, {3, 4}, {2}], [{8}, {1, 7}, {6}, {2, 5}, {3, 4}], [{8}, {1, 7}, {6}, {5}, {3, 4}, {2}], [{8}, {2, 7}, {3, 6}, {1, 5}, {4}], [{8}, {2, 7}, {3, 6}, {4, 5}, {1}], [{8}, {2, 7}, {3, 6}, {5}, {1, 4}], [{8}, {2, 7}, {4, 6}, {1, 5}, {3}], [{8}, {2, 7}, {6}, {1, 5}, {3, 4}], [{8}, {2, 7}, {6}, {1, 5}, {4}, {3}], [{8}, {3, 7}, {1, 6}, {4, 5}, {2}], [{8}, {3, 7}, {2, 6}, {1, 5}, {4}], [{8}, {3, 7}, {2, 6}, {4, 5}, {1}], [{8}, {3, 7}, {2, 6}, {5}, {1, 4}], [{8}, {3, 7}, {4, 6}, {1, 5}, {2}], [{8}, {3, 7}, {5, 6}, {1, 4}, {2}], [{8}, {3, 7}, {6}, {1, 5}, {2, 4}], [{8}, {3, 7}, {6}, {1, 5}, {4}, {2}], [{8}, {3, 7}, {6}, {2, 5}, {1, 4}], [{8}, {3, 7}, {6}, {4, 5}, {1, 2}], [{8}, {3, 7}, {6}, {4, 5}, {2}, {1}], [{8}, {3, 7}, {6}, {5}, {1, 4}, {2}], [{8}, {4, 7}, {2, 6}, {1, 5}, {3}], [{8}, {4, 7}, {3, 6}, {1, 5}, {2}], [{8}, {4, 7}, {6}, {1, 5}, {2, 3}], [{8}, {4, 7}, {6}, {1, 5}, {3}, {2}], [{8}, {5, 7}, {1, 6}, {3, 4}, {2}], [{8}, {5, 7}, {2, 6}, {3, 4}, {1}], [{8}, {5, 7}, {3, 6}, {2, 4}, {1}], [{8}, {5, 7}, {4, 6}, {2, 3}, {1}], [{8}, {5, 7}, {6}, {3, 4}, {1, 2}], [{8}, {5, 7}, {6}, {3, 4}, {2}, {1}], [{8}, {6, 7}, {1, 5}, {2, 4}, {3}], [{8}, {6, 7}, {1, 5}, {3, 4}, {2}], [{8}, {6, 7}, {1, 5}, {4}, {2, 3}], [{8}, {6, 7}, {1, 5}, {4}, {3}, {2}], [{8}, {6, 7}, {4, 5}, {2, 3}, {1}], [{8}, {6, 7}, {5}, {1, 4}, {2, 3}], [{8}, {7}, {2, 6}, {1, 5}, {3, 4}], [{8}, {7}, {2, 6}, {1, 5}, {4}, {3}], [{8}, {7}, {3, 6}, {1, 5}, {2, 4}], [{8}, {7}, {3, 6}, {1, 5}, {4}, {2}], [{8}, {7}, {4, 6}, {1, 5}, {2, 3}], [{8}, {7}, {4, 6}, {1, 5}, {3}, {2}], [{8}, {7}, {6}, {1, 5}, {2, 4}, {3}], [{8}, {7}, {6}, {1, 5}, {3, 4}, {2}], [{8}, {7}, {6}, {1, 5}, {4}, {2, 3}], [{8}, {7}, {6}, {1, 5}, {4}, {3}, {2}]]",2,16 K_1^3 + 12 K_1^2 K_2 - 22 K_1^2 - 22 K_1 K_2 - 2 K_1 K_3 - K_1 - 6 K_2^2 + 6 K_2 + 7 K_3 + K_4 + 12,O1O2O3O4U5U6O7U8U7O5O6U3U1U4O8U2,O1O2O3U4U5O6O7U6O4O5U1U3U8U2O8U7,O1O2O3U4O5U2U5U1U3O6O7U8O4O8U6U7,c,"{'O1O2O3U2O4O5U1U3U4O6O7U8U5O8U6U7', 'O1O2O3O4U3O5U1U4U2O6O7U8U5O8U6U7'}",2,"<a href=""/flatknot/8.704301"">8.704301</a>",t^9-54t^7-198t^6-172t^5+88t^4+60t^3+34t^2+80t,t^3-2t^2+t,,
8.704302,O1O2O3O4U3O5U1U4U2O6O7U8U6O8U5U7,4,10z^2+63z+87,10w^3z^2+63w^2z+87w,False,False,"[[ 0 -3  0 -1  1  2  0  2 -1],[ 3  0  2  0  2  3  0  1  3],[ 0 -2  0 -1  1  2  0  1  0],[ 1  0  1  0  1  1  0  0  1],[-1 -2 -1 -1  0  1  0  1 -1],[-2 -3 -2 -1 -1  0  1  2 -3],[ 0  0  0  0  0 -1  0  0  0],[-2 -1 -1  0 -1 -2  0  0 -2],[ 1 -3  0 -1  1  3  0  2  0]]","[[ 0  2  2  1  0  0 -1 -1 -3],[-2  0  2 -1  1 -2 -1 -3 -3],[-2 -2  0 -1  0 -1  0 -2 -1],[-1  1  1  0  0 -1 -1 -1 -2],[ 0 -1  0  0  0  0  0  0  0],[ 0  2  1  1  0  0 -1  0 -2],[ 1  1  0  1  0  1  0  1  0],[ 1  3  2  1  0  0 -1  0 -3],[ 3  3  1  2  0  2  0  3  0]]",True,"[-2,-2,-1,0,0,1,1,3,-2,1,-1,2,1,3,3,1,0,1,0,2,1,0,1,1,1,2,0,0,0,0,1,0,2,-1,0,3]","[-3,-1,-1,0,0,1,2,2,-1,2,1,3,2,2,4,1,1,1,1,0,1,0,1,1,2,3,0,0,0,1,1,3,2,0,0,-2]",t^8+58t^6+74t^4+14t^2,"[-3,-1,-1,0,0,1,2,2,-1,2,1,3,2,2,4,1,1,1,1,0,1,0,1,1,2,3,0,0,0,1,1,3,2,0,0,-2]","[-2,-2,-1,0,0,1,1,3,-2,0,1,2,1,3,4,0,0,3,0,2,2,0,1,1,1,2,0,1,0,1,1,1,3,-1,-1,2]","[-3,-1,-1,0,0,1,2,2,0,3,0,2,2,1,3,1,0,1,1,0,1,0,0,1,2,3,0,0,0,-1,1,1,2,1,1,-2]",c,"[[{8, 1}, {2, 7}, {3, 6}, {4, 5}], [{8, 1}, {2, 7}, {4, 6}, {3, 5}], [{8, 1}, {2, 7}, {5, 6}, {3, 4}], [{8, 1}, {2, 7}, {5, 6}, {4}, {3}], [{8, 1}, {2, 7}, {6}, {5}, {3, 4}], [{8, 1}, {3, 7}, {2, 6}, {4, 5}], [{8, 1}, {3, 7}, {4, 6}, {2, 5}], [{8, 1}, {3, 7}, {5, 6}, {2, 4}], [{8, 1}, {3, 7}, {5, 6}, {4}, {2}], [{8, 1}, {4, 7}, {2, 6}, {3, 5}], [{8, 1}, {4, 7}, {3, 6}, {2, 5}], [{8, 1}, {4, 7}, {5, 6}, {2, 3}], [{8, 1}, {4, 7}, {5, 6}, {3}, {2}], [{8, 1}, {5, 7}, {2, 6}, {3, 4}], [{8, 1}, {5, 7}, {3, 6}, {2, 4}], [{8, 1}, {5, 7}, {4, 6}, {2, 3}], [{8, 1}, {5, 7}, {6}, {3, 4}, {2}], [{8, 1}, {6, 7}, {2, 5}, {3, 4}], [{8, 1}, {6, 7}, {3, 5}, {2, 4}], [{8, 1}, {6, 7}, {4, 5}, {2, 3}], [{8, 1}, {6, 7}, {5}, {3, 4}, {2}], [{8, 1}, {7}, {2, 6}, {5}, {3, 4}], [{8, 1}, {7}, {3, 6}, {4, 5}, {2}], [{8, 1}, {7}, {4, 6}, {3, 5}, {2}], [{8, 1}, {7}, {5, 6}, {2, 4}, {3}], [{8, 1}, {7}, {5, 6}, {3, 4}, {2}], [{8, 1}, {7}, {5, 6}, {4}, {2, 3}], [{8, 1}, {7}, {5, 6}, {4}, {3}, {2}], [{8, 1}, {7}, {6}, {2, 5}, {3, 4}], [{8, 1}, {7}, {6}, {5}, {3, 4}, {2}], [{8, 2}, {1, 7}, {3, 6}, {4, 5}], [{8, 2}, {1, 7}, {4, 6}, {3, 5}], [{8, 2}, {1, 7}, {4, 6}, {5}, {3}], [{8, 2}, {1, 7}, {5, 6}, {3, 4}], [{8, 2}, {1, 7}, {5, 6}, {4}, {3}], [{8, 2}, {1, 7}, {6}, {4, 5}, {3}], [{8, 2}, {3, 7}, {1, 6}, {4, 5}], [{8, 2}, {3, 7}, {4, 6}, {1, 5}], [{8, 2}, {3, 7}, {5, 6}, {1, 4}], [{8, 2}, {4, 7}, {1, 6}, {3, 5}], [{8, 2}, {4, 7}, {3, 6}, {1, 5}], [{8, 2}, {4, 7}, {5, 6}, {1, 3}], [{8, 2}, {4, 7}, {5, 6}, {3}, {1}], [{8, 2}, {5, 7}, {1, 6}, {3, 4}], [{8, 2}, {5, 7}, {1, 6}, {4}, {3}], [{8, 2}, {5, 7}, {3, 6}, {1, 4}], [{8, 2}, {5, 7}, {4, 6}, {1, 3}], [{8, 2}, {5, 7}, {4, 6}, {3}, {1}], [{8, 2}, {5, 7}, {6}, {1, 4}, {3}], [{8, 2}, {6, 7}, {1, 5}, {3, 4}], [{8, 2}, {6, 7}, {3, 5}, {1, 4}], [{8, 2}, {6, 7}, {4, 5}, {1, 3}], [{8, 2}, {6, 7}, {5}, {1, 4}, {3}], [{8, 2}, {7}, {4, 6}, {1, 5}, {3}], [{8, 2}, {7}, {5, 6}, {1, 4}, {3}], [{8, 3}, {1, 7}, {2, 6}, {4, 5}], [{8, 3}, {1, 7}, {4, 6}, {2, 5}], [{8, 3}, {1, 7}, {5, 6}, {2, 4}], [{8, 3}, {1, 7}, {5, 6}, {4}, {2}], [{8, 3}, {2, 7}, {1, 6}, {4, 5}], [{8, 3}, {2, 7}, {4, 6}, {1, 5}], [{8, 3}, {2, 7}, {5, 6}, {1, 4}], [{8, 3}, {4, 7}, {1, 6}, {2, 5}], [{8, 3}, {4, 7}, {2, 6}, {1, 5}], [{8, 3}, {4, 7}, {5, 6}, {1, 2}], [{8, 3}, {5, 7}, {1, 6}, {2, 4}], [{8, 3}, {5, 7}, {1, 6}, {4}, {2}], [{8, 3}, {5, 7}, {2, 6}, {1, 4}], [{8, 3}, {5, 7}, {4, 6}, {1, 2}], [{8, 3}, {5, 7}, {4, 6}, {2}, {1}], [{8, 3}, {5, 7}, {6}, {1, 4}, {2}], [{8, 3}, {6, 7}, {1, 5}, {2, 4}], [{8, 3}, {6, 7}, {2, 5}, {1, 4}], [{8, 3}, {6, 7}, {4, 5}, {1, 2}], [{8, 3}, {7}, {2, 6}, {5}, {1, 4}], [{8, 3}, {7}, {4, 6}, {5}, {1, 2}], [{8, 3}, {7}, {6}, {1, 5}, {2, 4}], [{8, 4}, {1, 7}, {2, 6}, {3, 5}], [{8, 4}, {1, 7}, {2, 6}, {5}, {3}], [{8, 4}, {1, 7}, {3, 6}, {2, 5}], [{8, 4}, {1, 7}, {5, 6}, {2, 3}], [{8, 4}, {1, 7}, {5, 6}, {3}, {2}], [{8, 4}, {1, 7}, {6}, {2, 5}, {3}], [{8, 4}, {2, 7}, {1, 6}, {3, 5}], [{8, 4}, {2, 7}, {3, 6}, {1, 5}], [{8, 4}, {2, 7}, {5, 6}, {1, 3}], [{8, 4}, {2, 7}, {5, 6}, {3}, {1}], [{8, 4}, {3, 7}, {1, 6}, {2, 5}], [{8, 4}, {3, 7}, {2, 6}, {1, 5}], [{8, 4}, {3, 7}, {2, 6}, {5}, {1}], [{8, 4}, {3, 7}, {5, 6}, {1, 2}], [{8, 4}, {5, 7}, {1, 6}, {2, 3}], [{8, 4}, {5, 7}, {1, 6}, {3}, {2}], [{8, 4}, {5, 7}, {2, 6}, {1, 3}], [{8, 4}, {5, 7}, {2, 6}, {3}, {1}], [{8, 4}, {5, 7}, {3, 6}, {1, 2}], [{8, 4}, {5, 7}, {6}, {3}, {1, 2}], [{8, 4}, {6, 7}, {1, 5}, {2, 3}], [{8, 4}, {6, 7}, {2, 5}, {1, 3}], [{8, 4}, {6, 7}, {3, 5}, {1, 2}], [{8, 4}, {6, 7}, {5}, {3}, {1, 2}], [{8, 4}, {7}, {2, 6}, {1, 5}, {3}], [{8, 4}, {7}, {2, 6}, {3, 5}, {1}], [{8, 4}, {7}, {2, 6}, {5}, {1, 3}], [{8, 4}, {7}, {3, 6}, {2, 5}, {1}], [{8, 4}, {7}, {5, 6}, {3}, {1, 2}], [{8, 5}, {1, 7}, {2, 6}, {3, 4}], [{8, 5}, {1, 7}, {2, 6}, {4}, {3}], [{8, 5}, {1, 7}, {3, 6}, {2, 4}], [{8, 5}, {1, 7}, {3, 6}, {4}, {2}], [{8, 5}, {1, 7}, {4, 6}, {2, 3}], [{8, 5}, {1, 7}, {4, 6}, {3}, {2}], [{8, 5}, {1, 7}, {6}, {2, 4}, {3}], [{8, 5}, {1, 7}, {6}, {3, 4}, {2}], [{8, 5}, {1, 7}, {6}, {4}, {2, 3}], [{8, 5}, {1, 7}, {6}, {4}, {3}, {2}], [{8, 5}, {2, 7}, {1, 6}, {3, 4}], [{8, 5}, {2, 7}, {1, 6}, {4}, {3}], [{8, 5}, {2, 7}, {3, 6}, {1, 4}], [{8, 5}, {2, 7}, {4, 6}, {1, 3}], [{8, 5}, {3, 7}, {1, 6}, {2, 4}], [{8, 5}, {3, 7}, {1, 6}, {4}, {2}], [{8, 5}, {3, 7}, {2, 6}, {1, 4}], [{8, 5}, {3, 7}, {4, 6}, {1, 2}], [{8, 5}, {4, 7}, {1, 6}, {2, 3}], [{8, 5}, {4, 7}, {1, 6}, {3}, {2}], [{8, 5}, {4, 7}, {2, 6}, {1, 3}], [{8, 5}, {4, 7}, {3, 6}, {1, 2}], [{8, 5}, {4, 7}, {6}, {2, 3}, {1}], [{8, 5}, {6, 7}, {1, 4}, {2, 3}], [{8, 5}, {6, 7}, {1, 4}, {3}, {2}], [{8, 5}, {6, 7}, {2, 4}, {1, 3}], [{8, 5}, {6, 7}, {2, 4}, {3}, {1}], [{8, 5}, {6, 7}, {3, 4}, {1, 2}], [{8, 5}, {6, 7}, {3, 4}, {2}, {1}], [{8, 5}, {6, 7}, {4}, {1, 3}, {2}], [{8, 5}, {6, 7}, {4}, {2, 3}, {1}], [{8, 5}, {6, 7}, {4}, {3}, {1, 2}], [{8, 5}, {6, 7}, {4}, {3}, {2}, {1}], [{8, 5}, {7}, {1, 6}, {2, 4}, {3}], [{8, 5}, {7}, {1, 6}, {3, 4}, {2}], [{8, 5}, {7}, {1, 6}, {4}, {2, 3}], [{8, 5}, {7}, {1, 6}, {4}, {3}, {2}], [{8, 5}, {7}, {4, 6}, {2, 3}, {1}], [{8, 5}, {7}, {6}, {1, 4}, {2, 3}], [{8, 6}, {1, 7}, {2, 5}, {3, 4}], [{8, 6}, {1, 7}, {2, 5}, {4}, {3}], [{8, 6}, {1, 7}, {3, 5}, {2, 4}], [{8, 6}, {1, 7}, {3, 5}, {4}, {2}], [{8, 6}, {1, 7}, {4, 5}, {2, 3}], [{8, 6}, {1, 7}, {4, 5}, {3}, {2}], [{8, 6}, {1, 7}, {5}, {2, 4}, {3}], [{8, 6}, {1, 7}, {5}, {3, 4}, {2}], [{8, 6}, {1, 7}, {5}, {4}, {2, 3}], [{8, 6}, {1, 7}, {5}, {4}, {3}, {2}], [{8, 6}, {2, 7}, {1, 5}, {3, 4}], [{8, 6}, {2, 7}, {3, 5}, {1, 4}], [{8, 6}, {2, 7}, {4, 5}, {1, 3}], [{8, 6}, {3, 7}, {1, 5}, {2, 4}], [{8, 6}, {3, 7}, {2, 5}, {1, 4}], [{8, 6}, {3, 7}, {4, 5}, {1, 2}], [{8, 6}, {4, 7}, {1, 5}, {2, 3}], [{8, 6}, {4, 7}, {2, 5}, {1, 3}], [{8, 6}, {4, 7}, {3, 5}, {1, 2}], [{8, 6}, {5, 7}, {1, 4}, {2, 3}], [{8, 6}, {5, 7}, {2, 4}, {1, 3}], [{8, 6}, {5, 7}, {3, 4}, {1, 2}], [{8, 6}, {5, 7}, {3, 4}, {2}, {1}], [{8, 6}, {7}, {1, 5}, {3, 4}, {2}], [{8, 7}, {1, 6}, {2, 5}, {3, 4}], [{8, 7}, {1, 6}, {2, 5}, {4}, {3}], [{8, 7}, {1, 6}, {3, 5}, {2, 4}], [{8, 7}, {1, 6}, {3, 5}, {4}, {2}], [{8, 7}, {1, 6}, {4, 5}, {2, 3}], [{8, 7}, {1, 6}, {4, 5}, {3}, {2}], [{8, 7}, {1, 6}, {5}, {2, 4}, {3}], [{8, 7}, {1, 6}, {5}, {3, 4}, {2}], [{8, 7}, {1, 6}, {5}, {4}, {2, 3}], [{8, 7}, {1, 6}, {5}, {4}, {3}, {2}], [{8, 7}, {2, 6}, {1, 5}, {3, 4}], [{8, 7}, {2, 6}, {1, 5}, {4}, {3}], [{8, 7}, {2, 6}, {3, 5}, {1, 4}], [{8, 7}, {2, 6}, {4, 5}, {1, 3}], [{8, 7}, {3, 6}, {1, 5}, {2, 4}], [{8, 7}, {3, 6}, {1, 5}, {4}, {2}], [{8, 7}, {3, 6}, {2, 5}, {1, 4}], [{8, 7}, {3, 6}, {4, 5}, {1, 2}], [{8, 7}, {4, 6}, {1, 5}, {2, 3}], [{8, 7}, {4, 6}, {1, 5}, {3}, {2}], [{8, 7}, {4, 6}, {2, 5}, {1, 3}], [{8, 7}, {4, 6}, {3, 5}, {1, 2}], [{8, 7}, {4, 6}, {5}, {2, 3}, {1}], [{8, 7}, {5, 6}, {1, 4}, {2, 3}], [{8, 7}, {5, 6}, {1, 4}, {3}, {2}], [{8, 7}, {5, 6}, {2, 4}, {1, 3}], [{8, 7}, {5, 6}, {2, 4}, {3}, {1}], [{8, 7}, {5, 6}, {3, 4}, {1, 2}], [{8, 7}, {5, 6}, {3, 4}, {2}, {1}], [{8, 7}, {5, 6}, {4}, {1, 3}, {2}], [{8, 7}, {5, 6}, {4}, {2, 3}, {1}], [{8, 7}, {5, 6}, {4}, {3}, {1, 2}], [{8, 7}, {5, 6}, {4}, {3}, {2}, {1}], [{8, 7}, {6}, {1, 5}, {2, 4}, {3}], [{8, 7}, {6}, {1, 5}, {3, 4}, {2}], [{8, 7}, {6}, {1, 5}, {4}, {2, 3}], [{8, 7}, {6}, {1, 5}, {4}, {3}, {2}], [{8, 7}, {6}, {4, 5}, {2, 3}, {1}], [{8, 7}, {6}, {5}, {1, 4}, {2, 3}], [{8}, {1, 7}, {2, 6}, {4, 5}, {3}], [{8}, {1, 7}, {4, 6}, {2, 5}, {3}], [{8}, {1, 7}, {5, 6}, {2, 4}, {3}], [{8}, {1, 7}, {5, 6}, {3, 4}, {2}], [{8}, {1, 7}, {5, 6}, {4}, {2, 3}], [{8}, {1, 7}, {5, 6}, {4}, {3}, {2}], [{8}, {2, 7}, {4, 6}, {1, 5}, {3}], [{8}, {2, 7}, {5, 6}, {1, 4}, {3}], [{8}, {3, 7}, {4, 6}, {2, 5}, {1}], [{8}, {3, 7}, {6}, {1, 5}, {2, 4}], [{8}, {4, 7}, {2, 6}, {1, 5}, {3}], [{8}, {4, 7}, {5, 6}, {3}, {1, 2}], [{8}, {5, 7}, {1, 6}, {2, 4}, {3}], [{8}, {5, 7}, {1, 6}, {3, 4}, {2}], [{8}, {5, 7}, {1, 6}, {4}, {2, 3}], [{8}, {5, 7}, {1, 6}, {4}, {3}, {2}], [{8}, {5, 7}, {4, 6}, {2, 3}, {1}], [{8}, {5, 7}, {6}, {1, 4}, {2, 3}], [{8}, {6, 7}, {1, 5}, {3, 4}, {2}], [{8}, {6, 7}, {2, 5}, {1, 4}, {3}], [{8}, {6, 7}, {4, 5}, {3}, {1, 2}], [{8}, {7}, {4, 6}, {2, 5}, {1, 3}]]",2,- 20 K_1^2 - 10 K_1 K_2 + 5 K_1 + 10 K_2 + 5 K_3 + 11,O1O2O3O4U5U6O7U8U7O5O8U3U1U4O6U2,O1O2O3U4U5O6O4U6O7O5U1U3U8U2O8U7,O1O2O3U4O5U2U5U1U3O6O4U7O8O7U6U8,c,"{'O1O2O3O4U3O5U1U4U2O6O7U8U6O8U5U7', 'O1O2O3U2O4O5U1U3U4O6O7U8U6O8U5U7'}",2,"<a href=""/flatknot/8.704302"">8.704302</a>",t^9-60t^7-206t^6-110t^5+92t^4+33t^3-56t^2-17t+2,t^3-2t^2+t,,
8.704303,O1O2O3O4U3O5U1U4U6O7O6U2U5O8U7U8,4,4z^3+35z^2+92z+77,4w^4z^3+35w^3z^2+92w^2z+77w,False,False,"[[ 0 -3 -1 -1  1  2  1  0  1],[ 3  0  2  0  2  3  3  2  0],[ 1 -2  0 -1  1  2  1  1  1],[ 1  0  1  0  1  1  1  0  0],[-1 -2 -1 -1  0  1 -1  1  0],[-2 -3 -2 -1 -1  0 -2  0  1],[-1 -3 -1 -1  1  2  0  0  0],[ 0 -2 -1  0 -1  0  0  0  1],[-1  0 -1  0  0 -1  0 -1  0]]","[[ 0  2  1  1  1  0 -1 -1 -3],[-2  0  1 -1 -2  0 -1 -2 -3],[-1 -1  0  0  0 -1  0 -1  0],[-1  1  0  0 -1  1 -1 -1 -2],[-1  2  0  1  0  0 -1 -1 -3],[ 0  0  1 -1  0  0  0 -1 -2],[ 1  1  0  1  1  0  0  1  0],[ 1  2  1  1  1  1 -1  0 -2],[ 3  3  0  2  3  2  0  2  0]]",True,"[-2,-1,-1,-1,0,1,1,3,-1,1,2,0,1,2,3,0,0,1,0,1,0,1,-1,1,1,2,0,1,1,3,0,1,2,-1,0,2]","[-3,-1,-1,0,1,1,1,2,0,2,1,1,2,4,2,1,0,1,1,1,1,1,1,1,2,2,1,2,0,2,-1,0,-1,0,0,2]",t^8+51t^6+170t^4+81t^2+1,"[-3,-1,-1,0,1,1,1,2,0,2,1,1,2,4,2,1,0,1,1,1,1,1,1,1,2,2,1,2,0,2,-1,0,-1,0,0,2]","[-2,-1,-1,-1,0,1,1,3,-1,0,2,2,1,2,2,1,0,1,1,1,1,0,2,1,1,2,0,1,2,4,0,1,1,-1,0,2]","[-3,-1,-1,0,1,1,1,2,0,2,2,0,2,3,3,1,0,0,1,1,1,1,1,1,1,2,1,-1,0,0,0,0,-1,-1,1,2]",c,"[[{8, 1}, {2, 7}, {3, 6}, {4, 5}], [{8, 1}, {2, 7}, {4, 6}, {3, 5}], [{8, 1}, {2, 7}, {5, 6}, {3, 4}], [{8, 1}, {3, 7}, {2, 6}, {4, 5}], [{8, 1}, {3, 7}, {2, 6}, {5}, {4}], [{8, 1}, {3, 7}, {4, 6}, {2, 5}], [{8, 1}, {3, 7}, {5, 6}, {2, 4}], [{8, 1}, {4, 7}, {2, 6}, {3, 5}], [{8, 1}, {4, 7}, {2, 6}, {5}, {3}], [{8, 1}, {4, 7}, {3, 6}, {2, 5}], [{8, 1}, {4, 7}, {5, 6}, {2, 3}], [{8, 1}, {4, 7}, {6}, {3, 5}, {2}], [{8, 1}, {5, 7}, {2, 6}, {3, 4}], [{8, 1}, {5, 7}, {2, 6}, {4}, {3}], [{8, 1}, {5, 7}, {3, 6}, {2, 4}], [{8, 1}, {5, 7}, {4, 6}, {2, 3}], [{8, 1}, {5, 7}, {6}, {3, 4}, {2}], [{8, 1}, {6, 7}, {2, 5}, {3, 4}], [{8, 1}, {6, 7}, {3, 5}, {2, 4}], [{8, 1}, {6, 7}, {4, 5}, {2, 3}], [{8, 1}, {7}, {2, 6}, {3, 5}, {4}], [{8, 1}, {7}, {2, 6}, {4, 5}, {3}], [{8, 1}, {7}, {2, 6}, {5}, {3, 4}], [{8, 1}, {7}, {2, 6}, {5}, {4}, {3}], [{8, 2}, {1, 7}, {3, 6}, {4, 5}], [{8, 2}, {1, 7}, {4, 6}, {3, 5}], [{8, 2}, {1, 7}, {5, 6}, {3, 4}], [{8, 2}, {3, 7}, {1, 6}, {4, 5}], [{8, 2}, {3, 7}, {4, 6}, {1, 5}], [{8, 2}, {3, 7}, {5, 6}, {1, 4}], [{8, 2}, {3, 7}, {6}, {1, 5}, {4}], [{8, 2}, {4, 7}, {1, 6}, {3, 5}], [{8, 2}, {4, 7}, {3, 6}, {1, 5}], [{8, 2}, {4, 7}, {5, 6}, {1, 3}], [{8, 2}, {4, 7}, {6}, {1, 5}, {3}], [{8, 2}, {5, 7}, {1, 6}, {3, 4}], [{8, 2}, {5, 7}, {3, 6}, {1, 4}], [{8, 2}, {5, 7}, {4, 6}, {1, 3}], [{8, 2}, {6, 7}, {1, 5}, {3, 4}], [{8, 2}, {6, 7}, {1, 5}, {4}, {3}], [{8, 2}, {6, 7}, {3, 5}, {1, 4}], [{8, 2}, {6, 7}, {4, 5}, {1, 3}], [{8, 2}, {7}, {1, 6}, {5}, {3, 4}], [{8, 2}, {7}, {3, 6}, {1, 5}, {4}], [{8, 2}, {7}, {3, 6}, {4, 5}, {1}], [{8, 2}, {7}, {3, 6}, {5}, {1, 4}], [{8, 2}, {7}, {4, 6}, {1, 5}, {3}], [{8, 2}, {7}, {5, 6}, {3, 4}, {1}], [{8, 2}, {7}, {6}, {1, 5}, {3, 4}], [{8, 3}, {1, 7}, {2, 6}, {4, 5}], [{8, 3}, {1, 7}, {2, 6}, {5}, {4}], [{8, 3}, {1, 7}, {4, 6}, {2, 5}], [{8, 3}, {1, 7}, {5, 6}, {2, 4}], [{8, 3}, {1, 7}, {6}, {4, 5}, {2}], [{8, 3}, {2, 7}, {1, 6}, {4, 5}], [{8, 3}, {2, 7}, {4, 6}, {1, 5}], [{8, 3}, {2, 7}, {5, 6}, {1, 4}], [{8, 3}, {2, 7}, {6}, {1, 5}, {4}], [{8, 3}, {4, 7}, {1, 6}, {2, 5}], [{8, 3}, {4, 7}, {2, 6}, {1, 5}], [{8, 3}, {4, 7}, {5, 6}, {1, 2}], [{8, 3}, {4, 7}, {5, 6}, {2}, {1}], [{8, 3}, {5, 7}, {1, 6}, {2, 4}], [{8, 3}, {5, 7}, {2, 6}, {1, 4}], [{8, 3}, {5, 7}, {4, 6}, {1, 2}], [{8, 3}, {6, 7}, {1, 5}, {2, 4}], [{8, 3}, {6, 7}, {2, 5}, {1, 4}], [{8, 3}, {6, 7}, {2, 5}, {4}, {1}], [{8, 3}, {6, 7}, {4, 5}, {1, 2}], [{8, 3}, {6, 7}, {5}, {1, 4}, {2}], [{8, 4}, {1, 7}, {2, 6}, {3, 5}], [{8, 4}, {1, 7}, {2, 6}, {5}, {3}], [{8, 4}, {1, 7}, {3, 6}, {2, 5}], [{8, 4}, {1, 7}, {5, 6}, {2, 3}], [{8, 4}, {2, 7}, {1, 6}, {3, 5}], [{8, 4}, {2, 7}, {3, 6}, {1, 5}], [{8, 4}, {2, 7}, {5, 6}, {1, 3}], [{8, 4}, {2, 7}, {6}, {1, 5}, {3}], [{8, 4}, {3, 7}, {1, 6}, {2, 5}], [{8, 4}, {3, 7}, {2, 6}, {1, 5}], [{8, 4}, {3, 7}, {5, 6}, {1, 2}], [{8, 4}, {5, 7}, {1, 6}, {2, 3}], [{8, 4}, {5, 7}, {2, 6}, {1, 3}], [{8, 4}, {5, 7}, {3, 6}, {1, 2}], [{8, 4}, {6, 7}, {1, 5}, {2, 3}], [{8, 4}, {6, 7}, {2, 5}, {1, 3}], [{8, 4}, {6, 7}, {3, 5}, {1, 2}], [{8, 4}, {6, 7}, {5}, {2, 3}, {1}], [{8, 4}, {7}, {5, 6}, {3}, {1, 2}], [{8, 5}, {1, 7}, {2, 6}, {3, 4}], [{8, 5}, {1, 7}, {2, 6}, {4}, {3}], [{8, 5}, {1, 7}, {3, 6}, {2, 4}], [{8, 5}, {1, 7}, {4, 6}, {2, 3}], [{8, 5}, {1, 7}, {6}, {3, 4}, {2}], [{8, 5}, {2, 7}, {1, 6}, {3, 4}], [{8, 5}, {2, 7}, {3, 6}, {1, 4}], [{8, 5}, {2, 7}, {4, 6}, {1, 3}], [{8, 5}, {3, 7}, {1, 6}, {2, 4}], [{8, 5}, {3, 7}, {1, 6}, {4}, {2}], [{8, 5}, {3, 7}, {2, 6}, {1, 4}], [{8, 5}, {3, 7}, {4, 6}, {1, 2}], [{8, 5}, {4, 7}, {1, 6}, {2, 3}], [{8, 5}, {4, 7}, {2, 6}, {1, 3}], [{8, 5}, {4, 7}, {3, 6}, {1, 2}], [{8, 5}, {6, 7}, {1, 4}, {2, 3}], [{8, 5}, {6, 7}, {2, 4}, {1, 3}], [{8, 5}, {6, 7}, {3, 4}, {1, 2}], [{8, 5}, {6, 7}, {4}, {1, 3}, {2}], [{8, 5}, {6, 7}, {4}, {2, 3}, {1}], [{8, 5}, {6, 7}, {4}, {3}, {1, 2}], [{8, 5}, {7}, {2, 6}, {3, 4}, {1}], [{8, 6}, {1, 7}, {2, 5}, {3, 4}], [{8, 6}, {1, 7}, {3, 5}, {2, 4}], [{8, 6}, {1, 7}, {4, 5}, {2, 3}], [{8, 6}, {2, 7}, {1, 5}, {3, 4}], [{8, 6}, {2, 7}, {3, 5}, {1, 4}], [{8, 6}, {2, 7}, {3, 5}, {4}, {1}], [{8, 6}, {2, 7}, {4, 5}, {1, 3}], [{8, 6}, {3, 7}, {1, 5}, {2, 4}], [{8, 6}, {3, 7}, {2, 5}, {1, 4}], [{8, 6}, {3, 7}, {4, 5}, {1, 2}], [{8, 6}, {4, 7}, {1, 5}, {2, 3}], [{8, 6}, {4, 7}, {2, 5}, {1, 3}], [{8, 6}, {4, 7}, {3, 5}, {1, 2}], [{8, 6}, {4, 7}, {5}, {2, 3}, {1}], [{8, 6}, {5, 7}, {1, 4}, {2, 3}], [{8, 6}, {5, 7}, {2, 4}, {1, 3}], [{8, 6}, {5, 7}, {3, 4}, {1, 2}], [{8, 6}, {7}, {1, 5}, {3, 4}, {2}], [{8, 6}, {7}, {2, 5}, {4}, {1, 3}], [{8, 6}, {7}, {4, 5}, {1, 3}, {2}], [{8, 6}, {7}, {5}, {2, 4}, {1, 3}], [{8, 7}, {1, 6}, {2, 5}, {3, 4}], [{8, 7}, {1, 6}, {3, 5}, {2, 4}], [{8, 7}, {1, 6}, {4, 5}, {2, 3}], [{8, 7}, {2, 6}, {1, 5}, {3, 4}], [{8, 7}, {2, 6}, {1, 5}, {4}, {3}], [{8, 7}, {2, 6}, {3, 5}, {1, 4}], [{8, 7}, {2, 6}, {3, 5}, {4}, {1}], [{8, 7}, {2, 6}, {4, 5}, {1, 3}], [{8, 7}, {2, 6}, {4, 5}, {3}, {1}], [{8, 7}, {2, 6}, {5}, {1, 4}, {3}], [{8, 7}, {2, 6}, {5}, {3, 4}, {1}], [{8, 7}, {2, 6}, {5}, {4}, {1, 3}], [{8, 7}, {2, 6}, {5}, {4}, {3}, {1}], [{8, 7}, {3, 6}, {1, 5}, {2, 4}], [{8, 7}, {3, 6}, {2, 5}, {1, 4}], [{8, 7}, {3, 6}, {4, 5}, {1, 2}], [{8, 7}, {4, 6}, {1, 5}, {2, 3}], [{8, 7}, {4, 6}, {2, 5}, {1, 3}], [{8, 7}, {4, 6}, {3, 5}, {1, 2}], [{8, 7}, {4, 6}, {5}, {1, 3}, {2}], [{8, 7}, {5, 6}, {1, 4}, {2, 3}], [{8, 7}, {5, 6}, {2, 4}, {1, 3}], [{8, 7}, {5, 6}, {3, 4}, {1, 2}], [{8, 7}, {6}, {1, 5}, {3, 4}, {2}], [{8, 7}, {6}, {3, 5}, {1, 4}, {2}], [{8, 7}, {6}, {5}, {2, 4}, {1, 3}], [{8}, {1, 7}, {2, 6}, {3, 5}, {4}], [{8}, {1, 7}, {2, 6}, {4, 5}, {3}], [{8}, {1, 7}, {2, 6}, {5}, {3, 4}], [{8}, {1, 7}, {2, 6}, {5}, {4}, {3}], [{8}, {1, 7}, {3, 6}, {2, 5}, {4}], [{8}, {1, 7}, {5, 6}, {4}, {2, 3}], [{8}, {2, 7}, {1, 6}, {4, 5}, {3}], [{8}, {2, 7}, {5, 6}, {1, 4}, {3}], [{8}, {2, 7}, {6}, {1, 5}, {3, 4}], [{8}, {3, 7}, {1, 6}, {5}, {2, 4}], [{8}, {3, 7}, {4, 6}, {1, 5}, {2}], [{8}, {4, 7}, {1, 6}, {2, 5}, {3}], [{8}, {4, 7}, {3, 6}, {1, 5}, {2}], [{8}, {5, 7}, {2, 6}, {3, 4}, {1}], [{8}, {5, 7}, {4, 6}, {2, 3}, {1}], [{8}, {6, 7}, {1, 5}, {3, 4}, {2}], [{8}, {6, 7}, {4, 5}, {2, 3}, {1}], [{8}, {6, 7}, {5}, {2, 4}, {1, 3}], [{8}, {7}, {2, 6}, {1, 5}, {3, 4}], [{8}, {7}, {6}, {1, 5}, {3, 4}, {2}]]",2,4 K_1^3 + 4 K_1^2 K_2 - 8 K_1^2 - 10 K_1 K_2 - 2 K_1 K_3 + 2 K_1 - 2 K_2^2 + 3 K_2 + 4 K_3 + K_4 + 5,O1O2O3O4U5U6O5U7U3O8O6U8U1U4O7U2,O1O2O3U4U3O5O6U7O4O7U1U5U8U2O8U6,O1O2O3U4O5U2U5U6U3O7O8U7O4O6U1U8,c,{'O1O2O3O4U3O5U1U4U6O7O6U2U5O8U7U8'},1,"<a href=""/flatknot/8.704303"">8.704303</a>",t^9-55t^7-158t^6-27t^5+166t^4+25t^3+88t^2+145t-28,t^3-t^2-t,,
8.704304,O1O2O3O4U3O5U1U4U6O7O6U2U7O8U5U8,4,10z^2+79z+119,10w^3z^2+79w^2z+119w,False,False,"[[ 0 -3 -1 -1  1  2  1  0  1],[ 3  0  2  0  2  3  3  1  1],[ 1 -2  0 -1  1  3  1  0  1],[ 1  0  1  0  1  1  1  0  0],[-1 -2 -1 -1  0  1 -1  0  1],[-2 -3 -3 -1 -1  0 -1 -1  1],[-1 -3 -1 -1  1  1  0  0  1],[ 0 -1  0  0  0  1  0  0  0],[-1 -1 -1  0 -1 -1 -1  0  0]]","[[ 0  2  1  1  1  0 -1 -1 -3],[-2  0  1 -1 -1 -1 -1 -3 -3],[-1 -1  0 -1 -1  0  0 -1 -1],[-1  1  1  0  1  0 -1 -1 -3],[-1  1  1 -1  0  0 -1 -1 -2],[ 0  1  0  0  0  0  0  0 -1],[ 1  1  0  1  1  0  0  1  0],[ 1  3  1  1  1  0 -1  0 -2],[ 3  3  1  3  2  1  0  2  0]]",True,"[-2,-1,-1,-1,0,1,1,3,-1,1,1,1,1,3,3,1,1,0,0,1,1,-1,0,1,1,3,0,1,1,2,0,0,1,-1,0,2]","[-3,-1,-1,0,1,1,1,2,0,2,1,1,2,3,3,1,0,0,1,1,1,0,1,1,1,3,0,0,0,1,-1,-1,-1,-1,1,1]",t^8+51t^6+98t^4+43t^2+1,"[-3,-1,-1,0,1,1,1,2,0,2,2,1,2,3,2,1,1,1,1,1,0,1,1,1,2,2,1,1,1,1,-1,-1,0,-1,0,2]","[-2,-1,-1,-1,0,1,1,3,0,0,2,1,0,2,2,-1,1,1,1,1,2,1,1,1,1,1,1,1,2,3,1,1,2,-1,0,2]","[-3,-1,-1,0,1,1,1,2,0,2,1,1,2,3,3,1,0,0,1,1,1,0,1,1,1,3,0,0,0,1,-1,-1,-1,-1,1,1]",c,"[[{8, 7}, {1, 6}, {3, 5}, {2, 4}]]",1,- 22 K_1^2 - 18 K_1 K_2 + 9 K_1 - 4 K_2^2 + 11 K_2 + 9 K_3 + 2 K_4 + 14,O1O2O3O4U5U6O5U7U3O8O7U8U1U4O6U2,O1O2O3U4U3O5O4U6O7O6U1U5U8U2O8U7,O1O2O3U4O5U2U5U6U3O7O4U7O8O6U1U8,c,{'O1O2O3O4U3O5U1U4U6O7O6U2U7O8U5U8'},1,"<a href=""/flatknot/8.704304"">8.704304</a>",t^9-55t^7-168t^6-49t^5+154t^4+32t^3-56t^2+t+4,t^3-t^2-t,,
8.704305,O1O2O3O4U3O5U1U4U6O7O6U5U2O8U7U8,4,2z^3+36z^2+115z+103,2w^4z^3+36w^3z^2+115w^2z+103w,False,False,"[[ 0 -3  0 -1  1  1  1  0  1],[ 3  0  3  0  2  2  3  2  0],[ 0 -3  0 -1  0  1  0  1  1],[ 1  0  1  0  1  1  1  0  0],[-1 -2  0 -1  0  1 -1  1  0],[-1 -2 -1 -1 -1  0 -1  0  1],[-1 -3  0 -1  1  1  0  0  0],[ 0 -2 -1  0 -1  0  0  0  1],[-1  0 -1  0  0 -1  0 -1  0]]","[[ 0  1  1  1  1  0  0 -1 -3],[-1  0  1  1  0  0  0 -1 -3],[-1 -1  0  1  0  1  0 -1 -2],[-1 -1 -1  0  1  0 -1 -1 -2],[-1  0  0 -1  0 -1 -1  0  0],[ 0  0 -1  0  1  0 -1  0 -2],[ 0  0  0  1  1  1  0 -1 -3],[ 1  1  1  1  0  0  1  0  0],[ 3  3  2  2  0  2  3  0  0]]",True,"[-1,-1,-1,-1,0,0,1,3,-1,-1,0,0,0,1,3,-1,0,-1,0,1,2,-1,0,1,1,2,1,1,0,0,1,0,2,1,3,0]","[-3,-1,0,0,1,1,1,1,0,2,3,0,2,2,3,0,1,0,1,1,1,-1,1,-1,0,0,1,0,1,0,0,-1,0,1,-1,-1]",t^8+43t^6+144t^4+51t^2+1,"[-3,-1,0,0,1,1,1,1,2,0,1,1,2,2,4,0,1,1,1,1,2,-1,1,0,1,0,1,1,2,0,-1,-1,0,1,-1,0]","[-1,-1,-1,-1,0,0,1,3,-1,-1,1,0,1,1,2,-1,0,1,2,1,2,0,1,1,1,1,0,0,2,4,1,0,0,1,1,2]","[-3,-1,0,0,1,1,1,1,0,2,3,0,2,2,3,0,1,0,1,1,1,-1,1,-1,0,0,1,0,1,0,0,-1,0,1,-1,-1]",c,"[[{8, 1}, {2, 7}, {3, 6}, {4, 5}], [{8, 1}, {2, 7}, {4, 6}, {3, 5}], [{8, 1}, {2, 7}, {5, 6}, {3, 4}], [{8, 1}, {2, 7}, {5, 6}, {4}, {3}], [{8, 1}, {3, 7}, {2, 6}, {4, 5}], [{8, 1}, {3, 7}, {4, 6}, {2, 5}], [{8, 1}, {3, 7}, {5, 6}, {2, 4}], [{8, 1}, {3, 7}, {6}, {4, 5}, {2}], [{8, 1}, {4, 7}, {2, 6}, {3, 5}], [{8, 1}, {4, 7}, {3, 6}, {2, 5}], [{8, 1}, {4, 7}, {3, 6}, {5}, {2}], [{8, 1}, {4, 7}, {5, 6}, {2, 3}], [{8, 1}, {5, 7}, {2, 6}, {3, 4}], [{8, 1}, {5, 7}, {3, 6}, {2, 4}], [{8, 1}, {5, 7}, {4, 6}, {2, 3}], [{8, 1}, {6, 7}, {2, 5}, {3, 4}], [{8, 1}, {6, 7}, {3, 5}, {2, 4}], [{8, 1}, {6, 7}, {4, 5}, {2, 3}], [{8, 1}, {7}, {2, 6}, {3, 5}, {4}], [{8, 1}, {7}, {5, 6}, {3, 4}, {2}], [{8, 2}, {1, 7}, {3, 6}, {4, 5}], [{8, 2}, {1, 7}, {4, 6}, {3, 5}], [{8, 2}, {1, 7}, {4, 6}, {5}, {3}], [{8, 2}, {1, 7}, {5, 6}, {3, 4}], [{8, 2}, {1, 7}, {5, 6}, {4}, {3}], [{8, 2}, {1, 7}, {6}, {4, 5}, {3}], [{8, 2}, {3, 7}, {1, 6}, {4, 5}], [{8, 2}, {3, 7}, {4, 6}, {1, 5}], [{8, 2}, {3, 7}, {5, 6}, {1, 4}], [{8, 2}, {4, 7}, {1, 6}, {3, 5}], [{8, 2}, {4, 7}, {1, 6}, {5}, {3}], [{8, 2}, {4, 7}, {3, 6}, {1, 5}], [{8, 2}, {4, 7}, {5, 6}, {1, 3}], [{8, 2}, {4, 7}, {5, 6}, {3}, {1}], [{8, 2}, {4, 7}, {6}, {1, 5}, {3}], [{8, 2}, {5, 7}, {1, 6}, {3, 4}], [{8, 2}, {5, 7}, {1, 6}, {4}, {3}], [{8, 2}, {5, 7}, {3, 6}, {1, 4}], [{8, 2}, {5, 7}, {4, 6}, {1, 3}], [{8, 2}, {5, 7}, {4, 6}, {3}, {1}], [{8, 2}, {5, 7}, {6}, {1, 4}, {3}], [{8, 2}, {6, 7}, {1, 5}, {3, 4}], [{8, 2}, {6, 7}, {1, 5}, {4}, {3}], [{8, 2}, {6, 7}, {3, 5}, {1, 4}], [{8, 2}, {6, 7}, {4, 5}, {1, 3}], [{8, 2}, {6, 7}, {4, 5}, {3}, {1}], [{8, 2}, {6, 7}, {5}, {1, 4}, {3}], [{8, 2}, {7}, {1, 6}, {4, 5}, {3}], [{8, 2}, {7}, {4, 6}, {1, 5}, {3}], [{8, 2}, {7}, {5, 6}, {1, 4}, {3}], [{8, 3}, {1, 7}, {2, 6}, {4, 5}], [{8, 3}, {1, 7}, {4, 6}, {2, 5}], [{8, 3}, {1, 7}, {4, 6}, {5}, {2}], [{8, 3}, {1, 7}, {5, 6}, {2, 4}], [{8, 3}, {1, 7}, {5, 6}, {4}, {2}], [{8, 3}, {1, 7}, {6}, {4, 5}, {2}], [{8, 3}, {2, 7}, {1, 6}, {4, 5}], [{8, 3}, {2, 7}, {4, 6}, {1, 5}], [{8, 3}, {2, 7}, {5, 6}, {1, 4}], [{8, 3}, {2, 7}, {6}, {5}, {1, 4}], [{8, 3}, {4, 7}, {1, 6}, {2, 5}], [{8, 3}, {4, 7}, {1, 6}, {5}, {2}], [{8, 3}, {4, 7}, {2, 6}, {1, 5}], [{8, 3}, {4, 7}, {5, 6}, {1, 2}], [{8, 3}, {4, 7}, {5, 6}, {2}, {1}], [{8, 3}, {4, 7}, {6}, {1, 5}, {2}], [{8, 3}, {5, 7}, {1, 6}, {2, 4}], [{8, 3}, {5, 7}, {1, 6}, {4}, {2}], [{8, 3}, {5, 7}, {2, 6}, {1, 4}], [{8, 3}, {5, 7}, {4, 6}, {1, 2}], [{8, 3}, {5, 7}, {4, 6}, {2}, {1}], [{8, 3}, {5, 7}, {6}, {1, 4}, {2}], [{8, 3}, {6, 7}, {1, 5}, {2, 4}], [{8, 3}, {6, 7}, {1, 5}, {4}, {2}], [{8, 3}, {6, 7}, {2, 5}, {1, 4}], [{8, 3}, {6, 7}, {2, 5}, {4}, {1}], [{8, 3}, {6, 7}, {4, 5}, {1, 2}], [{8, 3}, {6, 7}, {4, 5}, {2}, {1}], [{8, 3}, {6, 7}, {5}, {1, 4}, {2}], [{8, 3}, {6, 7}, {5}, {2, 4}, {1}], [{8, 3}, {6, 7}, {5}, {4}, {1, 2}], [{8, 3}, {6, 7}, {5}, {4}, {2}, {1}], [{8, 3}, {7}, {1, 6}, {4, 5}, {2}], [{8, 3}, {7}, {2, 6}, {5}, {1, 4}], [{8, 3}, {7}, {4, 6}, {1, 5}, {2}], [{8, 3}, {7}, {5, 6}, {1, 4}, {2}], [{8, 3}, {7}, {6}, {2, 5}, {1, 4}], [{8, 3}, {7}, {6}, {5}, {1, 4}, {2}], [{8, 4}, {1, 7}, {2, 6}, {3, 5}], [{8, 4}, {1, 7}, {3, 6}, {2, 5}], [{8, 4}, {1, 7}, {5, 6}, {2, 3}], [{8, 4}, {1, 7}, {6}, {3, 5}, {2}], [{8, 4}, {2, 7}, {1, 6}, {3, 5}], [{8, 4}, {2, 7}, {3, 6}, {1, 5}], [{8, 4}, {2, 7}, {5, 6}, {1, 3}], [{8, 4}, {3, 7}, {1, 6}, {2, 5}], [{8, 4}, {3, 7}, {2, 6}, {1, 5}], [{8, 4}, {3, 7}, {2, 6}, {5}, {1}], [{8, 4}, {3, 7}, {5, 6}, {1, 2}], [{8, 4}, {5, 7}, {1, 6}, {2, 3}], [{8, 4}, {5, 7}, {1, 6}, {3}, {2}], [{8, 4}, {5, 7}, {2, 6}, {1, 3}], [{8, 4}, {5, 7}, {3, 6}, {1, 2}], [{8, 4}, {6, 7}, {1, 5}, {2, 3}], [{8, 4}, {6, 7}, {2, 5}, {1, 3}], [{8, 4}, {6, 7}, {3, 5}, {1, 2}], [{8, 4}, {7}, {2, 6}, {1, 5}, {3}], [{8, 5}, {1, 7}, {2, 6}, {3, 4}], [{8, 5}, {1, 7}, {2, 6}, {4}, {3}], [{8, 5}, {1, 7}, {3, 6}, {2, 4}], [{8, 5}, {1, 7}, {4, 6}, {2, 3}], [{8, 5}, {1, 7}, {4, 6}, {3}, {2}], [{8, 5}, {1, 7}, {6}, {2, 4}, {3}], [{8, 5}, {2, 7}, {1, 6}, {3, 4}], [{8, 5}, {2, 7}, {3, 6}, {1, 4}], [{8, 5}, {2, 7}, {4, 6}, {1, 3}], [{8, 5}, {3, 7}, {1, 6}, {2, 4}], [{8, 5}, {3, 7}, {2, 6}, {1, 4}], [{8, 5}, {3, 7}, {4, 6}, {1, 2}], [{8, 5}, {3, 7}, {4, 6}, {2}, {1}], [{8, 5}, {4, 7}, {1, 6}, {2, 3}], [{8, 5}, {4, 7}, {2, 6}, {1, 3}], [{8, 5}, {4, 7}, {3, 6}, {1, 2}], [{8, 5}, {4, 7}, {3, 6}, {2}, {1}], [{8, 5}, {6, 7}, {1, 4}, {2, 3}], [{8, 5}, {6, 7}, {2, 4}, {1, 3}], [{8, 5}, {6, 7}, {3, 4}, {1, 2}], [{8, 5}, {7}, {1, 6}, {3, 4}, {2}], [{8, 5}, {7}, {3, 6}, {4}, {1, 2}], [{8, 5}, {7}, {4, 6}, {1, 3}, {2}], [{8, 6}, {1, 7}, {2, 5}, {3, 4}], [{8, 6}, {1, 7}, {3, 5}, {2, 4}], [{8, 6}, {1, 7}, {3, 5}, {4}, {2}], [{8, 6}, {1, 7}, {4, 5}, {2, 3}], [{8, 6}, {2, 7}, {1, 5}, {3, 4}], [{8, 6}, {2, 7}, {3, 5}, {1, 4}], [{8, 6}, {2, 7}, {3, 5}, {4}, {1}], [{8, 6}, {2, 7}, {4, 5}, {1, 3}], [{8, 6}, {3, 7}, {1, 5}, {2, 4}], [{8, 6}, {3, 7}, {1, 5}, {4}, {2}], [{8, 6}, {3, 7}, {2, 5}, {1, 4}], [{8, 6}, {3, 7}, {4, 5}, {1, 2}], [{8, 6}, {4, 7}, {1, 5}, {2, 3}], [{8, 6}, {4, 7}, {1, 5}, {3}, {2}], [{8, 6}, {4, 7}, {2, 5}, {1, 3}], [{8, 6}, {4, 7}, {3, 5}, {1, 2}], [{8, 6}, {5, 7}, {1, 4}, {2, 3}], [{8, 6}, {5, 7}, {2, 4}, {1, 3}], [{8, 6}, {5, 7}, {3, 4}, {1, 2}], [{8, 6}, {7}, {1, 5}, {3, 4}, {2}], [{8, 6}, {7}, {2, 5}, {4}, {1, 3}], [{8, 6}, {7}, {3, 5}, {4}, {1, 2}], [{8, 6}, {7}, {4, 5}, {1, 3}, {2}], [{8, 6}, {7}, {5}, {2, 4}, {1, 3}], [{8, 7}, {1, 6}, {2, 5}, {3, 4}], [{8, 7}, {1, 6}, {3, 5}, {2, 4}], [{8, 7}, {1, 6}, {4, 5}, {2, 3}], [{8, 7}, {1, 6}, {5}, {3, 4}, {2}], [{8, 7}, {2, 6}, {1, 5}, {3, 4}], [{8, 7}, {2, 6}, {1, 5}, {4}, {3}], [{8, 7}, {2, 6}, {3, 5}, {1, 4}], [{8, 7}, {2, 6}, {4, 5}, {1, 3}], [{8, 7}, {3, 6}, {1, 5}, {2, 4}], [{8, 7}, {3, 6}, {2, 5}, {1, 4}], [{8, 7}, {3, 6}, {4, 5}, {1, 2}], [{8, 7}, {4, 6}, {1, 5}, {2, 3}], [{8, 7}, {4, 6}, {2, 5}, {1, 3}], [{8, 7}, {4, 6}, {3, 5}, {1, 2}], [{8, 7}, {5, 6}, {1, 4}, {2, 3}], [{8, 7}, {5, 6}, {2, 4}, {1, 3}], [{8, 7}, {5, 6}, {2, 4}, {3}, {1}], [{8, 7}, {5, 6}, {3, 4}, {1, 2}], [{8, 7}, {6}, {2, 5}, {3, 4}, {1}], [{8}, {1, 7}, {4, 6}, {2, 5}, {3}], [{8}, {1, 7}, {4, 6}, {3, 5}, {2}], [{8}, {1, 7}, {4, 6}, {5}, {2, 3}], [{8}, {1, 7}, {4, 6}, {5}, {3}, {2}], [{8}, {1, 7}, {5, 6}, {4}, {2, 3}], [{8}, {1, 7}, {6}, {4, 5}, {2, 3}], [{8}, {2, 7}, {5, 6}, {3, 4}, {1}], [{8}, {3, 7}, {1, 6}, {5}, {2, 4}], [{8}, {3, 7}, {5, 6}, {4}, {1, 2}], [{8}, {4, 7}, {1, 6}, {5}, {2, 3}], [{8}, {4, 7}, {2, 6}, {1, 5}, {3}], [{8}, {4, 7}, {2, 6}, {3, 5}, {1}], [{8}, {4, 7}, {2, 6}, {5}, {1, 3}], [{8}, {4, 7}, {3, 6}, {1, 5}, {2}], [{8}, {4, 7}, {5, 6}, {2, 3}, {1}], [{8}, {4, 7}, {6}, {1, 5}, {2, 3}], [{8}, {4, 7}, {6}, {1, 5}, {3}, {2}], [{8}, {5, 7}, {1, 6}, {2, 4}, {3}], [{8}, {5, 7}, {1, 6}, {3, 4}, {2}], [{8}, {5, 7}, {1, 6}, {4}, {2, 3}], [{8}, {5, 7}, {1, 6}, {4}, {3}, {2}], [{8}, {5, 7}, {4, 6}, {2, 3}, {1}], [{8}, {5, 7}, {6}, {1, 4}, {2, 3}], [{8}, {6, 7}, {1, 5}, {4}, {2, 3}], [{8}, {6, 7}, {4, 5}, {2, 3}, {1}], [{8}, {6, 7}, {5}, {1, 4}, {2, 3}], [{8}, {7}, {1, 6}, {3, 5}, {2, 4}], [{8}, {7}, {1, 6}, {4, 5}, {2, 3}], [{8}, {7}, {4, 6}, {1, 5}, {2, 3}], [{8}, {7}, {5, 6}, {1, 4}, {2, 3}]]",2,12 K_1^3 + 4 K_1^2 K_2 - 8 K_1^2 - 18 K_1 K_2 - 4 K_1 K_3 + 4 K_2 + 6 K_3 + K_4 + 4,O1O2O3O4U5U6O5U3U7O8O6U8U1U4O7U2,O1O2O3U4U3O5O6U7O4O7U1U6U8U2O8U5,O1O2O3U4O5U2U5U6U3O7O8U7O6O4U1U8,c,{'O1O2O3O4U3O5U1U4U6O7O6U5U2O8U7U8'},1,"<a href=""/flatknot/8.704305"">8.704305</a>",t^9-49t^7-70t^6+100t^5+72t^4+34t^3+138t^2-36t-14,t^3-3t,,
8.704306,O1O2O3O4U3O5U1U4U6O7O6U5U7O8U2U8,4,9z^2+94z+153,9w^3z^2+94w^2z+153w,False,False,"[[ 0 -3  0 -1  1  1  1  0  1],[ 3  0  3  0  2  2  3  1  1],[ 0 -3  0 -1  0  0  1  0  1],[ 1  0  1  0  1  1  1  0  0],[-1 -2  0 -1  0  1 -1  1  0],[-1 -2  0 -1 -1  0 -1  0  0],[-1 -3 -1 -1  1  1  0  0  1],[ 0 -1  0  0 -1  0  0  0  0],[-1 -1 -1  0  0  0 -1  0  0]]","[[ 0  1  1  1  1  0  0 -1 -3],[-1  0  1  1  1  0 -1 -1 -3],[-1 -1  0  1  0  1  0 -1 -2],[-1 -1 -1  0  0  0  0 -1 -2],[-1 -1  0  0  0  0 -1  0 -1],[ 0  0 -1  0  0  0  0  0 -1],[ 0  1  0  0  1  0  0 -1 -3],[ 1  1  1  1  0  0  1  0  0],[ 3  3  2  2  1  1  3  0  0]]",True,"[-1,-1,-1,-1,0,0,1,3,-1,-1,-1,0,1,1,3,-1,0,-1,0,1,2,0,0,0,1,2,0,1,0,1,0,0,1,1,3,0]","[-3,-1,0,0,1,1,1,1,0,1,3,1,2,2,3,0,1,0,1,1,1,0,0,-1,0,0,1,0,0,1,0,0,-1,1,-1,-1]",t^8+39t^6+149t^4+63t^2+4,"[-3,-1,0,0,1,1,1,1,2,0,2,1,2,2,3,0,1,1,1,1,2,0,0,1,1,0,1,1,2,1,-1,-1,-1,1,0,0]","[-1,-1,-1,-1,0,0,1,3,-1,-1,0,1,1,1,2,-1,0,1,2,1,2,1,0,1,1,1,0,1,2,3,0,0,0,1,2,2]","[-3,-1,0,0,1,1,1,1,0,1,3,1,2,2,3,0,1,0,1,1,1,0,0,-1,0,0,1,0,0,1,0,0,-1,1,-1,-1]",c,"[[{8, 5}, {4, 7}, {2, 6}, {1, 3}], [{8, 5}, {4, 7}, {2, 6}, {3}, {1}]]",1,- 26 K_1^2 - 22 K_1 K_2 - 2 K_1 K_3 + 11 K_1 - 2 K_2^2 + 14 K_2 + 11 K_3 + 2 K_4 + 15,O1O2O3O4U5U3O5U6U7O8O6U8U1U4O7U2,O1O2O3U4U3O5O4U6O7O6U1U7U8U2O8U5,O1O2O3U4O5U2U5U6U3O7O6U7O8O4U1U8,c,{'O1O2O3O4U3O5U1U4U6O7O6U5U7O8U2U8'},1,"<a href=""/flatknot/8.704306"">8.704306</a>",t^9-45t^7-70t^6+55t^5+82t^4+20t^3+58t^2-3t-18,t^3-3t,,
8.704307,O1O2O3O4U3O5U1U4U6O7O6U8U2O8U5U7,4,17z^2+98z+129,17w^3z^2+98w^2z+129w,False,False,"[[ 0 -3  0 -1  1  2  1  1 -1],[ 3  0  2  0  2  3  3  2  2],[ 0 -2  0 -1  1  1  0  0  0],[ 1  0  1  0  1  1  1  0  1],[-1 -2 -1 -1  0  1 -1  1 -1],[-2 -3 -1 -1 -1  0 -2  0 -2],[-1 -3  0 -1  1  2  0  1 -2],[-1 -2  0  0 -1  0 -1  0 -1],[ 1 -2  0 -1  1  2  2  1  0]]","[[ 0  2  1  1  1  0 -1 -1 -3],[-2  0  0 -1 -2 -1 -1 -2 -3],[-1  0  0 -1 -1  0  0 -1 -2],[-1  1  1  0 -1 -1 -1 -1 -2],[-1  2  1  1  0  0 -1 -2 -3],[ 0  1  0  1  0  0 -1  0 -2],[ 1  1  0  1  1  1  0  1  0],[ 1  2  1  1  2  0 -1  0 -2],[ 3  3  2  2  3  2  0  2  0]]",True,"[-2,-1,-1,-1,0,1,1,3,0,1,2,1,1,2,3,1,1,0,0,1,2,1,1,1,1,2,0,1,2,3,1,0,2,-1,0,2]","[-3,-1,-1,0,1,1,1,2,0,2,1,1,2,2,2,1,1,0,1,1,1,0,1,1,2,2,1,0,1,1,-1,-1,-1,-1,0,1]",t^8+59t^6+186t^4+146t^2+4,"[-3,-1,-1,0,1,1,1,2,0,2,1,1,2,2,2,1,1,0,1,1,1,0,1,1,2,2,1,0,1,1,-1,-1,-1,-1,0,1]","[-2,-1,-1,-1,0,1,1,3,-1,0,1,1,1,2,2,1,1,1,0,1,1,1,0,1,1,2,1,1,2,2,1,0,1,-1,0,2]","[-3,-1,-1,0,1,1,1,2,0,2,2,2,2,3,3,1,1,0,1,1,1,0,1,1,2,2,0,1,0,1,-1,-1,0,-1,1,2]",c,"[[{8, 1}, {2, 7}, {3, 6}, {4, 5}], [{8, 1}, {2, 7}, {4, 6}, {3, 5}], [{8, 1}, {2, 7}, {5, 6}, {3, 4}], [{8, 1}, {2, 7}, {6}, {3, 5}, {4}], [{8, 1}, {3, 7}, {2, 6}, {4, 5}], [{8, 1}, {3, 7}, {4, 6}, {2, 5}], [{8, 1}, {3, 7}, {5, 6}, {2, 4}], [{8, 1}, {4, 7}, {2, 6}, {3, 5}], [{8, 1}, {4, 7}, {3, 6}, {2, 5}], [{8, 1}, {4, 7}, {5, 6}, {2, 3}], [{8, 1}, {4, 7}, {6}, {5}, {2, 3}], [{8, 1}, {5, 7}, {2, 6}, {3, 4}], [{8, 1}, {5, 7}, {3, 6}, {2, 4}], [{8, 1}, {5, 7}, {4, 6}, {2, 3}], [{8, 1}, {6, 7}, {2, 5}, {3, 4}], [{8, 1}, {6, 7}, {3, 5}, {2, 4}], [{8, 1}, {6, 7}, {4, 5}, {2, 3}], [{8, 1}, {7}, {3, 6}, {5}, {2, 4}], [{8, 1}, {7}, {5, 6}, {3, 4}, {2}], [{8, 2}, {1, 7}, {3, 6}, {4, 5}], [{8, 2}, {1, 7}, {4, 6}, {3, 5}], [{8, 2}, {1, 7}, {5, 6}, {3, 4}], [{8, 2}, {3, 7}, {1, 6}, {4, 5}], [{8, 2}, {3, 7}, {1, 6}, {5}, {4}], [{8, 2}, {3, 7}, {4, 6}, {1, 5}], [{8, 2}, {3, 7}, {5, 6}, {1, 4}], [{8, 2}, {4, 7}, {1, 6}, {3, 5}], [{8, 2}, {4, 7}, {3, 6}, {1, 5}], [{8, 2}, {4, 7}, {3, 6}, {5}, {1}], [{8, 2}, {4, 7}, {5, 6}, {1, 3}], [{8, 2}, {5, 7}, {1, 6}, {3, 4}], [{8, 2}, {5, 7}, {3, 6}, {1, 4}], [{8, 2}, {5, 7}, {4, 6}, {1, 3}], [{8, 2}, {6, 7}, {1, 5}, {3, 4}], [{8, 2}, {6, 7}, {3, 5}, {1, 4}], [{8, 2}, {6, 7}, {3, 5}, {4}, {1}], [{8, 2}, {6, 7}, {4, 5}, {1, 3}], [{8, 2}, {6, 7}, {5}, {1, 4}, {3}], [{8, 2}, {7}, {6}, {1, 5}, {3, 4}], [{8, 2}, {7}, {6}, {3, 5}, {1, 4}], [{8, 3}, {1, 7}, {2, 6}, {4, 5}], [{8, 3}, {1, 7}, {4, 6}, {2, 5}], [{8, 3}, {1, 7}, {5, 6}, {2, 4}], [{8, 3}, {1, 7}, {5, 6}, {4}, {2}], [{8, 3}, {2, 7}, {1, 6}, {4, 5}], [{8, 3}, {2, 7}, {4, 6}, {1, 5}], [{8, 3}, {2, 7}, {5, 6}, {1, 4}], [{8, 3}, {2, 7}, {5, 6}, {4}, {1}], [{8, 3}, {4, 7}, {1, 6}, {2, 5}], [{8, 3}, {4, 7}, {2, 6}, {1, 5}], [{8, 3}, {4, 7}, {5, 6}, {1, 2}], [{8, 3}, {4, 7}, {6}, {1, 5}, {2}], [{8, 3}, {5, 7}, {1, 6}, {2, 4}], [{8, 3}, {5, 7}, {2, 6}, {1, 4}], [{8, 3}, {5, 7}, {4, 6}, {1, 2}], [{8, 3}, {6, 7}, {1, 5}, {2, 4}], [{8, 3}, {6, 7}, {2, 5}, {1, 4}], [{8, 3}, {6, 7}, {2, 5}, {4}, {1}], [{8, 3}, {6, 7}, {4, 5}, {1, 2}], [{8, 3}, {7}, {1, 6}, {5}, {2, 4}], [{8, 3}, {7}, {5, 6}, {4}, {1, 2}], [{8, 4}, {1, 7}, {2, 6}, {3, 5}], [{8, 4}, {1, 7}, {3, 6}, {2, 5}], [{8, 4}, {1, 7}, {5, 6}, {2, 3}], [{8, 4}, {2, 7}, {1, 6}, {3, 5}], [{8, 4}, {2, 7}, {3, 6}, {1, 5}], [{8, 4}, {2, 7}, {5, 6}, {1, 3}], [{8, 4}, {2, 7}, {6}, {3, 5}, {1}], [{8, 4}, {3, 7}, {1, 6}, {2, 5}], [{8, 4}, {3, 7}, {2, 6}, {1, 5}], [{8, 4}, {3, 7}, {5, 6}, {1, 2}], [{8, 4}, {5, 7}, {1, 6}, {2, 3}], [{8, 4}, {5, 7}, {2, 6}, {1, 3}], [{8, 4}, {5, 7}, {3, 6}, {1, 2}], [{8, 4}, {6, 7}, {1, 5}, {2, 3}], [{8, 4}, {6, 7}, {2, 5}, {1, 3}], [{8, 4}, {6, 7}, {3, 5}, {1, 2}], [{8, 5}, {1, 7}, {2, 6}, {3, 4}], [{8, 5}, {1, 7}, {3, 6}, {2, 4}], [{8, 5}, {1, 7}, {4, 6}, {2, 3}], [{8, 5}, {1, 7}, {4, 6}, {3}, {2}], [{8, 5}, {2, 7}, {1, 6}, {3, 4}], [{8, 5}, {2, 7}, {3, 6}, {1, 4}], [{8, 5}, {2, 7}, {3, 6}, {4}, {1}], [{8, 5}, {2, 7}, {4, 6}, {1, 3}], [{8, 5}, {3, 7}, {1, 6}, {2, 4}], [{8, 5}, {3, 7}, {2, 6}, {1, 4}], [{8, 5}, {3, 7}, {4, 6}, {1, 2}], [{8, 5}, {4, 7}, {1, 6}, {2, 3}], [{8, 5}, {4, 7}, {1, 6}, {3}, {2}], [{8, 5}, {4, 7}, {2, 6}, {1, 3}], [{8, 5}, {4, 7}, {3, 6}, {1, 2}], [{8, 5}, {6, 7}, {1, 4}, {2, 3}], [{8, 5}, {6, 7}, {2, 4}, {1, 3}], [{8, 5}, {6, 7}, {3, 4}, {1, 2}], [{8, 6}, {1, 7}, {2, 5}, {3, 4}], [{8, 6}, {1, 7}, {2, 5}, {4}, {3}], [{8, 6}, {1, 7}, {3, 5}, {2, 4}], [{8, 6}, {1, 7}, {4, 5}, {2, 3}], [{8, 6}, {1, 7}, {5}, {3, 4}, {2}], [{8, 6}, {2, 7}, {1, 5}, {3, 4}], [{8, 6}, {2, 7}, {1, 5}, {4}, {3}], [{8, 6}, {2, 7}, {3, 5}, {1, 4}], [{8, 6}, {2, 7}, {3, 5}, {4}, {1}], [{8, 6}, {2, 7}, {4, 5}, {1, 3}], [{8, 6}, {2, 7}, {4, 5}, {3}, {1}], [{8, 6}, {2, 7}, {5}, {1, 4}, {3}], [{8, 6}, {2, 7}, {5}, {3, 4}, {1}], [{8, 6}, {2, 7}, {5}, {4}, {1, 3}], [{8, 6}, {2, 7}, {5}, {4}, {3}, {1}], [{8, 6}, {3, 7}, {1, 5}, {2, 4}], [{8, 6}, {3, 7}, {2, 5}, {1, 4}], [{8, 6}, {3, 7}, {4, 5}, {1, 2}], [{8, 6}, {4, 7}, {1, 5}, {2, 3}], [{8, 6}, {4, 7}, {2, 5}, {1, 3}], [{8, 6}, {4, 7}, {3, 5}, {1, 2}], [{8, 6}, {4, 7}, {5}, {1, 3}, {2}], [{8, 6}, {5, 7}, {1, 4}, {2, 3}], [{8, 6}, {5, 7}, {2, 4}, {1, 3}], [{8, 6}, {5, 7}, {3, 4}, {1, 2}], [{8, 6}, {5, 7}, {3, 4}, {2}, {1}], [{8, 6}, {5, 7}, {4}, {3}, {1, 2}], [{8, 6}, {7}, {1, 5}, {3, 4}, {2}], [{8, 6}, {7}, {2, 5}, {3, 4}, {1}], [{8, 6}, {7}, {3, 5}, {1, 4}, {2}], [{8, 6}, {7}, {5}, {2, 4}, {1, 3}], [{8, 6}, {7}, {5}, {3, 4}, {1, 2}], [{8, 7}, {1, 6}, {2, 5}, {3, 4}], [{8, 7}, {1, 6}, {3, 5}, {2, 4}], [{8, 7}, {1, 6}, {4, 5}, {2, 3}], [{8, 7}, {2, 6}, {1, 5}, {3, 4}], [{8, 7}, {2, 6}, {1, 5}, {4}, {3}], [{8, 7}, {2, 6}, {3, 5}, {1, 4}], [{8, 7}, {2, 6}, {3, 5}, {4}, {1}], [{8, 7}, {2, 6}, {4, 5}, {1, 3}], [{8, 7}, {2, 6}, {4, 5}, {3}, {1}], [{8, 7}, {2, 6}, {5}, {1, 4}, {3}], [{8, 7}, {2, 6}, {5}, {3, 4}, {1}], [{8, 7}, {2, 6}, {5}, {4}, {1, 3}], [{8, 7}, {2, 6}, {5}, {4}, {3}, {1}], [{8, 7}, {3, 6}, {1, 5}, {2, 4}], [{8, 7}, {3, 6}, {2, 5}, {1, 4}], [{8, 7}, {3, 6}, {4, 5}, {1, 2}], [{8, 7}, {3, 6}, {5}, {2, 4}, {1}], [{8, 7}, {4, 6}, {1, 5}, {2, 3}], [{8, 7}, {4, 6}, {2, 5}, {1, 3}], [{8, 7}, {4, 6}, {3, 5}, {1, 2}], [{8, 7}, {4, 6}, {5}, {2, 3}, {1}], [{8, 7}, {5, 6}, {1, 4}, {2, 3}], [{8, 7}, {5, 6}, {2, 4}, {1, 3}], [{8, 7}, {5, 6}, {3, 4}, {1, 2}], [{8, 7}, {6}, {3, 5}, {1, 4}, {2}], [{8}, {1, 7}, {3, 6}, {5}, {2, 4}], [{8}, {1, 7}, {5, 6}, {2, 4}, {3}], [{8}, {1, 7}, {6}, {3, 5}, {2, 4}], [{8}, {2, 7}, {1, 6}, {3, 5}, {4}], [{8}, {2, 7}, {4, 6}, {3, 5}, {1}], [{8}, {2, 7}, {6}, {3, 5}, {1, 4}], [{8}, {2, 7}, {6}, {3, 5}, {4}, {1}], [{8}, {3, 7}, {4, 6}, {1, 5}, {2}], [{8}, {3, 7}, {4, 6}, {2, 5}, {1}], [{8}, {3, 7}, {4, 6}, {5}, {1, 2}], [{8}, {4, 7}, {6}, {2, 5}, {1, 3}], [{8}, {4, 7}, {6}, {3, 5}, {1, 2}], [{8}, {6, 7}, {1, 5}, {2, 4}, {3}], [{8}, {6, 7}, {3, 5}, {1, 4}, {2}], [{8}, {6, 7}, {4, 5}, {3}, {1, 2}], [{8}, {7}, {2, 6}, {1, 5}, {3, 4}], [{8}, {7}, {2, 6}, {3, 5}, {1, 4}], [{8}, {7}, {6}, {3, 5}, {1, 4}, {2}]]",2,- 20 K_1^2 - 22 K_1 K_2 - 2 K_1 K_3 + 11 K_1 - 2 K_2^2 + 11 K_2 + 11 K_3 + 2 K_4 + 12,O1O2O3O4U5U6O7U3U7O8O5U8U1U4O6U2,O1O2O3U4U3O5O6U5O7O4U1U6U8U2O8U7,O1O2O3U4O5U2U5U6U3O7O4U8O6O8U1U7,c,{'O1O2O3O4U3O5U1U4U6O7O6U8U2O8U5U7'},1,"<a href=""/flatknot/8.704307"">8.704307</a>",t^9-63t^7-220t^6-119t^5+292t^4+174t^3-150t^2-6t+10,t^3-t^2-t,,
8.704308,O1O2O3O4U3O5U1U4U6O7O6U8U5O8U2U7,3,5z^2+66z+113,5w^3z^2+66w^2z+113w,False,False,"[[ 0 -3  0 -1  1  2  1  1 -1],[ 3  0  3  0  2  2  3  2  2],[ 0 -3  0 -1  0  2  0  1 -1],[ 1  0  1  0  1  1  1  0  1],[-1 -2  0 -1  0  1 -1  1 -2],[-2 -2 -2 -1 -1  0 -2 -1 -2],[-1 -3  0 -1  1  2  0  1 -2],[-1 -2 -1  0 -1  1 -1  0 -1],[ 1 -2  1 -1  2  2  2  1  0]]","[[ 0  2  1  1  1  0 -1 -1 -3],[-2  0 -1 -1 -2 -2 -1 -2 -2],[-1  1  0  1 -1  0 -1 -2 -2],[-1  1 -1  0 -1 -1  0 -1 -2],[-1  2  1  1  0  0 -1 -2 -3],[ 0  2  0  1  0  0 -1 -1 -3],[ 1  1  1  0  1  1  0  1  0],[ 1  2  2  1  2  1 -1  0 -2],[ 3  2  2  2  3  3  0  2  0]]",True,"[-2,-1,-1,-1,0,1,1,3,1,1,2,2,1,2,2,-1,1,0,1,2,2,1,1,0,1,2,0,1,2,3,1,1,3,-1,0,2]","[-3,-1,-1,0,1,1,1,2,0,2,0,1,2,2,3,1,0,0,0,1,1,0,1,1,2,2,1,1,0,0,-1,-1,-1,-1,0,0]",t^8+67t^6+180t^4+61t^2,"[-3,-1,-1,0,1,1,1,2,0,2,0,1,2,2,3,1,0,0,0,1,1,0,1,1,2,2,1,1,0,0,-1,-1,-1,-1,0,0]","[-2,-1,-1,-1,0,1,1,3,-1,0,0,0,1,2,3,1,1,1,0,1,1,-1,0,1,2,2,1,0,1,2,0,0,0,-1,0,2]","[-3,-1,-1,0,1,1,1,2,0,2,3,2,2,3,2,1,1,0,1,1,1,1,1,2,2,2,1,0,0,2,-1,-1,1,-1,1,2]",c,"[[{8, 2}, {3, 7}, {4, 6}, {1, 5}], [{8, 7}, {4, 6}, {1, 5}, {2, 3}]]",1,- 26 K_1^2 - 22 K_1 K_2 + 11 K_1 - 4 K_2^2 + 13 K_2 + 11 K_3 + 2 K_4 + 16,O1O2O3O4U5U3O6U7U6O8O5U8U1U4O7U2,O1O2O3U4U3O5O6U5O7O4U1U7U8U2O8U6,O1O2O3U4O5U2U5U6U3O7O6U8O4O8U1U7,c,{'O1O2O3O4U3O5U1U4U6O7O6U8U5O8U2U7'},1,"<a href=""/flatknot/8.704308"">8.704308</a>",t^9-71t^7-272t^6-255t^5+168t^4+221t^3-76t^2-28t+32,t^3-t^2-t,,
8.704309,O1O2O3O4U3O5U1U4U6O7O6U8U5O8U7U2,4,13z^2+98z+145,13w^3z^2+98w^2z+145w,False,False,"[[ 0 -3  1 -1  1  2  1  0 -1],[ 3  0  3  0  2  2  3  1  2],[-1 -3  0 -1  0  1  0  0 -2],[ 1  0  1  0  1  1  1  0  1],[-1 -2  0 -1  0  1 -1  1 -2],[-2 -2 -1 -1 -1  0 -2 -1 -2],[-1 -3  0 -1  1  2  0  0 -2],[ 0 -1  0  0 -1  1  0  0  0],[ 1 -2  2 -1  2  2  2  0  0]]","[[ 0  2  1  1  0 -1 -3],[-2  0 -1 -2 -1 -2 -2],[-1  1  0 -1  1 -2 -2],[-1  2  1  0  0 -2 -3],[ 0  1 -1  0  0  0 -1],[ 1  2  2  2  0  0 -2],[ 3  2  2  3  1  2  0]]",False,"[-2,-1,-1,0,1,3,1,2,1,2,2,1,-1,2,2,0,2,3,0,1,2]","[-3,-1,0,1,1,2,0,2,1,2,3,1,0,0,1,1,2,1,-1,-1,0]",t^6+42t^4+88t^2+4,"[-3,-1,0,1,1,2,0,2,1,2,3,1,0,0,1,1,2,1,-1,-1,0]","[-2,-1,-1,0,1,3,-1,0,1,1,3,1,1,0,1,2,0,2,1,2,0]","[-3,-1,0,1,1,2,2,1,2,3,2,0,2,2,2,-1,0,1,-1,1,2]",c,"[[{8, 5}, {4, 7}, {1, 6}, {2, 3}], [{8}, {4, 7}, {1, 6}, {5}, {2, 3}]]",1,4 K_1^3 - 18 K_1^2 - 18 K_1 K_2 - 4 K_1 K_3 + 6 K_1 + 11 K_2 + 8 K_3 + 2 K_4 + 10,O1O2O3O4U3U5O6U7U6O8O5U8U1U4O7U2,O1O2O3U4U3O5O6U5O4O7U1U7U8U2O8U6,O1O2O3U4O5U2U5U6U3O6O7U8O4O8U1U7,c,{'O1O2O3O4U3O5U1U4U6O7O6U8U5O8U7U2'},1,"<a href=""/flatknot/8.704309"">8.704309</a>",t^7-46t^5-144t^4-81t^3+96t^2+43t-12,t^3-t^2-t,,
8.704310,O1O2O3O4U3O5U1U4U6O7O6U8U7O8U5U2,3,26z^2+99z+95,26w^3z^2+99w^2z+95w,False,False,"[[ 0 -3  1 -1  1  2  1  0 -1],[ 3  0  3  0  2  2  3  0  3],[-1 -3  0 -1  0  1  0  0 -2],[ 1  0  1  0  1  1  1  0  1],[-1 -2  0 -1  0  1 -1  0 -1],[-2 -2 -1 -1 -1  0 -1  0 -3],[-1 -3  0 -1  1  1  0  0 -1],[ 0  0  0  0  0  0  0  0  0],[ 1 -3  2 -1  1  3  1  0  0]]","[[ 0  2  1  1 -1 -3],[-2  0 -1 -1 -3 -2],[-1  1  0  1 -1 -3],[-1  1 -1  0 -1 -2],[ 1  3  1  1  0 -3],[ 3  2  3  2  3  0]]",False,"[-2,-1,-1,1,3,1,1,3,2,-1,1,3,1,2,3]","[-3,-1,1,1,2,-1,1,2,3,1,1,0,-1,0,0]",t^5+40t^3+39t,"[-3,-1,1,1,2,-1,1,2,3,1,1,0,-1,0,0]","[-2,-1,-1,1,3,0,0,0,3,-1,1,2,1,1,-1]","[-3,-1,1,1,2,3,2,3,2,1,1,3,-1,1,1]",c,"[[{8, 1}, {4, 7}, {5, 6}, {2, 3}], [{8, 1}, {7}, {5, 6}, {4}, {2, 3}], [{8, 3}, {4, 7}, {5, 6}, {1, 2}], [{8, 3}, {7}, {5, 6}, {4}, {1, 2}], [{8, 6}, {1, 7}, {4, 5}, {2, 3}], [{8, 6}, {4, 7}, {1, 5}, {2, 3}], [{8, 6}, {4, 7}, {3, 5}, {1, 2}], [{8, 6}, {5, 7}, {1, 4}, {2, 3}], [{8, 6}, {5, 7}, {2, 4}, {1, 3}], [{8, 6}, {7}, {1, 5}, {4}, {2, 3}], [{8, 6}, {7}, {3, 5}, {4}, {1, 2}], [{8, 6}, {7}, {4, 5}, {2, 3}, {1}], [{8, 6}, {7}, {5}, {1, 4}, {2, 3}], [{8, 6}, {7}, {5}, {2, 4}, {1, 3}]]",1,12 K_1^3 + 4 K_1^2 K_2 - 6 K_1^2 - 14 K_1 K_2 - 4 K_1 K_3 - 2 K_1 + 3 K_2 + 4 K_3 + K_4 + 3,O1O2O3O4U3U5O6U7U6O8O7U8U1U4O5U2,O1O2O3U4U3O5O4U5O6O7U1U7U8U2O8U6,O1O2O3U4O5U2U5U6U3O6O4U7O8O7U1U8,c,{'O1O2O3O4U3O5U1U4U6O7O6U8U7O8U5U2'},1,"<a href=""/flatknot/8.704310"">8.704310</a>",t^6-44t^4-122t^3-62t^2+14t+1,t^3-t^2-t,,
8.704311,O1O2O3O4U3O5U1U4U6O7O8U2U5O6U8U7,4,3z^3+34z^2+102z+93,3w^4z^3+34w^3z^2+102w^2z+93w,False,False,"[[ 0 -3 -1 -1  1  2  0  1  1],[ 3  0  2  0  2  3  1  2  2],[ 1 -2  0 -1  1  2  0  2  1],[ 1  0  1  0  1  1  1  0  0],[-1 -2 -1 -1  0  1 -2  1  1],[-2 -3 -2 -1 -1  0 -2  1  0],[ 0 -1  0 -1  2  2  0  0  1],[-1 -2 -2  0 -1 -1  0  0  0],[-1 -2 -1  0 -1  0 -1  0  0]]","[[ 0  2  1  1  1  0 -1 -1 -3],[-2  0  1  0 -1 -2 -1 -2 -3],[-1 -1  0  0 -1  0  0 -2 -2],[-1  0  0  0 -1 -1  0 -1 -2],[-1  1  1  1  0 -2 -1 -1 -2],[ 0  2  0  1  2  0 -1  0 -1],[ 1  1  0  0  1  1  0  1  0],[ 1  2  2  1  1  0 -1  0 -2],[ 3  3  2  2  2  1  0  2  0]]",True,"[-2,-1,-1,-1,0,1,1,3,-1,0,1,2,1,2,3,0,1,0,0,2,2,1,1,0,1,2,2,1,1,2,1,0,1,-1,0,2]","[-3,-1,-1,0,1,1,1,2,0,2,1,2,2,2,3,1,1,0,0,1,1,0,1,2,1,2,1,0,2,2,0,-1,0,-1,-1,1]",t^8+53t^6+209t^4+140t^2+1,"[-3,-1,-1,0,1,1,1,2,0,2,2,2,2,2,2,1,1,0,1,1,1,0,2,1,2,2,1,-1,0,0,1,0,2,-1,0,1]","[-2,-1,-1,-1,0,1,1,3,0,1,2,0,1,2,2,1,1,-1,1,1,2,0,0,1,2,2,1,0,2,2,1,0,2,-1,0,2]","[-3,-1,-1,0,1,1,1,2,0,2,1,2,2,2,3,1,1,0,0,1,1,0,1,2,1,2,1,0,2,2,0,-1,0,-1,-1,1]",c,"[[{8, 1}, {2, 7}, {3, 6}, {4, 5}], [{8, 1}, {2, 7}, {4, 6}, {3, 5}], [{8, 1}, {2, 7}, {5, 6}, {3, 4}], [{8, 1}, {2, 7}, {6}, {5}, {3, 4}], [{8, 1}, {3, 7}, {2, 6}, {4, 5}], [{8, 1}, {3, 7}, {4, 6}, {2, 5}], [{8, 1}, {3, 7}, {4, 6}, {5}, {2}], [{8, 1}, {3, 7}, {5, 6}, {2, 4}], [{8, 1}, {4, 7}, {2, 6}, {3, 5}], [{8, 1}, {4, 7}, {3, 6}, {2, 5}], [{8, 1}, {4, 7}, {5, 6}, {2, 3}], [{8, 1}, {5, 7}, {2, 6}, {3, 4}], [{8, 1}, {5, 7}, {3, 6}, {2, 4}], [{8, 1}, {5, 7}, {4, 6}, {2, 3}], [{8, 1}, {6, 7}, {2, 5}, {3, 4}], [{8, 1}, {6, 7}, {2, 5}, {4}, {3}], [{8, 1}, {6, 7}, {3, 5}, {2, 4}], [{8, 1}, {6, 7}, {3, 5}, {4}, {2}], [{8, 1}, {6, 7}, {4, 5}, {2, 3}], [{8, 1}, {6, 7}, {5}, {4}, {2, 3}], [{8, 1}, {7}, {3, 6}, {4, 5}, {2}], [{8, 2}, {1, 7}, {3, 6}, {4, 5}], [{8, 2}, {1, 7}, {3, 6}, {5}, {4}], [{8, 2}, {1, 7}, {4, 6}, {3, 5}], [{8, 2}, {1, 7}, {4, 6}, {5}, {3}], [{8, 2}, {1, 7}, {5, 6}, {3, 4}], [{8, 2}, {1, 7}, {5, 6}, {4}, {3}], [{8, 2}, {1, 7}, {6}, {3, 5}, {4}], [{8, 2}, {1, 7}, {6}, {4, 5}, {3}], [{8, 2}, {1, 7}, {6}, {5}, {3, 4}], [{8, 2}, {1, 7}, {6}, {5}, {4}, {3}], [{8, 2}, {3, 7}, {1, 6}, {4, 5}], [{8, 2}, {3, 7}, {4, 6}, {1, 5}], [{8, 2}, {3, 7}, {5, 6}, {1, 4}], [{8, 2}, {4, 7}, {1, 6}, {3, 5}], [{8, 2}, {4, 7}, {1, 6}, {5}, {3}], [{8, 2}, {4, 7}, {3, 6}, {1, 5}], [{8, 2}, {4, 7}, {5, 6}, {1, 3}], [{8, 2}, {5, 7}, {1, 6}, {3, 4}], [{8, 2}, {5, 7}, {3, 6}, {1, 4}], [{8, 2}, {5, 7}, {4, 6}, {1, 3}], [{8, 2}, {5, 7}, {6}, {3, 4}, {1}], [{8, 2}, {6, 7}, {1, 5}, {3, 4}], [{8, 2}, {6, 7}, {3, 5}, {1, 4}], [{8, 2}, {6, 7}, {4, 5}, {1, 3}], [{8, 2}, {6, 7}, {5}, {1, 4}, {3}], [{8, 2}, {7}, {6}, {1, 5}, {3, 4}], [{8, 3}, {1, 7}, {2, 6}, {4, 5}], [{8, 3}, {1, 7}, {4, 6}, {2, 5}], [{8, 3}, {1, 7}, {5, 6}, {2, 4}], [{8, 3}, {2, 7}, {1, 6}, {4, 5}], [{8, 3}, {2, 7}, {4, 6}, {1, 5}], [{8, 3}, {2, 7}, {5, 6}, {1, 4}], [{8, 3}, {2, 7}, {6}, {1, 5}, {4}], [{8, 3}, {2, 7}, {6}, {4, 5}, {1}], [{8, 3}, {2, 7}, {6}, {5}, {1, 4}], [{8, 3}, {4, 7}, {1, 6}, {2, 5}], [{8, 3}, {4, 7}, {2, 6}, {1, 5}], [{8, 3}, {4, 7}, {5, 6}, {1, 2}], [{8, 3}, {5, 7}, {1, 6}, {2, 4}], [{8, 3}, {5, 7}, {2, 6}, {1, 4}], [{8, 3}, {5, 7}, {4, 6}, {1, 2}], [{8, 3}, {6, 7}, {1, 5}, {2, 4}], [{8, 3}, {6, 7}, {1, 5}, {4}, {2}], [{8, 3}, {6, 7}, {2, 5}, {1, 4}], [{8, 3}, {6, 7}, {4, 5}, {1, 2}], [{8, 3}, {7}, {2, 6}, {1, 5}, {4}], [{8, 4}, {1, 7}, {2, 6}, {3, 5}], [{8, 4}, {1, 7}, {3, 6}, {2, 5}], [{8, 4}, {1, 7}, {5, 6}, {2, 3}], [{8, 4}, {2, 7}, {1, 6}, {3, 5}], [{8, 4}, {2, 7}, {3, 6}, {1, 5}], [{8, 4}, {2, 7}, {5, 6}, {1, 3}], [{8, 4}, {2, 7}, {6}, {1, 5}, {3}], [{8, 4}, {3, 7}, {1, 6}, {2, 5}], [{8, 4}, {3, 7}, {2, 6}, {1, 5}], [{8, 4}, {3, 7}, {5, 6}, {1, 2}], [{8, 4}, {3, 7}, {5, 6}, {2}, {1}], [{8, 4}, {5, 7}, {1, 6}, {2, 3}], [{8, 4}, {5, 7}, {2, 6}, {1, 3}], [{8, 4}, {5, 7}, {3, 6}, {1, 2}], [{8, 4}, {5, 7}, {3, 6}, {2}, {1}], [{8, 4}, {6, 7}, {1, 5}, {2, 3}], [{8, 4}, {6, 7}, {1, 5}, {3}, {2}], [{8, 4}, {6, 7}, {2, 5}, {1, 3}], [{8, 4}, {6, 7}, {3, 5}, {1, 2}], [{8, 4}, {7}, {2, 6}, {1, 5}, {3}], [{8, 4}, {7}, {5, 6}, {3}, {1, 2}], [{8, 5}, {1, 7}, {2, 6}, {3, 4}], [{8, 5}, {1, 7}, {3, 6}, {2, 4}], [{8, 5}, {1, 7}, {4, 6}, {2, 3}], [{8, 5}, {2, 7}, {1, 6}, {3, 4}], [{8, 5}, {2, 7}, {3, 6}, {1, 4}], [{8, 5}, {2, 7}, {4, 6}, {1, 3}], [{8, 5}, {2, 7}, {6}, {3, 4}, {1}], [{8, 5}, {3, 7}, {1, 6}, {2, 4}], [{8, 5}, {3, 7}, {1, 6}, {4}, {2}], [{8, 5}, {3, 7}, {2, 6}, {1, 4}], [{8, 5}, {3, 7}, {4, 6}, {1, 2}], [{8, 5}, {4, 7}, {1, 6}, {2, 3}], [{8, 5}, {4, 7}, {2, 6}, {1, 3}], [{8, 5}, {4, 7}, {3, 6}, {1, 2}], [{8, 5}, {4, 7}, {6}, {3}, {1, 2}], [{8, 5}, {6, 7}, {1, 4}, {2, 3}], [{8, 5}, {6, 7}, {2, 4}, {1, 3}], [{8, 5}, {6, 7}, {3, 4}, {1, 2}], [{8, 5}, {6, 7}, {4}, {1, 3}, {2}], [{8, 5}, {7}, {3, 6}, {1, 4}, {2}], [{8, 6}, {1, 7}, {2, 5}, {3, 4}], [{8, 6}, {1, 7}, {3, 5}, {2, 4}], [{8, 6}, {1, 7}, {4, 5}, {2, 3}], [{8, 6}, {1, 7}, {5}, {3, 4}, {2}], [{8, 6}, {2, 7}, {1, 5}, {3, 4}], [{8, 6}, {2, 7}, {3, 5}, {1, 4}], [{8, 6}, {2, 7}, {4, 5}, {1, 3}], [{8, 6}, {2, 7}, {5}, {4}, {1, 3}], [{8, 6}, {3, 7}, {1, 5}, {2, 4}], [{8, 6}, {3, 7}, {2, 5}, {1, 4}], [{8, 6}, {3, 7}, {4, 5}, {1, 2}], [{8, 6}, {3, 7}, {5}, {4}, {1, 2}], [{8, 6}, {4, 7}, {1, 5}, {2, 3}], [{8, 6}, {4, 7}, {2, 5}, {1, 3}], [{8, 6}, {4, 7}, {3, 5}, {1, 2}], [{8, 6}, {4, 7}, {5}, {1, 3}, {2}], [{8, 6}, {5, 7}, {1, 4}, {2, 3}], [{8, 6}, {5, 7}, {2, 4}, {1, 3}], [{8, 6}, {5, 7}, {3, 4}, {1, 2}], [{8, 6}, {5, 7}, {3, 4}, {2}, {1}], [{8, 6}, {7}, {1, 5}, {3, 4}, {2}], [{8, 6}, {7}, {3, 5}, {1, 4}, {2}], [{8, 6}, {7}, {5}, {2, 4}, {1, 3}], [{8, 7}, {1, 6}, {2, 5}, {3, 4}], [{8, 7}, {1, 6}, {3, 5}, {2, 4}], [{8, 7}, {1, 6}, {4, 5}, {2, 3}], [{8, 7}, {1, 6}, {5}, {4}, {2, 3}], [{8, 7}, {2, 6}, {1, 5}, {3, 4}], [{8, 7}, {2, 6}, {1, 5}, {4}, {3}], [{8, 7}, {2, 6}, {3, 5}, {1, 4}], [{8, 7}, {2, 6}, {4, 5}, {1, 3}], [{8, 7}, {3, 6}, {1, 5}, {2, 4}], [{8, 7}, {3, 6}, {2, 5}, {1, 4}], [{8, 7}, {3, 6}, {4, 5}, {1, 2}], [{8, 7}, {3, 6}, {5}, {4}, {1, 2}], [{8, 7}, {4, 6}, {1, 5}, {2, 3}], [{8, 7}, {4, 6}, {2, 5}, {1, 3}], [{8, 7}, {4, 6}, {3, 5}, {1, 2}], [{8, 7}, {5, 6}, {1, 4}, {2, 3}], [{8, 7}, {5, 6}, {2, 4}, {1, 3}], [{8, 7}, {5, 6}, {3, 4}, {1, 2}], [{8, 7}, {6}, {1, 5}, {3, 4}, {2}], [{8, 7}, {6}, {2, 5}, {4}, {1, 3}], [{8, 7}, {6}, {4, 5}, {1, 3}, {2}], [{8, 7}, {6}, {5}, {2, 4}, {1, 3}], [{8}, {1, 7}, {2, 6}, {5}, {3, 4}], [{8}, {1, 7}, {4, 6}, {3, 5}, {2}], [{8}, {2, 7}, {6}, {1, 5}, {3, 4}], [{8}, {3, 7}, {1, 6}, {5}, {2, 4}], [{8}, {3, 7}, {2, 6}, {1, 5}, {4}], [{8}, {3, 7}, {2, 6}, {4, 5}, {1}], [{8}, {3, 7}, {2, 6}, {5}, {1, 4}], [{8}, {4, 7}, {2, 6}, {1, 5}, {3}], [{8}, {5, 7}, {1, 6}, {2, 4}, {3}], [{8}, {5, 7}, {2, 6}, {3, 4}, {1}], [{8}, {6, 7}, {1, 5}, {3, 4}, {2}], [{8}, {6, 7}, {4, 5}, {2, 3}, {1}], [{8}, {6, 7}, {5}, {2, 4}, {1, 3}], [{8}, {7}, {1, 6}, {3, 5}, {2, 4}], [{8}, {7}, {2, 6}, {1, 5}, {3, 4}], [{8}, {7}, {2, 6}, {1, 5}, {4}, {3}], [{8}, {7}, {3, 6}, {1, 5}, {2, 4}], [{8}, {7}, {4, 6}, {1, 5}, {2, 3}], [{8}, {7}, {6}, {1, 5}, {3, 4}, {2}]]",2,- 6 K_1^2 - 2 K_1 K_2 + K_1 + 3 K_2 + K_3 + 4,O1O2O3O4U5U6O7U8U3O6O5U7U1U4O8U2,O1O2O3U4U5O6O7U3O5O4U1U6U8U2O8U7,O1O2O3U4O5U2U5U6U3O7O8U1O4O6U8U7,c,{'O1O2O3O4U3O5U1U4U6O7O8U2U5O6U8U7'},1,"<a href=""/flatknot/8.704311"">8.704311</a>",t^9-57t^7-170t^6+130t^5+714t^4+103t^3-534t^2-28t+98,t^3-t^2-t,,
8.704312,O1O2O3O4U3O5U1U4U6O7O8U2U8O6U5U7,4,12z^2+97z+147,12w^3z^2+97w^2z+147w,False,False,"[[ 0 -3 -1 -1  1  2  0  1  1],[ 3  0  2  0  2  3  2  2  1],[ 1 -2  0 -1  1  2  0  2  1],[ 1  0  1  0  1  1  1  0  0],[-1 -2 -1 -1  0  1 -1  1  0],[-2 -3 -2 -1 -1  0 -2  0  0],[ 0 -2  0 -1  1  2  0  1  1],[-1 -2 -2  0 -1  0 -1  0  0],[-1 -1 -1  0  0  0 -1  0  0]]","[[ 0  2  1  1  1  0 -1 -1 -3],[-2  0  0  0 -1 -2 -1 -2 -3],[-1  0  0  0  0 -1  0 -1 -1],[-1  0  0  0 -1 -1  0 -2 -2],[-1  1  0  1  0 -1 -1 -1 -2],[ 0  2  1  1  1  0 -1  0 -2],[ 1  1  0  0  1  1  0  1  0],[ 1  2  1  2  1  0 -1  0 -2],[ 3  3  1  2  2  2  0  2  0]]",True,"[-2,-1,-1,-1,0,1,1,3,0,0,1,2,1,2,3,0,0,1,0,1,1,1,1,0,2,2,1,1,1,2,1,0,2,-1,0,2]","[-3,-1,-1,0,1,1,1,2,0,2,1,2,2,3,2,1,1,0,1,1,1,0,2,1,2,2,0,0,0,0,1,0,1,0,0,1]",t^8+49t^6+69t^4+21t^2+1,"[-3,-1,-1,0,1,1,1,2,0,2,1,2,2,3,2,1,1,0,1,1,1,0,2,1,2,2,0,0,0,0,1,0,1,0,0,1]","[-2,-1,-1,-1,0,1,1,3,0,1,1,0,1,2,2,0,1,0,1,1,2,0,0,1,2,3,0,0,2,2,1,0,1,-1,0,2]","[-3,-1,-1,0,1,1,1,2,0,2,2,1,2,2,3,1,1,0,0,1,1,0,1,2,1,2,1,1,1,2,0,0,0,-1,0,1]",c,"[[{8, 2}, {6, 7}, {4, 5}, {1, 3}]]",1,- 18 K_1^2 - 26 K_1 K_2 - 4 K_1 K_3 + 13 K_1 - 4 K_2^2 + 11 K_2 + 13 K_3 + 4 K_4 + 12,O1O2O3O4U5U6O7U8U3O8O5U7U1U4O6U2,O1O2O3U4U5O6O5U3O7O4U1U6U8U2O8U7,O1O2O3U4O5U2U5U6U3O7O4U1O8O6U8U7,c,{'O1O2O3O4U3O5U1U4U6O7O8U2U8O6U5U7'},1,"<a href=""/flatknot/8.704312"">8.704312</a>",t^9-53t^7-152t^6+40t^5+202t^4-17t^3-66t^2+11t+4,t^3-t^2-t,,
8.704313,O1O2O3O4U3O5U1U4U6O7O8U5U2O6U8U7,4,5z^3+45z^2+115z+91,5w^4z^3+45w^3z^2+115w^2z+91w,False,False,"[[ 0 -3  0 -1  1  1  0  1  1],[ 3  0  3  0  2  2  1  2  2],[ 0 -3  0 -1  0  1 -1  2  1],[ 1  0  1  0  1  1  1  0  0],[-1 -2  0 -1  0  1 -2  1  1],[-1 -2 -1 -1 -1  0 -1  1  0],[ 0 -1  1 -1  2  1  0  0  1],[-1 -2 -2  0 -1 -1  0  0  0],[-1 -2 -1  0 -1  0 -1  0  0]]","[[ 0  1  1  1  1  0  0 -1 -3],[-1  0  1  1  1  0 -2 -1 -2],[-1 -1  0  1  0 -1 -1 -1 -2],[-1 -1 -1  0  0 -2  0  0 -2],[-1 -1  0  0  0 -1 -1  0 -2],[ 0  0  1  2  1  0 -1 -1 -3],[ 0  2  1  0  1  1  0 -1 -1],[ 1  1  1  0  0  1  1  0  0],[ 3  2  2  2  2  3  1  0  0]]",True,"[-1,-1,-1,-1,0,0,1,3,-1,-1,-1,0,2,1,2,-1,0,1,1,1,2,0,2,0,0,2,1,1,0,2,1,1,3,1,1,0]","[-3,-1,0,0,1,1,1,1,0,1,3,2,2,2,2,1,1,0,0,1,1,1,0,1,1,2,2,1,1,0,0,-1,-1,0,-1,-1]",t^8+47t^6+184t^4+124t^2+4,"[-3,-1,0,0,1,1,1,1,2,0,2,2,2,2,2,0,0,1,1,2,2,1,0,1,-1,0,0,-1,1,0,1,-1,0,-1,-1,0]","[-1,-1,-1,-1,0,0,1,3,-1,-1,0,-1,1,2,2,-1,0,0,0,1,2,1,1,-1,1,2,0,0,2,2,-1,0,0,0,2,2]","[-3,-1,0,0,1,1,1,1,0,1,3,2,2,2,2,1,1,0,0,1,1,1,0,1,1,2,2,1,1,0,0,-1,-1,0,-1,-1]",c,"[[{8, 1}, {2, 7}, {3, 6}, {4, 5}], [{8, 1}, {2, 7}, {3, 6}, {5}, {4}], [{8, 1}, {2, 7}, {4, 6}, {3, 5}], [{8, 1}, {2, 7}, {5, 6}, {3, 4}], [{8, 1}, {2, 7}, {6}, {4, 5}, {3}], [{8, 1}, {3, 7}, {2, 6}, {4, 5}], [{8, 1}, {3, 7}, {2, 6}, {5}, {4}], [{8, 1}, {3, 7}, {4, 6}, {2, 5}], [{8, 1}, {3, 7}, {5, 6}, {2, 4}], [{8, 1}, {3, 7}, {6}, {4, 5}, {2}], [{8, 1}, {4, 7}, {2, 6}, {3, 5}], [{8, 1}, {4, 7}, {3, 6}, {2, 5}], [{8, 1}, {4, 7}, {5, 6}, {2, 3}], [{8, 1}, {5, 7}, {2, 6}, {3, 4}], [{8, 1}, {5, 7}, {3, 6}, {2, 4}], [{8, 1}, {5, 7}, {4, 6}, {2, 3}], [{8, 1}, {5, 7}, {6}, {3, 4}, {2}], [{8, 1}, {6, 7}, {2, 5}, {3, 4}], [{8, 1}, {6, 7}, {2, 5}, {4}, {3}], [{8, 1}, {6, 7}, {3, 5}, {2, 4}], [{8, 1}, {6, 7}, {3, 5}, {4}, {2}], [{8, 1}, {6, 7}, {4, 5}, {2, 3}], [{8, 1}, {6, 7}, {4, 5}, {3}, {2}], [{8, 1}, {6, 7}, {5}, {2, 4}, {3}], [{8, 1}, {6, 7}, {5}, {3, 4}, {2}], [{8, 1}, {6, 7}, {5}, {4}, {2, 3}], [{8, 1}, {6, 7}, {5}, {4}, {3}, {2}], [{8, 1}, {7}, {2, 6}, {4, 5}, {3}], [{8, 1}, {7}, {3, 6}, {4, 5}, {2}], [{8, 1}, {7}, {5, 6}, {3, 4}, {2}], [{8, 1}, {7}, {6}, {3, 5}, {2, 4}], [{8, 1}, {7}, {6}, {4, 5}, {2, 3}], [{8, 2}, {1, 7}, {3, 6}, {4, 5}], [{8, 2}, {1, 7}, {4, 6}, {3, 5}], [{8, 2}, {1, 7}, {5, 6}, {3, 4}], [{8, 2}, {1, 7}, {6}, {3, 5}, {4}], [{8, 2}, {3, 7}, {1, 6}, {4, 5}], [{8, 2}, {3, 7}, {4, 6}, {1, 5}], [{8, 2}, {3, 7}, {5, 6}, {1, 4}], [{8, 2}, {3, 7}, {6}, {5}, {1, 4}], [{8, 2}, {4, 7}, {1, 6}, {3, 5}], [{8, 2}, {4, 7}, {3, 6}, {1, 5}], [{8, 2}, {4, 7}, {5, 6}, {1, 3}], [{8, 2}, {4, 7}, {6}, {1, 5}, {3}], [{8, 2}, {5, 7}, {1, 6}, {3, 4}], [{8, 2}, {5, 7}, {3, 6}, {1, 4}], [{8, 2}, {5, 7}, {3, 6}, {4}, {1}], [{8, 2}, {5, 7}, {4, 6}, {1, 3}], [{8, 2}, {6, 7}, {1, 5}, {3, 4}], [{8, 2}, {6, 7}, {3, 5}, {1, 4}], [{8, 2}, {6, 7}, {4, 5}, {1, 3}], [{8, 2}, {7}, {5, 6}, {1, 4}, {3}], [{8, 2}, {7}, {5, 6}, {3, 4}, {1}], [{8, 2}, {7}, {5, 6}, {4}, {1, 3}], [{8, 3}, {1, 7}, {2, 6}, {4, 5}], [{8, 3}, {1, 7}, {4, 6}, {2, 5}], [{8, 3}, {1, 7}, {5, 6}, {2, 4}], [{8, 3}, {2, 7}, {1, 6}, {4, 5}], [{8, 3}, {2, 7}, {4, 6}, {1, 5}], [{8, 3}, {2, 7}, {5, 6}, {1, 4}], [{8, 3}, {4, 7}, {1, 6}, {2, 5}], [{8, 3}, {4, 7}, {2, 6}, {1, 5}], [{8, 3}, {4, 7}, {5, 6}, {1, 2}], [{8, 3}, {5, 7}, {1, 6}, {2, 4}], [{8, 3}, {5, 7}, {2, 6}, {1, 4}], [{8, 3}, {5, 7}, {4, 6}, {1, 2}], [{8, 3}, {5, 7}, {6}, {4}, {1, 2}], [{8, 3}, {6, 7}, {1, 5}, {2, 4}], [{8, 3}, {6, 7}, {2, 5}, {1, 4}], [{8, 3}, {6, 7}, {4, 5}, {1, 2}], [{8, 3}, {7}, {2, 6}, {1, 5}, {4}], [{8, 3}, {7}, {5, 6}, {2, 4}, {1}], [{8, 4}, {1, 7}, {2, 6}, {3, 5}], [{8, 4}, {1, 7}, {3, 6}, {2, 5}], [{8, 4}, {1, 7}, {3, 6}, {5}, {2}], [{8, 4}, {1, 7}, {5, 6}, {2, 3}], [{8, 4}, {2, 7}, {1, 6}, {3, 5}], [{8, 4}, {2, 7}, {3, 6}, {1, 5}], [{8, 4}, {2, 7}, {3, 6}, {5}, {1}], [{8, 4}, {2, 7}, {5, 6}, {1, 3}], [{8, 4}, {2, 7}, {6}, {1, 5}, {3}], [{8, 4}, {3, 7}, {1, 6}, {2, 5}], [{8, 4}, {3, 7}, {2, 6}, {1, 5}], [{8, 4}, {3, 7}, {2, 6}, {5}, {1}], [{8, 4}, {3, 7}, {5, 6}, {1, 2}], [{8, 4}, {3, 7}, {6}, {1, 5}, {2}], [{8, 4}, {5, 7}, {1, 6}, {2, 3}], [{8, 4}, {5, 7}, {1, 6}, {3}, {2}], [{8, 4}, {5, 7}, {2, 6}, {1, 3}], [{8, 4}, {5, 7}, {3, 6}, {1, 2}], [{8, 4}, {5, 7}, {3, 6}, {2}, {1}], [{8, 4}, {5, 7}, {6}, {1, 3}, {2}], [{8, 4}, {6, 7}, {1, 5}, {2, 3}], [{8, 4}, {6, 7}, {1, 5}, {3}, {2}], [{8, 4}, {6, 7}, {2, 5}, {1, 3}], [{8, 4}, {6, 7}, {3, 5}, {1, 2}], [{8, 4}, {6, 7}, {5}, {2, 3}, {1}], [{8, 4}, {7}, {2, 6}, {1, 5}, {3}], [{8, 4}, {7}, {3, 6}, {1, 5}, {2}], [{8, 4}, {7}, {3, 6}, {2, 5}, {1}], [{8, 4}, {7}, {3, 6}, {5}, {1, 2}], [{8, 4}, {7}, {3, 6}, {5}, {2}, {1}], [{8, 4}, {7}, {6}, {1, 5}, {2, 3}], [{8, 5}, {1, 7}, {2, 6}, {3, 4}], [{8, 5}, {1, 7}, {3, 6}, {2, 4}], [{8, 5}, {1, 7}, {4, 6}, {2, 3}], [{8, 5}, {1, 7}, {6}, {3, 4}, {2}], [{8, 5}, {2, 7}, {1, 6}, {3, 4}], [{8, 5}, {2, 7}, {3, 6}, {1, 4}], [{8, 5}, {2, 7}, {3, 6}, {4}, {1}], [{8, 5}, {2, 7}, {4, 6}, {1, 3}], [{8, 5}, {2, 7}, {6}, {1, 4}, {3}], [{8, 5}, {3, 7}, {1, 6}, {2, 4}], [{8, 5}, {3, 7}, {2, 6}, {1, 4}], [{8, 5}, {3, 7}, {2, 6}, {4}, {1}], [{8, 5}, {3, 7}, {4, 6}, {1, 2}], [{8, 5}, {3, 7}, {6}, {1, 4}, {2}], [{8, 5}, {4, 7}, {1, 6}, {2, 3}], [{8, 5}, {4, 7}, {2, 6}, {1, 3}], [{8, 5}, {4, 7}, {3, 6}, {1, 2}], [{8, 5}, {6, 7}, {1, 4}, {2, 3}], [{8, 5}, {6, 7}, {1, 4}, {3}, {2}], [{8, 5}, {6, 7}, {2, 4}, {1, 3}], [{8, 5}, {6, 7}, {3, 4}, {1, 2}], [{8, 5}, {6, 7}, {4}, {2, 3}, {1}], [{8, 5}, {7}, {1, 6}, {2, 4}, {3}], [{8, 5}, {7}, {2, 6}, {1, 4}, {3}], [{8, 5}, {7}, {3, 6}, {1, 4}, {2}], [{8, 5}, {7}, {6}, {1, 4}, {2, 3}], [{8, 6}, {1, 7}, {2, 5}, {3, 4}], [{8, 6}, {1, 7}, {3, 5}, {2, 4}], [{8, 6}, {1, 7}, {3, 5}, {4}, {2}], [{8, 6}, {1, 7}, {4, 5}, {2, 3}], [{8, 6}, {2, 7}, {1, 5}, {3, 4}], [{8, 6}, {2, 7}, {3, 5}, {1, 4}], [{8, 6}, {2, 7}, {4, 5}, {1, 3}], [{8, 6}, {3, 7}, {1, 5}, {2, 4}], [{8, 6}, {3, 7}, {2, 5}, {1, 4}], [{8, 6}, {3, 7}, {4, 5}, {1, 2}], [{8, 6}, {3, 7}, {5}, {1, 4}, {2}], [{8, 6}, {4, 7}, {1, 5}, {2, 3}], [{8, 6}, {4, 7}, {1, 5}, {3}, {2}], [{8, 6}, {4, 7}, {2, 5}, {1, 3}], [{8, 6}, {4, 7}, {3, 5}, {1, 2}], [{8, 6}, {5, 7}, {1, 4}, {2, 3}], [{8, 6}, {5, 7}, {2, 4}, {1, 3}], [{8, 6}, {5, 7}, {3, 4}, {1, 2}], [{8, 6}, {7}, {2, 5}, {3, 4}, {1}], [{8, 7}, {1, 6}, {2, 5}, {3, 4}], [{8, 7}, {1, 6}, {3, 5}, {2, 4}], [{8, 7}, {1, 6}, {4, 5}, {2, 3}], [{8, 7}, {2, 6}, {1, 5}, {3, 4}], [{8, 7}, {2, 6}, {1, 5}, {4}, {3}], [{8, 7}, {2, 6}, {3, 5}, {1, 4}], [{8, 7}, {2, 6}, {4, 5}, {1, 3}], [{8, 7}, {3, 6}, {1, 5}, {2, 4}], [{8, 7}, {3, 6}, {2, 5}, {1, 4}], [{8, 7}, {3, 6}, {4, 5}, {1, 2}], [{8, 7}, {4, 6}, {1, 5}, {2, 3}], [{8, 7}, {4, 6}, {2, 5}, {1, 3}], [{8, 7}, {4, 6}, {3, 5}, {1, 2}], [{8, 7}, {5, 6}, {1, 4}, {2, 3}], [{8, 7}, {5, 6}, {2, 4}, {1, 3}], [{8, 7}, {5, 6}, {3, 4}, {1, 2}], [{8, 7}, {6}, {1, 5}, {3, 4}, {2}], [{8, 7}, {6}, {2, 5}, {4}, {1, 3}], [{8, 7}, {6}, {3, 5}, {4}, {1, 2}], [{8, 7}, {6}, {4, 5}, {1, 3}, {2}], [{8, 7}, {6}, {5}, {2, 4}, {1, 3}], [{8}, {1, 7}, {2, 6}, {3, 5}, {4}], [{8}, {1, 7}, {5, 6}, {2, 4}, {3}], [{8}, {2, 7}, {1, 6}, {5}, {3, 4}], [{8}, {2, 7}, {3, 6}, {1, 5}, {4}], [{8}, {2, 7}, {3, 6}, {4, 5}, {1}], [{8}, {2, 7}, {3, 6}, {5}, {1, 4}], [{8}, {3, 7}, {1, 6}, {5}, {2, 4}], [{8}, {3, 7}, {2, 6}, {1, 5}, {4}], [{8}, {3, 7}, {2, 6}, {4, 5}, {1}], [{8}, {3, 7}, {2, 6}, {5}, {1, 4}], [{8}, {3, 7}, {2, 6}, {5}, {4}, {1}], [{8}, {3, 7}, {4, 6}, {5}, {1, 2}], [{8}, {3, 7}, {5, 6}, {1, 4}, {2}], [{8}, {3, 7}, {6}, {2, 5}, {1, 4}], [{8}, {3, 7}, {6}, {5}, {1, 4}, {2}], [{8}, {4, 7}, {1, 6}, {5}, {2, 3}], [{8}, {4, 7}, {2, 6}, {1, 5}, {3}], [{8}, {5, 7}, {2, 6}, {4}, {1, 3}], [{8}, {5, 7}, {3, 6}, {2, 4}, {1}], [{8}, {6, 7}, {1, 5}, {4}, {2, 3}], [{8}, {6, 7}, {4, 5}, {2, 3}, {1}], [{8}, {6, 7}, {5}, {1, 4}, {2, 3}], [{8}, {7}, {2, 6}, {1, 5}, {3, 4}], [{8}, {7}, {2, 6}, {1, 5}, {4}, {3}], [{8}, {7}, {5, 6}, {3, 4}, {1, 2}]]",2,- 4 K_1^2 - 6 K_1 K_2 + 3 K_1 + 2 K_2 + 3 K_3 + 3,O1O2O3O4U5U6O7U3U8O6O5U7U1U4O8U2,O1O2O3U4U5O6O7U3O5O4U1U7U8U2O8U6,O1O2O3U4O5U2U5U6U3O7O8U1O6O4U8U7,c,{'O1O2O3O4U3O5U1U4U6O7O8U5U2O6U8U7'},1,"<a href=""/flatknot/8.704313"">8.704313</a>",t^9-53t^7-124t^6+158t^5+412t^4-110t^3-238t^2+96t-2,t^3-3t,,
8.704314,O1O2O3O4U3O5U1U4U6O7O8U5U8O6U2U7,3,2z^2+55z+103,2w^3z^2+55w^2z+103w,False,False,"[[ 0 -3  0 -1  1  1  0  1  1],[ 3  0  3  0  2  2  2  2  1],[ 0 -3  0 -1  0  1 -1  1  1],[ 1  0  1  0  1  1  1  0  0],[-1 -2  0 -1  0  1 -2  1  1],[-1 -2 -1 -1 -1  0 -2  1  1],[ 0 -2  1 -1  2  2  0  1  1],[-1 -2 -1  0 -1 -1 -1  0  0],[-1 -1 -1  0 -1 -1 -1  0  0]]","[[ 0  1  1  1  1  0  0 -1 -3],[-1  0  1  1  1  0 -2 -1 -2],[-1 -1  0  1  1 -1 -2 -1 -2],[-1 -1 -1  0  0 -1 -1  0 -1],[-1 -1 -1  0  0 -1 -1  0 -2],[ 0  0  1  1  1  0 -1 -1 -3],[ 0  2  2  1  1  1  0 -1 -2],[ 1  1  1  0  0  1  1  0  0],[ 3  2  2  1  2  3  2  0  0]]",True,"[-1,-1,-1,-1,0,0,1,3,-1,-1,-1,0,2,1,2,-1,-1,1,2,1,2,0,1,1,0,1,1,1,0,2,1,1,3,1,2,0]","[-3,-1,0,0,1,1,1,1,0,2,3,1,2,2,2,1,1,0,0,1,1,1,1,1,2,2,1,1,0,1,0,-1,-1,-1,-1,1]",t^8+49t^6+120t^4+26t^2,"[-3,-1,0,0,1,1,1,1,2,0,1,2,2,2,3,0,0,1,1,2,2,1,0,1,0,0,-1,-1,0,0,1,-1,-1,-1,-1,0]","[-1,-1,-1,-1,0,0,1,3,-1,-1,0,0,0,2,2,-1,1,-1,0,1,2,1,-1,1,1,2,0,0,2,3,1,0,1,0,0,2]","[-3,-1,0,0,1,1,1,1,0,2,3,1,2,2,2,1,1,0,0,1,1,1,1,1,2,2,1,1,0,1,0,-1,-1,-1,-1,1]",c,"[[{8, 1}, {2, 7}, {3, 6}, {4, 5}], [{8, 1}, {2, 7}, {4, 6}, {3, 5}], [{8, 1}, {2, 7}, {5, 6}, {3, 4}], [{8, 1}, {3, 7}, {2, 6}, {4, 5}], [{8, 1}, {3, 7}, {4, 6}, {2, 5}], [{8, 1}, {3, 7}, {5, 6}, {2, 4}], [{8, 1}, {3, 7}, {5, 6}, {4}, {2}], [{8, 1}, {4, 7}, {2, 6}, {3, 5}], [{8, 1}, {4, 7}, {3, 6}, {2, 5}], [{8, 1}, {4, 7}, {5, 6}, {2, 3}], [{8, 1}, {5, 7}, {2, 6}, {3, 4}], [{8, 1}, {5, 7}, {2, 6}, {4}, {3}], [{8, 1}, {5, 7}, {3, 6}, {2, 4}], [{8, 1}, {5, 7}, {4, 6}, {2, 3}], [{8, 1}, {5, 7}, {6}, {3, 4}, {2}], [{8, 1}, {6, 7}, {2, 5}, {3, 4}], [{8, 1}, {6, 7}, {3, 5}, {2, 4}], [{8, 1}, {6, 7}, {3, 5}, {4}, {2}], [{8, 1}, {6, 7}, {4, 5}, {2, 3}], [{8, 1}, {6, 7}, {5}, {2, 4}, {3}], [{8, 1}, {7}, {2, 6}, {5}, {3, 4}], [{8, 1}, {7}, {6}, {3, 5}, {2, 4}], [{8, 2}, {1, 7}, {3, 6}, {4, 5}], [{8, 2}, {1, 7}, {4, 6}, {3, 5}], [{8, 2}, {1, 7}, {5, 6}, {3, 4}], [{8, 2}, {3, 7}, {1, 6}, {4, 5}], [{8, 2}, {3, 7}, {1, 6}, {5}, {4}], [{8, 2}, {3, 7}, {4, 6}, {1, 5}], [{8, 2}, {3, 7}, {4, 6}, {5}, {1}], [{8, 2}, {3, 7}, {5, 6}, {1, 4}], [{8, 2}, {3, 7}, {5, 6}, {4}, {1}], [{8, 2}, {3, 7}, {6}, {1, 5}, {4}], [{8, 2}, {3, 7}, {6}, {4, 5}, {1}], [{8, 2}, {3, 7}, {6}, {5}, {1, 4}], [{8, 2}, {3, 7}, {6}, {5}, {4}, {1}], [{8, 2}, {4, 7}, {1, 6}, {3, 5}], [{8, 2}, {4, 7}, {3, 6}, {1, 5}], [{8, 2}, {4, 7}, {5, 6}, {1, 3}], [{8, 2}, {5, 7}, {1, 6}, {3, 4}], [{8, 2}, {5, 7}, {1, 6}, {4}, {3}], [{8, 2}, {5, 7}, {3, 6}, {1, 4}], [{8, 2}, {5, 7}, {4, 6}, {1, 3}], [{8, 2}, {5, 7}, {4, 6}, {3}, {1}], [{8, 2}, {5, 7}, {6}, {1, 4}, {3}], [{8, 2}, {6, 7}, {1, 5}, {3, 4}], [{8, 2}, {6, 7}, {3, 5}, {1, 4}], [{8, 2}, {6, 7}, {4, 5}, {1, 3}], [{8, 2}, {7}, {1, 6}, {3, 5}, {4}], [{8, 2}, {7}, {4, 6}, {3, 5}, {1}], [{8, 2}, {7}, {6}, {3, 5}, {1, 4}], [{8, 3}, {1, 7}, {2, 6}, {4, 5}], [{8, 3}, {1, 7}, {4, 6}, {2, 5}], [{8, 3}, {1, 7}, {5, 6}, {2, 4}], [{8, 3}, {1, 7}, {5, 6}, {4}, {2}], [{8, 3}, {2, 7}, {1, 6}, {4, 5}], [{8, 3}, {2, 7}, {1, 6}, {5}, {4}], [{8, 3}, {2, 7}, {4, 6}, {1, 5}], [{8, 3}, {2, 7}, {4, 6}, {5}, {1}], [{8, 3}, {2, 7}, {5, 6}, {1, 4}], [{8, 3}, {2, 7}, {5, 6}, {4}, {1}], [{8, 3}, {2, 7}, {6}, {1, 5}, {4}], [{8, 3}, {2, 7}, {6}, {4, 5}, {1}], [{8, 3}, {2, 7}, {6}, {5}, {1, 4}], [{8, 3}, {2, 7}, {6}, {5}, {4}, {1}], [{8, 3}, {4, 7}, {1, 6}, {2, 5}], [{8, 3}, {4, 7}, {2, 6}, {1, 5}], [{8, 3}, {4, 7}, {5, 6}, {1, 2}], [{8, 3}, {5, 7}, {1, 6}, {2, 4}], [{8, 3}, {5, 7}, {2, 6}, {1, 4}], [{8, 3}, {5, 7}, {4, 6}, {1, 2}], [{8, 3}, {6, 7}, {1, 5}, {2, 4}], [{8, 3}, {6, 7}, {1, 5}, {4}, {2}], [{8, 3}, {6, 7}, {2, 5}, {1, 4}], [{8, 3}, {6, 7}, {4, 5}, {1, 2}], [{8, 3}, {7}, {2, 6}, {1, 5}, {4}], [{8, 3}, {7}, {5, 6}, {4}, {1, 2}], [{8, 4}, {1, 7}, {2, 6}, {3, 5}], [{8, 4}, {1, 7}, {3, 6}, {2, 5}], [{8, 4}, {1, 7}, {5, 6}, {2, 3}], [{8, 4}, {2, 7}, {1, 6}, {3, 5}], [{8, 4}, {2, 7}, {3, 6}, {1, 5}], [{8, 4}, {2, 7}, {5, 6}, {1, 3}], [{8, 4}, {3, 7}, {1, 6}, {2, 5}], [{8, 4}, {3, 7}, {2, 6}, {1, 5}], [{8, 4}, {3, 7}, {5, 6}, {1, 2}], [{8, 4}, {5, 7}, {1, 6}, {2, 3}], [{8, 4}, {5, 7}, {2, 6}, {1, 3}], [{8, 4}, {5, 7}, {3, 6}, {1, 2}], [{8, 4}, {5, 7}, {6}, {1, 3}, {2}], [{8, 4}, {5, 7}, {6}, {2, 3}, {1}], [{8, 4}, {5, 7}, {6}, {3}, {1, 2}], [{8, 4}, {6, 7}, {1, 5}, {2, 3}], [{8, 4}, {6, 7}, {2, 5}, {1, 3}], [{8, 4}, {6, 7}, {3, 5}, {1, 2}], [{8, 4}, {6, 7}, {5}, {1, 3}, {2}], [{8, 4}, {6, 7}, {5}, {2, 3}, {1}], [{8, 4}, {6, 7}, {5}, {3}, {1, 2}], [{8, 4}, {7}, {2, 6}, {1, 5}, {3}], [{8, 4}, {7}, {5, 6}, {1, 3}, {2}], [{8, 4}, {7}, {5, 6}, {2, 3}, {1}], [{8, 4}, {7}, {5, 6}, {3}, {1, 2}], [{8, 5}, {1, 7}, {2, 6}, {3, 4}], [{8, 5}, {1, 7}, {2, 6}, {4}, {3}], [{8, 5}, {1, 7}, {3, 6}, {2, 4}], [{8, 5}, {1, 7}, {3, 6}, {4}, {2}], [{8, 5}, {1, 7}, {4, 6}, {2, 3}], [{8, 5}, {1, 7}, {4, 6}, {3}, {2}], [{8, 5}, {1, 7}, {6}, {2, 4}, {3}], [{8, 5}, {1, 7}, {6}, {3, 4}, {2}], [{8, 5}, {1, 7}, {6}, {4}, {2, 3}], [{8, 5}, {1, 7}, {6}, {4}, {3}, {2}], [{8, 5}, {2, 7}, {1, 6}, {3, 4}], [{8, 5}, {2, 7}, {3, 6}, {1, 4}], [{8, 5}, {2, 7}, {3, 6}, {4}, {1}], [{8, 5}, {2, 7}, {4, 6}, {1, 3}], [{8, 5}, {3, 7}, {1, 6}, {2, 4}], [{8, 5}, {3, 7}, {2, 6}, {1, 4}], [{8, 5}, {3, 7}, {4, 6}, {1, 2}], [{8, 5}, {4, 7}, {1, 6}, {2, 3}], [{8, 5}, {4, 7}, {1, 6}, {3}, {2}], [{8, 5}, {4, 7}, {2, 6}, {1, 3}], [{8, 5}, {4, 7}, {3, 6}, {1, 2}], [{8, 5}, {6, 7}, {1, 4}, {2, 3}], [{8, 5}, {6, 7}, {1, 4}, {3}, {2}], [{8, 5}, {6, 7}, {2, 4}, {1, 3}], [{8, 5}, {6, 7}, {3, 4}, {1, 2}], [{8, 5}, {7}, {2, 6}, {3, 4}, {1}], [{8, 5}, {7}, {3, 6}, {4}, {1, 2}], [{8, 6}, {1, 7}, {2, 5}, {3, 4}], [{8, 6}, {1, 7}, {3, 5}, {2, 4}], [{8, 6}, {1, 7}, {3, 5}, {4}, {2}], [{8, 6}, {1, 7}, {4, 5}, {2, 3}], [{8, 6}, {2, 7}, {1, 5}, {3, 4}], [{8, 6}, {2, 7}, {3, 5}, {1, 4}], [{8, 6}, {2, 7}, {3, 5}, {4}, {1}], [{8, 6}, {2, 7}, {4, 5}, {1, 3}], [{8, 6}, {3, 7}, {1, 5}, {2, 4}], [{8, 6}, {3, 7}, {1, 5}, {4}, {2}], [{8, 6}, {3, 7}, {2, 5}, {1, 4}], [{8, 6}, {3, 7}, {4, 5}, {1, 2}], [{8, 6}, {4, 7}, {1, 5}, {2, 3}], [{8, 6}, {4, 7}, {2, 5}, {1, 3}], [{8, 6}, {4, 7}, {3, 5}, {1, 2}], [{8, 6}, {5, 7}, {1, 4}, {2, 3}], [{8, 6}, {5, 7}, {2, 4}, {1, 3}], [{8, 6}, {5, 7}, {3, 4}, {1, 2}], [{8, 6}, {7}, {3, 5}, {4}, {1, 2}], [{8, 7}, {1, 6}, {2, 5}, {3, 4}], [{8, 7}, {1, 6}, {3, 5}, {2, 4}], [{8, 7}, {1, 6}, {4, 5}, {2, 3}], [{8, 7}, {2, 6}, {1, 5}, {3, 4}], [{8, 7}, {2, 6}, {1, 5}, {4}, {3}], [{8, 7}, {2, 6}, {3, 5}, {1, 4}], [{8, 7}, {2, 6}, {4, 5}, {1, 3}], [{8, 7}, {2, 6}, {5}, {3, 4}, {1}], [{8, 7}, {3, 6}, {1, 5}, {2, 4}], [{8, 7}, {3, 6}, {2, 5}, {1, 4}], [{8, 7}, {3, 6}, {4, 5}, {1, 2}], [{8, 7}, {4, 6}, {1, 5}, {2, 3}], [{8, 7}, {4, 6}, {2, 5}, {1, 3}], [{8, 7}, {4, 6}, {3, 5}, {1, 2}], [{8, 7}, {5, 6}, {1, 4}, {2, 3}], [{8, 7}, {5, 6}, {2, 4}, {1, 3}], [{8, 7}, {5, 6}, {3, 4}, {1, 2}], [{8, 7}, {5, 6}, {4}, {3}, {1, 2}], [{8, 7}, {6}, {1, 5}, {3, 4}, {2}], [{8}, {1, 7}, {2, 6}, {5}, {3, 4}], [{8}, {3, 7}, {2, 6}, {1, 5}, {4}], [{8}, {3, 7}, {5, 6}, {4}, {1, 2}], [{8}, {4, 7}, {2, 6}, {1, 5}, {3}], [{8}, {4, 7}, {2, 6}, {3, 5}, {1}], [{8}, {4, 7}, {2, 6}, {5}, {1, 3}], [{8}, {4, 7}, {3, 6}, {2, 5}, {1}], [{8}, {4, 7}, {5, 6}, {3}, {1, 2}], [{8}, {5, 7}, {2, 6}, {3, 4}, {1}], [{8}, {5, 7}, {3, 6}, {2, 4}, {1}], [{8}, {6, 7}, {2, 5}, {3, 4}, {1}], [{8}, {6, 7}, {3, 5}, {2, 4}, {1}], [{8}, {7}, {2, 6}, {1, 5}, {3, 4}], [{8}, {7}, {2, 6}, {1, 5}, {4}, {3}], [{8}, {7}, {5, 6}, {3, 4}, {1, 2}], [{8}, {7}, {5, 6}, {4}, {3}, {1, 2}]]",2,4 K_1^3 + 4 K_1^2 K_2 - 24 K_1^2 - 30 K_1 K_2 - 4 K_1 K_3 + 12 K_1 - 4 K_2^2 + 12 K_2 + 14 K_3 + 3 K_4 + 14,O1O2O3O4U5U3O6U7U8O7O5U6U1U4O8U2,O1O2O3U4U5O6O5U3O7O4U1U7U8U2O8U6,O1O2O3U4O5U2U5U6U3O7O6U1O8O4U8U7,c,{'O1O2O3O4U3O5U1U4U6O7O8U5U8O6U2U7'},1,"<a href=""/flatknot/8.704314"">8.704314</a>",t^9-55t^7-162t^6-18t^5+256t^4+65t^3-92t^2+44t,t^3-3t,,
8.704315,O1O2O3O4U3O5U1U4U6O7O8U7U2O6U5U8,4,18z^2+103z+135,18w^3z^2+103w^2z+135w,False,False,"[[ 0 -3  0 -1  1  2  0 -1  2],[ 3  0  2  0  2  3  2  0  2],[ 0 -2  0 -1  1  1  0  0  2],[ 1  0  1  0  1  1  1  0  0],[-1 -2 -1 -1  0  1 -1  0  1],[-2 -3 -1 -1 -1  0 -2  0  1],[ 0 -2  0 -1  1  2  0 -1  1],[ 1  0  0  0  0  0  1  0  1],[-2 -2 -2  0 -1 -1 -1 -1  0]]","[[ 0  2  2  1  0  0 -1 -1 -3],[-2  0  1 -1 -1 -2  0 -1 -3],[-2 -1  0 -1 -2 -1 -1  0 -2],[-1  1  1  0 -1 -1  0 -1 -2],[ 0  1  2  1  0  0  0 -1 -2],[ 0  2  1  1  0  0 -1 -1 -2],[ 1  0  1  0  0  1  0  0  0],[ 1  1  0  1  1  1  0  0  0],[ 3  3  2  2  2  2  0  0  0]]",True,"[-2,-2,-1,0,0,1,1,3,-1,1,1,2,0,1,3,1,2,1,1,0,2,1,1,0,1,2,0,0,1,2,1,1,2,0,0,0]","[-3,-1,-1,0,0,1,2,2,0,0,2,2,2,2,3,0,0,1,0,1,0,1,1,1,0,1,0,1,2,1,1,1,2,1,1,-1]",t^8+46t^6+139t^4+78t^2+9,"[-3,-1,-1,0,0,1,2,2,2,2,1,1,2,2,3,0,0,0,1,2,3,0,1,2,3,2,0,0,0,1,0,1,0,0,0,-1]","[-2,-2,-1,0,0,1,1,3,-1,0,0,1,2,3,3,0,1,0,3,2,2,0,0,2,1,2,0,1,0,1,0,0,1,0,2,2]","[-3,-1,-1,0,0,1,2,2,0,0,2,2,2,2,3,0,0,1,0,1,0,1,1,1,0,1,0,1,2,1,1,1,2,1,1,-1]",c,"[[{8, 1}, {3, 7}, {4, 6}, {2, 5}], [{8, 1}, {3, 7}, {6}, {2, 5}, {4}]]",1,- 18 K_1^2 - 18 K_1 K_2 - 2 K_1 K_3 + 9 K_1 - 2 K_2^2 + 10 K_2 + 9 K_3 + 2 K_4 + 11,O1O2O3O4U5U6O7U3U8O5O8U7U1U4O6U2,O1O2O3U4U5O4O6U3O7O5U1U6U8U2O8U7,O1O2O3U4O5U2U5U6U3O7O4U1O6O8U7U8,c,{'O1O2O3O4U3O5U1U4U6O7O8U7U2O6U5U8'},1,"<a href=""/flatknot/8.704315"">8.704315</a>",t^9-48t^7-128t^6+33t^5+238t^4-68t^3-114t^2+66t-10,t^3-2t^2+t,,
8.704316,O1O2O3O4U3O5U1U4U6O7O8U7U5O6U2U8,4,9z^2+78z+121,9w^3z^2+78w^2z+121w,False,False,"[[ 0 -3  0 -1  1  2  0 -1  2],[ 3  0  3  0  2  2  2  0  2],[ 0 -3  0 -1  0  2 -1  0  2],[ 1  0  1  0  1  1  1  0  0],[-1 -2  0 -1  0  1 -2  0  1],[-2 -2 -2 -1 -1  0 -2  0  1],[ 0 -2  1 -1  2  2  0 -1  1],[ 1  0  0  0  0  0  1  0  1],[-2 -2 -2  0 -1 -1 -1 -1  0]]","[[ 0  2  2  1  0  0 -1 -1 -3],[-2  0  1 -1 -2 -2  0 -1 -2],[-2 -1  0 -1 -1 -2 -1  0 -2],[-1  1  1  0 -2  0  0 -1 -2],[ 0  2  1  2  0  1 -1 -1 -2],[ 0  2  2  0 -1  0  0 -1 -3],[ 1  0  1  0  1  0  0  0  0],[ 1  1  0  1  1  1  0  0  0],[ 3  2  2  2  2  3  0  0  0]]",True,"[-2,-2,-1,0,0,1,1,3,-1,1,2,2,0,1,2,1,1,2,1,0,2,2,0,0,1,2,-1,1,1,2,0,1,3,0,0,0]","[-3,-1,-1,0,0,1,2,2,0,0,2,3,2,2,2,0,1,0,0,0,1,1,1,1,1,0,1,2,2,1,0,2,2,1,1,1]",t^8+52t^6+200t^4+100t^2+1,"[-3,-1,-1,0,0,1,2,2,2,2,0,1,2,3,3,0,0,0,1,2,3,1,0,2,3,2,1,1,0,0,-1,0,1,0,0,-1]","[-2,-2,-1,0,0,1,1,3,-1,0,0,1,2,3,3,0,0,0,3,2,3,1,-1,2,1,2,-1,1,0,0,0,0,1,0,2,2]","[-3,-1,-1,0,0,1,2,2,0,0,2,3,2,2,2,0,1,0,0,0,1,1,1,1,1,0,1,2,2,1,0,2,2,1,1,1]",c,"[[{8, 3}, {6, 7}, {2, 5}, {1, 4}]]",1,4 K_1^3 + 4 K_1^2 K_2 - 26 K_1^2 - 26 K_1 K_2 - 2 K_1 K_3 + 10 K_1 - 6 K_2^2 + 12 K_2 + 12 K_3 + 3 K_4 + 16,O1O2O3O4U5U3O6U7U8O5O8U6U1U4O7U2,O1O2O3U4U5O4O6U3O7O5U1U7U8U2O8U6,O1O2O3U4O5U2U5U6U3O7O6U1O4O8U7U8,c,{'O1O2O3O4U3O5U1U4U6O7O8U7U5O6U2U8'},1,"<a href=""/flatknot/8.704316"">8.704316</a>",t^9-54t^7-164t^6-12t^5+288t^4+75t^3-138t^2+t-2,t^3-2t^2+t,,
8.704317,O1O2O3O4U3O5U1U4U6O7O8U7U5O6U8U2,3,11z^2+88z+133,11w^3z^2+88w^2z+133w,False,False,"[[ 0 -3  1 -1  1  2  0 -1  1],[ 3  0  3  0  2  2  2  0  1],[-1 -3  0 -1  0  1 -1 -1  1],[ 1  0  1  0  1  1  1  0  0],[-1 -2  0 -1  0  1 -2  0  1],[-2 -2 -1 -1 -1  0 -2  0  1],[ 0 -2  1 -1  2  2  0 -1  0],[ 1  0  1  0  0  0  1  0  1],[-1 -1 -1  0 -1 -1  0 -1  0]]","[[ 0  2  1  1  0 -1 -3],[-2  0  1 -1 -2  0 -2],[-1 -1  0 -1  0 -1 -1],[-1  1  1  0 -2  0 -2],[ 0  2  0  2  0 -1 -2],[ 1  0  1  0  1  0  0],[ 3  2  1  2  2  0  0]]",False,"[-2,-1,-1,0,1,3,-1,1,2,0,2,1,0,1,1,2,0,2,1,2,0]","[-3,-1,0,1,1,2,0,2,1,2,2,1,1,0,0,0,2,2,-1,-1,1]",t^6+26t^4+74t^2+1,"[-3,-1,0,1,1,2,2,1,2,3,3,0,2,1,3,-1,1,0,-1,0,2]","[-2,-1,-1,0,1,3,0,2,0,3,3,1,-1,2,2,1,1,3,0,1,2]","[-3,-1,0,1,1,2,0,2,1,2,2,1,1,0,0,0,2,2,-1,-1,1]",c,"[[{8, 1}, {4, 7}, {5, 6}, {2, 3}], [{8, 4}, {6, 7}, {1, 5}, {2, 3}], [{8, 4}, {6, 7}, {1, 5}, {3}, {2}], [{8, 5}, {4, 7}, {1, 6}, {2, 3}], [{8, 6}, {4, 7}, {1, 5}, {2, 3}], [{8, 6}, {4, 7}, {1, 5}, {3}, {2}]]",1,4 K_1^3 - 18 K_1^2 - 18 K_1 K_2 - 4 K_1 K_3 + 6 K_1 + 11 K_2 + 8 K_3 + 2 K_4 + 10,O1O2O3O4U3U5O6U7U8O5O8U6U1U4O7U2,O1O2O3U4U5O4O6U3O5O7U1U7U8U2O8U6,O1O2O3U4O5U2U5U6U3O6O7U1O4O8U7U8,c,{'O1O2O3O4U3O5U1U4U6O7O8U7U5O6U8U2'},1,"<a href=""/flatknot/8.704317"">8.704317</a>",t^7-30t^5-48t^4+61t^3+24t^2-35t+10,t^3-t^2-t,,
8.704318,O1O2O3O4U3O5U1U4U6O7O8U7U8O6U5U2,3,17z^2+62z+57,17w^3z^2+62w^2z+57w,False,False,"[[ 0 -3  1 -1  1  2  0 -1  1],[ 3  0  3  0  2  2  3  0  0],[-1 -3  0 -1  0  1 -1 -1  1],[ 1  0  1  0  1  1  1  0  0],[-1 -2  0 -1  0  1 -1  0  0],[-2 -2 -1 -1 -1  0 -2 -1  1],[ 0 -3  1 -1  1  2  0  0  0],[ 1  0  1  0  0  1  0  0  1],[-1  0 -1  0  0 -1  0 -1  0]]","[[ 0  2  1  1  0 -1 -3],[-2  0  1 -1 -2 -1 -2],[-1 -1  0  0  0 -1  0],[-1  1  0  0 -1  0 -2],[ 0  2  0  1  0  0 -3],[ 1  1  1  0  0  0  0],[ 3  2  0  2  3  0  0]]",False,"[-2,-1,-1,0,1,3,-1,1,2,1,2,0,0,1,0,1,0,2,0,3,0]","[-3,-1,0,1,1,2,0,3,0,2,2,0,1,0,1,0,1,2,0,-1,1]",t^6+26t^4+52t^2+1,"[-3,-1,0,1,1,2,2,0,2,4,3,1,2,1,2,0,1,0,0,0,2]","[-2,-1,-1,0,1,3,0,2,0,2,3,0,0,2,2,1,1,4,1,0,2]","[-3,-1,0,1,1,2,0,3,0,2,2,0,1,0,1,0,1,2,0,-1,1]",c,"[[{8, 1}, {3, 7}, {5, 6}, {2, 4}], [{8, 1}, {4, 7}, {5, 6}, {2, 3}], [{8, 4}, {6, 7}, {1, 5}, {2, 3}], [{8, 5}, {4, 7}, {1, 6}, {2, 3}], [{8, 6}, {4, 7}, {1, 5}, {2, 3}], [{8, 6}, {7}, {1, 5}, {4}, {2, 3}], [{8, 7}, {1, 6}, {4, 5}, {2, 3}], [{8, 7}, {4, 6}, {1, 5}, {2, 3}], [{8, 7}, {4, 6}, {3, 5}, {1, 2}], [{8, 7}, {5, 6}, {1, 4}, {2, 3}], [{8, 7}, {5, 6}, {2, 4}, {1, 3}], [{8, 7}, {6}, {1, 5}, {4}, {2, 3}], [{8, 7}, {6}, {3, 5}, {4}, {1, 2}], [{8, 7}, {6}, {4, 5}, {2, 3}, {1}], [{8, 7}, {6}, {5}, {1, 4}, {2, 3}], [{8, 7}, {6}, {5}, {2, 4}, {1, 3}], [{8}, {6, 7}, {1, 5}, {4}, {2, 3}]]",1,12 K_1^3 + 4 K_1^2 K_2 - 6 K_1^2 - 14 K_1 K_2 - 4 K_1 K_3 - 2 K_1 + 3 K_2 + 4 K_3 + K_4 + 3,O1O2O3O4U3U5O6U7U8O7O8U6U1U4O5U2,O1O2O3U4U5O4O5U3O6O7U1U7U8U2O8U6,O1O2O3U4O5U2U5U6U3O6O4U1O7O8U7U8,c,{'O1O2O3O4U3O5U1U4U6O7O8U7U8O6U5U2'},1,"<a href=""/flatknot/8.704318"">8.704318</a>",t^7-30t^5-42t^4+47t^3+10t^2-110t-60,t^3-t^2-t,,
8.704319,O1O2O3O4U3O5U1U5U2O6O7U4U7O8U6U8,4,6z^3+43z^2+110z+97,6w^4z^3+43w^3z^2+110w^2z+97w,False,False,"[[ 0 -3  0 -1  1  1  0  1  1],[ 3  0  2  0  4  1  1  1  0],[ 0 -2  0  0  2  0  1  1  0],[ 1  0  0  0  1  0  1  1  0],[-1 -4 -2 -1  0  0  2  1  1],[-1 -1  0  0  0  0  0  0  0],[ 0 -1 -1 -1 -2  0  0  0  1],[-1 -1 -1 -1 -1  0  0  0  0],[-1  0  0  0 -1  0 -1  0  0]]","[[ 0  1  1  1  1  0  0 -1 -3],[-1  0  1  1  0  2 -2 -1 -4],[-1 -1  0  0  0  0 -1 -1 -1],[-1 -1  0  0  0 -1  0  0  0],[-1  0  0  0  0  0  0  0 -1],[ 0 -2  0  1  0  0 -1 -1 -1],[ 0  2  1  0  0  1  0  0 -2],[ 1  1  1  0  0  1  0  0  0],[ 3  4  1  0  1  1  2  0  0]]",True,"[-1,-1,-1,-1,0,0,1,3,-1,-1,0,-2,2,1,4,0,0,0,1,1,1,0,1,0,0,0,0,0,0,1,1,1,1,0,2,0]","[-3,-1,0,0,1,1,1,1,0,1,2,0,1,1,4,1,0,0,0,1,1,-1,1,0,0,-2,0,0,1,2,0,0,-1,0,0,-1]",t^8+39t^6+80t^4+32t^2+1,"[-3,-1,0,0,1,1,1,1,2,1,2,0,3,3,4,1,0,1,1,2,2,-1,-1,0,1,1,3,1,1,0,-1,0,-1,0,0,0]","[-1,-1,-1,-1,0,0,1,3,-1,0,0,0,1,1,3,0,1,-1,3,1,0,0,1,1,2,3,1,0,2,4,1,1,1,0,2,2]","[-3,-1,0,0,1,1,1,1,0,1,2,0,1,1,4,1,0,0,0,1,1,-1,1,0,0,-2,0,0,1,2,0,0,-1,0,0,-1]",c,"[[{8, 1}, {2, 7}, {3, 6}, {4, 5}], [{8, 1}, {2, 7}, {4, 6}, {3, 5}], [{8, 1}, {2, 7}, {4, 6}, {5}, {3}], [{8, 1}, {2, 7}, {5, 6}, {3, 4}], [{8, 1}, {2, 7}, {5, 6}, {4}, {3}], [{8, 1}, {2, 7}, {6}, {4, 5}, {3}], [{8, 1}, {3, 7}, {2, 6}, {4, 5}], [{8, 1}, {3, 7}, {2, 6}, {5}, {4}], [{8, 1}, {3, 7}, {4, 6}, {2, 5}], [{8, 1}, {3, 7}, {5, 6}, {2, 4}], [{8, 1}, {4, 7}, {2, 6}, {3, 5}], [{8, 1}, {4, 7}, {3, 6}, {2, 5}], [{8, 1}, {4, 7}, {5, 6}, {2, 3}], [{8, 1}, {4, 7}, {6}, {3, 5}, {2}], [{8, 1}, {5, 7}, {2, 6}, {3, 4}], [{8, 1}, {5, 7}, {3, 6}, {2, 4}], [{8, 1}, {5, 7}, {4, 6}, {2, 3}], [{8, 1}, {5, 7}, {6}, {4}, {2, 3}], [{8, 1}, {6, 7}, {2, 5}, {3, 4}], [{8, 1}, {6, 7}, {3, 5}, {2, 4}], [{8, 1}, {6, 7}, {4, 5}, {2, 3}], [{8, 1}, {7}, {3, 6}, {4, 5}, {2}], [{8, 1}, {7}, {5, 6}, {3, 4}, {2}], [{8, 2}, {1, 7}, {3, 6}, {4, 5}], [{8, 2}, {1, 7}, {4, 6}, {3, 5}], [{8, 2}, {1, 7}, {4, 6}, {5}, {3}], [{8, 2}, {1, 7}, {5, 6}, {3, 4}], [{8, 2}, {3, 7}, {1, 6}, {4, 5}], [{8, 2}, {3, 7}, {4, 6}, {1, 5}], [{8, 2}, {3, 7}, {5, 6}, {1, 4}], [{8, 2}, {4, 7}, {1, 6}, {3, 5}], [{8, 2}, {4, 7}, {3, 6}, {1, 5}], [{8, 2}, {4, 7}, {5, 6}, {1, 3}], [{8, 2}, {5, 7}, {1, 6}, {3, 4}], [{8, 2}, {5, 7}, {3, 6}, {1, 4}], [{8, 2}, {5, 7}, {4, 6}, {1, 3}], [{8, 2}, {6, 7}, {1, 5}, {3, 4}], [{8, 2}, {6, 7}, {3, 5}, {1, 4}], [{8, 2}, {6, 7}, {4, 5}, {1, 3}], [{8, 2}, {6, 7}, {5}, {1, 4}, {3}], [{8, 2}, {7}, {1, 6}, {4, 5}, {3}], [{8, 2}, {7}, {6}, {1, 5}, {3, 4}], [{8, 2}, {7}, {6}, {3, 5}, {1, 4}], [{8, 3}, {1, 7}, {2, 6}, {4, 5}], [{8, 3}, {1, 7}, {2, 6}, {5}, {4}], [{8, 3}, {1, 7}, {4, 6}, {2, 5}], [{8, 3}, {1, 7}, {5, 6}, {2, 4}], [{8, 3}, {2, 7}, {1, 6}, {4, 5}], [{8, 3}, {2, 7}, {4, 6}, {1, 5}], [{8, 3}, {2, 7}, {5, 6}, {1, 4}], [{8, 3}, {4, 7}, {1, 6}, {2, 5}], [{8, 3}, {4, 7}, {2, 6}, {1, 5}], [{8, 3}, {4, 7}, {5, 6}, {1, 2}], [{8, 3}, {5, 7}, {1, 6}, {2, 4}], [{8, 3}, {5, 7}, {2, 6}, {1, 4}], [{8, 3}, {5, 7}, {4, 6}, {1, 2}], [{8, 3}, {6, 7}, {1, 5}, {2, 4}], [{8, 3}, {6, 7}, {2, 5}, {1, 4}], [{8, 3}, {6, 7}, {4, 5}, {1, 2}], [{8, 3}, {6, 7}, {5}, {1, 4}, {2}], [{8, 4}, {1, 7}, {2, 6}, {3, 5}], [{8, 4}, {1, 7}, {3, 6}, {2, 5}], [{8, 4}, {1, 7}, {5, 6}, {2, 3}], [{8, 4}, {1, 7}, {6}, {3, 5}, {2}], [{8, 4}, {2, 7}, {1, 6}, {3, 5}], [{8, 4}, {2, 7}, {1, 6}, {5}, {3}], [{8, 4}, {2, 7}, {3, 6}, {1, 5}], [{8, 4}, {2, 7}, {5, 6}, {1, 3}], [{8, 4}, {3, 7}, {1, 6}, {2, 5}], [{8, 4}, {3, 7}, {2, 6}, {1, 5}], [{8, 4}, {3, 7}, {5, 6}, {1, 2}], [{8, 4}, {3, 7}, {6}, {2, 5}, {1}], [{8, 4}, {5, 7}, {1, 6}, {2, 3}], [{8, 4}, {5, 7}, {2, 6}, {1, 3}], [{8, 4}, {5, 7}, {3, 6}, {1, 2}], [{8, 4}, {6, 7}, {1, 5}, {2, 3}], [{8, 4}, {6, 7}, {2, 5}, {1, 3}], [{8, 4}, {6, 7}, {3, 5}, {1, 2}], [{8, 4}, {7}, {3, 6}, {1, 5}, {2}], [{8, 4}, {7}, {5, 6}, {1, 3}, {2}], [{8, 5}, {1, 7}, {2, 6}, {3, 4}], [{8, 5}, {1, 7}, {3, 6}, {2, 4}], [{8, 5}, {1, 7}, {4, 6}, {2, 3}], [{8, 5}, {2, 7}, {1, 6}, {3, 4}], [{8, 5}, {2, 7}, {3, 6}, {1, 4}], [{8, 5}, {2, 7}, {4, 6}, {1, 3}], [{8, 5}, {3, 7}, {1, 6}, {2, 4}], [{8, 5}, {3, 7}, {2, 6}, {1, 4}], [{8, 5}, {3, 7}, {4, 6}, {1, 2}], [{8, 5}, {3, 7}, {6}, {2, 4}, {1}], [{8, 5}, {4, 7}, {1, 6}, {2, 3}], [{8, 5}, {4, 7}, {2, 6}, {1, 3}], [{8, 5}, {4, 7}, {3, 6}, {1, 2}], [{8, 5}, {6, 7}, {1, 4}, {2, 3}], [{8, 5}, {6, 7}, {1, 4}, {3}, {2}], [{8, 5}, {6, 7}, {2, 4}, {1, 3}], [{8, 5}, {6, 7}, {3, 4}, {1, 2}], [{8, 6}, {1, 7}, {2, 5}, {3, 4}], [{8, 6}, {1, 7}, {3, 5}, {2, 4}], [{8, 6}, {1, 7}, {4, 5}, {2, 3}], [{8, 6}, {1, 7}, {4, 5}, {3}, {2}], [{8, 6}, {2, 7}, {1, 5}, {3, 4}], [{8, 6}, {2, 7}, {1, 5}, {4}, {3}], [{8, 6}, {2, 7}, {3, 5}, {1, 4}], [{8, 6}, {2, 7}, {4, 5}, {1, 3}], [{8, 6}, {3, 7}, {1, 5}, {2, 4}], [{8, 6}, {3, 7}, {2, 5}, {1, 4}], [{8, 6}, {3, 7}, {4, 5}, {1, 2}], [{8, 6}, {4, 7}, {1, 5}, {2, 3}], [{8, 6}, {4, 7}, {2, 5}, {1, 3}], [{8, 6}, {4, 7}, {3, 5}, {1, 2}], [{8, 6}, {5, 7}, {1, 4}, {2, 3}], [{8, 6}, {5, 7}, {2, 4}, {1, 3}], [{8, 6}, {5, 7}, {3, 4}, {1, 2}], [{8, 6}, {5, 7}, {4}, {1, 3}, {2}], [{8, 6}, {7}, {1, 5}, {3, 4}, {2}], [{8, 6}, {7}, {3, 5}, {1, 4}, {2}], [{8, 7}, {1, 6}, {2, 5}, {3, 4}], [{8, 7}, {1, 6}, {3, 5}, {2, 4}], [{8, 7}, {1, 6}, {4, 5}, {2, 3}], [{8, 7}, {1, 6}, {5}, {4}, {2, 3}], [{8, 7}, {2, 6}, {1, 5}, {3, 4}], [{8, 7}, {2, 6}, {3, 5}, {1, 4}], [{8, 7}, {2, 6}, {4, 5}, {1, 3}], [{8, 7}, {2, 6}, {5}, {4}, {1, 3}], [{8, 7}, {3, 6}, {1, 5}, {2, 4}], [{8, 7}, {3, 6}, {1, 5}, {4}, {2}], [{8, 7}, {3, 6}, {2, 5}, {1, 4}], [{8, 7}, {3, 6}, {4, 5}, {1, 2}], [{8, 7}, {4, 6}, {1, 5}, {2, 3}], [{8, 7}, {4, 6}, {2, 5}, {1, 3}], [{8, 7}, {4, 6}, {3, 5}, {1, 2}], [{8, 7}, {4, 6}, {5}, {1, 3}, {2}], [{8, 7}, {5, 6}, {1, 4}, {2, 3}], [{8, 7}, {5, 6}, {2, 4}, {1, 3}], [{8, 7}, {5, 6}, {3, 4}, {1, 2}], [{8, 7}, {5, 6}, {4}, {1, 3}, {2}], [{8, 7}, {6}, {2, 5}, {4}, {1, 3}], [{8, 7}, {6}, {3, 5}, {1, 4}, {2}], [{8, 7}, {6}, {4, 5}, {1, 3}, {2}], [{8, 7}, {6}, {5}, {2, 4}, {1, 3}], [{8, 7}, {6}, {5}, {3, 4}, {1, 2}], [{8}, {1, 7}, {3, 6}, {5}, {2, 4}], [{8}, {2, 7}, {6}, {3, 5}, {1, 4}], [{8}, {3, 7}, {1, 6}, {5}, {2, 4}], [{8}, {3, 7}, {4, 6}, {1, 5}, {2}], [{8}, {3, 7}, {5, 6}, {1, 4}, {2}], [{8}, {4, 7}, {3, 6}, {1, 5}, {2}], [{8}, {4, 7}, {5, 6}, {1, 3}, {2}], [{8}, {4, 7}, {5, 6}, {2, 3}, {1}], [{8}, {4, 7}, {5, 6}, {3}, {1, 2}], [{8}, {5, 7}, {3, 6}, {1, 4}, {2}], [{8}, {6, 7}, {1, 5}, {4}, {2, 3}], [{8}, {6, 7}, {2, 5}, {1, 4}, {3}], [{8}, {6, 7}, {3, 5}, {1, 4}, {2}], [{8}, {6, 7}, {4, 5}, {2, 3}, {1}], [{8}, {6, 7}, {5}, {1, 4}, {2, 3}], [{8}, {6, 7}, {5}, {1, 4}, {3}, {2}], [{8}, {7}, {2, 6}, {1, 5}, {3, 4}], [{8}, {7}, {2, 6}, {3, 5}, {1, 4}], [{8}, {7}, {6}, {3, 5}, {1, 4}, {2}]]",2,- 8 K_1^4 + 12 K_1^3 + 12 K_1^2 K_2 - 16 K_1^2 - 14 K_1 K_2 - 4 K_1 K_3 - 2 K_1 - 2 K_2^2 + 8 K_2 + 4 K_3 + K_4 + 10,O1O2O3O4U5U6O5U7U1O7O6U3U8U4O8U2,O1O2O3U4U5O6O5U7O4O7U1U3U8U6O8U2,O1O2O3U2O4U5U4U1U3O6O7U6O8O5U8U7,c,{'O1O2O3O4U3O5U1U5U2O6O7U4U7O8U6U8'},1,"<a href=""/flatknot/8.704319"">8.704319</a>",t^9-45t^7-82t^6+84t^5+96t^4-72t^3+116t^2-39t-20,t^3-3t,,
8.704320,O1O2O3O4U3O5U1U5U2O6O7U6U4O8U7U8,4,27z^2+104z+101,27w^3z^2+104w^2z+101w,False,False,"[[ 0 -3  0 -1  2  1 -1  1  1],[ 3  0  2  0  4  1  0  1  0],[ 0 -2  0  0  2  0  0  1  0],[ 1  0  0  0  1  0  0  1  0],[-2 -4 -2 -1  0  0  0  2  1],[-1 -1  0  0  0  0  0  0  0],[ 1  0  0  0  0  0  0  1  1],[-1 -1 -1 -1 -2  0 -1  0  1],[-1  0  0  0 -1  0 -1 -1  0]]","[[ 0  2  1  1  1  0 -1 -1 -3],[-2  0  2  1  0 -2  0 -1 -4],[-1 -2  0  1  0 -1 -1 -1 -1],[-1 -1 -1  0  0  0 -1  0  0],[-1  0  0  0  0  0  0  0 -1],[ 0  2  1  0  0  0  0  0 -2],[ 1  0  1  1  0  0  0  0  0],[ 1  1  1  0  0  0  0  0  0],[ 3  4  1  0  1  2  0  0  0]]",True,"[-2,-1,-1,-1,0,1,1,3,-2,-1,0,2,0,1,4,-1,0,1,1,1,1,0,0,1,0,0,0,0,0,1,0,0,2,0,0,0]","[-3,-1,-1,0,1,1,1,2,0,0,2,0,1,1,4,0,0,0,0,1,1,0,1,0,1,0,0,0,1,2,0,-1,-1,0,0,-2]",t^8+37t^6+109t^4+37t^2+1,"[-3,-1,-1,0,1,1,1,2,2,2,1,3,3,4,1,0,1,1,2,1,3,1,1,2,2,2,0,1,1,0,0,-1,3,0,1,2]","[-2,-1,-1,-1,0,1,1,3,1,2,3,0,2,3,1,0,0,1,2,2,3,-1,1,2,1,4,0,1,1,3,1,1,1,0,2,2]","[-3,-1,-1,0,1,1,1,2,0,0,2,0,1,1,4,0,0,0,0,1,1,0,1,0,1,0,0,0,1,2,0,-1,-1,0,0,-2]",c,"[[{8, 1}, {2, 7}, {3, 6}, {4, 5}], [{8, 1}, {2, 7}, {4, 6}, {3, 5}], [{8, 1}, {2, 7}, {5, 6}, {3, 4}], [{8, 1}, {2, 7}, {6}, {3, 5}, {4}], [{8, 1}, {3, 7}, {2, 6}, {4, 5}], [{8, 1}, {3, 7}, {2, 6}, {5}, {4}], [{8, 1}, {3, 7}, {4, 6}, {2, 5}], [{8, 1}, {3, 7}, {5, 6}, {2, 4}], [{8, 1}, {3, 7}, {5, 6}, {4}, {2}], [{8, 1}, {3, 7}, {6}, {2, 5}, {4}], [{8, 1}, {4, 7}, {2, 6}, {3, 5}], [{8, 1}, {4, 7}, {2, 6}, {5}, {3}], [{8, 1}, {4, 7}, {3, 6}, {2, 5}], [{8, 1}, {4, 7}, {5, 6}, {2, 3}], [{8, 1}, {5, 7}, {2, 6}, {3, 4}], [{8, 1}, {5, 7}, {2, 6}, {4}, {3}], [{8, 1}, {5, 7}, {3, 6}, {2, 4}], [{8, 1}, {5, 7}, {4, 6}, {2, 3}], [{8, 1}, {5, 7}, {6}, {3, 4}, {2}], [{8, 1}, {6, 7}, {2, 5}, {3, 4}], [{8, 1}, {6, 7}, {3, 5}, {2, 4}], [{8, 1}, {6, 7}, {3, 5}, {4}, {2}], [{8, 1}, {6, 7}, {4, 5}, {2, 3}], [{8, 1}, {7}, {2, 6}, {3, 5}, {4}], [{8, 1}, {7}, {2, 6}, {4, 5}, {3}], [{8, 1}, {7}, {2, 6}, {5}, {3, 4}], [{8, 1}, {7}, {2, 6}, {5}, {4}, {3}], [{8, 2}, {1, 7}, {3, 6}, {4, 5}], [{8, 2}, {1, 7}, {4, 6}, {3, 5}], [{8, 2}, {1, 7}, {5, 6}, {3, 4}], [{8, 2}, {1, 7}, {6}, {5}, {3, 4}], [{8, 2}, {3, 7}, {1, 6}, {4, 5}], [{8, 2}, {3, 7}, {4, 6}, {1, 5}], [{8, 2}, {3, 7}, {5, 6}, {1, 4}], [{8, 2}, {4, 7}, {1, 6}, {3, 5}], [{8, 2}, {4, 7}, {3, 6}, {1, 5}], [{8, 2}, {4, 7}, {5, 6}, {1, 3}], [{8, 2}, {4, 7}, {5, 6}, {3}, {1}], [{8, 2}, {5, 7}, {1, 6}, {3, 4}], [{8, 2}, {5, 7}, {3, 6}, {1, 4}], [{8, 2}, {5, 7}, {4, 6}, {1, 3}], [{8, 2}, {5, 7}, {6}, {3, 4}, {1}], [{8, 2}, {6, 7}, {1, 5}, {3, 4}], [{8, 2}, {6, 7}, {3, 5}, {1, 4}], [{8, 2}, {6, 7}, {4, 5}, {1, 3}], [{8, 2}, {6, 7}, {5}, {1, 4}, {3}], [{8, 2}, {7}, {1, 6}, {3, 5}, {4}], [{8, 2}, {7}, {4, 6}, {3, 5}, {1}], [{8, 2}, {7}, {6}, {1, 5}, {3, 4}], [{8, 2}, {7}, {6}, {3, 5}, {1, 4}], [{8, 3}, {1, 7}, {2, 6}, {4, 5}], [{8, 3}, {1, 7}, {2, 6}, {5}, {4}], [{8, 3}, {1, 7}, {4, 6}, {2, 5}], [{8, 3}, {1, 7}, {5, 6}, {2, 4}], [{8, 3}, {2, 7}, {1, 6}, {4, 5}], [{8, 3}, {2, 7}, {1, 6}, {5}, {4}], [{8, 3}, {2, 7}, {4, 6}, {1, 5}], [{8, 3}, {2, 7}, {5, 6}, {1, 4}], [{8, 3}, {4, 7}, {1, 6}, {2, 5}], [{8, 3}, {4, 7}, {2, 6}, {1, 5}], [{8, 3}, {4, 7}, {5, 6}, {1, 2}], [{8, 3}, {4, 7}, {6}, {1, 5}, {2}], [{8, 3}, {5, 7}, {1, 6}, {2, 4}], [{8, 3}, {5, 7}, {2, 6}, {1, 4}], [{8, 3}, {5, 7}, {4, 6}, {1, 2}], [{8, 3}, {5, 7}, {6}, {4}, {1, 2}], [{8, 3}, {6, 7}, {1, 5}, {2, 4}], [{8, 3}, {6, 7}, {1, 5}, {4}, {2}], [{8, 3}, {6, 7}, {2, 5}, {1, 4}], [{8, 3}, {6, 7}, {4, 5}, {1, 2}], [{8, 3}, {6, 7}, {4, 5}, {2}, {1}], [{8, 3}, {6, 7}, {5}, {1, 4}, {2}], [{8, 3}, {7}, {4, 6}, {1, 5}, {2}], [{8, 4}, {1, 7}, {2, 6}, {3, 5}], [{8, 4}, {1, 7}, {3, 6}, {2, 5}], [{8, 4}, {1, 7}, {5, 6}, {2, 3}], [{8, 4}, {1, 7}, {6}, {2, 5}, {3}], [{8, 4}, {2, 7}, {1, 6}, {3, 5}], [{8, 4}, {2, 7}, {1, 6}, {5}, {3}], [{8, 4}, {2, 7}, {3, 6}, {1, 5}], [{8, 4}, {2, 7}, {3, 6}, {5}, {1}], [{8, 4}, {2, 7}, {5, 6}, {1, 3}], [{8, 4}, {2, 7}, {5, 6}, {3}, {1}], [{8, 4}, {2, 7}, {6}, {1, 5}, {3}], [{8, 4}, {2, 7}, {6}, {3, 5}, {1}], [{8, 4}, {2, 7}, {6}, {5}, {1, 3}], [{8, 4}, {2, 7}, {6}, {5}, {3}, {1}], [{8, 4}, {3, 7}, {1, 6}, {2, 5}], [{8, 4}, {3, 7}, {2, 6}, {1, 5}], [{8, 4}, {3, 7}, {5, 6}, {1, 2}], [{8, 4}, {3, 7}, {5, 6}, {2}, {1}], [{8, 4}, {5, 7}, {1, 6}, {2, 3}], [{8, 4}, {5, 7}, {2, 6}, {1, 3}], [{8, 4}, {5, 7}, {3, 6}, {1, 2}], [{8, 4}, {5, 7}, {6}, {3}, {1, 2}], [{8, 4}, {6, 7}, {1, 5}, {2, 3}], [{8, 4}, {6, 7}, {2, 5}, {1, 3}], [{8, 4}, {6, 7}, {3, 5}, {1, 2}], [{8, 4}, {6, 7}, {3, 5}, {2}, {1}], [{8, 4}, {7}, {2, 6}, {3, 5}, {1}], [{8, 4}, {7}, {5, 6}, {2, 3}, {1}], [{8, 5}, {1, 7}, {2, 6}, {3, 4}], [{8, 5}, {1, 7}, {3, 6}, {2, 4}], [{8, 5}, {1, 7}, {4, 6}, {2, 3}], [{8, 5}, {1, 7}, {4, 6}, {3}, {2}], [{8, 5}, {2, 7}, {1, 6}, {3, 4}], [{8, 5}, {2, 7}, {3, 6}, {1, 4}], [{8, 5}, {2, 7}, {4, 6}, {1, 3}], [{8, 5}, {2, 7}, {4, 6}, {3}, {1}], [{8, 5}, {3, 7}, {1, 6}, {2, 4}], [{8, 5}, {3, 7}, {2, 6}, {1, 4}], [{8, 5}, {3, 7}, {4, 6}, {1, 2}], [{8, 5}, {4, 7}, {1, 6}, {2, 3}], [{8, 5}, {4, 7}, {2, 6}, {1, 3}], [{8, 5}, {4, 7}, {3, 6}, {1, 2}], [{8, 5}, {4, 7}, {6}, {2, 3}, {1}], [{8, 5}, {6, 7}, {1, 4}, {2, 3}], [{8, 5}, {6, 7}, {1, 4}, {3}, {2}], [{8, 5}, {6, 7}, {2, 4}, {1, 3}], [{8, 5}, {6, 7}, {3, 4}, {1, 2}], [{8, 5}, {7}, {2, 6}, {3, 4}, {1}], [{8, 5}, {7}, {4, 6}, {3}, {1, 2}], [{8, 6}, {1, 7}, {2, 5}, {3, 4}], [{8, 6}, {1, 7}, {3, 5}, {2, 4}], [{8, 6}, {1, 7}, {3, 5}, {4}, {2}], [{8, 6}, {1, 7}, {4, 5}, {2, 3}], [{8, 6}, {1, 7}, {5}, {2, 4}, {3}], [{8, 6}, {2, 7}, {1, 5}, {3, 4}], [{8, 6}, {2, 7}, {3, 5}, {1, 4}], [{8, 6}, {2, 7}, {4, 5}, {1, 3}], [{8, 6}, {2, 7}, {4, 5}, {3}, {1}], [{8, 6}, {3, 7}, {1, 5}, {2, 4}], [{8, 6}, {3, 7}, {2, 5}, {1, 4}], [{8, 6}, {3, 7}, {4, 5}, {1, 2}], [{8, 6}, {4, 7}, {1, 5}, {2, 3}], [{8, 6}, {4, 7}, {2, 5}, {1, 3}], [{8, 6}, {4, 7}, {3, 5}, {1, 2}], [{8, 6}, {4, 7}, {3, 5}, {2}, {1}], [{8, 6}, {5, 7}, {1, 4}, {2, 3}], [{8, 6}, {5, 7}, {2, 4}, {1, 3}], [{8, 6}, {5, 7}, {3, 4}, {1, 2}], [{8, 6}, {5, 7}, {4}, {1, 3}, {2}], [{8, 6}, {5, 7}, {4}, {2, 3}, {1}], [{8, 6}, {5, 7}, {4}, {3}, {1, 2}], [{8, 6}, {7}, {1, 5}, {3, 4}, {2}], [{8, 6}, {7}, {3, 5}, {1, 4}, {2}], [{8, 7}, {1, 6}, {2, 5}, {3, 4}], [{8, 7}, {1, 6}, {3, 5}, {2, 4}], [{8, 7}, {1, 6}, {4, 5}, {2, 3}], [{8, 7}, {2, 6}, {1, 5}, {3, 4}], [{8, 7}, {2, 6}, {3, 5}, {1, 4}], [{8, 7}, {2, 6}, {4, 5}, {1, 3}], [{8, 7}, {2, 6}, {5}, {4}, {1, 3}], [{8, 7}, {3, 6}, {1, 5}, {2, 4}], [{8, 7}, {3, 6}, {2, 5}, {1, 4}], [{8, 7}, {3, 6}, {2, 5}, {4}, {1}], [{8, 7}, {3, 6}, {4, 5}, {1, 2}], [{8, 7}, {4, 6}, {1, 5}, {2, 3}], [{8, 7}, {4, 6}, {2, 5}, {1, 3}], [{8, 7}, {4, 6}, {3, 5}, {1, 2}], [{8, 7}, {4, 6}, {5}, {3}, {1, 2}], [{8, 7}, {5, 6}, {1, 4}, {2, 3}], [{8, 7}, {5, 6}, {2, 4}, {1, 3}], [{8, 7}, {5, 6}, {3, 4}, {1, 2}], [{8, 7}, {6}, {3, 5}, {1, 4}, {2}], [{8, 7}, {6}, {4, 5}, {1, 3}, {2}], [{8}, {1, 7}, {3, 6}, {4, 5}, {2}], [{8}, {2, 7}, {1, 6}, {5}, {3, 4}], [{8}, {2, 7}, {6}, {3, 5}, {1, 4}], [{8}, {3, 7}, {5, 6}, {1, 4}, {2}], [{8}, {5, 7}, {3, 6}, {1, 4}, {2}], [{8}, {5, 7}, {3, 6}, {2, 4}, {1}], [{8}, {5, 7}, {3, 6}, {4}, {1, 2}], [{8}, {5, 7}, {4, 6}, {3}, {1, 2}], [{8}, {5, 7}, {6}, {3, 4}, {1, 2}], [{8}, {6, 7}, {2, 5}, {1, 4}, {3}], [{8}, {6, 7}, {3, 5}, {1, 4}, {2}], [{8}, {6, 7}, {5}, {1, 4}, {2, 3}], [{8}, {6, 7}, {5}, {1, 4}, {3}, {2}], [{8}, {7}, {2, 6}, {1, 5}, {3, 4}], [{8}, {7}, {2, 6}, {3, 5}, {1, 4}], [{8}, {7}, {6}, {3, 5}, {1, 4}, {2}]]",2,20 K_1^3 + 8 K_1^2 K_2 - 8 K_1^2 - 18 K_1 K_2 - 10 K_1 K_3 - 6 K_1 - 2 K_2^2 + 5 K_2 + 4 K_3 + 4 K_4 + 4,O1O2O3O4U5U6O5U1U7O6O7U3U8U4O8U2,O1O2O3U4U5O4O6U7O5O7U1U3U8U6O8U2,O1O2O3U2O4U5U4U1U3O6O7U6O5O8U7U8,c,{'O1O2O3O4U3O5U1U5U2O6O7U6U4O8U7U8'},1,"<a href=""/flatknot/8.704320"">8.704320</a>",t^9-41t^7-56t^6+166t^5+138t^4-294t^3-64t^2+112t-10,t^3-t^2-t,,
8.704321,O1O2O3O4U3O5U1U5U2O6O7U6U7O8U4U8,4,7z^3+49z^2+113z+87,7w^4z^3+49w^3z^2+113w^2z+87w,False,False,"[[ 0 -3  0 -1  2  1 -1  1  1],[ 3  0  2  0  4  1  0  0  1],[ 0 -2  0  0  2  0  0  0  1],[ 1  0  0  0  1  0  0  0  1],[-2 -4 -2 -1  0  0 -1  1  1],[-1 -1  0  0  0  0  0  0  0],[ 1  0  0  0  1  0  0  1  0],[-1  0  0  0 -1  0 -1  0  0],[-1 -1 -1 -1 -1  0  0  0  0]]","[[ 0  2  1  1  1  0 -1 -1 -3],[-2  0  1  1  0 -2 -1 -1 -4],[-1 -1  0  0  0  0  0 -1  0],[-1 -1  0  0  0 -1 -1  0 -1],[-1  0  0  0  0  0  0  0 -1],[ 0  2  0  1  0  0  0  0 -2],[ 1  1  0  1  0  0  0  0  0],[ 1  1  1  0  0  0  0  0  0],[ 3  4  0  1  1  2  0  0  0]]",True,"[-2,-1,-1,-1,0,1,1,3,-1,-1,0,2,1,1,4,0,0,0,0,1,0,0,1,1,0,1,0,0,0,1,0,0,2,0,0,0]","[-3,-1,-1,0,1,1,1,2,0,0,2,0,1,1,4,0,0,0,0,1,1,0,1,0,0,1,0,0,1,2,0,0,-1,0,0,-1]",t^8+33t^6+72t^4+39t^2+1,"[-3,-1,-1,0,1,1,1,2,2,2,1,3,3,4,1,0,1,1,2,2,2,1,2,2,1,2,0,1,1,0,0,0,2,0,1,2]","[-2,-1,-1,-1,0,1,1,3,1,2,2,0,2,2,1,0,0,1,2,2,3,0,0,1,2,3,1,2,1,4,1,1,1,0,2,2]","[-3,-1,-1,0,1,1,1,2,0,0,2,0,1,1,4,0,0,0,0,1,1,0,1,0,0,1,0,0,1,2,0,0,-1,0,0,-1]",c,"[[{8, 5}, {6, 7}, {2, 4}, {1, 3}]]",1,- 8 K_1^4 + 8 K_1^3 + 8 K_1^2 K_2 - 12 K_1^2 - 10 K_1 K_2 - 2 K_1 K_3 - K_1 + 7 K_2 + 3 K_3 + 8,O1O2O3O4U5U1O5U6U7O6O7U3U8U4O8U2,O1O2O3U4U5O4O5U6O7O6U1U3U8U7O8U2,O1O2O3U2O4U5U4U1U3O6O5U6O7O8U7U8,c,{'O1O2O3O4U3O5U1U5U2O6O7U6U7O8U4U8'},1,"<a href=""/flatknot/8.704321"">8.704321</a>",t^9-37t^7-44t^6+85t^5+44t^4-106t^3+12t^2+49t-20,t^3-t^2-t,,
8.704322,O1O2O3O4U3O5U1U5U2O6O7U8U4O8U6U7,4,7z^3+48z^2+110z+85,7w^4z^3+48w^3z^2+110w^2z+85w,False,False,"[[ 0 -3  0 -1  2  1  0  2 -1],[ 3  0  2  0  4  1  1  1  2],[ 0 -2  0  0  2  0  1  1 -1],[ 1  0  0  0  1  0  1  1  0],[-2 -4 -2 -1  0  0  0  1 -2],[-1 -1  0  0  0  0  0  0 -1],[ 0 -1 -1 -1  0  0  0  1  0],[-2 -1 -1 -1 -1  0 -1  0 -2],[ 1 -2  1  0  2  1  0  2  0]]","[[ 0  2  2  1  0  0 -1 -1 -3],[-2  0  1  0  0 -2 -1 -2 -4],[-2 -1  0  0 -1 -1 -1 -2 -1],[-1  0  0  0  0  0  0 -1 -1],[ 0  0  1  0  0 -1 -1  0 -1],[ 0  2  1  0  1  0  0 -1 -2],[ 1  1  1  0  1  0  0  0  0],[ 1  2  2  1  0  1  0  0 -2],[ 3  4  1  1  1  2  0  2  0]]",True,"[-2,-2,-1,0,0,1,1,3,-1,0,0,2,1,2,4,0,1,1,1,2,1,0,0,0,1,1,1,1,0,1,0,1,2,0,0,2]","[-3,-1,-1,0,0,1,2,2,0,2,1,2,1,1,4,0,1,0,0,1,1,0,1,1,2,2,-1,0,1,0,0,1,2,0,0,-1]",t^8+48t^6+174t^4+141t^2+4,"[-3,-1,-1,0,0,1,2,2,0,2,1,2,3,1,4,0,0,1,1,1,1,1,0,2,2,2,-1,1,0,1,1,2,1,1,1,-1]","[-2,-2,-1,0,0,1,1,3,-1,1,1,1,1,2,4,1,0,2,1,2,1,1,1,1,2,3,1,0,1,1,1,0,2,0,0,2]","[-3,-1,-1,0,0,1,2,2,0,2,1,2,1,1,4,0,1,0,0,1,1,0,1,1,2,2,-1,0,1,0,0,1,2,0,0,-1]",c,"[[{8, 1}, {2, 7}, {3, 6}, {4, 5}], [{8, 1}, {2, 7}, {4, 6}, {3, 5}], [{8, 1}, {2, 7}, {5, 6}, {3, 4}], [{8, 1}, {3, 7}, {2, 6}, {4, 5}], [{8, 1}, {3, 7}, {2, 6}, {5}, {4}], [{8, 1}, {3, 7}, {4, 6}, {2, 5}], [{8, 1}, {3, 7}, {4, 6}, {5}, {2}], [{8, 1}, {3, 7}, {5, 6}, {2, 4}], [{8, 1}, {3, 7}, {5, 6}, {4}, {2}], [{8, 1}, {3, 7}, {6}, {2, 5}, {4}], [{8, 1}, {3, 7}, {6}, {4, 5}, {2}], [{8, 1}, {3, 7}, {6}, {5}, {2, 4}], [{8, 1}, {3, 7}, {6}, {5}, {4}, {2}], [{8, 1}, {4, 7}, {2, 6}, {3, 5}], [{8, 1}, {4, 7}, {3, 6}, {2, 5}], [{8, 1}, {4, 7}, {5, 6}, {2, 3}], [{8, 1}, {4, 7}, {6}, {3, 5}, {2}], [{8, 1}, {5, 7}, {2, 6}, {3, 4}], [{8, 1}, {5, 7}, {3, 6}, {2, 4}], [{8, 1}, {5, 7}, {4, 6}, {2, 3}], [{8, 1}, {5, 7}, {6}, {3, 4}, {2}], [{8, 1}, {6, 7}, {2, 5}, {3, 4}], [{8, 1}, {6, 7}, {3, 5}, {2, 4}], [{8, 1}, {6, 7}, {4, 5}, {2, 3}], [{8, 1}, {7}, {5, 6}, {2, 4}, {3}], [{8, 2}, {1, 7}, {3, 6}, {4, 5}], [{8, 2}, {1, 7}, {4, 6}, {3, 5}], [{8, 2}, {1, 7}, {5, 6}, {3, 4}], [{8, 2}, {1, 7}, {6}, {5}, {3, 4}], [{8, 2}, {3, 7}, {1, 6}, {4, 5}], [{8, 2}, {3, 7}, {4, 6}, {1, 5}], [{8, 2}, {3, 7}, {5, 6}, {1, 4}], [{8, 2}, {3, 7}, {5, 6}, {4}, {1}], [{8, 2}, {4, 7}, {1, 6}, {3, 5}], [{8, 2}, {4, 7}, {3, 6}, {1, 5}], [{8, 2}, {4, 7}, {5, 6}, {1, 3}], [{8, 2}, {4, 7}, {5, 6}, {3}, {1}], [{8, 2}, {5, 7}, {1, 6}, {3, 4}], [{8, 2}, {5, 7}, {3, 6}, {1, 4}], [{8, 2}, {5, 7}, {4, 6}, {1, 3}], [{8, 2}, {5, 7}, {6}, {3, 4}, {1}], [{8, 2}, {6, 7}, {1, 5}, {3, 4}], [{8, 2}, {6, 7}, {3, 5}, {1, 4}], [{8, 2}, {6, 7}, {3, 5}, {4}, {1}], [{8, 2}, {6, 7}, {4, 5}, {1, 3}], [{8, 2}, {6, 7}, {4, 5}, {3}, {1}], [{8, 2}, {6, 7}, {5}, {3, 4}, {1}], [{8, 2}, {7}, {1, 6}, {5}, {3, 4}], [{8, 2}, {7}, {5, 6}, {3, 4}, {1}], [{8, 2}, {7}, {6}, {1, 5}, {3, 4}], [{8, 2}, {7}, {6}, {3, 5}, {1, 4}], [{8, 3}, {1, 7}, {2, 6}, {4, 5}], [{8, 3}, {1, 7}, {4, 6}, {2, 5}], [{8, 3}, {1, 7}, {5, 6}, {2, 4}], [{8, 3}, {1, 7}, {6}, {4, 5}, {2}], [{8, 3}, {2, 7}, {1, 6}, {4, 5}], [{8, 3}, {2, 7}, {4, 6}, {1, 5}], [{8, 3}, {2, 7}, {5, 6}, {1, 4}], [{8, 3}, {4, 7}, {1, 6}, {2, 5}], [{8, 3}, {4, 7}, {1, 6}, {5}, {2}], [{8, 3}, {4, 7}, {2, 6}, {1, 5}], [{8, 3}, {4, 7}, {2, 6}, {5}, {1}], [{8, 3}, {4, 7}, {5, 6}, {1, 2}], [{8, 3}, {4, 7}, {5, 6}, {2}, {1}], [{8, 3}, {4, 7}, {6}, {1, 5}, {2}], [{8, 3}, {4, 7}, {6}, {2, 5}, {1}], [{8, 3}, {4, 7}, {6}, {5}, {1, 2}], [{8, 3}, {4, 7}, {6}, {5}, {2}, {1}], [{8, 3}, {5, 7}, {1, 6}, {2, 4}], [{8, 3}, {5, 7}, {2, 6}, {1, 4}], [{8, 3}, {5, 7}, {4, 6}, {1, 2}], [{8, 3}, {5, 7}, {6}, {1, 4}, {2}], [{8, 3}, {6, 7}, {1, 5}, {2, 4}], [{8, 3}, {6, 7}, {2, 5}, {1, 4}], [{8, 3}, {6, 7}, {4, 5}, {1, 2}], [{8, 3}, {7}, {5, 6}, {4}, {1, 2}], [{8, 4}, {1, 7}, {2, 6}, {3, 5}], [{8, 4}, {1, 7}, {3, 6}, {2, 5}], [{8, 4}, {1, 7}, {5, 6}, {2, 3}], [{8, 4}, {1, 7}, {6}, {3, 5}, {2}], [{8, 4}, {2, 7}, {1, 6}, {3, 5}], [{8, 4}, {2, 7}, {3, 6}, {1, 5}], [{8, 4}, {2, 7}, {5, 6}, {1, 3}], [{8, 4}, {2, 7}, {6}, {5}, {1, 3}], [{8, 4}, {3, 7}, {1, 6}, {2, 5}], [{8, 4}, {3, 7}, {2, 6}, {1, 5}], [{8, 4}, {3, 7}, {5, 6}, {1, 2}], [{8, 4}, {3, 7}, {6}, {1, 5}, {2}], [{8, 4}, {5, 7}, {1, 6}, {2, 3}], [{8, 4}, {5, 7}, {2, 6}, {1, 3}], [{8, 4}, {5, 7}, {3, 6}, {1, 2}], [{8, 4}, {5, 7}, {6}, {1, 3}, {2}], [{8, 4}, {6, 7}, {1, 5}, {2, 3}], [{8, 4}, {6, 7}, {2, 5}, {1, 3}], [{8, 4}, {6, 7}, {3, 5}, {1, 2}], [{8, 4}, {6, 7}, {5}, {1, 3}, {2}], [{8, 4}, {7}, {2, 6}, {5}, {1, 3}], [{8, 4}, {7}, {5, 6}, {1, 3}, {2}], [{8, 4}, {7}, {6}, {2, 5}, {1, 3}], [{8, 4}, {7}, {6}, {5}, {1, 3}, {2}], [{8, 5}, {1, 7}, {2, 6}, {3, 4}], [{8, 5}, {1, 7}, {2, 6}, {4}, {3}], [{8, 5}, {1, 7}, {3, 6}, {2, 4}], [{8, 5}, {1, 7}, {3, 6}, {4}, {2}], [{8, 5}, {1, 7}, {4, 6}, {2, 3}], [{8, 5}, {1, 7}, {4, 6}, {3}, {2}], [{8, 5}, {1, 7}, {6}, {2, 4}, {3}], [{8, 5}, {1, 7}, {6}, {3, 4}, {2}], [{8, 5}, {1, 7}, {6}, {4}, {2, 3}], [{8, 5}, {1, 7}, {6}, {4}, {3}, {2}], [{8, 5}, {2, 7}, {1, 6}, {3, 4}], [{8, 5}, {2, 7}, {3, 6}, {1, 4}], [{8, 5}, {2, 7}, {4, 6}, {1, 3}], [{8, 5}, {3, 7}, {1, 6}, {2, 4}], [{8, 5}, {3, 7}, {2, 6}, {1, 4}], [{8, 5}, {3, 7}, {4, 6}, {1, 2}], [{8, 5}, {3, 7}, {6}, {1, 4}, {2}], [{8, 5}, {4, 7}, {1, 6}, {2, 3}], [{8, 5}, {4, 7}, {2, 6}, {1, 3}], [{8, 5}, {4, 7}, {3, 6}, {1, 2}], [{8, 5}, {4, 7}, {6}, {1, 3}, {2}], [{8, 5}, {6, 7}, {1, 4}, {2, 3}], [{8, 5}, {6, 7}, {2, 4}, {1, 3}], [{8, 5}, {6, 7}, {3, 4}, {1, 2}], [{8, 6}, {1, 7}, {2, 5}, {3, 4}], [{8, 6}, {1, 7}, {3, 5}, {2, 4}], [{8, 6}, {1, 7}, {4, 5}, {2, 3}], [{8, 6}, {1, 7}, {5}, {2, 4}, {3}], [{8, 6}, {1, 7}, {5}, {3, 4}, {2}], [{8, 6}, {1, 7}, {5}, {4}, {2, 3}], [{8, 6}, {2, 7}, {1, 5}, {3, 4}], [{8, 6}, {2, 7}, {3, 5}, {1, 4}], [{8, 6}, {2, 7}, {4, 5}, {1, 3}], [{8, 6}, {2, 7}, {4, 5}, {3}, {1}], [{8, 6}, {3, 7}, {1, 5}, {2, 4}], [{8, 6}, {3, 7}, {2, 5}, {1, 4}], [{8, 6}, {3, 7}, {4, 5}, {1, 2}], [{8, 6}, {4, 7}, {1, 5}, {2, 3}], [{8, 6}, {4, 7}, {2, 5}, {1, 3}], [{8, 6}, {4, 7}, {3, 5}, {1, 2}], [{8, 6}, {5, 7}, {1, 4}, {2, 3}], [{8, 6}, {5, 7}, {2, 4}, {1, 3}], [{8, 6}, {5, 7}, {3, 4}, {1, 2}], [{8, 6}, {5, 7}, {3, 4}, {2}, {1}], [{8, 6}, {5, 7}, {4}, {3}, {1, 2}], [{8, 6}, {7}, {1, 5}, {3, 4}, {2}], [{8, 6}, {7}, {3, 5}, {1, 4}, {2}], [{8, 7}, {1, 6}, {2, 5}, {3, 4}], [{8, 7}, {1, 6}, {2, 5}, {4}, {3}], [{8, 7}, {1, 6}, {3, 5}, {2, 4}], [{8, 7}, {1, 6}, {4, 5}, {2, 3}], [{8, 7}, {1, 6}, {4, 5}, {3}, {2}], [{8, 7}, {1, 6}, {5}, {2, 4}, {3}], [{8, 7}, {2, 6}, {1, 5}, {3, 4}], [{8, 7}, {2, 6}, {1, 5}, {4}, {3}], [{8, 7}, {2, 6}, {3, 5}, {1, 4}], [{8, 7}, {2, 6}, {4, 5}, {1, 3}], [{8, 7}, {2, 6}, {4, 5}, {3}, {1}], [{8, 7}, {2, 6}, {5}, {1, 4}, {3}], [{8, 7}, {3, 6}, {1, 5}, {2, 4}], [{8, 7}, {3, 6}, {1, 5}, {4}, {2}], [{8, 7}, {3, 6}, {2, 5}, {1, 4}], [{8, 7}, {3, 6}, {4, 5}, {1, 2}], [{8, 7}, {3, 6}, {4, 5}, {2}, {1}], [{8, 7}, {3, 6}, {5}, {1, 4}, {2}], [{8, 7}, {4, 6}, {1, 5}, {2, 3}], [{8, 7}, {4, 6}, {1, 5}, {3}, {2}], [{8, 7}, {4, 6}, {2, 5}, {1, 3}], [{8, 7}, {4, 6}, {2, 5}, {3}, {1}], [{8, 7}, {4, 6}, {3, 5}, {1, 2}], [{8, 7}, {4, 6}, {5}, {3}, {1, 2}], [{8, 7}, {5, 6}, {1, 4}, {2, 3}], [{8, 7}, {5, 6}, {1, 4}, {3}, {2}], [{8, 7}, {5, 6}, {2, 4}, {1, 3}], [{8, 7}, {5, 6}, {2, 4}, {3}, {1}], [{8, 7}, {5, 6}, {3, 4}, {1, 2}], [{8, 7}, {5, 6}, {4}, {3}, {1, 2}], [{8, 7}, {6}, {1, 5}, {2, 4}, {3}], [{8, 7}, {6}, {1, 5}, {3, 4}, {2}], [{8, 7}, {6}, {1, 5}, {4}, {2, 3}], [{8, 7}, {6}, {1, 5}, {4}, {3}, {2}], [{8, 7}, {6}, {2, 5}, {1, 4}, {3}], [{8, 7}, {6}, {3, 5}, {1, 4}, {2}], [{8, 7}, {6}, {4, 5}, {1, 3}, {2}], [{8, 7}, {6}, {4, 5}, {2, 3}, {1}], [{8, 7}, {6}, {4, 5}, {3}, {1, 2}], [{8, 7}, {6}, {4, 5}, {3}, {2}, {1}], [{8, 7}, {6}, {5}, {1, 4}, {2, 3}], [{8, 7}, {6}, {5}, {1, 4}, {3}, {2}], [{8}, {1, 7}, {2, 6}, {5}, {3, 4}], [{8}, {1, 7}, {5, 6}, {2, 4}, {3}], [{8}, {1, 7}, {5, 6}, {3, 4}, {2}], [{8}, {1, 7}, {5, 6}, {4}, {2, 3}], [{8}, {1, 7}, {6}, {2, 5}, {3, 4}], [{8}, {1, 7}, {6}, {5}, {3, 4}, {2}], [{8}, {2, 7}, {5, 6}, {4}, {1, 3}], [{8}, {2, 7}, {6}, {1, 5}, {3, 4}], [{8}, {2, 7}, {6}, {3, 5}, {1, 4}], [{8}, {3, 7}, {5, 6}, {4}, {1, 2}], [{8}, {4, 7}, {5, 6}, {2, 3}, {1}], [{8}, {5, 7}, {1, 6}, {3, 4}, {2}], [{8}, {5, 7}, {2, 6}, {3, 4}, {1}], [{8}, {5, 7}, {6}, {3, 4}, {1, 2}], [{8}, {5, 7}, {6}, {3, 4}, {2}, {1}], [{8}, {6, 7}, {1, 5}, {3, 4}, {2}], [{8}, {6, 7}, {3, 5}, {1, 4}, {2}], [{8}, {7}, {1, 6}, {3, 5}, {2, 4}], [{8}, {7}, {2, 6}, {1, 5}, {3, 4}], [{8}, {7}, {2, 6}, {3, 5}, {1, 4}], [{8}, {7}, {3, 6}, {2, 5}, {1, 4}], [{8}, {7}, {4, 6}, {3, 5}, {1, 2}], [{8}, {7}, {5, 6}, {1, 4}, {2, 3}], [{8}, {7}, {6}, {1, 5}, {3, 4}, {2}], [{8}, {7}, {6}, {3, 5}, {1, 4}, {2}]]",2,- 8 K_1^4 + 20 K_1^3 + 16 K_1^2 K_2 - 12 K_1^2 - 18 K_1 K_2 - 12 K_1 K_3 - 6 K_1 - 2 K_2^2 + 8 K_2 + 4 K_3 + 4 K_4 + 7,O1O2O3O4U5U6O7U1U7O5O6U3U8U4O8U2,O1O2O3U4U5O6O7U6O4O5U1U3U8U7O8U2,O1O2O3U2O4U5U4U1U3O6O7U8O5O8U6U7,c,{'O1O2O3O4U3O5U1U5U2O6O7U8U4O8U6U7'},1,"<a href=""/flatknot/8.704322"">8.704322</a>",t^9-50t^7-136t^6+10t^5+240t^4+39t^3+38t^2+135t+20,t^3-2t^2+t,,
8.704323,O1O2O3O4U3O5U1U5U2O6O7U8U6O8U4U7,4,23z^2+108z+125,23w^3z^2+108w^2z+125w,False,False,"[[ 0 -3  0 -1  2  1  0  2 -1],[ 3  0  2  0  4  1  0  1  3],[ 0 -2  0  0  2  0  0  1  0],[ 1  0  0  0  1  0  0  1  1],[-2 -4 -2 -1  0  0  1  2 -3],[-1 -1  0  0  0  0  0  0 -1],[ 0  0  0  0 -1  0  0  0  0],[-2 -1 -1 -1 -2  0  0  0 -2],[ 1 -3  0 -1  3  1  0  2  0]]","[[ 0  2  2  1  0  0 -1 -1 -3],[-2  0  2  0  1 -2 -1 -3 -4],[-2 -2  0  0  0 -1 -1 -2 -1],[-1  0  0  0  0  0  0 -1 -1],[ 0 -1  0  0  0  0  0  0  0],[ 0  2  1  0  0  0  0  0 -2],[ 1  1  1  0  0  0  0  1  0],[ 1  3  2  1  0  0 -1  0 -3],[ 3  4  1  1  0  2  0  3  0]]",True,"[-2,-2,-1,0,0,1,1,3,-2,0,-1,2,1,3,4,0,0,1,1,2,1,0,0,0,1,1,0,0,0,0,0,0,2,-1,0,3]","[-3,-1,-1,0,0,1,2,2,-1,2,1,3,3,1,4,1,1,1,1,0,1,1,1,2,2,2,0,1,0,1,1,3,2,1,1,-2]",t^8+58t^6+100t^4+29t^2+1,"[-3,-1,-1,0,0,1,2,2,-1,2,1,3,3,1,4,1,1,1,1,0,1,1,1,2,2,2,0,1,0,1,1,3,2,1,1,-2]","[-2,-2,-1,0,0,1,1,3,-2,1,1,2,1,2,4,1,0,3,0,2,1,1,1,1,2,3,0,1,1,1,1,1,3,-1,-1,2]","[-3,-1,-1,0,0,1,2,2,0,3,0,2,1,1,4,1,0,0,0,1,1,0,0,1,2,3,0,0,0,-1,0,1,2,0,0,-2]",c,"[[{8, 5}, {1, 7}, {2, 6}, {3, 4}], [{8, 5}, {3, 7}, {2, 6}, {1, 4}], [{8, 5}, {4, 7}, {2, 6}, {1, 3}], [{8, 5}, {6, 7}, {1, 4}, {2, 3}]]",1,8 K_1^3 - 16 K_1^2 - 10 K_1 K_2 - K_1 + 8 K_2 + 3 K_3 + 9,O1O2O3O4U5U1O6U7U6O5O7U3U8U4O8U2,O1O2O3U4U5O6O4U6O7O5U1U3U8U7O8U2,O1O2O3U2O4U5U4U1U3O6O5U7O8O7U6U8,c,{'O1O2O3O4U3O5U1U5U2O6O7U8U6O8U4U7'},1,"<a href=""/flatknot/8.704323"">8.704323</a>",t^9-60t^7-192t^6-36t^5+216t^4+86t^3-82t^2-42t+6,t^3-2t^2+t,,
8.704324,O1O2O3O4U3O5U1U5U4O6O7U2U7O8U6U8,4,16z^2+101z+139,16w^3z^2+101w^2z+139w,False,False,"[[ 0 -3 -1 -1  2  1  0  1  1],[ 3  0  3  0  3  1  1  1  0],[ 1 -3  0 -1  1  0  2  1  1],[ 1  0  1  0  1  0  0  0  0],[-2 -3 -1 -1  0  0  0  0  0],[-1 -1  0  0  0  0  0  0  0],[ 0 -1 -2  0  0  0  0  0  1],[-1 -1 -1  0  0  0  0  0  0],[-1  0 -1  0  0  0 -1  0  0]]","[[ 0  2  1  1  1  0 -1 -1 -3],[-2  0  0  0  0  0 -1 -1 -3],[-1  0  0  0  0  0  0  0 -1],[-1  0  0  0  0  0  0 -1 -1],[-1  0  0  0  0 -1  0 -1  0],[ 0  0  0  0  1  0  0 -2 -1],[ 1  1  0  0  0  0  0  1  0],[ 1  1  0  1  1  2 -1  0 -3],[ 3  3  1  1  0  1  0  3  0]]",True,"[-2,-1,-1,-1,0,1,1,3,0,0,0,0,1,1,3,0,0,0,0,0,1,0,0,0,1,1,1,0,1,0,0,2,1,-1,0,3]","[-3,-1,-1,0,1,1,1,2,-1,2,2,3,3,4,2,1,-1,1,2,1,2,1,2,2,2,2,1,1,0,2,0,0,1,0,1,1]",t^8+31t^6+78t^4+20t^2+1,"[-3,-1,-1,0,1,1,1,2,-1,2,2,3,3,4,2,1,-1,1,2,1,2,1,2,2,2,2,1,1,0,2,0,0,1,0,1,1]","[-2,-1,-1,-1,0,1,1,3,1,1,1,2,2,2,2,0,0,0,1,2,4,0,1,1,2,3,1,2,2,3,-1,1,2,-1,-1,2]","[-3,-1,-1,0,1,1,1,2,0,3,1,0,1,1,3,1,0,0,0,0,1,2,1,0,1,1,1,0,0,0,0,0,0,0,0,0]",c,"[[{8, 1}, {3, 7}, {4, 6}, {2, 5}], [{8, 3}, {1, 7}, {4, 6}, {2, 5}], [{8, 3}, {4, 7}, {1, 6}, {2, 5}], [{8, 3}, {6, 7}, {2, 5}, {1, 4}], [{8, 4}, {3, 7}, {1, 6}, {2, 5}], [{8, 6}, {3, 7}, {2, 5}, {1, 4}]]",1,16 K_1^3 + 12 K_1^2 K_2 - 42 K_1^2 - 34 K_1 K_2 - 12 K_1 K_3 + 5 K_1 - 4 K_2^2 + 21 K_2 + 13 K_3 + 5 K_4 + 21,O1O2O3O4U5U6O5U7U3O7O6U1U8U4O8U2,O1O2O3U4U5O6O5U7O4O7U1U6U8U3O8U2,O1O2O3U2O4U1U4U5U3O6O7U6O8O5U8U7,c,{'O1O2O3O4U3O5U1U5U4O6O7U2U7O8U6U8'},1,"<a href=""/flatknot/8.704324"">8.704324</a>",t^9-35t^7-62t^6+5t^5+78t^4+232t^3-18t^2-35t+2,t^3-t^2-t,,
8.704325,O1O2O3O4U3O5U1U5U4O6O7U6U2O8U7U8,4,4z^3+36z^2+109z+107,4w^4z^3+36w^3z^2+109w^2z+107w,False,False,"[[ 0 -3  0 -1  2  1 -1  1  1],[ 3  0  3  0  3  1  0  1  0],[ 0 -3  0 -1  1  0  0  2  1],[ 1  0  1  0  1  0  0  0  0],[-2 -3 -1 -1  0  0  0  0  0],[-1 -1  0  0  0  0  0  0  0],[ 1  0  0  0  0  0  0  1  1],[-1 -1 -2  0  0  0 -1  0  1],[-1  0 -1  0  0  0 -1 -1  0]]","[[ 0  2  1  1  1  0 -1 -1 -3],[-2  0  0  0  0 -1  0 -1 -3],[-1  0  0  1  0 -2 -1  0 -1],[-1  0 -1  0  0 -1 -1  0  0],[-1  0  0  0  0  0  0  0 -1],[ 0  1  2  1  0  0  0 -1 -3],[ 1  0  1  1  0  0  0  0  0],[ 1  1  0  0  0  1  0  0  0],[ 3  3  1  0  1  3  0  0  0]]",True,"[-2,-1,-1,-1,0,1,1,3,0,0,0,1,0,1,3,-1,0,2,1,0,1,0,1,1,0,0,0,0,0,1,0,1,3,0,0,0]","[-3,-1,-1,0,1,1,1,2,0,0,3,0,1,1,3,0,0,1,0,1,0,1,0,0,0,1,1,0,2,1,0,-1,0,0,0,0]",t^8+31t^6+112t^4+23t^2+1,"[-3,-1,-1,0,1,1,1,2,2,2,0,3,3,4,2,0,0,2,2,2,2,1,1,2,1,3,-1,1,0,1,0,-1,1,0,1,1]","[-2,-1,-1,-1,0,1,1,3,1,1,1,1,2,3,2,-1,0,0,2,1,4,0,-1,2,1,3,1,2,2,3,0,1,0,0,2,2]","[-3,-1,-1,0,1,1,1,2,0,0,3,0,1,1,3,0,0,1,0,1,0,1,0,0,0,1,1,0,2,1,0,-1,0,0,0,0]",c,"[[{8, 1}, {2, 7}, {3, 6}, {4, 5}], [{8, 1}, {2, 7}, {4, 6}, {3, 5}], [{8, 1}, {2, 7}, {4, 6}, {5}, {3}], [{8, 1}, {2, 7}, {5, 6}, {3, 4}], [{8, 1}, {3, 7}, {2, 6}, {4, 5}], [{8, 1}, {3, 7}, {4, 6}, {2, 5}], [{8, 1}, {3, 7}, {5, 6}, {2, 4}], [{8, 1}, {4, 7}, {2, 6}, {3, 5}], [{8, 1}, {4, 7}, {3, 6}, {2, 5}], [{8, 1}, {4, 7}, {5, 6}, {2, 3}], [{8, 1}, {4, 7}, {5, 6}, {3}, {2}], [{8, 1}, {5, 7}, {2, 6}, {3, 4}], [{8, 1}, {5, 7}, {3, 6}, {2, 4}], [{8, 1}, {5, 7}, {4, 6}, {2, 3}], [{8, 1}, {5, 7}, {4, 6}, {3}, {2}], [{8, 1}, {6, 7}, {2, 5}, {3, 4}], [{8, 1}, {6, 7}, {3, 5}, {2, 4}], [{8, 1}, {6, 7}, {4, 5}, {2, 3}], [{8, 1}, {6, 7}, {5}, {2, 4}, {3}], [{8, 1}, {7}, {4, 6}, {2, 5}, {3}], [{8, 2}, {1, 7}, {3, 6}, {4, 5}], [{8, 2}, {1, 7}, {4, 6}, {3, 5}], [{8, 2}, {1, 7}, {4, 6}, {5}, {3}], [{8, 2}, {1, 7}, {5, 6}, {3, 4}], [{8, 2}, {3, 7}, {1, 6}, {4, 5}], [{8, 2}, {3, 7}, {4, 6}, {1, 5}], [{8, 2}, {3, 7}, {4, 6}, {5}, {1}], [{8, 2}, {3, 7}, {5, 6}, {1, 4}], [{8, 2}, {3, 7}, {5, 6}, {4}, {1}], [{8, 2}, {3, 7}, {6}, {4, 5}, {1}], [{8, 2}, {4, 7}, {1, 6}, {3, 5}], [{8, 2}, {4, 7}, {3, 6}, {1, 5}], [{8, 2}, {4, 7}, {5, 6}, {1, 3}], [{8, 2}, {4, 7}, {6}, {1, 5}, {3}], [{8, 2}, {5, 7}, {1, 6}, {3, 4}], [{8, 2}, {5, 7}, {3, 6}, {1, 4}], [{8, 2}, {5, 7}, {4, 6}, {1, 3}], [{8, 2}, {5, 7}, {4, 6}, {3}, {1}], [{8, 2}, {6, 7}, {1, 5}, {3, 4}], [{8, 2}, {6, 7}, {1, 5}, {4}, {3}], [{8, 2}, {6, 7}, {3, 5}, {1, 4}], [{8, 2}, {6, 7}, {4, 5}, {1, 3}], [{8, 2}, {6, 7}, {5}, {3, 4}, {1}], [{8, 2}, {7}, {1, 6}, {3, 5}, {4}], [{8, 2}, {7}, {3, 6}, {5}, {1, 4}], [{8, 2}, {7}, {4, 6}, {1, 5}, {3}], [{8, 2}, {7}, {4, 6}, {3, 5}, {1}], [{8, 2}, {7}, {4, 6}, {5}, {1, 3}], [{8, 2}, {7}, {5, 6}, {1, 4}, {3}], [{8, 2}, {7}, {6}, {3, 5}, {1, 4}], [{8, 3}, {1, 7}, {2, 6}, {4, 5}], [{8, 3}, {1, 7}, {4, 6}, {2, 5}], [{8, 3}, {1, 7}, {5, 6}, {2, 4}], [{8, 3}, {1, 7}, {5, 6}, {4}, {2}], [{8, 3}, {2, 7}, {1, 6}, {4, 5}], [{8, 3}, {2, 7}, {4, 6}, {1, 5}], [{8, 3}, {2, 7}, {5, 6}, {1, 4}], [{8, 3}, {2, 7}, {6}, {4, 5}, {1}], [{8, 3}, {4, 7}, {1, 6}, {2, 5}], [{8, 3}, {4, 7}, {2, 6}, {1, 5}], [{8, 3}, {4, 7}, {5, 6}, {1, 2}], [{8, 3}, {4, 7}, {5, 6}, {2}, {1}], [{8, 3}, {5, 7}, {1, 6}, {2, 4}], [{8, 3}, {5, 7}, {2, 6}, {1, 4}], [{8, 3}, {5, 7}, {4, 6}, {1, 2}], [{8, 3}, {5, 7}, {4, 6}, {2}, {1}], [{8, 3}, {6, 7}, {1, 5}, {2, 4}], [{8, 3}, {6, 7}, {2, 5}, {1, 4}], [{8, 3}, {6, 7}, {4, 5}, {1, 2}], [{8, 3}, {7}, {2, 6}, {5}, {1, 4}], [{8, 3}, {7}, {5, 6}, {1, 4}, {2}], [{8, 3}, {7}, {6}, {2, 5}, {1, 4}], [{8, 4}, {1, 7}, {2, 6}, {3, 5}], [{8, 4}, {1, 7}, {3, 6}, {2, 5}], [{8, 4}, {1, 7}, {5, 6}, {2, 3}], [{8, 4}, {1, 7}, {6}, {3, 5}, {2}], [{8, 4}, {2, 7}, {1, 6}, {3, 5}], [{8, 4}, {2, 7}, {1, 6}, {5}, {3}], [{8, 4}, {2, 7}, {3, 6}, {1, 5}], [{8, 4}, {2, 7}, {3, 6}, {5}, {1}], [{8, 4}, {2, 7}, {5, 6}, {1, 3}], [{8, 4}, {2, 7}, {5, 6}, {3}, {1}], [{8, 4}, {2, 7}, {6}, {1, 5}, {3}], [{8, 4}, {2, 7}, {6}, {3, 5}, {1}], [{8, 4}, {2, 7}, {6}, {5}, {1, 3}], [{8, 4}, {2, 7}, {6}, {5}, {3}, {1}], [{8, 4}, {3, 7}, {1, 6}, {2, 5}], [{8, 4}, {3, 7}, {2, 6}, {1, 5}], [{8, 4}, {3, 7}, {5, 6}, {1, 2}], [{8, 4}, {3, 7}, {6}, {1, 5}, {2}], [{8, 4}, {5, 7}, {1, 6}, {2, 3}], [{8, 4}, {5, 7}, {1, 6}, {3}, {2}], [{8, 4}, {5, 7}, {2, 6}, {1, 3}], [{8, 4}, {5, 7}, {3, 6}, {1, 2}], [{8, 4}, {6, 7}, {1, 5}, {2, 3}], [{8, 4}, {6, 7}, {2, 5}, {1, 3}], [{8, 4}, {6, 7}, {3, 5}, {1, 2}], [{8, 4}, {7}, {1, 6}, {2, 5}, {3}], [{8, 4}, {7}, {6}, {1, 5}, {2, 3}], [{8, 4}, {7}, {6}, {3, 5}, {1, 2}], [{8, 5}, {1, 7}, {2, 6}, {3, 4}], [{8, 5}, {1, 7}, {2, 6}, {4}, {3}], [{8, 5}, {1, 7}, {3, 6}, {2, 4}], [{8, 5}, {1, 7}, {3, 6}, {4}, {2}], [{8, 5}, {1, 7}, {4, 6}, {2, 3}], [{8, 5}, {1, 7}, {6}, {4}, {2, 3}], [{8, 5}, {2, 7}, {1, 6}, {3, 4}], [{8, 5}, {2, 7}, {3, 6}, {1, 4}], [{8, 5}, {2, 7}, {4, 6}, {1, 3}], [{8, 5}, {2, 7}, {6}, {3, 4}, {1}], [{8, 5}, {3, 7}, {1, 6}, {2, 4}], [{8, 5}, {3, 7}, {2, 6}, {1, 4}], [{8, 5}, {3, 7}, {4, 6}, {1, 2}], [{8, 5}, {4, 7}, {1, 6}, {2, 3}], [{8, 5}, {4, 7}, {2, 6}, {1, 3}], [{8, 5}, {4, 7}, {2, 6}, {3}, {1}], [{8, 5}, {4, 7}, {3, 6}, {1, 2}], [{8, 5}, {4, 7}, {3, 6}, {2}, {1}], [{8, 5}, {4, 7}, {6}, {2, 3}, {1}], [{8, 5}, {6, 7}, {1, 4}, {2, 3}], [{8, 5}, {6, 7}, {2, 4}, {1, 3}], [{8, 5}, {6, 7}, {3, 4}, {1, 2}], [{8, 5}, {6, 7}, {4}, {2, 3}, {1}], [{8, 5}, {7}, {1, 6}, {4}, {2, 3}], [{8, 5}, {7}, {2, 6}, {1, 4}, {3}], [{8, 5}, {7}, {3, 6}, {1, 4}, {2}], [{8, 5}, {7}, {4, 6}, {2, 3}, {1}], [{8, 5}, {7}, {6}, {1, 4}, {2, 3}], [{8, 6}, {1, 7}, {2, 5}, {3, 4}], [{8, 6}, {1, 7}, {3, 5}, {2, 4}], [{8, 6}, {1, 7}, {3, 5}, {4}, {2}], [{8, 6}, {1, 7}, {4, 5}, {2, 3}], [{8, 6}, {2, 7}, {1, 5}, {3, 4}], [{8, 6}, {2, 7}, {3, 5}, {1, 4}], [{8, 6}, {2, 7}, {4, 5}, {1, 3}], [{8, 6}, {2, 7}, {5}, {1, 4}, {3}], [{8, 6}, {3, 7}, {1, 5}, {2, 4}], [{8, 6}, {3, 7}, {1, 5}, {4}, {2}], [{8, 6}, {3, 7}, {2, 5}, {1, 4}], [{8, 6}, {3, 7}, {4, 5}, {1, 2}], [{8, 6}, {3, 7}, {4, 5}, {2}, {1}], [{8, 6}, {3, 7}, {5}, {1, 4}, {2}], [{8, 6}, {4, 7}, {1, 5}, {2, 3}], [{8, 6}, {4, 7}, {2, 5}, {1, 3}], [{8, 6}, {4, 7}, {3, 5}, {1, 2}], [{8, 6}, {4, 7}, {3, 5}, {2}, {1}], [{8, 6}, {5, 7}, {1, 4}, {2, 3}], [{8, 6}, {5, 7}, {1, 4}, {3}, {2}], [{8, 6}, {5, 7}, {2, 4}, {1, 3}], [{8, 6}, {5, 7}, {3, 4}, {1, 2}], [{8, 6}, {7}, {2, 5}, {1, 4}, {3}], [{8, 6}, {7}, {3, 5}, {1, 4}, {2}], [{8, 6}, {7}, {5}, {1, 4}, {2, 3}], [{8, 6}, {7}, {5}, {1, 4}, {3}, {2}], [{8, 6}, {7}, {5}, {2, 4}, {1, 3}], [{8, 6}, {7}, {5}, {3, 4}, {1, 2}], [{8, 7}, {1, 6}, {2, 5}, {3, 4}], [{8, 7}, {1, 6}, {3, 5}, {2, 4}], [{8, 7}, {1, 6}, {4, 5}, {2, 3}], [{8, 7}, {2, 6}, {1, 5}, {3, 4}], [{8, 7}, {2, 6}, {3, 5}, {1, 4}], [{8, 7}, {2, 6}, {4, 5}, {1, 3}], [{8, 7}, {3, 6}, {1, 5}, {2, 4}], [{8, 7}, {3, 6}, {2, 5}, {1, 4}], [{8, 7}, {3, 6}, {4, 5}, {1, 2}], [{8, 7}, {4, 6}, {1, 5}, {2, 3}], [{8, 7}, {4, 6}, {2, 5}, {1, 3}], [{8, 7}, {4, 6}, {3, 5}, {1, 2}], [{8, 7}, {4, 6}, {5}, {2, 3}, {1}], [{8, 7}, {5, 6}, {1, 4}, {2, 3}], [{8, 7}, {5, 6}, {2, 4}, {1, 3}], [{8, 7}, {5, 6}, {3, 4}, {1, 2}], [{8, 7}, {5, 6}, {4}, {3}, {1, 2}], [{8, 7}, {6}, {2, 5}, {1, 4}, {3}], [{8}, {1, 7}, {4, 6}, {3, 5}, {2}], [{8}, {1, 7}, {5, 6}, {2, 4}, {3}], [{8}, {3, 7}, {2, 6}, {4, 5}, {1}], [{8}, {3, 7}, {4, 6}, {1, 5}, {2}], [{8}, {3, 7}, {6}, {2, 5}, {1, 4}], [{8}, {4, 7}, {5, 6}, {1, 3}, {2}], [{8}, {5, 7}, {4, 6}, {1, 3}, {2}], [{8}, {5, 7}, {4, 6}, {2, 3}, {1}], [{8}, {5, 7}, {4, 6}, {3}, {1, 2}], [{8}, {5, 7}, {4, 6}, {3}, {2}, {1}], [{8}, {6, 7}, {2, 5}, {1, 4}, {3}], [{8}, {7}, {2, 6}, {3, 5}, {1, 4}], [{8}, {7}, {3, 6}, {2, 5}, {1, 4}], [{8}, {7}, {3, 6}, {4, 5}, {1, 2}], [{8}, {7}, {5, 6}, {1, 4}, {2, 3}], [{8}, {7}, {6}, {2, 5}, {1, 4}, {3}]]",2,16 K_1^3 + 4 K_1^2 K_2 - 14 K_1^2 - 22 K_1 K_2 - 4 K_1 K_3 - K_1 + 7 K_2 + 7 K_3 + K_4 + 7,O1O2O3O4U5U6O5U3U7O6O7U1U8U4O8U2,O1O2O3U4U5O4O6U7O5O7U1U6U8U3O8U2,O1O2O3U2O4U1U4U5U3O6O7U6O5O8U7U8,c,{'O1O2O3O4U3O5U1U5U4O6O7U6U2O8U7U8'},1,"<a href=""/flatknot/8.704325"">8.704325</a>",t^9-35t^7-36t^6+109t^5+170t^4+74t^3+16t^2+10t,t^3-t^2-t,,
8.704326,O1O2O3O4U3O5U1U5U4O6O7U6U7O8U2U8,4,2z^3+27z^2+104z+117,2w^4z^3+27w^3z^2+104w^2z+117w,False,False,"[[ 0 -3  0 -1  2  1 -1  1  1],[ 3  0  3  0  3  1  0  0  1],[ 0 -3  0 -1  1  0 -1  1  1],[ 1  0  1  0  1  0  0  0  0],[-2 -3 -1 -1  0  0  0  0  0],[-1 -1  0  0  0  0  0  0  0],[ 1  0  1  0  0  0  0  1  0],[-1  0 -1  0  0  0 -1  0  0],[-1 -1 -1  0  0  0  0  0  0]]","[[ 0  2  1  1  1  0 -1 -1 -3],[-2  0  0  0  0 -1  0 -1 -3],[-1  0  0  0  0  0  0  0 -1],[-1  0  0  0  0 -1  0  0 -1],[-1  0  0  0  0 -1 -1  0  0],[ 0  1  0  1  1  0 -1 -1 -3],[ 1  0  0  0  1  1  0  0  0],[ 1  1  0  0  0  1  0  0  0],[ 3  3  1  1  0  3  0  0  0]]",True,"[-2,-1,-1,-1,0,1,1,3,0,0,0,1,0,1,3,0,0,0,0,0,1,0,1,0,0,1,1,1,0,0,1,1,3,0,0,0]","[-3,-1,-1,0,1,1,1,2,0,0,3,0,1,1,3,0,1,0,0,0,1,1,1,0,0,0,1,0,1,1,0,0,0,0,0,0]",t^8+27t^6+59t^4+16t^2+1,"[-3,-1,-1,0,1,1,1,2,2,2,0,3,3,4,2,0,0,2,2,1,3,0,2,2,2,2,0,1,0,1,0,0,1,0,1,1]","[-2,-1,-1,-1,0,1,1,3,1,1,1,1,2,3,2,0,0,0,2,1,4,0,0,2,2,3,1,2,2,3,0,0,0,0,2,2]","[-3,-1,-1,0,1,1,1,2,0,0,3,0,1,1,3,0,1,0,0,0,1,1,1,0,0,0,1,0,1,1,0,0,0,0,0,0]",c,"[[{8, 1}, {3, 7}, {4, 6}, {2, 5}], [{8, 1}, {6, 7}, {2, 5}, {3, 4}], [{8, 3}, {6, 7}, {1, 5}, {2, 4}], [{8, 3}, {6, 7}, {2, 5}, {1, 4}], [{8, 3}, {6, 7}, {4, 5}, {1, 2}], [{8, 6}, {1, 7}, {2, 5}, {3, 4}]]",1,- 8 K_1^4 + 24 K_1^3 + 16 K_1^2 K_2 - 38 K_1^2 - 34 K_1 K_2 - 8 K_1 K_3 - K_1 - 2 K_2^2 + 19 K_2 + 11 K_3 + 2 K_4 + 20,O1O2O3O4U5U3O5U6U7O6O7U1U8U4O8U2,O1O2O3U4U5O4O5U6O7O6U1U7U8U3O8U2,O1O2O3U2O4U1U4U5U3O6O5U6O7O8U7U8,c,{'O1O2O3O4U3O5U1U5U4O6O7U6U7O8U2U8'},1,"<a href=""/flatknot/8.704326"">8.704326</a>",t^9-31t^7-28t^6+12t^5+74t^4+66t^3-8t^2-10t,t^3-t^2-t,,
8.704327,O1O2O3O4U3O5U1U5U4O6O7U8U2O8U6U7,3,19z^2+94z+113,19w^3z^2+94w^2z+113w,False,False,"[[ 0 -3  0 -1  2  1  0  2 -1],[ 3  0  3  0  3  1  1  1  2],[ 0 -3  0 -1  1  0  0  1  0],[ 1  0  1  0  1  0  0  0  1],[-2 -3 -1 -1  0  0  0  0 -2],[-1 -1  0  0  0  0  0  0 -1],[ 0 -1  0  0  0  0  0  1  0],[-2 -1 -1  0  0  0 -1  0 -2],[ 1 -2  0 -1  2  1  0  2  0]]","[[ 0  2  2  0  0 -1 -3],[-2  0  0  0 -1 -1 -3],[-2  0  0 -1 -1  0 -1],[ 0  0  1  0  0  0 -1],[ 0  1  1  0  0 -1 -3],[ 1  1  0  0  1  0  0],[ 3  3  1  1  3  0  0]]",False,"[-2,-2,0,0,1,3,0,0,1,1,3,1,1,0,1,0,0,1,1,3,0]","[-3,-1,0,0,2,2,0,1,3,1,3,0,1,0,1,0,1,0,1,1,0]",t^6+25t^4+26t^2+1,"[-3,-1,0,0,2,2,2,0,2,2,4,0,1,2,3,0,1,1,2,1,0]","[-2,-2,0,0,1,3,0,1,1,3,4,1,2,2,2,0,0,0,1,2,2]","[-3,-1,0,0,2,2,0,1,3,1,3,0,1,0,1,0,1,0,1,1,0]",c,"[[{8, 5}, {2, 7}, {4, 6}, {1, 3}], [{8, 5}, {4, 7}, {3, 6}, {1, 2}]]",1,28 K_1^3 + 12 K_1^2 K_2 - 34 K_1^2 - 42 K_1 K_2 - 10 K_1 K_3 - 2 K_2^2 + 16 K_2 + 14 K_3 + 3 K_4 + 16,O1O2O3O4U5U6O7U3U7O5O6U1U8U4O8U2,O1O2O3U4U5O6O7U6O4O5U1U7U8U3O8U2,O1O2O3U2O4U1U4U5U3O6O7U8O5O8U6U7,c,{'O1O2O3O4U3O5U1U5U4O6O7U8U2O8U6U7'},1,"<a href=""/flatknot/8.704327"">8.704327</a>",t^7-27t^5-28t^4-54t^3+42t^2+46t+6,t^3-2t^2+t,,
8.704328,O1O2O3O4U3O5U1U5U4O6O7U8U6O8U2U7,4,10z^2+95z+151,10w^3z^2+95w^2z+151w,False,False,"[[ 0 -3  0 -1  2  1  0  2 -1],[ 3  0  3  0  3  1  0  1  3],[ 0 -3  0 -1  1  0  1  2 -1],[ 1  0  1  0  1  0  0  0  1],[-2 -3 -1 -1  0  0  0  0 -2],[-1 -1  0  0  0  0  0  0 -1],[ 0  0 -1  0  0  0  0  0  0],[-2 -1 -2  0  0  0  0  0 -2],[ 1 -3  1 -1  2  1  0  2  0]]","[[ 0  2  2  1  0  0 -1 -1 -3],[-2  0  0  0  0 -1 -1 -2 -3],[-2  0  0  0  0 -2  0 -2 -1],[-1  0  0  0  0  0  0 -1 -1],[ 0  0  0  0  0 -1  0  0  0],[ 0  1  2  0  1  0 -1 -1 -3],[ 1  1  0  0  0  1  0  1  0],[ 1  2  2  1  0  1 -1  0 -3],[ 3  3  1  1  0  3  0  3  0]]",True,"[-2,-2,-1,0,0,1,1,3,0,0,0,1,1,2,3,0,0,2,0,2,1,0,0,0,1,1,1,0,0,0,1,1,3,-1,0,3]","[-3,-1,-1,0,0,1,2,2,-1,2,0,3,3,2,4,1,0,1,1,1,1,0,1,2,2,3,-1,1,1,0,1,2,2,1,1,0]",t^8+48t^6+109t^4+46t^2+1,"[-3,-1,-1,0,0,1,2,2,-1,2,0,3,3,2,4,1,0,1,1,1,1,0,1,2,2,3,-1,1,1,0,1,2,2,1,1,0]","[-2,-2,-1,0,0,1,1,3,0,1,0,2,1,3,4,1,1,2,1,2,2,1,1,1,2,3,1,0,0,0,1,1,3,-1,-1,2]","[-3,-1,-1,0,0,1,2,2,0,3,0,3,1,1,3,1,0,1,0,0,1,0,1,1,2,2,-1,0,0,0,0,2,1,0,0,0]",c,"[[{8, 1}, {2, 7}, {3, 6}, {4, 5}], [{8, 1}, {2, 7}, {4, 6}, {3, 5}], [{8, 1}, {2, 7}, {4, 6}, {5}, {3}], [{8, 1}, {2, 7}, {5, 6}, {3, 4}], [{8, 1}, {2, 7}, {5, 6}, {4}, {3}], [{8, 1}, {2, 7}, {6}, {4, 5}, {3}], [{8, 1}, {3, 7}, {2, 6}, {4, 5}], [{8, 1}, {3, 7}, {4, 6}, {2, 5}], [{8, 1}, {3, 7}, {5, 6}, {2, 4}], [{8, 1}, {3, 7}, {5, 6}, {4}, {2}], [{8, 1}, {3, 7}, {6}, {5}, {2, 4}], [{8, 1}, {4, 7}, {2, 6}, {3, 5}], [{8, 1}, {4, 7}, {3, 6}, {2, 5}], [{8, 1}, {4, 7}, {5, 6}, {2, 3}], [{8, 1}, {4, 7}, {6}, {2, 5}, {3}], [{8, 1}, {4, 7}, {6}, {3, 5}, {2}], [{8, 1}, {4, 7}, {6}, {5}, {2, 3}], [{8, 1}, {5, 7}, {2, 6}, {3, 4}], [{8, 1}, {5, 7}, {3, 6}, {2, 4}], [{8, 1}, {5, 7}, {4, 6}, {2, 3}], [{8, 1}, {6, 7}, {2, 5}, {3, 4}], [{8, 1}, {6, 7}, {3, 5}, {2, 4}], [{8, 1}, {6, 7}, {4, 5}, {2, 3}], [{8, 1}, {7}, {5, 6}, {4}, {2, 3}], [{8, 2}, {1, 7}, {3, 6}, {4, 5}], [{8, 2}, {1, 7}, {4, 6}, {3, 5}], [{8, 2}, {1, 7}, {5, 6}, {3, 4}], [{8, 2}, {3, 7}, {1, 6}, {4, 5}], [{8, 2}, {3, 7}, {4, 6}, {1, 5}], [{8, 2}, {3, 7}, {5, 6}, {1, 4}], [{8, 2}, {4, 7}, {1, 6}, {3, 5}], [{8, 2}, {4, 7}, {1, 6}, {5}, {3}], [{8, 2}, {4, 7}, {3, 6}, {1, 5}], [{8, 2}, {4, 7}, {5, 6}, {1, 3}], [{8, 2}, {5, 7}, {1, 6}, {3, 4}], [{8, 2}, {5, 7}, {3, 6}, {1, 4}], [{8, 2}, {5, 7}, {4, 6}, {1, 3}], [{8, 2}, {6, 7}, {1, 5}, {3, 4}], [{8, 2}, {6, 7}, {3, 5}, {1, 4}], [{8, 2}, {6, 7}, {4, 5}, {1, 3}], [{8, 2}, {7}, {3, 6}, {5}, {1, 4}], [{8, 2}, {7}, {5, 6}, {1, 4}, {3}], [{8, 2}, {7}, {6}, {3, 5}, {1, 4}], [{8, 3}, {1, 7}, {2, 6}, {4, 5}], [{8, 3}, {1, 7}, {4, 6}, {2, 5}], [{8, 3}, {1, 7}, {5, 6}, {2, 4}], [{8, 3}, {2, 7}, {1, 6}, {4, 5}], [{8, 3}, {2, 7}, {4, 6}, {1, 5}], [{8, 3}, {2, 7}, {5, 6}, {1, 4}], [{8, 3}, {4, 7}, {1, 6}, {2, 5}], [{8, 3}, {4, 7}, {2, 6}, {1, 5}], [{8, 3}, {4, 7}, {5, 6}, {1, 2}], [{8, 3}, {5, 7}, {1, 6}, {2, 4}], [{8, 3}, {5, 7}, {2, 6}, {1, 4}], [{8, 3}, {5, 7}, {4, 6}, {1, 2}], [{8, 3}, {6, 7}, {1, 5}, {2, 4}], [{8, 3}, {6, 7}, {2, 5}, {1, 4}], [{8, 3}, {6, 7}, {4, 5}, {1, 2}], [{8, 3}, {7}, {2, 6}, {5}, {1, 4}], [{8, 3}, {7}, {5, 6}, {1, 4}, {2}], [{8, 3}, {7}, {6}, {2, 5}, {1, 4}], [{8, 4}, {1, 7}, {2, 6}, {3, 5}], [{8, 4}, {1, 7}, {3, 6}, {2, 5}], [{8, 4}, {1, 7}, {5, 6}, {2, 3}], [{8, 4}, {1, 7}, {6}, {3, 5}, {2}], [{8, 4}, {2, 7}, {1, 6}, {3, 5}], [{8, 4}, {2, 7}, {3, 6}, {1, 5}], [{8, 4}, {2, 7}, {5, 6}, {1, 3}], [{8, 4}, {2, 7}, {5, 6}, {3}, {1}], [{8, 4}, {3, 7}, {1, 6}, {2, 5}], [{8, 4}, {3, 7}, {2, 6}, {1, 5}], [{8, 4}, {3, 7}, {5, 6}, {1, 2}], [{8, 4}, {3, 7}, {5, 6}, {2}, {1}], [{8, 4}, {5, 7}, {1, 6}, {2, 3}], [{8, 4}, {5, 7}, {2, 6}, {1, 3}], [{8, 4}, {5, 7}, {3, 6}, {1, 2}], [{8, 4}, {6, 7}, {1, 5}, {2, 3}], [{8, 4}, {6, 7}, {2, 5}, {1, 3}], [{8, 4}, {6, 7}, {3, 5}, {1, 2}], [{8, 4}, {7}, {1, 6}, {2, 5}, {3}], [{8, 4}, {7}, {5, 6}, {2, 3}, {1}], [{8, 5}, {1, 7}, {2, 6}, {3, 4}], [{8, 5}, {1, 7}, {3, 6}, {2, 4}], [{8, 5}, {1, 7}, {4, 6}, {2, 3}], [{8, 5}, {2, 7}, {1, 6}, {3, 4}], [{8, 5}, {2, 7}, {3, 6}, {1, 4}], [{8, 5}, {2, 7}, {4, 6}, {1, 3}], [{8, 5}, {3, 7}, {1, 6}, {2, 4}], [{8, 5}, {3, 7}, {2, 6}, {1, 4}], [{8, 5}, {3, 7}, {4, 6}, {1, 2}], [{8, 5}, {3, 7}, {6}, {4}, {1, 2}], [{8, 5}, {4, 7}, {1, 6}, {2, 3}], [{8, 5}, {4, 7}, {1, 6}, {3}, {2}], [{8, 5}, {4, 7}, {2, 6}, {1, 3}], [{8, 5}, {4, 7}, {2, 6}, {3}, {1}], [{8, 5}, {4, 7}, {3, 6}, {1, 2}], [{8, 5}, {4, 7}, {6}, {3}, {1, 2}], [{8, 5}, {6, 7}, {1, 4}, {2, 3}], [{8, 5}, {6, 7}, {1, 4}, {3}, {2}], [{8, 5}, {6, 7}, {2, 4}, {1, 3}], [{8, 5}, {6, 7}, {2, 4}, {3}, {1}], [{8, 5}, {6, 7}, {3, 4}, {1, 2}], [{8, 5}, {6, 7}, {4}, {3}, {1, 2}], [{8, 5}, {7}, {3, 6}, {4}, {1, 2}], [{8, 5}, {7}, {4, 6}, {3}, {1, 2}], [{8, 5}, {7}, {6}, {3, 4}, {1, 2}], [{8, 6}, {1, 7}, {2, 5}, {3, 4}], [{8, 6}, {1, 7}, {3, 5}, {2, 4}], [{8, 6}, {1, 7}, {4, 5}, {2, 3}], [{8, 6}, {1, 7}, {5}, {3, 4}, {2}], [{8, 6}, {2, 7}, {1, 5}, {3, 4}], [{8, 6}, {2, 7}, {3, 5}, {1, 4}], [{8, 6}, {2, 7}, {3, 5}, {4}, {1}], [{8, 6}, {2, 7}, {4, 5}, {1, 3}], [{8, 6}, {2, 7}, {4, 5}, {3}, {1}], [{8, 6}, {2, 7}, {5}, {3, 4}, {1}], [{8, 6}, {3, 7}, {1, 5}, {2, 4}], [{8, 6}, {3, 7}, {2, 5}, {1, 4}], [{8, 6}, {3, 7}, {4, 5}, {1, 2}], [{8, 6}, {3, 7}, {5}, {2, 4}, {1}], [{8, 6}, {4, 7}, {1, 5}, {2, 3}], [{8, 6}, {4, 7}, {2, 5}, {1, 3}], [{8, 6}, {4, 7}, {2, 5}, {3}, {1}], [{8, 6}, {4, 7}, {3, 5}, {1, 2}], [{8, 6}, {5, 7}, {1, 4}, {2, 3}], [{8, 6}, {5, 7}, {1, 4}, {3}, {2}], [{8, 6}, {5, 7}, {2, 4}, {1, 3}], [{8, 6}, {5, 7}, {3, 4}, {1, 2}], [{8, 6}, {7}, {5}, {3, 4}, {1, 2}], [{8, 7}, {1, 6}, {2, 5}, {3, 4}], [{8, 7}, {1, 6}, {2, 5}, {4}, {3}], [{8, 7}, {1, 6}, {3, 5}, {2, 4}], [{8, 7}, {1, 6}, {4, 5}, {2, 3}], [{8, 7}, {2, 6}, {1, 5}, {3, 4}], [{8, 7}, {2, 6}, {3, 5}, {1, 4}], [{8, 7}, {2, 6}, {3, 5}, {4}, {1}], [{8, 7}, {2, 6}, {4, 5}, {1, 3}], [{8, 7}, {2, 6}, {5}, {1, 4}, {3}], [{8, 7}, {3, 6}, {1, 5}, {2, 4}], [{8, 7}, {3, 6}, {2, 5}, {1, 4}], [{8, 7}, {3, 6}, {4, 5}, {1, 2}], [{8, 7}, {3, 6}, {5}, {1, 4}, {2}], [{8, 7}, {4, 6}, {1, 5}, {2, 3}], [{8, 7}, {4, 6}, {2, 5}, {1, 3}], [{8, 7}, {4, 6}, {2, 5}, {3}, {1}], [{8, 7}, {4, 6}, {3, 5}, {1, 2}], [{8, 7}, {5, 6}, {1, 4}, {2, 3}], [{8, 7}, {5, 6}, {1, 4}, {3}, {2}], [{8, 7}, {5, 6}, {2, 4}, {1, 3}], [{8, 7}, {5, 6}, {2, 4}, {3}, {1}], [{8, 7}, {5, 6}, {3, 4}, {1, 2}], [{8, 7}, {5, 6}, {3, 4}, {2}, {1}], [{8, 7}, {5, 6}, {4}, {1, 3}, {2}], [{8, 7}, {5, 6}, {4}, {2, 3}, {1}], [{8, 7}, {5, 6}, {4}, {3}, {1, 2}], [{8, 7}, {6}, {2, 5}, {1, 4}, {3}], [{8, 7}, {6}, {3, 5}, {1, 4}, {2}], [{8, 7}, {6}, {5}, {1, 4}, {2, 3}], [{8, 7}, {6}, {5}, {1, 4}, {3}, {2}], [{8, 7}, {6}, {5}, {2, 4}, {1, 3}], [{8, 7}, {6}, {5}, {3, 4}, {1, 2}], [{8}, {1, 7}, {2, 6}, {4, 5}, {3}], [{8}, {1, 7}, {3, 6}, {5}, {2, 4}], [{8}, {1, 7}, {5, 6}, {4}, {2, 3}], [{8}, {2, 7}, {1, 6}, {4, 5}, {3}], [{8}, {2, 7}, {3, 6}, {5}, {1, 4}], [{8}, {2, 7}, {5, 6}, {1, 4}, {3}], [{8}, {2, 7}, {6}, {3, 5}, {1, 4}], [{8}, {3, 7}, {1, 6}, {5}, {2, 4}], [{8}, {3, 7}, {2, 6}, {5}, {1, 4}], [{8}, {3, 7}, {4, 6}, {5}, {1, 2}], [{8}, {3, 7}, {5, 6}, {1, 4}, {2}], [{8}, {3, 7}, {6}, {2, 5}, {1, 4}], [{8}, {4, 7}, {1, 6}, {2, 5}, {3}], [{8}, {4, 7}, {3, 6}, {5}, {1, 2}], [{8}, {4, 7}, {5, 6}, {2, 3}, {1}], [{8}, {5, 7}, {3, 6}, {2, 4}, {1}], [{8}, {5, 7}, {6}, {3, 4}, {1, 2}], [{8}, {6, 7}, {5}, {3, 4}, {1, 2}], [{8}, {7}, {3, 6}, {1, 5}, {2, 4}], [{8}, {7}, {4, 6}, {2, 5}, {1, 3}], [{8}, {7}, {5, 6}, {1, 4}, {2, 3}], [{8}, {7}, {5, 6}, {1, 4}, {3}, {2}], [{8}, {7}, {5, 6}, {2, 4}, {1, 3}], [{8}, {7}, {5, 6}, {3, 4}, {1, 2}], [{8}, {7}, {5, 6}, {4}, {2, 3}, {1}], [{8}, {7}, {6}, {5}, {3, 4}, {1, 2}]]",2,16 K_1^3 + 4 K_1^2 K_2 - 40 K_1^2 - 30 K_1 K_2 - 4 K_1 K_3 + 3 K_1 + 20 K_2 + 11 K_3 + K_4 + 20,O1O2O3O4U5U3O6U7U6O5O7U1U8U4O8U2,O1O2O3U4U5O6O4U6O7O5U1U7U8U3O8U2,O1O2O3U2O4U1U4U5U3O6O5U7O8O7U6U8,c,{'O1O2O3O4U3O5U1U5U4O6O7U8U6O8U2U7'},1,"<a href=""/flatknot/8.704328"">8.704328</a>",t^9-50t^7-142t^6-73t^5+166t^4+199t^3-22t^2-21t,t^3-2t^2+t,,
8.704329,O1O2O3O4U3O5U1U5U6O7O6U2U4O8U7U8,4,24z^2+101z+107,24w^3z^2+101w^2z+107w,False,False,"[[ 0 -3 -1 -1  2  1  1  0  1],[ 3  0  2  0  4  1  3  2  0],[ 1 -2  0  0  2  0  1  1  1],[ 1  0  0  0  1  0  1  1  0],[-2 -4 -2 -1  0  0 -2  0  1],[-1 -1  0  0  0  0 -1  0  0],[-1 -3 -1 -1  2  1  0  0  0],[ 0 -2 -1 -1  0  0  0  0  1],[-1  0 -1  0 -1  0  0 -1  0]]","[[ 0  2  1  1  1  0 -1 -1 -3],[-2  0  1  0 -2  0 -1 -2 -4],[-1 -1  0  0  0 -1  0 -1  0],[-1  0  0  0 -1  0  0  0 -1],[-1  2  0  1  0  0 -1 -1 -3],[ 0  0  1  0  0  0 -1 -1 -2],[ 1  1  0  0  1  1  0  0  0],[ 1  2  1  0  1  1  0  0 -2],[ 3  4  0  1  3  2  0  2  0]]",True,"[-2,-1,-1,-1,0,1,1,3,-1,0,2,0,1,2,4,0,0,1,0,1,0,1,0,0,0,1,0,1,1,3,1,1,2,0,0,2]","[-3,-1,-1,0,1,1,1,2,0,2,1,1,3,4,1,0,0,1,2,1,1,0,1,2,2,2,1,1,0,2,-1,0,-1,0,1,2]",t^8+51t^6+142t^4+59t^2+1,"[-3,-1,-1,0,1,1,1,2,0,2,1,1,3,4,1,0,0,1,2,1,1,0,1,2,2,2,1,1,0,2,-1,0,-1,0,1,2]","[-2,-1,-1,-1,0,1,1,3,-1,1,2,2,1,2,1,1,0,1,1,1,1,0,1,2,2,3,0,1,2,4,0,0,1,0,0,2]","[-3,-1,-1,0,1,1,1,2,0,2,2,0,1,3,4,0,1,0,0,1,1,1,1,0,1,2,1,0,0,0,0,0,-1,-1,0,2]",c,"[[{8, 2}, {6, 7}, {1, 5}, {3, 4}]]",1,12 K_1^3 + 12 K_1^2 K_2 - 24 K_1^2 - 22 K_1 K_2 - 10 K_1 K_3 + 2 K_1 - 2 K_2^2 + 11 K_2 + 8 K_3 + 3 K_4 + 11,O1O2O3O4U5U6O5U1U3O7O6U7U8U4O8U2,O1O2O3U4U3O5O6U7O4O7U1U5U8U6O8U2,O1O2O3U2O4U5U4U6U3O7O8U7O5O6U1U8,c,{'O1O2O3O4U3O5U1U5U6O7O6U2U4O8U7U8'},1,"<a href=""/flatknot/8.704329"">8.704329</a>",t^9-55t^7-122t^6+35t^5+102t^4+81t^3+232t^2-116t-2,t^3-t^2-t,,
8.704330,O1O2O3O4U3O5U1U5U6O7O6U2U7O8U4U8,3,21z^2+98z+113,21w^3z^2+98w^2z+113w,False,False,"[[ 0 -3 -1 -1  2  1  1  0  1],[ 3  0  2  0  4  1  3  1  1],[ 1 -2  0  0  3  0  1  0  1],[ 1  0  0  0  1  0  1  0  1],[-2 -4 -3 -1  0  0 -1 -1  1],[-1 -1  0  0  0  0 -1  0  0],[-1 -3 -1 -1  1  1  0  0  1],[ 0 -1  0  0  1  0  0  0  0],[-1 -1 -1 -1 -1  0 -1  0  0]]","[[ 0  2  1  1  1  0 -1 -1 -3],[-2  0  1  0 -1 -1 -1 -3 -4],[-1 -1  0  0 -1  0 -1 -1 -1],[-1  0  0  0 -1  0  0  0 -1],[-1  1  1  1  0  0 -1 -1 -3],[ 0  1  0  0  0  0  0  0 -1],[ 1  1  1  0  1  0  0  0  0],[ 1  3  1  0  1  0  0  0 -2],[ 3  4  1  1  3  1  0  2  0]]",True,"[-2,-1,-1,-1,0,1,1,3,-1,0,1,1,1,3,4,0,1,0,1,1,1,1,0,0,0,1,0,1,1,3,0,0,1,0,0,2]","[-3,-1,-1,0,1,1,1,2,0,2,1,1,1,3,4,0,0,0,1,1,1,0,0,1,1,3,0,0,0,1,0,-1,0,-1,-1,1]",t^8+51t^6+114t^4+29t^2,"[-3,-1,-1,0,1,1,1,2,0,2,2,1,3,3,1,0,1,1,1,2,0,1,1,1,2,2,1,1,1,1,-1,-1,0,0,2,1]","[-2,-1,-1,-1,0,1,1,3,0,1,2,1,0,2,1,1,1,1,1,1,1,0,1,2,2,3,1,1,1,3,1,1,2,0,0,2]","[-3,-1,-1,0,1,1,1,2,0,2,1,1,1,3,4,0,0,0,1,1,1,0,0,1,1,3,0,0,0,1,0,-1,0,-1,-1,1]",c,"[[{8, 1}, {2, 7}, {3, 6}, {4, 5}], [{8, 1}, {2, 7}, {4, 6}, {3, 5}], [{8, 1}, {2, 7}, {5, 6}, {3, 4}], [{8, 1}, {3, 7}, {2, 6}, {4, 5}], [{8, 1}, {3, 7}, {2, 6}, {5}, {4}], [{8, 1}, {3, 7}, {4, 6}, {2, 5}], [{8, 1}, {3, 7}, {5, 6}, {2, 4}], [{8, 1}, {4, 7}, {2, 6}, {3, 5}], [{8, 1}, {4, 7}, {3, 6}, {2, 5}], [{8, 1}, {4, 7}, {5, 6}, {2, 3}], [{8, 1}, {5, 7}, {2, 6}, {3, 4}], [{8, 1}, {5, 7}, {2, 6}, {4}, {3}], [{8, 1}, {5, 7}, {3, 6}, {2, 4}], [{8, 1}, {5, 7}, {4, 6}, {2, 3}], [{8, 1}, {6, 7}, {2, 5}, {3, 4}], [{8, 1}, {6, 7}, {3, 5}, {2, 4}], [{8, 1}, {6, 7}, {4, 5}, {2, 3}], [{8, 1}, {6, 7}, {5}, {2, 4}, {3}], [{8, 1}, {6, 7}, {5}, {3, 4}, {2}], [{8, 1}, {6, 7}, {5}, {4}, {2, 3}], [{8, 1}, {7}, {2, 6}, {3, 5}, {4}], [{8, 1}, {7}, {3, 6}, {2, 5}, {4}], [{8, 2}, {1, 7}, {3, 6}, {4, 5}], [{8, 2}, {1, 7}, {4, 6}, {3, 5}], [{8, 2}, {1, 7}, {5, 6}, {3, 4}], [{8, 2}, {3, 7}, {1, 6}, {4, 5}], [{8, 2}, {3, 7}, {4, 6}, {1, 5}], [{8, 2}, {3, 7}, {5, 6}, {1, 4}], [{8, 2}, {3, 7}, {5, 6}, {4}, {1}], [{8, 2}, {3, 7}, {6}, {5}, {1, 4}], [{8, 2}, {4, 7}, {1, 6}, {3, 5}], [{8, 2}, {4, 7}, {3, 6}, {1, 5}], [{8, 2}, {4, 7}, {5, 6}, {1, 3}], [{8, 2}, {5, 7}, {1, 6}, {3, 4}], [{8, 2}, {5, 7}, {3, 6}, {1, 4}], [{8, 2}, {5, 7}, {4, 6}, {1, 3}], [{8, 2}, {5, 7}, {6}, {1, 4}, {3}], [{8, 2}, {6, 7}, {1, 5}, {3, 4}], [{8, 2}, {6, 7}, {3, 5}, {1, 4}], [{8, 2}, {6, 7}, {4, 5}, {1, 3}], [{8, 2}, {6, 7}, {5}, {1, 4}, {3}], [{8, 2}, {6, 7}, {5}, {3, 4}, {1}], [{8, 2}, {6, 7}, {5}, {4}, {1, 3}], [{8, 2}, {7}, {1, 6}, {3, 5}, {4}], [{8, 2}, {7}, {3, 6}, {1, 5}, {4}], [{8, 2}, {7}, {3, 6}, {4, 5}, {1}], [{8, 2}, {7}, {3, 6}, {5}, {1, 4}], [{8, 2}, {7}, {4, 6}, {3, 5}, {1}], [{8, 2}, {7}, {5, 6}, {1, 4}, {3}], [{8, 2}, {7}, {6}, {3, 5}, {1, 4}], [{8, 2}, {7}, {6}, {5}, {1, 4}, {3}], [{8, 3}, {1, 7}, {2, 6}, {4, 5}], [{8, 3}, {1, 7}, {4, 6}, {2, 5}], [{8, 3}, {1, 7}, {5, 6}, {2, 4}], [{8, 3}, {1, 7}, {5, 6}, {4}, {2}], [{8, 3}, {2, 7}, {1, 6}, {4, 5}], [{8, 3}, {2, 7}, {4, 6}, {1, 5}], [{8, 3}, {2, 7}, {5, 6}, {1, 4}], [{8, 3}, {2, 7}, {6}, {5}, {1, 4}], [{8, 3}, {4, 7}, {1, 6}, {2, 5}], [{8, 3}, {4, 7}, {2, 6}, {1, 5}], [{8, 3}, {4, 7}, {5, 6}, {1, 2}], [{8, 3}, {4, 7}, {5, 6}, {2}, {1}], [{8, 3}, {5, 7}, {1, 6}, {2, 4}], [{8, 3}, {5, 7}, {2, 6}, {1, 4}], [{8, 3}, {5, 7}, {4, 6}, {1, 2}], [{8, 3}, {5, 7}, {6}, {1, 4}, {2}], [{8, 3}, {6, 7}, {1, 5}, {2, 4}], [{8, 3}, {6, 7}, {2, 5}, {1, 4}], [{8, 3}, {6, 7}, {4, 5}, {1, 2}], [{8, 3}, {6, 7}, {5}, {1, 4}, {2}], [{8, 3}, {6, 7}, {5}, {2, 4}, {1}], [{8, 3}, {6, 7}, {5}, {4}, {1, 2}], [{8, 3}, {7}, {1, 6}, {2, 5}, {4}], [{8, 3}, {7}, {2, 6}, {1, 5}, {4}], [{8, 3}, {7}, {2, 6}, {4, 5}, {1}], [{8, 3}, {7}, {2, 6}, {5}, {1, 4}], [{8, 3}, {7}, {4, 6}, {2, 5}, {1}], [{8, 3}, {7}, {5, 6}, {1, 4}, {2}], [{8, 3}, {7}, {6}, {2, 5}, {1, 4}], [{8, 3}, {7}, {6}, {5}, {1, 4}, {2}], [{8, 4}, {1, 7}, {2, 6}, {3, 5}], [{8, 4}, {1, 7}, {3, 6}, {2, 5}], [{8, 4}, {1, 7}, {5, 6}, {2, 3}], [{8, 4}, {2, 7}, {1, 6}, {3, 5}], [{8, 4}, {2, 7}, {3, 6}, {1, 5}], [{8, 4}, {2, 7}, {5, 6}, {1, 3}], [{8, 4}, {3, 7}, {1, 6}, {2, 5}], [{8, 4}, {3, 7}, {2, 6}, {1, 5}], [{8, 4}, {3, 7}, {2, 6}, {5}, {1}], [{8, 4}, {3, 7}, {5, 6}, {1, 2}], [{8, 4}, {5, 7}, {1, 6}, {2, 3}], [{8, 4}, {5, 7}, {2, 6}, {1, 3}], [{8, 4}, {5, 7}, {2, 6}, {3}, {1}], [{8, 4}, {5, 7}, {3, 6}, {1, 2}], [{8, 4}, {6, 7}, {1, 5}, {2, 3}], [{8, 4}, {6, 7}, {2, 5}, {1, 3}], [{8, 4}, {6, 7}, {3, 5}, {1, 2}], [{8, 4}, {6, 7}, {5}, {1, 3}, {2}], [{8, 4}, {6, 7}, {5}, {2, 3}, {1}], [{8, 4}, {6, 7}, {5}, {3}, {1, 2}], [{8, 4}, {7}, {2, 6}, {3, 5}, {1}], [{8, 4}, {7}, {3, 6}, {2, 5}, {1}], [{8, 5}, {1, 7}, {2, 6}, {3, 4}], [{8, 5}, {1, 7}, {3, 6}, {2, 4}], [{8, 5}, {1, 7}, {3, 6}, {4}, {2}], [{8, 5}, {1, 7}, {4, 6}, {2, 3}], [{8, 5}, {2, 7}, {1, 6}, {3, 4}], [{8, 5}, {2, 7}, {3, 6}, {1, 4}], [{8, 5}, {2, 7}, {4, 6}, {1, 3}], [{8, 5}, {2, 7}, {6}, {1, 4}, {3}], [{8, 5}, {3, 7}, {1, 6}, {2, 4}], [{8, 5}, {3, 7}, {2, 6}, {1, 4}], [{8, 5}, {3, 7}, {2, 6}, {4}, {1}], [{8, 5}, {3, 7}, {4, 6}, {1, 2}], [{8, 5}, {3, 7}, {6}, {1, 4}, {2}], [{8, 5}, {4, 7}, {1, 6}, {2, 3}], [{8, 5}, {4, 7}, {2, 6}, {1, 3}], [{8, 5}, {4, 7}, {3, 6}, {1, 2}], [{8, 5}, {4, 7}, {3, 6}, {2}, {1}], [{8, 5}, {6, 7}, {1, 4}, {2, 3}], [{8, 5}, {6, 7}, {1, 4}, {3}, {2}], [{8, 5}, {6, 7}, {2, 4}, {1, 3}], [{8, 5}, {6, 7}, {3, 4}, {1, 2}], [{8, 5}, {6, 7}, {4}, {2, 3}, {1}], [{8, 5}, {7}, {2, 6}, {1, 4}, {3}], [{8, 5}, {7}, {3, 6}, {1, 4}, {2}], [{8, 5}, {7}, {6}, {1, 4}, {2, 3}], [{8, 5}, {7}, {6}, {1, 4}, {3}, {2}], [{8, 6}, {1, 7}, {2, 5}, {3, 4}], [{8, 6}, {1, 7}, {3, 5}, {2, 4}], [{8, 6}, {1, 7}, {3, 5}, {4}, {2}], [{8, 6}, {1, 7}, {4, 5}, {2, 3}], [{8, 6}, {2, 7}, {1, 5}, {3, 4}], [{8, 6}, {2, 7}, {3, 5}, {1, 4}], [{8, 6}, {2, 7}, {4, 5}, {1, 3}], [{8, 6}, {2, 7}, {5}, {1, 4}, {3}], [{8, 6}, {3, 7}, {1, 5}, {2, 4}], [{8, 6}, {3, 7}, {2, 5}, {1, 4}], [{8, 6}, {3, 7}, {2, 5}, {4}, {1}], [{8, 6}, {3, 7}, {4, 5}, {1, 2}], [{8, 6}, {3, 7}, {5}, {1, 4}, {2}], [{8, 6}, {4, 7}, {1, 5}, {2, 3}], [{8, 6}, {4, 7}, {2, 5}, {1, 3}], [{8, 6}, {4, 7}, {3, 5}, {1, 2}], [{8, 6}, {4, 7}, {3, 5}, {2}, {1}], [{8, 6}, {5, 7}, {1, 4}, {2, 3}], [{8, 6}, {5, 7}, {1, 4}, {3}, {2}], [{8, 6}, {5, 7}, {2, 4}, {1, 3}], [{8, 6}, {5, 7}, {3, 4}, {1, 2}], [{8, 6}, {5, 7}, {4}, {2, 3}, {1}], [{8, 6}, {7}, {2, 5}, {1, 4}, {3}], [{8, 6}, {7}, {3, 5}, {1, 4}, {2}], [{8, 6}, {7}, {5}, {1, 4}, {2, 3}], [{8, 6}, {7}, {5}, {1, 4}, {3}, {2}], [{8, 7}, {1, 6}, {2, 5}, {3, 4}], [{8, 7}, {1, 6}, {3, 5}, {2, 4}], [{8, 7}, {1, 6}, {3, 5}, {4}, {2}], [{8, 7}, {1, 6}, {4, 5}, {2, 3}], [{8, 7}, {2, 6}, {1, 5}, {3, 4}], [{8, 7}, {2, 6}, {1, 5}, {4}, {3}], [{8, 7}, {2, 6}, {3, 5}, {1, 4}], [{8, 7}, {2, 6}, {4, 5}, {1, 3}], [{8, 7}, {2, 6}, {4, 5}, {3}, {1}], [{8, 7}, {2, 6}, {5}, {1, 4}, {3}], [{8, 7}, {3, 6}, {1, 5}, {2, 4}], [{8, 7}, {3, 6}, {2, 5}, {1, 4}], [{8, 7}, {3, 6}, {4, 5}, {1, 2}], [{8, 7}, {3, 6}, {5}, {1, 4}, {2}], [{8, 7}, {4, 6}, {1, 5}, {2, 3}], [{8, 7}, {4, 6}, {2, 5}, {1, 3}], [{8, 7}, {4, 6}, {3, 5}, {1, 2}], [{8, 7}, {4, 6}, {3, 5}, {2}, {1}], [{8, 7}, {5, 6}, {1, 4}, {2, 3}], [{8, 7}, {5, 6}, {1, 4}, {3}, {2}], [{8, 7}, {5, 6}, {2, 4}, {1, 3}], [{8, 7}, {5, 6}, {3, 4}, {1, 2}], [{8, 7}, {5, 6}, {4}, {2, 3}, {1}], [{8, 7}, {6}, {2, 5}, {1, 4}, {3}], [{8, 7}, {6}, {3, 5}, {1, 4}, {2}], [{8, 7}, {6}, {5}, {1, 4}, {2, 3}], [{8, 7}, {6}, {5}, {1, 4}, {3}, {2}], [{8}, {1, 7}, {2, 6}, {5}, {3, 4}], [{8}, {1, 7}, {4, 6}, {5}, {2, 3}], [{8}, {2, 7}, {1, 6}, {3, 5}, {4}], [{8}, {2, 7}, {3, 6}, {5}, {1, 4}], [{8}, {2, 7}, {4, 6}, {3, 5}, {1}], [{8}, {2, 7}, {5, 6}, {1, 4}, {3}], [{8}, {2, 7}, {6}, {3, 5}, {1, 4}], [{8}, {2, 7}, {6}, {5}, {1, 4}, {3}], [{8}, {3, 7}, {1, 6}, {5}, {2, 4}], [{8}, {3, 7}, {2, 6}, {1, 5}, {4}], [{8}, {3, 7}, {2, 6}, {4, 5}, {1}], [{8}, {3, 7}, {2, 6}, {5}, {1, 4}], [{8}, {3, 7}, {2, 6}, {5}, {4}, {1}], [{8}, {3, 7}, {4, 6}, {5}, {1, 2}], [{8}, {3, 7}, {5, 6}, {1, 4}, {2}], [{8}, {3, 7}, {6}, {2, 5}, {1, 4}], [{8}, {3, 7}, {6}, {5}, {1, 4}, {2}], [{8}, {4, 7}, {1, 6}, {5}, {2, 3}], [{8}, {4, 7}, {2, 6}, {5}, {1, 3}], [{8}, {5, 7}, {2, 6}, {1, 4}, {3}], [{8}, {5, 7}, {3, 6}, {1, 4}, {2}], [{8}, {5, 7}, {6}, {1, 4}, {2, 3}], [{8}, {5, 7}, {6}, {1, 4}, {3}, {2}], [{8}, {6, 7}, {1, 5}, {4}, {2, 3}], [{8}, {6, 7}, {2, 5}, {1, 4}, {3}], [{8}, {6, 7}, {3, 5}, {1, 4}, {2}], [{8}, {6, 7}, {4, 5}, {2, 3}, {1}], [{8}, {6, 7}, {5}, {1, 4}, {2, 3}], [{8}, {6, 7}, {5}, {1, 4}, {3}, {2}], [{8}, {6, 7}, {5}, {2, 4}, {1, 3}], [{8}, {6, 7}, {5}, {3, 4}, {1, 2}], [{8}, {6, 7}, {5}, {4}, {2, 3}, {1}], [{8}, {7}, {2, 6}, {3, 5}, {1, 4}], [{8}, {7}, {2, 6}, {5}, {1, 4}, {3}], [{8}, {7}, {3, 6}, {2, 5}, {1, 4}], [{8}, {7}, {3, 6}, {5}, {1, 4}, {2}], [{8}, {7}, {5, 6}, {1, 4}, {2, 3}], [{8}, {7}, {5, 6}, {1, 4}, {3}, {2}], [{8}, {7}, {6}, {2, 5}, {1, 4}, {3}], [{8}, {7}, {6}, {3, 5}, {1, 4}, {2}], [{8}, {7}, {6}, {5}, {1, 4}, {2, 3}], [{8}, {7}, {6}, {5}, {1, 4}, {3}, {2}]]",2,12 K_1^3 + 8 K_1^2 K_2 - 22 K_1^2 - 10 K_1 K_2 - 4 K_1 K_3 - 4 K_1 + 9 K_2 + 2 K_3 + 10,O1O2O3O4U5U1O5U6U3O7O6U7U8U4O8U2,O1O2O3U4U3O5O4U6O7O6U1U5U8U7O8U2,O1O2O3U2O4U5U4U6U3O7O5U7O8O6U1U8,c,{'O1O2O3O4U3O5U1U5U6O7O6U2U7O8U4U8'},1,"<a href=""/flatknot/8.704330"">8.704330</a>",t^9-55t^7-138t^6+45t^5+186t^4-94t^3-94t^2+72t,t^3-t^2-t,,
8.704331,O1O2O3O4U3O5U1U5U6O7O6U4U2O8U7U8,3,15z^2+68z+77,15w^3z^2+68w^2z+77w,False,False,"[[ 0 -3  0 -1  1  1  1  0  1],[ 3  0  3  0  3  1  3  2  0],[ 0 -3  0 -1  1  0  0  1  1],[ 1  0  1  0  1  0  1  1  0],[-1 -3 -1 -1  0  0 -1  0  1],[-1 -1  0  0  0  0 -1  0  0],[-1 -3  0 -1  1  1  0  0  0],[ 0 -2 -1 -1  0  0  0  0  1],[-1  0 -1  0 -1  0  0 -1  0]]","[[ 0  1  1  1  1  0  0 -1 -3],[-1  0  1  1  0  0  0 -1 -3],[-1 -1  0  0  1  0 -1 -1 -3],[-1 -1  0  0  0  0  0  0 -1],[-1  0 -1  0  0 -1 -1  0  0],[ 0  0  0  0  1  0 -1 -1 -2],[ 0  0  1  0  1  1  0 -1 -3],[ 1  1  1  0  0  1  1  0  0],[ 3  3  3  1  0  2  3  0  0]]",True,"[-1,-1,-1,-1,0,0,1,3,-1,-1,0,0,0,1,3,0,-1,0,1,1,3,0,0,0,0,1,1,1,0,0,1,1,2,1,3,0]","[-3,-1,0,0,1,1,1,1,0,2,3,0,1,3,3,1,1,0,0,1,1,-1,1,0,0,0,1,0,0,1,0,0,-1,-1,0,1]",t^8+43t^6+88t^4+8t^2,"[-3,-1,0,0,1,1,1,1,2,0,1,1,1,3,4,0,0,1,1,2,2,-1,0,1,1,0,1,1,1,0,1,0,-1,-1,0,0]","[-1,-1,-1,-1,0,0,1,3,-1,0,0,0,0,2,4,-1,0,0,1,1,1,1,1,1,1,1,1,1,2,3,1,0,0,0,1,2]","[-3,-1,0,0,1,1,1,1,0,2,3,0,1,3,3,1,1,0,0,1,1,-1,1,0,0,0,1,0,0,1,0,0,-1,-1,0,1]",c,"[[{8, 1}, {2, 7}, {3, 6}, {4, 5}], [{8, 1}, {2, 7}, {3, 6}, {5}, {4}], [{8, 1}, {2, 7}, {4, 6}, {3, 5}], [{8, 1}, {2, 7}, {4, 6}, {5}, {3}], [{8, 1}, {2, 7}, {5, 6}, {3, 4}], [{8, 1}, {2, 7}, {5, 6}, {4}, {3}], [{8, 1}, {2, 7}, {6}, {3, 5}, {4}], [{8, 1}, {2, 7}, {6}, {4, 5}, {3}], [{8, 1}, {2, 7}, {6}, {5}, {3, 4}], [{8, 1}, {2, 7}, {6}, {5}, {4}, {3}], [{8, 1}, {3, 7}, {2, 6}, {4, 5}], [{8, 1}, {3, 7}, {2, 6}, {5}, {4}], [{8, 1}, {3, 7}, {4, 6}, {2, 5}], [{8, 1}, {3, 7}, {4, 6}, {5}, {2}], [{8, 1}, {3, 7}, {5, 6}, {2, 4}], [{8, 1}, {3, 7}, {5, 6}, {4}, {2}], [{8, 1}, {3, 7}, {6}, {2, 5}, {4}], [{8, 1}, {3, 7}, {6}, {4, 5}, {2}], [{8, 1}, {3, 7}, {6}, {5}, {2, 4}], [{8, 1}, {3, 7}, {6}, {5}, {4}, {2}], [{8, 1}, {4, 7}, {2, 6}, {3, 5}], [{8, 1}, {4, 7}, {2, 6}, {5}, {3}], [{8, 1}, {4, 7}, {3, 6}, {2, 5}], [{8, 1}, {4, 7}, {3, 6}, {5}, {2}], [{8, 1}, {4, 7}, {5, 6}, {2, 3}], [{8, 1}, {4, 7}, {5, 6}, {3}, {2}], [{8, 1}, {4, 7}, {6}, {2, 5}, {3}], [{8, 1}, {4, 7}, {6}, {3, 5}, {2}], [{8, 1}, {4, 7}, {6}, {5}, {2, 3}], [{8, 1}, {4, 7}, {6}, {5}, {3}, {2}], [{8, 1}, {5, 7}, {2, 6}, {3, 4}], [{8, 1}, {5, 7}, {2, 6}, {4}, {3}], [{8, 1}, {5, 7}, {3, 6}, {2, 4}], [{8, 1}, {5, 7}, {3, 6}, {4}, {2}], [{8, 1}, {5, 7}, {4, 6}, {2, 3}], [{8, 1}, {5, 7}, {4, 6}, {3}, {2}], [{8, 1}, {5, 7}, {6}, {2, 4}, {3}], [{8, 1}, {5, 7}, {6}, {3, 4}, {2}], [{8, 1}, {5, 7}, {6}, {4}, {2, 3}], [{8, 1}, {5, 7}, {6}, {4}, {3}, {2}], [{8, 1}, {6, 7}, {2, 5}, {3, 4}], [{8, 1}, {6, 7}, {2, 5}, {4}, {3}], [{8, 1}, {6, 7}, {3, 5}, {2, 4}], [{8, 1}, {6, 7}, {3, 5}, {4}, {2}], [{8, 1}, {6, 7}, {4, 5}, {2, 3}], [{8, 1}, {6, 7}, {4, 5}, {3}, {2}], [{8, 1}, {6, 7}, {5}, {2, 4}, {3}], [{8, 1}, {6, 7}, {5}, {3, 4}, {2}], [{8, 1}, {6, 7}, {5}, {4}, {2, 3}], [{8, 1}, {6, 7}, {5}, {4}, {3}, {2}], [{8, 1}, {7}, {2, 6}, {3, 5}, {4}], [{8, 1}, {7}, {2, 6}, {4, 5}, {3}], [{8, 1}, {7}, {2, 6}, {5}, {3, 4}], [{8, 1}, {7}, {2, 6}, {5}, {4}, {3}], [{8, 1}, {7}, {3, 6}, {2, 5}, {4}], [{8, 1}, {7}, {3, 6}, {4, 5}, {2}], [{8, 1}, {7}, {3, 6}, {5}, {2, 4}], [{8, 1}, {7}, {3, 6}, {5}, {4}, {2}], [{8, 1}, {7}, {4, 6}, {2, 5}, {3}], [{8, 1}, {7}, {4, 6}, {3, 5}, {2}], [{8, 1}, {7}, {4, 6}, {5}, {2, 3}], [{8, 1}, {7}, {4, 6}, {5}, {3}, {2}], [{8, 1}, {7}, {5, 6}, {2, 4}, {3}], [{8, 1}, {7}, {5, 6}, {3, 4}, {2}], [{8, 1}, {7}, {5, 6}, {4}, {2, 3}], [{8, 1}, {7}, {5, 6}, {4}, {3}, {2}], [{8, 1}, {7}, {6}, {2, 5}, {3, 4}], [{8, 1}, {7}, {6}, {2, 5}, {4}, {3}], [{8, 1}, {7}, {6}, {3, 5}, {2, 4}], [{8, 1}, {7}, {6}, {3, 5}, {4}, {2}], [{8, 1}, {7}, {6}, {4, 5}, {2, 3}], [{8, 1}, {7}, {6}, {4, 5}, {3}, {2}], [{8, 1}, {7}, {6}, {5}, {2, 4}, {3}], [{8, 1}, {7}, {6}, {5}, {3, 4}, {2}], [{8, 1}, {7}, {6}, {5}, {4}, {2, 3}], [{8, 1}, {7}, {6}, {5}, {4}, {3}, {2}], [{8, 2}, {1, 7}, {3, 6}, {4, 5}], [{8, 2}, {1, 7}, {4, 6}, {3, 5}], [{8, 2}, {1, 7}, {5, 6}, {3, 4}], [{8, 2}, {3, 7}, {1, 6}, {4, 5}], [{8, 2}, {3, 7}, {4, 6}, {1, 5}], [{8, 2}, {3, 7}, {5, 6}, {1, 4}], [{8, 2}, {4, 7}, {1, 6}, {3, 5}], [{8, 2}, {4, 7}, {3, 6}, {1, 5}], [{8, 2}, {4, 7}, {5, 6}, {1, 3}], [{8, 2}, {4, 7}, {5, 6}, {3}, {1}], [{8, 2}, {5, 7}, {1, 6}, {3, 4}], [{8, 2}, {5, 7}, {1, 6}, {4}, {3}], [{8, 2}, {5, 7}, {3, 6}, {1, 4}], [{8, 2}, {5, 7}, {3, 6}, {4}, {1}], [{8, 2}, {5, 7}, {4, 6}, {1, 3}], [{8, 2}, {5, 7}, {4, 6}, {3}, {1}], [{8, 2}, {5, 7}, {6}, {1, 4}, {3}], [{8, 2}, {5, 7}, {6}, {3, 4}, {1}], [{8, 2}, {5, 7}, {6}, {4}, {1, 3}], [{8, 2}, {5, 7}, {6}, {4}, {3}, {1}], [{8, 2}, {6, 7}, {1, 5}, {3, 4}], [{8, 2}, {6, 7}, {3, 5}, {1, 4}], [{8, 2}, {6, 7}, {4, 5}, {1, 3}], [{8, 2}, {6, 7}, {4, 5}, {3}, {1}], [{8, 3}, {1, 7}, {2, 6}, {4, 5}], [{8, 3}, {1, 7}, {4, 6}, {2, 5}], [{8, 3}, {1, 7}, {5, 6}, {2, 4}], [{8, 3}, {2, 7}, {1, 6}, {4, 5}], [{8, 3}, {2, 7}, {4, 6}, {1, 5}], [{8, 3}, {2, 7}, {5, 6}, {1, 4}], [{8, 3}, {4, 7}, {1, 6}, {2, 5}], [{8, 3}, {4, 7}, {2, 6}, {1, 5}], [{8, 3}, {4, 7}, {5, 6}, {1, 2}], [{8, 3}, {5, 7}, {1, 6}, {2, 4}], [{8, 3}, {5, 7}, {1, 6}, {4}, {2}], [{8, 3}, {5, 7}, {2, 6}, {1, 4}], [{8, 3}, {5, 7}, {2, 6}, {4}, {1}], [{8, 3}, {5, 7}, {4, 6}, {1, 2}], [{8, 3}, {5, 7}, {4, 6}, {2}, {1}], [{8, 3}, {5, 7}, {6}, {1, 4}, {2}], [{8, 3}, {5, 7}, {6}, {2, 4}, {1}], [{8, 3}, {5, 7}, {6}, {4}, {1, 2}], [{8, 3}, {5, 7}, {6}, {4}, {2}, {1}], [{8, 3}, {6, 7}, {1, 5}, {2, 4}], [{8, 3}, {6, 7}, {2, 5}, {1, 4}], [{8, 3}, {6, 7}, {4, 5}, {1, 2}], [{8, 4}, {1, 7}, {2, 6}, {3, 5}], [{8, 4}, {1, 7}, {3, 6}, {2, 5}], [{8, 4}, {1, 7}, {3, 6}, {5}, {2}], [{8, 4}, {1, 7}, {5, 6}, {2, 3}], [{8, 4}, {2, 7}, {1, 6}, {3, 5}], [{8, 4}, {2, 7}, {3, 6}, {1, 5}], [{8, 4}, {2, 7}, {5, 6}, {1, 3}], [{8, 4}, {2, 7}, {5, 6}, {3}, {1}], [{8, 4}, {3, 7}, {1, 6}, {2, 5}], [{8, 4}, {3, 7}, {1, 6}, {5}, {2}], [{8, 4}, {3, 7}, {2, 6}, {1, 5}], [{8, 4}, {3, 7}, {5, 6}, {1, 2}], [{8, 4}, {5, 7}, {1, 6}, {2, 3}], [{8, 4}, {5, 7}, {1, 6}, {3}, {2}], [{8, 4}, {5, 7}, {2, 6}, {1, 3}], [{8, 4}, {5, 7}, {2, 6}, {3}, {1}], [{8, 4}, {5, 7}, {3, 6}, {1, 2}], [{8, 4}, {5, 7}, {3, 6}, {2}, {1}], [{8, 4}, {5, 7}, {6}, {1, 3}, {2}], [{8, 4}, {5, 7}, {6}, {2, 3}, {1}], [{8, 4}, {5, 7}, {6}, {3}, {1, 2}], [{8, 4}, {5, 7}, {6}, {3}, {2}, {1}], [{8, 4}, {6, 7}, {1, 5}, {2, 3}], [{8, 4}, {6, 7}, {2, 5}, {1, 3}], [{8, 4}, {6, 7}, {2, 5}, {3}, {1}], [{8, 4}, {6, 7}, {3, 5}, {1, 2}], [{8, 4}, {7}, {1, 6}, {3, 5}, {2}], [{8, 4}, {7}, {3, 6}, {1, 5}, {2}], [{8, 5}, {1, 7}, {2, 6}, {3, 4}], [{8, 5}, {1, 7}, {2, 6}, {4}, {3}], [{8, 5}, {1, 7}, {3, 6}, {2, 4}], [{8, 5}, {1, 7}, {3, 6}, {4}, {2}], [{8, 5}, {1, 7}, {4, 6}, {2, 3}], [{8, 5}, {1, 7}, {4, 6}, {3}, {2}], [{8, 5}, {1, 7}, {6}, {2, 4}, {3}], [{8, 5}, {1, 7}, {6}, {3, 4}, {2}], [{8, 5}, {1, 7}, {6}, {4}, {2, 3}], [{8, 5}, {1, 7}, {6}, {4}, {3}, {2}], [{8, 5}, {2, 7}, {1, 6}, {3, 4}], [{8, 5}, {2, 7}, {3, 6}, {1, 4}], [{8, 5}, {2, 7}, {4, 6}, {1, 3}], [{8, 5}, {3, 7}, {1, 6}, {2, 4}], [{8, 5}, {3, 7}, {2, 6}, {1, 4}], [{8, 5}, {3, 7}, {4, 6}, {1, 2}], [{8, 5}, {4, 7}, {1, 6}, {2, 3}], [{8, 5}, {4, 7}, {2, 6}, {1, 3}], [{8, 5}, {4, 7}, {3, 6}, {1, 2}], [{8, 5}, {4, 7}, {3, 6}, {2}, {1}], [{8, 5}, {6, 7}, {1, 4}, {2, 3}], [{8, 5}, {6, 7}, {2, 4}, {1, 3}], [{8, 5}, {6, 7}, {3, 4}, {1, 2}], [{8, 5}, {6, 7}, {3, 4}, {2}, {1}], [{8, 5}, {7}, {1, 6}, {3, 4}, {2}], [{8, 5}, {7}, {3, 6}, {1, 4}, {2}], [{8, 6}, {1, 7}, {2, 5}, {3, 4}], [{8, 6}, {1, 7}, {3, 5}, {2, 4}], [{8, 6}, {1, 7}, {4, 5}, {2, 3}], [{8, 6}, {1, 7}, {5}, {3, 4}, {2}], [{8, 6}, {2, 7}, {1, 5}, {3, 4}], [{8, 6}, {2, 7}, {3, 5}, {1, 4}], [{8, 6}, {2, 7}, {4, 5}, {1, 3}], [{8, 6}, {3, 7}, {1, 5}, {2, 4}], [{8, 6}, {3, 7}, {2, 5}, {1, 4}], [{8, 6}, {3, 7}, {4, 5}, {1, 2}], [{8, 6}, {3, 7}, {5}, {1, 4}, {2}], [{8, 6}, {4, 7}, {1, 5}, {2, 3}], [{8, 6}, {4, 7}, {2, 5}, {1, 3}], [{8, 6}, {4, 7}, {3, 5}, {1, 2}], [{8, 6}, {5, 7}, {1, 4}, {2, 3}], [{8, 6}, {5, 7}, {1, 4}, {3}, {2}], [{8, 6}, {5, 7}, {2, 4}, {1, 3}], [{8, 6}, {5, 7}, {2, 4}, {3}, {1}], [{8, 6}, {5, 7}, {3, 4}, {1, 2}], [{8, 6}, {5, 7}, {3, 4}, {2}, {1}], [{8, 6}, {5, 7}, {4}, {1, 3}, {2}], [{8, 6}, {5, 7}, {4}, {2, 3}, {1}], [{8, 6}, {5, 7}, {4}, {3}, {1, 2}], [{8, 6}, {5, 7}, {4}, {3}, {2}, {1}], [{8, 6}, {7}, {1, 5}, {3, 4}, {2}], [{8, 6}, {7}, {3, 5}, {1, 4}, {2}], [{8, 7}, {1, 6}, {2, 5}, {3, 4}], [{8, 7}, {1, 6}, {3, 5}, {2, 4}], [{8, 7}, {1, 6}, {4, 5}, {2, 3}], [{8, 7}, {1, 6}, {5}, {3, 4}, {2}], [{8, 7}, {2, 6}, {1, 5}, {3, 4}], [{8, 7}, {2, 6}, {1, 5}, {4}, {3}], [{8, 7}, {2, 6}, {3, 5}, {1, 4}], [{8, 7}, {2, 6}, {4, 5}, {1, 3}], [{8, 7}, {3, 6}, {1, 5}, {2, 4}], [{8, 7}, {3, 6}, {1, 5}, {4}, {2}], [{8, 7}, {3, 6}, {2, 5}, {1, 4}], [{8, 7}, {3, 6}, {4, 5}, {1, 2}], [{8, 7}, {3, 6}, {4, 5}, {2}, {1}], [{8, 7}, {3, 6}, {5}, {1, 4}, {2}], [{8, 7}, {4, 6}, {1, 5}, {2, 3}], [{8, 7}, {4, 6}, {1, 5}, {3}, {2}], [{8, 7}, {4, 6}, {2, 5}, {1, 3}], [{8, 7}, {4, 6}, {3, 5}, {1, 2}], [{8, 7}, {5, 6}, {1, 4}, {2, 3}], [{8, 7}, {5, 6}, {2, 4}, {1, 3}], [{8, 7}, {5, 6}, {3, 4}, {1, 2}], [{8, 7}, {5, 6}, {3, 4}, {2}, {1}], [{8, 7}, {6}, {1, 5}, {2, 4}, {3}], [{8, 7}, {6}, {1, 5}, {3, 4}, {2}], [{8, 7}, {6}, {1, 5}, {4}, {2, 3}], [{8, 7}, {6}, {1, 5}, {4}, {3}, {2}], [{8}, {1, 7}, {3, 6}, {4, 5}, {2}], [{8}, {1, 7}, {5, 6}, {3, 4}, {2}], [{8}, {2, 7}, {5, 6}, {1, 4}, {3}], [{8}, {4, 7}, {3, 6}, {1, 5}, {2}], [{8}, {4, 7}, {5, 6}, {3}, {1, 2}], [{8}, {5, 7}, {1, 6}, {2, 4}, {3}], [{8}, {5, 7}, {1, 6}, {3, 4}, {2}], [{8}, {5, 7}, {1, 6}, {4}, {2, 3}], [{8}, {5, 7}, {1, 6}, {4}, {3}, {2}], [{8}, {5, 7}, {2, 6}, {1, 4}, {3}], [{8}, {5, 7}, {2, 6}, {3, 4}, {1}], [{8}, {5, 7}, {2, 6}, {4}, {1, 3}], [{8}, {5, 7}, {2, 6}, {4}, {3}, {1}], [{8}, {5, 7}, {3, 6}, {1, 4}, {2}], [{8}, {5, 7}, {3, 6}, {2, 4}, {1}], [{8}, {5, 7}, {3, 6}, {4}, {1, 2}], [{8}, {5, 7}, {3, 6}, {4}, {2}, {1}], [{8}, {5, 7}, {4, 6}, {1, 3}, {2}], [{8}, {5, 7}, {4, 6}, {2, 3}, {1}], [{8}, {5, 7}, {4, 6}, {3}, {1, 2}], [{8}, {5, 7}, {4, 6}, {3}, {2}, {1}], [{8}, {5, 7}, {6}, {1, 4}, {2, 3}], [{8}, {5, 7}, {6}, {1, 4}, {3}, {2}], [{8}, {5, 7}, {6}, {2, 4}, {1, 3}], [{8}, {5, 7}, {6}, {2, 4}, {3}, {1}], [{8}, {5, 7}, {6}, {3, 4}, {1, 2}], [{8}, {5, 7}, {6}, {3, 4}, {2}, {1}], [{8}, {5, 7}, {6}, {4}, {1, 3}, {2}], [{8}, {5, 7}, {6}, {4}, {2, 3}, {1}], [{8}, {5, 7}, {6}, {4}, {3}, {1, 2}], [{8}, {5, 7}, {6}, {4}, {3}, {2}, {1}], [{8}, {6, 7}, {1, 5}, {3, 4}, {2}], [{8}, {6, 7}, {2, 5}, {1, 4}, {3}], [{8}, {6, 7}, {4, 5}, {3}, {1, 2}]]",2,12 K_1^3 + 4 K_1^2 K_2 - 12 K_1^2 - 22 K_1 K_2 - 4 K_1 K_3 + 2 K_1 + 6 K_2 + 8 K_3 + K_4 + 6,O1O2O3O4U5U6O5U3U1O7O6U7U8U4O8U2,O1O2O3U4U3O5O6U7O4O7U1U6U8U5O8U2,O1O2O3U2O4U5U4U6U3O7O8U7O6O5U1U8,c,"{'O1O2O3U2O4O5U1U5U6O7O6U3U4O8U7U8', 'O1O2O3O4U3O5U1U5U6O7O6U4U2O8U7U8'}",2,"<a href=""/flatknot/8.704331"">8.704331</a>",t^9-49t^7-58t^6+56t^5+30t^4+127t^3+170t^2-12t,t^3-3t,,
8.704332,O1O2O3O4U3O5U1U5U6O7O6U4U7O8U2U8,4,16z^2+101z+139,16w^3z^2+101w^2z+139w,False,False,"[[ 0 -3  0 -1  1  1  1  0  1],[ 3  0  3  0  3  1  3  1  1],[ 0 -3  0 -1  0  0  1  0  1],[ 1  0  1  0  1  0  1  1  0],[-1 -3  0 -1  0  0 -1  0  0],[-1 -1  0  0  0  0 -1  0  0],[-1 -3 -1 -1  1  1  0  0  1],[ 0 -1  0 -1  0  0  0  0  0],[-1 -1 -1  0  0  0 -1  0  0]]","[[ 0  1  1  1  1  0  0 -1 -3],[-1  0  1  1  1  0 -1 -1 -3],[-1 -1  0  0  0  0  0  0 -1],[-1 -1  0  0  0  0  0 -1 -3],[-1 -1  0  0  0  0 -1  0 -1],[ 0  0  0  0  0  0  0 -1 -1],[ 0  1  0  0  1  0  0 -1 -3],[ 1  1  0  1  0  1  1  0  0],[ 3  3  1  3  1  1  3  0  0]]",True,"[-1,-1,-1,-1,0,0,1,3,-1,-1,-1,0,1,1,3,0,0,0,0,0,1,0,0,0,1,3,0,1,0,1,0,1,1,1,3,0]","[-3,-1,0,0,1,1,1,1,0,1,3,1,1,3,3,1,1,0,0,1,1,0,0,0,0,0,0,1,0,1,0,0,-1,0,-1,-1]",t^8+39t^6+111t^4+52t^2+1,"[-3,-1,0,0,1,1,1,1,2,0,2,1,1,3,3,0,0,1,1,2,2,0,0,1,0,1,1,1,1,1,-1,-1,-1,0,0,0]","[-1,-1,-1,-1,0,0,1,3,-1,0,0,0,1,2,3,1,1,0,1,1,1,0,1,1,1,1,1,1,2,3,0,0,0,0,2,2]","[-3,-1,0,0,1,1,1,1,0,1,3,1,1,3,3,1,1,0,0,1,1,0,0,0,0,0,0,1,0,1,0,0,-1,0,-1,-1]",c,"[[{8, 1}, {2, 7}, {3, 6}, {4, 5}], [{8, 1}, {2, 7}, {4, 6}, {3, 5}], [{8, 1}, {2, 7}, {4, 6}, {5}, {3}], [{8, 1}, {2, 7}, {5, 6}, {3, 4}], [{8, 1}, {3, 7}, {2, 6}, {4, 5}], [{8, 1}, {3, 7}, {4, 6}, {2, 5}], [{8, 1}, {3, 7}, {5, 6}, {2, 4}], [{8, 1}, {3, 7}, {6}, {5}, {2, 4}], [{8, 1}, {4, 7}, {2, 6}, {3, 5}], [{8, 1}, {4, 7}, {3, 6}, {2, 5}], [{8, 1}, {4, 7}, {5, 6}, {2, 3}], [{8, 1}, {5, 7}, {2, 6}, {3, 4}], [{8, 1}, {5, 7}, {2, 6}, {4}, {3}], [{8, 1}, {5, 7}, {3, 6}, {2, 4}], [{8, 1}, {5, 7}, {3, 6}, {4}, {2}], [{8, 1}, {5, 7}, {4, 6}, {2, 3}], [{8, 1}, {5, 7}, {6}, {4}, {2, 3}], [{8, 1}, {6, 7}, {2, 5}, {3, 4}], [{8, 1}, {6, 7}, {3, 5}, {2, 4}], [{8, 1}, {6, 7}, {4, 5}, {2, 3}], [{8, 1}, {7}, {2, 6}, {5}, {3, 4}], [{8, 1}, {7}, {4, 6}, {3, 5}, {2}], [{8, 1}, {7}, {5, 6}, {3, 4}, {2}], [{8, 1}, {7}, {6}, {2, 5}, {3, 4}], [{8, 2}, {1, 7}, {3, 6}, {4, 5}], [{8, 2}, {1, 7}, {4, 6}, {3, 5}], [{8, 2}, {1, 7}, {5, 6}, {3, 4}], [{8, 2}, {3, 7}, {1, 6}, {4, 5}], [{8, 2}, {3, 7}, {1, 6}, {5}, {4}], [{8, 2}, {3, 7}, {4, 6}, {1, 5}], [{8, 2}, {3, 7}, {4, 6}, {5}, {1}], [{8, 2}, {3, 7}, {5, 6}, {1, 4}], [{8, 2}, {3, 7}, {6}, {5}, {1, 4}], [{8, 2}, {4, 7}, {1, 6}, {3, 5}], [{8, 2}, {4, 7}, {3, 6}, {1, 5}], [{8, 2}, {4, 7}, {5, 6}, {1, 3}], [{8, 2}, {5, 7}, {1, 6}, {3, 4}], [{8, 2}, {5, 7}, {1, 6}, {4}, {3}], [{8, 2}, {5, 7}, {3, 6}, {1, 4}], [{8, 2}, {5, 7}, {4, 6}, {1, 3}], [{8, 2}, {6, 7}, {1, 5}, {3, 4}], [{8, 2}, {6, 7}, {3, 5}, {1, 4}], [{8, 2}, {6, 7}, {4, 5}, {1, 3}], [{8, 2}, {6, 7}, {5}, {3, 4}, {1}], [{8, 2}, {7}, {1, 6}, {3, 5}, {4}], [{8, 3}, {1, 7}, {2, 6}, {4, 5}], [{8, 3}, {1, 7}, {4, 6}, {2, 5}], [{8, 3}, {1, 7}, {5, 6}, {2, 4}], [{8, 3}, {1, 7}, {6}, {4, 5}, {2}], [{8, 3}, {2, 7}, {1, 6}, {4, 5}], [{8, 3}, {2, 7}, {4, 6}, {1, 5}], [{8, 3}, {2, 7}, {5, 6}, {1, 4}], [{8, 3}, {2, 7}, {6}, {1, 5}, {4}], [{8, 3}, {4, 7}, {1, 6}, {2, 5}], [{8, 3}, {4, 7}, {2, 6}, {1, 5}], [{8, 3}, {4, 7}, {5, 6}, {1, 2}], [{8, 3}, {4, 7}, {6}, {5}, {1, 2}], [{8, 3}, {5, 7}, {1, 6}, {2, 4}], [{8, 3}, {5, 7}, {1, 6}, {4}, {2}], [{8, 3}, {5, 7}, {2, 6}, {1, 4}], [{8, 3}, {5, 7}, {4, 6}, {1, 2}], [{8, 3}, {6, 7}, {1, 5}, {2, 4}], [{8, 3}, {6, 7}, {2, 5}, {1, 4}], [{8, 3}, {6, 7}, {2, 5}, {4}, {1}], [{8, 3}, {6, 7}, {4, 5}, {1, 2}], [{8, 4}, {1, 7}, {2, 6}, {3, 5}], [{8, 4}, {1, 7}, {2, 6}, {5}, {3}], [{8, 4}, {1, 7}, {3, 6}, {2, 5}], [{8, 4}, {1, 7}, {5, 6}, {2, 3}], [{8, 4}, {1, 7}, {5, 6}, {3}, {2}], [{8, 4}, {1, 7}, {6}, {2, 5}, {3}], [{8, 4}, {2, 7}, {1, 6}, {3, 5}], [{8, 4}, {2, 7}, {3, 6}, {1, 5}], [{8, 4}, {2, 7}, {5, 6}, {1, 3}], [{8, 4}, {3, 7}, {1, 6}, {2, 5}], [{8, 4}, {3, 7}, {2, 6}, {1, 5}], [{8, 4}, {3, 7}, {5, 6}, {1, 2}], [{8, 4}, {3, 7}, {5, 6}, {2}, {1}], [{8, 4}, {3, 7}, {6}, {5}, {1, 2}], [{8, 4}, {5, 7}, {1, 6}, {2, 3}], [{8, 4}, {5, 7}, {2, 6}, {1, 3}], [{8, 4}, {5, 7}, {2, 6}, {3}, {1}], [{8, 4}, {5, 7}, {3, 6}, {1, 2}], [{8, 4}, {5, 7}, {3, 6}, {2}, {1}], [{8, 4}, {5, 7}, {6}, {2, 3}, {1}], [{8, 4}, {6, 7}, {1, 5}, {2, 3}], [{8, 4}, {6, 7}, {2, 5}, {1, 3}], [{8, 4}, {6, 7}, {2, 5}, {3}, {1}], [{8, 4}, {6, 7}, {3, 5}, {1, 2}], [{8, 4}, {7}, {1, 6}, {2, 5}, {3}], [{8, 4}, {7}, {1, 6}, {3, 5}, {2}], [{8, 4}, {7}, {1, 6}, {5}, {2, 3}], [{8, 4}, {7}, {2, 6}, {1, 5}, {3}], [{8, 4}, {7}, {5, 6}, {1, 3}, {2}], [{8, 5}, {1, 7}, {2, 6}, {3, 4}], [{8, 5}, {1, 7}, {3, 6}, {2, 4}], [{8, 5}, {1, 7}, {4, 6}, {2, 3}], [{8, 5}, {1, 7}, {6}, {3, 4}, {2}], [{8, 5}, {2, 7}, {1, 6}, {3, 4}], [{8, 5}, {2, 7}, {3, 6}, {1, 4}], [{8, 5}, {2, 7}, {4, 6}, {1, 3}], [{8, 5}, {3, 7}, {1, 6}, {2, 4}], [{8, 5}, {3, 7}, {2, 6}, {1, 4}], [{8, 5}, {3, 7}, {4, 6}, {1, 2}], [{8, 5}, {3, 7}, {6}, {1, 4}, {2}], [{8, 5}, {4, 7}, {1, 6}, {2, 3}], [{8, 5}, {4, 7}, {2, 6}, {1, 3}], [{8, 5}, {4, 7}, {2, 6}, {3}, {1}], [{8, 5}, {4, 7}, {3, 6}, {1, 2}], [{8, 5}, {6, 7}, {1, 4}, {2, 3}], [{8, 5}, {6, 7}, {2, 4}, {1, 3}], [{8, 5}, {6, 7}, {3, 4}, {1, 2}], [{8, 5}, {6, 7}, {3, 4}, {2}, {1}], [{8, 5}, {7}, {1, 6}, {3, 4}, {2}], [{8, 5}, {7}, {4, 6}, {1, 3}, {2}], [{8, 5}, {7}, {4, 6}, {2, 3}, {1}], [{8, 5}, {7}, {4, 6}, {3}, {1, 2}], [{8, 6}, {1, 7}, {2, 5}, {3, 4}], [{8, 6}, {1, 7}, {2, 5}, {4}, {3}], [{8, 6}, {1, 7}, {3, 5}, {2, 4}], [{8, 6}, {1, 7}, {4, 5}, {2, 3}], [{8, 6}, {2, 7}, {1, 5}, {3, 4}], [{8, 6}, {2, 7}, {1, 5}, {4}, {3}], [{8, 6}, {2, 7}, {3, 5}, {1, 4}], [{8, 6}, {2, 7}, {4, 5}, {1, 3}], [{8, 6}, {3, 7}, {1, 5}, {2, 4}], [{8, 6}, {3, 7}, {2, 5}, {1, 4}], [{8, 6}, {3, 7}, {4, 5}, {1, 2}], [{8, 6}, {4, 7}, {1, 5}, {2, 3}], [{8, 6}, {4, 7}, {2, 5}, {1, 3}], [{8, 6}, {4, 7}, {3, 5}, {1, 2}], [{8, 6}, {5, 7}, {1, 4}, {2, 3}], [{8, 6}, {5, 7}, {2, 4}, {1, 3}], [{8, 6}, {5, 7}, {3, 4}, {1, 2}], [{8, 6}, {5, 7}, {4}, {2, 3}, {1}], [{8, 6}, {7}, {1, 5}, {3, 4}, {2}], [{8, 6}, {7}, {3, 5}, {1, 4}, {2}], [{8, 6}, {7}, {4, 5}, {3}, {1, 2}], [{8, 7}, {1, 6}, {2, 5}, {3, 4}], [{8, 7}, {1, 6}, {3, 5}, {2, 4}], [{8, 7}, {1, 6}, {4, 5}, {2, 3}], [{8, 7}, {1, 6}, {4, 5}, {3}, {2}], [{8, 7}, {2, 6}, {1, 5}, {3, 4}], [{8, 7}, {2, 6}, {3, 5}, {1, 4}], [{8, 7}, {2, 6}, {4, 5}, {1, 3}], [{8, 7}, {2, 6}, {4, 5}, {3}, {1}], [{8, 7}, {3, 6}, {1, 5}, {2, 4}], [{8, 7}, {3, 6}, {2, 5}, {1, 4}], [{8, 7}, {3, 6}, {4, 5}, {1, 2}], [{8, 7}, {3, 6}, {5}, {4}, {1, 2}], [{8, 7}, {4, 6}, {1, 5}, {2, 3}], [{8, 7}, {4, 6}, {2, 5}, {1, 3}], [{8, 7}, {4, 6}, {3, 5}, {1, 2}], [{8, 7}, {4, 6}, {5}, {1, 3}, {2}], [{8, 7}, {4, 6}, {5}, {2, 3}, {1}], [{8, 7}, {4, 6}, {5}, {3}, {1, 2}], [{8, 7}, {5, 6}, {1, 4}, {2, 3}], [{8, 7}, {5, 6}, {2, 4}, {1, 3}], [{8, 7}, {5, 6}, {3, 4}, {1, 2}], [{8, 7}, {5, 6}, {4}, {3}, {1, 2}], [{8, 7}, {6}, {3, 5}, {4}, {1, 2}], [{8, 7}, {6}, {4, 5}, {3}, {1, 2}], [{8, 7}, {6}, {5}, {3, 4}, {1, 2}], [{8, 7}, {6}, {5}, {4}, {3}, {1, 2}], [{8}, {1, 7}, {4, 6}, {2, 5}, {3}], [{8}, {2, 7}, {3, 6}, {1, 5}, {4}], [{8}, {2, 7}, {4, 6}, {3, 5}, {1}], [{8}, {3, 7}, {6}, {2, 5}, {1, 4}], [{8}, {4, 7}, {3, 6}, {2, 5}, {1}], [{8}, {5, 7}, {1, 6}, {4}, {2, 3}], [{8}, {5, 7}, {2, 6}, {1, 4}, {3}], [{8}, {5, 7}, {3, 6}, {1, 4}, {2}], [{8}, {5, 7}, {4, 6}, {1, 3}, {2}], [{8}, {5, 7}, {4, 6}, {2, 3}, {1}], [{8}, {5, 7}, {4, 6}, {3}, {1, 2}], [{8}, {5, 7}, {6}, {1, 4}, {2, 3}], [{8}, {5, 7}, {6}, {4}, {2, 3}, {1}], [{8}, {6, 7}, {2, 5}, {3, 4}, {1}], [{8}, {6, 7}, {4, 5}, {3}, {1, 2}], [{8}, {6, 7}, {5}, {1, 4}, {2, 3}], [{8}, {7}, {1, 6}, {3, 5}, {2, 4}], [{8}, {7}, {5, 6}, {1, 4}, {2, 3}]]",2,16 K_1^3 + 4 K_1^2 K_2 - 38 K_1^2 - 22 K_1 K_2 - 2 K_1 K_3 - K_1 - 2 K_2^2 + 18 K_2 + 7 K_3 + K_4 + 20,O1O2O3O4U5U3O5U6U1O7O6U7U8U4O8U2,O1O2O3U4U3O5O4U6O7O6U1U7U8U5O8U2,O1O2O3U2O4U5U4U6U3O7O6U7O8O5U1U8,c,{'O1O2O3O4U3O5U1U5U6O7O6U4U7O8U2U8'},1,"<a href=""/flatknot/8.704332"">8.704332</a>",t^9-45t^7-54t^6+31t^5-10t^4+23t^3+28t^2-2t-2,t^3-3t,,
8.704333,O1O2O3O4U3O5U1U5U6O7O6U8U2O8U4U7,4,10z^2+95z+151,10w^3z^2+95w^2z+151w,False,False,"[[ 0 -3  0 -1  2  1  1  1 -1],[ 3  0  2  0  4  1  3  2  2],[ 0 -2  0  0  1  0  0  0  0],[ 1  0  0  0  1  0  1  1  1],[-2 -4 -1 -1  0  0 -2  0 -2],[-1 -1  0  0  0  0 -1  0 -1],[-1 -3  0 -1  2  1  0  1 -2],[-1 -2  0 -1  0  0 -1  0 -1],[ 1 -2  0 -1  2  1  2  1  0]]","[[ 0  2  1  1  0 -1 -3],[-2  0  0 -2 -1 -1 -4],[-1  0  0 -1  0 -1 -2],[-1  2  1  0  0 -1 -3],[ 0  1  0  0  0  0 -2],[ 1  1  1  1  0  0  0],[ 3  4  2  3  2  0  0]]",False,"[-2,-1,-1,0,1,3,0,2,1,1,4,1,0,1,2,0,1,3,0,2,0]","[-3,-1,0,1,1,2,0,2,2,3,4,0,1,1,1,0,0,1,-1,0,2]",t^6+42t^4+31t^2+1,"[-3,-1,0,1,1,2,2,1,1,2,1,1,1,1,2,1,1,1,-1,-1,1]","[-2,-1,-1,0,1,3,-1,1,1,2,1,1,1,1,1,1,1,2,1,1,2]","[-3,-1,0,1,1,2,0,2,2,3,4,0,1,1,1,0,0,1,-1,0,2]",c,"[[{8, 5}, {2, 7}, {1, 6}, {3, 4}]]",1,4 K_1^3 + 4 K_1^2 K_2 - 36 K_1^2 - 22 K_1 K_2 - 2 K_1 K_3 + 8 K_1 - 2 K_2^2 + 17 K_2 + 10 K_3 + K_4 + 19,O1O2O3O4U5U1O6U3U6O7O5U7U8U4O8U2,O1O2O3U4U3O5O6U5O7O4U1U6U8U7O8U2,O1O2O3U2O4U5U4U6U3O7O5U8O6O8U1U7,c,{'O1O2O3O4U3O5U1U5U6O7O6U8U2O8U4U7'},1,"<a href=""/flatknot/8.704333"">8.704333</a>",t^7-46t^5-72t^4+64t^3+30t^2-15t-4,t^3-t^2-t,,
8.704334,O1O2O3O4U3O5U1U5U6O7O6U8U2O8U7U4,3,8z^2+77z+123,8w^3z^2+77w^2z+123w,False,False,"[[ 0 -3  0 -1  3  1  1  0 -1],[ 3  0  2  0  4  1  3  1  2],[ 0 -2  0  0  2  0  0 -1  0],[ 1  0  0  0  1  0  1  0  1],[-3 -4 -2 -1  0  0 -2 -1 -3],[-1 -1  0  0  0  0 -1  0 -1],[-1 -3  0 -1  2  1  0  0 -2],[ 0 -1  1  0  1  0  0  0  0],[ 1 -2  0 -1  3  1  2  0  0]]","[[ 0  3  0  0 -3],[-3  0 -1 -2 -4],[ 0  1  0  1 -1],[ 0  2 -1  0 -2],[ 3  4  1  2  0]]",False,"[-3,0,0,3,1,2,4,-1,1,2]","[-3,0,0,3,1,2,2,-1,1,2]",t^4+27t^2+16,"[-3,0,0,3,1,2,2,1,1,2]","[-3,0,0,3,1,2,2,-1,1,2]","[-3,0,0,3,1,2,4,1,1,2]",c,"[[{8, 5}, {2, 7}, {3, 6}, {1, 4}], [{8, 6}, {2, 7}, {3, 5}, {1, 4}]]",0,- 18 K_1^2 - 20 K_1 K_2 - 2 K_1 K_3 + 10 K_1 - 6 K_2^2 + 10 K_2 + 10 K_3 + 4 K_4 + 13,O1O2O3O4U1U5O6U3U6O7O5U7U8U4O8U2,O1O2O3U4U3O5O6U5O4O7U1U6U8U7O8U2,O1O2O3U2O4U5U4U6U3O5O7U8O6O8U1U7,c,{'O1O2O3O4U3O5U1U5U6O7O6U8U2O8U7U4'},1,"<a href=""/flatknot/8.704334"">8.704334</a>",t^5-27t^3-48t^2-16t,0,,
8.704335,O1O2O3O4U3O5U1U5U6O7O6U8U4O8U2U7,4,25z^2+102z+105,25w^3z^2+102w^2z+105w,False,False,"[[ 0 -3  0 -1  2  1  1  1 -1],[ 3  0  3  0  3  1  3  2  2],[ 0 -3  0 -1  2  0  0  1 -1],[ 1  0  1  0  1  0  1  1  0],[-2 -3 -2 -1  0  0 -2 -1 -2],[-1 -1  0  0  0  0 -1  0 -1],[-1 -3  0 -1  2  1  0  1 -2],[-1 -2 -1 -1  1  0 -1  0 -1],[ 1 -2  1  0  2  1  2  1  0]]","[[ 0  2  1  1  1  0 -1 -1 -3],[-2  0  0 -1 -2 -2 -1 -2 -3],[-1  0  0  0 -1  0  0 -1 -1],[-1  1  0  0 -1 -1 -1 -1 -2],[-1  2  1  1  0  0 -1 -2 -3],[ 0  2  0  1  0  0 -1 -1 -3],[ 1  1  0  1  1  1  0  0  0],[ 1  2  1  1  2  1  0  0 -2],[ 3  3  1  2  3  3  0  2  0]]",True,"[-2,-1,-1,-1,0,1,1,3,0,1,2,2,1,2,3,0,1,0,0,1,1,1,1,1,1,2,0,1,2,3,1,1,3,0,0,2]","[-3,-1,-1,0,1,1,1,2,0,2,0,1,2,3,2,0,0,0,1,1,1,0,1,1,2,2,1,0,1,0,-1,-1,-1,0,0,1]",t^8+63t^6+126t^4+49t^2+1,"[-3,-1,-1,0,1,1,1,2,0,2,0,1,2,3,2,0,0,0,1,1,1,0,1,1,2,2,1,0,1,0,-1,-1,-1,0,0,1]","[-2,-1,-1,-1,0,1,1,3,-1,0,1,0,1,2,2,1,1,1,0,1,1,0,0,1,1,2,1,1,2,3,0,0,0,0,0,2]","[-3,-1,-1,0,1,1,1,2,0,2,3,1,2,3,3,0,1,0,1,1,1,1,1,1,2,2,0,1,0,2,0,-1,0,-1,1,2]",c,"[[{8, 1}, {2, 7}, {3, 6}, {4, 5}], [{8, 1}, {2, 7}, {3, 6}, {5}, {4}], [{8, 1}, {2, 7}, {4, 6}, {3, 5}], [{8, 1}, {2, 7}, {5, 6}, {3, 4}], [{8, 1}, {3, 7}, {2, 6}, {4, 5}], [{8, 1}, {3, 7}, {2, 6}, {5}, {4}], [{8, 1}, {3, 7}, {4, 6}, {2, 5}], [{8, 1}, {3, 7}, {5, 6}, {2, 4}], [{8, 1}, {4, 7}, {2, 6}, {3, 5}], [{8, 1}, {4, 7}, {3, 6}, {2, 5}], [{8, 1}, {4, 7}, {5, 6}, {2, 3}], [{8, 1}, {4, 7}, {5, 6}, {3}, {2}], [{8, 1}, {5, 7}, {2, 6}, {3, 4}], [{8, 1}, {5, 7}, {2, 6}, {4}, {3}], [{8, 1}, {5, 7}, {3, 6}, {2, 4}], [{8, 1}, {5, 7}, {4, 6}, {2, 3}], [{8, 1}, {6, 7}, {2, 5}, {3, 4}], [{8, 1}, {6, 7}, {3, 5}, {2, 4}], [{8, 1}, {6, 7}, {4, 5}, {2, 3}], [{8, 1}, {7}, {2, 6}, {3, 5}, {4}], [{8, 1}, {7}, {4, 6}, {2, 5}, {3}], [{8, 2}, {1, 7}, {3, 6}, {4, 5}], [{8, 2}, {1, 7}, {4, 6}, {3, 5}], [{8, 2}, {1, 7}, {5, 6}, {3, 4}], [{8, 2}, {3, 7}, {1, 6}, {4, 5}], [{8, 2}, {3, 7}, {4, 6}, {1, 5}], [{8, 2}, {3, 7}, {5, 6}, {1, 4}], [{8, 2}, {4, 7}, {1, 6}, {3, 5}], [{8, 2}, {4, 7}, {3, 6}, {1, 5}], [{8, 2}, {4, 7}, {5, 6}, {1, 3}], [{8, 2}, {5, 7}, {1, 6}, {3, 4}], [{8, 2}, {5, 7}, {3, 6}, {1, 4}], [{8, 2}, {5, 7}, {4, 6}, {1, 3}], [{8, 2}, {5, 7}, {4, 6}, {3}, {1}], [{8, 2}, {6, 7}, {1, 5}, {3, 4}], [{8, 2}, {6, 7}, {3, 5}, {1, 4}], [{8, 2}, {6, 7}, {4, 5}, {1, 3}], [{8, 2}, {7}, {1, 6}, {5}, {3, 4}], [{8, 2}, {7}, {4, 6}, {5}, {1, 3}], [{8, 2}, {7}, {6}, {3, 5}, {1, 4}], [{8, 3}, {1, 7}, {2, 6}, {4, 5}], [{8, 3}, {1, 7}, {4, 6}, {2, 5}], [{8, 3}, {1, 7}, {4, 6}, {5}, {2}], [{8, 3}, {1, 7}, {5, 6}, {2, 4}], [{8, 3}, {2, 7}, {1, 6}, {4, 5}], [{8, 3}, {2, 7}, {4, 6}, {1, 5}], [{8, 3}, {2, 7}, {5, 6}, {1, 4}], [{8, 3}, {4, 7}, {1, 6}, {2, 5}], [{8, 3}, {4, 7}, {2, 6}, {1, 5}], [{8, 3}, {4, 7}, {5, 6}, {1, 2}], [{8, 3}, {5, 7}, {1, 6}, {2, 4}], [{8, 3}, {5, 7}, {1, 6}, {4}, {2}], [{8, 3}, {5, 7}, {2, 6}, {1, 4}], [{8, 3}, {5, 7}, {4, 6}, {1, 2}], [{8, 3}, {6, 7}, {1, 5}, {2, 4}], [{8, 3}, {6, 7}, {1, 5}, {4}, {2}], [{8, 3}, {6, 7}, {2, 5}, {1, 4}], [{8, 3}, {6, 7}, {4, 5}, {1, 2}], [{8, 3}, {7}, {2, 6}, {5}, {1, 4}], [{8, 3}, {7}, {4, 6}, {2, 5}, {1}], [{8, 3}, {7}, {6}, {1, 5}, {2, 4}], [{8, 3}, {7}, {6}, {4, 5}, {1, 2}], [{8, 4}, {1, 7}, {2, 6}, {3, 5}], [{8, 4}, {1, 7}, {3, 6}, {2, 5}], [{8, 4}, {1, 7}, {5, 6}, {2, 3}], [{8, 4}, {2, 7}, {1, 6}, {3, 5}], [{8, 4}, {2, 7}, {3, 6}, {1, 5}], [{8, 4}, {2, 7}, {5, 6}, {1, 3}], [{8, 4}, {3, 7}, {1, 6}, {2, 5}], [{8, 4}, {3, 7}, {2, 6}, {1, 5}], [{8, 4}, {3, 7}, {2, 6}, {5}, {1}], [{8, 4}, {3, 7}, {5, 6}, {1, 2}], [{8, 4}, {5, 7}, {1, 6}, {2, 3}], [{8, 4}, {5, 7}, {2, 6}, {1, 3}], [{8, 4}, {5, 7}, {2, 6}, {3}, {1}], [{8, 4}, {5, 7}, {3, 6}, {1, 2}], [{8, 4}, {6, 7}, {1, 5}, {2, 3}], [{8, 4}, {6, 7}, {2, 5}, {1, 3}], [{8, 4}, {6, 7}, {2, 5}, {3}, {1}], [{8, 4}, {6, 7}, {3, 5}, {1, 2}], [{8, 4}, {7}, {2, 6}, {3, 5}, {1}], [{8, 5}, {1, 7}, {2, 6}, {3, 4}], [{8, 5}, {1, 7}, {3, 6}, {2, 4}], [{8, 5}, {1, 7}, {4, 6}, {2, 3}], [{8, 5}, {2, 7}, {1, 6}, {3, 4}], [{8, 5}, {2, 7}, {1, 6}, {4}, {3}], [{8, 5}, {2, 7}, {3, 6}, {1, 4}], [{8, 5}, {2, 7}, {4, 6}, {1, 3}], [{8, 5}, {3, 7}, {1, 6}, {2, 4}], [{8, 5}, {3, 7}, {2, 6}, {1, 4}], [{8, 5}, {3, 7}, {4, 6}, {1, 2}], [{8, 5}, {4, 7}, {1, 6}, {2, 3}], [{8, 5}, {4, 7}, {2, 6}, {1, 3}], [{8, 5}, {4, 7}, {3, 6}, {1, 2}], [{8, 5}, {6, 7}, {1, 4}, {2, 3}], [{8, 5}, {6, 7}, {2, 4}, {1, 3}], [{8, 5}, {6, 7}, {3, 4}, {1, 2}], [{8, 5}, {7}, {1, 6}, {3, 4}, {2}], [{8, 5}, {7}, {2, 6}, {1, 4}, {3}], [{8, 5}, {7}, {4, 6}, {1, 3}, {2}], [{8, 5}, {7}, {4, 6}, {2, 3}, {1}], [{8, 5}, {7}, {4, 6}, {3}, {1, 2}], [{8, 6}, {1, 7}, {2, 5}, {3, 4}], [{8, 6}, {1, 7}, {3, 5}, {2, 4}], [{8, 6}, {1, 7}, {3, 5}, {4}, {2}], [{8, 6}, {1, 7}, {4, 5}, {2, 3}], [{8, 6}, {2, 7}, {1, 5}, {3, 4}], [{8, 6}, {2, 7}, {1, 5}, {4}, {3}], [{8, 6}, {2, 7}, {3, 5}, {1, 4}], [{8, 6}, {2, 7}, {4, 5}, {1, 3}], [{8, 6}, {3, 7}, {1, 5}, {2, 4}], [{8, 6}, {3, 7}, {2, 5}, {1, 4}], [{8, 6}, {3, 7}, {4, 5}, {1, 2}], [{8, 6}, {3, 7}, {5}, {2, 4}, {1}], [{8, 6}, {4, 7}, {1, 5}, {2, 3}], [{8, 6}, {4, 7}, {2, 5}, {1, 3}], [{8, 6}, {4, 7}, {3, 5}, {1, 2}], [{8, 6}, {4, 7}, {3, 5}, {2}, {1}], [{8, 6}, {5, 7}, {1, 4}, {2, 3}], [{8, 6}, {5, 7}, {2, 4}, {1, 3}], [{8, 6}, {5, 7}, {3, 4}, {1, 2}], [{8, 6}, {5, 7}, {4}, {1, 3}, {2}], [{8, 6}, {7}, {1, 5}, {3, 4}, {2}], [{8, 6}, {7}, {3, 5}, {1, 4}, {2}], [{8, 7}, {1, 6}, {2, 5}, {3, 4}], [{8, 7}, {1, 6}, {3, 5}, {2, 4}], [{8, 7}, {1, 6}, {3, 5}, {4}, {2}], [{8, 7}, {1, 6}, {4, 5}, {2, 3}], [{8, 7}, {2, 6}, {1, 5}, {3, 4}], [{8, 7}, {2, 6}, {1, 5}, {4}, {3}], [{8, 7}, {2, 6}, {3, 5}, {1, 4}], [{8, 7}, {2, 6}, {4, 5}, {1, 3}], [{8, 7}, {2, 6}, {4, 5}, {3}, {1}], [{8, 7}, {2, 6}, {5}, {1, 4}, {3}], [{8, 7}, {3, 6}, {1, 5}, {2, 4}], [{8, 7}, {3, 6}, {1, 5}, {4}, {2}], [{8, 7}, {3, 6}, {2, 5}, {1, 4}], [{8, 7}, {3, 6}, {4, 5}, {1, 2}], [{8, 7}, {3, 6}, {4, 5}, {2}, {1}], [{8, 7}, {3, 6}, {5}, {1, 4}, {2}], [{8, 7}, {4, 6}, {1, 5}, {2, 3}], [{8, 7}, {4, 6}, {2, 5}, {1, 3}], [{8, 7}, {4, 6}, {3, 5}, {1, 2}], [{8, 7}, {4, 6}, {3, 5}, {2}, {1}], [{8, 7}, {5, 6}, {1, 4}, {2, 3}], [{8, 7}, {5, 6}, {1, 4}, {3}, {2}], [{8, 7}, {5, 6}, {2, 4}, {1, 3}], [{8, 7}, {5, 6}, {3, 4}, {1, 2}], [{8, 7}, {6}, {1, 5}, {4}, {2, 3}], [{8, 7}, {6}, {2, 5}, {1, 4}, {3}], [{8, 7}, {6}, {3, 5}, {1, 4}, {2}], [{8, 7}, {6}, {4, 5}, {2, 3}, {1}], [{8, 7}, {6}, {5}, {1, 4}, {2, 3}], [{8}, {1, 7}, {3, 6}, {2, 5}, {4}], [{8}, {1, 7}, {5, 6}, {3, 4}, {2}], [{8}, {2, 7}, {6}, {3, 5}, {1, 4}], [{8}, {3, 7}, {2, 6}, {5}, {1, 4}], [{8}, {3, 7}, {4, 6}, {5}, {1, 2}], [{8}, {4, 7}, {3, 6}, {2, 5}, {1}], [{8}, {5, 7}, {2, 6}, {1, 4}, {3}], [{8}, {6, 7}, {3, 5}, {1, 4}, {2}], [{8}, {6, 7}, {4, 5}, {1, 3}, {2}], [{8}, {7}, {1, 6}, {2, 5}, {3, 4}], [{8}, {7}, {2, 6}, {3, 5}, {1, 4}], [{8}, {7}, {2, 6}, {5}, {1, 4}, {3}], [{8}, {7}, {3, 6}, {2, 5}, {1, 4}], [{8}, {7}, {4, 6}, {2, 5}, {1, 3}], [{8}, {7}, {5, 6}, {1, 4}, {2, 3}], [{8}, {7}, {6}, {3, 5}, {1, 4}, {2}]]",2,20 K_1^3 + 8 K_1^2 K_2 - 26 K_1^2 - 22 K_1 K_2 - 4 K_1 K_3 - 4 K_1 + 11 K_2 + 6 K_3 + 12,O1O2O3O4U5U3O6U1U6O7O5U7U8U4O8U2,O1O2O3U4U3O5O6U5O7O4U1U7U8U6O8U2,O1O2O3U2O4U5U4U6U3O7O6U8O5O8U1U7,c,{'O1O2O3O4U3O5U1U5U6O7O6U8U4O8U2U7'},1,"<a href=""/flatknot/8.704335"">8.704335</a>",t^9-67t^7-242t^6-183t^5+184t^4+183t^3+16t^2+62t+46,t^3-t^2-t,,
8.704336,O1O2O3O4U3O5U1U5U6O7O6U8U4O8U7U2,4,6z^3+46z^2+113z+91,6w^4z^3+46w^3z^2+113w^2z+91w,False,False,"[[ 0 -3  1 -1  2  1  1  0 -1],[ 3  0  3  0  3  1  3  1  2],[-1 -3  0 -1  1  0  0  0 -2],[ 1  0  1  0  1  0  1  1  0],[-2 -3 -1 -1  0  0 -2 -1 -2],[-1 -1  0  0  0  0 -1  0 -1],[-1 -3  0 -1  2  1  0  0 -2],[ 0 -1  0 -1  1  0  0  0  0],[ 1 -2  2  0  2  1  2  0  0]]","[[ 0  2  1  1  1  0 -1 -1 -3],[-2  0  0 -1 -2 -1 -1 -2 -3],[-1  0  0  0 -1  0  0 -1 -1],[-1  1  0  0  0  0 -1 -2 -3],[-1  2  1  0  0  0 -1 -2 -3],[ 0  1  0  0  0  0 -1  0 -1],[ 1  1  0  1  1  1  0  0  0],[ 1  2  1  2  2  0  0  0 -2],[ 3  3  1  3  3  1  0  2  0]]",True,"[-2,-1,-1,-1,0,1,1,3,0,1,2,1,1,2,3,0,1,0,0,1,1,0,0,1,2,3,0,1,2,3,1,0,1,0,0,2]","[-3,-1,-1,0,1,1,1,2,0,2,1,1,3,3,3,0,1,0,1,1,1,0,1,2,2,2,0,0,0,1,-1,0,0,0,2,1]",t^8+57t^6+132t^4+66t^2,"[-3,-1,-1,0,1,1,1,2,0,2,2,1,1,3,2,0,1,0,0,1,1,0,1,1,2,2,1,1,1,1,0,-1,-1,0,0,1]","[-2,-1,-1,-1,0,1,1,3,-1,0,1,1,1,2,2,0,1,1,0,1,1,0,1,0,1,1,1,1,2,3,1,0,2,0,0,2]","[-3,-1,-1,0,1,1,1,2,0,2,1,1,3,3,3,0,1,0,1,1,1,0,1,2,2,2,0,0,0,1,-1,0,0,0,2,1]",c,"[[{8, 1}, {2, 7}, {3, 6}, {4, 5}], [{8, 1}, {2, 7}, {4, 6}, {3, 5}], [{8, 1}, {2, 7}, {5, 6}, {3, 4}], [{8, 1}, {3, 7}, {2, 6}, {4, 5}], [{8, 1}, {3, 7}, {2, 6}, {5}, {4}], [{8, 1}, {3, 7}, {4, 6}, {2, 5}], [{8, 1}, {3, 7}, {4, 6}, {5}, {2}], [{8, 1}, {3, 7}, {5, 6}, {2, 4}], [{8, 1}, {3, 7}, {6}, {5}, {2, 4}], [{8, 1}, {4, 7}, {2, 6}, {3, 5}], [{8, 1}, {4, 7}, {2, 6}, {5}, {3}], [{8, 1}, {4, 7}, {3, 6}, {2, 5}], [{8, 1}, {4, 7}, {5, 6}, {2, 3}], [{8, 1}, {5, 7}, {2, 6}, {3, 4}], [{8, 1}, {5, 7}, {3, 6}, {2, 4}], [{8, 1}, {5, 7}, {4, 6}, {2, 3}], [{8, 1}, {6, 7}, {2, 5}, {3, 4}], [{8, 1}, {6, 7}, {3, 5}, {2, 4}], [{8, 1}, {6, 7}, {4, 5}, {2, 3}], [{8, 1}, {6, 7}, {4, 5}, {3}, {2}], [{8, 1}, {7}, {2, 6}, {5}, {3, 4}], [{8, 1}, {7}, {3, 6}, {2, 5}, {4}], [{8, 2}, {1, 7}, {3, 6}, {4, 5}], [{8, 2}, {1, 7}, {4, 6}, {3, 5}], [{8, 2}, {1, 7}, {5, 6}, {3, 4}], [{8, 2}, {3, 7}, {1, 6}, {4, 5}], [{8, 2}, {3, 7}, {1, 6}, {5}, {4}], [{8, 2}, {3, 7}, {4, 6}, {1, 5}], [{8, 2}, {3, 7}, {4, 6}, {5}, {1}], [{8, 2}, {3, 7}, {5, 6}, {1, 4}], [{8, 2}, {3, 7}, {6}, {5}, {1, 4}], [{8, 2}, {4, 7}, {1, 6}, {3, 5}], [{8, 2}, {4, 7}, {3, 6}, {1, 5}], [{8, 2}, {4, 7}, {5, 6}, {1, 3}], [{8, 2}, {5, 7}, {1, 6}, {3, 4}], [{8, 2}, {5, 7}, {1, 6}, {4}, {3}], [{8, 2}, {5, 7}, {3, 6}, {1, 4}], [{8, 2}, {5, 7}, {4, 6}, {1, 3}], [{8, 2}, {5, 7}, {4, 6}, {3}, {1}], [{8, 2}, {5, 7}, {6}, {1, 4}, {3}], [{8, 2}, {6, 7}, {1, 5}, {3, 4}], [{8, 2}, {6, 7}, {3, 5}, {1, 4}], [{8, 2}, {6, 7}, {4, 5}, {1, 3}], [{8, 2}, {7}, {1, 6}, {3, 5}, {4}], [{8, 2}, {7}, {4, 6}, {3, 5}, {1}], [{8, 2}, {7}, {5, 6}, {4}, {1, 3}], [{8, 2}, {7}, {6}, {1, 5}, {3, 4}], [{8, 2}, {7}, {6}, {3, 5}, {1, 4}], [{8, 3}, {1, 7}, {2, 6}, {4, 5}], [{8, 3}, {1, 7}, {4, 6}, {2, 5}], [{8, 3}, {1, 7}, {4, 6}, {5}, {2}], [{8, 3}, {1, 7}, {5, 6}, {2, 4}], [{8, 3}, {2, 7}, {1, 6}, {4, 5}], [{8, 3}, {2, 7}, {4, 6}, {1, 5}], [{8, 3}, {2, 7}, {4, 6}, {5}, {1}], [{8, 3}, {2, 7}, {5, 6}, {1, 4}], [{8, 3}, {4, 7}, {1, 6}, {2, 5}], [{8, 3}, {4, 7}, {2, 6}, {1, 5}], [{8, 3}, {4, 7}, {5, 6}, {1, 2}], [{8, 3}, {4, 7}, {6}, {5}, {1, 2}], [{8, 3}, {5, 7}, {1, 6}, {2, 4}], [{8, 3}, {5, 7}, {2, 6}, {1, 4}], [{8, 3}, {5, 7}, {4, 6}, {1, 2}], [{8, 3}, {5, 7}, {4, 6}, {2}, {1}], [{8, 3}, {5, 7}, {6}, {4}, {1, 2}], [{8, 3}, {6, 7}, {1, 5}, {2, 4}], [{8, 3}, {6, 7}, {2, 5}, {1, 4}], [{8, 3}, {6, 7}, {4, 5}, {1, 2}], [{8, 3}, {6, 7}, {5}, {4}, {1, 2}], [{8, 3}, {7}, {1, 6}, {5}, {2, 4}], [{8, 3}, {7}, {2, 6}, {5}, {1, 4}], [{8, 3}, {7}, {4, 6}, {1, 5}, {2}], [{8, 3}, {7}, {4, 6}, {2, 5}, {1}], [{8, 3}, {7}, {4, 6}, {5}, {1, 2}], [{8, 3}, {7}, {4, 6}, {5}, {2}, {1}], [{8, 3}, {7}, {5, 6}, {4}, {1, 2}], [{8, 3}, {7}, {6}, {4, 5}, {1, 2}], [{8, 3}, {7}, {6}, {5}, {4}, {1, 2}], [{8, 4}, {1, 7}, {2, 6}, {3, 5}], [{8, 4}, {1, 7}, {3, 6}, {2, 5}], [{8, 4}, {1, 7}, {3, 6}, {5}, {2}], [{8, 4}, {1, 7}, {5, 6}, {2, 3}], [{8, 4}, {2, 7}, {1, 6}, {3, 5}], [{8, 4}, {2, 7}, {3, 6}, {1, 5}], [{8, 4}, {2, 7}, {5, 6}, {1, 3}], [{8, 4}, {3, 7}, {1, 6}, {2, 5}], [{8, 4}, {3, 7}, {1, 6}, {5}, {2}], [{8, 4}, {3, 7}, {2, 6}, {1, 5}], [{8, 4}, {3, 7}, {2, 6}, {5}, {1}], [{8, 4}, {3, 7}, {5, 6}, {1, 2}], [{8, 4}, {3, 7}, {6}, {5}, {1, 2}], [{8, 4}, {5, 7}, {1, 6}, {2, 3}], [{8, 4}, {5, 7}, {1, 6}, {3}, {2}], [{8, 4}, {5, 7}, {2, 6}, {1, 3}], [{8, 4}, {5, 7}, {3, 6}, {1, 2}], [{8, 4}, {6, 7}, {1, 5}, {2, 3}], [{8, 4}, {6, 7}, {2, 5}, {1, 3}], [{8, 4}, {6, 7}, {3, 5}, {1, 2}], [{8, 4}, {7}, {1, 6}, {3, 5}, {2}], [{8, 4}, {7}, {3, 6}, {2, 5}, {1}], [{8, 5}, {1, 7}, {2, 6}, {3, 4}], [{8, 5}, {1, 7}, {3, 6}, {2, 4}], [{8, 5}, {1, 7}, {4, 6}, {2, 3}], [{8, 5}, {2, 7}, {1, 6}, {3, 4}], [{8, 5}, {2, 7}, {3, 6}, {1, 4}], [{8, 5}, {2, 7}, {4, 6}, {1, 3}], [{8, 5}, {2, 7}, {4, 6}, {3}, {1}], [{8, 5}, {3, 7}, {1, 6}, {2, 4}], [{8, 5}, {3, 7}, {2, 6}, {1, 4}], [{8, 5}, {3, 7}, {4, 6}, {1, 2}], [{8, 5}, {3, 7}, {4, 6}, {2}, {1}], [{8, 5}, {3, 7}, {6}, {4}, {1, 2}], [{8, 5}, {4, 7}, {1, 6}, {2, 3}], [{8, 5}, {4, 7}, {2, 6}, {1, 3}], [{8, 5}, {4, 7}, {3, 6}, {1, 2}], [{8, 5}, {6, 7}, {1, 4}, {2, 3}], [{8, 5}, {6, 7}, {2, 4}, {1, 3}], [{8, 5}, {6, 7}, {3, 4}, {1, 2}], [{8, 5}, {7}, {1, 6}, {2, 4}, {3}], [{8, 5}, {7}, {1, 6}, {3, 4}, {2}], [{8, 5}, {7}, {1, 6}, {4}, {2, 3}], [{8, 5}, {7}, {4, 6}, {2, 3}, {1}], [{8, 5}, {7}, {6}, {1, 4}, {2, 3}], [{8, 6}, {1, 7}, {2, 5}, {3, 4}], [{8, 6}, {1, 7}, {3, 5}, {2, 4}], [{8, 6}, {1, 7}, {4, 5}, {2, 3}], [{8, 6}, {1, 7}, {4, 5}, {3}, {2}], [{8, 6}, {1, 7}, {5}, {4}, {2, 3}], [{8, 6}, {2, 7}, {1, 5}, {3, 4}], [{8, 6}, {2, 7}, {1, 5}, {4}, {3}], [{8, 6}, {2, 7}, {3, 5}, {1, 4}], [{8, 6}, {2, 7}, {4, 5}, {1, 3}], [{8, 6}, {3, 7}, {1, 5}, {2, 4}], [{8, 6}, {3, 7}, {2, 5}, {1, 4}], [{8, 6}, {3, 7}, {4, 5}, {1, 2}], [{8, 6}, {3, 7}, {5}, {1, 4}, {2}], [{8, 6}, {3, 7}, {5}, {2, 4}, {1}], [{8, 6}, {3, 7}, {5}, {4}, {1, 2}], [{8, 6}, {4, 7}, {1, 5}, {2, 3}], [{8, 6}, {4, 7}, {2, 5}, {1, 3}], [{8, 6}, {4, 7}, {2, 5}, {3}, {1}], [{8, 6}, {4, 7}, {3, 5}, {1, 2}], [{8, 6}, {5, 7}, {1, 4}, {2, 3}], [{8, 6}, {5, 7}, {2, 4}, {1, 3}], [{8, 6}, {5, 7}, {3, 4}, {1, 2}], [{8, 6}, {5, 7}, {4}, {1, 3}, {2}], [{8, 7}, {1, 6}, {2, 5}, {3, 4}], [{8, 7}, {1, 6}, {2, 5}, {4}, {3}], [{8, 7}, {1, 6}, {3, 5}, {2, 4}], [{8, 7}, {1, 6}, {4, 5}, {2, 3}], [{8, 7}, {1, 6}, {4, 5}, {3}, {2}], [{8, 7}, {1, 6}, {5}, {2, 4}, {3}], [{8, 7}, {2, 6}, {1, 5}, {3, 4}], [{8, 7}, {2, 6}, {1, 5}, {4}, {3}], [{8, 7}, {2, 6}, {3, 5}, {1, 4}], [{8, 7}, {2, 6}, {4, 5}, {1, 3}], [{8, 7}, {2, 6}, {4, 5}, {3}, {1}], [{8, 7}, {2, 6}, {5}, {1, 4}, {3}], [{8, 7}, {3, 6}, {1, 5}, {2, 4}], [{8, 7}, {3, 6}, {2, 5}, {1, 4}], [{8, 7}, {3, 6}, {4, 5}, {1, 2}], [{8, 7}, {3, 6}, {4, 5}, {2}, {1}], [{8, 7}, {3, 6}, {5}, {4}, {1, 2}], [{8, 7}, {4, 6}, {1, 5}, {2, 3}], [{8, 7}, {4, 6}, {1, 5}, {3}, {2}], [{8, 7}, {4, 6}, {2, 5}, {1, 3}], [{8, 7}, {4, 6}, {2, 5}, {3}, {1}], [{8, 7}, {4, 6}, {3, 5}, {1, 2}], [{8, 7}, {4, 6}, {3, 5}, {2}, {1}], [{8, 7}, {4, 6}, {5}, {1, 3}, {2}], [{8, 7}, {4, 6}, {5}, {2, 3}, {1}], [{8, 7}, {4, 6}, {5}, {3}, {1, 2}], [{8, 7}, {4, 6}, {5}, {3}, {2}, {1}], [{8, 7}, {5, 6}, {1, 4}, {2, 3}], [{8, 7}, {5, 6}, {1, 4}, {3}, {2}], [{8, 7}, {5, 6}, {2, 4}, {1, 3}], [{8, 7}, {5, 6}, {2, 4}, {3}, {1}], [{8, 7}, {5, 6}, {3, 4}, {1, 2}], [{8, 7}, {5, 6}, {3, 4}, {2}, {1}], [{8, 7}, {5, 6}, {4}, {1, 3}, {2}], [{8, 7}, {5, 6}, {4}, {2, 3}, {1}], [{8, 7}, {5, 6}, {4}, {3}, {1, 2}], [{8, 7}, {5, 6}, {4}, {3}, {2}, {1}], [{8, 7}, {6}, {1, 5}, {2, 4}, {3}], [{8, 7}, {6}, {2, 5}, {1, 4}, {3}], [{8, 7}, {6}, {3, 5}, {4}, {1, 2}], [{8, 7}, {6}, {4, 5}, {1, 3}, {2}], [{8, 7}, {6}, {4, 5}, {2, 3}, {1}], [{8, 7}, {6}, {4, 5}, {3}, {1, 2}], [{8, 7}, {6}, {4, 5}, {3}, {2}, {1}], [{8, 7}, {6}, {5}, {3, 4}, {1, 2}], [{8, 7}, {6}, {5}, {4}, {3}, {1, 2}], [{8}, {1, 7}, {6}, {2, 5}, {3, 4}], [{8}, {2, 7}, {1, 6}, {5}, {3, 4}], [{8}, {2, 7}, {4, 6}, {3, 5}, {1}], [{8}, {2, 7}, {5, 6}, {4}, {1, 3}], [{8}, {3, 7}, {1, 6}, {5}, {2, 4}], [{8}, {3, 7}, {2, 6}, {5}, {1, 4}], [{8}, {3, 7}, {4, 6}, {1, 5}, {2}], [{8}, {3, 7}, {4, 6}, {2, 5}, {1}], [{8}, {3, 7}, {4, 6}, {5}, {1, 2}], [{8}, {3, 7}, {4, 6}, {5}, {2}, {1}], [{8}, {3, 7}, {5, 6}, {4}, {1, 2}], [{8}, {3, 7}, {6}, {4, 5}, {1, 2}], [{8}, {3, 7}, {6}, {5}, {4}, {1, 2}], [{8}, {4, 7}, {2, 6}, {3, 5}, {1}], [{8}, {4, 7}, {3, 6}, {1, 5}, {2}], [{8}, {5, 7}, {1, 6}, {2, 4}, {3}], [{8}, {5, 7}, {4, 6}, {2, 3}, {1}], [{8}, {6, 7}, {1, 5}, {3, 4}, {2}], [{8}, {6, 7}, {3, 5}, {1, 4}, {2}], [{8}, {7}, {1, 6}, {3, 5}, {2, 4}], [{8}, {7}, {2, 6}, {4, 5}, {1, 3}], [{8}, {7}, {3, 6}, {2, 5}, {1, 4}]]",2,12 K_1^3 + 4 K_1^2 K_2 - 10 K_1^2 - 14 K_1 K_2 - 4 K_1 K_3 - 2 K_1 + 5 K_2 + 4 K_3 + K_4 + 5,O1O2O3O4U3U5O6U1U6O7O5U7U8U4O8U2,O1O2O3U4U3O5O6U5O4O7U1U7U8U6O8U2,O1O2O3U2O4U5U4U6U3O6O7U8O5O8U1U7,c,{'O1O2O3O4U3O5U1U5U6O7O6U8U4O8U7U2'},1,"<a href=""/flatknot/8.704336"">8.704336</a>",t^9-61t^7-176t^6+5t^5+328t^4+89t^3-86t^2-5t+12,t^3-t^2-t,,
8.704337,O1O2O3O4U3O5U1U5U6O7O6U8U7O8U2U4,3,24z^2+90z+85,24w^3z^2+90w^2z+85w,False,False,"[[ 0 -3  0 -1  3  1  1  0 -1],[ 3  0  2  0  4  1  3  0  3],[ 0 -2  0  0  2  0  1  0 -1],[ 1  0  0  0  1  0  1  0  1],[-3 -4 -2 -1  0  0 -2  0 -4],[-1 -1  0  0  0  0 -1  0 -1],[-1 -3 -1 -1  2  1  0  0 -1],[ 0  0  0  0  0  0  0  0  0],[ 1 -3  1 -1  4  1  1  0  0]]","[[ 0  3  1  1  0 -1 -1 -3],[-3  0  0 -2 -2 -1 -4 -4],[-1  0  0 -1  0  0 -1 -1],[-1  2  1  0 -1 -1 -1 -3],[ 0  2  0  1  0  0 -1 -2],[ 1  1  0  1  0  0  1  0],[ 1  4  1  1  1 -1  0 -3],[ 3  4  1  3  2  0  3  0]]",False,"[-3,-1,-1,0,1,1,3,0,2,2,1,4,4,1,0,0,1,1,1,1,1,3,0,1,2,-1,0,3]","[-3,-1,-1,0,1,1,3,-1,2,1,1,3,2,1,0,1,1,0,1,1,2,3,0,1,1,-1,0,2]",t^7+71t^5+113t^3+11t,"[-3,-1,-1,0,1,1,3,-1,2,1,1,3,2,1,0,1,1,0,1,1,2,3,0,1,1,-1,0,2]","[-3,-1,-1,0,1,1,3,0,2,1,0,3,2,1,0,1,1,1,1,1,2,3,0,1,1,-1,-1,2]","[-3,-1,-1,0,1,1,3,0,3,2,1,3,4,1,0,0,1,1,1,1,1,4,0,1,2,-1,0,2]",c,"[[{8, 6}, {2, 7}, {3, 5}, {1, 4}], [{8, 6}, {7}, {3, 5}, {1, 4}, {2}]]",0,8 K_1^3 + 8 K_1^2 K_2 - 10 K_1^2 - 4 K_1 K_2 - 6 K_1 K_3 - 4 K_1 - 2 K_2^2 + 4 K_2 + 2 K_4 + 5,O1O2O3O4U1U3O5U6U5O7O6U7U8U4O8U2,O1O2O3U4U3O5O4U5O6O7U1U6U8U7O8U2,O1O2O3U2O4U5U4U6U3O5O6U7O8O7U1U8,c,{'O1O2O3O4U3O5U1U5U6O7O6U8U7O8U2U4'},1,"<a href=""/flatknot/8.704337"">8.704337</a>",t^8-71t^6-294t^5-269t^4+76t^3+59t^2-30t,0,,
8.704338,O1O2O3O4U3O5U1U5U6O7O6U8U7O8U4U2,3,21z^2+74z+65,21w^3z^2+74w^2z+65w,False,False,"[[ 0 -3  1 -1  2  1  1  0 -1],[ 3  0  3  0  3  1  3  0  3],[-1 -3  0 -1  1  0  0  0 -2],[ 1  0  1  0  1  0  1  0  1],[-2 -3 -1 -1  0  0 -1  0 -3],[-1 -1  0  0  0  0 -1  0 -1],[-1 -3  0 -1  1  1  0  0 -1],[ 0  0  0  0  0  0  0  0  0],[ 1 -3  2 -1  3  1  1  0  0]]","[[ 0  2  1  1  1 -1 -1 -3],[-2  0  0 -1 -1 -1 -3 -3],[-1  0  0  0 -1  0 -1 -1],[-1  1  0  0  0 -1 -2 -3],[-1  1  1  0  0 -1 -1 -3],[ 1  1  0  1  1  0  1  0],[ 1  3  1  2  1 -1  0 -3],[ 3  3  1  3  3  0  3  0]]",False,"[-2,-1,-1,-1,1,1,3,0,1,1,1,3,3,0,1,0,1,1,0,1,2,3,1,1,3,-1,0,3]","[-3,-1,-1,1,1,1,2,-1,2,1,1,3,2,1,0,1,1,0,1,1,2,2,0,0,0,-1,0,1]",t^7+59t^5+55t^3+3t,"[-3,-1,-1,1,1,1,2,-1,2,1,1,3,2,1,0,1,1,0,1,1,2,2,0,0,0,-1,0,1]","[-2,-1,-1,-1,1,1,3,0,0,1,0,2,2,0,0,0,1,1,1,1,1,1,1,2,3,-1,-1,2]","[-3,-1,-1,1,1,1,2,0,3,1,3,3,3,1,0,1,1,1,1,1,2,3,-1,0,0,0,1,1]",c,"[[{8, 5}, {2, 7}, {1, 6}, {3, 4}], [{8, 5}, {3, 7}, {2, 6}, {1, 4}], [{8, 5}, {3, 7}, {4, 6}, {1, 2}], [{8, 5}, {7}, {1, 6}, {3, 4}, {2}], [{8, 5}, {7}, {2, 6}, {1, 4}, {3}], [{8, 5}, {7}, {4, 6}, {3}, {1, 2}], [{8, 6}, {2, 7}, {1, 5}, {3, 4}], [{8, 6}, {3, 7}, {2, 5}, {1, 4}], [{8, 6}, {3, 7}, {4, 5}, {1, 2}], [{8, 6}, {7}, {1, 5}, {3, 4}, {2}], [{8, 6}, {7}, {2, 5}, {1, 4}, {3}], [{8, 6}, {7}, {4, 5}, {3}, {1, 2}]]",1,12 K_1^3 + 4 K_1^2 K_2 - 2 K_1^2 - 10 K_1 K_2 - 4 K_1 K_3 - 4 K_1 + K_2 + 2 K_3 + K_4 + 1,O1O2O3O4U3U1O5U6U5O7O6U7U8U4O8U2,O1O2O3U4U3O5O4U5O6O7U1U7U8U6O8U2,O1O2O3U2O4U5U4U6U3O6O5U7O8O7U1U8,c,"{'O1O2O3U2O4O5U1U5U6O7O6U8U7O8U3U4', 'O1O2O3O4U3O5U1U5U6O7O6U8U7O8U4U2'}",2,"<a href=""/flatknot/8.704338"">8.704338</a>",t^8-63t^6-202t^5-98t^4+94t^3+40t^2-12t,t^3-t^2-t,,
8.704339,O1O2O3O4U3O5U1U5U6O7O8U2U4O6U8U7,4,2z^3+31z^2+106z+105,2w^4z^3+31w^3z^2+106w^2z+105w,False,False,"[[ 0 -3 -1 -1  2  1  0  1  1],[ 3  0  2  0  4  1  1  2  2],[ 1 -2  0  0  2  0  0  2  1],[ 1  0  0  0  1  0  0  1  1],[-2 -4 -2 -1  0  0 -2  1  0],[-1 -1  0  0  0  0 -1  0  0],[ 0 -1  0  0  2  1  0  0  1],[-1 -2 -2 -1 -1  0  0  0  0],[-1 -2 -1 -1  0  0 -1  0  0]]","[[ 0  2  1  1  1  0 -1 -1 -3],[-2  0  1  0  0 -2 -1 -2 -4],[-1 -1  0  0  0  0 -1 -2 -2],[-1  0  0  0  0 -1  0  0 -1],[-1  0  0  0  0 -1 -1 -1 -2],[ 0  2  0  1  1  0  0  0 -1],[ 1  1  1  0  1  0  0  0  0],[ 1  2  2  0  1  0  0  0 -2],[ 3  4  2  1  2  1  0  2  0]]",True,"[-2,-1,-1,-1,0,1,1,3,-1,0,0,2,1,2,4,0,0,0,1,2,2,0,1,0,0,1,1,1,1,2,0,0,1,0,0,2]","[-3,-1,-1,0,1,1,1,2,0,2,1,1,2,2,4,0,0,0,1,1,1,0,0,1,2,2,1,1,0,2,0,0,0,0,0,-1]",t^8+49t^6+143t^4+67t^2+4,"[-3,-1,-1,0,1,1,1,2,0,2,2,2,2,3,1,0,1,0,1,2,1,1,1,1,2,2,1,0,0,0,0,0,2,0,1,1]","[-2,-1,-1,-1,0,1,1,3,1,1,2,0,1,2,1,0,0,0,1,1,2,0,0,2,2,3,1,0,1,2,1,1,2,0,0,2]","[-3,-1,-1,0,1,1,1,2,0,2,1,1,2,2,4,0,0,0,1,1,1,0,0,1,2,2,1,1,0,2,0,0,0,0,0,-1]",c,"[[{8, 1}, {2, 7}, {3, 6}, {4, 5}], [{8, 1}, {2, 7}, {4, 6}, {3, 5}], [{8, 1}, {2, 7}, {4, 6}, {5}, {3}], [{8, 1}, {2, 7}, {5, 6}, {3, 4}], [{8, 1}, {2, 7}, {6}, {3, 5}, {4}], [{8, 1}, {3, 7}, {2, 6}, {4, 5}], [{8, 1}, {3, 7}, {4, 6}, {2, 5}], [{8, 1}, {3, 7}, {5, 6}, {2, 4}], [{8, 1}, {4, 7}, {2, 6}, {3, 5}], [{8, 1}, {4, 7}, {3, 6}, {2, 5}], [{8, 1}, {4, 7}, {5, 6}, {2, 3}], [{8, 1}, {5, 7}, {2, 6}, {3, 4}], [{8, 1}, {5, 7}, {3, 6}, {2, 4}], [{8, 1}, {5, 7}, {4, 6}, {2, 3}], [{8, 1}, {6, 7}, {2, 5}, {3, 4}], [{8, 1}, {6, 7}, {3, 5}, {2, 4}], [{8, 1}, {6, 7}, {4, 5}, {2, 3}], [{8, 1}, {7}, {5, 6}, {3, 4}, {2}], [{8, 2}, {1, 7}, {3, 6}, {4, 5}], [{8, 2}, {1, 7}, {4, 6}, {3, 5}], [{8, 2}, {1, 7}, {4, 6}, {5}, {3}], [{8, 2}, {1, 7}, {5, 6}, {3, 4}], [{8, 2}, {1, 7}, {6}, {3, 5}, {4}], [{8, 2}, {3, 7}, {1, 6}, {4, 5}], [{8, 2}, {3, 7}, {4, 6}, {1, 5}], [{8, 2}, {3, 7}, {5, 6}, {1, 4}], [{8, 2}, {3, 7}, {6}, {1, 5}, {4}], [{8, 2}, {3, 7}, {6}, {4, 5}, {1}], [{8, 2}, {3, 7}, {6}, {5}, {1, 4}], [{8, 2}, {4, 7}, {1, 6}, {3, 5}], [{8, 2}, {4, 7}, {1, 6}, {5}, {3}], [{8, 2}, {4, 7}, {3, 6}, {1, 5}], [{8, 2}, {4, 7}, {5, 6}, {1, 3}], [{8, 2}, {4, 7}, {6}, {3, 5}, {1}], [{8, 2}, {5, 7}, {1, 6}, {3, 4}], [{8, 2}, {5, 7}, {3, 6}, {1, 4}], [{8, 2}, {5, 7}, {4, 6}, {1, 3}], [{8, 2}, {5, 7}, {6}, {1, 4}, {3}], [{8, 2}, {6, 7}, {1, 5}, {3, 4}], [{8, 2}, {6, 7}, {1, 5}, {4}, {3}], [{8, 2}, {6, 7}, {3, 5}, {1, 4}], [{8, 2}, {6, 7}, {3, 5}, {4}, {1}], [{8, 2}, {6, 7}, {4, 5}, {1, 3}], [{8, 2}, {6, 7}, {4, 5}, {3}, {1}], [{8, 2}, {6, 7}, {5}, {1, 4}, {3}], [{8, 2}, {6, 7}, {5}, {3, 4}, {1}], [{8, 2}, {6, 7}, {5}, {4}, {1, 3}], [{8, 2}, {6, 7}, {5}, {4}, {3}, {1}], [{8, 2}, {7}, {1, 6}, {3, 5}, {4}], [{8, 2}, {7}, {3, 6}, {1, 5}, {4}], [{8, 2}, {7}, {3, 6}, {4, 5}, {1}], [{8, 2}, {7}, {3, 6}, {5}, {1, 4}], [{8, 2}, {7}, {4, 6}, {3, 5}, {1}], [{8, 2}, {7}, {5, 6}, {1, 4}, {3}], [{8, 2}, {7}, {6}, {3, 5}, {1, 4}], [{8, 2}, {7}, {6}, {5}, {1, 4}, {3}], [{8, 3}, {1, 7}, {2, 6}, {4, 5}], [{8, 3}, {1, 7}, {2, 6}, {5}, {4}], [{8, 3}, {1, 7}, {4, 6}, {2, 5}], [{8, 3}, {1, 7}, {5, 6}, {2, 4}], [{8, 3}, {1, 7}, {5, 6}, {4}, {2}], [{8, 3}, {1, 7}, {6}, {2, 5}, {4}], [{8, 3}, {2, 7}, {1, 6}, {4, 5}], [{8, 3}, {2, 7}, {4, 6}, {1, 5}], [{8, 3}, {2, 7}, {5, 6}, {1, 4}], [{8, 3}, {4, 7}, {1, 6}, {2, 5}], [{8, 3}, {4, 7}, {2, 6}, {1, 5}], [{8, 3}, {4, 7}, {5, 6}, {1, 2}], [{8, 3}, {4, 7}, {6}, {2, 5}, {1}], [{8, 3}, {5, 7}, {1, 6}, {2, 4}], [{8, 3}, {5, 7}, {2, 6}, {1, 4}], [{8, 3}, {5, 7}, {4, 6}, {1, 2}], [{8, 3}, {6, 7}, {1, 5}, {2, 4}], [{8, 3}, {6, 7}, {2, 5}, {1, 4}], [{8, 3}, {6, 7}, {4, 5}, {1, 2}], [{8, 3}, {7}, {4, 6}, {1, 5}, {2}], [{8, 3}, {7}, {6}, {2, 5}, {1, 4}], [{8, 4}, {1, 7}, {2, 6}, {3, 5}], [{8, 4}, {1, 7}, {3, 6}, {2, 5}], [{8, 4}, {1, 7}, {5, 6}, {2, 3}], [{8, 4}, {2, 7}, {1, 6}, {3, 5}], [{8, 4}, {2, 7}, {3, 6}, {1, 5}], [{8, 4}, {2, 7}, {5, 6}, {1, 3}], [{8, 4}, {2, 7}, {6}, {3, 5}, {1}], [{8, 4}, {3, 7}, {1, 6}, {2, 5}], [{8, 4}, {3, 7}, {2, 6}, {1, 5}], [{8, 4}, {3, 7}, {5, 6}, {1, 2}], [{8, 4}, {5, 7}, {1, 6}, {2, 3}], [{8, 4}, {5, 7}, {2, 6}, {1, 3}], [{8, 4}, {5, 7}, {2, 6}, {3}, {1}], [{8, 4}, {5, 7}, {3, 6}, {1, 2}], [{8, 4}, {6, 7}, {1, 5}, {2, 3}], [{8, 4}, {6, 7}, {2, 5}, {1, 3}], [{8, 4}, {6, 7}, {3, 5}, {1, 2}], [{8, 4}, {7}, {6}, {1, 5}, {2, 3}], [{8, 5}, {1, 7}, {2, 6}, {3, 4}], [{8, 5}, {1, 7}, {3, 6}, {2, 4}], [{8, 5}, {1, 7}, {4, 6}, {2, 3}], [{8, 5}, {2, 7}, {1, 6}, {3, 4}], [{8, 5}, {2, 7}, {3, 6}, {1, 4}], [{8, 5}, {2, 7}, {4, 6}, {1, 3}], [{8, 5}, {2, 7}, {6}, {4}, {1, 3}], [{8, 5}, {3, 7}, {1, 6}, {2, 4}], [{8, 5}, {3, 7}, {2, 6}, {1, 4}], [{8, 5}, {3, 7}, {4, 6}, {1, 2}], [{8, 5}, {4, 7}, {1, 6}, {2, 3}], [{8, 5}, {4, 7}, {2, 6}, {1, 3}], [{8, 5}, {4, 7}, {3, 6}, {1, 2}], [{8, 5}, {6, 7}, {1, 4}, {2, 3}], [{8, 5}, {6, 7}, {2, 4}, {1, 3}], [{8, 5}, {6, 7}, {3, 4}, {1, 2}], [{8, 5}, {7}, {6}, {1, 4}, {2, 3}], [{8, 6}, {1, 7}, {2, 5}, {3, 4}], [{8, 6}, {1, 7}, {3, 5}, {2, 4}], [{8, 6}, {1, 7}, {4, 5}, {2, 3}], [{8, 6}, {1, 7}, {5}, {2, 4}, {3}], [{8, 6}, {1, 7}, {5}, {3, 4}, {2}], [{8, 6}, {1, 7}, {5}, {4}, {2, 3}], [{8, 6}, {2, 7}, {1, 5}, {3, 4}], [{8, 6}, {2, 7}, {3, 5}, {1, 4}], [{8, 6}, {2, 7}, {4, 5}, {1, 3}], [{8, 6}, {3, 7}, {1, 5}, {2, 4}], [{8, 6}, {3, 7}, {1, 5}, {4}, {2}], [{8, 6}, {3, 7}, {2, 5}, {1, 4}], [{8, 6}, {3, 7}, {4, 5}, {1, 2}], [{8, 6}, {4, 7}, {1, 5}, {2, 3}], [{8, 6}, {4, 7}, {2, 5}, {1, 3}], [{8, 6}, {4, 7}, {3, 5}, {1, 2}], [{8, 6}, {5, 7}, {1, 4}, {2, 3}], [{8, 6}, {5, 7}, {2, 4}, {1, 3}], [{8, 6}, {5, 7}, {2, 4}, {3}, {1}], [{8, 6}, {5, 7}, {3, 4}, {1, 2}], [{8, 6}, {7}, {1, 5}, {2, 4}, {3}], [{8, 6}, {7}, {3, 5}, {1, 4}, {2}], [{8, 6}, {7}, {4, 5}, {1, 3}, {2}], [{8, 6}, {7}, {4, 5}, {2, 3}, {1}], [{8, 6}, {7}, {4, 5}, {3}, {1, 2}], [{8, 7}, {1, 6}, {2, 5}, {3, 4}], [{8, 7}, {1, 6}, {3, 5}, {2, 4}], [{8, 7}, {1, 6}, {4, 5}, {2, 3}], [{8, 7}, {2, 6}, {1, 5}, {3, 4}], [{8, 7}, {2, 6}, {3, 5}, {1, 4}], [{8, 7}, {2, 6}, {3, 5}, {4}, {1}], [{8, 7}, {2, 6}, {4, 5}, {1, 3}], [{8, 7}, {3, 6}, {1, 5}, {2, 4}], [{8, 7}, {3, 6}, {2, 5}, {1, 4}], [{8, 7}, {3, 6}, {4, 5}, {1, 2}], [{8, 7}, {4, 6}, {1, 5}, {2, 3}], [{8, 7}, {4, 6}, {2, 5}, {1, 3}], [{8, 7}, {4, 6}, {3, 5}, {1, 2}], [{8, 7}, {5, 6}, {1, 4}, {2, 3}], [{8, 7}, {5, 6}, {2, 4}, {1, 3}], [{8, 7}, {5, 6}, {3, 4}, {1, 2}], [{8, 7}, {5, 6}, {4}, {1, 3}, {2}], [{8, 7}, {6}, {3, 5}, {1, 4}, {2}], [{8}, {1, 7}, {3, 6}, {4, 5}, {2}], [{8}, {1, 7}, {4, 6}, {3, 5}, {2}], [{8}, {2, 7}, {1, 6}, {5}, {3, 4}], [{8}, {2, 7}, {5, 6}, {3, 4}, {1}], [{8}, {2, 7}, {6}, {1, 5}, {3, 4}], [{8}, {2, 7}, {6}, {3, 5}, {1, 4}], [{8}, {3, 7}, {2, 6}, {1, 5}, {4}], [{8}, {4, 7}, {1, 6}, {3, 5}, {2}], [{8}, {4, 7}, {2, 6}, {1, 5}, {3}], [{8}, {4, 7}, {5, 6}, {2, 3}, {1}], [{8}, {5, 7}, {1, 6}, {3, 4}, {2}], [{8}, {6, 7}, {1, 5}, {3, 4}, {2}], [{8}, {6, 7}, {3, 5}, {1, 4}, {2}], [{8}, {7}, {1, 6}, {2, 5}, {3, 4}], [{8}, {7}, {2, 6}, {1, 5}, {3, 4}], [{8}, {7}, {2, 6}, {3, 5}, {1, 4}], [{8}, {7}, {6}, {3, 5}, {1, 4}, {2}]]",2,4 K_1^3 - 10 K_1^2 - 14 K_1 K_2 + 4 K_1 + 5 K_2 + 6 K_3 + 6,O1O2O3O4U5U6O7U1U3O6O5U7U8U4O8U2,O1O2O3U4U5O6O7U3O5O4U1U6U8U7O8U2,O1O2O3U2O4U5U4U6U3O7O8U1O5O6U8U7,c,{'O1O2O3O4U3O5U1U5U6O7O8U2U4O6U8U7'},1,"<a href=""/flatknot/8.704339"">8.704339</a>",t^9-53t^7-112t^6+138t^5+280t^4-130t^3-30t^2+2t-4,t^3-t^2-t,,
8.704340,O1O2O3O4U3O5U1U5U6O7O8U2U8O6U4U7,4,15z^2+100z+141,15w^3z^2+100w^2z+141w,False,False,"[[ 0 -3 -1 -1  2  1  0  1  1],[ 3  0  2  0  4  1  2  2  1],[ 1 -2  0  0  2  0  0  2  1],[ 1  0  0  0  1  0  1  1  0],[-2 -4 -2 -1  0  0 -2  0  0],[-1 -1  0  0  0  0 -1  0  0],[ 0 -2  0 -1  2  1  0  1  1],[-1 -2 -2 -1  0  0 -1  0  0],[-1 -1 -1  0  0  0 -1  0  0]]","[[ 0  2  1  1  1  0 -1 -1 -3],[-2  0  0  0  0 -2 -1 -2 -4],[-1  0  0  0  0 -1  0  0 -1],[-1  0  0  0  0 -1  0 -1 -1],[-1  0  0  0  0 -1 -1 -2 -2],[ 0  2  1  1  1  0 -1  0 -2],[ 1  1  0  0  1  1  0  0  0],[ 1  2  0  1  2  0  0  0 -2],[ 3  4  1  1  2  2  0  2  0]]",True,"[-2,-1,-1,-1,0,1,1,3,0,0,0,2,1,2,4,0,0,1,0,0,1,0,1,0,1,1,1,1,2,2,1,0,2,0,0,2]","[-3,-1,-1,0,1,1,1,2,0,2,1,2,3,3,1,0,1,0,1,2,1,0,1,2,2,2,0,0,0,0,0,0,1,0,1,1]",t^8+49t^6+103t^4+33t^2+1,"[-3,-1,-1,0,1,1,1,2,0,2,1,2,3,3,1,0,1,0,1,2,1,0,1,2,2,2,0,0,0,0,0,0,1,0,1,1]","[-2,-1,-1,-1,0,1,1,3,1,1,1,0,1,2,1,0,0,0,0,1,2,0,0,1,2,3,0,2,2,3,1,0,1,0,0,2]","[-3,-1,-1,0,1,1,1,2,0,2,2,1,1,2,4,0,1,0,0,1,1,0,0,1,2,2,1,1,1,2,0,0,0,0,0,0]",c,"[[{8, 1}, {2, 7}, {3, 6}, {4, 5}], [{8, 1}, {2, 7}, {4, 6}, {3, 5}], [{8, 1}, {2, 7}, {5, 6}, {3, 4}], [{8, 1}, {3, 7}, {2, 6}, {4, 5}], [{8, 1}, {3, 7}, {4, 6}, {2, 5}], [{8, 1}, {3, 7}, {5, 6}, {2, 4}], [{8, 1}, {4, 7}, {2, 6}, {3, 5}], [{8, 1}, {4, 7}, {3, 6}, {2, 5}], [{8, 1}, {4, 7}, {5, 6}, {2, 3}], [{8, 1}, {4, 7}, {5, 6}, {3}, {2}], [{8, 1}, {5, 7}, {2, 6}, {3, 4}], [{8, 1}, {5, 7}, {3, 6}, {2, 4}], [{8, 1}, {5, 7}, {4, 6}, {2, 3}], [{8, 1}, {5, 7}, {6}, {2, 4}, {3}], [{8, 1}, {6, 7}, {2, 5}, {3, 4}], [{8, 1}, {6, 7}, {3, 5}, {2, 4}], [{8, 1}, {6, 7}, {4, 5}, {2, 3}], [{8, 1}, {7}, {2, 6}, {3, 5}, {4}], [{8, 1}, {7}, {3, 6}, {2, 5}, {4}], [{8, 1}, {7}, {4, 6}, {2, 5}, {3}], [{8, 1}, {7}, {6}, {2, 5}, {3, 4}], [{8, 2}, {1, 7}, {3, 6}, {4, 5}], [{8, 2}, {1, 7}, {4, 6}, {3, 5}], [{8, 2}, {1, 7}, {5, 6}, {3, 4}], [{8, 2}, {1, 7}, {6}, {5}, {3, 4}], [{8, 2}, {3, 7}, {1, 6}, {4, 5}], [{8, 2}, {3, 7}, {4, 6}, {1, 5}], [{8, 2}, {3, 7}, {5, 6}, {1, 4}], [{8, 2}, {4, 7}, {1, 6}, {3, 5}], [{8, 2}, {4, 7}, {3, 6}, {1, 5}], [{8, 2}, {4, 7}, {5, 6}, {1, 3}], [{8, 2}, {5, 7}, {1, 6}, {3, 4}], [{8, 2}, {5, 7}, {3, 6}, {1, 4}], [{8, 2}, {5, 7}, {3, 6}, {4}, {1}], [{8, 2}, {5, 7}, {4, 6}, {1, 3}], [{8, 2}, {5, 7}, {4, 6}, {3}, {1}], [{8, 2}, {5, 7}, {6}, {3, 4}, {1}], [{8, 2}, {6, 7}, {1, 5}, {3, 4}], [{8, 2}, {6, 7}, {3, 5}, {1, 4}], [{8, 2}, {6, 7}, {3, 5}, {4}, {1}], [{8, 2}, {6, 7}, {4, 5}, {1, 3}], [{8, 2}, {6, 7}, {4, 5}, {3}, {1}], [{8, 2}, {6, 7}, {5}, {3, 4}, {1}], [{8, 2}, {7}, {1, 6}, {5}, {3, 4}], [{8, 2}, {7}, {5, 6}, {3, 4}, {1}], [{8, 2}, {7}, {6}, {1, 5}, {3, 4}], [{8, 3}, {1, 7}, {2, 6}, {4, 5}], [{8, 3}, {1, 7}, {4, 6}, {2, 5}], [{8, 3}, {1, 7}, {5, 6}, {2, 4}], [{8, 3}, {1, 7}, {6}, {5}, {2, 4}], [{8, 3}, {2, 7}, {1, 6}, {4, 5}], [{8, 3}, {2, 7}, {4, 6}, {1, 5}], [{8, 3}, {2, 7}, {5, 6}, {1, 4}], [{8, 3}, {2, 7}, {6}, {1, 5}, {4}], [{8, 3}, {2, 7}, {6}, {4, 5}, {1}], [{8, 3}, {2, 7}, {6}, {5}, {1, 4}], [{8, 3}, {4, 7}, {1, 6}, {2, 5}], [{8, 3}, {4, 7}, {2, 6}, {1, 5}], [{8, 3}, {4, 7}, {5, 6}, {1, 2}], [{8, 3}, {5, 7}, {1, 6}, {2, 4}], [{8, 3}, {5, 7}, {2, 6}, {1, 4}], [{8, 3}, {5, 7}, {4, 6}, {1, 2}], [{8, 3}, {5, 7}, {6}, {4}, {1, 2}], [{8, 3}, {6, 7}, {1, 5}, {2, 4}], [{8, 3}, {6, 7}, {2, 5}, {1, 4}], [{8, 3}, {6, 7}, {4, 5}, {1, 2}], [{8, 4}, {1, 7}, {2, 6}, {3, 5}], [{8, 4}, {1, 7}, {2, 6}, {5}, {3}], [{8, 4}, {1, 7}, {3, 6}, {2, 5}], [{8, 4}, {1, 7}, {5, 6}, {2, 3}], [{8, 4}, {2, 7}, {1, 6}, {3, 5}], [{8, 4}, {2, 7}, {1, 6}, {5}, {3}], [{8, 4}, {2, 7}, {3, 6}, {1, 5}], [{8, 4}, {2, 7}, {3, 6}, {5}, {1}], [{8, 4}, {2, 7}, {5, 6}, {1, 3}], [{8, 4}, {2, 7}, {6}, {5}, {1, 3}], [{8, 4}, {3, 7}, {1, 6}, {2, 5}], [{8, 4}, {3, 7}, {2, 6}, {1, 5}], [{8, 4}, {3, 7}, {2, 6}, {5}, {1}], [{8, 4}, {3, 7}, {5, 6}, {1, 2}], [{8, 4}, {5, 7}, {1, 6}, {2, 3}], [{8, 4}, {5, 7}, {2, 6}, {1, 3}], [{8, 4}, {5, 7}, {3, 6}, {1, 2}], [{8, 4}, {5, 7}, {6}, {1, 3}, {2}], [{8, 4}, {6, 7}, {1, 5}, {2, 3}], [{8, 4}, {6, 7}, {2, 5}, {1, 3}], [{8, 4}, {6, 7}, {3, 5}, {1, 2}], [{8, 4}, {6, 7}, {5}, {1, 3}, {2}], [{8, 4}, {7}, {2, 6}, {5}, {1, 3}], [{8, 4}, {7}, {5, 6}, {1, 3}, {2}], [{8, 4}, {7}, {6}, {2, 5}, {1, 3}], [{8, 4}, {7}, {6}, {5}, {1, 3}, {2}], [{8, 5}, {1, 7}, {2, 6}, {3, 4}], [{8, 5}, {1, 7}, {2, 6}, {4}, {3}], [{8, 5}, {1, 7}, {3, 6}, {2, 4}], [{8, 5}, {1, 7}, {3, 6}, {4}, {2}], [{8, 5}, {1, 7}, {4, 6}, {2, 3}], [{8, 5}, {1, 7}, {6}, {4}, {2, 3}], [{8, 5}, {2, 7}, {1, 6}, {3, 4}], [{8, 5}, {2, 7}, {3, 6}, {1, 4}], [{8, 5}, {2, 7}, {4, 6}, {1, 3}], [{8, 5}, {3, 7}, {1, 6}, {2, 4}], [{8, 5}, {3, 7}, {2, 6}, {1, 4}], [{8, 5}, {3, 7}, {4, 6}, {1, 2}], [{8, 5}, {4, 7}, {1, 6}, {2, 3}], [{8, 5}, {4, 7}, {2, 6}, {1, 3}], [{8, 5}, {4, 7}, {2, 6}, {3}, {1}], [{8, 5}, {4, 7}, {3, 6}, {1, 2}], [{8, 5}, {6, 7}, {1, 4}, {2, 3}], [{8, 5}, {6, 7}, {2, 4}, {1, 3}], [{8, 5}, {6, 7}, {3, 4}, {1, 2}], [{8, 5}, {6, 7}, {3, 4}, {2}, {1}], [{8, 5}, {7}, {2, 6}, {1, 4}, {3}], [{8, 6}, {1, 7}, {2, 5}, {3, 4}], [{8, 6}, {1, 7}, {3, 5}, {2, 4}], [{8, 6}, {1, 7}, {3, 5}, {4}, {2}], [{8, 6}, {1, 7}, {4, 5}, {2, 3}], [{8, 6}, {2, 7}, {1, 5}, {3, 4}], [{8, 6}, {2, 7}, {1, 5}, {4}, {3}], [{8, 6}, {2, 7}, {3, 5}, {1, 4}], [{8, 6}, {2, 7}, {4, 5}, {1, 3}], [{8, 6}, {3, 7}, {1, 5}, {2, 4}], [{8, 6}, {3, 7}, {2, 5}, {1, 4}], [{8, 6}, {3, 7}, {4, 5}, {1, 2}], [{8, 6}, {4, 7}, {1, 5}, {2, 3}], [{8, 6}, {4, 7}, {2, 5}, {1, 3}], [{8, 6}, {4, 7}, {3, 5}, {1, 2}], [{8, 6}, {4, 7}, {3, 5}, {2}, {1}], [{8, 6}, {5, 7}, {1, 4}, {2, 3}], [{8, 6}, {5, 7}, {2, 4}, {1, 3}], [{8, 6}, {5, 7}, {3, 4}, {1, 2}], [{8, 6}, {5, 7}, {3, 4}, {2}, {1}], [{8, 6}, {7}, {3, 5}, {1, 4}, {2}], [{8, 7}, {1, 6}, {2, 5}, {3, 4}], [{8, 7}, {1, 6}, {3, 5}, {2, 4}], [{8, 7}, {1, 6}, {4, 5}, {2, 3}], [{8, 7}, {2, 6}, {1, 5}, {3, 4}], [{8, 7}, {2, 6}, {3, 5}, {1, 4}], [{8, 7}, {2, 6}, {4, 5}, {1, 3}], [{8, 7}, {2, 6}, {5}, {1, 4}, {3}], [{8, 7}, {3, 6}, {1, 5}, {2, 4}], [{8, 7}, {3, 6}, {2, 5}, {1, 4}], [{8, 7}, {3, 6}, {4, 5}, {1, 2}], [{8, 7}, {3, 6}, {5}, {4}, {1, 2}], [{8, 7}, {4, 6}, {1, 5}, {2, 3}], [{8, 7}, {4, 6}, {2, 5}, {1, 3}], [{8, 7}, {4, 6}, {2, 5}, {3}, {1}], [{8, 7}, {4, 6}, {3, 5}, {1, 2}], [{8, 7}, {5, 6}, {1, 4}, {2, 3}], [{8, 7}, {5, 6}, {2, 4}, {1, 3}], [{8, 7}, {5, 6}, {3, 4}, {1, 2}], [{8, 7}, {5, 6}, {4}, {3}, {1, 2}], [{8, 7}, {6}, {3, 5}, {1, 4}, {2}], [{8, 7}, {6}, {3, 5}, {2, 4}, {1}], [{8, 7}, {6}, {3, 5}, {4}, {1, 2}], [{8}, {1, 7}, {2, 6}, {4, 5}, {3}], [{8}, {1, 7}, {4, 6}, {2, 5}, {3}], [{8}, {1, 7}, {5, 6}, {2, 4}, {3}], [{8}, {2, 7}, {1, 6}, {3, 5}, {4}], [{8}, {2, 7}, {3, 6}, {1, 5}, {4}], [{8}, {2, 7}, {5, 6}, {1, 4}, {3}], [{8}, {3, 7}, {5, 6}, {1, 4}, {2}], [{8}, {4, 7}, {3, 6}, {2, 5}, {1}], [{8}, {4, 7}, {6}, {1, 5}, {2, 3}], [{8}, {5, 7}, {2, 6}, {1, 4}, {3}], [{8}, {5, 7}, {2, 6}, {3, 4}, {1}], [{8}, {5, 7}, {2, 6}, {4}, {1, 3}], [{8}, {5, 7}, {3, 6}, {1, 4}, {2}], [{8}, {5, 7}, {6}, {1, 4}, {2, 3}], [{8}, {6, 7}, {2, 5}, {1, 4}, {3}], [{8}, {6, 7}, {2, 5}, {3, 4}, {1}], [{8}, {6, 7}, {2, 5}, {4}, {1, 3}], [{8}, {6, 7}, {3, 5}, {1, 4}, {2}], [{8}, {6, 7}, {5}, {1, 4}, {2, 3}], [{8}, {7}, {5, 6}, {1, 4}, {2, 3}]]",2,8 K_1^3 + 8 K_1^2 K_2 - 38 K_1^2 - 22 K_1 K_2 - 4 K_1 K_3 + 5 K_1 - 4 K_2^2 + 17 K_2 + 9 K_3 + 2 K_4 + 20,O1O2O3O4U5U1O6U7U3O7O5U6U8U4O8U2,O1O2O3U4U5O6O5U3O7O4U1U6U8U7O8U2,O1O2O3U2O4U5U4U6U3O7O5U1O8O6U8U7,c,{'O1O2O3O4U3O5U1U5U6O7O8U2U8O6U4U7'},1,"<a href=""/flatknot/8.704340"">8.704340</a>",t^9-53t^7-118t^6+130t^5+172t^4-153t^3+26t^2+5t,t^3-t^2-t,,
8.704341,O1O2O3O4U3O5U1U5U6O7O8U4U2O6U8U7,3,11z^2+48z+53,11w^3z^2+48w^2z+53w,False,False,"[[ 0 -3  0 -1  1  1  0  1  1],[ 3  0  3  0  3  1  1  2  2],[ 0 -3  0 -1  1  0 -1  2  1],[ 1  0  1  0  1  0  0  1  1],[-1 -3 -1 -1  0  0 -1  1  0],[-1 -1  0  0  0  0 -1  0  0],[ 0 -1  1  0  1  1  0  0  1],[-1 -2 -2 -1 -1  0  0  0  0],[-1 -2 -1 -1  0  0 -1  0  0]]","[[ 0  1  1  1  1  0  0 -1 -3],[-1  0  1  0  0 -1 -1 -1 -3],[-1 -1  0  0  0  0 -2 -1 -2],[-1  0  0  0  0 -1  0  0 -1],[-1  0  0  0  0 -1 -1 -1 -2],[ 0  1  0  1  1  0  1  0 -1],[ 0  1  2  0  1 -1  0 -1 -3],[ 1  1  1  0  1  0  1  0  0],[ 3  3  2  1  2  1  3  0  0]]",True,"[-1,-1,-1,-1,0,0,1,3,-1,0,0,1,1,1,3,0,0,0,2,1,2,0,1,0,0,1,1,1,1,2,-1,0,1,1,3,0]","[-3,-1,0,0,1,1,1,1,0,1,3,1,2,2,3,0,1,0,1,1,1,1,1,0,1,1,0,2,1,1,0,0,0,0,-1,0]",t^8+43t^6+96t^4+23t^2,"[-3,-1,0,0,1,1,1,1,2,0,2,1,2,2,3,0,1,1,1,1,2,1,0,-1,0,1,0,1,0,0,-1,0,0,0,0,0]","[-1,-1,-1,-1,0,0,1,3,-1,0,0,-1,1,1,2,0,0,0,0,1,1,0,0,0,1,2,1,0,2,3,-1,0,0,1,2,2]","[-3,-1,0,0,1,1,1,1,0,1,3,1,2,2,3,0,1,0,1,1,1,1,1,0,1,1,0,2,1,1,0,0,0,0,-1,0]",c,"[[{8, 1}, {2, 7}, {3, 6}, {4, 5}], [{8, 1}, {2, 7}, {4, 6}, {3, 5}], [{8, 1}, {2, 7}, {4, 6}, {5}, {3}], [{8, 1}, {2, 7}, {5, 6}, {3, 4}], [{8, 1}, {3, 7}, {2, 6}, {4, 5}], [{8, 1}, {3, 7}, {4, 6}, {2, 5}], [{8, 1}, {3, 7}, {4, 6}, {5}, {2}], [{8, 1}, {3, 7}, {5, 6}, {2, 4}], [{8, 1}, {4, 7}, {2, 6}, {3, 5}], [{8, 1}, {4, 7}, {2, 6}, {5}, {3}], [{8, 1}, {4, 7}, {3, 6}, {2, 5}], [{8, 1}, {4, 7}, {5, 6}, {2, 3}], [{8, 1}, {4, 7}, {6}, {3, 5}, {2}], [{8, 1}, {5, 7}, {2, 6}, {3, 4}], [{8, 1}, {5, 7}, {3, 6}, {2, 4}], [{8, 1}, {5, 7}, {4, 6}, {2, 3}], [{8, 1}, {5, 7}, {6}, {3, 4}, {2}], [{8, 1}, {6, 7}, {2, 5}, {3, 4}], [{8, 1}, {6, 7}, {3, 5}, {2, 4}], [{8, 1}, {6, 7}, {4, 5}, {2, 3}], [{8, 1}, {6, 7}, {5}, {3, 4}, {2}], [{8, 1}, {7}, {2, 6}, {3, 5}, {4}], [{8, 1}, {7}, {3, 6}, {2, 5}, {4}], [{8, 1}, {7}, {4, 6}, {5}, {2, 3}], [{8, 1}, {7}, {5, 6}, {3, 4}, {2}], [{8, 2}, {1, 7}, {3, 6}, {4, 5}], [{8, 2}, {1, 7}, {3, 6}, {5}, {4}], [{8, 2}, {1, 7}, {4, 6}, {3, 5}], [{8, 2}, {1, 7}, {4, 6}, {5}, {3}], [{8, 2}, {1, 7}, {5, 6}, {3, 4}], [{8, 2}, {1, 7}, {5, 6}, {4}, {3}], [{8, 2}, {1, 7}, {6}, {3, 5}, {4}], [{8, 2}, {1, 7}, {6}, {4, 5}, {3}], [{8, 2}, {1, 7}, {6}, {5}, {3, 4}], [{8, 2}, {1, 7}, {6}, {5}, {4}, {3}], [{8, 2}, {3, 7}, {1, 6}, {4, 5}], [{8, 2}, {3, 7}, {4, 6}, {1, 5}], [{8, 2}, {3, 7}, {4, 6}, {5}, {1}], [{8, 2}, {3, 7}, {5, 6}, {1, 4}], [{8, 2}, {4, 7}, {1, 6}, {3, 5}], [{8, 2}, {4, 7}, {1, 6}, {5}, {3}], [{8, 2}, {4, 7}, {3, 6}, {1, 5}], [{8, 2}, {4, 7}, {5, 6}, {1, 3}], [{8, 2}, {5, 7}, {1, 6}, {3, 4}], [{8, 2}, {5, 7}, {3, 6}, {1, 4}], [{8, 2}, {5, 7}, {4, 6}, {1, 3}], [{8, 2}, {5, 7}, {4, 6}, {3}, {1}], [{8, 2}, {6, 7}, {1, 5}, {3, 4}], [{8, 2}, {6, 7}, {3, 5}, {1, 4}], [{8, 2}, {6, 7}, {4, 5}, {1, 3}], [{8, 2}, {6, 7}, {5}, {1, 4}, {3}], [{8, 2}, {7}, {4, 6}, {1, 5}, {3}], [{8, 2}, {7}, {4, 6}, {3, 5}, {1}], [{8, 2}, {7}, {4, 6}, {5}, {1, 3}], [{8, 2}, {7}, {4, 6}, {5}, {3}, {1}], [{8, 3}, {1, 7}, {2, 6}, {4, 5}], [{8, 3}, {1, 7}, {2, 6}, {5}, {4}], [{8, 3}, {1, 7}, {4, 6}, {2, 5}], [{8, 3}, {1, 7}, {4, 6}, {5}, {2}], [{8, 3}, {1, 7}, {5, 6}, {2, 4}], [{8, 3}, {1, 7}, {5, 6}, {4}, {2}], [{8, 3}, {1, 7}, {6}, {2, 5}, {4}], [{8, 3}, {1, 7}, {6}, {4, 5}, {2}], [{8, 3}, {1, 7}, {6}, {5}, {2, 4}], [{8, 3}, {1, 7}, {6}, {5}, {4}, {2}], [{8, 3}, {2, 7}, {1, 6}, {4, 5}], [{8, 3}, {2, 7}, {4, 6}, {1, 5}], [{8, 3}, {2, 7}, {4, 6}, {5}, {1}], [{8, 3}, {2, 7}, {5, 6}, {1, 4}], [{8, 3}, {4, 7}, {1, 6}, {2, 5}], [{8, 3}, {4, 7}, {2, 6}, {1, 5}], [{8, 3}, {4, 7}, {5, 6}, {1, 2}], [{8, 3}, {4, 7}, {6}, {1, 5}, {2}], [{8, 3}, {5, 7}, {1, 6}, {2, 4}], [{8, 3}, {5, 7}, {2, 6}, {1, 4}], [{8, 3}, {5, 7}, {4, 6}, {1, 2}], [{8, 3}, {5, 7}, {6}, {1, 4}, {2}], [{8, 3}, {6, 7}, {1, 5}, {2, 4}], [{8, 3}, {6, 7}, {2, 5}, {1, 4}], [{8, 3}, {6, 7}, {4, 5}, {1, 2}], [{8, 3}, {7}, {4, 6}, {5}, {1, 2}], [{8, 4}, {1, 7}, {2, 6}, {3, 5}], [{8, 4}, {1, 7}, {2, 6}, {5}, {3}], [{8, 4}, {1, 7}, {3, 6}, {2, 5}], [{8, 4}, {1, 7}, {3, 6}, {5}, {2}], [{8, 4}, {1, 7}, {5, 6}, {2, 3}], [{8, 4}, {1, 7}, {5, 6}, {3}, {2}], [{8, 4}, {1, 7}, {6}, {2, 5}, {3}], [{8, 4}, {1, 7}, {6}, {3, 5}, {2}], [{8, 4}, {1, 7}, {6}, {5}, {2, 3}], [{8, 4}, {1, 7}, {6}, {5}, {3}, {2}], [{8, 4}, {2, 7}, {1, 6}, {3, 5}], [{8, 4}, {2, 7}, {1, 6}, {5}, {3}], [{8, 4}, {2, 7}, {3, 6}, {1, 5}], [{8, 4}, {2, 7}, {5, 6}, {1, 3}], [{8, 4}, {3, 7}, {1, 6}, {2, 5}], [{8, 4}, {3, 7}, {2, 6}, {1, 5}], [{8, 4}, {3, 7}, {2, 6}, {5}, {1}], [{8, 4}, {3, 7}, {5, 6}, {1, 2}], [{8, 4}, {5, 7}, {1, 6}, {2, 3}], [{8, 4}, {5, 7}, {2, 6}, {1, 3}], [{8, 4}, {5, 7}, {2, 6}, {3}, {1}], [{8, 4}, {5, 7}, {3, 6}, {1, 2}], [{8, 4}, {6, 7}, {1, 5}, {2, 3}], [{8, 4}, {6, 7}, {2, 5}, {1, 3}], [{8, 4}, {6, 7}, {3, 5}, {1, 2}], [{8, 4}, {6, 7}, {5}, {3}, {1, 2}], [{8, 4}, {7}, {2, 6}, {1, 5}, {3}], [{8, 4}, {7}, {2, 6}, {3, 5}, {1}], [{8, 4}, {7}, {2, 6}, {5}, {1, 3}], [{8, 4}, {7}, {2, 6}, {5}, {3}, {1}], [{8, 5}, {1, 7}, {2, 6}, {3, 4}], [{8, 5}, {1, 7}, {2, 6}, {4}, {3}], [{8, 5}, {1, 7}, {3, 6}, {2, 4}], [{8, 5}, {1, 7}, {3, 6}, {4}, {2}], [{8, 5}, {1, 7}, {4, 6}, {2, 3}], [{8, 5}, {1, 7}, {4, 6}, {3}, {2}], [{8, 5}, {1, 7}, {6}, {2, 4}, {3}], [{8, 5}, {1, 7}, {6}, {3, 4}, {2}], [{8, 5}, {1, 7}, {6}, {4}, {2, 3}], [{8, 5}, {1, 7}, {6}, {4}, {3}, {2}], [{8, 5}, {2, 7}, {1, 6}, {3, 4}], [{8, 5}, {2, 7}, {1, 6}, {4}, {3}], [{8, 5}, {2, 7}, {3, 6}, {1, 4}], [{8, 5}, {2, 7}, {4, 6}, {1, 3}], [{8, 5}, {3, 7}, {1, 6}, {2, 4}], [{8, 5}, {3, 7}, {1, 6}, {4}, {2}], [{8, 5}, {3, 7}, {2, 6}, {1, 4}], [{8, 5}, {3, 7}, {4, 6}, {1, 2}], [{8, 5}, {4, 7}, {1, 6}, {2, 3}], [{8, 5}, {4, 7}, {1, 6}, {3}, {2}], [{8, 5}, {4, 7}, {2, 6}, {1, 3}], [{8, 5}, {4, 7}, {3, 6}, {1, 2}], [{8, 5}, {6, 7}, {1, 4}, {2, 3}], [{8, 5}, {6, 7}, {1, 4}, {3}, {2}], [{8, 5}, {6, 7}, {2, 4}, {1, 3}], [{8, 5}, {6, 7}, {2, 4}, {3}, {1}], [{8, 5}, {6, 7}, {3, 4}, {1, 2}], [{8, 5}, {6, 7}, {3, 4}, {2}, {1}], [{8, 5}, {6, 7}, {4}, {1, 3}, {2}], [{8, 5}, {6, 7}, {4}, {2, 3}, {1}], [{8, 5}, {6, 7}, {4}, {3}, {1, 2}], [{8, 5}, {6, 7}, {4}, {3}, {2}, {1}], [{8, 5}, {7}, {1, 6}, {2, 4}, {3}], [{8, 5}, {7}, {1, 6}, {3, 4}, {2}], [{8, 5}, {7}, {1, 6}, {4}, {2, 3}], [{8, 5}, {7}, {1, 6}, {4}, {3}, {2}], [{8, 6}, {1, 7}, {2, 5}, {3, 4}], [{8, 6}, {1, 7}, {2, 5}, {4}, {3}], [{8, 6}, {1, 7}, {3, 5}, {2, 4}], [{8, 6}, {1, 7}, {3, 5}, {4}, {2}], [{8, 6}, {1, 7}, {4, 5}, {2, 3}], [{8, 6}, {1, 7}, {4, 5}, {3}, {2}], [{8, 6}, {1, 7}, {5}, {2, 4}, {3}], [{8, 6}, {1, 7}, {5}, {3, 4}, {2}], [{8, 6}, {1, 7}, {5}, {4}, {2, 3}], [{8, 6}, {1, 7}, {5}, {4}, {3}, {2}], [{8, 6}, {2, 7}, {1, 5}, {3, 4}], [{8, 6}, {2, 7}, {1, 5}, {4}, {3}], [{8, 6}, {2, 7}, {3, 5}, {1, 4}], [{8, 6}, {2, 7}, {4, 5}, {1, 3}], [{8, 6}, {3, 7}, {1, 5}, {2, 4}], [{8, 6}, {3, 7}, {1, 5}, {4}, {2}], [{8, 6}, {3, 7}, {2, 5}, {1, 4}], [{8, 6}, {3, 7}, {4, 5}, {1, 2}], [{8, 6}, {4, 7}, {1, 5}, {2, 3}], [{8, 6}, {4, 7}, {1, 5}, {3}, {2}], [{8, 6}, {4, 7}, {2, 5}, {1, 3}], [{8, 6}, {4, 7}, {3, 5}, {1, 2}], [{8, 6}, {5, 7}, {1, 4}, {2, 3}], [{8, 6}, {5, 7}, {1, 4}, {3}, {2}], [{8, 6}, {5, 7}, {2, 4}, {1, 3}], [{8, 6}, {5, 7}, {2, 4}, {3}, {1}], [{8, 6}, {5, 7}, {3, 4}, {1, 2}], [{8, 6}, {5, 7}, {3, 4}, {2}, {1}], [{8, 6}, {5, 7}, {4}, {1, 3}, {2}], [{8, 6}, {5, 7}, {4}, {2, 3}, {1}], [{8, 6}, {5, 7}, {4}, {3}, {1, 2}], [{8, 6}, {5, 7}, {4}, {3}, {2}, {1}], [{8, 6}, {7}, {1, 5}, {2, 4}, {3}], [{8, 6}, {7}, {1, 5}, {3, 4}, {2}], [{8, 6}, {7}, {1, 5}, {4}, {2, 3}], [{8, 6}, {7}, {1, 5}, {4}, {3}, {2}], [{8, 7}, {1, 6}, {2, 5}, {3, 4}], [{8, 7}, {1, 6}, {3, 5}, {2, 4}], [{8, 7}, {1, 6}, {4, 5}, {2, 3}], [{8, 7}, {1, 6}, {5}, {3, 4}, {2}], [{8, 7}, {2, 6}, {1, 5}, {3, 4}], [{8, 7}, {2, 6}, {3, 5}, {1, 4}], [{8, 7}, {2, 6}, {3, 5}, {4}, {1}], [{8, 7}, {2, 6}, {4, 5}, {1, 3}], [{8, 7}, {2, 6}, {5}, {1, 4}, {3}], [{8, 7}, {3, 6}, {1, 5}, {2, 4}], [{8, 7}, {3, 6}, {2, 5}, {1, 4}], [{8, 7}, {3, 6}, {2, 5}, {4}, {1}], [{8, 7}, {3, 6}, {4, 5}, {1, 2}], [{8, 7}, {4, 6}, {1, 5}, {2, 3}], [{8, 7}, {4, 6}, {2, 5}, {1, 3}], [{8, 7}, {4, 6}, {3, 5}, {1, 2}], [{8, 7}, {4, 6}, {5}, {1, 3}, {2}], [{8, 7}, {4, 6}, {5}, {2, 3}, {1}], [{8, 7}, {4, 6}, {5}, {3}, {1, 2}], [{8, 7}, {5, 6}, {1, 4}, {2, 3}], [{8, 7}, {5, 6}, {2, 4}, {1, 3}], [{8, 7}, {5, 6}, {3, 4}, {1, 2}], [{8, 7}, {5, 6}, {3, 4}, {2}, {1}], [{8, 7}, {6}, {1, 5}, {3, 4}, {2}], [{8, 7}, {6}, {3, 5}, {1, 4}, {2}], [{8}, {1, 7}, {2, 6}, {3, 5}, {4}], [{8}, {1, 7}, {2, 6}, {4, 5}, {3}], [{8}, {1, 7}, {2, 6}, {5}, {3, 4}], [{8}, {1, 7}, {2, 6}, {5}, {4}, {3}], [{8}, {1, 7}, {3, 6}, {2, 5}, {4}], [{8}, {1, 7}, {3, 6}, {4, 5}, {2}], [{8}, {1, 7}, {3, 6}, {5}, {2, 4}], [{8}, {1, 7}, {3, 6}, {5}, {4}, {2}], [{8}, {1, 7}, {4, 6}, {2, 5}, {3}], [{8}, {1, 7}, {4, 6}, {3, 5}, {2}], [{8}, {1, 7}, {4, 6}, {5}, {2, 3}], [{8}, {1, 7}, {4, 6}, {5}, {3}, {2}], [{8}, {1, 7}, {5, 6}, {2, 4}, {3}], [{8}, {1, 7}, {5, 6}, {3, 4}, {2}], [{8}, {1, 7}, {5, 6}, {4}, {2, 3}], [{8}, {1, 7}, {5, 6}, {4}, {3}, {2}], [{8}, {1, 7}, {6}, {2, 5}, {3, 4}], [{8}, {1, 7}, {6}, {2, 5}, {4}, {3}], [{8}, {1, 7}, {6}, {3, 5}, {2, 4}], [{8}, {1, 7}, {6}, {3, 5}, {4}, {2}], [{8}, {1, 7}, {6}, {4, 5}, {2, 3}], [{8}, {1, 7}, {6}, {4, 5}, {3}, {2}], [{8}, {1, 7}, {6}, {5}, {2, 4}, {3}], [{8}, {1, 7}, {6}, {5}, {3, 4}, {2}], [{8}, {1, 7}, {6}, {5}, {4}, {2, 3}], [{8}, {1, 7}, {6}, {5}, {4}, {3}, {2}], [{8}, {2, 7}, {1, 6}, {4, 5}, {3}], [{8}, {2, 7}, {4, 6}, {5}, {1, 3}], [{8}, {3, 7}, {4, 6}, {5}, {1, 2}], [{8}, {4, 7}, {1, 6}, {2, 5}, {3}], [{8}, {4, 7}, {2, 6}, {3, 5}, {1}], [{8}, {4, 7}, {3, 6}, {1, 5}, {2}], [{8}, {4, 7}, {5, 6}, {2, 3}, {1}], [{8}, {5, 7}, {1, 6}, {3, 4}, {2}], [{8}, {5, 7}, {3, 6}, {1, 4}, {2}], [{8}, {6, 7}, {1, 5}, {3, 4}, {2}], [{8}, {6, 7}, {2, 5}, {1, 4}, {3}], [{8}, {6, 7}, {4, 5}, {3}, {1, 2}], [{8}, {7}, {2, 6}, {3, 5}, {1, 4}], [{8}, {7}, {5, 6}, {1, 4}, {2, 3}]]",2,- 4 K_1^2 - 6 K_1 K_2 + 3 K_1 + 2 K_2 + 3 K_3 + 3,O1O2O3O4U5U6O7U3U1O6O5U7U8U4O8U2,O1O2O3U4U5O6O7U3O5O4U1U7U8U6O8U2,O1O2O3U2O4U5U4U6U3O7O8U1O6O5U8U7,c,"{'O1O2O3O4U3O5U1U5U6O7O8U4U2O6U8U7', 'O1O2O3U2O4O5U1U5U6O7O8U3U4O6U8U7', 'O1O2O3U2O4O5U1U6U4O7O8U3O6U5U8U7'}",3,"<a href=""/flatknot/8.704341"">8.704341</a>",t^9-49t^7-100t^6+66t^5+158t^4-33t^3-30t^2+8t,t^3-3t,,
8.704342,O1O2O3O4U3O5U1U5U6O7O8U4U8O6U2U7,4,26z^2+111z+119,26w^3z^2+111w^2z+119w,False,False,"[[ 0 -3  0 -1  1  1  0  1  1],[ 3  0  3  0  3  1  2  2  1],[ 0 -3  0 -1  1  0 -1  1  1],[ 1  0  1  0  1  0  0  1  1],[-1 -3 -1 -1  0  0 -2  1  1],[-1 -1  0  0  0  0 -1  0  0],[ 0 -2  1  0  2  1  0  1  1],[-1 -2 -1 -1 -1  0 -1  0  0],[-1 -1 -1 -1 -1  0 -1  0  0]]","[[ 0  1  1  1  1  0  0 -1 -3],[-1  0  1  1  0 -1 -2 -1 -3],[-1 -1  0  0  0 -1 -1 -1 -1],[-1 -1  0  0  0 -1 -1 -1 -2],[-1  0  0  0  0  0 -1  0 -1],[ 0  1  1  1  0  0 -1 -1 -3],[ 0  2  1  1  1  1  0  0 -2],[ 1  1  1  1  0  1  0  0  0],[ 3  3  1  2  1  3  2  0  0]]",True,"[-1,-1,-1,-1,0,0,1,3,-1,-1,0,1,2,1,3,0,0,1,1,1,1,0,1,1,1,2,0,1,0,1,1,1,3,0,2,0]","[-3,-1,0,0,1,1,1,1,0,2,3,1,1,2,3,0,1,0,1,1,1,1,1,1,1,2,0,1,1,1,0,0,0,0,-1,-1]",t^8+45t^6+76t^4+22t^2+1,"[-3,-1,0,0,1,1,1,1,2,0,1,1,2,3,3,0,1,1,1,1,2,1,0,0,0,1,-1,0,0,0,-1,-1,0,0,0,0]","[-1,-1,-1,-1,0,0,1,3,-1,0,0,0,0,1,2,0,1,-1,0,1,1,0,0,1,2,3,0,0,1,3,1,1,1,0,0,2]","[-3,-1,0,0,1,1,1,1,0,2,3,1,1,2,3,0,1,0,1,1,1,1,1,1,1,2,0,1,1,1,0,0,0,0,-1,-1]",c,"[[{8, 1}, {2, 7}, {3, 6}, {4, 5}], [{8, 1}, {2, 7}, {4, 6}, {3, 5}], [{8, 1}, {2, 7}, {4, 6}, {5}, {3}], [{8, 1}, {2, 7}, {5, 6}, {3, 4}], [{8, 1}, {3, 7}, {2, 6}, {4, 5}], [{8, 1}, {3, 7}, {4, 6}, {2, 5}], [{8, 1}, {3, 7}, {5, 6}, {2, 4}], [{8, 1}, {3, 7}, {6}, {4, 5}, {2}], [{8, 1}, {4, 7}, {2, 6}, {3, 5}], [{8, 1}, {4, 7}, {3, 6}, {2, 5}], [{8, 1}, {4, 7}, {5, 6}, {2, 3}], [{8, 1}, {4, 7}, {6}, {3, 5}, {2}], [{8, 1}, {5, 7}, {2, 6}, {3, 4}], [{8, 1}, {5, 7}, {3, 6}, {2, 4}], [{8, 1}, {5, 7}, {4, 6}, {2, 3}], [{8, 1}, {6, 7}, {2, 5}, {3, 4}], [{8, 1}, {6, 7}, {3, 5}, {2, 4}], [{8, 1}, {6, 7}, {4, 5}, {2, 3}], [{8, 1}, {6, 7}, {5}, {2, 4}, {3}], [{8, 1}, {6, 7}, {5}, {3, 4}, {2}], [{8, 1}, {6, 7}, {5}, {4}, {2, 3}], [{8, 2}, {1, 7}, {3, 6}, {4, 5}], [{8, 2}, {1, 7}, {4, 6}, {3, 5}], [{8, 2}, {1, 7}, {4, 6}, {5}, {3}], [{8, 2}, {1, 7}, {5, 6}, {3, 4}], [{8, 2}, {3, 7}, {1, 6}, {4, 5}], [{8, 2}, {3, 7}, {4, 6}, {1, 5}], [{8, 2}, {3, 7}, {5, 6}, {1, 4}], [{8, 2}, {4, 7}, {1, 6}, {3, 5}], [{8, 2}, {4, 7}, {3, 6}, {1, 5}], [{8, 2}, {4, 7}, {3, 6}, {5}, {1}], [{8, 2}, {4, 7}, {5, 6}, {1, 3}], [{8, 2}, {5, 7}, {1, 6}, {3, 4}], [{8, 2}, {5, 7}, {3, 6}, {1, 4}], [{8, 2}, {5, 7}, {4, 6}, {1, 3}], [{8, 2}, {5, 7}, {4, 6}, {3}, {1}], [{8, 2}, {6, 7}, {1, 5}, {3, 4}], [{8, 2}, {6, 7}, {3, 5}, {1, 4}], [{8, 2}, {6, 7}, {4, 5}, {1, 3}], [{8, 2}, {6, 7}, {5}, {1, 4}, {3}], [{8, 2}, {6, 7}, {5}, {3, 4}, {1}], [{8, 2}, {6, 7}, {5}, {4}, {1, 3}], [{8, 2}, {7}, {1, 6}, {4, 5}, {3}], [{8, 2}, {7}, {4, 6}, {1, 5}, {3}], [{8, 3}, {1, 7}, {2, 6}, {4, 5}], [{8, 3}, {1, 7}, {4, 6}, {2, 5}], [{8, 3}, {1, 7}, {5, 6}, {2, 4}], [{8, 3}, {1, 7}, {5, 6}, {4}, {2}], [{8, 3}, {2, 7}, {1, 6}, {4, 5}], [{8, 3}, {2, 7}, {4, 6}, {1, 5}], [{8, 3}, {2, 7}, {5, 6}, {1, 4}], [{8, 3}, {2, 7}, {6}, {4, 5}, {1}], [{8, 3}, {4, 7}, {1, 6}, {2, 5}], [{8, 3}, {4, 7}, {1, 6}, {5}, {2}], [{8, 3}, {4, 7}, {2, 6}, {1, 5}], [{8, 3}, {4, 7}, {5, 6}, {1, 2}], [{8, 3}, {4, 7}, {6}, {2, 5}, {1}], [{8, 3}, {5, 7}, {1, 6}, {2, 4}], [{8, 3}, {5, 7}, {2, 6}, {1, 4}], [{8, 3}, {5, 7}, {4, 6}, {1, 2}], [{8, 3}, {6, 7}, {1, 5}, {2, 4}], [{8, 3}, {6, 7}, {2, 5}, {1, 4}], [{8, 3}, {6, 7}, {4, 5}, {1, 2}], [{8, 3}, {6, 7}, {5}, {1, 4}, {2}], [{8, 3}, {6, 7}, {5}, {2, 4}, {1}], [{8, 3}, {6, 7}, {5}, {4}, {1, 2}], [{8, 3}, {7}, {1, 6}, {2, 5}, {4}], [{8, 3}, {7}, {2, 6}, {1, 5}, {4}], [{8, 4}, {1, 7}, {2, 6}, {3, 5}], [{8, 4}, {1, 7}, {3, 6}, {2, 5}], [{8, 4}, {1, 7}, {5, 6}, {2, 3}], [{8, 4}, {1, 7}, {6}, {3, 5}, {2}], [{8, 4}, {2, 7}, {1, 6}, {3, 5}], [{8, 4}, {2, 7}, {3, 6}, {1, 5}], [{8, 4}, {2, 7}, {5, 6}, {1, 3}], [{8, 4}, {2, 7}, {6}, {3, 5}, {1}], [{8, 4}, {3, 7}, {1, 6}, {2, 5}], [{8, 4}, {3, 7}, {2, 6}, {1, 5}], [{8, 4}, {3, 7}, {5, 6}, {1, 2}], [{8, 4}, {3, 7}, {6}, {1, 5}, {2}], [{8, 4}, {3, 7}, {6}, {2, 5}, {1}], [{8, 4}, {3, 7}, {6}, {5}, {1, 2}], [{8, 4}, {5, 7}, {1, 6}, {2, 3}], [{8, 4}, {5, 7}, {1, 6}, {3}, {2}], [{8, 4}, {5, 7}, {2, 6}, {1, 3}], [{8, 4}, {5, 7}, {2, 6}, {3}, {1}], [{8, 4}, {5, 7}, {3, 6}, {1, 2}], [{8, 4}, {5, 7}, {6}, {3}, {1, 2}], [{8, 4}, {6, 7}, {1, 5}, {2, 3}], [{8, 4}, {6, 7}, {2, 5}, {1, 3}], [{8, 4}, {6, 7}, {3, 5}, {1, 2}], [{8, 4}, {6, 7}, {5}, {1, 3}, {2}], [{8, 4}, {6, 7}, {5}, {2, 3}, {1}], [{8, 4}, {6, 7}, {5}, {3}, {1, 2}], [{8, 4}, {7}, {3, 6}, {5}, {1, 2}], [{8, 4}, {7}, {5, 6}, {3}, {1, 2}], [{8, 4}, {7}, {6}, {3, 5}, {1, 2}], [{8, 4}, {7}, {6}, {5}, {3}, {1, 2}], [{8, 5}, {1, 7}, {2, 6}, {3, 4}], [{8, 5}, {1, 7}, {3, 6}, {2, 4}], [{8, 5}, {1, 7}, {4, 6}, {2, 3}], [{8, 5}, {2, 7}, {1, 6}, {3, 4}], [{8, 5}, {2, 7}, {3, 6}, {1, 4}], [{8, 5}, {2, 7}, {4, 6}, {1, 3}], [{8, 5}, {3, 7}, {1, 6}, {2, 4}], [{8, 5}, {3, 7}, {2, 6}, {1, 4}], [{8, 5}, {3, 7}, {4, 6}, {1, 2}], [{8, 5}, {3, 7}, {6}, {1, 4}, {2}], [{8, 5}, {4, 7}, {1, 6}, {2, 3}], [{8, 5}, {4, 7}, {2, 6}, {1, 3}], [{8, 5}, {4, 7}, {3, 6}, {1, 2}], [{8, 5}, {6, 7}, {1, 4}, {2, 3}], [{8, 5}, {6, 7}, {2, 4}, {1, 3}], [{8, 5}, {6, 7}, {3, 4}, {1, 2}], [{8, 5}, {6, 7}, {4}, {2, 3}, {1}], [{8, 5}, {7}, {3, 6}, {2, 4}, {1}], [{8, 6}, {1, 7}, {2, 5}, {3, 4}], [{8, 6}, {1, 7}, {3, 5}, {2, 4}], [{8, 6}, {1, 7}, {3, 5}, {4}, {2}], [{8, 6}, {1, 7}, {4, 5}, {2, 3}], [{8, 6}, {1, 7}, {4, 5}, {3}, {2}], [{8, 6}, {1, 7}, {5}, {3, 4}, {2}], [{8, 6}, {2, 7}, {1, 5}, {3, 4}], [{8, 6}, {2, 7}, {3, 5}, {1, 4}], [{8, 6}, {2, 7}, {4, 5}, {1, 3}], [{8, 6}, {2, 7}, {5}, {4}, {1, 3}], [{8, 6}, {3, 7}, {1, 5}, {2, 4}], [{8, 6}, {3, 7}, {2, 5}, {1, 4}], [{8, 6}, {3, 7}, {4, 5}, {1, 2}], [{8, 6}, {3, 7}, {5}, {1, 4}, {2}], [{8, 6}, {3, 7}, {5}, {2, 4}, {1}], [{8, 6}, {3, 7}, {5}, {4}, {1, 2}], [{8, 6}, {4, 7}, {1, 5}, {2, 3}], [{8, 6}, {4, 7}, {2, 5}, {1, 3}], [{8, 6}, {4, 7}, {3, 5}, {1, 2}], [{8, 6}, {5, 7}, {1, 4}, {2, 3}], [{8, 6}, {5, 7}, {2, 4}, {1, 3}], [{8, 6}, {5, 7}, {2, 4}, {3}, {1}], [{8, 6}, {5, 7}, {3, 4}, {1, 2}], [{8, 6}, {7}, {3, 5}, {2, 4}, {1}], [{8, 7}, {1, 6}, {2, 5}, {3, 4}], [{8, 7}, {1, 6}, {3, 5}, {2, 4}], [{8, 7}, {1, 6}, {4, 5}, {2, 3}], [{8, 7}, {2, 6}, {1, 5}, {3, 4}], [{8, 7}, {2, 6}, {1, 5}, {4}, {3}], [{8, 7}, {2, 6}, {3, 5}, {1, 4}], [{8, 7}, {2, 6}, {4, 5}, {1, 3}], [{8, 7}, {2, 6}, {4, 5}, {3}, {1}], [{8, 7}, {2, 6}, {5}, {1, 4}, {3}], [{8, 7}, {3, 6}, {1, 5}, {2, 4}], [{8, 7}, {3, 6}, {2, 5}, {1, 4}], [{8, 7}, {3, 6}, {4, 5}, {1, 2}], [{8, 7}, {4, 6}, {1, 5}, {2, 3}], [{8, 7}, {4, 6}, {2, 5}, {1, 3}], [{8, 7}, {4, 6}, {3, 5}, {1, 2}], [{8, 7}, {5, 6}, {1, 4}, {2, 3}], [{8, 7}, {5, 6}, {2, 4}, {1, 3}], [{8, 7}, {5, 6}, {3, 4}, {1, 2}], [{8, 7}, {6}, {3, 5}, {1, 4}, {2}], [{8}, {1, 7}, {4, 6}, {3, 5}, {2}], [{8}, {2, 7}, {1, 6}, {3, 5}, {4}], [{8}, {2, 7}, {3, 6}, {1, 5}, {4}], [{8}, {3, 7}, {2, 6}, {1, 5}, {4}], [{8}, {3, 7}, {4, 6}, {5}, {1, 2}], [{8}, {3, 7}, {5, 6}, {1, 4}, {2}], [{8}, {4, 7}, {2, 6}, {5}, {1, 3}], [{8}, {5, 7}, {2, 6}, {4}, {1, 3}], [{8}, {6, 7}, {1, 5}, {4}, {2, 3}], [{8}, {6, 7}, {4, 5}, {2, 3}, {1}], [{8}, {6, 7}, {5}, {1, 4}, {2, 3}], [{8}, {6, 7}, {5}, {2, 4}, {1, 3}], [{8}, {6, 7}, {5}, {3, 4}, {1, 2}], [{8}, {6, 7}, {5}, {4}, {2, 3}, {1}], [{8}, {7}, {2, 6}, {3, 5}, {1, 4}], [{8}, {7}, {2, 6}, {4, 5}, {1, 3}], [{8}, {7}, {3, 6}, {2, 5}, {1, 4}], [{8}, {7}, {4, 6}, {2, 5}, {1, 3}]]",2,16 K_1^3 + 8 K_1^2 K_2 - 26 K_1^2 - 14 K_1 K_2 - 6 K_1 K_3 - 5 K_1 - 2 K_2^2 + 12 K_2 + 3 K_3 + 2 K_4 + 13,O1O2O3O4U5U3O6U7U1O7O5U6U8U4O8U2,O1O2O3U4U5O6O5U3O7O4U1U7U8U6O8U2,O1O2O3U2O4U5U4U6U3O7O6U1O8O5U8U7,c,{'O1O2O3O4U3O5U1U5U6O7O8U4U8O6U2U7'},1,"<a href=""/flatknot/8.704342"">8.704342</a>",t^9-51t^7-132t^6-14t^5+140t^4+19t^3-14t^2+18t,t^3-3t,,
8.704343,O1O2O3O4U3O5U1U5U6O7O8U7U2O6U4U8,3,9z^2+78z+121,9w^3z^2+78w^2z+121w,False,False,"[[ 0 -3  0 -1  2  1  0 -1  2],[ 3  0  2  0  4  1  2  0  2],[ 0 -2  0  0  1  0  0  0  2],[ 1  0  0  0  1  0  1  0  1],[-2 -4 -1 -1  0  0 -2  0  1],[-1 -1  0  0  0  0 -1  0  0],[ 0 -2  0 -1  2  1  0 -1  1],[ 1  0  0  0  0  0  1  0  1],[-2 -2 -2 -1 -1  0 -1 -1  0]]","[[ 0  2  2  1  0  0 -1 -1 -3],[-2  0  1  0 -1 -2  0 -1 -4],[-2 -1  0  0 -2 -1 -1 -1 -2],[-1  0  0  0  0 -1  0  0 -1],[ 0  1  2  0  0  0  0  0 -2],[ 0  2  1  1  0  0 -1 -1 -2],[ 1  0  1  0  0  1  0  0  0],[ 1  1  1  0  0  1  0  0  0],[ 3  4  2  1  2  2  0  0  0]]",True,"[-2,-2,-1,0,0,1,1,3,-1,0,1,2,0,1,4,0,2,1,1,1,2,0,1,0,0,1,0,0,0,2,1,1,2,0,0,0]","[-3,-1,-1,0,0,1,2,2,0,0,2,2,1,2,4,0,0,1,0,1,0,0,1,0,1,1,0,0,2,1,1,1,2,0,0,-1]",t^8+46t^6+153t^4+27t^2,"[-3,-1,-1,0,0,1,2,2,2,2,1,1,3,1,3,0,0,1,2,2,2,0,1,2,3,2,0,0,0,1,1,1,0,1,1,-1]","[-2,-2,-1,0,0,1,1,3,-1,1,0,1,2,2,3,1,1,0,2,3,1,1,0,2,2,3,0,1,1,1,0,0,1,0,2,2]","[-3,-1,-1,0,0,1,2,2,0,0,2,2,1,2,4,0,0,1,0,1,0,0,1,0,1,1,0,0,2,1,1,1,2,0,0,-1]",c,"[[{8, 1}, {2, 7}, {3, 6}, {4, 5}], [{8, 1}, {2, 7}, {6}, {4, 5}, {3}], [{8, 1}, {5, 7}, {3, 6}, {2, 4}], [{8, 1}, {5, 7}, {6}, {2, 4}, {3}]]",1,4 K_1^3 - 30 K_1^2 - 26 K_1 K_2 - 2 K_1 K_3 + 10 K_1 - 2 K_2^2 + 16 K_2 + 12 K_3 + 2 K_4 + 17,O1O2O3O4U5U1O6U3U7O5O7U6U8U4O8U2,O1O2O3U4U5O4O6U3O7O5U1U6U8U7O8U2,O1O2O3U2O4U5U4U6U3O7O5U1O6O8U7U8,c,{'O1O2O3O4U3O5U1U5U6O7O8U7U2O6U4U8'},1,"<a href=""/flatknot/8.704343"">8.704343</a>",t^9-48t^7-102t^6+121t^5+226t^4-183t^3,t^3-2t^2+t,,
8.704344,O1O2O3O4U3O5U1U5U6O7O8U7U2O6U8U4,3,5z^2+58z+97,5w^3z^2+58w^2z+97w,False,False,"[[ 0 -3  0 -1  3  1  0 -1  1],[ 3  0  2  0  4  1  2  0  1],[ 0 -2  0  0  2  0  0  0  1],[ 1  0  0  0  1  0  1  0  0],[-3 -4 -2 -1  0  0 -2 -1  0],[-1 -1  0  0  0  0 -1  0  0],[ 0 -2  0 -1  2  1  0 -1  0],[ 1  0  0  0  1  0  1  0  1],[-1 -1 -1  0  0  0  0 -1  0]]","[[ 0  3  1  1  0  0 -1 -1 -3],[-3  0  0  0 -2 -2 -1 -1 -4],[-1  0  0  0  0 -1  0  0 -1],[-1  0  0  0 -1  0  0 -1 -1],[ 0  2  0  1  0  0  0  0 -2],[ 0  2  1  0  0  0 -1 -1 -2],[ 1  1  0  0  0  1  0  0  0],[ 1  1  0  1  0  1  0  0  0],[ 3  4  1  1  2  2  0  0  0]]",True,"[-3,-1,-1,0,0,1,1,3,0,0,2,2,1,1,4,0,0,1,0,0,1,1,0,0,1,1,0,0,0,2,1,1,2,0,0,0]","[-3,-1,-1,0,0,1,1,3,0,0,2,2,1,1,4,0,0,1,0,0,1,0,1,0,1,1,0,0,1,2,1,0,2,0,0,0]",t^8+41t^6+101t^4+27t^2,"[-3,-1,-1,0,0,1,1,3,2,2,1,1,3,3,2,0,0,1,1,2,3,0,1,2,2,3,0,1,0,1,0,1,1,0,2,2]","[-3,-1,-1,0,0,1,1,3,2,2,1,1,3,3,2,0,0,1,1,2,3,1,0,2,2,3,0,1,1,1,0,0,1,0,2,2]","[-3,-1,-1,0,0,1,1,3,0,0,2,2,1,1,4,0,0,1,0,0,1,0,1,0,1,1,0,0,1,2,1,0,2,0,0,0]",c,"[[{8, 7}, {2, 6}, {3, 5}, {1, 4}]]",0,- 18 K_1^2 - 20 K_1 K_2 - 2 K_1 K_3 + 10 K_1 - 6 K_2^2 + 10 K_2 + 10 K_3 + 4 K_4 + 13,O1O2O3O4U1U5O6U3U7O5O7U6U8U4O8U2,O1O2O3U4U5O4O6U3O5O7U1U6U8U7O8U2,O1O2O3U2O4U5U4U6U3O5O7U1O6O8U7U8,c,{'O1O2O3O4U3O5U1U5U6O7O8U7U2O6U8U4'},1,"<a href=""/flatknot/8.704344"">8.704344</a>",t^9-41t^7-80t^6+99t^5+176t^4-89t^3-50t^2+8t,0,,
8.704345,O1O2O3O4U3O5U1U5U6O7O8U7U4O6U2U8,4,20z^2+105z+131,20w^3z^2+105w^2z+131w,False,False,"[[ 0 -3  0 -1  2  1  0 -1  2],[ 3  0  3  0  3  1  2  0  2],[ 0 -3  0 -1  2  0 -1  0  2],[ 1  0  1  0  1  0  0  0  1],[-2 -3 -2 -1  0  0 -2  0  1],[-1 -1  0  0  0  0 -1  0  0],[ 0 -2  1  0  2  1  0 -1  1],[ 1  0  0  0  0  0  1  0  1],[-2 -2 -2 -1 -1  0 -1 -1  0]]","[[ 0  2  2  1  0  0 -1 -1 -3],[-2  0  1  0 -2 -2  0 -1 -3],[-2 -1  0  0 -1 -2 -1 -1 -2],[-1  0  0  0 -1  0  0  0 -1],[ 0  2  1  1  0  1 -1  0 -2],[ 0  2  2  0 -1  0  0 -1 -3],[ 1  0  1  0  1  0  0  0  0],[ 1  1  1  0  0  1  0  0  0],[ 3  3  2  1  2  3  0  0  0]]",True,"[-2,-2,-1,0,0,1,1,3,-1,0,2,2,0,1,3,0,1,2,1,1,2,1,0,0,0,1,-1,1,0,2,0,1,3,0,0,0]","[-3,-1,-1,0,0,1,2,2,0,0,2,3,1,2,3,0,0,1,0,1,1,1,0,0,1,0,1,1,1,2,0,2,2,0,0,-1]",t^8+48t^6+138t^4+50t^2+4,"[-3,-1,-1,0,0,1,2,2,2,2,0,1,3,2,3,0,0,1,2,2,2,1,0,2,3,2,1,1,0,0,0,0,1,1,1,-1]","[-2,-2,-1,0,0,1,1,3,-1,1,0,1,2,2,3,1,0,0,2,3,2,1,0,2,2,3,-1,0,1,0,1,0,1,0,2,2]","[-3,-1,-1,0,0,1,2,2,0,0,2,3,1,2,3,0,0,1,0,1,1,1,0,0,1,0,1,1,1,2,0,2,2,0,0,-1]",c,"[[{8, 1}, {2, 7}, {3, 6}, {4, 5}], [{8, 1}, {2, 7}, {4, 6}, {3, 5}], [{8, 1}, {2, 7}, {4, 6}, {5}, {3}], [{8, 1}, {2, 7}, {5, 6}, {3, 4}], [{8, 1}, {3, 7}, {2, 6}, {4, 5}], [{8, 1}, {3, 7}, {4, 6}, {2, 5}], [{8, 1}, {3, 7}, {4, 6}, {5}, {2}], [{8, 1}, {3, 7}, {5, 6}, {2, 4}], [{8, 1}, {4, 7}, {2, 6}, {3, 5}], [{8, 1}, {4, 7}, {3, 6}, {2, 5}], [{8, 1}, {4, 7}, {5, 6}, {2, 3}], [{8, 1}, {4, 7}, {6}, {2, 5}, {3}], [{8, 1}, {4, 7}, {6}, {3, 5}, {2}], [{8, 1}, {4, 7}, {6}, {5}, {2, 3}], [{8, 1}, {5, 7}, {2, 6}, {3, 4}], [{8, 1}, {5, 7}, {2, 6}, {4}, {3}], [{8, 1}, {5, 7}, {3, 6}, {2, 4}], [{8, 1}, {5, 7}, {3, 6}, {4}, {2}], [{8, 1}, {5, 7}, {4, 6}, {2, 3}], [{8, 1}, {5, 7}, {4, 6}, {3}, {2}], [{8, 1}, {5, 7}, {6}, {2, 4}, {3}], [{8, 1}, {5, 7}, {6}, {3, 4}, {2}], [{8, 1}, {5, 7}, {6}, {4}, {2, 3}], [{8, 1}, {6, 7}, {2, 5}, {3, 4}], [{8, 1}, {6, 7}, {2, 5}, {4}, {3}], [{8, 1}, {6, 7}, {3, 5}, {2, 4}], [{8, 1}, {6, 7}, {3, 5}, {4}, {2}], [{8, 1}, {6, 7}, {4, 5}, {2, 3}], [{8, 1}, {6, 7}, {5}, {4}, {2, 3}], [{8, 1}, {7}, {2, 6}, {5}, {3, 4}], [{8, 1}, {7}, {3, 6}, {5}, {2, 4}], [{8, 1}, {7}, {4, 6}, {2, 5}, {3}], [{8, 1}, {7}, {4, 6}, {3, 5}, {2}], [{8, 1}, {7}, {4, 6}, {5}, {2, 3}], [{8, 1}, {7}, {4, 6}, {5}, {3}, {2}], [{8, 1}, {7}, {5, 6}, {4}, {2, 3}], [{8, 1}, {7}, {6}, {4, 5}, {2, 3}], [{8, 1}, {7}, {6}, {5}, {4}, {2, 3}], [{8, 2}, {1, 7}, {3, 6}, {4, 5}], [{8, 2}, {1, 7}, {4, 6}, {3, 5}], [{8, 2}, {1, 7}, {5, 6}, {3, 4}], [{8, 2}, {1, 7}, {6}, {3, 5}, {4}], [{8, 2}, {3, 7}, {1, 6}, {4, 5}], [{8, 2}, {3, 7}, {4, 6}, {1, 5}], [{8, 2}, {3, 7}, {5, 6}, {1, 4}], [{8, 2}, {3, 7}, {6}, {1, 5}, {4}], [{8, 2}, {4, 7}, {1, 6}, {3, 5}], [{8, 2}, {4, 7}, {3, 6}, {1, 5}], [{8, 2}, {4, 7}, {5, 6}, {1, 3}], [{8, 2}, {4, 7}, {6}, {5}, {1, 3}], [{8, 2}, {5, 7}, {1, 6}, {3, 4}], [{8, 2}, {5, 7}, {3, 6}, {1, 4}], [{8, 2}, {5, 7}, {4, 6}, {1, 3}], [{8, 2}, {6, 7}, {1, 5}, {3, 4}], [{8, 2}, {6, 7}, {3, 5}, {1, 4}], [{8, 2}, {6, 7}, {4, 5}, {1, 3}], [{8, 2}, {7}, {1, 6}, {4, 5}, {3}], [{8, 3}, {1, 7}, {2, 6}, {4, 5}], [{8, 3}, {1, 7}, {4, 6}, {2, 5}], [{8, 3}, {1, 7}, {5, 6}, {2, 4}], [{8, 3}, {2, 7}, {1, 6}, {4, 5}], [{8, 3}, {2, 7}, {1, 6}, {5}, {4}], [{8, 3}, {2, 7}, {4, 6}, {1, 5}], [{8, 3}, {2, 7}, {5, 6}, {1, 4}], [{8, 3}, {4, 7}, {1, 6}, {2, 5}], [{8, 3}, {4, 7}, {2, 6}, {1, 5}], [{8, 3}, {4, 7}, {5, 6}, {1, 2}], [{8, 3}, {5, 7}, {1, 6}, {2, 4}], [{8, 3}, {5, 7}, {2, 6}, {1, 4}], [{8, 3}, {5, 7}, {4, 6}, {1, 2}], [{8, 3}, {5, 7}, {6}, {1, 4}, {2}], [{8, 3}, {6, 7}, {1, 5}, {2, 4}], [{8, 3}, {6, 7}, {2, 5}, {1, 4}], [{8, 3}, {6, 7}, {4, 5}, {1, 2}], [{8, 3}, {6, 7}, {5}, {1, 4}, {2}], [{8, 3}, {7}, {2, 6}, {4, 5}, {1}], [{8, 3}, {7}, {5, 6}, {1, 4}, {2}], [{8, 4}, {1, 7}, {2, 6}, {3, 5}], [{8, 4}, {1, 7}, {3, 6}, {2, 5}], [{8, 4}, {1, 7}, {5, 6}, {2, 3}], [{8, 4}, {1, 7}, {6}, {3, 5}, {2}], [{8, 4}, {2, 7}, {1, 6}, {3, 5}], [{8, 4}, {2, 7}, {1, 6}, {5}, {3}], [{8, 4}, {2, 7}, {3, 6}, {1, 5}], [{8, 4}, {2, 7}, {5, 6}, {1, 3}], [{8, 4}, {3, 7}, {1, 6}, {2, 5}], [{8, 4}, {3, 7}, {1, 6}, {5}, {2}], [{8, 4}, {3, 7}, {2, 6}, {1, 5}], [{8, 4}, {3, 7}, {2, 6}, {5}, {1}], [{8, 4}, {3, 7}, {5, 6}, {1, 2}], [{8, 4}, {3, 7}, {5, 6}, {2}, {1}], [{8, 4}, {3, 7}, {6}, {1, 5}, {2}], [{8, 4}, {3, 7}, {6}, {2, 5}, {1}], [{8, 4}, {3, 7}, {6}, {5}, {1, 2}], [{8, 4}, {3, 7}, {6}, {5}, {2}, {1}], [{8, 4}, {5, 7}, {1, 6}, {2, 3}], [{8, 4}, {5, 7}, {2, 6}, {1, 3}], [{8, 4}, {5, 7}, {3, 6}, {1, 2}], [{8, 4}, {5, 7}, {6}, {1, 3}, {2}], [{8, 4}, {6, 7}, {1, 5}, {2, 3}], [{8, 4}, {6, 7}, {2, 5}, {1, 3}], [{8, 4}, {6, 7}, {3, 5}, {1, 2}], [{8, 4}, {7}, {1, 6}, {5}, {2, 3}], [{8, 5}, {1, 7}, {2, 6}, {3, 4}], [{8, 5}, {1, 7}, {3, 6}, {2, 4}], [{8, 5}, {1, 7}, {4, 6}, {2, 3}], [{8, 5}, {1, 7}, {4, 6}, {3}, {2}], [{8, 5}, {2, 7}, {1, 6}, {3, 4}], [{8, 5}, {2, 7}, {1, 6}, {4}, {3}], [{8, 5}, {2, 7}, {3, 6}, {1, 4}], [{8, 5}, {2, 7}, {4, 6}, {1, 3}], [{8, 5}, {3, 7}, {1, 6}, {2, 4}], [{8, 5}, {3, 7}, {2, 6}, {1, 4}], [{8, 5}, {3, 7}, {4, 6}, {1, 2}], [{8, 5}, {4, 7}, {1, 6}, {2, 3}], [{8, 5}, {4, 7}, {2, 6}, {1, 3}], [{8, 5}, {4, 7}, {2, 6}, {3}, {1}], [{8, 5}, {4, 7}, {3, 6}, {1, 2}], [{8, 5}, {6, 7}, {1, 4}, {2, 3}], [{8, 5}, {6, 7}, {2, 4}, {1, 3}], [{8, 5}, {6, 7}, {3, 4}, {1, 2}], [{8, 5}, {6, 7}, {4}, {1, 3}, {2}], [{8, 5}, {7}, {6}, {3, 4}, {1, 2}], [{8, 6}, {1, 7}, {2, 5}, {3, 4}], [{8, 6}, {1, 7}, {3, 5}, {2, 4}], [{8, 6}, {1, 7}, {4, 5}, {2, 3}], [{8, 6}, {2, 7}, {1, 5}, {3, 4}], [{8, 6}, {2, 7}, {3, 5}, {1, 4}], [{8, 6}, {2, 7}, {4, 5}, {1, 3}], [{8, 6}, {2, 7}, {5}, {1, 4}, {3}], [{8, 6}, {3, 7}, {1, 5}, {2, 4}], [{8, 6}, {3, 7}, {2, 5}, {1, 4}], [{8, 6}, {3, 7}, {4, 5}, {1, 2}], [{8, 6}, {3, 7}, {5}, {1, 4}, {2}], [{8, 6}, {4, 7}, {1, 5}, {2, 3}], [{8, 6}, {4, 7}, {2, 5}, {1, 3}], [{8, 6}, {4, 7}, {3, 5}, {1, 2}], [{8, 6}, {4, 7}, {5}, {3}, {1, 2}], [{8, 6}, {5, 7}, {1, 4}, {2, 3}], [{8, 6}, {5, 7}, {2, 4}, {1, 3}], [{8, 6}, {5, 7}, {3, 4}, {1, 2}], [{8, 6}, {7}, {2, 5}, {3, 4}, {1}], [{8, 6}, {7}, {3, 5}, {2, 4}, {1}], [{8, 6}, {7}, {5}, {1, 4}, {2, 3}], [{8, 7}, {1, 6}, {2, 5}, {3, 4}], [{8, 7}, {1, 6}, {3, 5}, {2, 4}], [{8, 7}, {1, 6}, {4, 5}, {2, 3}], [{8, 7}, {1, 6}, {4, 5}, {3}, {2}], [{8, 7}, {2, 6}, {1, 5}, {3, 4}], [{8, 7}, {2, 6}, {3, 5}, {1, 4}], [{8, 7}, {2, 6}, {4, 5}, {1, 3}], [{8, 7}, {2, 6}, {5}, {1, 4}, {3}], [{8, 7}, {3, 6}, {1, 5}, {2, 4}], [{8, 7}, {3, 6}, {2, 5}, {1, 4}], [{8, 7}, {3, 6}, {4, 5}, {1, 2}], [{8, 7}, {4, 6}, {1, 5}, {2, 3}], [{8, 7}, {4, 6}, {1, 5}, {3}, {2}], [{8, 7}, {4, 6}, {2, 5}, {1, 3}], [{8, 7}, {4, 6}, {3, 5}, {1, 2}], [{8, 7}, {5, 6}, {1, 4}, {2, 3}], [{8, 7}, {5, 6}, {2, 4}, {1, 3}], [{8, 7}, {5, 6}, {3, 4}, {1, 2}], [{8, 7}, {6}, {2, 5}, {3, 4}, {1}], [{8, 7}, {6}, {3, 5}, {1, 4}, {2}], [{8}, {1, 7}, {6}, {3, 5}, {2, 4}], [{8}, {2, 7}, {1, 6}, {3, 5}, {4}], [{8}, {2, 7}, {1, 6}, {4, 5}, {3}], [{8}, {2, 7}, {1, 6}, {5}, {3, 4}], [{8}, {2, 7}, {1, 6}, {5}, {4}, {3}], [{8}, {2, 7}, {3, 6}, {4, 5}, {1}], [{8}, {2, 7}, {6}, {4, 5}, {1, 3}], [{8}, {3, 7}, {6}, {1, 5}, {2, 4}], [{8}, {4, 7}, {3, 6}, {1, 5}, {2}], [{8}, {6, 7}, {1, 5}, {3, 4}, {2}], [{8}, {6, 7}, {2, 5}, {3, 4}, {1}], [{8}, {6, 7}, {5}, {3, 4}, {1, 2}], [{8}, {7}, {2, 6}, {3, 5}, {1, 4}], [{8}, {7}, {3, 6}, {2, 5}, {1, 4}]]",2,16 K_1^3 + 8 K_1^2 K_2 - 26 K_1^2 - 26 K_1 K_2 - 10 K_1 K_3 + K_1 - 2 K_2^2 + 14 K_2 + 9 K_3 + 4 K_4 + 13,O1O2O3O4U5U3O6U1U7O5O7U6U8U4O8U2,O1O2O3U4U5O4O6U3O7O5U1U7U8U6O8U2,O1O2O3U2O4U5U4U6U3O7O6U1O5O8U7U8,c,{'O1O2O3O4U3O5U1U5U6O7O8U7U4O6U2U8'},1,"<a href=""/flatknot/8.704345"">8.704345</a>",t^9-50t^7-148t^6-18t^5+236t^4+55t^3-52t^2-9t-18,t^3-2t^2+t,,
8.704346,O1O2O3O4U3O5U1U5U6O7O8U7U4O6U8U2,4,2z^3+35z^2+114z+105,2w^4z^3+35w^3z^2+114w^2z+105w,False,False,"[[ 0 -3  1 -1  2  1  0 -1  1],[ 3  0  3  0  3  1  2  0  1],[-1 -3  0 -1  1  0 -1 -1  1],[ 1  0  1  0  1  0  0  0  1],[-2 -3 -1 -1  0  0 -2  0  1],[-1 -1  0  0  0  0 -1  0  0],[ 0 -2  1  0  2  1  0 -1  0],[ 1  0  1  0  0  0  1  0  1],[-1 -1 -1 -1 -1  0  0 -1  0]]","[[ 0  2  1  1  1  0 -1 -1 -3],[-2  0  1  0 -1 -2  0 -1 -3],[-1 -1  0  0 -1  0 -1 -1 -1],[-1  0  0  0  0 -1  0  0 -1],[-1  1  1  0  0 -1 -1 -1 -3],[ 0  2  0  1  1  0 -1  0 -2],[ 1  0  1  0  1  1  0  0  0],[ 1  1  1  0  1  0  0  0  0],[ 3  3  1  1  3  2  0  0  0]]",True,"[-2,-1,-1,-1,0,1,1,3,-1,0,1,2,0,1,3,0,1,0,1,1,1,0,1,0,0,1,1,1,1,3,1,0,2,0,0,0]","[-3,-1,-1,0,1,1,1,2,0,0,2,1,1,3,3,0,0,0,1,1,1,1,0,1,1,0,1,0,1,2,0,0,0,-1,-1,1]",t^8+39t^6+134t^4+59t^2+4,"[-3,-1,-1,0,1,1,1,2,2,2,1,1,3,3,2,0,0,1,1,2,3,1,1,1,2,2,0,1,0,0,-1,0,0,0,2,1]","[-2,-1,-1,-1,0,1,1,3,0,1,2,0,2,3,2,0,1,0,1,1,1,0,0,2,2,3,1,1,1,3,1,0,1,0,2,2]","[-3,-1,-1,0,1,1,1,2,0,0,2,1,1,3,3,0,0,0,1,1,1,1,0,1,1,0,1,0,1,2,0,0,0,-1,-1,1]",c,"[[{8, 1}, {2, 7}, {3, 6}, {4, 5}], [{8, 1}, {2, 7}, {4, 6}, {3, 5}], [{8, 1}, {2, 7}, {4, 6}, {5}, {3}], [{8, 1}, {2, 7}, {5, 6}, {3, 4}], [{8, 1}, {2, 7}, {6}, {3, 5}, {4}], [{8, 1}, {3, 7}, {2, 6}, {4, 5}], [{8, 1}, {3, 7}, {4, 6}, {2, 5}], [{8, 1}, {3, 7}, {4, 6}, {5}, {2}], [{8, 1}, {3, 7}, {5, 6}, {2, 4}], [{8, 1}, {3, 7}, {6}, {2, 5}, {4}], [{8, 1}, {4, 7}, {2, 6}, {3, 5}], [{8, 1}, {4, 7}, {3, 6}, {2, 5}], [{8, 1}, {4, 7}, {5, 6}, {2, 3}], [{8, 1}, {4, 7}, {6}, {5}, {2, 3}], [{8, 1}, {5, 7}, {2, 6}, {3, 4}], [{8, 1}, {5, 7}, {3, 6}, {2, 4}], [{8, 1}, {5, 7}, {4, 6}, {2, 3}], [{8, 1}, {5, 7}, {4, 6}, {3}, {2}], [{8, 1}, {5, 7}, {6}, {4}, {2, 3}], [{8, 1}, {6, 7}, {2, 5}, {3, 4}], [{8, 1}, {6, 7}, {3, 5}, {2, 4}], [{8, 1}, {6, 7}, {4, 5}, {2, 3}], [{8, 1}, {6, 7}, {5}, {4}, {2, 3}], [{8, 1}, {7}, {2, 6}, {5}, {3, 4}], [{8, 1}, {7}, {3, 6}, {5}, {2, 4}], [{8, 1}, {7}, {4, 6}, {2, 5}, {3}], [{8, 1}, {7}, {4, 6}, {3, 5}, {2}], [{8, 1}, {7}, {4, 6}, {5}, {2, 3}], [{8, 1}, {7}, {4, 6}, {5}, {3}, {2}], [{8, 1}, {7}, {5, 6}, {4}, {2, 3}], [{8, 1}, {7}, {6}, {4, 5}, {2, 3}], [{8, 1}, {7}, {6}, {5}, {4}, {2, 3}], [{8, 2}, {1, 7}, {3, 6}, {4, 5}], [{8, 2}, {1, 7}, {4, 6}, {3, 5}], [{8, 2}, {1, 7}, {5, 6}, {3, 4}], [{8, 2}, {3, 7}, {1, 6}, {4, 5}], [{8, 2}, {3, 7}, {4, 6}, {1, 5}], [{8, 2}, {3, 7}, {5, 6}, {1, 4}], [{8, 2}, {3, 7}, {6}, {1, 5}, {4}], [{8, 2}, {4, 7}, {1, 6}, {3, 5}], [{8, 2}, {4, 7}, {3, 6}, {1, 5}], [{8, 2}, {4, 7}, {3, 6}, {5}, {1}], [{8, 2}, {4, 7}, {5, 6}, {1, 3}], [{8, 2}, {5, 7}, {1, 6}, {3, 4}], [{8, 2}, {5, 7}, {3, 6}, {1, 4}], [{8, 2}, {5, 7}, {4, 6}, {1, 3}], [{8, 2}, {6, 7}, {1, 5}, {3, 4}], [{8, 2}, {6, 7}, {3, 5}, {1, 4}], [{8, 2}, {6, 7}, {4, 5}, {1, 3}], [{8, 2}, {6, 7}, {5}, {3, 4}, {1}], [{8, 2}, {7}, {4, 6}, {1, 5}, {3}], [{8, 2}, {7}, {6}, {3, 5}, {1, 4}], [{8, 3}, {1, 7}, {2, 6}, {4, 5}], [{8, 3}, {1, 7}, {4, 6}, {2, 5}], [{8, 3}, {1, 7}, {5, 6}, {2, 4}], [{8, 3}, {1, 7}, {6}, {2, 5}, {4}], [{8, 3}, {1, 7}, {6}, {4, 5}, {2}], [{8, 3}, {1, 7}, {6}, {5}, {2, 4}], [{8, 3}, {2, 7}, {1, 6}, {4, 5}], [{8, 3}, {2, 7}, {1, 6}, {5}, {4}], [{8, 3}, {2, 7}, {4, 6}, {1, 5}], [{8, 3}, {2, 7}, {5, 6}, {1, 4}], [{8, 3}, {4, 7}, {1, 6}, {2, 5}], [{8, 3}, {4, 7}, {2, 6}, {1, 5}], [{8, 3}, {4, 7}, {5, 6}, {1, 2}], [{8, 3}, {5, 7}, {1, 6}, {2, 4}], [{8, 3}, {5, 7}, {2, 6}, {1, 4}], [{8, 3}, {5, 7}, {4, 6}, {1, 2}], [{8, 3}, {6, 7}, {1, 5}, {2, 4}], [{8, 3}, {6, 7}, {1, 5}, {4}, {2}], [{8, 3}, {6, 7}, {2, 5}, {1, 4}], [{8, 3}, {6, 7}, {4, 5}, {1, 2}], [{8, 3}, {6, 7}, {4, 5}, {2}, {1}], [{8, 3}, {6, 7}, {5}, {1, 4}, {2}], [{8, 3}, {7}, {1, 6}, {4, 5}, {2}], [{8, 3}, {7}, {4, 6}, {2, 5}, {1}], [{8, 4}, {1, 7}, {2, 6}, {3, 5}], [{8, 4}, {1, 7}, {3, 6}, {2, 5}], [{8, 4}, {1, 7}, {5, 6}, {2, 3}], [{8, 4}, {2, 7}, {1, 6}, {3, 5}], [{8, 4}, {2, 7}, {1, 6}, {5}, {3}], [{8, 4}, {2, 7}, {3, 6}, {1, 5}], [{8, 4}, {2, 7}, {5, 6}, {1, 3}], [{8, 4}, {2, 7}, {6}, {3, 5}, {1}], [{8, 4}, {3, 7}, {1, 6}, {2, 5}], [{8, 4}, {3, 7}, {1, 6}, {5}, {2}], [{8, 4}, {3, 7}, {2, 6}, {1, 5}], [{8, 4}, {3, 7}, {2, 6}, {5}, {1}], [{8, 4}, {3, 7}, {5, 6}, {1, 2}], [{8, 4}, {3, 7}, {5, 6}, {2}, {1}], [{8, 4}, {3, 7}, {6}, {1, 5}, {2}], [{8, 4}, {3, 7}, {6}, {2, 5}, {1}], [{8, 4}, {3, 7}, {6}, {5}, {1, 2}], [{8, 4}, {3, 7}, {6}, {5}, {2}, {1}], [{8, 4}, {5, 7}, {1, 6}, {2, 3}], [{8, 4}, {5, 7}, {1, 6}, {3}, {2}], [{8, 4}, {5, 7}, {2, 6}, {1, 3}], [{8, 4}, {5, 7}, {3, 6}, {1, 2}], [{8, 4}, {5, 7}, {6}, {2, 3}, {1}], [{8, 4}, {6, 7}, {1, 5}, {2, 3}], [{8, 4}, {6, 7}, {1, 5}, {3}, {2}], [{8, 4}, {6, 7}, {2, 5}, {1, 3}], [{8, 4}, {6, 7}, {3, 5}, {1, 2}], [{8, 4}, {7}, {1, 6}, {2, 5}, {3}], [{8, 4}, {7}, {1, 6}, {3, 5}, {2}], [{8, 4}, {7}, {1, 6}, {5}, {2, 3}], [{8, 4}, {7}, {3, 6}, {1, 5}, {2}], [{8, 4}, {7}, {5, 6}, {3}, {1, 2}], [{8, 5}, {1, 7}, {2, 6}, {3, 4}], [{8, 5}, {1, 7}, {3, 6}, {2, 4}], [{8, 5}, {1, 7}, {4, 6}, {2, 3}], [{8, 5}, {2, 7}, {1, 6}, {3, 4}], [{8, 5}, {2, 7}, {1, 6}, {4}, {3}], [{8, 5}, {2, 7}, {3, 6}, {1, 4}], [{8, 5}, {2, 7}, {3, 6}, {4}, {1}], [{8, 5}, {2, 7}, {4, 6}, {1, 3}], [{8, 5}, {2, 7}, {6}, {4}, {1, 3}], [{8, 5}, {3, 7}, {1, 6}, {2, 4}], [{8, 5}, {3, 7}, {2, 6}, {1, 4}], [{8, 5}, {3, 7}, {4, 6}, {1, 2}], [{8, 5}, {4, 7}, {1, 6}, {2, 3}], [{8, 5}, {4, 7}, {2, 6}, {1, 3}], [{8, 5}, {4, 7}, {3, 6}, {1, 2}], [{8, 5}, {4, 7}, {6}, {3}, {1, 2}], [{8, 5}, {6, 7}, {1, 4}, {2, 3}], [{8, 5}, {6, 7}, {1, 4}, {3}, {2}], [{8, 5}, {6, 7}, {2, 4}, {1, 3}], [{8, 5}, {6, 7}, {2, 4}, {3}, {1}], [{8, 5}, {6, 7}, {3, 4}, {1, 2}], [{8, 5}, {6, 7}, {4}, {3}, {1, 2}], [{8, 5}, {7}, {2, 6}, {3, 4}, {1}], [{8, 5}, {7}, {4, 6}, {3}, {1, 2}], [{8, 6}, {1, 7}, {2, 5}, {3, 4}], [{8, 6}, {1, 7}, {3, 5}, {2, 4}], [{8, 6}, {1, 7}, {4, 5}, {2, 3}], [{8, 6}, {2, 7}, {1, 5}, {3, 4}], [{8, 6}, {2, 7}, {3, 5}, {1, 4}], [{8, 6}, {2, 7}, {3, 5}, {4}, {1}], [{8, 6}, {2, 7}, {4, 5}, {1, 3}], [{8, 6}, {2, 7}, {5}, {1, 4}, {3}], [{8, 6}, {3, 7}, {1, 5}, {2, 4}], [{8, 6}, {3, 7}, {2, 5}, {1, 4}], [{8, 6}, {3, 7}, {2, 5}, {4}, {1}], [{8, 6}, {3, 7}, {4, 5}, {1, 2}], [{8, 6}, {3, 7}, {5}, {1, 4}, {2}], [{8, 6}, {4, 7}, {1, 5}, {2, 3}], [{8, 6}, {4, 7}, {2, 5}, {1, 3}], [{8, 6}, {4, 7}, {3, 5}, {1, 2}], [{8, 6}, {4, 7}, {5}, {3}, {1, 2}], [{8, 6}, {5, 7}, {1, 4}, {2, 3}], [{8, 6}, {5, 7}, {1, 4}, {3}, {2}], [{8, 6}, {5, 7}, {2, 4}, {1, 3}], [{8, 6}, {5, 7}, {2, 4}, {3}, {1}], [{8, 6}, {5, 7}, {3, 4}, {1, 2}], [{8, 6}, {5, 7}, {3, 4}, {2}, {1}], [{8, 6}, {5, 7}, {4}, {1, 3}, {2}], [{8, 6}, {5, 7}, {4}, {2, 3}, {1}], [{8, 6}, {5, 7}, {4}, {3}, {1, 2}], [{8, 6}, {5, 7}, {4}, {3}, {2}, {1}], [{8, 6}, {7}, {2, 5}, {1, 4}, {3}], [{8, 6}, {7}, {3, 5}, {1, 4}, {2}], [{8, 6}, {7}, {4, 5}, {3}, {1, 2}], [{8, 6}, {7}, {5}, {1, 4}, {2, 3}], [{8, 7}, {1, 6}, {2, 5}, {3, 4}], [{8, 7}, {1, 6}, {3, 5}, {2, 4}], [{8, 7}, {1, 6}, {4, 5}, {2, 3}], [{8, 7}, {2, 6}, {1, 5}, {3, 4}], [{8, 7}, {2, 6}, {3, 5}, {1, 4}], [{8, 7}, {2, 6}, {4, 5}, {1, 3}], [{8, 7}, {2, 6}, {5}, {1, 4}, {3}], [{8, 7}, {3, 6}, {1, 5}, {2, 4}], [{8, 7}, {3, 6}, {1, 5}, {4}, {2}], [{8, 7}, {3, 6}, {2, 5}, {1, 4}], [{8, 7}, {3, 6}, {2, 5}, {4}, {1}], [{8, 7}, {3, 6}, {4, 5}, {1, 2}], [{8, 7}, {3, 6}, {5}, {4}, {1, 2}], [{8, 7}, {4, 6}, {1, 5}, {2, 3}], [{8, 7}, {4, 6}, {2, 5}, {1, 3}], [{8, 7}, {4, 6}, {2, 5}, {3}, {1}], [{8, 7}, {4, 6}, {3, 5}, {1, 2}], [{8, 7}, {5, 6}, {1, 4}, {2, 3}], [{8, 7}, {5, 6}, {2, 4}, {1, 3}], [{8, 7}, {5, 6}, {3, 4}, {1, 2}], [{8, 7}, {5, 6}, {4}, {3}, {1, 2}], [{8, 7}, {6}, {2, 5}, {3, 4}, {1}], [{8, 7}, {6}, {3, 5}, {1, 4}, {2}], [{8, 7}, {6}, {3, 5}, {2, 4}, {1}], [{8, 7}, {6}, {3, 5}, {4}, {1, 2}], [{8}, {1, 7}, {2, 6}, {3, 5}, {4}], [{8}, {1, 7}, {4, 6}, {2, 5}, {3}], [{8}, {2, 7}, {1, 6}, {3, 5}, {4}], [{8}, {2, 7}, {1, 6}, {4, 5}, {3}], [{8}, {2, 7}, {1, 6}, {5}, {3, 4}], [{8}, {2, 7}, {1, 6}, {5}, {4}, {3}], [{8}, {2, 7}, {4, 6}, {3, 5}, {1}], [{8}, {2, 7}, {5, 6}, {3, 4}, {1}], [{8}, {2, 7}, {6}, {1, 5}, {3, 4}], [{8}, {2, 7}, {6}, {3, 5}, {1, 4}], [{8}, {3, 7}, {1, 6}, {2, 5}, {4}], [{8}, {3, 7}, {4, 6}, {2, 5}, {1}], [{8}, {3, 7}, {6}, {1, 5}, {2, 4}], [{8}, {3, 7}, {6}, {2, 5}, {1, 4}], [{8}, {4, 7}, {2, 6}, {3, 5}, {1}], [{8}, {4, 7}, {3, 6}, {1, 5}, {2}], [{8}, {4, 7}, {5, 6}, {3}, {1, 2}], [{8}, {5, 7}, {1, 6}, {4}, {2, 3}], [{8}, {5, 7}, {4, 6}, {2, 3}, {1}], [{8}, {5, 7}, {6}, {1, 4}, {2, 3}], [{8}, {6, 7}, {1, 5}, {3, 4}, {2}], [{8}, {6, 7}, {3, 5}, {1, 4}, {2}], [{8}, {7}, {2, 6}, {1, 5}, {3, 4}], [{8}, {7}, {2, 6}, {3, 5}, {1, 4}], [{8}, {7}, {4, 6}, {2, 5}, {1, 3}], [{8}, {7}, {4, 6}, {2, 5}, {3}, {1}], [{8}, {7}, {6}, {3, 5}, {1, 4}, {2}]]",2,12 K_1^3 + 4 K_1^2 K_2 - 10 K_1^2 - 14 K_1 K_2 - 4 K_1 K_3 - 2 K_1 + 5 K_2 + 4 K_3 + K_4 + 5,O1O2O3O4U3U5O6U1U7O5O7U6U8U4O8U2,O1O2O3U4U5O4O6U3O5O7U1U7U8U6O8U2,O1O2O3U2O4U5U4U6U3O6O7U1O5O8U7U8,c,{'O1O2O3O4U3O5U1U5U6O7O8U7U4O6U8U2'},1,"<a href=""/flatknot/8.704346"">8.704346</a>",t^9-43t^7-76t^6+105t^5+112t^4-41t^3+4t^2+26t-6,t^3-t^2-t,,
8.704347,O1O2O3O4U3O5U1U5U6O7O8U7U8O6U2U4,3,16z^2+57z+51,16w^3z^2+57w^2z+51w,False,False,"[[ 0 -3  0 -1  3  1  0 -1  1],[ 3  0  2  0  4  1  3  0  0],[ 0 -2  0  0  2  0  0 -1  1],[ 1  0  0  0  1  0  1  0  0],[-3 -4 -2 -1  0  0 -3 -1  1],[-1 -1  0  0  0  0 -1  0  0],[ 0 -3  0 -1  3  1  0  0  0],[ 1  0  1  0  1  0  0  0  1],[-1  0 -1  0 -1  0  0 -1  0]]","[[ 0  3  1  1  0  0 -1 -1 -3],[-3  0  1  0 -2 -3 -1 -1 -4],[-1 -1  0  0 -1  0  0 -1  0],[-1  0  0  0  0 -1  0  0 -1],[ 0  2  1  0  0  0  0 -1 -2],[ 0  3  0  1  0  0 -1  0 -3],[ 1  1  0  0  0  1  0  0  0],[ 1  1  1  0  1  0  0  0  0],[ 3  4  0  1  2  3  0  0  0]]",True,"[-3,-1,-1,0,0,1,1,3,-1,0,2,3,1,1,4,0,1,0,0,1,0,0,1,0,0,1,0,0,1,2,1,0,3,0,0,0]","[-3,-1,-1,0,0,1,1,3,-1,0,2,3,1,1,4,0,1,0,0,1,0,0,1,0,0,1,0,0,1,2,1,0,3,0,0,0]",t^8+51t^6+151t^4+41t^2,"[-3,-1,-1,0,0,1,1,3,2,2,0,1,3,4,2,0,0,1,2,2,3,1,0,2,1,3,0,0,1,0,1,0,1,0,2,3]","[-3,-1,-1,0,0,1,1,3,2,3,0,1,3,3,2,0,0,1,2,2,3,1,0,1,2,4,0,1,0,0,0,1,1,0,2,2]","[-3,-1,-1,0,0,1,1,3,0,0,2,3,0,1,4,0,0,1,0,0,1,1,0,1,0,1,0,1,0,2,0,1,3,0,-1,0]",c,"[[{8, 7}, {2, 6}, {3, 5}, {1, 4}], [{8, 7}, {6}, {3, 5}, {1, 4}, {2}]]",0,8 K_1^3 + 8 K_1^2 K_2 - 10 K_1^2 - 4 K_1 K_2 - 6 K_1 K_3 - 4 K_1 - 2 K_2^2 + 4 K_2 + 2 K_4 + 5,O1O2O3O4U1U3O5U6U7O6O7U5U8U4O8U2,O1O2O3U4U5O4O5U3O6O7U1U6U8U7O8U2,O1O2O3U2O4U5U4U6U3O5O6U1O7O8U7U8,c,{'O1O2O3O4U3O5U1U5U6O7O8U7U8O6U2U4'},1,"<a href=""/flatknot/8.704347"">8.704347</a>",t^9-51t^7-122t^6+141t^5+362t^4+133t^3+72t^2+56t-32,0,,
8.704348,O1O2O3O4U3O5U1U5U6O7O8U7U8O6U4U2,3,14z^2+47z+39,14w^3z^2+47w^2z+39w,False,False,"[[ 0 -3  1 -1  2  1  0 -1  1],[ 3  0  3  0  3  1  3  0  0],[-1 -3  0 -1  1  0 -1 -1  1],[ 1  0  1  0  1  0  1  0  0],[-2 -3 -1 -1  0  0 -2 -1  1],[-1 -1  0  0  0  0 -1  0  0],[ 0 -3  1 -1  2  1  0  0  0],[ 1  0  1  0  1  0  0  0  1],[-1  0 -1  0 -1  0  0 -1  0]]","[[ 0  2  1  1  1  0 -1 -1 -3],[-2  0  1  0 -1 -2 -1 -1 -3],[-1 -1  0  0 -1  0  0 -1  0],[-1  0  0  0  0 -1  0  0 -1],[-1  1  1  0  0 -1 -1 -1 -3],[ 0  2  0  1  1  0 -1  0 -3],[ 1  1  0  0  1  1  0  0  0],[ 1  1  1  0  1  0  0  0  0],[ 3  3  0  1  3  3  0  0  0]]",True,"[-2,-1,-1,-1,0,1,1,3,-1,0,1,2,1,1,3,0,1,0,0,1,0,0,1,0,0,1,1,1,1,3,1,0,3,0,0,0]","[-3,-1,-1,0,1,1,1,2,0,0,3,0,1,3,3,0,0,1,0,1,1,1,0,0,1,1,0,1,1,2,0,-1,-1,0,0,1]",t^8+43t^6+100t^4+18t^2,"[-3,-1,-1,0,1,1,1,2,2,2,0,1,3,4,2,0,0,1,2,2,2,1,1,2,1,2,0,0,1,0,0,-1,0,0,1,2]","[-2,-1,-1,-1,0,1,1,3,0,1,2,0,2,2,2,0,1,0,1,1,1,0,0,2,2,3,1,1,2,4,1,0,0,0,2,2]","[-3,-1,-1,0,1,1,1,2,0,0,3,0,1,3,3,0,0,1,0,1,1,1,0,0,1,1,0,1,1,2,0,-1,-1,0,0,1]",c,"[[{8, 3}, {6, 7}, {2, 5}, {1, 4}], [{8, 3}, {6, 7}, {4, 5}, {1, 2}], [{8, 6}, {3, 7}, {2, 5}, {1, 4}], [{8, 6}, {3, 7}, {4, 5}, {1, 2}], [{8, 6}, {7}, {2, 5}, {1, 4}, {3}], [{8, 6}, {7}, {4, 5}, {3}, {1, 2}], [{8, 7}, {2, 6}, {1, 5}, {3, 4}], [{8, 7}, {3, 6}, {2, 5}, {1, 4}], [{8, 7}, {3, 6}, {4, 5}, {1, 2}], [{8, 7}, {6}, {1, 5}, {3, 4}, {2}], [{8, 7}, {6}, {2, 5}, {1, 4}, {3}], [{8, 7}, {6}, {4, 5}, {3}, {1, 2}], [{8}, {6, 7}, {2, 5}, {1, 4}, {3}], [{8}, {6, 7}, {4, 5}, {3}, {1, 2}]]",1,12 K_1^3 + 4 K_1^2 K_2 - 2 K_1^2 - 10 K_1 K_2 - 4 K_1 K_3 - 4 K_1 + K_2 + 2 K_3 + K_4 + 1,O1O2O3O4U3U1O5U6U7O6O7U5U8U4O8U2,O1O2O3U4U5O4O5U3O6O7U1U7U8U6O8U2,O1O2O3U2O4U5U4U6U3O6O5U1O7O8U7U8,c,"{'O1O2O3U2O4O5U1U5U6O7O8U7U8O6U3U4', 'O1O2O3O4U3O5U1U5U6O7O8U7U8O6U4U2'}",2,"<a href=""/flatknot/8.704348"">8.704348</a>",t^9-47t^7-88t^6+59t^5+104t^4-17t^3+28t^2+56t+8,t^3-t^2-t,,
8.704349,O1O2O3O4U3O5U1U6U2O6O7U4U7O8U5U8,4,3z^3+36z^2+112z+105,3w^4z^3+36w^3z^2+112w^2z+105w,False,False,"[[ 0 -3  0 -1  1  2 -1  1  1],[ 3  0  1  0  3  3  2  1  1],[ 0 -1  0  0  1  1  0  1  1],[ 1  0  0  0  1  1  1  1  0],[-1 -3 -1 -1  0  2 -1  1  1],[-2 -3 -1 -1 -2  0 -2  0  1],[ 1 -2  0 -1  1  2  0  1  1],[-1 -1 -1 -1 -1  0 -1  0  0],[-1 -1 -1  0 -1 -1 -1  0  0]]","[[ 0  2  1  1  1  0 -1 -1 -3],[-2  0  1  0 -2 -1 -1 -2 -3],[-1 -1  0  0 -1 -1  0 -1 -1],[-1  0  0  0 -1 -1 -1 -1 -1],[-1  2  1  1  0 -1 -1 -1 -3],[ 0  1  1  1  1  0  0  0 -1],[ 1  1  0  1  1  0  0  1  0],[ 1  2  1  1  1  0 -1  0 -2],[ 3  3  1  1  3  1  0  2  0]]",True,"[-2,-1,-1,-1,0,1,1,3,-1,0,2,1,1,2,3,0,1,1,0,1,1,1,1,1,1,1,1,1,1,3,0,0,1,-1,0,2]","[-3,-1,-1,0,1,1,1,2,0,2,1,1,1,3,3,1,0,0,1,1,1,0,1,1,1,2,1,1,1,1,0,-1,-1,-1,0,2]",t^8+47t^6+68t^4+17t^2+1,"[-3,-1,-1,0,1,1,1,2,0,2,2,1,3,3,2,1,1,1,1,1,1,1,1,1,2,2,0,0,0,1,-1,-1,-1,0,1,2]","[-2,-1,-1,-1,0,1,1,3,-1,1,2,1,1,2,2,1,1,0,1,1,1,0,0,1,1,3,0,1,2,3,1,1,2,-1,0,2]","[-3,-1,-1,0,1,1,1,2,0,2,1,1,1,3,3,1,0,0,1,1,1,0,1,1,1,2,1,1,1,1,0,-1,-1,-1,0,2]",c,"[[{8, 1}, {2, 7}, {3, 6}, {4, 5}], [{8, 1}, {2, 7}, {4, 6}, {3, 5}], [{8, 1}, {2, 7}, {4, 6}, {5}, {3}], [{8, 1}, {2, 7}, {5, 6}, {3, 4}], [{8, 1}, {2, 7}, {6}, {3, 5}, {4}], [{8, 1}, {3, 7}, {2, 6}, {4, 5}], [{8, 1}, {3, 7}, {2, 6}, {5}, {4}], [{8, 1}, {3, 7}, {4, 6}, {2, 5}], [{8, 1}, {3, 7}, {5, 6}, {2, 4}], [{8, 1}, {4, 7}, {2, 6}, {3, 5}], [{8, 1}, {4, 7}, {2, 6}, {5}, {3}], [{8, 1}, {4, 7}, {3, 6}, {2, 5}], [{8, 1}, {4, 7}, {3, 6}, {5}, {2}], [{8, 1}, {4, 7}, {5, 6}, {2, 3}], [{8, 1}, {4, 7}, {6}, {5}, {2, 3}], [{8, 1}, {5, 7}, {2, 6}, {3, 4}], [{8, 1}, {5, 7}, {3, 6}, {2, 4}], [{8, 1}, {5, 7}, {4, 6}, {2, 3}], [{8, 1}, {6, 7}, {2, 5}, {3, 4}], [{8, 1}, {6, 7}, {2, 5}, {4}, {3}], [{8, 1}, {6, 7}, {3, 5}, {2, 4}], [{8, 1}, {6, 7}, {4, 5}, {2, 3}], [{8, 1}, {7}, {2, 6}, {5}, {3, 4}], [{8, 2}, {1, 7}, {3, 6}, {4, 5}], [{8, 2}, {1, 7}, {3, 6}, {5}, {4}], [{8, 2}, {1, 7}, {4, 6}, {3, 5}], [{8, 2}, {1, 7}, {4, 6}, {5}, {3}], [{8, 2}, {1, 7}, {5, 6}, {3, 4}], [{8, 2}, {1, 7}, {5, 6}, {4}, {3}], [{8, 2}, {1, 7}, {6}, {3, 5}, {4}], [{8, 2}, {1, 7}, {6}, {4, 5}, {3}], [{8, 2}, {1, 7}, {6}, {5}, {3, 4}], [{8, 2}, {1, 7}, {6}, {5}, {4}, {3}], [{8, 2}, {3, 7}, {1, 6}, {4, 5}], [{8, 2}, {3, 7}, {4, 6}, {1, 5}], [{8, 2}, {3, 7}, {5, 6}, {1, 4}], [{8, 2}, {3, 7}, {6}, {1, 5}, {4}], [{8, 2}, {4, 7}, {1, 6}, {3, 5}], [{8, 2}, {4, 7}, {3, 6}, {1, 5}], [{8, 2}, {4, 7}, {5, 6}, {1, 3}], [{8, 2}, {5, 7}, {1, 6}, {3, 4}], [{8, 2}, {5, 7}, {3, 6}, {1, 4}], [{8, 2}, {5, 7}, {4, 6}, {1, 3}], [{8, 2}, {5, 7}, {6}, {4}, {1, 3}], [{8, 2}, {6, 7}, {1, 5}, {3, 4}], [{8, 2}, {6, 7}, {3, 5}, {1, 4}], [{8, 2}, {6, 7}, {4, 5}, {1, 3}], [{8, 3}, {1, 7}, {2, 6}, {4, 5}], [{8, 3}, {1, 7}, {4, 6}, {2, 5}], [{8, 3}, {1, 7}, {5, 6}, {2, 4}], [{8, 3}, {2, 7}, {1, 6}, {4, 5}], [{8, 3}, {2, 7}, {4, 6}, {1, 5}], [{8, 3}, {2, 7}, {5, 6}, {1, 4}], [{8, 3}, {2, 7}, {6}, {1, 5}, {4}], [{8, 3}, {4, 7}, {1, 6}, {2, 5}], [{8, 3}, {4, 7}, {2, 6}, {1, 5}], [{8, 3}, {4, 7}, {5, 6}, {1, 2}], [{8, 3}, {5, 7}, {1, 6}, {2, 4}], [{8, 3}, {5, 7}, {2, 6}, {1, 4}], [{8, 3}, {5, 7}, {4, 6}, {1, 2}], [{8, 3}, {6, 7}, {1, 5}, {2, 4}], [{8, 3}, {6, 7}, {2, 5}, {1, 4}], [{8, 3}, {6, 7}, {4, 5}, {1, 2}], [{8, 3}, {7}, {4, 6}, {5}, {1, 2}], [{8, 4}, {1, 7}, {2, 6}, {3, 5}], [{8, 4}, {1, 7}, {3, 6}, {2, 5}], [{8, 4}, {1, 7}, {3, 6}, {5}, {2}], [{8, 4}, {1, 7}, {5, 6}, {2, 3}], [{8, 4}, {1, 7}, {6}, {2, 5}, {3}], [{8, 4}, {2, 7}, {1, 6}, {3, 5}], [{8, 4}, {2, 7}, {3, 6}, {1, 5}], [{8, 4}, {2, 7}, {5, 6}, {1, 3}], [{8, 4}, {3, 7}, {1, 6}, {2, 5}], [{8, 4}, {3, 7}, {2, 6}, {1, 5}], [{8, 4}, {3, 7}, {2, 6}, {5}, {1}], [{8, 4}, {3, 7}, {5, 6}, {1, 2}], [{8, 4}, {5, 7}, {1, 6}, {2, 3}], [{8, 4}, {5, 7}, {2, 6}, {1, 3}], [{8, 4}, {5, 7}, {3, 6}, {1, 2}], [{8, 4}, {6, 7}, {1, 5}, {2, 3}], [{8, 4}, {6, 7}, {2, 5}, {1, 3}], [{8, 4}, {6, 7}, {3, 5}, {1, 2}], [{8, 4}, {7}, {1, 6}, {5}, {2, 3}], [{8, 4}, {7}, {5, 6}, {1, 3}, {2}], [{8, 5}, {1, 7}, {2, 6}, {3, 4}], [{8, 5}, {1, 7}, {3, 6}, {2, 4}], [{8, 5}, {1, 7}, {3, 6}, {4}, {2}], [{8, 5}, {1, 7}, {4, 6}, {2, 3}], [{8, 5}, {1, 7}, {6}, {2, 4}, {3}], [{8, 5}, {2, 7}, {1, 6}, {3, 4}], [{8, 5}, {2, 7}, {3, 6}, {1, 4}], [{8, 5}, {2, 7}, {4, 6}, {1, 3}], [{8, 5}, {2, 7}, {6}, {4}, {1, 3}], [{8, 5}, {3, 7}, {1, 6}, {2, 4}], [{8, 5}, {3, 7}, {2, 6}, {1, 4}], [{8, 5}, {3, 7}, {4, 6}, {1, 2}], [{8, 5}, {4, 7}, {1, 6}, {2, 3}], [{8, 5}, {4, 7}, {2, 6}, {1, 3}], [{8, 5}, {4, 7}, {3, 6}, {1, 2}], [{8, 5}, {6, 7}, {1, 4}, {2, 3}], [{8, 5}, {6, 7}, {2, 4}, {1, 3}], [{8, 5}, {6, 7}, {3, 4}, {1, 2}], [{8, 5}, {7}, {2, 6}, {3, 4}, {1}], [{8, 5}, {7}, {4, 6}, {3}, {1, 2}], [{8, 6}, {1, 7}, {2, 5}, {3, 4}], [{8, 6}, {1, 7}, {3, 5}, {2, 4}], [{8, 6}, {1, 7}, {4, 5}, {2, 3}], [{8, 6}, {2, 7}, {1, 5}, {3, 4}], [{8, 6}, {2, 7}, {1, 5}, {4}, {3}], [{8, 6}, {2, 7}, {3, 5}, {1, 4}], [{8, 6}, {2, 7}, {4, 5}, {1, 3}], [{8, 6}, {3, 7}, {1, 5}, {2, 4}], [{8, 6}, {3, 7}, {2, 5}, {1, 4}], [{8, 6}, {3, 7}, {2, 5}, {4}, {1}], [{8, 6}, {3, 7}, {4, 5}, {1, 2}], [{8, 6}, {4, 7}, {1, 5}, {2, 3}], [{8, 6}, {4, 7}, {2, 5}, {1, 3}], [{8, 6}, {4, 7}, {3, 5}, {1, 2}], [{8, 6}, {5, 7}, {1, 4}, {2, 3}], [{8, 6}, {5, 7}, {2, 4}, {1, 3}], [{8, 6}, {5, 7}, {3, 4}, {1, 2}], [{8, 7}, {1, 6}, {2, 5}, {3, 4}], [{8, 7}, {1, 6}, {3, 5}, {2, 4}], [{8, 7}, {1, 6}, {4, 5}, {2, 3}], [{8, 7}, {2, 6}, {1, 5}, {3, 4}], [{8, 7}, {2, 6}, {3, 5}, {1, 4}], [{8, 7}, {2, 6}, {4, 5}, {1, 3}], [{8, 7}, {2, 6}, {4, 5}, {3}, {1}], [{8, 7}, {3, 6}, {1, 5}, {2, 4}], [{8, 7}, {3, 6}, {2, 5}, {1, 4}], [{8, 7}, {3, 6}, {4, 5}, {1, 2}], [{8, 7}, {4, 6}, {1, 5}, {2, 3}], [{8, 7}, {4, 6}, {2, 5}, {1, 3}], [{8, 7}, {4, 6}, {3, 5}, {1, 2}], [{8, 7}, {4, 6}, {5}, {3}, {1, 2}], [{8, 7}, {5, 6}, {1, 4}, {2, 3}], [{8, 7}, {5, 6}, {2, 4}, {1, 3}], [{8, 7}, {5, 6}, {2, 4}, {3}, {1}], [{8, 7}, {5, 6}, {3, 4}, {1, 2}], [{8}, {1, 7}, {3, 6}, {2, 5}, {4}], [{8}, {1, 7}, {3, 6}, {4, 5}, {2}], [{8}, {1, 7}, {3, 6}, {5}, {2, 4}], [{8}, {2, 7}, {1, 6}, {4, 5}, {3}], [{8}, {2, 7}, {3, 6}, {1, 5}, {4}], [{8}, {3, 7}, {2, 6}, {5}, {1, 4}], [{8}, {3, 7}, {4, 6}, {5}, {1, 2}], [{8}, {5, 7}, {2, 6}, {1, 4}, {3}], [{8}, {5, 7}, {3, 6}, {1, 4}, {2}], [{8}, {5, 7}, {4, 6}, {3}, {1, 2}], [{8}, {5, 7}, {6}, {1, 4}, {2, 3}], [{8}, {7}, {1, 6}, {3, 5}, {2, 4}], [{8}, {7}, {2, 6}, {1, 5}, {3, 4}], [{8}, {7}, {2, 6}, {3, 5}, {1, 4}], [{8}, {7}, {2, 6}, {4, 5}, {1, 3}], [{8}, {7}, {4, 6}, {1, 5}, {2, 3}], [{8}, {7}, {4, 6}, {2, 5}, {1, 3}], [{8}, {7}, {4, 6}, {3, 5}, {1, 2}]]",2,8 K_1^3 - 10 K_1^2 - 14 K_1 K_2 + K_1 + 5 K_2 + 5 K_3 + 6,O1O2O3O4U5U6O5U7U1O7O8U3U8U4O6U2,O1O2O3U2U4O5O4U6O7O6U1U3U8U5O8U7,O1O2O3U4O5U6U5U1U3O7O4U7O8O6U8U2,c,{'O1O2O3O4U3O5U1U6U2O6O7U4U7O8U5U8'},1,"<a href=""/flatknot/8.704349"">8.704349</a>",t^9-51t^7-156t^6-15t^5+330t^4+212t^3-128t^2-110t-10,t^3-t^2-t,,
8.704350,O1O2O3O4U3O5U1U6U2O6O7U5U4O8U7U8,4,18z^2+99z+127,18w^3z^2+99w^2z+127w,False,False,"[[ 0 -3  0 -1  2  1 -1  1  1],[ 3  0  1  0  4  2  2  2  0],[ 0 -1  0  0  2  0  0  2  0],[ 1  0  0  0  1  0  1  1  0],[-2 -4 -2 -1  0  0 -2  2  1],[-1 -2  0  0  0  0 -1  1  1],[ 1 -2  0 -1  2  1  0  1  1],[-1 -2 -2 -1 -2 -1 -1  0  1],[-1  0  0  0 -1 -1 -1 -1  0]]","[[ 0  2  1  1  1  0 -1 -1 -3],[-2  0  2  1  0 -2 -1 -2 -4],[-1 -2  0  1 -1 -2 -1 -1 -2],[-1 -1 -1  0 -1  0  0 -1  0],[-1  0  1  1  0  0  0 -1 -2],[ 0  2  2  0  0  0  0  0 -1],[ 1  1  1  0  0  0  0  1  0],[ 1  2  1  1  1  0 -1  0 -2],[ 3  4  2  0  2  1  0  2  0]]",True,"[-2,-1,-1,-1,0,1,1,3,-2,-1,0,2,1,2,4,-1,1,2,1,1,2,1,0,0,1,0,0,0,1,2,0,0,1,-1,0,2]","[-3,-1,-1,0,1,1,1,2,0,2,1,0,2,2,4,1,0,0,0,1,1,0,1,1,1,2,0,0,2,2,-1,-1,-1,1,0,-2]",t^8+55t^6+172t^4+99t^2+1,"[-3,-1,-1,0,1,1,1,2,0,2,2,2,2,4,1,1,1,1,1,1,1,1,1,2,2,2,-1,1,1,0,1,-1,3,-1,1,2]","[-2,-1,-1,-1,0,1,1,3,1,2,3,0,1,2,1,1,1,1,1,2,2,-1,1,1,2,4,-1,1,1,2,1,1,2,-1,0,2]","[-3,-1,-1,0,1,1,1,2,0,2,1,0,2,2,4,1,0,0,0,1,1,0,1,1,1,2,0,0,2,2,-1,-1,-1,1,0,-2]",c,"[[{8, 1}, {2, 7}, {3, 6}, {4, 5}], [{8, 1}, {2, 7}, {4, 6}, {3, 5}], [{8, 1}, {2, 7}, {4, 6}, {5}, {3}], [{8, 1}, {2, 7}, {5, 6}, {3, 4}], [{8, 1}, {3, 7}, {2, 6}, {4, 5}], [{8, 1}, {3, 7}, {4, 6}, {2, 5}], [{8, 1}, {3, 7}, {5, 6}, {2, 4}], [{8, 1}, {3, 7}, {6}, {2, 5}, {4}], [{8, 1}, {4, 7}, {2, 6}, {3, 5}], [{8, 1}, {4, 7}, {3, 6}, {2, 5}], [{8, 1}, {4, 7}, {3, 6}, {5}, {2}], [{8, 1}, {4, 7}, {5, 6}, {2, 3}], [{8, 1}, {5, 7}, {2, 6}, {3, 4}], [{8, 1}, {5, 7}, {3, 6}, {2, 4}], [{8, 1}, {5, 7}, {3, 6}, {4}, {2}], [{8, 1}, {5, 7}, {4, 6}, {2, 3}], [{8, 1}, {6, 7}, {2, 5}, {3, 4}], [{8, 1}, {6, 7}, {3, 5}, {2, 4}], [{8, 1}, {6, 7}, {4, 5}, {2, 3}], [{8, 1}, {6, 7}, {5}, {2, 4}, {3}], [{8, 1}, {7}, {2, 6}, {5}, {3, 4}], [{8, 1}, {7}, {3, 6}, {4, 5}, {2}], [{8, 1}, {7}, {6}, {3, 5}, {2, 4}], [{8, 2}, {1, 7}, {3, 6}, {4, 5}], [{8, 2}, {1, 7}, {4, 6}, {3, 5}], [{8, 2}, {1, 7}, {5, 6}, {3, 4}], [{8, 2}, {1, 7}, {6}, {5}, {3, 4}], [{8, 2}, {3, 7}, {1, 6}, {4, 5}], [{8, 2}, {3, 7}, {4, 6}, {1, 5}], [{8, 2}, {3, 7}, {5, 6}, {1, 4}], [{8, 2}, {4, 7}, {1, 6}, {3, 5}], [{8, 2}, {4, 7}, {3, 6}, {1, 5}], [{8, 2}, {4, 7}, {5, 6}, {1, 3}], [{8, 2}, {4, 7}, {6}, {1, 5}, {3}], [{8, 2}, {5, 7}, {1, 6}, {3, 4}], [{8, 2}, {5, 7}, {3, 6}, {1, 4}], [{8, 2}, {5, 7}, {4, 6}, {1, 3}], [{8, 2}, {6, 7}, {1, 5}, {3, 4}], [{8, 2}, {6, 7}, {3, 5}, {1, 4}], [{8, 2}, {6, 7}, {4, 5}, {1, 3}], [{8, 3}, {1, 7}, {2, 6}, {4, 5}], [{8, 3}, {1, 7}, {4, 6}, {2, 5}], [{8, 3}, {1, 7}, {5, 6}, {2, 4}], [{8, 3}, {1, 7}, {6}, {2, 5}, {4}], [{8, 3}, {2, 7}, {1, 6}, {4, 5}], [{8, 3}, {2, 7}, {4, 6}, {1, 5}], [{8, 3}, {2, 7}, {4, 6}, {5}, {1}], [{8, 3}, {2, 7}, {5, 6}, {1, 4}], [{8, 3}, {2, 7}, {6}, {1, 5}, {4}], [{8, 3}, {4, 7}, {1, 6}, {2, 5}], [{8, 3}, {4, 7}, {2, 6}, {1, 5}], [{8, 3}, {4, 7}, {5, 6}, {1, 2}], [{8, 3}, {5, 7}, {1, 6}, {2, 4}], [{8, 3}, {5, 7}, {2, 6}, {1, 4}], [{8, 3}, {5, 7}, {4, 6}, {1, 2}], [{8, 3}, {6, 7}, {1, 5}, {2, 4}], [{8, 3}, {6, 7}, {2, 5}, {1, 4}], [{8, 3}, {6, 7}, {4, 5}, {1, 2}], [{8, 3}, {7}, {2, 6}, {5}, {1, 4}], [{8, 3}, {7}, {4, 6}, {1, 5}, {2}], [{8, 4}, {1, 7}, {2, 6}, {3, 5}], [{8, 4}, {1, 7}, {3, 6}, {2, 5}], [{8, 4}, {1, 7}, {5, 6}, {2, 3}], [{8, 4}, {2, 7}, {1, 6}, {3, 5}], [{8, 4}, {2, 7}, {1, 6}, {5}, {3}], [{8, 4}, {2, 7}, {3, 6}, {1, 5}], [{8, 4}, {2, 7}, {3, 6}, {5}, {1}], [{8, 4}, {2, 7}, {5, 6}, {1, 3}], [{8, 4}, {2, 7}, {5, 6}, {3}, {1}], [{8, 4}, {2, 7}, {6}, {1, 5}, {3}], [{8, 4}, {2, 7}, {6}, {3, 5}, {1}], [{8, 4}, {2, 7}, {6}, {5}, {1, 3}], [{8, 4}, {2, 7}, {6}, {5}, {3}, {1}], [{8, 4}, {3, 7}, {1, 6}, {2, 5}], [{8, 4}, {3, 7}, {2, 6}, {1, 5}], [{8, 4}, {3, 7}, {5, 6}, {1, 2}], [{8, 4}, {5, 7}, {1, 6}, {2, 3}], [{8, 4}, {5, 7}, {2, 6}, {1, 3}], [{8, 4}, {5, 7}, {2, 6}, {3}, {1}], [{8, 4}, {5, 7}, {3, 6}, {1, 2}], [{8, 4}, {6, 7}, {1, 5}, {2, 3}], [{8, 4}, {6, 7}, {2, 5}, {1, 3}], [{8, 4}, {6, 7}, {2, 5}, {3}, {1}], [{8, 4}, {6, 7}, {3, 5}, {1, 2}], [{8, 4}, {7}, {3, 6}, {1, 5}, {2}], [{8, 5}, {1, 7}, {2, 6}, {3, 4}], [{8, 5}, {1, 7}, {3, 6}, {2, 4}], [{8, 5}, {1, 7}, {3, 6}, {4}, {2}], [{8, 5}, {1, 7}, {4, 6}, {2, 3}], [{8, 5}, {1, 7}, {6}, {2, 4}, {3}], [{8, 5}, {2, 7}, {1, 6}, {3, 4}], [{8, 5}, {2, 7}, {3, 6}, {1, 4}], [{8, 5}, {2, 7}, {4, 6}, {1, 3}], [{8, 5}, {2, 7}, {4, 6}, {3}, {1}], [{8, 5}, {3, 7}, {1, 6}, {2, 4}], [{8, 5}, {3, 7}, {2, 6}, {1, 4}], [{8, 5}, {3, 7}, {4, 6}, {1, 2}], [{8, 5}, {4, 7}, {1, 6}, {2, 3}], [{8, 5}, {4, 7}, {2, 6}, {1, 3}], [{8, 5}, {4, 7}, {3, 6}, {1, 2}], [{8, 5}, {6, 7}, {1, 4}, {2, 3}], [{8, 5}, {6, 7}, {2, 4}, {1, 3}], [{8, 5}, {6, 7}, {3, 4}, {1, 2}], [{8, 6}, {1, 7}, {2, 5}, {3, 4}], [{8, 6}, {1, 7}, {3, 5}, {2, 4}], [{8, 6}, {1, 7}, {4, 5}, {2, 3}], [{8, 6}, {2, 7}, {1, 5}, {3, 4}], [{8, 6}, {2, 7}, {1, 5}, {4}, {3}], [{8, 6}, {2, 7}, {3, 5}, {1, 4}], [{8, 6}, {2, 7}, {3, 5}, {4}, {1}], [{8, 6}, {2, 7}, {4, 5}, {1, 3}], [{8, 6}, {2, 7}, {4, 5}, {3}, {1}], [{8, 6}, {2, 7}, {5}, {1, 4}, {3}], [{8, 6}, {2, 7}, {5}, {3, 4}, {1}], [{8, 6}, {2, 7}, {5}, {4}, {1, 3}], [{8, 6}, {2, 7}, {5}, {4}, {3}, {1}], [{8, 6}, {3, 7}, {1, 5}, {2, 4}], [{8, 6}, {3, 7}, {2, 5}, {1, 4}], [{8, 6}, {3, 7}, {4, 5}, {1, 2}], [{8, 6}, {4, 7}, {1, 5}, {2, 3}], [{8, 6}, {4, 7}, {2, 5}, {1, 3}], [{8, 6}, {4, 7}, {3, 5}, {1, 2}], [{8, 6}, {5, 7}, {1, 4}, {2, 3}], [{8, 6}, {5, 7}, {2, 4}, {1, 3}], [{8, 6}, {5, 7}, {3, 4}, {1, 2}], [{8, 6}, {7}, {1, 5}, {3, 4}, {2}], [{8, 7}, {1, 6}, {2, 5}, {3, 4}], [{8, 7}, {1, 6}, {3, 5}, {2, 4}], [{8, 7}, {1, 6}, {4, 5}, {2, 3}], [{8, 7}, {2, 6}, {1, 5}, {3, 4}], [{8, 7}, {2, 6}, {1, 5}, {4}, {3}], [{8, 7}, {2, 6}, {3, 5}, {1, 4}], [{8, 7}, {2, 6}, {4, 5}, {1, 3}], [{8, 7}, {3, 6}, {1, 5}, {2, 4}], [{8, 7}, {3, 6}, {2, 5}, {1, 4}], [{8, 7}, {3, 6}, {4, 5}, {1, 2}], [{8, 7}, {4, 6}, {1, 5}, {2, 3}], [{8, 7}, {4, 6}, {2, 5}, {1, 3}], [{8, 7}, {4, 6}, {3, 5}, {1, 2}], [{8, 7}, {5, 6}, {1, 4}, {2, 3}], [{8, 7}, {5, 6}, {2, 4}, {1, 3}], [{8, 7}, {5, 6}, {3, 4}, {1, 2}], [{8, 7}, {6}, {2, 5}, {1, 4}, {3}], [{8}, {2, 7}, {3, 6}, {1, 5}, {4}], [{8}, {2, 7}, {4, 6}, {1, 5}, {3}], [{8}, {2, 7}, {4, 6}, {3, 5}, {1}], [{8}, {2, 7}, {4, 6}, {5}, {1, 3}], [{8}, {2, 7}, {4, 6}, {5}, {3}, {1}], [{8}, {2, 7}, {6}, {1, 5}, {3, 4}], [{8}, {3, 7}, {2, 6}, {4, 5}, {1}], [{8}, {3, 7}, {6}, {1, 5}, {2, 4}], [{8}, {6, 7}, {4, 5}, {3}, {1, 2}]]",2,8 K_1^3 - 26 K_1^2 - 22 K_1 K_2 + 5 K_1 + 13 K_2 + 9 K_3 + 14,O1O2O3O4U5U6O5U1U7O6O8U3U8U4O7U2,O1O2O3U2U4O5O6U7O4O7U1U3U8U6O8U5,O1O2O3U4O5U6U5U1U3O7O8U7O6O4U8U2,c,{'O1O2O3O4U3O5U1U6U2O6O7U5U4O8U7U8'},1,"<a href=""/flatknot/8.704350"">8.704350</a>",t^9-59t^7-158t^6+141t^5+604t^4-2t^3-616t^2-105t+122,t^3-t^2-t,,
8.704351,O1O2O3O4U3O5U1U6U2O6O7U5U7O8U4U8,4,2z^3+30z^2+101z+99,2w^4z^3+30w^3z^2+101w^2z+99w,False,False,"[[ 0 -3  0 -1  2  1 -1  1  1],[ 3  0  1  0  4  2  2  1  1],[ 0 -1  0  0  2  0  0  1  1],[ 1  0  0  0  1  0  1  0  1],[-2 -4 -2 -1  0 -1 -2  1  1],[-1 -2  0  0  1  0 -1  1  0],[ 1 -2  0 -1  2  1  0  1  1],[-1 -1 -1  0 -1 -1 -1  0  0],[-1 -1 -1 -1 -1  0 -1  0  0]]","[[ 0  2  1  1  1  0 -1 -1 -3],[-2  0  1  1 -1 -2 -1 -2 -4],[-1 -1  0  0  0 -1 -1 -1 -1],[-1 -1  0  0 -1 -1  0 -1 -1],[-1  1  0  1  0  0  0 -1 -2],[ 0  2  1  1  0  0  0  0 -1],[ 1  1  1  0  0  0  0  1  0],[ 1  2  1  1  1  0 -1  0 -2],[ 3  4  1  1  2  1  0  2  0]]",True,"[-2,-1,-1,-1,0,1,1,3,-1,-1,1,2,1,2,4,0,0,1,1,1,1,1,1,0,1,1,0,0,1,2,0,0,1,-1,0,2]","[-3,-1,-1,0,1,1,1,2,0,2,1,1,1,2,4,1,0,0,1,0,1,0,1,1,1,2,1,1,0,2,0,-1,-1,0,-1,1]",t^8+47t^6+111t^4+21t^2,"[-3,-1,-1,0,1,1,1,2,0,2,2,2,3,3,1,1,1,1,1,1,1,1,2,1,2,2,1,0,0,0,0,-1,0,0,2,2]","[-2,-1,-1,-1,0,1,1,3,0,2,2,0,1,2,1,0,1,1,1,2,2,0,0,1,1,3,0,1,2,3,1,1,2,-1,0,2]","[-3,-1,-1,0,1,1,1,2,0,2,1,1,1,2,4,1,0,0,1,0,1,0,1,1,1,2,1,1,0,2,0,-1,-1,0,-1,1]",c,"[[{8, 1}, {2, 7}, {3, 6}, {4, 5}], [{8, 1}, {2, 7}, {4, 6}, {3, 5}], [{8, 1}, {2, 7}, {5, 6}, {3, 4}], [{8, 1}, {2, 7}, {6}, {4, 5}, {3}], [{8, 1}, {3, 7}, {2, 6}, {4, 5}], [{8, 1}, {3, 7}, {4, 6}, {2, 5}], [{8, 1}, {3, 7}, {5, 6}, {2, 4}], [{8, 1}, {3, 7}, {6}, {5}, {2, 4}], [{8, 1}, {4, 7}, {2, 6}, {3, 5}], [{8, 1}, {4, 7}, {3, 6}, {2, 5}], [{8, 1}, {4, 7}, {5, 6}, {2, 3}], [{8, 1}, {5, 7}, {2, 6}, {3, 4}], [{8, 1}, {5, 7}, {3, 6}, {2, 4}], [{8, 1}, {5, 7}, {4, 6}, {2, 3}], [{8, 1}, {6, 7}, {2, 5}, {3, 4}], [{8, 1}, {6, 7}, {3, 5}, {2, 4}], [{8, 1}, {6, 7}, {4, 5}, {2, 3}], [{8, 1}, {6, 7}, {4, 5}, {3}, {2}], [{8, 1}, {7}, {2, 6}, {3, 5}, {4}], [{8, 1}, {7}, {2, 6}, {4, 5}, {3}], [{8, 1}, {7}, {2, 6}, {5}, {3, 4}], [{8, 2}, {1, 7}, {3, 6}, {4, 5}], [{8, 2}, {1, 7}, {4, 6}, {3, 5}], [{8, 2}, {1, 7}, {5, 6}, {3, 4}], [{8, 2}, {1, 7}, {6}, {5}, {3, 4}], [{8, 2}, {3, 7}, {1, 6}, {4, 5}], [{8, 2}, {3, 7}, {4, 6}, {1, 5}], [{8, 2}, {3, 7}, {5, 6}, {1, 4}], [{8, 2}, {3, 7}, {6}, {5}, {1, 4}], [{8, 2}, {4, 7}, {1, 6}, {3, 5}], [{8, 2}, {4, 7}, {3, 6}, {1, 5}], [{8, 2}, {4, 7}, {5, 6}, {1, 3}], [{8, 2}, {5, 7}, {1, 6}, {3, 4}], [{8, 2}, {5, 7}, {3, 6}, {1, 4}], [{8, 2}, {5, 7}, {4, 6}, {1, 3}], [{8, 2}, {6, 7}, {1, 5}, {3, 4}], [{8, 2}, {6, 7}, {3, 5}, {1, 4}], [{8, 2}, {6, 7}, {4, 5}, {1, 3}], [{8, 2}, {7}, {1, 6}, {3, 5}, {4}], [{8, 2}, {7}, {5, 6}, {3, 4}, {1}], [{8, 2}, {7}, {6}, {4, 5}, {1, 3}], [{8, 3}, {1, 7}, {2, 6}, {4, 5}], [{8, 3}, {1, 7}, {2, 6}, {5}, {4}], [{8, 3}, {1, 7}, {4, 6}, {2, 5}], [{8, 3}, {1, 7}, {5, 6}, {2, 4}], [{8, 3}, {2, 7}, {1, 6}, {4, 5}], [{8, 3}, {2, 7}, {4, 6}, {1, 5}], [{8, 3}, {2, 7}, {5, 6}, {1, 4}], [{8, 3}, {2, 7}, {5, 6}, {4}, {1}], [{8, 3}, {4, 7}, {1, 6}, {2, 5}], [{8, 3}, {4, 7}, {2, 6}, {1, 5}], [{8, 3}, {4, 7}, {2, 6}, {5}, {1}], [{8, 3}, {4, 7}, {5, 6}, {1, 2}], [{8, 3}, {5, 7}, {1, 6}, {2, 4}], [{8, 3}, {5, 7}, {1, 6}, {4}, {2}], [{8, 3}, {5, 7}, {2, 6}, {1, 4}], [{8, 3}, {5, 7}, {2, 6}, {4}, {1}], [{8, 3}, {5, 7}, {4, 6}, {1, 2}], [{8, 3}, {5, 7}, {4, 6}, {2}, {1}], [{8, 3}, {5, 7}, {6}, {1, 4}, {2}], [{8, 3}, {5, 7}, {6}, {2, 4}, {1}], [{8, 3}, {5, 7}, {6}, {4}, {1, 2}], [{8, 3}, {5, 7}, {6}, {4}, {2}, {1}], [{8, 3}, {6, 7}, {1, 5}, {2, 4}], [{8, 3}, {6, 7}, {2, 5}, {1, 4}], [{8, 3}, {6, 7}, {2, 5}, {4}, {1}], [{8, 3}, {6, 7}, {4, 5}, {1, 2}], [{8, 3}, {7}, {2, 6}, {1, 5}, {4}], [{8, 3}, {7}, {2, 6}, {4, 5}, {1}], [{8, 3}, {7}, {2, 6}, {5}, {1, 4}], [{8, 3}, {7}, {2, 6}, {5}, {4}, {1}], [{8, 4}, {1, 7}, {2, 6}, {3, 5}], [{8, 4}, {1, 7}, {3, 6}, {2, 5}], [{8, 4}, {1, 7}, {5, 6}, {2, 3}], [{8, 4}, {1, 7}, {5, 6}, {3}, {2}], [{8, 4}, {2, 7}, {1, 6}, {3, 5}], [{8, 4}, {2, 7}, {3, 6}, {1, 5}], [{8, 4}, {2, 7}, {5, 6}, {1, 3}], [{8, 4}, {3, 7}, {1, 6}, {2, 5}], [{8, 4}, {3, 7}, {2, 6}, {1, 5}], [{8, 4}, {3, 7}, {5, 6}, {1, 2}], [{8, 4}, {5, 7}, {1, 6}, {2, 3}], [{8, 4}, {5, 7}, {2, 6}, {1, 3}], [{8, 4}, {5, 7}, {3, 6}, {1, 2}], [{8, 4}, {6, 7}, {1, 5}, {2, 3}], [{8, 4}, {6, 7}, {2, 5}, {1, 3}], [{8, 4}, {6, 7}, {3, 5}, {1, 2}], [{8, 4}, {7}, {1, 6}, {3, 5}, {2}], [{8, 4}, {7}, {2, 6}, {1, 5}, {3}], [{8, 4}, {7}, {2, 6}, {3, 5}, {1}], [{8, 4}, {7}, {2, 6}, {5}, {1, 3}], [{8, 4}, {7}, {6}, {3, 5}, {1, 2}], [{8, 5}, {1, 7}, {2, 6}, {3, 4}], [{8, 5}, {1, 7}, {2, 6}, {4}, {3}], [{8, 5}, {1, 7}, {3, 6}, {2, 4}], [{8, 5}, {1, 7}, {4, 6}, {2, 3}], [{8, 5}, {1, 7}, {4, 6}, {3}, {2}], [{8, 5}, {1, 7}, {6}, {2, 4}, {3}], [{8, 5}, {2, 7}, {1, 6}, {3, 4}], [{8, 5}, {2, 7}, {3, 6}, {1, 4}], [{8, 5}, {2, 7}, {3, 6}, {4}, {1}], [{8, 5}, {2, 7}, {4, 6}, {1, 3}], [{8, 5}, {2, 7}, {6}, {1, 4}, {3}], [{8, 5}, {3, 7}, {1, 6}, {2, 4}], [{8, 5}, {3, 7}, {1, 6}, {4}, {2}], [{8, 5}, {3, 7}, {2, 6}, {1, 4}], [{8, 5}, {3, 7}, {2, 6}, {4}, {1}], [{8, 5}, {3, 7}, {4, 6}, {1, 2}], [{8, 5}, {3, 7}, {4, 6}, {2}, {1}], [{8, 5}, {3, 7}, {6}, {1, 4}, {2}], [{8, 5}, {3, 7}, {6}, {2, 4}, {1}], [{8, 5}, {3, 7}, {6}, {4}, {1, 2}], [{8, 5}, {3, 7}, {6}, {4}, {2}, {1}], [{8, 5}, {4, 7}, {1, 6}, {2, 3}], [{8, 5}, {4, 7}, {2, 6}, {1, 3}], [{8, 5}, {4, 7}, {2, 6}, {3}, {1}], [{8, 5}, {4, 7}, {3, 6}, {1, 2}], [{8, 5}, {6, 7}, {1, 4}, {2, 3}], [{8, 5}, {6, 7}, {1, 4}, {3}, {2}], [{8, 5}, {6, 7}, {2, 4}, {1, 3}], [{8, 5}, {6, 7}, {3, 4}, {1, 2}], [{8, 5}, {6, 7}, {4}, {2, 3}, {1}], [{8, 5}, {7}, {2, 6}, {1, 4}, {3}], [{8, 5}, {7}, {2, 6}, {3, 4}, {1}], [{8, 5}, {7}, {2, 6}, {4}, {1, 3}], [{8, 5}, {7}, {2, 6}, {4}, {3}, {1}], [{8, 5}, {7}, {3, 6}, {1, 4}, {2}], [{8, 5}, {7}, {4, 6}, {1, 3}, {2}], [{8, 5}, {7}, {6}, {1, 4}, {2, 3}], [{8, 5}, {7}, {6}, {2, 4}, {1, 3}], [{8, 6}, {1, 7}, {2, 5}, {3, 4}], [{8, 6}, {1, 7}, {3, 5}, {2, 4}], [{8, 6}, {1, 7}, {4, 5}, {2, 3}], [{8, 6}, {2, 7}, {1, 5}, {3, 4}], [{8, 6}, {2, 7}, {3, 5}, {1, 4}], [{8, 6}, {2, 7}, {4, 5}, {1, 3}], [{8, 6}, {2, 7}, {5}, {1, 4}, {3}], [{8, 6}, {3, 7}, {1, 5}, {2, 4}], [{8, 6}, {3, 7}, {2, 5}, {1, 4}], [{8, 6}, {3, 7}, {4, 5}, {1, 2}], [{8, 6}, {4, 7}, {1, 5}, {2, 3}], [{8, 6}, {4, 7}, {2, 5}, {1, 3}], [{8, 6}, {4, 7}, {3, 5}, {1, 2}], [{8, 6}, {5, 7}, {1, 4}, {2, 3}], [{8, 6}, {5, 7}, {2, 4}, {1, 3}], [{8, 6}, {5, 7}, {3, 4}, {1, 2}], [{8, 6}, {7}, {3, 5}, {4}, {1, 2}], [{8, 6}, {7}, {4, 5}, {1, 3}, {2}], [{8, 7}, {1, 6}, {2, 5}, {3, 4}], [{8, 7}, {1, 6}, {3, 5}, {2, 4}], [{8, 7}, {1, 6}, {3, 5}, {4}, {2}], [{8, 7}, {1, 6}, {4, 5}, {2, 3}], [{8, 7}, {2, 6}, {1, 5}, {3, 4}], [{8, 7}, {2, 6}, {3, 5}, {1, 4}], [{8, 7}, {2, 6}, {3, 5}, {4}, {1}], [{8, 7}, {2, 6}, {4, 5}, {1, 3}], [{8, 7}, {3, 6}, {1, 5}, {2, 4}], [{8, 7}, {3, 6}, {2, 5}, {1, 4}], [{8, 7}, {3, 6}, {4, 5}, {1, 2}], [{8, 7}, {3, 6}, {5}, {4}, {1, 2}], [{8, 7}, {4, 6}, {1, 5}, {2, 3}], [{8, 7}, {4, 6}, {2, 5}, {1, 3}], [{8, 7}, {4, 6}, {3, 5}, {1, 2}], [{8, 7}, {4, 6}, {5}, {3}, {1, 2}], [{8, 7}, {5, 6}, {1, 4}, {2, 3}], [{8, 7}, {5, 6}, {2, 4}, {1, 3}], [{8, 7}, {5, 6}, {3, 4}, {1, 2}], [{8, 7}, {5, 6}, {4}, {1, 3}, {2}], [{8, 7}, {5, 6}, {4}, {2, 3}, {1}], [{8, 7}, {5, 6}, {4}, {3}, {1, 2}], [{8, 7}, {6}, {3, 5}, {4}, {1, 2}], [{8, 7}, {6}, {4, 5}, {3}, {1, 2}], [{8, 7}, {6}, {5}, {3, 4}, {1, 2}], [{8, 7}, {6}, {5}, {4}, {3}, {1, 2}], [{8}, {1, 7}, {2, 6}, {3, 5}, {4}], [{8}, {1, 7}, {3, 6}, {5}, {2, 4}], [{8}, {2, 7}, {1, 6}, {3, 5}, {4}], [{8}, {2, 7}, {5, 6}, {1, 4}, {3}], [{8}, {2, 7}, {6}, {1, 5}, {3, 4}], [{8}, {3, 7}, {6}, {1, 5}, {2, 4}], [{8}, {3, 7}, {6}, {2, 5}, {1, 4}], [{8}, {4, 7}, {1, 6}, {3, 5}, {2}], [{8}, {4, 7}, {2, 6}, {3, 5}, {1}], [{8}, {4, 7}, {6}, {3, 5}, {1, 2}], [{8}, {6, 7}, {1, 5}, {3, 4}, {2}], [{8}, {6, 7}, {3, 5}, {4}, {1, 2}], [{8}, {7}, {1, 6}, {3, 5}, {2, 4}], [{8}, {7}, {1, 6}, {3, 5}, {4}, {2}], [{8}, {7}, {2, 6}, {1, 5}, {3, 4}], [{8}, {7}, {2, 6}, {3, 5}, {1, 4}], [{8}, {7}, {2, 6}, {3, 5}, {4}, {1}], [{8}, {7}, {2, 6}, {4, 5}, {1, 3}], [{8}, {7}, {4, 6}, {3, 5}, {1, 2}], [{8}, {7}, {6}, {3, 5}, {4}, {1, 2}]]",2,12 K_1^3 - 14 K_1^2 - 18 K_1 K_2 + 7 K_2 + 6 K_3 + 8,O1O2O3O4U5U1O5U6U7O6O8U3U8U4O7U2,O1O2O3U2U4O5O4U6O7O6U1U3U8U7O8U5,O1O2O3U4O5U6U5U1U3O7O6U7O8O4U8U2,c,{'O1O2O3O4U3O5U1U6U2O6O7U5U7O8U4U8'},1,"<a href=""/flatknot/8.704351"">8.704351</a>",t^9-51t^7-136t^6+66t^5+422t^4+157t^3-314t^2-213t-16,t^3-t^2-t,,
8.704352,O1O2O3O4U3O5U1U6U2O6O7U8U4O8U5U7,4,2z^3+36z^2+115z+103,2w^4z^3+36w^3z^2+115w^2z+103w,False,False,"[[ 0 -3  0 -1  2  2 -1  2 -1],[ 3  0  1  0  3  3  2  2  2],[ 0 -1  0  0  1  1  0  2 -1],[ 1  0  0  0  1  1  1  1  0],[-2 -3 -1 -1  0  0 -2  1 -2],[-2 -3 -1 -1  0  0 -2  1 -2],[ 1 -2  0 -1  2  2  0  2  0],[-2 -2 -2 -1 -1 -1 -2  0 -2],[ 1 -2  1  0  2  2  0  2  0]]","[[ 0  2  2  2  0 -1 -1 -1 -3],[-2  0  1  0 -1 -1 -2 -2 -3],[-2 -1  0 -1 -2 -1 -2 -2 -2],[-2  0  1  0 -1 -1 -2 -2 -3],[ 0  1  2  1  0  0  0 -1 -1],[ 1  1  1  1  0  0  1  0  0],[ 1  2  2  2  0 -1  0  0 -2],[ 1  2  2  2  1  0  0  0 -2],[ 3  3  2  3  1  0  2  2  0]]",True,"[-2,-2,-2,0,1,1,1,3,-1,0,1,1,2,2,3,1,2,1,2,2,2,1,1,2,2,3,0,0,1,1,-1,0,0,0,2,2]","[-3,-1,-1,-1,0,2,2,2,0,0,2,2,2,2,3,0,0,0,1,1,1,1,1,1,1,1,1,2,2,2,1,1,0,0,-1,-1]",t^8+68t^6+132t^4+12t^2,"[-3,-1,-1,-1,0,2,2,2,0,0,2,2,2,2,3,0,0,0,1,1,1,1,1,1,1,1,1,2,2,2,1,1,0,0,-1,-1]","[-2,-2,-2,0,1,1,1,3,-1,-1,0,1,1,2,3,0,1,1,1,2,2,1,1,1,2,2,0,1,1,2,0,0,0,-1,0,2]","[-3,-1,-1,-1,0,2,2,2,0,2,2,1,2,3,3,0,1,0,1,1,1,0,1,2,2,2,0,2,2,2,2,1,1,-1,-1,0]",c,"[[{8, 1}, {2, 7}, {3, 6}, {4, 5}], [{8, 1}, {2, 7}, {3, 6}, {5}, {4}], [{8, 1}, {2, 7}, {4, 6}, {3, 5}], [{8, 1}, {2, 7}, {5, 6}, {3, 4}], [{8, 1}, {3, 7}, {2, 6}, {4, 5}], [{8, 1}, {3, 7}, {2, 6}, {5}, {4}], [{8, 1}, {3, 7}, {4, 6}, {2, 5}], [{8, 1}, {3, 7}, {4, 6}, {5}, {2}], [{8, 1}, {3, 7}, {5, 6}, {2, 4}], [{8, 1}, {3, 7}, {5, 6}, {4}, {2}], [{8, 1}, {3, 7}, {6}, {2, 5}, {4}], [{8, 1}, {3, 7}, {6}, {4, 5}, {2}], [{8, 1}, {3, 7}, {6}, {5}, {2, 4}], [{8, 1}, {3, 7}, {6}, {5}, {4}, {2}], [{8, 1}, {4, 7}, {2, 6}, {3, 5}], [{8, 1}, {4, 7}, {3, 6}, {2, 5}], [{8, 1}, {4, 7}, {3, 6}, {5}, {2}], [{8, 1}, {4, 7}, {5, 6}, {2, 3}], [{8, 1}, {5, 7}, {2, 6}, {3, 4}], [{8, 1}, {5, 7}, {3, 6}, {2, 4}], [{8, 1}, {5, 7}, {3, 6}, {4}, {2}], [{8, 1}, {5, 7}, {4, 6}, {2, 3}], [{8, 1}, {6, 7}, {2, 5}, {3, 4}], [{8, 1}, {6, 7}, {2, 5}, {4}, {3}], [{8, 1}, {6, 7}, {3, 5}, {2, 4}], [{8, 1}, {6, 7}, {3, 5}, {4}, {2}], [{8, 1}, {6, 7}, {4, 5}, {2, 3}], [{8, 1}, {6, 7}, {4, 5}, {3}, {2}], [{8, 1}, {6, 7}, {5}, {2, 4}, {3}], [{8, 1}, {6, 7}, {5}, {3, 4}, {2}], [{8, 1}, {6, 7}, {5}, {4}, {2, 3}], [{8, 1}, {6, 7}, {5}, {4}, {3}, {2}], [{8, 1}, {7}, {3, 6}, {2, 5}, {4}], [{8, 1}, {7}, {3, 6}, {4, 5}, {2}], [{8, 1}, {7}, {3, 6}, {5}, {2, 4}], [{8, 1}, {7}, {3, 6}, {5}, {4}, {2}], [{8, 2}, {1, 7}, {3, 6}, {4, 5}], [{8, 2}, {1, 7}, {3, 6}, {5}, {4}], [{8, 2}, {1, 7}, {4, 6}, {3, 5}], [{8, 2}, {1, 7}, {5, 6}, {3, 4}], [{8, 2}, {3, 7}, {1, 6}, {4, 5}], [{8, 2}, {3, 7}, {1, 6}, {5}, {4}], [{8, 2}, {3, 7}, {4, 6}, {1, 5}], [{8, 2}, {3, 7}, {5, 6}, {1, 4}], [{8, 2}, {4, 7}, {1, 6}, {3, 5}], [{8, 2}, {4, 7}, {3, 6}, {1, 5}], [{8, 2}, {4, 7}, {3, 6}, {5}, {1}], [{8, 2}, {4, 7}, {5, 6}, {1, 3}], [{8, 2}, {5, 7}, {1, 6}, {3, 4}], [{8, 2}, {5, 7}, {3, 6}, {1, 4}], [{8, 2}, {5, 7}, {3, 6}, {4}, {1}], [{8, 2}, {5, 7}, {4, 6}, {1, 3}], [{8, 2}, {6, 7}, {1, 5}, {3, 4}], [{8, 2}, {6, 7}, {3, 5}, {1, 4}], [{8, 2}, {6, 7}, {4, 5}, {1, 3}], [{8, 2}, {6, 7}, {5}, {4}, {1, 3}], [{8, 2}, {7}, {3, 6}, {1, 5}, {4}], [{8, 2}, {7}, {3, 6}, {4, 5}, {1}], [{8, 2}, {7}, {3, 6}, {5}, {1, 4}], [{8, 2}, {7}, {3, 6}, {5}, {4}, {1}], [{8, 2}, {7}, {4, 6}, {1, 5}, {3}], [{8, 2}, {7}, {5, 6}, {1, 4}, {3}], [{8, 2}, {7}, {6}, {1, 5}, {3, 4}], [{8, 2}, {7}, {6}, {3, 5}, {1, 4}], [{8, 3}, {1, 7}, {2, 6}, {4, 5}], [{8, 3}, {1, 7}, {2, 6}, {5}, {4}], [{8, 3}, {1, 7}, {4, 6}, {2, 5}], [{8, 3}, {1, 7}, {5, 6}, {2, 4}], [{8, 3}, {2, 7}, {1, 6}, {4, 5}], [{8, 3}, {2, 7}, {1, 6}, {5}, {4}], [{8, 3}, {2, 7}, {4, 6}, {1, 5}], [{8, 3}, {2, 7}, {5, 6}, {1, 4}], [{8, 3}, {4, 7}, {1, 6}, {2, 5}], [{8, 3}, {4, 7}, {2, 6}, {1, 5}], [{8, 3}, {4, 7}, {5, 6}, {1, 2}], [{8, 3}, {4, 7}, {5, 6}, {2}, {1}], [{8, 3}, {4, 7}, {6}, {5}, {1, 2}], [{8, 3}, {5, 7}, {1, 6}, {2, 4}], [{8, 3}, {5, 7}, {2, 6}, {1, 4}], [{8, 3}, {5, 7}, {4, 6}, {1, 2}], [{8, 3}, {5, 7}, {4, 6}, {2}, {1}], [{8, 3}, {5, 7}, {6}, {4}, {1, 2}], [{8, 3}, {6, 7}, {1, 5}, {2, 4}], [{8, 3}, {6, 7}, {2, 5}, {1, 4}], [{8, 3}, {6, 7}, {4, 5}, {1, 2}], [{8, 3}, {6, 7}, {5}, {4}, {1, 2}], [{8, 3}, {7}, {4, 6}, {5}, {1, 2}], [{8, 3}, {7}, {5, 6}, {4}, {1, 2}], [{8, 3}, {7}, {6}, {4, 5}, {1, 2}], [{8, 3}, {7}, {6}, {5}, {4}, {1, 2}], [{8, 4}, {1, 7}, {2, 6}, {3, 5}], [{8, 4}, {1, 7}, {3, 6}, {2, 5}], [{8, 4}, {1, 7}, {5, 6}, {2, 3}], [{8, 4}, {1, 7}, {6}, {2, 5}, {3}], [{8, 4}, {1, 7}, {6}, {3, 5}, {2}], [{8, 4}, {1, 7}, {6}, {5}, {2, 3}], [{8, 4}, {2, 7}, {1, 6}, {3, 5}], [{8, 4}, {2, 7}, {3, 6}, {1, 5}], [{8, 4}, {2, 7}, {5, 6}, {1, 3}], [{8, 4}, {2, 7}, {5, 6}, {3}, {1}], [{8, 4}, {3, 7}, {1, 6}, {2, 5}], [{8, 4}, {3, 7}, {2, 6}, {1, 5}], [{8, 4}, {3, 7}, {5, 6}, {1, 2}], [{8, 4}, {3, 7}, {6}, {2, 5}, {1}], [{8, 4}, {5, 7}, {1, 6}, {2, 3}], [{8, 4}, {5, 7}, {2, 6}, {1, 3}], [{8, 4}, {5, 7}, {3, 6}, {1, 2}], [{8, 4}, {6, 7}, {1, 5}, {2, 3}], [{8, 4}, {6, 7}, {2, 5}, {1, 3}], [{8, 4}, {6, 7}, {3, 5}, {1, 2}], [{8, 4}, {7}, {2, 6}, {3, 5}, {1}], [{8, 4}, {7}, {3, 6}, {5}, {1, 2}], [{8, 4}, {7}, {6}, {2, 5}, {1, 3}], [{8, 5}, {1, 7}, {2, 6}, {3, 4}], [{8, 5}, {1, 7}, {3, 6}, {2, 4}], [{8, 5}, {1, 7}, {4, 6}, {2, 3}], [{8, 5}, {1, 7}, {6}, {2, 4}, {3}], [{8, 5}, {1, 7}, {6}, {3, 4}, {2}], [{8, 5}, {1, 7}, {6}, {4}, {2, 3}], [{8, 5}, {2, 7}, {1, 6}, {3, 4}], [{8, 5}, {2, 7}, {3, 6}, {1, 4}], [{8, 5}, {2, 7}, {4, 6}, {1, 3}], [{8, 5}, {2, 7}, {4, 6}, {3}, {1}], [{8, 5}, {3, 7}, {1, 6}, {2, 4}], [{8, 5}, {3, 7}, {2, 6}, {1, 4}], [{8, 5}, {3, 7}, {4, 6}, {1, 2}], [{8, 5}, {3, 7}, {6}, {2, 4}, {1}], [{8, 5}, {4, 7}, {1, 6}, {2, 3}], [{8, 5}, {4, 7}, {2, 6}, {1, 3}], [{8, 5}, {4, 7}, {3, 6}, {1, 2}], [{8, 5}, {6, 7}, {1, 4}, {2, 3}], [{8, 5}, {6, 7}, {2, 4}, {1, 3}], [{8, 5}, {6, 7}, {3, 4}, {1, 2}], [{8, 5}, {7}, {2, 6}, {3, 4}, {1}], [{8, 5}, {7}, {3, 6}, {4}, {1, 2}], [{8, 5}, {7}, {6}, {2, 4}, {1, 3}], [{8, 6}, {1, 7}, {2, 5}, {3, 4}], [{8, 6}, {1, 7}, {2, 5}, {4}, {3}], [{8, 6}, {1, 7}, {3, 5}, {2, 4}], [{8, 6}, {1, 7}, {3, 5}, {4}, {2}], [{8, 6}, {1, 7}, {4, 5}, {2, 3}], [{8, 6}, {1, 7}, {4, 5}, {3}, {2}], [{8, 6}, {1, 7}, {5}, {2, 4}, {3}], [{8, 6}, {1, 7}, {5}, {3, 4}, {2}], [{8, 6}, {1, 7}, {5}, {4}, {2, 3}], [{8, 6}, {1, 7}, {5}, {4}, {3}, {2}], [{8, 6}, {2, 7}, {1, 5}, {3, 4}], [{8, 6}, {2, 7}, {1, 5}, {4}, {3}], [{8, 6}, {2, 7}, {3, 5}, {1, 4}], [{8, 6}, {2, 7}, {3, 5}, {4}, {1}], [{8, 6}, {2, 7}, {4, 5}, {1, 3}], [{8, 6}, {2, 7}, {4, 5}, {3}, {1}], [{8, 6}, {2, 7}, {5}, {1, 4}, {3}], [{8, 6}, {2, 7}, {5}, {3, 4}, {1}], [{8, 6}, {2, 7}, {5}, {4}, {1, 3}], [{8, 6}, {2, 7}, {5}, {4}, {3}, {1}], [{8, 6}, {3, 7}, {1, 5}, {2, 4}], [{8, 6}, {3, 7}, {2, 5}, {1, 4}], [{8, 6}, {3, 7}, {4, 5}, {1, 2}], [{8, 6}, {3, 7}, {5}, {4}, {1, 2}], [{8, 6}, {4, 7}, {1, 5}, {2, 3}], [{8, 6}, {4, 7}, {2, 5}, {1, 3}], [{8, 6}, {4, 7}, {3, 5}, {1, 2}], [{8, 6}, {4, 7}, {5}, {3}, {1, 2}], [{8, 6}, {5, 7}, {1, 4}, {2, 3}], [{8, 6}, {5, 7}, {2, 4}, {1, 3}], [{8, 6}, {5, 7}, {3, 4}, {1, 2}], [{8, 6}, {5, 7}, {4}, {3}, {1, 2}], [{8, 6}, {7}, {3, 5}, {4}, {1, 2}], [{8, 6}, {7}, {4, 5}, {3}, {1, 2}], [{8, 6}, {7}, {5}, {3, 4}, {1, 2}], [{8, 6}, {7}, {5}, {4}, {3}, {1, 2}], [{8, 7}, {1, 6}, {2, 5}, {3, 4}], [{8, 7}, {1, 6}, {3, 5}, {2, 4}], [{8, 7}, {1, 6}, {4, 5}, {2, 3}], [{8, 7}, {1, 6}, {5}, {4}, {2, 3}], [{8, 7}, {2, 6}, {1, 5}, {3, 4}], [{8, 7}, {2, 6}, {1, 5}, {4}, {3}], [{8, 7}, {2, 6}, {3, 5}, {1, 4}], [{8, 7}, {2, 6}, {3, 5}, {4}, {1}], [{8, 7}, {2, 6}, {4, 5}, {1, 3}], [{8, 7}, {2, 6}, {4, 5}, {3}, {1}], [{8, 7}, {2, 6}, {5}, {1, 4}, {3}], [{8, 7}, {2, 6}, {5}, {3, 4}, {1}], [{8, 7}, {2, 6}, {5}, {4}, {1, 3}], [{8, 7}, {2, 6}, {5}, {4}, {3}, {1}], [{8, 7}, {3, 6}, {1, 5}, {2, 4}], [{8, 7}, {3, 6}, {2, 5}, {1, 4}], [{8, 7}, {3, 6}, {4, 5}, {1, 2}], [{8, 7}, {3, 6}, {5}, {4}, {1, 2}], [{8, 7}, {4, 6}, {1, 5}, {2, 3}], [{8, 7}, {4, 6}, {2, 5}, {1, 3}], [{8, 7}, {4, 6}, {3, 5}, {1, 2}], [{8, 7}, {5, 6}, {1, 4}, {2, 3}], [{8, 7}, {5, 6}, {2, 4}, {1, 3}], [{8, 7}, {5, 6}, {3, 4}, {1, 2}], [{8, 7}, {6}, {1, 5}, {3, 4}, {2}], [{8, 7}, {6}, {3, 5}, {1, 4}, {2}], [{8}, {1, 7}, {4, 6}, {2, 5}, {3}], [{8}, {1, 7}, {4, 6}, {3, 5}, {2}], [{8}, {1, 7}, {4, 6}, {5}, {2, 3}], [{8}, {1, 7}, {5, 6}, {2, 4}, {3}], [{8}, {1, 7}, {5, 6}, {3, 4}, {2}], [{8}, {1, 7}, {5, 6}, {4}, {2, 3}], [{8}, {1, 7}, {6}, {4, 5}, {2, 3}], [{8}, {1, 7}, {6}, {5}, {4}, {2, 3}], [{8}, {2, 7}, {6}, {1, 5}, {3, 4}], [{8}, {2, 7}, {6}, {3, 5}, {1, 4}], [{8}, {3, 7}, {6}, {1, 5}, {2, 4}], [{8}, {3, 7}, {6}, {2, 5}, {1, 4}], [{8}, {4, 7}, {2, 6}, {3, 5}, {1}], [{8}, {4, 7}, {3, 6}, {5}, {1, 2}], [{8}, {5, 7}, {2, 6}, {3, 4}, {1}], [{8}, {5, 7}, {3, 6}, {4}, {1, 2}], [{8}, {7}, {3, 6}, {4, 5}, {1, 2}], [{8}, {7}, {3, 6}, {5}, {4}, {1, 2}]]",2,12 K_1^3 - 14 K_1^2 - 22 K_1 K_2 + 2 K_1 + 7 K_2 + 8 K_3 + 8,O1O2O3O4U5U6O7U1U7O5O8U3U8U4O6U2,O1O2O3U2U4O5O6U5O7O4U1U3U8U6O8U7,O1O2O3U4O5U6U5U1U3O7O4U8O6O8U7U2,c,{'O1O2O3O4U3O5U1U6U2O6O7U8U4O8U5U7'},1,"<a href=""/flatknot/8.704352"">8.704352</a>",t^9-68t^7-258t^6-87t^5+584t^4+478t^3-164t^2-150t,t^3-3t^2+3t,,
8.704353,O1O2O3O4U3O5U1U6U2O6O7U8U5O8U4U7,4,20z^2+89z+99,20w^3z^2+89w^2z+99w,False,False,"[[ 0 -3  0 -1  2  2 -1  2 -1],[ 3  0  1  0  4  2  2  2  2],[ 0 -1  0  0  2  0  0  2 -1],[ 1  0  0  0  1  0  1  1  1],[-2 -4 -2 -1  0  1 -2  2 -3],[-2 -2  0  0 -1  0 -2  0 -2],[ 1 -2  0 -1  2  2  0  2  0],[-2 -2 -2 -1 -2  0 -2  0 -2],[ 1 -2  1 -1  3  2  0  2  0]]","[[ 0  2  2  2  0 -1 -1 -1 -3],[-2  0  2  1 -2 -1 -2 -3 -4],[-2 -2  0  0 -2 -1 -2 -2 -2],[-2 -1  0  0  0  0 -2 -2 -2],[ 0  2  2  0  0  0  0 -1 -1],[ 1  1  1  0  0  0  1  1  0],[ 1  2  2  2  0 -1  0  0 -2],[ 1  3  2  2  1 -1  0  0 -2],[ 3  4  2  2  1  0  2  2  0]]",True,"[-2,-2,-2,0,1,1,1,3,-2,-1,2,1,2,3,4,0,2,1,2,2,2,0,0,2,2,2,0,0,1,1,-1,-1,0,0,2,2]","[-3,-1,-1,-1,0,2,2,2,0,0,2,2,1,3,3,0,1,0,0,1,1,1,1,1,1,1,1,2,2,3,0,0,2,-2,-1,0]",t^8+80t^6+307t^4+115t^2+4,"[-3,-1,-1,-1,0,2,2,2,0,0,2,2,1,3,3,0,1,0,0,1,1,1,1,1,1,1,1,2,2,3,0,0,2,-2,-1,0]","[-2,-2,-2,0,1,1,1,3,-2,0,0,1,1,2,3,1,0,0,1,2,1,2,1,1,3,3,0,1,1,2,0,-1,0,-1,0,2]","[-3,-1,-1,-1,0,2,2,2,0,2,2,1,2,2,4,1,1,0,0,1,1,0,0,2,2,2,1,2,2,3,0,2,2,0,-1,-2]",c,"[[{8, 7}, {4, 6}, {1, 5}, {2, 3}]]",1,8 K_1^3 - 10 K_1^2 - 10 K_1 K_2 - K_1 + 5 K_2 + 3 K_3 + 6,O1O2O3O4U5U1O6U7U6O5O8U3U8U4O7U2,O1O2O3U2U4O5O6U5O7O4U1U3U8U7O8U6,O1O2O3U4O5U6U5U1U3O7O6U8O4O8U7U2,c,{'O1O2O3O4U3O5U1U6U2O6O7U8U5O8U4U7'},1,"<a href=""/flatknot/8.704353"">8.704353</a>",t^9-80t^7-342t^6-128t^5+1134t^4+1014t^3-604t^2-184t-4,t^3-3t^2+3t,,
8.704354,O1O2O3O4U3O5U1U6U4O6O7U2U5O8U7U8,4,8z^3+51z^2+112z+85,8w^4z^3+51w^3z^2+112w^2z+85w,False,False,"[[ 0 -3 -1 -1  2  2 -1  1  1],[ 3  0  2  0  2  3  2  2  0],[ 1 -2  0 -1  2  2  0  2  1],[ 1  0  1  0  1  1  0  0  0],[-2 -2 -2 -1  0  0 -2  1  0],[-2 -3 -2 -1  0  0 -2  1  1],[ 1 -2  0  0  2  2  0  1  1],[-1 -2 -2  0 -1 -1 -1  0  1],[-1  0 -1  0  0 -1 -1 -1  0]]","[[ 0  2  2  1  1 -1 -1 -1 -3],[-2  0  0  1  1 -1 -2 -2 -3],[-2  0  0  1  0 -1 -2 -2 -2],[-1 -1 -1  0  1  0 -1 -2 -2],[-1 -1  0 -1  0  0 -1 -1  0],[ 1  1  1  0  0  0  0  1  0],[ 1  2  2  1  1  0  0  0 -2],[ 1  2  2  2  1 -1  0  0 -2],[ 3  3  2  2  0  0  2  2  0]]",True,"[-2,-2,-1,-1,1,1,1,3,0,-1,-1,1,2,2,3,-1,0,1,2,2,2,-1,0,1,2,2,0,1,1,0,0,-1,0,0,2,2]","[-3,-1,-1,-1,1,1,2,2,0,0,2,2,4,2,3,0,0,1,1,1,1,1,0,1,1,1,2,2,2,2,-1,2,2,2,1,0]",t^8+55t^6+149t^4+50t^2,"[-3,-1,-1,-1,1,1,2,2,0,0,2,2,4,2,3,0,0,1,1,1,1,1,0,1,1,1,2,2,2,2,-1,2,2,2,1,0]","[-2,-2,-1,-1,1,1,1,3,0,1,2,1,1,2,3,2,2,1,1,2,2,-1,1,1,2,4,0,1,2,2,0,-1,0,0,0,2]","[-3,-1,-1,-1,1,1,2,2,0,2,2,0,2,2,3,0,1,0,0,1,1,0,1,1,2,2,1,2,2,2,-1,0,-1,-1,-1,0]",c,"[[{8, 1}, {2, 7}, {3, 6}, {4, 5}], [{8, 1}, {2, 7}, {3, 6}, {5}, {4}], [{8, 1}, {2, 7}, {4, 6}, {3, 5}], [{8, 1}, {2, 7}, {5, 6}, {3, 4}], [{8, 1}, {3, 7}, {2, 6}, {4, 5}], [{8, 1}, {3, 7}, {2, 6}, {5}, {4}], [{8, 1}, {3, 7}, {4, 6}, {2, 5}], [{8, 1}, {3, 7}, {4, 6}, {5}, {2}], [{8, 1}, {3, 7}, {5, 6}, {2, 4}], [{8, 1}, {3, 7}, {5, 6}, {4}, {2}], [{8, 1}, {3, 7}, {6}, {2, 5}, {4}], [{8, 1}, {3, 7}, {6}, {4, 5}, {2}], [{8, 1}, {3, 7}, {6}, {5}, {2, 4}], [{8, 1}, {3, 7}, {6}, {5}, {4}, {2}], [{8, 1}, {4, 7}, {2, 6}, {3, 5}], [{8, 1}, {4, 7}, {2, 6}, {5}, {3}], [{8, 1}, {4, 7}, {3, 6}, {2, 5}], [{8, 1}, {4, 7}, {5, 6}, {2, 3}], [{8, 1}, {5, 7}, {2, 6}, {3, 4}], [{8, 1}, {5, 7}, {2, 6}, {4}, {3}], [{8, 1}, {5, 7}, {3, 6}, {2, 4}], [{8, 1}, {5, 7}, {4, 6}, {2, 3}], [{8, 1}, {6, 7}, {2, 5}, {3, 4}], [{8, 1}, {6, 7}, {3, 5}, {2, 4}], [{8, 1}, {6, 7}, {4, 5}, {2, 3}], [{8, 1}, {6, 7}, {5}, {4}, {2, 3}], [{8, 1}, {7}, {2, 6}, {3, 5}, {4}], [{8, 1}, {7}, {2, 6}, {4, 5}, {3}], [{8, 1}, {7}, {2, 6}, {5}, {3, 4}], [{8, 1}, {7}, {2, 6}, {5}, {4}, {3}], [{8, 2}, {1, 7}, {3, 6}, {4, 5}], [{8, 2}, {1, 7}, {4, 6}, {3, 5}], [{8, 2}, {1, 7}, {5, 6}, {3, 4}], [{8, 2}, {1, 7}, {5, 6}, {4}, {3}], [{8, 2}, {3, 7}, {1, 6}, {4, 5}], [{8, 2}, {3, 7}, {4, 6}, {1, 5}], [{8, 2}, {3, 7}, {5, 6}, {1, 4}], [{8, 2}, {3, 7}, {6}, {1, 5}, {4}], [{8, 2}, {4, 7}, {1, 6}, {3, 5}], [{8, 2}, {4, 7}, {3, 6}, {1, 5}], [{8, 2}, {4, 7}, {5, 6}, {1, 3}], [{8, 2}, {4, 7}, {6}, {1, 5}, {3}], [{8, 2}, {4, 7}, {6}, {3, 5}, {1}], [{8, 2}, {4, 7}, {6}, {5}, {1, 3}], [{8, 2}, {5, 7}, {1, 6}, {3, 4}], [{8, 2}, {5, 7}, {1, 6}, {4}, {3}], [{8, 2}, {5, 7}, {3, 6}, {1, 4}], [{8, 2}, {5, 7}, {4, 6}, {1, 3}], [{8, 2}, {6, 7}, {1, 5}, {3, 4}], [{8, 2}, {6, 7}, {1, 5}, {4}, {3}], [{8, 2}, {6, 7}, {3, 5}, {1, 4}], [{8, 2}, {6, 7}, {4, 5}, {1, 3}], [{8, 2}, {7}, {3, 6}, {1, 5}, {4}], [{8, 2}, {7}, {4, 6}, {1, 5}, {3}], [{8, 2}, {7}, {6}, {1, 5}, {3, 4}], [{8, 3}, {1, 7}, {2, 6}, {4, 5}], [{8, 3}, {1, 7}, {4, 6}, {2, 5}], [{8, 3}, {1, 7}, {4, 6}, {5}, {2}], [{8, 3}, {1, 7}, {5, 6}, {2, 4}], [{8, 3}, {1, 7}, {6}, {2, 5}, {4}], [{8, 3}, {2, 7}, {1, 6}, {4, 5}], [{8, 3}, {2, 7}, {4, 6}, {1, 5}], [{8, 3}, {2, 7}, {5, 6}, {1, 4}], [{8, 3}, {4, 7}, {1, 6}, {2, 5}], [{8, 3}, {4, 7}, {2, 6}, {1, 5}], [{8, 3}, {4, 7}, {5, 6}, {1, 2}], [{8, 3}, {5, 7}, {1, 6}, {2, 4}], [{8, 3}, {5, 7}, {2, 6}, {1, 4}], [{8, 3}, {5, 7}, {4, 6}, {1, 2}], [{8, 3}, {5, 7}, {4, 6}, {2}, {1}], [{8, 3}, {6, 7}, {1, 5}, {2, 4}], [{8, 3}, {6, 7}, {2, 5}, {1, 4}], [{8, 3}, {6, 7}, {4, 5}, {1, 2}], [{8, 3}, {6, 7}, {4, 5}, {2}, {1}], [{8, 3}, {7}, {4, 6}, {1, 5}, {2}], [{8, 4}, {1, 7}, {2, 6}, {3, 5}], [{8, 4}, {1, 7}, {2, 6}, {5}, {3}], [{8, 4}, {1, 7}, {3, 6}, {2, 5}], [{8, 4}, {1, 7}, {5, 6}, {2, 3}], [{8, 4}, {2, 7}, {1, 6}, {3, 5}], [{8, 4}, {2, 7}, {3, 6}, {1, 5}], [{8, 4}, {2, 7}, {5, 6}, {1, 3}], [{8, 4}, {2, 7}, {6}, {3, 5}, {1}], [{8, 4}, {3, 7}, {1, 6}, {2, 5}], [{8, 4}, {3, 7}, {2, 6}, {1, 5}], [{8, 4}, {3, 7}, {5, 6}, {1, 2}], [{8, 4}, {3, 7}, {6}, {1, 5}, {2}], [{8, 4}, {5, 7}, {1, 6}, {2, 3}], [{8, 4}, {5, 7}, {2, 6}, {1, 3}], [{8, 4}, {5, 7}, {3, 6}, {1, 2}], [{8, 4}, {5, 7}, {3, 6}, {2}, {1}], [{8, 4}, {6, 7}, {1, 5}, {2, 3}], [{8, 4}, {6, 7}, {2, 5}, {1, 3}], [{8, 4}, {6, 7}, {2, 5}, {3}, {1}], [{8, 4}, {6, 7}, {3, 5}, {1, 2}], [{8, 4}, {7}, {5, 6}, {1, 3}, {2}], [{8, 5}, {1, 7}, {2, 6}, {3, 4}], [{8, 5}, {1, 7}, {3, 6}, {2, 4}], [{8, 5}, {1, 7}, {3, 6}, {4}, {2}], [{8, 5}, {1, 7}, {4, 6}, {2, 3}], [{8, 5}, {2, 7}, {1, 6}, {3, 4}], [{8, 5}, {2, 7}, {3, 6}, {1, 4}], [{8, 5}, {2, 7}, {4, 6}, {1, 3}], [{8, 5}, {3, 7}, {1, 6}, {2, 4}], [{8, 5}, {3, 7}, {1, 6}, {4}, {2}], [{8, 5}, {3, 7}, {2, 6}, {1, 4}], [{8, 5}, {3, 7}, {2, 6}, {4}, {1}], [{8, 5}, {3, 7}, {4, 6}, {1, 2}], [{8, 5}, {3, 7}, {4, 6}, {2}, {1}], [{8, 5}, {3, 7}, {6}, {1, 4}, {2}], [{8, 5}, {3, 7}, {6}, {2, 4}, {1}], [{8, 5}, {3, 7}, {6}, {4}, {1, 2}], [{8, 5}, {3, 7}, {6}, {4}, {2}, {1}], [{8, 5}, {4, 7}, {1, 6}, {2, 3}], [{8, 5}, {4, 7}, {2, 6}, {1, 3}], [{8, 5}, {4, 7}, {3, 6}, {1, 2}], [{8, 5}, {6, 7}, {1, 4}, {2, 3}], [{8, 5}, {6, 7}, {2, 4}, {1, 3}], [{8, 5}, {6, 7}, {3, 4}, {1, 2}], [{8, 5}, {6, 7}, {4}, {1, 3}, {2}], [{8, 6}, {1, 7}, {2, 5}, {3, 4}], [{8, 6}, {1, 7}, {3, 5}, {2, 4}], [{8, 6}, {1, 7}, {3, 5}, {4}, {2}], [{8, 6}, {1, 7}, {4, 5}, {2, 3}], [{8, 6}, {2, 7}, {1, 5}, {3, 4}], [{8, 6}, {2, 7}, {3, 5}, {1, 4}], [{8, 6}, {2, 7}, {3, 5}, {4}, {1}], [{8, 6}, {2, 7}, {4, 5}, {1, 3}], [{8, 6}, {3, 7}, {1, 5}, {2, 4}], [{8, 6}, {3, 7}, {1, 5}, {4}, {2}], [{8, 6}, {3, 7}, {2, 5}, {1, 4}], [{8, 6}, {3, 7}, {4, 5}, {1, 2}], [{8, 6}, {4, 7}, {1, 5}, {2, 3}], [{8, 6}, {4, 7}, {2, 5}, {1, 3}], [{8, 6}, {4, 7}, {3, 5}, {1, 2}], [{8, 6}, {5, 7}, {1, 4}, {2, 3}], [{8, 6}, {5, 7}, {2, 4}, {1, 3}], [{8, 6}, {5, 7}, {3, 4}, {1, 2}], [{8, 6}, {7}, {2, 5}, {1, 4}, {3}], [{8, 6}, {7}, {3, 5}, {4}, {1, 2}], [{8, 7}, {1, 6}, {2, 5}, {3, 4}], [{8, 7}, {1, 6}, {3, 5}, {2, 4}], [{8, 7}, {1, 6}, {4, 5}, {2, 3}], [{8, 7}, {2, 6}, {1, 5}, {3, 4}], [{8, 7}, {2, 6}, {3, 5}, {1, 4}], [{8, 7}, {2, 6}, {4, 5}, {1, 3}], [{8, 7}, {2, 6}, {5}, {1, 4}, {3}], [{8, 7}, {3, 6}, {1, 5}, {2, 4}], [{8, 7}, {3, 6}, {2, 5}, {1, 4}], [{8, 7}, {3, 6}, {4, 5}, {1, 2}], [{8, 7}, {4, 6}, {1, 5}, {2, 3}], [{8, 7}, {4, 6}, {1, 5}, {3}, {2}], [{8, 7}, {4, 6}, {2, 5}, {1, 3}], [{8, 7}, {4, 6}, {3, 5}, {1, 2}], [{8, 7}, {4, 6}, {5}, {2, 3}, {1}], [{8, 7}, {5, 6}, {1, 4}, {2, 3}], [{8, 7}, {5, 6}, {2, 4}, {1, 3}], [{8, 7}, {5, 6}, {3, 4}, {1, 2}], [{8, 7}, {5, 6}, {4}, {1, 3}, {2}], [{8, 7}, {6}, {5}, {2, 4}, {1, 3}], [{8}, {1, 7}, {6}, {3, 5}, {2, 4}], [{8}, {2, 7}, {4, 6}, {1, 5}, {3}], [{8}, {2, 7}, {4, 6}, {3, 5}, {1}], [{8}, {2, 7}, {4, 6}, {5}, {1, 3}], [{8}, {3, 7}, {2, 6}, {1, 5}, {4}], [{8}, {3, 7}, {4, 6}, {1, 5}, {2}], [{8}, {3, 7}, {6}, {1, 5}, {2, 4}], [{8}, {3, 7}, {6}, {1, 5}, {4}, {2}], [{8}, {4, 7}, {1, 6}, {2, 5}, {3}], [{8}, {4, 7}, {1, 6}, {3, 5}, {2}], [{8}, {4, 7}, {1, 6}, {5}, {2, 3}], [{8}, {4, 7}, {3, 6}, {1, 5}, {2}], [{8}, {4, 7}, {5, 6}, {1, 3}, {2}], [{8}, {6, 7}, {1, 5}, {3, 4}, {2}], [{8}, {6, 7}, {4, 5}, {3}, {1, 2}], [{8}, {7}, {4, 6}, {1, 5}, {2, 3}], [{8}, {7}, {4, 6}, {1, 5}, {3}, {2}]]",2,4 K_1^3 - 4 K_1^2 - 6 K_1 K_2 + 2 K_2 + 2 K_3 + 3,O1O2O3O4U5U6O5U7U3O6O8U1U8U4O7U2,O1O2O3U2U4O5O6U7O4O7U1U5U8U3O8U6,O1O2O3U4O5U1U5U6U3O7O8U7O4O6U8U2,c,{'O1O2O3O4U3O5U1U6U4O6O7U2U5O8U7U8'},1,"<a href=""/flatknot/8.704354"">8.704354</a>",t^9-57t^7-184t^6+15t^5+382t^4+27t^3-160t^2-9t+8,t^3-2t^2+t,,
8.704355,O1O2O3O4U3O5U1U6U4O6O7U2U7O8U5U8,4,20z^2+89z+99,20w^3z^2+89w^2z+99w,False,False,"[[ 0 -3 -1 -1  2  2 -1  1  1],[ 3  0  2  0  2  3  2  1  1],[ 1 -2  0 -1  2  3  0  1  1],[ 1  0  1  0  1  1  0  0  0],[-2 -2 -2 -1  0  0 -2  0  1],[-2 -3 -3 -1  0  0 -2  0  1],[ 1 -2  0  0  2  2  0  1  1],[-1 -1 -1  0  0  0 -1  0  0],[-1 -1 -1  0 -1 -1 -1  0  0]]","[[ 0  2  2  1  1 -1 -1 -1 -3],[-2  0  0  1  0 -1 -2 -2 -2],[-2  0  0  1  0 -1 -2 -3 -3],[-1 -1 -1  0  0  0 -1 -1 -1],[-1  0  0  0  0  0 -1 -1 -1],[ 1  1  1  0  0  0  0  1  0],[ 1  2  2  1  1  0  0  0 -2],[ 1  2  3  1  1 -1  0  0 -2],[ 3  2  3  1  1  0  2  2  0]]",True,"[-2,-2,-1,-1,1,1,1,3,0,-1,0,1,2,2,2,-1,0,1,2,3,3,0,0,1,1,1,0,1,1,1,0,-1,0,0,2,2]","[-3,-1,-1,-1,1,1,2,2,0,0,2,3,3,2,3,0,0,1,1,1,1,1,1,1,0,1,2,2,2,2,0,1,1,2,2,0]",t^8+53t^6+73t^4+21t^2+1,"[-3,-1,-1,-1,1,1,2,2,0,0,2,3,3,2,3,0,0,1,1,1,1,1,1,1,0,1,2,2,2,2,0,1,1,2,2,0]","[-2,-2,-1,-1,1,1,1,3,0,1,2,0,1,2,2,1,2,1,1,2,3,0,1,1,2,3,1,1,2,3,0,-1,0,0,0,2]","[-3,-1,-1,-1,1,1,2,2,0,2,2,1,1,2,3,0,1,0,0,1,1,0,1,1,2,2,1,1,2,3,0,-1,-1,0,0,0]",c,"[[{8, 1}, {2, 7}, {3, 6}, {4, 5}], [{8, 1}, {2, 7}, {4, 6}, {3, 5}], [{8, 1}, {2, 7}, {4, 6}, {5}, {3}], [{8, 1}, {2, 7}, {5, 6}, {3, 4}], [{8, 1}, {3, 7}, {2, 6}, {4, 5}], [{8, 1}, {3, 7}, {2, 6}, {5}, {4}], [{8, 1}, {3, 7}, {4, 6}, {2, 5}], [{8, 1}, {3, 7}, {5, 6}, {2, 4}], [{8, 1}, {3, 7}, {5, 6}, {4}, {2}], [{8, 1}, {3, 7}, {6}, {2, 5}, {4}], [{8, 1}, {4, 7}, {2, 6}, {3, 5}], [{8, 1}, {4, 7}, {2, 6}, {5}, {3}], [{8, 1}, {4, 7}, {3, 6}, {2, 5}], [{8, 1}, {4, 7}, {3, 6}, {5}, {2}], [{8, 1}, {4, 7}, {5, 6}, {2, 3}], [{8, 1}, {4, 7}, {5, 6}, {3}, {2}], [{8, 1}, {4, 7}, {6}, {2, 5}, {3}], [{8, 1}, {4, 7}, {6}, {3, 5}, {2}], [{8, 1}, {4, 7}, {6}, {5}, {2, 3}], [{8, 1}, {5, 7}, {2, 6}, {3, 4}], [{8, 1}, {5, 7}, {3, 6}, {2, 4}], [{8, 1}, {5, 7}, {4, 6}, {2, 3}], [{8, 1}, {6, 7}, {2, 5}, {3, 4}], [{8, 1}, {6, 7}, {3, 5}, {2, 4}], [{8, 1}, {6, 7}, {4, 5}, {2, 3}], [{8, 1}, {7}, {2, 6}, {5}, {3, 4}], [{8, 1}, {7}, {5, 6}, {3, 4}, {2}], [{8, 1}, {7}, {6}, {2, 5}, {3, 4}], [{8, 2}, {1, 7}, {3, 6}, {4, 5}], [{8, 2}, {1, 7}, {4, 6}, {3, 5}], [{8, 2}, {1, 7}, {5, 6}, {3, 4}], [{8, 2}, {1, 7}, {6}, {3, 5}, {4}], [{8, 2}, {3, 7}, {1, 6}, {4, 5}], [{8, 2}, {3, 7}, {1, 6}, {5}, {4}], [{8, 2}, {3, 7}, {4, 6}, {1, 5}], [{8, 2}, {3, 7}, {5, 6}, {1, 4}], [{8, 2}, {4, 7}, {1, 6}, {3, 5}], [{8, 2}, {4, 7}, {3, 6}, {1, 5}], [{8, 2}, {4, 7}, {5, 6}, {1, 3}], [{8, 2}, {4, 7}, {6}, {5}, {1, 3}], [{8, 2}, {5, 7}, {1, 6}, {3, 4}], [{8, 2}, {5, 7}, {3, 6}, {1, 4}], [{8, 2}, {5, 7}, {4, 6}, {1, 3}], [{8, 2}, {6, 7}, {1, 5}, {3, 4}], [{8, 2}, {6, 7}, {3, 5}, {1, 4}], [{8, 2}, {6, 7}, {4, 5}, {1, 3}], [{8, 2}, {6, 7}, {5}, {3, 4}, {1}], [{8, 2}, {7}, {3, 6}, {1, 5}, {4}], [{8, 2}, {7}, {4, 6}, {1, 5}, {3}], [{8, 2}, {7}, {5, 6}, {1, 4}, {3}], [{8, 2}, {7}, {6}, {1, 5}, {3, 4}], [{8, 3}, {1, 7}, {2, 6}, {4, 5}], [{8, 3}, {1, 7}, {2, 6}, {5}, {4}], [{8, 3}, {1, 7}, {4, 6}, {2, 5}], [{8, 3}, {1, 7}, {5, 6}, {2, 4}], [{8, 3}, {1, 7}, {6}, {4, 5}, {2}], [{8, 3}, {2, 7}, {1, 6}, {4, 5}], [{8, 3}, {2, 7}, {4, 6}, {1, 5}], [{8, 3}, {2, 7}, {5, 6}, {1, 4}], [{8, 3}, {2, 7}, {6}, {5}, {1, 4}], [{8, 3}, {4, 7}, {1, 6}, {2, 5}], [{8, 3}, {4, 7}, {2, 6}, {1, 5}], [{8, 3}, {4, 7}, {2, 6}, {5}, {1}], [{8, 3}, {4, 7}, {5, 6}, {1, 2}], [{8, 3}, {5, 7}, {1, 6}, {2, 4}], [{8, 3}, {5, 7}, {2, 6}, {1, 4}], [{8, 3}, {5, 7}, {2, 6}, {4}, {1}], [{8, 3}, {5, 7}, {4, 6}, {1, 2}], [{8, 3}, {6, 7}, {1, 5}, {2, 4}], [{8, 3}, {6, 7}, {2, 5}, {1, 4}], [{8, 3}, {6, 7}, {4, 5}, {1, 2}], [{8, 3}, {6, 7}, {5}, {1, 4}, {2}], [{8, 3}, {7}, {1, 6}, {2, 5}, {4}], [{8, 3}, {7}, {2, 6}, {1, 5}, {4}], [{8, 3}, {7}, {2, 6}, {4, 5}, {1}], [{8, 3}, {7}, {2, 6}, {5}, {1, 4}], [{8, 3}, {7}, {2, 6}, {5}, {4}, {1}], [{8, 3}, {7}, {5, 6}, {4}, {1, 2}], [{8, 4}, {1, 7}, {2, 6}, {3, 5}], [{8, 4}, {1, 7}, {2, 6}, {5}, {3}], [{8, 4}, {1, 7}, {3, 6}, {2, 5}], [{8, 4}, {1, 7}, {5, 6}, {2, 3}], [{8, 4}, {1, 7}, {6}, {3, 5}, {2}], [{8, 4}, {2, 7}, {1, 6}, {3, 5}], [{8, 4}, {2, 7}, {3, 6}, {1, 5}], [{8, 4}, {2, 7}, {3, 6}, {5}, {1}], [{8, 4}, {2, 7}, {5, 6}, {1, 3}], [{8, 4}, {2, 7}, {5, 6}, {3}, {1}], [{8, 4}, {2, 7}, {6}, {3, 5}, {1}], [{8, 4}, {3, 7}, {1, 6}, {2, 5}], [{8, 4}, {3, 7}, {2, 6}, {1, 5}], [{8, 4}, {3, 7}, {2, 6}, {5}, {1}], [{8, 4}, {3, 7}, {5, 6}, {1, 2}], [{8, 4}, {3, 7}, {5, 6}, {2}, {1}], [{8, 4}, {3, 7}, {6}, {2, 5}, {1}], [{8, 4}, {5, 7}, {1, 6}, {2, 3}], [{8, 4}, {5, 7}, {2, 6}, {1, 3}], [{8, 4}, {5, 7}, {2, 6}, {3}, {1}], [{8, 4}, {5, 7}, {3, 6}, {1, 2}], [{8, 4}, {5, 7}, {3, 6}, {2}, {1}], [{8, 4}, {5, 7}, {6}, {2, 3}, {1}], [{8, 4}, {6, 7}, {1, 5}, {2, 3}], [{8, 4}, {6, 7}, {2, 5}, {1, 3}], [{8, 4}, {6, 7}, {2, 5}, {3}, {1}], [{8, 4}, {6, 7}, {3, 5}, {1, 2}], [{8, 4}, {6, 7}, {3, 5}, {2}, {1}], [{8, 4}, {6, 7}, {5}, {2, 3}, {1}], [{8, 4}, {7}, {1, 6}, {3, 5}, {2}], [{8, 4}, {7}, {2, 6}, {1, 5}, {3}], [{8, 4}, {7}, {2, 6}, {3, 5}, {1}], [{8, 4}, {7}, {2, 6}, {5}, {1, 3}], [{8, 4}, {7}, {2, 6}, {5}, {3}, {1}], [{8, 4}, {7}, {3, 6}, {2, 5}, {1}], [{8, 4}, {7}, {5, 6}, {2, 3}, {1}], [{8, 4}, {7}, {6}, {3, 5}, {1, 2}], [{8, 4}, {7}, {6}, {3, 5}, {2}, {1}], [{8, 5}, {1, 7}, {2, 6}, {3, 4}], [{8, 5}, {1, 7}, {2, 6}, {4}, {3}], [{8, 5}, {1, 7}, {3, 6}, {2, 4}], [{8, 5}, {1, 7}, {4, 6}, {2, 3}], [{8, 5}, {1, 7}, {6}, {3, 4}, {2}], [{8, 5}, {2, 7}, {1, 6}, {3, 4}], [{8, 5}, {2, 7}, {1, 6}, {4}, {3}], [{8, 5}, {2, 7}, {3, 6}, {1, 4}], [{8, 5}, {2, 7}, {4, 6}, {1, 3}], [{8, 5}, {3, 7}, {1, 6}, {2, 4}], [{8, 5}, {3, 7}, {2, 6}, {1, 4}], [{8, 5}, {3, 7}, {4, 6}, {1, 2}], [{8, 5}, {4, 7}, {1, 6}, {2, 3}], [{8, 5}, {4, 7}, {2, 6}, {1, 3}], [{8, 5}, {4, 7}, {3, 6}, {1, 2}], [{8, 5}, {6, 7}, {1, 4}, {2, 3}], [{8, 5}, {6, 7}, {2, 4}, {1, 3}], [{8, 5}, {6, 7}, {3, 4}, {1, 2}], [{8, 5}, {7}, {2, 6}, {3, 4}, {1}], [{8, 5}, {7}, {3, 6}, {1, 4}, {2}], [{8, 5}, {7}, {4, 6}, {1, 3}, {2}], [{8, 6}, {1, 7}, {2, 5}, {3, 4}], [{8, 6}, {1, 7}, {3, 5}, {2, 4}], [{8, 6}, {1, 7}, {3, 5}, {4}, {2}], [{8, 6}, {1, 7}, {4, 5}, {2, 3}], [{8, 6}, {2, 7}, {1, 5}, {3, 4}], [{8, 6}, {2, 7}, {3, 5}, {1, 4}], [{8, 6}, {2, 7}, {4, 5}, {1, 3}], [{8, 6}, {2, 7}, {5}, {3, 4}, {1}], [{8, 6}, {3, 7}, {1, 5}, {2, 4}], [{8, 6}, {3, 7}, {2, 5}, {1, 4}], [{8, 6}, {3, 7}, {4, 5}, {1, 2}], [{8, 6}, {3, 7}, {4, 5}, {2}, {1}], [{8, 6}, {4, 7}, {1, 5}, {2, 3}], [{8, 6}, {4, 7}, {2, 5}, {1, 3}], [{8, 6}, {4, 7}, {3, 5}, {1, 2}], [{8, 6}, {4, 7}, {5}, {1, 3}, {2}], [{8, 6}, {5, 7}, {1, 4}, {2, 3}], [{8, 6}, {5, 7}, {1, 4}, {3}, {2}], [{8, 6}, {5, 7}, {2, 4}, {1, 3}], [{8, 6}, {5, 7}, {3, 4}, {1, 2}], [{8, 6}, {7}, {1, 5}, {2, 4}, {3}], [{8, 6}, {7}, {1, 5}, {3, 4}, {2}], [{8, 6}, {7}, {1, 5}, {4}, {2, 3}], [{8, 7}, {1, 6}, {2, 5}, {3, 4}], [{8, 7}, {1, 6}, {3, 5}, {2, 4}], [{8, 7}, {1, 6}, {4, 5}, {2, 3}], [{8, 7}, {1, 6}, {4, 5}, {3}, {2}], [{8, 7}, {2, 6}, {1, 5}, {3, 4}], [{8, 7}, {2, 6}, {3, 5}, {1, 4}], [{8, 7}, {2, 6}, {4, 5}, {1, 3}], [{8, 7}, {2, 6}, {5}, {1, 4}, {3}], [{8, 7}, {2, 6}, {5}, {3, 4}, {1}], [{8, 7}, {2, 6}, {5}, {4}, {1, 3}], [{8, 7}, {3, 6}, {1, 5}, {2, 4}], [{8, 7}, {3, 6}, {2, 5}, {1, 4}], [{8, 7}, {3, 6}, {4, 5}, {1, 2}], [{8, 7}, {3, 6}, {4, 5}, {2}, {1}], [{8, 7}, {3, 6}, {5}, {4}, {1, 2}], [{8, 7}, {4, 6}, {1, 5}, {2, 3}], [{8, 7}, {4, 6}, {2, 5}, {1, 3}], [{8, 7}, {4, 6}, {3, 5}, {1, 2}], [{8, 7}, {5, 6}, {1, 4}, {2, 3}], [{8, 7}, {5, 6}, {2, 4}, {1, 3}], [{8, 7}, {5, 6}, {2, 4}, {3}, {1}], [{8, 7}, {5, 6}, {3, 4}, {1, 2}], [{8, 7}, {6}, {1, 5}, {3, 4}, {2}], [{8, 7}, {6}, {3, 5}, {1, 4}, {2}], [{8, 7}, {6}, {4, 5}, {1, 3}, {2}], [{8}, {1, 7}, {2, 6}, {3, 5}, {4}], [{8}, {1, 7}, {2, 6}, {4, 5}, {3}], [{8}, {1, 7}, {2, 6}, {5}, {3, 4}], [{8}, {1, 7}, {2, 6}, {5}, {4}, {3}], [{8}, {1, 7}, {3, 6}, {2, 5}, {4}], [{8}, {1, 7}, {4, 6}, {3, 5}, {2}], [{8}, {1, 7}, {5, 6}, {4}, {2, 3}], [{8}, {1, 7}, {6}, {3, 5}, {2, 4}], [{8}, {1, 7}, {6}, {3, 5}, {4}, {2}], [{8}, {2, 7}, {6}, {1, 5}, {3, 4}], [{8}, {3, 7}, {2, 6}, {5}, {1, 4}], [{8}, {3, 7}, {4, 6}, {1, 5}, {2}], [{8}, {3, 7}, {5, 6}, {1, 4}, {2}], [{8}, {3, 7}, {6}, {2, 5}, {1, 4}], [{8}, {4, 7}, {2, 6}, {5}, {1, 3}], [{8}, {5, 7}, {2, 6}, {3, 4}, {1}], [{8}, {5, 7}, {4, 6}, {3}, {1, 2}], [{8}, {5, 7}, {6}, {2, 4}, {1, 3}], [{8}, {6, 7}, {1, 5}, {3, 4}, {2}], [{8}, {6, 7}, {5}, {2, 4}, {1, 3}], [{8}, {7}, {2, 6}, {1, 5}, {3, 4}], [{8}, {7}, {2, 6}, {5}, {3, 4}, {1}], [{8}, {7}, {5, 6}, {2, 4}, {1, 3}]]",2,4 K_1^3 + 4 K_1^2 K_2 - 12 K_1^2 - 18 K_1 K_2 - 4 K_1 K_3 + 6 K_1 - 4 K_2^2 + 6 K_2 + 8 K_3 + 3 K_4 + 8,O1O2O3O4U5U6O5U7U3O7O8U1U8U4O6U2,O1O2O3U2U4O5O4U6O7O6U1U5U8U3O8U7,O1O2O3U4O5U1U5U6U3O7O4U7O8O6U8U2,c,{'O1O2O3O4U3O5U1U6U4O6O7U2U7O8U5U8'},1,"<a href=""/flatknot/8.704355"">8.704355</a>",t^9-55t^7-164t^6+31t^5+208t^4-26t^3-60t^2+23t,t^3-2t^2+t,,
8.704356,O1O2O3O4U3O5U1U6U4O6O7U5U2O8U7U8,4,6z^3+44z^2+111z+95,6w^4z^3+44w^3z^2+111w^2z+95w,False,False,"[[ 0 -3  0 -1  2  1 -1  1  1],[ 3  0  3  0  2  2  2  2  0],[ 0 -3  0 -1  1  1 -1  2  1],[ 1  0  1  0  1  1  0  0  0],[-2 -2 -1 -1  0  0 -2  1  0],[-1 -2 -1 -1  0  0 -1  1  1],[ 1 -2  1  0  2  1  0  1  1],[-1 -2 -2  0 -1 -1 -1  0  1],[-1  0 -1  0  0 -1 -1 -1  0]]","[[ 0  2  1  1  1  0 -1 -1 -3],[-2  0  1  0  0 -1 -1 -2 -2],[-1 -1  0  1 -1 -2  0 -1 -2],[-1  0 -1  0 -1 -1  0 -1  0],[-1  0  1  1  0 -1 -1 -1 -2],[ 0  1  2  1  1  0 -1 -1 -3],[ 1  1  0  0  1  1  0  0  0],[ 1  2  1  1  1  1  0  0 -2],[ 3  2  2  0  2  3  0  2  0]]",True,"[-2,-1,-1,-1,0,1,1,3,-1,0,0,1,1,2,2,-1,1,2,0,1,2,1,1,0,1,0,1,1,1,2,1,1,3,0,0,2]","[-3,-1,-1,0,1,1,1,2,0,2,0,2,2,4,3,0,0,1,1,1,1,0,1,2,2,2,0,-1,0,1,-1,-1,1,-1,2,1]",t^8+47t^6+132t^4+36t^2,"[-3,-1,-1,0,1,1,1,2,0,2,0,2,2,4,3,0,0,1,1,1,1,0,1,2,2,2,0,-1,0,1,-1,-1,1,-1,2,1]","[-2,-1,-1,-1,0,1,1,3,1,1,2,1,1,2,3,-1,-1,0,1,2,4,1,0,1,1,2,-1,1,2,2,0,0,0,0,0,2]","[-3,-1,-1,0,1,1,1,2,0,2,3,0,2,2,2,0,1,0,0,1,1,1,1,1,1,2,1,2,1,1,-1,-1,0,-1,-1,0]",c,"[[{8, 6}, {1, 7}, {3, 5}, {2, 4}], [{8, 6}, {1, 7}, {3, 5}, {4}, {2}], [{8, 6}, {2, 7}, {3, 5}, {1, 4}], [{8, 6}, {4, 7}, {3, 5}, {1, 2}], [{8, 6}, {4, 7}, {3, 5}, {2}, {1}], [{8, 6}, {7}, {3, 5}, {1, 4}, {2}]]",1,12 K_1^3 + 4 K_1^2 K_2 - 10 K_1^2 - 18 K_1 K_2 - 4 K_1 K_3 - 4 K_2^2 + 5 K_2 + 6 K_3 + 3 K_4 + 7,O1O2O3O4U5U6O5U3U7O6O8U1U8U4O7U2,O1O2O3U2U4O5O6U7O4O7U1U6U8U3O8U5,O1O2O3U4O5U1U5U6U3O7O8U7O6O4U8U2,c,{'O1O2O3O4U3O5U1U6U4O6O7U5U2O8U7U8'},1,"<a href=""/flatknot/8.704356"">8.704356</a>",t^9-51t^7-152t^6-53t^5+190t^4+168t^3+36t^2-3t-36,t^3-t^2-t,,
8.704357,O1O2O3O4U3O5U1U6U4O6O7U5U7O8U2U8,4,25z^2+110z+121,25w^3z^2+110w^2z+121w,False,False,"[[ 0 -3  0 -1  2  1 -1  1  1],[ 3  0  3  0  2  2  2  1  1],[ 0 -3  0 -1  1  0 -1  1  1],[ 1  0  1  0  1  1  0  0  0],[-2 -2 -1 -1  0  0 -2  1  0],[-1 -2  0 -1  0  0 -1  1  0],[ 1 -2  1  0  2  1  0  1  1],[-1 -1 -1  0 -1 -1 -1  0  0],[-1 -1 -1  0  0  0 -1  0  0]]","[[ 0  2  1  1  1  0 -1 -1 -3],[-2  0  1  0  0 -1 -1 -2 -2],[-1 -1  0  0 -1 -1  0 -1 -1],[-1  0  0  0  0 -1  0 -1 -1],[-1  0  1  0  0  0 -1 -1 -2],[ 0  1  1  1  0  0 -1 -1 -3],[ 1  1  0  0  1  1  0  0  0],[ 1  2  1  1  1  1  0  0 -2],[ 3  2  1  1  2  3  0  2  0]]",True,"[-2,-1,-1,-1,0,1,1,3,-1,0,0,1,1,2,2,0,1,1,0,1,1,0,1,0,1,1,0,1,1,2,1,1,3,0,0,2]","[-3,-1,-1,0,1,1,1,2,0,2,0,2,3,3,3,0,0,1,1,1,1,0,1,2,2,2,1,0,0,1,-1,0,1,0,2,1]",t^8+39t^6+71t^4+19t^2+1,"[-3,-1,-1,0,1,1,1,2,0,2,0,2,3,3,3,0,0,1,1,1,1,0,1,2,2,2,1,0,0,1,-1,0,1,0,2,1]","[-2,-1,-1,-1,0,1,1,3,1,1,2,1,1,2,3,0,0,0,1,2,3,1,1,1,1,2,0,1,2,3,0,0,0,0,0,2]","[-3,-1,-1,0,1,1,1,2,0,2,3,1,1,2,2,0,1,0,0,1,1,1,1,1,1,2,1,1,0,1,0,-1,-1,0,0,0]",c,"[[{8, 1}, {2, 7}, {3, 6}, {4, 5}], [{8, 1}, {2, 7}, {4, 6}, {3, 5}], [{8, 1}, {2, 7}, {5, 6}, {3, 4}], [{8, 1}, {2, 7}, {6}, {3, 5}, {4}], [{8, 1}, {3, 7}, {2, 6}, {4, 5}], [{8, 1}, {3, 7}, {4, 6}, {2, 5}], [{8, 1}, {3, 7}, {5, 6}, {2, 4}], [{8, 1}, {3, 7}, {5, 6}, {4}, {2}], [{8, 1}, {4, 7}, {2, 6}, {3, 5}], [{8, 1}, {4, 7}, {3, 6}, {2, 5}], [{8, 1}, {4, 7}, {3, 6}, {5}, {2}], [{8, 1}, {4, 7}, {5, 6}, {2, 3}], [{8, 1}, {4, 7}, {5, 6}, {3}, {2}], [{8, 1}, {4, 7}, {6}, {3, 5}, {2}], [{8, 1}, {5, 7}, {2, 6}, {3, 4}], [{8, 1}, {5, 7}, {3, 6}, {2, 4}], [{8, 1}, {5, 7}, {4, 6}, {2, 3}], [{8, 1}, {5, 7}, {4, 6}, {3}, {2}], [{8, 1}, {6, 7}, {2, 5}, {3, 4}], [{8, 1}, {6, 7}, {3, 5}, {2, 4}], [{8, 1}, {6, 7}, {4, 5}, {2, 3}], [{8, 1}, {6, 7}, {5}, {2, 4}, {3}], [{8, 1}, {7}, {4, 6}, {5}, {2, 3}], [{8, 1}, {7}, {5, 6}, {3, 4}, {2}], [{8, 1}, {7}, {6}, {3, 5}, {2, 4}], [{8, 2}, {1, 7}, {3, 6}, {4, 5}], [{8, 2}, {1, 7}, {3, 6}, {5}, {4}], [{8, 2}, {1, 7}, {4, 6}, {3, 5}], [{8, 2}, {1, 7}, {5, 6}, {3, 4}], [{8, 2}, {3, 7}, {1, 6}, {4, 5}], [{8, 2}, {3, 7}, {4, 6}, {1, 5}], [{8, 2}, {3, 7}, {5, 6}, {1, 4}], [{8, 2}, {3, 7}, {6}, {5}, {1, 4}], [{8, 2}, {4, 7}, {1, 6}, {3, 5}], [{8, 2}, {4, 7}, {3, 6}, {1, 5}], [{8, 2}, {4, 7}, {3, 6}, {5}, {1}], [{8, 2}, {4, 7}, {5, 6}, {1, 3}], [{8, 2}, {5, 7}, {1, 6}, {3, 4}], [{8, 2}, {5, 7}, {3, 6}, {1, 4}], [{8, 2}, {5, 7}, {3, 6}, {4}, {1}], [{8, 2}, {5, 7}, {4, 6}, {1, 3}], [{8, 2}, {5, 7}, {6}, {1, 4}, {3}], [{8, 2}, {6, 7}, {1, 5}, {3, 4}], [{8, 2}, {6, 7}, {3, 5}, {1, 4}], [{8, 2}, {6, 7}, {4, 5}, {1, 3}], [{8, 2}, {6, 7}, {5}, {1, 4}, {3}], [{8, 2}, {7}, {1, 6}, {3, 5}, {4}], [{8, 2}, {7}, {1, 6}, {4, 5}, {3}], [{8, 2}, {7}, {1, 6}, {5}, {3, 4}], [{8, 2}, {7}, {3, 6}, {1, 5}, {4}], [{8, 2}, {7}, {3, 6}, {4, 5}, {1}], [{8, 2}, {7}, {3, 6}, {5}, {1, 4}], [{8, 2}, {7}, {3, 6}, {5}, {4}, {1}], [{8, 2}, {7}, {4, 6}, {1, 5}, {3}], [{8, 2}, {7}, {4, 6}, {3, 5}, {1}], [{8, 2}, {7}, {4, 6}, {5}, {1, 3}], [{8, 2}, {7}, {5, 6}, {1, 4}, {3}], [{8, 2}, {7}, {5, 6}, {3, 4}, {1}], [{8, 2}, {7}, {5, 6}, {4}, {1, 3}], [{8, 2}, {7}, {6}, {1, 5}, {3, 4}], [{8, 2}, {7}, {6}, {3, 5}, {1, 4}], [{8, 2}, {7}, {6}, {4, 5}, {1, 3}], [{8, 2}, {7}, {6}, {5}, {1, 4}, {3}], [{8, 3}, {1, 7}, {2, 6}, {4, 5}], [{8, 3}, {1, 7}, {4, 6}, {2, 5}], [{8, 3}, {1, 7}, {5, 6}, {2, 4}], [{8, 3}, {1, 7}, {5, 6}, {4}, {2}], [{8, 3}, {2, 7}, {1, 6}, {4, 5}], [{8, 3}, {2, 7}, {4, 6}, {1, 5}], [{8, 3}, {2, 7}, {5, 6}, {1, 4}], [{8, 3}, {4, 7}, {1, 6}, {2, 5}], [{8, 3}, {4, 7}, {2, 6}, {1, 5}], [{8, 3}, {4, 7}, {5, 6}, {1, 2}], [{8, 3}, {4, 7}, {5, 6}, {2}, {1}], [{8, 3}, {5, 7}, {1, 6}, {2, 4}], [{8, 3}, {5, 7}, {1, 6}, {4}, {2}], [{8, 3}, {5, 7}, {2, 6}, {1, 4}], [{8, 3}, {5, 7}, {4, 6}, {1, 2}], [{8, 3}, {6, 7}, {1, 5}, {2, 4}], [{8, 3}, {6, 7}, {2, 5}, {1, 4}], [{8, 3}, {6, 7}, {4, 5}, {1, 2}], [{8, 3}, {6, 7}, {5}, {2, 4}, {1}], [{8, 3}, {7}, {4, 6}, {1, 5}, {2}], [{8, 3}, {7}, {5, 6}, {1, 4}, {2}], [{8, 4}, {1, 7}, {2, 6}, {3, 5}], [{8, 4}, {1, 7}, {3, 6}, {2, 5}], [{8, 4}, {1, 7}, {3, 6}, {5}, {2}], [{8, 4}, {1, 7}, {5, 6}, {2, 3}], [{8, 4}, {1, 7}, {5, 6}, {3}, {2}], [{8, 4}, {1, 7}, {6}, {3, 5}, {2}], [{8, 4}, {2, 7}, {1, 6}, {3, 5}], [{8, 4}, {2, 7}, {3, 6}, {1, 5}], [{8, 4}, {2, 7}, {5, 6}, {1, 3}], [{8, 4}, {3, 7}, {1, 6}, {2, 5}], [{8, 4}, {3, 7}, {2, 6}, {1, 5}], [{8, 4}, {3, 7}, {5, 6}, {1, 2}], [{8, 4}, {3, 7}, {5, 6}, {2}, {1}], [{8, 4}, {5, 7}, {1, 6}, {2, 3}], [{8, 4}, {5, 7}, {2, 6}, {1, 3}], [{8, 4}, {5, 7}, {3, 6}, {1, 2}], [{8, 4}, {6, 7}, {1, 5}, {2, 3}], [{8, 4}, {6, 7}, {2, 5}, {1, 3}], [{8, 4}, {6, 7}, {3, 5}, {1, 2}], [{8, 4}, {7}, {5, 6}, {1, 3}, {2}], [{8, 5}, {1, 7}, {2, 6}, {3, 4}], [{8, 5}, {1, 7}, {2, 6}, {4}, {3}], [{8, 5}, {1, 7}, {3, 6}, {2, 4}], [{8, 5}, {1, 7}, {4, 6}, {2, 3}], [{8, 5}, {1, 7}, {4, 6}, {3}, {2}], [{8, 5}, {1, 7}, {6}, {2, 4}, {3}], [{8, 5}, {2, 7}, {1, 6}, {3, 4}], [{8, 5}, {2, 7}, {3, 6}, {1, 4}], [{8, 5}, {2, 7}, {4, 6}, {1, 3}], [{8, 5}, {3, 7}, {1, 6}, {2, 4}], [{8, 5}, {3, 7}, {1, 6}, {4}, {2}], [{8, 5}, {3, 7}, {2, 6}, {1, 4}], [{8, 5}, {3, 7}, {4, 6}, {1, 2}], [{8, 5}, {3, 7}, {6}, {2, 4}, {1}], [{8, 5}, {4, 7}, {1, 6}, {2, 3}], [{8, 5}, {4, 7}, {2, 6}, {1, 3}], [{8, 5}, {4, 7}, {2, 6}, {3}, {1}], [{8, 5}, {4, 7}, {3, 6}, {1, 2}], [{8, 5}, {6, 7}, {1, 4}, {2, 3}], [{8, 5}, {6, 7}, {2, 4}, {1, 3}], [{8, 5}, {6, 7}, {3, 4}, {1, 2}], [{8, 5}, {6, 7}, {4}, {1, 3}, {2}], [{8, 5}, {7}, {2, 6}, {1, 4}, {3}], [{8, 5}, {7}, {4, 6}, {2, 3}, {1}], [{8, 5}, {7}, {6}, {2, 4}, {1, 3}], [{8, 6}, {1, 7}, {2, 5}, {3, 4}], [{8, 6}, {1, 7}, {3, 5}, {2, 4}], [{8, 6}, {1, 7}, {4, 5}, {2, 3}], [{8, 6}, {2, 7}, {1, 5}, {3, 4}], [{8, 6}, {2, 7}, {3, 5}, {1, 4}], [{8, 6}, {2, 7}, {4, 5}, {1, 3}], [{8, 6}, {3, 7}, {1, 5}, {2, 4}], [{8, 6}, {3, 7}, {2, 5}, {1, 4}], [{8, 6}, {3, 7}, {4, 5}, {1, 2}], [{8, 6}, {4, 7}, {1, 5}, {2, 3}], [{8, 6}, {4, 7}, {2, 5}, {1, 3}], [{8, 6}, {4, 7}, {3, 5}, {1, 2}], [{8, 6}, {4, 7}, {5}, {2, 3}, {1}], [{8, 6}, {5, 7}, {1, 4}, {2, 3}], [{8, 6}, {5, 7}, {2, 4}, {1, 3}], [{8, 6}, {5, 7}, {3, 4}, {1, 2}], [{8, 6}, {5, 7}, {4}, {1, 3}, {2}], [{8, 6}, {7}, {2, 5}, {1, 4}, {3}], [{8, 6}, {7}, {5}, {2, 4}, {1, 3}], [{8, 7}, {1, 6}, {2, 5}, {3, 4}], [{8, 7}, {1, 6}, {3, 5}, {2, 4}], [{8, 7}, {1, 6}, {4, 5}, {2, 3}], [{8, 7}, {2, 6}, {1, 5}, {3, 4}], [{8, 7}, {2, 6}, {3, 5}, {1, 4}], [{8, 7}, {2, 6}, {4, 5}, {1, 3}], [{8, 7}, {3, 6}, {1, 5}, {2, 4}], [{8, 7}, {3, 6}, {2, 5}, {1, 4}], [{8, 7}, {3, 6}, {4, 5}, {1, 2}], [{8, 7}, {4, 6}, {1, 5}, {2, 3}], [{8, 7}, {4, 6}, {1, 5}, {3}, {2}], [{8, 7}, {4, 6}, {2, 5}, {1, 3}], [{8, 7}, {4, 6}, {3, 5}, {1, 2}], [{8, 7}, {4, 6}, {5}, {2, 3}, {1}], [{8, 7}, {5, 6}, {1, 4}, {2, 3}], [{8, 7}, {5, 6}, {1, 4}, {3}, {2}], [{8, 7}, {5, 6}, {2, 4}, {1, 3}], [{8, 7}, {5, 6}, {3, 4}, {1, 2}], [{8, 7}, {5, 6}, {3, 4}, {2}, {1}], [{8, 7}, {5, 6}, {4}, {1, 3}, {2}], [{8, 7}, {6}, {5}, {2, 4}, {1, 3}], [{8}, {1, 7}, {2, 6}, {5}, {3, 4}], [{8}, {1, 7}, {3, 6}, {5}, {2, 4}], [{8}, {1, 7}, {4, 6}, {5}, {2, 3}], [{8}, {1, 7}, {5, 6}, {3, 4}, {2}], [{8}, {1, 7}, {6}, {2, 5}, {3, 4}], [{8}, {2, 7}, {4, 6}, {1, 5}, {3}], [{8}, {2, 7}, {5, 6}, {1, 4}, {3}], [{8}, {2, 7}, {5, 6}, {3, 4}, {1}], [{8}, {2, 7}, {5, 6}, {4}, {1, 3}], [{8}, {3, 7}, {4, 6}, {1, 5}, {2}], [{8}, {3, 7}, {4, 6}, {2, 5}, {1}], [{8}, {3, 7}, {4, 6}, {5}, {1, 2}], [{8}, {3, 7}, {5, 6}, {1, 4}, {2}], [{8}, {4, 7}, {2, 6}, {5}, {1, 3}], [{8}, {4, 7}, {3, 6}, {5}, {1, 2}], [{8}, {4, 7}, {5, 6}, {1, 3}, {2}], [{8}, {4, 7}, {6}, {2, 5}, {1, 3}], [{8}, {5, 7}, {4, 6}, {2, 3}, {1}], [{8}, {5, 7}, {6}, {2, 4}, {1, 3}], [{8}, {5, 7}, {6}, {3, 4}, {1, 2}], [{8}, {6, 7}, {5}, {2, 4}, {1, 3}], [{8}, {6, 7}, {5}, {3, 4}, {1, 2}], [{8}, {7}, {4, 6}, {1, 5}, {2, 3}], [{8}, {7}, {4, 6}, {1, 5}, {3}, {2}], [{8}, {7}, {5, 6}, {1, 4}, {2, 3}], [{8}, {7}, {5, 6}, {1, 4}, {3}, {2}], [{8}, {7}, {5, 6}, {2, 4}, {1, 3}], [{8}, {7}, {5, 6}, {3, 4}, {1, 2}], [{8}, {7}, {5, 6}, {3, 4}, {2}, {1}], [{8}, {7}, {5, 6}, {4}, {1, 3}, {2}]]",2,4 K_1^3 - 12 K_1^2 - 22 K_1 K_2 - 2 K_1 K_3 + 8 K_1 - 6 K_2^2 + 7 K_2 + 10 K_3 + 4 K_4 + 10,O1O2O3O4U5U3O5U6U7O6O8U1U8U4O7U2,O1O2O3U2U4O5O4U6O7O6U1U7U8U3O8U5,O1O2O3U4O5U1U5U6U3O7O6U7O8O4U8U2,c,{'O1O2O3O4U3O5U1U6U4O6O7U5U7O8U2U8'},1,"<a href=""/flatknot/8.704357"">8.704357</a>",t^9-43t^7-100t^6-34t^5+40t^4+27t^3+8t^2-4t,t^3-t^2-t,,
8.704358,O1O2O3O4U3O5U1U6U4O6O7U8U2O8U5U7,4,2z^3+33z^2+110z+105,2w^4z^3-4w^4z^2+37w^3z^2+110w^2z+105w,False,False,"[[ 0 -3  0 -1  2  2 -1  2 -1],[ 3  0  2  0  2  3  2  2  2],[ 0 -2  0 -1  2  1 -1  1  0],[ 1  0  1  0  1  1  0  0  1],[-2 -2 -2 -1  0  0 -2  1 -2],[-2 -3 -1 -1  0  0 -2  1 -2],[ 1 -2  1  0  2  2  0  2  0],[-2 -2 -1  0 -1 -1 -2  0 -2],[ 1 -2  0 -1  2  2  0  2  0]]","[[ 0  2  2  2  0 -1 -1 -1 -3],[-2  0  1  0 -1 -1 -2 -2 -3],[-2 -1  0 -1 -1  0 -2 -2 -2],[-2  0  1  0 -2 -1 -2 -2 -2],[ 0  1  1  2  0 -1  0 -1 -2],[ 1  1  0  1  1  0  1  0  0],[ 1  2  2  2  0 -1  0  0 -2],[ 1  2  2  2  1  0  0  0 -2],[ 3  3  2  2  2  0  2  2  0]]",True,"[-2,-2,-2,0,1,1,1,3,-1,0,1,1,2,2,3,1,1,0,2,2,2,2,1,2,2,2,1,0,1,2,-1,0,0,0,2,2]","[-3,-1,-1,-1,0,2,2,2,0,0,2,1,2,3,3,0,0,0,1,1,1,1,1,1,1,1,0,2,2,3,1,0,1,0,-1,-1]",t^8+66t^6+169t^4+52t^2+1,"[-3,-1,-1,-1,0,2,2,2,0,0,2,1,2,3,3,0,0,0,1,1,1,1,1,1,1,1,0,2,2,3,1,0,1,0,-1,-1]","[-2,-2,-2,0,1,1,1,3,-1,-1,1,1,1,3,3,0,0,1,1,2,3,1,1,1,2,2,0,1,0,1,0,0,0,-1,0,2]","[-3,-1,-1,-1,0,2,2,2,0,2,2,2,2,2,3,0,1,1,0,1,1,0,1,2,2,2,0,2,2,2,1,2,1,-1,-1,0]",c,"[[{8, 5}, {3, 7}, {2, 6}, {1, 4}]]",1,4 K_1^2 K_2 - 8 K_1^2 - 14 K_1 K_2 - 6 K_1 K_3 + 7 K_1 - 6 K_2^2 + 5 K_2 + 7 K_3 + 5 K_4 + 7,O1O2O3O4U5U6O7U3U7O5O8U1U8U4O6U2,O1O2O3U2U4O5O6U5O7O4U1U6U8U3O8U7,O1O2O3U4O5U1U5U6U3O7O4U8O6O8U7U2,c,{'O1O2O3O4U3O5U1U6U4O6O7U8U2O8U5U7'},1,"<a href=""/flatknot/8.704358"">8.704358</a>",t^9-66t^7-254t^6-98t^5+446t^4+209t^3-206t^2-44t-24,t^3-3t^2+3t,,
8.704359,O1O2O3O4U3O5U1U6U4O6O7U8U5O8U2U7,3,8z^2+45z+59,-4w^4z^2+12w^3z^2-4w^3z+49w^2z+59w,False,False,"[[ 0 -3  0 -1  2  2 -1  2 -1],[ 3  0  3  0  2  2  2  2  2],[ 0 -3  0 -1  1  2 -1  2 -1],[ 1  0  1  0  1  1  0  0  1],[-2 -2 -1 -1  0  0 -2  1 -3],[-2 -2 -2 -1  0  0 -2  0 -2],[ 1 -2  1  0  2  2  0  2  0],[-2 -2 -2  0 -1  0 -2  0 -2],[ 1 -2  1 -1  3  2  0  2  0]]","[[ 0  2  2  2  0 -1 -1 -1 -3],[-2  0  1  0 -1 -1 -2 -3 -2],[-2 -1  0  0 -2  0 -2 -2 -2],[-2  0  0  0 -2 -1 -2 -2 -2],[ 0  1  2  2  0 -1 -1 -1 -3],[ 1  1  0  1  1  0  0  1  0],[ 1  2  2  2  1  0  0  0 -2],[ 1  3  2  2  1 -1  0  0 -2],[ 3  2  2  2  3  0  2  2  0]]",True,"[-2,-2,-2,0,1,1,1,3,-1,0,1,1,2,3,2,0,2,0,2,2,2,2,1,2,2,2,1,1,1,3,0,-1,0,0,2,2]","[-3,-1,-1,-1,0,2,2,2,0,0,2,0,3,3,3,0,0,0,1,1,1,1,0,0,1,1,0,2,2,3,1,0,0,0,-1,0]",t^8+74t^6+194t^4+87t^2,"[-3,-1,-1,-1,0,2,2,2,0,0,2,0,3,3,3,0,0,0,1,1,1,1,0,0,1,1,0,2,2,3,1,0,0,0,-1,0]","[-2,-2,-2,0,1,1,1,3,-1,0,0,1,1,3,3,0,1,0,1,2,3,0,1,1,2,3,0,0,0,0,0,-1,0,0,0,2]","[-3,-1,-1,-1,0,2,2,2,0,2,2,3,2,2,2,0,1,1,0,1,1,0,1,2,2,2,1,2,2,3,2,2,1,0,-1,0]",c,"[[{8, 1}, {5, 7}, {3, 6}, {2, 4}], [{8, 2}, {1, 7}, {5, 6}, {3, 4}], [{8, 2}, {6, 7}, {1, 5}, {3, 4}], [{8, 5}, {1, 7}, {2, 6}, {3, 4}], [{8, 5}, {1, 7}, {2, 6}, {4}, {3}], [{8, 5}, {6, 7}, {3, 4}, {1, 2}], [{8, 6}, {3, 7}, {2, 5}, {1, 4}], [{8, 7}, {2, 6}, {1, 5}, {3, 4}], [{8, 7}, {5, 6}, {3, 4}, {1, 2}]]",1,- 10 K_1^2 - 14 K_1 K_2 + 7 K_1 - 4 K_2^2 + 5 K_2 + 7 K_3 + 2 K_4 + 8,O1O2O3O4U5U3O6U7U6O5O8U1U8U4O7U2,O1O2O3U2U4O5O6U5O7O4U1U7U8U3O8U6,O1O2O3U4O5U1U5U6U3O7O6U8O4O8U7U2,c,{'O1O2O3O4U3O5U1U6U4O6O7U8U5O8U2U7'},1,"<a href=""/flatknot/8.704359"">8.704359</a>",t^9-74t^7-298t^6-101t^5+520t^4+213t^3-192t^2-32t,t^3-3t^2+3t,,
8.704360,O1O2O3O4U3O5U1U6U5O6O7U2U4O8U7U8,4,14z^2+99z+143,14w^3z^2+99w^2z+143w,False,False,"[[ 0 -3 -1 -1  2  2 -1  1  1],[ 3  0  2  0  4  1  2  2  0],[ 1 -2  0  0  2  1  0  2  1],[ 1  0  0  0  1  0  1  1  0],[-2 -4 -2 -1  0  1 -3  1  1],[-2 -1 -1  0 -1  0 -2  0  0],[ 1 -2  0 -1  3  2  0  1  1],[-1 -2 -2 -1 -1  0 -1  0  1],[-1  0 -1  0 -1  0 -1 -1  0]]","[[ 0  2  2  1  1 -1 -1 -1 -3],[-2  0  1  1  1 -1 -2 -3 -4],[-2 -1  0  0  0  0 -1 -2 -1],[-1 -1  0  0  1 -1 -2 -1 -2],[-1 -1  0 -1  0  0 -1 -1  0],[ 1  1  0  1  0  0  0  1  0],[ 1  2  1  2  1  0  0  0 -2],[ 1  3  2  1  1 -1  0  0 -2],[ 3  4  1  2  0  0  2  2  0]]",True,"[-2,-2,-1,-1,1,1,1,3,-1,-1,-1,1,2,3,4,0,0,0,1,2,1,-1,1,2,1,2,0,1,1,0,0,-1,0,0,2,2]","[-3,-1,-1,-1,1,1,2,2,0,0,2,2,4,1,4,0,0,0,1,1,2,1,1,1,0,1,1,2,2,3,-1,2,1,2,1,-1]",t^8+61t^6+167t^4+52t^2+1,"[-3,-1,-1,-1,1,1,2,2,0,0,2,2,4,1,4,0,0,0,1,1,2,1,1,1,0,1,1,2,2,3,-1,2,1,2,1,-1]","[-2,-2,-1,-1,1,1,1,3,-1,1,1,1,2,3,4,2,2,0,1,2,1,-1,1,1,2,4,1,0,1,2,0,-1,0,0,0,2]","[-3,-1,-1,-1,1,1,2,2,0,2,2,0,2,1,4,0,1,0,1,0,1,0,1,2,1,2,1,1,2,3,-1,0,-1,0,-1,-1]",c,"[[{8, 1}, {2, 7}, {3, 6}, {4, 5}], [{8, 1}, {2, 7}, {3, 6}, {5}, {4}], [{8, 1}, {2, 7}, {4, 6}, {3, 5}], [{8, 1}, {2, 7}, {5, 6}, {3, 4}], [{8, 1}, {3, 7}, {2, 6}, {4, 5}], [{8, 1}, {3, 7}, {4, 6}, {2, 5}], [{8, 1}, {3, 7}, {5, 6}, {2, 4}], [{8, 1}, {3, 7}, {6}, {5}, {2, 4}], [{8, 1}, {4, 7}, {2, 6}, {3, 5}], [{8, 1}, {4, 7}, {3, 6}, {2, 5}], [{8, 1}, {4, 7}, {5, 6}, {2, 3}], [{8, 1}, {4, 7}, {6}, {3, 5}, {2}], [{8, 1}, {5, 7}, {2, 6}, {3, 4}], [{8, 1}, {5, 7}, {3, 6}, {2, 4}], [{8, 1}, {5, 7}, {3, 6}, {4}, {2}], [{8, 1}, {5, 7}, {4, 6}, {2, 3}], [{8, 1}, {5, 7}, {4, 6}, {3}, {2}], [{8, 1}, {5, 7}, {6}, {3, 4}, {2}], [{8, 1}, {6, 7}, {2, 5}, {3, 4}], [{8, 1}, {6, 7}, {3, 5}, {2, 4}], [{8, 1}, {6, 7}, {4, 5}, {2, 3}], [{8, 1}, {6, 7}, {4, 5}, {3}, {2}], [{8, 1}, {7}, {3, 6}, {2, 5}, {4}], [{8, 2}, {1, 7}, {3, 6}, {4, 5}], [{8, 2}, {1, 7}, {3, 6}, {5}, {4}], [{8, 2}, {1, 7}, {4, 6}, {3, 5}], [{8, 2}, {1, 7}, {4, 6}, {5}, {3}], [{8, 2}, {1, 7}, {5, 6}, {3, 4}], [{8, 2}, {1, 7}, {6}, {5}, {3, 4}], [{8, 2}, {3, 7}, {1, 6}, {4, 5}], [{8, 2}, {3, 7}, {4, 6}, {1, 5}], [{8, 2}, {3, 7}, {5, 6}, {1, 4}], [{8, 2}, {3, 7}, {6}, {5}, {1, 4}], [{8, 2}, {4, 7}, {1, 6}, {3, 5}], [{8, 2}, {4, 7}, {3, 6}, {1, 5}], [{8, 2}, {4, 7}, {5, 6}, {1, 3}], [{8, 2}, {5, 7}, {1, 6}, {3, 4}], [{8, 2}, {5, 7}, {1, 6}, {4}, {3}], [{8, 2}, {5, 7}, {3, 6}, {1, 4}], [{8, 2}, {5, 7}, {3, 6}, {4}, {1}], [{8, 2}, {5, 7}, {4, 6}, {1, 3}], [{8, 2}, {5, 7}, {4, 6}, {3}, {1}], [{8, 2}, {5, 7}, {6}, {1, 4}, {3}], [{8, 2}, {5, 7}, {6}, {3, 4}, {1}], [{8, 2}, {5, 7}, {6}, {4}, {1, 3}], [{8, 2}, {5, 7}, {6}, {4}, {3}, {1}], [{8, 2}, {6, 7}, {1, 5}, {3, 4}], [{8, 2}, {6, 7}, {3, 5}, {1, 4}], [{8, 2}, {6, 7}, {4, 5}, {1, 3}], [{8, 2}, {6, 7}, {5}, {4}, {1, 3}], [{8, 2}, {7}, {3, 6}, {1, 5}, {4}], [{8, 2}, {7}, {4, 6}, {1, 5}, {3}], [{8, 2}, {7}, {5, 6}, {4}, {1, 3}], [{8, 2}, {7}, {6}, {1, 5}, {3, 4}], [{8, 2}, {7}, {6}, {3, 5}, {1, 4}], [{8, 3}, {1, 7}, {2, 6}, {4, 5}], [{8, 3}, {1, 7}, {4, 6}, {2, 5}], [{8, 3}, {1, 7}, {5, 6}, {2, 4}], [{8, 3}, {2, 7}, {1, 6}, {4, 5}], [{8, 3}, {2, 7}, {4, 6}, {1, 5}], [{8, 3}, {2, 7}, {5, 6}, {1, 4}], [{8, 3}, {2, 7}, {6}, {1, 5}, {4}], [{8, 3}, {4, 7}, {1, 6}, {2, 5}], [{8, 3}, {4, 7}, {2, 6}, {1, 5}], [{8, 3}, {4, 7}, {5, 6}, {1, 2}], [{8, 3}, {4, 7}, {6}, {2, 5}, {1}], [{8, 3}, {5, 7}, {1, 6}, {2, 4}], [{8, 3}, {5, 7}, {2, 6}, {1, 4}], [{8, 3}, {5, 7}, {2, 6}, {4}, {1}], [{8, 3}, {5, 7}, {4, 6}, {1, 2}], [{8, 3}, {5, 7}, {4, 6}, {2}, {1}], [{8, 3}, {5, 7}, {6}, {2, 4}, {1}], [{8, 3}, {6, 7}, {1, 5}, {2, 4}], [{8, 3}, {6, 7}, {2, 5}, {1, 4}], [{8, 3}, {6, 7}, {4, 5}, {1, 2}], [{8, 3}, {6, 7}, {5}, {4}, {1, 2}], [{8, 3}, {7}, {6}, {4, 5}, {1, 2}], [{8, 4}, {1, 7}, {2, 6}, {3, 5}], [{8, 4}, {1, 7}, {3, 6}, {2, 5}], [{8, 4}, {1, 7}, {5, 6}, {2, 3}], [{8, 4}, {2, 7}, {1, 6}, {3, 5}], [{8, 4}, {2, 7}, {1, 6}, {5}, {3}], [{8, 4}, {2, 7}, {3, 6}, {1, 5}], [{8, 4}, {2, 7}, {5, 6}, {1, 3}], [{8, 4}, {2, 7}, {5, 6}, {3}, {1}], [{8, 4}, {2, 7}, {6}, {1, 5}, {3}], [{8, 4}, {3, 7}, {1, 6}, {2, 5}], [{8, 4}, {3, 7}, {2, 6}, {1, 5}], [{8, 4}, {3, 7}, {5, 6}, {1, 2}], [{8, 4}, {5, 7}, {1, 6}, {2, 3}], [{8, 4}, {5, 7}, {2, 6}, {1, 3}], [{8, 4}, {5, 7}, {2, 6}, {3}, {1}], [{8, 4}, {5, 7}, {3, 6}, {1, 2}], [{8, 4}, {5, 7}, {3, 6}, {2}, {1}], [{8, 4}, {5, 7}, {6}, {2, 3}, {1}], [{8, 4}, {6, 7}, {1, 5}, {2, 3}], [{8, 4}, {6, 7}, {2, 5}, {1, 3}], [{8, 4}, {6, 7}, {3, 5}, {1, 2}], [{8, 4}, {6, 7}, {5}, {1, 3}, {2}], [{8, 5}, {1, 7}, {2, 6}, {3, 4}], [{8, 5}, {1, 7}, {2, 6}, {4}, {3}], [{8, 5}, {1, 7}, {3, 6}, {2, 4}], [{8, 5}, {1, 7}, {4, 6}, {2, 3}], [{8, 5}, {1, 7}, {6}, {3, 4}, {2}], [{8, 5}, {2, 7}, {1, 6}, {3, 4}], [{8, 5}, {2, 7}, {3, 6}, {1, 4}], [{8, 5}, {2, 7}, {4, 6}, {1, 3}], [{8, 5}, {2, 7}, {6}, {1, 4}, {3}], [{8, 5}, {3, 7}, {1, 6}, {2, 4}], [{8, 5}, {3, 7}, {2, 6}, {1, 4}], [{8, 5}, {3, 7}, {4, 6}, {1, 2}], [{8, 5}, {4, 7}, {1, 6}, {2, 3}], [{8, 5}, {4, 7}, {2, 6}, {1, 3}], [{8, 5}, {4, 7}, {3, 6}, {1, 2}], [{8, 5}, {6, 7}, {1, 4}, {2, 3}], [{8, 5}, {6, 7}, {2, 4}, {1, 3}], [{8, 5}, {6, 7}, {3, 4}, {1, 2}], [{8, 5}, {6, 7}, {4}, {3}, {1, 2}], [{8, 5}, {7}, {6}, {2, 4}, {1, 3}], [{8, 6}, {1, 7}, {2, 5}, {3, 4}], [{8, 6}, {1, 7}, {2, 5}, {4}, {3}], [{8, 6}, {1, 7}, {3, 5}, {2, 4}], [{8, 6}, {1, 7}, {3, 5}, {4}, {2}], [{8, 6}, {1, 7}, {4, 5}, {2, 3}], [{8, 6}, {1, 7}, {4, 5}, {3}, {2}], [{8, 6}, {1, 7}, {5}, {2, 4}, {3}], [{8, 6}, {1, 7}, {5}, {3, 4}, {2}], [{8, 6}, {1, 7}, {5}, {4}, {2, 3}], [{8, 6}, {2, 7}, {1, 5}, {3, 4}], [{8, 6}, {2, 7}, {3, 5}, {1, 4}], [{8, 6}, {2, 7}, {4, 5}, {1, 3}], [{8, 6}, {2, 7}, {4, 5}, {3}, {1}], [{8, 6}, {3, 7}, {1, 5}, {2, 4}], [{8, 6}, {3, 7}, {2, 5}, {1, 4}], [{8, 6}, {3, 7}, {4, 5}, {1, 2}], [{8, 6}, {4, 7}, {1, 5}, {2, 3}], [{8, 6}, {4, 7}, {2, 5}, {1, 3}], [{8, 6}, {4, 7}, {3, 5}, {1, 2}], [{8, 6}, {5, 7}, {1, 4}, {2, 3}], [{8, 6}, {5, 7}, {2, 4}, {1, 3}], [{8, 6}, {5, 7}, {2, 4}, {3}, {1}], [{8, 6}, {5, 7}, {3, 4}, {1, 2}], [{8, 6}, {5, 7}, {3, 4}, {2}, {1}], [{8, 6}, {5, 7}, {4}, {2, 3}, {1}], [{8, 6}, {7}, {1, 5}, {2, 4}, {3}], [{8, 6}, {7}, {1, 5}, {3, 4}, {2}], [{8, 6}, {7}, {1, 5}, {4}, {2, 3}], [{8, 6}, {7}, {4, 5}, {3}, {1, 2}], [{8, 7}, {1, 6}, {2, 5}, {3, 4}], [{8, 7}, {1, 6}, {2, 5}, {4}, {3}], [{8, 7}, {1, 6}, {3, 5}, {2, 4}], [{8, 7}, {1, 6}, {4, 5}, {2, 3}], [{8, 7}, {2, 6}, {1, 5}, {3, 4}], [{8, 7}, {2, 6}, {3, 5}, {1, 4}], [{8, 7}, {2, 6}, {4, 5}, {1, 3}], [{8, 7}, {2, 6}, {4, 5}, {3}, {1}], [{8, 7}, {3, 6}, {1, 5}, {2, 4}], [{8, 7}, {3, 6}, {2, 5}, {1, 4}], [{8, 7}, {3, 6}, {4, 5}, {1, 2}], [{8, 7}, {4, 6}, {1, 5}, {2, 3}], [{8, 7}, {4, 6}, {2, 5}, {1, 3}], [{8, 7}, {4, 6}, {3, 5}, {1, 2}], [{8, 7}, {5, 6}, {1, 4}, {2, 3}], [{8, 7}, {5, 6}, {2, 4}, {1, 3}], [{8, 7}, {5, 6}, {3, 4}, {1, 2}], [{8, 7}, {6}, {1, 5}, {2, 4}, {3}], [{8, 7}, {6}, {1, 5}, {3, 4}, {2}], [{8, 7}, {6}, {1, 5}, {4}, {2, 3}], [{8, 7}, {6}, {4, 5}, {1, 3}, {2}], [{8}, {1, 7}, {2, 6}, {5}, {3, 4}], [{8}, {1, 7}, {5, 6}, {3, 4}, {2}], [{8}, {1, 7}, {6}, {2, 5}, {3, 4}], [{8}, {1, 7}, {6}, {3, 5}, {2, 4}], [{8}, {1, 7}, {6}, {4, 5}, {2, 3}], [{8}, {1, 7}, {6}, {5}, {3, 4}, {2}], [{8}, {2, 7}, {4, 6}, {3, 5}, {1}], [{8}, {2, 7}, {6}, {1, 5}, {3, 4}], [{8}, {3, 7}, {4, 6}, {2, 5}, {1}], [{8}, {3, 7}, {5, 6}, {1, 4}, {2}], [{8}, {4, 7}, {3, 6}, {5}, {1, 2}], [{8}, {5, 7}, {1, 6}, {3, 4}, {2}], [{8}, {5, 7}, {2, 6}, {3, 4}, {1}], [{8}, {5, 7}, {3, 6}, {1, 4}, {2}], [{8}, {5, 7}, {3, 6}, {2, 4}, {1}], [{8}, {5, 7}, {3, 6}, {4}, {1, 2}], [{8}, {5, 7}, {3, 6}, {4}, {2}, {1}], [{8}, {5, 7}, {4, 6}, {1, 3}, {2}], [{8}, {5, 7}, {4, 6}, {2, 3}, {1}], [{8}, {5, 7}, {4, 6}, {3}, {1, 2}], [{8}, {5, 7}, {4, 6}, {3}, {2}, {1}], [{8}, {5, 7}, {6}, {3, 4}, {1, 2}], [{8}, {5, 7}, {6}, {3, 4}, {2}, {1}], [{8}, {6, 7}, {1, 5}, {2, 4}, {3}], [{8}, {6, 7}, {1, 5}, {3, 4}, {2}], [{8}, {6, 7}, {1, 5}, {4}, {2, 3}], [{8}, {6, 7}, {2, 5}, {1, 4}, {3}], [{8}, {6, 7}, {3, 5}, {1, 4}, {2}], [{8}, {6, 7}, {3, 5}, {2, 4}, {1}], [{8}, {6, 7}, {3, 5}, {4}, {1, 2}], [{8}, {6, 7}, {4, 5}, {2, 3}, {1}], [{8}, {6, 7}, {5}, {1, 4}, {2, 3}], [{8}, {6, 7}, {5}, {2, 4}, {1, 3}], [{8}, {7}, {1, 6}, {3, 5}, {2, 4}], [{8}, {7}, {1, 6}, {4, 5}, {2, 3}], [{8}, {7}, {2, 6}, {1, 5}, {3, 4}], [{8}, {7}, {3, 6}, {4, 5}, {1, 2}], [{8}, {7}, {6}, {1, 5}, {3, 4}, {2}]]",2,4 K_1^3 - 32 K_1^2 - 18 K_1 K_2 + 6 K_1 + 16 K_2 + 8 K_3 + 17,O1O2O3O4U5U6O5U1U3O6O7U8U7U4O8U2,O1O2O3U2U4O5O6U7O4O7U1U5U8U6O8U3,O1O2O3U1O4U5U4U6U3O7O8U7O5O6U8U2,c,{'O1O2O3O4U3O5U1U6U5O6O7U2U4O8U7U8'},1,"<a href=""/flatknot/8.704360"">8.704360</a>",t^9-63t^7-206t^6-13t^5+340t^4+74t^3-24t^2-47t+10,t^3-2t^2+t,,
8.704361,O1O2O3O4U3O5U1U6U5O6O7U2U7O8U4U8,4,19z^2+88z+101,19w^3z^2+88w^2z+101w,False,False,"[[ 0 -3 -1 -1  2  2 -1  1  1],[ 3  0  2  0  4  1  2  1  1],[ 1 -2  0  0  3  1  0  1  1],[ 1  0  0  0  1  0  1  0  1],[-2 -4 -3 -1  0  1 -3  0  1],[-2 -1 -1  0 -1  0 -2  0  0],[ 1 -2  0 -1  3  2  0  1  1],[-1 -1 -1  0  0  0 -1  0  0],[-1 -1 -1 -1 -1  0 -1  0  0]]","[[ 0  2  2  1  1 -1 -1 -1 -3],[-2  0  1  1  0 -1 -3 -3 -4],[-2 -1  0  0  0  0 -1 -2 -1],[-1 -1  0  0  0 -1 -1 -1 -1],[-1  0  0  0  0  0 -1 -1 -1],[ 1  1  0  1  0  0  0  1  0],[ 1  3  1  1  1  0  0  0 -2],[ 1  3  2  1  1 -1  0  0 -2],[ 3  4  1  1  1  0  2  2  0]]",True,"[-2,-2,-1,-1,1,1,1,3,-1,-1,0,1,3,3,4,0,0,0,1,2,1,0,1,1,1,1,0,1,1,1,0,-1,0,0,2,2]","[-3,-1,-1,-1,1,1,2,2,0,0,2,3,3,1,4,0,0,1,1,0,2,1,1,1,0,1,1,2,2,3,0,2,1,1,1,-1]",t^8+59t^6+107t^4+27t^2+1,"[-3,-1,-1,-1,1,1,2,2,0,0,2,3,3,1,4,0,0,1,1,0,2,1,1,1,0,1,1,2,2,3,0,2,1,1,1,-1]","[-2,-2,-1,-1,1,1,1,3,-1,1,1,1,2,3,4,1,2,0,0,2,1,0,1,1,2,3,1,1,1,3,0,-1,0,0,0,2]","[-3,-1,-1,-1,1,1,2,2,0,2,2,1,1,1,4,0,1,0,1,0,1,0,1,1,1,3,1,1,2,3,0,0,0,0,-1,-1]",c,"[[{8, 1}, {2, 7}, {3, 6}, {4, 5}], [{8, 1}, {2, 7}, {4, 6}, {3, 5}], [{8, 1}, {2, 7}, {5, 6}, {3, 4}], [{8, 1}, {3, 7}, {2, 6}, {4, 5}], [{8, 1}, {3, 7}, {4, 6}, {2, 5}], [{8, 1}, {3, 7}, {5, 6}, {2, 4}], [{8, 1}, {3, 7}, {6}, {5}, {2, 4}], [{8, 1}, {4, 7}, {2, 6}, {3, 5}], [{8, 1}, {4, 7}, {3, 6}, {2, 5}], [{8, 1}, {4, 7}, {5, 6}, {2, 3}], [{8, 1}, {4, 7}, {6}, {3, 5}, {2}], [{8, 1}, {5, 7}, {2, 6}, {3, 4}], [{8, 1}, {5, 7}, {3, 6}, {2, 4}], [{8, 1}, {5, 7}, {4, 6}, {2, 3}], [{8, 1}, {6, 7}, {2, 5}, {3, 4}], [{8, 1}, {6, 7}, {3, 5}, {2, 4}], [{8, 1}, {6, 7}, {4, 5}, {2, 3}], [{8, 1}, {6, 7}, {5}, {4}, {2, 3}], [{8, 1}, {7}, {2, 6}, {4, 5}, {3}], [{8, 1}, {7}, {3, 6}, {4, 5}, {2}], [{8, 1}, {7}, {4, 6}, {2, 5}, {3}], [{8, 1}, {7}, {5, 6}, {2, 4}, {3}], [{8, 1}, {7}, {6}, {4, 5}, {2, 3}], [{8, 2}, {1, 7}, {3, 6}, {4, 5}], [{8, 2}, {1, 7}, {4, 6}, {3, 5}], [{8, 2}, {1, 7}, {5, 6}, {3, 4}], [{8, 2}, {1, 7}, {6}, {3, 5}, {4}], [{8, 2}, {3, 7}, {1, 6}, {4, 5}], [{8, 2}, {3, 7}, {4, 6}, {1, 5}], [{8, 2}, {3, 7}, {5, 6}, {1, 4}], [{8, 2}, {3, 7}, {6}, {5}, {1, 4}], [{8, 2}, {4, 7}, {1, 6}, {3, 5}], [{8, 2}, {4, 7}, {3, 6}, {1, 5}], [{8, 2}, {4, 7}, {5, 6}, {1, 3}], [{8, 2}, {4, 7}, {6}, {1, 5}, {3}], [{8, 2}, {5, 7}, {1, 6}, {3, 4}], [{8, 2}, {5, 7}, {3, 6}, {1, 4}], [{8, 2}, {5, 7}, {3, 6}, {4}, {1}], [{8, 2}, {5, 7}, {4, 6}, {1, 3}], [{8, 2}, {5, 7}, {4, 6}, {3}, {1}], [{8, 2}, {5, 7}, {6}, {3, 4}, {1}], [{8, 2}, {6, 7}, {1, 5}, {3, 4}], [{8, 2}, {6, 7}, {3, 5}, {1, 4}], [{8, 2}, {6, 7}, {4, 5}, {1, 3}], [{8, 2}, {6, 7}, {4, 5}, {3}, {1}], [{8, 2}, {7}, {5, 6}, {1, 4}, {3}], [{8, 2}, {7}, {6}, {4, 5}, {1, 3}], [{8, 3}, {1, 7}, {2, 6}, {4, 5}], [{8, 3}, {1, 7}, {2, 6}, {5}, {4}], [{8, 3}, {1, 7}, {4, 6}, {2, 5}], [{8, 3}, {1, 7}, {5, 6}, {2, 4}], [{8, 3}, {1, 7}, {6}, {4, 5}, {2}], [{8, 3}, {2, 7}, {1, 6}, {4, 5}], [{8, 3}, {2, 7}, {1, 6}, {5}, {4}], [{8, 3}, {2, 7}, {4, 6}, {1, 5}], [{8, 3}, {2, 7}, {5, 6}, {1, 4}], [{8, 3}, {4, 7}, {1, 6}, {2, 5}], [{8, 3}, {4, 7}, {2, 6}, {1, 5}], [{8, 3}, {4, 7}, {5, 6}, {1, 2}], [{8, 3}, {4, 7}, {6}, {1, 5}, {2}], [{8, 3}, {5, 7}, {1, 6}, {2, 4}], [{8, 3}, {5, 7}, {2, 6}, {1, 4}], [{8, 3}, {5, 7}, {4, 6}, {1, 2}], [{8, 3}, {6, 7}, {1, 5}, {2, 4}], [{8, 3}, {6, 7}, {1, 5}, {4}, {2}], [{8, 3}, {6, 7}, {2, 5}, {1, 4}], [{8, 3}, {6, 7}, {4, 5}, {1, 2}], [{8, 3}, {7}, {2, 6}, {4, 5}, {1}], [{8, 3}, {7}, {4, 6}, {1, 5}, {2}], [{8, 3}, {7}, {5, 6}, {1, 4}, {2}], [{8, 3}, {7}, {5, 6}, {2, 4}, {1}], [{8, 3}, {7}, {5, 6}, {4}, {1, 2}], [{8, 4}, {1, 7}, {2, 6}, {3, 5}], [{8, 4}, {1, 7}, {2, 6}, {5}, {3}], [{8, 4}, {1, 7}, {3, 6}, {2, 5}], [{8, 4}, {1, 7}, {5, 6}, {2, 3}], [{8, 4}, {1, 7}, {6}, {3, 5}, {2}], [{8, 4}, {2, 7}, {1, 6}, {3, 5}], [{8, 4}, {2, 7}, {3, 6}, {1, 5}], [{8, 4}, {2, 7}, {5, 6}, {1, 3}], [{8, 4}, {2, 7}, {6}, {1, 5}, {3}], [{8, 4}, {2, 7}, {6}, {3, 5}, {1}], [{8, 4}, {2, 7}, {6}, {5}, {1, 3}], [{8, 4}, {3, 7}, {1, 6}, {2, 5}], [{8, 4}, {3, 7}, {2, 6}, {1, 5}], [{8, 4}, {3, 7}, {5, 6}, {1, 2}], [{8, 4}, {5, 7}, {1, 6}, {2, 3}], [{8, 4}, {5, 7}, {2, 6}, {1, 3}], [{8, 4}, {5, 7}, {3, 6}, {1, 2}], [{8, 4}, {6, 7}, {1, 5}, {2, 3}], [{8, 4}, {6, 7}, {2, 5}, {1, 3}], [{8, 4}, {6, 7}, {3, 5}, {1, 2}], [{8, 4}, {6, 7}, {3, 5}, {2}, {1}], [{8, 4}, {7}, {1, 6}, {3, 5}, {2}], [{8, 4}, {7}, {2, 6}, {3, 5}, {1}], [{8, 4}, {7}, {6}, {3, 5}, {1, 2}], [{8, 4}, {7}, {6}, {3, 5}, {2}, {1}], [{8, 5}, {1, 7}, {2, 6}, {3, 4}], [{8, 5}, {1, 7}, {2, 6}, {4}, {3}], [{8, 5}, {1, 7}, {3, 6}, {2, 4}], [{8, 5}, {1, 7}, {4, 6}, {2, 3}], [{8, 5}, {1, 7}, {6}, {3, 4}, {2}], [{8, 5}, {2, 7}, {1, 6}, {3, 4}], [{8, 5}, {2, 7}, {3, 6}, {1, 4}], [{8, 5}, {2, 7}, {4, 6}, {1, 3}], [{8, 5}, {2, 7}, {6}, {4}, {1, 3}], [{8, 5}, {3, 7}, {1, 6}, {2, 4}], [{8, 5}, {3, 7}, {2, 6}, {1, 4}], [{8, 5}, {3, 7}, {4, 6}, {1, 2}], [{8, 5}, {4, 7}, {1, 6}, {2, 3}], [{8, 5}, {4, 7}, {2, 6}, {1, 3}], [{8, 5}, {4, 7}, {3, 6}, {1, 2}], [{8, 5}, {4, 7}, {6}, {1, 3}, {2}], [{8, 5}, {6, 7}, {1, 4}, {2, 3}], [{8, 5}, {6, 7}, {2, 4}, {1, 3}], [{8, 5}, {6, 7}, {3, 4}, {1, 2}], [{8, 5}, {6, 7}, {4}, {3}, {1, 2}], [{8, 5}, {7}, {1, 6}, {4}, {2, 3}], [{8, 5}, {7}, {2, 6}, {3, 4}, {1}], [{8, 5}, {7}, {4, 6}, {2, 3}, {1}], [{8, 5}, {7}, {6}, {1, 4}, {2, 3}], [{8, 5}, {7}, {6}, {2, 4}, {1, 3}], [{8, 6}, {1, 7}, {2, 5}, {3, 4}], [{8, 6}, {1, 7}, {3, 5}, {2, 4}], [{8, 6}, {1, 7}, {3, 5}, {4}, {2}], [{8, 6}, {1, 7}, {4, 5}, {2, 3}], [{8, 6}, {2, 7}, {1, 5}, {3, 4}], [{8, 6}, {2, 7}, {3, 5}, {1, 4}], [{8, 6}, {2, 7}, {4, 5}, {1, 3}], [{8, 6}, {2, 7}, {4, 5}, {3}, {1}], [{8, 6}, {3, 7}, {1, 5}, {2, 4}], [{8, 6}, {3, 7}, {2, 5}, {1, 4}], [{8, 6}, {3, 7}, {4, 5}, {1, 2}], [{8, 6}, {4, 7}, {1, 5}, {2, 3}], [{8, 6}, {4, 7}, {2, 5}, {1, 3}], [{8, 6}, {4, 7}, {3, 5}, {1, 2}], [{8, 6}, {5, 7}, {1, 4}, {2, 3}], [{8, 6}, {5, 7}, {2, 4}, {1, 3}], [{8, 6}, {5, 7}, {3, 4}, {1, 2}], [{8, 6}, {7}, {2, 5}, {4}, {1, 3}], [{8, 6}, {7}, {4, 5}, {1, 3}, {2}], [{8, 6}, {7}, {5}, {1, 4}, {2, 3}], [{8, 6}, {7}, {5}, {2, 4}, {1, 3}], [{8, 7}, {1, 6}, {2, 5}, {3, 4}], [{8, 7}, {1, 6}, {3, 5}, {2, 4}], [{8, 7}, {1, 6}, {4, 5}, {2, 3}], [{8, 7}, {2, 6}, {1, 5}, {3, 4}], [{8, 7}, {2, 6}, {3, 5}, {1, 4}], [{8, 7}, {2, 6}, {4, 5}, {1, 3}], [{8, 7}, {2, 6}, {4, 5}, {3}, {1}], [{8, 7}, {3, 6}, {1, 5}, {2, 4}], [{8, 7}, {3, 6}, {1, 5}, {4}, {2}], [{8, 7}, {3, 6}, {2, 5}, {1, 4}], [{8, 7}, {3, 6}, {4, 5}, {1, 2}], [{8, 7}, {4, 6}, {1, 5}, {2, 3}], [{8, 7}, {4, 6}, {1, 5}, {3}, {2}], [{8, 7}, {4, 6}, {2, 5}, {1, 3}], [{8, 7}, {4, 6}, {3, 5}, {1, 2}], [{8, 7}, {5, 6}, {1, 4}, {2, 3}], [{8, 7}, {5, 6}, {2, 4}, {1, 3}], [{8, 7}, {5, 6}, {3, 4}, {1, 2}], [{8, 7}, {6}, {1, 5}, {3, 4}, {2}], [{8, 7}, {6}, {2, 5}, {3, 4}, {1}], [{8, 7}, {6}, {3, 5}, {1, 4}, {2}], [{8, 7}, {6}, {4, 5}, {1, 3}, {2}], [{8, 7}, {6}, {5}, {3, 4}, {1, 2}], [{8}, {1, 7}, {2, 6}, {3, 5}, {4}], [{8}, {1, 7}, {2, 6}, {4, 5}, {3}], [{8}, {1, 7}, {2, 6}, {5}, {3, 4}], [{8}, {1, 7}, {4, 6}, {3, 5}, {2}], [{8}, {1, 7}, {6}, {3, 5}, {2, 4}], [{8}, {1, 7}, {6}, {3, 5}, {4}, {2}], [{8}, {2, 7}, {3, 6}, {5}, {1, 4}], [{8}, {2, 7}, {6}, {4, 5}, {1, 3}], [{8}, {3, 7}, {2, 6}, {4, 5}, {1}], [{8}, {3, 7}, {4, 6}, {1, 5}, {2}], [{8}, {3, 7}, {4, 6}, {2, 5}, {1}], [{8}, {3, 7}, {4, 6}, {5}, {1, 2}], [{8}, {4, 7}, {6}, {1, 5}, {2, 3}], [{8}, {5, 7}, {3, 6}, {1, 4}, {2}], [{8}, {6, 7}, {1, 5}, {2, 4}, {3}], [{8}, {6, 7}, {4, 5}, {1, 3}, {2}], [{8}, {7}, {2, 6}, {4, 5}, {1, 3}], [{8}, {7}, {2, 6}, {4, 5}, {3}, {1}], [{8}, {7}, {3, 6}, {2, 5}, {1, 4}], [{8}, {7}, {5, 6}, {1, 4}, {2, 3}], [{8}, {7}, {5, 6}, {2, 4}, {1, 3}]]",2,8 K_1^3 + 8 K_1^2 K_2 - 20 K_1^2 - 14 K_1 K_2 - 4 K_1 K_3 + K_1 - 4 K_2^2 + 8 K_2 + 5 K_3 + 2 K_4 + 11,O1O2O3O4U5U1O5U6U3O6O7U8U7U4O8U2,O1O2O3U2U4O5O4U6O7O6U1U5U8U7O8U3,O1O2O3U1O4U5U4U6U3O7O5U7O8O6U8U2,c,{'O1O2O3O4U3O5U1U6U5O6O7U2U7O8U4U8'},1,"<a href=""/flatknot/8.704361"">8.704361</a>",t^9-61t^7-194t^6-29t^5+162t^4+48t^3+38t^2+13t,t^3-2t^2+t,,
8.704362,O1O2O3O4U3O5U1U6U5O6O7U4U2O8U7U8,3,3z^2+56z+101,3w^3z^2+56w^2z+101w,False,False,"[[ 0 -3  0 -1  1  2 -1  1  1],[ 3  0  3  0  3  1  2  2  0],[ 0 -3  0 -1  1  1 -1  2  1],[ 1  0  1  0  1  0  1  1  0],[-1 -3 -1 -1  0  1 -2  1  1],[-2 -1 -1  0 -1  0 -2  0  0],[ 1 -2  1 -1  2  2  0  1  1],[-1 -2 -2 -1 -1  0 -1  0  1],[-1  0 -1  0 -1  0 -1 -1  0]]","[[ 0  2  1  1  1  0 -1 -1 -3],[-2  0  0  0 -1 -1  0 -2 -1],[-1  0  0  1 -1 -2 -1 -1 -2],[-1  0 -1  0 -1 -1  0 -1  0],[-1  1  1  1  0 -1 -1 -2 -3],[ 0  1  2  1  1  0 -1 -1 -3],[ 1  0  1  0  1  1  0  1  0],[ 1  2  1  1  2  1 -1  0 -2],[ 3  1  2  0  3  3  0  2  0]]",True,"[-2,-1,-1,-1,0,1,1,3,0,0,1,1,0,2,1,-1,1,2,1,1,2,1,1,0,1,0,1,1,2,3,1,1,3,-1,0,2]","[-3,-1,-1,0,1,1,1,2,0,2,0,1,2,4,4,1,0,0,1,1,1,0,1,1,2,3,0,-1,0,1,-1,-1,0,-1,1,1]",t^8+53t^6+108t^4,"[-3,-1,-1,0,1,1,1,2,0,2,0,1,2,4,4,1,0,0,1,1,1,0,1,1,2,3,0,-1,0,1,-1,-1,0,-1,1,1]","[-2,-1,-1,-1,0,1,1,3,0,1,1,1,1,3,4,1,1,0,0,1,1,-1,0,1,2,4,-1,1,1,2,0,0,0,-1,0,2]","[-3,-1,-1,0,1,1,1,2,0,2,3,0,2,3,1,1,1,0,1,1,0,1,1,1,2,2,1,2,1,1,-1,-1,0,-1,0,1]",c,"[[{8, 3}, {1, 7}, {4, 6}, {2, 5}], [{8, 3}, {1, 7}, {4, 6}, {5}, {2}], [{8, 3}, {2, 7}, {4, 6}, {1, 5}], [{8, 3}, {5, 7}, {4, 6}, {1, 2}], [{8, 3}, {5, 7}, {4, 6}, {2}, {1}], [{8, 3}, {7}, {4, 6}, {1, 5}, {2}], [{8, 6}, {1, 7}, {2, 5}, {3, 4}], [{8, 6}, {1, 7}, {5}, {3, 4}, {2}], [{8, 6}, {2, 7}, {1, 5}, {3, 4}], [{8, 6}, {5, 7}, {3, 4}, {1, 2}], [{8, 6}, {5, 7}, {3, 4}, {2}, {1}], [{8, 6}, {7}, {1, 5}, {3, 4}, {2}]]",1,- 26 K_1^2 - 10 K_1 K_2 + 5 K_1 + 13 K_2 + 5 K_3 + 14,O1O2O3O4U5U6O5U3U1O6O7U8U7U4O8U2,O1O2O3U2U4O5O6U7O4O7U1U6U8U5O8U3,O1O2O3U1O4U5U4U6U3O7O8U7O6O5U8U2,c,"{'O1O2O3U2O4O5U1U6U5O6O7U3U4O8U7U8', 'O1O2O3O4U3O5U1U6U5O6O7U4U2O8U7U8'}",2,"<a href=""/flatknot/8.704362"">8.704362</a>",t^9-57t^7-184t^6-119t^5+78t^4-18t^3-46t^2+24t,t^3-t^2-t,,
8.704363,O1O2O3O4U3O5U1U6U5O6O7U4U7O8U2U8,4,24z^2+109z+123,24w^3z^2+109w^2z+123w,False,False,"[[ 0 -3  0 -1  1  2 -1  1  1],[ 3  0  3  0  3  1  2  1  1],[ 0 -3  0 -1  0  1 -1  1  1],[ 1  0  1  0  1  0  1  1  0],[-1 -3  0 -1  0  1 -2  1  0],[-2 -1 -1  0 -1  0 -2  0  0],[ 1 -2  1 -1  2  2  0  1  1],[-1 -1 -1 -1 -1  0 -1  0  0],[-1 -1 -1  0  0  0 -1  0  0]]","[[ 0  2  1  1  1  0 -1 -1 -3],[-2  0  0  0 -1 -1  0 -2 -1],[-1  0  0  0  0 -1  0 -1 -1],[-1  0  0  0 -1 -1 -1 -1 -1],[-1  1  0  1  0  0 -1 -2 -3],[ 0  1  1  1  0  0 -1 -1 -3],[ 1  0  0  1  1  1  0  1  0],[ 1  2  1  1  2  1 -1  0 -2],[ 3  1  1  1  3  3  0  2  0]]",True,"[-2,-1,-1,-1,0,1,1,3,0,0,1,1,0,2,1,0,0,1,0,1,1,1,1,1,1,1,0,1,2,3,1,1,3,-1,0,2]","[-3,-1,-1,0,1,1,1,2,0,2,0,1,3,3,4,1,0,0,1,1,1,0,1,1,2,3,1,0,0,1,-1,0,0,0,1,1]",t^8+45t^6+87t^4+42t^2+4,"[-3,-1,-1,0,1,1,1,2,0,2,0,1,3,3,4,1,0,0,1,1,1,0,1,1,2,3,1,0,0,1,-1,0,0,0,1,1]","[-2,-1,-1,-1,0,1,1,3,0,1,1,1,1,3,4,0,1,1,0,1,1,0,0,1,2,3,0,1,1,3,0,0,0,-1,0,2]","[-3,-1,-1,0,1,1,1,2,0,2,3,1,1,3,1,1,1,0,1,1,0,1,1,1,2,2,1,1,0,1,0,0,0,-1,0,1]",c,"[[{8, 1}, {2, 7}, {3, 6}, {4, 5}], [{8, 1}, {2, 7}, {4, 6}, {3, 5}], [{8, 1}, {2, 7}, {4, 6}, {5}, {3}], [{8, 1}, {2, 7}, {5, 6}, {3, 4}], [{8, 1}, {2, 7}, {6}, {3, 5}, {4}], [{8, 1}, {3, 7}, {2, 6}, {4, 5}], [{8, 1}, {3, 7}, {2, 6}, {5}, {4}], [{8, 1}, {3, 7}, {4, 6}, {2, 5}], [{8, 1}, {3, 7}, {5, 6}, {2, 4}], [{8, 1}, {3, 7}, {5, 6}, {4}, {2}], [{8, 1}, {3, 7}, {6}, {2, 5}, {4}], [{8, 1}, {4, 7}, {2, 6}, {3, 5}], [{8, 1}, {4, 7}, {3, 6}, {2, 5}], [{8, 1}, {4, 7}, {3, 6}, {5}, {2}], [{8, 1}, {4, 7}, {5, 6}, {2, 3}], [{8, 1}, {4, 7}, {5, 6}, {3}, {2}], [{8, 1}, {4, 7}, {6}, {3, 5}, {2}], [{8, 1}, {5, 7}, {2, 6}, {3, 4}], [{8, 1}, {5, 7}, {3, 6}, {2, 4}], [{8, 1}, {5, 7}, {4, 6}, {2, 3}], [{8, 1}, {5, 7}, {4, 6}, {3}, {2}], [{8, 1}, {5, 7}, {6}, {4}, {2, 3}], [{8, 1}, {6, 7}, {2, 5}, {3, 4}], [{8, 1}, {6, 7}, {3, 5}, {2, 4}], [{8, 1}, {6, 7}, {4, 5}, {2, 3}], [{8, 1}, {7}, {4, 6}, {2, 5}, {3}], [{8, 1}, {7}, {5, 6}, {3, 4}, {2}], [{8, 1}, {7}, {6}, {3, 5}, {2, 4}], [{8, 2}, {1, 7}, {3, 6}, {4, 5}], [{8, 2}, {1, 7}, {4, 6}, {3, 5}], [{8, 2}, {1, 7}, {5, 6}, {3, 4}], [{8, 2}, {1, 7}, {6}, {4, 5}, {3}], [{8, 2}, {3, 7}, {1, 6}, {4, 5}], [{8, 2}, {3, 7}, {1, 6}, {5}, {4}], [{8, 2}, {3, 7}, {4, 6}, {1, 5}], [{8, 2}, {3, 7}, {5, 6}, {1, 4}], [{8, 2}, {3, 7}, {5, 6}, {4}, {1}], [{8, 2}, {3, 7}, {6}, {1, 5}, {4}], [{8, 2}, {4, 7}, {1, 6}, {3, 5}], [{8, 2}, {4, 7}, {3, 6}, {1, 5}], [{8, 2}, {4, 7}, {5, 6}, {1, 3}], [{8, 2}, {4, 7}, {6}, {5}, {1, 3}], [{8, 2}, {5, 7}, {1, 6}, {3, 4}], [{8, 2}, {5, 7}, {1, 6}, {4}, {3}], [{8, 2}, {5, 7}, {3, 6}, {1, 4}], [{8, 2}, {5, 7}, {4, 6}, {1, 3}], [{8, 2}, {5, 7}, {6}, {3, 4}, {1}], [{8, 2}, {6, 7}, {1, 5}, {3, 4}], [{8, 2}, {6, 7}, {3, 5}, {1, 4}], [{8, 2}, {6, 7}, {4, 5}, {1, 3}], [{8, 2}, {6, 7}, {5}, {4}, {1, 3}], [{8, 2}, {7}, {1, 6}, {3, 5}, {4}], [{8, 2}, {7}, {4, 6}, {1, 5}, {3}], [{8, 2}, {7}, {4, 6}, {3, 5}, {1}], [{8, 2}, {7}, {4, 6}, {5}, {1, 3}], [{8, 2}, {7}, {6}, {3, 5}, {1, 4}], [{8, 3}, {1, 7}, {2, 6}, {4, 5}], [{8, 3}, {1, 7}, {4, 6}, {2, 5}], [{8, 3}, {1, 7}, {5, 6}, {2, 4}], [{8, 3}, {1, 7}, {6}, {4, 5}, {2}], [{8, 3}, {2, 7}, {1, 6}, {4, 5}], [{8, 3}, {2, 7}, {4, 6}, {1, 5}], [{8, 3}, {2, 7}, {5, 6}, {1, 4}], [{8, 3}, {4, 7}, {1, 6}, {2, 5}], [{8, 3}, {4, 7}, {2, 6}, {1, 5}], [{8, 3}, {4, 7}, {5, 6}, {1, 2}], [{8, 3}, {5, 7}, {1, 6}, {2, 4}], [{8, 3}, {5, 7}, {2, 6}, {1, 4}], [{8, 3}, {5, 7}, {4, 6}, {1, 2}], [{8, 3}, {6, 7}, {1, 5}, {2, 4}], [{8, 3}, {6, 7}, {2, 5}, {1, 4}], [{8, 3}, {6, 7}, {4, 5}, {1, 2}], [{8, 3}, {7}, {2, 6}, {1, 5}, {4}], [{8, 3}, {7}, {5, 6}, {4}, {1, 2}], [{8, 4}, {1, 7}, {2, 6}, {3, 5}], [{8, 4}, {1, 7}, {2, 6}, {5}, {3}], [{8, 4}, {1, 7}, {3, 6}, {2, 5}], [{8, 4}, {1, 7}, {3, 6}, {5}, {2}], [{8, 4}, {1, 7}, {5, 6}, {2, 3}], [{8, 4}, {1, 7}, {5, 6}, {3}, {2}], [{8, 4}, {1, 7}, {6}, {2, 5}, {3}], [{8, 4}, {1, 7}, {6}, {3, 5}, {2}], [{8, 4}, {1, 7}, {6}, {5}, {2, 3}], [{8, 4}, {1, 7}, {6}, {5}, {3}, {2}], [{8, 4}, {2, 7}, {1, 6}, {3, 5}], [{8, 4}, {2, 7}, {3, 6}, {1, 5}], [{8, 4}, {2, 7}, {5, 6}, {1, 3}], [{8, 4}, {3, 7}, {1, 6}, {2, 5}], [{8, 4}, {3, 7}, {1, 6}, {5}, {2}], [{8, 4}, {3, 7}, {2, 6}, {1, 5}], [{8, 4}, {3, 7}, {5, 6}, {1, 2}], [{8, 4}, {3, 7}, {6}, {2, 5}, {1}], [{8, 4}, {5, 7}, {1, 6}, {2, 3}], [{8, 4}, {5, 7}, {2, 6}, {1, 3}], [{8, 4}, {5, 7}, {3, 6}, {1, 2}], [{8, 4}, {5, 7}, {6}, {2, 3}, {1}], [{8, 4}, {6, 7}, {1, 5}, {2, 3}], [{8, 4}, {6, 7}, {2, 5}, {1, 3}], [{8, 4}, {6, 7}, {2, 5}, {3}, {1}], [{8, 4}, {6, 7}, {3, 5}, {1, 2}], [{8, 4}, {6, 7}, {5}, {1, 3}, {2}], [{8, 4}, {7}, {1, 6}, {2, 5}, {3}], [{8, 4}, {7}, {3, 6}, {2, 5}, {1}], [{8, 4}, {7}, {6}, {1, 5}, {2, 3}], [{8, 4}, {7}, {6}, {2, 5}, {1, 3}], [{8, 5}, {1, 7}, {2, 6}, {3, 4}], [{8, 5}, {1, 7}, {2, 6}, {4}, {3}], [{8, 5}, {1, 7}, {3, 6}, {2, 4}], [{8, 5}, {1, 7}, {3, 6}, {4}, {2}], [{8, 5}, {1, 7}, {4, 6}, {2, 3}], [{8, 5}, {1, 7}, {4, 6}, {3}, {2}], [{8, 5}, {1, 7}, {6}, {2, 4}, {3}], [{8, 5}, {1, 7}, {6}, {3, 4}, {2}], [{8, 5}, {1, 7}, {6}, {4}, {2, 3}], [{8, 5}, {1, 7}, {6}, {4}, {3}, {2}], [{8, 5}, {2, 7}, {1, 6}, {3, 4}], [{8, 5}, {2, 7}, {3, 6}, {1, 4}], [{8, 5}, {2, 7}, {3, 6}, {4}, {1}], [{8, 5}, {2, 7}, {4, 6}, {1, 3}], [{8, 5}, {3, 7}, {1, 6}, {2, 4}], [{8, 5}, {3, 7}, {2, 6}, {1, 4}], [{8, 5}, {3, 7}, {2, 6}, {4}, {1}], [{8, 5}, {3, 7}, {4, 6}, {1, 2}], [{8, 5}, {4, 7}, {1, 6}, {2, 3}], [{8, 5}, {4, 7}, {2, 6}, {1, 3}], [{8, 5}, {4, 7}, {3, 6}, {1, 2}], [{8, 5}, {6, 7}, {1, 4}, {2, 3}], [{8, 5}, {6, 7}, {2, 4}, {1, 3}], [{8, 5}, {6, 7}, {3, 4}, {1, 2}], [{8, 5}, {7}, {2, 6}, {4}, {1, 3}], [{8, 5}, {7}, {3, 6}, {4}, {1, 2}], [{8, 6}, {1, 7}, {2, 5}, {3, 4}], [{8, 6}, {1, 7}, {3, 5}, {2, 4}], [{8, 6}, {1, 7}, {4, 5}, {2, 3}], [{8, 6}, {1, 7}, {4, 5}, {3}, {2}], [{8, 6}, {2, 7}, {1, 5}, {3, 4}], [{8, 6}, {2, 7}, {3, 5}, {1, 4}], [{8, 6}, {2, 7}, {4, 5}, {1, 3}], [{8, 6}, {3, 7}, {1, 5}, {2, 4}], [{8, 6}, {3, 7}, {1, 5}, {4}, {2}], [{8, 6}, {3, 7}, {2, 5}, {1, 4}], [{8, 6}, {3, 7}, {4, 5}, {1, 2}], [{8, 6}, {3, 7}, {4, 5}, {2}, {1}], [{8, 6}, {3, 7}, {5}, {1, 4}, {2}], [{8, 6}, {4, 7}, {1, 5}, {2, 3}], [{8, 6}, {4, 7}, {2, 5}, {1, 3}], [{8, 6}, {4, 7}, {3, 5}, {1, 2}], [{8, 6}, {4, 7}, {5}, {3}, {1, 2}], [{8, 6}, {5, 7}, {1, 4}, {2, 3}], [{8, 6}, {5, 7}, {2, 4}, {1, 3}], [{8, 6}, {5, 7}, {3, 4}, {1, 2}], [{8, 6}, {7}, {1, 5}, {2, 4}, {3}], [{8, 6}, {7}, {4, 5}, {1, 3}, {2}], [{8, 7}, {1, 6}, {2, 5}, {3, 4}], [{8, 7}, {1, 6}, {2, 5}, {4}, {3}], [{8, 7}, {1, 6}, {3, 5}, {2, 4}], [{8, 7}, {1, 6}, {4, 5}, {2, 3}], [{8, 7}, {2, 6}, {1, 5}, {3, 4}], [{8, 7}, {2, 6}, {1, 5}, {4}, {3}], [{8, 7}, {2, 6}, {3, 5}, {1, 4}], [{8, 7}, {2, 6}, {4, 5}, {1, 3}], [{8, 7}, {3, 6}, {1, 5}, {2, 4}], [{8, 7}, {3, 6}, {2, 5}, {1, 4}], [{8, 7}, {3, 6}, {4, 5}, {1, 2}], [{8, 7}, {4, 6}, {1, 5}, {2, 3}], [{8, 7}, {4, 6}, {2, 5}, {1, 3}], [{8, 7}, {4, 6}, {3, 5}, {1, 2}], [{8, 7}, {5, 6}, {1, 4}, {2, 3}], [{8, 7}, {5, 6}, {2, 4}, {1, 3}], [{8, 7}, {5, 6}, {3, 4}, {1, 2}], [{8, 7}, {5, 6}, {4}, {3}, {1, 2}], [{8, 7}, {6}, {1, 5}, {3, 4}, {2}], [{8, 7}, {6}, {2, 5}, {3, 4}, {1}], [{8, 7}, {6}, {5}, {3, 4}, {1, 2}], [{8}, {1, 7}, {2, 6}, {4, 5}, {3}], [{8}, {1, 7}, {3, 6}, {4, 5}, {2}], [{8}, {1, 7}, {6}, {4, 5}, {2, 3}], [{8}, {1, 7}, {6}, {4, 5}, {3}, {2}], [{8}, {3, 7}, {1, 6}, {5}, {2, 4}], [{8}, {3, 7}, {2, 6}, {1, 5}, {4}], [{8}, {3, 7}, {5, 6}, {4}, {1, 2}], [{8}, {3, 7}, {6}, {2, 5}, {1, 4}], [{8}, {4, 7}, {1, 6}, {2, 5}, {3}], [{8}, {5, 7}, {2, 6}, {1, 4}, {3}], [{8}, {5, 7}, {3, 6}, {1, 4}, {2}], [{8}, {5, 7}, {6}, {1, 4}, {2, 3}], [{8}, {5, 7}, {6}, {2, 4}, {1, 3}], [{8}, {6, 7}, {5}, {1, 4}, {2, 3}], [{8}, {6, 7}, {5}, {2, 4}, {1, 3}], [{8}, {7}, {5, 6}, {1, 4}, {2, 3}], [{8}, {7}, {5, 6}, {2, 4}, {1, 3}]]",2,12 K_1^3 + 8 K_1^2 K_2 - 24 K_1^2 - 14 K_1 K_2 - 6 K_1 K_3 - 2 K_1 - 2 K_2^2 + 11 K_2 + 4 K_3 + 2 K_4 + 12,O1O2O3O4U5U3O5U6U1O6O7U8U7U4O8U2,O1O2O3U2U4O5O4U6O7O6U1U7U8U5O8U3,O1O2O3U1O4U5U4U6U3O7O6U7O8O5U8U2,c,{'O1O2O3O4U3O5U1U6U5O6O7U4U7O8U2U8'},1,"<a href=""/flatknot/8.704363"">8.704363</a>",t^9-49t^7-122t^6-42t^5+52t^4+58t^3+36t^2+5t-2,t^3-t^2-t,,
8.704364,O1O2O3O4U3O5U1U6U5O6O7U8U2O8U4U7,4,20z^2+105z+131,20w^3z^2+105w^2z+131w,False,False,"[[ 0 -3  0 -1  2  2 -1  2 -1],[ 3  0  2  0  4  1  2  2  2],[ 0 -2  0  0  1  1 -1  1  0],[ 1  0  0  0  1  0  1  1  1],[-2 -4 -1 -1  0  1 -3  1 -2],[-2 -1 -1  0 -1  0 -2  0 -2],[ 1 -2  1 -1  3  2  0  2  0],[-2 -2 -1 -1 -1  0 -2  0 -2],[ 1 -2  0 -1  2  2  0  2  0]]","[[ 0  2  2  2  0 -1 -1 -1 -3],[-2  0  1  1 -1 -1 -2 -3 -4],[-2 -1  0  0 -1  0 -2 -2 -1],[-2 -1  0  0 -1 -1 -2 -2 -2],[ 0  1  1  1  0  0  0 -1 -2],[ 1  1  0  1  0  0  1  1  0],[ 1  2  2  2  0 -1  0  0 -2],[ 1  3  2  2  1 -1  0  0 -2],[ 3  4  1  2  2  0  2  2  0]]",True,"[-2,-2,-2,0,1,1,1,3,-1,-1,1,1,2,3,4,0,1,0,2,2,1,1,1,2,2,2,0,0,1,2,-1,-1,0,0,2,2]","[-3,-1,-1,-1,0,2,2,2,0,0,2,1,1,3,4,0,1,0,0,1,1,1,1,1,1,1,1,2,2,3,1,1,1,-1,-1,0]",t^8+72t^6+145t^4+65t^2,"[-3,-1,-1,-1,0,2,2,2,0,0,2,1,1,3,4,0,1,0,0,1,1,1,1,1,1,1,1,2,2,3,1,1,1,-1,-1,0]","[-2,-2,-2,0,1,1,1,3,-1,0,1,1,1,2,3,1,1,0,1,2,1,1,1,1,3,4,0,1,1,1,0,-1,0,-1,0,2]","[-3,-1,-1,-1,0,2,2,2,0,2,2,2,1,2,4,1,1,0,0,1,1,0,0,2,2,2,1,2,2,3,1,1,1,0,-1,-1]",c,"[[{8, 5}, {6, 7}, {1, 4}, {2, 3}]]",1,4 K_1^3 + 4 K_1^2 K_2 - 20 K_1^2 - 14 K_1 K_2 - 2 K_1 K_3 + 4 K_1 - 2 K_2^2 + 9 K_2 + 6 K_3 + K_4 + 11,O1O2O3O4U5U1O6U3U6O5O7U8U7U4O8U2,O1O2O3U2U4O5O6U5O7O4U1U6U8U7O8U3,O1O2O3U1O4U5U4U6U3O7O5U8O6O8U7U2,c,{'O1O2O3O4U3O5U1U6U5O6O7U8U2O8U4U7'},1,"<a href=""/flatknot/8.704364"">8.704364</a>",t^9-72t^7-278t^6-148t^5+224t^4+165t^3-2t^2+43t+10,t^3-3t^2+3t,,
8.704365,O1O2O3O4U3O5U1U6U5O6O7U8U4O8U2U7,4,25z^2+94z+89,25w^3z^2+94w^2z+89w,False,False,"[[ 0 -3  0 -1  2  2 -1  2 -1],[ 3  0  3  0  3  1  2  2  2],[ 0 -3  0 -1  2  1 -1  2 -1],[ 1  0  1  0  1  0  1  1  0],[-2 -3 -2 -1  0  1 -3  0 -2],[-2 -1 -1  0 -1  0 -2  0 -2],[ 1 -2  1 -1  3  2  0  2  0],[-2 -2 -2 -1  0  0 -2  0 -2],[ 1 -2  1  0  2  2  0  2  0]]","[[ 0  2  2  2  0 -1 -1 -1 -3],[-2  0  1  0 -2 -1 -2 -3 -3],[-2 -1  0  0 -1  0 -2 -2 -1],[-2  0  0  0 -2 -1 -2 -2 -2],[ 0  2  1  2  0 -1 -1 -1 -3],[ 1  1  0  1  1  0  0  1  0],[ 1  2  2  2  1  0  0  0 -2],[ 1  3  2  2  1 -1  0  0 -2],[ 3  3  1  2  3  0  2  2  0]]",True,"[-2,-2,-2,0,1,1,1,3,-1,0,2,1,2,3,3,0,1,0,2,2,1,2,1,2,2,2,1,1,1,3,0,-1,0,0,2,2]","[-3,-1,-1,-1,0,2,2,2,0,0,2,0,2,3,4,0,0,0,1,1,1,1,0,0,1,1,0,2,2,3,0,0,1,0,-1,0]",t^8+76t^6+163t^4+55t^2+1,"[-3,-1,-1,-1,0,2,2,2,0,0,2,0,2,3,4,0,0,0,1,1,1,1,0,0,1,1,0,2,2,3,0,0,1,0,-1,0]","[-2,-2,-2,0,1,1,1,3,-1,0,1,1,1,3,4,0,0,0,1,2,2,0,1,1,2,3,0,0,0,0,0,-1,0,0,0,2]","[-3,-1,-1,-1,0,2,2,2,0,2,2,3,1,2,3,0,1,1,0,1,1,0,1,2,2,2,1,2,2,3,1,2,2,0,-1,0]",c,"[[{8, 1}, {2, 7}, {3, 6}, {4, 5}], [{8, 1}, {2, 7}, {4, 6}, {3, 5}], [{8, 1}, {2, 7}, {4, 6}, {5}, {3}], [{8, 1}, {2, 7}, {5, 6}, {3, 4}], [{8, 1}, {3, 7}, {2, 6}, {4, 5}], [{8, 1}, {3, 7}, {4, 6}, {2, 5}], [{8, 1}, {3, 7}, {5, 6}, {2, 4}], [{8, 1}, {4, 7}, {2, 6}, {3, 5}], [{8, 1}, {4, 7}, {3, 6}, {2, 5}], [{8, 1}, {4, 7}, {5, 6}, {2, 3}], [{8, 1}, {5, 7}, {2, 6}, {3, 4}], [{8, 1}, {5, 7}, {3, 6}, {2, 4}], [{8, 1}, {5, 7}, {4, 6}, {2, 3}], [{8, 1}, {6, 7}, {2, 5}, {3, 4}], [{8, 1}, {6, 7}, {3, 5}, {2, 4}], [{8, 1}, {6, 7}, {4, 5}, {2, 3}], [{8, 1}, {7}, {2, 6}, {4, 5}, {3}], [{8, 1}, {7}, {3, 6}, {2, 5}, {4}], [{8, 1}, {7}, {3, 6}, {4, 5}, {2}], [{8, 1}, {7}, {3, 6}, {5}, {2, 4}], [{8, 1}, {7}, {6}, {4, 5}, {2, 3}], [{8, 2}, {1, 7}, {3, 6}, {4, 5}], [{8, 2}, {1, 7}, {4, 6}, {3, 5}], [{8, 2}, {1, 7}, {5, 6}, {3, 4}], [{8, 2}, {1, 7}, {6}, {5}, {3, 4}], [{8, 2}, {3, 7}, {1, 6}, {4, 5}], [{8, 2}, {3, 7}, {4, 6}, {1, 5}], [{8, 2}, {3, 7}, {5, 6}, {1, 4}], [{8, 2}, {4, 7}, {1, 6}, {3, 5}], [{8, 2}, {4, 7}, {3, 6}, {1, 5}], [{8, 2}, {4, 7}, {5, 6}, {1, 3}], [{8, 2}, {4, 7}, {6}, {3, 5}, {1}], [{8, 2}, {5, 7}, {1, 6}, {3, 4}], [{8, 2}, {5, 7}, {3, 6}, {1, 4}], [{8, 2}, {5, 7}, {4, 6}, {1, 3}], [{8, 2}, {6, 7}, {1, 5}, {3, 4}], [{8, 2}, {6, 7}, {1, 5}, {4}, {3}], [{8, 2}, {6, 7}, {3, 5}, {1, 4}], [{8, 2}, {6, 7}, {4, 5}, {1, 3}], [{8, 2}, {6, 7}, {4, 5}, {3}, {1}], [{8, 2}, {6, 7}, {5}, {1, 4}, {3}], [{8, 2}, {7}, {5, 6}, {3, 4}, {1}], [{8, 2}, {7}, {6}, {4, 5}, {1, 3}], [{8, 3}, {1, 7}, {2, 6}, {4, 5}], [{8, 3}, {1, 7}, {2, 6}, {5}, {4}], [{8, 3}, {1, 7}, {4, 6}, {2, 5}], [{8, 3}, {1, 7}, {5, 6}, {2, 4}], [{8, 3}, {1, 7}, {6}, {4, 5}, {2}], [{8, 3}, {2, 7}, {1, 6}, {4, 5}], [{8, 3}, {2, 7}, {4, 6}, {1, 5}], [{8, 3}, {2, 7}, {4, 6}, {5}, {1}], [{8, 3}, {2, 7}, {5, 6}, {1, 4}], [{8, 3}, {4, 7}, {1, 6}, {2, 5}], [{8, 3}, {4, 7}, {1, 6}, {5}, {2}], [{8, 3}, {4, 7}, {2, 6}, {1, 5}], [{8, 3}, {4, 7}, {5, 6}, {1, 2}], [{8, 3}, {4, 7}, {5, 6}, {2}, {1}], [{8, 3}, {4, 7}, {6}, {1, 5}, {2}], [{8, 3}, {5, 7}, {1, 6}, {2, 4}], [{8, 3}, {5, 7}, {2, 6}, {1, 4}], [{8, 3}, {5, 7}, {4, 6}, {1, 2}], [{8, 3}, {5, 7}, {4, 6}, {2}, {1}], [{8, 3}, {6, 7}, {1, 5}, {2, 4}], [{8, 3}, {6, 7}, {2, 5}, {1, 4}], [{8, 3}, {6, 7}, {4, 5}, {1, 2}], [{8, 3}, {6, 7}, {5}, {4}, {1, 2}], [{8, 3}, {7}, {2, 6}, {4, 5}, {1}], [{8, 3}, {7}, {4, 6}, {2, 5}, {1}], [{8, 4}, {1, 7}, {2, 6}, {3, 5}], [{8, 4}, {1, 7}, {2, 6}, {5}, {3}], [{8, 4}, {1, 7}, {3, 6}, {2, 5}], [{8, 4}, {1, 7}, {5, 6}, {2, 3}], [{8, 4}, {1, 7}, {6}, {3, 5}, {2}], [{8, 4}, {2, 7}, {1, 6}, {3, 5}], [{8, 4}, {2, 7}, {3, 6}, {1, 5}], [{8, 4}, {2, 7}, {3, 6}, {5}, {1}], [{8, 4}, {2, 7}, {5, 6}, {1, 3}], [{8, 4}, {3, 7}, {1, 6}, {2, 5}], [{8, 4}, {3, 7}, {2, 6}, {1, 5}], [{8, 4}, {3, 7}, {5, 6}, {1, 2}], [{8, 4}, {3, 7}, {5, 6}, {2}, {1}], [{8, 4}, {5, 7}, {1, 6}, {2, 3}], [{8, 4}, {5, 7}, {2, 6}, {1, 3}], [{8, 4}, {5, 7}, {3, 6}, {1, 2}], [{8, 4}, {5, 7}, {3, 6}, {2}, {1}], [{8, 4}, {6, 7}, {1, 5}, {2, 3}], [{8, 4}, {6, 7}, {1, 5}, {3}, {2}], [{8, 4}, {6, 7}, {2, 5}, {1, 3}], [{8, 4}, {6, 7}, {3, 5}, {1, 2}], [{8, 4}, {7}, {2, 6}, {3, 5}, {1}], [{8, 4}, {7}, {3, 6}, {2, 5}, {1}], [{8, 5}, {1, 7}, {2, 6}, {3, 4}], [{8, 5}, {1, 7}, {2, 6}, {4}, {3}], [{8, 5}, {1, 7}, {3, 6}, {2, 4}], [{8, 5}, {1, 7}, {3, 6}, {4}, {2}], [{8, 5}, {1, 7}, {4, 6}, {2, 3}], [{8, 5}, {1, 7}, {4, 6}, {3}, {2}], [{8, 5}, {1, 7}, {6}, {2, 4}, {3}], [{8, 5}, {1, 7}, {6}, {3, 4}, {2}], [{8, 5}, {1, 7}, {6}, {4}, {2, 3}], [{8, 5}, {1, 7}, {6}, {4}, {3}, {2}], [{8, 5}, {2, 7}, {1, 6}, {3, 4}], [{8, 5}, {2, 7}, {3, 6}, {1, 4}], [{8, 5}, {2, 7}, {4, 6}, {1, 3}], [{8, 5}, {2, 7}, {4, 6}, {3}, {1}], [{8, 5}, {3, 7}, {1, 6}, {2, 4}], [{8, 5}, {3, 7}, {2, 6}, {1, 4}], [{8, 5}, {3, 7}, {4, 6}, {1, 2}], [{8, 5}, {4, 7}, {1, 6}, {2, 3}], [{8, 5}, {4, 7}, {2, 6}, {1, 3}], [{8, 5}, {4, 7}, {3, 6}, {1, 2}], [{8, 5}, {6, 7}, {1, 4}, {2, 3}], [{8, 5}, {6, 7}, {2, 4}, {1, 3}], [{8, 5}, {6, 7}, {3, 4}, {1, 2}], [{8, 5}, {7}, {2, 6}, {3, 4}, {1}], [{8, 5}, {7}, {4, 6}, {3}, {1, 2}], [{8, 6}, {1, 7}, {2, 5}, {3, 4}], [{8, 6}, {1, 7}, {3, 5}, {2, 4}], [{8, 6}, {1, 7}, {4, 5}, {2, 3}], [{8, 6}, {1, 7}, {5}, {3, 4}, {2}], [{8, 6}, {2, 7}, {1, 5}, {3, 4}], [{8, 6}, {2, 7}, {3, 5}, {1, 4}], [{8, 6}, {2, 7}, {4, 5}, {1, 3}], [{8, 6}, {2, 7}, {4, 5}, {3}, {1}], [{8, 6}, {3, 7}, {1, 5}, {2, 4}], [{8, 6}, {3, 7}, {2, 5}, {1, 4}], [{8, 6}, {3, 7}, {4, 5}, {1, 2}], [{8, 6}, {4, 7}, {1, 5}, {2, 3}], [{8, 6}, {4, 7}, {2, 5}, {1, 3}], [{8, 6}, {4, 7}, {2, 5}, {3}, {1}], [{8, 6}, {4, 7}, {3, 5}, {1, 2}], [{8, 6}, {5, 7}, {1, 4}, {2, 3}], [{8, 6}, {5, 7}, {1, 4}, {3}, {2}], [{8, 6}, {5, 7}, {2, 4}, {1, 3}], [{8, 6}, {5, 7}, {3, 4}, {1, 2}], [{8, 6}, {5, 7}, {4}, {2, 3}, {1}], [{8, 6}, {7}, {4, 5}, {1, 3}, {2}], [{8, 7}, {1, 6}, {2, 5}, {3, 4}], [{8, 7}, {1, 6}, {2, 5}, {4}, {3}], [{8, 7}, {1, 6}, {3, 5}, {2, 4}], [{8, 7}, {1, 6}, {4, 5}, {2, 3}], [{8, 7}, {2, 6}, {1, 5}, {3, 4}], [{8, 7}, {2, 6}, {1, 5}, {4}, {3}], [{8, 7}, {2, 6}, {3, 5}, {1, 4}], [{8, 7}, {2, 6}, {4, 5}, {1, 3}], [{8, 7}, {2, 6}, {4, 5}, {3}, {1}], [{8, 7}, {2, 6}, {5}, {1, 4}, {3}], [{8, 7}, {3, 6}, {1, 5}, {2, 4}], [{8, 7}, {3, 6}, {2, 5}, {1, 4}], [{8, 7}, {3, 6}, {4, 5}, {1, 2}], [{8, 7}, {4, 6}, {1, 5}, {2, 3}], [{8, 7}, {4, 6}, {2, 5}, {1, 3}], [{8, 7}, {4, 6}, {2, 5}, {3}, {1}], [{8, 7}, {4, 6}, {3, 5}, {1, 2}], [{8, 7}, {5, 6}, {1, 4}, {2, 3}], [{8, 7}, {5, 6}, {1, 4}, {3}, {2}], [{8, 7}, {5, 6}, {2, 4}, {1, 3}], [{8, 7}, {5, 6}, {3, 4}, {1, 2}], [{8, 7}, {5, 6}, {4}, {2, 3}, {1}], [{8, 7}, {6}, {2, 5}, {1, 4}, {3}], [{8, 7}, {6}, {3, 5}, {2, 4}, {1}], [{8, 7}, {6}, {4, 5}, {1, 3}, {2}], [{8}, {1, 7}, {2, 6}, {3, 5}, {4}], [{8}, {1, 7}, {2, 6}, {4, 5}, {3}], [{8}, {1, 7}, {2, 6}, {5}, {3, 4}], [{8}, {1, 7}, {5, 6}, {3, 4}, {2}], [{8}, {1, 7}, {6}, {2, 5}, {3, 4}], [{8}, {1, 7}, {6}, {5}, {3, 4}, {2}], [{8}, {2, 7}, {1, 6}, {3, 5}, {4}], [{8}, {2, 7}, {3, 6}, {1, 5}, {4}], [{8}, {2, 7}, {4, 6}, {1, 5}, {3}], [{8}, {2, 7}, {4, 6}, {3, 5}, {1}], [{8}, {2, 7}, {4, 6}, {5}, {1, 3}], [{8}, {2, 7}, {5, 6}, {4}, {1, 3}], [{8}, {2, 7}, {6}, {1, 5}, {3, 4}], [{8}, {2, 7}, {6}, {3, 5}, {1, 4}], [{8}, {2, 7}, {6}, {4, 5}, {1, 3}], [{8}, {3, 7}, {2, 6}, {4, 5}, {1}], [{8}, {3, 7}, {4, 6}, {1, 5}, {2}], [{8}, {3, 7}, {4, 6}, {2, 5}, {1}], [{8}, {3, 7}, {4, 6}, {5}, {1, 2}], [{8}, {5, 7}, {6}, {3, 4}, {1, 2}], [{8}, {6, 7}, {1, 5}, {2, 4}, {3}], [{8}, {6, 7}, {4, 5}, {1, 3}, {2}], [{8}, {7}, {2, 6}, {4, 5}, {1, 3}], [{8}, {7}, {2, 6}, {4, 5}, {3}, {1}], [{8}, {7}, {3, 6}, {2, 5}, {1, 4}], [{8}, {7}, {4, 6}, {1, 5}, {2, 3}]]",2,8 K_1^3 + 8 K_1^2 K_2 - 14 K_1^2 - 10 K_1 K_2 - 4 K_1 K_3 - K_1 + 5 K_2 + 3 K_3 + 6,O1O2O3O4U5U3O6U1U6O5O7U8U7U4O8U2,O1O2O3U2U4O5O6U5O7O4U1U7U8U6O8U3,O1O2O3U1O4U5U4U6U3O7O6U8O5O8U7U2,c,{'O1O2O3O4U3O5U1U6U5O6O7U8U4O8U2U7'},1,"<a href=""/flatknot/8.704365"">8.704365</a>",t^9-76t^7-310t^6-158t^5+270t^4+4t^3+106t^2+121t-120,t^3-3t^2+3t,,
8.704366,O1O2O3O4U3O5U1U6U7O6O7U2U4O8U5U8,4,9z^3+50z^2+107z+87,-2w^5z^3+11w^4z^3+50w^3z^2+107w^2z+87w,False,False,"[[ 0 -3 -1 -1  2  2 -1  1  1],[ 3  0  1  0  3  3  3  3  1],[ 1 -1  0  0  2  2  0  2  1],[ 1  0  0  0  1  1  1  1  0],[-2 -3 -2 -1  0  1 -3 -1  1],[-2 -3 -2 -1 -1  0 -3 -1  1],[ 1 -3  0 -1  3  3  0  1  1],[-1 -3 -2 -1  1  1 -1  0  1],[-1 -1 -1  0 -1 -1 -1 -1  0]]","[[ 0  2  2  1  1 -1 -1 -1 -3],[-2  0  1  1 -1 -1 -2 -3 -3],[-2 -1  0  1 -1 -1 -2 -3 -3],[-1 -1 -1  0 -1  0 -1 -1 -1],[-1  1  1  1  0 -1 -2 -1 -3],[ 1  1  1  0  1  0  0  1  0],[ 1  2  2  1  2  0  0  0 -1],[ 1  3  3  1  1 -1  0  0 -3],[ 3  3  3  1  3  0  1  3  0]]",True,"[-2,-2,-1,-1,1,1,1,3,-1,-1,1,1,2,3,3,-1,1,1,2,3,3,1,0,1,1,1,1,2,1,3,0,-1,0,0,1,3]","[-3,-1,-1,-1,1,1,2,2,-1,1,2,1,3,2,2,0,1,1,1,0,0,0,0,1,1,1,1,2,2,2,-1,0,0,2,2,-1]",t^8+81t^6+183t^4+67t^2+4,"[-3,-1,-1,-1,1,1,2,2,-1,1,2,1,3,2,2,0,1,1,1,0,0,0,0,1,1,1,1,2,2,2,-1,0,0,2,2,-1]","[-2,-2,-1,-1,1,1,1,3,-1,0,2,0,1,2,2,0,2,0,1,2,2,1,1,0,1,1,1,1,2,3,0,-1,-1,0,1,2]","[-3,-1,-1,-1,1,1,2,2,0,1,3,1,3,3,3,0,1,0,1,1,1,0,1,2,2,2,1,1,3,3,-1,-1,-1,1,1,-1]",c,"[[{8, 1}, {6, 7}, {2, 5}, {3, 4}], [{8, 1}, {6, 7}, {2, 5}, {4}, {3}], [{8, 2}, {6, 7}, {1, 5}, {3, 4}], [{8, 2}, {6, 7}, {3, 5}, {1, 4}], [{8, 2}, {6, 7}, {4, 5}, {1, 3}], [{8}, {6, 7}, {3, 5}, {1, 4}, {2}]]",1,- 8 K_1^4 + 12 K_1^3 + 16 K_1^2 K_2 - 18 K_1^2 - 14 K_1 K_2 - 6 K_1 K_3 - 2 K_1 - 4 K_2^2 + 8 K_2 + 4 K_3 + 2 K_4 + 11,O1O2O3O4U5U6O5U1U3O7O8U7U8U4O6U2,O1O2O3U2U3O4O5U6O7O6U1U4U8U5O8U7,O1O2O3U4O5U6U5U7U3O8O4U8O6O7U1U2,c,{'O1O2O3O4U3O5U1U6U7O6O7U2U4O8U5U8'},1,"<a href=""/flatknot/8.704366"">8.704366</a>",t^9-83t^7-350t^6-277t^5+306t^4+407t^3+46t^2-48t-2,t^3-2t^2+t,,
8.704367,O1O2O3O4U3O5U1U6U7O6O7U2U5O8U4U8,4,8z^3+49z^2+94z+57,-4w^5z^3+12w^4z^3-16w^4z^2+65w^3z^2+94w^2z+57w,False,False,"[[ 0 -3 -1 -1  2  2 -1  1  1],[ 3  0  1  0  4  2  3  3  1],[ 1 -1  0  0  3  1  0  2  1],[ 1  0  0  0  1  0  1  1  1],[-2 -4 -3 -1  0  0 -3 -1  1],[-2 -2 -1  0  0  0 -3 -1  0],[ 1 -3  0 -1  3  3  0  1  1],[-1 -3 -2 -1  1  1 -1  0  1],[-1 -1 -1 -1 -1  0 -1 -1  0]]","[[ 0  2  2  1  1 -1 -1 -1 -3],[-2  0  0  1 -1 -1 -3 -3 -4],[-2  0  0  0 -1  0 -1 -3 -2],[-1 -1  0  0 -1 -1 -1 -1 -1],[-1  1  1  1  0 -1 -2 -1 -3],[ 1  1  0  1  1  0  0  1  0],[ 1  3  1  1  2  0  0  0 -1],[ 1  3  3  1  1 -1  0  0 -3],[ 3  4  2  1  3  0  1  3  0]]",True,"[-2,-2,-1,-1,1,1,1,3,0,-1,1,1,3,3,4,0,1,0,1,3,2,1,1,1,1,1,1,2,1,3,0,-1,0,0,1,3]","[-3,-1,-1,-1,1,1,2,2,-1,1,2,1,3,1,3,0,1,1,1,0,0,0,0,1,0,2,1,1,2,3,-1,0,0,2,1,0]",t^8+83t^6+339t^4+86t^2+1,"[-3,-1,-1,-1,1,1,2,2,-1,1,2,1,3,1,3,0,1,1,1,0,0,0,0,1,0,2,1,1,2,3,-1,0,0,2,1,0]","[-2,-2,-1,-1,1,1,1,3,0,0,1,0,2,3,3,0,2,0,0,2,1,1,1,0,1,1,1,1,1,3,0,-1,-1,0,1,2]","[-3,-1,-1,-1,1,1,2,2,0,1,3,1,3,2,4,0,1,1,1,0,1,0,1,2,1,3,1,1,3,3,-1,0,-1,1,1,0]",c,"[[{8, 2}, {3, 7}, {1, 6}, {4, 5}], [{8, 2}, {3, 7}, {4, 6}, {1, 5}], [{8, 2}, {3, 7}, {5, 6}, {1, 4}], [{8, 2}, {6, 7}, {1, 5}, {3, 4}], [{8, 2}, {6, 7}, {3, 5}, {1, 4}], [{8, 2}, {6, 7}, {4, 5}, {1, 3}]]",1,- 8 K_1^4 + 4 K_1^3 + 8 K_1^2 K_2 + 4 K_1^2 - 2 K_1 K_2 - 2 K_1 - 2 K_2^2 - 2 K_2 + 1,O1O2O3O4U5U1O5U6U3O7O8U7U8U4O6U2,O1O2O3U2U3O4O5U6O7O6U1U4U8U7O8U5,O1O2O3U4O5U6U5U7U3O8O6U8O4O7U1U2,c,{'O1O2O3O4U3O5U1U6U7O6O7U2U5O8U4U8'},1,"<a href=""/flatknot/8.704367"">8.704367</a>",t^9-85t^7-300t^6+105t^5+798t^4+296t^3-250t^2-101t-36,t^3-2t^2+t,,
8.704368,O1O2O3O4U3O5U1U6U7O6O7U4U2O8U5U8,3,9z^2+46z+57,9w^3z^2+46w^2z+57w,False,False,"[[ 0 -3  0 -1  1  2 -1  1  1],[ 3  0  2  0  2  3  3  3  1],[ 0 -2  0 -1  1  2 -1  1  1],[ 1  0  1  0  1  1  1  1  0],[-1 -2 -1 -1  0  1 -2  0  1],[-2 -3 -2 -1 -1  0 -3 -1  1],[ 1 -3  1 -1  2  3  0  1  1],[-1 -3 -1 -1  0  1 -1  0  1],[-1 -1 -1  0 -1 -1 -1 -1  0]]","[[ 0  2  1  1  1  0 -1 -1 -3],[-2  0  1 -1 -1 -2 -1 -3 -3],[-1 -1  0 -1 -1 -1  0 -1 -1],[-1  1  1  0  0 -1 -1 -1 -3],[-1  1  1  0  0 -1 -1 -2 -2],[ 0  2  1  1  1  0 -1 -1 -2],[ 1  1  0  1  1  1  0  1  0],[ 1  3  1  1  2  1 -1  0 -3],[ 3  3  1  3  2  2  0  3  0]]",True,"[-2,-1,-1,-1,0,1,1,3,-1,1,1,2,1,3,3,1,1,1,0,1,1,0,1,1,1,3,1,1,2,2,1,1,2,-1,0,3]","[-3,-1,-1,0,1,1,1,2,-1,2,1,1,2,3,2,1,0,1,0,1,0,0,1,1,2,2,0,0,0,0,0,-1,0,-1,0,2]",t^8+69t^6+114t^4+8t^2,"[-3,-1,-1,0,1,1,1,2,-1,2,1,1,2,3,2,1,0,1,0,1,0,0,1,1,2,2,0,0,0,0,0,-1,0,-1,0,2]","[-2,-1,-1,-1,0,1,1,3,0,0,2,0,0,2,2,0,1,0,0,1,2,1,0,1,1,1,0,1,2,3,0,0,1,-1,-1,2]","[-3,-1,-1,0,1,1,1,2,0,3,2,1,2,3,3,1,1,0,1,1,1,1,1,2,1,3,1,1,1,2,-1,-1,-1,0,1,1]",c,"[[{8, 2}, {1, 7}, {4, 6}, {3, 5}], [{8, 2}, {1, 7}, {4, 6}, {5}, {3}], [{8, 2}, {6, 7}, {3, 5}, {1, 4}], [{8, 2}, {6, 7}, {5}, {1, 4}, {3}], [{8, 4}, {1, 7}, {2, 6}, {3, 5}], [{8, 4}, {1, 7}, {2, 6}, {5}, {3}], [{8, 4}, {6, 7}, {3, 5}, {1, 2}], [{8, 4}, {6, 7}, {5}, {3}, {1, 2}]]",1,12 K_1^3 + 4 K_1^2 K_2 - 14 K_1^2 - 14 K_1 K_2 - 4 K_1 K_3 - 2 K_1 + 7 K_2 + 4 K_3 + K_4 + 7,O1O2O3O4U5U6O5U3U1O7O8U7U8U4O6U2,O1O2O3U2U3O4O5U6O7O6U1U5U8U4O8U7,O1O2O3U4O5U6U5U7U3O8O4U8O7O6U1U2,c,"{'O1O2O3O4U3O5U1U6U7O6O7U4U2O8U5U8', 'O1O2O3U2O4O5U1U6U7O6O7U3O8U5U8U4', 'O1O2O3U2O4O5U1U6U7O6O7U3U4O8U5U8'}",3,"<a href=""/flatknot/8.704368"">8.704368</a>",t^9-73t^7-308t^6-339t^5+116t^4+283t^3-16t^2-56t+8,t^3-t^2-t,,
8.704369,O1O2O3O4U3O5U1U6U7O6O7U5U2O8U4U8,4,7z^3+49z^2+113z+87,7w^4z^3+49w^3z^2+113w^2z+87w,False,False,"[[ 0 -3  0 -1  2  1 -1  1  1],[ 3  0  2  0  4  1  3  3  1],[ 0 -2  0  0  2  0 -1  1  1],[ 1  0  0  0  1  0  1  1  1],[-2 -4 -2 -1  0  0 -3 -1  1],[-1 -1  0  0  0  0 -2  0  0],[ 1 -3  1 -1  3  2  0  1  1],[-1 -3 -1 -1  1  0 -1  0  1],[-1 -1 -1 -1 -1  0 -1 -1  0]]","[[ 0  2  1  1  1  0 -1 -1 -3],[-2  0  1  0 -1 -2 -1 -3 -4],[-1 -1  0  0 -1 -1 -1 -1 -1],[-1  0  0  0  0  0  0 -2 -1],[-1  1  1  0  0 -1 -1 -1 -3],[ 0  2  1  0  1  0  0 -1 -2],[ 1  1  1  0  1  0  0  1  0],[ 1  3  1  2  1  1 -1  0 -3],[ 3  4  1  1  3  2  0  3  0]]",True,"[-2,-1,-1,-1,0,1,1,3,-1,0,1,2,1,3,4,0,1,1,1,1,1,0,0,0,2,1,1,1,1,3,0,1,2,-1,0,3]","[-3,-1,-1,0,1,1,1,2,-1,2,1,1,3,3,1,1,0,1,0,1,0,1,1,2,1,2,0,1,0,0,0,-1,0,0,1,2]",t^8+69t^6+238t^4+59t^2+1,"[-3,-1,-1,0,1,1,1,2,-1,2,1,1,3,3,1,1,0,1,0,1,0,1,1,2,1,2,0,1,0,0,0,-1,0,0,1,2]","[-2,-1,-1,-1,0,1,1,3,0,1,2,0,0,2,1,0,1,0,1,1,1,0,1,0,2,3,0,1,1,3,0,1,1,-1,-1,2]","[-3,-1,-1,0,1,1,1,2,0,3,2,1,1,3,4,1,0,0,1,1,1,1,2,1,1,3,0,1,1,2,0,0,0,-1,-1,1]",c,"[[{8, 5}, {6, 7}, {2, 4}, {1, 3}]]",1,- 8 K_1^4 + 8 K_1^3 + 8 K_1^2 K_2 - 8 K_1^2 - 6 K_1 K_2 - 2 K_1 K_3 - 3 K_1 + 5 K_2 + K_3 + 6,O1O2O3O4U5U1O5U3U6O7O8U7U8U4O6U2,O1O2O3U2U3O4O5U6O7O6U1U5U8U7O8U4,O1O2O3U4O5U6U5U7U3O8O6U8O7O4U1U2,c,{'O1O2O3O4U3O5U1U6U7O6O7U5U2O8U4U8'},1,"<a href=""/flatknot/8.704369"">8.704369</a>",t^9-73t^7-274t^6-109t^5+522t^4+342t^3-258t^2-91t+64,t^3-t^2-t,,
8.704370,O1O2O3O4U3O5U1U6U7O6O7U5U4O8U2U8,4,2z^3+27z^2+104z+117,2w^4z^3+27w^3z^2+104w^2z+117w,False,False,"[[ 0 -3  0 -1  2  1 -1  1  1],[ 3  0  3  0  3  1  3  3  1],[ 0 -3  0 -1  1  0 -1  1  1],[ 1  0  1  0  1  0  1  1  0],[-2 -3 -1 -1  0  0 -3 -1  0],[-1 -1  0  0  0  0 -2  0  0],[ 1 -3  1 -1  3  2  0  1  1],[-1 -3 -1 -1  1  0 -1  0  1],[-1 -1 -1  0  0  0 -1 -1  0]]","[[ 0  2  1  1  1  0 -1 -1 -3],[-2  0  0  0 -1 -1 -1 -3 -3],[-1  0  0  0  0  0  0 -2 -1],[-1  0  0  0 -1 -1  0 -1 -1],[-1  1  0  1  0 -1 -1 -1 -3],[ 0  1  0  1  1  0 -1 -1 -3],[ 1  1  0  0  1  1  0  1  0],[ 1  3  2  1  1  1 -1  0 -3],[ 3  3  1  1  3  3  0  3  0]]",True,"[-2,-1,-1,-1,0,1,1,3,0,0,1,1,1,3,3,0,0,0,0,2,1,1,1,0,1,1,1,1,1,3,1,1,3,-1,0,3]","[-3,-1,-1,0,1,1,1,2,-1,2,0,1,3,3,2,1,0,1,0,1,0,0,1,2,2,2,0,1,0,1,0,-1,0,0,1,1]",t^8+63t^6+177t^4+50t^2+1,"[-3,-1,-1,0,1,1,1,2,-1,2,0,1,3,3,2,1,0,1,0,1,0,0,1,2,2,2,0,1,0,1,0,-1,0,0,1,1]","[-2,-1,-1,-1,0,1,1,3,0,1,1,1,0,2,2,0,1,0,1,1,1,0,1,0,2,3,0,1,2,3,0,0,0,-1,-1,2]","[-3,-1,-1,0,1,1,1,2,0,3,3,1,1,3,3,1,1,0,0,1,1,1,1,2,1,3,1,0,1,1,0,-1,0,0,0,1]",c,"[[{8, 1}, {6, 7}, {2, 5}, {3, 4}], [{8, 3}, {6, 7}, {1, 5}, {2, 4}], [{8, 3}, {6, 7}, {2, 5}, {1, 4}], [{8, 3}, {6, 7}, {4, 5}, {1, 2}], [{8, 6}, {1, 7}, {2, 5}, {3, 4}]]",1,- 8 K_1^4 + 32 K_1^3 + 16 K_1^2 K_2 - 34 K_1^2 - 38 K_1 K_2 - 8 K_1 K_3 - 5 K_1 - 2 K_2^2 + 17 K_2 + 11 K_3 + 2 K_4 + 18,O1O2O3O4U5U3O5U1U6O7O8U7U8U4O6U2,O1O2O3U2U3O4O5U6O7O6U1U7U8U5O8U4,O1O2O3U4O5U6U5U7U3O8O7U8O6O4U1U2,c,{'O1O2O3O4U3O5U1U6U7O6O7U5U4O8U2U8'},1,"<a href=""/flatknot/8.704370"">8.704370</a>",t^9-67t^7-226t^6-88t^5+196t^4+246t^3+96t^2-46t-20,t^3-t^2-t,,
8.704371,O1O2O3O4U3O5U1U6U7O6O7U8U2O8U5U4,4,4z^3+37z^2+110z+105,4w^4z^3+37w^3z^2+110w^2z+105w,False,False,"[[ 0 -3  0 -1  3  2 -1  1 -1],[ 3  0  1  0  4  2  3  3  2],[ 0 -1  0  0  2  0 -1  1  0],[ 1  0  0  0  1  0  1  1  1],[-3 -4 -2 -1  0  0 -4 -2 -3],[-2 -2  0  0  0  0 -3 -1 -2],[ 1 -3  1 -1  4  3  0  1  0],[-1 -3 -1 -1  2  1 -1  0 -2],[ 1 -2  0 -1  3  2  0  2  0]]","[[ 0  3  2  1  0 -1 -1 -1 -3],[-3  0  0 -2 -2 -1 -3 -4 -4],[-2  0  0 -1  0  0 -2 -3 -2],[-1  2  1  0 -1 -1 -2 -1 -3],[ 0  2  0  1  0  0  0 -1 -1],[ 1  1  0  1  0  0  1  1  0],[ 1  3  2  2  0 -1  0  0 -2],[ 1  4  3  1  1 -1  0  0 -3],[ 3  4  2  3  1  0  2  3  0]]",True,"[-3,-2,-1,0,1,1,1,3,0,2,2,1,3,4,4,1,0,0,2,3,2,1,1,2,1,3,0,0,1,1,-1,-1,0,0,2,3]","[-3,-2,-1,0,1,1,1,3,0,2,2,1,3,4,4,1,0,0,2,3,2,1,1,2,1,3,0,0,1,1,-1,-1,0,0,2,3]",t^8+101t^6+391t^4+243t^2+16,"[-3,-1,-1,-1,0,1,2,3,-1,0,2,2,1,3,2,0,1,0,1,0,0,1,1,0,1,1,1,1,3,3,0,2,1,0,0,1]","[-3,-2,-1,0,1,1,1,3,1,0,1,0,1,3,2,0,2,0,1,3,3,0,1,0,1,1,0,1,1,2,0,-1,-1,-1,0,2]","[-3,-1,-1,-1,0,1,2,3,0,2,3,1,3,2,4,1,1,0,1,0,1,0,0,2,2,3,1,1,3,4,1,0,2,1,2,0]",c,"[[{8, 1}, {2, 7}, {3, 6}, {4, 5}], [{8, 1}, {2, 7}, {4, 6}, {3, 5}], [{8, 1}, {2, 7}, {5, 6}, {3, 4}], [{8, 1}, {3, 7}, {2, 6}, {4, 5}], [{8, 1}, {3, 7}, {4, 6}, {2, 5}], [{8, 1}, {3, 7}, {4, 6}, {5}, {2}], [{8, 1}, {3, 7}, {5, 6}, {2, 4}], [{8, 1}, {4, 7}, {2, 6}, {3, 5}], [{8, 1}, {4, 7}, {3, 6}, {2, 5}], [{8, 1}, {4, 7}, {5, 6}, {2, 3}], [{8, 1}, {4, 7}, {6}, {3, 5}, {2}], [{8, 1}, {5, 7}, {2, 6}, {3, 4}], [{8, 1}, {5, 7}, {3, 6}, {2, 4}], [{8, 1}, {5, 7}, {4, 6}, {2, 3}], [{8, 1}, {5, 7}, {4, 6}, {3}, {2}], [{8, 1}, {6, 7}, {2, 5}, {3, 4}], [{8, 1}, {6, 7}, {2, 5}, {4}, {3}], [{8, 1}, {6, 7}, {3, 5}, {2, 4}], [{8, 1}, {6, 7}, {3, 5}, {4}, {2}], [{8, 1}, {6, 7}, {4, 5}, {2, 3}], [{8, 1}, {6, 7}, {4, 5}, {3}, {2}], [{8, 1}, {6, 7}, {5}, {2, 4}, {3}], [{8, 1}, {6, 7}, {5}, {3, 4}, {2}], [{8, 1}, {6, 7}, {5}, {4}, {2, 3}], [{8, 1}, {7}, {4, 6}, {3, 5}, {2}], [{8, 2}, {1, 7}, {3, 6}, {4, 5}], [{8, 2}, {1, 7}, {4, 6}, {3, 5}], [{8, 2}, {1, 7}, {5, 6}, {3, 4}], [{8, 2}, {3, 7}, {1, 6}, {4, 5}], [{8, 2}, {3, 7}, {4, 6}, {1, 5}], [{8, 2}, {3, 7}, {5, 6}, {1, 4}], [{8, 2}, {4, 7}, {1, 6}, {3, 5}], [{8, 2}, {4, 7}, {3, 6}, {1, 5}], [{8, 2}, {4, 7}, {5, 6}, {1, 3}], [{8, 2}, {5, 7}, {1, 6}, {3, 4}], [{8, 2}, {5, 7}, {3, 6}, {1, 4}], [{8, 2}, {5, 7}, {4, 6}, {1, 3}], [{8, 2}, {5, 7}, {6}, {1, 4}, {3}], [{8, 2}, {6, 7}, {1, 5}, {3, 4}], [{8, 2}, {6, 7}, {1, 5}, {4}, {3}], [{8, 2}, {6, 7}, {3, 5}, {1, 4}], [{8, 2}, {6, 7}, {3, 5}, {4}, {1}], [{8, 2}, {6, 7}, {4, 5}, {1, 3}], [{8, 2}, {6, 7}, {4, 5}, {3}, {1}], [{8, 2}, {6, 7}, {5}, {1, 4}, {3}], [{8, 2}, {6, 7}, {5}, {3, 4}, {1}], [{8, 2}, {6, 7}, {5}, {4}, {1, 3}], [{8, 2}, {7}, {5, 6}, {1, 4}, {3}], [{8, 3}, {1, 7}, {2, 6}, {4, 5}], [{8, 3}, {1, 7}, {4, 6}, {2, 5}], [{8, 3}, {1, 7}, {4, 6}, {5}, {2}], [{8, 3}, {1, 7}, {5, 6}, {2, 4}], [{8, 3}, {2, 7}, {1, 6}, {4, 5}], [{8, 3}, {2, 7}, {4, 6}, {1, 5}], [{8, 3}, {2, 7}, {5, 6}, {1, 4}], [{8, 3}, {4, 7}, {1, 6}, {2, 5}], [{8, 3}, {4, 7}, {2, 6}, {1, 5}], [{8, 3}, {4, 7}, {5, 6}, {1, 2}], [{8, 3}, {5, 7}, {1, 6}, {2, 4}], [{8, 3}, {5, 7}, {2, 6}, {1, 4}], [{8, 3}, {5, 7}, {4, 6}, {1, 2}], [{8, 3}, {5, 7}, {6}, {1, 4}, {2}], [{8, 3}, {6, 7}, {1, 5}, {2, 4}], [{8, 3}, {6, 7}, {1, 5}, {4}, {2}], [{8, 3}, {6, 7}, {2, 5}, {1, 4}], [{8, 3}, {6, 7}, {2, 5}, {4}, {1}], [{8, 3}, {6, 7}, {4, 5}, {1, 2}], [{8, 3}, {6, 7}, {4, 5}, {2}, {1}], [{8, 3}, {6, 7}, {5}, {1, 4}, {2}], [{8, 3}, {6, 7}, {5}, {2, 4}, {1}], [{8, 3}, {6, 7}, {5}, {4}, {1, 2}], [{8, 3}, {7}, {5, 6}, {1, 4}, {2}], [{8, 4}, {1, 7}, {2, 6}, {3, 5}], [{8, 4}, {1, 7}, {2, 6}, {5}, {3}], [{8, 4}, {1, 7}, {3, 6}, {2, 5}], [{8, 4}, {1, 7}, {5, 6}, {2, 3}], [{8, 4}, {2, 7}, {1, 6}, {3, 5}], [{8, 4}, {2, 7}, {3, 6}, {1, 5}], [{8, 4}, {2, 7}, {3, 6}, {5}, {1}], [{8, 4}, {2, 7}, {5, 6}, {1, 3}], [{8, 4}, {3, 7}, {1, 6}, {2, 5}], [{8, 4}, {3, 7}, {2, 6}, {1, 5}], [{8, 4}, {3, 7}, {5, 6}, {1, 2}], [{8, 4}, {3, 7}, {6}, {1, 5}, {2}], [{8, 4}, {5, 7}, {1, 6}, {2, 3}], [{8, 4}, {5, 7}, {1, 6}, {3}, {2}], [{8, 4}, {5, 7}, {2, 6}, {1, 3}], [{8, 4}, {5, 7}, {3, 6}, {1, 2}], [{8, 4}, {6, 7}, {1, 5}, {2, 3}], [{8, 4}, {6, 7}, {1, 5}, {3}, {2}], [{8, 4}, {6, 7}, {2, 5}, {1, 3}], [{8, 4}, {6, 7}, {2, 5}, {3}, {1}], [{8, 4}, {6, 7}, {3, 5}, {1, 2}], [{8, 4}, {6, 7}, {3, 5}, {2}, {1}], [{8, 4}, {6, 7}, {5}, {1, 3}, {2}], [{8, 4}, {6, 7}, {5}, {2, 3}, {1}], [{8, 4}, {6, 7}, {5}, {3}, {1, 2}], [{8, 4}, {7}, {3, 6}, {1, 5}, {2}], [{8, 5}, {1, 7}, {2, 6}, {3, 4}], [{8, 5}, {1, 7}, {3, 6}, {2, 4}], [{8, 5}, {1, 7}, {4, 6}, {2, 3}], [{8, 5}, {1, 7}, {4, 6}, {3}, {2}], [{8, 5}, {2, 7}, {1, 6}, {3, 4}], [{8, 5}, {2, 7}, {3, 6}, {1, 4}], [{8, 5}, {2, 7}, {3, 6}, {4}, {1}], [{8, 5}, {2, 7}, {4, 6}, {1, 3}], [{8, 5}, {3, 7}, {1, 6}, {2, 4}], [{8, 5}, {3, 7}, {2, 6}, {1, 4}], [{8, 5}, {3, 7}, {4, 6}, {1, 2}], [{8, 5}, {3, 7}, {6}, {1, 4}, {2}], [{8, 5}, {4, 7}, {1, 6}, {2, 3}], [{8, 5}, {4, 7}, {2, 6}, {1, 3}], [{8, 5}, {4, 7}, {3, 6}, {1, 2}], [{8, 5}, {6, 7}, {1, 4}, {2, 3}], [{8, 5}, {6, 7}, {1, 4}, {3}, {2}], [{8, 5}, {6, 7}, {2, 4}, {1, 3}], [{8, 5}, {6, 7}, {2, 4}, {3}, {1}], [{8, 5}, {6, 7}, {3, 4}, {1, 2}], [{8, 5}, {6, 7}, {3, 4}, {2}, {1}], [{8, 5}, {6, 7}, {4}, {1, 3}, {2}], [{8, 5}, {6, 7}, {4}, {2, 3}, {1}], [{8, 5}, {6, 7}, {4}, {3}, {1, 2}], [{8, 5}, {7}, {3, 6}, {1, 4}, {2}], [{8, 6}, {1, 7}, {2, 5}, {3, 4}], [{8, 6}, {1, 7}, {3, 5}, {2, 4}], [{8, 6}, {1, 7}, {4, 5}, {2, 3}], [{8, 6}, {2, 7}, {1, 5}, {3, 4}], [{8, 6}, {2, 7}, {3, 5}, {1, 4}], [{8, 6}, {2, 7}, {4, 5}, {1, 3}], [{8, 6}, {2, 7}, {5}, {3, 4}, {1}], [{8, 6}, {3, 7}, {1, 5}, {2, 4}], [{8, 6}, {3, 7}, {2, 5}, {1, 4}], [{8, 6}, {3, 7}, {4, 5}, {1, 2}], [{8, 6}, {3, 7}, {5}, {1, 4}, {2}], [{8, 6}, {4, 7}, {1, 5}, {2, 3}], [{8, 6}, {4, 7}, {1, 5}, {3}, {2}], [{8, 6}, {4, 7}, {2, 5}, {1, 3}], [{8, 6}, {4, 7}, {3, 5}, {1, 2}], [{8, 6}, {5, 7}, {1, 4}, {2, 3}], [{8, 6}, {5, 7}, {1, 4}, {3}, {2}], [{8, 6}, {5, 7}, {2, 4}, {1, 3}], [{8, 6}, {5, 7}, {3, 4}, {1, 2}], [{8, 6}, {7}, {3, 5}, {1, 4}, {2}], [{8, 7}, {1, 6}, {2, 5}, {3, 4}], [{8, 7}, {1, 6}, {3, 5}, {2, 4}], [{8, 7}, {1, 6}, {3, 5}, {4}, {2}], [{8, 7}, {1, 6}, {4, 5}, {2, 3}], [{8, 7}, {2, 6}, {1, 5}, {3, 4}], [{8, 7}, {2, 6}, {1, 5}, {4}, {3}], [{8, 7}, {2, 6}, {3, 5}, {1, 4}], [{8, 7}, {2, 6}, {4, 5}, {1, 3}], [{8, 7}, {2, 6}, {5}, {3, 4}, {1}], [{8, 7}, {3, 6}, {1, 5}, {2, 4}], [{8, 7}, {3, 6}, {2, 5}, {1, 4}], [{8, 7}, {3, 6}, {4, 5}, {1, 2}], [{8, 7}, {3, 6}, {5}, {1, 4}, {2}], [{8, 7}, {4, 6}, {1, 5}, {2, 3}], [{8, 7}, {4, 6}, {2, 5}, {1, 3}], [{8, 7}, {4, 6}, {3, 5}, {1, 2}], [{8, 7}, {4, 6}, {3, 5}, {2}, {1}], [{8, 7}, {5, 6}, {1, 4}, {2, 3}], [{8, 7}, {5, 6}, {1, 4}, {3}, {2}], [{8, 7}, {5, 6}, {2, 4}, {1, 3}], [{8, 7}, {5, 6}, {3, 4}, {1, 2}], [{8, 7}, {6}, {3, 5}, {1, 4}, {2}], [{8}, {1, 7}, {4, 6}, {3, 5}, {2}], [{8}, {2, 7}, {1, 6}, {4, 5}, {3}], [{8}, {2, 7}, {3, 6}, {4, 5}, {1}], [{8}, {2, 7}, {4, 6}, {1, 5}, {3}], [{8}, {2, 7}, {5, 6}, {1, 4}, {3}], [{8}, {2, 7}, {6}, {4, 5}, {1, 3}], [{8}, {3, 7}, {5, 6}, {1, 4}, {2}], [{8}, {5, 7}, {2, 6}, {1, 4}, {3}], [{8}, {5, 7}, {3, 6}, {1, 4}, {2}], [{8}, {5, 7}, {6}, {1, 4}, {2, 3}], [{8}, {5, 7}, {6}, {1, 4}, {3}, {2}], [{8}, {5, 7}, {6}, {2, 4}, {1, 3}], [{8}, {5, 7}, {6}, {3, 4}, {1, 2}], [{8}, {6, 7}, {1, 5}, {2, 4}, {3}], [{8}, {6, 7}, {1, 5}, {3, 4}, {2}], [{8}, {6, 7}, {1, 5}, {4}, {2, 3}], [{8}, {6, 7}, {2, 5}, {1, 4}, {3}], [{8}, {6, 7}, {2, 5}, {3, 4}, {1}], [{8}, {6, 7}, {2, 5}, {4}, {1, 3}], [{8}, {6, 7}, {3, 5}, {1, 4}, {2}], [{8}, {6, 7}, {3, 5}, {2, 4}, {1}], [{8}, {6, 7}, {3, 5}, {4}, {1, 2}], [{8}, {6, 7}, {4, 5}, {1, 3}, {2}], [{8}, {6, 7}, {4, 5}, {2, 3}, {1}], [{8}, {6, 7}, {4, 5}, {3}, {1, 2}], [{8}, {6, 7}, {5}, {1, 4}, {2, 3}], [{8}, {6, 7}, {5}, {1, 4}, {3}, {2}], [{8}, {6, 7}, {5}, {2, 4}, {1, 3}], [{8}, {6, 7}, {5}, {2, 4}, {3}, {1}], [{8}, {6, 7}, {5}, {3, 4}, {1, 2}], [{8}, {6, 7}, {5}, {3, 4}, {2}, {1}], [{8}, {6, 7}, {5}, {4}, {1, 3}, {2}], [{8}, {6, 7}, {5}, {4}, {2, 3}, {1}], [{8}, {6, 7}, {5}, {4}, {3}, {1, 2}], [{8}, {7}, {2, 6}, {4, 5}, {1, 3}], [{8}, {7}, {5, 6}, {1, 4}, {2, 3}], [{8}, {7}, {5, 6}, {1, 4}, {3}, {2}], [{8}, {7}, {5, 6}, {2, 4}, {1, 3}], [{8}, {7}, {5, 6}, {3, 4}, {1, 2}]]",2,28 K_1^3 + 8 K_1^2 K_2 - 30 K_1^2 - 36 K_1 K_2 - 8 K_1 K_3 - 3 K_1 + 15 K_2 + 11 K_3 + 2 K_4 + 14,O1O2O3O4U1U5O6U3U6O7O8U7U8U4O5U2,O1O2O3U2U3O4O5U4O6O7U1U5U8U7O8U6,O1O2O3U4O5U6U5U7U3O6O4U8O7O8U1U2,c,{'O1O2O3O4U3O5U1U6U7O6O7U8U2O8U5U4'},1,"<a href=""/flatknot/8.704371"">8.704371</a>",t^9-99t^7-448t^6-146t^5+1126t^4+373t^3-928t^2+63t+58,-t^2+2t,,
8.704372,O1O2O3O4U3O5U1U6U7O6O7U8U4O8U5U2,4,7z^3+49z^2+113z+87,7w^4z^3+49w^3z^2+113w^2z+87w,False,False,"[[ 0 -3  1 -1  2  2 -1  1 -1],[ 3  0  3  0  2  2  3  3  2],[-1 -3  0 -1  1  1 -2  0 -2],[ 1  0  1  0  1  1  1  1  0],[-2 -2 -1 -1  0  0 -3 -1 -2],[-2 -2 -1 -1  0  0 -3 -1 -2],[ 1 -3  2 -1  3  3  0  1  0],[-1 -3  0 -1  1  1 -1  0 -2],[ 1 -2  2  0  2  2  0  2  0]]","[[ 0  2  2  1  1 -1 -1 -1 -3],[-2  0  0 -1 -1 -1 -2 -3 -2],[-2  0  0 -1 -1 -1 -2 -3 -2],[-1  1  1  0  0 -1 -2 -1 -3],[-1  1  1  0  0 -1 -2 -2 -3],[ 1  1  1  1  1  0  0  1  0],[ 1  2  2  2  2  0  0  0 -2],[ 1  3  3  1  2 -1  0  0 -3],[ 3  2  2  3  3  0  2  3  0]]",True,"[-2,-2,-1,-1,1,1,1,3,0,1,1,1,2,3,2,1,1,1,2,3,2,0,1,2,1,3,1,2,2,3,0,-1,0,0,2,3]","[-3,-1,-1,-1,1,1,2,2,-1,0,2,1,1,3,3,0,1,0,1,0,0,0,0,0,1,1,1,1,2,2,0,0,0,0,0,0]",t^8+87t^6+160t^4+46t^2,"[-3,-1,-1,-1,1,1,2,2,-1,0,2,1,1,3,3,0,1,0,1,0,0,0,0,0,1,1,1,1,2,2,0,0,0,0,0,0]","[-2,-2,-1,-1,1,1,1,3,0,0,0,0,1,2,3,0,0,0,1,2,3,0,0,0,1,1,1,0,1,1,0,-1,-1,0,0,2]","[-3,-1,-1,-1,1,1,2,2,0,2,3,3,3,2,2,0,1,1,1,1,1,0,2,2,2,2,1,2,3,3,0,1,1,1,1,0]",c,"[[{8, 2}, {1, 7}, {3, 6}, {4, 5}], [{8, 2}, {1, 7}, {3, 6}, {5}, {4}], [{8, 2}, {6, 7}, {1, 5}, {3, 4}], [{8, 2}, {6, 7}, {3, 5}, {1, 4}], [{8, 2}, {6, 7}, {4, 5}, {1, 3}], [{8, 2}, {6, 7}, {5}, {4}, {1, 3}]]",1,- 16 K_1^4 + 16 K_1^3 + 28 K_1^2 K_2 - 18 K_1^2 - 18 K_1 K_2 - 14 K_1 K_3 - 3 K_1 - 2 K_2^2 + 10 K_2 + 5 K_3 + 3 K_4 + 10,O1O2O3O4U3U5O6U1U6O7O8U7U8U4O5U2,O1O2O3U2U3O4O5U4O6O7U1U7U8U5O8U6,O1O2O3U4O5U6U5U7U3O7O4U8O6O8U1U2,c,{'O1O2O3O4U3O5U1U6U7O6O7U8U4O8U5U2'},1,"<a href=""/flatknot/8.704372"">8.704372</a>",t^9-89t^7-364t^6-136t^5+348t^4+126t^3+10t,t^3-2t^2+t,,
8.704373,O1O2O3O4U3O5U1U6U7O6O7U8U5O8U2U4,4,2z^3+25z^2+88z+93,2w^4z^3+25w^3z^2+88w^2z+93w,False,False,"[[ 0 -3  0 -1  3  2 -1  1 -1],[ 3  0  2  0  4  1  3  3  2],[ 0 -2  0  0  2  1 -1  1 -1],[ 1  0  0  0  1  0  1  1  1],[-3 -4 -2 -1  0  1 -4 -2 -4],[-2 -1 -1  0 -1  0 -3 -1 -2],[ 1 -3  1 -1  4  3  0  1  0],[-1 -3 -1 -1  2  1 -1  0 -2],[ 1 -2  1 -1  4  2  0  2  0]]","[[ 0  3  2  1  0 -1 -1 -1 -3],[-3  0  1 -2 -2 -1 -4 -4 -4],[-2 -1  0 -1 -1  0 -2 -3 -1],[-1  2  1  0 -1 -1 -2 -1 -3],[ 0  2  1  1  0  0 -1 -1 -2],[ 1  1  0  1  0  0  1  1  0],[ 1  4  2  2  1 -1  0  0 -2],[ 1  4  3  1  1 -1  0  0 -3],[ 3  4  1  3  2  0  2  3  0]]",True,"[-3,-2,-1,0,1,1,1,3,-1,2,2,1,4,4,4,1,1,0,2,3,1,1,1,2,1,3,0,1,1,2,-1,-1,0,0,2,3]","[-3,-2,-1,0,1,1,1,3,-1,2,2,1,4,4,4,1,1,0,2,3,1,1,1,2,1,3,0,1,1,2,-1,-1,0,0,2,3]",t^8+111t^6+302t^4+103t^2+1,"[-3,-1,-1,-1,0,1,2,3,-1,0,2,1,1,4,2,0,1,0,1,0,0,1,0,0,1,0,1,1,3,3,0,1,1,0,0,2]","[-3,-2,-1,0,1,1,1,3,2,0,1,0,0,3,2,0,1,0,1,3,4,0,1,0,1,1,0,0,1,1,0,-1,-1,-1,0,2]","[-3,-1,-1,-1,0,1,2,3,0,2,3,2,3,1,4,1,1,0,1,0,1,0,1,2,2,4,1,1,3,4,1,1,2,1,2,-1]",c,"[[{8, 2}, {6, 7}, {1, 5}, {3, 4}], [{8, 3}, {6, 7}, {4, 5}, {1, 2}], [{8, 4}, {2, 7}, {1, 6}, {3, 5}], [{8, 4}, {6, 7}, {3, 5}, {1, 2}], [{8}, {6, 7}, {1, 5}, {3, 4}, {2}]]",1,- 8 K_1^4 + 24 K_1^3 + 12 K_1^2 K_2 - 32 K_1^2 - 24 K_1 K_2 - 2 K_1 K_3 - 6 K_1 - 4 K_2^2 + 15 K_2 + 6 K_3 + K_4 + 19,O1O2O3O4U1U3O5U6U5O7O8U7U8U4O6U2,O1O2O3U2U3O4O5U4O6O7U1U6U8U7O8U5,O1O2O3U4O5U6U5U7U3O6O7U8O4O8U1U2,c,{'O1O2O3O4U3O5U1U6U7O6O7U8U5O8U2U4'},1,"<a href=""/flatknot/8.704373"">8.704373</a>",t^9-109t^7-558t^6-589t^5+378t^4+486t^3-134t^2-17t+46,-t^2+2t,,
8.704374,O1O2O3O4U3O5U1U6U7O6O7U8U5O8U4U2,4,13z^2+66z+81,13w^3z^2+66w^2z+81w,False,False,"[[ 0 -3  1 -1  2  2 -1  1 -1],[ 3  0  3  0  3  1  3  3  2],[-1 -3  0 -1  1  1 -2  0 -2],[ 1  0  1  0  1  0  1  1  1],[-2 -3 -1 -1  0  1 -3 -1 -3],[-2 -1 -1  0 -1  0 -3 -1 -2],[ 1 -3  2 -1  3  3  0  1  0],[-1 -3  0 -1  1  1 -1  0 -2],[ 1 -2  2 -1  3  2  0  2  0]]","[[ 0  2  2  1  1 -1 -1 -1 -3],[-2  0  1 -1 -1 -1 -3 -3 -3],[-2 -1  0 -1 -1  0 -2 -3 -1],[-1  1  1  0  0 -1 -2 -1 -3],[-1  1  1  0  0 -1 -2 -2 -3],[ 1  1  0  1  1  0  1  1  0],[ 1  3  2  2  2 -1  0  0 -2],[ 1  3  3  1  2 -1  0  0 -3],[ 3  3  1  3  3  0  2  3  0]]",True,"[-2,-2,-1,-1,1,1,1,3,-1,1,1,1,3,3,3,1,1,0,2,3,1,0,1,2,1,3,1,2,2,3,-1,-1,0,0,2,3]","[-3,-1,-1,-1,1,1,2,2,-1,0,2,1,1,2,4,0,1,0,1,0,0,1,0,0,0,1,1,1,2,3,0,0,0,0,0,-1]",t^8+95t^6+189t^4+35t^2,"[-3,-1,-1,-1,1,1,2,2,-1,0,2,1,1,2,4,0,1,0,1,0,0,1,0,0,0,1,1,1,2,3,0,0,0,0,0,-1]","[-2,-2,-1,-1,1,1,1,3,-1,0,0,0,1,3,4,0,0,0,0,2,2,0,0,0,1,1,1,0,1,1,0,-1,-1,-1,0,2]","[-3,-1,-1,-1,1,1,2,2,0,2,3,3,3,1,3,1,1,1,1,0,1,0,2,2,2,3,1,2,3,3,0,1,1,1,1,-1]",c,"[[{8, 2}, {3, 7}, {1, 6}, {4, 5}], [{8, 2}, {3, 7}, {4, 6}, {1, 5}], [{8, 2}, {3, 7}, {5, 6}, {1, 4}], [{8, 2}, {6, 7}, {1, 5}, {3, 4}], [{8, 2}, {6, 7}, {3, 5}, {1, 4}], [{8, 2}, {6, 7}, {4, 5}, {1, 3}], [{8, 4}, {6, 7}, {2, 5}, {1, 3}], [{8}, {6, 7}, {1, 5}, {3, 4}, {2}]]",1,16 K_1^3 + 4 K_1^2 K_2 - 16 K_1^2 - 18 K_1 K_2 - 4 K_1 K_3 - 3 K_1 + 8 K_2 + 5 K_3 + K_4 + 8,O1O2O3O4U3U1O5U6U5O7O8U7U8U4O6U2,O1O2O3U2U3O4O5U4O6O7U1U7U8U6O8U5,O1O2O3U4O5U6U5U7U3O7O6U8O4O8U1U2,c,"{'O1O2O3U2O4O5U1U6U7O6O7U8U5O8U3U4', 'O1O2O3O4U3O5U1U6U7O6O7U8U5O8U4U2'}",2,"<a href=""/flatknot/8.704374"">8.704374</a>",t^9-97t^7-422t^6-239t^5+282t^4+142t^3-4t^2+31t+6,t^3-2t^2+t,,
8.704375,O1O2O3O4U3O5U1U6U7O6O8U2U4O7U5U8,4,2z^3+27z^2+106z+121,2w^4z^3+27w^3z^2+106w^2z+121w,False,False,"[[ 0 -3 -1 -1  2  2 -1  0  2],[ 3  0  1  0  3  3  3  1  3],[ 1 -1  0  0  2  1  1  1  2],[ 1  0  0  0  1  1  1  0  1],[-2 -3 -2 -1  0  0 -2 -1  1],[-2 -3 -1 -1  0  0 -3 -1  0],[ 1 -3 -1 -1  2  3  0  0  3],[ 0 -1 -1  0  1  1  0  0  2],[-2 -3 -2 -1 -1  0 -3 -2  0]]","[[ 0  2  2  2  0 -1 -1 -1 -3],[-2  0  1  0 -1 -1 -2 -2 -3],[-2 -1  0  0 -2 -1 -2 -3 -3],[-2  0  0  0 -1 -1 -1 -3 -3],[ 0  1  2  1  0  0 -1  0 -1],[ 1  1  1  1  0  0  0  1  0],[ 1  2  2  1  1  0  0  1 -1],[ 1  2  3  3  0 -1 -1  0 -3],[ 3  3  3  3  1  0  1  3  0]]",True,"[-2,-2,-2,0,1,1,1,3,-1,0,1,1,2,2,3,0,2,1,2,3,3,1,1,1,3,3,0,1,0,1,0,-1,0,-1,1,3]","[-3,-1,-1,-1,0,2,2,2,-1,1,2,2,2,2,2,1,1,1,0,0,1,0,0,1,2,1,1,2,2,2,0,1,1,0,1,0]",t^8+82t^6+178t^4+48t^2+1,"[-3,-1,-1,-1,0,2,2,2,-1,1,2,2,2,2,2,1,1,1,0,0,1,0,0,1,2,1,1,2,2,2,0,1,1,0,1,0]","[-2,-2,-2,0,1,1,1,3,-1,0,0,0,1,2,2,0,1,1,1,2,2,1,0,2,2,2,1,0,1,2,-1,-1,-1,0,1,2]","[-3,-1,-1,-1,0,2,2,2,0,1,3,1,3,3,3,0,1,0,1,1,1,1,1,1,2,2,0,3,2,3,1,1,2,0,0,1]",c,"[[{8, 2}, {3, 7}, {5, 6}, {1, 4}], [{8, 7}, {4, 6}, {1, 5}, {2, 3}]]",1,4 K_1^3 + 8 K_1^2 K_2 - 22 K_1^2 - 14 K_1 K_2 - 8 K_1 K_3 + 4 K_1 + 11 K_2 + 6 K_3 + 2 K_4 + 10,O1O2O3O4U5U6O7U1U3O5O8U7U8U4O6U2,O1O2O3U2U4O5O6U3O7O4U1U5U8U6O8U7,O1O2O3U4O5U6U5U7U3O8O4U1O6O7U8U2,c,{'O1O2O3O4U3O5U1U6U7O6O8U2U4O7U5U8'},1,"<a href=""/flatknot/8.704375"">8.704375</a>",t^9-82t^7-326t^6-105t^5+680t^4+673t^3+62t^2-75t+2,t^3-3t^2+3t,,
8.704376,O1O2O3O4U3O5U1U6U7O6O8U2U5O7U4U8,3,19z^2+86z+97,19w^3z^2+86w^2z+97w,False,False,"[[ 0 -3 -1 -1  2  2 -1  0  2],[ 3  0  1  0  4  2  3  1  3],[ 1 -1  0  0  2  1  1  1  2],[ 1  0  0  0  1  0  1  1  1],[-2 -4 -2 -1  0  1 -3 -2  1],[-2 -2 -1  0 -1  0 -2 -1  0],[ 1 -3 -1 -1  3  2  0  0  3],[ 0 -1 -1 -1  2  1  0  0  2],[-2 -3 -2 -1 -1  0 -3 -2  0]]","[[ 0  2  2  2  0 -1 -1 -1 -3],[-2  0  1  1 -2 -1 -2 -3 -4],[-2 -1  0  0 -1  0 -1 -2 -2],[-2 -1  0  0 -2 -1 -2 -3 -3],[ 0  2  1  2  0 -1 -1  0 -1],[ 1  1  0  1  1  0  0  1  0],[ 1  2  1  2  1  0  0  1 -1],[ 1  3  2  3  0 -1 -1  0 -3],[ 3  4  2  3  1  0  1  3  0]]",True,"[-2,-2,-2,0,1,1,1,3,-1,-1,2,1,2,3,4,0,1,0,1,2,2,2,1,2,3,3,1,1,0,1,0,-1,0,-1,1,3]","[-3,-1,-1,-1,0,2,2,2,-1,1,2,2,1,2,3,1,1,1,0,0,1,0,0,1,1,2,0,2,2,3,0,0,1,-1,-1,0]",t^8+88t^6+133t^4+16t^2,"[-3,-1,-1,-1,0,2,2,2,-1,1,2,2,1,2,3,1,1,1,0,0,1,0,0,1,1,2,0,2,2,3,0,0,1,-1,-1,0]","[-2,-2,-2,0,1,1,1,3,-1,0,0,0,1,2,2,1,0,0,1,2,1,1,1,2,3,3,1,0,0,2,-1,-1,-1,0,1,2]","[-3,-1,-1,-1,0,2,2,2,0,1,3,1,2,3,4,0,1,1,0,1,1,1,1,1,2,2,0,2,3,3,1,2,2,0,-1,-1]",c,"[[{8, 1}, {2, 7}, {3, 6}, {4, 5}], [{8, 1}, {2, 7}, {4, 6}, {3, 5}], [{8, 1}, {2, 7}, {5, 6}, {3, 4}], [{8, 1}, {2, 7}, {6}, {4, 5}, {3}], [{8, 1}, {3, 7}, {2, 6}, {4, 5}], [{8, 1}, {3, 7}, {4, 6}, {2, 5}], [{8, 1}, {3, 7}, {5, 6}, {2, 4}], [{8, 1}, {3, 7}, {5, 6}, {4}, {2}], [{8, 1}, {3, 7}, {6}, {5}, {2, 4}], [{8, 1}, {4, 7}, {2, 6}, {3, 5}], [{8, 1}, {4, 7}, {3, 6}, {2, 5}], [{8, 1}, {4, 7}, {5, 6}, {2, 3}], [{8, 1}, {4, 7}, {6}, {2, 5}, {3}], [{8, 1}, {5, 7}, {2, 6}, {3, 4}], [{8, 1}, {5, 7}, {3, 6}, {2, 4}], [{8, 1}, {5, 7}, {4, 6}, {2, 3}], [{8, 1}, {5, 7}, {6}, {2, 4}, {3}], [{8, 1}, {6, 7}, {2, 5}, {3, 4}], [{8, 1}, {6, 7}, {3, 5}, {2, 4}], [{8, 1}, {6, 7}, {4, 5}, {2, 3}], [{8, 1}, {6, 7}, {5}, {2, 4}, {3}], [{8, 1}, {7}, {2, 6}, {3, 5}, {4}], [{8, 1}, {7}, {3, 6}, {5}, {2, 4}], [{8, 1}, {7}, {4, 6}, {3, 5}, {2}], [{8, 1}, {7}, {5, 6}, {2, 4}, {3}], [{8, 1}, {7}, {6}, {3, 5}, {2, 4}], [{8, 1}, {7}, {6}, {5}, {2, 4}, {3}], [{8, 2}, {1, 7}, {3, 6}, {4, 5}], [{8, 2}, {1, 7}, {4, 6}, {3, 5}], [{8, 2}, {1, 7}, {5, 6}, {3, 4}], [{8, 2}, {1, 7}, {5, 6}, {4}, {3}], [{8, 2}, {1, 7}, {6}, {5}, {3, 4}], [{8, 2}, {3, 7}, {1, 6}, {4, 5}], [{8, 2}, {3, 7}, {4, 6}, {1, 5}], [{8, 2}, {3, 7}, {5, 6}, {1, 4}], [{8, 2}, {4, 7}, {1, 6}, {3, 5}], [{8, 2}, {4, 7}, {3, 6}, {1, 5}], [{8, 2}, {4, 7}, {5, 6}, {1, 3}], [{8, 2}, {5, 7}, {1, 6}, {3, 4}], [{8, 2}, {5, 7}, {1, 6}, {4}, {3}], [{8, 2}, {5, 7}, {3, 6}, {1, 4}], [{8, 2}, {5, 7}, {4, 6}, {1, 3}], [{8, 2}, {5, 7}, {6}, {3, 4}, {1}], [{8, 2}, {6, 7}, {1, 5}, {3, 4}], [{8, 2}, {6, 7}, {1, 5}, {4}, {3}], [{8, 2}, {6, 7}, {3, 5}, {1, 4}], [{8, 2}, {6, 7}, {4, 5}, {1, 3}], [{8, 2}, {6, 7}, {5}, {3, 4}, {1}], [{8, 2}, {7}, {1, 6}, {5}, {3, 4}], [{8, 2}, {7}, {5, 6}, {3, 4}, {1}], [{8, 2}, {7}, {6}, {1, 5}, {3, 4}], [{8, 2}, {7}, {6}, {5}, {3, 4}, {1}], [{8, 3}, {1, 7}, {2, 6}, {4, 5}], [{8, 3}, {1, 7}, {4, 6}, {2, 5}], [{8, 3}, {1, 7}, {5, 6}, {2, 4}], [{8, 3}, {1, 7}, {5, 6}, {4}, {2}], [{8, 3}, {1, 7}, {6}, {5}, {2, 4}], [{8, 3}, {2, 7}, {1, 6}, {4, 5}], [{8, 3}, {2, 7}, {4, 6}, {1, 5}], [{8, 3}, {2, 7}, {5, 6}, {1, 4}], [{8, 3}, {2, 7}, {6}, {4, 5}, {1}], [{8, 3}, {4, 7}, {1, 6}, {2, 5}], [{8, 3}, {4, 7}, {2, 6}, {1, 5}], [{8, 3}, {4, 7}, {5, 6}, {1, 2}], [{8, 3}, {4, 7}, {6}, {2, 5}, {1}], [{8, 3}, {5, 7}, {1, 6}, {2, 4}], [{8, 3}, {5, 7}, {2, 6}, {1, 4}], [{8, 3}, {5, 7}, {4, 6}, {1, 2}], [{8, 3}, {5, 7}, {6}, {2, 4}, {1}], [{8, 3}, {6, 7}, {1, 5}, {2, 4}], [{8, 3}, {6, 7}, {2, 5}, {1, 4}], [{8, 3}, {6, 7}, {4, 5}, {1, 2}], [{8, 3}, {6, 7}, {5}, {2, 4}, {1}], [{8, 3}, {7}, {1, 6}, {5}, {2, 4}], [{8, 3}, {7}, {2, 6}, {1, 5}, {4}], [{8, 3}, {7}, {4, 6}, {1, 5}, {2}], [{8, 3}, {7}, {5, 6}, {2, 4}, {1}], [{8, 3}, {7}, {6}, {1, 5}, {2, 4}], [{8, 3}, {7}, {6}, {5}, {2, 4}, {1}], [{8, 4}, {1, 7}, {2, 6}, {3, 5}], [{8, 4}, {1, 7}, {3, 6}, {2, 5}], [{8, 4}, {1, 7}, {5, 6}, {2, 3}], [{8, 4}, {1, 7}, {5, 6}, {3}, {2}], [{8, 4}, {2, 7}, {1, 6}, {3, 5}], [{8, 4}, {2, 7}, {3, 6}, {1, 5}], [{8, 4}, {2, 7}, {5, 6}, {1, 3}], [{8, 4}, {3, 7}, {1, 6}, {2, 5}], [{8, 4}, {3, 7}, {2, 6}, {1, 5}], [{8, 4}, {3, 7}, {5, 6}, {1, 2}], [{8, 4}, {5, 7}, {1, 6}, {2, 3}], [{8, 4}, {5, 7}, {2, 6}, {1, 3}], [{8, 4}, {5, 7}, {3, 6}, {1, 2}], [{8, 4}, {6, 7}, {1, 5}, {2, 3}], [{8, 4}, {6, 7}, {2, 5}, {1, 3}], [{8, 4}, {6, 7}, {3, 5}, {1, 2}], [{8, 4}, {7}, {1, 6}, {3, 5}, {2}], [{8, 5}, {1, 7}, {2, 6}, {3, 4}], [{8, 5}, {1, 7}, {3, 6}, {2, 4}], [{8, 5}, {1, 7}, {4, 6}, {2, 3}], [{8, 5}, {2, 7}, {1, 6}, {3, 4}], [{8, 5}, {2, 7}, {3, 6}, {1, 4}], [{8, 5}, {2, 7}, {4, 6}, {1, 3}], [{8, 5}, {3, 7}, {1, 6}, {2, 4}], [{8, 5}, {3, 7}, {2, 6}, {1, 4}], [{8, 5}, {3, 7}, {4, 6}, {1, 2}], [{8, 5}, {4, 7}, {1, 6}, {2, 3}], [{8, 5}, {4, 7}, {2, 6}, {1, 3}], [{8, 5}, {4, 7}, {3, 6}, {1, 2}], [{8, 5}, {6, 7}, {1, 4}, {2, 3}], [{8, 5}, {6, 7}, {2, 4}, {1, 3}], [{8, 5}, {6, 7}, {3, 4}, {1, 2}], [{8, 5}, {7}, {1, 6}, {4}, {2, 3}], [{8, 5}, {7}, {2, 6}, {4}, {1, 3}], [{8, 5}, {7}, {4, 6}, {1, 3}, {2}], [{8, 5}, {7}, {6}, {2, 4}, {1, 3}], [{8, 6}, {1, 7}, {2, 5}, {3, 4}], [{8, 6}, {1, 7}, {3, 5}, {2, 4}], [{8, 6}, {1, 7}, {4, 5}, {2, 3}], [{8, 6}, {2, 7}, {1, 5}, {3, 4}], [{8, 6}, {2, 7}, {3, 5}, {1, 4}], [{8, 6}, {2, 7}, {4, 5}, {1, 3}], [{8, 6}, {3, 7}, {1, 5}, {2, 4}], [{8, 6}, {3, 7}, {2, 5}, {1, 4}], [{8, 6}, {3, 7}, {4, 5}, {1, 2}], [{8, 6}, {4, 7}, {1, 5}, {2, 3}], [{8, 6}, {4, 7}, {2, 5}, {1, 3}], [{8, 6}, {4, 7}, {3, 5}, {1, 2}], [{8, 6}, {5, 7}, {1, 4}, {2, 3}], [{8, 6}, {5, 7}, {2, 4}, {1, 3}], [{8, 6}, {5, 7}, {3, 4}, {1, 2}], [{8, 6}, {7}, {5}, {2, 4}, {1, 3}], [{8, 7}, {1, 6}, {2, 5}, {3, 4}], [{8, 7}, {1, 6}, {3, 5}, {2, 4}], [{8, 7}, {1, 6}, {4, 5}, {2, 3}], [{8, 7}, {2, 6}, {1, 5}, {3, 4}], [{8, 7}, {2, 6}, {3, 5}, {1, 4}], [{8, 7}, {2, 6}, {4, 5}, {1, 3}], [{8, 7}, {2, 6}, {4, 5}, {3}, {1}], [{8, 7}, {3, 6}, {1, 5}, {2, 4}], [{8, 7}, {3, 6}, {2, 5}, {1, 4}], [{8, 7}, {3, 6}, {4, 5}, {1, 2}], [{8, 7}, {4, 6}, {1, 5}, {2, 3}], [{8, 7}, {4, 6}, {2, 5}, {1, 3}], [{8, 7}, {4, 6}, {3, 5}, {1, 2}], [{8, 7}, {5, 6}, {1, 4}, {2, 3}], [{8, 7}, {5, 6}, {2, 4}, {1, 3}], [{8, 7}, {5, 6}, {2, 4}, {3}, {1}], [{8, 7}, {5, 6}, {3, 4}, {1, 2}], [{8, 7}, {5, 6}, {4}, {1, 3}, {2}], [{8, 7}, {6}, {5}, {2, 4}, {1, 3}], [{8}, {1, 7}, {5, 6}, {2, 4}, {3}], [{8}, {1, 7}, {5, 6}, {3, 4}, {2}], [{8}, {1, 7}, {5, 6}, {4}, {2, 3}], [{8}, {1, 7}, {5, 6}, {4}, {3}, {2}], [{8}, {2, 7}, {6}, {4, 5}, {1, 3}], [{8}, {3, 7}, {4, 6}, {2, 5}, {1}], [{8}, {3, 7}, {5, 6}, {2, 4}, {1}], [{8}, {4, 7}, {6}, {2, 5}, {1, 3}], [{8}, {5, 7}, {1, 6}, {3, 4}, {2}], [{8}, {5, 7}, {6}, {2, 4}, {1, 3}], [{8}, {6, 7}, {1, 5}, {3, 4}, {2}], [{8}, {6, 7}, {5}, {2, 4}, {1, 3}], [{8}, {7}, {5, 6}, {2, 4}, {1, 3}], [{8}, {7}, {6}, {5}, {2, 4}, {1, 3}]]",2,8 K_1^3 + 8 K_1^2 K_2 - 18 K_1^2 - 18 K_1 K_2 - 4 K_1 K_3 + 3 K_1 - 4 K_2^2 + 7 K_2 + 7 K_3 + 2 K_4 + 10,O1O2O3O4U5U1O6U7U3O5O8U6U8U4O7U2,O1O2O3U2U4O5O6U3O7O4U1U5U8U7O8U6,O1O2O3U4O5U6U5U7U3O8O6U1O4O7U8U2,c,{'O1O2O3O4U3O5U1U6U7O6O8U2U5O7U4U8'},1,"<a href=""/flatknot/8.704376"">8.704376</a>",t^9-88t^7-396t^6-360t^5+338t^4+476t^3+16t^2-96t-32,t^3-3t^2+3t,,
8.704377,O1O2O3O4U3O5U1U6U7O6O8U2U5O7U8U4,4,z^3+28z^2+110z+117,w^4z^3+28w^3z^2+110w^2z+117w,False,False,"[[ 0 -3 -1 -1  3  2 -1  0  1],[ 3  0  1  0  4  2  3  1  2],[ 1 -1  0  0  3  1  1  1  1],[ 1  0  0  0  1  0  1  1  0],[-3 -4 -3 -1  0  0 -4 -2  0],[-2 -2 -1  0  0  0 -2 -1  0],[ 1 -3 -1 -1  4  2  0  0  2],[ 0 -1 -1 -1  2  1  0  0  1],[-1 -2 -1  0  0  0 -2 -1  0]]","[[ 0  3  2  1  0 -1 -1 -1 -3],[-3  0  0  0 -2 -1 -3 -4 -4],[-2  0  0  0 -1  0 -1 -2 -2],[-1  0  0  0 -1  0 -1 -2 -2],[ 0  2  1  1  0 -1 -1  0 -1],[ 1  1  0  0  1  0  0  1  0],[ 1  3  1  1  1  0  0  1 -1],[ 1  4  2  2  0 -1 -1  0 -3],[ 3  4  2  2  1  0  1  3  0]]",True,"[-3,-2,-1,0,1,1,1,3,0,0,2,1,3,4,4,0,1,0,1,2,2,1,0,1,2,2,1,1,0,1,0,-1,0,-1,1,3]","[-3,-2,-1,0,1,1,1,3,0,0,2,1,3,4,4,0,1,0,1,2,2,1,0,1,2,2,1,1,0,1,0,-1,0,-1,1,3]",t^8+81t^6+125t^4+12t^2,"[-3,-1,-1,-1,0,1,2,3,-1,1,2,2,2,3,2,1,1,1,0,1,0,0,0,1,2,1,0,2,3,3,0,1,1,1,2,1]","[-3,-2,-1,0,1,1,1,3,1,2,1,0,1,3,2,1,1,1,2,3,3,0,0,1,2,2,1,0,0,2,-1,-1,-1,0,1,2]","[-3,-1,-1,-1,0,1,2,3,0,1,3,1,2,2,4,0,1,1,0,0,1,1,1,1,1,3,0,2,2,4,1,1,2,0,0,0]",c,"[[{8, 5}, {3, 7}, {1, 6}, {2, 4}]]",1,20 K_1^3 - 30 K_1^2 - 20 K_1 K_2 - 5 K_1 + 15 K_2 + 5 K_3 + 16,O1O2O3O4U1U5O6U7U3O5O8U6U8U4O7U2,O1O2O3U2U4O5O6U3O4O7U1U5U8U7O8U6,O1O2O3U4O5U6U5U7U3O6O8U1O4O7U8U2,c,{'O1O2O3O4U3O5U1U6U7O6O8U2U5O7U8U4'},1,"<a href=""/flatknot/8.704377"">8.704377</a>",t^9-79t^7-296t^6-40t^5+310t^4-12t^3+24t^2-6t,-t^2+2t,,
8.704378,O1O2O3O4U3O5U1U6U7O6O8U2U8O7U5U4,3,14z^2+79z+103,14w^3z^2+79w^2z+103w,False,False,"[[ 0 -3 -1 -1  3  2 -1  0  1],[ 3  0  1  0  4  2  3  2  1],[ 1 -1  0  0  3  1  1  1  1],[ 1  0  0  0  1  0  1  1  0],[-3 -4 -3 -1  0  0 -4 -2  0],[-2 -2 -1  0  0  0 -3 -1  0],[ 1 -3 -1 -1  4  3  0  0  1],[ 0 -2 -1 -1  2  1  0  0  1],[-1 -1 -1  0  0  0 -1 -1  0]]","[[ 0  3  2  1  0 -1 -1 -1 -3],[-3  0  0  0 -2 -1 -3 -4 -4],[-2  0  0  0 -1  0 -1 -3 -2],[-1  0  0  0 -1  0 -1 -1 -1],[ 0  2  1  1  0 -1 -1  0 -2],[ 1  1  0  0  1  0  0  1  0],[ 1  3  1  1  1  0  0  1 -1],[ 1  4  3  1  0 -1 -1  0 -3],[ 3  4  2  1  2  0  1  3  0]]",True,"[-3,-2,-1,0,1,1,1,3,0,0,2,1,3,4,4,0,1,0,1,3,2,1,0,1,1,1,1,1,0,2,0,-1,0,-1,1,3]","[-3,-2,-1,0,1,1,1,3,0,0,2,1,3,4,4,0,1,0,1,3,2,1,0,1,1,1,1,1,0,2,0,-1,0,-1,1,3]",t^8+83t^6+160t^4+47t^2,"[-3,-1,-1,-1,0,1,2,3,-1,1,2,1,3,3,2,1,1,1,1,0,0,0,0,1,2,1,0,2,3,3,0,1,1,1,2,1]","[-3,-2,-1,0,1,1,1,3,1,2,1,0,1,3,2,1,1,0,2,3,3,0,1,1,2,3,1,0,0,1,-1,-1,-1,0,1,2]","[-3,-1,-1,-1,0,1,2,3,0,1,3,2,1,2,4,0,1,1,0,0,1,1,1,1,1,3,0,1,3,4,1,1,2,0,0,0]",c,"[[{8, 7}, {1, 6}, {3, 5}, {2, 4}]]",1,16 K_1^3 + 16 K_1^2 K_2 - 36 K_1^2 - 28 K_1 K_2 - 14 K_1 K_3 + 2 K_1 - 2 K_2^2 + 17 K_2 + 10 K_3 + 4 K_4 + 16,O1O2O3O4U1U5O6U7U3O7O8U6U8U4O5U2,O1O2O3U2U4O5O4U3O6O7U1U5U8U7O8U6,O1O2O3U4O5U6U5U7U3O6O4U1O8O7U8U2,c,{'O1O2O3O4U3O5U1U6U7O6O8U2U8O7U5U4'},1,"<a href=""/flatknot/8.704378"">8.704378</a>",t^9-81t^7-310t^6-t^5+412t^4+23t^3-114t^2,-t^2+2t,,
8.704379,O1O2O3O4U3O5U1U6U7O6O8U4U2O7U5U8,3,10z^2+63z+87,10w^3z^2+63w^2z+87w,False,False,"[[ 0 -3  0 -1  1  2 -1  0  2],[ 3  0  2  0  2  3  3  1  3],[ 0 -2  0 -1  1  1  0  0  2],[ 1  0  1  0  1  1  1  0  1],[-1 -2 -1 -1  0  0 -1  0  1],[-2 -3 -1 -1  0  0 -3 -1  0],[ 1 -3  0 -1  1  3  0  0  3],[ 0 -1  0  0  0  1  0  0  2],[-2 -3 -2 -1 -1  0 -3 -2  0]]","[[ 0  2  2  1  0  0 -1 -1 -3],[-2  0  0  0 -1 -1 -1 -3 -3],[-2  0  0 -1 -2 -2 -1 -3 -3],[-1  0  1  0  0 -1 -1 -1 -2],[ 0  1  2  0  0  0  0  0 -1],[ 0  1  2  1  0  0 -1  0 -2],[ 1  1  1  1  0  1  0  1  0],[ 1  3  3  1  0  0 -1  0 -3],[ 3  3  3  2  1  2  0  3  0]]",True,"[-2,-2,-1,0,0,1,1,3,0,0,1,1,1,3,3,1,2,2,1,3,3,0,1,1,1,2,0,0,0,1,1,0,2,-1,0,3]","[-3,-1,-1,0,0,1,2,2,-1,2,1,2,2,2,2,1,1,1,1,0,0,0,1,1,2,2,0,0,0,1,1,0,1,0,1,0]",t^8+72t^6+160t^4+63t^2,"[-3,-1,-1,0,0,1,2,2,-1,2,1,2,2,2,2,1,1,1,1,0,0,0,1,1,2,2,0,0,0,1,1,0,1,0,1,0]","[-2,-2,-1,0,0,1,1,3,0,0,0,0,0,2,2,1,1,1,0,2,2,0,1,1,1,2,0,1,0,1,1,1,2,-1,-1,2]","[-3,-1,-1,0,0,1,2,2,0,3,1,2,2,3,3,1,0,1,1,1,1,0,0,1,3,3,0,0,1,2,1,1,2,0,1,0]",c,"[[{8, 1}, {2, 7}, {3, 6}, {4, 5}], [{8, 1}, {2, 7}, {4, 6}, {3, 5}], [{8, 1}, {2, 7}, {5, 6}, {3, 4}], [{8, 1}, {2, 7}, {6}, {3, 5}, {4}], [{8, 1}, {3, 7}, {2, 6}, {4, 5}], [{8, 1}, {3, 7}, {4, 6}, {2, 5}], [{8, 1}, {3, 7}, {5, 6}, {2, 4}], [{8, 1}, {3, 7}, {6}, {2, 5}, {4}], [{8, 1}, {4, 7}, {2, 6}, {3, 5}], [{8, 1}, {4, 7}, {3, 6}, {2, 5}], [{8, 1}, {4, 7}, {5, 6}, {2, 3}], [{8, 1}, {4, 7}, {6}, {3, 5}, {2}], [{8, 1}, {5, 7}, {2, 6}, {3, 4}], [{8, 1}, {5, 7}, {3, 6}, {2, 4}], [{8, 1}, {5, 7}, {4, 6}, {2, 3}], [{8, 1}, {5, 7}, {6}, {3, 4}, {2}], [{8, 1}, {6, 7}, {2, 5}, {3, 4}], [{8, 1}, {6, 7}, {3, 5}, {2, 4}], [{8, 1}, {6, 7}, {4, 5}, {2, 3}], [{8, 1}, {6, 7}, {5}, {3, 4}, {2}], [{8, 1}, {7}, {3, 6}, {4, 5}, {2}], [{8, 1}, {7}, {5, 6}, {3, 4}, {2}], [{8, 1}, {7}, {6}, {3, 5}, {2, 4}], [{8, 2}, {1, 7}, {3, 6}, {4, 5}], [{8, 2}, {1, 7}, {4, 6}, {3, 5}], [{8, 2}, {1, 7}, {5, 6}, {3, 4}], [{8, 2}, {1, 7}, {5, 6}, {4}, {3}], [{8, 2}, {1, 7}, {6}, {5}, {3, 4}], [{8, 2}, {3, 7}, {1, 6}, {4, 5}], [{8, 2}, {3, 7}, {4, 6}, {1, 5}], [{8, 2}, {3, 7}, {5, 6}, {1, 4}], [{8, 2}, {3, 7}, {6}, {5}, {1, 4}], [{8, 2}, {4, 7}, {1, 6}, {3, 5}], [{8, 2}, {4, 7}, {3, 6}, {1, 5}], [{8, 2}, {4, 7}, {5, 6}, {1, 3}], [{8, 2}, {4, 7}, {6}, {1, 5}, {3}], [{8, 2}, {5, 7}, {1, 6}, {3, 4}], [{8, 2}, {5, 7}, {3, 6}, {1, 4}], [{8, 2}, {5, 7}, {4, 6}, {1, 3}], [{8, 2}, {6, 7}, {1, 5}, {3, 4}], [{8, 2}, {6, 7}, {1, 5}, {4}, {3}], [{8, 2}, {6, 7}, {3, 5}, {1, 4}], [{8, 2}, {6, 7}, {4, 5}, {1, 3}], [{8, 2}, {7}, {3, 6}, {4, 5}, {1}], [{8, 2}, {7}, {4, 6}, {1, 5}, {3}], [{8, 2}, {7}, {5, 6}, {3, 4}, {1}], [{8, 3}, {1, 7}, {2, 6}, {4, 5}], [{8, 3}, {1, 7}, {4, 6}, {2, 5}], [{8, 3}, {1, 7}, {5, 6}, {2, 4}], [{8, 3}, {1, 7}, {5, 6}, {4}, {2}], [{8, 3}, {2, 7}, {1, 6}, {4, 5}], [{8, 3}, {2, 7}, {4, 6}, {1, 5}], [{8, 3}, {2, 7}, {5, 6}, {1, 4}], [{8, 3}, {4, 7}, {1, 6}, {2, 5}], [{8, 3}, {4, 7}, {2, 6}, {1, 5}], [{8, 3}, {4, 7}, {5, 6}, {1, 2}], [{8, 3}, {5, 7}, {1, 6}, {2, 4}], [{8, 3}, {5, 7}, {2, 6}, {1, 4}], [{8, 3}, {5, 7}, {4, 6}, {1, 2}], [{8, 3}, {6, 7}, {1, 5}, {2, 4}], [{8, 3}, {6, 7}, {1, 5}, {4}, {2}], [{8, 3}, {6, 7}, {2, 5}, {1, 4}], [{8, 3}, {6, 7}, {4, 5}, {1, 2}], [{8, 3}, {6, 7}, {4, 5}, {2}, {1}], [{8, 3}, {6, 7}, {5}, {1, 4}, {2}], [{8, 4}, {1, 7}, {2, 6}, {3, 5}], [{8, 4}, {1, 7}, {3, 6}, {2, 5}], [{8, 4}, {1, 7}, {5, 6}, {2, 3}], [{8, 4}, {1, 7}, {5, 6}, {3}, {2}], [{8, 4}, {2, 7}, {1, 6}, {3, 5}], [{8, 4}, {2, 7}, {3, 6}, {1, 5}], [{8, 4}, {2, 7}, {5, 6}, {1, 3}], [{8, 4}, {2, 7}, {6}, {1, 5}, {3}], [{8, 4}, {3, 7}, {1, 6}, {2, 5}], [{8, 4}, {3, 7}, {2, 6}, {1, 5}], [{8, 4}, {3, 7}, {5, 6}, {1, 2}], [{8, 4}, {3, 7}, {6}, {2, 5}, {1}], [{8, 4}, {5, 7}, {1, 6}, {2, 3}], [{8, 4}, {5, 7}, {2, 6}, {1, 3}], [{8, 4}, {5, 7}, {3, 6}, {1, 2}], [{8, 4}, {5, 7}, {6}, {2, 3}, {1}], [{8, 4}, {6, 7}, {1, 5}, {2, 3}], [{8, 4}, {6, 7}, {1, 5}, {3}, {2}], [{8, 4}, {6, 7}, {2, 5}, {1, 3}], [{8, 4}, {6, 7}, {3, 5}, {1, 2}], [{8, 4}, {7}, {2, 6}, {1, 5}, {3}], [{8, 5}, {1, 7}, {2, 6}, {3, 4}], [{8, 5}, {1, 7}, {3, 6}, {2, 4}], [{8, 5}, {1, 7}, {4, 6}, {2, 3}], [{8, 5}, {1, 7}, {6}, {3, 4}, {2}], [{8, 5}, {2, 7}, {1, 6}, {3, 4}], [{8, 5}, {2, 7}, {3, 6}, {1, 4}], [{8, 5}, {2, 7}, {4, 6}, {1, 3}], [{8, 5}, {3, 7}, {1, 6}, {2, 4}], [{8, 5}, {3, 7}, {2, 6}, {1, 4}], [{8, 5}, {3, 7}, {4, 6}, {1, 2}], [{8, 5}, {3, 7}, {6}, {1, 4}, {2}], [{8, 5}, {4, 7}, {1, 6}, {2, 3}], [{8, 5}, {4, 7}, {2, 6}, {1, 3}], [{8, 5}, {4, 7}, {3, 6}, {1, 2}], [{8, 5}, {6, 7}, {1, 4}, {2, 3}], [{8, 5}, {6, 7}, {2, 4}, {1, 3}], [{8, 5}, {6, 7}, {3, 4}, {1, 2}], [{8, 5}, {6, 7}, {3, 4}, {2}, {1}], [{8, 5}, {7}, {1, 6}, {3, 4}, {2}], [{8, 6}, {1, 7}, {2, 5}, {3, 4}], [{8, 6}, {1, 7}, {3, 5}, {2, 4}], [{8, 6}, {1, 7}, {4, 5}, {2, 3}], [{8, 6}, {1, 7}, {5}, {3, 4}, {2}], [{8, 6}, {2, 7}, {1, 5}, {3, 4}], [{8, 6}, {2, 7}, {1, 5}, {4}, {3}], [{8, 6}, {2, 7}, {3, 5}, {1, 4}], [{8, 6}, {2, 7}, {4, 5}, {1, 3}], [{8, 6}, {3, 7}, {1, 5}, {2, 4}], [{8, 6}, {3, 7}, {1, 5}, {4}, {2}], [{8, 6}, {3, 7}, {2, 5}, {1, 4}], [{8, 6}, {3, 7}, {4, 5}, {1, 2}], [{8, 6}, {3, 7}, {4, 5}, {2}, {1}], [{8, 6}, {3, 7}, {5}, {1, 4}, {2}], [{8, 6}, {4, 7}, {1, 5}, {2, 3}], [{8, 6}, {4, 7}, {1, 5}, {3}, {2}], [{8, 6}, {4, 7}, {2, 5}, {1, 3}], [{8, 6}, {4, 7}, {3, 5}, {1, 2}], [{8, 6}, {5, 7}, {1, 4}, {2, 3}], [{8, 6}, {5, 7}, {2, 4}, {1, 3}], [{8, 6}, {5, 7}, {3, 4}, {1, 2}], [{8, 6}, {5, 7}, {3, 4}, {2}, {1}], [{8, 6}, {7}, {1, 5}, {2, 4}, {3}], [{8, 6}, {7}, {1, 5}, {3, 4}, {2}], [{8, 6}, {7}, {1, 5}, {4}, {2, 3}], [{8, 6}, {7}, {1, 5}, {4}, {3}, {2}], [{8, 7}, {1, 6}, {2, 5}, {3, 4}], [{8, 7}, {1, 6}, {3, 5}, {2, 4}], [{8, 7}, {1, 6}, {4, 5}, {2, 3}], [{8, 7}, {1, 6}, {5}, {3, 4}, {2}], [{8, 7}, {2, 6}, {1, 5}, {3, 4}], [{8, 7}, {2, 6}, {1, 5}, {4}, {3}], [{8, 7}, {2, 6}, {3, 5}, {1, 4}], [{8, 7}, {2, 6}, {4, 5}, {1, 3}], [{8, 7}, {3, 6}, {1, 5}, {2, 4}], [{8, 7}, {3, 6}, {1, 5}, {4}, {2}], [{8, 7}, {3, 6}, {2, 5}, {1, 4}], [{8, 7}, {3, 6}, {4, 5}, {1, 2}], [{8, 7}, {3, 6}, {4, 5}, {2}, {1}], [{8, 7}, {3, 6}, {5}, {1, 4}, {2}], [{8, 7}, {4, 6}, {1, 5}, {2, 3}], [{8, 7}, {4, 6}, {1, 5}, {3}, {2}], [{8, 7}, {4, 6}, {2, 5}, {1, 3}], [{8, 7}, {4, 6}, {3, 5}, {1, 2}], [{8, 7}, {5, 6}, {1, 4}, {2, 3}], [{8, 7}, {5, 6}, {2, 4}, {1, 3}], [{8, 7}, {5, 6}, {3, 4}, {1, 2}], [{8, 7}, {5, 6}, {3, 4}, {2}, {1}], [{8, 7}, {6}, {1, 5}, {2, 4}, {3}], [{8, 7}, {6}, {1, 5}, {3, 4}, {2}], [{8, 7}, {6}, {1, 5}, {4}, {2, 3}], [{8, 7}, {6}, {1, 5}, {4}, {3}, {2}], [{8}, {1, 7}, {2, 6}, {5}, {3, 4}], [{8}, {1, 7}, {3, 6}, {4, 5}, {2}], [{8}, {1, 7}, {4, 6}, {3, 5}, {2}], [{8}, {1, 7}, {5, 6}, {2, 4}, {3}], [{8}, {1, 7}, {5, 6}, {3, 4}, {2}], [{8}, {1, 7}, {5, 6}, {4}, {2, 3}], [{8}, {1, 7}, {5, 6}, {4}, {3}, {2}], [{8}, {1, 7}, {6}, {2, 5}, {3, 4}], [{8}, {1, 7}, {6}, {5}, {3, 4}, {2}], [{8}, {2, 7}, {3, 6}, {4, 5}, {1}], [{8}, {2, 7}, {4, 6}, {1, 5}, {3}], [{8}, {2, 7}, {5, 6}, {1, 4}, {3}], [{8}, {2, 7}, {5, 6}, {3, 4}, {1}], [{8}, {2, 7}, {5, 6}, {4}, {1, 3}], [{8}, {3, 7}, {2, 6}, {5}, {1, 4}], [{8}, {3, 7}, {5, 6}, {1, 4}, {2}], [{8}, {3, 7}, {5, 6}, {2, 4}, {1}], [{8}, {3, 7}, {5, 6}, {4}, {1, 2}], [{8}, {3, 7}, {6}, {2, 5}, {1, 4}], [{8}, {3, 7}, {6}, {5}, {1, 4}, {2}], [{8}, {4, 7}, {2, 6}, {1, 5}, {3}], [{8}, {4, 7}, {3, 6}, {2, 5}, {1}], [{8}, {4, 7}, {5, 6}, {1, 3}, {2}], [{8}, {4, 7}, {5, 6}, {2, 3}, {1}], [{8}, {4, 7}, {5, 6}, {3}, {1, 2}], [{8}, {5, 7}, {1, 6}, {3, 4}, {2}], [{8}, {5, 7}, {2, 6}, {1, 4}, {3}], [{8}, {5, 7}, {3, 6}, {2, 4}, {1}], [{8}, {5, 7}, {4, 6}, {3}, {1, 2}], [{8}, {6, 7}, {1, 5}, {2, 4}, {3}], [{8}, {6, 7}, {1, 5}, {3, 4}, {2}], [{8}, {6, 7}, {1, 5}, {4}, {2, 3}], [{8}, {6, 7}, {1, 5}, {4}, {3}, {2}], [{8}, {7}, {2, 6}, {3, 5}, {1, 4}], [{8}, {7}, {3, 6}, {4, 5}, {1, 2}], [{8}, {7}, {3, 6}, {4, 5}, {2}, {1}], [{8}, {7}, {5, 6}, {1, 4}, {2, 3}], [{8}, {7}, {5, 6}, {2, 4}, {1, 3}], [{8}, {7}, {5, 6}, {3, 4}, {1, 2}], [{8}, {7}, {5, 6}, {3, 4}, {2}, {1}]]",2,4 K_1^3 - 16 K_1^2 - 14 K_1 K_2 + 4 K_1 + 8 K_2 + 6 K_3 + 9,O1O2O3O4U5U6O7U3U1O5O8U7U8U4O6U2,O1O2O3U2U4O5O6U3O7O4U1U6U8U5O8U7,O1O2O3U4O5U6U5U7U3O8O4U1O7O6U8U2,c,"{'O1O2O3O4U3O5U1U6U7O6O8U4U2O7U5U8', 'O1O2O3U2O4O5U1U6U7O6O8U3U4O7U5U8'}",2,"<a href=""/flatknot/8.704379"">8.704379</a>",t^9-74t^7-244t^6+146t^5+538t^4+9t^3-276t^2-88t,t^3-2t^2+t,,
8.704380,O1O2O3O4U3O5U1U6U7O6O8U4U8O7U5U2,4,6z^3+43z^2+110z+97,6w^4z^3+43w^3z^2+110w^2z+97w,False,False,"[[ 0 -3  1 -1  1  2 -1  0  1],[ 3  0  3  0  2  2  3  2  1],[-1 -3  0 -1  0  1 -2 -1  1],[ 1  0  1  0  1  1  1  0  1],[-1 -2  0 -1  0  1 -1 -1  1],[-2 -2 -1 -1 -1  0 -3 -1  0],[ 1 -3  2 -1  1  3  0  0  1],[ 0 -2  1  0  1  1  0  0  1],[-1 -1 -1 -1 -1  0 -1 -1  0]]","[[ 0  2  1  1  1  0 -1 -1 -3],[-2  0  0 -1 -1 -1 -1 -3 -2],[-1  0  0 -1 -1 -1 -1 -1 -1],[-1  1  1  0  0 -1 -1 -1 -2],[-1  1  1  0  0 -1 -1 -2 -3],[ 0  1  1  1  1  0  0  0 -2],[ 1  1  1  1  1  0  0  1  0],[ 1  3  1  1  2  0 -1  0 -3],[ 3  2  1  2  3  2  0  3  0]]",True,"[-2,-1,-1,-1,0,1,1,3,0,1,1,1,1,3,2,1,1,1,1,1,1,0,1,1,1,2,1,1,2,3,0,0,2,-1,0,3]","[-3,-1,-1,0,1,1,1,2,-1,2,1,1,2,3,3,1,1,0,1,1,0,1,1,1,1,2,0,0,0,1,0,-1,0,-1,0,1]",t^8+59t^6+109t^4+33t^2,"[-3,-1,-1,0,1,1,1,2,-1,2,1,1,2,3,3,1,1,0,1,1,0,1,1,1,1,2,0,0,0,1,0,-1,0,-1,0,1]","[-2,-1,-1,-1,0,1,1,3,0,0,1,1,0,2,3,0,1,0,0,1,1,1,0,1,1,2,0,1,1,3,1,1,1,-1,-1,2]","[-3,-1,-1,0,1,1,1,2,0,3,2,1,2,3,2,1,0,1,1,1,1,0,1,1,2,3,1,1,1,1,-1,-1,0,0,1,1]",c,"[[{8, 1}, {5, 7}, {4, 6}, {2, 3}], [{8, 5}, {1, 7}, {4, 6}, {2, 3}], [{8, 7}, {1, 6}, {3, 5}, {2, 4}], [{8, 7}, {1, 6}, {4, 5}, {2, 3}], [{8, 7}, {4, 6}, {1, 5}, {2, 3}]]",1,- 8 K_1^4 + 12 K_1^3 + 12 K_1^2 K_2 - 18 K_1^2 - 14 K_1 K_2 - 4 K_1 K_3 - 2 K_1 - 2 K_2^2 + 9 K_2 + 4 K_3 + K_4 + 11,O1O2O3O4U3U5O6U7U1O7O8U6U8U4O5U2,O1O2O3U2U4O5O4U3O6O7U1U7U8U5O8U6,O1O2O3U4O5U6U5U7U3O7O4U1O8O6U8U2,c,{'O1O2O3O4U3O5U1U6U7O6O8U4U8O7U5U2'},1,"<a href=""/flatknot/8.704380"">8.704380</a>",t^9-63t^7-214t^6-38t^5+350t^4+23t^3-164t^2+88t-16,t^3-t^2-t,,
8.704381,O1O2O3O4U3O5U1U6U7O6O8U5U2O7U4U8,4,4z^3+43z^2+116z+93,4w^4z^3+43w^3z^2+116w^2z+93w,False,False,"[[ 0 -3  0 -1  2  1 -1  0  2],[ 3  0  2  0  4  1  3  1  3],[ 0 -2  0  0  1  0  0  0  2],[ 1  0  0  0  1  0  1  1  1],[-2 -4 -1 -1  0  1 -3 -2  1],[-1 -1  0  0 -1  0 -1  0  0],[ 1 -3  0 -1  3  1  0  0  3],[ 0 -1  0 -1  2  0  0  0  2],[-2 -3 -2 -1 -1  0 -3 -2  0]]","[[ 0  2  2  1  0  0 -1 -1 -3],[-2  0  1  1 -1 -2 -1 -3 -4],[-2 -1  0  0 -2 -2 -1 -3 -3],[-1 -1  0  0  0  0  0 -1 -1],[ 0  1  2  0  0  0  0  0 -2],[ 0  2  2  0  0  0 -1  0 -1],[ 1  1  1  0  0  1  0  1  0],[ 1  3  3  1  0  0 -1  0 -3],[ 3  4  3  1  2  1  0  3  0]]",True,"[-2,-2,-1,0,0,1,1,3,-1,-1,1,2,1,3,4,0,2,2,1,3,3,0,0,0,1,1,0,0,0,2,1,0,1,-1,0,3]","[-3,-1,-1,0,0,1,2,2,-1,2,1,2,3,1,2,1,1,1,1,0,0,1,0,2,2,2,0,1,1,0,1,0,0,2,1,-1]",t^8+78t^6+185t^4+71t^2+1,"[-3,-1,-1,0,0,1,2,2,-1,2,1,2,3,1,2,1,1,1,1,0,0,1,0,2,2,2,0,1,1,0,1,0,0,2,1,-1]","[-2,-2,-1,0,0,1,1,3,-1,1,0,0,0,2,2,2,0,1,0,2,1,1,1,1,2,3,0,1,0,2,1,1,1,-1,-1,2]","[-3,-1,-1,0,0,1,2,2,0,3,1,2,1,3,4,1,1,0,0,1,1,0,0,1,3,3,0,0,2,2,0,2,1,0,-1,-1]",c,"[[{8, 5}, {6, 7}, {3, 4}, {1, 2}]]",1,4 K_1^3 - 4 K_1^2 - 10 K_1 K_2 + 2 K_1 + 2 K_2 + 4 K_3 + 3,O1O2O3O4U5U1O6U3U7O5O8U6U8U4O7U2,O1O2O3U2U4O5O6U3O7O4U1U6U8U7O8U5,O1O2O3U4O5U6U5U7U3O8O6U1O7O4U8U2,c,{'O1O2O3O4U3O5U1U6U7O6O8U5U2O7U4U8'},1,"<a href=""/flatknot/8.704381"">8.704381</a>",t^9-80t^7-298t^6+37t^5+712t^4+109t^3-484t^2-64t+96,t^3-2t^2+t,,
8.704382,O1O2O3O4U3O5U1U6U7O6O8U5U2O7U8U4,4,3z^3+34z^2+102z+93,3w^4z^3+34w^3z^2+102w^2z+93w,False,False,"[[ 0 -3  0 -1  3  1 -1  0  1],[ 3  0  2  0  4  1  3  1  2],[ 0 -2  0  0  2  0  0  0  1],[ 1  0  0  0  1  0  1  1  0],[-3 -4 -2 -1  0  0 -4 -2  0],[-1 -1  0  0  0  0 -1  0  0],[ 1 -3  0 -1  4  1  0  0  2],[ 0 -1  0 -1  2  0  0  0  1],[-1 -2 -1  0  0  0 -2 -1  0]]","[[ 0  3  1  1  0  0 -1 -1 -3],[-3  0  0  0 -2 -2 -1 -4 -4],[-1  0  0  0  0  0  0 -1 -1],[-1  0  0  0 -1 -1  0 -2 -2],[ 0  2  0  1  0  0  0  0 -2],[ 0  2  0  1  0  0 -1  0 -1],[ 1  1  0  0  0  1  0  1  0],[ 1  4  1  2  0  0 -1  0 -3],[ 3  4  1  2  2  1  0  3  0]]",True,"[-3,-1,-1,0,0,1,1,3,0,0,2,2,1,4,4,0,0,0,0,1,1,1,1,0,2,2,0,0,0,2,1,0,1,-1,0,3]","[-3,-1,-1,0,0,1,1,3,-1,2,1,2,2,3,2,1,1,1,0,1,0,1,0,2,2,3,0,0,1,1,0,1,1,0,2,2]",t^8+69t^6+104t^4+29t^2+1,"[-3,-1,-1,0,0,1,1,3,-1,2,1,2,2,3,2,1,1,1,0,1,0,1,0,2,2,3,0,0,1,1,0,1,1,0,2,2]","[-3,-1,-1,0,0,1,1,3,2,2,1,1,0,3,2,0,0,0,0,2,2,1,1,1,2,3,0,1,0,2,1,1,1,-1,-1,2]","[-3,-1,-1,0,0,1,1,3,0,3,1,2,1,2,4,1,1,0,0,0,1,0,0,1,2,4,0,0,1,2,0,1,2,0,0,0]",c,"[[{8, 1}, {2, 7}, {3, 6}, {4, 5}], [{8, 1}, {2, 7}, {4, 6}, {3, 5}], [{8, 1}, {2, 7}, {5, 6}, {3, 4}], [{8, 1}, {3, 7}, {2, 6}, {4, 5}], [{8, 1}, {3, 7}, {2, 6}, {5}, {4}], [{8, 1}, {3, 7}, {4, 6}, {2, 5}], [{8, 1}, {3, 7}, {5, 6}, {2, 4}], [{8, 1}, {3, 7}, {6}, {4, 5}, {2}], [{8, 1}, {4, 7}, {2, 6}, {3, 5}], [{8, 1}, {4, 7}, {3, 6}, {2, 5}], [{8, 1}, {4, 7}, {5, 6}, {2, 3}], [{8, 1}, {4, 7}, {6}, {3, 5}, {2}], [{8, 1}, {5, 7}, {2, 6}, {3, 4}], [{8, 1}, {5, 7}, {2, 6}, {4}, {3}], [{8, 1}, {5, 7}, {3, 6}, {2, 4}], [{8, 1}, {5, 7}, {4, 6}, {2, 3}], [{8, 1}, {6, 7}, {2, 5}, {3, 4}], [{8, 1}, {6, 7}, {3, 5}, {2, 4}], [{8, 1}, {6, 7}, {4, 5}, {2, 3}], [{8, 1}, {7}, {2, 6}, {3, 5}, {4}], [{8, 1}, {7}, {5, 6}, {3, 4}, {2}], [{8, 2}, {1, 7}, {3, 6}, {4, 5}], [{8, 2}, {1, 7}, {4, 6}, {3, 5}], [{8, 2}, {1, 7}, {5, 6}, {3, 4}], [{8, 2}, {3, 7}, {1, 6}, {4, 5}], [{8, 2}, {3, 7}, {4, 6}, {1, 5}], [{8, 2}, {3, 7}, {5, 6}, {1, 4}], [{8, 2}, {4, 7}, {1, 6}, {3, 5}], [{8, 2}, {4, 7}, {3, 6}, {1, 5}], [{8, 2}, {4, 7}, {5, 6}, {1, 3}], [{8, 2}, {5, 7}, {1, 6}, {3, 4}], [{8, 2}, {5, 7}, {3, 6}, {1, 4}], [{8, 2}, {5, 7}, {4, 6}, {1, 3}], [{8, 2}, {5, 7}, {6}, {1, 4}, {3}], [{8, 2}, {6, 7}, {1, 5}, {3, 4}], [{8, 2}, {6, 7}, {3, 5}, {1, 4}], [{8, 2}, {6, 7}, {4, 5}, {1, 3}], [{8, 2}, {7}, {1, 6}, {3, 5}, {4}], [{8, 2}, {7}, {5, 6}, {3, 4}, {1}], [{8, 2}, {7}, {6}, {4, 5}, {1, 3}], [{8, 3}, {1, 7}, {2, 6}, {4, 5}], [{8, 3}, {1, 7}, {4, 6}, {2, 5}], [{8, 3}, {1, 7}, {4, 6}, {5}, {2}], [{8, 3}, {1, 7}, {5, 6}, {2, 4}], [{8, 3}, {1, 7}, {5, 6}, {4}, {2}], [{8, 3}, {1, 7}, {6}, {4, 5}, {2}], [{8, 3}, {2, 7}, {1, 6}, {4, 5}], [{8, 3}, {2, 7}, {4, 6}, {1, 5}], [{8, 3}, {2, 7}, {5, 6}, {1, 4}], [{8, 3}, {4, 7}, {1, 6}, {2, 5}], [{8, 3}, {4, 7}, {2, 6}, {1, 5}], [{8, 3}, {4, 7}, {5, 6}, {1, 2}], [{8, 3}, {4, 7}, {5, 6}, {2}, {1}], [{8, 3}, {5, 7}, {1, 6}, {2, 4}], [{8, 3}, {5, 7}, {2, 6}, {1, 4}], [{8, 3}, {5, 7}, {4, 6}, {1, 2}], [{8, 3}, {5, 7}, {6}, {2, 4}, {1}], [{8, 3}, {6, 7}, {1, 5}, {2, 4}], [{8, 3}, {6, 7}, {2, 5}, {1, 4}], [{8, 3}, {6, 7}, {4, 5}, {1, 2}], [{8, 3}, {7}, {5, 6}, {1, 4}, {2}], [{8, 4}, {1, 7}, {2, 6}, {3, 5}], [{8, 4}, {1, 7}, {3, 6}, {2, 5}], [{8, 4}, {1, 7}, {5, 6}, {2, 3}], [{8, 4}, {1, 7}, {6}, {5}, {2, 3}], [{8, 4}, {2, 7}, {1, 6}, {3, 5}], [{8, 4}, {2, 7}, {3, 6}, {1, 5}], [{8, 4}, {2, 7}, {5, 6}, {1, 3}], [{8, 4}, {3, 7}, {1, 6}, {2, 5}], [{8, 4}, {3, 7}, {2, 6}, {1, 5}], [{8, 4}, {3, 7}, {5, 6}, {1, 2}], [{8, 4}, {3, 7}, {6}, {5}, {1, 2}], [{8, 4}, {5, 7}, {1, 6}, {2, 3}], [{8, 4}, {5, 7}, {2, 6}, {1, 3}], [{8, 4}, {5, 7}, {3, 6}, {1, 2}], [{8, 4}, {6, 7}, {1, 5}, {2, 3}], [{8, 4}, {6, 7}, {2, 5}, {1, 3}], [{8, 4}, {6, 7}, {3, 5}, {1, 2}], [{8, 4}, {7}, {5, 6}, {1, 3}, {2}], [{8, 5}, {1, 7}, {2, 6}, {3, 4}], [{8, 5}, {1, 7}, {3, 6}, {2, 4}], [{8, 5}, {1, 7}, {4, 6}, {2, 3}], [{8, 5}, {1, 7}, {6}, {3, 4}, {2}], [{8, 5}, {2, 7}, {1, 6}, {3, 4}], [{8, 5}, {2, 7}, {3, 6}, {1, 4}], [{8, 5}, {2, 7}, {4, 6}, {1, 3}], [{8, 5}, {2, 7}, {6}, {1, 4}, {3}], [{8, 5}, {3, 7}, {1, 6}, {2, 4}], [{8, 5}, {3, 7}, {2, 6}, {1, 4}], [{8, 5}, {3, 7}, {4, 6}, {1, 2}], [{8, 5}, {4, 7}, {1, 6}, {2, 3}], [{8, 5}, {4, 7}, {2, 6}, {1, 3}], [{8, 5}, {4, 7}, {3, 6}, {1, 2}], [{8, 5}, {6, 7}, {1, 4}, {2, 3}], [{8, 5}, {6, 7}, {2, 4}, {1, 3}], [{8, 5}, {6, 7}, {3, 4}, {1, 2}], [{8, 5}, {6, 7}, {4}, {3}, {1, 2}], [{8, 5}, {7}, {2, 6}, {3, 4}, {1}], [{8, 5}, {7}, {4, 6}, {1, 3}, {2}], [{8, 6}, {1, 7}, {2, 5}, {3, 4}], [{8, 6}, {1, 7}, {3, 5}, {2, 4}], [{8, 6}, {1, 7}, {4, 5}, {2, 3}], [{8, 6}, {2, 7}, {1, 5}, {3, 4}], [{8, 6}, {2, 7}, {3, 5}, {1, 4}], [{8, 6}, {2, 7}, {4, 5}, {1, 3}], [{8, 6}, {2, 7}, {5}, {4}, {1, 3}], [{8, 6}, {3, 7}, {1, 5}, {2, 4}], [{8, 6}, {3, 7}, {2, 5}, {1, 4}], [{8, 6}, {3, 7}, {4, 5}, {1, 2}], [{8, 6}, {4, 7}, {1, 5}, {2, 3}], [{8, 6}, {4, 7}, {2, 5}, {1, 3}], [{8, 6}, {4, 7}, {3, 5}, {1, 2}], [{8, 6}, {4, 7}, {5}, {1, 3}, {2}], [{8, 6}, {5, 7}, {1, 4}, {2, 3}], [{8, 6}, {5, 7}, {2, 4}, {1, 3}], [{8, 6}, {5, 7}, {3, 4}, {1, 2}], [{8, 6}, {5, 7}, {4}, {1, 3}, {2}], [{8, 6}, {7}, {1, 5}, {3, 4}, {2}], [{8, 6}, {7}, {2, 5}, {4}, {1, 3}], [{8, 6}, {7}, {3, 5}, {1, 4}, {2}], [{8, 6}, {7}, {4, 5}, {1, 3}, {2}], [{8, 6}, {7}, {5}, {2, 4}, {1, 3}], [{8, 6}, {7}, {5}, {4}, {1, 3}, {2}], [{8, 7}, {1, 6}, {2, 5}, {3, 4}], [{8, 7}, {1, 6}, {3, 5}, {2, 4}], [{8, 7}, {1, 6}, {4, 5}, {2, 3}], [{8, 7}, {1, 6}, {4, 5}, {3}, {2}], [{8, 7}, {2, 6}, {1, 5}, {3, 4}], [{8, 7}, {2, 6}, {1, 5}, {4}, {3}], [{8, 7}, {2, 6}, {3, 5}, {1, 4}], [{8, 7}, {2, 6}, {4, 5}, {1, 3}], [{8, 7}, {2, 6}, {4, 5}, {3}, {1}], [{8, 7}, {2, 6}, {5}, {1, 4}, {3}], [{8, 7}, {3, 6}, {1, 5}, {2, 4}], [{8, 7}, {3, 6}, {1, 5}, {4}, {2}], [{8, 7}, {3, 6}, {2, 5}, {1, 4}], [{8, 7}, {3, 6}, {4, 5}, {1, 2}], [{8, 7}, {3, 6}, {4, 5}, {2}, {1}], [{8, 7}, {3, 6}, {5}, {1, 4}, {2}], [{8, 7}, {4, 6}, {1, 5}, {2, 3}], [{8, 7}, {4, 6}, {1, 5}, {3}, {2}], [{8, 7}, {4, 6}, {2, 5}, {1, 3}], [{8, 7}, {4, 6}, {3, 5}, {1, 2}], [{8, 7}, {5, 6}, {1, 4}, {2, 3}], [{8, 7}, {5, 6}, {1, 4}, {3}, {2}], [{8, 7}, {5, 6}, {2, 4}, {1, 3}], [{8, 7}, {5, 6}, {3, 4}, {1, 2}], [{8, 7}, {6}, {1, 5}, {2, 4}, {3}], [{8, 7}, {6}, {1, 5}, {3, 4}, {2}], [{8, 7}, {6}, {1, 5}, {4}, {2, 3}], [{8, 7}, {6}, {1, 5}, {4}, {3}, {2}], [{8, 7}, {6}, {2, 5}, {1, 4}, {3}], [{8, 7}, {6}, {3, 5}, {1, 4}, {2}], [{8, 7}, {6}, {4, 5}, {1, 3}, {2}], [{8, 7}, {6}, {4, 5}, {2, 3}, {1}], [{8, 7}, {6}, {4, 5}, {3}, {1, 2}], [{8, 7}, {6}, {4, 5}, {3}, {2}, {1}], [{8, 7}, {6}, {5}, {1, 4}, {2, 3}], [{8, 7}, {6}, {5}, {1, 4}, {3}, {2}], [{8}, {1, 7}, {2, 6}, {5}, {3, 4}], [{8}, {1, 7}, {3, 6}, {5}, {2, 4}], [{8}, {1, 7}, {5, 6}, {2, 4}, {3}], [{8}, {1, 7}, {6}, {3, 5}, {2, 4}], [{8}, {2, 7}, {1, 6}, {5}, {3, 4}], [{8}, {2, 7}, {4, 6}, {3, 5}, {1}], [{8}, {2, 7}, {6}, {4, 5}, {1, 3}], [{8}, {3, 7}, {5, 6}, {1, 4}, {2}], [{8}, {4, 7}, {2, 6}, {3, 5}, {1}], [{8}, {5, 7}, {1, 6}, {2, 4}, {3}], [{8}, {6, 7}, {1, 5}, {3, 4}, {2}], [{8}, {6, 7}, {3, 5}, {1, 4}, {2}], [{8}, {6, 7}, {4, 5}, {1, 3}, {2}], [{8}, {7}, {2, 6}, {4, 5}, {1, 3}], [{8}, {7}, {4, 6}, {1, 5}, {2, 3}], [{8}, {7}, {5, 6}, {3, 4}, {1, 2}], [{8}, {7}, {6}, {4, 5}, {1, 3}, {2}]]",2,20 K_1^3 - 12 K_1^2 - 20 K_1 K_2 - 5 K_1 + 6 K_2 + 5 K_3 + 7,O1O2O3O4U1U5O6U3U7O5O8U6U8U4O7U2,O1O2O3U2U4O5O6U3O4O7U1U6U8U7O8U5,O1O2O3U4O5U6U5U7U3O6O8U1O7O4U8U2,c,{'O1O2O3O4U3O5U1U6U7O6O8U5U2O7U8U4'},1,"<a href=""/flatknot/8.704382"">8.704382</a>",t^9-69t^7-218t^6+130t^5+284t^4-53t^3-64t^2-4,0,,
8.704383,O1O2O3O4U3O5U1U6U7O6O8U5U4O7U2U8,4,3z^3+29z^2+89z+87,3w^4z^3+29w^3z^2+89w^2z+87w,False,False,"[[ 0 -3  0 -1  2  1 -1  0  2],[ 3  0  3  0  3  1  3  1  3],[ 0 -3  0 -1  2  1 -1 -1  2],[ 1  0  1  0  1  0  1  0  1],[-2 -3 -2 -1  0  0 -2 -2  1],[-1 -1 -1  0  0  0 -1  0  0],[ 1 -3  1 -1  2  1  0  0  3],[ 0 -1  1  0  2  0  0  0  2],[-2 -3 -2 -1 -1  0 -3 -2  0]]","[[ 0  2  2  1  0  0 -1 -1 -3],[-2  0  1  0 -2 -2 -1 -2 -3],[-2 -1  0  0 -2 -2 -1 -3 -3],[-1  0  0  0  0 -1  0 -1 -1],[ 0  2  2  0  0  1  0  0 -1],[ 0  2  2  1 -1  0 -1 -1 -3],[ 1  1  1  0  0  1  0  1  0],[ 1  2  3  1  0  1 -1  0 -3],[ 3  3  3  1  1  3  0  3  0]]",True,"[-2,-2,-1,0,0,1,1,3,-1,0,2,2,1,2,3,0,2,2,1,3,3,0,1,0,1,1,-1,0,0,1,1,1,3,-1,0,3]","[-3,-1,-1,0,0,1,2,2,-1,2,0,2,3,2,2,1,0,1,1,0,1,0,1,2,2,2,1,0,0,0,1,0,0,1,1,1]",t^8+76t^6+128t^4+47t^2+1,"[-3,-1,-1,0,0,1,2,2,-1,2,0,2,3,2,2,1,0,1,1,0,1,0,1,2,2,2,1,0,0,0,1,0,0,1,1,1]","[-2,-2,-1,0,0,1,1,3,-1,1,0,0,0,2,2,1,0,0,1,2,2,0,1,1,2,3,-1,0,0,0,1,1,2,-1,-1,2]","[-3,-1,-1,0,0,1,2,2,0,3,1,3,1,3,3,1,0,1,0,1,1,0,1,1,2,3,1,0,2,2,1,2,2,0,0,1]",c,"[[{8, 1}, {2, 7}, {3, 6}, {4, 5}], [{8, 1}, {2, 7}, {4, 6}, {3, 5}], [{8, 1}, {2, 7}, {5, 6}, {3, 4}], [{8, 1}, {2, 7}, {5, 6}, {4}, {3}], [{8, 1}, {2, 7}, {6}, {5}, {3, 4}], [{8, 1}, {3, 7}, {2, 6}, {4, 5}], [{8, 1}, {3, 7}, {2, 6}, {5}, {4}], [{8, 1}, {3, 7}, {4, 6}, {2, 5}], [{8, 1}, {3, 7}, {4, 6}, {5}, {2}], [{8, 1}, {3, 7}, {5, 6}, {2, 4}], [{8, 1}, {3, 7}, {5, 6}, {4}, {2}], [{8, 1}, {3, 7}, {6}, {2, 5}, {4}], [{8, 1}, {3, 7}, {6}, {4, 5}, {2}], [{8, 1}, {3, 7}, {6}, {5}, {2, 4}], [{8, 1}, {3, 7}, {6}, {5}, {4}, {2}], [{8, 1}, {4, 7}, {2, 6}, {3, 5}], [{8, 1}, {4, 7}, {2, 6}, {5}, {3}], [{8, 1}, {4, 7}, {3, 6}, {2, 5}], [{8, 1}, {4, 7}, {3, 6}, {5}, {2}], [{8, 1}, {4, 7}, {5, 6}, {2, 3}], [{8, 1}, {4, 7}, {5, 6}, {3}, {2}], [{8, 1}, {4, 7}, {6}, {2, 5}, {3}], [{8, 1}, {4, 7}, {6}, {3, 5}, {2}], [{8, 1}, {4, 7}, {6}, {5}, {2, 3}], [{8, 1}, {4, 7}, {6}, {5}, {3}, {2}], [{8, 1}, {5, 7}, {2, 6}, {3, 4}], [{8, 1}, {5, 7}, {2, 6}, {4}, {3}], [{8, 1}, {5, 7}, {3, 6}, {2, 4}], [{8, 1}, {5, 7}, {4, 6}, {2, 3}], [{8, 1}, {5, 7}, {6}, {3, 4}, {2}], [{8, 1}, {6, 7}, {2, 5}, {3, 4}], [{8, 1}, {6, 7}, {3, 5}, {2, 4}], [{8, 1}, {6, 7}, {4, 5}, {2, 3}], [{8, 1}, {6, 7}, {5}, {3, 4}, {2}], [{8, 1}, {7}, {2, 6}, {3, 5}, {4}], [{8, 1}, {7}, {2, 6}, {4, 5}, {3}], [{8, 1}, {7}, {2, 6}, {5}, {3, 4}], [{8, 1}, {7}, {5, 6}, {2, 4}, {3}], [{8, 1}, {7}, {5, 6}, {3, 4}, {2}], [{8, 1}, {7}, {5, 6}, {4}, {2, 3}], [{8, 1}, {7}, {6}, {2, 5}, {3, 4}], [{8, 1}, {7}, {6}, {5}, {3, 4}, {2}], [{8, 2}, {1, 7}, {3, 6}, {4, 5}], [{8, 2}, {1, 7}, {3, 6}, {5}, {4}], [{8, 2}, {1, 7}, {4, 6}, {3, 5}], [{8, 2}, {1, 7}, {5, 6}, {3, 4}], [{8, 2}, {3, 7}, {1, 6}, {4, 5}], [{8, 2}, {3, 7}, {4, 6}, {1, 5}], [{8, 2}, {3, 7}, {5, 6}, {1, 4}], [{8, 2}, {4, 7}, {1, 6}, {3, 5}], [{8, 2}, {4, 7}, {3, 6}, {1, 5}], [{8, 2}, {4, 7}, {5, 6}, {1, 3}], [{8, 2}, {5, 7}, {1, 6}, {3, 4}], [{8, 2}, {5, 7}, {3, 6}, {1, 4}], [{8, 2}, {5, 7}, {4, 6}, {1, 3}], [{8, 2}, {6, 7}, {1, 5}, {3, 4}], [{8, 2}, {6, 7}, {3, 5}, {1, 4}], [{8, 2}, {6, 7}, {4, 5}, {1, 3}], [{8, 2}, {6, 7}, {5}, {1, 4}, {3}], [{8, 2}, {7}, {1, 6}, {5}, {3, 4}], [{8, 2}, {7}, {4, 6}, {1, 5}, {3}], [{8, 3}, {1, 7}, {2, 6}, {4, 5}], [{8, 3}, {1, 7}, {4, 6}, {2, 5}], [{8, 3}, {1, 7}, {5, 6}, {2, 4}], [{8, 3}, {2, 7}, {1, 6}, {4, 5}], [{8, 3}, {2, 7}, {4, 6}, {1, 5}], [{8, 3}, {2, 7}, {5, 6}, {1, 4}], [{8, 3}, {4, 7}, {1, 6}, {2, 5}], [{8, 3}, {4, 7}, {2, 6}, {1, 5}], [{8, 3}, {4, 7}, {5, 6}, {1, 2}], [{8, 3}, {4, 7}, {6}, {2, 5}, {1}], [{8, 3}, {5, 7}, {1, 6}, {2, 4}], [{8, 3}, {5, 7}, {2, 6}, {1, 4}], [{8, 3}, {5, 7}, {4, 6}, {1, 2}], [{8, 3}, {6, 7}, {1, 5}, {2, 4}], [{8, 3}, {6, 7}, {2, 5}, {1, 4}], [{8, 3}, {6, 7}, {4, 5}, {1, 2}], [{8, 3}, {7}, {2, 6}, {4, 5}, {1}], [{8, 3}, {7}, {4, 6}, {5}, {1, 2}], [{8, 3}, {7}, {5, 6}, {1, 4}, {2}], [{8, 4}, {1, 7}, {2, 6}, {3, 5}], [{8, 4}, {1, 7}, {3, 6}, {2, 5}], [{8, 4}, {1, 7}, {5, 6}, {2, 3}], [{8, 4}, {1, 7}, {6}, {5}, {2, 3}], [{8, 4}, {2, 7}, {1, 6}, {3, 5}], [{8, 4}, {2, 7}, {3, 6}, {1, 5}], [{8, 4}, {2, 7}, {5, 6}, {1, 3}], [{8, 4}, {3, 7}, {1, 6}, {2, 5}], [{8, 4}, {3, 7}, {2, 6}, {1, 5}], [{8, 4}, {3, 7}, {5, 6}, {1, 2}], [{8, 4}, {5, 7}, {1, 6}, {2, 3}], [{8, 4}, {5, 7}, {2, 6}, {1, 3}], [{8, 4}, {5, 7}, {3, 6}, {1, 2}], [{8, 4}, {6, 7}, {1, 5}, {2, 3}], [{8, 4}, {6, 7}, {2, 5}, {1, 3}], [{8, 4}, {6, 7}, {3, 5}, {1, 2}], [{8, 4}, {7}, {2, 6}, {3, 5}, {1}], [{8, 4}, {7}, {5, 6}, {1, 3}, {2}], [{8, 5}, {1, 7}, {2, 6}, {3, 4}], [{8, 5}, {1, 7}, {3, 6}, {2, 4}], [{8, 5}, {1, 7}, {4, 6}, {2, 3}], [{8, 5}, {1, 7}, {4, 6}, {3}, {2}], [{8, 5}, {2, 7}, {1, 6}, {3, 4}], [{8, 5}, {2, 7}, {3, 6}, {1, 4}], [{8, 5}, {2, 7}, {4, 6}, {1, 3}], [{8, 5}, {3, 7}, {1, 6}, {2, 4}], [{8, 5}, {3, 7}, {2, 6}, {1, 4}], [{8, 5}, {3, 7}, {4, 6}, {1, 2}], [{8, 5}, {4, 7}, {1, 6}, {2, 3}], [{8, 5}, {4, 7}, {2, 6}, {1, 3}], [{8, 5}, {4, 7}, {3, 6}, {1, 2}], [{8, 5}, {4, 7}, {6}, {2, 3}, {1}], [{8, 5}, {6, 7}, {1, 4}, {2, 3}], [{8, 5}, {6, 7}, {2, 4}, {1, 3}], [{8, 5}, {6, 7}, {3, 4}, {1, 2}], [{8, 5}, {7}, {2, 6}, {3, 4}, {1}], [{8, 6}, {1, 7}, {2, 5}, {3, 4}], [{8, 6}, {1, 7}, {3, 5}, {2, 4}], [{8, 6}, {1, 7}, {4, 5}, {2, 3}], [{8, 6}, {2, 7}, {1, 5}, {3, 4}], [{8, 6}, {2, 7}, {3, 5}, {1, 4}], [{8, 6}, {2, 7}, {4, 5}, {1, 3}], [{8, 6}, {3, 7}, {1, 5}, {2, 4}], [{8, 6}, {3, 7}, {2, 5}, {1, 4}], [{8, 6}, {3, 7}, {4, 5}, {1, 2}], [{8, 6}, {4, 7}, {1, 5}, {2, 3}], [{8, 6}, {4, 7}, {2, 5}, {1, 3}], [{8, 6}, {4, 7}, {3, 5}, {1, 2}], [{8, 6}, {5, 7}, {1, 4}, {2, 3}], [{8, 6}, {5, 7}, {2, 4}, {1, 3}], [{8, 6}, {5, 7}, {3, 4}, {1, 2}], [{8, 6}, {7}, {5}, {3, 4}, {1, 2}], [{8, 7}, {1, 6}, {2, 5}, {3, 4}], [{8, 7}, {1, 6}, {2, 5}, {4}, {3}], [{8, 7}, {1, 6}, {3, 5}, {2, 4}], [{8, 7}, {1, 6}, {4, 5}, {2, 3}], [{8, 7}, {1, 6}, {4, 5}, {3}, {2}], [{8, 7}, {1, 6}, {5}, {2, 4}, {3}], [{8, 7}, {2, 6}, {1, 5}, {3, 4}], [{8, 7}, {2, 6}, {3, 5}, {1, 4}], [{8, 7}, {2, 6}, {3, 5}, {4}, {1}], [{8, 7}, {2, 6}, {4, 5}, {1, 3}], [{8, 7}, {2, 6}, {4, 5}, {3}, {1}], [{8, 7}, {2, 6}, {5}, {3, 4}, {1}], [{8, 7}, {3, 6}, {1, 5}, {2, 4}], [{8, 7}, {3, 6}, {2, 5}, {1, 4}], [{8, 7}, {3, 6}, {4, 5}, {1, 2}], [{8, 7}, {4, 6}, {1, 5}, {2, 3}], [{8, 7}, {4, 6}, {2, 5}, {1, 3}], [{8, 7}, {4, 6}, {2, 5}, {3}, {1}], [{8, 7}, {4, 6}, {3, 5}, {1, 2}], [{8, 7}, {5, 6}, {1, 4}, {2, 3}], [{8, 7}, {5, 6}, {2, 4}, {1, 3}], [{8, 7}, {5, 6}, {3, 4}, {1, 2}], [{8, 7}, {6}, {2, 5}, {1, 4}, {3}], [{8, 7}, {6}, {3, 5}, {1, 4}, {2}], [{8, 7}, {6}, {4, 5}, {3}, {1, 2}], [{8, 7}, {6}, {5}, {1, 4}, {2, 3}], [{8}, {1, 7}, {2, 6}, {3, 5}, {4}], [{8}, {1, 7}, {2, 6}, {4, 5}, {3}], [{8}, {1, 7}, {2, 6}, {5}, {3, 4}], [{8}, {2, 7}, {1, 6}, {3, 5}, {4}], [{8}, {2, 7}, {3, 6}, {1, 5}, {4}], [{8}, {2, 7}, {4, 6}, {5}, {1, 3}], [{8}, {3, 7}, {2, 6}, {4, 5}, {1}], [{8}, {4, 7}, {2, 6}, {3, 5}, {1}], [{8}, {4, 7}, {6}, {1, 5}, {2, 3}], [{8}, {4, 7}, {6}, {2, 5}, {1, 3}], [{8}, {5, 7}, {2, 6}, {3, 4}, {1}], [{8}, {6, 7}, {3, 5}, {4}, {1, 2}], [{8}, {7}, {2, 6}, {1, 5}, {3, 4}], [{8}, {7}, {2, 6}, {3, 5}, {1, 4}], [{8}, {7}, {2, 6}, {3, 5}, {4}, {1}], [{8}, {7}, {2, 6}, {4, 5}, {1, 3}], [{8}, {7}, {2, 6}, {4, 5}, {3}, {1}], [{8}, {7}, {2, 6}, {5}, {3, 4}, {1}], [{8}, {7}, {3, 6}, {2, 5}, {1, 4}]]",2,4 K_1^3 + 4 K_1^2 K_2 - 10 K_1^2 - 6 K_1 K_2 - 6 K_1 K_3 - 2 K_2^2 + 6 K_2 + 2 K_3 + 3 K_4 + 6,O1O2O3O4U5U3O6U1U7O5O8U6U8U4O7U2,O1O2O3U2U4O5O6U3O7O4U1U7U8U6O8U5,O1O2O3U4O5U6U5U7U3O8O7U1O6O4U8U2,c,{'O1O2O3O4U3O5U1U6U7O6O8U5U4O7U2U8'},1,"<a href=""/flatknot/8.704383"">8.704383</a>",t^9-78t^7-340t^6-278t^5+490t^4+756t^3+128t^2-111t-18,t^3-2t^2+t,,
8.704384,O1O2O3O4U3O5U1U6U7O6O8U5U4O7U8U2,3,16z^2+93z+123,-2w^4z^2+18w^3z^2-6w^3z+99w^2z+123w,False,False,"[[ 0 -3  1 -1  2  1 -1  0  1],[ 3  0  3  0  3  1  3  1  2],[-1 -3  0 -1  1  0 -2 -1  1],[ 1  0  1  0  1  0  1  0  1],[-2 -3 -1 -1  0  0 -2 -2  1],[-1 -1  0  0  0  0 -1  0  0],[ 1 -3  2 -1  2  1  0  0  2],[ 0 -1  1  0  2  0  0  0  1],[-1 -2 -1 -1 -1  0 -2 -1  0]]","[[ 0  2  1  1  1  0 -1 -1 -3],[-2  0  1  0 -1 -2 -1 -2 -3],[-1 -1  0  0 -1 -1 -1 -2 -2],[-1  0  0  0  0  0  0 -1 -1],[-1  1  1  0  0 -1 -1 -2 -3],[ 0  2  1  0  1  0  0  0 -1],[ 1  1  1  0  1  0  0  1  0],[ 1  2  2  1  2  0 -1  0 -3],[ 3  3  2  1  3  1  0  3  0]]",True,"[-2,-1,-1,-1,0,1,1,3,-1,0,1,2,1,2,3,0,1,1,1,2,2,0,0,0,1,1,1,1,2,3,0,0,1,-1,0,3]","[-3,-1,-1,0,1,1,1,2,-1,2,2,1,2,3,2,1,1,0,0,1,1,1,1,1,2,2,0,0,1,0,-1,0,0,0,2,1]",t^8+59t^6+100t^4+11t^2,"[-3,-1,-1,0,1,1,1,2,-1,2,2,1,2,3,2,1,1,0,0,1,1,1,1,1,2,2,0,0,1,0,-1,0,0,0,2,1]","[-2,-1,-1,-1,0,1,1,3,0,1,2,0,1,2,2,0,1,0,0,1,1,0,1,1,2,3,0,0,1,2,1,1,2,-1,-1,2]","[-3,-1,-1,0,1,1,1,2,0,3,1,1,2,3,3,1,0,0,1,1,1,0,1,2,2,2,0,1,1,2,0,0,0,-1,-1,1]",c,"[[{8, 1}, {2, 7}, {3, 6}, {4, 5}], [{8, 1}, {2, 7}, {4, 6}, {3, 5}], [{8, 1}, {2, 7}, {5, 6}, {3, 4}], [{8, 1}, {2, 7}, {6}, {5}, {3, 4}], [{8, 1}, {3, 7}, {2, 6}, {4, 5}], [{8, 1}, {3, 7}, {4, 6}, {2, 5}], [{8, 1}, {3, 7}, {5, 6}, {2, 4}], [{8, 1}, {3, 7}, {6}, {5}, {2, 4}], [{8, 1}, {4, 7}, {2, 6}, {3, 5}], [{8, 1}, {4, 7}, {3, 6}, {2, 5}], [{8, 1}, {4, 7}, {5, 6}, {2, 3}], [{8, 1}, {4, 7}, {6}, {5}, {2, 3}], [{8, 1}, {5, 7}, {2, 6}, {3, 4}], [{8, 1}, {5, 7}, {3, 6}, {2, 4}], [{8, 1}, {5, 7}, {4, 6}, {2, 3}], [{8, 1}, {5, 7}, {6}, {2, 4}, {3}], [{8, 1}, {6, 7}, {2, 5}, {3, 4}], [{8, 1}, {6, 7}, {3, 5}, {2, 4}], [{8, 1}, {6, 7}, {4, 5}, {2, 3}], [{8, 1}, {6, 7}, {5}, {2, 4}, {3}], [{8, 1}, {7}, {2, 6}, {4, 5}, {3}], [{8, 1}, {7}, {3, 6}, {5}, {2, 4}], [{8, 1}, {7}, {4, 6}, {2, 5}, {3}], [{8, 1}, {7}, {5, 6}, {2, 4}, {3}], [{8, 1}, {7}, {6}, {3, 5}, {2, 4}], [{8, 1}, {7}, {6}, {5}, {2, 4}, {3}], [{8, 2}, {1, 7}, {3, 6}, {4, 5}], [{8, 2}, {1, 7}, {4, 6}, {3, 5}], [{8, 2}, {1, 7}, {5, 6}, {3, 4}], [{8, 2}, {3, 7}, {1, 6}, {4, 5}], [{8, 2}, {3, 7}, {4, 6}, {1, 5}], [{8, 2}, {3, 7}, {5, 6}, {1, 4}], [{8, 2}, {4, 7}, {1, 6}, {3, 5}], [{8, 2}, {4, 7}, {3, 6}, {1, 5}], [{8, 2}, {4, 7}, {5, 6}, {1, 3}], [{8, 2}, {5, 7}, {1, 6}, {3, 4}], [{8, 2}, {5, 7}, {3, 6}, {1, 4}], [{8, 2}, {5, 7}, {4, 6}, {1, 3}], [{8, 2}, {6, 7}, {1, 5}, {3, 4}], [{8, 2}, {6, 7}, {3, 5}, {1, 4}], [{8, 2}, {6, 7}, {4, 5}, {1, 3}], [{8, 2}, {6, 7}, {5}, {1, 4}, {3}], [{8, 2}, {7}, {6}, {1, 5}, {3, 4}], [{8, 3}, {1, 7}, {2, 6}, {4, 5}], [{8, 3}, {1, 7}, {2, 6}, {5}, {4}], [{8, 3}, {1, 7}, {4, 6}, {2, 5}], [{8, 3}, {1, 7}, {5, 6}, {2, 4}], [{8, 3}, {2, 7}, {1, 6}, {4, 5}], [{8, 3}, {2, 7}, {4, 6}, {1, 5}], [{8, 3}, {2, 7}, {5, 6}, {1, 4}], [{8, 3}, {4, 7}, {1, 6}, {2, 5}], [{8, 3}, {4, 7}, {2, 6}, {1, 5}], [{8, 3}, {4, 7}, {5, 6}, {1, 2}], [{8, 3}, {5, 7}, {1, 6}, {2, 4}], [{8, 3}, {5, 7}, {2, 6}, {1, 4}], [{8, 3}, {5, 7}, {4, 6}, {1, 2}], [{8, 3}, {5, 7}, {6}, {1, 4}, {2}], [{8, 3}, {6, 7}, {1, 5}, {2, 4}], [{8, 3}, {6, 7}, {1, 5}, {4}, {2}], [{8, 3}, {6, 7}, {2, 5}, {1, 4}], [{8, 3}, {6, 7}, {2, 5}, {4}, {1}], [{8, 3}, {6, 7}, {4, 5}, {1, 2}], [{8, 3}, {6, 7}, {5}, {4}, {1, 2}], [{8, 4}, {1, 7}, {2, 6}, {3, 5}], [{8, 4}, {1, 7}, {2, 6}, {5}, {3}], [{8, 4}, {1, 7}, {3, 6}, {2, 5}], [{8, 4}, {1, 7}, {5, 6}, {2, 3}], [{8, 4}, {2, 7}, {1, 6}, {3, 5}], [{8, 4}, {2, 7}, {1, 6}, {5}, {3}], [{8, 4}, {2, 7}, {3, 6}, {1, 5}], [{8, 4}, {2, 7}, {5, 6}, {1, 3}], [{8, 4}, {3, 7}, {1, 6}, {2, 5}], [{8, 4}, {3, 7}, {2, 6}, {1, 5}], [{8, 4}, {3, 7}, {5, 6}, {1, 2}], [{8, 4}, {3, 7}, {6}, {5}, {1, 2}], [{8, 4}, {5, 7}, {1, 6}, {2, 3}], [{8, 4}, {5, 7}, {2, 6}, {1, 3}], [{8, 4}, {5, 7}, {3, 6}, {1, 2}], [{8, 4}, {5, 7}, {6}, {3}, {1, 2}], [{8, 4}, {6, 7}, {1, 5}, {2, 3}], [{8, 4}, {6, 7}, {1, 5}, {3}, {2}], [{8, 4}, {6, 7}, {2, 5}, {1, 3}], [{8, 4}, {6, 7}, {2, 5}, {3}, {1}], [{8, 4}, {6, 7}, {3, 5}, {1, 2}], [{8, 4}, {6, 7}, {3, 5}, {2}, {1}], [{8, 4}, {6, 7}, {5}, {1, 3}, {2}], [{8, 4}, {6, 7}, {5}, {2, 3}, {1}], [{8, 4}, {6, 7}, {5}, {3}, {1, 2}], [{8, 4}, {6, 7}, {5}, {3}, {2}, {1}], [{8, 4}, {7}, {3, 6}, {5}, {1, 2}], [{8, 4}, {7}, {5, 6}, {3}, {1, 2}], [{8, 4}, {7}, {6}, {3, 5}, {1, 2}], [{8, 4}, {7}, {6}, {5}, {3}, {1, 2}], [{8, 5}, {1, 7}, {2, 6}, {3, 4}], [{8, 5}, {1, 7}, {2, 6}, {4}, {3}], [{8, 5}, {1, 7}, {3, 6}, {2, 4}], [{8, 5}, {1, 7}, {4, 6}, {2, 3}], [{8, 5}, {2, 7}, {1, 6}, {3, 4}], [{8, 5}, {2, 7}, {3, 6}, {1, 4}], [{8, 5}, {2, 7}, {4, 6}, {1, 3}], [{8, 5}, {2, 7}, {6}, {3, 4}, {1}], [{8, 5}, {3, 7}, {1, 6}, {2, 4}], [{8, 5}, {3, 7}, {2, 6}, {1, 4}], [{8, 5}, {3, 7}, {4, 6}, {1, 2}], [{8, 5}, {3, 7}, {6}, {2, 4}, {1}], [{8, 5}, {4, 7}, {1, 6}, {2, 3}], [{8, 5}, {4, 7}, {1, 6}, {3}, {2}], [{8, 5}, {4, 7}, {2, 6}, {1, 3}], [{8, 5}, {4, 7}, {2, 6}, {3}, {1}], [{8, 5}, {4, 7}, {3, 6}, {1, 2}], [{8, 5}, {4, 7}, {3, 6}, {2}, {1}], [{8, 5}, {4, 7}, {6}, {1, 3}, {2}], [{8, 5}, {4, 7}, {6}, {2, 3}, {1}], [{8, 5}, {4, 7}, {6}, {3}, {1, 2}], [{8, 5}, {4, 7}, {6}, {3}, {2}, {1}], [{8, 5}, {6, 7}, {1, 4}, {2, 3}], [{8, 5}, {6, 7}, {2, 4}, {1, 3}], [{8, 5}, {6, 7}, {3, 4}, {1, 2}], [{8, 5}, {6, 7}, {4}, {3}, {1, 2}], [{8, 5}, {7}, {2, 6}, {1, 4}, {3}], [{8, 5}, {7}, {4, 6}, {3}, {1, 2}], [{8, 6}, {1, 7}, {2, 5}, {3, 4}], [{8, 6}, {1, 7}, {3, 5}, {2, 4}], [{8, 6}, {1, 7}, {4, 5}, {2, 3}], [{8, 6}, {2, 7}, {1, 5}, {3, 4}], [{8, 6}, {2, 7}, {3, 5}, {1, 4}], [{8, 6}, {2, 7}, {4, 5}, {1, 3}], [{8, 6}, {3, 7}, {1, 5}, {2, 4}], [{8, 6}, {3, 7}, {2, 5}, {1, 4}], [{8, 6}, {3, 7}, {4, 5}, {1, 2}], [{8, 6}, {4, 7}, {1, 5}, {2, 3}], [{8, 6}, {4, 7}, {2, 5}, {1, 3}], [{8, 6}, {4, 7}, {3, 5}, {1, 2}], [{8, 6}, {4, 7}, {5}, {3}, {1, 2}], [{8, 6}, {5, 7}, {1, 4}, {2, 3}], [{8, 6}, {5, 7}, {2, 4}, {1, 3}], [{8, 6}, {5, 7}, {3, 4}, {1, 2}], [{8, 6}, {5, 7}, {4}, {3}, {1, 2}], [{8, 6}, {7}, {1, 5}, {3, 4}, {2}], [{8, 6}, {7}, {2, 5}, {1, 4}, {3}], [{8, 6}, {7}, {4, 5}, {3}, {1, 2}], [{8, 7}, {1, 6}, {2, 5}, {3, 4}], [{8, 7}, {1, 6}, {3, 5}, {2, 4}], [{8, 7}, {1, 6}, {3, 5}, {4}, {2}], [{8, 7}, {1, 6}, {4, 5}, {2, 3}], [{8, 7}, {1, 6}, {4, 5}, {3}, {2}], [{8, 7}, {1, 6}, {5}, {3, 4}, {2}], [{8, 7}, {2, 6}, {1, 5}, {3, 4}], [{8, 7}, {2, 6}, {3, 5}, {1, 4}], [{8, 7}, {2, 6}, {4, 5}, {1, 3}], [{8, 7}, {2, 6}, {4, 5}, {3}, {1}], [{8, 7}, {3, 6}, {1, 5}, {2, 4}], [{8, 7}, {3, 6}, {1, 5}, {4}, {2}], [{8, 7}, {3, 6}, {2, 5}, {1, 4}], [{8, 7}, {3, 6}, {4, 5}, {1, 2}], [{8, 7}, {3, 6}, {4, 5}, {2}, {1}], [{8, 7}, {3, 6}, {5}, {1, 4}, {2}], [{8, 7}, {4, 6}, {1, 5}, {2, 3}], [{8, 7}, {4, 6}, {1, 5}, {3}, {2}], [{8, 7}, {4, 6}, {2, 5}, {1, 3}], [{8, 7}, {4, 6}, {2, 5}, {3}, {1}], [{8, 7}, {4, 6}, {3, 5}, {1, 2}], [{8, 7}, {4, 6}, {3, 5}, {2}, {1}], [{8, 7}, {4, 6}, {5}, {1, 3}, {2}], [{8, 7}, {4, 6}, {5}, {2, 3}, {1}], [{8, 7}, {4, 6}, {5}, {3}, {1, 2}], [{8, 7}, {4, 6}, {5}, {3}, {2}, {1}], [{8, 7}, {5, 6}, {1, 4}, {2, 3}], [{8, 7}, {5, 6}, {1, 4}, {3}, {2}], [{8, 7}, {5, 6}, {2, 4}, {1, 3}], [{8, 7}, {5, 6}, {2, 4}, {3}, {1}], [{8, 7}, {5, 6}, {3, 4}, {1, 2}], [{8, 7}, {5, 6}, {3, 4}, {2}, {1}], [{8, 7}, {5, 6}, {4}, {1, 3}, {2}], [{8, 7}, {5, 6}, {4}, {2, 3}, {1}], [{8, 7}, {5, 6}, {4}, {3}, {1, 2}], [{8, 7}, {5, 6}, {4}, {3}, {2}, {1}], [{8, 7}, {6}, {1, 5}, {3, 4}, {2}], [{8, 7}, {6}, {3, 5}, {1, 4}, {2}], [{8, 7}, {6}, {4, 5}, {1, 3}, {2}], [{8, 7}, {6}, {4, 5}, {2, 3}, {1}], [{8, 7}, {6}, {4, 5}, {3}, {1, 2}], [{8, 7}, {6}, {4, 5}, {3}, {2}, {1}], [{8}, {1, 7}, {2, 6}, {3, 5}, {4}], [{8}, {1, 7}, {2, 6}, {4, 5}, {3}], [{8}, {1, 7}, {2, 6}, {5}, {3, 4}], [{8}, {1, 7}, {2, 6}, {5}, {4}, {3}], [{8}, {1, 7}, {4, 6}, {2, 5}, {3}], [{8}, {1, 7}, {5, 6}, {2, 4}, {3}], [{8}, {2, 7}, {6}, {1, 5}, {3, 4}], [{8}, {3, 7}, {6}, {1, 5}, {2, 4}], [{8}, {4, 7}, {5, 6}, {3}, {1, 2}], [{8}, {4, 7}, {6}, {1, 5}, {2, 3}], [{8}, {5, 7}, {2, 6}, {3, 4}, {1}], [{8}, {5, 7}, {4, 6}, {3}, {1, 2}], [{8}, {6, 7}, {1, 5}, {3, 4}, {2}], [{8}, {6, 7}, {2, 5}, {3, 4}, {1}], [{8}, {6, 7}, {3, 5}, {4}, {1, 2}], [{8}, {6, 7}, {4, 5}, {3}, {1, 2}], [{8}, {6, 7}, {5}, {3, 4}, {1, 2}], [{8}, {6, 7}, {5}, {4}, {3}, {1, 2}], [{8}, {7}, {2, 6}, {1, 5}, {3, 4}], [{8}, {7}, {6}, {1, 5}, {3, 4}, {2}]]",2,- 8 K_1^4 + 24 K_1^3 + 20 K_1^2 K_2 - 38 K_1^2 - 30 K_1 K_2 - 12 K_1 K_3 - 3 K_1 - 2 K_2^2 + 19 K_2 + 9 K_3 + 3 K_4 + 19,O1O2O3O4U3U5O6U1U7O5O8U6U8U4O7U2,O1O2O3U2U4O5O6U3O4O7U1U7U8U6O8U5,O1O2O3U4O5U6U5U7U3O7O8U1O6O4U8U2,c,{'O1O2O3O4U3O5U1U6U7O6O8U5U4O7U8U2'},1,"<a href=""/flatknot/8.704384"">8.704384</a>",t^9-63t^7-230t^6-145t^5+268t^4+304t^3+66t^2-8t-16,t^3-t^2-t,,
8.704385,O1O2O3O4U3O5U1U6U7O6O8U5U8O7U2U4,4,2z^3+23z^2+102z+129,2w^4z^3+23w^3z^2+102w^2z+129w,False,False,"[[ 0 -3  0 -1  3  1 -1  0  1],[ 3  0  2  0  4  1  3  2  1],[ 0 -2  0  0  2  0 -1  0  1],[ 1  0  0  0  1  0  1  1  0],[-3 -4 -2 -1  0  0 -4 -3  1],[-1 -1  0  0  0  0 -1 -1  1],[ 1 -3  1 -1  4  1  0  0  1],[ 0 -2  0 -1  3  1  0  0  1],[-1 -1 -1  0 -1 -1 -1 -1  0]]","[[ 0  3  1  1  0  0 -1 -1 -3],[-3  0  1  0 -2 -3 -1 -4 -4],[-1 -1  0 -1 -1 -1  0 -1 -1],[-1  0  1  0  0 -1  0 -1 -1],[ 0  2  1  0  0  0  0 -1 -2],[ 0  3  1  1  0  0 -1  0 -2],[ 1  1  0  0  0  1  0  1  0],[ 1  4  1  1  1  0 -1  0 -3],[ 3  4  1  1  2  2  0  3  0]]",True,"[-3,-1,-1,0,0,1,1,3,-1,0,2,3,1,4,4,1,1,1,0,1,1,0,1,0,1,1,0,0,1,2,1,0,2,-1,0,3]","[-3,-1,-1,0,0,1,1,3,-1,0,2,3,1,4,4,1,1,1,0,1,1,0,1,0,1,1,0,0,1,2,1,0,2,-1,0,3]",t^8+75t^6+150t^4+62t^2+1,"[-3,-1,-1,0,0,1,1,3,-1,2,1,1,3,3,2,1,0,1,1,1,0,1,0,2,2,3,0,0,1,1,0,0,0,1,3,2]","[-3,-1,-1,0,0,1,1,3,2,3,0,1,0,3,2,1,0,1,1,2,3,0,0,1,2,3,0,1,0,1,0,1,1,-1,-1,2]","[-3,-1,-1,0,0,1,1,3,0,3,2,2,1,1,4,1,0,1,0,0,1,1,0,1,1,4,0,0,1,2,1,1,3,1,0,-1]",c,"[[{8, 1}, {2, 7}, {3, 6}, {4, 5}], [{8, 1}, {2, 7}, {3, 6}, {5}, {4}], [{8, 1}, {2, 7}, {4, 6}, {3, 5}], [{8, 1}, {2, 7}, {4, 6}, {5}, {3}], [{8, 1}, {2, 7}, {5, 6}, {3, 4}], [{8, 1}, {2, 7}, {5, 6}, {4}, {3}], [{8, 1}, {2, 7}, {6}, {3, 5}, {4}], [{8, 1}, {2, 7}, {6}, {4, 5}, {3}], [{8, 1}, {2, 7}, {6}, {5}, {3, 4}], [{8, 1}, {2, 7}, {6}, {5}, {4}, {3}], [{8, 1}, {3, 7}, {2, 6}, {4, 5}], [{8, 1}, {3, 7}, {4, 6}, {2, 5}], [{8, 1}, {3, 7}, {5, 6}, {2, 4}], [{8, 1}, {4, 7}, {2, 6}, {3, 5}], [{8, 1}, {4, 7}, {3, 6}, {2, 5}], [{8, 1}, {4, 7}, {5, 6}, {2, 3}], [{8, 1}, {4, 7}, {5, 6}, {3}, {2}], [{8, 1}, {5, 7}, {2, 6}, {3, 4}], [{8, 1}, {5, 7}, {3, 6}, {2, 4}], [{8, 1}, {5, 7}, {4, 6}, {2, 3}], [{8, 1}, {6, 7}, {2, 5}, {3, 4}], [{8, 1}, {6, 7}, {3, 5}, {2, 4}], [{8, 1}, {6, 7}, {4, 5}, {2, 3}], [{8, 1}, {6, 7}, {5}, {3, 4}, {2}], [{8, 1}, {7}, {2, 6}, {5}, {3, 4}], [{8, 1}, {7}, {3, 6}, {4, 5}, {2}], [{8, 1}, {7}, {4, 6}, {3, 5}, {2}], [{8, 1}, {7}, {5, 6}, {2, 4}, {3}], [{8, 2}, {1, 7}, {3, 6}, {4, 5}], [{8, 2}, {1, 7}, {4, 6}, {3, 5}], [{8, 2}, {1, 7}, {4, 6}, {5}, {3}], [{8, 2}, {1, 7}, {5, 6}, {3, 4}], [{8, 2}, {3, 7}, {1, 6}, {4, 5}], [{8, 2}, {3, 7}, {4, 6}, {1, 5}], [{8, 2}, {3, 7}, {5, 6}, {1, 4}], [{8, 2}, {4, 7}, {1, 6}, {3, 5}], [{8, 2}, {4, 7}, {3, 6}, {1, 5}], [{8, 2}, {4, 7}, {5, 6}, {1, 3}], [{8, 2}, {5, 7}, {1, 6}, {3, 4}], [{8, 2}, {5, 7}, {3, 6}, {1, 4}], [{8, 2}, {5, 7}, {4, 6}, {1, 3}], [{8, 2}, {5, 7}, {6}, {1, 4}, {3}], [{8, 2}, {6, 7}, {1, 5}, {3, 4}], [{8, 2}, {6, 7}, {1, 5}, {4}, {3}], [{8, 2}, {6, 7}, {3, 5}, {1, 4}], [{8, 2}, {6, 7}, {4, 5}, {1, 3}], [{8, 3}, {1, 7}, {2, 6}, {4, 5}], [{8, 3}, {1, 7}, {4, 6}, {2, 5}], [{8, 3}, {1, 7}, {5, 6}, {2, 4}], [{8, 3}, {2, 7}, {1, 6}, {4, 5}], [{8, 3}, {2, 7}, {4, 6}, {1, 5}], [{8, 3}, {2, 7}, {5, 6}, {1, 4}], [{8, 3}, {4, 7}, {1, 6}, {2, 5}], [{8, 3}, {4, 7}, {2, 6}, {1, 5}], [{8, 3}, {4, 7}, {5, 6}, {1, 2}], [{8, 3}, {5, 7}, {1, 6}, {2, 4}], [{8, 3}, {5, 7}, {2, 6}, {1, 4}], [{8, 3}, {5, 7}, {4, 6}, {1, 2}], [{8, 3}, {5, 7}, {6}, {1, 4}, {2}], [{8, 3}, {6, 7}, {1, 5}, {2, 4}], [{8, 3}, {6, 7}, {2, 5}, {1, 4}], [{8, 3}, {6, 7}, {4, 5}, {1, 2}], [{8, 3}, {6, 7}, {5}, {1, 4}, {2}], [{8, 3}, {7}, {5, 6}, {1, 4}, {2}], [{8, 4}, {1, 7}, {2, 6}, {3, 5}], [{8, 4}, {1, 7}, {3, 6}, {2, 5}], [{8, 4}, {1, 7}, {5, 6}, {2, 3}], [{8, 4}, {2, 7}, {1, 6}, {3, 5}], [{8, 4}, {2, 7}, {3, 6}, {1, 5}], [{8, 4}, {2, 7}, {5, 6}, {1, 3}], [{8, 4}, {2, 7}, {6}, {1, 5}, {3}], [{8, 4}, {3, 7}, {1, 6}, {2, 5}], [{8, 4}, {3, 7}, {2, 6}, {1, 5}], [{8, 4}, {3, 7}, {5, 6}, {1, 2}], [{8, 4}, {5, 7}, {1, 6}, {2, 3}], [{8, 4}, {5, 7}, {2, 6}, {1, 3}], [{8, 4}, {5, 7}, {3, 6}, {1, 2}], [{8, 4}, {6, 7}, {1, 5}, {2, 3}], [{8, 4}, {6, 7}, {2, 5}, {1, 3}], [{8, 4}, {6, 7}, {3, 5}, {1, 2}], [{8, 4}, {7}, {1, 6}, {3, 5}, {2}], [{8, 4}, {7}, {2, 6}, {3, 5}, {1}], [{8, 4}, {7}, {6}, {3, 5}, {1, 2}], [{8, 5}, {1, 7}, {2, 6}, {3, 4}], [{8, 5}, {1, 7}, {2, 6}, {4}, {3}], [{8, 5}, {1, 7}, {3, 6}, {2, 4}], [{8, 5}, {1, 7}, {4, 6}, {2, 3}], [{8, 5}, {2, 7}, {1, 6}, {3, 4}], [{8, 5}, {2, 7}, {3, 6}, {1, 4}], [{8, 5}, {2, 7}, {4, 6}, {1, 3}], [{8, 5}, {2, 7}, {6}, {1, 4}, {3}], [{8, 5}, {3, 7}, {1, 6}, {2, 4}], [{8, 5}, {3, 7}, {2, 6}, {1, 4}], [{8, 5}, {3, 7}, {4, 6}, {1, 2}], [{8, 5}, {3, 7}, {6}, {1, 4}, {2}], [{8, 5}, {3, 7}, {6}, {2, 4}, {1}], [{8, 5}, {3, 7}, {6}, {4}, {1, 2}], [{8, 5}, {4, 7}, {1, 6}, {2, 3}], [{8, 5}, {4, 7}, {2, 6}, {1, 3}], [{8, 5}, {4, 7}, {2, 6}, {3}, {1}], [{8, 5}, {4, 7}, {3, 6}, {1, 2}], [{8, 5}, {4, 7}, {6}, {1, 3}, {2}], [{8, 5}, {6, 7}, {1, 4}, {2, 3}], [{8, 5}, {6, 7}, {1, 4}, {3}, {2}], [{8, 5}, {6, 7}, {2, 4}, {1, 3}], [{8, 5}, {6, 7}, {3, 4}, {1, 2}], [{8, 5}, {6, 7}, {3, 4}, {2}, {1}], [{8, 5}, {6, 7}, {4}, {1, 3}, {2}], [{8, 5}, {7}, {1, 6}, {2, 4}, {3}], [{8, 5}, {7}, {2, 6}, {1, 4}, {3}], [{8, 5}, {7}, {3, 6}, {1, 4}, {2}], [{8, 5}, {7}, {4, 6}, {1, 3}, {2}], [{8, 5}, {7}, {6}, {1, 4}, {2, 3}], [{8, 6}, {1, 7}, {2, 5}, {3, 4}], [{8, 6}, {1, 7}, {3, 5}, {2, 4}], [{8, 6}, {1, 7}, {3, 5}, {4}, {2}], [{8, 6}, {1, 7}, {4, 5}, {2, 3}], [{8, 6}, {2, 7}, {1, 5}, {3, 4}], [{8, 6}, {2, 7}, {3, 5}, {1, 4}], [{8, 6}, {2, 7}, {4, 5}, {1, 3}], [{8, 6}, {3, 7}, {1, 5}, {2, 4}], [{8, 6}, {3, 7}, {2, 5}, {1, 4}], [{8, 6}, {3, 7}, {4, 5}, {1, 2}], [{8, 6}, {3, 7}, {5}, {1, 4}, {2}], [{8, 6}, {4, 7}, {1, 5}, {2, 3}], [{8, 6}, {4, 7}, {2, 5}, {1, 3}], [{8, 6}, {4, 7}, {3, 5}, {1, 2}], [{8, 6}, {4, 7}, {3, 5}, {2}, {1}], [{8, 6}, {4, 7}, {5}, {3}, {1, 2}], [{8, 6}, {5, 7}, {1, 4}, {2, 3}], [{8, 6}, {5, 7}, {1, 4}, {3}, {2}], [{8, 6}, {5, 7}, {2, 4}, {1, 3}], [{8, 6}, {5, 7}, {3, 4}, {1, 2}], [{8, 6}, {7}, {1, 5}, {3, 4}, {2}], [{8, 6}, {7}, {3, 5}, {1, 4}, {2}], [{8, 6}, {7}, {4, 5}, {1, 3}, {2}], [{8, 7}, {1, 6}, {2, 5}, {3, 4}], [{8, 7}, {1, 6}, {3, 5}, {2, 4}], [{8, 7}, {1, 6}, {4, 5}, {2, 3}], [{8, 7}, {2, 6}, {1, 5}, {3, 4}], [{8, 7}, {2, 6}, {3, 5}, {1, 4}], [{8, 7}, {2, 6}, {4, 5}, {1, 3}], [{8, 7}, {2, 6}, {5}, {1, 4}, {3}], [{8, 7}, {3, 6}, {1, 5}, {2, 4}], [{8, 7}, {3, 6}, {2, 5}, {1, 4}], [{8, 7}, {3, 6}, {4, 5}, {1, 2}], [{8, 7}, {3, 6}, {5}, {1, 4}, {2}], [{8, 7}, {4, 6}, {1, 5}, {2, 3}], [{8, 7}, {4, 6}, {2, 5}, {1, 3}], [{8, 7}, {4, 6}, {3, 5}, {1, 2}], [{8, 7}, {5, 6}, {1, 4}, {2, 3}], [{8, 7}, {5, 6}, {1, 4}, {3}, {2}], [{8, 7}, {5, 6}, {2, 4}, {1, 3}], [{8, 7}, {5, 6}, {3, 4}, {1, 2}], [{8, 7}, {6}, {1, 5}, {3, 4}, {2}], [{8, 7}, {6}, {2, 5}, {1, 4}, {3}], [{8, 7}, {6}, {3, 5}, {1, 4}, {2}], [{8, 7}, {6}, {3, 5}, {2, 4}, {1}], [{8, 7}, {6}, {3, 5}, {4}, {1, 2}], [{8, 7}, {6}, {5}, {1, 4}, {2, 3}], [{8}, {1, 7}, {3, 6}, {5}, {2, 4}], [{8}, {3, 7}, {1, 6}, {5}, {2, 4}], [{8}, {3, 7}, {2, 6}, {4, 5}, {1}], [{8}, {3, 7}, {5, 6}, {1, 4}, {2}], [{8}, {4, 7}, {2, 6}, {5}, {1, 3}], [{8}, {4, 7}, {6}, {1, 5}, {2, 3}], [{8}, {4, 7}, {6}, {3, 5}, {1, 2}], [{8}, {5, 7}, {2, 6}, {1, 4}, {3}], [{8}, {5, 7}, {3, 6}, {1, 4}, {2}], [{8}, {5, 7}, {6}, {1, 4}, {2, 3}], [{8}, {6, 7}, {1, 5}, {3, 4}, {2}], [{8}, {6, 7}, {3, 5}, {1, 4}, {2}], [{8}, {6, 7}, {4, 5}, {2, 3}, {1}], [{8}, {7}, {5, 6}, {3, 4}, {1, 2}]]",2,- 8 K_1^4 + 20 K_1^3 + 16 K_1^2 K_2 - 32 K_1^2 - 24 K_1 K_2 - 8 K_1 K_3 - 3 K_1 - 6 K_2^2 + 16 K_2 + 7 K_3 + 4 K_4 + 19,O1O2O3O4U1U3O5U6U7O6O8U5U8U4O7U2,O1O2O3U2U4O5O4U3O6O7U1U6U8U7O8U5,O1O2O3U4O5U6U5U7U3O6O7U1O8O4U8U2,c,{'O1O2O3O4U3O5U1U6U7O6O8U5U8O7U2U4'},1,"<a href=""/flatknot/8.704385"">8.704385</a>",t^9-75t^7-288t^6-22t^5+556t^4+85t^3-372t^2-25t+68,0,,
8.704386,O1O2O3O4U3O5U1U6U7O6O8U5U8O7U4U2,4,6z^2+59z+95,6w^3z^2+59w^2z+95w,False,False,"[[ 0 -3  1 -1  2  1 -1  0  1],[ 3  0  3  0  3  1  3  2  1],[-1 -3  0 -1  1  0 -2 -1  1],[ 1  0  1  0  1  0  1  1  0],[-2 -3 -1 -1  0  0 -3 -2  1],[-1 -1  0  0  0  0 -1 -1  1],[ 1 -3  2 -1  3  1  0  0  1],[ 0 -2  1 -1  2  1  0  0  1],[-1 -1 -1  0 -1 -1 -1 -1  0]]","[[ 0  2  1  1  1  0 -1 -1 -3],[-2  0  1  0 -1 -2 -1 -3 -3],[-1 -1  0 -1 -1 -1  0 -1 -1],[-1  0  1  0  0 -1  0 -1 -1],[-1  1  1  0  0 -1 -1 -2 -3],[ 0  2  1  1  1  0 -1  0 -2],[ 1  1  0  0  1  1  0  1  0],[ 1  3  1  1  2  0 -1  0 -3],[ 3  3  1  1  3  2  0  3  0]]",True,"[-2,-1,-1,-1,0,1,1,3,-1,0,1,2,1,3,3,1,1,1,0,1,1,0,1,0,1,1,1,1,2,3,1,0,2,-1,0,3]","[-3,-1,-1,0,1,1,1,2,-1,2,1,1,3,3,2,1,1,0,1,1,0,0,1,2,2,2,0,0,0,0,-1,0,0,1,2,1]",t^8+63t^6+82t^4+15t^2,"[-3,-1,-1,0,1,1,1,2,-1,2,1,1,3,3,2,1,1,0,1,1,0,0,1,2,2,2,0,0,0,0,-1,0,0,1,2,1]","[-2,-1,-1,-1,0,1,1,3,0,1,2,0,0,2,2,0,1,0,0,1,1,1,0,1,2,3,0,1,2,3,1,0,1,-1,-1,2]","[-3,-1,-1,0,1,1,1,2,0,3,2,1,1,3,3,1,1,0,0,1,1,0,1,1,2,3,1,1,1,2,-1,-1,-1,0,0,1]",c,"[[{8, 1}, {4, 7}, {3, 6}, {2, 5}]]",1,8 K_1^3 + 4 K_1^2 K_2 - 20 K_1^2 - 22 K_1 K_2 - 6 K_1 K_3 + 5 K_1 - 2 K_2^2 + 11 K_2 + 9 K_3 + 3 K_4 + 11,O1O2O3O4U3U1O5U6U7O6O8U5U8U4O7U2,O1O2O3U2U4O5O4U3O6O7U1U7U8U6O8U5,O1O2O3U4O5U6U5U7U3O7O6U1O8O4U8U2,c,"{'O1O2O3O4U3O5U1U6U7O6O8U5U8O7U4U2', 'O1O2O3U2O4O5U1U6U7O6O8U5U8O7U3U4'}",2,"<a href=""/flatknot/8.704386"">8.704386</a>",t^9-67t^7-242t^6-97t^5+250t^4+138t^3-74t^2-39t+2,t^3-t^2-t,,
8.704387,O1O2O3O4U3O5U1U6U2O7O6U4U7O8U5U8,4,18z^2+103z+135,18w^3z^2+103w^2z+135w,False,False,"[[ 0 -3  0 -1  1  2  0  0  1],[ 3  0  1  0  3  3  2  1  1],[ 0 -1  0  0  1  1  0  0  1],[ 1  0  0  0  1  1  1  1  0],[-1 -3 -1 -1  0  2 -1  0  1],[-2 -3 -1 -1 -2  0 -1 -1  1],[ 0 -2  0 -1  1  1  0  0  1],[ 0 -1  0 -1  0  1  0  0  0],[-1 -1 -1  0 -1 -1 -1  0  0]]","[[ 0  2  1  1  0  0  0 -1 -3],[-2  0  1 -2 -1 -1 -1 -1 -3],[-1 -1  0 -1  0 -1 -1  0 -1],[-1  2  1  0  0 -1 -1 -1 -3],[ 0  1  0  0  0  0  0 -1 -1],[ 0  1  1  1  0  0  0  0 -1],[ 0  1  1  1  0  0  0 -1 -2],[ 1  1  0  1  1  0  1  0  0],[ 3  3  1  3  1  1  2  0  0]]",True,"[-2,-1,-1,0,0,0,1,3,-1,2,1,1,1,1,3,1,0,1,1,0,1,0,1,1,1,3,0,0,1,1,0,0,1,1,2,0]","[-3,-1,0,0,0,1,1,2,0,1,1,2,1,3,3,0,1,1,0,1,1,0,0,1,1,1,0,0,0,1,1,1,1,-1,-1,2]",t^8+42t^6+89t^4+43t^2,"[-3,-1,0,0,0,1,1,2,2,1,2,2,1,3,2,0,0,1,1,2,2,0,0,0,0,1,0,1,1,1,0,0,1,-1,-1,2]","[-2,-1,-1,0,0,0,1,3,-1,2,1,1,1,2,2,1,0,0,1,1,1,0,0,1,2,3,0,0,0,1,0,1,2,0,2,2]","[-3,-1,0,0,0,1,1,2,0,1,1,2,1,3,3,0,1,1,0,1,1,0,0,1,1,1,0,0,0,1,1,1,1,-1,-1,2]",c,"[[{8, 1}, {3, 7}, {4, 6}, {2, 5}]]",1,- 22 K_1^2 - 10 K_1 K_2 + 5 K_1 + 11 K_2 + 5 K_3 + 12,O1O2O3O4U5U6O5U7U1O8O7U3U8U4O6U2,O1O2O3U4U2O5O4U6O7O6U1U3U8U5O8U7,O1O2O3U4O5U6U5U1U3O7O4U7O8O6U2U8,c,{'O1O2O3O4U3O5U1U6U2O7O6U4U7O8U5U8'},1,"<a href=""/flatknot/8.704387"">8.704387</a>",t^9-46t^7-112t^6+14t^5+192t^4+96t^3-54t^2-27t+6,t^3-t^2-t,,
8.704388,O1O2O3O4U3O5U1U6U2O7O6U5U4O8U7U8,4,z^3+21z^2+103z+131,w^4z^3+21w^3z^2+103w^2z+131w,False,False,"[[ 0 -3  0 -1  2  1  0  0  1],[ 3  0  1  0  4  2  2  2  0],[ 0 -1  0  0  2  0  0  1  0],[ 1  0  0  0  1  0  1  1  0],[-2 -4 -2 -1  0  0 -2  1  1],[-1 -2  0  0  0  0 -1  0  1],[ 0 -2  0 -1  2  1  0  0  0],[ 0 -2 -1 -1 -1  0  0  0  1],[-1  0  0  0 -1 -1  0 -1  0]]","[[ 0  2  1  1  0  0  0 -1 -3],[-2  0  1  0  1 -2 -2 -1 -4],[-1 -1  0 -1 -1  0  0  0  0],[-1  0  1  0  0  0 -1  0 -2],[ 0 -1  1  0  0 -1  0 -1 -2],[ 0  2  0  0  1  0  0  0 -1],[ 0  2  0  1  0  0  0 -1 -2],[ 1  1  0  0  1  0  1  0  0],[ 3  4  0  2  2  1  2  0  0]]",True,"[-2,-1,-1,0,0,0,1,3,-1,0,-1,2,2,1,4,1,1,0,0,0,0,0,0,1,0,2,1,0,1,2,0,0,1,1,2,0]","[-3,-1,0,0,0,1,1,2,0,1,2,2,0,2,4,0,1,1,0,0,1,0,1,0,0,2,0,0,1,2,1,0,-1,-1,-1,0]",t^8+46t^6+165t^4+134t^2+1,"[-3,-1,0,0,0,1,1,2,2,1,1,2,2,4,1,0,0,1,2,2,2,0,0,0,1,0,1,1,0,3,1,1,0,-1,1,2]","[-2,-1,-1,0,0,0,1,3,1,2,0,0,3,2,1,1,0,1,1,2,2,1,1,0,2,4,0,0,0,1,1,1,2,0,1,2]","[-3,-1,0,0,0,1,1,2,0,1,2,2,0,2,4,0,1,1,0,0,1,0,1,0,0,2,0,0,1,2,1,0,-1,-1,-1,0]",c,"[[{8, 1}, {2, 7}, {3, 6}, {4, 5}], [{8, 1}, {2, 7}, {3, 6}, {5}, {4}], [{8, 1}, {2, 7}, {4, 6}, {3, 5}], [{8, 1}, {2, 7}, {4, 6}, {5}, {3}], [{8, 1}, {2, 7}, {5, 6}, {3, 4}], [{8, 1}, {2, 7}, {5, 6}, {4}, {3}], [{8, 1}, {2, 7}, {6}, {3, 5}, {4}], [{8, 1}, {2, 7}, {6}, {4, 5}, {3}], [{8, 1}, {2, 7}, {6}, {5}, {3, 4}], [{8, 1}, {2, 7}, {6}, {5}, {4}, {3}], [{8, 1}, {3, 7}, {2, 6}, {4, 5}], [{8, 1}, {3, 7}, {4, 6}, {2, 5}], [{8, 1}, {3, 7}, {5, 6}, {2, 4}], [{8, 1}, {3, 7}, {6}, {2, 5}, {4}], [{8, 1}, {3, 7}, {6}, {4, 5}, {2}], [{8, 1}, {3, 7}, {6}, {5}, {2, 4}], [{8, 1}, {4, 7}, {2, 6}, {3, 5}], [{8, 1}, {4, 7}, {3, 6}, {2, 5}], [{8, 1}, {4, 7}, {5, 6}, {2, 3}], [{8, 1}, {4, 7}, {6}, {2, 5}, {3}], [{8, 1}, {4, 7}, {6}, {3, 5}, {2}], [{8, 1}, {4, 7}, {6}, {5}, {2, 3}], [{8, 1}, {5, 7}, {2, 6}, {3, 4}], [{8, 1}, {5, 7}, {3, 6}, {2, 4}], [{8, 1}, {5, 7}, {4, 6}, {2, 3}], [{8, 1}, {5, 7}, {6}, {2, 4}, {3}], [{8, 1}, {5, 7}, {6}, {3, 4}, {2}], [{8, 1}, {5, 7}, {6}, {4}, {2, 3}], [{8, 1}, {6, 7}, {2, 5}, {3, 4}], [{8, 1}, {6, 7}, {3, 5}, {2, 4}], [{8, 1}, {6, 7}, {4, 5}, {2, 3}], [{8, 1}, {6, 7}, {4, 5}, {3}, {2}], [{8, 1}, {7}, {2, 6}, {4, 5}, {3}], [{8, 1}, {7}, {3, 6}, {4, 5}, {2}], [{8, 1}, {7}, {6}, {2, 5}, {3, 4}], [{8, 1}, {7}, {6}, {3, 5}, {2, 4}], [{8, 1}, {7}, {6}, {4, 5}, {2, 3}], [{8, 1}, {7}, {6}, {4, 5}, {3}, {2}], [{8, 2}, {1, 7}, {3, 6}, {4, 5}], [{8, 2}, {1, 7}, {4, 6}, {3, 5}], [{8, 2}, {1, 7}, {4, 6}, {5}, {3}], [{8, 2}, {1, 7}, {5, 6}, {3, 4}], [{8, 2}, {1, 7}, {5, 6}, {4}, {3}], [{8, 2}, {1, 7}, {6}, {4, 5}, {3}], [{8, 2}, {3, 7}, {1, 6}, {4, 5}], [{8, 2}, {3, 7}, {4, 6}, {1, 5}], [{8, 2}, {3, 7}, {5, 6}, {1, 4}], [{8, 2}, {4, 7}, {1, 6}, {3, 5}], [{8, 2}, {4, 7}, {3, 6}, {1, 5}], [{8, 2}, {4, 7}, {5, 6}, {1, 3}], [{8, 2}, {5, 7}, {1, 6}, {3, 4}], [{8, 2}, {5, 7}, {3, 6}, {1, 4}], [{8, 2}, {5, 7}, {4, 6}, {1, 3}], [{8, 2}, {6, 7}, {1, 5}, {3, 4}], [{8, 2}, {6, 7}, {1, 5}, {4}, {3}], [{8, 2}, {6, 7}, {3, 5}, {1, 4}], [{8, 2}, {6, 7}, {4, 5}, {1, 3}], [{8, 2}, {7}, {6}, {3, 5}, {1, 4}], [{8, 3}, {1, 7}, {2, 6}, {4, 5}], [{8, 3}, {1, 7}, {4, 6}, {2, 5}], [{8, 3}, {1, 7}, {5, 6}, {2, 4}], [{8, 3}, {1, 7}, {5, 6}, {4}, {2}], [{8, 3}, {2, 7}, {1, 6}, {4, 5}], [{8, 3}, {2, 7}, {4, 6}, {1, 5}], [{8, 3}, {2, 7}, {5, 6}, {1, 4}], [{8, 3}, {2, 7}, {5, 6}, {4}, {1}], [{8, 3}, {4, 7}, {1, 6}, {2, 5}], [{8, 3}, {4, 7}, {2, 6}, {1, 5}], [{8, 3}, {4, 7}, {5, 6}, {1, 2}], [{8, 3}, {4, 7}, {5, 6}, {2}, {1}], [{8, 3}, {5, 7}, {1, 6}, {2, 4}], [{8, 3}, {5, 7}, {2, 6}, {1, 4}], [{8, 3}, {5, 7}, {4, 6}, {1, 2}], [{8, 3}, {6, 7}, {1, 5}, {2, 4}], [{8, 3}, {6, 7}, {2, 5}, {1, 4}], [{8, 3}, {6, 7}, {4, 5}, {1, 2}], [{8, 3}, {7}, {1, 6}, {4, 5}, {2}], [{8, 3}, {7}, {4, 6}, {1, 5}, {2}], [{8, 3}, {7}, {5, 6}, {1, 4}, {2}], [{8, 3}, {7}, {5, 6}, {2, 4}, {1}], [{8, 3}, {7}, {5, 6}, {4}, {1, 2}], [{8, 4}, {1, 7}, {2, 6}, {3, 5}], [{8, 4}, {1, 7}, {3, 6}, {2, 5}], [{8, 4}, {1, 7}, {3, 6}, {5}, {2}], [{8, 4}, {1, 7}, {5, 6}, {2, 3}], [{8, 4}, {1, 7}, {5, 6}, {3}, {2}], [{8, 4}, {1, 7}, {6}, {3, 5}, {2}], [{8, 4}, {2, 7}, {1, 6}, {3, 5}], [{8, 4}, {2, 7}, {3, 6}, {1, 5}], [{8, 4}, {2, 7}, {3, 6}, {5}, {1}], [{8, 4}, {2, 7}, {5, 6}, {1, 3}], [{8, 4}, {2, 7}, {5, 6}, {3}, {1}], [{8, 4}, {2, 7}, {6}, {3, 5}, {1}], [{8, 4}, {3, 7}, {1, 6}, {2, 5}], [{8, 4}, {3, 7}, {2, 6}, {1, 5}], [{8, 4}, {3, 7}, {5, 6}, {1, 2}], [{8, 4}, {5, 7}, {1, 6}, {2, 3}], [{8, 4}, {5, 7}, {2, 6}, {1, 3}], [{8, 4}, {5, 7}, {2, 6}, {3}, {1}], [{8, 4}, {5, 7}, {3, 6}, {1, 2}], [{8, 4}, {6, 7}, {1, 5}, {2, 3}], [{8, 4}, {6, 7}, {2, 5}, {1, 3}], [{8, 4}, {6, 7}, {3, 5}, {1, 2}], [{8, 4}, {7}, {2, 6}, {5}, {1, 3}], [{8, 4}, {7}, {3, 6}, {5}, {1, 2}], [{8, 4}, {7}, {5, 6}, {3}, {1, 2}], [{8, 4}, {7}, {6}, {3, 5}, {1, 2}], [{8, 5}, {1, 7}, {2, 6}, {3, 4}], [{8, 5}, {1, 7}, {3, 6}, {2, 4}], [{8, 5}, {1, 7}, {4, 6}, {2, 3}], [{8, 5}, {2, 7}, {1, 6}, {3, 4}], [{8, 5}, {2, 7}, {1, 6}, {4}, {3}], [{8, 5}, {2, 7}, {3, 6}, {1, 4}], [{8, 5}, {2, 7}, {4, 6}, {1, 3}], [{8, 5}, {3, 7}, {1, 6}, {2, 4}], [{8, 5}, {3, 7}, {2, 6}, {1, 4}], [{8, 5}, {3, 7}, {4, 6}, {1, 2}], [{8, 5}, {4, 7}, {1, 6}, {2, 3}], [{8, 5}, {4, 7}, {2, 6}, {1, 3}], [{8, 5}, {4, 7}, {3, 6}, {1, 2}], [{8, 5}, {6, 7}, {1, 4}, {2, 3}], [{8, 5}, {6, 7}, {2, 4}, {1, 3}], [{8, 5}, {6, 7}, {3, 4}, {1, 2}], [{8, 6}, {1, 7}, {2, 5}, {3, 4}], [{8, 6}, {1, 7}, {3, 5}, {2, 4}], [{8, 6}, {1, 7}, {4, 5}, {2, 3}], [{8, 6}, {2, 7}, {1, 5}, {3, 4}], [{8, 6}, {2, 7}, {1, 5}, {4}, {3}], [{8, 6}, {2, 7}, {3, 5}, {1, 4}], [{8, 6}, {2, 7}, {4, 5}, {1, 3}], [{8, 6}, {3, 7}, {1, 5}, {2, 4}], [{8, 6}, {3, 7}, {2, 5}, {1, 4}], [{8, 6}, {3, 7}, {4, 5}, {1, 2}], [{8, 6}, {4, 7}, {1, 5}, {2, 3}], [{8, 6}, {4, 7}, {1, 5}, {3}, {2}], [{8, 6}, {4, 7}, {2, 5}, {1, 3}], [{8, 6}, {4, 7}, {3, 5}, {1, 2}], [{8, 6}, {5, 7}, {1, 4}, {2, 3}], [{8, 6}, {5, 7}, {2, 4}, {1, 3}], [{8, 6}, {5, 7}, {3, 4}, {1, 2}], [{8, 6}, {7}, {1, 5}, {2, 4}, {3}], [{8, 6}, {7}, {4, 5}, {1, 3}, {2}], [{8, 7}, {1, 6}, {2, 5}, {3, 4}], [{8, 7}, {1, 6}, {2, 5}, {4}, {3}], [{8, 7}, {1, 6}, {3, 5}, {2, 4}], [{8, 7}, {1, 6}, {4, 5}, {2, 3}], [{8, 7}, {2, 6}, {1, 5}, {3, 4}], [{8, 7}, {2, 6}, {3, 5}, {1, 4}], [{8, 7}, {2, 6}, {4, 5}, {1, 3}], [{8, 7}, {3, 6}, {1, 5}, {2, 4}], [{8, 7}, {3, 6}, {2, 5}, {1, 4}], [{8, 7}, {3, 6}, {4, 5}, {1, 2}], [{8, 7}, {4, 6}, {1, 5}, {2, 3}], [{8, 7}, {4, 6}, {2, 5}, {1, 3}], [{8, 7}, {4, 6}, {3, 5}, {1, 2}], [{8, 7}, {4, 6}, {5}, {3}, {1, 2}], [{8, 7}, {5, 6}, {1, 4}, {2, 3}], [{8, 7}, {5, 6}, {2, 4}, {1, 3}], [{8, 7}, {5, 6}, {3, 4}, {1, 2}], [{8, 7}, {5, 6}, {4}, {3}, {1, 2}], [{8, 7}, {6}, {3, 5}, {1, 4}, {2}], [{8, 7}, {6}, {4, 5}, {3}, {1, 2}], [{8}, {1, 7}, {5, 6}, {2, 4}, {3}], [{8}, {1, 7}, {5, 6}, {3, 4}, {2}], [{8}, {1, 7}, {5, 6}, {4}, {2, 3}], [{8}, {1, 7}, {5, 6}, {4}, {3}, {2}], [{8}, {2, 7}, {3, 6}, {5}, {1, 4}], [{8}, {2, 7}, {5, 6}, {1, 4}, {3}], [{8}, {2, 7}, {5, 6}, {3, 4}, {1}], [{8}, {2, 7}, {5, 6}, {4}, {1, 3}], [{8}, {2, 7}, {5, 6}, {4}, {3}, {1}], [{8}, {2, 7}, {6}, {3, 5}, {1, 4}], [{8}, {3, 7}, {2, 6}, {5}, {1, 4}], [{8}, {3, 7}, {5, 6}, {4}, {1, 2}], [{8}, {4, 7}, {5, 6}, {3}, {1, 2}], [{8}, {5, 7}, {3, 6}, {1, 4}, {2}], [{8}, {6, 7}, {2, 5}, {4}, {1, 3}], [{8}, {7}, {3, 6}, {2, 5}, {1, 4}], [{8}, {7}, {5, 6}, {3, 4}, {1, 2}], [{8}, {7}, {5, 6}, {4}, {3}, {1, 2}]]",2,- 8 K_1^4 + 16 K_1^3 + 16 K_1^2 K_2 - 28 K_1^2 - 26 K_1 K_2 - 10 K_1 K_3 + K_1 - 4 K_2^2 + 15 K_2 + 9 K_3 + 4 K_4 + 16,O1O2O3O4U5U6O5U1U7O8O6U3U8U4O7U2,O1O2O3U4U2O5O6U7O4O7U1U3U8U6O8U5,O1O2O3U4O5U6U5U1U3O7O8U7O6O4U2U8,c,{'O1O2O3O4U3O5U1U6U2O7O6U5U4O8U7U8'},1,"<a href=""/flatknot/8.704388"">8.704388</a>",t^9-50t^7-82t^6+146t^5+94t^4-205t^3+54t^2+103t-40,t^3-t^2-t,,
8.704389,O1O2O3O4U3O5U1U6U2O7O6U5U7O8U4U8,4,2z^3+25z^2+88z+93,2w^4z^3+25w^3z^2+88w^2z+93w,False,False,"[[ 0 -3  0 -1  2  1  0  0  1],[ 3  0  1  0  4  2  2  1  1],[ 0 -1  0  0  2  0  0  0  1],[ 1  0  0  0  1  0  1  0  1],[-2 -4 -2 -1  0 -1 -1  0  1],[-1 -2  0  0  1  0 -1  0  0],[ 0 -2  0 -1  1  1  0  0  1],[ 0 -1  0  0  0  0  0  0  0],[-1 -1 -1 -1 -1  0 -1  0  0]]","[[ 0  2  1  1  0  0  0 -1 -3],[-2  0  1 -1  0 -1 -2 -1 -4],[-1 -1  0  0  0 -1 -1 -1 -1],[-1  1  0  0  0 -1  0  0 -2],[ 0  0  0  0  0  0  0  0 -1],[ 0  1  1  1  0  0  0 -1 -2],[ 0  2  1  0  0  0  0  0 -1],[ 1  1  1  0  0  1  0  0  0],[ 3  4  1  2  1  2  1  0  0]]",True,"[-2,-1,-1,0,0,0,1,3,-1,1,0,1,2,1,4,0,0,1,1,1,1,0,1,0,0,2,0,0,0,1,0,1,2,0,1,0]","[-3,-1,0,0,0,1,1,2,0,1,1,2,1,2,4,0,0,1,1,0,1,0,0,0,0,0,0,1,0,2,1,1,1,0,-1,1]",t^8+40t^6+118t^4+59t^2,"[-3,-1,0,0,0,1,1,2,2,1,2,2,2,3,1,0,1,1,2,1,2,0,0,0,0,1,0,1,0,0,1,1,2,0,0,2]","[-2,-1,-1,0,0,0,1,3,0,2,0,1,2,2,1,0,1,0,1,2,2,0,0,1,1,3,0,0,1,2,0,0,1,1,2,2]","[-3,-1,0,0,0,1,1,2,0,1,1,2,1,2,4,0,0,1,1,0,1,0,0,0,0,0,0,1,0,2,1,1,1,0,-1,1]",c,"[[{8, 1}, {2, 7}, {3, 6}, {4, 5}], [{8, 1}, {2, 7}, {4, 6}, {3, 5}], [{8, 1}, {2, 7}, {4, 6}, {5}, {3}], [{8, 1}, {2, 7}, {5, 6}, {3, 4}], [{8, 1}, {2, 7}, {6}, {3, 5}, {4}], [{8, 1}, {3, 7}, {2, 6}, {4, 5}], [{8, 1}, {3, 7}, {4, 6}, {2, 5}], [{8, 1}, {3, 7}, {5, 6}, {2, 4}], [{8, 1}, {3, 7}, {6}, {5}, {2, 4}], [{8, 1}, {4, 7}, {2, 6}, {3, 5}], [{8, 1}, {4, 7}, {3, 6}, {2, 5}], [{8, 1}, {4, 7}, {3, 6}, {5}, {2}], [{8, 1}, {4, 7}, {5, 6}, {2, 3}], [{8, 1}, {4, 7}, {5, 6}, {3}, {2}], [{8, 1}, {4, 7}, {6}, {3, 5}, {2}], [{8, 1}, {5, 7}, {2, 6}, {3, 4}], [{8, 1}, {5, 7}, {3, 6}, {2, 4}], [{8, 1}, {5, 7}, {4, 6}, {2, 3}], [{8, 1}, {5, 7}, {6}, {2, 4}, {3}], [{8, 1}, {6, 7}, {2, 5}, {3, 4}], [{8, 1}, {6, 7}, {3, 5}, {2, 4}], [{8, 1}, {6, 7}, {3, 5}, {4}, {2}], [{8, 1}, {6, 7}, {4, 5}, {2, 3}], [{8, 1}, {6, 7}, {4, 5}, {3}, {2}], [{8, 1}, {6, 7}, {5}, {3, 4}, {2}], [{8, 1}, {7}, {2, 6}, {3, 5}, {4}], [{8, 1}, {7}, {4, 6}, {3, 5}, {2}], [{8, 1}, {7}, {6}, {3, 5}, {2, 4}], [{8, 1}, {7}, {6}, {3, 5}, {4}, {2}], [{8, 2}, {1, 7}, {3, 6}, {4, 5}], [{8, 2}, {1, 7}, {4, 6}, {3, 5}], [{8, 2}, {1, 7}, {5, 6}, {3, 4}], [{8, 2}, {1, 7}, {6}, {4, 5}, {3}], [{8, 2}, {3, 7}, {1, 6}, {4, 5}], [{8, 2}, {3, 7}, {4, 6}, {1, 5}], [{8, 2}, {3, 7}, {5, 6}, {1, 4}], [{8, 2}, {3, 7}, {6}, {5}, {1, 4}], [{8, 2}, {4, 7}, {1, 6}, {3, 5}], [{8, 2}, {4, 7}, {3, 6}, {1, 5}], [{8, 2}, {4, 7}, {5, 6}, {1, 3}], [{8, 2}, {4, 7}, {6}, {1, 5}, {3}], [{8, 2}, {5, 7}, {1, 6}, {3, 4}], [{8, 2}, {5, 7}, {3, 6}, {1, 4}], [{8, 2}, {5, 7}, {4, 6}, {1, 3}], [{8, 2}, {5, 7}, {6}, {1, 4}, {3}], [{8, 2}, {5, 7}, {6}, {3, 4}, {1}], [{8, 2}, {5, 7}, {6}, {4}, {1, 3}], [{8, 2}, {6, 7}, {1, 5}, {3, 4}], [{8, 2}, {6, 7}, {1, 5}, {4}, {3}], [{8, 2}, {6, 7}, {3, 5}, {1, 4}], [{8, 2}, {6, 7}, {4, 5}, {1, 3}], [{8, 2}, {6, 7}, {5}, {3, 4}, {1}], [{8, 2}, {7}, {1, 6}, {3, 5}, {4}], [{8, 2}, {7}, {4, 6}, {1, 5}, {3}], [{8, 2}, {7}, {4, 6}, {3, 5}, {1}], [{8, 2}, {7}, {4, 6}, {5}, {1, 3}], [{8, 2}, {7}, {5, 6}, {3, 4}, {1}], [{8, 2}, {7}, {6}, {3, 5}, {1, 4}], [{8, 3}, {1, 7}, {2, 6}, {4, 5}], [{8, 3}, {1, 7}, {4, 6}, {2, 5}], [{8, 3}, {1, 7}, {4, 6}, {5}, {2}], [{8, 3}, {1, 7}, {5, 6}, {2, 4}], [{8, 3}, {1, 7}, {5, 6}, {4}, {2}], [{8, 3}, {1, 7}, {6}, {4, 5}, {2}], [{8, 3}, {2, 7}, {1, 6}, {4, 5}], [{8, 3}, {2, 7}, {1, 6}, {5}, {4}], [{8, 3}, {2, 7}, {4, 6}, {1, 5}], [{8, 3}, {2, 7}, {4, 6}, {5}, {1}], [{8, 3}, {2, 7}, {5, 6}, {1, 4}], [{8, 3}, {2, 7}, {5, 6}, {4}, {1}], [{8, 3}, {2, 7}, {6}, {1, 5}, {4}], [{8, 3}, {2, 7}, {6}, {4, 5}, {1}], [{8, 3}, {2, 7}, {6}, {5}, {1, 4}], [{8, 3}, {4, 7}, {1, 6}, {2, 5}], [{8, 3}, {4, 7}, {2, 6}, {1, 5}], [{8, 3}, {4, 7}, {5, 6}, {1, 2}], [{8, 3}, {4, 7}, {6}, {1, 5}, {2}], [{8, 3}, {5, 7}, {1, 6}, {2, 4}], [{8, 3}, {5, 7}, {2, 6}, {1, 4}], [{8, 3}, {5, 7}, {2, 6}, {4}, {1}], [{8, 3}, {5, 7}, {4, 6}, {1, 2}], [{8, 3}, {5, 7}, {6}, {1, 4}, {2}], [{8, 3}, {6, 7}, {1, 5}, {2, 4}], [{8, 3}, {6, 7}, {2, 5}, {1, 4}], [{8, 3}, {6, 7}, {4, 5}, {1, 2}], [{8, 3}, {7}, {4, 6}, {5}, {1, 2}], [{8, 3}, {7}, {5, 6}, {4}, {1, 2}], [{8, 3}, {7}, {6}, {1, 5}, {2, 4}], [{8, 3}, {7}, {6}, {2, 5}, {1, 4}], [{8, 3}, {7}, {6}, {4, 5}, {1, 2}], [{8, 4}, {1, 7}, {2, 6}, {3, 5}], [{8, 4}, {1, 7}, {3, 6}, {2, 5}], [{8, 4}, {1, 7}, {5, 6}, {2, 3}], [{8, 4}, {1, 7}, {6}, {3, 5}, {2}], [{8, 4}, {2, 7}, {1, 6}, {3, 5}], [{8, 4}, {2, 7}, {1, 6}, {5}, {3}], [{8, 4}, {2, 7}, {3, 6}, {1, 5}], [{8, 4}, {2, 7}, {5, 6}, {1, 3}], [{8, 4}, {2, 7}, {6}, {3, 5}, {1}], [{8, 4}, {3, 7}, {1, 6}, {2, 5}], [{8, 4}, {3, 7}, {2, 6}, {1, 5}], [{8, 4}, {3, 7}, {5, 6}, {1, 2}], [{8, 4}, {3, 7}, {6}, {5}, {1, 2}], [{8, 4}, {5, 7}, {1, 6}, {2, 3}], [{8, 4}, {5, 7}, {2, 6}, {1, 3}], [{8, 4}, {5, 7}, {3, 6}, {1, 2}], [{8, 4}, {5, 7}, {6}, {3}, {1, 2}], [{8, 4}, {6, 7}, {1, 5}, {2, 3}], [{8, 4}, {6, 7}, {2, 5}, {1, 3}], [{8, 4}, {6, 7}, {3, 5}, {1, 2}], [{8, 4}, {6, 7}, {3, 5}, {2}, {1}], [{8, 4}, {7}, {1, 6}, {3, 5}, {2}], [{8, 4}, {7}, {2, 6}, {3, 5}, {1}], [{8, 4}, {7}, {6}, {3, 5}, {1, 2}], [{8, 4}, {7}, {6}, {3, 5}, {2}, {1}], [{8, 5}, {1, 7}, {2, 6}, {3, 4}], [{8, 5}, {1, 7}, {3, 6}, {2, 4}], [{8, 5}, {1, 7}, {4, 6}, {2, 3}], [{8, 5}, {1, 7}, {4, 6}, {3}, {2}], [{8, 5}, {2, 7}, {1, 6}, {3, 4}], [{8, 5}, {2, 7}, {1, 6}, {4}, {3}], [{8, 5}, {2, 7}, {3, 6}, {1, 4}], [{8, 5}, {2, 7}, {4, 6}, {1, 3}], [{8, 5}, {2, 7}, {4, 6}, {3}, {1}], [{8, 5}, {2, 7}, {6}, {1, 4}, {3}], [{8, 5}, {3, 7}, {1, 6}, {2, 4}], [{8, 5}, {3, 7}, {2, 6}, {1, 4}], [{8, 5}, {3, 7}, {4, 6}, {1, 2}], [{8, 5}, {3, 7}, {6}, {1, 4}, {2}], [{8, 5}, {4, 7}, {1, 6}, {2, 3}], [{8, 5}, {4, 7}, {2, 6}, {1, 3}], [{8, 5}, {4, 7}, {3, 6}, {1, 2}], [{8, 5}, {6, 7}, {1, 4}, {2, 3}], [{8, 5}, {6, 7}, {2, 4}, {1, 3}], [{8, 5}, {6, 7}, {2, 4}, {3}, {1}], [{8, 5}, {6, 7}, {3, 4}, {1, 2}], [{8, 5}, {7}, {2, 6}, {4}, {1, 3}], [{8, 5}, {7}, {4, 6}, {3}, {1, 2}], [{8, 5}, {7}, {6}, {1, 4}, {2, 3}], [{8, 6}, {1, 7}, {2, 5}, {3, 4}], [{8, 6}, {1, 7}, {3, 5}, {2, 4}], [{8, 6}, {1, 7}, {3, 5}, {4}, {2}], [{8, 6}, {1, 7}, {4, 5}, {2, 3}], [{8, 6}, {1, 7}, {5}, {2, 4}, {3}], [{8, 6}, {2, 7}, {1, 5}, {3, 4}], [{8, 6}, {2, 7}, {3, 5}, {1, 4}], [{8, 6}, {2, 7}, {3, 5}, {4}, {1}], [{8, 6}, {2, 7}, {4, 5}, {1, 3}], [{8, 6}, {2, 7}, {5}, {1, 4}, {3}], [{8, 6}, {3, 7}, {1, 5}, {2, 4}], [{8, 6}, {3, 7}, {2, 5}, {1, 4}], [{8, 6}, {3, 7}, {4, 5}, {1, 2}], [{8, 6}, {4, 7}, {1, 5}, {2, 3}], [{8, 6}, {4, 7}, {2, 5}, {1, 3}], [{8, 6}, {4, 7}, {3, 5}, {1, 2}], [{8, 6}, {4, 7}, {3, 5}, {2}, {1}], [{8, 6}, {5, 7}, {1, 4}, {2, 3}], [{8, 6}, {5, 7}, {2, 4}, {1, 3}], [{8, 6}, {5, 7}, {3, 4}, {1, 2}], [{8, 6}, {7}, {3, 5}, {1, 4}, {2}], [{8, 6}, {7}, {3, 5}, {2, 4}, {1}], [{8, 6}, {7}, {3, 5}, {4}, {1, 2}], [{8, 6}, {7}, {3, 5}, {4}, {2}, {1}], [{8, 7}, {1, 6}, {2, 5}, {3, 4}], [{8, 7}, {1, 6}, {3, 5}, {2, 4}], [{8, 7}, {1, 6}, {3, 5}, {4}, {2}], [{8, 7}, {1, 6}, {4, 5}, {2, 3}], [{8, 7}, {2, 6}, {1, 5}, {3, 4}], [{8, 7}, {2, 6}, {3, 5}, {1, 4}], [{8, 7}, {2, 6}, {4, 5}, {1, 3}], [{8, 7}, {3, 6}, {1, 5}, {2, 4}], [{8, 7}, {3, 6}, {2, 5}, {1, 4}], [{8, 7}, {3, 6}, {4, 5}, {1, 2}], [{8, 7}, {4, 6}, {1, 5}, {2, 3}], [{8, 7}, {4, 6}, {1, 5}, {3}, {2}], [{8, 7}, {4, 6}, {2, 5}, {1, 3}], [{8, 7}, {4, 6}, {3, 5}, {1, 2}], [{8, 7}, {4, 6}, {3, 5}, {2}, {1}], [{8, 7}, {4, 6}, {5}, {1, 3}, {2}], [{8, 7}, {5, 6}, {1, 4}, {2, 3}], [{8, 7}, {5, 6}, {2, 4}, {1, 3}], [{8, 7}, {5, 6}, {2, 4}, {3}, {1}], [{8, 7}, {5, 6}, {3, 4}, {1, 2}], [{8, 7}, {6}, {2, 5}, {1, 4}, {3}], [{8, 7}, {6}, {3, 5}, {1, 4}, {2}], [{8, 7}, {6}, {5}, {1, 4}, {2, 3}], [{8}, {1, 7}, {4, 6}, {3, 5}, {2}], [{8}, {1, 7}, {6}, {4, 5}, {2, 3}], [{8}, {2, 7}, {1, 6}, {3, 5}, {4}], [{8}, {2, 7}, {1, 6}, {4, 5}, {3}], [{8}, {2, 7}, {1, 6}, {5}, {3, 4}], [{8}, {2, 7}, {1, 6}, {5}, {4}, {3}], [{8}, {2, 7}, {3, 6}, {5}, {1, 4}], [{8}, {2, 7}, {4, 6}, {1, 5}, {3}], [{8}, {2, 7}, {4, 6}, {3, 5}, {1}], [{8}, {2, 7}, {4, 6}, {5}, {1, 3}], [{8}, {2, 7}, {4, 6}, {5}, {3}, {1}], [{8}, {2, 7}, {5, 6}, {1, 4}, {3}], [{8}, {2, 7}, {6}, {3, 5}, {1, 4}], [{8}, {2, 7}, {6}, {5}, {1, 4}, {3}], [{8}, {3, 7}, {1, 6}, {2, 5}, {4}], [{8}, {3, 7}, {4, 6}, {2, 5}, {1}], [{8}, {3, 7}, {6}, {2, 5}, {1, 4}], [{8}, {4, 7}, {1, 6}, {3, 5}, {2}], [{8}, {4, 7}, {6}, {1, 5}, {2, 3}], [{8}, {5, 7}, {1, 6}, {4}, {2, 3}], [{8}, {5, 7}, {3, 6}, {4}, {1, 2}], [{8}, {5, 7}, {4, 6}, {2, 3}, {1}], [{8}, {5, 7}, {6}, {1, 4}, {2, 3}], [{8}, {6, 7}, {3, 5}, {1, 4}, {2}], [{8}, {6, 7}, {5}, {2, 4}, {1, 3}], [{8}, {6, 7}, {5}, {3, 4}, {1, 2}], [{8}, {7}, {1, 6}, {3, 5}, {2, 4}], [{8}, {7}, {1, 6}, {3, 5}, {4}, {2}], [{8}, {7}, {2, 6}, {1, 5}, {3, 4}], [{8}, {7}, {2, 6}, {3, 5}, {1, 4}], [{8}, {7}, {4, 6}, {3, 5}, {1, 2}], [{8}, {7}, {4, 6}, {3, 5}, {2}, {1}], [{8}, {7}, {6}, {3, 5}, {1, 4}, {2}]]",2,12 K_1^3 - 10 K_1^2 - 10 K_1 K_2 - 4 K_1 + 5 K_2 + 2 K_3 + 6,O1O2O3O4U5U1O5U6U7O8O6U3U8U4O7U2,O1O2O3U4U2O5O4U6O7O6U1U3U8U7O8U5,O1O2O3U4O5U6U5U1U3O7O6U7O8O4U2U8,c,{'O1O2O3O4U3O5U1U6U2O7O6U5U7O8U4U8'},1,"<a href=""/flatknot/8.704389"">8.704389</a>",t^9-44t^7-76t^6+105t^5+184t^4-92t^3-108t^2+46t-4,t^3-t^2-t,,
8.704390,O1O2O3O4U3O5U1U6U2O7O6U7U4O8U5U8,4,3z^3+26z^2+102z+125,3w^4z^3+26w^3z^2+102w^2z+125w,False,False,"[[ 0 -3  0 -1  2  2  0 -1  1],[ 3  0  1  0  3  3  2  0  1],[ 0 -1  0  0  1  1  0 -1  1],[ 1  0  0  0  1  1  1  0  0],[-2 -3 -1 -1  0  1 -1 -1  1],[-2 -3 -1 -1 -1  0 -1 -1  1],[ 0 -2  0 -1  1  1  0 -1  1],[ 1  0  1  0  1  1  1  0  0],[-1 -1 -1  0 -1 -1 -1  0  0]]","[[ 0  2  2  1  0  0 -1 -1 -3],[-2  0  1  1 -1 -1 -1 -1 -3],[-2 -1  0  1 -1 -1 -1 -1 -3],[-1 -1 -1  0 -1 -1  0  0 -1],[ 0  1  1  1  0  0  0 -1 -1],[ 0  1  1  1  0  0 -1 -1 -2],[ 1  1  1  0  0  1  0  0  0],[ 1  1  1  0  1  1  0  0  0],[ 3  3  3  1  1  2  0  0  0]]",True,"[-2,-2,-1,0,0,1,1,3,-1,-1,1,1,1,1,3,-1,1,1,1,1,3,1,1,0,0,1,0,0,1,1,1,1,2,0,0,0]","[-3,-1,-1,0,0,1,2,2,0,0,1,2,1,3,3,0,0,1,0,1,1,1,1,0,1,1,0,1,1,1,1,1,1,-1,-1,-1]",t^8+40t^6+47t^4+13t^2+1,"[-3,-1,-1,0,0,1,2,2,2,2,1,2,3,2,2,0,0,0,2,2,2,0,1,2,2,2,0,0,1,1,0,1,1,2,2,-1]","[-2,-2,-1,0,0,1,1,3,-1,2,1,1,2,2,2,2,1,1,2,2,2,0,0,2,2,3,0,0,0,1,0,1,2,0,2,2]","[-3,-1,-1,0,0,1,2,2,0,0,1,2,1,3,3,0,0,1,0,1,1,1,1,0,1,1,0,1,1,1,1,1,1,-1,-1,-1]",c,"[[{8, 1}, {2, 7}, {3, 6}, {4, 5}], [{8, 1}, {2, 7}, {4, 6}, {3, 5}], [{8, 1}, {2, 7}, {5, 6}, {3, 4}], [{8, 1}, {2, 7}, {6}, {5}, {3, 4}], [{8, 1}, {3, 7}, {2, 6}, {4, 5}], [{8, 1}, {3, 7}, {4, 6}, {2, 5}], [{8, 1}, {3, 7}, {4, 6}, {5}, {2}], [{8, 1}, {3, 7}, {5, 6}, {2, 4}], [{8, 1}, {3, 7}, {6}, {2, 5}, {4}], [{8, 1}, {4, 7}, {2, 6}, {3, 5}], [{8, 1}, {4, 7}, {3, 6}, {2, 5}], [{8, 1}, {4, 7}, {5, 6}, {2, 3}], [{8, 1}, {4, 7}, {5, 6}, {3}, {2}], [{8, 1}, {4, 7}, {6}, {5}, {2, 3}], [{8, 1}, {5, 7}, {2, 6}, {3, 4}], [{8, 1}, {5, 7}, {3, 6}, {2, 4}], [{8, 1}, {5, 7}, {4, 6}, {2, 3}], [{8, 1}, {5, 7}, {4, 6}, {3}, {2}], [{8, 1}, {6, 7}, {2, 5}, {3, 4}], [{8, 1}, {6, 7}, {2, 5}, {4}, {3}], [{8, 1}, {6, 7}, {3, 5}, {2, 4}], [{8, 1}, {6, 7}, {4, 5}, {2, 3}], [{8, 1}, {7}, {2, 6}, {4, 5}, {3}], [{8, 1}, {7}, {3, 6}, {2, 5}, {4}], [{8, 1}, {7}, {4, 6}, {3, 5}, {2}], [{8, 2}, {1, 7}, {3, 6}, {4, 5}], [{8, 2}, {1, 7}, {4, 6}, {3, 5}], [{8, 2}, {1, 7}, {5, 6}, {3, 4}], [{8, 2}, {3, 7}, {1, 6}, {4, 5}], [{8, 2}, {3, 7}, {4, 6}, {1, 5}], [{8, 2}, {3, 7}, {4, 6}, {5}, {1}], [{8, 2}, {3, 7}, {5, 6}, {1, 4}], [{8, 2}, {4, 7}, {1, 6}, {3, 5}], [{8, 2}, {4, 7}, {3, 6}, {1, 5}], [{8, 2}, {4, 7}, {5, 6}, {1, 3}], [{8, 2}, {5, 7}, {1, 6}, {3, 4}], [{8, 2}, {5, 7}, {3, 6}, {1, 4}], [{8, 2}, {5, 7}, {4, 6}, {1, 3}], [{8, 2}, {5, 7}, {4, 6}, {3}, {1}], [{8, 2}, {5, 7}, {6}, {4}, {1, 3}], [{8, 2}, {6, 7}, {1, 5}, {3, 4}], [{8, 2}, {6, 7}, {1, 5}, {4}, {3}], [{8, 2}, {6, 7}, {3, 5}, {1, 4}], [{8, 2}, {6, 7}, {4, 5}, {1, 3}], [{8, 2}, {7}, {1, 6}, {3, 5}, {4}], [{8, 2}, {7}, {3, 6}, {4, 5}, {1}], [{8, 2}, {7}, {4, 6}, {3, 5}, {1}], [{8, 2}, {7}, {6}, {1, 5}, {3, 4}], [{8, 2}, {7}, {6}, {3, 5}, {1, 4}], [{8, 3}, {1, 7}, {2, 6}, {4, 5}], [{8, 3}, {1, 7}, {4, 6}, {2, 5}], [{8, 3}, {1, 7}, {5, 6}, {2, 4}], [{8, 3}, {2, 7}, {1, 6}, {4, 5}], [{8, 3}, {2, 7}, {4, 6}, {1, 5}], [{8, 3}, {2, 7}, {5, 6}, {1, 4}], [{8, 3}, {2, 7}, {6}, {1, 5}, {4}], [{8, 3}, {2, 7}, {6}, {4, 5}, {1}], [{8, 3}, {2, 7}, {6}, {5}, {1, 4}], [{8, 3}, {4, 7}, {1, 6}, {2, 5}], [{8, 3}, {4, 7}, {2, 6}, {1, 5}], [{8, 3}, {4, 7}, {5, 6}, {1, 2}], [{8, 3}, {5, 7}, {1, 6}, {2, 4}], [{8, 3}, {5, 7}, {2, 6}, {1, 4}], [{8, 3}, {5, 7}, {4, 6}, {1, 2}], [{8, 3}, {6, 7}, {1, 5}, {2, 4}], [{8, 3}, {6, 7}, {2, 5}, {1, 4}], [{8, 3}, {6, 7}, {4, 5}, {1, 2}], [{8, 3}, {7}, {1, 6}, {4, 5}, {2}], [{8, 3}, {7}, {4, 6}, {1, 5}, {2}], [{8, 3}, {7}, {4, 6}, {2, 5}, {1}], [{8, 3}, {7}, {4, 6}, {5}, {1, 2}], [{8, 4}, {1, 7}, {2, 6}, {3, 5}], [{8, 4}, {1, 7}, {3, 6}, {2, 5}], [{8, 4}, {1, 7}, {5, 6}, {2, 3}], [{8, 4}, {1, 7}, {6}, {2, 5}, {3}], [{8, 4}, {2, 7}, {1, 6}, {3, 5}], [{8, 4}, {2, 7}, {3, 6}, {1, 5}], [{8, 4}, {2, 7}, {5, 6}, {1, 3}], [{8, 4}, {2, 7}, {6}, {1, 5}, {3}], [{8, 4}, {3, 7}, {1, 6}, {2, 5}], [{8, 4}, {3, 7}, {2, 6}, {1, 5}], [{8, 4}, {3, 7}, {5, 6}, {1, 2}], [{8, 4}, {5, 7}, {1, 6}, {2, 3}], [{8, 4}, {5, 7}, {2, 6}, {1, 3}], [{8, 4}, {5, 7}, {3, 6}, {1, 2}], [{8, 4}, {6, 7}, {1, 5}, {2, 3}], [{8, 4}, {6, 7}, {1, 5}, {3}, {2}], [{8, 4}, {6, 7}, {2, 5}, {1, 3}], [{8, 4}, {6, 7}, {2, 5}, {3}, {1}], [{8, 4}, {6, 7}, {3, 5}, {1, 2}], [{8, 4}, {6, 7}, {3, 5}, {2}, {1}], [{8, 4}, {6, 7}, {5}, {1, 3}, {2}], [{8, 4}, {6, 7}, {5}, {2, 3}, {1}], [{8, 4}, {6, 7}, {5}, {3}, {1, 2}], [{8, 4}, {6, 7}, {5}, {3}, {2}, {1}], [{8, 4}, {7}, {1, 6}, {2, 5}, {3}], [{8, 4}, {7}, {2, 6}, {1, 5}, {3}], [{8, 5}, {1, 7}, {2, 6}, {3, 4}], [{8, 5}, {1, 7}, {3, 6}, {2, 4}], [{8, 5}, {1, 7}, {4, 6}, {2, 3}], [{8, 5}, {2, 7}, {1, 6}, {3, 4}], [{8, 5}, {2, 7}, {3, 6}, {1, 4}], [{8, 5}, {2, 7}, {4, 6}, {1, 3}], [{8, 5}, {2, 7}, {6}, {1, 4}, {3}], [{8, 5}, {2, 7}, {6}, {3, 4}, {1}], [{8, 5}, {2, 7}, {6}, {4}, {1, 3}], [{8, 5}, {3, 7}, {1, 6}, {2, 4}], [{8, 5}, {3, 7}, {1, 6}, {4}, {2}], [{8, 5}, {3, 7}, {2, 6}, {1, 4}], [{8, 5}, {3, 7}, {4, 6}, {1, 2}], [{8, 5}, {4, 7}, {1, 6}, {2, 3}], [{8, 5}, {4, 7}, {2, 6}, {1, 3}], [{8, 5}, {4, 7}, {3, 6}, {1, 2}], [{8, 5}, {4, 7}, {6}, {2, 3}, {1}], [{8, 5}, {6, 7}, {1, 4}, {2, 3}], [{8, 5}, {6, 7}, {2, 4}, {1, 3}], [{8, 5}, {6, 7}, {3, 4}, {1, 2}], [{8, 5}, {7}, {1, 6}, {2, 4}, {3}], [{8, 5}, {7}, {4, 6}, {3}, {1, 2}], [{8, 6}, {1, 7}, {2, 5}, {3, 4}], [{8, 6}, {1, 7}, {3, 5}, {2, 4}], [{8, 6}, {1, 7}, {3, 5}, {4}, {2}], [{8, 6}, {1, 7}, {4, 5}, {2, 3}], [{8, 6}, {2, 7}, {1, 5}, {3, 4}], [{8, 6}, {2, 7}, {3, 5}, {1, 4}], [{8, 6}, {2, 7}, {4, 5}, {1, 3}], [{8, 6}, {2, 7}, {5}, {1, 4}, {3}], [{8, 6}, {3, 7}, {1, 5}, {2, 4}], [{8, 6}, {3, 7}, {1, 5}, {4}, {2}], [{8, 6}, {3, 7}, {2, 5}, {1, 4}], [{8, 6}, {3, 7}, {4, 5}, {1, 2}], [{8, 6}, {4, 7}, {1, 5}, {2, 3}], [{8, 6}, {4, 7}, {2, 5}, {1, 3}], [{8, 6}, {4, 7}, {3, 5}, {1, 2}], [{8, 6}, {4, 7}, {5}, {1, 3}, {2}], [{8, 6}, {4, 7}, {5}, {2, 3}, {1}], [{8, 6}, {4, 7}, {5}, {3}, {1, 2}], [{8, 6}, {5, 7}, {1, 4}, {2, 3}], [{8, 6}, {5, 7}, {2, 4}, {1, 3}], [{8, 6}, {5, 7}, {3, 4}, {1, 2}], [{8, 7}, {1, 6}, {2, 5}, {3, 4}], [{8, 7}, {1, 6}, {2, 5}, {4}, {3}], [{8, 7}, {1, 6}, {3, 5}, {2, 4}], [{8, 7}, {1, 6}, {4, 5}, {2, 3}], [{8, 7}, {2, 6}, {1, 5}, {3, 4}], [{8, 7}, {2, 6}, {1, 5}, {4}, {3}], [{8, 7}, {2, 6}, {3, 5}, {1, 4}], [{8, 7}, {2, 6}, {3, 5}, {4}, {1}], [{8, 7}, {2, 6}, {4, 5}, {1, 3}], [{8, 7}, {2, 6}, {4, 5}, {3}, {1}], [{8, 7}, {2, 6}, {5}, {1, 4}, {3}], [{8, 7}, {2, 6}, {5}, {3, 4}, {1}], [{8, 7}, {2, 6}, {5}, {4}, {1, 3}], [{8, 7}, {3, 6}, {1, 5}, {2, 4}], [{8, 7}, {3, 6}, {2, 5}, {1, 4}], [{8, 7}, {3, 6}, {2, 5}, {4}, {1}], [{8, 7}, {3, 6}, {4, 5}, {1, 2}], [{8, 7}, {4, 6}, {1, 5}, {2, 3}], [{8, 7}, {4, 6}, {2, 5}, {1, 3}], [{8, 7}, {4, 6}, {3, 5}, {1, 2}], [{8, 7}, {4, 6}, {5}, {1, 3}, {2}], [{8, 7}, {4, 6}, {5}, {2, 3}, {1}], [{8, 7}, {4, 6}, {5}, {3}, {1, 2}], [{8, 7}, {5, 6}, {1, 4}, {2, 3}], [{8, 7}, {5, 6}, {2, 4}, {1, 3}], [{8, 7}, {5, 6}, {3, 4}, {1, 2}], [{8, 7}, {5, 6}, {4}, {1, 3}, {2}], [{8, 7}, {6}, {1, 5}, {3, 4}, {2}], [{8, 7}, {6}, {2, 5}, {4}, {1, 3}], [{8, 7}, {6}, {3, 5}, {1, 4}, {2}], [{8, 7}, {6}, {4, 5}, {1, 3}, {2}], [{8, 7}, {6}, {5}, {2, 4}, {1, 3}], [{8, 7}, {6}, {5}, {4}, {1, 3}, {2}], [{8}, {1, 7}, {2, 6}, {4, 5}, {3}], [{8}, {1, 7}, {3, 6}, {2, 5}, {4}], [{8}, {1, 7}, {3, 6}, {4, 5}, {2}], [{8}, {1, 7}, {3, 6}, {5}, {2, 4}], [{8}, {1, 7}, {6}, {4, 5}, {2, 3}], [{8}, {2, 7}, {3, 6}, {5}, {1, 4}], [{8}, {2, 7}, {5, 6}, {1, 4}, {3}], [{8}, {2, 7}, {6}, {1, 5}, {3, 4}], [{8}, {2, 7}, {6}, {3, 5}, {1, 4}], [{8}, {3, 7}, {4, 6}, {5}, {1, 2}], [{8}, {4, 7}, {1, 6}, {2, 5}, {3}], [{8}, {4, 7}, {1, 6}, {3, 5}, {2}], [{8}, {4, 7}, {1, 6}, {5}, {2, 3}], [{8}, {4, 7}, {2, 6}, {1, 5}, {3}], [{8}, {4, 7}, {3, 6}, {1, 5}, {2}], [{8}, {4, 7}, {5, 6}, {2, 3}, {1}], [{8}, {4, 7}, {6}, {1, 5}, {2, 3}], [{8}, {4, 7}, {6}, {5}, {2, 3}, {1}], [{8}, {5, 7}, {3, 6}, {4}, {1, 2}], [{8}, {5, 7}, {4, 6}, {3}, {1, 2}], [{8}, {5, 7}, {6}, {1, 4}, {2, 3}], [{8}, {5, 7}, {6}, {3, 4}, {1, 2}], [{8}, {6, 7}, {1, 5}, {2, 4}, {3}], [{8}, {6, 7}, {2, 5}, {1, 4}, {3}], [{8}, {7}, {4, 6}, {3, 5}, {1, 2}], [{8}, {7}, {4, 6}, {5}, {3}, {1, 2}]]",2,8 K_1^3 + 4 K_1^2 K_2 - 20 K_1^2 - 26 K_1 K_2 - 4 K_1 K_3 + 7 K_1 - 8 K_2^2 + 10 K_2 + 11 K_3 + 5 K_4 + 14,O1O2O3O4U5U6O5U1U7O8O7U3U8U4O6U2,O1O2O3U4U2O4O5U6O7O6U1U3U8U5O8U7,O1O2O3U4O5U6U5U1U3O7O4U7O6O8U2U8,c,{'O1O2O3O4U3O5U1U6U2O7O6U7U4O8U5U8'},1,"<a href=""/flatknot/8.704390"">8.704390</a>",t^9-42t^7-86t^6-11t^5+86t^4+42t^3-14t^2+4,t^3-2t^2+t,,
8.704391,O1O2O3O4U3O5U1U6U2O7O6U7U5O8U4U8,4,6z^3+43z^2+102z+81,6w^4z^3+43w^3z^2+102w^2z+81w,False,False,"[[ 0 -3  0 -1  2  2  0 -1  1],[ 3  0  1  0  4  2  2  0  1],[ 0 -1  0  0  2  0  0 -1  1],[ 1  0  0  0  1  0  1  0  1],[-2 -4 -2 -1  0  0 -1 -1  1],[-2 -2  0  0  0  0 -1 -1  0],[ 0 -2  0 -1  1  1  0 -1  1],[ 1  0  1  0  1  1  1  0  0],[-1 -1 -1 -1 -1  0 -1  0  0]]","[[ 0  2  2  1  0  0 -1 -1 -3],[-2  0  0  1 -1 -2 -1 -1 -4],[-2  0  0  0 -1  0  0 -1 -2],[-1 -1  0  0 -1 -1 -1  0 -1],[ 0  1  1  1  0  0 -1 -1 -2],[ 0  2  0  1  0  0  0 -1 -1],[ 1  1  0  1  1  0  0  0  0],[ 1  1  1  0  1  1  0  0  0],[ 3  4  2  1  2  1  0  0  0]]",True,"[-2,-2,-1,0,0,1,1,3,0,-1,1,2,1,1,4,0,1,0,0,1,2,1,1,1,0,1,0,1,1,2,0,1,1,0,0,0]","[-3,-1,-1,0,0,1,2,2,0,0,1,2,1,2,4,0,0,1,1,0,1,1,1,0,1,1,0,1,0,2,1,1,1,0,-1,0]",t^8+42t^6+127t^4+69t^2+1,"[-3,-1,-1,0,0,1,2,2,2,2,1,2,3,1,3,0,0,0,2,2,2,0,1,1,2,3,0,0,1,1,0,0,2,2,1,0]","[-2,-2,-1,0,0,1,1,3,0,1,1,2,2,3,3,2,1,0,2,2,1,0,0,2,1,3,0,0,0,1,0,1,2,0,2,2]","[-3,-1,-1,0,0,1,2,2,0,0,1,2,1,2,4,0,0,1,1,0,1,1,1,0,1,1,0,1,0,2,1,1,1,0,-1,0]",c,"[[{8, 1}, {2, 7}, {3, 6}, {4, 5}], [{8, 1}, {2, 7}, {4, 6}, {3, 5}], [{8, 1}, {2, 7}, {5, 6}, {3, 4}], [{8, 1}, {2, 7}, {6}, {3, 5}, {4}], [{8, 1}, {3, 7}, {2, 6}, {4, 5}], [{8, 1}, {3, 7}, {4, 6}, {2, 5}], [{8, 1}, {3, 7}, {5, 6}, {2, 4}], [{8, 1}, {4, 7}, {2, 6}, {3, 5}], [{8, 1}, {4, 7}, {3, 6}, {2, 5}], [{8, 1}, {4, 7}, {3, 6}, {5}, {2}], [{8, 1}, {4, 7}, {5, 6}, {2, 3}], [{8, 1}, {5, 7}, {2, 6}, {3, 4}], [{8, 1}, {5, 7}, {3, 6}, {2, 4}], [{8, 1}, {5, 7}, {4, 6}, {2, 3}], [{8, 1}, {5, 7}, {4, 6}, {3}, {2}], [{8, 1}, {6, 7}, {2, 5}, {3, 4}], [{8, 1}, {6, 7}, {3, 5}, {2, 4}], [{8, 1}, {6, 7}, {4, 5}, {2, 3}], [{8, 1}, {6, 7}, {5}, {2, 4}, {3}], [{8, 1}, {7}, {2, 6}, {4, 5}, {3}], [{8, 1}, {7}, {5, 6}, {4}, {2, 3}], [{8, 2}, {1, 7}, {3, 6}, {4, 5}], [{8, 2}, {1, 7}, {4, 6}, {3, 5}], [{8, 2}, {1, 7}, {5, 6}, {3, 4}], [{8, 2}, {1, 7}, {6}, {4, 5}, {3}], [{8, 2}, {3, 7}, {1, 6}, {4, 5}], [{8, 2}, {3, 7}, {4, 6}, {1, 5}], [{8, 2}, {3, 7}, {5, 6}, {1, 4}], [{8, 2}, {4, 7}, {1, 6}, {3, 5}], [{8, 2}, {4, 7}, {3, 6}, {1, 5}], [{8, 2}, {4, 7}, {5, 6}, {1, 3}], [{8, 2}, {5, 7}, {1, 6}, {3, 4}], [{8, 2}, {5, 7}, {3, 6}, {1, 4}], [{8, 2}, {5, 7}, {4, 6}, {1, 3}], [{8, 2}, {6, 7}, {1, 5}, {3, 4}], [{8, 2}, {6, 7}, {3, 5}, {1, 4}], [{8, 2}, {6, 7}, {4, 5}, {1, 3}], [{8, 2}, {6, 7}, {5}, {1, 4}, {3}], [{8, 2}, {7}, {1, 6}, {3, 5}, {4}], [{8, 2}, {7}, {3, 6}, {1, 5}, {4}], [{8, 2}, {7}, {4, 6}, {1, 5}, {3}], [{8, 2}, {7}, {5, 6}, {4}, {1, 3}], [{8, 2}, {7}, {6}, {1, 5}, {3, 4}], [{8, 3}, {1, 7}, {2, 6}, {4, 5}], [{8, 3}, {1, 7}, {2, 6}, {5}, {4}], [{8, 3}, {1, 7}, {4, 6}, {2, 5}], [{8, 3}, {1, 7}, {5, 6}, {2, 4}], [{8, 3}, {2, 7}, {1, 6}, {4, 5}], [{8, 3}, {2, 7}, {1, 6}, {5}, {4}], [{8, 3}, {2, 7}, {4, 6}, {1, 5}], [{8, 3}, {2, 7}, {4, 6}, {5}, {1}], [{8, 3}, {2, 7}, {5, 6}, {1, 4}], [{8, 3}, {2, 7}, {5, 6}, {4}, {1}], [{8, 3}, {2, 7}, {6}, {1, 5}, {4}], [{8, 3}, {2, 7}, {6}, {4, 5}, {1}], [{8, 3}, {2, 7}, {6}, {5}, {1, 4}], [{8, 3}, {2, 7}, {6}, {5}, {4}, {1}], [{8, 3}, {4, 7}, {1, 6}, {2, 5}], [{8, 3}, {4, 7}, {1, 6}, {5}, {2}], [{8, 3}, {4, 7}, {2, 6}, {1, 5}], [{8, 3}, {4, 7}, {5, 6}, {1, 2}], [{8, 3}, {5, 7}, {1, 6}, {2, 4}], [{8, 3}, {5, 7}, {1, 6}, {4}, {2}], [{8, 3}, {5, 7}, {2, 6}, {1, 4}], [{8, 3}, {5, 7}, {4, 6}, {1, 2}], [{8, 3}, {6, 7}, {1, 5}, {2, 4}], [{8, 3}, {6, 7}, {2, 5}, {1, 4}], [{8, 3}, {6, 7}, {4, 5}, {1, 2}], [{8, 3}, {6, 7}, {5}, {4}, {1, 2}], [{8, 3}, {7}, {1, 6}, {2, 5}, {4}], [{8, 3}, {7}, {1, 6}, {4, 5}, {2}], [{8, 3}, {7}, {1, 6}, {5}, {2, 4}], [{8, 3}, {7}, {1, 6}, {5}, {4}, {2}], [{8, 4}, {1, 7}, {2, 6}, {3, 5}], [{8, 4}, {1, 7}, {2, 6}, {5}, {3}], [{8, 4}, {1, 7}, {3, 6}, {2, 5}], [{8, 4}, {1, 7}, {5, 6}, {2, 3}], [{8, 4}, {1, 7}, {5, 6}, {3}, {2}], [{8, 4}, {1, 7}, {6}, {2, 5}, {3}], [{8, 4}, {2, 7}, {1, 6}, {3, 5}], [{8, 4}, {2, 7}, {1, 6}, {5}, {3}], [{8, 4}, {2, 7}, {3, 6}, {1, 5}], [{8, 4}, {2, 7}, {5, 6}, {1, 3}], [{8, 4}, {2, 7}, {5, 6}, {3}, {1}], [{8, 4}, {2, 7}, {6}, {1, 5}, {3}], [{8, 4}, {3, 7}, {1, 6}, {2, 5}], [{8, 4}, {3, 7}, {2, 6}, {1, 5}], [{8, 4}, {3, 7}, {5, 6}, {1, 2}], [{8, 4}, {3, 7}, {5, 6}, {2}, {1}], [{8, 4}, {5, 7}, {1, 6}, {2, 3}], [{8, 4}, {5, 7}, {2, 6}, {1, 3}], [{8, 4}, {5, 7}, {3, 6}, {1, 2}], [{8, 4}, {6, 7}, {1, 5}, {2, 3}], [{8, 4}, {6, 7}, {2, 5}, {1, 3}], [{8, 4}, {6, 7}, {3, 5}, {1, 2}], [{8, 4}, {7}, {5, 6}, {1, 3}, {2}], [{8, 4}, {7}, {5, 6}, {2, 3}, {1}], [{8, 4}, {7}, {5, 6}, {3}, {1, 2}], [{8, 4}, {7}, {5, 6}, {3}, {2}, {1}], [{8, 5}, {1, 7}, {2, 6}, {3, 4}], [{8, 5}, {1, 7}, {2, 6}, {4}, {3}], [{8, 5}, {1, 7}, {3, 6}, {2, 4}], [{8, 5}, {1, 7}, {4, 6}, {2, 3}], [{8, 5}, {2, 7}, {1, 6}, {3, 4}], [{8, 5}, {2, 7}, {3, 6}, {1, 4}], [{8, 5}, {2, 7}, {4, 6}, {1, 3}], [{8, 5}, {2, 7}, {6}, {4}, {1, 3}], [{8, 5}, {3, 7}, {1, 6}, {2, 4}], [{8, 5}, {3, 7}, {2, 6}, {1, 4}], [{8, 5}, {3, 7}, {4, 6}, {1, 2}], [{8, 5}, {4, 7}, {1, 6}, {2, 3}], [{8, 5}, {4, 7}, {2, 6}, {1, 3}], [{8, 5}, {4, 7}, {2, 6}, {3}, {1}], [{8, 5}, {4, 7}, {3, 6}, {1, 2}], [{8, 5}, {4, 7}, {6}, {1, 3}, {2}], [{8, 5}, {6, 7}, {1, 4}, {2, 3}], [{8, 5}, {6, 7}, {2, 4}, {1, 3}], [{8, 5}, {6, 7}, {3, 4}, {1, 2}], [{8, 5}, {7}, {1, 6}, {4}, {2, 3}], [{8, 5}, {7}, {2, 6}, {1, 4}, {3}], [{8, 5}, {7}, {6}, {2, 4}, {1, 3}], [{8, 6}, {1, 7}, {2, 5}, {3, 4}], [{8, 6}, {1, 7}, {3, 5}, {2, 4}], [{8, 6}, {1, 7}, {4, 5}, {2, 3}], [{8, 6}, {1, 7}, {4, 5}, {3}, {2}], [{8, 6}, {1, 7}, {5}, {4}, {2, 3}], [{8, 6}, {2, 7}, {1, 5}, {3, 4}], [{8, 6}, {2, 7}, {1, 5}, {4}, {3}], [{8, 6}, {2, 7}, {3, 5}, {1, 4}], [{8, 6}, {2, 7}, {4, 5}, {1, 3}], [{8, 6}, {3, 7}, {1, 5}, {2, 4}], [{8, 6}, {3, 7}, {1, 5}, {4}, {2}], [{8, 6}, {3, 7}, {2, 5}, {1, 4}], [{8, 6}, {3, 7}, {4, 5}, {1, 2}], [{8, 6}, {4, 7}, {1, 5}, {2, 3}], [{8, 6}, {4, 7}, {1, 5}, {3}, {2}], [{8, 6}, {4, 7}, {2, 5}, {1, 3}], [{8, 6}, {4, 7}, {3, 5}, {1, 2}], [{8, 6}, {5, 7}, {1, 4}, {2, 3}], [{8, 6}, {5, 7}, {2, 4}, {1, 3}], [{8, 6}, {5, 7}, {3, 4}, {1, 2}], [{8, 6}, {5, 7}, {4}, {2, 3}, {1}], [{8, 6}, {7}, {1, 5}, {2, 4}, {3}], [{8, 6}, {7}, {1, 5}, {3, 4}, {2}], [{8, 6}, {7}, {1, 5}, {4}, {2, 3}], [{8, 6}, {7}, {3, 5}, {2, 4}, {1}], [{8, 6}, {7}, {5}, {2, 4}, {1, 3}], [{8, 7}, {1, 6}, {2, 5}, {3, 4}], [{8, 7}, {1, 6}, {3, 5}, {2, 4}], [{8, 7}, {1, 6}, {4, 5}, {2, 3}], [{8, 7}, {2, 6}, {1, 5}, {3, 4}], [{8, 7}, {2, 6}, {3, 5}, {1, 4}], [{8, 7}, {2, 6}, {4, 5}, {1, 3}], [{8, 7}, {2, 6}, {4, 5}, {3}, {1}], [{8, 7}, {3, 6}, {1, 5}, {2, 4}], [{8, 7}, {3, 6}, {1, 5}, {4}, {2}], [{8, 7}, {3, 6}, {2, 5}, {1, 4}], [{8, 7}, {3, 6}, {4, 5}, {1, 2}], [{8, 7}, {4, 6}, {1, 5}, {2, 3}], [{8, 7}, {4, 6}, {1, 5}, {3}, {2}], [{8, 7}, {4, 6}, {2, 5}, {1, 3}], [{8, 7}, {4, 6}, {3, 5}, {1, 2}], [{8, 7}, {5, 6}, {1, 4}, {2, 3}], [{8, 7}, {5, 6}, {2, 4}, {1, 3}], [{8, 7}, {5, 6}, {3, 4}, {1, 2}], [{8, 7}, {6}, {1, 5}, {3, 4}, {2}], [{8, 7}, {6}, {2, 5}, {1, 4}, {3}], [{8, 7}, {6}, {3, 5}, {1, 4}, {2}], [{8, 7}, {6}, {4, 5}, {1, 3}, {2}], [{8, 7}, {6}, {5}, {1, 4}, {2, 3}], [{8}, {1, 7}, {2, 6}, {3, 5}, {4}], [{8}, {1, 7}, {2, 6}, {4, 5}, {3}], [{8}, {1, 7}, {2, 6}, {5}, {3, 4}], [{8}, {1, 7}, {4, 6}, {3, 5}, {2}], [{8}, {1, 7}, {6}, {3, 5}, {2, 4}], [{8}, {2, 7}, {1, 6}, {5}, {3, 4}], [{8}, {2, 7}, {3, 6}, {1, 5}, {4}], [{8}, {2, 7}, {4, 6}, {1, 5}, {3}], [{8}, {2, 7}, {5, 6}, {3, 4}, {1}], [{8}, {2, 7}, {6}, {1, 5}, {3, 4}], [{8}, {2, 7}, {6}, {1, 5}, {4}, {3}], [{8}, {3, 7}, {6}, {1, 5}, {2, 4}], [{8}, {4, 7}, {6}, {1, 5}, {2, 3}], [{8}, {5, 7}, {2, 6}, {3, 4}, {1}], [{8}, {6, 7}, {1, 5}, {3, 4}, {2}], [{8}, {7}, {2, 6}, {1, 5}, {3, 4}], [{8}, {7}, {3, 6}, {2, 5}, {1, 4}], [{8}, {7}, {5, 6}, {1, 4}, {2, 3}], [{8}, {7}, {5, 6}, {2, 4}, {1, 3}], [{8}, {7}, {6}, {1, 5}, {3, 4}, {2}]]",2,8 K_1^3 + 4 K_1^2 K_2 - 6 K_1^2 - 6 K_1 K_2 - 2 K_1 K_3 - 3 K_1 - 2 K_2^2 + 2 K_2 + K_3 + K_4 + 4,O1O2O3O4U5U1O5U6U7O8O7U3U8U4O6U2,O1O2O3U4U2O4O5U6O7O6U1U3U8U7O8U5,O1O2O3U4O5U6U5U1U3O7O6U7O4O8U2U8,c,{'O1O2O3O4U3O5U1U6U2O7O6U7U5O8U4U8'},1,"<a href=""/flatknot/8.704391"">8.704391</a>",t^9-44t^7-70t^6+99t^5+142t^4-32t^3-90t^2-8t+10,t^3-2t^2+t,,
8.704392,O1O2O3O4U3O5U1U6U2O7O6U8U4O8U5U7,3,14z^2+67z+79,14w^3z^2+67w^2z+79w,False,False,"[[ 0 -3  0 -1  2  2  0  1 -1],[ 3  0  1  0  3  3  2  2  2],[ 0 -1  0  0  1  1  0  1 -1],[ 1  0  0  0  1  1  1  1  0],[-2 -3 -1 -1  0  0 -2  0 -2],[-2 -3 -1 -1  0  0 -2  0 -2],[ 0 -2  0 -1  2  2  0  1 -1],[-1 -2 -1 -1  0  0 -1  0 -1],[ 1 -2  1  0  2  2  1  1  0]]","[[ 0  2  2  1  0  0 -1 -1 -3],[-2  0  0  0 -1 -2 -1 -2 -3],[-2  0  0  0 -1 -2 -1 -2 -3],[-1  0  0  0 -1 -1 -1 -1 -2],[ 0  1  1  1  0  0  0 -1 -1],[ 0  2  2  1  0  0 -1 -1 -2],[ 1  1  1  1  0  1  0  0  0],[ 1  2  2  1  1  1  0  0 -2],[ 3  3  3  2  1  2  0  2  0]]",True,"[-2,-2,-1,0,0,1,1,3,0,0,1,2,1,2,3,0,1,2,1,2,3,1,1,1,1,2,0,0,1,1,1,1,2,0,0,2]","[-3,-1,-1,0,0,1,2,2,0,2,1,2,2,2,2,0,0,0,1,1,1,0,1,1,2,2,0,0,0,0,0,1,1,1,1,0]",t^8+58t^6+100t^4+28t^2,"[-3,-1,-1,0,0,1,2,2,0,2,1,2,2,2,2,0,0,0,1,1,1,0,1,1,2,2,0,0,0,0,0,1,1,1,1,0]","[-2,-2,-1,0,0,1,1,3,0,1,0,1,1,2,2,1,0,1,1,2,2,0,0,1,1,2,0,0,0,1,0,1,2,0,0,2]","[-3,-1,-1,0,0,1,2,2,0,2,1,2,2,3,3,0,0,1,1,1,1,1,1,1,2,2,0,1,1,1,1,2,2,0,0,0]",c,"[[{8, 1}, {2, 7}, {3, 6}, {4, 5}], [{8, 1}, {2, 7}, {3, 6}, {5}, {4}], [{8, 1}, {2, 7}, {4, 6}, {3, 5}], [{8, 1}, {2, 7}, {4, 6}, {5}, {3}], [{8, 1}, {2, 7}, {5, 6}, {3, 4}], [{8, 1}, {2, 7}, {5, 6}, {4}, {3}], [{8, 1}, {2, 7}, {6}, {3, 5}, {4}], [{8, 1}, {2, 7}, {6}, {4, 5}, {3}], [{8, 1}, {2, 7}, {6}, {5}, {3, 4}], [{8, 1}, {2, 7}, {6}, {5}, {4}, {3}], [{8, 1}, {3, 7}, {2, 6}, {4, 5}], [{8, 1}, {3, 7}, {2, 6}, {5}, {4}], [{8, 1}, {3, 7}, {4, 6}, {2, 5}], [{8, 1}, {3, 7}, {5, 6}, {2, 4}], [{8, 1}, {4, 7}, {2, 6}, {3, 5}], [{8, 1}, {4, 7}, {3, 6}, {2, 5}], [{8, 1}, {4, 7}, {5, 6}, {2, 3}], [{8, 1}, {5, 7}, {2, 6}, {3, 4}], [{8, 1}, {5, 7}, {3, 6}, {2, 4}], [{8, 1}, {5, 7}, {4, 6}, {2, 3}], [{8, 1}, {6, 7}, {2, 5}, {3, 4}], [{8, 1}, {6, 7}, {3, 5}, {2, 4}], [{8, 1}, {6, 7}, {4, 5}, {2, 3}], [{8, 1}, {6, 7}, {5}, {4}, {2, 3}], [{8, 1}, {7}, {4, 6}, {3, 5}, {2}], [{8, 1}, {7}, {5, 6}, {3, 4}, {2}], [{8, 2}, {1, 7}, {3, 6}, {4, 5}], [{8, 2}, {1, 7}, {3, 6}, {5}, {4}], [{8, 2}, {1, 7}, {4, 6}, {3, 5}], [{8, 2}, {1, 7}, {5, 6}, {3, 4}], [{8, 2}, {3, 7}, {1, 6}, {4, 5}], [{8, 2}, {3, 7}, {1, 6}, {5}, {4}], [{8, 2}, {3, 7}, {4, 6}, {1, 5}], [{8, 2}, {3, 7}, {5, 6}, {1, 4}], [{8, 2}, {4, 7}, {1, 6}, {3, 5}], [{8, 2}, {4, 7}, {3, 6}, {1, 5}], [{8, 2}, {4, 7}, {5, 6}, {1, 3}], [{8, 2}, {5, 7}, {1, 6}, {3, 4}], [{8, 2}, {5, 7}, {3, 6}, {1, 4}], [{8, 2}, {5, 7}, {4, 6}, {1, 3}], [{8, 2}, {6, 7}, {1, 5}, {3, 4}], [{8, 2}, {6, 7}, {3, 5}, {1, 4}], [{8, 2}, {6, 7}, {4, 5}, {1, 3}], [{8, 2}, {6, 7}, {5}, {4}, {1, 3}], [{8, 2}, {7}, {6}, {1, 5}, {3, 4}], [{8, 2}, {7}, {6}, {3, 5}, {1, 4}], [{8, 3}, {1, 7}, {2, 6}, {4, 5}], [{8, 3}, {1, 7}, {2, 6}, {5}, {4}], [{8, 3}, {1, 7}, {4, 6}, {2, 5}], [{8, 3}, {1, 7}, {4, 6}, {5}, {2}], [{8, 3}, {1, 7}, {5, 6}, {2, 4}], [{8, 3}, {1, 7}, {5, 6}, {4}, {2}], [{8, 3}, {1, 7}, {6}, {2, 5}, {4}], [{8, 3}, {1, 7}, {6}, {4, 5}, {2}], [{8, 3}, {1, 7}, {6}, {5}, {2, 4}], [{8, 3}, {1, 7}, {6}, {5}, {4}, {2}], [{8, 3}, {2, 7}, {1, 6}, {4, 5}], [{8, 3}, {2, 7}, {1, 6}, {5}, {4}], [{8, 3}, {2, 7}, {4, 6}, {1, 5}], [{8, 3}, {2, 7}, {5, 6}, {1, 4}], [{8, 3}, {4, 7}, {1, 6}, {2, 5}], [{8, 3}, {4, 7}, {2, 6}, {1, 5}], [{8, 3}, {4, 7}, {5, 6}, {1, 2}], [{8, 3}, {4, 7}, {5, 6}, {2}, {1}], [{8, 3}, {5, 7}, {1, 6}, {2, 4}], [{8, 3}, {5, 7}, {2, 6}, {1, 4}], [{8, 3}, {5, 7}, {4, 6}, {1, 2}], [{8, 3}, {5, 7}, {4, 6}, {2}, {1}], [{8, 3}, {6, 7}, {1, 5}, {2, 4}], [{8, 3}, {6, 7}, {2, 5}, {1, 4}], [{8, 3}, {6, 7}, {4, 5}, {1, 2}], [{8, 3}, {6, 7}, {5}, {4}, {1, 2}], [{8, 3}, {7}, {4, 6}, {1, 5}, {2}], [{8, 3}, {7}, {5, 6}, {1, 4}, {2}], [{8, 4}, {1, 7}, {2, 6}, {3, 5}], [{8, 4}, {1, 7}, {3, 6}, {2, 5}], [{8, 4}, {1, 7}, {3, 6}, {5}, {2}], [{8, 4}, {1, 7}, {5, 6}, {2, 3}], [{8, 4}, {2, 7}, {1, 6}, {3, 5}], [{8, 4}, {2, 7}, {1, 6}, {5}, {3}], [{8, 4}, {2, 7}, {3, 6}, {1, 5}], [{8, 4}, {2, 7}, {5, 6}, {1, 3}], [{8, 4}, {2, 7}, {6}, {3, 5}, {1}], [{8, 4}, {3, 7}, {1, 6}, {2, 5}], [{8, 4}, {3, 7}, {2, 6}, {1, 5}], [{8, 4}, {3, 7}, {5, 6}, {1, 2}], [{8, 4}, {3, 7}, {6}, {2, 5}, {1}], [{8, 4}, {5, 7}, {1, 6}, {2, 3}], [{8, 4}, {5, 7}, {2, 6}, {1, 3}], [{8, 4}, {5, 7}, {3, 6}, {1, 2}], [{8, 4}, {5, 7}, {3, 6}, {2}, {1}], [{8, 4}, {6, 7}, {1, 5}, {2, 3}], [{8, 4}, {6, 7}, {2, 5}, {1, 3}], [{8, 4}, {6, 7}, {3, 5}, {1, 2}], [{8, 4}, {6, 7}, {5}, {1, 3}, {2}], [{8, 4}, {6, 7}, {5}, {2, 3}, {1}], [{8, 4}, {6, 7}, {5}, {3}, {1, 2}], [{8, 4}, {7}, {1, 6}, {3, 5}, {2}], [{8, 4}, {7}, {3, 6}, {1, 5}, {2}], [{8, 5}, {1, 7}, {2, 6}, {3, 4}], [{8, 5}, {1, 7}, {3, 6}, {2, 4}], [{8, 5}, {1, 7}, {3, 6}, {4}, {2}], [{8, 5}, {1, 7}, {4, 6}, {2, 3}], [{8, 5}, {2, 7}, {1, 6}, {3, 4}], [{8, 5}, {2, 7}, {1, 6}, {4}, {3}], [{8, 5}, {2, 7}, {3, 6}, {1, 4}], [{8, 5}, {2, 7}, {4, 6}, {1, 3}], [{8, 5}, {2, 7}, {6}, {3, 4}, {1}], [{8, 5}, {3, 7}, {1, 6}, {2, 4}], [{8, 5}, {3, 7}, {2, 6}, {1, 4}], [{8, 5}, {3, 7}, {4, 6}, {1, 2}], [{8, 5}, {3, 7}, {6}, {2, 4}, {1}], [{8, 5}, {4, 7}, {1, 6}, {2, 3}], [{8, 5}, {4, 7}, {2, 6}, {1, 3}], [{8, 5}, {4, 7}, {3, 6}, {1, 2}], [{8, 5}, {4, 7}, {3, 6}, {2}, {1}], [{8, 5}, {6, 7}, {1, 4}, {2, 3}], [{8, 5}, {6, 7}, {2, 4}, {1, 3}], [{8, 5}, {6, 7}, {3, 4}, {1, 2}], [{8, 5}, {6, 7}, {4}, {1, 3}, {2}], [{8, 5}, {6, 7}, {4}, {2, 3}, {1}], [{8, 5}, {6, 7}, {4}, {3}, {1, 2}], [{8, 5}, {7}, {1, 6}, {3, 4}, {2}], [{8, 5}, {7}, {3, 6}, {1, 4}, {2}], [{8, 6}, {1, 7}, {2, 5}, {3, 4}], [{8, 6}, {1, 7}, {2, 5}, {4}, {3}], [{8, 6}, {1, 7}, {3, 5}, {2, 4}], [{8, 6}, {1, 7}, {3, 5}, {4}, {2}], [{8, 6}, {1, 7}, {4, 5}, {2, 3}], [{8, 6}, {1, 7}, {4, 5}, {3}, {2}], [{8, 6}, {1, 7}, {5}, {2, 4}, {3}], [{8, 6}, {1, 7}, {5}, {3, 4}, {2}], [{8, 6}, {1, 7}, {5}, {4}, {2, 3}], [{8, 6}, {1, 7}, {5}, {4}, {3}, {2}], [{8, 6}, {2, 7}, {1, 5}, {3, 4}], [{8, 6}, {2, 7}, {1, 5}, {4}, {3}], [{8, 6}, {2, 7}, {3, 5}, {1, 4}], [{8, 6}, {2, 7}, {3, 5}, {4}, {1}], [{8, 6}, {2, 7}, {4, 5}, {1, 3}], [{8, 6}, {2, 7}, {4, 5}, {3}, {1}], [{8, 6}, {2, 7}, {5}, {1, 4}, {3}], [{8, 6}, {2, 7}, {5}, {3, 4}, {1}], [{8, 6}, {2, 7}, {5}, {4}, {1, 3}], [{8, 6}, {2, 7}, {5}, {4}, {3}, {1}], [{8, 6}, {3, 7}, {1, 5}, {2, 4}], [{8, 6}, {3, 7}, {1, 5}, {4}, {2}], [{8, 6}, {3, 7}, {2, 5}, {1, 4}], [{8, 6}, {3, 7}, {2, 5}, {4}, {1}], [{8, 6}, {3, 7}, {4, 5}, {1, 2}], [{8, 6}, {3, 7}, {4, 5}, {2}, {1}], [{8, 6}, {3, 7}, {5}, {1, 4}, {2}], [{8, 6}, {3, 7}, {5}, {2, 4}, {1}], [{8, 6}, {3, 7}, {5}, {4}, {1, 2}], [{8, 6}, {3, 7}, {5}, {4}, {2}, {1}], [{8, 6}, {4, 7}, {1, 5}, {2, 3}], [{8, 6}, {4, 7}, {1, 5}, {3}, {2}], [{8, 6}, {4, 7}, {2, 5}, {1, 3}], [{8, 6}, {4, 7}, {2, 5}, {3}, {1}], [{8, 6}, {4, 7}, {3, 5}, {1, 2}], [{8, 6}, {4, 7}, {3, 5}, {2}, {1}], [{8, 6}, {4, 7}, {5}, {1, 3}, {2}], [{8, 6}, {4, 7}, {5}, {2, 3}, {1}], [{8, 6}, {4, 7}, {5}, {3}, {1, 2}], [{8, 6}, {4, 7}, {5}, {3}, {2}, {1}], [{8, 6}, {5, 7}, {1, 4}, {2, 3}], [{8, 6}, {5, 7}, {1, 4}, {3}, {2}], [{8, 6}, {5, 7}, {2, 4}, {1, 3}], [{8, 6}, {5, 7}, {2, 4}, {3}, {1}], [{8, 6}, {5, 7}, {3, 4}, {1, 2}], [{8, 6}, {5, 7}, {3, 4}, {2}, {1}], [{8, 6}, {5, 7}, {4}, {1, 3}, {2}], [{8, 6}, {5, 7}, {4}, {2, 3}, {1}], [{8, 6}, {5, 7}, {4}, {3}, {1, 2}], [{8, 6}, {5, 7}, {4}, {3}, {2}, {1}], [{8, 6}, {7}, {1, 5}, {2, 4}, {3}], [{8, 6}, {7}, {1, 5}, {3, 4}, {2}], [{8, 6}, {7}, {1, 5}, {4}, {2, 3}], [{8, 6}, {7}, {1, 5}, {4}, {3}, {2}], [{8, 6}, {7}, {2, 5}, {1, 4}, {3}], [{8, 6}, {7}, {2, 5}, {3, 4}, {1}], [{8, 6}, {7}, {2, 5}, {4}, {1, 3}], [{8, 6}, {7}, {2, 5}, {4}, {3}, {1}], [{8, 6}, {7}, {3, 5}, {1, 4}, {2}], [{8, 6}, {7}, {3, 5}, {2, 4}, {1}], [{8, 6}, {7}, {3, 5}, {4}, {1, 2}], [{8, 6}, {7}, {3, 5}, {4}, {2}, {1}], [{8, 6}, {7}, {4, 5}, {1, 3}, {2}], [{8, 6}, {7}, {4, 5}, {2, 3}, {1}], [{8, 6}, {7}, {4, 5}, {3}, {1, 2}], [{8, 6}, {7}, {4, 5}, {3}, {2}, {1}], [{8, 6}, {7}, {5}, {1, 4}, {2, 3}], [{8, 6}, {7}, {5}, {1, 4}, {3}, {2}], [{8, 6}, {7}, {5}, {2, 4}, {1, 3}], [{8, 6}, {7}, {5}, {2, 4}, {3}, {1}], [{8, 6}, {7}, {5}, {3, 4}, {1, 2}], [{8, 6}, {7}, {5}, {3, 4}, {2}, {1}], [{8, 6}, {7}, {5}, {4}, {1, 3}, {2}], [{8, 6}, {7}, {5}, {4}, {2, 3}, {1}], [{8, 6}, {7}, {5}, {4}, {3}, {1, 2}], [{8, 6}, {7}, {5}, {4}, {3}, {2}, {1}], [{8, 7}, {1, 6}, {2, 5}, {3, 4}], [{8, 7}, {1, 6}, {3, 5}, {2, 4}], [{8, 7}, {1, 6}, {4, 5}, {2, 3}], [{8, 7}, {1, 6}, {5}, {4}, {2, 3}], [{8, 7}, {2, 6}, {1, 5}, {3, 4}], [{8, 7}, {2, 6}, {3, 5}, {1, 4}], [{8, 7}, {2, 6}, {4, 5}, {1, 3}], [{8, 7}, {2, 6}, {5}, {4}, {1, 3}], [{8, 7}, {3, 6}, {1, 5}, {2, 4}], [{8, 7}, {3, 6}, {2, 5}, {1, 4}], [{8, 7}, {3, 6}, {4, 5}, {1, 2}], [{8, 7}, {3, 6}, {5}, {4}, {1, 2}], [{8, 7}, {4, 6}, {1, 5}, {2, 3}], [{8, 7}, {4, 6}, {2, 5}, {1, 3}], [{8, 7}, {4, 6}, {3, 5}, {1, 2}], [{8, 7}, {4, 6}, {5}, {1, 3}, {2}], [{8, 7}, {4, 6}, {5}, {2, 3}, {1}], [{8, 7}, {4, 6}, {5}, {3}, {1, 2}], [{8, 7}, {5, 6}, {1, 4}, {2, 3}], [{8, 7}, {5, 6}, {2, 4}, {1, 3}], [{8, 7}, {5, 6}, {3, 4}, {1, 2}], [{8, 7}, {5, 6}, {4}, {1, 3}, {2}], [{8, 7}, {5, 6}, {4}, {2, 3}, {1}], [{8, 7}, {5, 6}, {4}, {3}, {1, 2}], [{8, 7}, {6}, {1, 5}, {2, 4}, {3}], [{8, 7}, {6}, {1, 5}, {3, 4}, {2}], [{8, 7}, {6}, {1, 5}, {4}, {2, 3}], [{8, 7}, {6}, {2, 5}, {1, 4}, {3}], [{8, 7}, {6}, {2, 5}, {3, 4}, {1}], [{8, 7}, {6}, {2, 5}, {4}, {1, 3}], [{8, 7}, {6}, {3, 5}, {1, 4}, {2}], [{8, 7}, {6}, {3, 5}, {2, 4}, {1}], [{8, 7}, {6}, {3, 5}, {4}, {1, 2}], [{8, 7}, {6}, {4, 5}, {1, 3}, {2}], [{8, 7}, {6}, {4, 5}, {2, 3}, {1}], [{8, 7}, {6}, {4, 5}, {3}, {1, 2}], [{8, 7}, {6}, {5}, {1, 4}, {2, 3}], [{8, 7}, {6}, {5}, {2, 4}, {1, 3}], [{8, 7}, {6}, {5}, {3, 4}, {1, 2}], [{8, 7}, {6}, {5}, {4}, {1, 3}, {2}], [{8, 7}, {6}, {5}, {4}, {2, 3}, {1}], [{8, 7}, {6}, {5}, {4}, {3}, {1, 2}], [{8}, {1, 7}, {3, 6}, {2, 5}, {4}], [{8}, {1, 7}, {3, 6}, {4, 5}, {2}], [{8}, {1, 7}, {3, 6}, {5}, {2, 4}], [{8}, {1, 7}, {3, 6}, {5}, {4}, {2}], [{8}, {2, 7}, {1, 6}, {3, 5}, {4}], [{8}, {2, 7}, {1, 6}, {4, 5}, {3}], [{8}, {2, 7}, {1, 6}, {5}, {3, 4}], [{8}, {2, 7}, {1, 6}, {5}, {4}, {3}], [{8}, {2, 7}, {4, 6}, {3, 5}, {1}], [{8}, {2, 7}, {5, 6}, {3, 4}, {1}], [{8}, {2, 7}, {6}, {1, 5}, {3, 4}], [{8}, {2, 7}, {6}, {3, 5}, {1, 4}], [{8}, {3, 7}, {4, 6}, {2, 5}, {1}], [{8}, {3, 7}, {5, 6}, {2, 4}, {1}], [{8}, {6, 7}, {1, 5}, {2, 4}, {3}], [{8}, {6, 7}, {1, 5}, {3, 4}, {2}], [{8}, {6, 7}, {1, 5}, {4}, {2, 3}], [{8}, {6, 7}, {2, 5}, {1, 4}, {3}], [{8}, {6, 7}, {2, 5}, {3, 4}, {1}], [{8}, {6, 7}, {2, 5}, {4}, {1, 3}], [{8}, {6, 7}, {3, 5}, {1, 4}, {2}], [{8}, {6, 7}, {3, 5}, {2, 4}, {1}], [{8}, {6, 7}, {3, 5}, {4}, {1, 2}], [{8}, {6, 7}, {4, 5}, {1, 3}, {2}], [{8}, {6, 7}, {4, 5}, {2, 3}, {1}], [{8}, {6, 7}, {4, 5}, {3}, {1, 2}], [{8}, {6, 7}, {5}, {1, 4}, {2, 3}], [{8}, {6, 7}, {5}, {2, 4}, {1, 3}], [{8}, {6, 7}, {5}, {3, 4}, {1, 2}], [{8}, {6, 7}, {5}, {4}, {1, 3}, {2}], [{8}, {6, 7}, {5}, {4}, {2, 3}, {1}], [{8}, {6, 7}, {5}, {4}, {3}, {1, 2}], [{8}, {7}, {2, 6}, {1, 5}, {3, 4}], [{8}, {7}, {2, 6}, {3, 5}, {1, 4}], [{8}, {7}, {6}, {1, 5}, {3, 4}, {2}], [{8}, {7}, {6}, {3, 5}, {1, 4}, {2}]]",2,24 K_1^3 - 16 K_1^2 - 30 K_1 K_2 - 3 K_1 + 8 K_2 + 9 K_3 + 9,O1O2O3O4U5U6O7U1U7O8O5U3U8U4O6U2,O1O2O3U4U2O5O6U5O7O4U1U3U8U6O8U7,O1O2O3U4O5U6U5U1U3O7O4U8O6O8U2U7,c,{'O1O2O3O4U3O5U1U6U2O7O6U8U4O8U5U7'},1,"<a href=""/flatknot/8.704392"">8.704392</a>",t^9-60t^7-190t^6-24t^5+244t^4-17t^3-82t^2+24t,t^3-2t^2+t,,
8.704393,O1O2O3O4U3O5U1U6U2O7O6U8U5O8U4U7,4,z^3+17z^2+99z+139,w^4z^3+17w^3z^2+99w^2z+139w,False,False,"[[ 0 -3  0 -1  2  2  0  1 -1],[ 3  0  1  0  4  2  2  2  2],[ 0 -1  0  0  2  0  0  1 -1],[ 1  0  0  0  1  0  1  1  1],[-2 -4 -2 -1  0  1 -2  1 -3],[-2 -2  0  0 -1  0 -2 -1 -2],[ 0 -2  0 -1  2  2  0  1 -1],[-1 -2 -1 -1 -1  1 -1  0 -1],[ 1 -2  1 -1  3  2  1  1  0]]","[[ 0  2  2  1  0  0 -1 -1 -3],[-2  0  1  1 -2 -2 -1 -3 -4],[-2 -1  0 -1  0 -2  0 -2 -2],[-1 -1  1  0 -1 -1 -1 -1 -2],[ 0  2  0  1  0  0  0 -1 -1],[ 0  2  2  1  0  0 -1 -1 -2],[ 1  1  0  1  0  1  0  1  0],[ 1  3  2  1  1  1 -1  0 -2],[ 3  4  2  2  1  2  0  2  0]]",True,"[-2,-2,-1,0,0,1,1,3,-1,-1,2,2,1,3,4,1,0,2,0,2,2,1,1,1,1,2,0,0,1,1,1,1,2,-1,0,2]","[-3,-1,-1,0,0,1,2,2,0,2,1,2,2,1,3,1,0,0,1,0,1,0,1,1,2,3,0,0,0,0,0,0,2,2,0,-1]",t^8+70t^6+287t^4+142t^2+1,"[-3,-1,-1,0,0,1,2,2,0,2,1,2,2,1,3,1,0,0,1,0,1,0,1,1,2,3,0,0,0,0,0,0,2,2,0,-1]","[-2,-2,-1,0,0,1,1,3,-1,0,0,2,1,3,3,2,0,0,0,2,1,0,0,1,1,2,0,0,0,1,0,1,2,-1,0,2]","[-3,-1,-1,0,0,1,2,2,0,2,1,2,2,2,4,1,0,1,1,0,1,1,1,1,2,3,0,1,0,2,1,2,2,1,-1,-1]",c,"[[{8, 4}, {2, 7}, {3, 6}, {1, 5}], [{8}, {2, 7}, {3, 6}, {1, 5}, {4}]]",1,4 K_1^3 - 24 K_1^2 - 14 K_1 K_2 + 4 K_1 + 12 K_2 + 6 K_3 + 13,O1O2O3O4U5U1O6U7U6O8O5U3U8U4O7U2,O1O2O3U4U2O5O6U5O7O4U1U3U8U7O8U6,O1O2O3U4O5U6U5U1U3O7O6U8O4O8U2U7,c,{'O1O2O3O4U3O5U1U6U2O7O6U8U5O8U4U7'},1,"<a href=""/flatknot/8.704393"">8.704393</a>",t^9-72t^7-296t^6-229t^5+360t^4+186t^3-308t^2-25t+72,t^3-2t^2+t,,
8.704394,O1O2O3O4U3O5U1U6U2O7O6U8U5O8U7U4,4,13z^2+96z+141,13w^3z^2+96w^2z+141w,False,False,"[[ 0 -3  0 -1  3  2  0  0 -1],[ 3  0  1  0  4  2  2  1  2],[ 0 -1  0  0  2  0  0  0 -1],[ 1  0  0  0  1  0  1  0  1],[-3 -4 -2 -1  0  0 -2  0 -4],[-2 -2  0  0  0  0 -2 -1 -2],[ 0 -2  0 -1  2  2  0  0 -1],[ 0 -1  0  0  0  1  0  0  0],[ 1 -2  1 -1  4  2  1  0  0]]","[[ 0  3  2  0  0  0 -1 -1 -3],[-3  0  0  0 -2 -2 -1 -4 -4],[-2  0  0 -1  0 -2  0 -2 -2],[ 0  0  1  0  0  0  0  0 -1],[ 0  2  0  0  0  0  0 -1 -1],[ 0  2  2  0  0  0 -1 -1 -2],[ 1  1  0  0  0  1  0  1  0],[ 1  4  2  0  1  1 -1  0 -2],[ 3  4  2  1  1  2  0  2  0]]",True,"[-3,-2,0,0,0,1,1,3,0,0,2,2,1,4,4,1,0,2,0,2,2,0,0,0,0,1,0,0,1,1,1,1,2,-1,0,2]","[-3,-2,0,0,0,1,1,3,0,0,2,2,1,4,4,1,0,2,0,2,2,0,0,0,0,1,0,0,1,1,1,1,2,-1,0,2]",t^8+68t^6+234t^4+135t^2+9,"[-3,-1,-1,0,0,0,2,3,0,2,1,2,2,3,2,1,0,0,1,1,0,0,1,1,3,3,0,0,0,1,0,2,1,1,3,1]","[-3,-2,0,0,0,1,1,3,1,1,1,3,0,3,2,0,2,1,1,3,3,0,0,0,0,1,0,0,1,2,1,1,2,-1,0,2]","[-3,-1,-1,0,0,0,2,3,0,2,1,1,2,2,4,1,0,0,1,0,1,0,1,1,2,4,0,0,1,0,0,0,2,2,2,0]",c,"[[{8, 3}, {6, 7}, {4, 5}, {1, 2}], [{8, 4}, {1, 7}, {2, 6}, {3, 5}], [{8, 6}, {2, 7}, {1, 5}, {3, 4}], [{8, 6}, {7}, {1, 5}, {3, 4}, {2}]]",1,16 K_1^3 + 8 K_1^2 K_2 - 32 K_1^2 - 28 K_1 K_2 - 10 K_1 K_3 + 2 K_1 - 6 K_2^2 + 17 K_2 + 10 K_3 + 6 K_4 + 18,O1O2O3O4U1U5O6U7U6O8O5U3U8U4O7U2,O1O2O3U4U2O5O6U5O4O7U1U3U8U7O8U6,O1O2O3U4O5U6U5U1U3O6O7U8O4O8U2U7,c,{'O1O2O3O4U3O5U1U6U2O7O6U8U5O8U7U4'},1,"<a href=""/flatknot/8.704394"">8.704394</a>",t^9-66t^7-228t^6+87t^5+726t^4+195t^3-414t^2-30t+50,-t^2+2t,,
8.704395,O1O2O3O4U3O5U1U6U2O7O6U8U7O8U5U4,4,20z^2+103z+127,20w^3z^2+103w^2z+127w,False,False,"[[ 0 -3  0 -1  3  2  0  0 -1],[ 3  0  1  0  4  2  2  0  3],[ 0 -1  0  0  2  0  0 -1  0],[ 1  0  0  0  1  0  1  0  1],[-3 -4 -2 -1  0  0 -2  0 -4],[-2 -2  0  0  0  0 -1  0 -3],[ 0 -2  0 -1  2  1  0  0  0],[ 0  0  1  0  0  0  0  0  0],[ 1 -3  0 -1  4  3  0  0  0]]","[[ 0  3  2  0  0  0 -1 -1 -3],[-3  0  0  0 -2 -2 -1 -4 -4],[-2  0  0  0  0 -1  0 -3 -2],[ 0  0  0  0  1  0  0  0  0],[ 0  2  0 -1  0  0  0  0 -1],[ 0  2  1  0  0  0 -1  0 -2],[ 1  1  0  0  0  1  0  1  0],[ 1  4  3  0  0  0 -1  0 -3],[ 3  4  2  0  1  2  0  3  0]]",True,"[-3,-2,0,0,0,1,1,3,0,0,2,2,1,4,4,0,0,1,0,3,2,-1,0,0,0,0,0,0,0,1,1,0,2,-1,0,3]","[-3,-2,0,0,0,1,1,3,0,0,2,2,1,4,4,0,0,1,0,3,2,-1,0,0,0,0,0,0,0,1,1,0,2,-1,0,3]",t^8+72t^6+220t^4+116t^2+1,"[-3,-1,-1,0,0,0,2,3,-1,2,1,2,3,3,2,1,1,1,1,0,0,0,1,1,3,3,0,0,1,1,1,2,1,2,3,1]","[-3,-2,0,0,0,1,1,3,1,1,1,3,0,3,2,1,2,2,0,3,3,0,0,1,0,1,-1,1,1,2,1,1,3,-1,-1,2]","[-3,-1,-1,0,0,0,2,3,0,3,0,1,2,2,4,1,0,0,1,0,1,0,0,0,3,4,1,0,0,0,0,0,2,1,2,0]",c,"[[{8, 1}, {2, 7}, {3, 6}, {4, 5}], [{8, 1}, {2, 7}, {4, 6}, {3, 5}], [{8, 1}, {2, 7}, {5, 6}, {3, 4}], [{8, 1}, {2, 7}, {6}, {5}, {3, 4}], [{8, 1}, {3, 7}, {2, 6}, {4, 5}], [{8, 1}, {3, 7}, {4, 6}, {2, 5}], [{8, 1}, {3, 7}, {5, 6}, {2, 4}], [{8, 1}, {3, 7}, {6}, {4, 5}, {2}], [{8, 1}, {4, 7}, {2, 6}, {3, 5}], [{8, 1}, {4, 7}, {3, 6}, {2, 5}], [{8, 1}, {4, 7}, {3, 6}, {5}, {2}], [{8, 1}, {4, 7}, {5, 6}, {2, 3}], [{8, 1}, {4, 7}, {5, 6}, {3}, {2}], [{8, 1}, {4, 7}, {6}, {3, 5}, {2}], [{8, 1}, {5, 7}, {2, 6}, {3, 4}], [{8, 1}, {5, 7}, {3, 6}, {2, 4}], [{8, 1}, {5, 7}, {4, 6}, {2, 3}], [{8, 1}, {5, 7}, {6}, {3, 4}, {2}], [{8, 1}, {6, 7}, {2, 5}, {3, 4}], [{8, 1}, {6, 7}, {3, 5}, {2, 4}], [{8, 1}, {6, 7}, {4, 5}, {2, 3}], [{8, 1}, {7}, {2, 6}, {3, 5}, {4}], [{8, 1}, {7}, {6}, {2, 5}, {3, 4}], [{8, 2}, {1, 7}, {3, 6}, {4, 5}], [{8, 2}, {1, 7}, {3, 6}, {5}, {4}], [{8, 2}, {1, 7}, {4, 6}, {3, 5}], [{8, 2}, {1, 7}, {5, 6}, {3, 4}], [{8, 2}, {1, 7}, {5, 6}, {4}, {3}], [{8, 2}, {1, 7}, {6}, {3, 5}, {4}], [{8, 2}, {3, 7}, {1, 6}, {4, 5}], [{8, 2}, {3, 7}, {4, 6}, {1, 5}], [{8, 2}, {3, 7}, {5, 6}, {1, 4}], [{8, 2}, {4, 7}, {1, 6}, {3, 5}], [{8, 2}, {4, 7}, {3, 6}, {1, 5}], [{8, 2}, {4, 7}, {3, 6}, {5}, {1}], [{8, 2}, {4, 7}, {5, 6}, {1, 3}], [{8, 2}, {4, 7}, {5, 6}, {3}, {1}], [{8, 2}, {4, 7}, {6}, {3, 5}, {1}], [{8, 2}, {5, 7}, {1, 6}, {3, 4}], [{8, 2}, {5, 7}, {3, 6}, {1, 4}], [{8, 2}, {5, 7}, {4, 6}, {1, 3}], [{8, 2}, {6, 7}, {1, 5}, {3, 4}], [{8, 2}, {6, 7}, {3, 5}, {1, 4}], [{8, 2}, {6, 7}, {4, 5}, {1, 3}], [{8, 2}, {7}, {3, 6}, {5}, {1, 4}], [{8, 2}, {7}, {5, 6}, {1, 4}, {3}], [{8, 2}, {7}, {6}, {3, 5}, {1, 4}], [{8, 3}, {1, 7}, {2, 6}, {4, 5}], [{8, 3}, {1, 7}, {2, 6}, {5}, {4}], [{8, 3}, {1, 7}, {4, 6}, {2, 5}], [{8, 3}, {1, 7}, {4, 6}, {5}, {2}], [{8, 3}, {1, 7}, {5, 6}, {2, 4}], [{8, 3}, {1, 7}, {5, 6}, {4}, {2}], [{8, 3}, {1, 7}, {6}, {2, 5}, {4}], [{8, 3}, {1, 7}, {6}, {4, 5}, {2}], [{8, 3}, {1, 7}, {6}, {5}, {2, 4}], [{8, 3}, {1, 7}, {6}, {5}, {4}, {2}], [{8, 3}, {2, 7}, {1, 6}, {4, 5}], [{8, 3}, {2, 7}, {4, 6}, {1, 5}], [{8, 3}, {2, 7}, {5, 6}, {1, 4}], [{8, 3}, {2, 7}, {6}, {5}, {1, 4}], [{8, 3}, {4, 7}, {1, 6}, {2, 5}], [{8, 3}, {4, 7}, {1, 6}, {5}, {2}], [{8, 3}, {4, 7}, {2, 6}, {1, 5}], [{8, 3}, {4, 7}, {2, 6}, {5}, {1}], [{8, 3}, {4, 7}, {5, 6}, {1, 2}], [{8, 3}, {4, 7}, {5, 6}, {2}, {1}], [{8, 3}, {4, 7}, {6}, {1, 5}, {2}], [{8, 3}, {4, 7}, {6}, {2, 5}, {1}], [{8, 3}, {4, 7}, {6}, {5}, {1, 2}], [{8, 3}, {4, 7}, {6}, {5}, {2}, {1}], [{8, 3}, {5, 7}, {1, 6}, {2, 4}], [{8, 3}, {5, 7}, {2, 6}, {1, 4}], [{8, 3}, {5, 7}, {4, 6}, {1, 2}], [{8, 3}, {5, 7}, {6}, {1, 4}, {2}], [{8, 3}, {6, 7}, {1, 5}, {2, 4}], [{8, 3}, {6, 7}, {2, 5}, {1, 4}], [{8, 3}, {6, 7}, {4, 5}, {1, 2}], [{8, 3}, {6, 7}, {5}, {1, 4}, {2}], [{8, 3}, {7}, {2, 6}, {5}, {1, 4}], [{8, 3}, {7}, {5, 6}, {1, 4}, {2}], [{8, 3}, {7}, {6}, {2, 5}, {1, 4}], [{8, 3}, {7}, {6}, {5}, {1, 4}, {2}], [{8, 4}, {1, 7}, {2, 6}, {3, 5}], [{8, 4}, {1, 7}, {3, 6}, {2, 5}], [{8, 4}, {1, 7}, {3, 6}, {5}, {2}], [{8, 4}, {1, 7}, {5, 6}, {2, 3}], [{8, 4}, {1, 7}, {5, 6}, {3}, {2}], [{8, 4}, {1, 7}, {6}, {3, 5}, {2}], [{8, 4}, {2, 7}, {1, 6}, {3, 5}], [{8, 4}, {2, 7}, {3, 6}, {1, 5}], [{8, 4}, {2, 7}, {5, 6}, {1, 3}], [{8, 4}, {2, 7}, {6}, {1, 5}, {3}], [{8, 4}, {3, 7}, {1, 6}, {2, 5}], [{8, 4}, {3, 7}, {2, 6}, {1, 5}], [{8, 4}, {3, 7}, {5, 6}, {1, 2}], [{8, 4}, {3, 7}, {6}, {1, 5}, {2}], [{8, 4}, {5, 7}, {1, 6}, {2, 3}], [{8, 4}, {5, 7}, {2, 6}, {1, 3}], [{8, 4}, {5, 7}, {3, 6}, {1, 2}], [{8, 4}, {5, 7}, {6}, {1, 3}, {2}], [{8, 4}, {6, 7}, {1, 5}, {2, 3}], [{8, 4}, {6, 7}, {2, 5}, {1, 3}], [{8, 4}, {6, 7}, {3, 5}, {1, 2}], [{8, 4}, {7}, {2, 6}, {3, 5}, {1}], [{8, 4}, {7}, {6}, {1, 5}, {2, 3}], [{8, 5}, {1, 7}, {2, 6}, {3, 4}], [{8, 5}, {1, 7}, {2, 6}, {4}, {3}], [{8, 5}, {1, 7}, {3, 6}, {2, 4}], [{8, 5}, {1, 7}, {3, 6}, {4}, {2}], [{8, 5}, {1, 7}, {4, 6}, {2, 3}], [{8, 5}, {1, 7}, {4, 6}, {3}, {2}], [{8, 5}, {1, 7}, {6}, {2, 4}, {3}], [{8, 5}, {1, 7}, {6}, {3, 4}, {2}], [{8, 5}, {1, 7}, {6}, {4}, {2, 3}], [{8, 5}, {1, 7}, {6}, {4}, {3}, {2}], [{8, 5}, {2, 7}, {1, 6}, {3, 4}], [{8, 5}, {2, 7}, {3, 6}, {1, 4}], [{8, 5}, {2, 7}, {4, 6}, {1, 3}], [{8, 5}, {2, 7}, {6}, {1, 4}, {3}], [{8, 5}, {3, 7}, {1, 6}, {2, 4}], [{8, 5}, {3, 7}, {2, 6}, {1, 4}], [{8, 5}, {3, 7}, {4, 6}, {1, 2}], [{8, 5}, {3, 7}, {6}, {1, 4}, {2}], [{8, 5}, {4, 7}, {1, 6}, {2, 3}], [{8, 5}, {4, 7}, {1, 6}, {3}, {2}], [{8, 5}, {4, 7}, {2, 6}, {1, 3}], [{8, 5}, {4, 7}, {2, 6}, {3}, {1}], [{8, 5}, {4, 7}, {3, 6}, {1, 2}], [{8, 5}, {4, 7}, {3, 6}, {2}, {1}], [{8, 5}, {4, 7}, {6}, {1, 3}, {2}], [{8, 5}, {4, 7}, {6}, {2, 3}, {1}], [{8, 5}, {4, 7}, {6}, {3}, {1, 2}], [{8, 5}, {4, 7}, {6}, {3}, {2}, {1}], [{8, 5}, {6, 7}, {1, 4}, {2, 3}], [{8, 5}, {6, 7}, {1, 4}, {3}, {2}], [{8, 5}, {6, 7}, {2, 4}, {1, 3}], [{8, 5}, {6, 7}, {3, 4}, {1, 2}], [{8, 5}, {6, 7}, {4}, {2, 3}, {1}], [{8, 5}, {7}, {1, 6}, {4}, {2, 3}], [{8, 5}, {7}, {2, 6}, {1, 4}, {3}], [{8, 5}, {7}, {3, 6}, {1, 4}, {2}], [{8, 5}, {7}, {4, 6}, {2, 3}, {1}], [{8, 5}, {7}, {6}, {1, 4}, {2, 3}], [{8, 5}, {7}, {6}, {1, 4}, {3}, {2}], [{8, 6}, {1, 7}, {2, 5}, {3, 4}], [{8, 6}, {1, 7}, {2, 5}, {4}, {3}], [{8, 6}, {1, 7}, {3, 5}, {2, 4}], [{8, 6}, {1, 7}, {3, 5}, {4}, {2}], [{8, 6}, {1, 7}, {4, 5}, {2, 3}], [{8, 6}, {1, 7}, {4, 5}, {3}, {2}], [{8, 6}, {1, 7}, {5}, {2, 4}, {3}], [{8, 6}, {1, 7}, {5}, {3, 4}, {2}], [{8, 6}, {1, 7}, {5}, {4}, {2, 3}], [{8, 6}, {1, 7}, {5}, {4}, {3}, {2}], [{8, 6}, {2, 7}, {1, 5}, {3, 4}], [{8, 6}, {2, 7}, {3, 5}, {1, 4}], [{8, 6}, {2, 7}, {4, 5}, {1, 3}], [{8, 6}, {2, 7}, {5}, {1, 4}, {3}], [{8, 6}, {2, 7}, {5}, {3, 4}, {1}], [{8, 6}, {2, 7}, {5}, {4}, {1, 3}], [{8, 6}, {3, 7}, {1, 5}, {2, 4}], [{8, 6}, {3, 7}, {2, 5}, {1, 4}], [{8, 6}, {3, 7}, {4, 5}, {1, 2}], [{8, 6}, {3, 7}, {5}, {1, 4}, {2}], [{8, 6}, {3, 7}, {5}, {2, 4}, {1}], [{8, 6}, {3, 7}, {5}, {4}, {1, 2}], [{8, 6}, {4, 7}, {1, 5}, {2, 3}], [{8, 6}, {4, 7}, {1, 5}, {3}, {2}], [{8, 6}, {4, 7}, {2, 5}, {1, 3}], [{8, 6}, {4, 7}, {2, 5}, {3}, {1}], [{8, 6}, {4, 7}, {3, 5}, {1, 2}], [{8, 6}, {4, 7}, {3, 5}, {2}, {1}], [{8, 6}, {4, 7}, {5}, {1, 3}, {2}], [{8, 6}, {4, 7}, {5}, {2, 3}, {1}], [{8, 6}, {4, 7}, {5}, {3}, {1, 2}], [{8, 6}, {4, 7}, {5}, {3}, {2}, {1}], [{8, 6}, {5, 7}, {1, 4}, {2, 3}], [{8, 6}, {5, 7}, {1, 4}, {3}, {2}], [{8, 6}, {5, 7}, {2, 4}, {1, 3}], [{8, 6}, {5, 7}, {3, 4}, {1, 2}], [{8, 6}, {7}, {2, 5}, {1, 4}, {3}], [{8, 6}, {7}, {3, 5}, {1, 4}, {2}], [{8, 6}, {7}, {5}, {1, 4}, {2, 3}], [{8, 6}, {7}, {5}, {1, 4}, {3}, {2}], [{8, 6}, {7}, {5}, {2, 4}, {1, 3}], [{8, 6}, {7}, {5}, {3, 4}, {1, 2}], [{8, 7}, {1, 6}, {2, 5}, {3, 4}], [{8, 7}, {1, 6}, {3, 5}, {2, 4}], [{8, 7}, {1, 6}, {4, 5}, {2, 3}], [{8, 7}, {2, 6}, {1, 5}, {3, 4}], [{8, 7}, {2, 6}, {3, 5}, {1, 4}], [{8, 7}, {2, 6}, {3, 5}, {4}, {1}], [{8, 7}, {2, 6}, {4, 5}, {1, 3}], [{8, 7}, {2, 6}, {4, 5}, {3}, {1}], [{8, 7}, {2, 6}, {5}, {3, 4}, {1}], [{8, 7}, {3, 6}, {1, 5}, {2, 4}], [{8, 7}, {3, 6}, {2, 5}, {1, 4}], [{8, 7}, {3, 6}, {4, 5}, {1, 2}], [{8, 7}, {3, 6}, {5}, {1, 4}, {2}], [{8, 7}, {4, 6}, {1, 5}, {2, 3}], [{8, 7}, {4, 6}, {2, 5}, {1, 3}], [{8, 7}, {4, 6}, {3, 5}, {1, 2}], [{8, 7}, {5, 6}, {1, 4}, {2, 3}], [{8, 7}, {5, 6}, {1, 4}, {3}, {2}], [{8, 7}, {5, 6}, {2, 4}, {1, 3}], [{8, 7}, {5, 6}, {3, 4}, {1, 2}], [{8, 7}, {6}, {1, 5}, {3, 4}, {2}], [{8, 7}, {6}, {3, 5}, {1, 4}, {2}], [{8, 7}, {6}, {4, 5}, {1, 3}, {2}], [{8}, {1, 7}, {2, 6}, {3, 5}, {4}], [{8}, {1, 7}, {3, 6}, {2, 5}, {4}], [{8}, {1, 7}, {3, 6}, {4, 5}, {2}], [{8}, {1, 7}, {3, 6}, {5}, {2, 4}], [{8}, {1, 7}, {3, 6}, {5}, {4}, {2}], [{8}, {1, 7}, {4, 6}, {3, 5}, {2}], [{8}, {1, 7}, {5, 6}, {2, 4}, {3}], [{8}, {1, 7}, {5, 6}, {3, 4}, {2}], [{8}, {1, 7}, {5, 6}, {4}, {2, 3}], [{8}, {1, 7}, {5, 6}, {4}, {3}, {2}], [{8}, {1, 7}, {6}, {3, 5}, {2, 4}], [{8}, {1, 7}, {6}, {3, 5}, {4}, {2}], [{8}, {2, 7}, {1, 6}, {5}, {3, 4}], [{8}, {2, 7}, {3, 6}, {5}, {1, 4}], [{8}, {2, 7}, {5, 6}, {1, 4}, {3}], [{8}, {2, 7}, {6}, {3, 5}, {1, 4}], [{8}, {3, 7}, {4, 6}, {2, 5}, {1}], [{8}, {3, 7}, {5, 6}, {1, 4}, {2}], [{8}, {4, 7}, {1, 6}, {3, 5}, {2}], [{8}, {4, 7}, {2, 6}, {3, 5}, {1}], [{8}, {4, 7}, {3, 6}, {1, 5}, {2}], [{8}, {4, 7}, {3, 6}, {2, 5}, {1}], [{8}, {4, 7}, {3, 6}, {5}, {1, 2}], [{8}, {4, 7}, {3, 6}, {5}, {2}, {1}], [{8}, {4, 7}, {5, 6}, {1, 3}, {2}], [{8}, {4, 7}, {5, 6}, {2, 3}, {1}], [{8}, {4, 7}, {5, 6}, {3}, {1, 2}], [{8}, {4, 7}, {5, 6}, {3}, {2}, {1}], [{8}, {4, 7}, {6}, {3, 5}, {1, 2}], [{8}, {4, 7}, {6}, {3, 5}, {2}, {1}], [{8}, {5, 7}, {3, 6}, {1, 4}, {2}], [{8}, {6, 7}, {3, 5}, {1, 4}, {2}], [{8}, {7}, {2, 6}, {3, 5}, {1, 4}], [{8}, {7}, {3, 6}, {2, 5}, {1, 4}], [{8}, {7}, {3, 6}, {5}, {1, 4}, {2}], [{8}, {7}, {5, 6}, {1, 4}, {2, 3}], [{8}, {7}, {5, 6}, {1, 4}, {3}, {2}], [{8}, {7}, {6}, {3, 5}, {1, 4}, {2}]]",2,8 K_1^3 - 34 K_1^2 - 28 K_1 K_2 + 8 K_1 + 17 K_2 + 12 K_3 + 18,O1O2O3O4U1U5O6U7U6O8O7U3U8U4O5U2,O1O2O3U4U2O5O4U5O6O7U1U3U8U7O8U6,O1O2O3U4O5U6U5U1U3O6O4U7O8O7U2U8,c,{'O1O2O3O4U3O5U1U6U2O7O6U8U7O8U5U4'},1,"<a href=""/flatknot/8.704395"">8.704395</a>",t^9-70t^7-220t^6+227t^5+576t^4-227t^3-132t^2+28t+6,-t^2+2t,,
8.704396,O1O2O3O4U3O5U1U6U4O7O6U2U5O8U7U8,4,5z^3+45z^2+115z+91,5w^4z^3+45w^3z^2+115w^2z+91w,False,False,"[[ 0 -3 -1 -1  2  2  0  0  1],[ 3  0  2  0  2  3  2  2  0],[ 1 -2  0 -1  2  2  0  1  1],[ 1  0  1  0  1  1  0  0  0],[-2 -2 -2 -1  0  0 -2  0  0],[-2 -3 -2 -1  0  0 -2  0  1],[ 0 -2  0  0  2  2  0  0  0],[ 0 -2 -1  0  0  0  0  0  1],[-1  0 -1  0  0 -1  0 -1  0]]","[[ 0  2  2  1  0  0 -1 -1 -3],[-2  0  0  1  0 -2 -1 -2 -3],[-2  0  0  0  0 -2 -1 -2 -2],[-1 -1  0  0 -1  0  0 -1  0],[ 0  0  0  1  0  0  0 -1 -2],[ 0  2  2  0  0  0  0  0 -2],[ 1  1  1  0  0  0  0  1  0],[ 1  2  2  1  1  0 -1  0 -2],[ 3  3  2  0  2  2  0  2  0]]",True,"[-2,-2,-1,0,0,1,1,3,0,-1,0,2,1,2,3,0,0,2,1,2,2,1,0,0,1,0,0,0,1,2,0,0,2,-1,0,2]","[-3,-1,-1,0,0,1,2,2,0,2,1,1,4,2,3,1,0,1,1,1,1,1,1,2,2,2,0,0,2,2,1,0,0,2,1,0]",t^8+48t^6+153t^4+89t^2,"[-3,-1,-1,0,0,1,2,2,0,2,1,1,4,2,3,1,0,1,1,1,1,1,1,2,2,2,0,0,2,2,1,0,0,2,1,0]","[-2,-2,-1,0,0,1,1,3,0,1,0,2,1,2,3,2,0,2,1,2,2,1,0,1,2,4,0,1,1,1,0,1,1,-1,0,2]","[-3,-1,-1,0,0,1,2,2,0,2,2,2,0,2,3,1,0,0,0,1,1,0,1,1,2,2,0,0,2,2,1,0,0,0,-1,0]",c,"[[{8, 2}, {6, 7}, {1, 5}, {3, 4}], [{8, 2}, {6, 7}, {3, 5}, {1, 4}], [{8, 2}, {6, 7}, {4, 5}, {1, 3}]]",1,12 K_1^3 - 8 K_1^2 - 10 K_1 K_2 - 4 K_1 + 4 K_2 + 2 K_3 + 5,O1O2O3O4U5U6O5U7U3O8O6U1U8U4O7U2,O1O2O3U4U2O5O6U7O4O7U1U5U8U3O8U6,O1O2O3U4O5U1U5U6U3O7O8U7O4O6U2U8,c,{'O1O2O3O4U3O5U1U6U4O7O6U2U5O8U7U8'},1,"<a href=""/flatknot/8.704396"">8.704396</a>",t^9-50t^7-112t^6+151t^5+248t^4-93t^3-38t^2+23t-24,t^3-2t^2+t,,
8.704397,O1O2O3O4U3O5U1U6U4O7O6U2U7O8U5U8,4,2z^3+24z^2+95z+111,2w^4z^3-2w^4z^2+26w^3z^2-6w^3z+101w^2z+111w,False,False,"[[ 0 -3 -1 -1  2  2  0  0  1],[ 3  0  2  0  2  3  2  1  1],[ 1 -2  0 -1  2  3  0  0  1],[ 1  0  1  0  1  1  0  0  0],[-2 -2 -2 -1  0  0 -2 -1  1],[-2 -3 -3 -1  0  0 -1 -1  1],[ 0 -2  0  0  2  1  0  0  1],[ 0 -1  0  0  1  1  0  0  0],[-1 -1 -1  0 -1 -1 -1  0  0]]","[[ 0  2  2  1  0  0 -1 -1 -3],[-2  0  0  1 -1 -1 -1 -3 -3],[-2  0  0  1 -1 -2 -1 -2 -2],[-1 -1 -1  0  0 -1  0 -1 -1],[ 0  1  1  0  0  0  0  0 -1],[ 0  1  2  1  0  0  0  0 -2],[ 1  1  1  0  0  0  0  1  0],[ 1  3  2  1  0  0 -1  0 -2],[ 3  3  2  1  1  2  0  2  0]]",True,"[-2,-2,-1,0,0,1,1,3,0,-1,1,1,1,3,3,-1,1,2,1,2,2,0,1,0,1,1,0,0,0,1,0,0,2,-1,0,2]","[-3,-1,-1,0,0,1,2,2,0,2,1,2,1,2,3,1,0,0,0,1,1,0,0,1,2,3,0,0,1,1,1,2,1,-1,-1,0]",t^8+50t^6+118t^4+54t^2+1,"[-3,-1,-1,0,0,1,2,2,0,2,1,2,3,2,3,1,1,1,1,0,1,1,1,2,2,2,0,0,1,0,1,1,1,2,2,0]","[-2,-2,-1,0,0,1,1,3,0,2,0,1,1,2,3,2,1,1,0,2,2,0,1,1,2,3,0,1,1,1,1,1,2,-1,0,2]","[-3,-1,-1,0,0,1,2,2,0,2,1,2,1,2,3,1,0,0,0,1,1,0,0,1,2,3,0,0,1,1,1,2,1,-1,-1,0]",c,"[[{8, 1}, {4, 7}, {5, 6}, {2, 3}]]",1,20 K_1^3 - 24 K_1^2 - 26 K_1 K_2 - 2 K_1 + 12 K_2 + 8 K_3 + 13,O1O2O3O4U5U6O5U7U3O8O7U1U8U4O6U2,O1O2O3U4U2O5O4U6O7O6U1U5U8U3O8U7,O1O2O3U4O5U1U5U6U3O7O4U7O8O6U2U8,c,{'O1O2O3O4U3O5U1U6U4O7O6U2U7O8U5U8'},1,"<a href=""/flatknot/8.704397"">8.704397</a>",t^9-52t^7-140t^6+122t^5+314t^4-63t^3-92t^2+50t-6,t^3-2t^2+t,,
8.704398,O1O2O3O4U3O5U1U6U4O7O6U5U2O8U7U8,4,z^3+27z^2+107z+115,w^4z^3+27w^3z^2+107w^2z+115w,False,False,"[[ 0 -3  0 -1  2  1  0  0  1],[ 3  0  3  0  2  2  2  2  0],[ 0 -3  0 -1  1  1 -1  1  1],[ 1  0  1  0  1  1  0  0  0],[-2 -2 -1 -1  0  0 -2  0  0],[-1 -2 -1 -1  0  0 -1  0  1],[ 0 -2  1  0  2  1  0  0  0],[ 0 -2 -1  0  0  0  0  0  1],[-1  0 -1  0  0 -1  0 -1  0]]","[[ 0  2  1  1  0  0  0 -1 -3],[-2  0  0  0  0 -1 -2 -1 -2],[-1  0  0  1  0 -1 -1 -1 -2],[-1  0 -1  0 -1 -1  0  0  0],[ 0  0  0  1  0 -1  0  0 -2],[ 0  1  1  1  1  0 -1 -1 -3],[ 0  2  1  0  0  1  0  0 -2],[ 1  1  1  0  0  1  0  0  0],[ 3  2  2  0  2  3  2  0  0]]",True,"[-2,-1,-1,0,0,0,1,3,0,0,0,1,2,1,2,-1,0,1,1,1,2,1,1,0,0,0,1,0,0,2,1,1,3,0,2,0]","[-3,-1,0,0,0,1,1,2,0,2,2,3,0,2,2,0,0,1,0,1,1,0,-1,1,0,0,1,0,1,2,1,1,1,-1,0,0]",t^8+40t^6+128t^4+50t^2+1,"[-3,-1,0,0,0,1,1,2,2,0,1,1,2,4,3,0,1,1,1,2,2,-1,1,0,0,1,0,1,0,2,0,1,0,-1,1,1]","[-2,-1,-1,0,0,0,1,3,1,1,0,1,2,2,3,-1,1,0,0,2,4,0,0,1,1,2,1,0,1,1,1,0,0,1,1,2]","[-3,-1,0,0,0,1,1,2,0,2,2,3,0,2,2,0,0,1,0,1,1,0,-1,1,0,0,1,0,1,2,1,1,1,-1,0,0]",c,"[[{8, 5}, {6, 7}, {2, 4}, {1, 3}]]",1,20 K_1^3 + 4 K_1^2 K_2 - 12 K_1^2 - 26 K_1 K_2 - 6 K_1 K_3 - 2 K_1 - 2 K_2^2 + 7 K_2 + 8 K_3 + 3 K_4 + 7,O1O2O3O4U5U6O5U3U7O8O6U1U8U4O7U2,O1O2O3U4U2O5O6U7O4O7U1U6U8U3O8U5,O1O2O3U4O5U1U5U6U3O7O8U7O6O4U2U8,c,{'O1O2O3O4U3O5U1U6U4O7O6U5U2O8U7U8'},1,"<a href=""/flatknot/8.704398"">8.704398</a>",t^9-44t^7-84t^6+59t^5+144t^4+78t^3+84t^2-30t,t^3-t^2-t,,
8.704399,O1O2O3O4U3O5U1U6U4O7O6U5U7O8U2U8,4,12z^2+97z+147,12w^3z^2+97w^2z+147w,False,False,"[[ 0 -3  0 -1  2  1  0  0  1],[ 3  0  3  0  2  2  2  1  1],[ 0 -3  0 -1  1  0  0  0  1],[ 1  0  1  0  1  1  0  0  0],[-2 -2 -1 -1  0  0 -2  0  0],[-1 -2  0 -1  0  0 -1  0  0],[ 0 -2  0  0  2  1  0  0  1],[ 0 -1  0  0  0  0  0  0  0],[-1 -1 -1  0  0  0 -1  0  0]]","[[ 0  2  1  1  0  0  0 -1 -3],[-2  0  0  0  0 -1 -2 -1 -2],[-1  0  0  0  0  0 -1 -1 -2],[-1  0  0  0  0 -1 -1  0 -1],[ 0  0  0  0  0  0  0  0 -1],[ 0  1  0  1  0  0  0 -1 -3],[ 0  2  1  1  0  0  0  0 -2],[ 1  1  1  0  0  1  0  0  0],[ 3  2  2  1  1  3  2  0  0]]",True,"[-2,-1,-1,0,0,0,1,3,0,0,0,1,2,1,2,0,0,0,1,1,2,0,1,1,0,1,0,0,0,1,0,1,3,0,2,0]","[-3,-1,0,0,0,1,1,2,0,1,2,3,1,2,2,0,0,1,0,1,1,0,0,0,0,0,0,1,1,2,1,0,1,0,0,0]",t^8+34t^6+83t^4+20t^2,"[-3,-1,0,0,0,1,1,2,2,0,1,2,2,3,3,0,1,1,1,2,2,0,0,1,0,1,0,0,0,0,1,1,2,0,1,1]","[-2,-1,-1,0,0,0,1,3,1,1,0,1,2,2,3,0,0,0,1,2,3,0,1,1,1,2,0,0,1,1,0,0,0,1,2,2]","[-3,-1,0,0,0,1,1,2,0,1,2,3,1,2,2,0,0,1,0,1,1,0,0,0,0,0,0,1,1,2,1,0,1,0,0,0]",c,"[[{8, 2}, {5, 7}, {3, 6}, {1, 4}], [{8, 5}, {4, 7}, {2, 6}, {1, 3}]]",1,28 K_1^3 + 8 K_1^2 K_2 - 46 K_1^2 - 38 K_1 K_2 - 8 K_1 K_3 - 2 K_1 + 23 K_2 + 12 K_3 + 2 K_4 + 22,O1O2O3O4U5U3O5U6U7O8O6U1U8U4O7U2,O1O2O3U4U2O5O4U6O7O6U1U7U8U3O8U5,O1O2O3U4O5U1U5U6U3O7O6U7O8O4U2U8,c,{'O1O2O3O4U3O5U1U6U4O7O6U5U7O8U2U8'},1,"<a href=""/flatknot/8.704399"">8.704399</a>",t^9-38t^7-48t^6+70t^5+28t^4-26t^3-8t^2+4t,t^3-t^2-t,,
8.704400,O1O2O3O4U3O5U1U6U4O7O6U7U2O8U5U8,3,14z^2+83z+111,14w^3z^2+83w^2z+111w,False,False,"[[ 0 -3  0 -1  2  2  0 -1  1],[ 3  0  2  0  2  3  2  0  1],[ 0 -2  0 -1  2  2  0 -1  1],[ 1  0  1  0  1  1  0  0  0],[-2 -2 -2 -1  0  0 -2 -1  1],[-2 -3 -2 -1  0  0 -1 -1  1],[ 0 -2  0  0  2  1  0 -1  1],[ 1  0  1  0  1  1  1  0  0],[-1 -1 -1  0 -1 -1 -1  0  0]]","[[ 0  2  2  1  0  0 -1 -1 -3],[-2  0  0  1 -1 -2 -1 -1 -3],[-2  0  0  1 -2 -2 -1 -1 -2],[-1 -1 -1  0 -1 -1  0  0 -1],[ 0  1  2  1  0  0  0 -1 -2],[ 0  2  2  1  0  0 -1 -1 -2],[ 1  1  1  0  0  1  0  0  0],[ 1  1  1  0  1  1  0  0  0],[ 3  3  2  1  2  2  0  0  0]]",True,"[-2,-2,-1,0,0,1,1,3,0,-1,1,2,1,1,3,-1,2,2,1,1,2,1,1,0,0,1,0,0,1,2,1,1,2,0,0,0]","[-3,-1,-1,0,0,1,2,2,0,0,2,2,1,2,3,0,0,1,0,1,1,1,1,0,1,1,0,1,2,1,1,2,2,-1,-1,0]",t^8+46t^6+78t^4+23t^2,"[-3,-1,-1,0,0,1,2,2,2,2,1,1,3,2,3,0,0,0,2,2,2,0,1,2,2,2,0,0,0,0,0,1,0,2,2,0]","[-2,-2,-1,0,0,1,1,3,0,2,0,0,2,2,3,2,0,1,2,2,2,0,0,2,2,3,0,0,0,1,0,1,1,0,2,2]","[-3,-1,-1,0,0,1,2,2,0,0,2,2,1,2,3,0,0,1,0,1,1,1,1,0,1,1,0,1,2,1,1,2,2,-1,-1,0]",c,"[[{8, 1}, {2, 7}, {3, 6}, {4, 5}], [{8, 1}, {2, 7}, {4, 6}, {3, 5}], [{8, 1}, {2, 7}, {5, 6}, {3, 4}], [{8, 1}, {2, 7}, {6}, {3, 5}, {4}], [{8, 1}, {3, 7}, {2, 6}, {4, 5}], [{8, 1}, {3, 7}, {2, 6}, {5}, {4}], [{8, 1}, {3, 7}, {4, 6}, {2, 5}], [{8, 1}, {3, 7}, {4, 6}, {5}, {2}], [{8, 1}, {3, 7}, {5, 6}, {2, 4}], [{8, 1}, {3, 7}, {6}, {5}, {2, 4}], [{8, 1}, {4, 7}, {2, 6}, {3, 5}], [{8, 1}, {4, 7}, {3, 6}, {2, 5}], [{8, 1}, {4, 7}, {5, 6}, {2, 3}], [{8, 1}, {4, 7}, {6}, {2, 5}, {3}], [{8, 1}, {4, 7}, {6}, {3, 5}, {2}], [{8, 1}, {4, 7}, {6}, {5}, {2, 3}], [{8, 1}, {5, 7}, {2, 6}, {3, 4}], [{8, 1}, {5, 7}, {2, 6}, {4}, {3}], [{8, 1}, {5, 7}, {3, 6}, {2, 4}], [{8, 1}, {5, 7}, {4, 6}, {2, 3}], [{8, 1}, {5, 7}, {4, 6}, {3}, {2}], [{8, 1}, {5, 7}, {6}, {2, 4}, {3}], [{8, 1}, {6, 7}, {2, 5}, {3, 4}], [{8, 1}, {6, 7}, {3, 5}, {2, 4}], [{8, 1}, {6, 7}, {3, 5}, {4}, {2}], [{8, 1}, {6, 7}, {4, 5}, {2, 3}], [{8, 1}, {7}, {2, 6}, {3, 5}, {4}], [{8, 1}, {7}, {4, 6}, {3, 5}, {2}], [{8, 1}, {7}, {6}, {3, 5}, {2, 4}], [{8, 1}, {7}, {6}, {3, 5}, {4}, {2}], [{8, 2}, {1, 7}, {3, 6}, {4, 5}], [{8, 2}, {1, 7}, {4, 6}, {3, 5}], [{8, 2}, {1, 7}, {4, 6}, {5}, {3}], [{8, 2}, {1, 7}, {5, 6}, {3, 4}], [{8, 2}, {1, 7}, {6}, {3, 5}, {4}], [{8, 2}, {3, 7}, {1, 6}, {4, 5}], [{8, 2}, {3, 7}, {1, 6}, {5}, {4}], [{8, 2}, {3, 7}, {4, 6}, {1, 5}], [{8, 2}, {3, 7}, {4, 6}, {5}, {1}], [{8, 2}, {3, 7}, {5, 6}, {1, 4}], [{8, 2}, {3, 7}, {6}, {5}, {1, 4}], [{8, 2}, {4, 7}, {1, 6}, {3, 5}], [{8, 2}, {4, 7}, {1, 6}, {5}, {3}], [{8, 2}, {4, 7}, {3, 6}, {1, 5}], [{8, 2}, {4, 7}, {5, 6}, {1, 3}], [{8, 2}, {4, 7}, {6}, {3, 5}, {1}], [{8, 2}, {5, 7}, {1, 6}, {3, 4}], [{8, 2}, {5, 7}, {1, 6}, {4}, {3}], [{8, 2}, {5, 7}, {3, 6}, {1, 4}], [{8, 2}, {5, 7}, {4, 6}, {1, 3}], [{8, 2}, {5, 7}, {4, 6}, {3}, {1}], [{8, 2}, {5, 7}, {6}, {1, 4}, {3}], [{8, 2}, {6, 7}, {1, 5}, {3, 4}], [{8, 2}, {6, 7}, {3, 5}, {1, 4}], [{8, 2}, {6, 7}, {3, 5}, {4}, {1}], [{8, 2}, {6, 7}, {4, 5}, {1, 3}], [{8, 2}, {6, 7}, {5}, {1, 4}, {3}], [{8, 2}, {7}, {1, 6}, {3, 5}, {4}], [{8, 2}, {7}, {1, 6}, {4, 5}, {3}], [{8, 2}, {7}, {1, 6}, {5}, {3, 4}], [{8, 2}, {7}, {1, 6}, {5}, {4}, {3}], [{8, 2}, {7}, {3, 6}, {1, 5}, {4}], [{8, 2}, {7}, {3, 6}, {4, 5}, {1}], [{8, 2}, {7}, {3, 6}, {5}, {1, 4}], [{8, 2}, {7}, {4, 6}, {1, 5}, {3}], [{8, 2}, {7}, {4, 6}, {3, 5}, {1}], [{8, 2}, {7}, {4, 6}, {5}, {1, 3}], [{8, 2}, {7}, {4, 6}, {5}, {3}, {1}], [{8, 2}, {7}, {5, 6}, {1, 4}, {3}], [{8, 2}, {7}, {5, 6}, {3, 4}, {1}], [{8, 2}, {7}, {5, 6}, {4}, {1, 3}], [{8, 2}, {7}, {6}, {1, 5}, {3, 4}], [{8, 2}, {7}, {6}, {3, 5}, {1, 4}], [{8, 2}, {7}, {6}, {3, 5}, {4}, {1}], [{8, 2}, {7}, {6}, {4, 5}, {1, 3}], [{8, 2}, {7}, {6}, {5}, {1, 4}, {3}], [{8, 3}, {1, 7}, {2, 6}, {4, 5}], [{8, 3}, {1, 7}, {4, 6}, {2, 5}], [{8, 3}, {1, 7}, {5, 6}, {2, 4}], [{8, 3}, {2, 7}, {1, 6}, {4, 5}], [{8, 3}, {2, 7}, {1, 6}, {5}, {4}], [{8, 3}, {2, 7}, {4, 6}, {1, 5}], [{8, 3}, {2, 7}, {5, 6}, {1, 4}], [{8, 3}, {4, 7}, {1, 6}, {2, 5}], [{8, 3}, {4, 7}, {1, 6}, {5}, {2}], [{8, 3}, {4, 7}, {2, 6}, {1, 5}], [{8, 3}, {4, 7}, {5, 6}, {1, 2}], [{8, 3}, {5, 7}, {1, 6}, {2, 4}], [{8, 3}, {5, 7}, {1, 6}, {4}, {2}], [{8, 3}, {5, 7}, {2, 6}, {1, 4}], [{8, 3}, {5, 7}, {4, 6}, {1, 2}], [{8, 3}, {6, 7}, {1, 5}, {2, 4}], [{8, 3}, {6, 7}, {2, 5}, {1, 4}], [{8, 3}, {6, 7}, {4, 5}, {1, 2}], [{8, 3}, {7}, {1, 6}, {2, 5}, {4}], [{8, 3}, {7}, {1, 6}, {4, 5}, {2}], [{8, 3}, {7}, {1, 6}, {5}, {2, 4}], [{8, 3}, {7}, {1, 6}, {5}, {4}, {2}], [{8, 3}, {7}, {2, 6}, {4, 5}, {1}], [{8, 3}, {7}, {4, 6}, {2, 5}, {1}], [{8, 3}, {7}, {6}, {2, 5}, {1, 4}], [{8, 3}, {7}, {6}, {4, 5}, {1, 2}], [{8, 4}, {1, 7}, {2, 6}, {3, 5}], [{8, 4}, {1, 7}, {2, 6}, {5}, {3}], [{8, 4}, {1, 7}, {3, 6}, {2, 5}], [{8, 4}, {1, 7}, {5, 6}, {2, 3}], [{8, 4}, {1, 7}, {6}, {3, 5}, {2}], [{8, 4}, {2, 7}, {1, 6}, {3, 5}], [{8, 4}, {2, 7}, {1, 6}, {5}, {3}], [{8, 4}, {2, 7}, {3, 6}, {1, 5}], [{8, 4}, {2, 7}, {5, 6}, {1, 3}], [{8, 4}, {2, 7}, {6}, {3, 5}, {1}], [{8, 4}, {3, 7}, {1, 6}, {2, 5}], [{8, 4}, {3, 7}, {1, 6}, {5}, {2}], [{8, 4}, {3, 7}, {2, 6}, {1, 5}], [{8, 4}, {3, 7}, {2, 6}, {5}, {1}], [{8, 4}, {3, 7}, {5, 6}, {1, 2}], [{8, 4}, {3, 7}, {6}, {5}, {1, 2}], [{8, 4}, {5, 7}, {1, 6}, {2, 3}], [{8, 4}, {5, 7}, {1, 6}, {3}, {2}], [{8, 4}, {5, 7}, {2, 6}, {1, 3}], [{8, 4}, {5, 7}, {2, 6}, {3}, {1}], [{8, 4}, {5, 7}, {3, 6}, {1, 2}], [{8, 4}, {5, 7}, {6}, {3}, {1, 2}], [{8, 4}, {6, 7}, {1, 5}, {2, 3}], [{8, 4}, {6, 7}, {2, 5}, {1, 3}], [{8, 4}, {6, 7}, {3, 5}, {1, 2}], [{8, 4}, {6, 7}, {3, 5}, {2}, {1}], [{8, 4}, {6, 7}, {5}, {3}, {1, 2}], [{8, 4}, {7}, {1, 6}, {2, 5}, {3}], [{8, 4}, {7}, {1, 6}, {3, 5}, {2}], [{8, 4}, {7}, {1, 6}, {5}, {2, 3}], [{8, 4}, {7}, {1, 6}, {5}, {3}, {2}], [{8, 4}, {7}, {2, 6}, {1, 5}, {3}], [{8, 4}, {7}, {2, 6}, {3, 5}, {1}], [{8, 4}, {7}, {2, 6}, {5}, {1, 3}], [{8, 4}, {7}, {2, 6}, {5}, {3}, {1}], [{8, 4}, {7}, {3, 6}, {1, 5}, {2}], [{8, 4}, {7}, {3, 6}, {2, 5}, {1}], [{8, 4}, {7}, {3, 6}, {5}, {1, 2}], [{8, 4}, {7}, {5, 6}, {1, 3}, {2}], [{8, 4}, {7}, {5, 6}, {2, 3}, {1}], [{8, 4}, {7}, {5, 6}, {3}, {1, 2}], [{8, 4}, {7}, {6}, {1, 5}, {2, 3}], [{8, 4}, {7}, {6}, {2, 5}, {1, 3}], [{8, 4}, {7}, {6}, {3, 5}, {1, 2}], [{8, 4}, {7}, {6}, {3, 5}, {2}, {1}], [{8, 4}, {7}, {6}, {5}, {3}, {1, 2}], [{8, 5}, {1, 7}, {2, 6}, {3, 4}], [{8, 5}, {1, 7}, {3, 6}, {2, 4}], [{8, 5}, {1, 7}, {4, 6}, {2, 3}], [{8, 5}, {2, 7}, {1, 6}, {3, 4}], [{8, 5}, {2, 7}, {1, 6}, {4}, {3}], [{8, 5}, {2, 7}, {3, 6}, {1, 4}], [{8, 5}, {2, 7}, {4, 6}, {1, 3}], [{8, 5}, {3, 7}, {1, 6}, {2, 4}], [{8, 5}, {3, 7}, {1, 6}, {4}, {2}], [{8, 5}, {3, 7}, {2, 6}, {1, 4}], [{8, 5}, {3, 7}, {4, 6}, {1, 2}], [{8, 5}, {4, 7}, {1, 6}, {2, 3}], [{8, 5}, {4, 7}, {1, 6}, {3}, {2}], [{8, 5}, {4, 7}, {2, 6}, {1, 3}], [{8, 5}, {4, 7}, {3, 6}, {1, 2}], [{8, 5}, {6, 7}, {1, 4}, {2, 3}], [{8, 5}, {6, 7}, {2, 4}, {1, 3}], [{8, 5}, {6, 7}, {3, 4}, {1, 2}], [{8, 5}, {7}, {1, 6}, {2, 4}, {3}], [{8, 5}, {7}, {1, 6}, {3, 4}, {2}], [{8, 5}, {7}, {1, 6}, {4}, {2, 3}], [{8, 5}, {7}, {1, 6}, {4}, {3}, {2}], [{8, 5}, {7}, {2, 6}, {3, 4}, {1}], [{8, 5}, {7}, {4, 6}, {2, 3}, {1}], [{8, 5}, {7}, {6}, {1, 4}, {2, 3}], [{8, 5}, {7}, {6}, {3, 4}, {1, 2}], [{8, 6}, {1, 7}, {2, 5}, {3, 4}], [{8, 6}, {1, 7}, {3, 5}, {2, 4}], [{8, 6}, {1, 7}, {3, 5}, {4}, {2}], [{8, 6}, {1, 7}, {4, 5}, {2, 3}], [{8, 6}, {2, 7}, {1, 5}, {3, 4}], [{8, 6}, {2, 7}, {3, 5}, {1, 4}], [{8, 6}, {2, 7}, {3, 5}, {4}, {1}], [{8, 6}, {2, 7}, {4, 5}, {1, 3}], [{8, 6}, {3, 7}, {1, 5}, {2, 4}], [{8, 6}, {3, 7}, {2, 5}, {1, 4}], [{8, 6}, {3, 7}, {4, 5}, {1, 2}], [{8, 6}, {3, 7}, {5}, {1, 4}, {2}], [{8, 6}, {3, 7}, {5}, {2, 4}, {1}], [{8, 6}, {3, 7}, {5}, {4}, {1, 2}], [{8, 6}, {4, 7}, {1, 5}, {2, 3}], [{8, 6}, {4, 7}, {2, 5}, {1, 3}], [{8, 6}, {4, 7}, {2, 5}, {3}, {1}], [{8, 6}, {4, 7}, {3, 5}, {1, 2}], [{8, 6}, {4, 7}, {3, 5}, {2}, {1}], [{8, 6}, {4, 7}, {5}, {2, 3}, {1}], [{8, 6}, {5, 7}, {1, 4}, {2, 3}], [{8, 6}, {5, 7}, {1, 4}, {3}, {2}], [{8, 6}, {5, 7}, {2, 4}, {1, 3}], [{8, 6}, {5, 7}, {2, 4}, {3}, {1}], [{8, 6}, {5, 7}, {3, 4}, {1, 2}], [{8, 6}, {5, 7}, {4}, {3}, {1, 2}], [{8, 6}, {7}, {3, 5}, {1, 4}, {2}], [{8, 6}, {7}, {3, 5}, {2, 4}, {1}], [{8, 6}, {7}, {3, 5}, {4}, {1, 2}], [{8, 6}, {7}, {3, 5}, {4}, {2}, {1}], [{8, 7}, {1, 6}, {2, 5}, {3, 4}], [{8, 7}, {1, 6}, {2, 5}, {4}, {3}], [{8, 7}, {1, 6}, {3, 5}, {2, 4}], [{8, 7}, {1, 6}, {3, 5}, {4}, {2}], [{8, 7}, {1, 6}, {4, 5}, {2, 3}], [{8, 7}, {1, 6}, {4, 5}, {3}, {2}], [{8, 7}, {1, 6}, {5}, {2, 4}, {3}], [{8, 7}, {1, 6}, {5}, {3, 4}, {2}], [{8, 7}, {1, 6}, {5}, {4}, {2, 3}], [{8, 7}, {1, 6}, {5}, {4}, {3}, {2}], [{8, 7}, {2, 6}, {1, 5}, {3, 4}], [{8, 7}, {2, 6}, {3, 5}, {1, 4}], [{8, 7}, {2, 6}, {3, 5}, {4}, {1}], [{8, 7}, {2, 6}, {4, 5}, {1, 3}], [{8, 7}, {3, 6}, {1, 5}, {2, 4}], [{8, 7}, {3, 6}, {1, 5}, {4}, {2}], [{8, 7}, {3, 6}, {2, 5}, {1, 4}], [{8, 7}, {3, 6}, {4, 5}, {1, 2}], [{8, 7}, {3, 6}, {4, 5}, {2}, {1}], [{8, 7}, {3, 6}, {5}, {1, 4}, {2}], [{8, 7}, {4, 6}, {1, 5}, {2, 3}], [{8, 7}, {4, 6}, {1, 5}, {3}, {2}], [{8, 7}, {4, 6}, {2, 5}, {1, 3}], [{8, 7}, {4, 6}, {3, 5}, {1, 2}], [{8, 7}, {4, 6}, {3, 5}, {2}, {1}], [{8, 7}, {4, 6}, {5}, {1, 3}, {2}], [{8, 7}, {5, 6}, {1, 4}, {2, 3}], [{8, 7}, {5, 6}, {1, 4}, {3}, {2}], [{8, 7}, {5, 6}, {2, 4}, {1, 3}], [{8, 7}, {5, 6}, {3, 4}, {1, 2}], [{8, 7}, {5, 6}, {3, 4}, {2}, {1}], [{8, 7}, {5, 6}, {4}, {1, 3}, {2}], [{8, 7}, {6}, {1, 5}, {3, 4}, {2}], [{8, 7}, {6}, {3, 5}, {1, 4}, {2}], [{8, 7}, {6}, {3, 5}, {2, 4}, {1}], [{8, 7}, {6}, {3, 5}, {4}, {1, 2}], [{8, 7}, {6}, {3, 5}, {4}, {2}, {1}], [{8, 7}, {6}, {4, 5}, {1, 3}, {2}], [{8}, {1, 7}, {2, 6}, {3, 5}, {4}], [{8}, {1, 7}, {4, 6}, {3, 5}, {2}], [{8}, {1, 7}, {6}, {3, 5}, {2, 4}], [{8}, {1, 7}, {6}, {3, 5}, {4}, {2}], [{8}, {2, 7}, {1, 6}, {3, 5}, {4}], [{8}, {2, 7}, {1, 6}, {4, 5}, {3}], [{8}, {2, 7}, {1, 6}, {5}, {3, 4}], [{8}, {2, 7}, {1, 6}, {5}, {4}, {3}], [{8}, {2, 7}, {3, 6}, {1, 5}, {4}], [{8}, {2, 7}, {3, 6}, {4, 5}, {1}], [{8}, {2, 7}, {3, 6}, {5}, {1, 4}], [{8}, {2, 7}, {4, 6}, {1, 5}, {3}], [{8}, {2, 7}, {4, 6}, {3, 5}, {1}], [{8}, {2, 7}, {4, 6}, {5}, {1, 3}], [{8}, {2, 7}, {5, 6}, {1, 4}, {3}], [{8}, {2, 7}, {5, 6}, {3, 4}, {1}], [{8}, {2, 7}, {5, 6}, {4}, {1, 3}], [{8}, {2, 7}, {6}, {1, 5}, {3, 4}], [{8}, {2, 7}, {6}, {3, 5}, {1, 4}], [{8}, {2, 7}, {6}, {3, 5}, {4}, {1}], [{8}, {2, 7}, {6}, {4, 5}, {1, 3}], [{8}, {3, 7}, {1, 6}, {2, 5}, {4}], [{8}, {3, 7}, {1, 6}, {4, 5}, {2}], [{8}, {3, 7}, {1, 6}, {5}, {2, 4}], [{8}, {3, 7}, {1, 6}, {5}, {4}, {2}], [{8}, {3, 7}, {2, 6}, {5}, {1, 4}], [{8}, {3, 7}, {4, 6}, {5}, {1, 2}], [{8}, {4, 7}, {1, 6}, {2, 5}, {3}], [{8}, {4, 7}, {1, 6}, {3, 5}, {2}], [{8}, {4, 7}, {1, 6}, {5}, {2, 3}], [{8}, {4, 7}, {1, 6}, {5}, {3}, {2}], [{8}, {4, 7}, {2, 6}, {3, 5}, {1}], [{8}, {4, 7}, {3, 6}, {1, 5}, {2}], [{8}, {4, 7}, {5, 6}, {1, 3}, {2}], [{8}, {4, 7}, {6}, {3, 5}, {1, 2}], [{8}, {4, 7}, {6}, {3, 5}, {2}, {1}], [{8}, {5, 7}, {1, 6}, {2, 4}, {3}], [{8}, {5, 7}, {1, 6}, {3, 4}, {2}], [{8}, {5, 7}, {1, 6}, {4}, {2, 3}], [{8}, {5, 7}, {1, 6}, {4}, {3}, {2}], [{8}, {5, 7}, {2, 6}, {1, 4}, {3}], [{8}, {5, 7}, {4, 6}, {3}, {1, 2}], [{8}, {6, 7}, {3, 5}, {1, 4}, {2}], [{8}, {6, 7}, {3, 5}, {2, 4}, {1}], [{8}, {6, 7}, {3, 5}, {4}, {1, 2}], [{8}, {6, 7}, {3, 5}, {4}, {2}, {1}], [{8}, {7}, {1, 6}, {2, 5}, {3, 4}], [{8}, {7}, {1, 6}, {2, 5}, {4}, {3}], [{8}, {7}, {1, 6}, {3, 5}, {2, 4}], [{8}, {7}, {1, 6}, {3, 5}, {4}, {2}], [{8}, {7}, {1, 6}, {4, 5}, {2, 3}], [{8}, {7}, {1, 6}, {4, 5}, {3}, {2}], [{8}, {7}, {1, 6}, {5}, {2, 4}, {3}], [{8}, {7}, {1, 6}, {5}, {3, 4}, {2}], [{8}, {7}, {1, 6}, {5}, {4}, {2, 3}], [{8}, {7}, {1, 6}, {5}, {4}, {3}, {2}], [{8}, {7}, {2, 6}, {3, 5}, {1, 4}], [{8}, {7}, {2, 6}, {3, 5}, {4}, {1}], [{8}, {7}, {3, 6}, {1, 5}, {2, 4}], [{8}, {7}, {3, 6}, {1, 5}, {4}, {2}], [{8}, {7}, {4, 6}, {3, 5}, {1, 2}], [{8}, {7}, {4, 6}, {3, 5}, {2}, {1}], [{8}, {7}, {5, 6}, {2, 4}, {1, 3}], [{8}, {7}, {5, 6}, {4}, {1, 3}, {2}], [{8}, {7}, {6}, {3, 5}, {1, 4}, {2}], [{8}, {7}, {6}, {3, 5}, {2, 4}, {1}], [{8}, {7}, {6}, {3, 5}, {4}, {1, 2}], [{8}, {7}, {6}, {3, 5}, {4}, {2}, {1}]]",2,4 K_1^3 + 4 K_1^2 K_2 - 16 K_1^2 - 14 K_1 K_2 - 4 K_1 K_3 + 4 K_1 + 8 K_2 + 6 K_3 + K_4 + 8,O1O2O3O4U5U6O5U3U7O8O7U1U8U4O6U2,O1O2O3U4U2O4O5U6O7O6U1U5U8U3O8U7,O1O2O3U4O5U1U5U6U3O7O4U7O6O8U2U8,c,{'O1O2O3O4U3O5U1U6U4O7O6U7U2O8U5U8'},1,"<a href=""/flatknot/8.704400"">8.704400</a>",t^9-48t^7-114t^6+108t^5+220t^4-90t^3-100t^2+40t,t^3-2t^2+t,,
8.704401,O1O2O3O4U3O5U1U6U4O7O6U7U5O8U2U8,4,13z^2+82z+113,13w^3z^2+82w^2z+113w,False,False,"[[ 0 -3  0 -1  2  2  0 -1  1],[ 3  0  3  0  2  2  2  0  1],[ 0 -3  0 -1  1  1  0 -1  1],[ 1  0  1  0  1  1  0  0  0],[-2 -2 -1 -1  0  0 -2 -1  0],[-2 -2 -1 -1  0  0 -1 -1  0],[ 0 -2  0  0  2  1  0 -1  1],[ 1  0  1  0  1  1  1  0  0],[-1 -1 -1  0  0  0 -1  0  0]]","[[ 0  2  2  1  0  0 -1 -1 -3],[-2  0  0  0 -1 -1 -1 -1 -2],[-2  0  0  0 -1 -2 -1 -1 -2],[-1  0  0  0 -1 -1  0  0 -1],[ 0  1  1  1  0  0 -1 -1 -3],[ 0  1  2  1  0  0  0 -1 -2],[ 1  1  1  0  1  0  0  0  0],[ 1  1  1  0  1  1  0  0  0],[ 3  2  2  1  3  2  0  0  0]]",True,"[-2,-2,-1,0,0,1,1,3,0,0,1,1,1,1,2,0,1,2,1,1,2,1,1,0,0,1,0,1,1,3,0,1,2,0,0,0]","[-3,-1,-1,0,0,1,2,2,0,0,2,3,1,2,2,0,0,1,0,1,1,1,1,0,1,1,0,1,1,2,1,1,1,0,0,0]",t^8+38t^6+71t^4+20t^2,"[-3,-1,-1,0,0,1,2,2,2,2,0,1,3,3,3,0,0,0,2,2,2,0,1,2,2,2,0,0,1,1,0,0,1,1,1,0]","[-2,-2,-1,0,0,1,1,3,0,1,0,1,2,2,3,1,1,1,2,2,3,0,0,2,2,3,0,0,1,1,0,0,0,0,2,2]","[-3,-1,-1,0,0,1,2,2,0,0,2,3,1,2,2,0,0,1,0,1,1,1,1,0,1,1,0,1,1,2,1,1,1,0,0,0]",c,"[[{8, 1}, {2, 7}, {3, 6}, {4, 5}], [{8, 1}, {2, 7}, {4, 6}, {3, 5}], [{8, 1}, {2, 7}, {5, 6}, {3, 4}], [{8, 1}, {3, 7}, {2, 6}, {4, 5}], [{8, 1}, {3, 7}, {2, 6}, {5}, {4}], [{8, 1}, {3, 7}, {4, 6}, {2, 5}], [{8, 1}, {3, 7}, {4, 6}, {5}, {2}], [{8, 1}, {3, 7}, {5, 6}, {2, 4}], [{8, 1}, {3, 7}, {5, 6}, {4}, {2}], [{8, 1}, {3, 7}, {6}, {2, 5}, {4}], [{8, 1}, {3, 7}, {6}, {4, 5}, {2}], [{8, 1}, {3, 7}, {6}, {5}, {2, 4}], [{8, 1}, {4, 7}, {2, 6}, {3, 5}], [{8, 1}, {4, 7}, {2, 6}, {5}, {3}], [{8, 1}, {4, 7}, {3, 6}, {2, 5}], [{8, 1}, {4, 7}, {5, 6}, {2, 3}], [{8, 1}, {4, 7}, {6}, {3, 5}, {2}], [{8, 1}, {5, 7}, {2, 6}, {3, 4}], [{8, 1}, {5, 7}, {2, 6}, {4}, {3}], [{8, 1}, {5, 7}, {3, 6}, {2, 4}], [{8, 1}, {5, 7}, {4, 6}, {2, 3}], [{8, 1}, {6, 7}, {2, 5}, {3, 4}], [{8, 1}, {6, 7}, {3, 5}, {2, 4}], [{8, 1}, {6, 7}, {4, 5}, {2, 3}], [{8, 1}, {7}, {2, 6}, {3, 5}, {4}], [{8, 1}, {7}, {2, 6}, {4, 5}, {3}], [{8, 1}, {7}, {2, 6}, {5}, {3, 4}], [{8, 1}, {7}, {2, 6}, {5}, {4}, {3}], [{8, 1}, {7}, {4, 6}, {2, 5}, {3}], [{8, 1}, {7}, {5, 6}, {2, 4}, {3}], [{8, 2}, {1, 7}, {3, 6}, {4, 5}], [{8, 2}, {1, 7}, {4, 6}, {3, 5}], [{8, 2}, {1, 7}, {5, 6}, {3, 4}], [{8, 2}, {1, 7}, {6}, {3, 5}, {4}], [{8, 2}, {3, 7}, {1, 6}, {4, 5}], [{8, 2}, {3, 7}, {1, 6}, {5}, {4}], [{8, 2}, {3, 7}, {4, 6}, {1, 5}], [{8, 2}, {3, 7}, {5, 6}, {1, 4}], [{8, 2}, {4, 7}, {1, 6}, {3, 5}], [{8, 2}, {4, 7}, {1, 6}, {5}, {3}], [{8, 2}, {4, 7}, {3, 6}, {1, 5}], [{8, 2}, {4, 7}, {5, 6}, {1, 3}], [{8, 2}, {4, 7}, {6}, {3, 5}, {1}], [{8, 2}, {5, 7}, {1, 6}, {3, 4}], [{8, 2}, {5, 7}, {1, 6}, {4}, {3}], [{8, 2}, {5, 7}, {3, 6}, {1, 4}], [{8, 2}, {5, 7}, {4, 6}, {1, 3}], [{8, 2}, {6, 7}, {1, 5}, {3, 4}], [{8, 2}, {6, 7}, {3, 5}, {1, 4}], [{8, 2}, {6, 7}, {3, 5}, {4}, {1}], [{8, 2}, {6, 7}, {4, 5}, {1, 3}], [{8, 2}, {7}, {1, 6}, {3, 5}, {4}], [{8, 2}, {7}, {1, 6}, {4, 5}, {3}], [{8, 2}, {7}, {1, 6}, {5}, {3, 4}], [{8, 2}, {7}, {1, 6}, {5}, {4}, {3}], [{8, 2}, {7}, {3, 6}, {1, 5}, {4}], [{8, 2}, {7}, {4, 6}, {3, 5}, {1}], [{8, 2}, {7}, {5, 6}, {4}, {1, 3}], [{8, 2}, {7}, {6}, {3, 5}, {1, 4}], [{8, 2}, {7}, {6}, {3, 5}, {4}, {1}], [{8, 3}, {1, 7}, {2, 6}, {4, 5}], [{8, 3}, {1, 7}, {4, 6}, {2, 5}], [{8, 3}, {1, 7}, {5, 6}, {2, 4}], [{8, 3}, {2, 7}, {1, 6}, {4, 5}], [{8, 3}, {2, 7}, {4, 6}, {1, 5}], [{8, 3}, {2, 7}, {5, 6}, {1, 4}], [{8, 3}, {4, 7}, {1, 6}, {2, 5}], [{8, 3}, {4, 7}, {2, 6}, {1, 5}], [{8, 3}, {4, 7}, {5, 6}, {1, 2}], [{8, 3}, {5, 7}, {1, 6}, {2, 4}], [{8, 3}, {5, 7}, {2, 6}, {1, 4}], [{8, 3}, {5, 7}, {4, 6}, {1, 2}], [{8, 3}, {6, 7}, {1, 5}, {2, 4}], [{8, 3}, {6, 7}, {2, 5}, {1, 4}], [{8, 3}, {6, 7}, {4, 5}, {1, 2}], [{8, 3}, {7}, {2, 6}, {1, 5}, {4}], [{8, 3}, {7}, {4, 6}, {1, 5}, {2}], [{8, 3}, {7}, {5, 6}, {1, 4}, {2}], [{8, 3}, {7}, {6}, {1, 5}, {2, 4}], [{8, 4}, {1, 7}, {2, 6}, {3, 5}], [{8, 4}, {1, 7}, {3, 6}, {2, 5}], [{8, 4}, {1, 7}, {5, 6}, {2, 3}], [{8, 4}, {2, 7}, {1, 6}, {3, 5}], [{8, 4}, {2, 7}, {3, 6}, {1, 5}], [{8, 4}, {2, 7}, {5, 6}, {1, 3}], [{8, 4}, {3, 7}, {1, 6}, {2, 5}], [{8, 4}, {3, 7}, {2, 6}, {1, 5}], [{8, 4}, {3, 7}, {2, 6}, {5}, {1}], [{8, 4}, {3, 7}, {5, 6}, {1, 2}], [{8, 4}, {5, 7}, {1, 6}, {2, 3}], [{8, 4}, {5, 7}, {2, 6}, {1, 3}], [{8, 4}, {5, 7}, {2, 6}, {3}, {1}], [{8, 4}, {5, 7}, {3, 6}, {1, 2}], [{8, 4}, {6, 7}, {1, 5}, {2, 3}], [{8, 4}, {6, 7}, {2, 5}, {1, 3}], [{8, 4}, {6, 7}, {3, 5}, {1, 2}], [{8, 4}, {7}, {2, 6}, {3, 5}, {1}], [{8, 4}, {7}, {3, 6}, {1, 5}, {2}], [{8, 5}, {1, 7}, {2, 6}, {3, 4}], [{8, 5}, {1, 7}, {3, 6}, {2, 4}], [{8, 5}, {1, 7}, {4, 6}, {2, 3}], [{8, 5}, {2, 7}, {1, 6}, {3, 4}], [{8, 5}, {2, 7}, {1, 6}, {4}, {3}], [{8, 5}, {2, 7}, {3, 6}, {1, 4}], [{8, 5}, {2, 7}, {4, 6}, {1, 3}], [{8, 5}, {3, 7}, {1, 6}, {2, 4}], [{8, 5}, {3, 7}, {2, 6}, {1, 4}], [{8, 5}, {3, 7}, {4, 6}, {1, 2}], [{8, 5}, {3, 7}, {6}, {1, 4}, {2}], [{8, 5}, {4, 7}, {1, 6}, {2, 3}], [{8, 5}, {4, 7}, {2, 6}, {1, 3}], [{8, 5}, {4, 7}, {3, 6}, {1, 2}], [{8, 5}, {4, 7}, {6}, {1, 3}, {2}], [{8, 5}, {6, 7}, {1, 4}, {2, 3}], [{8, 5}, {6, 7}, {2, 4}, {1, 3}], [{8, 5}, {6, 7}, {3, 4}, {1, 2}], [{8, 5}, {6, 7}, {4}, {3}, {1, 2}], [{8, 5}, {7}, {2, 6}, {4}, {1, 3}], [{8, 6}, {1, 7}, {2, 5}, {3, 4}], [{8, 6}, {1, 7}, {3, 5}, {2, 4}], [{8, 6}, {1, 7}, {3, 5}, {4}, {2}], [{8, 6}, {1, 7}, {4, 5}, {2, 3}], [{8, 6}, {2, 7}, {1, 5}, {3, 4}], [{8, 6}, {2, 7}, {3, 5}, {1, 4}], [{8, 6}, {2, 7}, {3, 5}, {4}, {1}], [{8, 6}, {2, 7}, {4, 5}, {1, 3}], [{8, 6}, {3, 7}, {1, 5}, {2, 4}], [{8, 6}, {3, 7}, {2, 5}, {1, 4}], [{8, 6}, {3, 7}, {4, 5}, {1, 2}], [{8, 6}, {4, 7}, {1, 5}, {2, 3}], [{8, 6}, {4, 7}, {2, 5}, {1, 3}], [{8, 6}, {4, 7}, {3, 5}, {1, 2}], [{8, 6}, {4, 7}, {3, 5}, {2}, {1}], [{8, 6}, {4, 7}, {5}, {3}, {1, 2}], [{8, 6}, {5, 7}, {1, 4}, {2, 3}], [{8, 6}, {5, 7}, {2, 4}, {1, 3}], [{8, 6}, {5, 7}, {3, 4}, {1, 2}], [{8, 6}, {7}, {1, 5}, {2, 4}, {3}], [{8, 6}, {7}, {2, 5}, {1, 4}, {3}], [{8, 6}, {7}, {3, 5}, {1, 4}, {2}], [{8, 6}, {7}, {3, 5}, {2, 4}, {1}], [{8, 6}, {7}, {3, 5}, {4}, {1, 2}], [{8, 6}, {7}, {3, 5}, {4}, {2}, {1}], [{8, 6}, {7}, {5}, {1, 4}, {2, 3}], [{8, 6}, {7}, {5}, {2, 4}, {1, 3}], [{8, 7}, {1, 6}, {2, 5}, {3, 4}], [{8, 7}, {1, 6}, {2, 5}, {4}, {3}], [{8, 7}, {1, 6}, {3, 5}, {2, 4}], [{8, 7}, {1, 6}, {4, 5}, {2, 3}], [{8, 7}, {2, 6}, {1, 5}, {3, 4}], [{8, 7}, {2, 6}, {3, 5}, {1, 4}], [{8, 7}, {2, 6}, {3, 5}, {4}, {1}], [{8, 7}, {2, 6}, {4, 5}, {1, 3}], [{8, 7}, {3, 6}, {1, 5}, {2, 4}], [{8, 7}, {3, 6}, {2, 5}, {1, 4}], [{8, 7}, {3, 6}, {4, 5}, {1, 2}], [{8, 7}, {3, 6}, {5}, {2, 4}, {1}], [{8, 7}, {4, 6}, {1, 5}, {2, 3}], [{8, 7}, {4, 6}, {2, 5}, {1, 3}], [{8, 7}, {4, 6}, {2, 5}, {3}, {1}], [{8, 7}, {4, 6}, {3, 5}, {1, 2}], [{8, 7}, {4, 6}, {5}, {1, 3}, {2}], [{8, 7}, {5, 6}, {1, 4}, {2, 3}], [{8, 7}, {5, 6}, {2, 4}, {1, 3}], [{8, 7}, {5, 6}, {3, 4}, {1, 2}], [{8, 7}, {5, 6}, {4}, {1, 3}, {2}], [{8, 7}, {5, 6}, {4}, {2, 3}, {1}], [{8, 7}, {5, 6}, {4}, {3}, {1, 2}], [{8, 7}, {6}, {1, 5}, {3, 4}, {2}], [{8, 7}, {6}, {2, 5}, {1, 4}, {3}], [{8, 7}, {6}, {3, 5}, {1, 4}, {2}], [{8, 7}, {6}, {4, 5}, {1, 3}, {2}], [{8, 7}, {6}, {5}, {1, 4}, {2, 3}], [{8}, {1, 7}, {2, 6}, {3, 5}, {4}], [{8}, {1, 7}, {3, 6}, {4, 5}, {2}], [{8}, {1, 7}, {4, 6}, {2, 5}, {3}], [{8}, {2, 7}, {3, 6}, {5}, {1, 4}], [{8}, {2, 7}, {4, 6}, {1, 5}, {3}], [{8}, {2, 7}, {5, 6}, {1, 4}, {3}], [{8}, {2, 7}, {5, 6}, {3, 4}, {1}], [{8}, {2, 7}, {5, 6}, {4}, {1, 3}], [{8}, {2, 7}, {6}, {3, 5}, {1, 4}], [{8}, {3, 7}, {2, 6}, {5}, {1, 4}], [{8}, {4, 7}, {1, 6}, {3, 5}, {2}], [{8}, {4, 7}, {2, 6}, {3, 5}, {1}], [{8}, {4, 7}, {3, 6}, {2, 5}, {1}], [{8}, {4, 7}, {6}, {1, 5}, {2, 3}], [{8}, {4, 7}, {6}, {3, 5}, {1, 2}], [{8}, {5, 7}, {2, 6}, {1, 4}, {3}], [{8}, {5, 7}, {3, 6}, {4}, {1, 2}], [{8}, {5, 7}, {4, 6}, {3}, {1, 2}], [{8}, {5, 7}, {6}, {3, 4}, {1, 2}], [{8}, {6, 7}, {2, 5}, {1, 4}, {3}], [{8}, {6, 7}, {2, 5}, {3, 4}, {1}], [{8}, {6, 7}, {2, 5}, {4}, {1, 3}], [{8}, {6, 7}, {3, 5}, {1, 4}, {2}], [{8}, {6, 7}, {5}, {1, 4}, {2, 3}], [{8}, {7}, {2, 6}, {3, 5}, {1, 4}], [{8}, {7}, {2, 6}, {3, 5}, {4}, {1}], [{8}, {7}, {3, 6}, {1, 5}, {2, 4}]]",2,4 K_1^3 + 4 K_1^2 K_2 - 16 K_1^2 - 10 K_1 K_2 - 4 K_1 K_3 + 2 K_1 + 8 K_2 + 4 K_3 + K_4 + 8,O1O2O3O4U5U3O5U6U7O8O7U1U8U4O6U2,O1O2O3U4U2O4O5U6O7O6U1U7U8U3O8U5,O1O2O3U4O5U1U5U6U3O7O6U7O4O8U2U8,c,{'O1O2O3O4U3O5U1U6U4O7O6U7U5O8U2U8'},1,"<a href=""/flatknot/8.704401"">8.704401</a>",t^9-40t^7-72t^6+27t^5+72t^4+51t^3-22t^2-20t,t^3-2t^2+t,,
8.704402,O1O2O3O4U3O5U1U6U4O7O6U8U2O8U5U7,4,z^3+21z^2+103z+131,w^4z^3+21w^3z^2+103w^2z+131w,False,False,"[[ 0 -3  0 -1  2  2  0  1 -1],[ 3  0  2  0  2  3  2  2  2],[ 0 -2  0 -1  2  1 -1  0  0],[ 1  0  1  0  1  1  0  0  1],[-2 -2 -2 -1  0  0 -2  0 -2],[-2 -3 -1 -1  0  0 -2  0 -2],[ 0 -2  1  0  2  2  0  1 -1],[-1 -2  0  0  0  0 -1  0 -1],[ 1 -2  0 -1  2  2  1  1  0]]","[[ 0  2  2  1  0  0 -1 -1 -3],[-2  0  0  0 -1 -2 -1 -2 -3],[-2  0  0  0 -2 -2 -1 -2 -2],[-1  0  0  0  0 -1  0 -1 -2],[ 0  1  2  0  0 -1 -1  0 -2],[ 0  2  2  1  1  0  0 -1 -2],[ 1  1  1  0  1  0  0  1  0],[ 1  2  2  1  0  1 -1  0 -2],[ 3  3  2  2  2  2  0  2  0]]",True,"[-2,-2,-1,0,0,1,1,3,0,0,1,2,1,2,3,0,2,2,1,2,2,0,1,0,1,2,1,1,0,2,0,1,2,-1,0,2]","[-3,-1,-1,0,0,1,2,2,0,2,1,1,2,2,3,1,0,1,1,1,1,1,0,2,2,2,-1,0,0,0,1,1,0,1,1,0]",t^8+58t^6+212t^4+152t^2+9,"[-3,-1,-1,0,0,1,2,2,0,2,1,1,2,2,3,1,0,1,1,1,1,1,0,2,2,2,-1,0,0,0,1,1,0,1,1,0]","[-2,-2,-1,0,0,1,1,3,0,1,0,0,1,2,3,1,0,1,1,2,2,0,1,1,2,2,1,0,1,1,1,0,1,-1,0,2]","[-3,-1,-1,0,0,1,2,2,0,2,2,2,2,2,3,1,0,1,0,1,1,1,0,1,2,2,1,1,2,2,0,2,1,0,0,0]",c,"[[{8, 1}, {2, 7}, {3, 6}, {4, 5}], [{8, 1}, {2, 7}, {4, 6}, {3, 5}], [{8, 1}, {2, 7}, {5, 6}, {3, 4}], [{8, 1}, {3, 7}, {2, 6}, {4, 5}], [{8, 1}, {3, 7}, {2, 6}, {5}, {4}], [{8, 1}, {3, 7}, {4, 6}, {2, 5}], [{8, 1}, {3, 7}, {5, 6}, {2, 4}], [{8, 1}, {4, 7}, {2, 6}, {3, 5}], [{8, 1}, {4, 7}, {3, 6}, {2, 5}], [{8, 1}, {4, 7}, {5, 6}, {2, 3}], [{8, 1}, {5, 7}, {2, 6}, {3, 4}], [{8, 1}, {5, 7}, {3, 6}, {2, 4}], [{8, 1}, {5, 7}, {4, 6}, {2, 3}], [{8, 1}, {6, 7}, {2, 5}, {3, 4}], [{8, 1}, {6, 7}, {3, 5}, {2, 4}], [{8, 1}, {6, 7}, {4, 5}, {2, 3}], [{8, 2}, {1, 7}, {3, 6}, {4, 5}], [{8, 2}, {1, 7}, {4, 6}, {3, 5}], [{8, 2}, {1, 7}, {5, 6}, {3, 4}], [{8, 2}, {1, 7}, {5, 6}, {4}, {3}], [{8, 2}, {3, 7}, {1, 6}, {4, 5}], [{8, 2}, {3, 7}, {1, 6}, {5}, {4}], [{8, 2}, {3, 7}, {4, 6}, {1, 5}], [{8, 2}, {3, 7}, {5, 6}, {1, 4}], [{8, 2}, {4, 7}, {1, 6}, {3, 5}], [{8, 2}, {4, 7}, {3, 6}, {1, 5}], [{8, 2}, {4, 7}, {5, 6}, {1, 3}], [{8, 2}, {4, 7}, {6}, {1, 5}, {3}], [{8, 2}, {5, 7}, {1, 6}, {3, 4}], [{8, 2}, {5, 7}, {1, 6}, {4}, {3}], [{8, 2}, {5, 7}, {3, 6}, {1, 4}], [{8, 2}, {5, 7}, {4, 6}, {1, 3}], [{8, 2}, {6, 7}, {1, 5}, {3, 4}], [{8, 2}, {6, 7}, {3, 5}, {1, 4}], [{8, 2}, {6, 7}, {4, 5}, {1, 3}], [{8, 2}, {7}, {1, 6}, {3, 5}, {4}], [{8, 3}, {1, 7}, {2, 6}, {4, 5}], [{8, 3}, {1, 7}, {4, 6}, {2, 5}], [{8, 3}, {1, 7}, {5, 6}, {2, 4}], [{8, 3}, {1, 7}, {5, 6}, {4}, {2}], [{8, 3}, {2, 7}, {1, 6}, {4, 5}], [{8, 3}, {2, 7}, {4, 6}, {1, 5}], [{8, 3}, {2, 7}, {5, 6}, {1, 4}], [{8, 3}, {2, 7}, {6}, {5}, {1, 4}], [{8, 3}, {4, 7}, {1, 6}, {2, 5}], [{8, 3}, {4, 7}, {2, 6}, {1, 5}], [{8, 3}, {4, 7}, {5, 6}, {1, 2}], [{8, 3}, {5, 7}, {1, 6}, {2, 4}], [{8, 3}, {5, 7}, {2, 6}, {1, 4}], [{8, 3}, {5, 7}, {4, 6}, {1, 2}], [{8, 3}, {6, 7}, {1, 5}, {2, 4}], [{8, 3}, {6, 7}, {2, 5}, {1, 4}], [{8, 3}, {6, 7}, {4, 5}, {1, 2}], [{8, 3}, {6, 7}, {5}, {4}, {1, 2}], [{8, 4}, {1, 7}, {2, 6}, {3, 5}], [{8, 4}, {1, 7}, {3, 6}, {2, 5}], [{8, 4}, {1, 7}, {5, 6}, {2, 3}], [{8, 4}, {1, 7}, {5, 6}, {3}, {2}], [{8, 4}, {2, 7}, {1, 6}, {3, 5}], [{8, 4}, {2, 7}, {3, 6}, {1, 5}], [{8, 4}, {2, 7}, {5, 6}, {1, 3}], [{8, 4}, {3, 7}, {1, 6}, {2, 5}], [{8, 4}, {3, 7}, {2, 6}, {1, 5}], [{8, 4}, {3, 7}, {5, 6}, {1, 2}], [{8, 4}, {3, 7}, {6}, {5}, {1, 2}], [{8, 4}, {5, 7}, {1, 6}, {2, 3}], [{8, 4}, {5, 7}, {2, 6}, {1, 3}], [{8, 4}, {5, 7}, {3, 6}, {1, 2}], [{8, 4}, {6, 7}, {1, 5}, {2, 3}], [{8, 4}, {6, 7}, {2, 5}, {1, 3}], [{8, 4}, {6, 7}, {2, 5}, {3}, {1}], [{8, 4}, {6, 7}, {3, 5}, {1, 2}], [{8, 4}, {7}, {2, 6}, {5}, {1, 3}], [{8, 5}, {1, 7}, {2, 6}, {3, 4}], [{8, 5}, {1, 7}, {3, 6}, {2, 4}], [{8, 5}, {1, 7}, {4, 6}, {2, 3}], [{8, 5}, {1, 7}, {4, 6}, {3}, {2}], [{8, 5}, {2, 7}, {1, 6}, {3, 4}], [{8, 5}, {2, 7}, {3, 6}, {1, 4}], [{8, 5}, {2, 7}, {4, 6}, {1, 3}], [{8, 5}, {2, 7}, {6}, {1, 4}, {3}], [{8, 5}, {3, 7}, {1, 6}, {2, 4}], [{8, 5}, {3, 7}, {2, 6}, {1, 4}], [{8, 5}, {3, 7}, {4, 6}, {1, 2}], [{8, 5}, {3, 7}, {6}, {4}, {1, 2}], [{8, 5}, {4, 7}, {1, 6}, {2, 3}], [{8, 5}, {4, 7}, {1, 6}, {3}, {2}], [{8, 5}, {4, 7}, {2, 6}, {1, 3}], [{8, 5}, {4, 7}, {3, 6}, {1, 2}], [{8, 5}, {6, 7}, {1, 4}, {2, 3}], [{8, 5}, {6, 7}, {2, 4}, {1, 3}], [{8, 5}, {6, 7}, {3, 4}, {1, 2}], [{8, 5}, {7}, {3, 6}, {1, 4}, {2}], [{8, 6}, {1, 7}, {2, 5}, {3, 4}], [{8, 6}, {1, 7}, {3, 5}, {2, 4}], [{8, 6}, {1, 7}, {4, 5}, {2, 3}], [{8, 6}, {1, 7}, {4, 5}, {3}, {2}], [{8, 6}, {2, 7}, {1, 5}, {3, 4}], [{8, 6}, {2, 7}, {3, 5}, {1, 4}], [{8, 6}, {2, 7}, {4, 5}, {1, 3}], [{8, 6}, {2, 7}, {5}, {1, 4}, {3}], [{8, 6}, {3, 7}, {1, 5}, {2, 4}], [{8, 6}, {3, 7}, {2, 5}, {1, 4}], [{8, 6}, {3, 7}, {4, 5}, {1, 2}], [{8, 6}, {3, 7}, {5}, {4}, {1, 2}], [{8, 6}, {4, 7}, {1, 5}, {2, 3}], [{8, 6}, {4, 7}, {1, 5}, {3}, {2}], [{8, 6}, {4, 7}, {2, 5}, {1, 3}], [{8, 6}, {4, 7}, {3, 5}, {1, 2}], [{8, 6}, {5, 7}, {1, 4}, {2, 3}], [{8, 6}, {5, 7}, {2, 4}, {1, 3}], [{8, 6}, {5, 7}, {3, 4}, {1, 2}], [{8, 6}, {7}, {3, 5}, {1, 4}, {2}], [{8, 7}, {1, 6}, {2, 5}, {3, 4}], [{8, 7}, {1, 6}, {2, 5}, {4}, {3}], [{8, 7}, {1, 6}, {3, 5}, {2, 4}], [{8, 7}, {1, 6}, {4, 5}, {2, 3}], [{8, 7}, {2, 6}, {1, 5}, {3, 4}], [{8, 7}, {2, 6}, {3, 5}, {1, 4}], [{8, 7}, {2, 6}, {3, 5}, {4}, {1}], [{8, 7}, {2, 6}, {4, 5}, {1, 3}], [{8, 7}, {3, 6}, {1, 5}, {2, 4}], [{8, 7}, {3, 6}, {2, 5}, {1, 4}], [{8, 7}, {3, 6}, {4, 5}, {1, 2}], [{8, 7}, {3, 6}, {5}, {4}, {1, 2}], [{8, 7}, {4, 6}, {1, 5}, {2, 3}], [{8, 7}, {4, 6}, {2, 5}, {1, 3}], [{8, 7}, {4, 6}, {3, 5}, {1, 2}], [{8, 7}, {4, 6}, {5}, {1, 3}, {2}], [{8, 7}, {5, 6}, {1, 4}, {2, 3}], [{8, 7}, {5, 6}, {2, 4}, {1, 3}], [{8, 7}, {5, 6}, {3, 4}, {1, 2}], [{8}, {1, 7}, {5, 6}, {2, 4}, {3}], [{8}, {1, 7}, {5, 6}, {3, 4}, {2}], [{8}, {1, 7}, {5, 6}, {4}, {2, 3}], [{8}, {1, 7}, {5, 6}, {4}, {3}, {2}], [{8}, {2, 7}, {3, 6}, {5}, {1, 4}], [{8}, {2, 7}, {5, 6}, {1, 4}, {3}], [{8}, {2, 7}, {5, 6}, {3, 4}, {1}], [{8}, {2, 7}, {5, 6}, {4}, {1, 3}], [{8}, {2, 7}, {6}, {3, 5}, {1, 4}], [{8}, {2, 7}, {6}, {5}, {1, 4}, {3}], [{8}, {3, 7}, {4, 6}, {1, 5}, {2}], [{8}, {3, 7}, {4, 6}, {2, 5}, {1}], [{8}, {3, 7}, {4, 6}, {5}, {1, 2}], [{8}, {3, 7}, {5, 6}, {1, 4}, {2}], [{8}, {3, 7}, {5, 6}, {2, 4}, {1}], [{8}, {3, 7}, {5, 6}, {4}, {1, 2}], [{8}, {3, 7}, {6}, {4, 5}, {1, 2}], [{8}, {3, 7}, {6}, {5}, {4}, {1, 2}], [{8}, {4, 7}, {2, 6}, {1, 5}, {3}], [{8}, {4, 7}, {3, 6}, {2, 5}, {1}], [{8}, {4, 7}, {5, 6}, {1, 3}, {2}], [{8}, {4, 7}, {5, 6}, {2, 3}, {1}], [{8}, {4, 7}, {5, 6}, {3}, {1, 2}], [{8}, {5, 7}, {4, 6}, {3}, {1, 2}], [{8}, {6, 7}, {1, 5}, {4}, {2, 3}], [{8}, {6, 7}, {3, 5}, {2, 4}, {1}], [{8}, {6, 7}, {4, 5}, {1, 3}, {2}], [{8}, {7}, {1, 6}, {2, 5}, {3, 4}], [{8}, {7}, {4, 6}, {3, 5}, {1, 2}], [{8}, {7}, {5, 6}, {1, 4}, {2, 3}], [{8}, {7}, {5, 6}, {2, 4}, {1, 3}], [{8}, {7}, {5, 6}, {3, 4}, {1, 2}]]",2,- 8 K_1^4 + 12 K_1^3 + 20 K_1^2 K_2 - 36 K_1^2 - 30 K_1 K_2 - 12 K_1 K_3 + 6 K_1 - 2 K_2^2 + 18 K_2 + 12 K_3 + 3 K_4 + 18,O1O2O3O4U5U6O7U3U7O8O5U1U8U4O6U2,O1O2O3U4U2O5O6U5O7O4U1U6U8U3O8U7,O1O2O3U4O5U1U5U6U3O7O4U8O6O8U2U7,c,{'O1O2O3O4U3O5U1U6U4O7O6U8U2O8U5U7'},1,"<a href=""/flatknot/8.704402"">8.704402</a>",t^9-60t^7-198t^6+48t^5+560t^4+92t^3-298t^2-65t,t^3-2t^2+t,,
8.704403,O1O2O3O4U3O5U1U6U4O7O6U8U5O8U2U7,3,14z^2+79z+103,14w^3z^2-4w^3z+83w^2z+103w,False,False,"[[ 0 -3  0 -1  2  2  0  1 -1],[ 3  0  3  0  2  2  2  2  2],[ 0 -3  0 -1  1  2 -1  1 -1],[ 1  0  1  0  1  1  0  0  1],[-2 -2 -1 -1  0  0 -2  0 -3],[-2 -2 -2 -1  0  0 -2 -1 -2],[ 0 -2  1  0  2  2  0  1 -1],[-1 -2 -1  0  0  1 -1  0 -1],[ 1 -2  1 -1  3  2  1  1  0]]","[[ 0  2  2  1  0  0 -1 -1 -3],[-2  0  0  0 -1 -2 -1 -3 -2],[-2  0  0 -1 -2 -2 -1 -2 -2],[-1  0  1  0 -1 -1  0 -1 -2],[ 0  1  2  1  0 -1 -1 -1 -3],[ 0  2  2  1  1  0  0 -1 -2],[ 1  1  1  0  1  0  0  1  0],[ 1  3  2  1  1  1 -1  0 -2],[ 3  2  2  2  3  2  0  2  0]]",True,"[-2,-2,-1,0,0,1,1,3,0,0,1,2,1,3,2,1,2,2,1,2,2,1,1,0,1,2,1,1,1,3,0,1,2,-1,0,2]","[-3,-1,-1,0,0,1,2,2,0,2,0,1,2,3,3,1,0,0,1,0,1,0,1,2,2,2,1,0,1,0,0,0,0,1,0,0]",t^8+66t^6+215t^4+150t^2,"[-3,-1,-1,0,0,1,2,2,0,2,0,1,2,3,3,1,0,0,1,0,1,0,1,2,2,2,1,0,1,0,0,0,0,1,0,0]","[-2,-2,-1,0,0,1,1,3,0,0,0,0,1,2,3,1,0,1,0,2,3,0,0,1,2,2,1,0,1,1,0,0,0,-1,0,2]","[-3,-1,-1,0,0,1,2,2,0,2,2,3,2,2,2,1,0,1,0,1,1,1,1,1,2,3,1,1,2,2,1,2,1,1,0,0]",c,"[[{8, 2}, {3, 7}, {4, 6}, {1, 5}]]",1,36 K_1^3 - 36 K_1^2 - 30 K_1 K_2 - 12 K_1 + 18 K_2 + 6 K_3 + 19,O1O2O3O4U5U3O6U7U6O8O5U1U8U4O7U2,O1O2O3U4U2O5O6U5O7O4U1U7U8U3O8U6,O1O2O3U4O5U1U5U6U3O7O6U8O4O8U2U7,c,{'O1O2O3O4U3O5U1U6U4O7O6U8U5O8U2U7'},1,"<a href=""/flatknot/8.704403"">8.704403</a>",t^9-68t^7-270t^6-119t^5+562t^4+454t^3-256t^2-192t+56,t^3-2t^2+t,,
8.704404,O1O2O3O4U3O5U1U6U4O7O6U8U5O8U7U2,4,12z^2+97z+147,12w^3z^2+97w^2z+147w,False,False,"[[ 0 -3  1 -1  2  2  0  0 -1],[ 3  0  3  0  2  2  2  1  2],[-1 -3  0 -1  1  1 -1  0 -2],[ 1  0  1  0  1  1  0  0  1],[-2 -2 -1 -1  0  0 -2  0 -3],[-2 -2 -1 -1  0  0 -2 -1 -2],[ 0 -2  1  0  2  2  0  0 -1],[ 0 -1  0  0  0  1  0  0  0],[ 1 -2  2 -1  3  2  1  0  0]]","[[ 0  2  2  1  0  0 -1 -1 -3],[-2  0  0 -1  0 -2 -1 -3 -2],[-2  0  0 -1 -1 -2 -1 -2 -2],[-1  1  1  0  0 -1 -1 -2 -3],[ 0  0  1  0  0  0  0  0 -1],[ 0  2  2  1  0  0  0 -1 -2],[ 1  1  1  1  0  0  0  1  0],[ 1  3  2  2  0  1 -1  0 -2],[ 3  2  2  3  1  2  0  2  0]]",True,"[-2,-2,-1,0,0,1,1,3,0,1,0,2,1,3,2,1,1,2,1,2,2,0,1,1,2,3,0,0,0,1,0,1,2,-1,0,2]","[-3,-1,-1,0,0,1,2,2,0,2,1,2,1,3,3,1,0,1,0,0,1,1,1,1,2,2,0,0,0,0,1,2,1,0,0,0]",t^8+60t^6+132t^4+72t^2+4,"[-3,-1,-1,0,0,1,2,2,0,2,1,2,1,3,3,1,0,1,0,0,1,1,1,1,2,2,0,0,0,0,1,2,1,0,0,0]","[-2,-2,-1,0,0,1,1,3,0,0,0,1,1,2,3,0,0,2,0,2,3,0,1,0,1,1,0,0,1,1,1,1,2,-1,0,2]","[-3,-1,-1,0,0,1,2,2,0,2,1,2,3,2,2,1,0,0,1,1,1,0,1,2,2,3,0,0,1,0,1,2,2,1,1,0]",c,"[[{8, 1}, {2, 7}, {3, 6}, {4, 5}], [{8, 1}, {2, 7}, {4, 6}, {3, 5}], [{8, 1}, {2, 7}, {5, 6}, {3, 4}], [{8, 1}, {3, 7}, {2, 6}, {4, 5}], [{8, 1}, {3, 7}, {4, 6}, {2, 5}], [{8, 1}, {3, 7}, {5, 6}, {2, 4}], [{8, 1}, {3, 7}, {5, 6}, {4}, {2}], [{8, 1}, {4, 7}, {2, 6}, {3, 5}], [{8, 1}, {4, 7}, {3, 6}, {2, 5}], [{8, 1}, {4, 7}, {5, 6}, {2, 3}], [{8, 1}, {4, 7}, {5, 6}, {3}, {2}], [{8, 1}, {4, 7}, {6}, {5}, {2, 3}], [{8, 1}, {5, 7}, {2, 6}, {3, 4}], [{8, 1}, {5, 7}, {2, 6}, {4}, {3}], [{8, 1}, {5, 7}, {3, 6}, {2, 4}], [{8, 1}, {5, 7}, {3, 6}, {4}, {2}], [{8, 1}, {5, 7}, {4, 6}, {2, 3}], [{8, 1}, {5, 7}, {6}, {4}, {2, 3}], [{8, 1}, {6, 7}, {2, 5}, {3, 4}], [{8, 1}, {6, 7}, {2, 5}, {4}, {3}], [{8, 1}, {6, 7}, {3, 5}, {2, 4}], [{8, 1}, {6, 7}, {4, 5}, {2, 3}], [{8, 1}, {7}, {5, 6}, {3, 4}, {2}], [{8, 1}, {7}, {6}, {4, 5}, {2, 3}], [{8, 2}, {1, 7}, {3, 6}, {4, 5}], [{8, 2}, {1, 7}, {4, 6}, {3, 5}], [{8, 2}, {1, 7}, {5, 6}, {3, 4}], [{8, 2}, {3, 7}, {1, 6}, {4, 5}], [{8, 2}, {3, 7}, {4, 6}, {1, 5}], [{8, 2}, {3, 7}, {5, 6}, {1, 4}], [{8, 2}, {3, 7}, {6}, {1, 5}, {4}], [{8, 2}, {4, 7}, {1, 6}, {3, 5}], [{8, 2}, {4, 7}, {3, 6}, {1, 5}], [{8, 2}, {4, 7}, {5, 6}, {1, 3}], [{8, 2}, {4, 7}, {6}, {1, 5}, {3}], [{8, 2}, {5, 7}, {1, 6}, {3, 4}], [{8, 2}, {5, 7}, {3, 6}, {1, 4}], [{8, 2}, {5, 7}, {4, 6}, {1, 3}], [{8, 2}, {6, 7}, {1, 5}, {3, 4}], [{8, 2}, {6, 7}, {1, 5}, {4}, {3}], [{8, 2}, {6, 7}, {3, 5}, {1, 4}], [{8, 2}, {6, 7}, {4, 5}, {1, 3}], [{8, 2}, {7}, {1, 6}, {3, 5}, {4}], [{8, 2}, {7}, {1, 6}, {4, 5}, {3}], [{8, 2}, {7}, {1, 6}, {5}, {3, 4}], [{8, 2}, {7}, {3, 6}, {1, 5}, {4}], [{8, 2}, {7}, {3, 6}, {4, 5}, {1}], [{8, 2}, {7}, {3, 6}, {5}, {1, 4}], [{8, 2}, {7}, {4, 6}, {1, 5}, {3}], [{8, 2}, {7}, {4, 6}, {3, 5}, {1}], [{8, 2}, {7}, {4, 6}, {5}, {1, 3}], [{8, 2}, {7}, {5, 6}, {1, 4}, {3}], [{8, 2}, {7}, {5, 6}, {3, 4}, {1}], [{8, 2}, {7}, {5, 6}, {4}, {1, 3}], [{8, 2}, {7}, {6}, {1, 5}, {3, 4}], [{8, 2}, {7}, {6}, {1, 5}, {4}, {3}], [{8, 2}, {7}, {6}, {3, 5}, {1, 4}], [{8, 2}, {7}, {6}, {4, 5}, {1, 3}], [{8, 3}, {1, 7}, {2, 6}, {4, 5}], [{8, 3}, {1, 7}, {4, 6}, {2, 5}], [{8, 3}, {1, 7}, {5, 6}, {2, 4}], [{8, 3}, {1, 7}, {6}, {4, 5}, {2}], [{8, 3}, {2, 7}, {1, 6}, {4, 5}], [{8, 3}, {2, 7}, {4, 6}, {1, 5}], [{8, 3}, {2, 7}, {5, 6}, {1, 4}], [{8, 3}, {4, 7}, {1, 6}, {2, 5}], [{8, 3}, {4, 7}, {1, 6}, {5}, {2}], [{8, 3}, {4, 7}, {2, 6}, {1, 5}], [{8, 3}, {4, 7}, {2, 6}, {5}, {1}], [{8, 3}, {4, 7}, {5, 6}, {1, 2}], [{8, 3}, {4, 7}, {6}, {5}, {1, 2}], [{8, 3}, {5, 7}, {1, 6}, {2, 4}], [{8, 3}, {5, 7}, {2, 6}, {1, 4}], [{8, 3}, {5, 7}, {4, 6}, {1, 2}], [{8, 3}, {6, 7}, {1, 5}, {2, 4}], [{8, 3}, {6, 7}, {2, 5}, {1, 4}], [{8, 3}, {6, 7}, {4, 5}, {1, 2}], [{8, 3}, {6, 7}, {5}, {1, 4}, {2}], [{8, 3}, {7}, {1, 6}, {2, 5}, {4}], [{8, 3}, {7}, {2, 6}, {1, 5}, {4}], [{8, 3}, {7}, {4, 6}, {1, 5}, {2}], [{8, 3}, {7}, {5, 6}, {4}, {1, 2}], [{8, 3}, {7}, {6}, {1, 5}, {2, 4}], [{8, 4}, {1, 7}, {2, 6}, {3, 5}], [{8, 4}, {1, 7}, {3, 6}, {2, 5}], [{8, 4}, {1, 7}, {5, 6}, {2, 3}], [{8, 4}, {2, 7}, {1, 6}, {3, 5}], [{8, 4}, {2, 7}, {3, 6}, {1, 5}], [{8, 4}, {2, 7}, {5, 6}, {1, 3}], [{8, 4}, {3, 7}, {1, 6}, {2, 5}], [{8, 4}, {3, 7}, {1, 6}, {5}, {2}], [{8, 4}, {3, 7}, {2, 6}, {1, 5}], [{8, 4}, {3, 7}, {5, 6}, {1, 2}], [{8, 4}, {5, 7}, {1, 6}, {2, 3}], [{8, 4}, {5, 7}, {2, 6}, {1, 3}], [{8, 4}, {5, 7}, {3, 6}, {1, 2}], [{8, 4}, {6, 7}, {1, 5}, {2, 3}], [{8, 4}, {6, 7}, {2, 5}, {1, 3}], [{8, 4}, {6, 7}, {3, 5}, {1, 2}], [{8, 4}, {6, 7}, {5}, {2, 3}, {1}], [{8, 4}, {7}, {1, 6}, {2, 5}, {3}], [{8, 4}, {7}, {2, 6}, {1, 5}, {3}], [{8, 4}, {7}, {3, 6}, {1, 5}, {2}], [{8, 4}, {7}, {5, 6}, {3}, {1, 2}], [{8, 4}, {7}, {6}, {1, 5}, {2, 3}], [{8, 5}, {1, 7}, {2, 6}, {3, 4}], [{8, 5}, {1, 7}, {3, 6}, {2, 4}], [{8, 5}, {1, 7}, {3, 6}, {4}, {2}], [{8, 5}, {1, 7}, {4, 6}, {2, 3}], [{8, 5}, {2, 7}, {1, 6}, {3, 4}], [{8, 5}, {2, 7}, {3, 6}, {1, 4}], [{8, 5}, {2, 7}, {4, 6}, {1, 3}], [{8, 5}, {3, 7}, {1, 6}, {2, 4}], [{8, 5}, {3, 7}, {2, 6}, {1, 4}], [{8, 5}, {3, 7}, {4, 6}, {1, 2}], [{8, 5}, {4, 7}, {1, 6}, {2, 3}], [{8, 5}, {4, 7}, {2, 6}, {1, 3}], [{8, 5}, {4, 7}, {3, 6}, {1, 2}], [{8, 5}, {6, 7}, {1, 4}, {2, 3}], [{8, 5}, {6, 7}, {2, 4}, {1, 3}], [{8, 5}, {6, 7}, {3, 4}, {1, 2}], [{8, 5}, {7}, {1, 6}, {3, 4}, {2}], [{8, 5}, {7}, {6}, {1, 4}, {2, 3}], [{8, 6}, {1, 7}, {2, 5}, {3, 4}], [{8, 6}, {1, 7}, {3, 5}, {2, 4}], [{8, 6}, {1, 7}, {3, 5}, {4}, {2}], [{8, 6}, {1, 7}, {4, 5}, {2, 3}], [{8, 6}, {2, 7}, {1, 5}, {3, 4}], [{8, 6}, {2, 7}, {3, 5}, {1, 4}], [{8, 6}, {2, 7}, {4, 5}, {1, 3}], [{8, 6}, {3, 7}, {1, 5}, {2, 4}], [{8, 6}, {3, 7}, {2, 5}, {1, 4}], [{8, 6}, {3, 7}, {4, 5}, {1, 2}], [{8, 6}, {4, 7}, {1, 5}, {2, 3}], [{8, 6}, {4, 7}, {2, 5}, {1, 3}], [{8, 6}, {4, 7}, {3, 5}, {1, 2}], [{8, 6}, {5, 7}, {1, 4}, {2, 3}], [{8, 6}, {5, 7}, {1, 4}, {3}, {2}], [{8, 6}, {5, 7}, {2, 4}, {1, 3}], [{8, 6}, {5, 7}, {3, 4}, {1, 2}], [{8, 6}, {7}, {1, 5}, {2, 4}, {3}], [{8, 6}, {7}, {1, 5}, {3, 4}, {2}], [{8, 6}, {7}, {1, 5}, {4}, {2, 3}], [{8, 7}, {1, 6}, {2, 5}, {3, 4}], [{8, 7}, {1, 6}, {2, 5}, {4}, {3}], [{8, 7}, {1, 6}, {3, 5}, {2, 4}], [{8, 7}, {1, 6}, {3, 5}, {4}, {2}], [{8, 7}, {1, 6}, {4, 5}, {2, 3}], [{8, 7}, {1, 6}, {4, 5}, {3}, {2}], [{8, 7}, {1, 6}, {5}, {2, 4}, {3}], [{8, 7}, {1, 6}, {5}, {3, 4}, {2}], [{8, 7}, {1, 6}, {5}, {4}, {2, 3}], [{8, 7}, {1, 6}, {5}, {4}, {3}, {2}], [{8, 7}, {2, 6}, {1, 5}, {3, 4}], [{8, 7}, {2, 6}, {3, 5}, {1, 4}], [{8, 7}, {2, 6}, {4, 5}, {1, 3}], [{8, 7}, {2, 6}, {5}, {4}, {1, 3}], [{8, 7}, {3, 6}, {1, 5}, {2, 4}], [{8, 7}, {3, 6}, {1, 5}, {4}, {2}], [{8, 7}, {3, 6}, {2, 5}, {1, 4}], [{8, 7}, {3, 6}, {2, 5}, {4}, {1}], [{8, 7}, {3, 6}, {4, 5}, {1, 2}], [{8, 7}, {3, 6}, {4, 5}, {2}, {1}], [{8, 7}, {3, 6}, {5}, {1, 4}, {2}], [{8, 7}, {3, 6}, {5}, {2, 4}, {1}], [{8, 7}, {3, 6}, {5}, {4}, {1, 2}], [{8, 7}, {3, 6}, {5}, {4}, {2}, {1}], [{8, 7}, {4, 6}, {1, 5}, {2, 3}], [{8, 7}, {4, 6}, {1, 5}, {3}, {2}], [{8, 7}, {4, 6}, {2, 5}, {1, 3}], [{8, 7}, {4, 6}, {3, 5}, {1, 2}], [{8, 7}, {4, 6}, {3, 5}, {2}, {1}], [{8, 7}, {4, 6}, {5}, {1, 3}, {2}], [{8, 7}, {5, 6}, {1, 4}, {2, 3}], [{8, 7}, {5, 6}, {1, 4}, {3}, {2}], [{8, 7}, {5, 6}, {2, 4}, {1, 3}], [{8, 7}, {5, 6}, {3, 4}, {1, 2}], [{8, 7}, {5, 6}, {3, 4}, {2}, {1}], [{8, 7}, {5, 6}, {4}, {1, 3}, {2}], [{8, 7}, {6}, {1, 5}, {3, 4}, {2}], [{8, 7}, {6}, {2, 5}, {4}, {1, 3}], [{8, 7}, {6}, {3, 5}, {1, 4}, {2}], [{8, 7}, {6}, {4, 5}, {1, 3}, {2}], [{8, 7}, {6}, {5}, {2, 4}, {1, 3}], [{8, 7}, {6}, {5}, {4}, {1, 3}, {2}], [{8}, {1, 7}, {5, 6}, {3, 4}, {2}], [{8}, {2, 7}, {1, 6}, {3, 5}, {4}], [{8}, {2, 7}, {1, 6}, {4, 5}, {3}], [{8}, {2, 7}, {1, 6}, {5}, {3, 4}], [{8}, {2, 7}, {3, 6}, {1, 5}, {4}], [{8}, {2, 7}, {3, 6}, {4, 5}, {1}], [{8}, {2, 7}, {3, 6}, {5}, {1, 4}], [{8}, {2, 7}, {4, 6}, {1, 5}, {3}], [{8}, {2, 7}, {4, 6}, {3, 5}, {1}], [{8}, {2, 7}, {4, 6}, {5}, {1, 3}], [{8}, {2, 7}, {5, 6}, {1, 4}, {3}], [{8}, {2, 7}, {5, 6}, {3, 4}, {1}], [{8}, {2, 7}, {5, 6}, {4}, {1, 3}], [{8}, {2, 7}, {6}, {1, 5}, {3, 4}], [{8}, {2, 7}, {6}, {3, 5}, {1, 4}], [{8}, {2, 7}, {6}, {4, 5}, {1, 3}], [{8}, {3, 7}, {1, 6}, {2, 5}, {4}], [{8}, {3, 7}, {4, 6}, {1, 5}, {2}], [{8}, {4, 7}, {1, 6}, {2, 5}, {3}], [{8}, {4, 7}, {3, 6}, {1, 5}, {2}], [{8}, {5, 7}, {1, 6}, {3, 4}, {2}], [{8}, {6, 7}, {1, 5}, {3, 4}, {2}], [{8}, {7}, {1, 6}, {2, 5}, {3, 4}], [{8}, {7}, {1, 6}, {5}, {3, 4}, {2}], [{8}, {7}, {2, 6}, {1, 5}, {3, 4}], [{8}, {7}, {3, 6}, {1, 5}, {2, 4}], [{8}, {7}, {3, 6}, {1, 5}, {4}, {2}], [{8}, {7}, {4, 6}, {1, 5}, {2, 3}], [{8}, {7}, {4, 6}, {1, 5}, {3}, {2}], [{8}, {7}, {5, 6}, {3, 4}, {1, 2}], [{8}, {7}, {5, 6}, {3, 4}, {2}, {1}], [{8}, {7}, {6}, {1, 5}, {3, 4}, {2}]]",2,4 K_1^2 K_2 - 24 K_1^2 - 18 K_1 K_2 - 4 K_1 K_3 + 9 K_1 - 4 K_2^2 + 12 K_2 + 9 K_3 + 3 K_4 + 14,O1O2O3O4U3U5O6U7U6O8O5U1U8U4O7U2,O1O2O3U4U2O5O6U5O4O7U1U7U8U3O8U6,O1O2O3U4O5U1U5U6U3O6O7U8O4O8U2U7,c,{'O1O2O3O4U3O5U1U6U4O7O6U8U5O8U7U2'},1,"<a href=""/flatknot/8.704404"">8.704404</a>",t^9-62t^7-220t^6-32t^5+424t^4+144t^3-204t^2-57t+20,t^3-2t^2+t,,
8.704405,O1O2O3O4U3O5U1U6U4O7O6U8U7O8U5U2,4,23z^2+108z+125,23w^3z^2+108w^2z+125w,False,False,"[[ 0 -3  1 -1  2  2  0  0 -1],[ 3  0  3  0  2  2  2  0  3],[-1 -3  0 -1  1  1 -1  0 -2],[ 1  0  1  0  1  1  0  0  1],[-2 -2 -1 -1  0  0 -2 -1 -2],[-2 -2 -1 -1  0  0 -1  0 -3],[ 0 -2  1  0  2  1  0  0  0],[ 0  0  0  0  1  0  0  0  0],[ 1 -3  2 -1  2  3  0  0  0]]","[[ 0  2  2  1  0  0 -1 -1 -3],[-2  0  0 -1  0 -1 -1 -3 -2],[-2  0  0 -1 -1 -2 -1 -2 -2],[-1  1  1  0  0 -1 -1 -2 -3],[ 0  0  1  0  0  0  0  0  0],[ 0  1  2  1  0  0  0  0 -2],[ 1  1  1  1  0  0  0  1  0],[ 1  3  2  2  0  0 -1  0 -3],[ 3  2  2  3  0  2  0  3  0]]",True,"[-2,-2,-1,0,0,1,1,3,0,1,0,1,1,3,2,1,1,2,1,2,2,0,1,1,2,3,0,0,0,0,0,0,2,-1,0,3]","[-3,-1,-1,0,0,1,2,2,-1,2,1,3,1,3,3,1,1,1,0,0,1,1,1,1,2,2,0,0,1,0,1,2,1,0,0,0]",t^8+60t^6+130t^4+46t^2+1,"[-3,-1,-1,0,0,1,2,2,-1,2,1,3,1,3,3,1,1,1,0,0,1,1,1,1,2,2,0,0,1,0,1,2,1,0,0,0]","[-2,-2,-1,0,0,1,1,3,0,0,0,1,1,2,3,0,1,2,0,2,3,0,1,0,1,1,0,1,1,1,1,1,3,-1,-1,2]","[-3,-1,-1,0,0,1,2,2,0,3,0,2,3,2,2,1,0,0,1,1,1,0,0,2,2,3,0,0,1,0,1,2,1,1,1,0]",c,"[[{8, 1}, {2, 7}, {3, 6}, {4, 5}], [{8, 1}, {2, 7}, {4, 6}, {3, 5}], [{8, 1}, {2, 7}, {4, 6}, {5}, {3}], [{8, 1}, {2, 7}, {5, 6}, {3, 4}], [{8, 1}, {3, 7}, {2, 6}, {4, 5}], [{8, 1}, {3, 7}, {4, 6}, {2, 5}], [{8, 1}, {3, 7}, {4, 6}, {5}, {2}], [{8, 1}, {3, 7}, {5, 6}, {2, 4}], [{8, 1}, {4, 7}, {2, 6}, {3, 5}], [{8, 1}, {4, 7}, {2, 6}, {5}, {3}], [{8, 1}, {4, 7}, {3, 6}, {2, 5}], [{8, 1}, {4, 7}, {5, 6}, {2, 3}], [{8, 1}, {4, 7}, {6}, {3, 5}, {2}], [{8, 1}, {5, 7}, {2, 6}, {3, 4}], [{8, 1}, {5, 7}, {3, 6}, {2, 4}], [{8, 1}, {5, 7}, {3, 6}, {4}, {2}], [{8, 1}, {5, 7}, {4, 6}, {2, 3}], [{8, 1}, {6, 7}, {2, 5}, {3, 4}], [{8, 1}, {6, 7}, {3, 5}, {2, 4}], [{8, 1}, {6, 7}, {4, 5}, {2, 3}], [{8, 1}, {7}, {4, 6}, {5}, {2, 3}], [{8, 2}, {1, 7}, {3, 6}, {4, 5}], [{8, 2}, {1, 7}, {4, 6}, {3, 5}], [{8, 2}, {1, 7}, {5, 6}, {3, 4}], [{8, 2}, {1, 7}, {6}, {5}, {3, 4}], [{8, 2}, {3, 7}, {1, 6}, {4, 5}], [{8, 2}, {3, 7}, {4, 6}, {1, 5}], [{8, 2}, {3, 7}, {5, 6}, {1, 4}], [{8, 2}, {4, 7}, {1, 6}, {3, 5}], [{8, 2}, {4, 7}, {1, 6}, {5}, {3}], [{8, 2}, {4, 7}, {3, 6}, {1, 5}], [{8, 2}, {4, 7}, {3, 6}, {5}, {1}], [{8, 2}, {4, 7}, {5, 6}, {1, 3}], [{8, 2}, {4, 7}, {6}, {5}, {1, 3}], [{8, 2}, {5, 7}, {1, 6}, {3, 4}], [{8, 2}, {5, 7}, {3, 6}, {1, 4}], [{8, 2}, {5, 7}, {4, 6}, {1, 3}], [{8, 2}, {6, 7}, {1, 5}, {3, 4}], [{8, 2}, {6, 7}, {3, 5}, {1, 4}], [{8, 2}, {6, 7}, {4, 5}, {1, 3}], [{8, 2}, {6, 7}, {5}, {4}, {1, 3}], [{8, 2}, {7}, {4, 6}, {1, 5}, {3}], [{8, 2}, {7}, {4, 6}, {3, 5}, {1}], [{8, 2}, {7}, {4, 6}, {5}, {1, 3}], [{8, 3}, {1, 7}, {2, 6}, {4, 5}], [{8, 3}, {1, 7}, {4, 6}, {2, 5}], [{8, 3}, {1, 7}, {5, 6}, {2, 4}], [{8, 3}, {2, 7}, {1, 6}, {4, 5}], [{8, 3}, {2, 7}, {4, 6}, {1, 5}], [{8, 3}, {2, 7}, {5, 6}, {1, 4}], [{8, 3}, {2, 7}, {6}, {1, 5}, {4}], [{8, 3}, {4, 7}, {1, 6}, {2, 5}], [{8, 3}, {4, 7}, {2, 6}, {1, 5}], [{8, 3}, {4, 7}, {2, 6}, {5}, {1}], [{8, 3}, {4, 7}, {5, 6}, {1, 2}], [{8, 3}, {4, 7}, {5, 6}, {2}, {1}], [{8, 3}, {4, 7}, {6}, {2, 5}, {1}], [{8, 3}, {5, 7}, {1, 6}, {2, 4}], [{8, 3}, {5, 7}, {1, 6}, {4}, {2}], [{8, 3}, {5, 7}, {2, 6}, {1, 4}], [{8, 3}, {5, 7}, {4, 6}, {1, 2}], [{8, 3}, {6, 7}, {1, 5}, {2, 4}], [{8, 3}, {6, 7}, {2, 5}, {1, 4}], [{8, 3}, {6, 7}, {4, 5}, {1, 2}], [{8, 3}, {7}, {1, 6}, {5}, {2, 4}], [{8, 3}, {7}, {4, 6}, {1, 5}, {2}], [{8, 3}, {7}, {5, 6}, {4}, {1, 2}], [{8, 4}, {1, 7}, {2, 6}, {3, 5}], [{8, 4}, {1, 7}, {3, 6}, {2, 5}], [{8, 4}, {1, 7}, {5, 6}, {2, 3}], [{8, 4}, {1, 7}, {5, 6}, {3}, {2}], [{8, 4}, {2, 7}, {1, 6}, {3, 5}], [{8, 4}, {2, 7}, {1, 6}, {5}, {3}], [{8, 4}, {2, 7}, {3, 6}, {1, 5}], [{8, 4}, {2, 7}, {5, 6}, {1, 3}], [{8, 4}, {2, 7}, {5, 6}, {3}, {1}], [{8, 4}, {2, 7}, {6}, {1, 5}, {3}], [{8, 4}, {3, 7}, {1, 6}, {2, 5}], [{8, 4}, {3, 7}, {2, 6}, {1, 5}], [{8, 4}, {3, 7}, {5, 6}, {1, 2}], [{8, 4}, {3, 7}, {6}, {2, 5}, {1}], [{8, 4}, {5, 7}, {1, 6}, {2, 3}], [{8, 4}, {5, 7}, {2, 6}, {1, 3}], [{8, 4}, {5, 7}, {3, 6}, {1, 2}], [{8, 4}, {5, 7}, {6}, {1, 3}, {2}], [{8, 4}, {6, 7}, {1, 5}, {2, 3}], [{8, 4}, {6, 7}, {2, 5}, {1, 3}], [{8, 4}, {6, 7}, {3, 5}, {1, 2}], [{8, 4}, {7}, {2, 6}, {3, 5}, {1}], [{8, 4}, {7}, {3, 6}, {1, 5}, {2}], [{8, 4}, {7}, {5, 6}, {3}, {1, 2}], [{8, 5}, {1, 7}, {2, 6}, {3, 4}], [{8, 5}, {1, 7}, {2, 6}, {4}, {3}], [{8, 5}, {1, 7}, {3, 6}, {2, 4}], [{8, 5}, {1, 7}, {4, 6}, {2, 3}], [{8, 5}, {2, 7}, {1, 6}, {3, 4}], [{8, 5}, {2, 7}, {3, 6}, {1, 4}], [{8, 5}, {2, 7}, {4, 6}, {1, 3}], [{8, 5}, {2, 7}, {4, 6}, {3}, {1}], [{8, 5}, {3, 7}, {1, 6}, {2, 4}], [{8, 5}, {3, 7}, {1, 6}, {4}, {2}], [{8, 5}, {3, 7}, {2, 6}, {1, 4}], [{8, 5}, {3, 7}, {4, 6}, {1, 2}], [{8, 5}, {3, 7}, {4, 6}, {2}, {1}], [{8, 5}, {3, 7}, {6}, {1, 4}, {2}], [{8, 5}, {4, 7}, {1, 6}, {2, 3}], [{8, 5}, {4, 7}, {2, 6}, {1, 3}], [{8, 5}, {4, 7}, {3, 6}, {1, 2}], [{8, 5}, {4, 7}, {6}, {3}, {1, 2}], [{8, 5}, {6, 7}, {1, 4}, {2, 3}], [{8, 5}, {6, 7}, {1, 4}, {3}, {2}], [{8, 5}, {6, 7}, {2, 4}, {1, 3}], [{8, 5}, {6, 7}, {3, 4}, {1, 2}], [{8, 5}, {7}, {1, 6}, {2, 4}, {3}], [{8, 5}, {7}, {2, 6}, {3, 4}, {1}], [{8, 5}, {7}, {3, 6}, {1, 4}, {2}], [{8, 5}, {7}, {4, 6}, {2, 3}, {1}], [{8, 6}, {1, 7}, {2, 5}, {3, 4}], [{8, 6}, {1, 7}, {3, 5}, {2, 4}], [{8, 6}, {1, 7}, {4, 5}, {2, 3}], [{8, 6}, {1, 7}, {5}, {3, 4}, {2}], [{8, 6}, {2, 7}, {1, 5}, {3, 4}], [{8, 6}, {2, 7}, {1, 5}, {4}, {3}], [{8, 6}, {2, 7}, {3, 5}, {1, 4}], [{8, 6}, {2, 7}, {4, 5}, {1, 3}], [{8, 6}, {2, 7}, {4, 5}, {3}, {1}], [{8, 6}, {2, 7}, {5}, {1, 4}, {3}], [{8, 6}, {3, 7}, {1, 5}, {2, 4}], [{8, 6}, {3, 7}, {2, 5}, {1, 4}], [{8, 6}, {3, 7}, {4, 5}, {1, 2}], [{8, 6}, {4, 7}, {1, 5}, {2, 3}], [{8, 6}, {4, 7}, {2, 5}, {1, 3}], [{8, 6}, {4, 7}, {3, 5}, {1, 2}], [{8, 6}, {4, 7}, {5}, {1, 3}, {2}], [{8, 6}, {4, 7}, {5}, {2, 3}, {1}], [{8, 6}, {4, 7}, {5}, {3}, {1, 2}], [{8, 6}, {5, 7}, {1, 4}, {2, 3}], [{8, 6}, {5, 7}, {2, 4}, {1, 3}], [{8, 6}, {5, 7}, {3, 4}, {1, 2}], [{8, 6}, {5, 7}, {3, 4}, {2}, {1}], [{8, 6}, {7}, {1, 5}, {3, 4}, {2}], [{8, 6}, {7}, {3, 5}, {1, 4}, {2}], [{8, 7}, {1, 6}, {2, 5}, {3, 4}], [{8, 7}, {1, 6}, {2, 5}, {4}, {3}], [{8, 7}, {1, 6}, {3, 5}, {2, 4}], [{8, 7}, {1, 6}, {3, 5}, {4}, {2}], [{8, 7}, {1, 6}, {4, 5}, {2, 3}], [{8, 7}, {1, 6}, {4, 5}, {3}, {2}], [{8, 7}, {1, 6}, {5}, {2, 4}, {3}], [{8, 7}, {1, 6}, {5}, {3, 4}, {2}], [{8, 7}, {1, 6}, {5}, {4}, {2, 3}], [{8, 7}, {1, 6}, {5}, {4}, {3}, {2}], [{8, 7}, {2, 6}, {1, 5}, {3, 4}], [{8, 7}, {2, 6}, {1, 5}, {4}, {3}], [{8, 7}, {2, 6}, {3, 5}, {1, 4}], [{8, 7}, {2, 6}, {4, 5}, {1, 3}], [{8, 7}, {2, 6}, {4, 5}, {3}, {1}], [{8, 7}, {2, 6}, {5}, {1, 4}, {3}], [{8, 7}, {3, 6}, {1, 5}, {2, 4}], [{8, 7}, {3, 6}, {2, 5}, {1, 4}], [{8, 7}, {3, 6}, {2, 5}, {4}, {1}], [{8, 7}, {3, 6}, {4, 5}, {1, 2}], [{8, 7}, {4, 6}, {1, 5}, {2, 3}], [{8, 7}, {4, 6}, {1, 5}, {3}, {2}], [{8, 7}, {4, 6}, {2, 5}, {1, 3}], [{8, 7}, {4, 6}, {2, 5}, {3}, {1}], [{8, 7}, {4, 6}, {3, 5}, {1, 2}], [{8, 7}, {4, 6}, {5}, {3}, {1, 2}], [{8, 7}, {5, 6}, {1, 4}, {2, 3}], [{8, 7}, {5, 6}, {1, 4}, {3}, {2}], [{8, 7}, {5, 6}, {2, 4}, {1, 3}], [{8, 7}, {5, 6}, {2, 4}, {3}, {1}], [{8, 7}, {5, 6}, {3, 4}, {1, 2}], [{8, 7}, {5, 6}, {4}, {3}, {1, 2}], [{8, 7}, {6}, {1, 5}, {2, 4}, {3}], [{8, 7}, {6}, {2, 5}, {1, 4}, {3}], [{8, 7}, {6}, {2, 5}, {3, 4}, {1}], [{8, 7}, {6}, {2, 5}, {4}, {1, 3}], [{8, 7}, {6}, {2, 5}, {4}, {3}, {1}], [{8, 7}, {6}, {4, 5}, {3}, {1, 2}], [{8}, {1, 7}, {2, 6}, {5}, {3, 4}], [{8}, {1, 7}, {3, 6}, {4, 5}, {2}], [{8}, {2, 7}, {3, 6}, {1, 5}, {4}], [{8}, {2, 7}, {4, 6}, {1, 5}, {3}], [{8}, {2, 7}, {6}, {1, 5}, {3, 4}], [{8}, {2, 7}, {6}, {3, 5}, {1, 4}], [{8}, {3, 7}, {1, 6}, {5}, {2, 4}], [{8}, {3, 7}, {4, 6}, {1, 5}, {2}], [{8}, {3, 7}, {5, 6}, {4}, {1, 2}], [{8}, {4, 7}, {2, 6}, {5}, {1, 3}], [{8}, {4, 7}, {5, 6}, {3}, {1, 2}], [{8}, {4, 7}, {6}, {1, 5}, {2, 3}], [{8}, {5, 7}, {1, 6}, {2, 4}, {3}], [{8}, {5, 7}, {6}, {1, 4}, {2, 3}], [{8}, {6, 7}, {1, 5}, {4}, {2, 3}], [{8}, {6, 7}, {4, 5}, {1, 3}, {2}], [{8}, {7}, {1, 6}, {3, 5}, {2, 4}], [{8}, {7}, {1, 6}, {5}, {2, 4}, {3}], [{8}, {7}, {4, 6}, {1, 5}, {2, 3}], [{8}, {7}, {4, 6}, {1, 5}, {3}, {2}], [{8}, {7}, {5, 6}, {3, 4}, {1, 2}], [{8}, {7}, {5, 6}, {4}, {3}, {1, 2}]]",2,24 K_1^3 + 8 K_1^2 K_2 - 20 K_1^2 - 38 K_1 K_2 - 12 K_1 K_3 + K_1 - 4 K_2^2 + 12 K_2 + 13 K_3 + 6 K_4 + 11,O1O2O3O4U3U5O6U7U6O8O7U1U8U4O5U2,O1O2O3U4U2O5O4U5O6O7U1U7U8U3O8U6,O1O2O3U4O5U1U5U6U3O6O4U7O8O7U2U8,c,{'O1O2O3O4U3O5U1U6U4O7O6U8U7O8U5U2'},1,"<a href=""/flatknot/8.704405"">8.704405</a>",t^9-62t^7-212t^6-4t^5+420t^4+198t^3-46t^2+16t+10,t^3-2t^2+t,,
8.704406,O1O2O3O4U3O5U1U6U5O7O6U2U4O8U7U8,3,11z^2+63z+83,-2w^4z^2+13w^3z^2+63w^2z+83w,False,False,"[[ 0 -3 -1 -1  2  2  0  0  1],[ 3  0  2  0  4  1  2  2  0],[ 1 -2  0  0  2  1  0  1  1],[ 1  0  0  0  1  0  1  1  0],[-2 -4 -2 -1  0  1 -3  0  1],[-2 -1 -1  0 -1  0 -2 -1  0],[ 0 -2  0 -1  3  2  0  0  0],[ 0 -2 -1 -1  0  1  0  0  1],[-1  0 -1  0 -1  0  0 -1  0]]","[[ 0  2  2  1  0  0 -1 -1 -3],[-2  0  1  1  0 -3 -1 -2 -4],[-2 -1  0  0 -1 -2  0 -1 -1],[-1 -1  0  0 -1  0  0 -1  0],[ 0  0  1  1  0  0 -1 -1 -2],[ 0  3  2  0  0  0 -1  0 -2],[ 1  1  0  0  1  1  0  0  0],[ 1  2  1  1  1  0  0  0 -2],[ 3  4  1  0  2  2  0  2  0]]",True,"[-2,-2,-1,0,0,1,1,3,-1,-1,0,3,1,2,4,0,1,2,0,1,1,1,0,0,1,0,0,1,1,2,1,0,2,0,0,2]","[-3,-1,-1,0,0,1,2,2,0,2,1,1,4,1,4,0,0,1,1,1,2,0,0,2,2,3,0,0,2,1,1,-1,0,2,1,-1]",t^8+56t^6+192t^4+80t^2,"[-3,-1,-1,0,0,1,2,2,0,2,1,1,4,1,4,0,0,1,1,1,2,0,0,2,2,3,0,0,2,1,1,-1,0,2,1,-1]","[-2,-2,-1,0,0,1,1,3,-1,1,0,1,2,3,4,2,-1,2,1,2,1,1,0,1,2,4,0,1,0,1,0,0,1,0,0,2]","[-3,-1,-1,0,0,1,2,2,0,2,2,2,0,1,4,0,1,1,0,0,1,0,1,1,1,2,0,0,2,3,1,1,0,0,-1,-1]",c,"[[{8, 2}, {6, 7}, {1, 5}, {3, 4}], [{8, 2}, {6, 7}, {3, 5}, {1, 4}], [{8, 2}, {6, 7}, {4, 5}, {1, 3}], [{8, 3}, {4, 7}, {2, 6}, {1, 5}], [{8, 5}, {1, 7}, {4, 6}, {2, 3}], [{8, 7}, {2, 6}, {1, 5}, {3, 4}], [{8, 7}, {3, 6}, {1, 5}, {2, 4}], [{8}, {6, 7}, {3, 5}, {1, 4}, {2}]]",1,16 K_1^3 - 24 K_1^2 - 22 K_1 K_2 - K_1 + 12 K_2 + 7 K_3 + 13,O1O2O3O4U5U6O5U1U3O7O6U8U7U4O8U2,O1O2O3U4U2O5O6U7O4O7U1U5U8U6O8U3,O1O2O3U1O4U5U4U6U3O7O8U7O5O6U2U8,c,{'O1O2O3O4U3O5U1U6U5O7O6U2U4O8U7U8'},1,"<a href=""/flatknot/8.704406"">8.704406</a>",t^9-58t^7-142t^6+140t^5+360t^4+68t^3-20t^2-40t,t^3-2t^2+t,,
8.704407,O1O2O3O4U3O5U1U6U5O7O6U2U7O8U4U8,3,3z^2+16z+21,-16w^4z^2+19w^3z^2-52w^3z+68w^2z+21w,False,False,"[[ 0 -3 -1 -1  2  2  0  0  1],[ 3  0  2  0  4  1  2  1  1],[ 1 -2  0  0  3  1  0  0  1],[ 1  0  0  0  1  0  1  0  1],[-2 -4 -3 -1  0  1 -2 -1  1],[-2 -1 -1  0 -1  0 -2 -1  0],[ 0 -2  0 -1  2  2  0  0  1],[ 0 -1  0  0  1  1  0  0  0],[-1 -1 -1 -1 -1  0 -1  0  0]]","[[ 0  2  2  1  0  0 -1 -1 -3],[-2  0  1  1 -1 -2 -1 -3 -4],[-2 -1  0  0 -1 -2  0 -1 -1],[-1 -1  0  0  0 -1 -1 -1 -1],[ 0  1  1  0  0  0  0  0 -1],[ 0  2  2  1  0  0 -1  0 -2],[ 1  1  0  1  0  1  0  0  0],[ 1  3  1  1  0  0  0  0 -2],[ 3  4  1  1  1  2  0  2  0]]",True,"[-2,-2,-1,0,0,1,1,3,-1,-1,1,2,1,3,4,0,1,2,0,1,1,0,1,1,1,1,0,0,0,1,1,0,2,0,0,2]","[-3,-1,-1,0,0,1,2,2,0,2,1,2,1,1,4,0,0,1,1,0,1,0,0,1,1,3,0,0,1,1,1,2,2,0,-1,-1]",t^8+54t^6+132t^4+56t^2,"[-3,-1,-1,0,0,1,2,2,0,2,1,2,3,1,4,0,1,1,1,0,2,0,1,1,2,3,0,0,0,0,1,1,1,2,1,-1]","[-2,-2,-1,0,0,1,1,3,-1,1,0,1,2,3,4,2,0,1,0,2,1,0,1,1,1,3,0,1,0,1,1,1,2,0,0,2]","[-3,-1,-1,0,0,1,2,2,0,2,1,2,1,1,4,0,0,1,1,0,1,0,0,1,1,3,0,0,1,1,1,2,2,0,-1,-1]",c,"[[{8, 1}, {2, 7}, {3, 6}, {4, 5}], [{8, 1}, {2, 7}, {4, 6}, {3, 5}], [{8, 1}, {2, 7}, {5, 6}, {3, 4}], [{8, 1}, {3, 7}, {2, 6}, {4, 5}], [{8, 1}, {3, 7}, {4, 6}, {2, 5}], [{8, 1}, {3, 7}, {5, 6}, {2, 4}], [{8, 1}, {3, 7}, {6}, {5}, {2, 4}], [{8, 1}, {4, 7}, {2, 6}, {3, 5}], [{8, 1}, {4, 7}, {3, 6}, {2, 5}], [{8, 1}, {4, 7}, {5, 6}, {2, 3}], [{8, 1}, {4, 7}, {6}, {5}, {2, 3}], [{8, 1}, {5, 7}, {2, 6}, {3, 4}], [{8, 1}, {5, 7}, {3, 6}, {2, 4}], [{8, 1}, {5, 7}, {4, 6}, {2, 3}], [{8, 1}, {6, 7}, {2, 5}, {3, 4}], [{8, 1}, {6, 7}, {3, 5}, {2, 4}], [{8, 1}, {6, 7}, {4, 5}, {2, 3}], [{8, 1}, {6, 7}, {5}, {4}, {2, 3}], [{8, 1}, {7}, {2, 6}, {3, 5}, {4}], [{8, 1}, {7}, {3, 6}, {2, 5}, {4}], [{8, 1}, {7}, {4, 6}, {5}, {2, 3}], [{8, 1}, {7}, {5, 6}, {3, 4}, {2}], [{8, 2}, {1, 7}, {3, 6}, {4, 5}], [{8, 2}, {1, 7}, {4, 6}, {3, 5}], [{8, 2}, {1, 7}, {5, 6}, {3, 4}], [{8, 2}, {3, 7}, {1, 6}, {4, 5}], [{8, 2}, {3, 7}, {4, 6}, {1, 5}], [{8, 2}, {3, 7}, {5, 6}, {1, 4}], [{8, 2}, {3, 7}, {5, 6}, {4}, {1}], [{8, 2}, {3, 7}, {6}, {5}, {1, 4}], [{8, 2}, {4, 7}, {1, 6}, {3, 5}], [{8, 2}, {4, 7}, {3, 6}, {1, 5}], [{8, 2}, {4, 7}, {5, 6}, {1, 3}], [{8, 2}, {4, 7}, {6}, {5}, {1, 3}], [{8, 2}, {5, 7}, {1, 6}, {3, 4}], [{8, 2}, {5, 7}, {3, 6}, {1, 4}], [{8, 2}, {5, 7}, {4, 6}, {1, 3}], [{8, 2}, {6, 7}, {1, 5}, {3, 4}], [{8, 2}, {6, 7}, {3, 5}, {1, 4}], [{8, 2}, {6, 7}, {4, 5}, {1, 3}], [{8, 2}, {6, 7}, {5}, {4}, {1, 3}], [{8, 2}, {7}, {1, 6}, {3, 5}, {4}], [{8, 2}, {7}, {3, 6}, {1, 5}, {4}], [{8, 2}, {7}, {4, 6}, {5}, {1, 3}], [{8, 2}, {7}, {5, 6}, {1, 4}, {3}], [{8, 3}, {1, 7}, {2, 6}, {4, 5}], [{8, 3}, {1, 7}, {2, 6}, {5}, {4}], [{8, 3}, {1, 7}, {4, 6}, {2, 5}], [{8, 3}, {1, 7}, {4, 6}, {5}, {2}], [{8, 3}, {1, 7}, {5, 6}, {2, 4}], [{8, 3}, {1, 7}, {5, 6}, {4}, {2}], [{8, 3}, {1, 7}, {6}, {2, 5}, {4}], [{8, 3}, {1, 7}, {6}, {4, 5}, {2}], [{8, 3}, {1, 7}, {6}, {5}, {2, 4}], [{8, 3}, {1, 7}, {6}, {5}, {4}, {2}], [{8, 3}, {2, 7}, {1, 6}, {4, 5}], [{8, 3}, {2, 7}, {1, 6}, {5}, {4}], [{8, 3}, {2, 7}, {4, 6}, {1, 5}], [{8, 3}, {2, 7}, {4, 6}, {5}, {1}], [{8, 3}, {2, 7}, {5, 6}, {1, 4}], [{8, 3}, {2, 7}, {5, 6}, {4}, {1}], [{8, 3}, {2, 7}, {6}, {1, 5}, {4}], [{8, 3}, {2, 7}, {6}, {4, 5}, {1}], [{8, 3}, {2, 7}, {6}, {5}, {1, 4}], [{8, 3}, {2, 7}, {6}, {5}, {4}, {1}], [{8, 3}, {4, 7}, {1, 6}, {2, 5}], [{8, 3}, {4, 7}, {1, 6}, {5}, {2}], [{8, 3}, {4, 7}, {2, 6}, {1, 5}], [{8, 3}, {4, 7}, {2, 6}, {5}, {1}], [{8, 3}, {4, 7}, {5, 6}, {1, 2}], [{8, 3}, {4, 7}, {5, 6}, {2}, {1}], [{8, 3}, {4, 7}, {6}, {1, 5}, {2}], [{8, 3}, {4, 7}, {6}, {2, 5}, {1}], [{8, 3}, {4, 7}, {6}, {5}, {1, 2}], [{8, 3}, {4, 7}, {6}, {5}, {2}, {1}], [{8, 3}, {5, 7}, {1, 6}, {2, 4}], [{8, 3}, {5, 7}, {1, 6}, {4}, {2}], [{8, 3}, {5, 7}, {2, 6}, {1, 4}], [{8, 3}, {5, 7}, {2, 6}, {4}, {1}], [{8, 3}, {5, 7}, {4, 6}, {1, 2}], [{8, 3}, {5, 7}, {4, 6}, {2}, {1}], [{8, 3}, {5, 7}, {6}, {1, 4}, {2}], [{8, 3}, {5, 7}, {6}, {2, 4}, {1}], [{8, 3}, {5, 7}, {6}, {4}, {1, 2}], [{8, 3}, {5, 7}, {6}, {4}, {2}, {1}], [{8, 3}, {6, 7}, {1, 5}, {2, 4}], [{8, 3}, {6, 7}, {1, 5}, {4}, {2}], [{8, 3}, {6, 7}, {2, 5}, {1, 4}], [{8, 3}, {6, 7}, {2, 5}, {4}, {1}], [{8, 3}, {6, 7}, {4, 5}, {1, 2}], [{8, 3}, {6, 7}, {4, 5}, {2}, {1}], [{8, 3}, {6, 7}, {5}, {1, 4}, {2}], [{8, 3}, {6, 7}, {5}, {2, 4}, {1}], [{8, 3}, {6, 7}, {5}, {4}, {1, 2}], [{8, 3}, {6, 7}, {5}, {4}, {2}, {1}], [{8, 3}, {7}, {1, 6}, {2, 5}, {4}], [{8, 3}, {7}, {1, 6}, {4, 5}, {2}], [{8, 3}, {7}, {1, 6}, {5}, {2, 4}], [{8, 3}, {7}, {1, 6}, {5}, {4}, {2}], [{8, 3}, {7}, {2, 6}, {1, 5}, {4}], [{8, 3}, {7}, {2, 6}, {4, 5}, {1}], [{8, 3}, {7}, {2, 6}, {5}, {1, 4}], [{8, 3}, {7}, {2, 6}, {5}, {4}, {1}], [{8, 3}, {7}, {4, 6}, {1, 5}, {2}], [{8, 3}, {7}, {4, 6}, {2, 5}, {1}], [{8, 3}, {7}, {4, 6}, {5}, {1, 2}], [{8, 3}, {7}, {4, 6}, {5}, {2}, {1}], [{8, 3}, {7}, {5, 6}, {1, 4}, {2}], [{8, 3}, {7}, {5, 6}, {2, 4}, {1}], [{8, 3}, {7}, {5, 6}, {4}, {1, 2}], [{8, 3}, {7}, {5, 6}, {4}, {2}, {1}], [{8, 3}, {7}, {6}, {1, 5}, {2, 4}], [{8, 3}, {7}, {6}, {1, 5}, {4}, {2}], [{8, 3}, {7}, {6}, {2, 5}, {1, 4}], [{8, 3}, {7}, {6}, {2, 5}, {4}, {1}], [{8, 3}, {7}, {6}, {4, 5}, {1, 2}], [{8, 3}, {7}, {6}, {4, 5}, {2}, {1}], [{8, 3}, {7}, {6}, {5}, {1, 4}, {2}], [{8, 3}, {7}, {6}, {5}, {2, 4}, {1}], [{8, 3}, {7}, {6}, {5}, {4}, {1, 2}], [{8, 3}, {7}, {6}, {5}, {4}, {2}, {1}], [{8, 4}, {1, 7}, {2, 6}, {3, 5}], [{8, 4}, {1, 7}, {3, 6}, {2, 5}], [{8, 4}, {1, 7}, {5, 6}, {2, 3}], [{8, 4}, {2, 7}, {1, 6}, {3, 5}], [{8, 4}, {2, 7}, {3, 6}, {1, 5}], [{8, 4}, {2, 7}, {5, 6}, {1, 3}], [{8, 4}, {3, 7}, {1, 6}, {2, 5}], [{8, 4}, {3, 7}, {2, 6}, {1, 5}], [{8, 4}, {3, 7}, {2, 6}, {5}, {1}], [{8, 4}, {3, 7}, {5, 6}, {1, 2}], [{8, 4}, {3, 7}, {6}, {1, 5}, {2}], [{8, 4}, {5, 7}, {1, 6}, {2, 3}], [{8, 4}, {5, 7}, {2, 6}, {1, 3}], [{8, 4}, {5, 7}, {3, 6}, {1, 2}], [{8, 4}, {6, 7}, {1, 5}, {2, 3}], [{8, 4}, {6, 7}, {2, 5}, {1, 3}], [{8, 4}, {6, 7}, {3, 5}, {1, 2}], [{8, 4}, {7}, {1, 6}, {2, 5}, {3}], [{8, 4}, {7}, {2, 6}, {1, 5}, {3}], [{8, 4}, {7}, {3, 6}, {5}, {1, 2}], [{8, 4}, {7}, {5, 6}, {1, 3}, {2}], [{8, 5}, {1, 7}, {2, 6}, {3, 4}], [{8, 5}, {1, 7}, {3, 6}, {2, 4}], [{8, 5}, {1, 7}, {3, 6}, {4}, {2}], [{8, 5}, {1, 7}, {4, 6}, {2, 3}], [{8, 5}, {2, 7}, {1, 6}, {3, 4}], [{8, 5}, {2, 7}, {3, 6}, {1, 4}], [{8, 5}, {2, 7}, {4, 6}, {1, 3}], [{8, 5}, {3, 7}, {1, 6}, {2, 4}], [{8, 5}, {3, 7}, {2, 6}, {1, 4}], [{8, 5}, {3, 7}, {4, 6}, {1, 2}], [{8, 5}, {3, 7}, {4, 6}, {2}, {1}], [{8, 5}, {3, 7}, {6}, {4}, {1, 2}], [{8, 5}, {4, 7}, {1, 6}, {2, 3}], [{8, 5}, {4, 7}, {2, 6}, {1, 3}], [{8, 5}, {4, 7}, {3, 6}, {1, 2}], [{8, 5}, {4, 7}, {3, 6}, {2}, {1}], [{8, 5}, {6, 7}, {1, 4}, {2, 3}], [{8, 5}, {6, 7}, {2, 4}, {1, 3}], [{8, 5}, {6, 7}, {3, 4}, {1, 2}], [{8, 5}, {7}, {1, 6}, {4}, {2, 3}], [{8, 5}, {7}, {2, 6}, {4}, {1, 3}], [{8, 5}, {7}, {3, 6}, {1, 4}, {2}], [{8, 5}, {7}, {4, 6}, {3}, {1, 2}], [{8, 6}, {1, 7}, {2, 5}, {3, 4}], [{8, 6}, {1, 7}, {3, 5}, {2, 4}], [{8, 6}, {1, 7}, {3, 5}, {4}, {2}], [{8, 6}, {1, 7}, {4, 5}, {2, 3}], [{8, 6}, {2, 7}, {1, 5}, {3, 4}], [{8, 6}, {2, 7}, {3, 5}, {1, 4}], [{8, 6}, {2, 7}, {4, 5}, {1, 3}], [{8, 6}, {3, 7}, {1, 5}, {2, 4}], [{8, 6}, {3, 7}, {2, 5}, {1, 4}], [{8, 6}, {3, 7}, {4, 5}, {1, 2}], [{8, 6}, {3, 7}, {4, 5}, {2}, {1}], [{8, 6}, {4, 7}, {1, 5}, {2, 3}], [{8, 6}, {4, 7}, {2, 5}, {1, 3}], [{8, 6}, {4, 7}, {3, 5}, {1, 2}], [{8, 6}, {4, 7}, {3, 5}, {2}, {1}], [{8, 6}, {5, 7}, {1, 4}, {2, 3}], [{8, 6}, {5, 7}, {2, 4}, {1, 3}], [{8, 6}, {5, 7}, {3, 4}, {1, 2}], [{8, 6}, {7}, {1, 5}, {4}, {2, 3}], [{8, 6}, {7}, {2, 5}, {4}, {1, 3}], [{8, 6}, {7}, {3, 5}, {1, 4}, {2}], [{8, 6}, {7}, {5}, {3, 4}, {1, 2}], [{8, 7}, {1, 6}, {2, 5}, {3, 4}], [{8, 7}, {1, 6}, {2, 5}, {4}, {3}], [{8, 7}, {1, 6}, {3, 5}, {2, 4}], [{8, 7}, {1, 6}, {4, 5}, {2, 3}], [{8, 7}, {2, 6}, {1, 5}, {3, 4}], [{8, 7}, {2, 6}, {1, 5}, {4}, {3}], [{8, 7}, {2, 6}, {3, 5}, {1, 4}], [{8, 7}, {2, 6}, {4, 5}, {1, 3}], [{8, 7}, {2, 6}, {5}, {3, 4}, {1}], [{8, 7}, {3, 6}, {1, 5}, {2, 4}], [{8, 7}, {3, 6}, {2, 5}, {1, 4}], [{8, 7}, {3, 6}, {4, 5}, {1, 2}], [{8, 7}, {3, 6}, {4, 5}, {2}, {1}], [{8, 7}, {4, 6}, {1, 5}, {2, 3}], [{8, 7}, {4, 6}, {2, 5}, {1, 3}], [{8, 7}, {4, 6}, {3, 5}, {1, 2}], [{8, 7}, {4, 6}, {3, 5}, {2}, {1}], [{8, 7}, {4, 6}, {5}, {3}, {1, 2}], [{8, 7}, {5, 6}, {1, 4}, {2, 3}], [{8, 7}, {5, 6}, {1, 4}, {3}, {2}], [{8, 7}, {5, 6}, {2, 4}, {1, 3}], [{8, 7}, {5, 6}, {3, 4}, {1, 2}], [{8, 7}, {5, 6}, {4}, {2, 3}, {1}], [{8, 7}, {6}, {1, 5}, {3, 4}, {2}], [{8, 7}, {6}, {3, 5}, {4}, {1, 2}], [{8, 7}, {6}, {5}, {1, 4}, {2, 3}], [{8, 7}, {6}, {5}, {2, 4}, {1, 3}], [{8}, {2, 7}, {5, 6}, {1, 4}, {3}], [{8}, {3, 7}, {1, 6}, {2, 5}, {4}], [{8}, {3, 7}, {2, 6}, {1, 5}, {4}], [{8}, {3, 7}, {4, 6}, {5}, {1, 2}], [{8}, {3, 7}, {5, 6}, {1, 4}, {2}], [{8}, {4, 7}, {1, 6}, {2, 5}, {3}], [{8}, {4, 7}, {2, 6}, {1, 5}, {3}], [{8}, {5, 7}, {4, 6}, {3}, {1, 2}], [{8}, {7}, {1, 6}, {2, 5}, {3, 4}], [{8}, {7}, {1, 6}, {2, 5}, {4}, {3}], [{8}, {7}, {2, 6}, {1, 5}, {3, 4}], [{8}, {7}, {2, 6}, {1, 5}, {4}, {3}], [{8}, {7}, {4, 6}, {3, 5}, {1, 2}], [{8}, {7}, {4, 6}, {5}, {3}, {1, 2}], [{8}, {7}, {5, 6}, {1, 4}, {2, 3}], [{8}, {7}, {5, 6}, {1, 4}, {3}, {2}]]",2,12 K_1^3 - 4 K_1^2 - 6 K_1 K_2 - 6 K_1 + 2 K_2 + 3,O1O2O3O4U5U1O5U6U3O7O6U8U7U4O8U2,O1O2O3U4U2O5O4U6O7O6U1U5U8U7O8U3,O1O2O3U1O4U5U4U6U3O7O5U7O8O6U2U8,c,{'O1O2O3O4U3O5U1U6U5O7O6U2U7O8U4U8'},1,"<a href=""/flatknot/8.704407"">8.704407</a>",t^9-56t^7-160t^6+74t^5+348t^4+68t^3-176t^2-92t-16,t^3-2t^2+t,,
8.704408,O1O2O3O4U3O5U1U6U5O7O6U4U2O8U7U8,3,2z^2+37z+67,2w^3z^2+37w^2z+67w,False,False,"[[ 0 -3  0 -1  1  2  0  0  1],[ 3  0  3  0  3  1  2  2  0],[ 0 -3  0 -1  1  1 -1  1  1],[ 1  0  1  0  1  0  1  1  0],[-1 -3 -1 -1  0  1 -2  0  1],[-2 -1 -1  0 -1  0 -2 -1  0],[ 0 -2  1 -1  2  2  0  0  0],[ 0 -2 -1 -1  0  1  0  0  1],[-1  0 -1  0 -1  0  0 -1  0]]","[[ 0  2  1  1  0  0  0 -1 -3],[-2  0  0 -1 -1 -1 -2  0 -1],[-1  0  0 -1 -1 -1  0  0  0],[-1  1  1  0  0 -1 -2 -1 -3],[ 0  1  1  0  0 -1  0 -1 -2],[ 0  1  1  1  1  0 -1 -1 -3],[ 0  2  0  2  0  1  0 -1 -2],[ 1  0  0  1  1  1  1  0  0],[ 3  1  0  3  2  3  2  0  0]]",True,"[-2,-1,-1,0,0,0,1,3,0,1,1,1,2,0,1,1,1,1,0,0,0,0,1,2,1,3,1,0,1,2,1,1,3,1,2,0]","[-3,-1,0,0,0,1,1,2,0,2,2,3,0,3,1,1,1,1,0,1,0,0,-1,1,0,1,1,0,2,2,1,1,1,-1,0,1]",t^8+48t^6+132t^4+11t^2,"[-3,-1,0,0,0,1,1,2,2,0,1,1,1,4,4,0,0,0,1,2,3,-1,1,0,0,1,0,1,0,1,-1,1,0,-1,0,1]","[-2,-1,-1,0,0,0,1,3,0,1,0,1,1,3,4,1,-1,0,1,1,1,1,0,0,2,4,1,0,0,1,1,0,0,0,1,2]","[-3,-1,0,0,0,1,1,2,0,2,2,3,0,3,1,1,1,1,0,1,0,0,-1,1,0,1,1,0,2,2,1,1,1,-1,0,1]",c,"[[{8, 5}, {1, 7}, {4, 6}, {2, 3}]]",1,4 K_1^3 - 18 K_1^2 - 10 K_1 K_2 + 2 K_1 + 9 K_2 + 4 K_3 + 10,O1O2O3O4U5U6O5U3U1O7O6U8U7U4O8U2,O1O2O3U4U2O5O6U7O4O7U1U6U8U5O8U3,O1O2O3U1O4U5U4U6U3O7O8U7O6O5U2U8,c,"{'O1O2O3O4U3O5U1U6U5O7O6U4U2O8U7U8', 'O1O2O3U2O4O5U1U6U5O7O6U3U4O8U7U8'}",2,"<a href=""/flatknot/8.704408"">8.704408</a>",t^9-52t^7-118t^6+3t^5+54t^4+46t^3+192t^2,t^3-t^2-t,,
8.704409,O1O2O3O4U3O5U1U6U5O7O6U4U7O8U2U8,4,15z^2+100z+141,15w^3z^2+100w^2z+141w,False,False,"[[ 0 -3  0 -1  1  2  0  0  1],[ 3  0  3  0  3  1  2  1  1],[ 0 -3  0 -1  0  1  0  0  1],[ 1  0  1  0  1  0  1  1  0],[-1 -3  0 -1  0  1 -2  0  0],[-2 -1 -1  0 -1  0 -2 -1  0],[ 0 -2  0 -1  2  2  0  0  1],[ 0 -1  0 -1  0  1  0  0  0],[-1 -1 -1  0  0  0 -1  0  0]]","[[ 0  2  1  1  0  0  0 -1 -3],[-2  0  0 -1 -1 -1 -2  0 -1],[-1  0  0  0  0 -1 -1  0 -1],[-1  1  0  0  0  0 -2 -1 -3],[ 0  1  0  0  0  0  0 -1 -1],[ 0  1  1  0  0  0  0 -1 -3],[ 0  2  1  2  0  0  0 -1 -2],[ 1  0  0  1  1  1  1  0  0],[ 3  1  1  3  1  3  2  0  0]]",True,"[-2,-1,-1,0,0,0,1,3,0,1,1,1,2,0,1,0,0,1,1,0,1,0,0,2,1,3,0,0,1,1,0,1,3,1,2,0]","[-3,-1,0,0,0,1,1,2,0,1,2,3,1,3,1,1,1,1,0,1,0,0,0,0,0,1,0,1,2,2,1,0,1,0,0,1]",t^8+42t^6+135t^4+95t^2,"[-3,-1,0,0,0,1,1,2,2,0,1,2,1,3,4,0,0,0,1,2,3,0,0,1,0,1,0,-1,0,0,1,1,1,0,0,1]","[-2,-1,-1,0,0,0,1,3,0,1,0,1,1,3,4,0,-1,1,1,1,1,0,0,1,2,3,0,0,0,1,0,0,0,0,2,2]","[-3,-1,0,0,0,1,1,2,0,1,2,3,1,3,1,1,1,1,0,1,0,0,0,0,0,1,0,1,2,2,1,0,1,0,0,1]",c,"[[{8, 1}, {2, 7}, {3, 6}, {4, 5}], [{8, 1}, {2, 7}, {4, 6}, {3, 5}], [{8, 1}, {2, 7}, {5, 6}, {3, 4}], [{8, 1}, {3, 7}, {2, 6}, {4, 5}], [{8, 1}, {3, 7}, {4, 6}, {2, 5}], [{8, 1}, {3, 7}, {4, 6}, {5}, {2}], [{8, 1}, {3, 7}, {5, 6}, {2, 4}], [{8, 1}, {3, 7}, {6}, {2, 5}, {4}], [{8, 1}, {4, 7}, {2, 6}, {3, 5}], [{8, 1}, {4, 7}, {3, 6}, {2, 5}], [{8, 1}, {4, 7}, {5, 6}, {2, 3}], [{8, 1}, {4, 7}, {5, 6}, {3}, {2}], [{8, 1}, {5, 7}, {2, 6}, {3, 4}], [{8, 1}, {5, 7}, {3, 6}, {2, 4}], [{8, 1}, {5, 7}, {3, 6}, {4}, {2}], [{8, 1}, {5, 7}, {4, 6}, {2, 3}], [{8, 1}, {5, 7}, {4, 6}, {3}, {2}], [{8, 1}, {5, 7}, {6}, {3, 4}, {2}], [{8, 1}, {6, 7}, {2, 5}, {3, 4}], [{8, 1}, {6, 7}, {3, 5}, {2, 4}], [{8, 1}, {6, 7}, {4, 5}, {2, 3}], [{8, 1}, {7}, {2, 6}, {5}, {3, 4}], [{8, 1}, {7}, {4, 6}, {3, 5}, {2}], [{8, 2}, {1, 7}, {3, 6}, {4, 5}], [{8, 2}, {1, 7}, {4, 6}, {3, 5}], [{8, 2}, {1, 7}, {5, 6}, {3, 4}], [{8, 2}, {3, 7}, {1, 6}, {4, 5}], [{8, 2}, {3, 7}, {1, 6}, {5}, {4}], [{8, 2}, {3, 7}, {4, 6}, {1, 5}], [{8, 2}, {3, 7}, {4, 6}, {5}, {1}], [{8, 2}, {3, 7}, {5, 6}, {1, 4}], [{8, 2}, {3, 7}, {6}, {5}, {1, 4}], [{8, 2}, {4, 7}, {1, 6}, {3, 5}], [{8, 2}, {4, 7}, {3, 6}, {1, 5}], [{8, 2}, {4, 7}, {5, 6}, {1, 3}], [{8, 2}, {5, 7}, {1, 6}, {3, 4}], [{8, 2}, {5, 7}, {1, 6}, {4}, {3}], [{8, 2}, {5, 7}, {3, 6}, {1, 4}], [{8, 2}, {5, 7}, {4, 6}, {1, 3}], [{8, 2}, {5, 7}, {4, 6}, {3}, {1}], [{8, 2}, {5, 7}, {6}, {1, 4}, {3}], [{8, 2}, {6, 7}, {1, 5}, {3, 4}], [{8, 2}, {6, 7}, {3, 5}, {1, 4}], [{8, 2}, {6, 7}, {4, 5}, {1, 3}], [{8, 2}, {6, 7}, {5}, {3, 4}, {1}], [{8, 2}, {7}, {1, 6}, {3, 5}, {4}], [{8, 2}, {7}, {4, 6}, {3, 5}, {1}], [{8, 2}, {7}, {6}, {3, 5}, {1, 4}], [{8, 3}, {1, 7}, {2, 6}, {4, 5}], [{8, 3}, {1, 7}, {4, 6}, {2, 5}], [{8, 3}, {1, 7}, {5, 6}, {2, 4}], [{8, 3}, {1, 7}, {6}, {4, 5}, {2}], [{8, 3}, {2, 7}, {1, 6}, {4, 5}], [{8, 3}, {2, 7}, {1, 6}, {5}, {4}], [{8, 3}, {2, 7}, {4, 6}, {1, 5}], [{8, 3}, {2, 7}, {5, 6}, {1, 4}], [{8, 3}, {4, 7}, {1, 6}, {2, 5}], [{8, 3}, {4, 7}, {2, 6}, {1, 5}], [{8, 3}, {4, 7}, {5, 6}, {1, 2}], [{8, 3}, {4, 7}, {6}, {1, 5}, {2}], [{8, 3}, {5, 7}, {1, 6}, {2, 4}], [{8, 3}, {5, 7}, {2, 6}, {1, 4}], [{8, 3}, {5, 7}, {4, 6}, {1, 2}], [{8, 3}, {5, 7}, {6}, {1, 4}, {2}], [{8, 3}, {5, 7}, {6}, {2, 4}, {1}], [{8, 3}, {5, 7}, {6}, {4}, {1, 2}], [{8, 3}, {6, 7}, {1, 5}, {2, 4}], [{8, 3}, {6, 7}, {2, 5}, {1, 4}], [{8, 3}, {6, 7}, {4, 5}, {1, 2}], [{8, 3}, {7}, {2, 6}, {1, 5}, {4}], [{8, 3}, {7}, {2, 6}, {4, 5}, {1}], [{8, 3}, {7}, {2, 6}, {5}, {1, 4}], [{8, 4}, {1, 7}, {2, 6}, {3, 5}], [{8, 4}, {1, 7}, {2, 6}, {5}, {3}], [{8, 4}, {1, 7}, {3, 6}, {2, 5}], [{8, 4}, {1, 7}, {5, 6}, {2, 3}], [{8, 4}, {1, 7}, {5, 6}, {3}, {2}], [{8, 4}, {1, 7}, {6}, {2, 5}, {3}], [{8, 4}, {2, 7}, {1, 6}, {3, 5}], [{8, 4}, {2, 7}, {3, 6}, {1, 5}], [{8, 4}, {2, 7}, {5, 6}, {1, 3}], [{8, 4}, {3, 7}, {1, 6}, {2, 5}], [{8, 4}, {3, 7}, {2, 6}, {1, 5}], [{8, 4}, {3, 7}, {5, 6}, {1, 2}], [{8, 4}, {3, 7}, {6}, {1, 5}, {2}], [{8, 4}, {5, 7}, {1, 6}, {2, 3}], [{8, 4}, {5, 7}, {2, 6}, {1, 3}], [{8, 4}, {5, 7}, {2, 6}, {3}, {1}], [{8, 4}, {5, 7}, {3, 6}, {1, 2}], [{8, 4}, {6, 7}, {1, 5}, {2, 3}], [{8, 4}, {6, 7}, {2, 5}, {1, 3}], [{8, 4}, {6, 7}, {2, 5}, {3}, {1}], [{8, 4}, {6, 7}, {3, 5}, {1, 2}], [{8, 4}, {6, 7}, {5}, {1, 3}, {2}], [{8, 4}, {7}, {1, 6}, {2, 5}, {3}], [{8, 4}, {7}, {2, 6}, {1, 5}, {3}], [{8, 5}, {1, 7}, {2, 6}, {3, 4}], [{8, 5}, {1, 7}, {3, 6}, {2, 4}], [{8, 5}, {1, 7}, {4, 6}, {2, 3}], [{8, 5}, {1, 7}, {6}, {3, 4}, {2}], [{8, 5}, {2, 7}, {1, 6}, {3, 4}], [{8, 5}, {2, 7}, {3, 6}, {1, 4}], [{8, 5}, {2, 7}, {3, 6}, {4}, {1}], [{8, 5}, {2, 7}, {4, 6}, {1, 3}], [{8, 5}, {3, 7}, {1, 6}, {2, 4}], [{8, 5}, {3, 7}, {1, 6}, {4}, {2}], [{8, 5}, {3, 7}, {2, 6}, {1, 4}], [{8, 5}, {3, 7}, {4, 6}, {1, 2}], [{8, 5}, {4, 7}, {1, 6}, {2, 3}], [{8, 5}, {4, 7}, {2, 6}, {1, 3}], [{8, 5}, {4, 7}, {3, 6}, {1, 2}], [{8, 5}, {6, 7}, {1, 4}, {2, 3}], [{8, 5}, {6, 7}, {2, 4}, {1, 3}], [{8, 5}, {6, 7}, {3, 4}, {1, 2}], [{8, 5}, {7}, {2, 6}, {3, 4}, {1}], [{8, 5}, {7}, {4, 6}, {1, 3}, {2}], [{8, 6}, {1, 7}, {2, 5}, {3, 4}], [{8, 6}, {1, 7}, {2, 5}, {4}, {3}], [{8, 6}, {1, 7}, {3, 5}, {2, 4}], [{8, 6}, {1, 7}, {4, 5}, {2, 3}], [{8, 6}, {2, 7}, {1, 5}, {3, 4}], [{8, 6}, {2, 7}, {3, 5}, {1, 4}], [{8, 6}, {2, 7}, {4, 5}, {1, 3}], [{8, 6}, {3, 7}, {1, 5}, {2, 4}], [{8, 6}, {3, 7}, {2, 5}, {1, 4}], [{8, 6}, {3, 7}, {2, 5}, {4}, {1}], [{8, 6}, {3, 7}, {4, 5}, {1, 2}], [{8, 6}, {3, 7}, {5}, {1, 4}, {2}], [{8, 6}, {4, 7}, {1, 5}, {2, 3}], [{8, 6}, {4, 7}, {2, 5}, {1, 3}], [{8, 6}, {4, 7}, {3, 5}, {1, 2}], [{8, 6}, {4, 7}, {5}, {3}, {1, 2}], [{8, 6}, {5, 7}, {1, 4}, {2, 3}], [{8, 6}, {5, 7}, {2, 4}, {1, 3}], [{8, 6}, {5, 7}, {3, 4}, {1, 2}], [{8, 6}, {7}, {2, 5}, {4}, {1, 3}], [{8, 6}, {7}, {3, 5}, {2, 4}, {1}], [{8, 7}, {1, 6}, {2, 5}, {3, 4}], [{8, 7}, {1, 6}, {3, 5}, {2, 4}], [{8, 7}, {1, 6}, {4, 5}, {2, 3}], [{8, 7}, {2, 6}, {1, 5}, {3, 4}], [{8, 7}, {2, 6}, {1, 5}, {4}, {3}], [{8, 7}, {2, 6}, {3, 5}, {1, 4}], [{8, 7}, {2, 6}, {4, 5}, {1, 3}], [{8, 7}, {2, 6}, {4, 5}, {3}, {1}], [{8, 7}, {2, 6}, {5}, {1, 4}, {3}], [{8, 7}, {3, 6}, {1, 5}, {2, 4}], [{8, 7}, {3, 6}, {1, 5}, {4}, {2}], [{8, 7}, {3, 6}, {2, 5}, {1, 4}], [{8, 7}, {3, 6}, {4, 5}, {1, 2}], [{8, 7}, {4, 6}, {1, 5}, {2, 3}], [{8, 7}, {4, 6}, {1, 5}, {3}, {2}], [{8, 7}, {4, 6}, {2, 5}, {1, 3}], [{8, 7}, {4, 6}, {3, 5}, {1, 2}], [{8, 7}, {4, 6}, {5}, {2, 3}, {1}], [{8, 7}, {5, 6}, {1, 4}, {2, 3}], [{8, 7}, {5, 6}, {2, 4}, {1, 3}], [{8, 7}, {5, 6}, {3, 4}, {1, 2}], [{8, 7}, {6}, {1, 5}, {2, 4}, {3}], [{8, 7}, {6}, {1, 5}, {3, 4}, {2}], [{8, 7}, {6}, {1, 5}, {4}, {2, 3}], [{8, 7}, {6}, {1, 5}, {4}, {3}, {2}], [{8, 7}, {6}, {2, 5}, {3, 4}, {1}], [{8, 7}, {6}, {3, 5}, {2, 4}, {1}], [{8, 7}, {6}, {5}, {2, 4}, {1, 3}], [{8, 7}, {6}, {5}, {3, 4}, {1, 2}], [{8}, {1, 7}, {3, 6}, {5}, {2, 4}], [{8}, {1, 7}, {4, 6}, {2, 5}, {3}], [{8}, {2, 7}, {1, 6}, {4, 5}, {3}], [{8}, {2, 7}, {3, 6}, {5}, {1, 4}], [{8}, {3, 7}, {1, 6}, {2, 5}, {4}], [{8}, {3, 7}, {2, 6}, {1, 5}, {4}], [{8}, {3, 7}, {2, 6}, {4, 5}, {1}], [{8}, {3, 7}, {2, 6}, {5}, {1, 4}], [{8}, {3, 7}, {4, 6}, {5}, {1, 2}], [{8}, {4, 7}, {2, 6}, {1, 5}, {3}], [{8}, {5, 7}, {4, 6}, {3}, {1, 2}], [{8}, {5, 7}, {6}, {1, 4}, {2, 3}], [{8}, {6, 7}, {3, 5}, {2, 4}, {1}], [{8}, {6, 7}, {5}, {1, 4}, {2, 3}], [{8}, {7}, {2, 6}, {1, 5}, {3, 4}], [{8}, {7}, {4, 6}, {1, 5}, {2, 3}], [{8}, {7}, {4, 6}, {3, 5}, {1, 2}], [{8}, {7}, {5, 6}, {1, 4}, {2, 3}]]",2,- 26 K_1^2 - 10 K_1 K_2 + 5 K_1 + 13 K_2 + 5 K_3 + 14,O1O2O3O4U5U3O5U6U1O7O6U8U7U4O8U2,O1O2O3U4U2O5O4U6O7O6U1U7U8U5O8U3,O1O2O3U1O4U5U4U6U3O7O6U7O8O5U2U8,c,{'O1O2O3O4U3O5U1U6U5O7O6U4U7O8U2U8'},1,"<a href=""/flatknot/8.704409"">8.704409</a>",t^9-46t^7-64t^6+108t^5+92t^4-32t^3+4t^2-18t-10,t^3-t^2-t,,
8.704410,O1O2O3O4U3O5U1U6U5O7O6U7U2O8U4U8,4,27z^2+112z+117,27w^3z^2+112w^2z+117w,False,False,"[[ 0 -3  0 -1  2  2  0 -1  1],[ 3  0  2  0  4  1  2  0  1],[ 0 -2  0  0  2  1  0 -1  1],[ 1  0  0  0  1  0  1  0  1],[-2 -4 -2 -1  0  1 -2 -1  1],[-2 -1 -1  0 -1  0 -2 -1  0],[ 0 -2  0 -1  2  2  0 -1  1],[ 1  0  1  0  1  1  1  0  0],[-1 -1 -1 -1 -1  0 -1  0  0]]","[[ 0  2  2  1  0  0 -1 -1 -3],[-2  0  1  1 -2 -2 -1 -1 -4],[-2 -1  0  0 -1 -2  0 -1 -1],[-1 -1  0  0 -1 -1 -1  0 -1],[ 0  2  1  1  0  0  0 -1 -2],[ 0  2  2  1  0  0 -1 -1 -2],[ 1  1  0  1  0  1  0  0  0],[ 1  1  1  0  1  1  0  0  0],[ 3  4  1  1  2  2  0  0  0]]",True,"[-2,-2,-1,0,0,1,1,3,-1,-1,2,2,1,1,4,0,1,2,0,1,1,1,1,1,0,1,0,0,1,2,1,1,2,0,0,0]","[-3,-1,-1,0,0,1,2,2,0,0,2,2,1,1,4,0,0,1,1,0,1,1,1,0,1,1,0,1,1,2,1,2,2,0,-1,-1]",t^8+50t^6+115t^4+48t^2+1,"[-3,-1,-1,0,0,1,2,2,2,2,1,1,3,1,4,0,0,0,2,2,2,0,1,1,2,3,0,0,0,0,0,0,1,2,1,-1]","[-2,-2,-1,0,0,1,1,3,-1,1,0,1,2,3,4,2,0,0,2,2,1,0,0,2,1,3,0,0,0,1,0,1,1,0,2,2]","[-3,-1,-1,0,0,1,2,2,0,0,2,2,1,1,4,0,0,1,1,0,1,1,1,0,1,1,0,1,1,2,1,2,2,0,-1,-1]",c,"[[{8, 2}, {4, 7}, {3, 6}, {1, 5}], [{8, 2}, {7}, {3, 6}, {1, 5}, {4}]]",1,8 K_1^3 + 8 K_1^2 K_2 - 16 K_1^2 - 10 K_1 K_2 - 4 K_1 K_3 - K_1 + 6 K_2 + 3 K_3 + 7,O1O2O3O4U5U1O5U3U6O7O6U8U7U4O8U2,O1O2O3U4U2O4O5U6O7O6U1U5U8U7O8U3,O1O2O3U1O4U5U4U6U3O7O5U7O6O8U2U8,c,{'O1O2O3O4U3O5U1U6U5O7O6U7U2O8U4U8'},1,"<a href=""/flatknot/8.704410"">8.704410</a>",t^9-52t^7-132t^6+79t^5+296t^4-56t^3-188t^2+52t+14,t^3-2t^2+t,,
8.704411,O1O2O3O4U3O5U1U6U5O7O6U7U4O8U2U8,4,6z^2+91z+159,6w^3z^2+91w^2z+159w,False,False,"[[ 0 -3  0 -1  2  2  0 -1  1],[ 3  0  3  0  3  1  2  0  1],[ 0 -3  0 -1  1  1  0 -1  1],[ 1  0  1  0  1  0  1  0  0],[-2 -3 -1 -1  0  1 -2 -1  0],[-2 -1 -1  0 -1  0 -2 -1  0],[ 0 -2  0 -1  2  2  0 -1  1],[ 1  0  1  0  1  1  1  0  0],[-1 -1 -1  0  0  0 -1  0  0]]","[[ 0  2  2  1  0  0 -1 -1 -3],[-2  0  1  0 -1 -2 -1 -1 -3],[-2 -1  0  0 -1 -2  0 -1 -1],[-1  0  0  0 -1 -1  0  0 -1],[ 0  1  1  1  0  0 -1 -1 -3],[ 0  2  2  1  0  0 -1 -1 -2],[ 1  1  0  0  1  1  0  0  0],[ 1  1  1  0  1  1  0  0  0],[ 3  3  1  1  3  2  0  0  0]]",True,"[-2,-2,-1,0,0,1,1,3,-1,0,1,2,1,1,3,0,1,2,0,1,1,1,1,0,0,1,0,1,1,3,1,1,2,0,0,0]","[-3,-1,-1,0,0,1,2,2,0,0,2,3,1,1,3,0,1,1,0,0,1,1,1,0,1,1,0,1,2,2,1,1,1,0,0,-1]",t^8+44t^6+88t^4+44t^2+4,"[-3,-1,-1,0,0,1,2,2,2,2,0,1,3,2,4,0,0,0,2,2,2,0,0,2,2,3,0,0,1,1,0,0,0,1,1,-1]","[-2,-2,-1,0,0,1,1,3,-1,1,0,1,2,3,4,1,0,1,2,2,2,0,0,2,2,3,0,0,0,1,0,0,0,0,2,2]","[-3,-1,-1,0,0,1,2,2,0,0,2,3,1,1,3,0,1,1,0,0,1,1,1,0,1,1,0,1,2,2,1,1,1,0,0,-1]",c,"[[{8, 1}, {2, 7}, {3, 6}, {4, 5}], [{8, 1}, {2, 7}, {3, 6}, {5}, {4}], [{8, 1}, {2, 7}, {4, 6}, {3, 5}], [{8, 1}, {2, 7}, {5, 6}, {3, 4}], [{8, 1}, {2, 7}, {5, 6}, {4}, {3}], [{8, 1}, {2, 7}, {6}, {3, 5}, {4}], [{8, 1}, {3, 7}, {2, 6}, {4, 5}], [{8, 1}, {3, 7}, {4, 6}, {2, 5}], [{8, 1}, {3, 7}, {4, 6}, {5}, {2}], [{8, 1}, {3, 7}, {5, 6}, {2, 4}], [{8, 1}, {4, 7}, {2, 6}, {3, 5}], [{8, 1}, {4, 7}, {2, 6}, {5}, {3}], [{8, 1}, {4, 7}, {3, 6}, {2, 5}], [{8, 1}, {4, 7}, {5, 6}, {2, 3}], [{8, 1}, {4, 7}, {6}, {3, 5}, {2}], [{8, 1}, {5, 7}, {2, 6}, {3, 4}], [{8, 1}, {5, 7}, {3, 6}, {2, 4}], [{8, 1}, {5, 7}, {4, 6}, {2, 3}], [{8, 1}, {5, 7}, {6}, {3, 4}, {2}], [{8, 1}, {6, 7}, {2, 5}, {3, 4}], [{8, 1}, {6, 7}, {3, 5}, {2, 4}], [{8, 1}, {6, 7}, {4, 5}, {2, 3}], [{8, 1}, {7}, {4, 6}, {2, 5}, {3}], [{8, 1}, {7}, {6}, {3, 5}, {2, 4}], [{8, 2}, {1, 7}, {3, 6}, {4, 5}], [{8, 2}, {1, 7}, {4, 6}, {3, 5}], [{8, 2}, {1, 7}, {5, 6}, {3, 4}], [{8, 2}, {1, 7}, {6}, {5}, {3, 4}], [{8, 2}, {3, 7}, {1, 6}, {4, 5}], [{8, 2}, {3, 7}, {1, 6}, {5}, {4}], [{8, 2}, {3, 7}, {4, 6}, {1, 5}], [{8, 2}, {3, 7}, {5, 6}, {1, 4}], [{8, 2}, {3, 7}, {5, 6}, {4}, {1}], [{8, 2}, {3, 7}, {6}, {1, 5}, {4}], [{8, 2}, {4, 7}, {1, 6}, {3, 5}], [{8, 2}, {4, 7}, {1, 6}, {5}, {3}], [{8, 2}, {4, 7}, {3, 6}, {1, 5}], [{8, 2}, {4, 7}, {5, 6}, {1, 3}], [{8, 2}, {4, 7}, {5, 6}, {3}, {1}], [{8, 2}, {4, 7}, {6}, {1, 5}, {3}], [{8, 2}, {5, 7}, {1, 6}, {3, 4}], [{8, 2}, {5, 7}, {3, 6}, {1, 4}], [{8, 2}, {5, 7}, {4, 6}, {1, 3}], [{8, 2}, {5, 7}, {6}, {3, 4}, {1}], [{8, 2}, {6, 7}, {1, 5}, {3, 4}], [{8, 2}, {6, 7}, {1, 5}, {4}, {3}], [{8, 2}, {6, 7}, {3, 5}, {1, 4}], [{8, 2}, {6, 7}, {3, 5}, {4}, {1}], [{8, 2}, {6, 7}, {4, 5}, {1, 3}], [{8, 2}, {6, 7}, {4, 5}, {3}, {1}], [{8, 2}, {6, 7}, {5}, {1, 4}, {3}], [{8, 2}, {6, 7}, {5}, {3, 4}, {1}], [{8, 2}, {6, 7}, {5}, {4}, {1, 3}], [{8, 2}, {7}, {1, 6}, {5}, {3, 4}], [{8, 2}, {7}, {3, 6}, {1, 5}, {4}], [{8, 2}, {7}, {4, 6}, {1, 5}, {3}], [{8, 2}, {7}, {5, 6}, {3, 4}, {1}], [{8, 2}, {7}, {6}, {1, 5}, {3, 4}], [{8, 2}, {7}, {6}, {1, 5}, {4}, {3}], [{8, 2}, {7}, {6}, {3, 5}, {1, 4}], [{8, 2}, {7}, {6}, {4, 5}, {1, 3}], [{8, 2}, {7}, {6}, {5}, {3, 4}, {1}], [{8, 3}, {1, 7}, {2, 6}, {4, 5}], [{8, 3}, {1, 7}, {4, 6}, {2, 5}], [{8, 3}, {1, 7}, {5, 6}, {2, 4}], [{8, 3}, {1, 7}, {6}, {4, 5}, {2}], [{8, 3}, {2, 7}, {1, 6}, {4, 5}], [{8, 3}, {2, 7}, {4, 6}, {1, 5}], [{8, 3}, {2, 7}, {5, 6}, {1, 4}], [{8, 3}, {2, 7}, {6}, {5}, {1, 4}], [{8, 3}, {4, 7}, {1, 6}, {2, 5}], [{8, 3}, {4, 7}, {2, 6}, {1, 5}], [{8, 3}, {4, 7}, {5, 6}, {1, 2}], [{8, 3}, {4, 7}, {6}, {1, 5}, {2}], [{8, 3}, {5, 7}, {1, 6}, {2, 4}], [{8, 3}, {5, 7}, {2, 6}, {1, 4}], [{8, 3}, {5, 7}, {4, 6}, {1, 2}], [{8, 3}, {5, 7}, {6}, {1, 4}, {2}], [{8, 3}, {6, 7}, {1, 5}, {2, 4}], [{8, 3}, {6, 7}, {2, 5}, {1, 4}], [{8, 3}, {6, 7}, {4, 5}, {1, 2}], [{8, 3}, {6, 7}, {5}, {1, 4}, {2}], [{8, 3}, {7}, {1, 6}, {2, 5}, {4}], [{8, 3}, {7}, {2, 6}, {5}, {1, 4}], [{8, 3}, {7}, {4, 6}, {2, 5}, {1}], [{8, 3}, {7}, {5, 6}, {1, 4}, {2}], [{8, 3}, {7}, {6}, {2, 5}, {1, 4}], [{8, 4}, {1, 7}, {2, 6}, {3, 5}], [{8, 4}, {1, 7}, {2, 6}, {5}, {3}], [{8, 4}, {1, 7}, {3, 6}, {2, 5}], [{8, 4}, {1, 7}, {5, 6}, {2, 3}], [{8, 4}, {1, 7}, {5, 6}, {3}, {2}], [{8, 4}, {1, 7}, {6}, {2, 5}, {3}], [{8, 4}, {2, 7}, {1, 6}, {3, 5}], [{8, 4}, {2, 7}, {3, 6}, {1, 5}], [{8, 4}, {2, 7}, {3, 6}, {5}, {1}], [{8, 4}, {2, 7}, {5, 6}, {1, 3}], [{8, 4}, {2, 7}, {5, 6}, {3}, {1}], [{8, 4}, {2, 7}, {6}, {3, 5}, {1}], [{8, 4}, {3, 7}, {1, 6}, {2, 5}], [{8, 4}, {3, 7}, {2, 6}, {1, 5}], [{8, 4}, {3, 7}, {5, 6}, {1, 2}], [{8, 4}, {5, 7}, {1, 6}, {2, 3}], [{8, 4}, {5, 7}, {1, 6}, {3}, {2}], [{8, 4}, {5, 7}, {2, 6}, {1, 3}], [{8, 4}, {5, 7}, {3, 6}, {1, 2}], [{8, 4}, {6, 7}, {1, 5}, {2, 3}], [{8, 4}, {6, 7}, {2, 5}, {1, 3}], [{8, 4}, {6, 7}, {3, 5}, {1, 2}], [{8, 4}, {7}, {3, 6}, {1, 5}, {2}], [{8, 4}, {7}, {5, 6}, {3}, {1, 2}], [{8, 5}, {1, 7}, {2, 6}, {3, 4}], [{8, 5}, {1, 7}, {3, 6}, {2, 4}], [{8, 5}, {1, 7}, {4, 6}, {2, 3}], [{8, 5}, {2, 7}, {1, 6}, {3, 4}], [{8, 5}, {2, 7}, {3, 6}, {1, 4}], [{8, 5}, {2, 7}, {4, 6}, {1, 3}], [{8, 5}, {2, 7}, {6}, {1, 4}, {3}], [{8, 5}, {3, 7}, {1, 6}, {2, 4}], [{8, 5}, {3, 7}, {2, 6}, {1, 4}], [{8, 5}, {3, 7}, {4, 6}, {1, 2}], [{8, 5}, {4, 7}, {1, 6}, {2, 3}], [{8, 5}, {4, 7}, {2, 6}, {1, 3}], [{8, 5}, {4, 7}, {3, 6}, {1, 2}], [{8, 5}, {4, 7}, {3, 6}, {2}, {1}], [{8, 5}, {6, 7}, {1, 4}, {2, 3}], [{8, 5}, {6, 7}, {1, 4}, {3}, {2}], [{8, 5}, {6, 7}, {2, 4}, {1, 3}], [{8, 5}, {6, 7}, {3, 4}, {1, 2}], [{8, 5}, {6, 7}, {4}, {2, 3}, {1}], [{8, 5}, {7}, {1, 6}, {2, 4}, {3}], [{8, 5}, {7}, {2, 6}, {1, 4}, {3}], [{8, 6}, {1, 7}, {2, 5}, {3, 4}], [{8, 6}, {1, 7}, {3, 5}, {2, 4}], [{8, 6}, {1, 7}, {4, 5}, {2, 3}], [{8, 6}, {1, 7}, {4, 5}, {3}, {2}], [{8, 6}, {2, 7}, {1, 5}, {3, 4}], [{8, 6}, {2, 7}, {1, 5}, {4}, {3}], [{8, 6}, {2, 7}, {3, 5}, {1, 4}], [{8, 6}, {2, 7}, {3, 5}, {4}, {1}], [{8, 6}, {2, 7}, {4, 5}, {1, 3}], [{8, 6}, {2, 7}, {4, 5}, {3}, {1}], [{8, 6}, {2, 7}, {5}, {1, 4}, {3}], [{8, 6}, {2, 7}, {5}, {3, 4}, {1}], [{8, 6}, {2, 7}, {5}, {4}, {1, 3}], [{8, 6}, {3, 7}, {1, 5}, {2, 4}], [{8, 6}, {3, 7}, {2, 5}, {1, 4}], [{8, 6}, {3, 7}, {4, 5}, {1, 2}], [{8, 6}, {3, 7}, {4, 5}, {2}, {1}], [{8, 6}, {4, 7}, {1, 5}, {2, 3}], [{8, 6}, {4, 7}, {2, 5}, {1, 3}], [{8, 6}, {4, 7}, {3, 5}, {1, 2}], [{8, 6}, {4, 7}, {5}, {3}, {1, 2}], [{8, 6}, {5, 7}, {1, 4}, {2, 3}], [{8, 6}, {5, 7}, {2, 4}, {1, 3}], [{8, 6}, {5, 7}, {3, 4}, {1, 2}], [{8, 6}, {5, 7}, {4}, {3}, {1, 2}], [{8, 6}, {7}, {1, 5}, {3, 4}, {2}], [{8, 6}, {7}, {3, 5}, {1, 4}, {2}], [{8, 6}, {7}, {4, 5}, {1, 3}, {2}], [{8, 6}, {7}, {4, 5}, {2, 3}, {1}], [{8, 6}, {7}, {4, 5}, {3}, {1, 2}], [{8, 6}, {7}, {4, 5}, {3}, {2}, {1}], [{8, 7}, {1, 6}, {2, 5}, {3, 4}], [{8, 7}, {1, 6}, {3, 5}, {2, 4}], [{8, 7}, {1, 6}, {4, 5}, {2, 3}], [{8, 7}, {1, 6}, {5}, {4}, {2, 3}], [{8, 7}, {2, 6}, {1, 5}, {3, 4}], [{8, 7}, {2, 6}, {1, 5}, {4}, {3}], [{8, 7}, {2, 6}, {3, 5}, {1, 4}], [{8, 7}, {2, 6}, {3, 5}, {4}, {1}], [{8, 7}, {2, 6}, {4, 5}, {1, 3}], [{8, 7}, {2, 6}, {4, 5}, {3}, {1}], [{8, 7}, {2, 6}, {5}, {1, 4}, {3}], [{8, 7}, {2, 6}, {5}, {3, 4}, {1}], [{8, 7}, {2, 6}, {5}, {4}, {1, 3}], [{8, 7}, {2, 6}, {5}, {4}, {3}, {1}], [{8, 7}, {3, 6}, {1, 5}, {2, 4}], [{8, 7}, {3, 6}, {2, 5}, {1, 4}], [{8, 7}, {3, 6}, {4, 5}, {1, 2}], [{8, 7}, {3, 6}, {5}, {4}, {1, 2}], [{8, 7}, {4, 6}, {1, 5}, {2, 3}], [{8, 7}, {4, 6}, {2, 5}, {1, 3}], [{8, 7}, {4, 6}, {3, 5}, {1, 2}], [{8, 7}, {4, 6}, {5}, {1, 3}, {2}], [{8, 7}, {5, 6}, {1, 4}, {2, 3}], [{8, 7}, {5, 6}, {2, 4}, {1, 3}], [{8, 7}, {5, 6}, {3, 4}, {1, 2}], [{8, 7}, {5, 6}, {4}, {1, 3}, {2}], [{8, 7}, {6}, {1, 5}, {3, 4}, {2}], [{8, 7}, {6}, {2, 5}, {4}, {1, 3}], [{8, 7}, {6}, {3, 5}, {1, 4}, {2}], [{8, 7}, {6}, {4, 5}, {1, 3}, {2}], [{8, 7}, {6}, {5}, {2, 4}, {1, 3}], [{8, 7}, {6}, {5}, {4}, {1, 3}, {2}], [{8}, {1, 7}, {3, 6}, {2, 5}, {4}], [{8}, {1, 7}, {3, 6}, {4, 5}, {2}], [{8}, {1, 7}, {3, 6}, {5}, {2, 4}], [{8}, {1, 7}, {4, 6}, {3, 5}, {2}], [{8}, {2, 7}, {1, 6}, {3, 5}, {4}], [{8}, {2, 7}, {3, 6}, {5}, {1, 4}], [{8}, {2, 7}, {4, 6}, {3, 5}, {1}], [{8}, {2, 7}, {5, 6}, {1, 4}, {3}], [{8}, {2, 7}, {6}, {1, 5}, {3, 4}], [{8}, {2, 7}, {6}, {3, 5}, {1, 4}], [{8}, {2, 7}, {6}, {3, 5}, {4}, {1}], [{8}, {2, 7}, {6}, {4, 5}, {1, 3}], [{8}, {2, 7}, {6}, {5}, {1, 4}, {3}], [{8}, {3, 7}, {2, 6}, {5}, {1, 4}], [{8}, {4, 7}, {6}, {1, 5}, {2, 3}], [{8}, {5, 7}, {2, 6}, {1, 4}, {3}], [{8}, {5, 7}, {3, 6}, {2, 4}, {1}], [{8}, {5, 7}, {4, 6}, {2, 3}, {1}], [{8}, {5, 7}, {6}, {3, 4}, {1, 2}], [{8}, {6, 7}, {1, 5}, {3, 4}, {2}], [{8}, {6, 7}, {2, 5}, {1, 4}, {3}], [{8}, {6, 7}, {3, 5}, {1, 4}, {2}], [{8}, {6, 7}, {4, 5}, {1, 3}, {2}], [{8}, {6, 7}, {5}, {1, 4}, {2, 3}], [{8}, {6, 7}, {5}, {1, 4}, {3}, {2}], [{8}, {7}, {2, 6}, {1, 5}, {3, 4}], [{8}, {7}, {2, 6}, {3, 5}, {1, 4}], [{8}, {7}, {2, 6}, {4, 5}, {1, 3}], [{8}, {7}, {2, 6}, {5}, {1, 4}, {3}], [{8}, {7}, {3, 6}, {1, 5}, {2, 4}], [{8}, {7}, {4, 6}, {2, 5}, {1, 3}], [{8}, {7}, {4, 6}, {3, 5}, {1, 2}]]",2,12 K_1^3 + 4 K_1^2 K_2 - 40 K_1^2 - 42 K_1 K_2 - 8 K_1 K_3 + 12 K_1 - 4 K_2^2 + 22 K_2 + 18 K_3 + 5 K_4 + 22,O1O2O3O4U5U3O5U1U6O7O6U8U7U4O8U2,O1O2O3U4U2O4O5U6O7O6U1U7U8U5O8U3,O1O2O3U1O4U5U4U6U3O7O6U7O5O8U2U8,c,{'O1O2O3O4U3O5U1U6U5O7O6U7U4O8U2U8'},1,"<a href=""/flatknot/8.704411"">8.704411</a>",t^9-46t^7-94t^6+20t^5+98t^4+23t^3-4t^2,t^3-2t^2+t,,
8.704412,O1O2O3O4U3O5U1U6U5O7O6U8U2O8U4U7,4,z^3+22z^2+88z+97,w^4z^3-4w^4z^2+26w^3z^2-12w^3z+100w^2z+97w,False,False,"[[ 0 -3  0 -1  2  2  0  1 -1],[ 3  0  2  0  4  1  2  2  2],[ 0 -2  0  0  1  1 -1  0  0],[ 1  0  0  0  1  0  1  1  1],[-2 -4 -1 -1  0  1 -3  0 -2],[-2 -1 -1  0 -1  0 -2 -1 -2],[ 0 -2  1 -1  3  2  0  1 -1],[-1 -2  0 -1  0  1 -1  0 -1],[ 1 -2  0 -1  2  2  1  1  0]]","[[ 0  2  2  1  0  0 -1 -1 -3],[-2  0  1  0 -1 -3 -1 -2 -4],[-2 -1  0 -1 -1 -2  0 -2 -1],[-1  0  1  0  0 -1 -1 -1 -2],[ 0  1  1  0  0 -1  0  0 -2],[ 0  3  2  1  1  0 -1 -1 -2],[ 1  1  0  1  0  1  0  1  0],[ 1  2  2  1  0  1 -1  0 -2],[ 3  4  1  2  2  2  0  2  0]]",True,"[-2,-2,-1,0,0,1,1,3,-1,0,1,3,1,2,4,1,1,2,0,2,1,0,1,1,1,2,1,0,0,2,1,1,2,-1,0,2]","[-3,-1,-1,0,0,1,2,2,0,2,1,1,2,1,4,1,0,1,1,1,1,0,1,1,2,3,-1,0,-1,0,1,1,1,1,0,-1]",t^8+66t^6+207t^4+111t^2,"[-3,-1,-1,0,0,1,2,2,0,2,1,1,2,1,4,1,0,1,1,1,1,0,1,1,2,3,-1,0,-1,0,1,1,1,1,0,-1]","[-2,-2,-1,0,0,1,1,3,-1,0,0,1,1,3,4,1,-1,1,1,2,1,0,1,1,1,2,1,0,0,1,1,1,1,-1,0,2]","[-3,-1,-1,0,0,1,2,2,0,2,2,2,2,1,4,1,0,1,1,0,1,0,1,1,2,2,-1,0,1,1,1,2,3,1,0,-1]",c,"[[{8, 1}, {2, 7}, {3, 6}, {4, 5}], [{8, 1}, {2, 7}, {4, 6}, {3, 5}], [{8, 1}, {2, 7}, {5, 6}, {3, 4}], [{8, 1}, {2, 7}, {5, 6}, {4}, {3}], [{8, 1}, {3, 7}, {2, 6}, {4, 5}], [{8, 1}, {3, 7}, {2, 6}, {5}, {4}], [{8, 1}, {3, 7}, {4, 6}, {2, 5}], [{8, 1}, {3, 7}, {4, 6}, {5}, {2}], [{8, 1}, {3, 7}, {5, 6}, {2, 4}], [{8, 1}, {3, 7}, {5, 6}, {4}, {2}], [{8, 1}, {3, 7}, {6}, {2, 5}, {4}], [{8, 1}, {3, 7}, {6}, {4, 5}, {2}], [{8, 1}, {3, 7}, {6}, {5}, {2, 4}], [{8, 1}, {4, 7}, {2, 6}, {3, 5}], [{8, 1}, {4, 7}, {3, 6}, {2, 5}], [{8, 1}, {4, 7}, {5, 6}, {2, 3}], [{8, 1}, {5, 7}, {2, 6}, {3, 4}], [{8, 1}, {5, 7}, {3, 6}, {2, 4}], [{8, 1}, {5, 7}, {4, 6}, {2, 3}], [{8, 1}, {5, 7}, {6}, {4}, {2, 3}], [{8, 1}, {6, 7}, {2, 5}, {3, 4}], [{8, 1}, {6, 7}, {3, 5}, {2, 4}], [{8, 1}, {6, 7}, {4, 5}, {2, 3}], [{8, 1}, {6, 7}, {5}, {4}, {2, 3}], [{8, 1}, {7}, {5, 6}, {4}, {2, 3}], [{8, 2}, {1, 7}, {3, 6}, {4, 5}], [{8, 2}, {1, 7}, {4, 6}, {3, 5}], [{8, 2}, {1, 7}, {5, 6}, {3, 4}], [{8, 2}, {1, 7}, {6}, {5}, {3, 4}], [{8, 2}, {3, 7}, {1, 6}, {4, 5}], [{8, 2}, {3, 7}, {4, 6}, {1, 5}], [{8, 2}, {3, 7}, {5, 6}, {1, 4}], [{8, 2}, {4, 7}, {1, 6}, {3, 5}], [{8, 2}, {4, 7}, {3, 6}, {1, 5}], [{8, 2}, {4, 7}, {5, 6}, {1, 3}], [{8, 2}, {5, 7}, {1, 6}, {3, 4}], [{8, 2}, {5, 7}, {1, 6}, {4}, {3}], [{8, 2}, {5, 7}, {3, 6}, {1, 4}], [{8, 2}, {5, 7}, {3, 6}, {4}, {1}], [{8, 2}, {5, 7}, {4, 6}, {1, 3}], [{8, 2}, {5, 7}, {4, 6}, {3}, {1}], [{8, 2}, {5, 7}, {6}, {1, 4}, {3}], [{8, 2}, {5, 7}, {6}, {3, 4}, {1}], [{8, 2}, {5, 7}, {6}, {4}, {1, 3}], [{8, 2}, {5, 7}, {6}, {4}, {3}, {1}], [{8, 2}, {6, 7}, {1, 5}, {3, 4}], [{8, 2}, {6, 7}, {3, 5}, {1, 4}], [{8, 2}, {6, 7}, {4, 5}, {1, 3}], [{8, 2}, {7}, {4, 6}, {5}, {1, 3}], [{8, 2}, {7}, {6}, {1, 5}, {3, 4}], [{8, 3}, {1, 7}, {2, 6}, {4, 5}], [{8, 3}, {1, 7}, {4, 6}, {2, 5}], [{8, 3}, {1, 7}, {4, 6}, {5}, {2}], [{8, 3}, {1, 7}, {5, 6}, {2, 4}], [{8, 3}, {2, 7}, {1, 6}, {4, 5}], [{8, 3}, {2, 7}, {4, 6}, {1, 5}], [{8, 3}, {2, 7}, {5, 6}, {1, 4}], [{8, 3}, {2, 7}, {6}, {1, 5}, {4}], [{8, 3}, {4, 7}, {1, 6}, {2, 5}], [{8, 3}, {4, 7}, {2, 6}, {1, 5}], [{8, 3}, {4, 7}, {5, 6}, {1, 2}], [{8, 3}, {5, 7}, {1, 6}, {2, 4}], [{8, 3}, {5, 7}, {2, 6}, {1, 4}], [{8, 3}, {5, 7}, {4, 6}, {1, 2}], [{8, 3}, {5, 7}, {6}, {4}, {1, 2}], [{8, 3}, {6, 7}, {1, 5}, {2, 4}], [{8, 3}, {6, 7}, {1, 5}, {4}, {2}], [{8, 3}, {6, 7}, {2, 5}, {1, 4}], [{8, 3}, {6, 7}, {4, 5}, {1, 2}], [{8, 3}, {7}, {1, 6}, {5}, {2, 4}], [{8, 3}, {7}, {2, 6}, {1, 5}, {4}], [{8, 3}, {7}, {5, 6}, {1, 4}, {2}], [{8, 4}, {1, 7}, {2, 6}, {3, 5}], [{8, 4}, {1, 7}, {3, 6}, {2, 5}], [{8, 4}, {1, 7}, {5, 6}, {2, 3}], [{8, 4}, {2, 7}, {1, 6}, {3, 5}], [{8, 4}, {2, 7}, {3, 6}, {1, 5}], [{8, 4}, {2, 7}, {3, 6}, {5}, {1}], [{8, 4}, {2, 7}, {5, 6}, {1, 3}], [{8, 4}, {3, 7}, {1, 6}, {2, 5}], [{8, 4}, {3, 7}, {2, 6}, {1, 5}], [{8, 4}, {3, 7}, {5, 6}, {1, 2}], [{8, 4}, {3, 7}, {6}, {1, 5}, {2}], [{8, 4}, {5, 7}, {1, 6}, {2, 3}], [{8, 4}, {5, 7}, {2, 6}, {1, 3}], [{8, 4}, {5, 7}, {3, 6}, {1, 2}], [{8, 4}, {5, 7}, {6}, {1, 3}, {2}], [{8, 4}, {6, 7}, {1, 5}, {2, 3}], [{8, 4}, {6, 7}, {2, 5}, {1, 3}], [{8, 4}, {6, 7}, {3, 5}, {1, 2}], [{8, 4}, {7}, {1, 6}, {5}, {2, 3}], [{8, 4}, {7}, {2, 6}, {1, 5}, {3}], [{8, 4}, {7}, {6}, {3, 5}, {1, 2}], [{8, 5}, {1, 7}, {2, 6}, {3, 4}], [{8, 5}, {1, 7}, {2, 6}, {4}, {3}], [{8, 5}, {1, 7}, {3, 6}, {2, 4}], [{8, 5}, {1, 7}, {4, 6}, {2, 3}], [{8, 5}, {1, 7}, {6}, {3, 4}, {2}], [{8, 5}, {2, 7}, {1, 6}, {3, 4}], [{8, 5}, {2, 7}, {3, 6}, {1, 4}], [{8, 5}, {2, 7}, {4, 6}, {1, 3}], [{8, 5}, {2, 7}, {4, 6}, {3}, {1}], [{8, 5}, {3, 7}, {1, 6}, {2, 4}], [{8, 5}, {3, 7}, {2, 6}, {1, 4}], [{8, 5}, {3, 7}, {4, 6}, {1, 2}], [{8, 5}, {3, 7}, {6}, {1, 4}, {2}], [{8, 5}, {4, 7}, {1, 6}, {2, 3}], [{8, 5}, {4, 7}, {2, 6}, {1, 3}], [{8, 5}, {4, 7}, {2, 6}, {3}, {1}], [{8, 5}, {4, 7}, {3, 6}, {1, 2}], [{8, 5}, {6, 7}, {1, 4}, {2, 3}], [{8, 5}, {6, 7}, {2, 4}, {1, 3}], [{8, 5}, {6, 7}, {3, 4}, {1, 2}], [{8, 5}, {6, 7}, {4}, {3}, {1, 2}], [{8, 5}, {7}, {2, 6}, {1, 4}, {3}], [{8, 5}, {7}, {4, 6}, {1, 3}, {2}], [{8, 6}, {1, 7}, {2, 5}, {3, 4}], [{8, 6}, {1, 7}, {3, 5}, {2, 4}], [{8, 6}, {1, 7}, {4, 5}, {2, 3}], [{8, 6}, {1, 7}, {5}, {2, 4}, {3}], [{8, 6}, {2, 7}, {1, 5}, {3, 4}], [{8, 6}, {2, 7}, {1, 5}, {4}, {3}], [{8, 6}, {2, 7}, {3, 5}, {1, 4}], [{8, 6}, {2, 7}, {4, 5}, {1, 3}], [{8, 6}, {2, 7}, {4, 5}, {3}, {1}], [{8, 6}, {2, 7}, {5}, {1, 4}, {3}], [{8, 6}, {3, 7}, {1, 5}, {2, 4}], [{8, 6}, {3, 7}, {2, 5}, {1, 4}], [{8, 6}, {3, 7}, {4, 5}, {1, 2}], [{8, 6}, {4, 7}, {1, 5}, {2, 3}], [{8, 6}, {4, 7}, {2, 5}, {1, 3}], [{8, 6}, {4, 7}, {3, 5}, {1, 2}], [{8, 6}, {4, 7}, {5}, {2, 3}, {1}], [{8, 6}, {5, 7}, {1, 4}, {2, 3}], [{8, 6}, {5, 7}, {2, 4}, {1, 3}], [{8, 6}, {5, 7}, {3, 4}, {1, 2}], [{8, 6}, {5, 7}, {4}, {1, 3}, {2}], [{8, 6}, {7}, {1, 5}, {3, 4}, {2}], [{8, 6}, {7}, {3, 5}, {4}, {1, 2}], [{8, 7}, {1, 6}, {2, 5}, {3, 4}], [{8, 7}, {1, 6}, {3, 5}, {2, 4}], [{8, 7}, {1, 6}, {4, 5}, {2, 3}], [{8, 7}, {2, 6}, {1, 5}, {3, 4}], [{8, 7}, {2, 6}, {3, 5}, {1, 4}], [{8, 7}, {2, 6}, {3, 5}, {4}, {1}], [{8, 7}, {2, 6}, {4, 5}, {1, 3}], [{8, 7}, {3, 6}, {1, 5}, {2, 4}], [{8, 7}, {3, 6}, {2, 5}, {1, 4}], [{8, 7}, {3, 6}, {4, 5}, {1, 2}], [{8, 7}, {3, 6}, {5}, {1, 4}, {2}], [{8, 7}, {4, 6}, {1, 5}, {2, 3}], [{8, 7}, {4, 6}, {2, 5}, {1, 3}], [{8, 7}, {4, 6}, {3, 5}, {1, 2}], [{8, 7}, {4, 6}, {5}, {1, 3}, {2}], [{8, 7}, {5, 6}, {1, 4}, {2, 3}], [{8, 7}, {5, 6}, {2, 4}, {1, 3}], [{8, 7}, {5, 6}, {3, 4}, {1, 2}], [{8}, {1, 7}, {6}, {2, 5}, {3, 4}], [{8}, {2, 7}, {3, 6}, {1, 5}, {4}], [{8}, {2, 7}, {4, 6}, {5}, {1, 3}], [{8}, {4, 7}, {3, 6}, {2, 5}, {1}], [{8}, {4, 7}, {5, 6}, {1, 3}, {2}], [{8}, {5, 7}, {2, 6}, {4}, {1, 3}], [{8}, {5, 7}, {4, 6}, {1, 3}, {2}], [{8}, {5, 7}, {6}, {2, 4}, {1, 3}], [{8}, {5, 7}, {6}, {4}, {1, 3}, {2}], [{8}, {6, 7}, {3, 5}, {2, 4}, {1}], [{8}, {6, 7}, {4, 5}, {1, 3}, {2}], [{8}, {7}, {2, 6}, {1, 5}, {3, 4}], [{8}, {7}, {3, 6}, {4, 5}, {1, 2}], [{8}, {7}, {4, 6}, {1, 5}, {2, 3}], [{8}, {7}, {4, 6}, {2, 5}, {1, 3}], [{8}, {7}, {4, 6}, {3, 5}, {1, 2}], [{8}, {7}, {4, 6}, {5}, {1, 3}, {2}]]",2,4 K_1^3 - 12 K_1^2 - 6 K_1 K_2 + 6 K_2 + 2 K_3 + 7,O1O2O3O4U5U1O6U3U6O7O5U8U7U4O8U2,O1O2O3U4U2O5O6U5O7O4U1U6U8U7O8U3,O1O2O3U1O4U5U4U6U3O7O5U8O6O8U2U7,c,{'O1O2O3O4U3O5U1U6U5O7O6U8U2O8U4U7'},1,"<a href=""/flatknot/8.704412"">8.704412</a>",t^9-68t^7-240t^6-65t^5+466t^4+148t^3-252t^2-20t+22,t^3-2t^2+t,,
8.704413,O1O2O3O4U3O5U1U6U5O7O6U8U2O8U7U4,4,15z^2+98z+137,15w^3z^2+98w^2z+137w,False,False,"[[ 0 -3  0 -1  3  2  0  0 -1],[ 3  0  2  0  4  1  2  1  2],[ 0 -2  0  0  2  1 -1 -1  0],[ 1  0  0  0  1  0  1  0  1],[-3 -4 -2 -1  0  1 -3 -1 -3],[-2 -1 -1  0 -1  0 -2 -1 -2],[ 0 -2  1 -1  3  2  0  0 -1],[ 0 -1  1  0  1  1  0  0  0],[ 1 -2  0 -1  3  2  1  0  0]]","[[ 0  3  2  0  0  0 -1 -1 -3],[-3  0  1 -1 -2 -3 -1 -3 -4],[-2 -1  0 -1 -1 -2  0 -2 -1],[ 0  1  1  0  1  0  0  0 -1],[ 0  2  1 -1  0 -1  0  0 -2],[ 0  3  2  0  1  0 -1 -1 -2],[ 1  1  0  0  0  1  0  1  0],[ 1  3  2  0  0  1 -1  0 -2],[ 3  4  1  1  2  2  0  2  0]]",True,"[-3,-2,0,0,0,1,1,3,-1,1,2,3,1,3,4,1,1,2,0,2,1,-1,0,0,0,1,1,0,0,2,1,1,2,-1,0,2]","[-3,-2,0,0,0,1,1,3,-1,1,2,3,1,3,4,1,1,2,0,2,1,-1,0,0,0,1,1,0,0,2,1,1,2,-1,0,2]",t^8+70t^6+213t^4+104t^2+4,"[-3,-1,-1,0,0,0,2,3,0,2,1,1,2,4,2,1,0,1,1,1,1,0,1,1,3,3,-1,0,0,0,1,1,1,1,2,2]","[-3,-2,0,0,0,1,1,3,2,0,1,2,1,3,2,0,1,1,1,3,4,1,0,0,0,1,-1,1,1,1,1,1,2,-1,0,2]","[-3,-1,-1,0,0,0,2,3,0,2,1,2,2,1,4,1,0,0,1,0,1,0,0,1,2,3,1,0,1,1,-1,1,2,2,3,-1]",c,"[[{8, 1}, {2, 7}, {3, 6}, {4, 5}], [{8, 1}, {2, 7}, {4, 6}, {3, 5}], [{8, 1}, {2, 7}, {5, 6}, {3, 4}], [{8, 1}, {2, 7}, {6}, {5}, {3, 4}], [{8, 1}, {3, 7}, {2, 6}, {4, 5}], [{8, 1}, {3, 7}, {2, 6}, {5}, {4}], [{8, 1}, {3, 7}, {4, 6}, {2, 5}], [{8, 1}, {3, 7}, {4, 6}, {5}, {2}], [{8, 1}, {3, 7}, {5, 6}, {2, 4}], [{8, 1}, {3, 7}, {5, 6}, {4}, {2}], [{8, 1}, {3, 7}, {6}, {2, 5}, {4}], [{8, 1}, {3, 7}, {6}, {4, 5}, {2}], [{8, 1}, {3, 7}, {6}, {5}, {2, 4}], [{8, 1}, {3, 7}, {6}, {5}, {4}, {2}], [{8, 1}, {4, 7}, {2, 6}, {3, 5}], [{8, 1}, {4, 7}, {2, 6}, {5}, {3}], [{8, 1}, {4, 7}, {3, 6}, {2, 5}], [{8, 1}, {4, 7}, {3, 6}, {5}, {2}], [{8, 1}, {4, 7}, {5, 6}, {2, 3}], [{8, 1}, {4, 7}, {5, 6}, {3}, {2}], [{8, 1}, {4, 7}, {6}, {2, 5}, {3}], [{8, 1}, {4, 7}, {6}, {3, 5}, {2}], [{8, 1}, {4, 7}, {6}, {5}, {2, 3}], [{8, 1}, {4, 7}, {6}, {5}, {3}, {2}], [{8, 1}, {5, 7}, {2, 6}, {3, 4}], [{8, 1}, {5, 7}, {3, 6}, {2, 4}], [{8, 1}, {5, 7}, {4, 6}, {2, 3}], [{8, 1}, {5, 7}, {6}, {3, 4}, {2}], [{8, 1}, {6, 7}, {2, 5}, {3, 4}], [{8, 1}, {6, 7}, {3, 5}, {2, 4}], [{8, 1}, {6, 7}, {4, 5}, {2, 3}], [{8, 1}, {6, 7}, {5}, {3, 4}, {2}], [{8, 1}, {7}, {2, 6}, {5}, {3, 4}], [{8, 1}, {7}, {5, 6}, {3, 4}, {2}], [{8, 1}, {7}, {6}, {2, 5}, {3, 4}], [{8, 1}, {7}, {6}, {5}, {3, 4}, {2}], [{8, 2}, {1, 7}, {3, 6}, {4, 5}], [{8, 2}, {1, 7}, {4, 6}, {3, 5}], [{8, 2}, {1, 7}, {5, 6}, {3, 4}], [{8, 2}, {1, 7}, {6}, {3, 5}, {4}], [{8, 2}, {3, 7}, {1, 6}, {4, 5}], [{8, 2}, {3, 7}, {4, 6}, {1, 5}], [{8, 2}, {3, 7}, {4, 6}, {5}, {1}], [{8, 2}, {3, 7}, {5, 6}, {1, 4}], [{8, 2}, {4, 7}, {1, 6}, {3, 5}], [{8, 2}, {4, 7}, {3, 6}, {1, 5}], [{8, 2}, {4, 7}, {5, 6}, {1, 3}], [{8, 2}, {4, 7}, {5, 6}, {3}, {1}], [{8, 2}, {5, 7}, {1, 6}, {3, 4}], [{8, 2}, {5, 7}, {3, 6}, {1, 4}], [{8, 2}, {5, 7}, {4, 6}, {1, 3}], [{8, 2}, {5, 7}, {6}, {1, 4}, {3}], [{8, 2}, {5, 7}, {6}, {3, 4}, {1}], [{8, 2}, {5, 7}, {6}, {4}, {1, 3}], [{8, 2}, {6, 7}, {1, 5}, {3, 4}], [{8, 2}, {6, 7}, {3, 5}, {1, 4}], [{8, 2}, {6, 7}, {4, 5}, {1, 3}], [{8, 2}, {7}, {1, 6}, {4, 5}, {3}], [{8, 3}, {1, 7}, {2, 6}, {4, 5}], [{8, 3}, {1, 7}, {2, 6}, {5}, {4}], [{8, 3}, {1, 7}, {4, 6}, {2, 5}], [{8, 3}, {1, 7}, {4, 6}, {5}, {2}], [{8, 3}, {1, 7}, {5, 6}, {2, 4}], [{8, 3}, {1, 7}, {5, 6}, {4}, {2}], [{8, 3}, {1, 7}, {6}, {2, 5}, {4}], [{8, 3}, {1, 7}, {6}, {4, 5}, {2}], [{8, 3}, {1, 7}, {6}, {5}, {2, 4}], [{8, 3}, {1, 7}, {6}, {5}, {4}, {2}], [{8, 3}, {2, 7}, {1, 6}, {4, 5}], [{8, 3}, {2, 7}, {4, 6}, {1, 5}], [{8, 3}, {2, 7}, {4, 6}, {5}, {1}], [{8, 3}, {2, 7}, {5, 6}, {1, 4}], [{8, 3}, {4, 7}, {1, 6}, {2, 5}], [{8, 3}, {4, 7}, {2, 6}, {1, 5}], [{8, 3}, {4, 7}, {5, 6}, {1, 2}], [{8, 3}, {4, 7}, {6}, {1, 5}, {2}], [{8, 3}, {5, 7}, {1, 6}, {2, 4}], [{8, 3}, {5, 7}, {2, 6}, {1, 4}], [{8, 3}, {5, 7}, {4, 6}, {1, 2}], [{8, 3}, {5, 7}, {6}, {1, 4}, {2}], [{8, 3}, {6, 7}, {1, 5}, {2, 4}], [{8, 3}, {6, 7}, {2, 5}, {1, 4}], [{8, 3}, {6, 7}, {4, 5}, {1, 2}], [{8, 3}, {7}, {4, 6}, {5}, {1, 2}], [{8, 4}, {1, 7}, {2, 6}, {3, 5}], [{8, 4}, {1, 7}, {3, 6}, {2, 5}], [{8, 4}, {1, 7}, {5, 6}, {2, 3}], [{8, 4}, {1, 7}, {6}, {3, 5}, {2}], [{8, 4}, {2, 7}, {1, 6}, {3, 5}], [{8, 4}, {2, 7}, {3, 6}, {1, 5}], [{8, 4}, {2, 7}, {5, 6}, {1, 3}], [{8, 4}, {2, 7}, {6}, {5}, {1, 3}], [{8, 4}, {3, 7}, {1, 6}, {2, 5}], [{8, 4}, {3, 7}, {2, 6}, {1, 5}], [{8, 4}, {3, 7}, {5, 6}, {1, 2}], [{8, 4}, {3, 7}, {6}, {1, 5}, {2}], [{8, 4}, {5, 7}, {1, 6}, {2, 3}], [{8, 4}, {5, 7}, {2, 6}, {1, 3}], [{8, 4}, {5, 7}, {3, 6}, {1, 2}], [{8, 4}, {5, 7}, {6}, {1, 3}, {2}], [{8, 4}, {6, 7}, {1, 5}, {2, 3}], [{8, 4}, {6, 7}, {2, 5}, {1, 3}], [{8, 4}, {6, 7}, {3, 5}, {1, 2}], [{8, 4}, {6, 7}, {5}, {1, 3}, {2}], [{8, 4}, {7}, {1, 6}, {5}, {2, 3}], [{8, 4}, {7}, {2, 6}, {5}, {1, 3}], [{8, 4}, {7}, {3, 6}, {5}, {1, 2}], [{8, 4}, {7}, {5, 6}, {1, 3}, {2}], [{8, 4}, {7}, {6}, {2, 5}, {1, 3}], [{8, 4}, {7}, {6}, {5}, {1, 3}, {2}], [{8, 5}, {1, 7}, {2, 6}, {3, 4}], [{8, 5}, {1, 7}, {2, 6}, {4}, {3}], [{8, 5}, {1, 7}, {3, 6}, {2, 4}], [{8, 5}, {1, 7}, {3, 6}, {4}, {2}], [{8, 5}, {1, 7}, {4, 6}, {2, 3}], [{8, 5}, {1, 7}, {4, 6}, {3}, {2}], [{8, 5}, {1, 7}, {6}, {2, 4}, {3}], [{8, 5}, {1, 7}, {6}, {3, 4}, {2}], [{8, 5}, {1, 7}, {6}, {4}, {2, 3}], [{8, 5}, {1, 7}, {6}, {4}, {3}, {2}], [{8, 5}, {2, 7}, {1, 6}, {3, 4}], [{8, 5}, {2, 7}, {3, 6}, {1, 4}], [{8, 5}, {2, 7}, {4, 6}, {1, 3}], [{8, 5}, {2, 7}, {4, 6}, {3}, {1}], [{8, 5}, {3, 7}, {1, 6}, {2, 4}], [{8, 5}, {3, 7}, {2, 6}, {1, 4}], [{8, 5}, {3, 7}, {4, 6}, {1, 2}], [{8, 5}, {3, 7}, {6}, {1, 4}, {2}], [{8, 5}, {4, 7}, {1, 6}, {2, 3}], [{8, 5}, {4, 7}, {2, 6}, {1, 3}], [{8, 5}, {4, 7}, {3, 6}, {1, 2}], [{8, 5}, {4, 7}, {6}, {1, 3}, {2}], [{8, 5}, {6, 7}, {1, 4}, {2, 3}], [{8, 5}, {6, 7}, {2, 4}, {1, 3}], [{8, 5}, {6, 7}, {3, 4}, {1, 2}], [{8, 5}, {7}, {4, 6}, {3}, {1, 2}], [{8, 6}, {1, 7}, {2, 5}, {3, 4}], [{8, 6}, {1, 7}, {3, 5}, {2, 4}], [{8, 6}, {1, 7}, {3, 5}, {4}, {2}], [{8, 6}, {1, 7}, {4, 5}, {2, 3}], [{8, 6}, {1, 7}, {5}, {2, 4}, {3}], [{8, 6}, {2, 7}, {1, 5}, {3, 4}], [{8, 6}, {2, 7}, {3, 5}, {1, 4}], [{8, 6}, {2, 7}, {4, 5}, {1, 3}], [{8, 6}, {3, 7}, {1, 5}, {2, 4}], [{8, 6}, {3, 7}, {2, 5}, {1, 4}], [{8, 6}, {3, 7}, {2, 5}, {4}, {1}], [{8, 6}, {3, 7}, {4, 5}, {1, 2}], [{8, 6}, {4, 7}, {1, 5}, {2, 3}], [{8, 6}, {4, 7}, {2, 5}, {1, 3}], [{8, 6}, {4, 7}, {3, 5}, {1, 2}], [{8, 6}, {5, 7}, {1, 4}, {2, 3}], [{8, 6}, {5, 7}, {1, 4}, {3}, {2}], [{8, 6}, {5, 7}, {2, 4}, {1, 3}], [{8, 6}, {5, 7}, {3, 4}, {1, 2}], [{8, 6}, {5, 7}, {3, 4}, {2}, {1}], [{8, 6}, {5, 7}, {4}, {1, 3}, {2}], [{8, 7}, {1, 6}, {2, 5}, {3, 4}], [{8, 7}, {1, 6}, {3, 5}, {2, 4}], [{8, 7}, {1, 6}, {4, 5}, {2, 3}], [{8, 7}, {2, 6}, {1, 5}, {3, 4}], [{8, 7}, {2, 6}, {1, 5}, {4}, {3}], [{8, 7}, {2, 6}, {3, 5}, {1, 4}], [{8, 7}, {2, 6}, {4, 5}, {1, 3}], [{8, 7}, {3, 6}, {1, 5}, {2, 4}], [{8, 7}, {3, 6}, {1, 5}, {4}, {2}], [{8, 7}, {3, 6}, {2, 5}, {1, 4}], [{8, 7}, {3, 6}, {4, 5}, {1, 2}], [{8, 7}, {4, 6}, {1, 5}, {2, 3}], [{8, 7}, {4, 6}, {1, 5}, {3}, {2}], [{8, 7}, {4, 6}, {2, 5}, {1, 3}], [{8, 7}, {4, 6}, {2, 5}, {3}, {1}], [{8, 7}, {4, 6}, {3, 5}, {1, 2}], [{8, 7}, {4, 6}, {5}, {3}, {1, 2}], [{8, 7}, {5, 6}, {1, 4}, {2, 3}], [{8, 7}, {5, 6}, {2, 4}, {1, 3}], [{8, 7}, {5, 6}, {3, 4}, {1, 2}], [{8, 7}, {6}, {1, 5}, {2, 4}, {3}], [{8, 7}, {6}, {1, 5}, {3, 4}, {2}], [{8, 7}, {6}, {1, 5}, {4}, {2, 3}], [{8, 7}, {6}, {1, 5}, {4}, {3}, {2}], [{8, 7}, {6}, {3, 5}, {1, 4}, {2}], [{8, 7}, {6}, {4, 5}, {1, 3}, {2}], [{8}, {1, 7}, {2, 6}, {3, 5}, {4}], [{8}, {1, 7}, {3, 6}, {5}, {2, 4}], [{8}, {1, 7}, {4, 6}, {3, 5}, {2}], [{8}, {1, 7}, {5, 6}, {2, 4}, {3}], [{8}, {1, 7}, {6}, {3, 5}, {2, 4}], [{8}, {1, 7}, {6}, {3, 5}, {4}, {2}], [{8}, {2, 7}, {4, 6}, {3, 5}, {1}], [{8}, {2, 7}, {5, 6}, {1, 4}, {3}], [{8}, {3, 7}, {1, 6}, {2, 5}, {4}], [{8}, {3, 7}, {4, 6}, {5}, {1, 2}], [{8}, {4, 7}, {5, 6}, {3}, {1, 2}], [{8}, {5, 7}, {1, 6}, {2, 4}, {3}], [{8}, {5, 7}, {1, 6}, {3, 4}, {2}], [{8}, {5, 7}, {1, 6}, {4}, {2, 3}], [{8}, {5, 7}, {2, 6}, {1, 4}, {3}], [{8}, {5, 7}, {2, 6}, {3, 4}, {1}], [{8}, {5, 7}, {2, 6}, {4}, {1, 3}], [{8}, {5, 7}, {3, 6}, {1, 4}, {2}], [{8}, {5, 7}, {3, 6}, {2, 4}, {1}], [{8}, {5, 7}, {3, 6}, {4}, {1, 2}], [{8}, {5, 7}, {4, 6}, {1, 3}, {2}], [{8}, {5, 7}, {4, 6}, {2, 3}, {1}], [{8}, {5, 7}, {4, 6}, {3}, {1, 2}], [{8}, {5, 7}, {6}, {1, 4}, {2, 3}], [{8}, {5, 7}, {6}, {1, 4}, {3}, {2}], [{8}, {5, 7}, {6}, {2, 4}, {1, 3}], [{8}, {5, 7}, {6}, {3, 4}, {1, 2}], [{8}, {5, 7}, {6}, {3, 4}, {2}, {1}], [{8}, {5, 7}, {6}, {4}, {1, 3}, {2}], [{8}, {6, 7}, {2, 5}, {1, 4}, {3}], [{8}, {7}, {3, 6}, {1, 5}, {2, 4}], [{8}, {7}, {4, 6}, {3, 5}, {1, 2}]]",2,4 K_1^3 + 12 K_1^2 K_2 - 34 K_1^2 - 28 K_1 K_2 - 12 K_1 K_3 + 11 K_1 - 4 K_2^2 + 17 K_2 + 13 K_3 + 5 K_4 + 17,O1O2O3O4U1U5O6U3U6O7O5U8U7U4O8U2,O1O2O3U4U2O5O6U5O4O7U1U6U8U7O8U3,O1O2O3U1O4U5U4U6U3O5O7U8O6O8U2U7,c,{'O1O2O3O4U3O5U1U6U5O7O6U8U2O8U7U4'},1,"<a href=""/flatknot/8.704413"">8.704413</a>",t^9-68t^7-280t^6-130t^5+652t^4+544t^3-244t^2-123t,-t^2+2t,,
8.704414,O1O2O3O4U3O5U1U6U5O7O6U8U4O8U2U7,4,10z^3+56z^2+103z+63,10w^4z^3-4w^4z^2+60w^3z^2-4w^3z+107w^2z+63w,False,False,"[[ 0 -3  0 -1  2  2  0  1 -1],[ 3  0  3  0  3  1  2  2  2],[ 0 -3  0 -1  2  1 -1  1 -1],[ 1  0  1  0  1  0  1  1  0],[-2 -3 -2 -1  0  1 -3 -1 -2],[-2 -1 -1  0 -1  0 -2 -1 -2],[ 0 -2  1 -1  3  2  0  1 -1],[-1 -2 -1 -1  1  1 -1  0 -1],[ 1 -2  1  0  2  2  1  1  0]]","[[ 0  2  2  1  0  0 -1 -1 -3],[-2  0  1 -1 -2 -3 -1 -2 -3],[-2 -1  0 -1 -1 -2  0 -2 -1],[-1  1  1  0 -1 -1 -1 -1 -2],[ 0  2  1  1  0 -1 -1 -1 -3],[ 0  3  2  1  1  0 -1 -1 -2],[ 1  1  0  1  1  1  0  0  0],[ 1  2  2  1  1  1  0  0 -2],[ 3  3  1  2  3  2  0  2  0]]",True,"[-2,-2,-1,0,0,1,1,3,-1,1,2,3,1,2,3,1,1,2,0,2,1,1,1,1,1,2,1,1,1,3,1,1,2,0,0,2]","[-3,-1,-1,0,0,1,2,2,0,2,0,1,2,2,4,0,0,0,1,1,1,0,0,1,2,3,1,0,0,1,0,-1,0,0,0,-1]",t^8+70t^6+173t^4+99t^2,"[-3,-1,-1,0,0,1,2,2,0,2,0,1,2,2,4,0,0,0,1,1,1,0,0,1,2,3,1,0,0,1,0,-1,0,0,0,-1]","[-2,-2,-1,0,0,1,1,3,-1,0,0,1,1,3,4,0,-1,0,1,2,2,0,0,1,1,2,1,0,0,1,0,0,0,0,0,2]","[-3,-1,-1,0,0,1,2,2,0,2,2,3,2,1,3,0,1,1,1,0,1,1,1,1,2,2,1,1,2,3,1,1,2,1,1,-1]",c,"[[{8, 1}, {2, 7}, {3, 6}, {4, 5}], [{8, 1}, {2, 7}, {4, 6}, {3, 5}], [{8, 1}, {2, 7}, {5, 6}, {3, 4}], [{8, 1}, {3, 7}, {2, 6}, {4, 5}], [{8, 1}, {3, 7}, {4, 6}, {2, 5}], [{8, 1}, {3, 7}, {5, 6}, {2, 4}], [{8, 1}, {3, 7}, {6}, {4, 5}, {2}], [{8, 1}, {4, 7}, {2, 6}, {3, 5}], [{8, 1}, {4, 7}, {3, 6}, {2, 5}], [{8, 1}, {4, 7}, {5, 6}, {2, 3}], [{8, 1}, {4, 7}, {5, 6}, {3}, {2}], [{8, 1}, {5, 7}, {2, 6}, {3, 4}], [{8, 1}, {5, 7}, {3, 6}, {2, 4}], [{8, 1}, {5, 7}, {4, 6}, {2, 3}], [{8, 1}, {5, 7}, {6}, {3, 4}, {2}], [{8, 1}, {6, 7}, {2, 5}, {3, 4}], [{8, 1}, {6, 7}, {3, 5}, {2, 4}], [{8, 1}, {6, 7}, {4, 5}, {2, 3}], [{8, 1}, {7}, {4, 6}, {2, 5}, {3}], [{8, 1}, {7}, {6}, {3, 5}, {2, 4}], [{8, 2}, {1, 7}, {3, 6}, {4, 5}], [{8, 2}, {1, 7}, {4, 6}, {3, 5}], [{8, 2}, {1, 7}, {5, 6}, {3, 4}], [{8, 2}, {3, 7}, {1, 6}, {4, 5}], [{8, 2}, {3, 7}, {4, 6}, {1, 5}], [{8, 2}, {3, 7}, {5, 6}, {1, 4}], [{8, 2}, {3, 7}, {6}, {1, 5}, {4}], [{8, 2}, {4, 7}, {1, 6}, {3, 5}], [{8, 2}, {4, 7}, {3, 6}, {1, 5}], [{8, 2}, {4, 7}, {5, 6}, {1, 3}], [{8, 2}, {5, 7}, {1, 6}, {3, 4}], [{8, 2}, {5, 7}, {3, 6}, {1, 4}], [{8, 2}, {5, 7}, {4, 6}, {1, 3}], [{8, 2}, {5, 7}, {6}, {4}, {1, 3}], [{8, 2}, {6, 7}, {1, 5}, {3, 4}], [{8, 2}, {6, 7}, {3, 5}, {1, 4}], [{8, 2}, {6, 7}, {4, 5}, {1, 3}], [{8, 2}, {6, 7}, {5}, {4}, {1, 3}], [{8, 2}, {7}, {1, 6}, {5}, {3, 4}], [{8, 2}, {7}, {3, 6}, {4, 5}, {1}], [{8, 2}, {7}, {4, 6}, {1, 5}, {3}], [{8, 2}, {7}, {5, 6}, {4}, {1, 3}], [{8, 2}, {7}, {6}, {3, 5}, {1, 4}], [{8, 3}, {1, 7}, {2, 6}, {4, 5}], [{8, 3}, {1, 7}, {4, 6}, {2, 5}], [{8, 3}, {1, 7}, {4, 6}, {5}, {2}], [{8, 3}, {1, 7}, {5, 6}, {2, 4}], [{8, 3}, {2, 7}, {1, 6}, {4, 5}], [{8, 3}, {2, 7}, {4, 6}, {1, 5}], [{8, 3}, {2, 7}, {5, 6}, {1, 4}], [{8, 3}, {4, 7}, {1, 6}, {2, 5}], [{8, 3}, {4, 7}, {2, 6}, {1, 5}], [{8, 3}, {4, 7}, {5, 6}, {1, 2}], [{8, 3}, {5, 7}, {1, 6}, {2, 4}], [{8, 3}, {5, 7}, {2, 6}, {1, 4}], [{8, 3}, {5, 7}, {4, 6}, {1, 2}], [{8, 3}, {5, 7}, {6}, {4}, {1, 2}], [{8, 3}, {6, 7}, {1, 5}, {2, 4}], [{8, 3}, {6, 7}, {2, 5}, {1, 4}], [{8, 3}, {6, 7}, {4, 5}, {1, 2}], [{8, 3}, {7}, {1, 6}, {5}, {2, 4}], [{8, 3}, {7}, {2, 6}, {1, 5}, {4}], [{8, 3}, {7}, {4, 6}, {2, 5}, {1}], [{8, 4}, {1, 7}, {2, 6}, {3, 5}], [{8, 4}, {1, 7}, {3, 6}, {2, 5}], [{8, 4}, {1, 7}, {5, 6}, {2, 3}], [{8, 4}, {1, 7}, {6}, {5}, {2, 3}], [{8, 4}, {2, 7}, {1, 6}, {3, 5}], [{8, 4}, {2, 7}, {3, 6}, {1, 5}], [{8, 4}, {2, 7}, {5, 6}, {1, 3}], [{8, 4}, {2, 7}, {6}, {1, 5}, {3}], [{8, 4}, {3, 7}, {1, 6}, {2, 5}], [{8, 4}, {3, 7}, {2, 6}, {1, 5}], [{8, 4}, {3, 7}, {5, 6}, {1, 2}], [{8, 4}, {3, 7}, {6}, {1, 5}, {2}], [{8, 4}, {5, 7}, {1, 6}, {2, 3}], [{8, 4}, {5, 7}, {2, 6}, {1, 3}], [{8, 4}, {5, 7}, {3, 6}, {1, 2}], [{8, 4}, {5, 7}, {6}, {2, 3}, {1}], [{8, 4}, {6, 7}, {1, 5}, {2, 3}], [{8, 4}, {6, 7}, {1, 5}, {3}, {2}], [{8, 4}, {6, 7}, {2, 5}, {1, 3}], [{8, 4}, {6, 7}, {3, 5}, {1, 2}], [{8, 4}, {7}, {2, 6}, {1, 5}, {3}], [{8, 4}, {7}, {2, 6}, {3, 5}, {1}], [{8, 4}, {7}, {2, 6}, {5}, {1, 3}], [{8, 4}, {7}, {3, 6}, {1, 5}, {2}], [{8, 4}, {7}, {6}, {1, 5}, {2, 3}], [{8, 4}, {7}, {6}, {1, 5}, {3}, {2}], [{8, 5}, {1, 7}, {2, 6}, {3, 4}], [{8, 5}, {1, 7}, {3, 6}, {2, 4}], [{8, 5}, {1, 7}, {4, 6}, {2, 3}], [{8, 5}, {2, 7}, {1, 6}, {3, 4}], [{8, 5}, {2, 7}, {3, 6}, {1, 4}], [{8, 5}, {2, 7}, {4, 6}, {1, 3}], [{8, 5}, {3, 7}, {1, 6}, {2, 4}], [{8, 5}, {3, 7}, {2, 6}, {1, 4}], [{8, 5}, {3, 7}, {4, 6}, {1, 2}], [{8, 5}, {3, 7}, {6}, {1, 4}, {2}], [{8, 5}, {4, 7}, {1, 6}, {2, 3}], [{8, 5}, {4, 7}, {2, 6}, {1, 3}], [{8, 5}, {4, 7}, {3, 6}, {1, 2}], [{8, 5}, {6, 7}, {1, 4}, {2, 3}], [{8, 5}, {6, 7}, {2, 4}, {1, 3}], [{8, 5}, {6, 7}, {3, 4}, {1, 2}], [{8, 5}, {7}, {4, 6}, {3}, {1, 2}], [{8, 6}, {1, 7}, {2, 5}, {3, 4}], [{8, 6}, {1, 7}, {3, 5}, {2, 4}], [{8, 6}, {1, 7}, {3, 5}, {4}, {2}], [{8, 6}, {1, 7}, {4, 5}, {2, 3}], [{8, 6}, {2, 7}, {1, 5}, {3, 4}], [{8, 6}, {2, 7}, {3, 5}, {1, 4}], [{8, 6}, {2, 7}, {4, 5}, {1, 3}], [{8, 6}, {3, 7}, {1, 5}, {2, 4}], [{8, 6}, {3, 7}, {1, 5}, {4}, {2}], [{8, 6}, {3, 7}, {2, 5}, {1, 4}], [{8, 6}, {3, 7}, {4, 5}, {1, 2}], [{8, 6}, {4, 7}, {1, 5}, {2, 3}], [{8, 6}, {4, 7}, {2, 5}, {1, 3}], [{8, 6}, {4, 7}, {3, 5}, {1, 2}], [{8, 6}, {5, 7}, {1, 4}, {2, 3}], [{8, 6}, {5, 7}, {1, 4}, {3}, {2}], [{8, 6}, {5, 7}, {2, 4}, {1, 3}], [{8, 6}, {5, 7}, {3, 4}, {1, 2}], [{8, 6}, {5, 7}, {4}, {2, 3}, {1}], [{8, 6}, {7}, {1, 5}, {2, 4}, {3}], [{8, 7}, {1, 6}, {2, 5}, {3, 4}], [{8, 7}, {1, 6}, {2, 5}, {4}, {3}], [{8, 7}, {1, 6}, {3, 5}, {2, 4}], [{8, 7}, {1, 6}, {3, 5}, {4}, {2}], [{8, 7}, {1, 6}, {4, 5}, {2, 3}], [{8, 7}, {1, 6}, {5}, {4}, {2, 3}], [{8, 7}, {2, 6}, {1, 5}, {3, 4}], [{8, 7}, {2, 6}, {1, 5}, {4}, {3}], [{8, 7}, {2, 6}, {3, 5}, {1, 4}], [{8, 7}, {2, 6}, {4, 5}, {1, 3}], [{8, 7}, {3, 6}, {1, 5}, {2, 4}], [{8, 7}, {3, 6}, {1, 5}, {4}, {2}], [{8, 7}, {3, 6}, {2, 5}, {1, 4}], [{8, 7}, {3, 6}, {2, 5}, {4}, {1}], [{8, 7}, {3, 6}, {4, 5}, {1, 2}], [{8, 7}, {3, 6}, {5}, {4}, {1, 2}], [{8, 7}, {4, 6}, {1, 5}, {2, 3}], [{8, 7}, {4, 6}, {2, 5}, {1, 3}], [{8, 7}, {4, 6}, {3, 5}, {1, 2}], [{8, 7}, {4, 6}, {5}, {1, 3}, {2}], [{8, 7}, {5, 6}, {1, 4}, {2, 3}], [{8, 7}, {5, 6}, {1, 4}, {3}, {2}], [{8, 7}, {5, 6}, {2, 4}, {1, 3}], [{8, 7}, {5, 6}, {3, 4}, {1, 2}], [{8, 7}, {5, 6}, {4}, {2, 3}, {1}], [{8, 7}, {6}, {1, 5}, {4}, {2, 3}], [{8, 7}, {6}, {2, 5}, {4}, {1, 3}], [{8}, {1, 7}, {5, 6}, {3, 4}, {2}], [{8}, {2, 7}, {3, 6}, {5}, {1, 4}], [{8}, {3, 7}, {2, 6}, {1, 5}, {4}], [{8}, {3, 7}, {4, 6}, {1, 5}, {2}], [{8}, {3, 7}, {6}, {1, 5}, {2, 4}], [{8}, {4, 7}, {2, 6}, {1, 5}, {3}], [{8}, {4, 7}, {3, 6}, {1, 5}, {2}], [{8}, {4, 7}, {6}, {1, 5}, {2, 3}], [{8}, {5, 7}, {4, 6}, {2, 3}, {1}], [{8}, {6, 7}, {2, 5}, {3, 4}, {1}], [{8}, {7}, {2, 6}, {1, 5}, {3, 4}], [{8}, {7}, {2, 6}, {1, 5}, {4}, {3}], [{8}, {7}, {4, 6}, {2, 5}, {1, 3}]]",2,4 K_1^3 - 2 K_1 K_2 - 2 K_1 + 1,O1O2O3O4U5U3O6U1U6O7O5U8U7U4O8U2,O1O2O3U4U2O5O6U5O7O4U1U7U8U6O8U3,O1O2O3U1O4U5U4U6U3O7O6U8O5O8U2U7,c,{'O1O2O3O4U3O5U1U6U5O7O6U8U4O8U2U7'},1,"<a href=""/flatknot/8.704414"">8.704414</a>",t^9-72t^7-320t^6-383t^5+74t^4+156t^3-184t^2-89t,t^3-2t^2+t,,
8.704415,O1O2O3O4U3O5U1U6U5O7O6U8U4O8U7U2,4,27z^2+112z+117,27w^3z^2+112w^2z+117w,False,False,"[[ 0 -3  1 -1  2  2  0  0 -1],[ 3  0  3  0  3  1  2  1  2],[-1 -3  0 -1  1  1 -1  0 -2],[ 1  0  1  0  1  0  1  1  0],[-2 -3 -1 -1  0  1 -3 -1 -2],[-2 -1 -1  0 -1  0 -2 -1 -2],[ 0 -2  1 -1  3  2  0  0 -1],[ 0 -1  0 -1  1  1  0  0  0],[ 1 -2  2  0  2  2  1  0  0]]","[[ 0  2  2  1  0  0 -1 -1 -3],[-2  0  1 -1 -1 -3 -1 -2 -3],[-2 -1  0 -1 -1 -2  0 -2 -1],[-1  1  1  0  0 -1 -1 -2 -3],[ 0  1  1  0  0  0 -1  0 -1],[ 0  3  2  1  0  0 -1 -1 -2],[ 1  1  0  1  1  1  0  0  0],[ 1  2  2  2  0  1  0  0 -2],[ 3  3  1  3  1  2  0  2  0]]",True,"[-2,-2,-1,0,0,1,1,3,-1,1,1,3,1,2,3,1,1,2,0,2,1,0,1,1,2,3,0,1,0,1,1,1,2,0,0,2]","[-3,-1,-1,0,0,1,2,2,0,2,1,2,1,2,4,0,0,1,0,1,1,0,0,1,2,3,0,0,-1,0,1,1,1,0,0,-1]",t^8+64t^6+185t^4+124t^2+4,"[-3,-1,-1,0,0,1,2,2,0,2,1,2,1,2,4,0,0,1,0,1,1,0,0,1,2,3,0,0,-1,0,1,1,1,0,0,-1]","[-2,-2,-1,0,0,1,1,3,-1,0,0,1,1,3,4,0,-1,1,1,2,2,0,1,0,1,1,0,0,0,1,1,0,2,0,0,2]","[-3,-1,-1,0,0,1,2,2,0,2,1,2,3,1,3,0,1,1,1,0,1,0,1,2,2,2,0,0,1,1,1,2,3,1,1,-1]",c,"[[{8, 2}, {5, 7}, {4, 6}, {1, 3}], [{8, 2}, {7}, {4, 6}, {5}, {1, 3}]]",1,16 K_1^3 + 8 K_1^2 K_2 - 18 K_1^2 - 26 K_1 K_2 - 6 K_1 K_3 + K_1 - 2 K_2^2 + 8 K_2 + 9 K_3 + 2 K_4 + 9,O1O2O3O4U3U5O6U1U6O7O5U8U7U4O8U2,O1O2O3U4U2O5O6U5O4O7U1U7U8U6O8U3,O1O2O3U1O4U5U4U6U3O6O7U8O5O8U2U7,c,{'O1O2O3O4U3O5U1U6U5O7O6U8U4O8U7U2'},1,"<a href=""/flatknot/8.704415"">8.704415</a>",t^9-66t^7-240t^6-51t^5+536t^4+268t^3-268t^2-151t-8,t^3-2t^2+t,,
8.704416,O1O2O3O4U3O5U1U6U5O7O6U8U7O8U2U4,4,11z^2+96z+149,11w^3z^2+96w^2z+149w,False,False,"[[ 0 -3  0 -1  3  2  0  0 -1],[ 3  0  2  0  4  1  2  0  3],[ 0 -2  0  0  2  1  0  0 -1],[ 1  0  0  0  1  0  1  0  1],[-3 -4 -2 -1  0  1 -3  0 -4],[-2 -1 -1  0 -1  0 -2 -1 -2],[ 0 -2  0 -1  3  2  0  0  0],[ 0  0  0  0  0  1  0  0  0],[ 1 -3  1 -1  4  2  0  0  0]]","[[ 0  3  2  0  0  0 -1 -1 -3],[-3  0  1  0 -2 -3 -1 -4 -4],[-2 -1  0 -1 -1 -2  0 -2 -1],[ 0  0  1  0  0  0  0  0  0],[ 0  2  1  0  0  0  0 -1 -2],[ 0  3  2  0  0  0 -1  0 -2],[ 1  1  0  0  0  1  0  1  0],[ 1  4  2  0  1  0 -1  0 -3],[ 3  4  1  0  2  2  0  3  0]]",True,"[-3,-2,0,0,0,1,1,3,-1,0,2,3,1,4,4,1,1,2,0,2,1,0,0,0,0,0,0,0,1,2,1,0,2,-1,0,3]","[-3,-2,0,0,0,1,1,3,-1,0,2,3,1,4,4,1,1,2,0,2,1,0,0,0,0,0,0,0,1,2,1,0,2,-1,0,3]",t^8+78t^6+157t^4+75t^2+4,"[-3,-1,-1,0,0,0,2,3,-1,2,1,1,3,4,2,1,0,1,1,1,0,1,0,1,3,3,0,0,1,1,0,0,0,1,3,2]","[-3,-2,0,0,0,1,1,3,2,0,1,3,0,3,2,0,1,1,1,3,4,0,0,1,0,1,0,0,1,1,1,1,3,-1,-1,2]","[-3,-1,-1,0,0,0,2,3,0,3,0,2,2,1,4,1,0,0,1,0,1,0,1,0,2,4,0,0,1,0,0,1,2,2,3,-1]",c,"[[{8, 1}, {2, 7}, {3, 6}, {4, 5}], [{8, 1}, {2, 7}, {4, 6}, {3, 5}], [{8, 1}, {2, 7}, {5, 6}, {3, 4}], [{8, 1}, {2, 7}, {6}, {5}, {3, 4}], [{8, 1}, {3, 7}, {2, 6}, {4, 5}], [{8, 1}, {3, 7}, {4, 6}, {2, 5}], [{8, 1}, {3, 7}, {5, 6}, {2, 4}], [{8, 1}, {3, 7}, {6}, {2, 5}, {4}], [{8, 1}, {4, 7}, {2, 6}, {3, 5}], [{8, 1}, {4, 7}, {3, 6}, {2, 5}], [{8, 1}, {4, 7}, {5, 6}, {2, 3}], [{8, 1}, {5, 7}, {2, 6}, {3, 4}], [{8, 1}, {5, 7}, {2, 6}, {4}, {3}], [{8, 1}, {5, 7}, {3, 6}, {2, 4}], [{8, 1}, {5, 7}, {4, 6}, {2, 3}], [{8, 1}, {5, 7}, {4, 6}, {3}, {2}], [{8, 1}, {5, 7}, {6}, {2, 4}, {3}], [{8, 1}, {6, 7}, {2, 5}, {3, 4}], [{8, 1}, {6, 7}, {3, 5}, {2, 4}], [{8, 1}, {6, 7}, {4, 5}, {2, 3}], [{8, 1}, {7}, {4, 6}, {5}, {2, 3}], [{8, 2}, {1, 7}, {3, 6}, {4, 5}], [{8, 2}, {1, 7}, {4, 6}, {3, 5}], [{8, 2}, {1, 7}, {4, 6}, {5}, {3}], [{8, 2}, {1, 7}, {5, 6}, {3, 4}], [{8, 2}, {1, 7}, {5, 6}, {4}, {3}], [{8, 2}, {1, 7}, {6}, {4, 5}, {3}], [{8, 2}, {3, 7}, {1, 6}, {4, 5}], [{8, 2}, {3, 7}, {4, 6}, {1, 5}], [{8, 2}, {3, 7}, {5, 6}, {1, 4}], [{8, 2}, {3, 7}, {6}, {5}, {1, 4}], [{8, 2}, {4, 7}, {1, 6}, {3, 5}], [{8, 2}, {4, 7}, {3, 6}, {1, 5}], [{8, 2}, {4, 7}, {5, 6}, {1, 3}], [{8, 2}, {4, 7}, {5, 6}, {3}, {1}], [{8, 2}, {5, 7}, {1, 6}, {3, 4}], [{8, 2}, {5, 7}, {3, 6}, {1, 4}], [{8, 2}, {5, 7}, {4, 6}, {1, 3}], [{8, 2}, {5, 7}, {6}, {3, 4}, {1}], [{8, 2}, {6, 7}, {1, 5}, {3, 4}], [{8, 2}, {6, 7}, {3, 5}, {1, 4}], [{8, 2}, {6, 7}, {4, 5}, {1, 3}], [{8, 2}, {6, 7}, {5}, {4}, {1, 3}], [{8, 2}, {7}, {3, 6}, {4, 5}, {1}], [{8, 2}, {7}, {5, 6}, {1, 4}, {3}], [{8, 3}, {1, 7}, {2, 6}, {4, 5}], [{8, 3}, {1, 7}, {4, 6}, {2, 5}], [{8, 3}, {1, 7}, {5, 6}, {2, 4}], [{8, 3}, {1, 7}, {5, 6}, {4}, {2}], [{8, 3}, {2, 7}, {1, 6}, {4, 5}], [{8, 3}, {2, 7}, {4, 6}, {1, 5}], [{8, 3}, {2, 7}, {5, 6}, {1, 4}], [{8, 3}, {4, 7}, {1, 6}, {2, 5}], [{8, 3}, {4, 7}, {2, 6}, {1, 5}], [{8, 3}, {4, 7}, {5, 6}, {1, 2}], [{8, 3}, {4, 7}, {5, 6}, {2}, {1}], [{8, 3}, {4, 7}, {6}, {5}, {1, 2}], [{8, 3}, {5, 7}, {1, 6}, {2, 4}], [{8, 3}, {5, 7}, {2, 6}, {1, 4}], [{8, 3}, {5, 7}, {2, 6}, {4}, {1}], [{8, 3}, {5, 7}, {4, 6}, {1, 2}], [{8, 3}, {5, 7}, {6}, {1, 4}, {2}], [{8, 3}, {6, 7}, {1, 5}, {2, 4}], [{8, 3}, {6, 7}, {2, 5}, {1, 4}], [{8, 3}, {6, 7}, {4, 5}, {1, 2}], [{8, 3}, {6, 7}, {5}, {1, 4}, {2}], [{8, 3}, {7}, {5, 6}, {1, 4}, {2}], [{8, 4}, {1, 7}, {2, 6}, {3, 5}], [{8, 4}, {1, 7}, {3, 6}, {2, 5}], [{8, 4}, {1, 7}, {5, 6}, {2, 3}], [{8, 4}, {2, 7}, {1, 6}, {3, 5}], [{8, 4}, {2, 7}, {3, 6}, {1, 5}], [{8, 4}, {2, 7}, {5, 6}, {1, 3}], [{8, 4}, {3, 7}, {1, 6}, {2, 5}], [{8, 4}, {3, 7}, {2, 6}, {1, 5}], [{8, 4}, {3, 7}, {5, 6}, {1, 2}], [{8, 4}, {3, 7}, {6}, {2, 5}, {1}], [{8, 4}, {5, 7}, {1, 6}, {2, 3}], [{8, 4}, {5, 7}, {2, 6}, {1, 3}], [{8, 4}, {5, 7}, {2, 6}, {3}, {1}], [{8, 4}, {5, 7}, {3, 6}, {1, 2}], [{8, 4}, {5, 7}, {6}, {1, 3}, {2}], [{8, 4}, {6, 7}, {1, 5}, {2, 3}], [{8, 4}, {6, 7}, {2, 5}, {1, 3}], [{8, 4}, {6, 7}, {3, 5}, {1, 2}], [{8, 4}, {6, 7}, {5}, {1, 3}, {2}], [{8, 4}, {7}, {5, 6}, {1, 3}, {2}], [{8, 5}, {1, 7}, {2, 6}, {3, 4}], [{8, 5}, {1, 7}, {3, 6}, {2, 4}], [{8, 5}, {1, 7}, {3, 6}, {4}, {2}], [{8, 5}, {1, 7}, {4, 6}, {2, 3}], [{8, 5}, {2, 7}, {1, 6}, {3, 4}], [{8, 5}, {2, 7}, {3, 6}, {1, 4}], [{8, 5}, {2, 7}, {3, 6}, {4}, {1}], [{8, 5}, {2, 7}, {4, 6}, {1, 3}], [{8, 5}, {3, 7}, {1, 6}, {2, 4}], [{8, 5}, {3, 7}, {2, 6}, {1, 4}], [{8, 5}, {3, 7}, {4, 6}, {1, 2}], [{8, 5}, {3, 7}, {6}, {1, 4}, {2}], [{8, 5}, {4, 7}, {1, 6}, {2, 3}], [{8, 5}, {4, 7}, {2, 6}, {1, 3}], [{8, 5}, {4, 7}, {3, 6}, {1, 2}], [{8, 5}, {4, 7}, {3, 6}, {2}, {1}], [{8, 5}, {6, 7}, {1, 4}, {2, 3}], [{8, 5}, {6, 7}, {1, 4}, {3}, {2}], [{8, 5}, {6, 7}, {2, 4}, {1, 3}], [{8, 5}, {6, 7}, {3, 4}, {1, 2}], [{8, 5}, {7}, {3, 6}, {1, 4}, {2}], [{8, 5}, {7}, {3, 6}, {2, 4}, {1}], [{8, 5}, {7}, {3, 6}, {4}, {1, 2}], [{8, 5}, {7}, {4, 6}, {2, 3}, {1}], [{8, 6}, {1, 7}, {2, 5}, {3, 4}], [{8, 6}, {1, 7}, {3, 5}, {2, 4}], [{8, 6}, {1, 7}, {3, 5}, {4}, {2}], [{8, 6}, {1, 7}, {4, 5}, {2, 3}], [{8, 6}, {1, 7}, {4, 5}, {3}, {2}], [{8, 6}, {1, 7}, {5}, {3, 4}, {2}], [{8, 6}, {2, 7}, {1, 5}, {3, 4}], [{8, 6}, {2, 7}, {1, 5}, {4}, {3}], [{8, 6}, {2, 7}, {3, 5}, {1, 4}], [{8, 6}, {2, 7}, {4, 5}, {1, 3}], [{8, 6}, {3, 7}, {1, 5}, {2, 4}], [{8, 6}, {3, 7}, {2, 5}, {1, 4}], [{8, 6}, {3, 7}, {2, 5}, {4}, {1}], [{8, 6}, {3, 7}, {4, 5}, {1, 2}], [{8, 6}, {4, 7}, {1, 5}, {2, 3}], [{8, 6}, {4, 7}, {2, 5}, {1, 3}], [{8, 6}, {4, 7}, {3, 5}, {1, 2}], [{8, 6}, {4, 7}, {3, 5}, {2}, {1}], [{8, 6}, {4, 7}, {5}, {3}, {1, 2}], [{8, 6}, {5, 7}, {1, 4}, {2, 3}], [{8, 6}, {5, 7}, {2, 4}, {1, 3}], [{8, 6}, {5, 7}, {3, 4}, {1, 2}], [{8, 6}, {5, 7}, {3, 4}, {2}, {1}], [{8, 6}, {7}, {1, 5}, {3, 4}, {2}], [{8, 6}, {7}, {3, 5}, {1, 4}, {2}], [{8, 6}, {7}, {4, 5}, {2, 3}, {1}], [{8, 7}, {1, 6}, {2, 5}, {3, 4}], [{8, 7}, {1, 6}, {3, 5}, {2, 4}], [{8, 7}, {1, 6}, {4, 5}, {2, 3}], [{8, 7}, {2, 6}, {1, 5}, {3, 4}], [{8, 7}, {2, 6}, {3, 5}, {1, 4}], [{8, 7}, {2, 6}, {4, 5}, {1, 3}], [{8, 7}, {3, 6}, {1, 5}, {2, 4}], [{8, 7}, {3, 6}, {1, 5}, {4}, {2}], [{8, 7}, {3, 6}, {2, 5}, {1, 4}], [{8, 7}, {3, 6}, {4, 5}, {1, 2}], [{8, 7}, {4, 6}, {1, 5}, {2, 3}], [{8, 7}, {4, 6}, {1, 5}, {3}, {2}], [{8, 7}, {4, 6}, {2, 5}, {1, 3}], [{8, 7}, {4, 6}, {3, 5}, {1, 2}], [{8, 7}, {5, 6}, {1, 4}, {2, 3}], [{8, 7}, {5, 6}, {2, 4}, {1, 3}], [{8, 7}, {5, 6}, {2, 4}, {3}, {1}], [{8, 7}, {5, 6}, {3, 4}, {1, 2}], [{8, 7}, {6}, {1, 5}, {3, 4}, {2}], [{8, 7}, {6}, {3, 5}, {1, 4}, {2}], [{8, 7}, {6}, {4, 5}, {2, 3}, {1}], [{8}, {1, 7}, {2, 6}, {4, 5}, {3}], [{8}, {1, 7}, {3, 6}, {5}, {2, 4}], [{8}, {1, 7}, {5, 6}, {4}, {2, 3}], [{8}, {2, 7}, {3, 6}, {5}, {1, 4}], [{8}, {3, 7}, {1, 6}, {2, 5}, {4}], [{8}, {3, 7}, {4, 6}, {2, 5}, {1}], [{8}, {3, 7}, {6}, {2, 5}, {1, 4}], [{8}, {4, 7}, {2, 6}, {1, 5}, {3}], [{8}, {4, 7}, {3, 6}, {5}, {1, 2}], [{8}, {4, 7}, {5, 6}, {2, 3}, {1}], [{8}, {5, 7}, {2, 6}, {1, 4}, {3}], [{8}, {5, 7}, {2, 6}, {3, 4}, {1}], [{8}, {5, 7}, {2, 6}, {4}, {1, 3}], [{8}, {5, 7}, {2, 6}, {4}, {3}, {1}], [{8}, {6, 7}, {1, 5}, {3, 4}, {2}], [{8}, {6, 7}, {3, 5}, {1, 4}, {2}], [{8}, {6, 7}, {4, 5}, {2, 3}, {1}], [{8}, {6, 7}, {5}, {2, 4}, {1, 3}], [{8}, {7}, {4, 6}, {1, 5}, {2, 3}], [{8}, {7}, {5, 6}, {1, 4}, {2, 3}]]",2,12 K_1^3 - 46 K_1^2 - 24 K_1 K_2 + 3 K_1 + 23 K_2 + 9 K_3 + 24,O1O2O3O4U1U3O5U6U5O7O6U8U7U4O8U2,O1O2O3U4U2O5O4U5O6O7U1U6U8U7O8U3,O1O2O3U1O4U5U4U6U3O5O6U7O8O7U2U8,c,{'O1O2O3O4U3O5U1U6U5O7O6U8U7O8U2U4'},1,"<a href=""/flatknot/8.704416"">8.704416</a>",t^9-76t^7-294t^6-30t^5+532t^4+126t^3-318t^2-54t+54,-t^2+2t,,
8.704417,O1O2O3O4U3O5U1U6U5O7O6U8U7O8U4U2,3,53z+107,53w^2z+107w,False,False,"[[ 0 -3  1 -1  2  2  0  0 -1],[ 3  0  3  0  3  1  2  0  3],[-1 -3  0 -1  1  1 -1  0 -2],[ 1  0  1  0  1  0  1  0  1],[-2 -3 -1 -1  0  1 -2  0 -3],[-2 -1 -1  0 -1  0 -2 -1 -2],[ 0 -2  1 -1  2  2  0  0  0],[ 0  0  0  0  0  1  0  0  0],[ 1 -3  2 -1  3  2  0  0  0]]","[[ 0  2  2  1  0  0 -1 -1 -3],[-2  0  1 -1  0 -2 -1 -3 -3],[-2 -1  0 -1 -1 -2  0 -2 -1],[-1  1  1  0  0 -1 -1 -2 -3],[ 0  0  1  0  0  0  0  0  0],[ 0  2  2  1  0  0 -1  0 -2],[ 1  1  0  1  0  1  0  1  0],[ 1  3  2  2  0  0 -1  0 -3],[ 3  3  1  3  0  2  0  3  0]]",True,"[-2,-2,-1,0,0,1,1,3,-1,1,0,2,1,3,3,1,1,2,0,2,1,0,1,1,2,3,0,0,0,0,1,0,2,-1,0,3]","[-3,-1,-1,0,0,1,2,2,-1,2,1,3,1,2,4,1,1,1,0,0,1,0,1,1,2,3,0,0,0,0,1,2,1,0,0,-1]",t^8+66t^6+99t^4+8t^2,"[-3,-1,-1,0,0,1,2,2,-1,2,1,3,1,2,4,1,1,1,0,0,1,0,1,1,2,3,0,0,0,0,1,2,1,0,0,-1]","[-2,-2,-1,0,0,1,1,3,-1,0,0,1,1,3,4,0,0,2,0,2,2,0,1,0,1,1,0,1,0,1,1,1,3,-1,-1,2]","[-3,-1,-1,0,0,1,2,2,0,3,0,2,3,1,3,1,0,1,1,0,1,0,0,2,2,3,0,0,1,0,1,2,2,1,1,-1]",c,"[[{8, 3}, {5, 7}, {4, 6}, {1, 2}]]",1,- 28 K_1^2 - 14 K_1 K_2 + 7 K_1 + 14 K_2 + 7 K_3 + 15,O1O2O3O4U3U1O5U6U5O7O6U8U7U4O8U2,O1O2O3U4U2O5O4U5O6O7U1U7U8U6O8U3,O1O2O3U1O4U5U4U6U3O6O5U7O8O7U2U8,c,"{'O1O2O3U2O4O5U1U6U5O7O6U8U7O8U3U4', 'O1O2O3O4U3O5U1U6U5O7O6U8U7O8U4U2'}",2,"<a href=""/flatknot/8.704417"">8.704417</a>",t^9-68t^7-248t^6-101t^5+264t^4+178t^3-24t^2-32t,t^3-2t^2+t,,
8.704418,O1O2O3O4U3O5U1U6U7O8O6U2U4O7U5U8,4,2z^3+25z^2+96z+109,2w^4z^3+25w^3z^2+96w^2z+109w,False,False,"[[ 0 -3 -1 -1  2  2  0  0  1],[ 3  0  1  0  3  3  3  1  3],[ 1 -1  0  0  2  1  1  1  1],[ 1  0  0  0  1  1  1  0  1],[-2 -3 -2 -1  0  0 -2 -1  0],[-2 -3 -1 -1  0  0 -3 -1 -1],[ 0 -3 -1 -1  2  3  0 -1  2],[ 0 -1 -1  0  1  1  1  0  1],[-1 -3 -1 -1  0  1 -2 -1  0]]","[[ 0  2  2  1  0  0 -1 -1 -3],[-2  0  0  0 -1 -2 -1 -2 -3],[-2  0  0 -1 -1 -3 -1 -1 -3],[-1  0  1  0 -1 -2 -1 -1 -3],[ 0  1  1  1  0  1  0 -1 -1],[ 0  2  3  2 -1  0 -1 -1 -3],[ 1  1  1  1  0  1  0  0  0],[ 1  2  1  1  1  1  0  0 -1],[ 3  3  3  3  1  3  0  1  0]]",True,"[-2,-2,-1,0,0,1,1,3,0,0,1,2,1,2,3,1,1,3,1,1,3,1,2,1,1,3,-1,0,1,1,1,1,3,0,0,1]","[-3,-1,-1,0,0,1,2,2,0,1,1,3,3,3,3,0,0,1,1,1,1,1,1,1,1,2,1,1,1,1,2,3,2,1,0,0]",t^8+72t^6+172t^4+29t^2,"[-3,-1,-1,0,0,1,2,2,1,2,0,2,1,2,2,0,0,0,1,1,2,0,1,1,2,2,1,-1,0,-1,0,1,1,1,0,0]","[-2,-2,-1,0,0,1,1,3,0,0,-1,1,2,2,2,1,0,1,1,2,2,-1,0,1,1,1,-1,0,0,0,0,1,2,0,1,2]","[-3,-1,-1,0,0,1,2,2,0,1,1,3,3,3,3,0,0,1,1,1,1,1,1,1,1,2,1,1,1,1,2,3,2,1,0,0]",c,"[[{8, 1}, {2, 7}, {3, 6}, {4, 5}], [{8, 1}, {2, 7}, {4, 6}, {3, 5}], [{8, 1}, {2, 7}, {5, 6}, {3, 4}], [{8, 1}, {2, 7}, {5, 6}, {4}, {3}], [{8, 1}, {3, 7}, {2, 6}, {4, 5}], [{8, 1}, {3, 7}, {2, 6}, {5}, {4}], [{8, 1}, {3, 7}, {4, 6}, {2, 5}], [{8, 1}, {3, 7}, {5, 6}, {2, 4}], [{8, 1}, {4, 7}, {2, 6}, {3, 5}], [{8, 1}, {4, 7}, {3, 6}, {2, 5}], [{8, 1}, {4, 7}, {5, 6}, {2, 3}], [{8, 1}, {4, 7}, {5, 6}, {3}, {2}], [{8, 1}, {5, 7}, {2, 6}, {3, 4}], [{8, 1}, {5, 7}, {3, 6}, {2, 4}], [{8, 1}, {5, 7}, {4, 6}, {2, 3}], [{8, 1}, {5, 7}, {6}, {2, 4}, {3}], [{8, 1}, {6, 7}, {2, 5}, {3, 4}], [{8, 1}, {6, 7}, {3, 5}, {2, 4}], [{8, 1}, {6, 7}, {4, 5}, {2, 3}], [{8, 1}, {6, 7}, {5}, {2, 4}, {3}], [{8, 1}, {7}, {2, 6}, {4, 5}, {3}], [{8, 1}, {7}, {4, 6}, {3, 5}, {2}], [{8, 1}, {7}, {5, 6}, {2, 4}, {3}], [{8, 2}, {1, 7}, {3, 6}, {4, 5}], [{8, 2}, {1, 7}, {4, 6}, {3, 5}], [{8, 2}, {1, 7}, {4, 6}, {5}, {3}], [{8, 2}, {1, 7}, {5, 6}, {3, 4}], [{8, 2}, {3, 7}, {1, 6}, {4, 5}], [{8, 2}, {3, 7}, {1, 6}, {5}, {4}], [{8, 2}, {3, 7}, {4, 6}, {1, 5}], [{8, 2}, {3, 7}, {4, 6}, {5}, {1}], [{8, 2}, {3, 7}, {5, 6}, {1, 4}], [{8, 2}, {3, 7}, {6}, {5}, {1, 4}], [{8, 2}, {4, 7}, {1, 6}, {3, 5}], [{8, 2}, {4, 7}, {3, 6}, {1, 5}], [{8, 2}, {4, 7}, {5, 6}, {1, 3}], [{8, 2}, {5, 7}, {1, 6}, {3, 4}], [{8, 2}, {5, 7}, {3, 6}, {1, 4}], [{8, 2}, {5, 7}, {3, 6}, {4}, {1}], [{8, 2}, {5, 7}, {4, 6}, {1, 3}], [{8, 2}, {5, 7}, {6}, {1, 4}, {3}], [{8, 2}, {6, 7}, {1, 5}, {3, 4}], [{8, 2}, {6, 7}, {3, 5}, {1, 4}], [{8, 2}, {6, 7}, {4, 5}, {1, 3}], [{8, 2}, {6, 7}, {5}, {3, 4}, {1}], [{8, 2}, {7}, {4, 6}, {5}, {1, 3}], [{8, 2}, {7}, {5, 6}, {4}, {1, 3}], [{8, 2}, {7}, {6}, {1, 5}, {3, 4}], [{8, 2}, {7}, {6}, {3, 5}, {1, 4}], [{8, 2}, {7}, {6}, {4, 5}, {1, 3}], [{8, 3}, {1, 7}, {2, 6}, {4, 5}], [{8, 3}, {1, 7}, {2, 6}, {5}, {4}], [{8, 3}, {1, 7}, {4, 6}, {2, 5}], [{8, 3}, {1, 7}, {5, 6}, {2, 4}], [{8, 3}, {2, 7}, {1, 6}, {4, 5}], [{8, 3}, {2, 7}, {4, 6}, {1, 5}], [{8, 3}, {2, 7}, {5, 6}, {1, 4}], [{8, 3}, {2, 7}, {5, 6}, {4}, {1}], [{8, 3}, {4, 7}, {1, 6}, {2, 5}], [{8, 3}, {4, 7}, {2, 6}, {1, 5}], [{8, 3}, {4, 7}, {5, 6}, {1, 2}], [{8, 3}, {5, 7}, {1, 6}, {2, 4}], [{8, 3}, {5, 7}, {2, 6}, {1, 4}], [{8, 3}, {5, 7}, {2, 6}, {4}, {1}], [{8, 3}, {5, 7}, {4, 6}, {1, 2}], [{8, 3}, {6, 7}, {1, 5}, {2, 4}], [{8, 3}, {6, 7}, {2, 5}, {1, 4}], [{8, 3}, {6, 7}, {4, 5}, {1, 2}], [{8, 3}, {6, 7}, {5}, {1, 4}, {2}], [{8, 3}, {7}, {2, 6}, {1, 5}, {4}], [{8, 4}, {1, 7}, {2, 6}, {3, 5}], [{8, 4}, {1, 7}, {2, 6}, {5}, {3}], [{8, 4}, {1, 7}, {3, 6}, {2, 5}], [{8, 4}, {1, 7}, {5, 6}, {2, 3}], [{8, 4}, {2, 7}, {1, 6}, {3, 5}], [{8, 4}, {2, 7}, {3, 6}, {1, 5}], [{8, 4}, {2, 7}, {5, 6}, {1, 3}], [{8, 4}, {3, 7}, {1, 6}, {2, 5}], [{8, 4}, {3, 7}, {2, 6}, {1, 5}], [{8, 4}, {3, 7}, {2, 6}, {5}, {1}], [{8, 4}, {3, 7}, {5, 6}, {1, 2}], [{8, 4}, {5, 7}, {1, 6}, {2, 3}], [{8, 4}, {5, 7}, {2, 6}, {1, 3}], [{8, 4}, {5, 7}, {2, 6}, {3}, {1}], [{8, 4}, {5, 7}, {3, 6}, {1, 2}], [{8, 4}, {6, 7}, {1, 5}, {2, 3}], [{8, 4}, {6, 7}, {2, 5}, {1, 3}], [{8, 4}, {6, 7}, {3, 5}, {1, 2}], [{8, 4}, {7}, {2, 6}, {1, 5}, {3}], [{8, 4}, {7}, {2, 6}, {3, 5}, {1}], [{8, 4}, {7}, {2, 6}, {5}, {1, 3}], [{8, 4}, {7}, {2, 6}, {5}, {3}, {1}], [{8, 5}, {1, 7}, {2, 6}, {3, 4}], [{8, 5}, {1, 7}, {3, 6}, {2, 4}], [{8, 5}, {1, 7}, {3, 6}, {4}, {2}], [{8, 5}, {1, 7}, {4, 6}, {2, 3}], [{8, 5}, {2, 7}, {1, 6}, {3, 4}], [{8, 5}, {2, 7}, {3, 6}, {1, 4}], [{8, 5}, {2, 7}, {4, 6}, {1, 3}], [{8, 5}, {3, 7}, {1, 6}, {2, 4}], [{8, 5}, {3, 7}, {2, 6}, {1, 4}], [{8, 5}, {3, 7}, {2, 6}, {4}, {1}], [{8, 5}, {3, 7}, {4, 6}, {1, 2}], [{8, 5}, {4, 7}, {1, 6}, {2, 3}], [{8, 5}, {4, 7}, {2, 6}, {1, 3}], [{8, 5}, {4, 7}, {3, 6}, {1, 2}], [{8, 5}, {4, 7}, {3, 6}, {2}, {1}], [{8, 5}, {6, 7}, {1, 4}, {2, 3}], [{8, 5}, {6, 7}, {2, 4}, {1, 3}], [{8, 5}, {6, 7}, {3, 4}, {1, 2}], [{8, 5}, {7}, {2, 6}, {1, 4}, {3}], [{8, 5}, {7}, {3, 6}, {1, 4}, {2}], [{8, 5}, {7}, {6}, {1, 4}, {2, 3}], [{8, 6}, {1, 7}, {2, 5}, {3, 4}], [{8, 6}, {1, 7}, {3, 5}, {2, 4}], [{8, 6}, {1, 7}, {3, 5}, {4}, {2}], [{8, 6}, {1, 7}, {4, 5}, {2, 3}], [{8, 6}, {2, 7}, {1, 5}, {3, 4}], [{8, 6}, {2, 7}, {3, 5}, {1, 4}], [{8, 6}, {2, 7}, {4, 5}, {1, 3}], [{8, 6}, {2, 7}, {4, 5}, {3}, {1}], [{8, 6}, {3, 7}, {1, 5}, {2, 4}], [{8, 6}, {3, 7}, {2, 5}, {1, 4}], [{8, 6}, {3, 7}, {4, 5}, {1, 2}], [{8, 6}, {3, 7}, {5}, {1, 4}, {2}], [{8, 6}, {4, 7}, {1, 5}, {2, 3}], [{8, 6}, {4, 7}, {2, 5}, {1, 3}], [{8, 6}, {4, 7}, {3, 5}, {1, 2}], [{8, 6}, {4, 7}, {5}, {1, 3}, {2}], [{8, 6}, {5, 7}, {1, 4}, {2, 3}], [{8, 6}, {5, 7}, {2, 4}, {1, 3}], [{8, 6}, {5, 7}, {2, 4}, {3}, {1}], [{8, 6}, {5, 7}, {3, 4}, {1, 2}], [{8, 6}, {7}, {1, 5}, {3, 4}, {2}], [{8, 6}, {7}, {2, 5}, {1, 4}, {3}], [{8, 7}, {1, 6}, {2, 5}, {3, 4}], [{8, 7}, {1, 6}, {3, 5}, {2, 4}], [{8, 7}, {1, 6}, {4, 5}, {2, 3}], [{8, 7}, {1, 6}, {5}, {3, 4}, {2}], [{8, 7}, {2, 6}, {1, 5}, {3, 4}], [{8, 7}, {2, 6}, {1, 5}, {4}, {3}], [{8, 7}, {2, 6}, {3, 5}, {1, 4}], [{8, 7}, {2, 6}, {4, 5}, {1, 3}], [{8, 7}, {3, 6}, {1, 5}, {2, 4}], [{8, 7}, {3, 6}, {2, 5}, {1, 4}], [{8, 7}, {3, 6}, {4, 5}, {1, 2}], [{8, 7}, {3, 6}, {5}, {1, 4}, {2}], [{8, 7}, {4, 6}, {1, 5}, {2, 3}], [{8, 7}, {4, 6}, {2, 5}, {1, 3}], [{8, 7}, {4, 6}, {2, 5}, {3}, {1}], [{8, 7}, {4, 6}, {3, 5}, {1, 2}], [{8, 7}, {5, 6}, {1, 4}, {2, 3}], [{8, 7}, {5, 6}, {1, 4}, {3}, {2}], [{8, 7}, {5, 6}, {2, 4}, {1, 3}], [{8, 7}, {5, 6}, {3, 4}, {1, 2}], [{8, 7}, {5, 6}, {3, 4}, {2}, {1}], [{8, 7}, {5, 6}, {4}, {1, 3}, {2}], [{8, 7}, {6}, {1, 5}, {3, 4}, {2}], [{8, 7}, {6}, {3, 5}, {1, 4}, {2}], [{8, 7}, {6}, {4, 5}, {2, 3}, {1}], [{8}, {1, 7}, {2, 6}, {5}, {3, 4}], [{8}, {2, 7}, {5, 6}, {4}, {1, 3}], [{8}, {2, 7}, {6}, {1, 5}, {3, 4}], [{8}, {2, 7}, {6}, {3, 5}, {1, 4}], [{8}, {3, 7}, {2, 6}, {1, 5}, {4}], [{8}, {3, 7}, {2, 6}, {4, 5}, {1}], [{8}, {3, 7}, {2, 6}, {5}, {1, 4}], [{8}, {4, 7}, {2, 6}, {1, 5}, {3}], [{8}, {5, 7}, {1, 6}, {2, 4}, {3}], [{8}, {5, 7}, {2, 6}, {3, 4}, {1}], [{8}, {5, 7}, {3, 6}, {1, 4}, {2}], [{8}, {5, 7}, {4, 6}, {1, 3}, {2}], [{8}, {6, 7}, {1, 5}, {3, 4}, {2}], [{8}, {6, 7}, {4, 5}, {3}, {1, 2}], [{8}, {7}, {2, 6}, {1, 5}, {3, 4}], [{8}, {7}, {2, 6}, {1, 5}, {4}, {3}], [{8}, {7}, {3, 6}, {1, 5}, {2, 4}], [{8}, {7}, {4, 6}, {1, 5}, {2, 3}], [{8}, {7}, {6}, {1, 5}, {3, 4}, {2}]]",2,24 K_1^3 - 28 K_1^2 - 26 K_1 K_2 - 5 K_1 + 14 K_2 + 7 K_3 + 15,O1O2O3O4U5U6O7U1U3O8O5U7U8U4O6U2,O1O2O3U4U2O5O6U3O7O4U1U5U8U6O8U7,O1O2O3U4O5U6U5U7U3O8O4U1O6O7U2U8,c,{'O1O2O3O4U3O5U1U6U7O8O6U2U4O7U5U8'},1,"<a href=""/flatknot/8.704418"">8.704418</a>",t^9-74t^7-276t^6-120t^5+398t^4+277t^3-112t^2-65t+8,t^3-2t^2+t,,
8.704419,O1O2O3O4U3O5U1U6U7O8O6U2U5O7U4U8,4,7z^3+48z^2+104z+73,7w^4z^3+48w^3z^2+104w^2z+73w,False,False,"[[ 0 -3 -1 -1  2  2  0  0  1],[ 3  0  1  0  4  2  3  1  3],[ 1 -1  0  0  2  1  1  1  1],[ 1  0  0  0  1  0  1  1  1],[-2 -4 -2 -1  0  1 -3 -2  0],[-2 -2 -1  0 -1  0 -2 -1 -1],[ 0 -3 -1 -1  3  2  0 -1  2],[ 0 -1 -1 -1  2  1  1  0  1],[-1 -3 -1 -1  0  1 -2 -1  0]]","[[ 0  2  2  1  0  0 -1 -1 -3],[-2  0  1  0 -2 -3 -1 -2 -4],[-2 -1  0 -1 -1 -2  0 -1 -2],[-1  0  1  0 -1 -2 -1 -1 -3],[ 0  2  1  1  0  1 -1 -1 -1],[ 0  3  2  2 -1  0 -1 -1 -3],[ 1  1  0  1  1  1  0  0  0],[ 1  2  1  1  1  1  0  0 -1],[ 3  4  2  3  1  3  0  1  0]]",True,"[-2,-2,-1,0,0,1,1,3,-1,0,2,3,1,2,4,1,1,2,0,1,2,1,2,1,1,3,-1,1,1,1,1,1,3,0,0,1]","[-3,-1,-1,0,0,1,2,2,0,1,1,3,3,2,4,0,1,1,1,0,1,1,1,1,1,2,1,1,1,2,2,2,3,1,0,-1]",t^8+78t^6+149t^4+48t^2+1,"[-3,-1,-1,0,0,1,2,2,1,2,0,2,1,1,3,0,0,0,1,1,2,0,0,1,2,3,1,-1,-1,0,0,0,1,1,0,-1]","[-2,-2,-1,0,0,1,1,3,-1,0,0,1,2,3,3,1,-1,0,1,2,1,-1,0,1,1,1,-1,0,0,0,0,0,2,0,1,2]","[-3,-1,-1,0,0,1,2,2,0,1,1,3,3,2,4,0,1,1,1,0,1,1,1,1,1,2,1,1,1,2,2,2,3,1,0,-1]",c,"[[{8, 4}, {3, 7}, {2, 6}, {1, 5}]]",1,12 K_1^3 - 4 K_1^2 - 6 K_1 K_2 - 6 K_1 + 2 K_2 + 3,O1O2O3O4U5U1O6U7U3O8O5U6U8U4O7U2,O1O2O3U4U2O5O6U3O7O4U1U5U8U7O8U6,O1O2O3U4O5U6U5U7U3O8O6U1O4O7U2U8,c,{'O1O2O3O4U3O5U1U6U7O8O6U2U5O7U4U8'},1,"<a href=""/flatknot/8.704419"">8.704419</a>",t^9-80t^7-324t^6-273t^5+170t^4+103t^3-154t^2-34t+28,t^3-2t^2+t,,
8.704420,O1O2O3O4U3O5U1U6U7O8O6U4U2O7U5U8,4,11z^2+64z+85,11w^3z^2+64w^2z+85w,False,False,"[[ 0 -3  0 -1  1  2  0  0  1],[ 3  0  2  0  2  3  3  1  3],[ 0 -2  0 -1  1  1  0  0  1],[ 1  0  1  0  1  1  1  0  1],[-1 -2 -1 -1  0  0 -1  0  0],[-2 -3 -1 -1  0  0 -3 -1 -1],[ 0 -3  0 -1  1  3  0 -1  2],[ 0 -1  0  0  0  1  1  0  1],[-1 -3 -1 -1  0  1 -2 -1  0]]","[[ 0  2  1  1  0  0  0 -1 -3],[-2  0  0 -1 -1 -1 -3 -1 -3],[-1  0  0  0  0 -1 -1 -1 -2],[-1  1  0  0 -1 -1 -2 -1 -3],[ 0  1  0  1  0  0  1  0 -1],[ 0  1  1  1  0  0  0 -1 -2],[ 0  3  1  2 -1  0  0 -1 -3],[ 1  1  1  1  0  1  1  0  0],[ 3  3  2  3  1  2  3  0  0]]",True,"[-2,-1,-1,0,0,0,1,3,0,1,1,1,3,1,3,0,0,1,1,1,2,1,1,2,1,3,0,-1,0,1,0,1,2,1,3,0]","[-3,-1,0,0,0,1,1,2,0,1,2,3,2,3,3,0,1,1,1,1,1,0,1,0,1,1,0,1,1,1,1,2,3,0,0,1]",t^8+62t^6+113t^4+20t^2,"[-3,-1,0,0,0,1,1,2,2,0,1,2,1,2,2,0,0,1,1,1,2,0,1,-1,0,-1,0,0,0,1,0,1,1,0,0,1]","[-2,-1,-1,0,0,0,1,3,0,1,-1,1,1,2,2,0,-1,0,0,1,1,0,0,1,1,2,0,-1,0,0,0,0,1,1,2,2]","[-3,-1,0,0,0,1,1,2,0,1,2,3,2,3,3,0,1,1,1,1,1,0,1,0,1,1,0,1,1,1,1,2,3,0,0,1]",c,"[[{8, 7}, {1, 6}, {4, 5}, {2, 3}]]",1,4 K_1^3 - 18 K_1^2 - 10 K_1 K_2 + 2 K_1 + 9 K_2 + 4 K_3 + 10,O1O2O3O4U5U6O7U3U1O8O5U7U8U4O6U2,O1O2O3U4U2O5O6U3O7O4U1U6U8U5O8U7,O1O2O3U4O5U6U5U7U3O8O4U1O7O6U2U8,c,"{'O1O2O3U2O4O5U1U6U7O8O6U3U4O7U5U8', 'O1O2O3O4U3O5U1U6U7O8O6U4U2O7U5U8'}",2,"<a href=""/flatknot/8.704420"">8.704420</a>",t^9-66t^7-212t^6+6t^5+398t^4+294t^3+56t^2-3t-2,t^3-t^2-t,,
8.704421,O1O2O3O4U3O5U1U6U7O8O6U5U2O7U4U8,4,5z^3+39z^2+109z+103,5w^4z^3+39w^3z^2+109w^2z+103w,False,False,"[[ 0 -3  0 -1  2  1  0  0  1],[ 3  0  2  0  4  1  3  1  3],[ 0 -2  0  0  1  0  0  0  1],[ 1  0  0  0  1  0  1  1  1],[-2 -4 -1 -1  0  1 -3 -2  0],[-1 -1  0  0 -1  0 -1  0 -1],[ 0 -3  0 -1  3  1  0 -1  2],[ 0 -1  0 -1  2  0  1  0  1],[-1 -3 -1 -1  0  1 -2 -1  0]]","[[ 0  2  1  1  0  0  0 -1 -3],[-2  0  1  0 -1 -2 -3 -1 -4],[-1 -1  0 -1  0  0 -1  0 -1],[-1  0  1  0 -1 -1 -2 -1 -3],[ 0  1  0  1  0  0  0  0 -2],[ 0  2  0  1  0  0  1 -1 -1],[ 0  3  1  2  0 -1  0 -1 -3],[ 1  1  0  1  0  1  1  0  0],[ 3  4  1  3  2  1  3  0  0]]",True,"[-2,-1,-1,0,0,0,1,3,-1,0,1,2,3,1,4,1,0,0,1,0,1,1,1,2,1,3,0,0,0,2,-1,1,1,1,3,0]","[-3,-1,0,0,0,1,1,2,0,1,2,3,1,3,4,1,0,1,0,1,1,0,1,0,1,2,0,0,1,1,1,2,3,-1,-1,0]",t^8+68t^6+149t^4+66t^2+1,"[-3,-1,0,0,0,1,1,2,2,0,1,2,1,3,1,0,1,0,1,2,2,0,1,-1,0,-1,0,0,1,1,0,1,0,-1,1,2]","[-2,-1,-1,0,0,0,1,3,1,2,-1,0,1,2,1,1,-1,0,0,1,1,0,1,1,2,3,-1,0,0,0,0,0,2,1,1,2]","[-3,-1,0,0,0,1,1,2,0,1,2,3,1,3,4,1,0,1,0,1,1,0,1,0,1,2,0,0,1,1,1,2,3,-1,-1,0]",c,"[[{8, 1}, {2, 7}, {3, 6}, {4, 5}], [{8, 1}, {2, 7}, {4, 6}, {3, 5}], [{8, 1}, {2, 7}, {5, 6}, {3, 4}], [{8, 1}, {2, 7}, {6}, {4, 5}, {3}], [{8, 1}, {3, 7}, {2, 6}, {4, 5}], [{8, 1}, {3, 7}, {2, 6}, {5}, {4}], [{8, 1}, {3, 7}, {4, 6}, {2, 5}], [{8, 1}, {3, 7}, {5, 6}, {2, 4}], [{8, 1}, {4, 7}, {2, 6}, {3, 5}], [{8, 1}, {4, 7}, {3, 6}, {2, 5}], [{8, 1}, {4, 7}, {5, 6}, {2, 3}], [{8, 1}, {4, 7}, {6}, {3, 5}, {2}], [{8, 1}, {5, 7}, {2, 6}, {3, 4}], [{8, 1}, {5, 7}, {3, 6}, {2, 4}], [{8, 1}, {5, 7}, {4, 6}, {2, 3}], [{8, 1}, {5, 7}, {6}, {2, 4}, {3}], [{8, 1}, {6, 7}, {2, 5}, {3, 4}], [{8, 1}, {6, 7}, {3, 5}, {2, 4}], [{8, 1}, {6, 7}, {3, 5}, {4}, {2}], [{8, 1}, {6, 7}, {4, 5}, {2, 3}], [{8, 1}, {7}, {3, 6}, {5}, {2, 4}], [{8, 1}, {7}, {4, 6}, {3, 5}, {2}], [{8, 2}, {1, 7}, {3, 6}, {4, 5}], [{8, 2}, {1, 7}, {4, 6}, {3, 5}], [{8, 2}, {1, 7}, {4, 6}, {5}, {3}], [{8, 2}, {1, 7}, {5, 6}, {3, 4}], [{8, 2}, {1, 7}, {6}, {3, 5}, {4}], [{8, 2}, {3, 7}, {1, 6}, {4, 5}], [{8, 2}, {3, 7}, {4, 6}, {1, 5}], [{8, 2}, {3, 7}, {5, 6}, {1, 4}], [{8, 2}, {4, 7}, {1, 6}, {3, 5}], [{8, 2}, {4, 7}, {3, 6}, {1, 5}], [{8, 2}, {4, 7}, {5, 6}, {1, 3}], [{8, 2}, {4, 7}, {6}, {1, 5}, {3}], [{8, 2}, {5, 7}, {1, 6}, {3, 4}], [{8, 2}, {5, 7}, {1, 6}, {4}, {3}], [{8, 2}, {5, 7}, {3, 6}, {1, 4}], [{8, 2}, {5, 7}, {4, 6}, {1, 3}], [{8, 2}, {6, 7}, {1, 5}, {3, 4}], [{8, 2}, {6, 7}, {3, 5}, {1, 4}], [{8, 2}, {6, 7}, {4, 5}, {1, 3}], [{8, 2}, {7}, {5, 6}, {3, 4}, {1}], [{8, 3}, {1, 7}, {2, 6}, {4, 5}], [{8, 3}, {1, 7}, {4, 6}, {2, 5}], [{8, 3}, {1, 7}, {5, 6}, {2, 4}], [{8, 3}, {2, 7}, {1, 6}, {4, 5}], [{8, 3}, {2, 7}, {4, 6}, {1, 5}], [{8, 3}, {2, 7}, {5, 6}, {1, 4}], [{8, 3}, {4, 7}, {1, 6}, {2, 5}], [{8, 3}, {4, 7}, {2, 6}, {1, 5}], [{8, 3}, {4, 7}, {5, 6}, {1, 2}], [{8, 3}, {5, 7}, {1, 6}, {2, 4}], [{8, 3}, {5, 7}, {2, 6}, {1, 4}], [{8, 3}, {5, 7}, {4, 6}, {1, 2}], [{8, 3}, {6, 7}, {1, 5}, {2, 4}], [{8, 3}, {6, 7}, {2, 5}, {1, 4}], [{8, 3}, {6, 7}, {4, 5}, {1, 2}], [{8, 3}, {7}, {5, 6}, {2, 4}, {1}], [{8, 4}, {1, 7}, {2, 6}, {3, 5}], [{8, 4}, {1, 7}, {2, 6}, {5}, {3}], [{8, 4}, {1, 7}, {3, 6}, {2, 5}], [{8, 4}, {1, 7}, {5, 6}, {2, 3}], [{8, 4}, {1, 7}, {6}, {3, 5}, {2}], [{8, 4}, {2, 7}, {1, 6}, {3, 5}], [{8, 4}, {2, 7}, {3, 6}, {1, 5}], [{8, 4}, {2, 7}, {5, 6}, {1, 3}], [{8, 4}, {3, 7}, {1, 6}, {2, 5}], [{8, 4}, {3, 7}, {2, 6}, {1, 5}], [{8, 4}, {3, 7}, {2, 6}, {5}, {1}], [{8, 4}, {3, 7}, {5, 6}, {1, 2}], [{8, 4}, {5, 7}, {1, 6}, {2, 3}], [{8, 4}, {5, 7}, {2, 6}, {1, 3}], [{8, 4}, {5, 7}, {3, 6}, {1, 2}], [{8, 4}, {6, 7}, {1, 5}, {2, 3}], [{8, 4}, {6, 7}, {2, 5}, {1, 3}], [{8, 4}, {6, 7}, {3, 5}, {1, 2}], [{8, 4}, {6, 7}, {3, 5}, {2}, {1}], [{8, 4}, {7}, {1, 6}, {3, 5}, {2}], [{8, 4}, {7}, {2, 6}, {5}, {1, 3}], [{8, 5}, {1, 7}, {2, 6}, {3, 4}], [{8, 5}, {1, 7}, {3, 6}, {2, 4}], [{8, 5}, {1, 7}, {4, 6}, {2, 3}], [{8, 5}, {1, 7}, {6}, {4}, {2, 3}], [{8, 5}, {2, 7}, {1, 6}, {3, 4}], [{8, 5}, {2, 7}, {3, 6}, {1, 4}], [{8, 5}, {2, 7}, {4, 6}, {1, 3}], [{8, 5}, {2, 7}, {6}, {4}, {1, 3}], [{8, 5}, {3, 7}, {1, 6}, {2, 4}], [{8, 5}, {3, 7}, {2, 6}, {1, 4}], [{8, 5}, {3, 7}, {4, 6}, {1, 2}], [{8, 5}, {3, 7}, {6}, {4}, {1, 2}], [{8, 5}, {4, 7}, {1, 6}, {2, 3}], [{8, 5}, {4, 7}, {2, 6}, {1, 3}], [{8, 5}, {4, 7}, {3, 6}, {1, 2}], [{8, 5}, {4, 7}, {6}, {1, 3}, {2}], [{8, 5}, {4, 7}, {6}, {2, 3}, {1}], [{8, 5}, {4, 7}, {6}, {3}, {1, 2}], [{8, 5}, {6, 7}, {1, 4}, {2, 3}], [{8, 5}, {6, 7}, {2, 4}, {1, 3}], [{8, 5}, {6, 7}, {3, 4}, {1, 2}], [{8, 5}, {6, 7}, {4}, {1, 3}, {2}], [{8, 5}, {6, 7}, {4}, {2, 3}, {1}], [{8, 5}, {6, 7}, {4}, {3}, {1, 2}], [{8, 5}, {7}, {1, 6}, {4}, {2, 3}], [{8, 5}, {7}, {2, 6}, {4}, {1, 3}], [{8, 5}, {7}, {3, 6}, {4}, {1, 2}], [{8, 5}, {7}, {4, 6}, {1, 3}, {2}], [{8, 5}, {7}, {4, 6}, {2, 3}, {1}], [{8, 5}, {7}, {4, 6}, {3}, {1, 2}], [{8, 5}, {7}, {6}, {1, 4}, {2, 3}], [{8, 5}, {7}, {6}, {2, 4}, {1, 3}], [{8, 5}, {7}, {6}, {3, 4}, {1, 2}], [{8, 5}, {7}, {6}, {4}, {1, 3}, {2}], [{8, 5}, {7}, {6}, {4}, {2, 3}, {1}], [{8, 5}, {7}, {6}, {4}, {3}, {1, 2}], [{8, 6}, {1, 7}, {2, 5}, {3, 4}], [{8, 6}, {1, 7}, {2, 5}, {4}, {3}], [{8, 6}, {1, 7}, {3, 5}, {2, 4}], [{8, 6}, {1, 7}, {3, 5}, {4}, {2}], [{8, 6}, {1, 7}, {4, 5}, {2, 3}], [{8, 6}, {1, 7}, {4, 5}, {3}, {2}], [{8, 6}, {1, 7}, {5}, {2, 4}, {3}], [{8, 6}, {1, 7}, {5}, {3, 4}, {2}], [{8, 6}, {1, 7}, {5}, {4}, {2, 3}], [{8, 6}, {1, 7}, {5}, {4}, {3}, {2}], [{8, 6}, {2, 7}, {1, 5}, {3, 4}], [{8, 6}, {2, 7}, {3, 5}, {1, 4}], [{8, 6}, {2, 7}, {4, 5}, {1, 3}], [{8, 6}, {2, 7}, {5}, {4}, {1, 3}], [{8, 6}, {3, 7}, {1, 5}, {2, 4}], [{8, 6}, {3, 7}, {2, 5}, {1, 4}], [{8, 6}, {3, 7}, {4, 5}, {1, 2}], [{8, 6}, {3, 7}, {5}, {4}, {1, 2}], [{8, 6}, {4, 7}, {1, 5}, {2, 3}], [{8, 6}, {4, 7}, {2, 5}, {1, 3}], [{8, 6}, {4, 7}, {3, 5}, {1, 2}], [{8, 6}, {4, 7}, {3, 5}, {2}, {1}], [{8, 6}, {5, 7}, {1, 4}, {2, 3}], [{8, 6}, {5, 7}, {2, 4}, {1, 3}], [{8, 6}, {5, 7}, {3, 4}, {1, 2}], [{8, 6}, {5, 7}, {3, 4}, {2}, {1}], [{8, 6}, {7}, {1, 5}, {3, 4}, {2}], [{8, 6}, {7}, {3, 5}, {1, 4}, {2}], [{8, 7}, {1, 6}, {2, 5}, {3, 4}], [{8, 7}, {1, 6}, {3, 5}, {2, 4}], [{8, 7}, {1, 6}, {3, 5}, {4}, {2}], [{8, 7}, {1, 6}, {4, 5}, {2, 3}], [{8, 7}, {2, 6}, {1, 5}, {3, 4}], [{8, 7}, {2, 6}, {3, 5}, {1, 4}], [{8, 7}, {2, 6}, {4, 5}, {1, 3}], [{8, 7}, {2, 6}, {5}, {3, 4}, {1}], [{8, 7}, {3, 6}, {1, 5}, {2, 4}], [{8, 7}, {3, 6}, {1, 5}, {4}, {2}], [{8, 7}, {3, 6}, {2, 5}, {1, 4}], [{8, 7}, {3, 6}, {2, 5}, {4}, {1}], [{8, 7}, {3, 6}, {4, 5}, {1, 2}], [{8, 7}, {3, 6}, {5}, {4}, {1, 2}], [{8, 7}, {4, 6}, {1, 5}, {2, 3}], [{8, 7}, {4, 6}, {1, 5}, {3}, {2}], [{8, 7}, {4, 6}, {2, 5}, {1, 3}], [{8, 7}, {4, 6}, {3, 5}, {1, 2}], [{8, 7}, {4, 6}, {3, 5}, {2}, {1}], [{8, 7}, {4, 6}, {5}, {1, 3}, {2}], [{8, 7}, {5, 6}, {1, 4}, {2, 3}], [{8, 7}, {5, 6}, {2, 4}, {1, 3}], [{8, 7}, {5, 6}, {3, 4}, {1, 2}], [{8, 7}, {6}, {1, 5}, {3, 4}, {2}], [{8, 7}, {6}, {3, 5}, {1, 4}, {2}], [{8}, {1, 7}, {2, 6}, {3, 5}, {4}], [{8}, {1, 7}, {4, 6}, {3, 5}, {2}], [{8}, {1, 7}, {5, 6}, {4}, {2, 3}], [{8}, {1, 7}, {6}, {2, 5}, {3, 4}], [{8}, {1, 7}, {6}, {3, 5}, {2, 4}], [{8}, {2, 7}, {1, 6}, {5}, {3, 4}], [{8}, {2, 7}, {3, 6}, {5}, {1, 4}], [{8}, {2, 7}, {5, 6}, {4}, {1, 3}], [{8}, {3, 7}, {1, 6}, {5}, {2, 4}], [{8}, {3, 7}, {2, 6}, {5}, {1, 4}], [{8}, {3, 7}, {5, 6}, {4}, {1, 2}], [{8}, {4, 7}, {1, 6}, {3, 5}, {2}], [{8}, {5, 7}, {3, 6}, {4}, {1, 2}], [{8}, {5, 7}, {4, 6}, {1, 3}, {2}], [{8}, {6, 7}, {1, 5}, {3, 4}, {2}], [{8}, {6, 7}, {3, 5}, {1, 4}, {2}], [{8}, {7}, {2, 6}, {4, 5}, {1, 3}]]",2,16 K_1^3 - 10 K_1^2 - 18 K_1 K_2 - 3 K_1 + 5 K_2 + 5 K_3 + 6,O1O2O3O4U5U1O6U3U7O8O5U6U8U4O7U2,O1O2O3U4U2O5O6U3O7O4U1U6U8U7O8U5,O1O2O3U4O5U6U5U7U3O8O6U1O7O4U2U8,c,{'O1O2O3O4U3O5U1U6U7O8O6U5U2O7U4U8'},1,"<a href=""/flatknot/8.704421"">8.704421</a>",t^9-72t^7-222t^6+86t^5+356t^4-98t^3-64t^2+133t-24,t^3-t^2-t,,
8.704422,O1O2O3O4U3O5U1U6U7O8O6U5U4O7U2U8,4,z^3+22z^2+104z+129,w^4z^3+22w^3z^2+104w^2z+129w,False,False,"[[ 0 -3  0 -1  2  1  0  0  1],[ 3  0  3  0  3  1  3  1  3],[ 0 -3  0 -1  2  1 -1 -1  1],[ 1  0  1  0  1  0  1  0  1],[-2 -3 -2 -1  0  0 -2 -2  0],[-1 -1 -1  0  0  0 -1  0 -1],[ 0 -3  1 -1  2  1  0 -1  2],[ 0 -1  1  0  2  0  1  0  1],[-1 -3 -1 -1  0  1 -2 -1  0]]","[[ 0  2  1  1  0  0  0 -1 -3],[-2  0  0  0 -2 -2 -2 -1 -3],[-1  0  0  1 -1 -1 -2 -1 -3],[-1  0 -1  0  0 -1 -1  0 -1],[ 0  2  1  0  0  1  1  0 -1],[ 0  2  1  1 -1  0 -1 -1 -3],[ 0  2  2  1 -1  1  0 -1 -3],[ 1  1  1  0  0  1  1  0  0],[ 3  3  3  1  1  3  3  0  0]]",True,"[-2,-1,-1,0,0,0,1,3,0,0,2,2,2,1,3,-1,1,1,2,1,3,0,1,1,0,1,-1,-1,0,1,1,1,3,1,3,0]","[-3,-1,0,0,0,1,1,2,0,1,3,3,1,3,3,0,1,1,0,1,1,1,1,0,1,2,-1,1,1,2,1,2,2,-1,0,0]",t^8+66t^6+116t^4+20t^2,"[-3,-1,0,0,0,1,1,2,2,0,0,2,1,3,2,0,0,1,1,2,2,-1,1,-1,0,0,1,0,0,0,0,1,0,-1,1,1]","[-2,-1,-1,0,0,0,1,3,1,1,0,0,0,2,2,-1,0,0,1,2,3,-1,0,0,1,1,1,-1,0,0,-1,0,0,1,2,2]","[-3,-1,0,0,0,1,1,2,0,1,3,3,1,3,3,0,1,1,0,1,1,1,1,0,1,2,-1,1,1,2,1,2,2,-1,0,0]",c,"[[{8, 1}, {2, 7}, {3, 6}, {4, 5}], [{8, 1}, {2, 7}, {3, 6}, {5}, {4}], [{8, 1}, {2, 7}, {4, 6}, {3, 5}], [{8, 1}, {2, 7}, {5, 6}, {3, 4}], [{8, 1}, {2, 7}, {5, 6}, {4}, {3}], [{8, 1}, {2, 7}, {6}, {3, 5}, {4}], [{8, 1}, {3, 7}, {2, 6}, {4, 5}], [{8, 1}, {3, 7}, {4, 6}, {2, 5}], [{8, 1}, {3, 7}, {5, 6}, {2, 4}], [{8, 1}, {4, 7}, {2, 6}, {3, 5}], [{8, 1}, {4, 7}, {3, 6}, {2, 5}], [{8, 1}, {4, 7}, {5, 6}, {2, 3}], [{8, 1}, {4, 7}, {6}, {2, 5}, {3}], [{8, 1}, {4, 7}, {6}, {3, 5}, {2}], [{8, 1}, {4, 7}, {6}, {5}, {2, 3}], [{8, 1}, {5, 7}, {2, 6}, {3, 4}], [{8, 1}, {5, 7}, {3, 6}, {2, 4}], [{8, 1}, {5, 7}, {3, 6}, {4}, {2}], [{8, 1}, {5, 7}, {4, 6}, {2, 3}], [{8, 1}, {6, 7}, {2, 5}, {3, 4}], [{8, 1}, {6, 7}, {3, 5}, {2, 4}], [{8, 1}, {6, 7}, {3, 5}, {4}, {2}], [{8, 1}, {6, 7}, {4, 5}, {2, 3}], [{8, 1}, {6, 7}, {4, 5}, {3}, {2}], [{8, 1}, {6, 7}, {5}, {3, 4}, {2}], [{8, 1}, {7}, {2, 6}, {3, 5}, {4}], [{8, 1}, {7}, {3, 6}, {2, 5}, {4}], [{8, 1}, {7}, {4, 6}, {3, 5}, {2}], [{8, 1}, {7}, {6}, {3, 5}, {2, 4}], [{8, 2}, {1, 7}, {3, 6}, {4, 5}], [{8, 2}, {1, 7}, {4, 6}, {3, 5}], [{8, 2}, {1, 7}, {5, 6}, {3, 4}], [{8, 2}, {1, 7}, {5, 6}, {4}, {3}], [{8, 2}, {3, 7}, {1, 6}, {4, 5}], [{8, 2}, {3, 7}, {4, 6}, {1, 5}], [{8, 2}, {3, 7}, {5, 6}, {1, 4}], [{8, 2}, {4, 7}, {1, 6}, {3, 5}], [{8, 2}, {4, 7}, {3, 6}, {1, 5}], [{8, 2}, {4, 7}, {3, 6}, {5}, {1}], [{8, 2}, {4, 7}, {5, 6}, {1, 3}], [{8, 2}, {5, 7}, {1, 6}, {3, 4}], [{8, 2}, {5, 7}, {3, 6}, {1, 4}], [{8, 2}, {5, 7}, {4, 6}, {1, 3}], [{8, 2}, {6, 7}, {1, 5}, {3, 4}], [{8, 2}, {6, 7}, {3, 5}, {1, 4}], [{8, 2}, {6, 7}, {4, 5}, {1, 3}], [{8, 2}, {6, 7}, {5}, {1, 4}, {3}], [{8, 2}, {7}, {6}, {3, 5}, {1, 4}], [{8, 3}, {1, 7}, {2, 6}, {4, 5}], [{8, 3}, {1, 7}, {4, 6}, {2, 5}], [{8, 3}, {1, 7}, {5, 6}, {2, 4}], [{8, 3}, {2, 7}, {1, 6}, {4, 5}], [{8, 3}, {2, 7}, {4, 6}, {1, 5}], [{8, 3}, {2, 7}, {5, 6}, {1, 4}], [{8, 3}, {4, 7}, {1, 6}, {2, 5}], [{8, 3}, {4, 7}, {2, 6}, {1, 5}], [{8, 3}, {4, 7}, {5, 6}, {1, 2}], [{8, 3}, {5, 7}, {1, 6}, {2, 4}], [{8, 3}, {5, 7}, {2, 6}, {1, 4}], [{8, 3}, {5, 7}, {4, 6}, {1, 2}], [{8, 3}, {6, 7}, {1, 5}, {2, 4}], [{8, 3}, {6, 7}, {2, 5}, {1, 4}], [{8, 3}, {6, 7}, {4, 5}, {1, 2}], [{8, 3}, {7}, {4, 6}, {5}, {1, 2}], [{8, 3}, {7}, {5, 6}, {4}, {1, 2}], [{8, 3}, {7}, {6}, {1, 5}, {2, 4}], [{8, 3}, {7}, {6}, {2, 5}, {1, 4}], [{8, 3}, {7}, {6}, {4, 5}, {1, 2}], [{8, 4}, {1, 7}, {2, 6}, {3, 5}], [{8, 4}, {1, 7}, {3, 6}, {2, 5}], [{8, 4}, {1, 7}, {5, 6}, {2, 3}], [{8, 4}, {1, 7}, {6}, {3, 5}, {2}], [{8, 4}, {2, 7}, {1, 6}, {3, 5}], [{8, 4}, {2, 7}, {3, 6}, {1, 5}], [{8, 4}, {2, 7}, {5, 6}, {1, 3}], [{8, 4}, {2, 7}, {6}, {3, 5}, {1}], [{8, 4}, {3, 7}, {1, 6}, {2, 5}], [{8, 4}, {3, 7}, {2, 6}, {1, 5}], [{8, 4}, {3, 7}, {5, 6}, {1, 2}], [{8, 4}, {3, 7}, {6}, {1, 5}, {2}], [{8, 4}, {5, 7}, {1, 6}, {2, 3}], [{8, 4}, {5, 7}, {2, 6}, {1, 3}], [{8, 4}, {5, 7}, {3, 6}, {1, 2}], [{8, 4}, {6, 7}, {1, 5}, {2, 3}], [{8, 4}, {6, 7}, {2, 5}, {1, 3}], [{8, 4}, {6, 7}, {3, 5}, {1, 2}], [{8, 4}, {6, 7}, {3, 5}, {2}, {1}], [{8, 4}, {7}, {1, 6}, {3, 5}, {2}], [{8, 4}, {7}, {2, 6}, {3, 5}, {1}], [{8, 4}, {7}, {3, 6}, {5}, {1, 2}], [{8, 4}, {7}, {5, 6}, {3}, {1, 2}], [{8, 4}, {7}, {6}, {3, 5}, {1, 2}], [{8, 5}, {1, 7}, {2, 6}, {3, 4}], [{8, 5}, {1, 7}, {3, 6}, {2, 4}], [{8, 5}, {1, 7}, {4, 6}, {2, 3}], [{8, 5}, {2, 7}, {1, 6}, {3, 4}], [{8, 5}, {2, 7}, {3, 6}, {1, 4}], [{8, 5}, {2, 7}, {4, 6}, {1, 3}], [{8, 5}, {3, 7}, {1, 6}, {2, 4}], [{8, 5}, {3, 7}, {2, 6}, {1, 4}], [{8, 5}, {3, 7}, {2, 6}, {4}, {1}], [{8, 5}, {3, 7}, {4, 6}, {1, 2}], [{8, 5}, {4, 7}, {1, 6}, {2, 3}], [{8, 5}, {4, 7}, {2, 6}, {1, 3}], [{8, 5}, {4, 7}, {3, 6}, {1, 2}], [{8, 5}, {4, 7}, {6}, {1, 3}, {2}], [{8, 5}, {6, 7}, {1, 4}, {2, 3}], [{8, 5}, {6, 7}, {2, 4}, {1, 3}], [{8, 5}, {6, 7}, {3, 4}, {1, 2}], [{8, 6}, {1, 7}, {2, 5}, {3, 4}], [{8, 6}, {1, 7}, {3, 5}, {2, 4}], [{8, 6}, {1, 7}, {4, 5}, {2, 3}], [{8, 6}, {2, 7}, {1, 5}, {3, 4}], [{8, 6}, {2, 7}, {1, 5}, {4}, {3}], [{8, 6}, {2, 7}, {3, 5}, {1, 4}], [{8, 6}, {2, 7}, {4, 5}, {1, 3}], [{8, 6}, {2, 7}, {4, 5}, {3}, {1}], [{8, 6}, {2, 7}, {5}, {1, 4}, {3}], [{8, 6}, {3, 7}, {1, 5}, {2, 4}], [{8, 6}, {3, 7}, {2, 5}, {1, 4}], [{8, 6}, {3, 7}, {4, 5}, {1, 2}], [{8, 6}, {4, 7}, {1, 5}, {2, 3}], [{8, 6}, {4, 7}, {2, 5}, {1, 3}], [{8, 6}, {4, 7}, {3, 5}, {1, 2}], [{8, 6}, {5, 7}, {1, 4}, {2, 3}], [{8, 6}, {5, 7}, {2, 4}, {1, 3}], [{8, 6}, {5, 7}, {2, 4}, {3}, {1}], [{8, 6}, {5, 7}, {3, 4}, {1, 2}], [{8, 6}, {7}, {3, 5}, {1, 4}, {2}], [{8, 7}, {1, 6}, {2, 5}, {3, 4}], [{8, 7}, {1, 6}, {3, 5}, {2, 4}], [{8, 7}, {1, 6}, {4, 5}, {2, 3}], [{8, 7}, {1, 6}, {4, 5}, {3}, {2}], [{8, 7}, {2, 6}, {1, 5}, {3, 4}], [{8, 7}, {2, 6}, {3, 5}, {1, 4}], [{8, 7}, {2, 6}, {4, 5}, {1, 3}], [{8, 7}, {2, 6}, {5}, {1, 4}, {3}], [{8, 7}, {3, 6}, {1, 5}, {2, 4}], [{8, 7}, {3, 6}, {2, 5}, {1, 4}], [{8, 7}, {3, 6}, {4, 5}, {1, 2}], [{8, 7}, {3, 6}, {5}, {1, 4}, {2}], [{8, 7}, {4, 6}, {1, 5}, {2, 3}], [{8, 7}, {4, 6}, {1, 5}, {3}, {2}], [{8, 7}, {4, 6}, {2, 5}, {1, 3}], [{8, 7}, {4, 6}, {3, 5}, {1, 2}], [{8, 7}, {5, 6}, {1, 4}, {2, 3}], [{8, 7}, {5, 6}, {1, 4}, {3}, {2}], [{8, 7}, {5, 6}, {2, 4}, {1, 3}], [{8, 7}, {5, 6}, {2, 4}, {3}, {1}], [{8, 7}, {5, 6}, {3, 4}, {1, 2}], [{8, 7}, {5, 6}, {3, 4}, {2}, {1}], [{8, 7}, {5, 6}, {4}, {1, 3}, {2}], [{8, 7}, {5, 6}, {4}, {2, 3}, {1}], [{8, 7}, {5, 6}, {4}, {3}, {1, 2}], [{8, 7}, {5, 6}, {4}, {3}, {2}, {1}], [{8, 7}, {6}, {2, 5}, {1, 4}, {3}], [{8, 7}, {6}, {3, 5}, {1, 4}, {2}], [{8, 7}, {6}, {5}, {1, 4}, {2, 3}], [{8, 7}, {6}, {5}, {1, 4}, {3}, {2}], [{8, 7}, {6}, {5}, {2, 4}, {1, 3}], [{8, 7}, {6}, {5}, {3, 4}, {1, 2}], [{8}, {1, 7}, {2, 6}, {5}, {3, 4}], [{8}, {1, 7}, {3, 6}, {5}, {2, 4}], [{8}, {2, 7}, {1, 6}, {5}, {3, 4}], [{8}, {2, 7}, {6}, {3, 5}, {1, 4}], [{8}, {3, 7}, {1, 6}, {5}, {2, 4}], [{8}, {3, 7}, {5, 6}, {4}, {1, 2}], [{8}, {3, 7}, {6}, {2, 5}, {1, 4}], [{8}, {4, 7}, {3, 6}, {1, 5}, {2}], [{8}, {4, 7}, {5, 6}, {3}, {1, 2}], [{8}, {5, 7}, {2, 6}, {4}, {1, 3}], [{8}, {6, 7}, {3, 5}, {1, 4}, {2}], [{8}, {7}, {2, 6}, {3, 5}, {1, 4}], [{8}, {7}, {5, 6}, {1, 4}, {2, 3}], [{8}, {7}, {5, 6}, {2, 4}, {1, 3}], [{8}, {7}, {5, 6}, {3, 4}, {1, 2}], [{8}, {7}, {5, 6}, {4}, {3}, {1, 2}]]",2,- 8 K_1^4 + 28 K_1^3 + 20 K_1^2 K_2 - 38 K_1^2 - 34 K_1 K_2 - 12 K_1 K_3 - 4 K_1 - 2 K_2^2 + 19 K_2 + 10 K_3 + 3 K_4 + 19,O1O2O3O4U5U3O6U1U7O8O5U6U8U4O7U2,O1O2O3U4U2O5O6U3O7O4U1U7U8U6O8U5,O1O2O3U4O5U6U5U7U3O8O7U1O6O4U2U8,c,{'O1O2O3O4U3O5U1U6U7O8O6U5U4O7U2U8'},1,"<a href=""/flatknot/8.704422"">8.704422</a>",t^9-70t^7-250t^6-117t^5+388t^4+318t^3-92t^2-60t-4,t^3-t^2-t,,
8.704423,O1O2O3O4U3O5U1U6U7O8O6U8U2O7U5U4,4,20z^2+105z+131,20w^3z^2+105w^2z+131w,False,False,"[[ 0 -3  0 -1  3  2  0  0 -1],[ 3  0  1  0  4  2  3  2  0],[ 0 -1  0  0  2  0  1  1 -1],[ 1  0  0  0  1  0  1  1  0],[-3 -4 -2 -1  0  0 -3 -2 -1],[-2 -2  0  0  0  0 -2 -1 -1],[ 0 -3 -1 -1  3  2  0  0 -1],[ 0 -2 -1 -1  2  1  0  0 -1],[ 1  0  1  0  1  1  1  1  0]]","[[ 0  3  2  0  0  0 -1 -1 -3],[-3  0  0 -2 -2 -3 -1 -1 -4],[-2  0  0  0 -1 -2  0 -1 -2],[ 0  2  0  0  1  1  0 -1 -1],[ 0  2  1 -1  0  0 -1 -1 -2],[ 0  3  2 -1  0  0 -1 -1 -3],[ 1  1  0  0  1  1  0  0  0],[ 1  1  1  1  1  1  0  0  0],[ 3  4  2  1  2  3  0  0  0]]",True,"[-3,-2,0,0,0,1,1,3,0,2,2,3,1,1,4,0,1,2,0,1,2,-1,-1,0,1,1,0,1,1,2,1,1,3,0,0,0]","[-3,-2,0,0,0,1,1,3,0,2,2,3,1,1,4,0,1,2,0,1,2,-1,-1,0,1,1,0,1,1,2,1,1,3,0,0,0]",t^8+66t^6+163t^4+45t^2+1,"[-3,-1,-1,0,0,0,2,3,2,2,0,1,2,3,2,0,0,0,0,2,3,0,0,1,3,3,0,1,0,0,1,1,1,2,1,1]","[-3,-2,0,0,0,1,1,3,1,0,1,1,3,3,2,0,1,2,2,3,3,0,-1,0,0,0,-1,0,0,1,0,1,2,0,2,2]","[-3,-1,-1,0,0,0,2,3,0,0,1,2,3,2,4,0,0,1,1,0,1,1,1,1,1,1,1,1,0,2,0,1,2,2,3,0]",c,"[[{8, 1}, {2, 7}, {3, 6}, {4, 5}], [{8, 1}, {2, 7}, {4, 6}, {3, 5}], [{8, 1}, {2, 7}, {5, 6}, {3, 4}], [{8, 1}, {2, 7}, {6}, {3, 5}, {4}], [{8, 1}, {3, 7}, {2, 6}, {4, 5}], [{8, 1}, {3, 7}, {4, 6}, {2, 5}], [{8, 1}, {3, 7}, {5, 6}, {2, 4}], [{8, 1}, {4, 7}, {2, 6}, {3, 5}], [{8, 1}, {4, 7}, {3, 6}, {2, 5}], [{8, 1}, {4, 7}, {3, 6}, {5}, {2}], [{8, 1}, {4, 7}, {5, 6}, {2, 3}], [{8, 1}, {4, 7}, {6}, {2, 5}, {3}], [{8, 1}, {5, 7}, {2, 6}, {3, 4}], [{8, 1}, {5, 7}, {3, 6}, {2, 4}], [{8, 1}, {5, 7}, {4, 6}, {2, 3}], [{8, 1}, {5, 7}, {6}, {4}, {2, 3}], [{8, 1}, {6, 7}, {2, 5}, {3, 4}], [{8, 1}, {6, 7}, {3, 5}, {2, 4}], [{8, 1}, {6, 7}, {4, 5}, {2, 3}], [{8, 1}, {6, 7}, {5}, {4}, {2, 3}], [{8, 1}, {7}, {2, 6}, {5}, {3, 4}], [{8, 1}, {7}, {3, 6}, {2, 5}, {4}], [{8, 1}, {7}, {5, 6}, {4}, {2, 3}], [{8, 2}, {1, 7}, {3, 6}, {4, 5}], [{8, 2}, {1, 7}, {4, 6}, {3, 5}], [{8, 2}, {1, 7}, {5, 6}, {3, 4}], [{8, 2}, {3, 7}, {1, 6}, {4, 5}], [{8, 2}, {3, 7}, {4, 6}, {1, 5}], [{8, 2}, {3, 7}, {5, 6}, {1, 4}], [{8, 2}, {3, 7}, {6}, {5}, {1, 4}], [{8, 2}, {4, 7}, {1, 6}, {3, 5}], [{8, 2}, {4, 7}, {3, 6}, {1, 5}], [{8, 2}, {4, 7}, {3, 6}, {5}, {1}], [{8, 2}, {4, 7}, {5, 6}, {1, 3}], [{8, 2}, {5, 7}, {1, 6}, {3, 4}], [{8, 2}, {5, 7}, {1, 6}, {4}, {3}], [{8, 2}, {5, 7}, {3, 6}, {1, 4}], [{8, 2}, {5, 7}, {4, 6}, {1, 3}], [{8, 2}, {5, 7}, {4, 6}, {3}, {1}], [{8, 2}, {5, 7}, {6}, {1, 4}, {3}], [{8, 2}, {6, 7}, {1, 5}, {3, 4}], [{8, 2}, {6, 7}, {3, 5}, {1, 4}], [{8, 2}, {6, 7}, {4, 5}, {1, 3}], [{8, 2}, {7}, {6}, {3, 5}, {1, 4}], [{8, 3}, {1, 7}, {2, 6}, {4, 5}], [{8, 3}, {1, 7}, {4, 6}, {2, 5}], [{8, 3}, {1, 7}, {4, 6}, {5}, {2}], [{8, 3}, {1, 7}, {5, 6}, {2, 4}], [{8, 3}, {1, 7}, {6}, {2, 5}, {4}], [{8, 3}, {2, 7}, {1, 6}, {4, 5}], [{8, 3}, {2, 7}, {4, 6}, {1, 5}], [{8, 3}, {2, 7}, {5, 6}, {1, 4}], [{8, 3}, {2, 7}, {6}, {5}, {1, 4}], [{8, 3}, {4, 7}, {1, 6}, {2, 5}], [{8, 3}, {4, 7}, {2, 6}, {1, 5}], [{8, 3}, {4, 7}, {5, 6}, {1, 2}], [{8, 3}, {4, 7}, {6}, {2, 5}, {1}], [{8, 3}, {5, 7}, {1, 6}, {2, 4}], [{8, 3}, {5, 7}, {2, 6}, {1, 4}], [{8, 3}, {5, 7}, {4, 6}, {1, 2}], [{8, 3}, {5, 7}, {6}, {1, 4}, {2}], [{8, 3}, {6, 7}, {1, 5}, {2, 4}], [{8, 3}, {6, 7}, {2, 5}, {1, 4}], [{8, 3}, {6, 7}, {4, 5}, {1, 2}], [{8, 3}, {7}, {1, 6}, {5}, {2, 4}], [{8, 3}, {7}, {5, 6}, {2, 4}, {1}], [{8, 3}, {7}, {6}, {1, 5}, {2, 4}], [{8, 3}, {7}, {6}, {2, 5}, {1, 4}], [{8, 4}, {1, 7}, {2, 6}, {3, 5}], [{8, 4}, {1, 7}, {3, 6}, {2, 5}], [{8, 4}, {1, 7}, {3, 6}, {5}, {2}], [{8, 4}, {1, 7}, {5, 6}, {2, 3}], [{8, 4}, {1, 7}, {6}, {2, 5}, {3}], [{8, 4}, {2, 7}, {1, 6}, {3, 5}], [{8, 4}, {2, 7}, {3, 6}, {1, 5}], [{8, 4}, {2, 7}, {3, 6}, {5}, {1}], [{8, 4}, {2, 7}, {5, 6}, {1, 3}], [{8, 4}, {2, 7}, {5, 6}, {3}, {1}], [{8, 4}, {2, 7}, {6}, {3, 5}, {1}], [{8, 4}, {3, 7}, {1, 6}, {2, 5}], [{8, 4}, {3, 7}, {2, 6}, {1, 5}], [{8, 4}, {3, 7}, {5, 6}, {1, 2}], [{8, 4}, {5, 7}, {1, 6}, {2, 3}], [{8, 4}, {5, 7}, {1, 6}, {3}, {2}], [{8, 4}, {5, 7}, {2, 6}, {1, 3}], [{8, 4}, {5, 7}, {2, 6}, {3}, {1}], [{8, 4}, {5, 7}, {3, 6}, {1, 2}], [{8, 4}, {5, 7}, {3, 6}, {2}, {1}], [{8, 4}, {5, 7}, {6}, {1, 3}, {2}], [{8, 4}, {5, 7}, {6}, {2, 3}, {1}], [{8, 4}, {5, 7}, {6}, {3}, {1, 2}], [{8, 4}, {6, 7}, {1, 5}, {2, 3}], [{8, 4}, {6, 7}, {2, 5}, {1, 3}], [{8, 4}, {6, 7}, {3, 5}, {1, 2}], [{8, 4}, {7}, {1, 6}, {5}, {2, 3}], [{8, 4}, {7}, {2, 6}, {5}, {1, 3}], [{8, 4}, {7}, {3, 6}, {1, 5}, {2}], [{8, 4}, {7}, {3, 6}, {2, 5}, {1}], [{8, 4}, {7}, {3, 6}, {5}, {1, 2}], [{8, 4}, {7}, {3, 6}, {5}, {2}, {1}], [{8, 5}, {1, 7}, {2, 6}, {3, 4}], [{8, 5}, {1, 7}, {3, 6}, {2, 4}], [{8, 5}, {1, 7}, {4, 6}, {2, 3}], [{8, 5}, {2, 7}, {1, 6}, {3, 4}], [{8, 5}, {2, 7}, {3, 6}, {1, 4}], [{8, 5}, {2, 7}, {4, 6}, {1, 3}], [{8, 5}, {2, 7}, {6}, {1, 4}, {3}], [{8, 5}, {3, 7}, {1, 6}, {2, 4}], [{8, 5}, {3, 7}, {2, 6}, {1, 4}], [{8, 5}, {3, 7}, {4, 6}, {1, 2}], [{8, 5}, {3, 7}, {6}, {1, 4}, {2}], [{8, 5}, {4, 7}, {1, 6}, {2, 3}], [{8, 5}, {4, 7}, {2, 6}, {1, 3}], [{8, 5}, {4, 7}, {3, 6}, {1, 2}], [{8, 5}, {4, 7}, {3, 6}, {2}, {1}], [{8, 5}, {6, 7}, {1, 4}, {2, 3}], [{8, 5}, {6, 7}, {2, 4}, {1, 3}], [{8, 5}, {6, 7}, {3, 4}, {1, 2}], [{8, 5}, {6, 7}, {4}, {3}, {1, 2}], [{8, 5}, {7}, {1, 6}, {2, 4}, {3}], [{8, 5}, {7}, {6}, {1, 4}, {2, 3}], [{8, 6}, {1, 7}, {2, 5}, {3, 4}], [{8, 6}, {1, 7}, {2, 5}, {4}, {3}], [{8, 6}, {1, 7}, {3, 5}, {2, 4}], [{8, 6}, {1, 7}, {4, 5}, {2, 3}], [{8, 6}, {1, 7}, {4, 5}, {3}, {2}], [{8, 6}, {1, 7}, {5}, {2, 4}, {3}], [{8, 6}, {2, 7}, {1, 5}, {3, 4}], [{8, 6}, {2, 7}, {3, 5}, {1, 4}], [{8, 6}, {2, 7}, {3, 5}, {4}, {1}], [{8, 6}, {2, 7}, {4, 5}, {1, 3}], [{8, 6}, {2, 7}, {4, 5}, {3}, {1}], [{8, 6}, {2, 7}, {5}, {3, 4}, {1}], [{8, 6}, {3, 7}, {1, 5}, {2, 4}], [{8, 6}, {3, 7}, {2, 5}, {1, 4}], [{8, 6}, {3, 7}, {4, 5}, {1, 2}], [{8, 6}, {4, 7}, {1, 5}, {2, 3}], [{8, 6}, {4, 7}, {2, 5}, {1, 3}], [{8, 6}, {4, 7}, {2, 5}, {3}, {1}], [{8, 6}, {4, 7}, {3, 5}, {1, 2}], [{8, 6}, {5, 7}, {1, 4}, {2, 3}], [{8, 6}, {5, 7}, {2, 4}, {1, 3}], [{8, 6}, {5, 7}, {3, 4}, {1, 2}], [{8, 6}, {7}, {1, 5}, {3, 4}, {2}], [{8, 6}, {7}, {2, 5}, {1, 4}, {3}], [{8, 6}, {7}, {4, 5}, {3}, {1, 2}], [{8, 7}, {1, 6}, {2, 5}, {3, 4}], [{8, 7}, {1, 6}, {3, 5}, {2, 4}], [{8, 7}, {1, 6}, {4, 5}, {2, 3}], [{8, 7}, {1, 6}, {5}, {2, 4}, {3}], [{8, 7}, {1, 6}, {5}, {3, 4}, {2}], [{8, 7}, {1, 6}, {5}, {4}, {2, 3}], [{8, 7}, {2, 6}, {1, 5}, {3, 4}], [{8, 7}, {2, 6}, {3, 5}, {1, 4}], [{8, 7}, {2, 6}, {4, 5}, {1, 3}], [{8, 7}, {2, 6}, {5}, {1, 4}, {3}], [{8, 7}, {2, 6}, {5}, {3, 4}, {1}], [{8, 7}, {2, 6}, {5}, {4}, {1, 3}], [{8, 7}, {3, 6}, {1, 5}, {2, 4}], [{8, 7}, {3, 6}, {1, 5}, {4}, {2}], [{8, 7}, {3, 6}, {2, 5}, {1, 4}], [{8, 7}, {3, 6}, {2, 5}, {4}, {1}], [{8, 7}, {3, 6}, {4, 5}, {1, 2}], [{8, 7}, {3, 6}, {4, 5}, {2}, {1}], [{8, 7}, {3, 6}, {5}, {1, 4}, {2}], [{8, 7}, {3, 6}, {5}, {2, 4}, {1}], [{8, 7}, {3, 6}, {5}, {4}, {1, 2}], [{8, 7}, {3, 6}, {5}, {4}, {2}, {1}], [{8, 7}, {4, 6}, {1, 5}, {2, 3}], [{8, 7}, {4, 6}, {2, 5}, {1, 3}], [{8, 7}, {4, 6}, {3, 5}, {1, 2}], [{8, 7}, {4, 6}, {5}, {1, 3}, {2}], [{8, 7}, {4, 6}, {5}, {2, 3}, {1}], [{8, 7}, {4, 6}, {5}, {3}, {1, 2}], [{8, 7}, {5, 6}, {1, 4}, {2, 3}], [{8, 7}, {5, 6}, {1, 4}, {3}, {2}], [{8, 7}, {5, 6}, {2, 4}, {1, 3}], [{8, 7}, {5, 6}, {3, 4}, {1, 2}], [{8, 7}, {6}, {2, 5}, {1, 4}, {3}], [{8, 7}, {6}, {3, 5}, {1, 4}, {2}], [{8, 7}, {6}, {5}, {1, 4}, {2, 3}], [{8, 7}, {6}, {5}, {1, 4}, {3}, {2}], [{8, 7}, {6}, {5}, {2, 4}, {1, 3}], [{8, 7}, {6}, {5}, {3, 4}, {1, 2}], [{8}, {1, 7}, {2, 6}, {5}, {3, 4}], [{8}, {1, 7}, {3, 6}, {2, 5}, {4}], [{8}, {1, 7}, {4, 6}, {2, 5}, {3}], [{8}, {1, 7}, {5, 6}, {3, 4}, {2}], [{8}, {1, 7}, {6}, {2, 5}, {3, 4}], [{8}, {1, 7}, {6}, {2, 5}, {4}, {3}], [{8}, {2, 7}, {1, 6}, {3, 5}, {4}], [{8}, {2, 7}, {4, 6}, {3, 5}, {1}], [{8}, {2, 7}, {6}, {3, 5}, {1, 4}], [{8}, {3, 7}, {1, 6}, {5}, {2, 4}], [{8}, {3, 7}, {4, 6}, {1, 5}, {2}], [{8}, {3, 7}, {6}, {2, 5}, {1, 4}], [{8}, {4, 7}, {1, 6}, {2, 5}, {3}], [{8}, {4, 7}, {1, 6}, {3, 5}, {2}], [{8}, {4, 7}, {1, 6}, {5}, {2, 3}], [{8}, {4, 7}, {2, 6}, {1, 5}, {3}], [{8}, {4, 7}, {2, 6}, {3, 5}, {1}], [{8}, {4, 7}, {2, 6}, {5}, {1, 3}], [{8}, {4, 7}, {3, 6}, {1, 5}, {2}], [{8}, {4, 7}, {3, 6}, {2, 5}, {1}], [{8}, {4, 7}, {3, 6}, {5}, {1, 2}], [{8}, {4, 7}, {3, 6}, {5}, {2}, {1}], [{8}, {4, 7}, {5, 6}, {1, 3}, {2}], [{8}, {4, 7}, {5, 6}, {2, 3}, {1}], [{8}, {4, 7}, {5, 6}, {3}, {1, 2}], [{8}, {4, 7}, {6}, {1, 5}, {2, 3}], [{8}, {4, 7}, {6}, {2, 5}, {1, 3}], [{8}, {4, 7}, {6}, {2, 5}, {3}, {1}], [{8}, {4, 7}, {6}, {3, 5}, {1, 2}], [{8}, {5, 7}, {1, 6}, {2, 4}, {3}], [{8}, {5, 7}, {6}, {1, 4}, {2, 3}], [{8}, {6, 7}, {2, 5}, {1, 4}, {3}], [{8}, {6, 7}, {4, 5}, {2, 3}, {1}], [{8}, {7}, {1, 6}, {3, 5}, {2, 4}], [{8}, {7}, {3, 6}, {2, 5}, {1, 4}], [{8}, {7}, {6}, {2, 5}, {1, 4}, {3}]]",2,8 K_1^3 + 8 K_1^2 K_2 - 32 K_1^2 - 32 K_1 K_2 - 6 K_1 K_3 + 10 K_1 - 2 K_2^2 + 15 K_2 + 14 K_3 + 2 K_4 + 16,O1O2O3O4U1U5O6U3U7O8O7U6U8U4O5U2,O1O2O3U4U2O4O5U3O6O7U1U5U8U7O8U6,O1O2O3U4O5U6U5U7U3O6O4U1O7O8U2U8,c,{'O1O2O3O4U3O5U1U6U7O8O6U8U2O7U5U4'},1,"<a href=""/flatknot/8.704423"">8.704423</a>",t^9-64t^7-216t^6+8t^5+342t^4-145t^3-78t^2+17t+6,-t^2+2t,,
8.704424,O1O2O3O4U3O5U1U6U7O8O6U8U4O7U5U2,4,23z^2+108z+125,23w^3z^2+108w^2z+125w,False,False,"[[ 0 -3  1 -1  2  2  0  0 -1],[ 3  0  3  0  2  2  3  2  0],[-1 -3  0 -1  1  1 -1 -1 -1],[ 1  0  1  0  1  1  1  0  0],[-2 -2 -1 -1  0  0 -1 -1 -1],[-2 -2 -1 -1  0  0 -2 -1 -1],[ 0 -3  1 -1  1  2  0  0 -1],[ 0 -2  1  0  1  1  0  0 -1],[ 1  0  1  0  1  1  1  1  0]]","[[ 0  2  2  0  0 -1 -3],[-2  0  0 -1 -1 -1 -2],[-2  0  0 -1 -2 -1 -2],[ 0  1  1  0  0  0 -2],[ 0  1  2  0  0 -1 -3],[ 1  1  1  0  1  0  0],[ 3  2  2  2  3  0  0]]",False,"[-2,-2,0,0,1,3,0,1,1,1,2,1,2,1,2,0,0,2,1,3,0]","[-3,-1,0,0,2,2,0,2,3,2,2,0,1,1,1,0,1,1,1,2,0]",t^6+31t^4+24t^2+4,"[-3,-1,0,0,2,2,2,0,1,3,3,0,1,2,2,0,0,1,1,1,0]","[-2,-2,0,0,1,3,0,0,1,2,3,1,1,2,3,0,0,0,1,1,2]","[-3,-1,0,0,2,2,0,2,3,2,2,0,1,1,1,0,1,1,1,2,0]",c,"[[{8, 2}, {1, 7}, {4, 6}, {3, 5}], [{8, 2}, {1, 7}, {4, 6}, {5}, {3}], [{8, 2}, {3, 7}, {4, 6}, {1, 5}], [{8, 2}, {3, 7}, {4, 6}, {5}, {1}], [{8, 2}, {5, 7}, {4, 6}, {1, 3}], [{8, 2}, {7}, {4, 6}, {5}, {1, 3}], [{8, 6}, {3, 7}, {1, 5}, {2, 4}]]",1,16 K_1^3 + 12 K_1^2 K_2 - 20 K_1^2 - 30 K_1 K_2 - 16 K_1 K_3 + 3 K_1 - 4 K_2^2 + 12 K_2 + 11 K_3 + 7 K_4 + 10,O1O2O3O4U3U5O6U1U7O8O7U6U8U4O5U2,O1O2O3U4U2O4O5U3O6O7U1U7U8U5O8U6,O1O2O3U4O5U6U5U7U3O7O4U1O6O8U2U8,c,{'O1O2O3O4U3O5U1U6U7O8O6U8U4O7U5U2'},1,"<a href=""/flatknot/8.704424"">8.704424</a>",t^7-33t^5-58t^4-16t^3+16t^2+13t+4,t^3-2t^2+t,,
8.704425,O1O2O3O4U3O5U1U6U7O8O6U8U5O7U2U4,4,11z^2+96z+149,11w^3z^2+96w^2z+149w,False,False,"[[ 0 -3  0 -1  3  2  0  0 -1],[ 3  0  2  0  4  1  3  2  0],[ 0 -2  0  0  2  1  0  0 -1],[ 1  0  0  0  1  0  1  1  0],[-3 -4 -2 -1  0  1 -3 -3 -1],[-2 -1 -1  0 -1  0 -1 -1 -1],[ 0 -3  0 -1  3  1  0  0 -1],[ 0 -2  0 -1  3  1  0  0 -1],[ 1  0  1  0  1  1  1  1  0]]","[[ 0  3  2  0  0  0 -1 -1 -3],[-3  0  1 -2 -3 -3 -1 -1 -4],[-2 -1  0 -1 -1 -1  0 -1 -1],[ 0  2  1  0  0  0  0 -1 -2],[ 0  3  1  0  0  0 -1 -1 -2],[ 0  3  1  0  0  0 -1 -1 -3],[ 1  1  0  0  1  1  0  0  0],[ 1  1  1  1  1  1  0  0  0],[ 3  4  1  2  2  3  0  0  0]]",True,"[-3,-2,0,0,0,1,1,3,-1,2,3,3,1,1,4,1,1,1,0,1,1,0,0,0,1,2,0,1,1,2,1,1,3,0,0,0]","[-3,-2,0,0,0,1,1,3,-1,2,3,3,1,1,4,1,1,1,0,1,1,0,0,0,1,2,0,1,1,2,1,1,3,0,0,0]",t^8+68t^6+110t^4+42t^2+4,"[-3,-1,-1,0,0,0,2,3,2,2,0,1,1,4,2,0,0,0,0,2,3,0,0,1,3,3,0,0,1,0,0,1,0,1,1,2]","[-3,-2,0,0,0,1,1,3,2,0,0,1,3,3,2,1,1,1,2,3,4,0,0,0,0,0,0,0,0,1,0,1,1,0,2,2]","[-3,-1,-1,0,0,0,2,3,0,0,2,2,3,1,4,0,0,1,1,0,1,1,1,1,1,1,0,0,1,2,0,1,3,1,3,-1]",c,"[[{8, 1}, {2, 7}, {3, 6}, {4, 5}], [{8, 1}, {2, 7}, {4, 6}, {3, 5}], [{8, 1}, {2, 7}, {4, 6}, {5}, {3}], [{8, 1}, {2, 7}, {5, 6}, {3, 4}], [{8, 1}, {3, 7}, {2, 6}, {4, 5}], [{8, 1}, {3, 7}, {4, 6}, {2, 5}], [{8, 1}, {3, 7}, {5, 6}, {2, 4}], [{8, 1}, {4, 7}, {2, 6}, {3, 5}], [{8, 1}, {4, 7}, {3, 6}, {2, 5}], [{8, 1}, {4, 7}, {5, 6}, {2, 3}], [{8, 1}, {4, 7}, {6}, {2, 5}, {3}], [{8, 1}, {5, 7}, {2, 6}, {3, 4}], [{8, 1}, {5, 7}, {3, 6}, {2, 4}], [{8, 1}, {5, 7}, {4, 6}, {2, 3}], [{8, 1}, {6, 7}, {2, 5}, {3, 4}], [{8, 1}, {6, 7}, {3, 5}, {2, 4}], [{8, 1}, {6, 7}, {4, 5}, {2, 3}], [{8, 1}, {7}, {3, 6}, {4, 5}, {2}], [{8, 1}, {7}, {4, 6}, {3, 5}, {2}], [{8, 1}, {7}, {5, 6}, {3, 4}, {2}], [{8, 2}, {1, 7}, {3, 6}, {4, 5}], [{8, 2}, {1, 7}, {4, 6}, {3, 5}], [{8, 2}, {1, 7}, {5, 6}, {3, 4}], [{8, 2}, {3, 7}, {1, 6}, {4, 5}], [{8, 2}, {3, 7}, {4, 6}, {1, 5}], [{8, 2}, {3, 7}, {5, 6}, {1, 4}], [{8, 2}, {4, 7}, {1, 6}, {3, 5}], [{8, 2}, {4, 7}, {3, 6}, {1, 5}], [{8, 2}, {4, 7}, {5, 6}, {1, 3}], [{8, 2}, {4, 7}, {6}, {3, 5}, {1}], [{8, 2}, {5, 7}, {1, 6}, {3, 4}], [{8, 2}, {5, 7}, {3, 6}, {1, 4}], [{8, 2}, {5, 7}, {4, 6}, {1, 3}], [{8, 2}, {5, 7}, {6}, {1, 4}, {3}], [{8, 2}, {6, 7}, {1, 5}, {3, 4}], [{8, 2}, {6, 7}, {3, 5}, {1, 4}], [{8, 2}, {6, 7}, {4, 5}, {1, 3}], [{8, 2}, {6, 7}, {4, 5}, {3}, {1}], [{8, 2}, {7}, {1, 6}, {5}, {3, 4}], [{8, 2}, {7}, {3, 6}, {1, 5}, {4}], [{8, 2}, {7}, {4, 6}, {1, 5}, {3}], [{8, 2}, {7}, {5, 6}, {3, 4}, {1}], [{8, 2}, {7}, {6}, {1, 5}, {3, 4}], [{8, 3}, {1, 7}, {2, 6}, {4, 5}], [{8, 3}, {1, 7}, {4, 6}, {2, 5}], [{8, 3}, {1, 7}, {5, 6}, {2, 4}], [{8, 3}, {2, 7}, {1, 6}, {4, 5}], [{8, 3}, {2, 7}, {1, 6}, {5}, {4}], [{8, 3}, {2, 7}, {4, 6}, {1, 5}], [{8, 3}, {2, 7}, {5, 6}, {1, 4}], [{8, 3}, {4, 7}, {1, 6}, {2, 5}], [{8, 3}, {4, 7}, {2, 6}, {1, 5}], [{8, 3}, {4, 7}, {5, 6}, {1, 2}], [{8, 3}, {4, 7}, {6}, {2, 5}, {1}], [{8, 3}, {5, 7}, {1, 6}, {2, 4}], [{8, 3}, {5, 7}, {2, 6}, {1, 4}], [{8, 3}, {5, 7}, {4, 6}, {1, 2}], [{8, 3}, {5, 7}, {6}, {1, 4}, {2}], [{8, 3}, {6, 7}, {1, 5}, {2, 4}], [{8, 3}, {6, 7}, {2, 5}, {1, 4}], [{8, 3}, {6, 7}, {4, 5}, {1, 2}], [{8, 3}, {6, 7}, {5}, {1, 4}, {2}], [{8, 3}, {7}, {1, 6}, {4, 5}, {2}], [{8, 3}, {7}, {2, 6}, {1, 5}, {4}], [{8, 3}, {7}, {4, 6}, {1, 5}, {2}], [{8, 3}, {7}, {5, 6}, {1, 4}, {2}], [{8, 3}, {7}, {6}, {1, 5}, {2, 4}], [{8, 4}, {1, 7}, {2, 6}, {3, 5}], [{8, 4}, {1, 7}, {2, 6}, {5}, {3}], [{8, 4}, {1, 7}, {3, 6}, {2, 5}], [{8, 4}, {1, 7}, {5, 6}, {2, 3}], [{8, 4}, {2, 7}, {1, 6}, {3, 5}], [{8, 4}, {2, 7}, {1, 6}, {5}, {3}], [{8, 4}, {2, 7}, {3, 6}, {1, 5}], [{8, 4}, {2, 7}, {5, 6}, {1, 3}], [{8, 4}, {3, 7}, {1, 6}, {2, 5}], [{8, 4}, {3, 7}, {2, 6}, {1, 5}], [{8, 4}, {3, 7}, {5, 6}, {1, 2}], [{8, 4}, {3, 7}, {6}, {5}, {1, 2}], [{8, 4}, {5, 7}, {1, 6}, {2, 3}], [{8, 4}, {5, 7}, {2, 6}, {1, 3}], [{8, 4}, {5, 7}, {2, 6}, {3}, {1}], [{8, 4}, {5, 7}, {3, 6}, {1, 2}], [{8, 4}, {5, 7}, {6}, {1, 3}, {2}], [{8, 4}, {6, 7}, {1, 5}, {2, 3}], [{8, 4}, {6, 7}, {2, 5}, {1, 3}], [{8, 4}, {6, 7}, {3, 5}, {1, 2}], [{8, 4}, {6, 7}, {5}, {1, 3}, {2}], [{8, 4}, {7}, {1, 6}, {3, 5}, {2}], [{8, 4}, {7}, {2, 6}, {1, 5}, {3}], [{8, 4}, {7}, {3, 6}, {1, 5}, {2}], [{8, 4}, {7}, {5, 6}, {1, 3}, {2}], [{8, 4}, {7}, {6}, {1, 5}, {2, 3}], [{8, 5}, {1, 7}, {2, 6}, {3, 4}], [{8, 5}, {1, 7}, {3, 6}, {2, 4}], [{8, 5}, {1, 7}, {4, 6}, {2, 3}], [{8, 5}, {2, 7}, {1, 6}, {3, 4}], [{8, 5}, {2, 7}, {1, 6}, {4}, {3}], [{8, 5}, {2, 7}, {3, 6}, {1, 4}], [{8, 5}, {2, 7}, {4, 6}, {1, 3}], [{8, 5}, {3, 7}, {1, 6}, {2, 4}], [{8, 5}, {3, 7}, {2, 6}, {1, 4}], [{8, 5}, {3, 7}, {4, 6}, {1, 2}], [{8, 5}, {3, 7}, {6}, {1, 4}, {2}], [{8, 5}, {3, 7}, {6}, {2, 4}, {1}], [{8, 5}, {3, 7}, {6}, {4}, {1, 2}], [{8, 5}, {4, 7}, {1, 6}, {2, 3}], [{8, 5}, {4, 7}, {2, 6}, {1, 3}], [{8, 5}, {4, 7}, {3, 6}, {1, 2}], [{8, 5}, {4, 7}, {6}, {2, 3}, {1}], [{8, 5}, {6, 7}, {1, 4}, {2, 3}], [{8, 5}, {6, 7}, {1, 4}, {3}, {2}], [{8, 5}, {6, 7}, {2, 4}, {1, 3}], [{8, 5}, {6, 7}, {3, 4}, {1, 2}], [{8, 5}, {7}, {1, 6}, {3, 4}, {2}], [{8, 5}, {7}, {3, 6}, {1, 4}, {2}], [{8, 5}, {7}, {4, 6}, {1, 3}, {2}], [{8, 6}, {1, 7}, {2, 5}, {3, 4}], [{8, 6}, {1, 7}, {3, 5}, {2, 4}], [{8, 6}, {1, 7}, {4, 5}, {2, 3}], [{8, 6}, {1, 7}, {5}, {2, 4}, {3}], [{8, 6}, {2, 7}, {1, 5}, {3, 4}], [{8, 6}, {2, 7}, {3, 5}, {1, 4}], [{8, 6}, {2, 7}, {4, 5}, {1, 3}], [{8, 6}, {2, 7}, {5}, {1, 4}, {3}], [{8, 6}, {3, 7}, {1, 5}, {2, 4}], [{8, 6}, {3, 7}, {2, 5}, {1, 4}], [{8, 6}, {3, 7}, {4, 5}, {1, 2}], [{8, 6}, {3, 7}, {5}, {4}, {1, 2}], [{8, 6}, {4, 7}, {1, 5}, {2, 3}], [{8, 6}, {4, 7}, {2, 5}, {1, 3}], [{8, 6}, {4, 7}, {2, 5}, {3}, {1}], [{8, 6}, {4, 7}, {3, 5}, {1, 2}], [{8, 6}, {5, 7}, {1, 4}, {2, 3}], [{8, 6}, {5, 7}, {2, 4}, {1, 3}], [{8, 6}, {5, 7}, {2, 4}, {3}, {1}], [{8, 6}, {5, 7}, {3, 4}, {1, 2}], [{8, 6}, {7}, {1, 5}, {2, 4}, {3}], [{8, 6}, {7}, {1, 5}, {3, 4}, {2}], [{8, 6}, {7}, {1, 5}, {4}, {2, 3}], [{8, 6}, {7}, {3, 5}, {1, 4}, {2}], [{8, 6}, {7}, {4, 5}, {1, 3}, {2}], [{8, 7}, {1, 6}, {2, 5}, {3, 4}], [{8, 7}, {1, 6}, {3, 5}, {2, 4}], [{8, 7}, {1, 6}, {4, 5}, {2, 3}], [{8, 7}, {1, 6}, {5}, {2, 4}, {3}], [{8, 7}, {1, 6}, {5}, {3, 4}, {2}], [{8, 7}, {1, 6}, {5}, {4}, {2, 3}], [{8, 7}, {2, 6}, {1, 5}, {3, 4}], [{8, 7}, {2, 6}, {1, 5}, {4}, {3}], [{8, 7}, {2, 6}, {3, 5}, {1, 4}], [{8, 7}, {2, 6}, {4, 5}, {1, 3}], [{8, 7}, {2, 6}, {4, 5}, {3}, {1}], [{8, 7}, {2, 6}, {5}, {1, 4}, {3}], [{8, 7}, {3, 6}, {1, 5}, {2, 4}], [{8, 7}, {3, 6}, {2, 5}, {1, 4}], [{8, 7}, {3, 6}, {4, 5}, {1, 2}], [{8, 7}, {3, 6}, {4, 5}, {2}, {1}], [{8, 7}, {4, 6}, {1, 5}, {2, 3}], [{8, 7}, {4, 6}, {2, 5}, {1, 3}], [{8, 7}, {4, 6}, {3, 5}, {1, 2}], [{8, 7}, {5, 6}, {1, 4}, {2, 3}], [{8, 7}, {5, 6}, {2, 4}, {1, 3}], [{8, 7}, {5, 6}, {3, 4}, {1, 2}], [{8, 7}, {5, 6}, {3, 4}, {2}, {1}], [{8, 7}, {6}, {1, 5}, {3, 4}, {2}], [{8, 7}, {6}, {3, 5}, {1, 4}, {2}], [{8, 7}, {6}, {4, 5}, {2, 3}, {1}], [{8}, {1, 7}, {3, 6}, {4, 5}, {2}], [{8}, {1, 7}, {5, 6}, {3, 4}, {2}], [{8}, {1, 7}, {6}, {3, 5}, {2, 4}], [{8}, {2, 7}, {1, 6}, {3, 5}, {4}], [{8}, {2, 7}, {1, 6}, {4, 5}, {3}], [{8}, {2, 7}, {1, 6}, {5}, {3, 4}], [{8}, {2, 7}, {5, 6}, {3, 4}, {1}], [{8}, {2, 7}, {6}, {1, 5}, {3, 4}], [{8}, {3, 7}, {1, 6}, {2, 5}, {4}], [{8}, {3, 7}, {2, 6}, {1, 5}, {4}], [{8}, {3, 7}, {4, 6}, {5}, {1, 2}], [{8}, {3, 7}, {5, 6}, {4}, {1, 2}], [{8}, {3, 7}, {6}, {4, 5}, {1, 2}], [{8}, {3, 7}, {6}, {5}, {4}, {1, 2}], [{8}, {4, 7}, {1, 6}, {2, 5}, {3}], [{8}, {4, 7}, {2, 6}, {1, 5}, {3}], [{8}, {4, 7}, {3, 6}, {2, 5}, {1}], [{8}, {4, 7}, {5, 6}, {3}, {1, 2}], [{8}, {4, 7}, {6}, {2, 5}, {1, 3}], [{8}, {4, 7}, {6}, {2, 5}, {3}, {1}], [{8}, {5, 7}, {1, 6}, {3, 4}, {2}], [{8}, {5, 7}, {6}, {1, 4}, {2, 3}], [{8}, {6, 7}, {1, 5}, {3, 4}, {2}], [{8}, {6, 7}, {3, 5}, {1, 4}, {2}], [{8}, {7}, {1, 6}, {2, 5}, {3, 4}], [{8}, {7}, {1, 6}, {5}, {3, 4}, {2}], [{8}, {7}, {2, 6}, {1, 5}, {3, 4}], [{8}, {7}, {2, 6}, {1, 5}, {4}, {3}], [{8}, {7}, {3, 6}, {1, 5}, {2, 4}], [{8}, {7}, {4, 6}, {1, 5}, {2, 3}], [{8}, {7}, {5, 6}, {3, 4}, {1, 2}], [{8}, {7}, {5, 6}, {3, 4}, {2}, {1}], [{8}, {7}, {6}, {1, 5}, {3, 4}, {2}]]",2,12 K_1^3 + 4 K_1^2 K_2 - 42 K_1^2 - 28 K_1 K_2 - 4 K_1 K_3 + 5 K_1 - 4 K_2^2 + 21 K_2 + 11 K_3 + 3 K_4 + 23,O1O2O3O4U1U3O5U6U7O8O7U5U8U4O6U2,O1O2O3U4U2O4O5U3O6O7U1U6U8U7O8U5,O1O2O3U4O5U6U5U7U3O6O7U1O4O8U2U8,c,{'O1O2O3O4U3O5U1U6U7O8O6U8U5O7U2U4'},1,"<a href=""/flatknot/8.704425"">8.704425</a>",t^9-66t^7-214t^6-31t^5+2t^4+144t^3+94t^2-39t-6,-t^2+2t,,
8.704426,O1O2O3O4U3O5U1U6U7O8O6U8U5O7U4U2,3,53z+107,53w^2z+107w,False,False,"[[ 0 -3  1 -1  2  2  0  0 -1],[ 3  0  3  0  3  1  3  2  0],[-1 -3  0 -1  1  1 -1 -1 -1],[ 1  0  1  0  1  0  1  1  0],[-2 -3 -1 -1  0  1 -2 -2 -1],[-2 -1 -1  0 -1  0 -1 -1 -1],[ 0 -3  1 -1  2  1  0  0 -1],[ 0 -2  1 -1  2  1  0  0 -1],[ 1  0  1  0  1  1  1  1  0]]","[[ 0  2  2  0  0 -1 -3],[-2  0  1 -2 -2 -1 -3],[-2 -1  0 -1 -1  0 -1],[ 0  2  1  0  0 -1 -2],[ 0  2  1  0  0 -1 -3],[ 1  1  0  1  1  0  0],[ 3  3  1  2  3  0  0]]",False,"[-2,-2,0,0,1,3,-1,2,2,1,3,1,1,0,1,0,1,2,1,3,0]","[-3,-1,0,0,2,2,0,2,3,1,3,1,1,0,1,0,1,2,1,2,-1]",t^6+37t^4+15t^2,"[-3,-1,0,0,2,2,2,0,1,2,4,0,0,2,3,0,0,1,0,1,-1]","[-2,-2,0,0,1,3,-1,1,1,3,4,0,0,2,2,0,0,0,0,1,2]","[-3,-1,0,0,2,2,0,2,3,1,3,1,1,0,1,0,1,2,1,2,-1]",c,"[[{8, 2}, {5, 7}, {3, 6}, {1, 4}]]",1,- 22 K_1^2 - 22 K_1 K_2 - 2 K_1 K_3 + 11 K_1 - 2 K_2^2 + 12 K_2 + 11 K_3 + 2 K_4 + 13,O1O2O3O4U3U1O5U6U7O8O7U5U8U4O6U2,O1O2O3U4U2O4O5U3O6O7U1U7U8U6O8U5,O1O2O3U4O5U6U5U7U3O7O6U1O4O8U2U8,c,"{'O1O2O3U2O4O5U1U6U7O8O6U8U5O7U3U4', 'O1O2O3O4U3O5U1U6U7O8O6U8U5O7U4U2'}",2,"<a href=""/flatknot/8.704426"">8.704426</a>",t^7-39t^5-84t^4-61t^3-122t^2-2t+12,t^3-2t^2+t,,
8.704427,O1O2O3O4U3O5U1U6U2O7O8U4U7O6U5U8,3,11z^2+80z+117,11w^3z^2+80w^2z+117w,False,False,"[[ 0 -3  0 -1  1  2 -1  0  2],[ 3  0  1  0  3  3  1  1  2],[ 0 -1  0  0  2  1 -1  1  1],[ 1  0  0  0  1  1  0  1  1],[-1 -3 -2 -1  0  1 -2  1  2],[-2 -3 -1 -1 -1  0 -2  0  1],[ 1 -1  1  0  2  2  0  0  1],[ 0 -1 -1 -1 -1  0  0  0  1],[-2 -2 -1 -1 -2 -1 -1 -1  0]]","[[ 0  2  2  1  0  0 -1 -1 -3],[-2  0  1 -1  0 -1 -1 -2 -3],[-2 -1  0 -2 -1 -1 -1 -1 -2],[-1  1  2  0  1 -2 -1 -2 -3],[ 0  0  1 -1  0 -1 -1  0 -1],[ 0  1  1  2  1  0  0 -1 -1],[ 1  1  1  1  1  0  0  0  0],[ 1  2  1  2  0  1  0  0 -1],[ 3  3  2  3  1  1  0  1  0]]",True,"[-2,-2,-1,0,0,1,1,3,-1,1,0,1,1,2,3,2,1,1,1,1,2,-1,2,1,2,3,1,1,0,1,0,1,1,0,0,1]","[-3,-1,-1,0,0,1,2,2,0,1,1,1,3,2,3,0,0,1,1,1,1,1,0,2,1,2,1,2,1,1,-1,1,0,2,1,-1]",t^8+54t^6+178t^4+31t^2,"[-3,-1,-1,0,0,1,2,2,1,2,2,2,1,2,3,0,0,1,0,1,2,1,0,1,2,2,-1,-1,1,1,2,2,1,0,-1,-1]","[-2,-2,-1,0,0,1,1,3,-1,-1,1,1,2,2,3,0,1,2,1,2,2,-1,2,0,1,1,1,0,1,2,1,0,2,0,1,2]","[-3,-1,-1,0,0,1,2,2,0,1,1,1,3,2,3,0,0,1,1,1,1,1,0,2,1,2,1,2,1,1,-1,1,0,2,1,-1]",c,"[[{8, 1}, {2, 7}, {5, 6}, {3, 4}], [{8, 1}, {6, 7}, {2, 5}, {3, 4}], [{8, 5}, {2, 7}, {1, 6}, {3, 4}], [{8, 6}, {2, 7}, {1, 5}, {3, 4}], [{8, 6}, {2, 7}, {1, 5}, {4}, {3}]]",1,- 28 K_1^2 - 14 K_1 K_2 + 7 K_1 + 14 K_2 + 7 K_3 + 15,O1O2O3O4U5U6O7U8U1O5O8U3U7U4O6U2,O1O2O3U4U5O6O4U2O7O5U1U3U8U6O8U7,O1O2O3U4O5U6U5U1U3O7O4U2O8O6U7U8,c,{'O1O2O3O4U3O5U1U6U2O7O8U4U7O6U5U8'},1,"<a href=""/flatknot/8.704427"">8.704427</a>",t^9-56t^7-178t^6-80t^5+278t^4+290t^3-20t^2-80t,t^3-2t^2+t,,
8.704428,O1O2O3O4U3O5U1U6U2O7O8U4U8O6U5U7,4,2z^3+26z^2+89z+91,2w^4z^3+26w^3z^2+89w^2z+91w,False,False,"[[ 0 -3  0 -1  1  2 -1  1  1],[ 3  0  1  0  3  3  1  2  1],[ 0 -1  0  0  2  1 -1  1  1],[ 1  0  0  0  1  1  0  1  1],[-1 -3 -2 -1  0  1 -2  2  1],[-2 -3 -1 -1 -1  0 -2  0  0],[ 1 -1  1  0  2  2  0  1  1],[-1 -2 -1 -1 -2  0 -1  0  0],[-1 -1 -1 -1 -1  0 -1  0  0]]","[[ 0  2  1  1  1  0 -1 -1 -3],[-2  0  0  0 -1 -1 -1 -2 -3],[-1  0  0  0 -1 -1 -1 -1 -1],[-1  0  0  0 -2 -1 -1 -1 -2],[-1  1  1  2  0 -2 -1 -2 -3],[ 0  1  1  1  2  0  0 -1 -1],[ 1  1  1  1  1  0  0  0  0],[ 1  2  1  1  2  1  0  0 -1],[ 3  3  1  2  3  1  0  1  0]]",True,"[-2,-1,-1,-1,0,1,1,3,0,0,1,1,1,2,3,0,1,1,1,1,1,2,1,1,1,2,2,1,2,3,0,1,1,0,0,1]","[-3,-1,-1,0,1,1,1,2,0,1,1,1,2,3,3,0,0,1,1,1,1,1,1,1,2,2,1,1,2,1,0,-1,0,-2,0,1]",t^8+53t^6+143t^4+44t^2,"[-3,-1,-1,0,1,1,1,2,1,2,2,1,2,3,2,0,0,0,1,1,1,1,1,1,1,2,-1,0,0,1,-2,-1,0,0,1,1]","[-2,-1,-1,-1,0,1,1,3,0,1,1,1,1,2,2,1,2,-1,0,1,1,0,0,1,1,3,0,1,1,2,0,1,2,0,1,2]","[-3,-1,-1,0,1,1,1,2,0,1,1,1,2,3,3,0,0,1,1,1,1,1,1,1,2,2,1,1,2,1,0,-1,0,-2,0,1]",c,"[[{8, 2}, {1, 7}, {5, 6}, {3, 4}]]",1,12 K_1^3 - 14 K_1^2 - 18 K_1 K_2 + 7 K_2 + 6 K_3 + 8,O1O2O3O4U5U6O7U8U1O8O5U3U7U4O6U2,O1O2O3U4U5O6O5U2O7O4U1U3U8U6O8U7,O1O2O3U4O5U6U5U1U3O7O4U2O8O6U8U7,c,{'O1O2O3O4U3O5U1U6U2O7O8U4U8O6U5U7'},1,"<a href=""/flatknot/8.704428"">8.704428</a>",t^9-57t^7-160t^6+36t^5+352t^4+56t^3-178t^2+8t+12,t^3-t^2-t,,
8.704429,O1O2O3O4U3O5U1U6U2O7O8U5U4O6U7U8,4,4z^3+34z^2+91z+79,-2w^5z^3+6w^4z^3-8w^4z^2+42w^3z^2-6w^3z+97w^2z+79w,False,False,"[[ 0 -3  0 -1  2  1 -1  0  2],[ 3  0  1  0  4  2  0  2  2],[ 0 -1  0  0  3  1 -2  1  1],[ 1  0  0  0  1  0  0  1  1],[-2 -4 -3 -1  0  0 -3  1  2],[-1 -2 -1  0  0  0 -1  0  1],[ 1  0  2  0  3  1  0  0  1],[ 0 -2 -1 -1 -1  0  0  0  1],[-2 -2 -1 -1 -2 -1 -1 -1  0]]","[[ 0  2  2  1  0  0 -1 -1 -3],[-2  0  2  0  1 -3 -1 -3 -4],[-2 -2  0 -1 -1 -1 -1 -1 -2],[-1  0  1  0  0 -1  0 -1 -2],[ 0 -1  1  0  0 -1 -1  0 -2],[ 0  3  1  1  1  0  0 -2 -1],[ 1  1  1  0  1  0  0  0  0],[ 1  3  1  1  0  2  0  0  0],[ 3  4  2  2  2  1  0  0  0]]",True,"[-2,-2,-1,0,0,1,1,3,-2,0,-1,3,1,3,4,1,1,1,1,1,2,0,1,0,1,2,1,1,0,2,0,2,1,0,0,0]","[-3,-1,-1,0,0,1,2,2,0,0,1,2,2,2,4,0,0,1,0,1,1,2,0,1,1,3,1,1,1,3,0,1,-1,1,0,-2]",t^8+66t^6+272t^4+119t^2+1,"[-3,-1,-1,0,0,1,2,2,2,2,1,2,2,1,3,0,0,1,2,2,2,1,-1,1,0,2,1,1,3,1,0,-1,1,1,0,-2]","[-2,-2,-1,0,0,1,1,3,-2,0,1,1,2,2,3,1,-1,3,0,2,1,0,1,1,2,2,1,-1,1,2,1,0,1,0,2,2]","[-3,-1,-1,0,0,1,2,2,0,0,1,2,2,2,4,0,0,1,0,1,1,2,0,1,1,3,1,1,1,3,0,1,-1,1,0,-2]",c,"[[{8, 1}, {2, 7}, {3, 6}, {4, 5}], [{8, 1}, {2, 7}, {3, 6}, {5}, {4}], [{8, 1}, {2, 7}, {4, 6}, {3, 5}], [{8, 1}, {2, 7}, {4, 6}, {5}, {3}], [{8, 1}, {2, 7}, {5, 6}, {3, 4}], [{8, 1}, {2, 7}, {6}, {5}, {3, 4}], [{8, 1}, {3, 7}, {2, 6}, {4, 5}], [{8, 1}, {3, 7}, {4, 6}, {2, 5}], [{8, 1}, {3, 7}, {5, 6}, {2, 4}], [{8, 1}, {4, 7}, {2, 6}, {3, 5}], [{8, 1}, {4, 7}, {3, 6}, {2, 5}], [{8, 1}, {4, 7}, {5, 6}, {2, 3}], [{8, 1}, {5, 7}, {2, 6}, {3, 4}], [{8, 1}, {5, 7}, {3, 6}, {2, 4}], [{8, 1}, {5, 7}, {4, 6}, {2, 3}], [{8, 1}, {5, 7}, {6}, {2, 4}, {3}], [{8, 1}, {5, 7}, {6}, {3, 4}, {2}], [{8, 1}, {5, 7}, {6}, {4}, {2, 3}], [{8, 1}, {6, 7}, {2, 5}, {3, 4}], [{8, 1}, {6, 7}, {3, 5}, {2, 4}], [{8, 1}, {6, 7}, {4, 5}, {2, 3}], [{8, 1}, {6, 7}, {5}, {2, 4}, {3}], [{8, 1}, {6, 7}, {5}, {3, 4}, {2}], [{8, 1}, {6, 7}, {5}, {4}, {2, 3}], [{8, 1}, {7}, {2, 6}, {3, 5}, {4}], [{8, 1}, {7}, {2, 6}, {4, 5}, {3}], [{8, 1}, {7}, {2, 6}, {5}, {3, 4}], [{8, 1}, {7}, {5, 6}, {2, 4}, {3}], [{8, 1}, {7}, {5, 6}, {3, 4}, {2}], [{8, 1}, {7}, {5, 6}, {4}, {2, 3}], [{8, 1}, {7}, {6}, {2, 5}, {3, 4}], [{8, 1}, {7}, {6}, {5}, {3, 4}, {2}], [{8, 2}, {1, 7}, {3, 6}, {4, 5}], [{8, 2}, {1, 7}, {3, 6}, {5}, {4}], [{8, 2}, {1, 7}, {4, 6}, {3, 5}], [{8, 2}, {1, 7}, {5, 6}, {3, 4}], [{8, 2}, {3, 7}, {1, 6}, {4, 5}], [{8, 2}, {3, 7}, {4, 6}, {1, 5}], [{8, 2}, {3, 7}, {5, 6}, {1, 4}], [{8, 2}, {4, 7}, {1, 6}, {3, 5}], [{8, 2}, {4, 7}, {3, 6}, {1, 5}], [{8, 2}, {4, 7}, {5, 6}, {1, 3}], [{8, 2}, {4, 7}, {6}, {1, 5}, {3}], [{8, 2}, {5, 7}, {1, 6}, {3, 4}], [{8, 2}, {5, 7}, {3, 6}, {1, 4}], [{8, 2}, {5, 7}, {4, 6}, {1, 3}], [{8, 2}, {6, 7}, {1, 5}, {3, 4}], [{8, 2}, {6, 7}, {1, 5}, {4}, {3}], [{8, 2}, {6, 7}, {3, 5}, {1, 4}], [{8, 2}, {6, 7}, {4, 5}, {1, 3}], [{8, 2}, {6, 7}, {4, 5}, {3}, {1}], [{8, 2}, {6, 7}, {5}, {1, 4}, {3}], [{8, 2}, {7}, {1, 6}, {5}, {3, 4}], [{8, 2}, {7}, {4, 6}, {1, 5}, {3}], [{8, 2}, {7}, {4, 6}, {3, 5}, {1}], [{8, 2}, {7}, {4, 6}, {5}, {1, 3}], [{8, 3}, {1, 7}, {2, 6}, {4, 5}], [{8, 3}, {1, 7}, {4, 6}, {2, 5}], [{8, 3}, {1, 7}, {4, 6}, {5}, {2}], [{8, 3}, {1, 7}, {5, 6}, {2, 4}], [{8, 3}, {1, 7}, {6}, {2, 5}, {4}], [{8, 3}, {2, 7}, {1, 6}, {4, 5}], [{8, 3}, {2, 7}, {4, 6}, {1, 5}], [{8, 3}, {2, 7}, {5, 6}, {1, 4}], [{8, 3}, {4, 7}, {1, 6}, {2, 5}], [{8, 3}, {4, 7}, {2, 6}, {1, 5}], [{8, 3}, {4, 7}, {5, 6}, {1, 2}], [{8, 3}, {5, 7}, {1, 6}, {2, 4}], [{8, 3}, {5, 7}, {2, 6}, {1, 4}], [{8, 3}, {5, 7}, {4, 6}, {1, 2}], [{8, 3}, {6, 7}, {1, 5}, {2, 4}], [{8, 3}, {6, 7}, {1, 5}, {4}, {2}], [{8, 3}, {6, 7}, {2, 5}, {1, 4}], [{8, 3}, {6, 7}, {4, 5}, {1, 2}], [{8, 3}, {7}, {5, 6}, {1, 4}, {2}], [{8, 4}, {1, 7}, {2, 6}, {3, 5}], [{8, 4}, {1, 7}, {3, 6}, {2, 5}], [{8, 4}, {1, 7}, {5, 6}, {2, 3}], [{8, 4}, {2, 7}, {1, 6}, {3, 5}], [{8, 4}, {2, 7}, {3, 6}, {1, 5}], [{8, 4}, {2, 7}, {5, 6}, {1, 3}], [{8, 4}, {2, 7}, {5, 6}, {3}, {1}], [{8, 4}, {3, 7}, {1, 6}, {2, 5}], [{8, 4}, {3, 7}, {2, 6}, {1, 5}], [{8, 4}, {3, 7}, {5, 6}, {1, 2}], [{8, 4}, {5, 7}, {1, 6}, {2, 3}], [{8, 4}, {5, 7}, {2, 6}, {1, 3}], [{8, 4}, {5, 7}, {3, 6}, {1, 2}], [{8, 4}, {6, 7}, {1, 5}, {2, 3}], [{8, 4}, {6, 7}, {2, 5}, {1, 3}], [{8, 4}, {6, 7}, {3, 5}, {1, 2}], [{8, 4}, {6, 7}, {5}, {3}, {1, 2}], [{8, 4}, {7}, {5, 6}, {1, 3}, {2}], [{8, 5}, {1, 7}, {2, 6}, {3, 4}], [{8, 5}, {1, 7}, {3, 6}, {2, 4}], [{8, 5}, {1, 7}, {4, 6}, {2, 3}], [{8, 5}, {2, 7}, {1, 6}, {3, 4}], [{8, 5}, {2, 7}, {3, 6}, {1, 4}], [{8, 5}, {2, 7}, {4, 6}, {1, 3}], [{8, 5}, {3, 7}, {1, 6}, {2, 4}], [{8, 5}, {3, 7}, {2, 6}, {1, 4}], [{8, 5}, {3, 7}, {4, 6}, {1, 2}], [{8, 5}, {4, 7}, {1, 6}, {2, 3}], [{8, 5}, {4, 7}, {2, 6}, {1, 3}], [{8, 5}, {4, 7}, {3, 6}, {1, 2}], [{8, 5}, {6, 7}, {1, 4}, {2, 3}], [{8, 5}, {6, 7}, {1, 4}, {3}, {2}], [{8, 5}, {6, 7}, {2, 4}, {1, 3}], [{8, 5}, {6, 7}, {3, 4}, {1, 2}], [{8, 5}, {6, 7}, {4}, {2, 3}, {1}], [{8, 5}, {7}, {2, 6}, {3, 4}, {1}], [{8, 6}, {1, 7}, {2, 5}, {3, 4}], [{8, 6}, {1, 7}, {3, 5}, {2, 4}], [{8, 6}, {1, 7}, {4, 5}, {2, 3}], [{8, 6}, {2, 7}, {1, 5}, {3, 4}], [{8, 6}, {2, 7}, {3, 5}, {1, 4}], [{8, 6}, {2, 7}, {4, 5}, {1, 3}], [{8, 6}, {3, 7}, {1, 5}, {2, 4}], [{8, 6}, {3, 7}, {2, 5}, {1, 4}], [{8, 6}, {3, 7}, {4, 5}, {1, 2}], [{8, 6}, {3, 7}, {5}, {1, 4}, {2}], [{8, 6}, {4, 7}, {1, 5}, {2, 3}], [{8, 6}, {4, 7}, {2, 5}, {1, 3}], [{8, 6}, {4, 7}, {3, 5}, {1, 2}], [{8, 6}, {5, 7}, {1, 4}, {2, 3}], [{8, 6}, {5, 7}, {2, 4}, {1, 3}], [{8, 6}, {5, 7}, {3, 4}, {1, 2}], [{8, 6}, {5, 7}, {4}, {3}, {1, 2}], [{8, 6}, {7}, {1, 5}, {2, 4}, {3}], [{8, 6}, {7}, {5}, {3, 4}, {1, 2}], [{8, 7}, {1, 6}, {2, 5}, {3, 4}], [{8, 7}, {1, 6}, {3, 5}, {2, 4}], [{8, 7}, {1, 6}, {4, 5}, {2, 3}], [{8, 7}, {1, 6}, {4, 5}, {3}, {2}], [{8, 7}, {2, 6}, {1, 5}, {3, 4}], [{8, 7}, {2, 6}, {3, 5}, {1, 4}], [{8, 7}, {2, 6}, {4, 5}, {1, 3}], [{8, 7}, {2, 6}, {5}, {3, 4}, {1}], [{8, 7}, {3, 6}, {1, 5}, {2, 4}], [{8, 7}, {3, 6}, {2, 5}, {1, 4}], [{8, 7}, {3, 6}, {4, 5}, {1, 2}], [{8, 7}, {4, 6}, {1, 5}, {2, 3}], [{8, 7}, {4, 6}, {2, 5}, {1, 3}], [{8, 7}, {4, 6}, {3, 5}, {1, 2}], [{8, 7}, {5, 6}, {1, 4}, {2, 3}], [{8, 7}, {5, 6}, {2, 4}, {1, 3}], [{8, 7}, {5, 6}, {3, 4}, {1, 2}], [{8}, {1, 7}, {2, 6}, {5}, {3, 4}], [{8}, {2, 7}, {6}, {3, 5}, {1, 4}], [{8}, {4, 7}, {3, 6}, {1, 5}, {2}], [{8}, {4, 7}, {6}, {3, 5}, {1, 2}], [{8}, {5, 7}, {2, 6}, {3, 4}, {1}], [{8}, {5, 7}, {4, 6}, {2, 3}, {1}], [{8}, {6, 7}, {1, 5}, {4}, {2, 3}], [{8}, {6, 7}, {2, 5}, {1, 4}, {3}], [{8}, {7}, {2, 6}, {1, 5}, {3, 4}], [{8}, {7}, {2, 6}, {5}, {3, 4}, {1}]]",2,12 K_1^3 + 8 K_1^2 K_2 - 16 K_1^2 - 14 K_1 K_2 - 8 K_1 K_3 - 2 K_1 + 8 K_2 + 4 K_3 + 2 K_4 + 7,O1O2O3O4U5U6O7U1U8O5O6U3U7U4O8U2,O1O2O3U4U5O6O7U2O4O5U1U3U8U7O8U6,O1O2O3U4O5U6U5U1U3O7O8U2O6O4U7U8,c,{'O1O2O3O4U3O5U1U6U2O7O8U5U4O6U7U8'},1,"<a href=""/flatknot/8.704429"">8.704429</a>",t^9-68t^7-172t^6+184t^5+630t^4+144t^3+2t^2+11t-142,t^3-2t^2+t,,
8.704430,O1O2O3O4U3O5U1U6U2O7O8U5U4O6U8U7,4,4z^3+40z^2+113z+99,4w^4z^3+40w^3z^2+113w^2z+99w,False,False,"[[ 0 -3  0 -1  2  1 -1  1  1],[ 3  0  1  0  4  2  0  2  2],[ 0 -1  0  0  3  1 -2  1  1],[ 1  0  0  0  1  0  0  1  1],[-2 -4 -3 -1  0  0 -3  2  1],[-1 -2 -1  0  0  0 -1  1  0],[ 1  0  2  0  3  1  0  0  1],[-1 -2 -1 -1 -2 -1  0  0  0],[-1 -2 -1 -1 -1  0 -1  0  0]]","[[ 0  2  1  1  1  0 -1 -1 -3],[-2  0  2  1  0 -3 -1 -3 -4],[-1 -2  0  0 -1 -1 -1  0 -2],[-1 -1  0  0  0 -1 -1 -1 -2],[-1  0  1  0  0 -1  0 -1 -2],[ 0  3  1  1  1  0  0 -2 -1],[ 1  1  1  1  0  0  0  0  0],[ 1  3  0  1  1  2  0  0  0],[ 3  4  2  2  2  1  0  0  0]]",True,"[-2,-1,-1,-1,0,1,1,3,-2,-1,0,3,1,3,4,0,1,1,1,0,2,0,1,1,1,2,1,0,1,2,0,2,1,0,0,0]","[-3,-1,-1,0,1,1,1,2,0,0,1,2,2,2,4,0,0,0,1,1,1,2,1,0,1,3,1,1,1,3,1,0,0,0,-2,-1]",t^8+65t^6+238t^4+125t^2+1,"[-3,-1,-1,0,1,1,1,2,2,2,2,2,2,2,1,0,-1,1,1,2,0,1,1,2,1,2,0,0,0,-1,0,0,2,-1,1,3]","[-2,-1,-1,-1,0,1,1,3,1,2,3,-1,0,2,1,0,1,0,1,2,2,0,0,1,1,2,0,2,1,2,-1,1,2,0,2,2]","[-3,-1,-1,0,1,1,1,2,0,0,1,2,2,2,4,0,0,0,1,1,1,2,1,0,1,3,1,1,1,3,1,0,0,0,-2,-1]",c,"[[{8, 1}, {2, 7}, {3, 6}, {4, 5}], [{8, 1}, {2, 7}, {4, 6}, {3, 5}], [{8, 1}, {2, 7}, {5, 6}, {3, 4}], [{8, 1}, {2, 7}, {6}, {5}, {3, 4}], [{8, 1}, {3, 7}, {2, 6}, {4, 5}], [{8, 1}, {3, 7}, {4, 6}, {2, 5}], [{8, 1}, {3, 7}, {5, 6}, {2, 4}], [{8, 1}, {4, 7}, {2, 6}, {3, 5}], [{8, 1}, {4, 7}, {3, 6}, {2, 5}], [{8, 1}, {4, 7}, {5, 6}, {2, 3}], [{8, 1}, {5, 7}, {2, 6}, {3, 4}], [{8, 1}, {5, 7}, {3, 6}, {2, 4}], [{8, 1}, {5, 7}, {3, 6}, {4}, {2}], [{8, 1}, {5, 7}, {4, 6}, {2, 3}], [{8, 1}, {5, 7}, {6}, {2, 4}, {3}], [{8, 1}, {6, 7}, {2, 5}, {3, 4}], [{8, 1}, {6, 7}, {3, 5}, {2, 4}], [{8, 1}, {6, 7}, {4, 5}, {2, 3}], [{8, 1}, {7}, {4, 6}, {3, 5}, {2}], [{8, 2}, {1, 7}, {3, 6}, {4, 5}], [{8, 2}, {1, 7}, {4, 6}, {3, 5}], [{8, 2}, {1, 7}, {4, 6}, {5}, {3}], [{8, 2}, {1, 7}, {5, 6}, {3, 4}], [{8, 2}, {1, 7}, {5, 6}, {4}, {3}], [{8, 2}, {1, 7}, {6}, {4, 5}, {3}], [{8, 2}, {3, 7}, {1, 6}, {4, 5}], [{8, 2}, {3, 7}, {4, 6}, {1, 5}], [{8, 2}, {3, 7}, {5, 6}, {1, 4}], [{8, 2}, {4, 7}, {1, 6}, {3, 5}], [{8, 2}, {4, 7}, {1, 6}, {5}, {3}], [{8, 2}, {4, 7}, {3, 6}, {1, 5}], [{8, 2}, {4, 7}, {5, 6}, {1, 3}], [{8, 2}, {5, 7}, {1, 6}, {3, 4}], [{8, 2}, {5, 7}, {3, 6}, {1, 4}], [{8, 2}, {5, 7}, {4, 6}, {1, 3}], [{8, 2}, {6, 7}, {1, 5}, {3, 4}], [{8, 2}, {6, 7}, {3, 5}, {1, 4}], [{8, 2}, {6, 7}, {4, 5}, {1, 3}], [{8, 2}, {6, 7}, {5}, {1, 4}, {3}], [{8, 2}, {7}, {1, 6}, {3, 5}, {4}], [{8, 3}, {1, 7}, {2, 6}, {4, 5}], [{8, 3}, {1, 7}, {4, 6}, {2, 5}], [{8, 3}, {1, 7}, {5, 6}, {2, 4}], [{8, 3}, {2, 7}, {1, 6}, {4, 5}], [{8, 3}, {2, 7}, {4, 6}, {1, 5}], [{8, 3}, {2, 7}, {5, 6}, {1, 4}], [{8, 3}, {2, 7}, {6}, {1, 5}, {4}], [{8, 3}, {4, 7}, {1, 6}, {2, 5}], [{8, 3}, {4, 7}, {1, 6}, {5}, {2}], [{8, 3}, {4, 7}, {2, 6}, {1, 5}], [{8, 3}, {4, 7}, {5, 6}, {1, 2}], [{8, 3}, {5, 7}, {1, 6}, {2, 4}], [{8, 3}, {5, 7}, {2, 6}, {1, 4}], [{8, 3}, {5, 7}, {4, 6}, {1, 2}], [{8, 3}, {6, 7}, {1, 5}, {2, 4}], [{8, 3}, {6, 7}, {2, 5}, {1, 4}], [{8, 3}, {6, 7}, {4, 5}, {1, 2}], [{8, 3}, {7}, {4, 6}, {1, 5}, {2}], [{8, 4}, {1, 7}, {2, 6}, {3, 5}], [{8, 4}, {1, 7}, {3, 6}, {2, 5}], [{8, 4}, {1, 7}, {5, 6}, {2, 3}], [{8, 4}, {2, 7}, {1, 6}, {3, 5}], [{8, 4}, {2, 7}, {3, 6}, {1, 5}], [{8, 4}, {2, 7}, {5, 6}, {1, 3}], [{8, 4}, {3, 7}, {1, 6}, {2, 5}], [{8, 4}, {3, 7}, {2, 6}, {1, 5}], [{8, 4}, {3, 7}, {5, 6}, {1, 2}], [{8, 4}, {5, 7}, {1, 6}, {2, 3}], [{8, 4}, {5, 7}, {2, 6}, {1, 3}], [{8, 4}, {5, 7}, {3, 6}, {1, 2}], [{8, 4}, {6, 7}, {1, 5}, {2, 3}], [{8, 4}, {6, 7}, {2, 5}, {1, 3}], [{8, 4}, {6, 7}, {3, 5}, {1, 2}], [{8, 4}, {7}, {1, 6}, {2, 5}, {3}], [{8, 5}, {1, 7}, {2, 6}, {3, 4}], [{8, 5}, {1, 7}, {3, 6}, {2, 4}], [{8, 5}, {1, 7}, {4, 6}, {2, 3}], [{8, 5}, {2, 7}, {1, 6}, {3, 4}], [{8, 5}, {2, 7}, {3, 6}, {1, 4}], [{8, 5}, {2, 7}, {4, 6}, {1, 3}], [{8, 5}, {3, 7}, {1, 6}, {2, 4}], [{8, 5}, {3, 7}, {2, 6}, {1, 4}], [{8, 5}, {3, 7}, {4, 6}, {1, 2}], [{8, 5}, {4, 7}, {1, 6}, {2, 3}], [{8, 5}, {4, 7}, {2, 6}, {1, 3}], [{8, 5}, {4, 7}, {3, 6}, {1, 2}], [{8, 5}, {6, 7}, {1, 4}, {2, 3}], [{8, 5}, {6, 7}, {1, 4}, {3}, {2}], [{8, 5}, {6, 7}, {2, 4}, {1, 3}], [{8, 5}, {6, 7}, {3, 4}, {1, 2}], [{8, 5}, {7}, {3, 6}, {4}, {1, 2}], [{8, 5}, {7}, {4, 6}, {1, 3}, {2}], [{8, 6}, {1, 7}, {2, 5}, {3, 4}], [{8, 6}, {1, 7}, {3, 5}, {2, 4}], [{8, 6}, {1, 7}, {4, 5}, {2, 3}], [{8, 6}, {1, 7}, {5}, {2, 4}, {3}], [{8, 6}, {1, 7}, {5}, {3, 4}, {2}], [{8, 6}, {1, 7}, {5}, {4}, {2, 3}], [{8, 6}, {2, 7}, {1, 5}, {3, 4}], [{8, 6}, {2, 7}, {1, 5}, {4}, {3}], [{8, 6}, {2, 7}, {3, 5}, {1, 4}], [{8, 6}, {2, 7}, {4, 5}, {1, 3}], [{8, 6}, {2, 7}, {5}, {3, 4}, {1}], [{8, 6}, {3, 7}, {1, 5}, {2, 4}], [{8, 6}, {3, 7}, {1, 5}, {4}, {2}], [{8, 6}, {3, 7}, {2, 5}, {1, 4}], [{8, 6}, {3, 7}, {4, 5}, {1, 2}], [{8, 6}, {3, 7}, {4, 5}, {2}, {1}], [{8, 6}, {3, 7}, {5}, {1, 4}, {2}], [{8, 6}, {4, 7}, {1, 5}, {2, 3}], [{8, 6}, {4, 7}, {2, 5}, {1, 3}], [{8, 6}, {4, 7}, {3, 5}, {1, 2}], [{8, 6}, {5, 7}, {1, 4}, {2, 3}], [{8, 6}, {5, 7}, {2, 4}, {1, 3}], [{8, 6}, {5, 7}, {3, 4}, {1, 2}], [{8, 6}, {5, 7}, {4}, {1, 3}, {2}], [{8, 6}, {5, 7}, {4}, {2, 3}, {1}], [{8, 6}, {5, 7}, {4}, {3}, {1, 2}], [{8, 6}, {7}, {1, 5}, {4}, {2, 3}], [{8, 6}, {7}, {5}, {3, 4}, {1, 2}], [{8, 7}, {1, 6}, {2, 5}, {3, 4}], [{8, 7}, {1, 6}, {3, 5}, {2, 4}], [{8, 7}, {1, 6}, {4, 5}, {2, 3}], [{8, 7}, {1, 6}, {4, 5}, {3}, {2}], [{8, 7}, {2, 6}, {1, 5}, {3, 4}], [{8, 7}, {2, 6}, {3, 5}, {1, 4}], [{8, 7}, {2, 6}, {4, 5}, {1, 3}], [{8, 7}, {2, 6}, {5}, {3, 4}, {1}], [{8, 7}, {3, 6}, {1, 5}, {2, 4}], [{8, 7}, {3, 6}, {2, 5}, {1, 4}], [{8, 7}, {3, 6}, {4, 5}, {1, 2}], [{8, 7}, {4, 6}, {1, 5}, {2, 3}], [{8, 7}, {4, 6}, {2, 5}, {1, 3}], [{8, 7}, {4, 6}, {3, 5}, {1, 2}], [{8, 7}, {5, 6}, {1, 4}, {2, 3}], [{8, 7}, {5, 6}, {2, 4}, {1, 3}], [{8, 7}, {5, 6}, {3, 4}, {1, 2}], [{8}, {1, 7}, {2, 6}, {3, 5}, {4}], [{8}, {2, 7}, {1, 6}, {5}, {3, 4}], [{8}, {2, 7}, {3, 6}, {1, 5}, {4}], [{8}, {2, 7}, {6}, {3, 5}, {1, 4}], [{8}, {4, 7}, {1, 6}, {5}, {2, 3}], [{8}, {4, 7}, {6}, {3, 5}, {1, 2}], [{8}, {5, 7}, {6}, {3, 4}, {1, 2}], [{8}, {6, 7}, {1, 5}, {2, 4}, {3}], [{8}, {6, 7}, {2, 5}, {1, 4}, {3}]]",2,8 K_1^3 - 2 K_1^2 - 10 K_1 K_2 - K_1 + K_2 + 3 K_3 + 2,O1O2O3O4U5U6O7U1U8O6O5U3U7U4O8U2,O1O2O3U4U5O6O7U2O5O4U1U3U8U7O8U6,O1O2O3U4O5U6U5U1U3O7O8U2O6O4U8U7,c,{'O1O2O3O4U3O5U1U6U2O7O8U5U4O6U8U7'},1,"<a href=""/flatknot/8.704430"">8.704430</a>",t^9-69t^7-154t^6+347t^5+704t^4-540t^3-438t^2+134t+74,t^3-t^2-t,,
8.704431,O1O2O3O4U3O5U1U6U2O7O8U5U7O6U4U8,3,8z^2+49z+67,-4w^4z^2+12w^3z^2-12w^3z+61w^2z+67w,False,False,"[[ 0 -3  0 -1  2  1 -1  0  2],[ 3  0  1  0  4  2  1  1  2],[ 0 -1  0  0  2  1 -1  1  1],[ 1  0  0  0  1  0  1  0  1],[-2 -4 -2 -1  0  0 -3  1  2],[-1 -2 -1  0  0  0 -2  1  1],[ 1 -1  1 -1  3  2  0  0  1],[ 0 -1 -1  0 -1 -1  0  0  1],[-2 -2 -1 -1 -2 -1 -1 -1  0]]","[[ 0  2  2  1  0  0 -1 -1 -3],[-2  0  2  0  1 -2 -1 -3 -4],[-2 -2  0 -1 -1 -1 -1 -1 -2],[-1  0  1  0  1 -1  0 -2 -2],[ 0 -1  1 -1  0 -1  0  0 -1],[ 0  2  1  1  1  0  0 -1 -1],[ 1  1  1  0  0  0  0  1  0],[ 1  3  1  2  0  1 -1  0 -1],[ 3  4  2  2  1  1  0  1  0]]",True,"[-2,-2,-1,0,0,1,1,3,-2,0,-1,2,1,3,4,1,1,1,1,1,2,-1,1,0,2,2,1,0,0,1,0,1,1,-1,0,1]","[-3,-1,-1,0,0,1,2,2,0,1,1,1,2,2,4,1,0,0,0,1,1,0,1,2,1,3,-1,-1,1,-1,1,1,2,1,0,-2]",t^8+60t^6+244t^4+15t^2,"[-3,-1,-1,0,0,1,2,2,1,2,2,2,2,1,3,1,0,1,0,0,2,1,1,2,2,2,-1,0,0,1,2,3,1,1,0,-2]","[-2,-2,-1,0,0,1,1,3,-2,0,1,1,2,2,3,1,0,3,0,2,1,0,2,0,2,2,1,0,1,2,1,1,2,-1,1,2]","[-3,-1,-1,0,0,1,2,2,0,1,1,1,2,2,4,1,0,0,0,1,1,0,1,2,1,3,-1,-1,1,-1,1,1,2,1,0,-2]",c,"[[{8, 1}, {2, 7}, {4, 6}, {3, 5}], [{8, 1}, {6, 7}, {3, 5}, {2, 4}], [{8, 4}, {2, 7}, {1, 6}, {3, 5}], [{8, 6}, {2, 7}, {1, 5}, {3, 4}], [{8, 6}, {2, 7}, {3, 5}, {1, 4}]]",1,4 K_1^3 - 8 K_1^2 - 6 K_1 K_2 + 4 K_2 + 2 K_3 + 5,O1O2O3O4U5U1O6U7U8O5O7U3U6U4O8U2,O1O2O3U4U5O6O4U2O7O5U1U3U8U7O8U6,O1O2O3U4O5U6U5U1U3O7O6U2O8O4U7U8,c,{'O1O2O3O4U3O5U1U6U2O7O8U5U7O6U4U8'},1,"<a href=""/flatknot/8.704431"">8.704431</a>",t^9-62t^7-178t^6+20t^5+356t^4+133t^3-114t^2-4t+8,t^3-2t^2+t,,
8.704432,O1O2O3O4U3O5U1U6U2O7O8U5U7O6U8U4,3,14z^2+82z+109,14w^3z^2+82w^2z+109w,False,False,"[[ 0 -3  0 -1  3  1 -1  0  1],[ 3  0  1  0  4  2  1  1  1],[ 0 -1  0  0  2  1 -1  1  0],[ 1  0  0  0  1  0  1  0  0],[-3 -4 -2 -1  0 -1 -3  0  1],[-1 -2 -1  0  1  0 -2  1  1],[ 1 -1  1 -1  3  2  0  0  0],[ 0 -1 -1  0  0 -1  0  0  1],[-1 -1  0  0 -1 -1  0 -1  0]]","[[ 0  3  1  1  0  0 -1 -1 -3],[-3  0  1 -1  0 -2 -1 -3 -4],[-1 -1  0 -1 -1  0  0  0 -1],[-1  1  1  0  1 -1  0 -2 -2],[ 0  0  1 -1  0 -1  0  0 -1],[ 0  2  0  1  1  0  0 -1 -1],[ 1  1  0  0  0  0  0  1  0],[ 1  3  0  2  0  1 -1  0 -1],[ 3  4  1  2  1  1  0  1  0]]",True,"[-3,-1,-1,0,0,1,1,3,-1,1,0,2,1,3,4,1,1,0,0,0,1,-1,1,0,2,2,1,0,0,1,0,1,1,-1,0,1]","[-3,-1,-1,0,0,1,1,3,-1,1,0,2,1,3,4,1,1,0,0,0,1,-1,1,0,2,2,1,0,0,1,0,1,1,-1,0,1]",t^8+51t^6+204t^4+80t^2,"[-3,-1,-1,0,0,1,1,3,1,2,2,2,2,3,2,1,0,1,0,2,1,1,1,2,2,3,-1,0,1,1,2,0,3,-1,1,3]","[-3,-1,-1,0,0,1,1,3,1,3,1,3,1,3,2,1,0,2,0,2,2,1,0,2,2,3,1,0,1,2,1,1,2,-1,1,2]","[-3,-1,-1,0,0,1,1,3,0,1,1,1,1,2,4,1,0,0,0,0,1,0,1,0,2,3,-1,1,-1,0,0,1,2,-1,-1,1]",c,"[[{8, 6}, {2, 7}, {3, 5}, {1, 4}]]",0,4 K_1^3 - 28 K_1^2 - 16 K_1 K_2 + 5 K_1 + 14 K_2 + 7 K_3 + 15,O1O2O3O4U1U5O6U7U8O5O7U3U6U4O8U2,O1O2O3U4U5O6O4U2O5O7U1U3U8U7O8U6,O1O2O3U4O5U6U5U1U3O6O7U2O8O4U7U8,c,{'O1O2O3O4U3O5U1U6U2O7O8U5U7O6U8U4'},1,"<a href=""/flatknot/8.704432"">8.704432</a>",t^9-51t^7-128t^6+92t^5+360t^4+52t^3-26t^2+28t,0,,
8.704433,O1O2O3O4U3O5U1U6U2O7O8U5U8O6U4U7,4,13z^2+98z+145,13w^3z^2+98w^2z+145w,False,False,"[[ 0 -3  0 -1  2  1 -1  1  1],[ 3  0  1  0  4  2  1  2  1],[ 0 -1  0  0  2  1 -1  1  1],[ 1  0  0  0  1  0  1  1  0],[-2 -4 -2 -1  0  0 -3  1  1],[-1 -2 -1  0  0  0 -2  1  1],[ 1 -1  1 -1  3  2  0  1  1],[-1 -2 -1 -1 -1 -1 -1  0  0],[-1 -1 -1  0 -1 -1 -1  0  0]]","[[ 0  2  1  1  1  0 -1 -1 -3],[-2  0  1  1  0 -2 -1 -3 -4],[-1 -1  0  0 -1 -1  0 -1 -1],[-1 -1  0  0 -1 -1 -1 -1 -2],[-1  0  1  1  0 -1  0 -2 -2],[ 0  2  1  1  1  0  0 -1 -1],[ 1  1  0  1  0  0  0  1  0],[ 1  3  1  1  2  1 -1  0 -1],[ 3  4  1  2  2  1  0  1  0]]",True,"[-2,-1,-1,-1,0,1,1,3,-1,-1,0,2,1,3,4,0,1,1,0,1,1,1,1,1,1,2,1,0,2,2,0,1,1,-1,0,1]","[-3,-1,-1,0,1,1,1,2,0,1,1,1,2,2,4,1,0,0,0,1,1,1,1,2,1,3,1,1,1,2,-1,0,-1,1,0,-1]",t^8+57t^6+138t^4+19t^2,"[-3,-1,-1,0,1,1,1,2,1,2,2,2,2,3,1,1,0,0,1,1,0,1,2,1,2,2,0,0,0,0,-1,-1,1,0,2,2]","[-2,-1,-1,-1,0,1,1,3,1,2,2,0,0,2,1,1,1,0,0,2,2,0,0,1,1,2,0,1,2,3,0,1,2,-1,1,2]","[-3,-1,-1,0,1,1,1,2,0,1,1,1,2,2,4,1,0,0,0,1,1,1,1,2,1,3,1,1,1,2,-1,0,-1,1,0,-1]",c,"[[{8, 2}, {1, 7}, {4, 6}, {3, 5}]]",1,4 K_1^3 - 30 K_1^2 - 26 K_1 K_2 + 10 K_1 + 15 K_2 + 12 K_3 + 16,O1O2O3O4U5U1O6U7U8O7O5U3U6U4O8U2,O1O2O3U4U5O6O5U2O7O4U1U3U8U7O8U6,O1O2O3U4O5U6U5U1U3O7O6U2O8O4U8U7,c,{'O1O2O3O4U3O5U1U6U2O7O8U5U8O6U4U7'},1,"<a href=""/flatknot/8.704433"">8.704433</a>",t^9-61t^7-160t^6+81t^5+402t^4+91t^3-150t^2-t+2,t^3-t^2-t,,
8.704434,O1O2O3O4U3O5U1U6U2O7O8U5U8O6U7U4,4,11z^2+92z+141,11w^3z^2+92w^2z+141w,False,False,"[[ 0 -3  0 -1  3  1 -1  0  1],[ 3  0  1  0  4  2  1  1  1],[ 0 -1  0  0  2  1 -1  0  1],[ 1  0  0  0  1  0  1  0  0],[-3 -4 -2 -1  0 -1 -3  0  1],[-1 -2 -1  0  1  0 -2  1  1],[ 1 -1  1 -1  3  2  0  0  1],[ 0 -1  0  0  0 -1  0  0  0],[-1 -1 -1  0 -1 -1 -1  0  0]]","[[ 0  3  1  1  0  0 -1 -1 -3],[-3  0  1 -1  0 -2 -1 -3 -4],[-1 -1  0 -1  0 -1  0 -1 -1],[-1  1  1  0  1 -1  0 -2 -2],[ 0  0  0 -1  0  0  0  0 -1],[ 0  2  1  1  0  0  0 -1 -1],[ 1  1  0  0  0  0  0  1  0],[ 1  3  1  2  0  1 -1  0 -1],[ 3  4  1  2  1  1  0  1  0]]",True,"[-3,-1,-1,0,0,1,1,3,-1,1,0,2,1,3,4,1,0,1,0,1,1,-1,1,0,2,2,0,0,0,1,0,1,1,-1,0,1]","[-3,-1,-1,0,0,1,1,3,-1,1,0,2,1,3,4,1,0,1,0,1,1,-1,1,0,2,2,0,0,0,1,0,1,1,-1,0,1]",t^8+51t^6+129t^4+41t^2,"[-3,-1,-1,0,0,1,1,3,1,2,2,2,2,3,2,1,0,1,0,1,1,1,1,2,2,3,0,0,0,1,2,1,3,-1,1,3]","[-3,-1,-1,0,0,1,1,3,1,3,1,3,1,3,2,1,0,2,0,2,2,0,1,1,2,3,0,0,1,2,1,1,2,-1,1,2]","[-3,-1,-1,0,0,1,1,3,0,1,1,1,1,2,4,1,0,0,0,0,1,0,1,1,2,3,0,0,-1,0,1,1,2,-1,-1,1]",c,"[[{8, 6}, {2, 7}, {3, 5}, {1, 4}]]",0,12 K_1^3 + 4 K_1^2 K_2 - 32 K_1^2 - 40 K_1 K_2 - 4 K_1 K_3 + 11 K_1 - 12 K_2^2 + 16 K_2 + 17 K_3 + 7 K_4 + 22,O1O2O3O4U1U5O6U7U8O7O5U3U6U4O8U2,O1O2O3U4U5O6O5U2O4O7U1U3U8U7O8U6,O1O2O3U4O5U6U5U1U3O6O7U2O8O4U8U7,c,{'O1O2O3O4U3O5U1U6U2O7O8U5U8O6U7U4'},1,"<a href=""/flatknot/8.704434"">8.704434</a>",t^9-51t^7-142t^6+33t^5+370t^4+167t^3-216t^2-140t-2,0,,
8.704435,O1O2O3O4U3O5U1U6U2O7O8U7U4O6U5U8,4,20z^2+105z+131,20w^3z^2+105w^2z+131w,False,False,"[[ 0 -3  0 -1  2  2 -1 -1  2],[ 3  0  1  0  3  3  1  0  2],[ 0 -1  0  0  2  1 -1  0  1],[ 1  0  0  0  1  1  0  0  1],[-2 -3 -2 -1  0  0 -2  0  2],[-2 -3 -1 -1  0  0 -2  0  1],[ 1 -1  1  0  2  2  0 -1  1],[ 1  0  0  0  0  0  1  0  1],[-2 -2 -1 -1 -2 -1 -1 -1  0]]","[[ 0  2  2  2  0 -1 -1 -1 -3],[-2  0  2  0 -2  0 -1 -2 -3],[-2 -2  0 -1 -1 -1 -1 -1 -2],[-2  0  1  0 -1  0 -1 -2 -3],[ 0  2  1  1  0  0  0 -1 -1],[ 1  0  1  0  0  0  0  1  0],[ 1  1  1  1  0  0  0  0  0],[ 1  2  1  2  1 -1  0  0 -1],[ 3  3  2  3  1  0  0  1  0]]",True,"[-2,-2,-2,0,1,1,1,3,-2,0,2,0,1,2,3,1,1,1,1,1,2,1,0,1,2,3,0,0,1,1,0,-1,0,0,0,1]","[-3,-1,-1,-1,0,2,2,2,0,0,1,1,2,3,3,0,0,0,1,1,1,1,0,1,0,0,1,1,2,2,1,1,2,-1,-2,0]",t^8+50t^6+168t^4+55t^2+1,"[-3,-1,-1,-1,0,2,2,2,1,2,2,2,2,2,3,0,1,0,1,1,2,0,1,2,2,2,1,3,3,2,0,1,1,0,-2,-1]","[-2,-2,-2,0,1,1,1,3,-2,-1,1,2,2,2,3,0,0,1,2,3,2,1,1,2,3,2,0,1,1,2,0,-1,1,0,2,2]","[-3,-1,-1,-1,0,2,2,2,0,0,1,1,2,3,3,0,0,0,1,1,1,1,0,1,0,0,1,1,2,2,1,1,2,-1,-2,0]",c,"[[{8, 1}, {2, 7}, {3, 6}, {4, 5}], [{8, 1}, {2, 7}, {4, 6}, {3, 5}], [{8, 1}, {2, 7}, {5, 6}, {3, 4}], [{8, 1}, {2, 7}, {5, 6}, {4}, {3}], [{8, 1}, {3, 7}, {2, 6}, {4, 5}], [{8, 1}, {3, 7}, {4, 6}, {2, 5}], [{8, 1}, {3, 7}, {5, 6}, {2, 4}], [{8, 1}, {3, 7}, {5, 6}, {4}, {2}], [{8, 1}, {4, 7}, {2, 6}, {3, 5}], [{8, 1}, {4, 7}, {3, 6}, {2, 5}], [{8, 1}, {4, 7}, {5, 6}, {2, 3}], [{8, 1}, {4, 7}, {5, 6}, {3}, {2}], [{8, 1}, {5, 7}, {2, 6}, {3, 4}], [{8, 1}, {5, 7}, {2, 6}, {4}, {3}], [{8, 1}, {5, 7}, {3, 6}, {2, 4}], [{8, 1}, {5, 7}, {3, 6}, {4}, {2}], [{8, 1}, {5, 7}, {4, 6}, {2, 3}], [{8, 1}, {5, 7}, {4, 6}, {3}, {2}], [{8, 1}, {5, 7}, {6}, {2, 4}, {3}], [{8, 1}, {5, 7}, {6}, {3, 4}, {2}], [{8, 1}, {5, 7}, {6}, {4}, {2, 3}], [{8, 1}, {5, 7}, {6}, {4}, {3}, {2}], [{8, 1}, {6, 7}, {2, 5}, {3, 4}], [{8, 1}, {6, 7}, {2, 5}, {4}, {3}], [{8, 1}, {6, 7}, {3, 5}, {2, 4}], [{8, 1}, {6, 7}, {3, 5}, {4}, {2}], [{8, 1}, {6, 7}, {4, 5}, {2, 3}], [{8, 1}, {6, 7}, {4, 5}, {3}, {2}], [{8, 1}, {6, 7}, {5}, {2, 4}, {3}], [{8, 1}, {6, 7}, {5}, {3, 4}, {2}], [{8, 1}, {6, 7}, {5}, {4}, {2, 3}], [{8, 1}, {6, 7}, {5}, {4}, {3}, {2}], [{8, 1}, {7}, {5, 6}, {2, 4}, {3}], [{8, 1}, {7}, {5, 6}, {3, 4}, {2}], [{8, 1}, {7}, {5, 6}, {4}, {2, 3}], [{8, 1}, {7}, {5, 6}, {4}, {3}, {2}], [{8, 2}, {1, 7}, {3, 6}, {4, 5}], [{8, 2}, {1, 7}, {3, 6}, {5}, {4}], [{8, 2}, {1, 7}, {4, 6}, {3, 5}], [{8, 2}, {1, 7}, {5, 6}, {3, 4}], [{8, 2}, {3, 7}, {1, 6}, {4, 5}], [{8, 2}, {3, 7}, {1, 6}, {5}, {4}], [{8, 2}, {3, 7}, {4, 6}, {1, 5}], [{8, 2}, {3, 7}, {5, 6}, {1, 4}], [{8, 2}, {4, 7}, {1, 6}, {3, 5}], [{8, 2}, {4, 7}, {3, 6}, {1, 5}], [{8, 2}, {4, 7}, {5, 6}, {1, 3}], [{8, 2}, {4, 7}, {5, 6}, {3}, {1}], [{8, 2}, {5, 7}, {1, 6}, {3, 4}], [{8, 2}, {5, 7}, {3, 6}, {1, 4}], [{8, 2}, {5, 7}, {4, 6}, {1, 3}], [{8, 2}, {5, 7}, {4, 6}, {3}, {1}], [{8, 2}, {6, 7}, {1, 5}, {3, 4}], [{8, 2}, {6, 7}, {1, 5}, {4}, {3}], [{8, 2}, {6, 7}, {3, 5}, {1, 4}], [{8, 2}, {6, 7}, {3, 5}, {4}, {1}], [{8, 2}, {6, 7}, {4, 5}, {1, 3}], [{8, 2}, {6, 7}, {4, 5}, {3}, {1}], [{8, 2}, {6, 7}, {5}, {1, 4}, {3}], [{8, 2}, {6, 7}, {5}, {3, 4}, {1}], [{8, 2}, {6, 7}, {5}, {4}, {1, 3}], [{8, 2}, {6, 7}, {5}, {4}, {3}, {1}], [{8, 2}, {7}, {6}, {1, 5}, {3, 4}], [{8, 2}, {7}, {6}, {3, 5}, {1, 4}], [{8, 3}, {1, 7}, {2, 6}, {4, 5}], [{8, 3}, {1, 7}, {2, 6}, {5}, {4}], [{8, 3}, {1, 7}, {4, 6}, {2, 5}], [{8, 3}, {1, 7}, {4, 6}, {5}, {2}], [{8, 3}, {1, 7}, {5, 6}, {2, 4}], [{8, 3}, {1, 7}, {6}, {5}, {2, 4}], [{8, 3}, {2, 7}, {1, 6}, {4, 5}], [{8, 3}, {2, 7}, {4, 6}, {1, 5}], [{8, 3}, {2, 7}, {5, 6}, {1, 4}], [{8, 3}, {2, 7}, {6}, {5}, {1, 4}], [{8, 3}, {4, 7}, {1, 6}, {2, 5}], [{8, 3}, {4, 7}, {1, 6}, {5}, {2}], [{8, 3}, {4, 7}, {2, 6}, {1, 5}], [{8, 3}, {4, 7}, {5, 6}, {1, 2}], [{8, 3}, {5, 7}, {1, 6}, {2, 4}], [{8, 3}, {5, 7}, {2, 6}, {1, 4}], [{8, 3}, {5, 7}, {4, 6}, {1, 2}], [{8, 3}, {5, 7}, {4, 6}, {2}, {1}], [{8, 3}, {6, 7}, {1, 5}, {2, 4}], [{8, 3}, {6, 7}, {2, 5}, {1, 4}], [{8, 3}, {6, 7}, {4, 5}, {1, 2}], [{8, 3}, {6, 7}, {5}, {4}, {1, 2}], [{8, 3}, {7}, {4, 6}, {1, 5}, {2}], [{8, 3}, {7}, {5, 6}, {2, 4}, {1}], [{8, 4}, {1, 7}, {2, 6}, {3, 5}], [{8, 4}, {1, 7}, {3, 6}, {2, 5}], [{8, 4}, {1, 7}, {5, 6}, {2, 3}], [{8, 4}, {2, 7}, {1, 6}, {3, 5}], [{8, 4}, {2, 7}, {3, 6}, {1, 5}], [{8, 4}, {2, 7}, {5, 6}, {1, 3}], [{8, 4}, {2, 7}, {5, 6}, {3}, {1}], [{8, 4}, {3, 7}, {1, 6}, {2, 5}], [{8, 4}, {3, 7}, {2, 6}, {1, 5}], [{8, 4}, {3, 7}, {5, 6}, {1, 2}], [{8, 4}, {3, 7}, {6}, {5}, {1, 2}], [{8, 4}, {5, 7}, {1, 6}, {2, 3}], [{8, 4}, {5, 7}, {1, 6}, {3}, {2}], [{8, 4}, {5, 7}, {2, 6}, {1, 3}], [{8, 4}, {5, 7}, {3, 6}, {1, 2}], [{8, 4}, {6, 7}, {1, 5}, {2, 3}], [{8, 4}, {6, 7}, {2, 5}, {1, 3}], [{8, 4}, {6, 7}, {3, 5}, {1, 2}], [{8, 4}, {6, 7}, {5}, {3}, {1, 2}], [{8, 4}, {7}, {3, 6}, {5}, {1, 2}], [{8, 4}, {7}, {6}, {1, 5}, {2, 3}], [{8, 5}, {1, 7}, {2, 6}, {3, 4}], [{8, 5}, {1, 7}, {3, 6}, {2, 4}], [{8, 5}, {1, 7}, {4, 6}, {2, 3}], [{8, 5}, {2, 7}, {1, 6}, {3, 4}], [{8, 5}, {2, 7}, {3, 6}, {1, 4}], [{8, 5}, {2, 7}, {4, 6}, {1, 3}], [{8, 5}, {2, 7}, {6}, {1, 4}, {3}], [{8, 5}, {2, 7}, {6}, {3, 4}, {1}], [{8, 5}, {2, 7}, {6}, {4}, {1, 3}], [{8, 5}, {3, 7}, {1, 6}, {2, 4}], [{8, 5}, {3, 7}, {2, 6}, {1, 4}], [{8, 5}, {3, 7}, {4, 6}, {1, 2}], [{8, 5}, {4, 7}, {1, 6}, {2, 3}], [{8, 5}, {4, 7}, {2, 6}, {1, 3}], [{8, 5}, {4, 7}, {2, 6}, {3}, {1}], [{8, 5}, {4, 7}, {3, 6}, {1, 2}], [{8, 5}, {6, 7}, {1, 4}, {2, 3}], [{8, 5}, {6, 7}, {2, 4}, {1, 3}], [{8, 5}, {6, 7}, {3, 4}, {1, 2}], [{8, 5}, {6, 7}, {4}, {3}, {1, 2}], [{8, 6}, {1, 7}, {2, 5}, {3, 4}], [{8, 6}, {1, 7}, {3, 5}, {2, 4}], [{8, 6}, {1, 7}, {4, 5}, {2, 3}], [{8, 6}, {1, 7}, {5}, {4}, {2, 3}], [{8, 6}, {2, 7}, {1, 5}, {3, 4}], [{8, 6}, {2, 7}, {3, 5}, {1, 4}], [{8, 6}, {2, 7}, {4, 5}, {1, 3}], [{8, 6}, {2, 7}, {5}, {1, 4}, {3}], [{8, 6}, {3, 7}, {1, 5}, {2, 4}], [{8, 6}, {3, 7}, {1, 5}, {4}, {2}], [{8, 6}, {3, 7}, {2, 5}, {1, 4}], [{8, 6}, {3, 7}, {4, 5}, {1, 2}], [{8, 6}, {4, 7}, {1, 5}, {2, 3}], [{8, 6}, {4, 7}, {1, 5}, {3}, {2}], [{8, 6}, {4, 7}, {2, 5}, {1, 3}], [{8, 6}, {4, 7}, {3, 5}, {1, 2}], [{8, 6}, {5, 7}, {1, 4}, {2, 3}], [{8, 6}, {5, 7}, {1, 4}, {3}, {2}], [{8, 6}, {5, 7}, {2, 4}, {1, 3}], [{8, 6}, {5, 7}, {3, 4}, {1, 2}], [{8, 6}, {7}, {1, 5}, {3, 4}, {2}], [{8, 6}, {7}, {2, 5}, {1, 4}, {3}], [{8, 6}, {7}, {2, 5}, {3, 4}, {1}], [{8, 6}, {7}, {2, 5}, {4}, {1, 3}], [{8, 6}, {7}, {5}, {3, 4}, {1, 2}], [{8, 7}, {1, 6}, {2, 5}, {3, 4}], [{8, 7}, {1, 6}, {3, 5}, {2, 4}], [{8, 7}, {1, 6}, {4, 5}, {2, 3}], [{8, 7}, {1, 6}, {5}, {2, 4}, {3}], [{8, 7}, {2, 6}, {1, 5}, {3, 4}], [{8, 7}, {2, 6}, {3, 5}, {1, 4}], [{8, 7}, {2, 6}, {4, 5}, {1, 3}], [{8, 7}, {3, 6}, {1, 5}, {2, 4}], [{8, 7}, {3, 6}, {2, 5}, {1, 4}], [{8, 7}, {3, 6}, {2, 5}, {4}, {1}], [{8, 7}, {3, 6}, {4, 5}, {1, 2}], [{8, 7}, {4, 6}, {1, 5}, {2, 3}], [{8, 7}, {4, 6}, {2, 5}, {1, 3}], [{8, 7}, {4, 6}, {3, 5}, {1, 2}], [{8, 7}, {5, 6}, {1, 4}, {2, 3}], [{8, 7}, {5, 6}, {2, 4}, {1, 3}], [{8, 7}, {5, 6}, {3, 4}, {1, 2}], [{8, 7}, {6}, {3, 5}, {1, 4}, {2}], [{8, 7}, {6}, {5}, {3, 4}, {1, 2}], [{8}, {1, 7}, {3, 6}, {4, 5}, {2}], [{8}, {1, 7}, {6}, {2, 5}, {3, 4}], [{8}, {2, 7}, {1, 6}, {4, 5}, {3}], [{8}, {2, 7}, {3, 6}, {5}, {1, 4}], [{8}, {2, 7}, {5, 6}, {1, 4}, {3}], [{8}, {2, 7}, {6}, {3, 5}, {1, 4}], [{8}, {3, 7}, {1, 6}, {4, 5}, {2}], [{8}, {4, 7}, {5, 6}, {3}, {1, 2}], [{8}, {5, 7}, {4, 6}, {1, 3}, {2}], [{8}, {5, 7}, {4, 6}, {2, 3}, {1}], [{8}, {5, 7}, {4, 6}, {3}, {1, 2}], [{8}, {5, 7}, {4, 6}, {3}, {2}, {1}], [{8}, {6, 7}, {3, 5}, {4}, {1, 2}], [{8}, {6, 7}, {4, 5}, {3}, {1, 2}], [{8}, {6, 7}, {5}, {3, 4}, {1, 2}], [{8}, {6, 7}, {5}, {4}, {3}, {1, 2}], [{8}, {7}, {1, 6}, {4, 5}, {2, 3}], [{8}, {7}, {2, 6}, {1, 5}, {3, 4}], [{8}, {7}, {5, 6}, {2, 4}, {1, 3}]]",2,8 K_1^3 + 12 K_1^2 K_2 - 18 K_1^2 - 18 K_1 K_2 - 16 K_1 K_3 + 3 K_1 - 4 K_2^2 + 11 K_2 + 7 K_3 + 7 K_4 + 9,O1O2O3O4U5U6O7U1U8O5O8U3U7U4O6U2,O1O2O3U4U5O4O6U2O7O5U1U3U8U6O8U7,O1O2O3U4O5U6U5U1U3O7O4U2O6O8U7U8,c,{'O1O2O3O4U3O5U1U6U2O7O8U7U4O6U5U8'},1,"<a href=""/flatknot/8.704435"">8.704435</a>",t^9-50t^7-116t^6+101t^5+256t^4-70t^3-102t^2+33t-2,t^3-3t^2+3t,,
8.704436,O1O2O3O4U3O5U1U6U2O7O8U7U5O6U4U8,4,19z^2+104z+133,19w^3z^2+104w^2z+133w,False,False,"[[ 0 -3  0 -1  2  2 -1 -1  2],[ 3  0  1  0  4  2  1  0  2],[ 0 -1  0  0  2  1 -1  0  1],[ 1  0  0  0  1  0  1  0  1],[-2 -4 -2 -1  0  1 -3  0  2],[-2 -2 -1  0 -1  0 -2  0  1],[ 1 -1  1 -1  3  2  0 -1  1],[ 1  0  0  0  0  0  1  0  1],[-2 -2 -1 -1 -2 -1 -1 -1  0]]","[[ 0  2  2  2  0 -1 -1 -1 -3],[-2  0  2  1 -2  0 -1 -3 -4],[-2 -2  0 -1 -1 -1 -1 -1 -2],[-2 -1  1  0 -1  0  0 -2 -2],[ 0  2  1  1  0  0  0 -1 -1],[ 1  0  1  0  0  0  0  1  0],[ 1  1  1  0  0  0  0  1  0],[ 1  3  1  2  1 -1 -1  0 -1],[ 3  4  2  2  1  0  0  1  0]]",True,"[-2,-2,-2,0,1,1,1,3,-2,-1,2,0,1,3,4,1,1,1,1,1,2,1,0,0,2,2,0,0,1,1,0,-1,0,-1,0,1]","[-3,-1,-1,-1,0,2,2,2,0,0,1,1,2,2,4,0,1,0,0,1,0,1,0,0,1,1,1,2,1,3,1,1,2,1,-1,-2]",t^8+58t^6+227t^4+74t^2,"[-3,-1,-1,-1,0,2,2,2,1,2,2,2,1,3,3,1,1,0,0,1,2,0,1,2,3,2,1,3,3,2,0,1,1,-1,-2,-1]","[-2,-2,-2,0,1,1,1,3,-2,-1,1,2,2,2,3,1,0,0,2,3,1,1,1,3,3,3,0,1,1,2,-1,-1,1,0,2,2]","[-3,-1,-1,-1,0,2,2,2,0,0,1,1,2,2,4,0,1,0,0,1,0,1,0,0,1,1,1,2,1,3,1,1,2,1,-1,-2]",c,"[[{8, 6}, {4, 7}, {1, 5}, {2, 3}]]",1,12 K_1^3 + 4 K_1^2 K_2 - 26 K_1^2 - 22 K_1 K_2 - 4 K_1 K_3 + 2 K_1 + 13 K_2 + 8 K_3 + K_4 + 13,O1O2O3O4U5U1O6U7U8O5O8U3U6U4O7U2,O1O2O3U4U5O4O6U2O7O5U1U3U8U7O8U6,O1O2O3U4O5U6U5U1U3O7O6U2O4O8U7U8,c,{'O1O2O3O4U3O5U1U6U2O7O8U7U5O6U4U8'},1,"<a href=""/flatknot/8.704436"">8.704436</a>",t^9-58t^7-174t^6-10t^5+258t^4+148t^3-28t^2-13t+4,t^3-3t^2+3t,,
8.704437,O1O2O3O4U3O5U1U6U2O7O8U7U5O6U8U4,4,16z^2+101z+139,16w^3z^2+101w^2z+139w,False,False,"[[ 0 -3  0 -1  3  2 -1 -1  1],[ 3  0  1  0  4  2  1  0  1],[ 0 -1  0  0  2  1 -1  0  0],[ 1  0  0  0  1  0  1  0  0],[-3 -4 -2 -1  0  0 -3 -1  1],[-2 -2 -1  0  0  0 -2  0  1],[ 1 -1  1 -1  3  2  0 -1  0],[ 1  0  0  0  1  0  1  0  1],[-1 -1  0  0 -1 -1  0 -1  0]]","[[ 0  3  2  1  0 -1 -1 -1 -3],[-3  0  0  1 -2 -1 -1 -3 -4],[-2  0  0  1 -1  0  0 -2 -2],[-1 -1 -1  0  0  0 -1  0 -1],[ 0  2  1  0  0  0  0 -1 -1],[ 1  1  0  0  0  0  0  1  0],[ 1  1  0  1  0  0  0  1  0],[ 1  3  2  0  1 -1 -1  0 -1],[ 3  4  2  1  1  0  0  1  0]]",True,"[-3,-2,-1,0,1,1,1,3,0,-1,2,1,1,3,4,-1,1,0,0,2,2,0,0,1,0,1,0,0,1,1,0,-1,0,-1,0,1]","[-3,-2,-1,0,1,1,1,3,0,-1,2,1,1,3,4,-1,1,0,0,2,2,0,0,1,0,1,0,0,1,1,0,-1,0,-1,0,1]",t^8+49t^6+183t^4+90t^2+1,"[-3,-1,-1,-1,0,1,2,3,1,2,2,2,3,3,2,1,1,0,2,1,1,0,1,1,3,3,1,2,3,3,1,1,1,2,3,1]","[-3,-2,-1,0,1,1,1,3,1,3,1,1,3,3,2,2,1,1,3,3,3,1,2,1,2,3,0,1,1,2,-1,-1,1,0,2,2]","[-3,-1,-1,-1,0,1,2,3,0,0,1,1,1,2,4,0,1,0,0,0,1,1,0,1,0,1,1,0,2,3,0,1,2,-1,-1,0]",c,"[[{8, 1}, {2, 7}, {3, 6}, {4, 5}], [{8, 1}, {2, 7}, {4, 6}, {3, 5}], [{8, 1}, {2, 7}, {5, 6}, {3, 4}], [{8, 1}, {2, 7}, {5, 6}, {4}, {3}], [{8, 1}, {2, 7}, {6}, {5}, {3, 4}], [{8, 1}, {3, 7}, {2, 6}, {4, 5}], [{8, 1}, {3, 7}, {4, 6}, {2, 5}], [{8, 1}, {3, 7}, {5, 6}, {2, 4}], [{8, 1}, {4, 7}, {2, 6}, {3, 5}], [{8, 1}, {4, 7}, {3, 6}, {2, 5}], [{8, 1}, {4, 7}, {3, 6}, {5}, {2}], [{8, 1}, {4, 7}, {5, 6}, {2, 3}], [{8, 1}, {5, 7}, {2, 6}, {3, 4}], [{8, 1}, {5, 7}, {3, 6}, {2, 4}], [{8, 1}, {5, 7}, {4, 6}, {2, 3}], [{8, 1}, {5, 7}, {6}, {4}, {2, 3}], [{8, 1}, {6, 7}, {2, 5}, {3, 4}], [{8, 1}, {6, 7}, {3, 5}, {2, 4}], [{8, 1}, {6, 7}, {4, 5}, {2, 3}], [{8, 1}, {7}, {2, 6}, {3, 5}, {4}], [{8, 1}, {7}, {4, 6}, {3, 5}, {2}], [{8, 1}, {7}, {6}, {3, 5}, {2, 4}], [{8, 2}, {1, 7}, {3, 6}, {4, 5}], [{8, 2}, {1, 7}, {4, 6}, {3, 5}], [{8, 2}, {1, 7}, {5, 6}, {3, 4}], [{8, 2}, {3, 7}, {1, 6}, {4, 5}], [{8, 2}, {3, 7}, {4, 6}, {1, 5}], [{8, 2}, {3, 7}, {4, 6}, {5}, {1}], [{8, 2}, {3, 7}, {5, 6}, {1, 4}], [{8, 2}, {3, 7}, {5, 6}, {4}, {1}], [{8, 2}, {3, 7}, {6}, {4, 5}, {1}], [{8, 2}, {4, 7}, {1, 6}, {3, 5}], [{8, 2}, {4, 7}, {3, 6}, {1, 5}], [{8, 2}, {4, 7}, {5, 6}, {1, 3}], [{8, 2}, {4, 7}, {6}, {1, 5}, {3}], [{8, 2}, {4, 7}, {6}, {3, 5}, {1}], [{8, 2}, {4, 7}, {6}, {5}, {1, 3}], [{8, 2}, {5, 7}, {1, 6}, {3, 4}], [{8, 2}, {5, 7}, {1, 6}, {4}, {3}], [{8, 2}, {5, 7}, {3, 6}, {1, 4}], [{8, 2}, {5, 7}, {4, 6}, {1, 3}], [{8, 2}, {5, 7}, {6}, {3, 4}, {1}], [{8, 2}, {6, 7}, {1, 5}, {3, 4}], [{8, 2}, {6, 7}, {3, 5}, {1, 4}], [{8, 2}, {6, 7}, {4, 5}, {1, 3}], [{8, 2}, {6, 7}, {5}, {1, 4}, {3}], [{8, 3}, {1, 7}, {2, 6}, {4, 5}], [{8, 3}, {1, 7}, {4, 6}, {2, 5}], [{8, 3}, {1, 7}, {5, 6}, {2, 4}], [{8, 3}, {1, 7}, {6}, {4, 5}, {2}], [{8, 3}, {2, 7}, {1, 6}, {4, 5}], [{8, 3}, {2, 7}, {1, 6}, {5}, {4}], [{8, 3}, {2, 7}, {4, 6}, {1, 5}], [{8, 3}, {2, 7}, {5, 6}, {1, 4}], [{8, 3}, {4, 7}, {1, 6}, {2, 5}], [{8, 3}, {4, 7}, {2, 6}, {1, 5}], [{8, 3}, {4, 7}, {5, 6}, {1, 2}], [{8, 3}, {5, 7}, {1, 6}, {2, 4}], [{8, 3}, {5, 7}, {2, 6}, {1, 4}], [{8, 3}, {5, 7}, {4, 6}, {1, 2}], [{8, 3}, {6, 7}, {1, 5}, {2, 4}], [{8, 3}, {6, 7}, {2, 5}, {1, 4}], [{8, 3}, {6, 7}, {4, 5}, {1, 2}], [{8, 3}, {6, 7}, {4, 5}, {2}, {1}], [{8, 3}, {7}, {1, 6}, {4, 5}, {2}], [{8, 3}, {7}, {4, 6}, {2, 5}, {1}], [{8, 3}, {7}, {6}, {1, 5}, {2, 4}], [{8, 4}, {1, 7}, {2, 6}, {3, 5}], [{8, 4}, {1, 7}, {2, 6}, {5}, {3}], [{8, 4}, {1, 7}, {3, 6}, {2, 5}], [{8, 4}, {1, 7}, {5, 6}, {2, 3}], [{8, 4}, {2, 7}, {1, 6}, {3, 5}], [{8, 4}, {2, 7}, {1, 6}, {5}, {3}], [{8, 4}, {2, 7}, {3, 6}, {1, 5}], [{8, 4}, {2, 7}, {5, 6}, {1, 3}], [{8, 4}, {2, 7}, {6}, {3, 5}, {1}], [{8, 4}, {3, 7}, {1, 6}, {2, 5}], [{8, 4}, {3, 7}, {2, 6}, {1, 5}], [{8, 4}, {3, 7}, {5, 6}, {1, 2}], [{8, 4}, {5, 7}, {1, 6}, {2, 3}], [{8, 4}, {5, 7}, {2, 6}, {1, 3}], [{8, 4}, {5, 7}, {3, 6}, {1, 2}], [{8, 4}, {5, 7}, {6}, {2, 3}, {1}], [{8, 4}, {6, 7}, {1, 5}, {2, 3}], [{8, 4}, {6, 7}, {2, 5}, {1, 3}], [{8, 4}, {6, 7}, {3, 5}, {1, 2}], [{8, 4}, {7}, {1, 6}, {3, 5}, {2}], [{8, 4}, {7}, {3, 6}, {1, 5}, {2}], [{8, 4}, {7}, {5, 6}, {3}, {1, 2}], [{8, 5}, {1, 7}, {2, 6}, {3, 4}], [{8, 5}, {1, 7}, {3, 6}, {2, 4}], [{8, 5}, {1, 7}, {4, 6}, {2, 3}], [{8, 5}, {2, 7}, {1, 6}, {3, 4}], [{8, 5}, {2, 7}, {1, 6}, {4}, {3}], [{8, 5}, {2, 7}, {3, 6}, {1, 4}], [{8, 5}, {2, 7}, {4, 6}, {1, 3}], [{8, 5}, {2, 7}, {6}, {3, 4}, {1}], [{8, 5}, {3, 7}, {1, 6}, {2, 4}], [{8, 5}, {3, 7}, {2, 6}, {1, 4}], [{8, 5}, {3, 7}, {4, 6}, {1, 2}], [{8, 5}, {4, 7}, {1, 6}, {2, 3}], [{8, 5}, {4, 7}, {2, 6}, {1, 3}], [{8, 5}, {4, 7}, {3, 6}, {1, 2}], [{8, 5}, {4, 7}, {6}, {2, 3}, {1}], [{8, 5}, {6, 7}, {1, 4}, {2, 3}], [{8, 5}, {6, 7}, {1, 4}, {3}, {2}], [{8, 5}, {6, 7}, {2, 4}, {1, 3}], [{8, 5}, {6, 7}, {3, 4}, {1, 2}], [{8, 5}, {7}, {4, 6}, {3}, {1, 2}], [{8, 5}, {7}, {6}, {2, 4}, {1, 3}], [{8, 6}, {1, 7}, {2, 5}, {3, 4}], [{8, 6}, {1, 7}, {3, 5}, {2, 4}], [{8, 6}, {1, 7}, {4, 5}, {2, 3}], [{8, 6}, {2, 7}, {1, 5}, {3, 4}], [{8, 6}, {2, 7}, {1, 5}, {4}, {3}], [{8, 6}, {2, 7}, {3, 5}, {1, 4}], [{8, 6}, {2, 7}, {4, 5}, {1, 3}], [{8, 6}, {2, 7}, {5}, {3, 4}, {1}], [{8, 6}, {3, 7}, {1, 5}, {2, 4}], [{8, 6}, {3, 7}, {2, 5}, {1, 4}], [{8, 6}, {3, 7}, {4, 5}, {1, 2}], [{8, 6}, {3, 7}, {4, 5}, {2}, {1}], [{8, 6}, {4, 7}, {1, 5}, {2, 3}], [{8, 6}, {4, 7}, {2, 5}, {1, 3}], [{8, 6}, {4, 7}, {3, 5}, {1, 2}], [{8, 6}, {5, 7}, {1, 4}, {2, 3}], [{8, 6}, {5, 7}, {2, 4}, {1, 3}], [{8, 6}, {5, 7}, {3, 4}, {1, 2}], [{8, 7}, {1, 6}, {2, 5}, {3, 4}], [{8, 7}, {1, 6}, {2, 5}, {4}, {3}], [{8, 7}, {1, 6}, {3, 5}, {2, 4}], [{8, 7}, {1, 6}, {4, 5}, {2, 3}], [{8, 7}, {2, 6}, {1, 5}, {3, 4}], [{8, 7}, {2, 6}, {3, 5}, {1, 4}], [{8, 7}, {2, 6}, {4, 5}, {1, 3}], [{8, 7}, {3, 6}, {1, 5}, {2, 4}], [{8, 7}, {3, 6}, {2, 5}, {1, 4}], [{8, 7}, {3, 6}, {4, 5}, {1, 2}], [{8, 7}, {3, 6}, {5}, {1, 4}, {2}], [{8, 7}, {4, 6}, {1, 5}, {2, 3}], [{8, 7}, {4, 6}, {2, 5}, {1, 3}], [{8, 7}, {4, 6}, {3, 5}, {1, 2}], [{8, 7}, {5, 6}, {1, 4}, {2, 3}], [{8, 7}, {5, 6}, {1, 4}, {3}, {2}], [{8, 7}, {5, 6}, {2, 4}, {1, 3}], [{8, 7}, {5, 6}, {3, 4}, {1, 2}], [{8, 7}, {6}, {3, 5}, {1, 4}, {2}], [{8, 7}, {6}, {4, 5}, {2, 3}, {1}], [{8}, {2, 7}, {1, 6}, {3, 5}, {4}], [{8}, {2, 7}, {1, 6}, {4, 5}, {3}], [{8}, {2, 7}, {1, 6}, {5}, {3, 4}], [{8}, {2, 7}, {1, 6}, {5}, {4}, {3}], [{8}, {2, 7}, {5, 6}, {3, 4}, {1}], [{8}, {2, 7}, {6}, {1, 5}, {3, 4}], [{8}, {3, 7}, {2, 6}, {4, 5}, {1}], [{8}, {5, 7}, {3, 6}, {4}, {1, 2}], [{8}, {5, 7}, {6}, {1, 4}, {2, 3}], [{8}, {6, 7}, {1, 5}, {2, 4}, {3}], [{8}, {6, 7}, {2, 5}, {1, 4}, {3}], [{8}, {6, 7}, {3, 5}, {4}, {1, 2}]]",2,12 K_1^3 + 4 K_1^2 K_2 - 26 K_1^2 - 16 K_1 K_2 - 8 K_1 K_3 - K_1 + 15 K_2 + 5 K_3 + 3 K_4 + 13,O1O2O3O4U1U5O6U7U8O5O8U3U6U4O7U2,O1O2O3U4U5O4O6U2O5O7U1U3U8U7O8U6,O1O2O3U4O5U6U5U1U3O6O7U2O4O8U7U8,c,{'O1O2O3O4U3O5U1U6U2O7O8U7U5O6U8U4'},1,"<a href=""/flatknot/8.704437"">8.704437</a>",t^9-47t^7-96t^6+138t^5+122t^4-230t^3+14t^2+53t-2,-t^2+2t,,
8.704438,O1O2O3O4U3O5U1U6U2O7O8U7U8O6U5U4,4,4z^3+37z^2+110z+105,4w^4z^3+37w^3z^2+110w^2z+105w,False,False,"[[ 0 -3  0 -1  3  2 -1 -1  1],[ 3  0  1  0  4  2  2  0  0],[ 0 -1  0  0  2  0  0  0  0],[ 1  0  0  0  1  0  1  0  0],[-3 -4 -2 -1  0  0 -3 -1  1],[-2 -2  0  0  0  0 -2 -1  1],[ 1 -2  0 -1  3  2  0  0  0],[ 1  0  0  0  1  1  0  0  1],[-1  0  0  0 -1 -1  0 -1  0]]","[[ 0  3  2  1  0 -1 -1 -1 -3],[-3  0  0  1 -2 -1 -1 -3 -4],[-2  0  0  1  0  0 -1 -2 -2],[-1 -1 -1  0  0  0 -1  0  0],[ 0  2  0  0  0  0  0  0 -1],[ 1  1  0  0  0  0  0  1  0],[ 1  1  1  1  0  0  0  0  0],[ 1  3  2  0  0 -1  0  0 -2],[ 3  4  2  0  1  0  0  2  0]]",True,"[-3,-2,-1,0,1,1,1,3,0,-1,2,1,1,3,4,-1,0,0,1,2,2,0,0,1,0,0,0,0,0,1,0,-1,0,0,0,2]","[-3,-2,-1,0,1,1,1,3,0,-1,2,1,1,3,4,-1,0,0,1,2,2,0,0,1,0,0,0,0,0,1,0,-1,0,0,0,2]",t^8+49t^6+151t^4+99t^2+4,"[-3,-1,-1,-1,0,1,2,3,0,2,2,2,4,3,2,0,1,1,2,1,1,0,1,1,2,3,1,2,3,3,1,2,1,2,3,1]","[-3,-2,-1,0,1,1,1,3,1,3,1,1,3,3,2,2,2,1,2,3,3,1,2,1,2,4,1,1,1,2,0,-1,0,0,2,2]","[-3,-1,-1,-1,0,1,2,3,0,0,2,1,0,2,4,0,0,0,1,1,1,1,0,0,0,1,0,0,2,3,0,0,2,-1,-1,0]",c,"[[{8, 1}, {2, 7}, {3, 6}, {4, 5}], [{8, 1}, {2, 7}, {4, 6}, {3, 5}], [{8, 1}, {2, 7}, {4, 6}, {5}, {3}], [{8, 1}, {2, 7}, {5, 6}, {3, 4}], [{8, 1}, {3, 7}, {2, 6}, {4, 5}], [{8, 1}, {3, 7}, {4, 6}, {2, 5}], [{8, 1}, {3, 7}, {5, 6}, {2, 4}], [{8, 1}, {3, 7}, {5, 6}, {4}, {2}], [{8, 1}, {4, 7}, {2, 6}, {3, 5}], [{8, 1}, {4, 7}, {3, 6}, {2, 5}], [{8, 1}, {4, 7}, {5, 6}, {2, 3}], [{8, 1}, {4, 7}, {6}, {2, 5}, {3}], [{8, 1}, {5, 7}, {2, 6}, {3, 4}], [{8, 1}, {5, 7}, {3, 6}, {2, 4}], [{8, 1}, {5, 7}, {4, 6}, {2, 3}], [{8, 1}, {6, 7}, {2, 5}, {3, 4}], [{8, 1}, {6, 7}, {3, 5}, {2, 4}], [{8, 1}, {6, 7}, {4, 5}, {2, 3}], [{8, 2}, {1, 7}, {3, 6}, {4, 5}], [{8, 2}, {1, 7}, {3, 6}, {5}, {4}], [{8, 2}, {1, 7}, {4, 6}, {3, 5}], [{8, 2}, {1, 7}, {5, 6}, {3, 4}], [{8, 2}, {1, 7}, {5, 6}, {4}, {3}], [{8, 2}, {1, 7}, {6}, {3, 5}, {4}], [{8, 2}, {3, 7}, {1, 6}, {4, 5}], [{8, 2}, {3, 7}, {4, 6}, {1, 5}], [{8, 2}, {3, 7}, {5, 6}, {1, 4}], [{8, 2}, {4, 7}, {1, 6}, {3, 5}], [{8, 2}, {4, 7}, {3, 6}, {1, 5}], [{8, 2}, {4, 7}, {3, 6}, {5}, {1}], [{8, 2}, {4, 7}, {5, 6}, {1, 3}], [{8, 2}, {4, 7}, {5, 6}, {3}, {1}], [{8, 2}, {4, 7}, {6}, {3, 5}, {1}], [{8, 2}, {5, 7}, {1, 6}, {3, 4}], [{8, 2}, {5, 7}, {3, 6}, {1, 4}], [{8, 2}, {5, 7}, {4, 6}, {1, 3}], [{8, 2}, {6, 7}, {1, 5}, {3, 4}], [{8, 2}, {6, 7}, {3, 5}, {1, 4}], [{8, 2}, {6, 7}, {4, 5}, {1, 3}], [{8, 2}, {6, 7}, {5}, {3, 4}, {1}], [{8, 2}, {7}, {3, 6}, {5}, {1, 4}], [{8, 2}, {7}, {5, 6}, {1, 4}, {3}], [{8, 2}, {7}, {6}, {3, 5}, {1, 4}], [{8, 3}, {1, 7}, {2, 6}, {4, 5}], [{8, 3}, {1, 7}, {4, 6}, {2, 5}], [{8, 3}, {1, 7}, {5, 6}, {2, 4}], [{8, 3}, {2, 7}, {1, 6}, {4, 5}], [{8, 3}, {2, 7}, {4, 6}, {1, 5}], [{8, 3}, {2, 7}, {5, 6}, {1, 4}], [{8, 3}, {4, 7}, {1, 6}, {2, 5}], [{8, 3}, {4, 7}, {2, 6}, {1, 5}], [{8, 3}, {4, 7}, {5, 6}, {1, 2}], [{8, 3}, {5, 7}, {1, 6}, {2, 4}], [{8, 3}, {5, 7}, {2, 6}, {1, 4}], [{8, 3}, {5, 7}, {4, 6}, {1, 2}], [{8, 3}, {6, 7}, {1, 5}, {2, 4}], [{8, 3}, {6, 7}, {2, 5}, {1, 4}], [{8, 3}, {6, 7}, {4, 5}, {1, 2}], [{8, 4}, {1, 7}, {2, 6}, {3, 5}], [{8, 4}, {1, 7}, {3, 6}, {2, 5}], [{8, 4}, {1, 7}, {5, 6}, {2, 3}], [{8, 4}, {2, 7}, {1, 6}, {3, 5}], [{8, 4}, {2, 7}, {3, 6}, {1, 5}], [{8, 4}, {2, 7}, {5, 6}, {1, 3}], [{8, 4}, {3, 7}, {1, 6}, {2, 5}], [{8, 4}, {3, 7}, {1, 6}, {5}, {2}], [{8, 4}, {3, 7}, {2, 6}, {1, 5}], [{8, 4}, {3, 7}, {5, 6}, {1, 2}], [{8, 4}, {5, 7}, {1, 6}, {2, 3}], [{8, 4}, {5, 7}, {2, 6}, {1, 3}], [{8, 4}, {5, 7}, {3, 6}, {1, 2}], [{8, 4}, {6, 7}, {1, 5}, {2, 3}], [{8, 4}, {6, 7}, {2, 5}, {1, 3}], [{8, 4}, {6, 7}, {3, 5}, {1, 2}], [{8, 4}, {7}, {5, 6}, {1, 3}, {2}], [{8, 4}, {7}, {6}, {1, 5}, {2, 3}], [{8, 5}, {1, 7}, {2, 6}, {3, 4}], [{8, 5}, {1, 7}, {3, 6}, {2, 4}], [{8, 5}, {1, 7}, {4, 6}, {2, 3}], [{8, 5}, {2, 7}, {1, 6}, {3, 4}], [{8, 5}, {2, 7}, {3, 6}, {1, 4}], [{8, 5}, {2, 7}, {4, 6}, {1, 3}], [{8, 5}, {3, 7}, {1, 6}, {2, 4}], [{8, 5}, {3, 7}, {2, 6}, {1, 4}], [{8, 5}, {3, 7}, {4, 6}, {1, 2}], [{8, 5}, {4, 7}, {1, 6}, {2, 3}], [{8, 5}, {4, 7}, {2, 6}, {1, 3}], [{8, 5}, {4, 7}, {3, 6}, {1, 2}], [{8, 5}, {6, 7}, {1, 4}, {2, 3}], [{8, 5}, {6, 7}, {2, 4}, {1, 3}], [{8, 5}, {6, 7}, {3, 4}, {1, 2}], [{8, 5}, {7}, {6}, {1, 4}, {2, 3}], [{8, 5}, {7}, {6}, {2, 4}, {1, 3}], [{8, 5}, {7}, {6}, {3, 4}, {1, 2}], [{8, 6}, {1, 7}, {2, 5}, {3, 4}], [{8, 6}, {1, 7}, {3, 5}, {2, 4}], [{8, 6}, {1, 7}, {4, 5}, {2, 3}], [{8, 6}, {1, 7}, {4, 5}, {3}, {2}], [{8, 6}, {2, 7}, {1, 5}, {3, 4}], [{8, 6}, {2, 7}, {1, 5}, {4}, {3}], [{8, 6}, {2, 7}, {3, 5}, {1, 4}], [{8, 6}, {2, 7}, {4, 5}, {1, 3}], [{8, 6}, {2, 7}, {5}, {3, 4}, {1}], [{8, 6}, {3, 7}, {1, 5}, {2, 4}], [{8, 6}, {3, 7}, {2, 5}, {1, 4}], [{8, 6}, {3, 7}, {4, 5}, {1, 2}], [{8, 6}, {3, 7}, {4, 5}, {2}, {1}], [{8, 6}, {4, 7}, {1, 5}, {2, 3}], [{8, 6}, {4, 7}, {2, 5}, {1, 3}], [{8, 6}, {4, 7}, {3, 5}, {1, 2}], [{8, 6}, {5, 7}, {1, 4}, {2, 3}], [{8, 6}, {5, 7}, {2, 4}, {1, 3}], [{8, 6}, {5, 7}, {3, 4}, {1, 2}], [{8, 6}, {7}, {2, 5}, {1, 4}, {3}], [{8, 6}, {7}, {4, 5}, {1, 3}, {2}], [{8, 7}, {1, 6}, {2, 5}, {3, 4}], [{8, 7}, {1, 6}, {2, 5}, {4}, {3}], [{8, 7}, {1, 6}, {3, 5}, {2, 4}], [{8, 7}, {1, 6}, {3, 5}, {4}, {2}], [{8, 7}, {1, 6}, {4, 5}, {2, 3}], [{8, 7}, {1, 6}, {4, 5}, {3}, {2}], [{8, 7}, {1, 6}, {5}, {2, 4}, {3}], [{8, 7}, {1, 6}, {5}, {3, 4}, {2}], [{8, 7}, {1, 6}, {5}, {4}, {2, 3}], [{8, 7}, {2, 6}, {1, 5}, {3, 4}], [{8, 7}, {2, 6}, {1, 5}, {4}, {3}], [{8, 7}, {2, 6}, {3, 5}, {1, 4}], [{8, 7}, {2, 6}, {3, 5}, {4}, {1}], [{8, 7}, {2, 6}, {4, 5}, {1, 3}], [{8, 7}, {2, 6}, {4, 5}, {3}, {1}], [{8, 7}, {2, 6}, {5}, {1, 4}, {3}], [{8, 7}, {2, 6}, {5}, {3, 4}, {1}], [{8, 7}, {2, 6}, {5}, {4}, {1, 3}], [{8, 7}, {3, 6}, {1, 5}, {2, 4}], [{8, 7}, {3, 6}, {1, 5}, {4}, {2}], [{8, 7}, {3, 6}, {2, 5}, {1, 4}], [{8, 7}, {3, 6}, {2, 5}, {4}, {1}], [{8, 7}, {3, 6}, {4, 5}, {1, 2}], [{8, 7}, {3, 6}, {4, 5}, {2}, {1}], [{8, 7}, {3, 6}, {5}, {1, 4}, {2}], [{8, 7}, {3, 6}, {5}, {2, 4}, {1}], [{8, 7}, {3, 6}, {5}, {4}, {1, 2}], [{8, 7}, {4, 6}, {1, 5}, {2, 3}], [{8, 7}, {4, 6}, {1, 5}, {3}, {2}], [{8, 7}, {4, 6}, {2, 5}, {1, 3}], [{8, 7}, {4, 6}, {2, 5}, {3}, {1}], [{8, 7}, {4, 6}, {3, 5}, {1, 2}], [{8, 7}, {4, 6}, {3, 5}, {2}, {1}], [{8, 7}, {4, 6}, {5}, {1, 3}, {2}], [{8, 7}, {4, 6}, {5}, {2, 3}, {1}], [{8, 7}, {4, 6}, {5}, {3}, {1, 2}], [{8, 7}, {5, 6}, {1, 4}, {2, 3}], [{8, 7}, {5, 6}, {1, 4}, {3}, {2}], [{8, 7}, {5, 6}, {2, 4}, {1, 3}], [{8, 7}, {5, 6}, {2, 4}, {3}, {1}], [{8, 7}, {5, 6}, {3, 4}, {1, 2}], [{8, 7}, {5, 6}, {3, 4}, {2}, {1}], [{8, 7}, {5, 6}, {4}, {1, 3}, {2}], [{8, 7}, {5, 6}, {4}, {2, 3}, {1}], [{8, 7}, {5, 6}, {4}, {3}, {1, 2}], [{8, 7}, {6}, {1, 5}, {2, 4}, {3}], [{8, 7}, {6}, {1, 5}, {3, 4}, {2}], [{8, 7}, {6}, {1, 5}, {4}, {2, 3}], [{8, 7}, {6}, {2, 5}, {1, 4}, {3}], [{8, 7}, {6}, {2, 5}, {3, 4}, {1}], [{8, 7}, {6}, {2, 5}, {4}, {1, 3}], [{8, 7}, {6}, {3, 5}, {1, 4}, {2}], [{8, 7}, {6}, {3, 5}, {2, 4}, {1}], [{8, 7}, {6}, {3, 5}, {4}, {1, 2}], [{8, 7}, {6}, {4, 5}, {1, 3}, {2}], [{8, 7}, {6}, {4, 5}, {2, 3}, {1}], [{8, 7}, {6}, {4, 5}, {3}, {1, 2}], [{8, 7}, {6}, {5}, {1, 4}, {2, 3}], [{8, 7}, {6}, {5}, {1, 4}, {3}, {2}], [{8, 7}, {6}, {5}, {2, 4}, {1, 3}], [{8, 7}, {6}, {5}, {2, 4}, {3}, {1}], [{8, 7}, {6}, {5}, {3, 4}, {1, 2}], [{8, 7}, {6}, {5}, {3, 4}, {2}, {1}], [{8, 7}, {6}, {5}, {4}, {1, 3}, {2}], [{8, 7}, {6}, {5}, {4}, {2, 3}, {1}], [{8, 7}, {6}, {5}, {4}, {3}, {1, 2}], [{8}, {2, 7}, {3, 6}, {5}, {1, 4}], [{8}, {2, 7}, {5, 6}, {1, 4}, {3}], [{8}, {2, 7}, {6}, {3, 5}, {1, 4}], [{8}, {4, 7}, {5, 6}, {1, 3}, {2}], [{8}, {4, 7}, {6}, {1, 5}, {2, 3}], [{8}, {5, 7}, {6}, {1, 4}, {2, 3}], [{8}, {5, 7}, {6}, {2, 4}, {1, 3}], [{8}, {5, 7}, {6}, {3, 4}, {1, 2}], [{8}, {6, 7}, {2, 5}, {1, 4}, {3}], [{8}, {6, 7}, {4, 5}, {1, 3}, {2}]]",2,28 K_1^3 + 8 K_1^2 K_2 - 26 K_1^2 - 32 K_1 K_2 - 8 K_1 K_3 - 5 K_1 + 13 K_2 + 9 K_3 + 2 K_4 + 12,O1O2O3O4U1U5O6U7U8O7O8U3U6U4O5U2,O1O2O3U4U5O4O5U2O6O7U1U3U8U7O8U6,O1O2O3U4O5U6U5U1U3O6O4U2O7O8U7U8,c,{'O1O2O3O4U3O5U1U6U2O7O8U7U8O6U5U4'},1,"<a href=""/flatknot/8.704438"">8.704438</a>",t^9-47t^7-94t^6+152t^5+160t^4-297t^3-84t^2+151t-22,-t^2+2t,,
8.704439,O1O2O3O4U3O5U1U6U4O7O8U2U5O6U7U8,4,8z^3+50z^2+109z+83,8w^4z^3+50w^3z^2-2w^3z+111w^2z+83w,False,False,"[[ 0 -3 -1 -1  2  2 -1  0  2],[ 3  0  2  0  2  3  0  2  2],[ 1 -2  0 -1  1  2 -1  1  2],[ 1  0  1  0  1  1  0  0  0],[-2 -2 -1 -1  0  1 -3  0  0],[-2 -3 -2 -1 -1  0 -2  0  1],[ 1  0  1  0  3  2  0  0  1],[ 0 -2 -1  0  0  0  0  0  1],[-2 -2 -2  0  0 -1 -1 -1  0]]","[[ 0  2  2  2  0 -1 -1 -1 -3],[-2  0  1  0  0 -1 -1 -3 -2],[-2 -1  0  1  0 -1 -2 -2 -3],[-2  0 -1  0 -1  0 -2 -1 -2],[ 0  0  0  1  0  0 -1  0 -2],[ 1  1  1  0  0  0  1  0  0],[ 1  1  2  2  1 -1  0 -1 -2],[ 1  3  2  1  0  0  1  0  0],[ 3  2  3  2  2  0  2  0  0]]",True,"[-2,-2,-2,0,1,1,1,3,-1,0,0,1,1,3,2,-1,0,1,2,2,3,1,0,2,1,2,0,1,0,2,-1,0,0,1,2,0]","[-3,-1,-1,-1,0,2,2,2,0,0,2,2,2,2,3,0,1,0,0,1,1,1,0,1,3,2,1,2,1,2,1,0,0,0,-1,1]",t^8+56t^6+290t^4+98t^2+1,"[-3,-1,-1,-1,0,2,2,2,0,2,2,1,2,3,3,1,1,0,1,1,2,0,1,1,2,0,1,2,3,2,2,1,2,-1,1,0]","[-2,-2,-2,0,1,1,1,3,-1,0,1,1,2,3,3,-1,2,1,1,2,2,2,2,0,2,3,0,1,1,1,-1,-1,0,0,2,2]","[-3,-1,-1,-1,0,2,2,2,0,0,2,2,2,2,3,0,1,0,0,1,1,1,0,1,3,2,1,2,1,2,1,0,0,0,-1,1]",c,"[[{8, 2}, {6, 7}, {3, 5}, {1, 4}]]",1,- 8 K_1^4 + 16 K_1^3 + 16 K_1^2 K_2 - 10 K_1^2 - 14 K_1 K_2 - 8 K_1 K_3 - 5 K_1 - 2 K_2^2 + 5 K_2 + 3 K_3 + 2 K_4 + 6,O1O2O3O4U5U6O7U8U3O5O6U1U7U4O8U2,O1O2O3U4U5O6O7U2O4O5U1U6U8U3O8U7,O1O2O3U4O5U1U5U6U3O7O8U2O4O6U7U8,c,{'O1O2O3O4U3O5U1U6U4O7O8U2U5O6U7U8'},1,"<a href=""/flatknot/8.704439"">8.704439</a>",t^9-56t^7-146t^6+125t^5+706t^4+607t^3-18t^2-148t-48,t^3-3t^2+3t,,
8.704440,O1O2O3O4U3O5U1U6U4O7O8U2U5O6U8U7,4,6z^3+46z^2+113z+91,6w^4z^3+46w^3z^2+113w^2z+91w,False,False,"[[ 0 -3 -1 -1  2  2 -1  1  1],[ 3  0  2  0  2  3  0  2  2],[ 1 -2  0 -1  1  2 -1  2  1],[ 1  0  1  0  1  1  0  0  0],[-2 -2 -1 -1  0  1 -3  0  0],[-2 -3 -2 -1 -1  0 -2  1  0],[ 1  0  1  0  3  2  0  0  1],[-1 -2 -2  0  0 -1  0  0  0],[-1 -2 -1  0  0  0 -1  0  0]]","[[ 0  2  2  1  1 -1 -1 -1 -3],[-2  0  1  0  0 -1 -1 -3 -2],[-2 -1  0  1  0 -1 -2 -2 -3],[-1  0 -1  0  0  0 -2  0 -2],[-1  0  0  0  0  0 -1 -1 -2],[ 1  1  1  0  0  0  1  0  0],[ 1  1  2  2  1 -1  0 -1 -2],[ 1  3  2  0  1  0  1  0  0],[ 3  2  3  2  2  0  2  0  0]]",True,"[-2,-2,-1,-1,1,1,1,3,-1,0,0,1,1,3,2,-1,0,1,2,2,3,0,0,2,0,2,0,1,1,2,-1,0,0,1,2,0]","[-3,-1,-1,-1,1,1,2,2,0,0,2,2,2,2,3,0,1,0,0,1,1,1,0,1,3,2,2,1,1,2,0,0,-1,0,0,1]",t^8+55t^6+280t^4+119t^2,"[-3,-1,-1,-1,1,1,2,2,0,2,2,2,2,2,3,1,1,0,1,1,2,0,2,1,1,0,2,2,2,2,0,2,1,1,1,1]","[-2,-2,-1,-1,1,1,1,3,-1,1,2,1,1,2,2,1,1,0,2,2,3,0,1,1,2,2,2,0,2,2,1,0,2,-1,0,2]","[-3,-1,-1,-1,1,1,2,2,0,0,2,2,2,2,3,0,1,0,0,1,1,1,0,1,3,2,2,1,1,2,0,0,-1,0,0,1]",c,"[[{8, 1}, {2, 7}, {3, 6}, {4, 5}], [{8, 1}, {2, 7}, {4, 6}, {3, 5}], [{8, 1}, {2, 7}, {4, 6}, {5}, {3}], [{8, 1}, {2, 7}, {5, 6}, {3, 4}], [{8, 1}, {3, 7}, {2, 6}, {4, 5}], [{8, 1}, {3, 7}, {4, 6}, {2, 5}], [{8, 1}, {3, 7}, {5, 6}, {2, 4}], [{8, 1}, {4, 7}, {2, 6}, {3, 5}], [{8, 1}, {4, 7}, {3, 6}, {2, 5}], [{8, 1}, {4, 7}, {5, 6}, {2, 3}], [{8, 1}, {4, 7}, {6}, {5}, {2, 3}], [{8, 1}, {5, 7}, {2, 6}, {3, 4}], [{8, 1}, {5, 7}, {2, 6}, {4}, {3}], [{8, 1}, {5, 7}, {3, 6}, {2, 4}], [{8, 1}, {5, 7}, {4, 6}, {2, 3}], [{8, 1}, {6, 7}, {2, 5}, {3, 4}], [{8, 1}, {6, 7}, {3, 5}, {2, 4}], [{8, 1}, {6, 7}, {4, 5}, {2, 3}], [{8, 1}, {6, 7}, {4, 5}, {3}, {2}], [{8, 1}, {7}, {3, 6}, {2, 5}, {4}], [{8, 1}, {7}, {5, 6}, {4}, {2, 3}], [{8, 2}, {1, 7}, {3, 6}, {4, 5}], [{8, 2}, {1, 7}, {3, 6}, {5}, {4}], [{8, 2}, {1, 7}, {4, 6}, {3, 5}], [{8, 2}, {1, 7}, {4, 6}, {5}, {3}], [{8, 2}, {1, 7}, {5, 6}, {3, 4}], [{8, 2}, {1, 7}, {5, 6}, {4}, {3}], [{8, 2}, {1, 7}, {6}, {3, 5}, {4}], [{8, 2}, {1, 7}, {6}, {4, 5}, {3}], [{8, 2}, {1, 7}, {6}, {5}, {3, 4}], [{8, 2}, {1, 7}, {6}, {5}, {4}, {3}], [{8, 2}, {3, 7}, {1, 6}, {4, 5}], [{8, 2}, {3, 7}, {4, 6}, {1, 5}], [{8, 2}, {3, 7}, {5, 6}, {1, 4}], [{8, 2}, {3, 7}, {6}, {1, 5}, {4}], [{8, 2}, {4, 7}, {1, 6}, {3, 5}], [{8, 2}, {4, 7}, {3, 6}, {1, 5}], [{8, 2}, {4, 7}, {3, 6}, {5}, {1}], [{8, 2}, {4, 7}, {5, 6}, {1, 3}], [{8, 2}, {4, 7}, {5, 6}, {3}, {1}], [{8, 2}, {4, 7}, {6}, {3, 5}, {1}], [{8, 2}, {5, 7}, {1, 6}, {3, 4}], [{8, 2}, {5, 7}, {3, 6}, {1, 4}], [{8, 2}, {5, 7}, {4, 6}, {1, 3}], [{8, 2}, {5, 7}, {6}, {4}, {1, 3}], [{8, 2}, {6, 7}, {1, 5}, {3, 4}], [{8, 2}, {6, 7}, {3, 5}, {1, 4}], [{8, 2}, {6, 7}, {3, 5}, {4}, {1}], [{8, 2}, {6, 7}, {4, 5}, {1, 3}], [{8, 2}, {7}, {1, 6}, {3, 5}, {4}], [{8, 2}, {7}, {3, 6}, {5}, {1, 4}], [{8, 2}, {7}, {4, 6}, {3, 5}, {1}], [{8, 2}, {7}, {5, 6}, {1, 4}, {3}], [{8, 2}, {7}, {6}, {3, 5}, {1, 4}], [{8, 2}, {7}, {6}, {3, 5}, {4}, {1}], [{8, 3}, {1, 7}, {2, 6}, {4, 5}], [{8, 3}, {1, 7}, {4, 6}, {2, 5}], [{8, 3}, {1, 7}, {5, 6}, {2, 4}], [{8, 3}, {2, 7}, {1, 6}, {4, 5}], [{8, 3}, {2, 7}, {1, 6}, {5}, {4}], [{8, 3}, {2, 7}, {4, 6}, {1, 5}], [{8, 3}, {2, 7}, {5, 6}, {1, 4}], [{8, 3}, {4, 7}, {1, 6}, {2, 5}], [{8, 3}, {4, 7}, {2, 6}, {1, 5}], [{8, 3}, {4, 7}, {5, 6}, {1, 2}], [{8, 3}, {5, 7}, {1, 6}, {2, 4}], [{8, 3}, {5, 7}, {2, 6}, {1, 4}], [{8, 3}, {5, 7}, {4, 6}, {1, 2}], [{8, 3}, {6, 7}, {1, 5}, {2, 4}], [{8, 3}, {6, 7}, {2, 5}, {1, 4}], [{8, 3}, {6, 7}, {4, 5}, {1, 2}], [{8, 4}, {1, 7}, {2, 6}, {3, 5}], [{8, 4}, {1, 7}, {3, 6}, {2, 5}], [{8, 4}, {1, 7}, {5, 6}, {2, 3}], [{8, 4}, {2, 7}, {1, 6}, {3, 5}], [{8, 4}, {2, 7}, {3, 6}, {1, 5}], [{8, 4}, {2, 7}, {5, 6}, {1, 3}], [{8, 4}, {2, 7}, {5, 6}, {3}, {1}], [{8, 4}, {3, 7}, {1, 6}, {2, 5}], [{8, 4}, {3, 7}, {2, 6}, {1, 5}], [{8, 4}, {3, 7}, {5, 6}, {1, 2}], [{8, 4}, {5, 7}, {1, 6}, {2, 3}], [{8, 4}, {5, 7}, {2, 6}, {1, 3}], [{8, 4}, {5, 7}, {2, 6}, {3}, {1}], [{8, 4}, {5, 7}, {3, 6}, {1, 2}], [{8, 4}, {6, 7}, {1, 5}, {2, 3}], [{8, 4}, {6, 7}, {2, 5}, {1, 3}], [{8, 4}, {6, 7}, {3, 5}, {1, 2}], [{8, 4}, {7}, {3, 6}, {2, 5}, {1}], [{8, 5}, {1, 7}, {2, 6}, {3, 4}], [{8, 5}, {1, 7}, {2, 6}, {4}, {3}], [{8, 5}, {1, 7}, {3, 6}, {2, 4}], [{8, 5}, {1, 7}, {4, 6}, {2, 3}], [{8, 5}, {2, 7}, {1, 6}, {3, 4}], [{8, 5}, {2, 7}, {3, 6}, {1, 4}], [{8, 5}, {2, 7}, {4, 6}, {1, 3}], [{8, 5}, {3, 7}, {1, 6}, {2, 4}], [{8, 5}, {3, 7}, {2, 6}, {1, 4}], [{8, 5}, {3, 7}, {4, 6}, {1, 2}], [{8, 5}, {4, 7}, {1, 6}, {2, 3}], [{8, 5}, {4, 7}, {2, 6}, {1, 3}], [{8, 5}, {4, 7}, {3, 6}, {1, 2}], [{8, 5}, {6, 7}, {1, 4}, {2, 3}], [{8, 5}, {6, 7}, {2, 4}, {1, 3}], [{8, 5}, {6, 7}, {3, 4}, {1, 2}], [{8, 5}, {6, 7}, {4}, {1, 3}, {2}], [{8, 5}, {7}, {3, 6}, {1, 4}, {2}], [{8, 6}, {1, 7}, {2, 5}, {3, 4}], [{8, 6}, {1, 7}, {2, 5}, {4}, {3}], [{8, 6}, {1, 7}, {3, 5}, {2, 4}], [{8, 6}, {1, 7}, {4, 5}, {2, 3}], [{8, 6}, {2, 7}, {1, 5}, {3, 4}], [{8, 6}, {2, 7}, {3, 5}, {1, 4}], [{8, 6}, {2, 7}, {3, 5}, {4}, {1}], [{8, 6}, {2, 7}, {4, 5}, {1, 3}], [{8, 6}, {3, 7}, {1, 5}, {2, 4}], [{8, 6}, {3, 7}, {2, 5}, {1, 4}], [{8, 6}, {3, 7}, {4, 5}, {1, 2}], [{8, 6}, {4, 7}, {1, 5}, {2, 3}], [{8, 6}, {4, 7}, {1, 5}, {3}, {2}], [{8, 6}, {4, 7}, {2, 5}, {1, 3}], [{8, 6}, {4, 7}, {3, 5}, {1, 2}], [{8, 6}, {5, 7}, {1, 4}, {2, 3}], [{8, 6}, {5, 7}, {2, 4}, {1, 3}], [{8, 6}, {5, 7}, {3, 4}, {1, 2}], [{8, 6}, {7}, {3, 5}, {1, 4}, {2}], [{8, 7}, {1, 6}, {2, 5}, {3, 4}], [{8, 7}, {1, 6}, {3, 5}, {2, 4}], [{8, 7}, {1, 6}, {4, 5}, {2, 3}], [{8, 7}, {2, 6}, {1, 5}, {3, 4}], [{8, 7}, {2, 6}, {3, 5}, {1, 4}], [{8, 7}, {2, 6}, {3, 5}, {4}, {1}], [{8, 7}, {2, 6}, {4, 5}, {1, 3}], [{8, 7}, {3, 6}, {1, 5}, {2, 4}], [{8, 7}, {3, 6}, {2, 5}, {1, 4}], [{8, 7}, {3, 6}, {4, 5}, {1, 2}], [{8, 7}, {4, 6}, {1, 5}, {2, 3}], [{8, 7}, {4, 6}, {2, 5}, {1, 3}], [{8, 7}, {4, 6}, {3, 5}, {1, 2}], [{8, 7}, {4, 6}, {5}, {1, 3}, {2}], [{8, 7}, {5, 6}, {1, 4}, {2, 3}], [{8, 7}, {5, 6}, {2, 4}, {1, 3}], [{8, 7}, {5, 6}, {3, 4}, {1, 2}], [{8, 7}, {6}, {2, 5}, {1, 4}, {3}], [{8, 7}, {6}, {3, 5}, {1, 4}, {2}], [{8, 7}, {6}, {5}, {1, 4}, {2, 3}], [{8}, {1, 7}, {4, 6}, {3, 5}, {2}], [{8}, {2, 7}, {6}, {3, 5}, {1, 4}], [{8}, {3, 7}, {2, 6}, {5}, {1, 4}], [{8}, {4, 7}, {2, 6}, {5}, {1, 3}], [{8}, {5, 7}, {2, 6}, {1, 4}, {3}], [{8}, {5, 7}, {3, 6}, {4}, {1, 2}], [{8}, {6, 7}, {3, 5}, {1, 4}, {2}], [{8}, {7}, {2, 6}, {3, 5}, {1, 4}], [{8}, {7}, {3, 6}, {2, 5}, {1, 4}], [{8}, {7}, {4, 6}, {1, 5}, {2, 3}], [{8}, {7}, {5, 6}, {3, 4}, {1, 2}]]",2,8 K_1^3 - 8 K_1^2 - 6 K_1 K_2 - 3 K_1 + 4 K_2 + K_3 + 5,O1O2O3O4U5U6O7U8U3O6O5U1U7U4O8U2,O1O2O3U4U5O6O7U2O5O4U1U6U8U3O8U7,O1O2O3U4O5U1U5U6U3O7O8U2O4O6U8U7,c,{'O1O2O3O4U3O5U1U6U4O7O8U2U5O6U8U7'},1,"<a href=""/flatknot/8.704440"">8.704440</a>",t^9-57t^7-132t^6+214t^5+670t^4+66t^3-480t^2-28t+84,t^3-2t^2+t,,
8.704441,O1O2O3O4U3O5U1U6U4O7O8U2U7O6U5U8,3,14z^2+75z+95,14w^3z^2+75w^2z+95w,False,False,"[[ 0 -3 -1 -1  2  2 -1  0  2],[ 3  0  2  0  2  3  1  1  2],[ 1 -2  0 -1  1  2 -1  1  2],[ 1  0  1  0  1  1  0  0  0],[-2 -2 -1 -1  0  0 -2  0  0],[-2 -3 -2 -1  0  0 -2  0  1],[ 1 -1  1  0  2  2  0  0  1],[ 0 -1 -1  0  0  0  0  0  1],[-2 -2 -2  0  0 -1 -1 -1  0]]","[[ 0  2  2  2  0 -1 -1 -1 -3],[-2  0  1  0  0 -1 -2 -2 -3],[-2 -1  0  0 -1  0 -1 -2 -2],[-2  0  0  0  0 -1 -2 -1 -2],[ 0  0  1  0  0  0  0 -1 -1],[ 1  1  0  1  0  0  0  1  0],[ 1  2  1  2  0  0  0  1 -1],[ 1  2  2  1  1 -1 -1  0 -2],[ 3  3  2  2  1  0  1  2  0]]",True,"[-2,-2,-2,0,1,1,1,3,-1,0,0,1,2,2,3,0,1,0,1,2,2,0,1,2,1,2,0,0,1,1,0,-1,0,-1,1,2]","[-3,-1,-1,-1,0,2,2,2,0,1,2,1,2,2,3,0,1,0,0,1,1,1,0,1,2,2,1,2,1,2,1,0,0,0,-1,0]",t^8+48t^6+131t^4,"[-3,-1,-1,-1,0,2,2,2,0,1,2,2,2,3,3,1,1,0,1,1,2,0,1,1,2,1,1,2,3,2,2,1,2,-1,0,0]","[-2,-2,-2,0,1,1,1,3,-1,0,1,1,2,3,3,0,2,1,1,2,2,2,2,1,2,3,0,1,1,2,-1,-1,0,0,1,2]","[-3,-1,-1,-1,0,2,2,2,0,1,2,1,2,2,3,0,1,0,0,1,1,1,0,1,2,2,1,2,1,2,1,0,0,0,-1,0]",c,"[[{8, 1}, {6, 7}, {3, 5}, {2, 4}], [{8, 3}, {6, 7}, {1, 5}, {2, 4}], [{8, 5}, {4, 7}, {2, 6}, {1, 3}], [{8}, {4, 7}, {2, 6}, {5}, {1, 3}]]",1,20 K_1^3 + 4 K_1^2 K_2 - 18 K_1^2 - 26 K_1 K_2 - 4 K_1 K_3 - 2 K_1 + 9 K_2 + 8 K_3 + K_4 + 9,O1O2O3O4U5U6O7U8U3O5O8U1U7U4O6U2,O1O2O3U4U5O6O4U2O7O5U1U6U8U3O8U7,O1O2O3U4O5U1U5U6U3O7O4U2O8O6U7U8,c,{'O1O2O3O4U3O5U1U6U4O7O8U2U7O6U5U8'},1,"<a href=""/flatknot/8.704441"">8.704441</a>",t^9-48t^7-148t^6-56t^5+256t^4+253t^3+10t^2-12t,t^3-3t^2+3t,,
8.704442,O1O2O3O4U3O5U1U6U4O7O8U2U8O6U5U7,4,13z^2+98z+145,13w^3z^2+98w^2z+145w,False,False,"[[ 0 -3 -1 -1  2  2 -1  1  1],[ 3  0  2  0  2  3  1  2  1],[ 1 -2  0 -1  1  2 -1  2  1],[ 1  0  1  0  1  1  0  0  0],[-2 -2 -1 -1  0  0 -2  0  0],[-2 -3 -2 -1  0  0 -2  0  0],[ 1 -1  1  0  2  2  0  1  1],[-1 -2 -2  0  0  0 -1  0  0],[-1 -1 -1  0  0  0 -1  0  0]]","[[ 0  2  2  1  1 -1 -1 -1 -3],[-2  0  0  0  0 -1 -1 -2 -2],[-2  0  0  0  0 -1 -2 -2 -3],[-1  0  0  0  0  0 -1 -1 -1],[-1  0  0  0  0  0 -2 -1 -2],[ 1  1  1  0  0  0  1  0  0],[ 1  1  2  1  2 -1  0 -1 -2],[ 1  2  2  1  1  0  1  0 -1],[ 3  2  3  1  2  0  2  1  0]]",True,"[-2,-2,-1,-1,1,1,1,3,0,0,0,1,1,2,2,0,0,1,2,2,3,0,0,1,1,1,0,2,1,2,-1,0,0,1,2,1]","[-3,-1,-1,-1,1,1,2,2,0,1,2,1,2,2,3,0,1,0,0,1,1,1,1,1,2,2,1,2,1,2,0,0,0,0,0,0]",t^8+47t^6+86t^4+15t^2,"[-3,-1,-1,-1,1,1,2,2,0,1,2,2,3,2,3,1,1,0,1,1,2,0,1,1,1,1,2,2,2,2,0,1,1,1,1,0]","[-2,-2,-1,-1,1,1,1,3,0,1,1,1,1,2,2,1,1,1,2,2,3,0,1,0,2,2,1,1,2,3,1,0,1,-1,0,2]","[-3,-1,-1,-1,1,1,2,2,0,1,2,1,2,2,3,0,1,0,0,1,1,1,1,1,2,2,1,2,1,2,0,0,0,0,0,0]",c,"[[{8, 1}, {2, 7}, {3, 6}, {4, 5}], [{8, 1}, {2, 7}, {4, 6}, {3, 5}], [{8, 1}, {2, 7}, {5, 6}, {3, 4}], [{8, 1}, {2, 7}, {6}, {3, 5}, {4}], [{8, 1}, {3, 7}, {2, 6}, {4, 5}], [{8, 1}, {3, 7}, {2, 6}, {5}, {4}], [{8, 1}, {3, 7}, {4, 6}, {2, 5}], [{8, 1}, {3, 7}, {5, 6}, {2, 4}], [{8, 1}, {3, 7}, {5, 6}, {4}, {2}], [{8, 1}, {3, 7}, {6}, {2, 5}, {4}], [{8, 1}, {4, 7}, {2, 6}, {3, 5}], [{8, 1}, {4, 7}, {2, 6}, {5}, {3}], [{8, 1}, {4, 7}, {3, 6}, {2, 5}], [{8, 1}, {4, 7}, {5, 6}, {2, 3}], [{8, 1}, {5, 7}, {2, 6}, {3, 4}], [{8, 1}, {5, 7}, {3, 6}, {2, 4}], [{8, 1}, {5, 7}, {4, 6}, {2, 3}], [{8, 1}, {6, 7}, {2, 5}, {3, 4}], [{8, 1}, {6, 7}, {3, 5}, {2, 4}], [{8, 1}, {6, 7}, {4, 5}, {2, 3}], [{8, 1}, {7}, {2, 6}, {5}, {3, 4}], [{8, 2}, {1, 7}, {3, 6}, {4, 5}], [{8, 2}, {1, 7}, {4, 6}, {3, 5}], [{8, 2}, {1, 7}, {5, 6}, {3, 4}], [{8, 2}, {1, 7}, {5, 6}, {4}, {3}], [{8, 2}, {3, 7}, {1, 6}, {4, 5}], [{8, 2}, {3, 7}, {1, 6}, {5}, {4}], [{8, 2}, {3, 7}, {4, 6}, {1, 5}], [{8, 2}, {3, 7}, {5, 6}, {1, 4}], [{8, 2}, {4, 7}, {1, 6}, {3, 5}], [{8, 2}, {4, 7}, {3, 6}, {1, 5}], [{8, 2}, {4, 7}, {5, 6}, {1, 3}], [{8, 2}, {4, 7}, {6}, {1, 5}, {3}], [{8, 2}, {5, 7}, {1, 6}, {3, 4}], [{8, 2}, {5, 7}, {3, 6}, {1, 4}], [{8, 2}, {5, 7}, {4, 6}, {1, 3}], [{8, 2}, {6, 7}, {1, 5}, {3, 4}], [{8, 2}, {6, 7}, {3, 5}, {1, 4}], [{8, 2}, {6, 7}, {4, 5}, {1, 3}], [{8, 2}, {6, 7}, {5}, {3, 4}, {1}], [{8, 2}, {7}, {3, 6}, {1, 5}, {4}], [{8, 2}, {7}, {6}, {3, 5}, {1, 4}], [{8, 3}, {1, 7}, {2, 6}, {4, 5}], [{8, 3}, {1, 7}, {2, 6}, {5}, {4}], [{8, 3}, {1, 7}, {4, 6}, {2, 5}], [{8, 3}, {1, 7}, {5, 6}, {2, 4}], [{8, 3}, {1, 7}, {5, 6}, {4}, {2}], [{8, 3}, {1, 7}, {6}, {2, 5}, {4}], [{8, 3}, {2, 7}, {1, 6}, {4, 5}], [{8, 3}, {2, 7}, {1, 6}, {5}, {4}], [{8, 3}, {2, 7}, {4, 6}, {1, 5}], [{8, 3}, {2, 7}, {5, 6}, {1, 4}], [{8, 3}, {4, 7}, {1, 6}, {2, 5}], [{8, 3}, {4, 7}, {2, 6}, {1, 5}], [{8, 3}, {4, 7}, {2, 6}, {5}, {1}], [{8, 3}, {4, 7}, {5, 6}, {1, 2}], [{8, 3}, {4, 7}, {5, 6}, {2}, {1}], [{8, 3}, {4, 7}, {6}, {2, 5}, {1}], [{8, 3}, {5, 7}, {1, 6}, {2, 4}], [{8, 3}, {5, 7}, {2, 6}, {1, 4}], [{8, 3}, {5, 7}, {4, 6}, {1, 2}], [{8, 3}, {6, 7}, {1, 5}, {2, 4}], [{8, 3}, {6, 7}, {2, 5}, {1, 4}], [{8, 3}, {6, 7}, {4, 5}, {1, 2}], [{8, 3}, {7}, {2, 6}, {5}, {1, 4}], [{8, 3}, {7}, {4, 6}, {1, 5}, {2}], [{8, 3}, {7}, {5, 6}, {1, 4}, {2}], [{8, 3}, {7}, {6}, {2, 5}, {1, 4}], [{8, 4}, {1, 7}, {2, 6}, {3, 5}], [{8, 4}, {1, 7}, {3, 6}, {2, 5}], [{8, 4}, {1, 7}, {5, 6}, {2, 3}], [{8, 4}, {2, 7}, {1, 6}, {3, 5}], [{8, 4}, {2, 7}, {3, 6}, {1, 5}], [{8, 4}, {2, 7}, {5, 6}, {1, 3}], [{8, 4}, {3, 7}, {1, 6}, {2, 5}], [{8, 4}, {3, 7}, {2, 6}, {1, 5}], [{8, 4}, {3, 7}, {5, 6}, {1, 2}], [{8, 4}, {3, 7}, {6}, {1, 5}, {2}], [{8, 4}, {5, 7}, {1, 6}, {2, 3}], [{8, 4}, {5, 7}, {2, 6}, {1, 3}], [{8, 4}, {5, 7}, {2, 6}, {3}, {1}], [{8, 4}, {5, 7}, {3, 6}, {1, 2}], [{8, 4}, {6, 7}, {1, 5}, {2, 3}], [{8, 4}, {6, 7}, {2, 5}, {1, 3}], [{8, 4}, {6, 7}, {3, 5}, {1, 2}], [{8, 4}, {7}, {1, 6}, {5}, {2, 3}], [{8, 4}, {7}, {5, 6}, {1, 3}, {2}], [{8, 5}, {1, 7}, {2, 6}, {3, 4}], [{8, 5}, {1, 7}, {2, 6}, {4}, {3}], [{8, 5}, {1, 7}, {3, 6}, {2, 4}], [{8, 5}, {1, 7}, {4, 6}, {2, 3}], [{8, 5}, {2, 7}, {1, 6}, {3, 4}], [{8, 5}, {2, 7}, {3, 6}, {1, 4}], [{8, 5}, {2, 7}, {4, 6}, {1, 3}], [{8, 5}, {3, 7}, {1, 6}, {2, 4}], [{8, 5}, {3, 7}, {2, 6}, {1, 4}], [{8, 5}, {3, 7}, {2, 6}, {4}, {1}], [{8, 5}, {3, 7}, {4, 6}, {1, 2}], [{8, 5}, {4, 7}, {1, 6}, {2, 3}], [{8, 5}, {4, 7}, {1, 6}, {3}, {2}], [{8, 5}, {4, 7}, {2, 6}, {1, 3}], [{8, 5}, {4, 7}, {2, 6}, {3}, {1}], [{8, 5}, {4, 7}, {3, 6}, {1, 2}], [{8, 5}, {4, 7}, {3, 6}, {2}, {1}], [{8, 5}, {4, 7}, {6}, {1, 3}, {2}], [{8, 5}, {4, 7}, {6}, {2, 3}, {1}], [{8, 5}, {4, 7}, {6}, {3}, {1, 2}], [{8, 5}, {6, 7}, {1, 4}, {2, 3}], [{8, 5}, {6, 7}, {2, 4}, {1, 3}], [{8, 5}, {6, 7}, {3, 4}, {1, 2}], [{8, 5}, {7}, {1, 6}, {4}, {2, 3}], [{8, 5}, {7}, {2, 6}, {1, 4}, {3}], [{8, 5}, {7}, {2, 6}, {3, 4}, {1}], [{8, 5}, {7}, {2, 6}, {4}, {1, 3}], [{8, 5}, {7}, {2, 6}, {4}, {3}, {1}], [{8, 5}, {7}, {3, 6}, {4}, {1, 2}], [{8, 6}, {1, 7}, {2, 5}, {3, 4}], [{8, 6}, {1, 7}, {2, 5}, {4}, {3}], [{8, 6}, {1, 7}, {3, 5}, {2, 4}], [{8, 6}, {1, 7}, {4, 5}, {2, 3}], [{8, 6}, {2, 7}, {1, 5}, {3, 4}], [{8, 6}, {2, 7}, {3, 5}, {1, 4}], [{8, 6}, {2, 7}, {4, 5}, {1, 3}], [{8, 6}, {3, 7}, {1, 5}, {2, 4}], [{8, 6}, {3, 7}, {2, 5}, {1, 4}], [{8, 6}, {3, 7}, {4, 5}, {1, 2}], [{8, 6}, {4, 7}, {1, 5}, {2, 3}], [{8, 6}, {4, 7}, {1, 5}, {3}, {2}], [{8, 6}, {4, 7}, {2, 5}, {1, 3}], [{8, 6}, {4, 7}, {3, 5}, {1, 2}], [{8, 6}, {5, 7}, {1, 4}, {2, 3}], [{8, 6}, {5, 7}, {2, 4}, {1, 3}], [{8, 6}, {5, 7}, {3, 4}, {1, 2}], [{8, 6}, {7}, {3, 5}, {1, 4}, {2}], [{8, 7}, {1, 6}, {2, 5}, {3, 4}], [{8, 7}, {1, 6}, {3, 5}, {2, 4}], [{8, 7}, {1, 6}, {4, 5}, {2, 3}], [{8, 7}, {1, 6}, {5}, {4}, {2, 3}], [{8, 7}, {2, 6}, {1, 5}, {3, 4}], [{8, 7}, {2, 6}, {3, 5}, {1, 4}], [{8, 7}, {2, 6}, {4, 5}, {1, 3}], [{8, 7}, {2, 6}, {4, 5}, {3}, {1}], [{8, 7}, {3, 6}, {1, 5}, {2, 4}], [{8, 7}, {3, 6}, {1, 5}, {4}, {2}], [{8, 7}, {3, 6}, {2, 5}, {1, 4}], [{8, 7}, {3, 6}, {4, 5}, {1, 2}], [{8, 7}, {4, 6}, {1, 5}, {2, 3}], [{8, 7}, {4, 6}, {2, 5}, {1, 3}], [{8, 7}, {4, 6}, {3, 5}, {1, 2}], [{8, 7}, {4, 6}, {5}, {2, 3}, {1}], [{8, 7}, {5, 6}, {1, 4}, {2, 3}], [{8, 7}, {5, 6}, {2, 4}, {1, 3}], [{8, 7}, {5, 6}, {3, 4}, {1, 2}], [{8, 7}, {6}, {5}, {1, 4}, {2, 3}], [{8}, {1, 7}, {2, 6}, {3, 5}, {4}], [{8}, {1, 7}, {3, 6}, {2, 5}, {4}], [{8}, {1, 7}, {5, 6}, {4}, {2, 3}], [{8}, {2, 7}, {3, 6}, {1, 5}, {4}], [{8}, {2, 7}, {4, 6}, {1, 5}, {3}], [{8}, {2, 7}, {5, 6}, {1, 4}, {3}], [{8}, {2, 7}, {6}, {1, 5}, {3, 4}], [{8}, {3, 7}, {2, 6}, {1, 5}, {4}], [{8}, {4, 7}, {1, 6}, {5}, {2, 3}], [{8}, {4, 7}, {2, 6}, {1, 5}, {3}], [{8}, {4, 7}, {2, 6}, {3, 5}, {1}], [{8}, {4, 7}, {2, 6}, {5}, {1, 3}], [{8}, {4, 7}, {2, 6}, {5}, {3}, {1}], [{8}, {4, 7}, {3, 6}, {5}, {1, 2}], [{8}, {5, 7}, {1, 6}, {4}, {2, 3}], [{8}, {5, 7}, {3, 6}, {1, 4}, {2}], [{8}, {6, 7}, {1, 5}, {2, 4}, {3}], [{8}, {6, 7}, {1, 5}, {3, 4}, {2}], [{8}, {6, 7}, {1, 5}, {4}, {2, 3}], [{8}, {6, 7}, {3, 5}, {2, 4}, {1}], [{8}, {6, 7}, {4, 5}, {3}, {1, 2}], [{8}, {6, 7}, {5}, {2, 4}, {1, 3}], [{8}, {7}, {1, 6}, {4, 5}, {2, 3}], [{8}, {7}, {1, 6}, {5}, {4}, {2, 3}], [{8}, {7}, {2, 6}, {1, 5}, {3, 4}], [{8}, {7}, {2, 6}, {3, 5}, {1, 4}], [{8}, {7}, {4, 6}, {3, 5}, {1, 2}], [{8}, {7}, {5, 6}, {3, 4}, {1, 2}]]",2,20 K_1^3 + 16 K_1^2 K_2 - 44 K_1^2 - 38 K_1 K_2 - 16 K_1 K_3 + 4 K_1 + 22 K_2 + 14 K_3 + 4 K_4 + 19,O1O2O3O4U5U6O7U8U3O8O5U1U7U4O6U2,O1O2O3U4U5O6O5U2O7O4U1U6U8U3O8U7,O1O2O3U4O5U1U5U6U3O7O4U2O8O6U8U7,c,{'O1O2O3O4U3O5U1U6U4O7O8U2U8O6U5U7'},1,"<a href=""/flatknot/8.704442"">8.704442</a>",t^9-49t^7-128t^6+2t^5+108t^4-54t^3+8t^2+4t,t^3-2t^2+t,,
8.704443,O1O2O3O4U3O5U1U6U4O7O8U5U2O6U7U8,4,5z^3+35z^2+73z+47,-4w^5z^3+9w^4z^3-20w^4z^2+55w^3z^2-28w^3z+101w^2z+47w,False,False,"[[ 0 -3  0 -1  2  1 -1  0  2],[ 3  0  3  0  2  2  0  2  2],[ 0 -3  0 -1  0  1 -2  1  2],[ 1  0  1  0  1  1  0  0  0],[-2 -2  0 -1  0  1 -3  0  0],[-1 -2 -1 -1 -1  0 -1  0  1],[ 1  0  2  0  3  1  0  0  1],[ 0 -2 -1  0  0  0  0  0  1],[-2 -2 -2  0  0 -1 -1 -1  0]]","[[ 0  2  2  1  0  0 -1 -1 -3],[-2  0  0  1  0  0 -1 -3 -2],[-2  0  0 -1 -1 -2  0 -1 -2],[-1 -1  1  0  0 -1 -1 -1 -2],[ 0  0  1  0  0 -1  0  0 -2],[ 0  0  2  1  1  0 -1 -2 -3],[ 1  1  0  1  0  1  0  0  0],[ 1  3  1  1  0  2  0  0  0],[ 3  2  2  2  2  3  0  0  0]]",True,"[-2,-2,-1,0,0,1,1,3,0,-1,0,0,1,3,2,1,1,2,0,1,2,0,1,1,1,2,1,0,0,2,1,2,3,0,0,0]","[-3,-1,-1,0,0,1,2,2,0,0,2,3,2,2,2,0,0,1,1,0,1,0,2,1,1,3,-1,0,1,0,1,2,0,1,-1,0]",t^8+52t^6+301t^4+135t^2,"[-3,-1,-1,0,0,1,2,2,2,2,0,1,2,3,3,0,-1,1,1,0,2,0,1,1,2,3,-1,0,2,0,1,2,1,2,0,0]","[-2,-2,-1,0,0,1,1,3,0,0,0,1,2,3,3,2,2,2,0,2,3,0,1,1,1,2,1,-1,0,0,1,1,1,0,2,2]","[-3,-1,-1,0,0,1,2,2,0,0,2,3,2,2,2,0,0,1,1,0,1,0,2,1,1,3,-1,0,1,0,1,2,0,1,-1,0]",c,"[[{8, 1}, {2, 7}, {3, 6}, {4, 5}], [{8, 1}, {2, 7}, {4, 6}, {3, 5}], [{8, 1}, {2, 7}, {5, 6}, {3, 4}], [{8, 1}, {2, 7}, {6}, {3, 5}, {4}], [{8, 1}, {3, 7}, {2, 6}, {4, 5}], [{8, 1}, {3, 7}, {4, 6}, {2, 5}], [{8, 1}, {3, 7}, {5, 6}, {2, 4}], [{8, 1}, {4, 7}, {2, 6}, {3, 5}], [{8, 1}, {4, 7}, {3, 6}, {2, 5}], [{8, 1}, {4, 7}, {5, 6}, {2, 3}], [{8, 1}, {5, 7}, {2, 6}, {3, 4}], [{8, 1}, {5, 7}, {3, 6}, {2, 4}], [{8, 1}, {5, 7}, {4, 6}, {2, 3}], [{8, 1}, {5, 7}, {6}, {2, 4}, {3}], [{8, 1}, {5, 7}, {6}, {3, 4}, {2}], [{8, 1}, {5, 7}, {6}, {4}, {2, 3}], [{8, 1}, {6, 7}, {2, 5}, {3, 4}], [{8, 1}, {6, 7}, {2, 5}, {4}, {3}], [{8, 1}, {6, 7}, {3, 5}, {2, 4}], [{8, 1}, {6, 7}, {3, 5}, {4}, {2}], [{8, 1}, {6, 7}, {4, 5}, {2, 3}], [{8, 1}, {6, 7}, {4, 5}, {3}, {2}], [{8, 1}, {6, 7}, {5}, {2, 4}, {3}], [{8, 1}, {6, 7}, {5}, {3, 4}, {2}], [{8, 1}, {6, 7}, {5}, {4}, {2, 3}], [{8, 1}, {6, 7}, {5}, {4}, {3}, {2}], [{8, 1}, {7}, {2, 6}, {3, 5}, {4}], [{8, 1}, {7}, {5, 6}, {2, 4}, {3}], [{8, 1}, {7}, {5, 6}, {3, 4}, {2}], [{8, 1}, {7}, {5, 6}, {4}, {2, 3}], [{8, 2}, {1, 7}, {3, 6}, {4, 5}], [{8, 2}, {1, 7}, {4, 6}, {3, 5}], [{8, 2}, {1, 7}, {5, 6}, {3, 4}], [{8, 2}, {3, 7}, {1, 6}, {4, 5}], [{8, 2}, {3, 7}, {4, 6}, {1, 5}], [{8, 2}, {3, 7}, {5, 6}, {1, 4}], [{8, 2}, {4, 7}, {1, 6}, {3, 5}], [{8, 2}, {4, 7}, {3, 6}, {1, 5}], [{8, 2}, {4, 7}, {5, 6}, {1, 3}], [{8, 2}, {5, 7}, {1, 6}, {3, 4}], [{8, 2}, {5, 7}, {3, 6}, {1, 4}], [{8, 2}, {5, 7}, {4, 6}, {1, 3}], [{8, 2}, {6, 7}, {1, 5}, {3, 4}], [{8, 2}, {6, 7}, {3, 5}, {1, 4}], [{8, 2}, {6, 7}, {4, 5}, {1, 3}], [{8, 2}, {7}, {3, 6}, {1, 5}, {4}], [{8, 2}, {7}, {3, 6}, {4, 5}, {1}], [{8, 2}, {7}, {3, 6}, {5}, {1, 4}], [{8, 3}, {1, 7}, {2, 6}, {4, 5}], [{8, 3}, {1, 7}, {4, 6}, {2, 5}], [{8, 3}, {1, 7}, {5, 6}, {2, 4}], [{8, 3}, {1, 7}, {6}, {4, 5}, {2}], [{8, 3}, {2, 7}, {1, 6}, {4, 5}], [{8, 3}, {2, 7}, {4, 6}, {1, 5}], [{8, 3}, {2, 7}, {5, 6}, {1, 4}], [{8, 3}, {4, 7}, {1, 6}, {2, 5}], [{8, 3}, {4, 7}, {2, 6}, {1, 5}], [{8, 3}, {4, 7}, {5, 6}, {1, 2}], [{8, 3}, {4, 7}, {6}, {1, 5}, {2}], [{8, 3}, {5, 7}, {1, 6}, {2, 4}], [{8, 3}, {5, 7}, {2, 6}, {1, 4}], [{8, 3}, {5, 7}, {4, 6}, {1, 2}], [{8, 3}, {6, 7}, {1, 5}, {2, 4}], [{8, 3}, {6, 7}, {2, 5}, {1, 4}], [{8, 3}, {6, 7}, {4, 5}, {1, 2}], [{8, 3}, {7}, {1, 6}, {5}, {2, 4}], [{8, 3}, {7}, {5, 6}, {1, 4}, {2}], [{8, 4}, {1, 7}, {2, 6}, {3, 5}], [{8, 4}, {1, 7}, {3, 6}, {2, 5}], [{8, 4}, {1, 7}, {5, 6}, {2, 3}], [{8, 4}, {2, 7}, {1, 6}, {3, 5}], [{8, 4}, {2, 7}, {3, 6}, {1, 5}], [{8, 4}, {2, 7}, {5, 6}, {1, 3}], [{8, 4}, {3, 7}, {1, 6}, {2, 5}], [{8, 4}, {3, 7}, {2, 6}, {1, 5}], [{8, 4}, {3, 7}, {2, 6}, {5}, {1}], [{8, 4}, {3, 7}, {5, 6}, {1, 2}], [{8, 4}, {3, 7}, {6}, {1, 5}, {2}], [{8, 4}, {5, 7}, {1, 6}, {2, 3}], [{8, 4}, {5, 7}, {2, 6}, {1, 3}], [{8, 4}, {5, 7}, {2, 6}, {3}, {1}], [{8, 4}, {5, 7}, {3, 6}, {1, 2}], [{8, 4}, {6, 7}, {1, 5}, {2, 3}], [{8, 4}, {6, 7}, {2, 5}, {1, 3}], [{8, 4}, {6, 7}, {3, 5}, {1, 2}], [{8, 4}, {7}, {2, 6}, {3, 5}, {1}], [{8, 4}, {7}, {5, 6}, {1, 3}, {2}], [{8, 5}, {1, 7}, {2, 6}, {3, 4}], [{8, 5}, {1, 7}, {3, 6}, {2, 4}], [{8, 5}, {1, 7}, {4, 6}, {2, 3}], [{8, 5}, {2, 7}, {1, 6}, {3, 4}], [{8, 5}, {2, 7}, {3, 6}, {1, 4}], [{8, 5}, {2, 7}, {4, 6}, {1, 3}], [{8, 5}, {2, 7}, {4, 6}, {3}, {1}], [{8, 5}, {3, 7}, {1, 6}, {2, 4}], [{8, 5}, {3, 7}, {2, 6}, {1, 4}], [{8, 5}, {3, 7}, {4, 6}, {1, 2}], [{8, 5}, {3, 7}, {6}, {1, 4}, {2}], [{8, 5}, {4, 7}, {1, 6}, {2, 3}], [{8, 5}, {4, 7}, {2, 6}, {1, 3}], [{8, 5}, {4, 7}, {2, 6}, {3}, {1}], [{8, 5}, {4, 7}, {3, 6}, {1, 2}], [{8, 5}, {4, 7}, {6}, {1, 3}, {2}], [{8, 5}, {6, 7}, {1, 4}, {2, 3}], [{8, 5}, {6, 7}, {2, 4}, {1, 3}], [{8, 5}, {6, 7}, {3, 4}, {1, 2}], [{8, 5}, {7}, {1, 6}, {4}, {2, 3}], [{8, 5}, {7}, {2, 6}, {4}, {1, 3}], [{8, 6}, {1, 7}, {2, 5}, {3, 4}], [{8, 6}, {1, 7}, {3, 5}, {2, 4}], [{8, 6}, {1, 7}, {3, 5}, {4}, {2}], [{8, 6}, {1, 7}, {4, 5}, {2, 3}], [{8, 6}, {2, 7}, {1, 5}, {3, 4}], [{8, 6}, {2, 7}, {3, 5}, {1, 4}], [{8, 6}, {2, 7}, {4, 5}, {1, 3}], [{8, 6}, {3, 7}, {1, 5}, {2, 4}], [{8, 6}, {3, 7}, {2, 5}, {1, 4}], [{8, 6}, {3, 7}, {4, 5}, {1, 2}], [{8, 6}, {4, 7}, {1, 5}, {2, 3}], [{8, 6}, {4, 7}, {2, 5}, {1, 3}], [{8, 6}, {4, 7}, {3, 5}, {1, 2}], [{8, 6}, {5, 7}, {1, 4}, {2, 3}], [{8, 6}, {5, 7}, {2, 4}, {1, 3}], [{8, 6}, {5, 7}, {3, 4}, {1, 2}], [{8, 7}, {1, 6}, {2, 5}, {3, 4}], [{8, 7}, {1, 6}, {3, 5}, {2, 4}], [{8, 7}, {1, 6}, {4, 5}, {2, 3}], [{8, 7}, {2, 6}, {1, 5}, {3, 4}], [{8, 7}, {2, 6}, {3, 5}, {1, 4}], [{8, 7}, {2, 6}, {4, 5}, {1, 3}], [{8, 7}, {3, 6}, {1, 5}, {2, 4}], [{8, 7}, {3, 6}, {2, 5}, {1, 4}], [{8, 7}, {3, 6}, {4, 5}, {1, 2}], [{8, 7}, {4, 6}, {1, 5}, {2, 3}], [{8, 7}, {4, 6}, {2, 5}, {1, 3}], [{8, 7}, {4, 6}, {3, 5}, {1, 2}], [{8, 7}, {5, 6}, {1, 4}, {2, 3}], [{8, 7}, {5, 6}, {2, 4}, {1, 3}], [{8, 7}, {5, 6}, {3, 4}, {1, 2}], [{8, 7}, {5, 6}, {4}, {2, 3}, {1}], [{8, 7}, {6}, {1, 5}, {3, 4}, {2}], [{8, 7}, {6}, {3, 5}, {1, 4}, {2}], [{8}, {1, 7}, {3, 6}, {5}, {2, 4}], [{8}, {1, 7}, {5, 6}, {4}, {2, 3}], [{8}, {2, 7}, {4, 6}, {5}, {1, 3}], [{8}, {3, 7}, {5, 6}, {4}, {1, 2}], [{8}, {4, 7}, {1, 6}, {3, 5}, {2}], [{8}, {5, 7}, {4, 6}, {1, 3}, {2}], [{8}, {7}, {2, 6}, {3, 5}, {1, 4}], [{8}, {7}, {4, 6}, {2, 5}, {1, 3}]]",2,- 8 K_1^4 + 12 K_1^3 + 8 K_1^2 K_2 - 2 K_1^2 - 10 K_1 K_2 - 2 K_1 K_3 - 4 K_1 + 2 K_2 + 2 K_3 + 3,O1O2O3O4U5U6O7U3U8O5O6U1U7U4O8U2,O1O2O3U4U5O6O7U2O4O5U1U7U8U3O8U6,O1O2O3U4O5U1U5U6U3O7O8U2O6O4U7U8,c,{'O1O2O3O4U3O5U1U6U4O7O8U5U2O6U7U8'},1,"<a href=""/flatknot/8.704443"">8.704443</a>",t^9-54t^7-96t^6+157t^5+454t^4+352t^3-50t^2-191t-8,t^3-2t^2+t,,
8.704444,O1O2O3O4U3O5U1U6U4O7O8U5U2O6U8U7,4,5z^3+45z^2+111z+83,5w^4z^3-2w^4z^2+47w^3z^2-2w^3z+113w^2z+83w,False,False,"[[ 0 -3  0 -1  2  1 -1  1  1],[ 3  0  3  0  2  2  0  2  2],[ 0 -3  0 -1  0  1 -2  2  1],[ 1  0  1  0  1  1  0  0  0],[-2 -2  0 -1  0  1 -3  0  0],[-1 -2 -1 -1 -1  0 -1  1  0],[ 1  0  2  0  3  1  0  0  1],[-1 -2 -2  0  0 -1  0  0  0],[-1 -2 -1  0  0  0 -1  0  0]]","[[ 0  2  1  1  1  0 -1 -1 -3],[-2  0  1  0  0  0 -1 -3 -2],[-1 -1  0  1  0 -1 -1 -1 -2],[-1  0 -1  0  0 -2  0  0 -2],[-1  0  0  0  0 -1  0 -1 -2],[ 0  0  1  2  1  0 -1 -2 -3],[ 1  1  1  0  0  1  0  0  0],[ 1  3  1  0  1  2  0  0  0],[ 3  2  2  2  2  3  0  0  0]]",True,"[-2,-1,-1,-1,0,1,1,3,-1,0,0,0,1,3,2,-1,0,1,1,1,2,0,2,0,0,2,1,0,1,2,1,2,3,0,0,0]","[-3,-1,-1,0,1,1,1,2,0,0,3,2,2,2,2,0,1,0,0,1,1,2,0,1,1,3,2,1,1,0,0,-1,0,0,0,-1]",t^8+51t^6+279t^4+107t^2+1,"[-3,-1,-1,0,1,1,1,2,2,2,0,2,2,2,3,0,-1,1,1,2,0,0,1,2,2,2,0,0,-1,2,0,-1,2,0,1,1]","[-2,-1,-1,-1,0,1,1,3,1,1,2,2,0,2,3,0,-1,-1,2,2,2,0,0,1,2,2,0,1,1,2,-1,0,0,0,2,2]","[-3,-1,-1,0,1,1,1,2,0,0,3,2,2,2,2,0,1,0,0,1,1,2,0,1,1,3,2,1,1,0,0,-1,0,0,0,-1]",c,"[[{8, 1}, {2, 7}, {3, 6}, {4, 5}], [{8, 1}, {2, 7}, {4, 6}, {3, 5}], [{8, 1}, {2, 7}, {5, 6}, {3, 4}], [{8, 1}, {3, 7}, {2, 6}, {4, 5}], [{8, 1}, {3, 7}, {4, 6}, {2, 5}], [{8, 1}, {3, 7}, {5, 6}, {2, 4}], [{8, 1}, {3, 7}, {5, 6}, {4}, {2}], [{8, 1}, {4, 7}, {2, 6}, {3, 5}], [{8, 1}, {4, 7}, {3, 6}, {2, 5}], [{8, 1}, {4, 7}, {5, 6}, {2, 3}], [{8, 1}, {5, 7}, {2, 6}, {3, 4}], [{8, 1}, {5, 7}, {3, 6}, {2, 4}], [{8, 1}, {5, 7}, {4, 6}, {2, 3}], [{8, 1}, {6, 7}, {2, 5}, {3, 4}], [{8, 1}, {6, 7}, {3, 5}, {2, 4}], [{8, 1}, {6, 7}, {3, 5}, {4}, {2}], [{8, 1}, {6, 7}, {4, 5}, {2, 3}], [{8, 1}, {7}, {3, 6}, {5}, {2, 4}], [{8, 2}, {1, 7}, {3, 6}, {4, 5}], [{8, 2}, {1, 7}, {4, 6}, {3, 5}], [{8, 2}, {1, 7}, {5, 6}, {3, 4}], [{8, 2}, {3, 7}, {1, 6}, {4, 5}], [{8, 2}, {3, 7}, {4, 6}, {1, 5}], [{8, 2}, {3, 7}, {5, 6}, {1, 4}], [{8, 2}, {3, 7}, {6}, {5}, {1, 4}], [{8, 2}, {4, 7}, {1, 6}, {3, 5}], [{8, 2}, {4, 7}, {3, 6}, {1, 5}], [{8, 2}, {4, 7}, {5, 6}, {1, 3}], [{8, 2}, {5, 7}, {1, 6}, {3, 4}], [{8, 2}, {5, 7}, {3, 6}, {1, 4}], [{8, 2}, {5, 7}, {4, 6}, {1, 3}], [{8, 2}, {5, 7}, {6}, {1, 4}, {3}], [{8, 2}, {6, 7}, {1, 5}, {3, 4}], [{8, 2}, {6, 7}, {3, 5}, {1, 4}], [{8, 2}, {6, 7}, {4, 5}, {1, 3}], [{8, 2}, {6, 7}, {5}, {1, 4}, {3}], [{8, 2}, {7}, {3, 6}, {5}, {1, 4}], [{8, 2}, {7}, {5, 6}, {1, 4}, {3}], [{8, 2}, {7}, {6}, {1, 5}, {3, 4}], [{8, 2}, {7}, {6}, {3, 5}, {1, 4}], [{8, 2}, {7}, {6}, {4, 5}, {1, 3}], [{8, 2}, {7}, {6}, {5}, {1, 4}, {3}], [{8, 3}, {1, 7}, {2, 6}, {4, 5}], [{8, 3}, {1, 7}, {4, 6}, {2, 5}], [{8, 3}, {1, 7}, {5, 6}, {2, 4}], [{8, 3}, {2, 7}, {1, 6}, {4, 5}], [{8, 3}, {2, 7}, {4, 6}, {1, 5}], [{8, 3}, {2, 7}, {5, 6}, {1, 4}], [{8, 3}, {2, 7}, {5, 6}, {4}, {1}], [{8, 3}, {4, 7}, {1, 6}, {2, 5}], [{8, 3}, {4, 7}, {2, 6}, {1, 5}], [{8, 3}, {4, 7}, {5, 6}, {1, 2}], [{8, 3}, {4, 7}, {6}, {1, 5}, {2}], [{8, 3}, {5, 7}, {1, 6}, {2, 4}], [{8, 3}, {5, 7}, {2, 6}, {1, 4}], [{8, 3}, {5, 7}, {4, 6}, {1, 2}], [{8, 3}, {6, 7}, {1, 5}, {2, 4}], [{8, 3}, {6, 7}, {2, 5}, {1, 4}], [{8, 3}, {6, 7}, {4, 5}, {1, 2}], [{8, 3}, {7}, {6}, {2, 5}, {1, 4}], [{8, 4}, {1, 7}, {2, 6}, {3, 5}], [{8, 4}, {1, 7}, {3, 6}, {2, 5}], [{8, 4}, {1, 7}, {3, 6}, {5}, {2}], [{8, 4}, {1, 7}, {5, 6}, {2, 3}], [{8, 4}, {2, 7}, {1, 6}, {3, 5}], [{8, 4}, {2, 7}, {3, 6}, {1, 5}], [{8, 4}, {2, 7}, {3, 6}, {5}, {1}], [{8, 4}, {2, 7}, {5, 6}, {1, 3}], [{8, 4}, {3, 7}, {1, 6}, {2, 5}], [{8, 4}, {3, 7}, {1, 6}, {5}, {2}], [{8, 4}, {3, 7}, {2, 6}, {1, 5}], [{8, 4}, {3, 7}, {5, 6}, {1, 2}], [{8, 4}, {3, 7}, {5, 6}, {2}, {1}], [{8, 4}, {3, 7}, {6}, {1, 5}, {2}], [{8, 4}, {5, 7}, {1, 6}, {2, 3}], [{8, 4}, {5, 7}, {2, 6}, {1, 3}], [{8, 4}, {5, 7}, {2, 6}, {3}, {1}], [{8, 4}, {5, 7}, {3, 6}, {1, 2}], [{8, 4}, {5, 7}, {6}, {1, 3}, {2}], [{8, 4}, {6, 7}, {1, 5}, {2, 3}], [{8, 4}, {6, 7}, {2, 5}, {1, 3}], [{8, 4}, {6, 7}, {3, 5}, {1, 2}], [{8, 4}, {6, 7}, {3, 5}, {2}, {1}], [{8, 4}, {7}, {3, 6}, {5}, {1, 2}], [{8, 5}, {1, 7}, {2, 6}, {3, 4}], [{8, 5}, {1, 7}, {3, 6}, {2, 4}], [{8, 5}, {1, 7}, {4, 6}, {2, 3}], [{8, 5}, {2, 7}, {1, 6}, {3, 4}], [{8, 5}, {2, 7}, {3, 6}, {1, 4}], [{8, 5}, {2, 7}, {4, 6}, {1, 3}], [{8, 5}, {3, 7}, {1, 6}, {2, 4}], [{8, 5}, {3, 7}, {2, 6}, {1, 4}], [{8, 5}, {3, 7}, {4, 6}, {1, 2}], [{8, 5}, {4, 7}, {1, 6}, {2, 3}], [{8, 5}, {4, 7}, {2, 6}, {1, 3}], [{8, 5}, {4, 7}, {2, 6}, {3}, {1}], [{8, 5}, {4, 7}, {3, 6}, {1, 2}], [{8, 5}, {6, 7}, {1, 4}, {2, 3}], [{8, 5}, {6, 7}, {2, 4}, {1, 3}], [{8, 5}, {6, 7}, {3, 4}, {1, 2}], [{8, 5}, {6, 7}, {4}, {1, 3}, {2}], [{8, 5}, {7}, {3, 6}, {2, 4}, {1}], [{8, 5}, {7}, {6}, {1, 4}, {2, 3}], [{8, 6}, {1, 7}, {2, 5}, {3, 4}], [{8, 6}, {1, 7}, {3, 5}, {2, 4}], [{8, 6}, {1, 7}, {3, 5}, {4}, {2}], [{8, 6}, {1, 7}, {4, 5}, {2, 3}], [{8, 6}, {2, 7}, {1, 5}, {3, 4}], [{8, 6}, {2, 7}, {3, 5}, {1, 4}], [{8, 6}, {2, 7}, {4, 5}, {1, 3}], [{8, 6}, {3, 7}, {1, 5}, {2, 4}], [{8, 6}, {3, 7}, {2, 5}, {1, 4}], [{8, 6}, {3, 7}, {4, 5}, {1, 2}], [{8, 6}, {4, 7}, {1, 5}, {2, 3}], [{8, 6}, {4, 7}, {2, 5}, {1, 3}], [{8, 6}, {4, 7}, {3, 5}, {1, 2}], [{8, 6}, {4, 7}, {3, 5}, {2}, {1}], [{8, 6}, {5, 7}, {1, 4}, {2, 3}], [{8, 6}, {5, 7}, {2, 4}, {1, 3}], [{8, 6}, {5, 7}, {3, 4}, {1, 2}], [{8, 6}, {5, 7}, {4}, {1, 3}, {2}], [{8, 6}, {7}, {1, 5}, {3, 4}, {2}], [{8, 6}, {7}, {3, 5}, {1, 4}, {2}], [{8, 7}, {1, 6}, {2, 5}, {3, 4}], [{8, 7}, {1, 6}, {3, 5}, {2, 4}], [{8, 7}, {1, 6}, {4, 5}, {2, 3}], [{8, 7}, {2, 6}, {1, 5}, {3, 4}], [{8, 7}, {2, 6}, {3, 5}, {1, 4}], [{8, 7}, {2, 6}, {4, 5}, {1, 3}], [{8, 7}, {3, 6}, {1, 5}, {2, 4}], [{8, 7}, {3, 6}, {2, 5}, {1, 4}], [{8, 7}, {3, 6}, {4, 5}, {1, 2}], [{8, 7}, {4, 6}, {1, 5}, {2, 3}], [{8, 7}, {4, 6}, {2, 5}, {1, 3}], [{8, 7}, {4, 6}, {3, 5}, {1, 2}], [{8, 7}, {5, 6}, {1, 4}, {2, 3}], [{8, 7}, {5, 6}, {2, 4}, {1, 3}], [{8, 7}, {5, 6}, {3, 4}, {1, 2}], [{8, 7}, {5, 6}, {4}, {2, 3}, {1}], [{8, 7}, {6}, {1, 5}, {3, 4}, {2}], [{8, 7}, {6}, {3, 5}, {1, 4}, {2}], [{8}, {2, 7}, {6}, {1, 5}, {3, 4}], [{8}, {2, 7}, {6}, {3, 5}, {1, 4}], [{8}, {3, 7}, {5, 6}, {1, 4}, {2}], [{8}, {4, 7}, {5, 6}, {1, 3}, {2}], [{8}, {5, 7}, {3, 6}, {1, 4}, {2}], [{8}, {5, 7}, {4, 6}, {1, 3}, {2}], [{8}, {6, 7}, {1, 5}, {3, 4}, {2}], [{8}, {6, 7}, {3, 5}, {1, 4}, {2}], [{8}, {7}, {1, 6}, {2, 5}, {3, 4}], [{8}, {7}, {2, 6}, {1, 5}, {3, 4}], [{8}, {7}, {2, 6}, {3, 5}, {1, 4}], [{8}, {7}, {3, 6}, {1, 5}, {2, 4}], [{8}, {7}, {4, 6}, {1, 5}, {2, 3}], [{8}, {7}, {5, 6}, {3, 4}, {1, 2}], [{8}, {7}, {6}, {1, 5}, {3, 4}, {2}], [{8}, {7}, {6}, {3, 5}, {1, 4}, {2}]]",2,- 8 K_1^4 + 4 K_1^3 + 12 K_1^2 K_2 - 2 K_1^2 - 2 K_1 K_2 - 4 K_1 K_3 - 2 K_1 - 2 K_2^2 + K_2 + K_4 + 3,O1O2O3O4U5U6O7U3U8O6O5U1U7U4O8U2,O1O2O3U4U5O6O7U2O5O4U1U7U8U3O8U6,O1O2O3U4O5U1U5U6U3O7O8U2O6O4U8U7,c,{'O1O2O3O4U3O5U1U6U4O7O8U5U2O6U8U7'},1,"<a href=""/flatknot/8.704444"">8.704444</a>",t^9-55t^7-80t^6+250t^5+354t^4-164t^3-154t^2-19t+22,t^3-t^2-t,,
8.704445,O1O2O3O4U3O5U1U6U4O7O8U5U7O6U2U8,4,6z^3+43z^2+94z+65,6w^4z^3+43w^3z^2+94w^2z+65w,False,False,"[[ 0 -3  0 -1  2  1 -1  0  2],[ 3  0  3  0  2  2  1  1  2],[ 0 -3  0 -1  1  1 -2  1  2],[ 1  0  1  0  1  1  0  0  0],[-2 -2 -1 -1  0  1 -3  1  0],[-1 -2 -1 -1 -1  0 -2  1  1],[ 1 -1  2  0  3  2  0  0  1],[ 0 -1 -1  0 -1 -1  0  0  1],[-2 -2 -2  0  0 -1 -1 -1  0]]","[[ 0  2  2  1  0  0 -1 -1 -3],[-2  0  0  1  1 -1 -1 -3 -2],[-2  0  0 -1 -1 -2  0 -1 -2],[-1 -1  1  0  1 -1 -1 -2 -2],[ 0 -1  1 -1  0 -1  0  0 -1],[ 0  1  2  1  1  0 -1 -2 -3],[ 1  1  0  1  0  1  0  0  0],[ 1  3  1  2  0  2  0  0 -1],[ 3  2  2  2  1  3  0  1  0]]",True,"[-2,-2,-1,0,0,1,1,3,0,-1,-1,1,1,3,2,1,1,2,0,1,2,-1,1,1,2,2,1,0,0,1,1,2,3,0,0,1]","[-3,-1,-1,0,0,1,2,2,0,1,1,3,2,2,2,0,0,1,1,0,1,0,2,2,1,3,-1,-1,1,-1,1,2,1,1,-1,0]",t^8+56t^6+304t^4+15t^2,"[-3,-1,-1,0,0,1,2,2,1,2,0,2,2,3,3,0,-1,1,0,0,2,0,1,1,2,3,-1,0,1,0,2,3,1,2,0,0]","[-2,-2,-1,0,0,1,1,3,0,0,0,1,2,3,3,2,1,3,0,2,3,0,2,0,1,2,1,-1,0,0,1,1,2,0,1,2]","[-3,-1,-1,0,0,1,2,2,0,1,1,3,2,2,2,0,0,1,1,0,1,0,2,2,1,3,-1,-1,1,-1,1,2,1,1,-1,0]",c,"[[{8, 1}, {2, 7}, {3, 6}, {4, 5}], [{8, 1}, {2, 7}, {4, 6}, {3, 5}], [{8, 1}, {2, 7}, {5, 6}, {3, 4}], [{8, 1}, {2, 7}, {6}, {5}, {3, 4}], [{8, 1}, {3, 7}, {2, 6}, {4, 5}], [{8, 1}, {3, 7}, {4, 6}, {2, 5}], [{8, 1}, {3, 7}, {4, 6}, {5}, {2}], [{8, 1}, {3, 7}, {5, 6}, {2, 4}], [{8, 1}, {4, 7}, {2, 6}, {3, 5}], [{8, 1}, {4, 7}, {3, 6}, {2, 5}], [{8, 1}, {4, 7}, {3, 6}, {5}, {2}], [{8, 1}, {4, 7}, {5, 6}, {2, 3}], [{8, 1}, {5, 7}, {2, 6}, {3, 4}], [{8, 1}, {5, 7}, {3, 6}, {2, 4}], [{8, 1}, {5, 7}, {4, 6}, {2, 3}], [{8, 1}, {5, 7}, {6}, {3, 4}, {2}], [{8, 1}, {6, 7}, {2, 5}, {3, 4}], [{8, 1}, {6, 7}, {2, 5}, {4}, {3}], [{8, 1}, {6, 7}, {3, 5}, {2, 4}], [{8, 1}, {6, 7}, {3, 5}, {4}, {2}], [{8, 1}, {6, 7}, {4, 5}, {2, 3}], [{8, 1}, {6, 7}, {4, 5}, {3}, {2}], [{8, 1}, {6, 7}, {5}, {2, 4}, {3}], [{8, 1}, {6, 7}, {5}, {3, 4}, {2}], [{8, 1}, {6, 7}, {5}, {4}, {2, 3}], [{8, 1}, {6, 7}, {5}, {4}, {3}, {2}], [{8, 1}, {7}, {2, 6}, {5}, {3, 4}], [{8, 1}, {7}, {5, 6}, {3, 4}, {2}], [{8, 1}, {7}, {6}, {2, 5}, {3, 4}], [{8, 1}, {7}, {6}, {3, 5}, {2, 4}], [{8, 1}, {7}, {6}, {4, 5}, {2, 3}], [{8, 1}, {7}, {6}, {5}, {3, 4}, {2}], [{8, 2}, {1, 7}, {3, 6}, {4, 5}], [{8, 2}, {1, 7}, {4, 6}, {3, 5}], [{8, 2}, {1, 7}, {5, 6}, {3, 4}], [{8, 2}, {3, 7}, {1, 6}, {4, 5}], [{8, 2}, {3, 7}, {4, 6}, {1, 5}], [{8, 2}, {3, 7}, {5, 6}, {1, 4}], [{8, 2}, {4, 7}, {1, 6}, {3, 5}], [{8, 2}, {4, 7}, {3, 6}, {1, 5}], [{8, 2}, {4, 7}, {3, 6}, {5}, {1}], [{8, 2}, {4, 7}, {5, 6}, {1, 3}], [{8, 2}, {5, 7}, {1, 6}, {3, 4}], [{8, 2}, {5, 7}, {3, 6}, {1, 4}], [{8, 2}, {5, 7}, {4, 6}, {1, 3}], [{8, 2}, {6, 7}, {1, 5}, {3, 4}], [{8, 2}, {6, 7}, {3, 5}, {1, 4}], [{8, 2}, {6, 7}, {4, 5}, {1, 3}], [{8, 3}, {1, 7}, {2, 6}, {4, 5}], [{8, 3}, {1, 7}, {2, 6}, {5}, {4}], [{8, 3}, {1, 7}, {4, 6}, {2, 5}], [{8, 3}, {1, 7}, {5, 6}, {2, 4}], [{8, 3}, {2, 7}, {1, 6}, {4, 5}], [{8, 3}, {2, 7}, {4, 6}, {1, 5}], [{8, 3}, {2, 7}, {5, 6}, {1, 4}], [{8, 3}, {4, 7}, {1, 6}, {2, 5}], [{8, 3}, {4, 7}, {1, 6}, {5}, {2}], [{8, 3}, {4, 7}, {2, 6}, {1, 5}], [{8, 3}, {4, 7}, {5, 6}, {1, 2}], [{8, 3}, {5, 7}, {1, 6}, {2, 4}], [{8, 3}, {5, 7}, {2, 6}, {1, 4}], [{8, 3}, {5, 7}, {4, 6}, {1, 2}], [{8, 3}, {6, 7}, {1, 5}, {2, 4}], [{8, 3}, {6, 7}, {2, 5}, {1, 4}], [{8, 3}, {6, 7}, {4, 5}, {1, 2}], [{8, 3}, {7}, {5, 6}, {1, 4}, {2}], [{8, 4}, {1, 7}, {2, 6}, {3, 5}], [{8, 4}, {1, 7}, {3, 6}, {2, 5}], [{8, 4}, {1, 7}, {5, 6}, {2, 3}], [{8, 4}, {2, 7}, {1, 6}, {3, 5}], [{8, 4}, {2, 7}, {3, 6}, {1, 5}], [{8, 4}, {2, 7}, {5, 6}, {1, 3}], [{8, 4}, {3, 7}, {1, 6}, {2, 5}], [{8, 4}, {3, 7}, {2, 6}, {1, 5}], [{8, 4}, {3, 7}, {2, 6}, {5}, {1}], [{8, 4}, {3, 7}, {5, 6}, {1, 2}], [{8, 4}, {3, 7}, {6}, {1, 5}, {2}], [{8, 4}, {5, 7}, {1, 6}, {2, 3}], [{8, 4}, {5, 7}, {2, 6}, {1, 3}], [{8, 4}, {5, 7}, {3, 6}, {1, 2}], [{8, 4}, {6, 7}, {1, 5}, {2, 3}], [{8, 4}, {6, 7}, {2, 5}, {1, 3}], [{8, 4}, {6, 7}, {3, 5}, {1, 2}], [{8, 4}, {7}, {5, 6}, {1, 3}, {2}], [{8, 4}, {7}, {5, 6}, {2, 3}, {1}], [{8, 4}, {7}, {5, 6}, {3}, {1, 2}], [{8, 5}, {1, 7}, {2, 6}, {3, 4}], [{8, 5}, {1, 7}, {3, 6}, {2, 4}], [{8, 5}, {1, 7}, {4, 6}, {2, 3}], [{8, 5}, {2, 7}, {1, 6}, {3, 4}], [{8, 5}, {2, 7}, {3, 6}, {1, 4}], [{8, 5}, {2, 7}, {4, 6}, {1, 3}], [{8, 5}, {3, 7}, {1, 6}, {2, 4}], [{8, 5}, {3, 7}, {1, 6}, {4}, {2}], [{8, 5}, {3, 7}, {2, 6}, {1, 4}], [{8, 5}, {3, 7}, {4, 6}, {1, 2}], [{8, 5}, {4, 7}, {1, 6}, {2, 3}], [{8, 5}, {4, 7}, {1, 6}, {3}, {2}], [{8, 5}, {4, 7}, {2, 6}, {1, 3}], [{8, 5}, {4, 7}, {3, 6}, {1, 2}], [{8, 5}, {6, 7}, {1, 4}, {2, 3}], [{8, 5}, {6, 7}, {2, 4}, {1, 3}], [{8, 5}, {6, 7}, {3, 4}, {1, 2}], [{8, 5}, {7}, {1, 6}, {3, 4}, {2}], [{8, 5}, {7}, {2, 6}, {4}, {1, 3}], [{8, 5}, {7}, {3, 6}, {4}, {1, 2}], [{8, 5}, {7}, {4, 6}, {2, 3}, {1}], [{8, 6}, {1, 7}, {2, 5}, {3, 4}], [{8, 6}, {1, 7}, {3, 5}, {2, 4}], [{8, 6}, {1, 7}, {3, 5}, {4}, {2}], [{8, 6}, {1, 7}, {4, 5}, {2, 3}], [{8, 6}, {2, 7}, {1, 5}, {3, 4}], [{8, 6}, {2, 7}, {3, 5}, {1, 4}], [{8, 6}, {2, 7}, {4, 5}, {1, 3}], [{8, 6}, {3, 7}, {1, 5}, {2, 4}], [{8, 6}, {3, 7}, {2, 5}, {1, 4}], [{8, 6}, {3, 7}, {4, 5}, {1, 2}], [{8, 6}, {3, 7}, {5}, {1, 4}, {2}], [{8, 6}, {4, 7}, {1, 5}, {2, 3}], [{8, 6}, {4, 7}, {2, 5}, {1, 3}], [{8, 6}, {4, 7}, {2, 5}, {3}, {1}], [{8, 6}, {4, 7}, {3, 5}, {1, 2}], [{8, 6}, {5, 7}, {1, 4}, {2, 3}], [{8, 6}, {5, 7}, {2, 4}, {1, 3}], [{8, 6}, {5, 7}, {3, 4}, {1, 2}], [{8, 6}, {7}, {1, 5}, {3, 4}, {2}], [{8, 6}, {7}, {2, 5}, {4}, {1, 3}], [{8, 7}, {1, 6}, {2, 5}, {3, 4}], [{8, 7}, {1, 6}, {3, 5}, {2, 4}], [{8, 7}, {1, 6}, {4, 5}, {2, 3}], [{8, 7}, {2, 6}, {1, 5}, {3, 4}], [{8, 7}, {2, 6}, {3, 5}, {1, 4}], [{8, 7}, {2, 6}, {4, 5}, {1, 3}], [{8, 7}, {2, 6}, {5}, {1, 4}, {3}], [{8, 7}, {3, 6}, {1, 5}, {2, 4}], [{8, 7}, {3, 6}, {2, 5}, {1, 4}], [{8, 7}, {3, 6}, {4, 5}, {1, 2}], [{8, 7}, {4, 6}, {1, 5}, {2, 3}], [{8, 7}, {4, 6}, {2, 5}, {1, 3}], [{8, 7}, {4, 6}, {3, 5}, {1, 2}], [{8, 7}, {5, 6}, {1, 4}, {2, 3}], [{8, 7}, {5, 6}, {2, 4}, {1, 3}], [{8, 7}, {5, 6}, {3, 4}, {1, 2}], [{8, 7}, {5, 6}, {4}, {1, 3}, {2}], [{8, 7}, {6}, {3, 5}, {1, 4}, {2}], [{8}, {2, 7}, {5, 6}, {1, 4}, {3}], [{8}, {3, 7}, {5, 6}, {4}, {1, 2}], [{8}, {3, 7}, {6}, {2, 5}, {1, 4}], [{8}, {4, 7}, {1, 6}, {3, 5}, {2}], [{8}, {4, 7}, {2, 6}, {5}, {1, 3}], [{8}, {4, 7}, {3, 6}, {5}, {1, 2}], [{8}, {4, 7}, {5, 6}, {1, 3}, {2}], [{8}, {4, 7}, {6}, {2, 5}, {1, 3}], [{8}, {6, 7}, {2, 5}, {3, 4}, {1}], [{8}, {6, 7}, {3, 5}, {2, 4}, {1}], [{8}, {6, 7}, {4, 5}, {2, 3}, {1}]]",2,4 K_1^3 + 4 K_1^2 K_2 - 2 K_1^2 - 2 K_1 K_2 - 2 K_1 K_3 - 2 K_1 - 2 K_2^2 + K_4 + 2,O1O2O3O4U5U3O6U7U8O5O7U1U6U4O8U2,O1O2O3U4U5O6O4U2O7O5U1U7U8U3O8U6,O1O2O3U4O5U1U5U6U3O7O6U2O8O4U7U8,c,{'O1O2O3O4U3O5U1U6U4O7O8U5U7O6U2U8'},1,"<a href=""/flatknot/8.704445"">8.704445</a>",t^9-58t^7-184t^6-56t^5+376t^4+293t^3-92t^2-76t+4,t^3-2t^2+t,,
8.704446,O1O2O3O4U3O5U1U6U4O7O8U5U7O6U8U2,4,20z^2+105z+131,20w^3z^2+105w^2z+131w,False,False,"[[ 0 -3  1 -1  2  1 -1  0  1],[ 3  0  3  0  2  2  1  1  1],[-1 -3  0 -1  1  0 -2  0  1],[ 1  0  1  0  1  1  0  0  0],[-2 -2 -1 -1  0  1 -3  1  0],[-1 -2  0 -1 -1  0 -2  1  1],[ 1 -1  2  0  3  2  0  0  0],[ 0 -1  0  0 -1 -1  0  0  1],[-1 -1 -1  0  0 -1  0 -1  0]]","[[ 0  2  1  1  1  0 -1 -1 -3],[-2  0  1  0 -1  1 -1 -3 -2],[-1 -1  0  1  0  1 -1 -2 -2],[-1  0 -1  0 -1 -1  0  0 -1],[-1  1  0  1  0  0 -1 -2 -3],[ 0 -1 -1  1  0  0  0  0 -1],[ 1  1  1  0  1  0  0  0  0],[ 1  3  2  0  2  0  0  0 -1],[ 3  2  2  1  3  1  0  1  0]]",True,"[-2,-1,-1,-1,0,1,1,3,-1,0,1,-1,1,3,2,-1,0,-1,1,2,2,1,1,0,0,1,0,1,2,3,0,0,1,0,0,1]","[-3,-1,-1,0,1,1,1,2,0,1,1,1,2,3,2,0,0,0,1,1,1,0,0,2,2,3,1,-1,0,-1,-1,-1,0,0,-1,1]",t^8+47t^6+259t^4+41t^2+1,"[-3,-1,-1,0,1,1,1,2,1,2,2,1,2,3,3,0,1,0,0,2,0,1,1,1,2,2,1,2,0,3,0,-1,0,-1,2,1]","[-2,-1,-1,-1,0,1,1,3,0,1,2,3,0,2,3,1,0,1,0,1,1,-1,0,2,2,3,2,0,1,2,1,1,2,0,1,2]","[-3,-1,-1,0,1,1,1,2,0,1,1,1,2,3,2,0,0,0,1,1,1,0,0,2,2,3,1,-1,0,-1,-1,-1,0,0,-1,1]",c,"[[{8, 1}, {2, 7}, {3, 6}, {4, 5}], [{8, 1}, {2, 7}, {4, 6}, {3, 5}], [{8, 1}, {2, 7}, {5, 6}, {3, 4}], [{8, 1}, {2, 7}, {5, 6}, {4}, {3}], [{8, 1}, {3, 7}, {2, 6}, {4, 5}], [{8, 1}, {3, 7}, {4, 6}, {2, 5}], [{8, 1}, {3, 7}, {5, 6}, {2, 4}], [{8, 1}, {3, 7}, {6}, {5}, {2, 4}], [{8, 1}, {4, 7}, {2, 6}, {3, 5}], [{8, 1}, {4, 7}, {3, 6}, {2, 5}], [{8, 1}, {4, 7}, {5, 6}, {2, 3}], [{8, 1}, {4, 7}, {5, 6}, {3}, {2}], [{8, 1}, {4, 7}, {6}, {5}, {2, 3}], [{8, 1}, {5, 7}, {2, 6}, {3, 4}], [{8, 1}, {5, 7}, {3, 6}, {2, 4}], [{8, 1}, {5, 7}, {4, 6}, {2, 3}], [{8, 1}, {5, 7}, {6}, {2, 4}, {3}], [{8, 1}, {6, 7}, {2, 5}, {3, 4}], [{8, 1}, {6, 7}, {3, 5}, {2, 4}], [{8, 1}, {6, 7}, {4, 5}, {2, 3}], [{8, 1}, {6, 7}, {5}, {2, 4}, {3}], [{8, 1}, {7}, {2, 6}, {3, 5}, {4}], [{8, 1}, {7}, {3, 6}, {5}, {2, 4}], [{8, 1}, {7}, {4, 6}, {3, 5}, {2}], [{8, 1}, {7}, {5, 6}, {2, 4}, {3}], [{8, 1}, {7}, {6}, {2, 5}, {3, 4}], [{8, 1}, {7}, {6}, {3, 5}, {2, 4}], [{8, 2}, {1, 7}, {3, 6}, {4, 5}], [{8, 2}, {1, 7}, {4, 6}, {3, 5}], [{8, 2}, {1, 7}, {5, 6}, {3, 4}], [{8, 2}, {3, 7}, {1, 6}, {4, 5}], [{8, 2}, {3, 7}, {4, 6}, {1, 5}], [{8, 2}, {3, 7}, {5, 6}, {1, 4}], [{8, 2}, {3, 7}, {6}, {4, 5}, {1}], [{8, 2}, {4, 7}, {1, 6}, {3, 5}], [{8, 2}, {4, 7}, {3, 6}, {1, 5}], [{8, 2}, {4, 7}, {5, 6}, {1, 3}], [{8, 2}, {4, 7}, {6}, {3, 5}, {1}], [{8, 2}, {5, 7}, {1, 6}, {3, 4}], [{8, 2}, {5, 7}, {3, 6}, {1, 4}], [{8, 2}, {5, 7}, {4, 6}, {1, 3}], [{8, 2}, {6, 7}, {1, 5}, {3, 4}], [{8, 2}, {6, 7}, {3, 5}, {1, 4}], [{8, 2}, {6, 7}, {4, 5}, {1, 3}], [{8, 2}, {7}, {6}, {1, 5}, {3, 4}], [{8, 3}, {1, 7}, {2, 6}, {4, 5}], [{8, 3}, {1, 7}, {4, 6}, {2, 5}], [{8, 3}, {1, 7}, {5, 6}, {2, 4}], [{8, 3}, {1, 7}, {5, 6}, {4}, {2}], [{8, 3}, {1, 7}, {6}, {5}, {2, 4}], [{8, 3}, {2, 7}, {1, 6}, {4, 5}], [{8, 3}, {2, 7}, {4, 6}, {1, 5}], [{8, 3}, {2, 7}, {5, 6}, {1, 4}], [{8, 3}, {4, 7}, {1, 6}, {2, 5}], [{8, 3}, {4, 7}, {2, 6}, {1, 5}], [{8, 3}, {4, 7}, {2, 6}, {5}, {1}], [{8, 3}, {4, 7}, {5, 6}, {1, 2}], [{8, 3}, {4, 7}, {6}, {1, 5}, {2}], [{8, 3}, {5, 7}, {1, 6}, {2, 4}], [{8, 3}, {5, 7}, {2, 6}, {1, 4}], [{8, 3}, {5, 7}, {4, 6}, {1, 2}], [{8, 3}, {5, 7}, {4, 6}, {2}, {1}], [{8, 3}, {6, 7}, {1, 5}, {2, 4}], [{8, 3}, {6, 7}, {2, 5}, {1, 4}], [{8, 3}, {6, 7}, {4, 5}, {1, 2}], [{8, 4}, {1, 7}, {2, 6}, {3, 5}], [{8, 4}, {1, 7}, {3, 6}, {2, 5}], [{8, 4}, {1, 7}, {5, 6}, {2, 3}], [{8, 4}, {1, 7}, {5, 6}, {3}, {2}], [{8, 4}, {1, 7}, {6}, {5}, {2, 3}], [{8, 4}, {2, 7}, {1, 6}, {3, 5}], [{8, 4}, {2, 7}, {3, 6}, {1, 5}], [{8, 4}, {2, 7}, {5, 6}, {1, 3}], [{8, 4}, {2, 7}, {5, 6}, {3}, {1}], [{8, 4}, {3, 7}, {1, 6}, {2, 5}], [{8, 4}, {3, 7}, {2, 6}, {1, 5}], [{8, 4}, {3, 7}, {5, 6}, {1, 2}], [{8, 4}, {3, 7}, {6}, {1, 5}, {2}], [{8, 4}, {5, 7}, {1, 6}, {2, 3}], [{8, 4}, {5, 7}, {2, 6}, {1, 3}], [{8, 4}, {5, 7}, {3, 6}, {1, 2}], [{8, 4}, {5, 7}, {6}, {3}, {1, 2}], [{8, 4}, {6, 7}, {1, 5}, {2, 3}], [{8, 4}, {6, 7}, {2, 5}, {1, 3}], [{8, 4}, {6, 7}, {3, 5}, {1, 2}], [{8, 4}, {6, 7}, {5}, {3}, {1, 2}], [{8, 4}, {7}, {2, 6}, {3, 5}, {1}], [{8, 4}, {7}, {5, 6}, {3}, {1, 2}], [{8, 5}, {1, 7}, {2, 6}, {3, 4}], [{8, 5}, {1, 7}, {3, 6}, {2, 4}], [{8, 5}, {1, 7}, {4, 6}, {2, 3}], [{8, 5}, {1, 7}, {4, 6}, {3}, {2}], [{8, 5}, {2, 7}, {1, 6}, {3, 4}], [{8, 5}, {2, 7}, {3, 6}, {1, 4}], [{8, 5}, {2, 7}, {4, 6}, {1, 3}], [{8, 5}, {3, 7}, {1, 6}, {2, 4}], [{8, 5}, {3, 7}, {2, 6}, {1, 4}], [{8, 5}, {3, 7}, {4, 6}, {1, 2}], [{8, 5}, {3, 7}, {4, 6}, {2}, {1}], [{8, 5}, {3, 7}, {6}, {4}, {1, 2}], [{8, 5}, {4, 7}, {1, 6}, {2, 3}], [{8, 5}, {4, 7}, {2, 6}, {1, 3}], [{8, 5}, {4, 7}, {3, 6}, {1, 2}], [{8, 5}, {4, 7}, {6}, {3}, {1, 2}], [{8, 5}, {6, 7}, {1, 4}, {2, 3}], [{8, 5}, {6, 7}, {2, 4}, {1, 3}], [{8, 5}, {6, 7}, {3, 4}, {1, 2}], [{8, 5}, {7}, {1, 6}, {2, 4}, {3}], [{8, 5}, {7}, {2, 6}, {4}, {1, 3}], [{8, 5}, {7}, {3, 6}, {2, 4}, {1}], [{8, 5}, {7}, {4, 6}, {1, 3}, {2}], [{8, 5}, {7}, {6}, {2, 4}, {1, 3}], [{8, 5}, {7}, {6}, {3, 4}, {1, 2}], [{8, 6}, {1, 7}, {2, 5}, {3, 4}], [{8, 6}, {1, 7}, {3, 5}, {2, 4}], [{8, 6}, {1, 7}, {3, 5}, {4}, {2}], [{8, 6}, {1, 7}, {4, 5}, {2, 3}], [{8, 6}, {1, 7}, {5}, {2, 4}, {3}], [{8, 6}, {2, 7}, {1, 5}, {3, 4}], [{8, 6}, {2, 7}, {3, 5}, {1, 4}], [{8, 6}, {2, 7}, {4, 5}, {1, 3}], [{8, 6}, {3, 7}, {1, 5}, {2, 4}], [{8, 6}, {3, 7}, {2, 5}, {1, 4}], [{8, 6}, {3, 7}, {4, 5}, {1, 2}], [{8, 6}, {4, 7}, {1, 5}, {2, 3}], [{8, 6}, {4, 7}, {2, 5}, {1, 3}], [{8, 6}, {4, 7}, {2, 5}, {3}, {1}], [{8, 6}, {4, 7}, {3, 5}, {1, 2}], [{8, 6}, {5, 7}, {1, 4}, {2, 3}], [{8, 6}, {5, 7}, {2, 4}, {1, 3}], [{8, 6}, {5, 7}, {3, 4}, {1, 2}], [{8, 6}, {7}, {1, 5}, {3, 4}, {2}], [{8, 7}, {1, 6}, {2, 5}, {3, 4}], [{8, 7}, {1, 6}, {3, 5}, {2, 4}], [{8, 7}, {1, 6}, {4, 5}, {2, 3}], [{8, 7}, {2, 6}, {1, 5}, {3, 4}], [{8, 7}, {2, 6}, {3, 5}, {1, 4}], [{8, 7}, {2, 6}, {4, 5}, {1, 3}], [{8, 7}, {3, 6}, {1, 5}, {2, 4}], [{8, 7}, {3, 6}, {2, 5}, {1, 4}], [{8, 7}, {3, 6}, {4, 5}, {1, 2}], [{8, 7}, {3, 6}, {5}, {2, 4}, {1}], [{8, 7}, {4, 6}, {1, 5}, {2, 3}], [{8, 7}, {4, 6}, {2, 5}, {1, 3}], [{8, 7}, {4, 6}, {3, 5}, {1, 2}], [{8, 7}, {5, 6}, {1, 4}, {2, 3}], [{8, 7}, {5, 6}, {2, 4}, {1, 3}], [{8, 7}, {5, 6}, {3, 4}, {1, 2}], [{8, 7}, {6}, {1, 5}, {3, 4}, {2}], [{8}, {1, 7}, {3, 6}, {5}, {2, 4}], [{8}, {1, 7}, {5, 6}, {3, 4}, {2}], [{8}, {2, 7}, {3, 6}, {5}, {1, 4}], [{8}, {2, 7}, {5, 6}, {1, 4}, {3}], [{8}, {2, 7}, {6}, {1, 5}, {3, 4}], [{8}, {2, 7}, {6}, {3, 5}, {1, 4}], [{8}, {3, 7}, {1, 6}, {4, 5}, {2}], [{8}, {3, 7}, {5, 6}, {2, 4}, {1}], [{8}, {3, 7}, {6}, {2, 5}, {1, 4}], [{8}, {4, 7}, {1, 6}, {3, 5}, {2}], [{8}, {4, 7}, {3, 6}, {5}, {1, 2}], [{8}, {4, 7}, {6}, {2, 5}, {1, 3}], [{8}, {5, 7}, {1, 6}, {3, 4}, {2}], [{8}, {5, 7}, {3, 6}, {2, 4}, {1}], [{8}, {6, 7}, {1, 5}, {3, 4}, {2}], [{8}, {6, 7}, {3, 5}, {1, 4}, {2}], [{8}, {6, 7}, {3, 5}, {2, 4}, {1}], [{8}, {6, 7}, {3, 5}, {4}, {1, 2}], [{8}, {6, 7}, {4, 5}, {1, 3}, {2}], [{8}, {7}, {2, 6}, {1, 5}, {3, 4}], [{8}, {7}, {2, 6}, {3, 5}, {1, 4}], [{8}, {7}, {3, 6}, {1, 5}, {2, 4}], [{8}, {7}, {3, 6}, {5}, {2, 4}, {1}], [{8}, {7}, {4, 6}, {1, 5}, {2, 3}], [{8}, {7}, {6}, {1, 5}, {3, 4}, {2}]]",2,32 K_1^3 + 4 K_1^2 K_2 - 28 K_1^2 - 42 K_1 K_2 - 6 K_1 K_3 - 3 K_1 - 2 K_2^2 + 15 K_2 + 13 K_3 + 3 K_4 + 15,O1O2O3O4U3U5O6U7U8O5O7U1U6U4O8U2,O1O2O3U4U5O6O4U2O5O7U1U7U8U3O8U6,O1O2O3U4O5U1U5U6U3O6O7U2O8O4U7U8,c,{'O1O2O3O4U3O5U1U6U4O7O8U5U7O6U8U2'},1,"<a href=""/flatknot/8.704446"">8.704446</a>",t^9-51t^7-98t^6+180t^5+316t^4-228t^3-214t^2+46t+6,t^3-t^2-t,,
8.704447,O1O2O3O4U3O5U1U6U4O7O8U5U8O6U2U7,3,14z^2+81z+107,-2w^4z^2+16w^3z^2-6w^3z+87w^2z+107w,False,False,"[[ 0 -3  0 -1  2  1 -1  1  1],[ 3  0  3  0  2  2  1  2  1],[ 0 -3  0 -1  1  1 -2  1  1],[ 1  0  1  0  1  1  0  0  0],[-2 -2 -1 -1  0  1 -3  0  1],[-1 -2 -1 -1 -1  0 -2  1  1],[ 1 -1  2  0  3  2  0  1  1],[-1 -2 -1  0  0 -1 -1  0  0],[-1 -1 -1  0 -1 -1 -1  0  0]]","[[ 0  2  1  1  1  0 -1 -1 -3],[-2  0  1  1  0 -1 -1 -3 -2],[-1 -1  0  1  1 -1 -1 -2 -2],[-1 -1 -1  0  0 -1  0 -1 -1],[-1  0 -1  0  0 -1  0 -1 -2],[ 0  1  1  1  1  0 -1 -2 -3],[ 1  1  1  0  0  1  0  0  0],[ 1  3  2  1  1  2  0  0 -1],[ 3  2  2  1  2  3  0  1  0]]",True,"[-2,-1,-1,-1,0,1,1,3,-1,-1,0,1,1,3,2,-1,-1,1,1,2,2,0,1,0,1,1,1,0,1,2,1,2,3,0,0,1]","[-3,-1,-1,0,1,1,1,2,0,1,3,1,2,2,2,0,1,0,0,1,1,2,1,1,2,3,1,1,1,1,0,-1,-1,-1,0,-1]",t^8+53t^6+176t^4+35t^2,"[-3,-1,-1,0,1,1,1,2,1,2,0,2,2,3,3,0,-1,0,1,1,0,0,1,2,2,2,0,0,0,1,-1,-1,2,0,1,2]","[-2,-1,-1,-1,0,1,1,3,1,2,2,1,0,2,3,-1,0,0,1,2,2,1,0,0,1,2,0,1,2,3,-1,0,0,0,1,2]","[-3,-1,-1,0,1,1,1,2,0,1,3,1,2,2,2,0,1,0,0,1,1,2,1,1,2,3,1,1,1,1,0,-1,-1,-1,0,-1]",c,"[[{8, 1}, {2, 7}, {3, 6}, {4, 5}], [{8, 1}, {2, 7}, {4, 6}, {3, 5}], [{8, 1}, {2, 7}, {5, 6}, {3, 4}], [{8, 1}, {3, 7}, {2, 6}, {4, 5}], [{8, 1}, {3, 7}, {2, 6}, {5}, {4}], [{8, 1}, {3, 7}, {4, 6}, {2, 5}], [{8, 1}, {3, 7}, {5, 6}, {2, 4}], [{8, 1}, {3, 7}, {5, 6}, {4}, {2}], [{8, 1}, {3, 7}, {6}, {2, 5}, {4}], [{8, 1}, {4, 7}, {2, 6}, {3, 5}], [{8, 1}, {4, 7}, {3, 6}, {2, 5}], [{8, 1}, {4, 7}, {5, 6}, {2, 3}], [{8, 1}, {5, 7}, {2, 6}, {3, 4}], [{8, 1}, {5, 7}, {3, 6}, {2, 4}], [{8, 1}, {5, 7}, {4, 6}, {2, 3}], [{8, 1}, {6, 7}, {2, 5}, {3, 4}], [{8, 1}, {6, 7}, {3, 5}, {2, 4}], [{8, 1}, {6, 7}, {3, 5}, {4}, {2}], [{8, 1}, {6, 7}, {4, 5}, {2, 3}], [{8, 2}, {1, 7}, {3, 6}, {4, 5}], [{8, 2}, {1, 7}, {4, 6}, {3, 5}], [{8, 2}, {1, 7}, {5, 6}, {3, 4}], [{8, 2}, {3, 7}, {1, 6}, {4, 5}], [{8, 2}, {3, 7}, {1, 6}, {5}, {4}], [{8, 2}, {3, 7}, {4, 6}, {1, 5}], [{8, 2}, {3, 7}, {4, 6}, {5}, {1}], [{8, 2}, {3, 7}, {5, 6}, {1, 4}], [{8, 2}, {3, 7}, {6}, {5}, {1, 4}], [{8, 2}, {4, 7}, {1, 6}, {3, 5}], [{8, 2}, {4, 7}, {3, 6}, {1, 5}], [{8, 2}, {4, 7}, {5, 6}, {1, 3}], [{8, 2}, {5, 7}, {1, 6}, {3, 4}], [{8, 2}, {5, 7}, {1, 6}, {4}, {3}], [{8, 2}, {5, 7}, {3, 6}, {1, 4}], [{8, 2}, {5, 7}, {4, 6}, {1, 3}], [{8, 2}, {5, 7}, {4, 6}, {3}, {1}], [{8, 2}, {5, 7}, {6}, {1, 4}, {3}], [{8, 2}, {6, 7}, {1, 5}, {3, 4}], [{8, 2}, {6, 7}, {3, 5}, {1, 4}], [{8, 2}, {6, 7}, {4, 5}, {1, 3}], [{8, 2}, {6, 7}, {5}, {1, 4}, {3}], [{8, 2}, {7}, {1, 6}, {3, 5}, {4}], [{8, 2}, {7}, {3, 6}, {5}, {1, 4}], [{8, 2}, {7}, {4, 6}, {3, 5}, {1}], [{8, 2}, {7}, {5, 6}, {1, 4}, {3}], [{8, 2}, {7}, {6}, {3, 5}, {1, 4}], [{8, 2}, {7}, {6}, {5}, {1, 4}, {3}], [{8, 3}, {1, 7}, {2, 6}, {4, 5}], [{8, 3}, {1, 7}, {4, 6}, {2, 5}], [{8, 3}, {1, 7}, {5, 6}, {2, 4}], [{8, 3}, {1, 7}, {5, 6}, {4}, {2}], [{8, 3}, {2, 7}, {1, 6}, {4, 5}], [{8, 3}, {2, 7}, {4, 6}, {1, 5}], [{8, 3}, {2, 7}, {5, 6}, {1, 4}], [{8, 3}, {2, 7}, {6}, {5}, {1, 4}], [{8, 3}, {4, 7}, {1, 6}, {2, 5}], [{8, 3}, {4, 7}, {2, 6}, {1, 5}], [{8, 3}, {4, 7}, {5, 6}, {1, 2}], [{8, 3}, {4, 7}, {5, 6}, {2}, {1}], [{8, 3}, {5, 7}, {1, 6}, {2, 4}], [{8, 3}, {5, 7}, {2, 6}, {1, 4}], [{8, 3}, {5, 7}, {4, 6}, {1, 2}], [{8, 3}, {5, 7}, {6}, {1, 4}, {2}], [{8, 3}, {6, 7}, {1, 5}, {2, 4}], [{8, 3}, {6, 7}, {1, 5}, {4}, {2}], [{8, 3}, {6, 7}, {2, 5}, {1, 4}], [{8, 3}, {6, 7}, {4, 5}, {1, 2}], [{8, 3}, {6, 7}, {4, 5}, {2}, {1}], [{8, 3}, {6, 7}, {5}, {1, 4}, {2}], [{8, 3}, {7}, {2, 6}, {5}, {1, 4}], [{8, 3}, {7}, {5, 6}, {1, 4}, {2}], [{8, 3}, {7}, {6}, {2, 5}, {1, 4}], [{8, 3}, {7}, {6}, {5}, {1, 4}, {2}], [{8, 4}, {1, 7}, {2, 6}, {3, 5}], [{8, 4}, {1, 7}, {3, 6}, {2, 5}], [{8, 4}, {1, 7}, {5, 6}, {2, 3}], [{8, 4}, {2, 7}, {1, 6}, {3, 5}], [{8, 4}, {2, 7}, {3, 6}, {1, 5}], [{8, 4}, {2, 7}, {5, 6}, {1, 3}], [{8, 4}, {3, 7}, {1, 6}, {2, 5}], [{8, 4}, {3, 7}, {2, 6}, {1, 5}], [{8, 4}, {3, 7}, {2, 6}, {5}, {1}], [{8, 4}, {3, 7}, {5, 6}, {1, 2}], [{8, 4}, {3, 7}, {5, 6}, {2}, {1}], [{8, 4}, {3, 7}, {6}, {2, 5}, {1}], [{8, 4}, {5, 7}, {1, 6}, {2, 3}], [{8, 4}, {5, 7}, {2, 6}, {1, 3}], [{8, 4}, {5, 7}, {3, 6}, {1, 2}], [{8, 4}, {6, 7}, {1, 5}, {2, 3}], [{8, 4}, {6, 7}, {2, 5}, {1, 3}], [{8, 4}, {6, 7}, {3, 5}, {1, 2}], [{8, 4}, {6, 7}, {3, 5}, {2}, {1}], [{8, 5}, {1, 7}, {2, 6}, {3, 4}], [{8, 5}, {1, 7}, {2, 6}, {4}, {3}], [{8, 5}, {1, 7}, {3, 6}, {2, 4}], [{8, 5}, {1, 7}, {3, 6}, {4}, {2}], [{8, 5}, {1, 7}, {4, 6}, {2, 3}], [{8, 5}, {1, 7}, {4, 6}, {3}, {2}], [{8, 5}, {1, 7}, {6}, {2, 4}, {3}], [{8, 5}, {1, 7}, {6}, {3, 4}, {2}], [{8, 5}, {1, 7}, {6}, {4}, {2, 3}], [{8, 5}, {1, 7}, {6}, {4}, {3}, {2}], [{8, 5}, {2, 7}, {1, 6}, {3, 4}], [{8, 5}, {2, 7}, {3, 6}, {1, 4}], [{8, 5}, {2, 7}, {4, 6}, {1, 3}], [{8, 5}, {2, 7}, {6}, {1, 4}, {3}], [{8, 5}, {3, 7}, {1, 6}, {2, 4}], [{8, 5}, {3, 7}, {2, 6}, {1, 4}], [{8, 5}, {3, 7}, {4, 6}, {1, 2}], [{8, 5}, {3, 7}, {6}, {1, 4}, {2}], [{8, 5}, {4, 7}, {1, 6}, {2, 3}], [{8, 5}, {4, 7}, {1, 6}, {3}, {2}], [{8, 5}, {4, 7}, {2, 6}, {1, 3}], [{8, 5}, {4, 7}, {2, 6}, {3}, {1}], [{8, 5}, {4, 7}, {3, 6}, {1, 2}], [{8, 5}, {4, 7}, {3, 6}, {2}, {1}], [{8, 5}, {4, 7}, {6}, {1, 3}, {2}], [{8, 5}, {4, 7}, {6}, {2, 3}, {1}], [{8, 5}, {4, 7}, {6}, {3}, {1, 2}], [{8, 5}, {4, 7}, {6}, {3}, {2}, {1}], [{8, 5}, {6, 7}, {1, 4}, {2, 3}], [{8, 5}, {6, 7}, {1, 4}, {3}, {2}], [{8, 5}, {6, 7}, {2, 4}, {1, 3}], [{8, 5}, {6, 7}, {3, 4}, {1, 2}], [{8, 5}, {7}, {2, 6}, {1, 4}, {3}], [{8, 5}, {7}, {3, 6}, {1, 4}, {2}], [{8, 5}, {7}, {6}, {1, 4}, {2, 3}], [{8, 5}, {7}, {6}, {1, 4}, {3}, {2}], [{8, 6}, {1, 7}, {2, 5}, {3, 4}], [{8, 6}, {1, 7}, {3, 5}, {2, 4}], [{8, 6}, {1, 7}, {3, 5}, {4}, {2}], [{8, 6}, {1, 7}, {4, 5}, {2, 3}], [{8, 6}, {2, 7}, {1, 5}, {3, 4}], [{8, 6}, {2, 7}, {3, 5}, {1, 4}], [{8, 6}, {2, 7}, {4, 5}, {1, 3}], [{8, 6}, {2, 7}, {5}, {1, 4}, {3}], [{8, 6}, {3, 7}, {1, 5}, {2, 4}], [{8, 6}, {3, 7}, {1, 5}, {4}, {2}], [{8, 6}, {3, 7}, {2, 5}, {1, 4}], [{8, 6}, {3, 7}, {4, 5}, {1, 2}], [{8, 6}, {3, 7}, {4, 5}, {2}, {1}], [{8, 6}, {3, 7}, {5}, {1, 4}, {2}], [{8, 6}, {4, 7}, {1, 5}, {2, 3}], [{8, 6}, {4, 7}, {2, 5}, {1, 3}], [{8, 6}, {4, 7}, {3, 5}, {1, 2}], [{8, 6}, {4, 7}, {3, 5}, {2}, {1}], [{8, 6}, {5, 7}, {1, 4}, {2, 3}], [{8, 6}, {5, 7}, {1, 4}, {3}, {2}], [{8, 6}, {5, 7}, {2, 4}, {1, 3}], [{8, 6}, {5, 7}, {3, 4}, {1, 2}], [{8, 6}, {7}, {2, 5}, {1, 4}, {3}], [{8, 6}, {7}, {3, 5}, {1, 4}, {2}], [{8, 6}, {7}, {5}, {1, 4}, {2, 3}], [{8, 6}, {7}, {5}, {1, 4}, {3}, {2}], [{8, 7}, {1, 6}, {2, 5}, {3, 4}], [{8, 7}, {1, 6}, {3, 5}, {2, 4}], [{8, 7}, {1, 6}, {4, 5}, {2, 3}], [{8, 7}, {2, 6}, {1, 5}, {3, 4}], [{8, 7}, {2, 6}, {3, 5}, {1, 4}], [{8, 7}, {2, 6}, {4, 5}, {1, 3}], [{8, 7}, {2, 6}, {5}, {1, 4}, {3}], [{8, 7}, {3, 6}, {1, 5}, {2, 4}], [{8, 7}, {3, 6}, {2, 5}, {1, 4}], [{8, 7}, {3, 6}, {4, 5}, {1, 2}], [{8, 7}, {3, 6}, {5}, {1, 4}, {2}], [{8, 7}, {4, 6}, {1, 5}, {2, 3}], [{8, 7}, {4, 6}, {2, 5}, {1, 3}], [{8, 7}, {4, 6}, {3, 5}, {1, 2}], [{8, 7}, {5, 6}, {1, 4}, {2, 3}], [{8, 7}, {5, 6}, {1, 4}, {3}, {2}], [{8, 7}, {5, 6}, {2, 4}, {1, 3}], [{8, 7}, {5, 6}, {3, 4}, {1, 2}], [{8, 7}, {6}, {2, 5}, {1, 4}, {3}], [{8, 7}, {6}, {3, 5}, {1, 4}, {2}], [{8, 7}, {6}, {3, 5}, {2, 4}, {1}], [{8, 7}, {6}, {3, 5}, {4}, {1, 2}], [{8, 7}, {6}, {5}, {1, 4}, {2, 3}], [{8, 7}, {6}, {5}, {1, 4}, {3}, {2}], [{8}, {2, 7}, {1, 6}, {4, 5}, {3}], [{8}, {2, 7}, {3, 6}, {5}, {1, 4}], [{8}, {2, 7}, {4, 6}, {1, 5}, {3}], [{8}, {2, 7}, {5, 6}, {1, 4}, {3}], [{8}, {2, 7}, {6}, {3, 5}, {1, 4}], [{8}, {2, 7}, {6}, {5}, {1, 4}, {3}], [{8}, {3, 7}, {2, 6}, {5}, {1, 4}], [{8}, {3, 7}, {5, 6}, {1, 4}, {2}], [{8}, {3, 7}, {6}, {2, 5}, {1, 4}], [{8}, {3, 7}, {6}, {5}, {1, 4}, {2}], [{8}, {5, 7}, {2, 6}, {1, 4}, {3}], [{8}, {5, 7}, {3, 6}, {1, 4}, {2}], [{8}, {5, 7}, {6}, {1, 4}, {2, 3}], [{8}, {5, 7}, {6}, {1, 4}, {3}, {2}], [{8}, {6, 7}, {2, 5}, {1, 4}, {3}], [{8}, {6, 7}, {3, 5}, {1, 4}, {2}], [{8}, {6, 7}, {5}, {1, 4}, {2, 3}], [{8}, {6, 7}, {5}, {1, 4}, {3}, {2}], [{8}, {7}, {2, 6}, {3, 5}, {1, 4}], [{8}, {7}, {2, 6}, {5}, {1, 4}, {3}], [{8}, {7}, {3, 6}, {2, 5}, {1, 4}], [{8}, {7}, {3, 6}, {5}, {1, 4}, {2}], [{8}, {7}, {5, 6}, {1, 4}, {2, 3}], [{8}, {7}, {5, 6}, {1, 4}, {3}, {2}], [{8}, {7}, {6}, {2, 5}, {1, 4}, {3}], [{8}, {7}, {6}, {3, 5}, {1, 4}, {2}], [{8}, {7}, {6}, {5}, {1, 4}, {2, 3}], [{8}, {7}, {6}, {5}, {1, 4}, {3}, {2}]]",2,- 8 K_1^4 + 24 K_1^3 + 12 K_1^2 K_2 - 38 K_1^2 - 34 K_1 K_2 - 4 K_1 K_3 - K_1 - 2 K_2^2 + 19 K_2 + 11 K_3 + K_4 + 21,O1O2O3O4U5U3O6U7U8O7O5U1U6U4O8U2,O1O2O3U4U5O6O5U2O7O4U1U7U8U3O8U6,O1O2O3U4O5U1U5U6U3O7O6U2O8O4U8U7,c,{'O1O2O3O4U3O5U1U6U4O7O8U5U8O6U2U7'},1,"<a href=""/flatknot/8.704447"">8.704447</a>",t^9-57t^7-168t^6-55t^5+212t^4+139t^3-38t^2-44t-8,t^3-t^2-t,,
8.704448,O1O2O3O4U3O5U1U6U4O7O8U5U8O6U7U2,4,15z^2+100z+141,15w^3z^2+100w^2z+141w,False,False,"[[ 0 -3  1 -1  2  1 -1  0  1],[ 3  0  3  0  2  2  1  1  1],[-1 -3  0 -1  1  0 -2  0  1],[ 1  0  1  0  1  1  0  0  0],[-2 -2 -1 -1  0  1 -3  0  1],[-1 -2  0 -1 -1  0 -2  1  1],[ 1 -1  2  0  3  2  0  0  1],[ 0 -1  0  0  0 -1  0  0  0],[-1 -1 -1  0 -1 -1 -1  0  0]]","[[ 0  2  1  1  1  0 -1 -1 -3],[-2  0  1  1 -1  0 -1 -3 -2],[-1 -1  0  1  0  1 -1 -2 -2],[-1 -1 -1  0 -1  0  0 -1 -1],[-1  1  0  1  0  0 -1 -2 -3],[ 0  0 -1  0  0  0  0  0 -1],[ 1  1  1  0  1  0  0  0  0],[ 1  3  2  1  2  0  0  0 -1],[ 3  2  2  1  3  1  0  1  0]]",True,"[-2,-1,-1,-1,0,1,1,3,-1,-1,1,0,1,3,2,-1,0,-1,1,2,2,1,0,0,1,1,0,1,2,3,0,0,1,0,0,1]","[-3,-1,-1,0,1,1,1,2,0,1,1,1,2,3,2,0,0,0,1,1,1,0,1,2,2,3,0,-1,0,0,-1,-1,-1,0,-1,1]",t^8+47t^6+172t^4+26t^2,"[-3,-1,-1,0,1,1,1,2,1,2,2,1,2,3,3,0,1,0,0,1,0,1,1,1,2,2,1,2,1,2,0,-1,0,-1,2,2]","[-2,-1,-1,-1,0,1,1,3,0,2,2,2,0,2,3,0,1,1,0,1,1,1,2,0,1,2,1,1,2,3,1,1,2,0,1,2]","[-3,-1,-1,0,1,1,1,2,0,1,1,1,2,3,2,0,0,0,1,1,1,0,1,2,2,3,0,-1,0,0,-1,-1,-1,0,-1,1]",c,"[[{8, 1}, {2, 7}, {3, 6}, {4, 5}], [{8, 1}, {2, 7}, {4, 6}, {3, 5}], [{8, 1}, {2, 7}, {5, 6}, {3, 4}], [{8, 1}, {3, 7}, {2, 6}, {4, 5}], [{8, 1}, {3, 7}, {4, 6}, {2, 5}], [{8, 1}, {3, 7}, {4, 6}, {5}, {2}], [{8, 1}, {3, 7}, {5, 6}, {2, 4}], [{8, 1}, {3, 7}, {5, 6}, {4}, {2}], [{8, 1}, {3, 7}, {6}, {4, 5}, {2}], [{8, 1}, {4, 7}, {2, 6}, {3, 5}], [{8, 1}, {4, 7}, {3, 6}, {2, 5}], [{8, 1}, {4, 7}, {5, 6}, {2, 3}], [{8, 1}, {4, 7}, {5, 6}, {3}, {2}], [{8, 1}, {4, 7}, {6}, {5}, {2, 3}], [{8, 1}, {5, 7}, {2, 6}, {3, 4}], [{8, 1}, {5, 7}, {3, 6}, {2, 4}], [{8, 1}, {5, 7}, {4, 6}, {2, 3}], [{8, 1}, {5, 7}, {4, 6}, {3}, {2}], [{8, 1}, {6, 7}, {2, 5}, {3, 4}], [{8, 1}, {6, 7}, {3, 5}, {2, 4}], [{8, 1}, {6, 7}, {4, 5}, {2, 3}], [{8, 1}, {7}, {4, 6}, {3, 5}, {2}], [{8, 1}, {7}, {5, 6}, {3, 4}, {2}], [{8, 2}, {1, 7}, {3, 6}, {4, 5}], [{8, 2}, {1, 7}, {4, 6}, {3, 5}], [{8, 2}, {1, 7}, {5, 6}, {3, 4}], [{8, 2}, {3, 7}, {1, 6}, {4, 5}], [{8, 2}, {3, 7}, {4, 6}, {1, 5}], [{8, 2}, {3, 7}, {5, 6}, {1, 4}], [{8, 2}, {4, 7}, {1, 6}, {3, 5}], [{8, 2}, {4, 7}, {3, 6}, {1, 5}], [{8, 2}, {4, 7}, {5, 6}, {1, 3}], [{8, 2}, {5, 7}, {1, 6}, {3, 4}], [{8, 2}, {5, 7}, {3, 6}, {1, 4}], [{8, 2}, {5, 7}, {4, 6}, {1, 3}], [{8, 2}, {6, 7}, {1, 5}, {3, 4}], [{8, 2}, {6, 7}, {3, 5}, {1, 4}], [{8, 2}, {6, 7}, {4, 5}, {1, 3}], [{8, 2}, {7}, {1, 6}, {3, 5}, {4}], [{8, 2}, {7}, {3, 6}, {1, 5}, {4}], [{8, 2}, {7}, {5, 6}, {4}, {1, 3}], [{8, 3}, {1, 7}, {2, 6}, {4, 5}], [{8, 3}, {1, 7}, {4, 6}, {2, 5}], [{8, 3}, {1, 7}, {5, 6}, {2, 4}], [{8, 3}, {2, 7}, {1, 6}, {4, 5}], [{8, 3}, {2, 7}, {4, 6}, {1, 5}], [{8, 3}, {2, 7}, {5, 6}, {1, 4}], [{8, 3}, {2, 7}, {6}, {5}, {1, 4}], [{8, 3}, {4, 7}, {1, 6}, {2, 5}], [{8, 3}, {4, 7}, {2, 6}, {1, 5}], [{8, 3}, {4, 7}, {5, 6}, {1, 2}], [{8, 3}, {4, 7}, {6}, {2, 5}, {1}], [{8, 3}, {5, 7}, {1, 6}, {2, 4}], [{8, 3}, {5, 7}, {2, 6}, {1, 4}], [{8, 3}, {5, 7}, {4, 6}, {1, 2}], [{8, 3}, {6, 7}, {1, 5}, {2, 4}], [{8, 3}, {6, 7}, {2, 5}, {1, 4}], [{8, 3}, {6, 7}, {4, 5}, {1, 2}], [{8, 3}, {7}, {5, 6}, {1, 4}, {2}], [{8, 3}, {7}, {5, 6}, {2, 4}, {1}], [{8, 3}, {7}, {5, 6}, {4}, {1, 2}], [{8, 4}, {1, 7}, {2, 6}, {3, 5}], [{8, 4}, {1, 7}, {3, 6}, {2, 5}], [{8, 4}, {1, 7}, {5, 6}, {2, 3}], [{8, 4}, {1, 7}, {5, 6}, {3}, {2}], [{8, 4}, {1, 7}, {6}, {5}, {2, 3}], [{8, 4}, {2, 7}, {1, 6}, {3, 5}], [{8, 4}, {2, 7}, {3, 6}, {1, 5}], [{8, 4}, {2, 7}, {5, 6}, {1, 3}], [{8, 4}, {3, 7}, {1, 6}, {2, 5}], [{8, 4}, {3, 7}, {2, 6}, {1, 5}], [{8, 4}, {3, 7}, {5, 6}, {1, 2}], [{8, 4}, {5, 7}, {1, 6}, {2, 3}], [{8, 4}, {5, 7}, {2, 6}, {1, 3}], [{8, 4}, {5, 7}, {3, 6}, {1, 2}], [{8, 4}, {5, 7}, {6}, {3}, {1, 2}], [{8, 4}, {6, 7}, {1, 5}, {2, 3}], [{8, 4}, {6, 7}, {2, 5}, {1, 3}], [{8, 4}, {6, 7}, {3, 5}, {1, 2}], [{8, 4}, {7}, {3, 6}, {1, 5}, {2}], [{8, 5}, {1, 7}, {2, 6}, {3, 4}], [{8, 5}, {1, 7}, {3, 6}, {2, 4}], [{8, 5}, {1, 7}, {4, 6}, {2, 3}], [{8, 5}, {2, 7}, {1, 6}, {3, 4}], [{8, 5}, {2, 7}, {3, 6}, {1, 4}], [{8, 5}, {2, 7}, {4, 6}, {1, 3}], [{8, 5}, {3, 7}, {1, 6}, {2, 4}], [{8, 5}, {3, 7}, {2, 6}, {1, 4}], [{8, 5}, {3, 7}, {4, 6}, {1, 2}], [{8, 5}, {4, 7}, {1, 6}, {2, 3}], [{8, 5}, {4, 7}, {2, 6}, {1, 3}], [{8, 5}, {4, 7}, {3, 6}, {1, 2}], [{8, 5}, {4, 7}, {6}, {3}, {1, 2}], [{8, 5}, {6, 7}, {1, 4}, {2, 3}], [{8, 5}, {6, 7}, {2, 4}, {1, 3}], [{8, 5}, {6, 7}, {3, 4}, {1, 2}], [{8, 6}, {1, 7}, {2, 5}, {3, 4}], [{8, 6}, {1, 7}, {3, 5}, {2, 4}], [{8, 6}, {1, 7}, {4, 5}, {2, 3}], [{8, 6}, {2, 7}, {1, 5}, {3, 4}], [{8, 6}, {2, 7}, {3, 5}, {1, 4}], [{8, 6}, {2, 7}, {4, 5}, {1, 3}], [{8, 6}, {2, 7}, {5}, {1, 4}, {3}], [{8, 6}, {3, 7}, {1, 5}, {2, 4}], [{8, 6}, {3, 7}, {2, 5}, {1, 4}], [{8, 6}, {3, 7}, {4, 5}, {1, 2}], [{8, 6}, {4, 7}, {1, 5}, {2, 3}], [{8, 6}, {4, 7}, {2, 5}, {1, 3}], [{8, 6}, {4, 7}, {2, 5}, {3}, {1}], [{8, 6}, {4, 7}, {3, 5}, {1, 2}], [{8, 6}, {5, 7}, {1, 4}, {2, 3}], [{8, 6}, {5, 7}, {2, 4}, {1, 3}], [{8, 6}, {5, 7}, {3, 4}, {1, 2}], [{8, 6}, {7}, {3, 5}, {1, 4}, {2}], [{8, 6}, {7}, {3, 5}, {2, 4}, {1}], [{8, 6}, {7}, {3, 5}, {4}, {1, 2}], [{8, 7}, {1, 6}, {2, 5}, {3, 4}], [{8, 7}, {1, 6}, {3, 5}, {2, 4}], [{8, 7}, {1, 6}, {4, 5}, {2, 3}], [{8, 7}, {2, 6}, {1, 5}, {3, 4}], [{8, 7}, {2, 6}, {3, 5}, {1, 4}], [{8, 7}, {2, 6}, {4, 5}, {1, 3}], [{8, 7}, {2, 6}, {5}, {1, 4}, {3}], [{8, 7}, {3, 6}, {1, 5}, {2, 4}], [{8, 7}, {3, 6}, {1, 5}, {4}, {2}], [{8, 7}, {3, 6}, {2, 5}, {1, 4}], [{8, 7}, {3, 6}, {4, 5}, {1, 2}], [{8, 7}, {4, 6}, {1, 5}, {2, 3}], [{8, 7}, {4, 6}, {2, 5}, {1, 3}], [{8, 7}, {4, 6}, {3, 5}, {1, 2}], [{8, 7}, {4, 6}, {5}, {1, 3}, {2}], [{8, 7}, {5, 6}, {1, 4}, {2, 3}], [{8, 7}, {5, 6}, {2, 4}, {1, 3}], [{8, 7}, {5, 6}, {3, 4}, {1, 2}], [{8, 7}, {6}, {3, 5}, {1, 4}, {2}], [{8, 7}, {6}, {3, 5}, {2, 4}, {1}], [{8, 7}, {6}, {3, 5}, {4}, {1, 2}], [{8}, {1, 7}, {3, 6}, {2, 5}, {4}], [{8}, {1, 7}, {3, 6}, {4, 5}, {2}], [{8}, {1, 7}, {3, 6}, {5}, {2, 4}], [{8}, {2, 7}, {3, 6}, {1, 5}, {4}], [{8}, {2, 7}, {3, 6}, {4, 5}, {1}], [{8}, {2, 7}, {3, 6}, {5}, {1, 4}], [{8}, {3, 7}, {6}, {2, 5}, {1, 4}], [{8}, {4, 7}, {2, 6}, {3, 5}, {1}], [{8}, {4, 7}, {3, 6}, {1, 5}, {2}], [{8}, {4, 7}, {3, 6}, {2, 5}, {1}], [{8}, {4, 7}, {3, 6}, {5}, {1, 2}], [{8}, {5, 7}, {3, 6}, {1, 4}, {2}], [{8}, {5, 7}, {3, 6}, {2, 4}, {1}], [{8}, {5, 7}, {3, 6}, {4}, {1, 2}], [{8}, {6, 7}, {2, 5}, {1, 4}, {3}], [{8}, {6, 7}, {3, 5}, {1, 4}, {2}], [{8}, {6, 7}, {3, 5}, {2, 4}, {1}], [{8}, {6, 7}, {3, 5}, {4}, {1, 2}], [{8}, {6, 7}, {5}, {1, 4}, {2, 3}], [{8}, {7}, {3, 6}, {1, 5}, {2, 4}], [{8}, {7}, {3, 6}, {1, 5}, {4}, {2}], [{8}, {7}, {3, 6}, {2, 5}, {1, 4}], [{8}, {7}, {3, 6}, {4, 5}, {1, 2}]]",2,4 K_1^3 + 12 K_1^2 K_2 - 20 K_1^2 - 18 K_1 K_2 - 14 K_1 K_3 + 6 K_1 - 2 K_2^2 + 11 K_2 + 8 K_3 + 5 K_4 + 9,O1O2O3O4U3U5O6U7U8O7O5U1U6U4O8U2,O1O2O3U4U5O6O5U2O4O7U1U7U8U3O8U6,O1O2O3U4O5U1U5U6U3O6O7U2O8O4U8U7,c,{'O1O2O3O4U3O5U1U6U4O7O8U5U8O6U7U2'},1,"<a href=""/flatknot/8.704448"">8.704448</a>",t^9-51t^7-108t^6+109t^5+266t^4-64t^3-136t^2-7t+14,t^3-t^2-t,,
8.704449,O1O2O3O4U3O5U1U6U4O7O8U7U2O6U5U8,4,2z^3+25z^2+104z+125,2w^4z^3+25w^3z^2+104w^2z+125w,False,False,"[[ 0 -3  0 -1  2  2 -1 -1  2],[ 3  0  2  0  2  3  1  0  2],[ 0 -2  0 -1  1  1 -1  0  2],[ 1  0  1  0  1  1  0  0  0],[-2 -2 -1 -1  0  0 -2  0  0],[-2 -3 -1 -1  0  0 -2  0  1],[ 1 -1  1  0  2  2  0 -1  1],[ 1  0  0  0  0  0  1  0  1],[-2 -2 -2  0  0 -1 -1 -1  0]]","[[ 0  2  2  2  0 -1 -1 -1 -3],[-2  0  1  0 -1  0 -1 -2 -3],[-2 -1  0  0 -2 -1  0 -1 -2],[-2  0  0  0 -1  0 -1 -2 -2],[ 0  1  2  1  0  0 -1 -1 -2],[ 1  0  1  0  0  0  0  1  0],[ 1  1  0  1  1  0  0  0  0],[ 1  2  1  2  1 -1  0  0 -1],[ 3  3  2  2  2  0  0  1  0]]",True,"[-2,-2,-2,0,1,1,1,3,-1,0,1,0,1,2,3,0,2,1,0,1,2,1,0,1,2,2,0,1,1,2,0,-1,0,0,0,1]","[-3,-1,-1,-1,0,2,2,2,0,0,1,2,2,2,3,0,0,1,0,1,1,1,0,1,0,0,1,1,2,2,2,1,1,0,-1,0]",t^8+44t^6+143t^4+27t^2+1,"[-3,-1,-1,-1,0,2,2,2,1,2,2,1,2,3,3,0,1,0,1,1,2,0,0,2,2,3,1,3,3,2,1,1,0,0,-1,0]","[-2,-2,-2,0,1,1,1,3,-1,0,0,2,2,3,3,0,1,1,3,2,2,1,1,3,2,3,0,1,0,1,-1,0,1,0,2,2]","[-3,-1,-1,-1,0,2,2,2,0,0,1,2,2,2,3,0,0,1,0,1,1,1,0,1,0,0,1,1,2,2,2,1,1,0,-1,0]",c,"[[{8, 1}, {6, 7}, {4, 5}, {2, 3}], [{8, 1}, {6, 7}, {5}, {4}, {2, 3}], [{8, 3}, {4, 7}, {2, 6}, {1, 5}], [{8, 3}, {4, 7}, {6}, {1, 5}, {2}]]",1,20 K_1^3 + 4 K_1^2 K_2 - 26 K_1^2 - 38 K_1 K_2 - 4 K_1 K_3 + 4 K_1 - 4 K_2^2 + 13 K_2 + 14 K_3 + 3 K_4 + 15,O1O2O3O4U5U6O7U3U8O5O8U1U7U4O6U2,O1O2O3U4U5O4O6U2O7O5U1U6U8U3O8U7,O1O2O3U4O5U1U5U6U3O7O4U2O6O8U7U8,c,{'O1O2O3O4U3O5U1U6U4O7O8U7U2O6U5U8'},1,"<a href=""/flatknot/8.704449"">8.704449</a>",t^9-44t^7-102t^6+72t^5+236t^4-127t^3-58t^2+24t-2,t^3-3t^2+3t,,
8.704450,O1O2O3O4U3O5U1U6U4O7O8U7U5O6U2U8,4,z^3+15z^2+81z+111,w^4z^3+15w^3z^2+81w^2z+111w,False,False,"[[ 0 -3  0 -1  2  2 -1 -1  2],[ 3  0  3  0  2  2  1  0  2],[ 0 -3  0 -1  1  2 -2  0  2],[ 1  0  1  0  1  1  0  0  0],[-2 -2 -1 -1  0  1 -3  0  0],[-2 -2 -2 -1 -1  0 -2  0  1],[ 1 -1  2  0  3  2  0 -1  1],[ 1  0  0  0  0  0  1  0  1],[-2 -2 -2  0  0 -1 -1 -1  0]]","[[ 0  2  2  2  0 -1 -1 -1 -3],[-2  0  1  0 -1  0 -1 -3 -2],[-2 -1  0  1 -2  0 -1 -2 -2],[-2  0 -1  0 -2 -1  0 -1 -2],[ 0  1  2  2  0  0 -1 -2 -3],[ 1  0  0  1  0  0  0  1  0],[ 1  1  1  0  1  0  0  0  0],[ 1  3  2  1  2 -1  0  0 -1],[ 3  2  2  2  3  0  0  1  0]]",True,"[-2,-2,-2,0,1,1,1,3,-1,0,1,0,1,3,2,-1,2,0,1,2,2,2,1,0,1,2,0,1,2,3,0,-1,0,0,0,1]","[-3,-1,-1,-1,0,2,2,2,0,0,1,3,2,2,2,0,0,1,0,1,1,1,0,1,0,0,2,1,2,3,2,2,1,-1,0,-1]",t^8+56t^6+258t^4+40t^2,"[-3,-1,-1,-1,0,2,2,2,1,2,2,0,3,3,3,0,1,-1,0,1,2,0,0,2,2,3,1,3,3,2,1,0,0,-1,0,-1]","[-2,-2,-2,0,1,1,1,3,-1,0,0,2,2,3,3,-1,0,1,3,2,3,1,0,3,2,3,-1,1,0,0,-1,0,1,0,2,2]","[-3,-1,-1,-1,0,2,2,2,0,0,1,3,2,2,2,0,0,1,0,1,1,1,0,1,0,0,2,1,2,3,2,2,1,-1,0,-1]",c,"[[{8, 2}, {4, 7}, {1, 6}, {3, 5}], [{8, 2}, {6, 7}, {3, 5}, {1, 4}]]",1,- 8 K_1^4 + 8 K_1^3 + 12 K_1^2 K_2 - 34 K_1^2 - 26 K_1 K_2 - 4 K_1 K_3 + 7 K_1 - 2 K_2^2 + 17 K_2 + 11 K_3 + K_4 + 19,O1O2O3O4U5U3O6U7U8O5O8U1U6U4O7U2,O1O2O3U4U5O4O6U2O7O5U1U7U8U3O8U6,O1O2O3U4O5U1U5U6U3O7O6U2O4O8U7U8,c,{'O1O2O3O4U3O5U1U6U4O7O8U7U5O6U2U8'},1,"<a href=""/flatknot/8.704450"">8.704450</a>",t^9-56t^7-178t^6-5t^5+490t^4+177t^3-412t^2+24t+34,t^3-3t^2+3t,,
8.704451,O1O2O3O4U3O5U1U6U4O7O8U7U5O6U8U2,3,6z^2+59z+95,6w^3z^2+59w^2z+95w,False,False,"[[ 0 -3  1 -1  2  2 -1 -1  1],[ 3  0  3  0  2  2  1  0  1],[-1 -3  0 -1  1  1 -2 -1  1],[ 1  0  1  0  1  1  0  0  0],[-2 -2 -1 -1  0  1 -3  0  0],[-2 -2 -1 -1 -1  0 -2  0  1],[ 1 -1  2  0  3  2  0 -1  0],[ 1  0  1  0  0  0  1  0  1],[-1 -1 -1  0  0 -1  0 -1  0]]","[[ 0  2  2  1  1 -1 -1 -1 -3],[-2  0  1  0 -1  0 -1 -3 -2],[-2 -1  0  1 -1  0 -1 -2 -2],[-1  0 -1  0 -1 -1  0  0 -1],[-1  1  1  1  0 -1 -1 -2 -3],[ 1  0  0  1  1  0  0  1  0],[ 1  1  1  0  1  0  0  0  0],[ 1  3  2  0  2 -1  0  0 -1],[ 3  2  2  1  3  0  0  1  0]]",True,"[-2,-2,-1,-1,1,1,1,3,-1,0,1,0,1,3,2,-1,1,0,1,2,2,1,1,0,0,1,1,1,2,3,0,-1,0,0,0,1]","[-3,-1,-1,-1,1,1,2,2,0,0,1,1,3,2,2,0,0,0,1,1,1,1,1,1,0,0,0,2,2,3,-1,-1,0,1,1,-1]",t^8+47t^6+192t^4,"[-3,-1,-1,-1,1,1,2,2,1,2,2,1,3,3,3,0,1,0,2,0,1,0,1,2,2,2,1,1,3,3,-1,0,0,1,2,-1]","[-2,-2,-1,-1,1,1,1,3,-1,0,2,1,2,3,3,0,1,0,2,3,3,1,0,1,1,1,2,2,1,3,0,-1,1,0,2,2]","[-3,-1,-1,-1,1,1,2,2,0,0,1,1,3,2,2,0,0,0,1,1,1,1,1,1,0,0,0,2,2,3,-1,-1,0,1,1,-1]",c,"[[{8, 1}, {2, 7}, {3, 6}, {4, 5}], [{8, 1}, {2, 7}, {3, 6}, {5}, {4}], [{8, 1}, {2, 7}, {4, 6}, {3, 5}], [{8, 1}, {2, 7}, {4, 6}, {5}, {3}], [{8, 1}, {2, 7}, {5, 6}, {3, 4}], [{8, 1}, {2, 7}, {6}, {5}, {3, 4}], [{8, 1}, {3, 7}, {2, 6}, {4, 5}], [{8, 1}, {3, 7}, {4, 6}, {2, 5}], [{8, 1}, {3, 7}, {5, 6}, {2, 4}], [{8, 1}, {3, 7}, {6}, {4, 5}, {2}], [{8, 1}, {4, 7}, {2, 6}, {3, 5}], [{8, 1}, {4, 7}, {2, 6}, {5}, {3}], [{8, 1}, {4, 7}, {3, 6}, {2, 5}], [{8, 1}, {4, 7}, {5, 6}, {2, 3}], [{8, 1}, {4, 7}, {6}, {3, 5}, {2}], [{8, 1}, {5, 7}, {2, 6}, {3, 4}], [{8, 1}, {5, 7}, {3, 6}, {2, 4}], [{8, 1}, {5, 7}, {4, 6}, {2, 3}], [{8, 1}, {5, 7}, {6}, {4}, {2, 3}], [{8, 1}, {6, 7}, {2, 5}, {3, 4}], [{8, 1}, {6, 7}, {3, 5}, {2, 4}], [{8, 1}, {6, 7}, {4, 5}, {2, 3}], [{8, 1}, {6, 7}, {5}, {4}, {2, 3}], [{8, 1}, {7}, {2, 6}, {3, 5}, {4}], [{8, 1}, {7}, {5, 6}, {4}, {2, 3}], [{8, 2}, {1, 7}, {3, 6}, {4, 5}], [{8, 2}, {1, 7}, {4, 6}, {3, 5}], [{8, 2}, {1, 7}, {5, 6}, {3, 4}], [{8, 2}, {3, 7}, {1, 6}, {4, 5}], [{8, 2}, {3, 7}, {4, 6}, {1, 5}], [{8, 2}, {3, 7}, {5, 6}, {1, 4}], [{8, 2}, {4, 7}, {1, 6}, {3, 5}], [{8, 2}, {4, 7}, {1, 6}, {5}, {3}], [{8, 2}, {4, 7}, {3, 6}, {1, 5}], [{8, 2}, {4, 7}, {5, 6}, {1, 3}], [{8, 2}, {4, 7}, {6}, {3, 5}, {1}], [{8, 2}, {5, 7}, {1, 6}, {3, 4}], [{8, 2}, {5, 7}, {3, 6}, {1, 4}], [{8, 2}, {5, 7}, {4, 6}, {1, 3}], [{8, 2}, {6, 7}, {1, 5}, {3, 4}], [{8, 2}, {6, 7}, {3, 5}, {1, 4}], [{8, 2}, {6, 7}, {4, 5}, {1, 3}], [{8, 2}, {6, 7}, {5}, {1, 4}, {3}], [{8, 2}, {7}, {1, 6}, {3, 5}, {4}], [{8, 2}, {7}, {6}, {1, 5}, {3, 4}], [{8, 3}, {1, 7}, {2, 6}, {4, 5}], [{8, 3}, {1, 7}, {4, 6}, {2, 5}], [{8, 3}, {1, 7}, {5, 6}, {2, 4}], [{8, 3}, {1, 7}, {6}, {4, 5}, {2}], [{8, 3}, {2, 7}, {1, 6}, {4, 5}], [{8, 3}, {2, 7}, {4, 6}, {1, 5}], [{8, 3}, {2, 7}, {5, 6}, {1, 4}], [{8, 3}, {4, 7}, {1, 6}, {2, 5}], [{8, 3}, {4, 7}, {1, 6}, {5}, {2}], [{8, 3}, {4, 7}, {2, 6}, {1, 5}], [{8, 3}, {4, 7}, {5, 6}, {1, 2}], [{8, 3}, {4, 7}, {5, 6}, {2}, {1}], [{8, 3}, {4, 7}, {6}, {1, 5}, {2}], [{8, 3}, {5, 7}, {1, 6}, {2, 4}], [{8, 3}, {5, 7}, {2, 6}, {1, 4}], [{8, 3}, {5, 7}, {4, 6}, {1, 2}], [{8, 3}, {6, 7}, {1, 5}, {2, 4}], [{8, 3}, {6, 7}, {2, 5}, {1, 4}], [{8, 3}, {6, 7}, {4, 5}, {1, 2}], [{8, 3}, {6, 7}, {5}, {1, 4}, {2}], [{8, 4}, {1, 7}, {2, 6}, {3, 5}], [{8, 4}, {1, 7}, {3, 6}, {2, 5}], [{8, 4}, {1, 7}, {3, 6}, {5}, {2}], [{8, 4}, {1, 7}, {5, 6}, {2, 3}], [{8, 4}, {1, 7}, {5, 6}, {3}, {2}], [{8, 4}, {1, 7}, {6}, {3, 5}, {2}], [{8, 4}, {2, 7}, {1, 6}, {3, 5}], [{8, 4}, {2, 7}, {3, 6}, {1, 5}], [{8, 4}, {2, 7}, {5, 6}, {1, 3}], [{8, 4}, {2, 7}, {5, 6}, {3}, {1}], [{8, 4}, {3, 7}, {1, 6}, {2, 5}], [{8, 4}, {3, 7}, {1, 6}, {5}, {2}], [{8, 4}, {3, 7}, {2, 6}, {1, 5}], [{8, 4}, {3, 7}, {5, 6}, {1, 2}], [{8, 4}, {3, 7}, {5, 6}, {2}, {1}], [{8, 4}, {3, 7}, {6}, {1, 5}, {2}], [{8, 4}, {5, 7}, {1, 6}, {2, 3}], [{8, 4}, {5, 7}, {2, 6}, {1, 3}], [{8, 4}, {5, 7}, {3, 6}, {1, 2}], [{8, 4}, {5, 7}, {6}, {2, 3}, {1}], [{8, 4}, {6, 7}, {1, 5}, {2, 3}], [{8, 4}, {6, 7}, {2, 5}, {1, 3}], [{8, 4}, {6, 7}, {3, 5}, {1, 2}], [{8, 4}, {6, 7}, {5}, {2, 3}, {1}], [{8, 4}, {7}, {5, 6}, {1, 3}, {2}], [{8, 4}, {7}, {5, 6}, {2, 3}, {1}], [{8, 4}, {7}, {5, 6}, {3}, {1, 2}], [{8, 4}, {7}, {5, 6}, {3}, {2}, {1}], [{8, 5}, {1, 7}, {2, 6}, {3, 4}], [{8, 5}, {1, 7}, {3, 6}, {2, 4}], [{8, 5}, {1, 7}, {4, 6}, {2, 3}], [{8, 5}, {1, 7}, {4, 6}, {3}, {2}], [{8, 5}, {2, 7}, {1, 6}, {3, 4}], [{8, 5}, {2, 7}, {3, 6}, {1, 4}], [{8, 5}, {2, 7}, {3, 6}, {4}, {1}], [{8, 5}, {2, 7}, {4, 6}, {1, 3}], [{8, 5}, {2, 7}, {4, 6}, {3}, {1}], [{8, 5}, {2, 7}, {6}, {3, 4}, {1}], [{8, 5}, {3, 7}, {1, 6}, {2, 4}], [{8, 5}, {3, 7}, {2, 6}, {1, 4}], [{8, 5}, {3, 7}, {4, 6}, {1, 2}], [{8, 5}, {3, 7}, {4, 6}, {2}, {1}], [{8, 5}, {4, 7}, {1, 6}, {2, 3}], [{8, 5}, {4, 7}, {1, 6}, {3}, {2}], [{8, 5}, {4, 7}, {2, 6}, {1, 3}], [{8, 5}, {4, 7}, {3, 6}, {1, 2}], [{8, 5}, {6, 7}, {1, 4}, {2, 3}], [{8, 5}, {6, 7}, {1, 4}, {3}, {2}], [{8, 5}, {6, 7}, {2, 4}, {1, 3}], [{8, 5}, {6, 7}, {3, 4}, {1, 2}], [{8, 5}, {7}, {4, 6}, {1, 3}, {2}], [{8, 5}, {7}, {4, 6}, {2, 3}, {1}], [{8, 5}, {7}, {4, 6}, {3}, {1, 2}], [{8, 5}, {7}, {4, 6}, {3}, {2}, {1}], [{8, 6}, {1, 7}, {2, 5}, {3, 4}], [{8, 6}, {1, 7}, {3, 5}, {2, 4}], [{8, 6}, {1, 7}, {4, 5}, {2, 3}], [{8, 6}, {2, 7}, {1, 5}, {3, 4}], [{8, 6}, {2, 7}, {3, 5}, {1, 4}], [{8, 6}, {2, 7}, {4, 5}, {1, 3}], [{8, 6}, {2, 7}, {5}, {1, 4}, {3}], [{8, 6}, {3, 7}, {1, 5}, {2, 4}], [{8, 6}, {3, 7}, {2, 5}, {1, 4}], [{8, 6}, {3, 7}, {4, 5}, {1, 2}], [{8, 6}, {4, 7}, {1, 5}, {2, 3}], [{8, 6}, {4, 7}, {2, 5}, {1, 3}], [{8, 6}, {4, 7}, {3, 5}, {1, 2}], [{8, 6}, {4, 7}, {3, 5}, {2}, {1}], [{8, 6}, {4, 7}, {5}, {3}, {1, 2}], [{8, 6}, {5, 7}, {1, 4}, {2, 3}], [{8, 6}, {5, 7}, {2, 4}, {1, 3}], [{8, 6}, {5, 7}, {3, 4}, {1, 2}], [{8, 6}, {7}, {1, 5}, {3, 4}, {2}], [{8, 6}, {7}, {3, 5}, {4}, {1, 2}], [{8, 7}, {1, 6}, {2, 5}, {3, 4}], [{8, 7}, {1, 6}, {3, 5}, {2, 4}], [{8, 7}, {1, 6}, {4, 5}, {2, 3}], [{8, 7}, {1, 6}, {5}, {3, 4}, {2}], [{8, 7}, {2, 6}, {1, 5}, {3, 4}], [{8, 7}, {2, 6}, {3, 5}, {1, 4}], [{8, 7}, {2, 6}, {4, 5}, {1, 3}], [{8, 7}, {2, 6}, {5}, {1, 4}, {3}], [{8, 7}, {3, 6}, {1, 5}, {2, 4}], [{8, 7}, {3, 6}, {2, 5}, {1, 4}], [{8, 7}, {3, 6}, {4, 5}, {1, 2}], [{8, 7}, {4, 6}, {1, 5}, {2, 3}], [{8, 7}, {4, 6}, {2, 5}, {1, 3}], [{8, 7}, {4, 6}, {3, 5}, {1, 2}], [{8, 7}, {4, 6}, {5}, {3}, {1, 2}], [{8, 7}, {5, 6}, {1, 4}, {2, 3}], [{8, 7}, {5, 6}, {2, 4}, {1, 3}], [{8, 7}, {5, 6}, {3, 4}, {1, 2}], [{8, 7}, {5, 6}, {3, 4}, {2}, {1}], [{8, 7}, {6}, {1, 5}, {3, 4}, {2}], [{8}, {2, 7}, {3, 6}, {1, 5}, {4}], [{8}, {2, 7}, {4, 6}, {1, 5}, {3}], [{8}, {2, 7}, {6}, {1, 5}, {3, 4}], [{8}, {4, 7}, {1, 6}, {2, 5}, {3}], [{8}, {4, 7}, {1, 6}, {3, 5}, {2}], [{8}, {4, 7}, {1, 6}, {5}, {2, 3}], [{8}, {4, 7}, {1, 6}, {5}, {3}, {2}], [{8}, {4, 7}, {2, 6}, {3, 5}, {1}], [{8}, {4, 7}, {3, 6}, {2, 5}, {1}], [{8}, {4, 7}, {6}, {2, 5}, {1, 3}], [{8}, {4, 7}, {6}, {3, 5}, {1, 2}], [{8}, {5, 7}, {4, 6}, {3}, {1, 2}], [{8}, {5, 7}, {6}, {1, 4}, {2, 3}], [{8}, {6, 7}, {1, 5}, {3, 4}, {2}], [{8}, {6, 7}, {2, 5}, {1, 4}, {3}], [{8}, {6, 7}, {3, 5}, {1, 4}, {2}], [{8}, {6, 7}, {4, 5}, {1, 3}, {2}], [{8}, {6, 7}, {5}, {1, 4}, {2, 3}], [{8}, {6, 7}, {5}, {1, 4}, {3}, {2}], [{8}, {7}, {2, 6}, {1, 5}, {3, 4}], [{8}, {7}, {5, 6}, {1, 4}, {2, 3}], [{8}, {7}, {6}, {1, 5}, {3, 4}, {2}]]",2,4 K_1^3 - 24 K_1^2 - 18 K_1 K_2 + 6 K_1 - 4 K_2^2 + 12 K_2 + 8 K_3 + 2 K_4 + 15,O1O2O3O4U3U5O6U7U8O5O8U1U6U4O7U2,O1O2O3U4U5O4O6U2O5O7U1U7U8U3O8U6,O1O2O3U4O5U1U5U6U3O6O7U2O4O8U7U8,c,{'O1O2O3O4U3O5U1U6U4O7O8U7U5O6U8U2'},1,"<a href=""/flatknot/8.704451"">8.704451</a>",t^9-49t^7-108t^6+118t^5+214t^4-89t^3+10t^2+24t,t^3-2t^2+t,,
8.704452,O1O2O3O4U3O5U1U6U4O7O8U7U8O6U5U2,4,7z^3+49z^2+113z+87,7w^4z^3+49w^3z^2+113w^2z+87w,False,False,"[[ 0 -3  1 -1  2  2 -1 -1  1],[ 3  0  3  0  2  2  2  0  0],[-1 -3  0 -1  1  1 -2 -1  1],[ 1  0  1  0  1  1  0  0  0],[-2 -2 -1 -1  0  0 -2  0  0],[-2 -2 -1 -1  0  0 -2 -1  1],[ 1 -2  2  0  2  2  0  0  0],[ 1  0  1  0  0  1  0  0  1],[-1  0 -1  0  0 -1  0 -1  0]]","[[ 0  2  2  1  1 -1 -1 -1 -3],[-2  0  0  1 -1 -1 -1 -2 -2],[-2  0  0  0 -1  0 -1 -2 -2],[-1 -1  0  0 -1 -1  0  0  0],[-1  1  1  1  0 -1 -1 -2 -3],[ 1  1  0  1  1  0  0  0  0],[ 1  1  1  0  1  0  0  0  0],[ 1  2  2  0  2  0  0  0 -2],[ 3  2  2  0  3  0  0  2  0]]",True,"[-2,-2,-1,-1,1,1,1,3,0,-1,1,1,1,2,2,0,1,0,1,2,2,1,1,0,0,0,1,1,2,3,0,0,0,0,0,2]","[-3,-1,-1,-1,1,1,2,2,0,0,2,0,3,2,2,0,0,0,1,1,1,0,1,1,0,1,0,2,2,2,-1,0,-1,1,1,0]",t^8+43t^6+108t^4+32t^2,"[-3,-1,-1,-1,1,1,2,2,0,2,2,1,4,3,3,0,0,0,2,1,1,0,1,1,2,3,1,2,2,2,-1,0,0,2,1,0]","[-2,-2,-1,-1,1,1,1,3,0,0,1,1,2,3,3,0,2,1,2,2,3,1,0,1,1,1,2,2,1,4,0,0,0,0,2,2]","[-3,-1,-1,-1,1,1,2,2,0,0,2,0,3,2,2,0,0,0,1,1,1,0,1,1,0,1,0,2,2,2,-1,0,-1,1,1,0]",c,"[[{8, 1}, {4, 7}, {2, 6}, {3, 5}], [{8, 1}, {5, 7}, {2, 6}, {3, 4}], [{8, 3}, {1, 7}, {2, 6}, {4, 5}], [{8, 3}, {4, 7}, {2, 6}, {1, 5}], [{8, 3}, {5, 7}, {2, 6}, {1, 4}], [{8, 7}, {2, 6}, {1, 5}, {3, 4}], [{8, 7}, {2, 6}, {3, 5}, {1, 4}], [{8, 7}, {2, 6}, {4, 5}, {1, 3}], [{8, 7}, {2, 6}, {5}, {4}, {1, 3}]]",1,- 16 K_1^4 + 24 K_1^3 + 28 K_1^2 K_2 - 16 K_1^2 - 26 K_1 K_2 - 12 K_1 K_3 - 5 K_1 - 4 K_2^2 + 8 K_2 + 7 K_3 + 3 K_4 + 10,O1O2O3O4U3U5O6U7U8O7O8U1U6U4O5U2,O1O2O3U4U5O4O5U2O6O7U1U7U8U3O8U6,O1O2O3U4O5U1U5U6U3O6O4U2O7O8U7U8,c,{'O1O2O3O4U3O5U1U6U4O7O8U7U8O6U5U2'},1,"<a href=""/flatknot/8.704452"">8.704452</a>",t^9-45t^7-106t^6+36t^5+216t^4+154t^3+62t^2+36t+10,t^3-2t^2+t,,
8.704453,O1O2O3O4U3O5U1U6U5O7O8U2U4O6U7U8,3,23z^2+88z+85,23w^3z^2-4w^3z+92w^2z+85w,False,False,"[[ 0 -3 -1 -1  2  2 -1  0  2],[ 3  0  2  0  4  1  0  2  2],[ 1 -2  0  0  2  0 -1  1  2],[ 1  0  0  0  1  0  0  1  1],[-2 -4 -2 -1  0  0 -3  0  1],[-2 -1  0  0  0  0 -2 -1 -1],[ 1  0  1  0  3  2  0  0  1],[ 0 -2 -1 -1  0  1  0  0  1],[-2 -2 -2 -1 -1  1 -1 -1  0]]","[[ 0  2  2  2  0 -1 -1 -1 -3],[-2  0  1  0  0 -1 -2 -3 -4],[-2 -1  0  1 -1 -1 -2 -1 -2],[-2  0 -1  0 -1  0  0 -2 -1],[ 0  0  1  1  0 -1 -1  0 -2],[ 1  1  1  0  1  0  0  0  0],[ 1  2  2  0  1  0  0 -1 -2],[ 1  3  1  2  0  0  1  0  0],[ 3  4  2  1  2  0  2  0  0]]",True,"[-2,-2,-2,0,1,1,1,3,-1,0,0,1,2,3,4,-1,1,1,2,1,2,1,0,0,2,1,1,1,0,2,0,0,0,1,2,0]","[-3,-1,-1,-1,0,2,2,2,0,0,2,2,1,2,4,0,0,1,0,1,1,1,0,2,1,3,1,0,2,2,1,1,0,-1,0,-1]",t^8+60t^6+373t^4+151t^2,"[-3,-1,-1,-1,0,2,2,2,0,2,2,1,1,3,4,0,1,0,1,1,3,0,0,2,2,3,1,0,2,1,2,1,1,-1,0,-1]","[-2,-2,-2,0,1,1,1,3,-1,0,1,1,3,3,4,-1,1,2,1,2,3,2,0,1,2,1,1,0,0,1,1,0,2,0,0,2]","[-3,-1,-1,-1,0,2,2,2,0,0,2,2,1,2,4,0,0,1,0,1,1,1,0,2,1,3,1,0,2,2,1,1,0,-1,0,-1]",c,"[[{8, 1}, {2, 7}, {3, 6}, {4, 5}], [{8, 1}, {2, 7}, {4, 6}, {3, 5}], [{8, 1}, {2, 7}, {4, 6}, {5}, {3}], [{8, 1}, {2, 7}, {5, 6}, {3, 4}], [{8, 1}, {2, 7}, {6}, {3, 5}, {4}], [{8, 1}, {3, 7}, {2, 6}, {4, 5}], [{8, 1}, {3, 7}, {4, 6}, {2, 5}], [{8, 1}, {3, 7}, {5, 6}, {2, 4}], [{8, 1}, {3, 7}, {5, 6}, {4}, {2}], [{8, 1}, {3, 7}, {6}, {5}, {2, 4}], [{8, 1}, {4, 7}, {2, 6}, {3, 5}], [{8, 1}, {4, 7}, {3, 6}, {2, 5}], [{8, 1}, {4, 7}, {5, 6}, {2, 3}], [{8, 1}, {4, 7}, {6}, {5}, {2, 3}], [{8, 1}, {5, 7}, {2, 6}, {3, 4}], [{8, 1}, {5, 7}, {2, 6}, {4}, {3}], [{8, 1}, {5, 7}, {3, 6}, {2, 4}], [{8, 1}, {5, 7}, {4, 6}, {2, 3}], [{8, 1}, {6, 7}, {2, 5}, {3, 4}], [{8, 1}, {6, 7}, {2, 5}, {4}, {3}], [{8, 1}, {6, 7}, {3, 5}, {2, 4}], [{8, 1}, {6, 7}, {4, 5}, {2, 3}], [{8, 1}, {6, 7}, {5}, {3, 4}, {2}], [{8, 1}, {7}, {3, 6}, {4, 5}, {2}], [{8, 1}, {7}, {4, 6}, {3, 5}, {2}], [{8, 1}, {7}, {5, 6}, {2, 4}, {3}], [{8, 1}, {7}, {6}, {2, 5}, {3, 4}], [{8, 2}, {1, 7}, {3, 6}, {4, 5}], [{8, 2}, {1, 7}, {4, 6}, {3, 5}], [{8, 2}, {1, 7}, {4, 6}, {5}, {3}], [{8, 2}, {1, 7}, {5, 6}, {3, 4}], [{8, 2}, {1, 7}, {6}, {3, 5}, {4}], [{8, 2}, {3, 7}, {1, 6}, {4, 5}], [{8, 2}, {3, 7}, {1, 6}, {5}, {4}], [{8, 2}, {3, 7}, {4, 6}, {1, 5}], [{8, 2}, {3, 7}, {5, 6}, {1, 4}], [{8, 2}, {4, 7}, {1, 6}, {3, 5}], [{8, 2}, {4, 7}, {3, 6}, {1, 5}], [{8, 2}, {4, 7}, {5, 6}, {1, 3}], [{8, 2}, {4, 7}, {6}, {3, 5}, {1}], [{8, 2}, {5, 7}, {1, 6}, {3, 4}], [{8, 2}, {5, 7}, {1, 6}, {4}, {3}], [{8, 2}, {5, 7}, {3, 6}, {1, 4}], [{8, 2}, {5, 7}, {4, 6}, {1, 3}], [{8, 2}, {6, 7}, {1, 5}, {3, 4}], [{8, 2}, {6, 7}, {1, 5}, {4}, {3}], [{8, 2}, {6, 7}, {3, 5}, {1, 4}], [{8, 2}, {6, 7}, {3, 5}, {4}, {1}], [{8, 2}, {6, 7}, {4, 5}, {1, 3}], [{8, 2}, {6, 7}, {4, 5}, {3}, {1}], [{8, 2}, {6, 7}, {5}, {1, 4}, {3}], [{8, 2}, {6, 7}, {5}, {3, 4}, {1}], [{8, 2}, {6, 7}, {5}, {4}, {1, 3}], [{8, 2}, {7}, {1, 6}, {3, 5}, {4}], [{8, 2}, {7}, {4, 6}, {3, 5}, {1}], [{8, 2}, {7}, {6}, {1, 5}, {3, 4}], [{8, 2}, {7}, {6}, {3, 5}, {1, 4}], [{8, 2}, {7}, {6}, {3, 5}, {4}, {1}], [{8, 2}, {7}, {6}, {4, 5}, {1, 3}], [{8, 3}, {1, 7}, {2, 6}, {4, 5}], [{8, 3}, {1, 7}, {4, 6}, {2, 5}], [{8, 3}, {1, 7}, {5, 6}, {2, 4}], [{8, 3}, {2, 7}, {1, 6}, {4, 5}], [{8, 3}, {2, 7}, {1, 6}, {5}, {4}], [{8, 3}, {2, 7}, {4, 6}, {1, 5}], [{8, 3}, {2, 7}, {5, 6}, {1, 4}], [{8, 3}, {4, 7}, {1, 6}, {2, 5}], [{8, 3}, {4, 7}, {2, 6}, {1, 5}], [{8, 3}, {4, 7}, {5, 6}, {1, 2}], [{8, 3}, {5, 7}, {1, 6}, {2, 4}], [{8, 3}, {5, 7}, {1, 6}, {4}, {2}], [{8, 3}, {5, 7}, {2, 6}, {1, 4}], [{8, 3}, {5, 7}, {4, 6}, {1, 2}], [{8, 3}, {6, 7}, {1, 5}, {2, 4}], [{8, 3}, {6, 7}, {2, 5}, {1, 4}], [{8, 3}, {6, 7}, {4, 5}, {1, 2}], [{8, 3}, {7}, {1, 6}, {2, 5}, {4}], [{8, 3}, {7}, {2, 6}, {5}, {1, 4}], [{8, 3}, {7}, {4, 6}, {5}, {1, 2}], [{8, 4}, {1, 7}, {2, 6}, {3, 5}], [{8, 4}, {1, 7}, {3, 6}, {2, 5}], [{8, 4}, {1, 7}, {5, 6}, {2, 3}], [{8, 4}, {2, 7}, {1, 6}, {3, 5}], [{8, 4}, {2, 7}, {3, 6}, {1, 5}], [{8, 4}, {2, 7}, {5, 6}, {1, 3}], [{8, 4}, {2, 7}, {6}, {3, 5}, {1}], [{8, 4}, {3, 7}, {1, 6}, {2, 5}], [{8, 4}, {3, 7}, {2, 6}, {1, 5}], [{8, 4}, {3, 7}, {5, 6}, {1, 2}], [{8, 4}, {5, 7}, {1, 6}, {2, 3}], [{8, 4}, {5, 7}, {2, 6}, {1, 3}], [{8, 4}, {5, 7}, {2, 6}, {3}, {1}], [{8, 4}, {5, 7}, {3, 6}, {1, 2}], [{8, 4}, {6, 7}, {1, 5}, {2, 3}], [{8, 4}, {6, 7}, {2, 5}, {1, 3}], [{8, 4}, {6, 7}, {3, 5}, {1, 2}], [{8, 4}, {7}, {3, 6}, {2, 5}, {1}], [{8, 5}, {1, 7}, {2, 6}, {3, 4}], [{8, 5}, {1, 7}, {3, 6}, {2, 4}], [{8, 5}, {1, 7}, {4, 6}, {2, 3}], [{8, 5}, {1, 7}, {6}, {4}, {2, 3}], [{8, 5}, {2, 7}, {1, 6}, {3, 4}], [{8, 5}, {2, 7}, {1, 6}, {4}, {3}], [{8, 5}, {2, 7}, {3, 6}, {1, 4}], [{8, 5}, {2, 7}, {4, 6}, {1, 3}], [{8, 5}, {3, 7}, {1, 6}, {2, 4}], [{8, 5}, {3, 7}, {1, 6}, {4}, {2}], [{8, 5}, {3, 7}, {2, 6}, {1, 4}], [{8, 5}, {3, 7}, {4, 6}, {1, 2}], [{8, 5}, {4, 7}, {1, 6}, {2, 3}], [{8, 5}, {4, 7}, {2, 6}, {1, 3}], [{8, 5}, {4, 7}, {3, 6}, {1, 2}], [{8, 5}, {4, 7}, {6}, {2, 3}, {1}], [{8, 5}, {6, 7}, {1, 4}, {2, 3}], [{8, 5}, {6, 7}, {2, 4}, {1, 3}], [{8, 5}, {6, 7}, {2, 4}, {3}, {1}], [{8, 5}, {6, 7}, {3, 4}, {1, 2}], [{8, 5}, {6, 7}, {3, 4}, {2}, {1}], [{8, 5}, {6, 7}, {4}, {2, 3}, {1}], [{8, 5}, {7}, {1, 6}, {4}, {2, 3}], [{8, 5}, {7}, {2, 6}, {1, 4}, {3}], [{8, 5}, {7}, {3, 6}, {1, 4}, {2}], [{8, 5}, {7}, {4, 6}, {1, 3}, {2}], [{8, 5}, {7}, {4, 6}, {2, 3}, {1}], [{8, 5}, {7}, {4, 6}, {3}, {1, 2}], [{8, 5}, {7}, {6}, {1, 4}, {2, 3}], [{8, 5}, {7}, {6}, {4}, {2, 3}, {1}], [{8, 6}, {1, 7}, {2, 5}, {3, 4}], [{8, 6}, {1, 7}, {3, 5}, {2, 4}], [{8, 6}, {1, 7}, {4, 5}, {2, 3}], [{8, 6}, {2, 7}, {1, 5}, {3, 4}], [{8, 6}, {2, 7}, {1, 5}, {4}, {3}], [{8, 6}, {2, 7}, {3, 5}, {1, 4}], [{8, 6}, {2, 7}, {3, 5}, {4}, {1}], [{8, 6}, {2, 7}, {4, 5}, {1, 3}], [{8, 6}, {2, 7}, {4, 5}, {3}, {1}], [{8, 6}, {2, 7}, {5}, {1, 4}, {3}], [{8, 6}, {2, 7}, {5}, {3, 4}, {1}], [{8, 6}, {2, 7}, {5}, {4}, {1, 3}], [{8, 6}, {3, 7}, {1, 5}, {2, 4}], [{8, 6}, {3, 7}, {2, 5}, {1, 4}], [{8, 6}, {3, 7}, {4, 5}, {1, 2}], [{8, 6}, {4, 7}, {1, 5}, {2, 3}], [{8, 6}, {4, 7}, {2, 5}, {1, 3}], [{8, 6}, {4, 7}, {3, 5}, {1, 2}], [{8, 6}, {5, 7}, {1, 4}, {2, 3}], [{8, 6}, {5, 7}, {2, 4}, {1, 3}], [{8, 6}, {5, 7}, {3, 4}, {1, 2}], [{8, 6}, {7}, {1, 5}, {3, 4}, {2}], [{8, 6}, {7}, {3, 5}, {1, 4}, {2}], [{8, 6}, {7}, {4, 5}, {1, 3}, {2}], [{8, 7}, {1, 6}, {2, 5}, {3, 4}], [{8, 7}, {1, 6}, {2, 5}, {4}, {3}], [{8, 7}, {1, 6}, {3, 5}, {2, 4}], [{8, 7}, {1, 6}, {3, 5}, {4}, {2}], [{8, 7}, {1, 6}, {4, 5}, {2, 3}], [{8, 7}, {1, 6}, {5}, {4}, {2, 3}], [{8, 7}, {2, 6}, {1, 5}, {3, 4}], [{8, 7}, {2, 6}, {1, 5}, {4}, {3}], [{8, 7}, {2, 6}, {3, 5}, {1, 4}], [{8, 7}, {2, 6}, {3, 5}, {4}, {1}], [{8, 7}, {2, 6}, {4, 5}, {1, 3}], [{8, 7}, {2, 6}, {4, 5}, {3}, {1}], [{8, 7}, {2, 6}, {5}, {1, 4}, {3}], [{8, 7}, {2, 6}, {5}, {3, 4}, {1}], [{8, 7}, {2, 6}, {5}, {4}, {1, 3}], [{8, 7}, {3, 6}, {1, 5}, {2, 4}], [{8, 7}, {3, 6}, {2, 5}, {1, 4}], [{8, 7}, {3, 6}, {4, 5}, {1, 2}], [{8, 7}, {4, 6}, {1, 5}, {2, 3}], [{8, 7}, {4, 6}, {2, 5}, {1, 3}], [{8, 7}, {4, 6}, {3, 5}, {1, 2}], [{8, 7}, {4, 6}, {3, 5}, {2}, {1}], [{8, 7}, {4, 6}, {5}, {3}, {1, 2}], [{8, 7}, {5, 6}, {1, 4}, {2, 3}], [{8, 7}, {5, 6}, {2, 4}, {1, 3}], [{8, 7}, {5, 6}, {3, 4}, {1, 2}], [{8, 7}, {6}, {1, 5}, {3, 4}, {2}], [{8, 7}, {6}, {3, 5}, {1, 4}, {2}], [{8, 7}, {6}, {3, 5}, {2, 4}, {1}], [{8, 7}, {6}, {3, 5}, {4}, {1, 2}], [{8, 7}, {6}, {3, 5}, {4}, {2}, {1}], [{8, 7}, {6}, {4, 5}, {1, 3}, {2}], [{8}, {1, 7}, {4, 6}, {3, 5}, {2}], [{8}, {2, 7}, {1, 6}, {3, 5}, {4}], [{8}, {2, 7}, {4, 6}, {3, 5}, {1}], [{8}, {2, 7}, {6}, {1, 5}, {3, 4}], [{8}, {2, 7}, {6}, {3, 5}, {1, 4}], [{8}, {2, 7}, {6}, {3, 5}, {4}, {1}], [{8}, {2, 7}, {6}, {4, 5}, {1, 3}], [{8}, {3, 7}, {1, 6}, {2, 5}, {4}], [{8}, {3, 7}, {2, 6}, {5}, {1, 4}], [{8}, {3, 7}, {4, 6}, {5}, {1, 2}], [{8}, {3, 7}, {5, 6}, {2, 4}, {1}], [{8}, {4, 7}, {3, 6}, {5}, {1, 2}], [{8}, {4, 7}, {6}, {1, 5}, {2, 3}], [{8}, {5, 7}, {1, 6}, {4}, {2, 3}], [{8}, {5, 7}, {2, 6}, {1, 4}, {3}], [{8}, {5, 7}, {4, 6}, {3}, {1, 2}], [{8}, {6, 7}, {1, 5}, {3, 4}, {2}], [{8}, {6, 7}, {2, 5}, {3, 4}, {1}], [{8}, {6, 7}, {3, 5}, {1, 4}, {2}], [{8}, {6, 7}, {4, 5}, {1, 3}, {2}], [{8}, {6, 7}, {5}, {3, 4}, {1, 2}], [{8}, {6, 7}, {5}, {3, 4}, {2}, {1}], [{8}, {7}, {2, 6}, {1, 5}, {3, 4}], [{8}, {7}, {2, 6}, {3, 5}, {1, 4}], [{8}, {7}, {2, 6}, {4, 5}, {1, 3}], [{8}, {7}, {2, 6}, {5}, {1, 4}, {3}], [{8}, {7}, {4, 6}, {3, 5}, {1, 2}], [{8}, {7}, {4, 6}, {5}, {3}, {1, 2}]]",2,24 K_1^3 + 12 K_1^2 K_2 - 24 K_1^2 - 26 K_1 K_2 - 10 K_1 K_3 - 5 K_1 - 2 K_2^2 + 11 K_2 + 7 K_3 + 3 K_4 + 11,O1O2O3O4U5U6O7U1U3O5O6U8U7U4O8U2,O1O2O3U4U5O6O7U2O4O5U1U6U8U7O8U3,O1O2O3U1O4U5U4U6U3O7O8U2O5O6U7U8,c,{'O1O2O3O4U3O5U1U6U5O7O8U2U4O6U7U8'},1,"<a href=""/flatknot/8.704453"">8.704453</a>",t^9-60t^7-130t^6+110t^5+174t^4+81t^3+46t^2+100t-8,t^3-3t^2+3t,,
8.704454,O1O2O3O4U3O5U1U6U5O7O8U2U4O6U8U7,3,16z^2+53z+43,-12w^4z^2+28w^3z^2-20w^3z+73w^2z+43w,False,False,"[[ 0 -3 -1 -1  2  2 -1  1  1],[ 3  0  2  0  4  1  0  2  2],[ 1 -2  0  0  2  0 -1  2  1],[ 1  0  0  0  1  0  0  1  1],[-2 -4 -2 -1  0  0 -3  1  0],[-2 -1  0  0  0  0 -2 -1 -1],[ 1  0  1  0  3  2  0  0  1],[-1 -2 -2 -1 -1  1  0  0  0],[-1 -2 -1 -1  0  1 -1  0  0]]","[[ 0  2  2  1  1 -1 -1 -1 -3],[-2  0  0  1  0 -1 -2 -3 -4],[-2  0  0 -1 -1  0  0 -2 -1],[-1 -1  1  0  0 -1 -2  0 -2],[-1  0  1  0  0 -1 -1 -1 -2],[ 1  1  0  1  1  0  0  0  0],[ 1  2  0  2  1  0  0 -1 -2],[ 1  3  2  0  1  0  1  0  0],[ 3  4  1  2  2  0  2  0  0]]",True,"[-2,-2,-1,-1,1,1,1,3,0,-1,0,1,2,3,4,1,1,0,0,2,1,0,1,2,0,2,1,1,1,2,0,0,0,1,2,0]","[-3,-1,-1,-1,1,1,2,2,0,0,2,2,2,1,4,0,0,1,1,0,1,1,0,1,2,3,2,1,0,2,0,1,-1,1,0,0]",t^8+59t^6+377t^4+108t^2,"[-3,-1,-1,-1,1,1,2,2,0,2,2,2,2,1,4,0,1,0,1,1,3,0,1,1,2,3,2,1,0,1,0,2,0,1,0,0]","[-2,-2,-1,-1,1,1,1,3,0,0,0,1,3,3,4,1,2,0,1,2,1,0,1,1,1,2,2,0,1,2,1,0,2,0,0,2]","[-3,-1,-1,-1,1,1,2,2,0,0,2,2,2,1,4,0,0,1,1,0,1,1,0,1,2,3,2,1,0,2,0,1,-1,1,0,0]",c,"[[{8, 1}, {2, 7}, {3, 6}, {4, 5}], [{8, 1}, {2, 7}, {4, 6}, {3, 5}], [{8, 1}, {2, 7}, {4, 6}, {5}, {3}], [{8, 1}, {2, 7}, {5, 6}, {3, 4}], [{8, 1}, {2, 7}, {6}, {3, 5}, {4}], [{8, 1}, {3, 7}, {2, 6}, {4, 5}], [{8, 1}, {3, 7}, {4, 6}, {2, 5}], [{8, 1}, {3, 7}, {5, 6}, {2, 4}], [{8, 1}, {4, 7}, {2, 6}, {3, 5}], [{8, 1}, {4, 7}, {3, 6}, {2, 5}], [{8, 1}, {4, 7}, {5, 6}, {2, 3}], [{8, 1}, {5, 7}, {2, 6}, {3, 4}], [{8, 1}, {5, 7}, {3, 6}, {2, 4}], [{8, 1}, {5, 7}, {4, 6}, {2, 3}], [{8, 1}, {6, 7}, {2, 5}, {3, 4}], [{8, 1}, {6, 7}, {3, 5}, {2, 4}], [{8, 1}, {6, 7}, {4, 5}, {2, 3}], [{8, 1}, {6, 7}, {5}, {2, 4}, {3}], [{8, 1}, {7}, {2, 6}, {5}, {3, 4}], [{8, 1}, {7}, {3, 6}, {2, 5}, {4}], [{8, 1}, {7}, {4, 6}, {3, 5}, {2}], [{8, 2}, {1, 7}, {3, 6}, {4, 5}], [{8, 2}, {1, 7}, {4, 6}, {3, 5}], [{8, 2}, {1, 7}, {4, 6}, {5}, {3}], [{8, 2}, {1, 7}, {5, 6}, {3, 4}], [{8, 2}, {1, 7}, {6}, {3, 5}, {4}], [{8, 2}, {3, 7}, {1, 6}, {4, 5}], [{8, 2}, {3, 7}, {1, 6}, {5}, {4}], [{8, 2}, {3, 7}, {4, 6}, {1, 5}], [{8, 2}, {3, 7}, {5, 6}, {1, 4}], [{8, 2}, {4, 7}, {1, 6}, {3, 5}], [{8, 2}, {4, 7}, {3, 6}, {1, 5}], [{8, 2}, {4, 7}, {5, 6}, {1, 3}], [{8, 2}, {4, 7}, {6}, {3, 5}, {1}], [{8, 2}, {5, 7}, {1, 6}, {3, 4}], [{8, 2}, {5, 7}, {1, 6}, {4}, {3}], [{8, 2}, {5, 7}, {3, 6}, {1, 4}], [{8, 2}, {5, 7}, {4, 6}, {1, 3}], [{8, 2}, {6, 7}, {1, 5}, {3, 4}], [{8, 2}, {6, 7}, {1, 5}, {4}, {3}], [{8, 2}, {6, 7}, {3, 5}, {1, 4}], [{8, 2}, {6, 7}, {3, 5}, {4}, {1}], [{8, 2}, {6, 7}, {4, 5}, {1, 3}], [{8, 2}, {6, 7}, {4, 5}, {3}, {1}], [{8, 2}, {6, 7}, {5}, {1, 4}, {3}], [{8, 2}, {6, 7}, {5}, {3, 4}, {1}], [{8, 2}, {6, 7}, {5}, {4}, {1, 3}], [{8, 2}, {7}, {1, 6}, {3, 5}, {4}], [{8, 2}, {7}, {4, 6}, {3, 5}, {1}], [{8, 2}, {7}, {6}, {1, 5}, {3, 4}], [{8, 2}, {7}, {6}, {3, 5}, {1, 4}], [{8, 2}, {7}, {6}, {3, 5}, {4}, {1}], [{8, 2}, {7}, {6}, {4, 5}, {1, 3}], [{8, 3}, {1, 7}, {2, 6}, {4, 5}], [{8, 3}, {1, 7}, {4, 6}, {2, 5}], [{8, 3}, {1, 7}, {5, 6}, {2, 4}], [{8, 3}, {1, 7}, {6}, {2, 5}, {4}], [{8, 3}, {2, 7}, {1, 6}, {4, 5}], [{8, 3}, {2, 7}, {1, 6}, {5}, {4}], [{8, 3}, {2, 7}, {4, 6}, {1, 5}], [{8, 3}, {2, 7}, {5, 6}, {1, 4}], [{8, 3}, {4, 7}, {1, 6}, {2, 5}], [{8, 3}, {4, 7}, {1, 6}, {5}, {2}], [{8, 3}, {4, 7}, {2, 6}, {1, 5}], [{8, 3}, {4, 7}, {5, 6}, {1, 2}], [{8, 3}, {4, 7}, {6}, {2, 5}, {1}], [{8, 3}, {5, 7}, {1, 6}, {2, 4}], [{8, 3}, {5, 7}, {1, 6}, {4}, {2}], [{8, 3}, {5, 7}, {2, 6}, {1, 4}], [{8, 3}, {5, 7}, {4, 6}, {1, 2}], [{8, 3}, {6, 7}, {1, 5}, {2, 4}], [{8, 3}, {6, 7}, {2, 5}, {1, 4}], [{8, 3}, {6, 7}, {2, 5}, {4}, {1}], [{8, 3}, {6, 7}, {4, 5}, {1, 2}], [{8, 3}, {7}, {1, 6}, {2, 5}, {4}], [{8, 3}, {7}, {1, 6}, {4, 5}, {2}], [{8, 3}, {7}, {1, 6}, {5}, {2, 4}], [{8, 3}, {7}, {1, 6}, {5}, {4}, {2}], [{8, 3}, {7}, {2, 6}, {1, 5}, {4}], [{8, 3}, {7}, {4, 6}, {2, 5}, {1}], [{8, 3}, {7}, {5, 6}, {4}, {1, 2}], [{8, 3}, {7}, {6}, {2, 5}, {1, 4}], [{8, 3}, {7}, {6}, {2, 5}, {4}, {1}], [{8, 4}, {1, 7}, {2, 6}, {3, 5}], [{8, 4}, {1, 7}, {3, 6}, {2, 5}], [{8, 4}, {1, 7}, {5, 6}, {2, 3}], [{8, 4}, {2, 7}, {1, 6}, {3, 5}], [{8, 4}, {2, 7}, {3, 6}, {1, 5}], [{8, 4}, {2, 7}, {5, 6}, {1, 3}], [{8, 4}, {2, 7}, {6}, {3, 5}, {1}], [{8, 4}, {3, 7}, {1, 6}, {2, 5}], [{8, 4}, {3, 7}, {2, 6}, {1, 5}], [{8, 4}, {3, 7}, {5, 6}, {1, 2}], [{8, 4}, {5, 7}, {1, 6}, {2, 3}], [{8, 4}, {5, 7}, {2, 6}, {1, 3}], [{8, 4}, {5, 7}, {3, 6}, {1, 2}], [{8, 4}, {5, 7}, {6}, {1, 3}, {2}], [{8, 4}, {6, 7}, {1, 5}, {2, 3}], [{8, 4}, {6, 7}, {2, 5}, {1, 3}], [{8, 4}, {6, 7}, {3, 5}, {1, 2}], [{8, 4}, {7}, {1, 6}, {2, 5}, {3}], [{8, 4}, {7}, {2, 6}, {1, 5}, {3}], [{8, 4}, {7}, {5, 6}, {3}, {1, 2}], [{8, 5}, {1, 7}, {2, 6}, {3, 4}], [{8, 5}, {1, 7}, {3, 6}, {2, 4}], [{8, 5}, {1, 7}, {4, 6}, {2, 3}], [{8, 5}, {2, 7}, {1, 6}, {3, 4}], [{8, 5}, {2, 7}, {1, 6}, {4}, {3}], [{8, 5}, {2, 7}, {3, 6}, {1, 4}], [{8, 5}, {2, 7}, {4, 6}, {1, 3}], [{8, 5}, {3, 7}, {1, 6}, {2, 4}], [{8, 5}, {3, 7}, {1, 6}, {4}, {2}], [{8, 5}, {3, 7}, {2, 6}, {1, 4}], [{8, 5}, {3, 7}, {4, 6}, {1, 2}], [{8, 5}, {4, 7}, {1, 6}, {2, 3}], [{8, 5}, {4, 7}, {2, 6}, {1, 3}], [{8, 5}, {4, 7}, {3, 6}, {1, 2}], [{8, 5}, {6, 7}, {1, 4}, {2, 3}], [{8, 5}, {6, 7}, {2, 4}, {1, 3}], [{8, 5}, {6, 7}, {3, 4}, {1, 2}], [{8, 5}, {7}, {1, 6}, {4}, {2, 3}], [{8, 5}, {7}, {2, 6}, {3, 4}, {1}], [{8, 6}, {1, 7}, {2, 5}, {3, 4}], [{8, 6}, {1, 7}, {3, 5}, {2, 4}], [{8, 6}, {1, 7}, {4, 5}, {2, 3}], [{8, 6}, {1, 7}, {5}, {2, 4}, {3}], [{8, 6}, {2, 7}, {1, 5}, {3, 4}], [{8, 6}, {2, 7}, {1, 5}, {4}, {3}], [{8, 6}, {2, 7}, {3, 5}, {1, 4}], [{8, 6}, {2, 7}, {3, 5}, {4}, {1}], [{8, 6}, {2, 7}, {4, 5}, {1, 3}], [{8, 6}, {2, 7}, {4, 5}, {3}, {1}], [{8, 6}, {2, 7}, {5}, {1, 4}, {3}], [{8, 6}, {2, 7}, {5}, {3, 4}, {1}], [{8, 6}, {2, 7}, {5}, {4}, {1, 3}], [{8, 6}, {3, 7}, {1, 5}, {2, 4}], [{8, 6}, {3, 7}, {2, 5}, {1, 4}], [{8, 6}, {3, 7}, {4, 5}, {1, 2}], [{8, 6}, {3, 7}, {5}, {2, 4}, {1}], [{8, 6}, {4, 7}, {1, 5}, {2, 3}], [{8, 6}, {4, 7}, {2, 5}, {1, 3}], [{8, 6}, {4, 7}, {3, 5}, {1, 2}], [{8, 6}, {4, 7}, {5}, {1, 3}, {2}], [{8, 6}, {5, 7}, {1, 4}, {2, 3}], [{8, 6}, {5, 7}, {2, 4}, {1, 3}], [{8, 6}, {5, 7}, {3, 4}, {1, 2}], [{8, 6}, {5, 7}, {4}, {1, 3}, {2}], [{8, 6}, {7}, {1, 5}, {3, 4}, {2}], [{8, 6}, {7}, {2, 5}, {4}, {1, 3}], [{8, 6}, {7}, {3, 5}, {1, 4}, {2}], [{8, 6}, {7}, {4, 5}, {1, 3}, {2}], [{8, 6}, {7}, {5}, {2, 4}, {1, 3}], [{8, 6}, {7}, {5}, {4}, {1, 3}, {2}], [{8, 7}, {1, 6}, {2, 5}, {3, 4}], [{8, 7}, {1, 6}, {2, 5}, {4}, {3}], [{8, 7}, {1, 6}, {3, 5}, {2, 4}], [{8, 7}, {1, 6}, {3, 5}, {4}, {2}], [{8, 7}, {1, 6}, {4, 5}, {2, 3}], [{8, 7}, {1, 6}, {5}, {4}, {2, 3}], [{8, 7}, {2, 6}, {1, 5}, {3, 4}], [{8, 7}, {2, 6}, {1, 5}, {4}, {3}], [{8, 7}, {2, 6}, {3, 5}, {1, 4}], [{8, 7}, {2, 6}, {3, 5}, {4}, {1}], [{8, 7}, {2, 6}, {4, 5}, {1, 3}], [{8, 7}, {2, 6}, {4, 5}, {3}, {1}], [{8, 7}, {2, 6}, {5}, {1, 4}, {3}], [{8, 7}, {2, 6}, {5}, {3, 4}, {1}], [{8, 7}, {2, 6}, {5}, {4}, {1, 3}], [{8, 7}, {3, 6}, {1, 5}, {2, 4}], [{8, 7}, {3, 6}, {2, 5}, {1, 4}], [{8, 7}, {3, 6}, {4, 5}, {1, 2}], [{8, 7}, {4, 6}, {1, 5}, {2, 3}], [{8, 7}, {4, 6}, {2, 5}, {1, 3}], [{8, 7}, {4, 6}, {3, 5}, {1, 2}], [{8, 7}, {4, 6}, {3, 5}, {2}, {1}], [{8, 7}, {4, 6}, {5}, {3}, {1, 2}], [{8, 7}, {5, 6}, {1, 4}, {2, 3}], [{8, 7}, {5, 6}, {2, 4}, {1, 3}], [{8, 7}, {5, 6}, {3, 4}, {1, 2}], [{8, 7}, {6}, {1, 5}, {3, 4}, {2}], [{8, 7}, {6}, {3, 5}, {1, 4}, {2}], [{8, 7}, {6}, {3, 5}, {2, 4}, {1}], [{8, 7}, {6}, {3, 5}, {4}, {1, 2}], [{8, 7}, {6}, {3, 5}, {4}, {2}, {1}], [{8, 7}, {6}, {4, 5}, {1, 3}, {2}], [{8}, {1, 7}, {2, 6}, {5}, {3, 4}], [{8}, {1, 7}, {3, 6}, {4, 5}, {2}], [{8}, {1, 7}, {4, 6}, {3, 5}, {2}], [{8}, {1, 7}, {5, 6}, {4}, {2, 3}], [{8}, {2, 7}, {1, 6}, {3, 5}, {4}], [{8}, {2, 7}, {4, 6}, {3, 5}, {1}], [{8}, {2, 7}, {6}, {1, 5}, {3, 4}], [{8}, {2, 7}, {6}, {3, 5}, {1, 4}], [{8}, {2, 7}, {6}, {3, 5}, {4}, {1}], [{8}, {2, 7}, {6}, {4, 5}, {1, 3}], [{8}, {3, 7}, {1, 6}, {2, 5}, {4}], [{8}, {3, 7}, {2, 6}, {1, 5}, {4}], [{8}, {4, 7}, {1, 6}, {2, 5}, {3}], [{8}, {4, 7}, {2, 6}, {1, 5}, {3}], [{8}, {4, 7}, {5, 6}, {2, 3}, {1}], [{8}, {5, 7}, {1, 6}, {4}, {2, 3}], [{8}, {5, 7}, {2, 6}, {3, 4}, {1}], [{8}, {5, 7}, {3, 6}, {1, 4}, {2}], [{8}, {5, 7}, {4, 6}, {1, 3}, {2}], [{8}, {6, 7}, {1, 5}, {3, 4}, {2}], [{8}, {6, 7}, {3, 5}, {1, 4}, {2}], [{8}, {6, 7}, {4, 5}, {1, 3}, {2}], [{8}, {7}, {1, 6}, {2, 5}, {3, 4}], [{8}, {7}, {1, 6}, {2, 5}, {4}, {3}], [{8}, {7}, {2, 6}, {1, 5}, {3, 4}], [{8}, {7}, {2, 6}, {1, 5}, {4}, {3}], [{8}, {7}, {2, 6}, {3, 5}, {1, 4}], [{8}, {7}, {2, 6}, {4, 5}, {1, 3}], [{8}, {7}, {2, 6}, {5}, {3, 4}, {1}], [{8}, {7}, {3, 6}, {1, 5}, {2, 4}], [{8}, {7}, {4, 6}, {1, 5}, {2, 3}], [{8}, {7}, {4, 6}, {3, 5}, {1, 2}], [{8}, {7}, {5, 6}, {1, 4}, {2, 3}], [{8}, {7}, {5, 6}, {3, 4}, {1, 2}], [{8}, {7}, {6}, {1, 5}, {3, 4}, {2}]]",2,4 K_1^3 - 2 K_1 K_2 - 2 K_1 + 1,O1O2O3O4U5U6O7U1U3O6O5U8U7U4O8U2,O1O2O3U4U5O6O7U2O5O4U1U6U8U7O8U3,O1O2O3U1O4U5U4U6U3O7O8U2O5O6U8U7,c,{'O1O2O3O4U3O5U1U6U5O7O8U2U4O6U8U7'},1,"<a href=""/flatknot/8.704454"">8.704454</a>",t^9-61t^7-110t^6+217t^5+20t^4-139t^3+196t^2-16t-8,t^3-2t^2+t,,
8.704455,O1O2O3O4U3O5U1U6U5O7O8U2U7O6U4U8,3,5z^2+62z+105,5w^3z^2+62w^2z+105w,False,False,"[[ 0 -3 -1 -1  2  2 -1  0  2],[ 3  0  2  0  4  1  1  1  2],[ 1 -2  0  0  2  0 -1  1  2],[ 1  0  0  0  1  0  1  0  1],[-2 -4 -2 -1  0  1 -3  0  1],[-2 -1  0  0 -1  0 -2  0 -1],[ 1 -1  1 -1  3  2  0  0  1],[ 0 -1 -1  0  0  0  0  0  1],[-2 -2 -2 -1 -1  1 -1 -1  0]]","[[ 0  2  2  2  0 -1 -1 -1 -3],[-2  0  1  1  0 -1 -2 -3 -4],[-2 -1  0  1 -1 -1 -2 -1 -2],[-2 -1 -1  0  0  0  0 -2 -1],[ 0  0  1  0  0  0 -1  0 -1],[ 1  1  1  0  0  0  0  1  0],[ 1  2  2  0  1  0  0 -1 -2],[ 1  3  1  2  0 -1  1  0 -1],[ 3  4  2  1  1  0  2  1  0]]",True,"[-2,-2,-2,0,1,1,1,3,-1,-1,0,1,2,3,4,-1,1,1,2,1,2,0,0,0,2,1,0,1,0,1,0,-1,0,1,2,1]","[-3,-1,-1,-1,0,2,2,2,0,1,2,1,1,2,4,1,0,0,0,1,1,1,0,2,1,3,1,0,2,2,0,1,0,-1,-1,-1]",t^8+58t^6+302t^4+15t^2,"[-3,-1,-1,-1,0,2,2,2,0,1,2,2,1,3,4,1,0,0,1,1,3,1,1,0,2,1,1,2,2,3,2,1,2,-1,-1,-1]","[-2,-2,-2,0,1,1,1,3,-1,-1,2,1,3,3,4,-1,1,2,1,2,3,2,0,1,2,1,1,0,1,2,1,-1,1,0,0,2]","[-3,-1,-1,-1,0,2,2,2,0,1,2,1,1,2,4,1,0,0,0,1,1,1,0,2,1,3,1,0,2,2,0,1,0,-1,-1,-1]",c,"[[{8, 1}, {2, 7}, {3, 6}, {4, 5}], [{8, 1}, {2, 7}, {3, 6}, {5}, {4}], [{8, 1}, {2, 7}, {4, 6}, {3, 5}], [{8, 1}, {2, 7}, {5, 6}, {3, 4}], [{8, 1}, {2, 7}, {6}, {4, 5}, {3}], [{8, 1}, {3, 7}, {2, 6}, {4, 5}], [{8, 1}, {3, 7}, {4, 6}, {2, 5}], [{8, 1}, {3, 7}, {5, 6}, {2, 4}], [{8, 1}, {3, 7}, {6}, {2, 5}, {4}], [{8, 1}, {3, 7}, {6}, {4, 5}, {2}], [{8, 1}, {3, 7}, {6}, {5}, {2, 4}], [{8, 1}, {4, 7}, {2, 6}, {3, 5}], [{8, 1}, {4, 7}, {3, 6}, {2, 5}], [{8, 1}, {4, 7}, {3, 6}, {5}, {2}], [{8, 1}, {4, 7}, {5, 6}, {2, 3}], [{8, 1}, {4, 7}, {6}, {2, 5}, {3}], [{8, 1}, {5, 7}, {2, 6}, {3, 4}], [{8, 1}, {5, 7}, {3, 6}, {2, 4}], [{8, 1}, {5, 7}, {3, 6}, {4}, {2}], [{8, 1}, {5, 7}, {4, 6}, {2, 3}], [{8, 1}, {5, 7}, {6}, {2, 4}, {3}], [{8, 1}, {6, 7}, {2, 5}, {3, 4}], [{8, 1}, {6, 7}, {2, 5}, {4}, {3}], [{8, 1}, {6, 7}, {3, 5}, {2, 4}], [{8, 1}, {6, 7}, {3, 5}, {4}, {2}], [{8, 1}, {6, 7}, {4, 5}, {2, 3}], [{8, 1}, {6, 7}, {4, 5}, {3}, {2}], [{8, 1}, {6, 7}, {5}, {2, 4}, {3}], [{8, 1}, {6, 7}, {5}, {3, 4}, {2}], [{8, 1}, {6, 7}, {5}, {4}, {2, 3}], [{8, 1}, {7}, {2, 6}, {4, 5}, {3}], [{8, 1}, {7}, {3, 6}, {2, 5}, {4}], [{8, 1}, {7}, {3, 6}, {4, 5}, {2}], [{8, 1}, {7}, {3, 6}, {5}, {2, 4}], [{8, 1}, {7}, {4, 6}, {2, 5}, {3}], [{8, 1}, {7}, {5, 6}, {2, 4}, {3}], [{8, 1}, {7}, {6}, {2, 5}, {3, 4}], [{8, 1}, {7}, {6}, {2, 5}, {4}, {3}], [{8, 1}, {7}, {6}, {3, 5}, {2, 4}], [{8, 1}, {7}, {6}, {4, 5}, {2, 3}], [{8, 1}, {7}, {6}, {4, 5}, {3}, {2}], [{8, 1}, {7}, {6}, {5}, {2, 4}, {3}], [{8, 2}, {1, 7}, {3, 6}, {4, 5}], [{8, 2}, {1, 7}, {4, 6}, {3, 5}], [{8, 2}, {1, 7}, {5, 6}, {3, 4}], [{8, 2}, {1, 7}, {5, 6}, {4}, {3}], [{8, 2}, {1, 7}, {6}, {5}, {3, 4}], [{8, 2}, {3, 7}, {1, 6}, {4, 5}], [{8, 2}, {3, 7}, {4, 6}, {1, 5}], [{8, 2}, {3, 7}, {5, 6}, {1, 4}], [{8, 2}, {3, 7}, {6}, {1, 5}, {4}], [{8, 2}, {4, 7}, {1, 6}, {3, 5}], [{8, 2}, {4, 7}, {3, 6}, {1, 5}], [{8, 2}, {4, 7}, {3, 6}, {5}, {1}], [{8, 2}, {4, 7}, {5, 6}, {1, 3}], [{8, 2}, {4, 7}, {6}, {1, 5}, {3}], [{8, 2}, {5, 7}, {1, 6}, {3, 4}], [{8, 2}, {5, 7}, {1, 6}, {4}, {3}], [{8, 2}, {5, 7}, {3, 6}, {1, 4}], [{8, 2}, {5, 7}, {4, 6}, {1, 3}], [{8, 2}, {5, 7}, {6}, {3, 4}, {1}], [{8, 2}, {6, 7}, {1, 5}, {3, 4}], [{8, 2}, {6, 7}, {1, 5}, {4}, {3}], [{8, 2}, {6, 7}, {3, 5}, {1, 4}], [{8, 2}, {6, 7}, {4, 5}, {1, 3}], [{8, 2}, {6, 7}, {5}, {3, 4}, {1}], [{8, 2}, {7}, {1, 6}, {5}, {3, 4}], [{8, 2}, {7}, {3, 6}, {1, 5}, {4}], [{8, 2}, {7}, {4, 6}, {1, 5}, {3}], [{8, 2}, {7}, {4, 6}, {3, 5}, {1}], [{8, 2}, {7}, {4, 6}, {5}, {1, 3}], [{8, 2}, {7}, {5, 6}, {3, 4}, {1}], [{8, 2}, {7}, {6}, {1, 5}, {3, 4}], [{8, 2}, {7}, {6}, {1, 5}, {4}, {3}], [{8, 3}, {1, 7}, {2, 6}, {4, 5}], [{8, 3}, {1, 7}, {4, 6}, {2, 5}], [{8, 3}, {1, 7}, {5, 6}, {2, 4}], [{8, 3}, {1, 7}, {5, 6}, {4}, {2}], [{8, 3}, {2, 7}, {1, 6}, {4, 5}], [{8, 3}, {2, 7}, {4, 6}, {1, 5}], [{8, 3}, {2, 7}, {5, 6}, {1, 4}], [{8, 3}, {4, 7}, {1, 6}, {2, 5}], [{8, 3}, {4, 7}, {2, 6}, {1, 5}], [{8, 3}, {4, 7}, {5, 6}, {1, 2}], [{8, 3}, {4, 7}, {5, 6}, {2}, {1}], [{8, 3}, {5, 7}, {1, 6}, {2, 4}], [{8, 3}, {5, 7}, {2, 6}, {1, 4}], [{8, 3}, {5, 7}, {4, 6}, {1, 2}], [{8, 3}, {6, 7}, {1, 5}, {2, 4}], [{8, 3}, {6, 7}, {2, 5}, {1, 4}], [{8, 3}, {6, 7}, {4, 5}, {1, 2}], [{8, 3}, {7}, {5, 6}, {1, 4}, {2}], [{8, 4}, {1, 7}, {2, 6}, {3, 5}], [{8, 4}, {1, 7}, {3, 6}, {2, 5}], [{8, 4}, {1, 7}, {5, 6}, {2, 3}], [{8, 4}, {1, 7}, {5, 6}, {3}, {2}], [{8, 4}, {1, 7}, {6}, {5}, {2, 3}], [{8, 4}, {2, 7}, {1, 6}, {3, 5}], [{8, 4}, {2, 7}, {3, 6}, {1, 5}], [{8, 4}, {2, 7}, {5, 6}, {1, 3}], [{8, 4}, {3, 7}, {1, 6}, {2, 5}], [{8, 4}, {3, 7}, {2, 6}, {1, 5}], [{8, 4}, {3, 7}, {2, 6}, {5}, {1}], [{8, 4}, {3, 7}, {5, 6}, {1, 2}], [{8, 4}, {5, 7}, {1, 6}, {2, 3}], [{8, 4}, {5, 7}, {2, 6}, {1, 3}], [{8, 4}, {5, 7}, {2, 6}, {3}, {1}], [{8, 4}, {5, 7}, {3, 6}, {1, 2}], [{8, 4}, {6, 7}, {1, 5}, {2, 3}], [{8, 4}, {6, 7}, {2, 5}, {1, 3}], [{8, 4}, {6, 7}, {3, 5}, {1, 2}], [{8, 4}, {7}, {2, 6}, {3, 5}, {1}], [{8, 4}, {7}, {5, 6}, {2, 3}, {1}], [{8, 5}, {1, 7}, {2, 6}, {3, 4}], [{8, 5}, {1, 7}, {3, 6}, {2, 4}], [{8, 5}, {1, 7}, {3, 6}, {4}, {2}], [{8, 5}, {1, 7}, {4, 6}, {2, 3}], [{8, 5}, {2, 7}, {1, 6}, {3, 4}], [{8, 5}, {2, 7}, {3, 6}, {1, 4}], [{8, 5}, {2, 7}, {4, 6}, {1, 3}], [{8, 5}, {2, 7}, {6}, {1, 4}, {3}], [{8, 5}, {2, 7}, {6}, {3, 4}, {1}], [{8, 5}, {2, 7}, {6}, {4}, {1, 3}], [{8, 5}, {3, 7}, {1, 6}, {2, 4}], [{8, 5}, {3, 7}, {2, 6}, {1, 4}], [{8, 5}, {3, 7}, {4, 6}, {1, 2}], [{8, 5}, {3, 7}, {6}, {1, 4}, {2}], [{8, 5}, {4, 7}, {1, 6}, {2, 3}], [{8, 5}, {4, 7}, {2, 6}, {1, 3}], [{8, 5}, {4, 7}, {3, 6}, {1, 2}], [{8, 5}, {4, 7}, {3, 6}, {2}, {1}], [{8, 5}, {6, 7}, {1, 4}, {2, 3}], [{8, 5}, {6, 7}, {1, 4}, {3}, {2}], [{8, 5}, {6, 7}, {2, 4}, {1, 3}], [{8, 5}, {6, 7}, {3, 4}, {1, 2}], [{8, 5}, {6, 7}, {3, 4}, {2}, {1}], [{8, 5}, {6, 7}, {4}, {1, 3}, {2}], [{8, 5}, {7}, {1, 6}, {4}, {2, 3}], [{8, 5}, {7}, {2, 6}, {1, 4}, {3}], [{8, 5}, {7}, {2, 6}, {3, 4}, {1}], [{8, 5}, {7}, {2, 6}, {4}, {1, 3}], [{8, 5}, {7}, {3, 6}, {1, 4}, {2}], [{8, 5}, {7}, {4, 6}, {2, 3}, {1}], [{8, 5}, {7}, {6}, {1, 4}, {2, 3}], [{8, 5}, {7}, {6}, {1, 4}, {3}, {2}], [{8, 6}, {1, 7}, {2, 5}, {3, 4}], [{8, 6}, {1, 7}, {3, 5}, {2, 4}], [{8, 6}, {1, 7}, {3, 5}, {4}, {2}], [{8, 6}, {1, 7}, {4, 5}, {2, 3}], [{8, 6}, {2, 7}, {1, 5}, {3, 4}], [{8, 6}, {2, 7}, {3, 5}, {1, 4}], [{8, 6}, {2, 7}, {4, 5}, {1, 3}], [{8, 6}, {3, 7}, {1, 5}, {2, 4}], [{8, 6}, {3, 7}, {2, 5}, {1, 4}], [{8, 6}, {3, 7}, {4, 5}, {1, 2}], [{8, 6}, {4, 7}, {1, 5}, {2, 3}], [{8, 6}, {4, 7}, {2, 5}, {1, 3}], [{8, 6}, {4, 7}, {3, 5}, {1, 2}], [{8, 6}, {4, 7}, {3, 5}, {2}, {1}], [{8, 6}, {5, 7}, {1, 4}, {2, 3}], [{8, 6}, {5, 7}, {2, 4}, {1, 3}], [{8, 6}, {5, 7}, {3, 4}, {1, 2}], [{8, 6}, {5, 7}, {4}, {1, 3}, {2}], [{8, 6}, {7}, {3, 5}, {1, 4}, {2}], [{8, 7}, {1, 6}, {2, 5}, {3, 4}], [{8, 7}, {1, 6}, {3, 5}, {2, 4}], [{8, 7}, {1, 6}, {4, 5}, {2, 3}], [{8, 7}, {2, 6}, {1, 5}, {3, 4}], [{8, 7}, {2, 6}, {3, 5}, {1, 4}], [{8, 7}, {2, 6}, {4, 5}, {1, 3}], [{8, 7}, {2, 6}, {4, 5}, {3}, {1}], [{8, 7}, {3, 6}, {1, 5}, {2, 4}], [{8, 7}, {3, 6}, {2, 5}, {1, 4}], [{8, 7}, {3, 6}, {4, 5}, {1, 2}], [{8, 7}, {4, 6}, {1, 5}, {2, 3}], [{8, 7}, {4, 6}, {2, 5}, {1, 3}], [{8, 7}, {4, 6}, {2, 5}, {3}, {1}], [{8, 7}, {4, 6}, {3, 5}, {1, 2}], [{8, 7}, {5, 6}, {1, 4}, {2, 3}], [{8, 7}, {5, 6}, {2, 4}, {1, 3}], [{8, 7}, {5, 6}, {2, 4}, {3}, {1}], [{8, 7}, {5, 6}, {3, 4}, {1, 2}], [{8}, {1, 7}, {2, 6}, {4, 5}, {3}], [{8}, {1, 7}, {4, 6}, {2, 5}, {3}], [{8}, {1, 7}, {5, 6}, {2, 4}, {3}], [{8}, {1, 7}, {5, 6}, {3, 4}, {2}], [{8}, {1, 7}, {5, 6}, {4}, {2, 3}], [{8}, {1, 7}, {5, 6}, {4}, {3}, {2}], [{8}, {2, 7}, {3, 6}, {4, 5}, {1}], [{8}, {3, 7}, {4, 6}, {5}, {1, 2}], [{8}, {4, 7}, {3, 6}, {1, 5}, {2}], [{8}, {4, 7}, {3, 6}, {2, 5}, {1}], [{8}, {4, 7}, {3, 6}, {5}, {1, 2}], [{8}, {4, 7}, {3, 6}, {5}, {2}, {1}], [{8}, {5, 7}, {1, 6}, {3, 4}, {2}], [{8}, {5, 7}, {3, 6}, {2, 4}, {1}], [{8}, {6, 7}, {1, 5}, {3, 4}, {2}], [{8}, {6, 7}, {2, 5}, {3, 4}, {1}], [{8}, {6, 7}, {3, 5}, {2, 4}, {1}], [{8}, {6, 7}, {4, 5}, {2, 3}, {1}], [{8}, {6, 7}, {5}, {3, 4}, {1, 2}], [{8}, {6, 7}, {5}, {3, 4}, {2}, {1}]]",2,4 K_1^3 + 4 K_1^2 K_2 - 28 K_1^2 - 14 K_1 K_2 - 2 K_1 K_3 + 4 K_1 - 2 K_2^2 + 13 K_2 + 6 K_3 + K_4 + 15,O1O2O3O4U5U1O6U7U3O5O7U8U6U4O8U2,O1O2O3U4U5O6O4U2O7O5U1U6U8U7O8U3,O1O2O3U1O4U5U4U6U3O7O5U2O8O6U7U8,c,{'O1O2O3O4U3O5U1U6U5O7O8U2U7O6U4U8'},1,"<a href=""/flatknot/8.704455"">8.704455</a>",t^9-58t^7-180t^6-63t^5+158t^4+233t^3+452t^2+184t-72,t^3-3t^2+3t,,
8.704456,O1O2O3O4U3O5U1U6U5O7O8U2U7O6U8U4,4,14z^2+95z+135,14w^3z^2-4w^3z+99w^2z+135w,False,False,"[[ 0 -3 -1 -1  3  2 -1  0  1],[ 3  0  2  0  4  1  1  1  1],[ 1 -2  0  0  3  0 -1  1  1],[ 1  0  0  0  1  0  1  0  0],[-3 -4 -3 -1  0  1 -3 -1  0],[-2 -1  0  0 -1  0 -2  0 -1],[ 1 -1  1 -1  3  2  0  0  0],[ 0 -1 -1  0  1  0  0  0  1],[-1 -1 -1  0  0  1  0 -1  0]]","[[ 0  3  2  1  0 -1 -1 -1 -3],[-3  0  1  0 -1 -1 -3 -3 -4],[-2 -1  0 -1  0  0  0 -2 -1],[-1  0  1  0 -1  0 -1  0 -1],[ 0  1  0  1  0  0 -1  0 -1],[ 1  1  0  0  0  0  0  1  0],[ 1  3  0  1  1  0  0 -1 -2],[ 1  3  2  0  0 -1  1  0 -1],[ 3  4  1  1  1  0  2  1  0]]",True,"[-3,-2,-1,0,1,1,1,3,-1,0,1,1,3,3,4,1,0,0,0,2,1,1,0,1,0,1,0,1,0,1,0,-1,0,1,2,1]","[-3,-2,-1,0,1,1,1,3,-1,0,1,1,3,3,4,1,0,0,0,2,1,1,0,1,0,1,0,1,0,1,0,-1,0,1,2,1]",t^8+55t^6+301t^4+111t^2,"[-3,-1,-1,-1,0,1,2,3,0,1,2,2,3,4,2,1,0,0,1,3,1,1,1,2,1,1,1,2,3,3,0,2,2,0,2,2]","[-3,-2,-1,0,1,1,1,3,2,2,2,1,1,3,2,0,2,1,3,3,4,0,2,1,2,3,1,0,1,2,1,-1,1,0,0,2]","[-3,-1,-1,-1,0,1,2,3,0,1,2,1,1,1,4,1,0,0,0,0,1,1,0,0,2,3,1,1,0,3,1,0,1,1,0,-1]",c,"[[{8, 1}, {2, 7}, {3, 6}, {4, 5}], [{8, 1}, {2, 7}, {4, 6}, {3, 5}], [{8, 1}, {2, 7}, {5, 6}, {3, 4}], [{8, 1}, {2, 7}, {6}, {3, 5}, {4}], [{8, 1}, {3, 7}, {2, 6}, {4, 5}], [{8, 1}, {3, 7}, {4, 6}, {2, 5}], [{8, 1}, {3, 7}, {5, 6}, {2, 4}], [{8, 1}, {4, 7}, {2, 6}, {3, 5}], [{8, 1}, {4, 7}, {3, 6}, {2, 5}], [{8, 1}, {4, 7}, {5, 6}, {2, 3}], [{8, 1}, {4, 7}, {6}, {3, 5}, {2}], [{8, 1}, {5, 7}, {2, 6}, {3, 4}], [{8, 1}, {5, 7}, {2, 6}, {4}, {3}], [{8, 1}, {5, 7}, {3, 6}, {2, 4}], [{8, 1}, {5, 7}, {4, 6}, {2, 3}], [{8, 1}, {6, 7}, {2, 5}, {3, 4}], [{8, 1}, {6, 7}, {3, 5}, {2, 4}], [{8, 1}, {6, 7}, {4, 5}, {2, 3}], [{8, 1}, {6, 7}, {5}, {3, 4}, {2}], [{8, 1}, {7}, {3, 6}, {5}, {2, 4}], [{8, 1}, {7}, {5, 6}, {2, 4}, {3}], [{8, 1}, {7}, {6}, {2, 5}, {3, 4}], [{8, 1}, {7}, {6}, {3, 5}, {2, 4}], [{8, 1}, {7}, {6}, {4, 5}, {2, 3}], [{8, 2}, {1, 7}, {3, 6}, {4, 5}], [{8, 2}, {1, 7}, {4, 6}, {3, 5}], [{8, 2}, {1, 7}, {5, 6}, {3, 4}], [{8, 2}, {1, 7}, {6}, {3, 5}, {4}], [{8, 2}, {3, 7}, {1, 6}, {4, 5}], [{8, 2}, {3, 7}, {4, 6}, {1, 5}], [{8, 2}, {3, 7}, {5, 6}, {1, 4}], [{8, 2}, {4, 7}, {1, 6}, {3, 5}], [{8, 2}, {4, 7}, {3, 6}, {1, 5}], [{8, 2}, {4, 7}, {5, 6}, {1, 3}], [{8, 2}, {4, 7}, {6}, {3, 5}, {1}], [{8, 2}, {5, 7}, {1, 6}, {3, 4}], [{8, 2}, {5, 7}, {3, 6}, {1, 4}], [{8, 2}, {5, 7}, {4, 6}, {1, 3}], [{8, 2}, {6, 7}, {1, 5}, {3, 4}], [{8, 2}, {6, 7}, {3, 5}, {1, 4}], [{8, 2}, {6, 7}, {3, 5}, {4}, {1}], [{8, 2}, {6, 7}, {4, 5}, {1, 3}], [{8, 2}, {7}, {1, 6}, {3, 5}, {4}], [{8, 2}, {7}, {1, 6}, {4, 5}, {3}], [{8, 2}, {7}, {1, 6}, {5}, {3, 4}], [{8, 2}, {7}, {3, 6}, {1, 5}, {4}], [{8, 2}, {7}, {3, 6}, {4, 5}, {1}], [{8, 2}, {7}, {3, 6}, {5}, {1, 4}], [{8, 2}, {7}, {4, 6}, {1, 5}, {3}], [{8, 2}, {7}, {4, 6}, {3, 5}, {1}], [{8, 2}, {7}, {4, 6}, {5}, {1, 3}], [{8, 2}, {7}, {5, 6}, {1, 4}, {3}], [{8, 2}, {7}, {5, 6}, {3, 4}, {1}], [{8, 2}, {7}, {5, 6}, {4}, {1, 3}], [{8, 2}, {7}, {6}, {1, 5}, {3, 4}], [{8, 2}, {7}, {6}, {3, 5}, {1, 4}], [{8, 2}, {7}, {6}, {4, 5}, {1, 3}], [{8, 3}, {1, 7}, {2, 6}, {4, 5}], [{8, 3}, {1, 7}, {4, 6}, {2, 5}], [{8, 3}, {1, 7}, {5, 6}, {2, 4}], [{8, 3}, {2, 7}, {1, 6}, {4, 5}], [{8, 3}, {2, 7}, {4, 6}, {1, 5}], [{8, 3}, {2, 7}, {5, 6}, {1, 4}], [{8, 3}, {4, 7}, {1, 6}, {2, 5}], [{8, 3}, {4, 7}, {2, 6}, {1, 5}], [{8, 3}, {4, 7}, {5, 6}, {1, 2}], [{8, 3}, {5, 7}, {1, 6}, {2, 4}], [{8, 3}, {5, 7}, {2, 6}, {1, 4}], [{8, 3}, {5, 7}, {4, 6}, {1, 2}], [{8, 3}, {6, 7}, {1, 5}, {2, 4}], [{8, 3}, {6, 7}, {2, 5}, {1, 4}], [{8, 3}, {6, 7}, {4, 5}, {1, 2}], [{8, 3}, {6, 7}, {4, 5}, {2}, {1}], [{8, 4}, {1, 7}, {2, 6}, {3, 5}], [{8, 4}, {1, 7}, {3, 6}, {2, 5}], [{8, 4}, {1, 7}, {5, 6}, {2, 3}], [{8, 4}, {2, 7}, {1, 6}, {3, 5}], [{8, 4}, {2, 7}, {3, 6}, {1, 5}], [{8, 4}, {2, 7}, {5, 6}, {1, 3}], [{8, 4}, {2, 7}, {6}, {1, 5}, {3}], [{8, 4}, {3, 7}, {1, 6}, {2, 5}], [{8, 4}, {3, 7}, {2, 6}, {1, 5}], [{8, 4}, {3, 7}, {5, 6}, {1, 2}], [{8, 4}, {3, 7}, {5, 6}, {2}, {1}], [{8, 4}, {5, 7}, {1, 6}, {2, 3}], [{8, 4}, {5, 7}, {2, 6}, {1, 3}], [{8, 4}, {5, 7}, {2, 6}, {3}, {1}], [{8, 4}, {5, 7}, {3, 6}, {1, 2}], [{8, 4}, {6, 7}, {1, 5}, {2, 3}], [{8, 4}, {6, 7}, {2, 5}, {1, 3}], [{8, 4}, {6, 7}, {3, 5}, {1, 2}], [{8, 4}, {6, 7}, {5}, {3}, {1, 2}], [{8, 5}, {1, 7}, {2, 6}, {3, 4}], [{8, 5}, {1, 7}, {3, 6}, {2, 4}], [{8, 5}, {1, 7}, {4, 6}, {2, 3}], [{8, 5}, {2, 7}, {1, 6}, {3, 4}], [{8, 5}, {2, 7}, {3, 6}, {1, 4}], [{8, 5}, {2, 7}, {4, 6}, {1, 3}], [{8, 5}, {3, 7}, {1, 6}, {2, 4}], [{8, 5}, {3, 7}, {2, 6}, {1, 4}], [{8, 5}, {3, 7}, {4, 6}, {1, 2}], [{8, 5}, {4, 7}, {1, 6}, {2, 3}], [{8, 5}, {4, 7}, {2, 6}, {1, 3}], [{8, 5}, {4, 7}, {3, 6}, {1, 2}], [{8, 5}, {6, 7}, {1, 4}, {2, 3}], [{8, 5}, {6, 7}, {2, 4}, {1, 3}], [{8, 5}, {6, 7}, {3, 4}, {1, 2}], [{8, 6}, {1, 7}, {2, 5}, {3, 4}], [{8, 6}, {1, 7}, {3, 5}, {2, 4}], [{8, 6}, {1, 7}, {4, 5}, {2, 3}], [{8, 6}, {2, 7}, {1, 5}, {3, 4}], [{8, 6}, {2, 7}, {3, 5}, {1, 4}], [{8, 6}, {2, 7}, {4, 5}, {1, 3}], [{8, 6}, {2, 7}, {5}, {1, 4}, {3}], [{8, 6}, {3, 7}, {1, 5}, {2, 4}], [{8, 6}, {3, 7}, {2, 5}, {1, 4}], [{8, 6}, {3, 7}, {4, 5}, {1, 2}], [{8, 6}, {3, 7}, {4, 5}, {2}, {1}], [{8, 6}, {4, 7}, {1, 5}, {2, 3}], [{8, 6}, {4, 7}, {2, 5}, {1, 3}], [{8, 6}, {4, 7}, {3, 5}, {1, 2}], [{8, 6}, {4, 7}, {3, 5}, {2}, {1}], [{8, 6}, {5, 7}, {1, 4}, {2, 3}], [{8, 6}, {5, 7}, {2, 4}, {1, 3}], [{8, 6}, {5, 7}, {3, 4}, {1, 2}], [{8, 6}, {5, 7}, {3, 4}, {2}, {1}], [{8, 7}, {1, 6}, {2, 5}, {3, 4}], [{8, 7}, {1, 6}, {3, 5}, {2, 4}], [{8, 7}, {1, 6}, {4, 5}, {2, 3}], [{8, 7}, {2, 6}, {1, 5}, {3, 4}], [{8, 7}, {2, 6}, {3, 5}, {1, 4}], [{8, 7}, {2, 6}, {4, 5}, {1, 3}], [{8, 7}, {2, 6}, {4, 5}, {3}, {1}], [{8, 7}, {3, 6}, {1, 5}, {2, 4}], [{8, 7}, {3, 6}, {2, 5}, {1, 4}], [{8, 7}, {3, 6}, {4, 5}, {1, 2}], [{8, 7}, {4, 6}, {1, 5}, {2, 3}], [{8, 7}, {4, 6}, {2, 5}, {1, 3}], [{8, 7}, {4, 6}, {3, 5}, {1, 2}], [{8, 7}, {4, 6}, {5}, {3}, {1, 2}], [{8, 7}, {5, 6}, {1, 4}, {2, 3}], [{8, 7}, {5, 6}, {2, 4}, {1, 3}], [{8, 7}, {5, 6}, {3, 4}, {1, 2}], [{8, 7}, {5, 6}, {4}, {2, 3}, {1}], [{8}, {1, 7}, {4, 6}, {3, 5}, {2}], [{8}, {4, 7}, {1, 6}, {2, 5}, {3}], [{8}, {4, 7}, {1, 6}, {3, 5}, {2}], [{8}, {4, 7}, {1, 6}, {5}, {2, 3}], [{8}, {4, 7}, {2, 6}, {1, 5}, {3}], [{8}, {4, 7}, {2, 6}, {3, 5}, {1}], [{8}, {4, 7}, {2, 6}, {5}, {1, 3}], [{8}, {4, 7}, {6}, {3, 5}, {1, 2}], [{8}, {4, 7}, {6}, {3, 5}, {2}, {1}], [{8}, {5, 7}, {1, 6}, {2, 4}, {3}], [{8}, {5, 7}, {2, 6}, {1, 4}, {3}], [{8}, {6, 7}, {1, 5}, {2, 4}, {3}], [{8}, {6, 7}, {2, 5}, {1, 4}, {3}], [{8}, {6, 7}, {2, 5}, {3, 4}, {1}], [{8}, {6, 7}, {2, 5}, {4}, {1, 3}], [{8}, {6, 7}, {3, 5}, {1, 4}, {2}], [{8}, {6, 7}, {5}, {1, 4}, {2, 3}]]",2,12 K_1^3 - 38 K_1^2 - 16 K_1 K_2 - K_1 + 19 K_2 + 5 K_3 + 20,O1O2O3O4U1U5O6U7U3O5O7U8U6U4O8U2,O1O2O3U4U5O6O4U2O5O7U1U6U8U7O8U3,O1O2O3U1O4U5U4U6U3O5O7U2O8O6U7U8,c,{'O1O2O3O4U3O5U1U6U5O7O8U2U7O6U8U4'},1,"<a href=""/flatknot/8.704456"">8.704456</a>",t^9-53t^7-158t^6+28t^5+310t^4-88t^3+126t^2+586t+62,-t^2+2t,,
8.704457,O1O2O3O4U3O5U1U6U5O7O8U2U8O6U4U7,4,z^3+19z^2+93z+119,w^4z^3+19w^3z^2-8w^3z+101w^2z+119w,False,False,"[[ 0 -3 -1 -1  2  2 -1  1  1],[ 3  0  2  0  4  1  1  2  1],[ 1 -2  0  0  2  0 -1  2  1],[ 1  0  0  0  1  0  1  1  0],[-2 -4 -2 -1  0  1 -3  0  0],[-2 -1  0  0 -1  0 -2 -1  0],[ 1 -1  1 -1  3  2  0  1  1],[-1 -2 -2 -1  0  1 -1  0  0],[-1 -1 -1  0  0  0 -1  0  0]]","[[ 0  2  2  1  1 -1 -1 -1 -3],[-2  0  1  0  0 -1 -2 -3 -4],[-2 -1  0  0 -1  0  0 -2 -1],[-1  0  0  0  0  0 -1 -1 -1],[-1  0  1  0  0 -1 -2 -1 -2],[ 1  1  0  0  1  0  0  1  0],[ 1  2  0  1  2  0  0 -1 -2],[ 1  3  2  1  1 -1  1  0 -1],[ 3  4  1  1  2  0  2  1  0]]",True,"[-2,-2,-1,-1,1,1,1,3,-1,0,0,1,2,3,4,0,1,0,0,2,1,0,0,1,1,1,1,2,1,2,0,-1,0,1,2,1]","[-3,-1,-1,-1,1,1,2,2,0,1,2,1,2,1,4,1,0,0,1,0,1,1,1,1,2,3,1,2,0,2,0,0,0,1,0,-1]",t^8+57t^6+240t^4+49t^2,"[-3,-1,-1,-1,1,1,2,2,0,1,2,2,3,1,4,1,0,0,1,1,3,1,1,1,0,1,1,2,2,3,0,1,0,1,1,-1]","[-2,-2,-1,-1,1,1,1,3,-1,0,1,1,3,3,4,1,1,0,1,2,1,0,1,0,1,2,1,1,2,3,1,-1,1,0,0,2]","[-3,-1,-1,-1,1,1,2,2,0,1,2,1,2,1,4,1,0,0,1,0,1,1,1,1,2,3,1,2,0,2,0,0,0,1,0,-1]",c,"[[{8, 1}, {2, 7}, {3, 6}, {4, 5}], [{8, 1}, {2, 7}, {4, 6}, {3, 5}], [{8, 1}, {2, 7}, {5, 6}, {3, 4}], [{8, 1}, {3, 7}, {2, 6}, {4, 5}], [{8, 1}, {3, 7}, {2, 6}, {5}, {4}], [{8, 1}, {3, 7}, {4, 6}, {2, 5}], [{8, 1}, {3, 7}, {5, 6}, {2, 4}], [{8, 1}, {4, 7}, {2, 6}, {3, 5}], [{8, 1}, {4, 7}, {3, 6}, {2, 5}], [{8, 1}, {4, 7}, {5, 6}, {2, 3}], [{8, 1}, {4, 7}, {6}, {3, 5}, {2}], [{8, 1}, {5, 7}, {2, 6}, {3, 4}], [{8, 1}, {5, 7}, {3, 6}, {2, 4}], [{8, 1}, {5, 7}, {4, 6}, {2, 3}], [{8, 1}, {6, 7}, {2, 5}, {3, 4}], [{8, 1}, {6, 7}, {3, 5}, {2, 4}], [{8, 1}, {6, 7}, {4, 5}, {2, 3}], [{8, 1}, {7}, {3, 6}, {2, 5}, {4}], [{8, 1}, {7}, {4, 6}, {2, 5}, {3}], [{8, 1}, {7}, {6}, {2, 5}, {3, 4}], [{8, 2}, {1, 7}, {3, 6}, {4, 5}], [{8, 2}, {1, 7}, {4, 6}, {3, 5}], [{8, 2}, {1, 7}, {5, 6}, {3, 4}], [{8, 2}, {3, 7}, {1, 6}, {4, 5}], [{8, 2}, {3, 7}, {4, 6}, {1, 5}], [{8, 2}, {3, 7}, {5, 6}, {1, 4}], [{8, 2}, {4, 7}, {1, 6}, {3, 5}], [{8, 2}, {4, 7}, {3, 6}, {1, 5}], [{8, 2}, {4, 7}, {5, 6}, {1, 3}], [{8, 2}, {5, 7}, {1, 6}, {3, 4}], [{8, 2}, {5, 7}, {3, 6}, {1, 4}], [{8, 2}, {5, 7}, {4, 6}, {1, 3}], [{8, 2}, {6, 7}, {1, 5}, {3, 4}], [{8, 2}, {6, 7}, {3, 5}, {1, 4}], [{8, 2}, {6, 7}, {4, 5}, {1, 3}], [{8, 2}, {6, 7}, {4, 5}, {3}, {1}], [{8, 2}, {7}, {3, 6}, {1, 5}, {4}], [{8, 2}, {7}, {4, 6}, {1, 5}, {3}], [{8, 2}, {7}, {6}, {1, 5}, {3, 4}], [{8, 3}, {1, 7}, {2, 6}, {4, 5}], [{8, 3}, {1, 7}, {4, 6}, {2, 5}], [{8, 3}, {1, 7}, {5, 6}, {2, 4}], [{8, 3}, {1, 7}, {6}, {5}, {2, 4}], [{8, 3}, {2, 7}, {1, 6}, {4, 5}], [{8, 3}, {2, 7}, {4, 6}, {1, 5}], [{8, 3}, {2, 7}, {5, 6}, {1, 4}], [{8, 3}, {2, 7}, {6}, {5}, {1, 4}], [{8, 3}, {4, 7}, {1, 6}, {2, 5}], [{8, 3}, {4, 7}, {2, 6}, {1, 5}], [{8, 3}, {4, 7}, {5, 6}, {1, 2}], [{8, 3}, {5, 7}, {1, 6}, {2, 4}], [{8, 3}, {5, 7}, {2, 6}, {1, 4}], [{8, 3}, {5, 7}, {4, 6}, {1, 2}], [{8, 3}, {6, 7}, {1, 5}, {2, 4}], [{8, 3}, {6, 7}, {2, 5}, {1, 4}], [{8, 3}, {6, 7}, {4, 5}, {1, 2}], [{8, 3}, {7}, {1, 6}, {2, 5}, {4}], [{8, 3}, {7}, {2, 6}, {4, 5}, {1}], [{8, 3}, {7}, {4, 6}, {1, 5}, {2}], [{8, 4}, {1, 7}, {2, 6}, {3, 5}], [{8, 4}, {1, 7}, {2, 6}, {5}, {3}], [{8, 4}, {1, 7}, {3, 6}, {2, 5}], [{8, 4}, {1, 7}, {5, 6}, {2, 3}], [{8, 4}, {1, 7}, {6}, {3, 5}, {2}], [{8, 4}, {2, 7}, {1, 6}, {3, 5}], [{8, 4}, {2, 7}, {1, 6}, {5}, {3}], [{8, 4}, {2, 7}, {3, 6}, {1, 5}], [{8, 4}, {2, 7}, {3, 6}, {5}, {1}], [{8, 4}, {2, 7}, {5, 6}, {1, 3}], [{8, 4}, {2, 7}, {6}, {5}, {1, 3}], [{8, 4}, {3, 7}, {1, 6}, {2, 5}], [{8, 4}, {3, 7}, {2, 6}, {1, 5}], [{8, 4}, {3, 7}, {2, 6}, {5}, {1}], [{8, 4}, {3, 7}, {5, 6}, {1, 2}], [{8, 4}, {3, 7}, {6}, {1, 5}, {2}], [{8, 4}, {5, 7}, {1, 6}, {2, 3}], [{8, 4}, {5, 7}, {1, 6}, {3}, {2}], [{8, 4}, {5, 7}, {2, 6}, {1, 3}], [{8, 4}, {5, 7}, {2, 6}, {3}, {1}], [{8, 4}, {5, 7}, {3, 6}, {1, 2}], [{8, 4}, {5, 7}, {3, 6}, {2}, {1}], [{8, 4}, {5, 7}, {6}, {1, 3}, {2}], [{8, 4}, {5, 7}, {6}, {2, 3}, {1}], [{8, 4}, {5, 7}, {6}, {3}, {1, 2}], [{8, 4}, {5, 7}, {6}, {3}, {2}, {1}], [{8, 4}, {6, 7}, {1, 5}, {2, 3}], [{8, 4}, {6, 7}, {2, 5}, {1, 3}], [{8, 4}, {6, 7}, {3, 5}, {1, 2}], [{8, 4}, {6, 7}, {5}, {1, 3}, {2}], [{8, 4}, {7}, {1, 6}, {2, 5}, {3}], [{8, 4}, {7}, {2, 6}, {1, 5}, {3}], [{8, 4}, {7}, {2, 6}, {3, 5}, {1}], [{8, 4}, {7}, {2, 6}, {5}, {1, 3}], [{8, 4}, {7}, {3, 6}, {2, 5}, {1}], [{8, 4}, {7}, {5, 6}, {1, 3}, {2}], [{8, 4}, {7}, {6}, {2, 5}, {1, 3}], [{8, 4}, {7}, {6}, {5}, {1, 3}, {2}], [{8, 5}, {1, 7}, {2, 6}, {3, 4}], [{8, 5}, {1, 7}, {2, 6}, {4}, {3}], [{8, 5}, {1, 7}, {3, 6}, {2, 4}], [{8, 5}, {1, 7}, {4, 6}, {2, 3}], [{8, 5}, {2, 7}, {1, 6}, {3, 4}], [{8, 5}, {2, 7}, {3, 6}, {1, 4}], [{8, 5}, {2, 7}, {4, 6}, {1, 3}], [{8, 5}, {3, 7}, {1, 6}, {2, 4}], [{8, 5}, {3, 7}, {2, 6}, {1, 4}], [{8, 5}, {3, 7}, {4, 6}, {1, 2}], [{8, 5}, {4, 7}, {1, 6}, {2, 3}], [{8, 5}, {4, 7}, {2, 6}, {1, 3}], [{8, 5}, {4, 7}, {3, 6}, {1, 2}], [{8, 5}, {6, 7}, {1, 4}, {2, 3}], [{8, 5}, {6, 7}, {1, 4}, {3}, {2}], [{8, 5}, {6, 7}, {2, 4}, {1, 3}], [{8, 5}, {6, 7}, {3, 4}, {1, 2}], [{8, 5}, {6, 7}, {3, 4}, {2}, {1}], [{8, 5}, {6, 7}, {4}, {1, 3}, {2}], [{8, 6}, {1, 7}, {2, 5}, {3, 4}], [{8, 6}, {1, 7}, {3, 5}, {2, 4}], [{8, 6}, {1, 7}, {4, 5}, {2, 3}], [{8, 6}, {2, 7}, {1, 5}, {3, 4}], [{8, 6}, {2, 7}, {1, 5}, {4}, {3}], [{8, 6}, {2, 7}, {3, 5}, {1, 4}], [{8, 6}, {2, 7}, {4, 5}, {1, 3}], [{8, 6}, {3, 7}, {1, 5}, {2, 4}], [{8, 6}, {3, 7}, {2, 5}, {1, 4}], [{8, 6}, {3, 7}, {4, 5}, {1, 2}], [{8, 6}, {4, 7}, {1, 5}, {2, 3}], [{8, 6}, {4, 7}, {2, 5}, {1, 3}], [{8, 6}, {4, 7}, {3, 5}, {1, 2}], [{8, 6}, {5, 7}, {1, 4}, {2, 3}], [{8, 6}, {5, 7}, {2, 4}, {1, 3}], [{8, 6}, {5, 7}, {3, 4}, {1, 2}], [{8, 6}, {5, 7}, {4}, {1, 3}, {2}], [{8, 6}, {7}, {2, 5}, {3, 4}, {1}], [{8, 6}, {7}, {3, 5}, {2, 4}, {1}], [{8, 7}, {1, 6}, {2, 5}, {3, 4}], [{8, 7}, {1, 6}, {3, 5}, {2, 4}], [{8, 7}, {1, 6}, {4, 5}, {2, 3}], [{8, 7}, {2, 6}, {1, 5}, {3, 4}], [{8, 7}, {2, 6}, {3, 5}, {1, 4}], [{8, 7}, {2, 6}, {4, 5}, {1, 3}], [{8, 7}, {3, 6}, {1, 5}, {2, 4}], [{8, 7}, {3, 6}, {2, 5}, {1, 4}], [{8, 7}, {3, 6}, {4, 5}, {1, 2}], [{8, 7}, {4, 6}, {1, 5}, {2, 3}], [{8, 7}, {4, 6}, {2, 5}, {1, 3}], [{8, 7}, {4, 6}, {2, 5}, {3}, {1}], [{8, 7}, {4, 6}, {3, 5}, {1, 2}], [{8, 7}, {5, 6}, {1, 4}, {2, 3}], [{8, 7}, {5, 6}, {2, 4}, {1, 3}], [{8, 7}, {5, 6}, {3, 4}, {1, 2}], [{8, 7}, {6}, {1, 5}, {3, 4}, {2}], [{8, 7}, {6}, {3, 5}, {2, 4}, {1}], [{8}, {1, 7}, {2, 6}, {4, 5}, {3}], [{8}, {1, 7}, {4, 6}, {2, 5}, {3}], [{8}, {1, 7}, {5, 6}, {2, 4}, {3}], [{8}, {2, 7}, {5, 6}, {1, 4}, {3}], [{8}, {2, 7}, {6}, {1, 5}, {3, 4}], [{8}, {3, 7}, {2, 6}, {5}, {1, 4}], [{8}, {5, 7}, {4, 6}, {1, 3}, {2}], [{8}, {6, 7}, {3, 5}, {2, 4}, {1}], [{8}, {6, 7}, {4, 5}, {1, 3}, {2}], [{8}, {7}, {1, 6}, {2, 5}, {3, 4}], [{8}, {7}, {3, 6}, {2, 5}, {1, 4}], [{8}, {7}, {4, 6}, {1, 5}, {2, 3}], [{8}, {7}, {4, 6}, {3, 5}, {1, 2}]]",2,- 16 K_1^2 - 10 K_1 K_2 + 5 K_1 + 8 K_2 + 5 K_3 + 9,O1O2O3O4U5U1O6U7U3O7O5U8U6U4O8U2,O1O2O3U4U5O6O5U2O7O4U1U6U8U7O8U3,O1O2O3U1O4U5U4U6U3O7O5U2O8O6U8U7,c,{'O1O2O3O4U3O5U1U6U5O7O8U2U8O6U4U7'},1,"<a href=""/flatknot/8.704457"">8.704457</a>",t^9-59t^7-154t^6+36t^5+128t^4-118t^3+176t^2-67t,t^3-2t^2+t,,
8.704458,O1O2O3O4U3O5U1U6U5O7O8U2U8O6U7U4,4,8z^2+85z+139,8w^3z^2+85w^2z+139w,False,False,"[[ 0 -3 -1 -1  3  2 -1  0  1],[ 3  0  2  0  4  1  1  1  1],[ 1 -2  0  0  3  0 -1  1  1],[ 1  0  0  0  1  0  1  0  0],[-3 -4 -3 -1  0  1 -3 -1  0],[-2 -1  0  0 -1  0 -2 -1  0],[ 1 -1  1 -1  3  2  0  0  1],[ 0 -1 -1  0  1  1  0  0  0],[-1 -1 -1  0  0  0 -1  0  0]]","[[ 0  3  2  1  0 -1 -1 -1 -3],[-3  0  1  0 -1 -1 -3 -3 -4],[-2 -1  0  0 -1  0  0 -2 -1],[-1  0  0  0  0  0 -1 -1 -1],[ 0  1  1  0  0  0 -1  0 -1],[ 1  1  0  0  0  0  0  1  0],[ 1  3  0  1  1  0  0 -1 -2],[ 1  3  2  1  0 -1  1  0 -1],[ 3  4  1  1  1  0  2  1  0]]",True,"[-3,-2,-1,0,1,1,1,3,-1,0,1,1,3,3,4,0,1,0,0,2,1,0,0,1,1,1,0,1,0,1,0,-1,0,1,2,1]","[-3,-2,-1,0,1,1,1,3,-1,0,1,1,3,3,4,0,1,0,0,2,1,0,0,1,1,1,0,1,0,1,0,-1,0,1,2,1]",t^8+55t^6+228t^4+75t^2+1,"[-3,-1,-1,-1,0,1,2,3,0,1,2,2,3,4,2,1,0,0,1,3,1,1,1,1,1,1,1,2,3,3,1,1,2,1,2,2]","[-3,-2,-1,0,1,1,1,3,2,2,2,1,1,3,2,1,1,1,3,3,4,1,1,1,2,3,1,0,1,2,1,-1,1,0,0,2]","[-3,-1,-1,-1,0,1,2,3,0,1,2,1,1,1,4,1,0,0,0,0,1,1,0,1,2,3,1,1,0,3,0,1,1,0,0,-1]",c,"[[{8, 1}, {2, 7}, {3, 6}, {4, 5}], [{8, 1}, {2, 7}, {4, 6}, {3, 5}], [{8, 1}, {2, 7}, {5, 6}, {3, 4}], [{8, 1}, {2, 7}, {6}, {3, 5}, {4}], [{8, 1}, {2, 7}, {6}, {4, 5}, {3}], [{8, 1}, {2, 7}, {6}, {5}, {3, 4}], [{8, 1}, {3, 7}, {2, 6}, {4, 5}], [{8, 1}, {3, 7}, {4, 6}, {2, 5}], [{8, 1}, {3, 7}, {5, 6}, {2, 4}], [{8, 1}, {3, 7}, {6}, {2, 5}, {4}], [{8, 1}, {4, 7}, {2, 6}, {3, 5}], [{8, 1}, {4, 7}, {3, 6}, {2, 5}], [{8, 1}, {4, 7}, {5, 6}, {2, 3}], [{8, 1}, {5, 7}, {2, 6}, {3, 4}], [{8, 1}, {5, 7}, {3, 6}, {2, 4}], [{8, 1}, {5, 7}, {3, 6}, {4}, {2}], [{8, 1}, {5, 7}, {4, 6}, {2, 3}], [{8, 1}, {6, 7}, {2, 5}, {3, 4}], [{8, 1}, {6, 7}, {3, 5}, {2, 4}], [{8, 1}, {6, 7}, {3, 5}, {4}, {2}], [{8, 1}, {6, 7}, {4, 5}, {2, 3}], [{8, 1}, {6, 7}, {4, 5}, {3}, {2}], [{8, 1}, {6, 7}, {5}, {3, 4}, {2}], [{8, 1}, {7}, {2, 6}, {3, 5}, {4}], [{8, 1}, {7}, {2, 6}, {4, 5}, {3}], [{8, 1}, {7}, {2, 6}, {5}, {3, 4}], [{8, 1}, {7}, {4, 6}, {5}, {2, 3}], [{8, 2}, {1, 7}, {3, 6}, {4, 5}], [{8, 2}, {1, 7}, {4, 6}, {3, 5}], [{8, 2}, {1, 7}, {4, 6}, {5}, {3}], [{8, 2}, {1, 7}, {5, 6}, {3, 4}], [{8, 2}, {3, 7}, {1, 6}, {4, 5}], [{8, 2}, {3, 7}, {4, 6}, {1, 5}], [{8, 2}, {3, 7}, {5, 6}, {1, 4}], [{8, 2}, {4, 7}, {1, 6}, {3, 5}], [{8, 2}, {4, 7}, {3, 6}, {1, 5}], [{8, 2}, {4, 7}, {3, 6}, {5}, {1}], [{8, 2}, {4, 7}, {5, 6}, {1, 3}], [{8, 2}, {5, 7}, {1, 6}, {3, 4}], [{8, 2}, {5, 7}, {3, 6}, {1, 4}], [{8, 2}, {5, 7}, {4, 6}, {1, 3}], [{8, 2}, {6, 7}, {1, 5}, {3, 4}], [{8, 2}, {6, 7}, {3, 5}, {1, 4}], [{8, 2}, {6, 7}, {4, 5}, {1, 3}], [{8, 2}, {6, 7}, {5}, {1, 4}, {3}], [{8, 2}, {7}, {1, 6}, {3, 5}, {4}], [{8, 2}, {7}, {6}, {1, 5}, {3, 4}], [{8, 3}, {1, 7}, {2, 6}, {4, 5}], [{8, 3}, {1, 7}, {4, 6}, {2, 5}], [{8, 3}, {1, 7}, {5, 6}, {2, 4}], [{8, 3}, {2, 7}, {1, 6}, {4, 5}], [{8, 3}, {2, 7}, {4, 6}, {1, 5}], [{8, 3}, {2, 7}, {5, 6}, {1, 4}], [{8, 3}, {4, 7}, {1, 6}, {2, 5}], [{8, 3}, {4, 7}, {2, 6}, {1, 5}], [{8, 3}, {4, 7}, {5, 6}, {1, 2}], [{8, 3}, {5, 7}, {1, 6}, {2, 4}], [{8, 3}, {5, 7}, {2, 6}, {1, 4}], [{8, 3}, {5, 7}, {2, 6}, {4}, {1}], [{8, 3}, {5, 7}, {4, 6}, {1, 2}], [{8, 3}, {6, 7}, {1, 5}, {2, 4}], [{8, 3}, {6, 7}, {1, 5}, {4}, {2}], [{8, 3}, {6, 7}, {2, 5}, {1, 4}], [{8, 3}, {6, 7}, {4, 5}, {1, 2}], [{8, 3}, {7}, {2, 6}, {5}, {1, 4}], [{8, 3}, {7}, {4, 6}, {5}, {1, 2}], [{8, 3}, {7}, {5, 6}, {1, 4}, {2}], [{8, 3}, {7}, {6}, {1, 5}, {2, 4}], [{8, 3}, {7}, {6}, {2, 5}, {1, 4}], [{8, 4}, {1, 7}, {2, 6}, {3, 5}], [{8, 4}, {1, 7}, {3, 6}, {2, 5}], [{8, 4}, {1, 7}, {5, 6}, {2, 3}], [{8, 4}, {2, 7}, {1, 6}, {3, 5}], [{8, 4}, {2, 7}, {3, 6}, {1, 5}], [{8, 4}, {2, 7}, {5, 6}, {1, 3}], [{8, 4}, {2, 7}, {6}, {1, 5}, {3}], [{8, 4}, {2, 7}, {6}, {3, 5}, {1}], [{8, 4}, {2, 7}, {6}, {5}, {1, 3}], [{8, 4}, {3, 7}, {1, 6}, {2, 5}], [{8, 4}, {3, 7}, {1, 6}, {5}, {2}], [{8, 4}, {3, 7}, {2, 6}, {1, 5}], [{8, 4}, {3, 7}, {5, 6}, {1, 2}], [{8, 4}, {3, 7}, {5, 6}, {2}, {1}], [{8, 4}, {3, 7}, {6}, {1, 5}, {2}], [{8, 4}, {5, 7}, {1, 6}, {2, 3}], [{8, 4}, {5, 7}, {2, 6}, {1, 3}], [{8, 4}, {5, 7}, {3, 6}, {1, 2}], [{8, 4}, {6, 7}, {1, 5}, {2, 3}], [{8, 4}, {6, 7}, {2, 5}, {1, 3}], [{8, 4}, {6, 7}, {2, 5}, {3}, {1}], [{8, 4}, {6, 7}, {3, 5}, {1, 2}], [{8, 4}, {7}, {6}, {1, 5}, {2, 3}], [{8, 5}, {1, 7}, {2, 6}, {3, 4}], [{8, 5}, {1, 7}, {3, 6}, {2, 4}], [{8, 5}, {1, 7}, {4, 6}, {2, 3}], [{8, 5}, {1, 7}, {6}, {4}, {2, 3}], [{8, 5}, {2, 7}, {1, 6}, {3, 4}], [{8, 5}, {2, 7}, {3, 6}, {1, 4}], [{8, 5}, {2, 7}, {4, 6}, {1, 3}], [{8, 5}, {3, 7}, {1, 6}, {2, 4}], [{8, 5}, {3, 7}, {2, 6}, {1, 4}], [{8, 5}, {3, 7}, {2, 6}, {4}, {1}], [{8, 5}, {3, 7}, {4, 6}, {1, 2}], [{8, 5}, {4, 7}, {1, 6}, {2, 3}], [{8, 5}, {4, 7}, {2, 6}, {1, 3}], [{8, 5}, {4, 7}, {3, 6}, {1, 2}], [{8, 5}, {4, 7}, {6}, {1, 3}, {2}], [{8, 5}, {6, 7}, {1, 4}, {2, 3}], [{8, 5}, {6, 7}, {2, 4}, {1, 3}], [{8, 5}, {6, 7}, {2, 4}, {3}, {1}], [{8, 5}, {6, 7}, {3, 4}, {1, 2}], [{8, 5}, {7}, {4, 6}, {3}, {1, 2}], [{8, 6}, {1, 7}, {2, 5}, {3, 4}], [{8, 6}, {1, 7}, {3, 5}, {2, 4}], [{8, 6}, {1, 7}, {4, 5}, {2, 3}], [{8, 6}, {2, 7}, {1, 5}, {3, 4}], [{8, 6}, {2, 7}, {3, 5}, {1, 4}], [{8, 6}, {2, 7}, {3, 5}, {4}, {1}], [{8, 6}, {2, 7}, {4, 5}, {1, 3}], [{8, 6}, {3, 7}, {1, 5}, {2, 4}], [{8, 6}, {3, 7}, {2, 5}, {1, 4}], [{8, 6}, {3, 7}, {4, 5}, {1, 2}], [{8, 6}, {3, 7}, {5}, {4}, {1, 2}], [{8, 6}, {4, 7}, {1, 5}, {2, 3}], [{8, 6}, {4, 7}, {2, 5}, {1, 3}], [{8, 6}, {4, 7}, {3, 5}, {1, 2}], [{8, 6}, {4, 7}, {5}, {3}, {1, 2}], [{8, 6}, {5, 7}, {1, 4}, {2, 3}], [{8, 6}, {5, 7}, {2, 4}, {1, 3}], [{8, 6}, {5, 7}, {3, 4}, {1, 2}], [{8, 6}, {5, 7}, {3, 4}, {2}, {1}], [{8, 6}, {7}, {1, 5}, {2, 4}, {3}], [{8, 6}, {7}, {2, 5}, {1, 4}, {3}], [{8, 6}, {7}, {3, 5}, {1, 4}, {2}], [{8, 6}, {7}, {5}, {1, 4}, {2, 3}], [{8, 6}, {7}, {5}, {3, 4}, {1, 2}], [{8, 7}, {1, 6}, {2, 5}, {3, 4}], [{8, 7}, {1, 6}, {3, 5}, {2, 4}], [{8, 7}, {1, 6}, {3, 5}, {4}, {2}], [{8, 7}, {1, 6}, {4, 5}, {2, 3}], [{8, 7}, {2, 6}, {1, 5}, {3, 4}], [{8, 7}, {2, 6}, {3, 5}, {1, 4}], [{8, 7}, {2, 6}, {4, 5}, {1, 3}], [{8, 7}, {3, 6}, {1, 5}, {2, 4}], [{8, 7}, {3, 6}, {2, 5}, {1, 4}], [{8, 7}, {3, 6}, {4, 5}, {1, 2}], [{8, 7}, {4, 6}, {1, 5}, {2, 3}], [{8, 7}, {4, 6}, {2, 5}, {1, 3}], [{8, 7}, {4, 6}, {3, 5}, {1, 2}], [{8, 7}, {5, 6}, {1, 4}, {2, 3}], [{8, 7}, {5, 6}, {2, 4}, {1, 3}], [{8, 7}, {5, 6}, {3, 4}, {1, 2}], [{8, 7}, {6}, {4, 5}, {2, 3}, {1}], [{8}, {1, 7}, {3, 6}, {5}, {2, 4}], [{8}, {1, 7}, {4, 6}, {3, 5}, {2}], [{8}, {2, 7}, {1, 6}, {3, 5}, {4}], [{8}, {2, 7}, {4, 6}, {3, 5}, {1}], [{8}, {2, 7}, {6}, {3, 5}, {1, 4}], [{8}, {2, 7}, {6}, {3, 5}, {4}, {1}], [{8}, {4, 7}, {2, 6}, {1, 5}, {3}], [{8}, {5, 7}, {2, 6}, {1, 4}, {3}], [{8}, {5, 7}, {3, 6}, {2, 4}, {1}], [{8}, {5, 7}, {4, 6}, {2, 3}, {1}], [{8}, {5, 7}, {6}, {3, 4}, {1, 2}], [{8}, {7}, {1, 6}, {2, 5}, {3, 4}], [{8}, {7}, {3, 6}, {1, 5}, {2, 4}], [{8}, {7}, {3, 6}, {2, 5}, {1, 4}], [{8}, {7}, {4, 6}, {2, 5}, {1, 3}], [{8}, {7}, {4, 6}, {3, 5}, {1, 2}]]",2,12 K_1^2 K_2 - 38 K_1^2 - 32 K_1 K_2 - 12 K_1 K_3 + 16 K_1 - 4 K_2^2 + 19 K_2 + 16 K_3 + 5 K_4 + 19,O1O2O3O4U1U5O6U7U3O7O5U8U6U4O8U2,O1O2O3U4U5O6O5U2O4O7U1U6U8U7O8U3,O1O2O3U1O4U5U4U6U3O5O7U2O8O6U8U7,c,{'O1O2O3O4U3O5U1U6U5O7O8U2U8O6U7U4'},1,"<a href=""/flatknot/8.704458"">8.704458</a>",t^9-53t^7-164t^6-17t^5+224t^4-107t^3-32t^2+24t-16,-t^2+2t,,
8.704459,O1O2O3O4U3O5U1U6U5O7O8U4U2O6U7U8,4,19z^2+72z+69,19w^3z^2+72w^2z+69w,False,False,"[[ 0 -3  0 -1  1  2 -1  0  2],[ 3  0  3  0  3  1  0  2  2],[ 0 -3  0 -1  1  0 -2  1  2],[ 1  0  1  0  1  0  0  1  1],[-1 -3 -1 -1  0  0 -2  0  1],[-2 -1  0  0  0  0 -2 -1 -1],[ 1  0  2  0  2  2  0  0  1],[ 0 -2 -1 -1  0  1  0  0  1],[-2 -2 -2 -1 -1  1 -1 -1  0]]","[[ 0  2  2  1  0  0 -1 -1 -3],[-2  0  1 -1 -1 -2 -1 -1 -2],[-2 -1  0  0 -1  0  0 -2 -1],[-1  1  0  0  0 -1 -1 -2 -3],[ 0  1  1  0  0 -1 -1  0 -2],[ 0  2  0  1  1  0 -1 -2 -3],[ 1  1  0  1  1  1  0  0  0],[ 1  1  2  2  0  2  0  0  0],[ 3  2  1  3  2  3  0  0  0]]",True,"[-2,-2,-1,0,0,1,1,3,-1,1,1,2,1,1,2,0,1,0,0,2,1,0,1,1,2,3,1,1,0,2,1,2,3,0,0,0]","[-3,-1,-1,0,0,1,2,2,0,0,2,3,3,1,2,0,0,2,2,2,1,1,1,1,0,1,-1,0,1,1,1,0,2,0,1,-1]",t^8+54t^6+305t^4+35t^2,"[-3,-1,-1,0,0,1,2,2,2,2,0,1,1,3,4,0,-1,1,0,2,1,0,0,1,2,3,-1,0,0,2,1,1,1,0,1,-1]","[-2,-2,-1,0,0,1,1,3,-1,1,1,2,1,3,4,0,1,0,2,2,3,1,0,0,1,1,-1,1,0,1,-1,0,0,0,2,2]","[-3,-1,-1,0,0,1,2,2,0,0,2,3,3,1,2,0,0,2,2,2,1,1,1,1,0,1,-1,0,1,1,1,0,2,0,1,-1]",c,"[[{8, 1}, {2, 7}, {3, 6}, {4, 5}], [{8, 1}, {2, 7}, {4, 6}, {3, 5}], [{8, 1}, {2, 7}, {4, 6}, {5}, {3}], [{8, 1}, {2, 7}, {5, 6}, {3, 4}], [{8, 1}, {2, 7}, {5, 6}, {4}, {3}], [{8, 1}, {2, 7}, {6}, {4, 5}, {3}], [{8, 1}, {3, 7}, {2, 6}, {4, 5}], [{8, 1}, {3, 7}, {4, 6}, {2, 5}], [{8, 1}, {3, 7}, {5, 6}, {2, 4}], [{8, 1}, {3, 7}, {5, 6}, {4}, {2}], [{8, 1}, {4, 7}, {2, 6}, {3, 5}], [{8, 1}, {4, 7}, {2, 6}, {5}, {3}], [{8, 1}, {4, 7}, {3, 6}, {2, 5}], [{8, 1}, {4, 7}, {5, 6}, {2, 3}], [{8, 1}, {4, 7}, {5, 6}, {3}, {2}], [{8, 1}, {4, 7}, {6}, {2, 5}, {3}], [{8, 1}, {5, 7}, {2, 6}, {3, 4}], [{8, 1}, {5, 7}, {2, 6}, {4}, {3}], [{8, 1}, {5, 7}, {3, 6}, {2, 4}], [{8, 1}, {5, 7}, {3, 6}, {4}, {2}], [{8, 1}, {5, 7}, {4, 6}, {2, 3}], [{8, 1}, {5, 7}, {4, 6}, {3}, {2}], [{8, 1}, {5, 7}, {6}, {2, 4}, {3}], [{8, 1}, {5, 7}, {6}, {3, 4}, {2}], [{8, 1}, {5, 7}, {6}, {4}, {2, 3}], [{8, 1}, {5, 7}, {6}, {4}, {3}, {2}], [{8, 1}, {6, 7}, {2, 5}, {3, 4}], [{8, 1}, {6, 7}, {2, 5}, {4}, {3}], [{8, 1}, {6, 7}, {3, 5}, {2, 4}], [{8, 1}, {6, 7}, {3, 5}, {4}, {2}], [{8, 1}, {6, 7}, {4, 5}, {2, 3}], [{8, 1}, {6, 7}, {4, 5}, {3}, {2}], [{8, 1}, {6, 7}, {5}, {2, 4}, {3}], [{8, 1}, {6, 7}, {5}, {3, 4}, {2}], [{8, 1}, {6, 7}, {5}, {4}, {2, 3}], [{8, 1}, {6, 7}, {5}, {4}, {3}, {2}], [{8, 1}, {7}, {2, 6}, {4, 5}, {3}], [{8, 1}, {7}, {4, 6}, {2, 5}, {3}], [{8, 1}, {7}, {5, 6}, {2, 4}, {3}], [{8, 1}, {7}, {5, 6}, {3, 4}, {2}], [{8, 1}, {7}, {5, 6}, {4}, {2, 3}], [{8, 1}, {7}, {5, 6}, {4}, {3}, {2}], [{8, 2}, {1, 7}, {3, 6}, {4, 5}], [{8, 2}, {1, 7}, {4, 6}, {3, 5}], [{8, 2}, {1, 7}, {4, 6}, {5}, {3}], [{8, 2}, {1, 7}, {5, 6}, {3, 4}], [{8, 2}, {3, 7}, {1, 6}, {4, 5}], [{8, 2}, {3, 7}, {4, 6}, {1, 5}], [{8, 2}, {3, 7}, {5, 6}, {1, 4}], [{8, 2}, {3, 7}, {6}, {4, 5}, {1}], [{8, 2}, {4, 7}, {1, 6}, {3, 5}], [{8, 2}, {4, 7}, {3, 6}, {1, 5}], [{8, 2}, {4, 7}, {3, 6}, {5}, {1}], [{8, 2}, {4, 7}, {5, 6}, {1, 3}], [{8, 2}, {5, 7}, {1, 6}, {3, 4}], [{8, 2}, {5, 7}, {3, 6}, {1, 4}], [{8, 2}, {5, 7}, {4, 6}, {1, 3}], [{8, 2}, {5, 7}, {4, 6}, {3}, {1}], [{8, 2}, {6, 7}, {1, 5}, {3, 4}], [{8, 2}, {6, 7}, {3, 5}, {1, 4}], [{8, 2}, {6, 7}, {4, 5}, {1, 3}], [{8, 2}, {6, 7}, {5}, {3, 4}, {1}], [{8, 2}, {7}, {4, 6}, {1, 5}, {3}], [{8, 2}, {7}, {6}, {3, 5}, {1, 4}], [{8, 3}, {1, 7}, {2, 6}, {4, 5}], [{8, 3}, {1, 7}, {4, 6}, {2, 5}], [{8, 3}, {1, 7}, {5, 6}, {2, 4}], [{8, 3}, {2, 7}, {1, 6}, {4, 5}], [{8, 3}, {2, 7}, {4, 6}, {1, 5}], [{8, 3}, {2, 7}, {4, 6}, {5}, {1}], [{8, 3}, {2, 7}, {5, 6}, {1, 4}], [{8, 3}, {4, 7}, {1, 6}, {2, 5}], [{8, 3}, {4, 7}, {2, 6}, {1, 5}], [{8, 3}, {4, 7}, {5, 6}, {1, 2}], [{8, 3}, {5, 7}, {1, 6}, {2, 4}], [{8, 3}, {5, 7}, {2, 6}, {1, 4}], [{8, 3}, {5, 7}, {4, 6}, {1, 2}], [{8, 3}, {6, 7}, {1, 5}, {2, 4}], [{8, 3}, {6, 7}, {2, 5}, {1, 4}], [{8, 3}, {6, 7}, {4, 5}, {1, 2}], [{8, 3}, {6, 7}, {5}, {1, 4}, {2}], [{8, 3}, {7}, {2, 6}, {4, 5}, {1}], [{8, 3}, {7}, {6}, {1, 5}, {2, 4}], [{8, 4}, {1, 7}, {2, 6}, {3, 5}], [{8, 4}, {1, 7}, {2, 6}, {5}, {3}], [{8, 4}, {1, 7}, {3, 6}, {2, 5}], [{8, 4}, {1, 7}, {5, 6}, {2, 3}], [{8, 4}, {2, 7}, {1, 6}, {3, 5}], [{8, 4}, {2, 7}, {3, 6}, {1, 5}], [{8, 4}, {2, 7}, {5, 6}, {1, 3}], [{8, 4}, {3, 7}, {1, 6}, {2, 5}], [{8, 4}, {3, 7}, {2, 6}, {1, 5}], [{8, 4}, {3, 7}, {5, 6}, {1, 2}], [{8, 4}, {5, 7}, {1, 6}, {2, 3}], [{8, 4}, {5, 7}, {2, 6}, {1, 3}], [{8, 4}, {5, 7}, {2, 6}, {3}, {1}], [{8, 4}, {5, 7}, {3, 6}, {1, 2}], [{8, 4}, {6, 7}, {1, 5}, {2, 3}], [{8, 4}, {6, 7}, {2, 5}, {1, 3}], [{8, 4}, {6, 7}, {3, 5}, {1, 2}], [{8, 4}, {6, 7}, {5}, {1, 3}, {2}], [{8, 4}, {7}, {1, 6}, {3, 5}, {2}], [{8, 4}, {7}, {2, 6}, {1, 5}, {3}], [{8, 5}, {1, 7}, {2, 6}, {3, 4}], [{8, 5}, {1, 7}, {3, 6}, {2, 4}], [{8, 5}, {1, 7}, {4, 6}, {2, 3}], [{8, 5}, {1, 7}, {6}, {3, 4}, {2}], [{8, 5}, {2, 7}, {1, 6}, {3, 4}], [{8, 5}, {2, 7}, {3, 6}, {1, 4}], [{8, 5}, {2, 7}, {3, 6}, {4}, {1}], [{8, 5}, {2, 7}, {4, 6}, {1, 3}], [{8, 5}, {2, 7}, {4, 6}, {3}, {1}], [{8, 5}, {2, 7}, {6}, {3, 4}, {1}], [{8, 5}, {3, 7}, {1, 6}, {2, 4}], [{8, 5}, {3, 7}, {2, 6}, {1, 4}], [{8, 5}, {3, 7}, {2, 6}, {4}, {1}], [{8, 5}, {3, 7}, {4, 6}, {1, 2}], [{8, 5}, {4, 7}, {1, 6}, {2, 3}], [{8, 5}, {4, 7}, {2, 6}, {1, 3}], [{8, 5}, {4, 7}, {2, 6}, {3}, {1}], [{8, 5}, {4, 7}, {3, 6}, {1, 2}], [{8, 5}, {6, 7}, {1, 4}, {2, 3}], [{8, 5}, {6, 7}, {2, 4}, {1, 3}], [{8, 5}, {6, 7}, {3, 4}, {1, 2}], [{8, 5}, {6, 7}, {3, 4}, {2}, {1}], [{8, 5}, {7}, {1, 6}, {3, 4}, {2}], [{8, 5}, {7}, {2, 6}, {3, 4}, {1}], [{8, 5}, {7}, {6}, {3, 4}, {1, 2}], [{8, 5}, {7}, {6}, {3, 4}, {2}, {1}], [{8, 6}, {1, 7}, {2, 5}, {3, 4}], [{8, 6}, {1, 7}, {3, 5}, {2, 4}], [{8, 6}, {1, 7}, {4, 5}, {2, 3}], [{8, 6}, {1, 7}, {5}, {3, 4}, {2}], [{8, 6}, {2, 7}, {1, 5}, {3, 4}], [{8, 6}, {2, 7}, {3, 5}, {1, 4}], [{8, 6}, {2, 7}, {4, 5}, {1, 3}], [{8, 6}, {3, 7}, {1, 5}, {2, 4}], [{8, 6}, {3, 7}, {2, 5}, {1, 4}], [{8, 6}, {3, 7}, {4, 5}, {1, 2}], [{8, 6}, {3, 7}, {5}, {1, 4}, {2}], [{8, 6}, {4, 7}, {1, 5}, {2, 3}], [{8, 6}, {4, 7}, {2, 5}, {1, 3}], [{8, 6}, {4, 7}, {3, 5}, {1, 2}], [{8, 6}, {5, 7}, {1, 4}, {2, 3}], [{8, 6}, {5, 7}, {2, 4}, {1, 3}], [{8, 6}, {5, 7}, {3, 4}, {1, 2}], [{8, 6}, {5, 7}, {3, 4}, {2}, {1}], [{8, 6}, {7}, {1, 5}, {3, 4}, {2}], [{8, 6}, {7}, {3, 5}, {2, 4}, {1}], [{8, 7}, {1, 6}, {2, 5}, {3, 4}], [{8, 7}, {1, 6}, {3, 5}, {2, 4}], [{8, 7}, {1, 6}, {4, 5}, {2, 3}], [{8, 7}, {1, 6}, {5}, {3, 4}, {2}], [{8, 7}, {2, 6}, {1, 5}, {3, 4}], [{8, 7}, {2, 6}, {1, 5}, {4}, {3}], [{8, 7}, {2, 6}, {3, 5}, {1, 4}], [{8, 7}, {2, 6}, {4, 5}, {1, 3}], [{8, 7}, {3, 6}, {1, 5}, {2, 4}], [{8, 7}, {3, 6}, {1, 5}, {4}, {2}], [{8, 7}, {3, 6}, {2, 5}, {1, 4}], [{8, 7}, {3, 6}, {4, 5}, {1, 2}], [{8, 7}, {4, 6}, {1, 5}, {2, 3}], [{8, 7}, {4, 6}, {1, 5}, {3}, {2}], [{8, 7}, {4, 6}, {2, 5}, {1, 3}], [{8, 7}, {4, 6}, {3, 5}, {1, 2}], [{8, 7}, {4, 6}, {5}, {2, 3}, {1}], [{8, 7}, {5, 6}, {1, 4}, {2, 3}], [{8, 7}, {5, 6}, {2, 4}, {1, 3}], [{8, 7}, {5, 6}, {3, 4}, {1, 2}], [{8, 7}, {5, 6}, {3, 4}, {2}, {1}], [{8, 7}, {6}, {1, 5}, {2, 4}, {3}], [{8, 7}, {6}, {1, 5}, {3, 4}, {2}], [{8, 7}, {6}, {1, 5}, {4}, {2, 3}], [{8, 7}, {6}, {1, 5}, {4}, {3}, {2}], [{8}, {1, 7}, {5, 6}, {3, 4}, {2}], [{8}, {2, 7}, {4, 6}, {1, 5}, {3}], [{8}, {2, 7}, {4, 6}, {3, 5}, {1}], [{8}, {2, 7}, {4, 6}, {5}, {1, 3}], [{8}, {3, 7}, {1, 6}, {5}, {2, 4}], [{8}, {3, 7}, {4, 6}, {2, 5}, {1}], [{8}, {3, 7}, {5, 6}, {2, 4}, {1}], [{8}, {3, 7}, {6}, {1, 5}, {2, 4}], [{8}, {4, 7}, {2, 6}, {1, 5}, {3}], [{8}, {5, 7}, {1, 6}, {3, 4}, {2}], [{8}, {5, 7}, {2, 6}, {1, 4}, {3}], [{8}, {5, 7}, {4, 6}, {3}, {1, 2}], [{8}, {6, 7}, {1, 5}, {3, 4}, {2}], [{8}, {6, 7}, {2, 5}, {3, 4}, {1}], [{8}, {6, 7}, {5}, {3, 4}, {1, 2}], [{8}, {6, 7}, {5}, {3, 4}, {2}, {1}], [{8}, {7}, {2, 6}, {4, 5}, {1, 3}], [{8}, {7}, {3, 6}, {2, 5}, {1, 4}]]",2,24 K_1^3 + 4 K_1^2 K_2 - 20 K_1^2 - 26 K_1 K_2 - 4 K_1 K_3 - 5 K_1 + 10 K_2 + 7 K_3 + K_4 + 10,O1O2O3O4U5U6O7U3U1O5O6U8U7U4O8U2,O1O2O3U4U5O6O7U2O4O5U1U7U8U6O8U3,O1O2O3U1O4U5U4U6U3O7O8U2O6O5U7U8,c,"{'O1O2O3U2O4O5U1U6U5O7O8U3U4O6U7U8', 'O1O2O3O4U3O5U1U6U5O7O8U4U2O6U7U8'}",2,"<a href=""/flatknot/8.704459"">8.704459</a>",t^9-56t^7-116t^6+7t^5-86t^4+126t^3+196t^2+65t+14,t^3-2t^2+t,,
8.704460,O1O2O3O4U3O5U1U6U5O7O8U4U2O6U8U7,3,12z^2+41z+35,-8w^4z^2+20w^3z^2-12w^3z+53w^2z+35w,False,False,"[[ 0 -3  0 -1  1  2 -1  1  1],[ 3  0  3  0  3  1  0  2  2],[ 0 -3  0 -1  1  0 -2  2  1],[ 1  0  1  0  1  0  0  1  1],[-1 -3 -1 -1  0  0 -2  1  0],[-2 -1  0  0  0  0 -2 -1 -1],[ 1  0  2  0  2  2  0  0  1],[-1 -2 -2 -1 -1  1  0  0  0],[-1 -2 -1 -1  0  1 -1  0  0]]","[[ 0  2  1  1  1  0 -1 -1 -3],[-2  0  0 -1 -1  0  0 -2 -1],[-1  0  0  1  0 -1 -1 -2 -3],[-1  1 -1  0  0 -2 -1  0 -2],[-1  1  0  0  0 -1 -1 -1 -2],[ 0  0  1  2  1  0 -1 -2 -3],[ 1  0  1  1  1  1  0  0  0],[ 1  2  2  0  1  2  0  0  0],[ 3  1  3  2  2  3  0  0  0]]",True,"[-2,-1,-1,-1,0,1,1,3,0,1,1,0,0,2,1,-1,0,1,1,2,3,0,2,1,0,2,1,1,1,2,1,2,3,0,0,0]","[-3,-1,-1,0,1,1,1,2,0,0,3,2,2,3,1,0,1,1,1,1,0,2,0,1,2,2,2,1,1,0,0,-1,1,0,1,0]",t^8+53t^6+305t^4+14t^2,"[-3,-1,-1,0,1,1,1,2,2,2,0,1,2,2,4,0,-1,0,1,2,1,0,1,1,1,3,0,0,-1,2,0,-1,1,0,0,0]","[-2,-1,-1,-1,0,1,1,3,0,0,1,2,1,3,4,0,-1,-1,2,1,2,0,0,1,1,2,0,0,1,1,-1,0,0,0,2,2]","[-3,-1,-1,0,1,1,1,2,0,0,3,2,2,3,1,0,1,1,1,1,0,2,0,1,2,2,2,1,1,0,0,-1,1,0,1,0]",c,"[[{8, 1}, {2, 7}, {3, 6}, {4, 5}], [{8, 1}, {2, 7}, {4, 6}, {3, 5}], [{8, 1}, {2, 7}, {4, 6}, {5}, {3}], [{8, 1}, {2, 7}, {5, 6}, {3, 4}], [{8, 1}, {3, 7}, {2, 6}, {4, 5}], [{8, 1}, {3, 7}, {4, 6}, {2, 5}], [{8, 1}, {3, 7}, {4, 6}, {5}, {2}], [{8, 1}, {3, 7}, {5, 6}, {2, 4}], [{8, 1}, {4, 7}, {2, 6}, {3, 5}], [{8, 1}, {4, 7}, {2, 6}, {5}, {3}], [{8, 1}, {4, 7}, {3, 6}, {2, 5}], [{8, 1}, {4, 7}, {5, 6}, {2, 3}], [{8, 1}, {5, 7}, {2, 6}, {3, 4}], [{8, 1}, {5, 7}, {3, 6}, {2, 4}], [{8, 1}, {5, 7}, {4, 6}, {2, 3}], [{8, 1}, {5, 7}, {6}, {3, 4}, {2}], [{8, 1}, {6, 7}, {2, 5}, {3, 4}], [{8, 1}, {6, 7}, {3, 5}, {2, 4}], [{8, 1}, {6, 7}, {4, 5}, {2, 3}], [{8, 1}, {6, 7}, {5}, {3, 4}, {2}], [{8, 1}, {7}, {4, 6}, {5}, {2, 3}], [{8, 1}, {7}, {5, 6}, {3, 4}, {2}], [{8, 1}, {7}, {6}, {3, 5}, {2, 4}], [{8, 2}, {1, 7}, {3, 6}, {4, 5}], [{8, 2}, {1, 7}, {4, 6}, {3, 5}], [{8, 2}, {1, 7}, {4, 6}, {5}, {3}], [{8, 2}, {1, 7}, {5, 6}, {3, 4}], [{8, 2}, {3, 7}, {1, 6}, {4, 5}], [{8, 2}, {3, 7}, {4, 6}, {1, 5}], [{8, 2}, {3, 7}, {5, 6}, {1, 4}], [{8, 2}, {3, 7}, {6}, {1, 5}, {4}], [{8, 2}, {4, 7}, {1, 6}, {3, 5}], [{8, 2}, {4, 7}, {1, 6}, {5}, {3}], [{8, 2}, {4, 7}, {3, 6}, {1, 5}], [{8, 2}, {4, 7}, {5, 6}, {1, 3}], [{8, 2}, {4, 7}, {5, 6}, {3}, {1}], [{8, 2}, {4, 7}, {6}, {1, 5}, {3}], [{8, 2}, {5, 7}, {1, 6}, {3, 4}], [{8, 2}, {5, 7}, {3, 6}, {1, 4}], [{8, 2}, {5, 7}, {4, 6}, {1, 3}], [{8, 2}, {5, 7}, {4, 6}, {3}, {1}], [{8, 2}, {6, 7}, {1, 5}, {3, 4}], [{8, 2}, {6, 7}, {1, 5}, {4}, {3}], [{8, 2}, {6, 7}, {3, 5}, {1, 4}], [{8, 2}, {6, 7}, {4, 5}, {1, 3}], [{8, 2}, {7}, {3, 6}, {1, 5}, {4}], [{8, 2}, {7}, {4, 6}, {1, 5}, {3}], [{8, 2}, {7}, {6}, {1, 5}, {3, 4}], [{8, 2}, {7}, {6}, {1, 5}, {4}, {3}], [{8, 2}, {7}, {6}, {3, 5}, {1, 4}], [{8, 2}, {7}, {6}, {4, 5}, {1, 3}], [{8, 3}, {1, 7}, {2, 6}, {4, 5}], [{8, 3}, {1, 7}, {4, 6}, {2, 5}], [{8, 3}, {1, 7}, {4, 6}, {5}, {2}], [{8, 3}, {1, 7}, {5, 6}, {2, 4}], [{8, 3}, {2, 7}, {1, 6}, {4, 5}], [{8, 3}, {2, 7}, {4, 6}, {1, 5}], [{8, 3}, {2, 7}, {5, 6}, {1, 4}], [{8, 3}, {2, 7}, {6}, {1, 5}, {4}], [{8, 3}, {2, 7}, {6}, {4, 5}, {1}], [{8, 3}, {2, 7}, {6}, {5}, {1, 4}], [{8, 3}, {4, 7}, {1, 6}, {2, 5}], [{8, 3}, {4, 7}, {2, 6}, {1, 5}], [{8, 3}, {4, 7}, {5, 6}, {1, 2}], [{8, 3}, {4, 7}, {6}, {1, 5}, {2}], [{8, 3}, {5, 7}, {1, 6}, {2, 4}], [{8, 3}, {5, 7}, {2, 6}, {1, 4}], [{8, 3}, {5, 7}, {4, 6}, {1, 2}], [{8, 3}, {5, 7}, {4, 6}, {2}, {1}], [{8, 3}, {6, 7}, {1, 5}, {2, 4}], [{8, 3}, {6, 7}, {1, 5}, {4}, {2}], [{8, 3}, {6, 7}, {2, 5}, {1, 4}], [{8, 3}, {6, 7}, {4, 5}, {1, 2}], [{8, 3}, {6, 7}, {4, 5}, {2}, {1}], [{8, 3}, {6, 7}, {5}, {1, 4}, {2}], [{8, 3}, {7}, {2, 6}, {1, 5}, {4}], [{8, 3}, {7}, {2, 6}, {4, 5}, {1}], [{8, 3}, {7}, {2, 6}, {5}, {1, 4}], [{8, 3}, {7}, {4, 6}, {1, 5}, {2}], [{8, 3}, {7}, {6}, {1, 5}, {2, 4}], [{8, 3}, {7}, {6}, {1, 5}, {4}, {2}], [{8, 4}, {1, 7}, {2, 6}, {3, 5}], [{8, 4}, {1, 7}, {2, 6}, {5}, {3}], [{8, 4}, {1, 7}, {3, 6}, {2, 5}], [{8, 4}, {1, 7}, {5, 6}, {2, 3}], [{8, 4}, {1, 7}, {6}, {3, 5}, {2}], [{8, 4}, {2, 7}, {1, 6}, {3, 5}], [{8, 4}, {2, 7}, {1, 6}, {5}, {3}], [{8, 4}, {2, 7}, {3, 6}, {1, 5}], [{8, 4}, {2, 7}, {5, 6}, {1, 3}], [{8, 4}, {2, 7}, {5, 6}, {3}, {1}], [{8, 4}, {2, 7}, {6}, {1, 5}, {3}], [{8, 4}, {3, 7}, {1, 6}, {2, 5}], [{8, 4}, {3, 7}, {2, 6}, {1, 5}], [{8, 4}, {3, 7}, {2, 6}, {5}, {1}], [{8, 4}, {3, 7}, {5, 6}, {1, 2}], [{8, 4}, {3, 7}, {6}, {1, 5}, {2}], [{8, 4}, {5, 7}, {1, 6}, {2, 3}], [{8, 4}, {5, 7}, {2, 6}, {1, 3}], [{8, 4}, {5, 7}, {2, 6}, {3}, {1}], [{8, 4}, {5, 7}, {3, 6}, {1, 2}], [{8, 4}, {5, 7}, {6}, {1, 3}, {2}], [{8, 4}, {6, 7}, {1, 5}, {2, 3}], [{8, 4}, {6, 7}, {1, 5}, {3}, {2}], [{8, 4}, {6, 7}, {2, 5}, {1, 3}], [{8, 4}, {6, 7}, {3, 5}, {1, 2}], [{8, 4}, {7}, {2, 6}, {1, 5}, {3}], [{8, 4}, {7}, {2, 6}, {3, 5}, {1}], [{8, 4}, {7}, {2, 6}, {5}, {1, 3}], [{8, 4}, {7}, {3, 6}, {1, 5}, {2}], [{8, 4}, {7}, {6}, {1, 5}, {2, 3}], [{8, 4}, {7}, {6}, {1, 5}, {3}, {2}], [{8, 5}, {1, 7}, {2, 6}, {3, 4}], [{8, 5}, {1, 7}, {3, 6}, {2, 4}], [{8, 5}, {1, 7}, {4, 6}, {2, 3}], [{8, 5}, {1, 7}, {6}, {3, 4}, {2}], [{8, 5}, {2, 7}, {1, 6}, {3, 4}], [{8, 5}, {2, 7}, {3, 6}, {1, 4}], [{8, 5}, {2, 7}, {4, 6}, {1, 3}], [{8, 5}, {2, 7}, {4, 6}, {3}, {1}], [{8, 5}, {3, 7}, {1, 6}, {2, 4}], [{8, 5}, {3, 7}, {2, 6}, {1, 4}], [{8, 5}, {3, 7}, {4, 6}, {1, 2}], [{8, 5}, {3, 7}, {4, 6}, {2}, {1}], [{8, 5}, {4, 7}, {1, 6}, {2, 3}], [{8, 5}, {4, 7}, {2, 6}, {1, 3}], [{8, 5}, {4, 7}, {2, 6}, {3}, {1}], [{8, 5}, {4, 7}, {3, 6}, {1, 2}], [{8, 5}, {6, 7}, {1, 4}, {2, 3}], [{8, 5}, {6, 7}, {2, 4}, {1, 3}], [{8, 5}, {6, 7}, {3, 4}, {1, 2}], [{8, 5}, {6, 7}, {3, 4}, {2}, {1}], [{8, 5}, {7}, {1, 6}, {3, 4}, {2}], [{8, 5}, {7}, {4, 6}, {2, 3}, {1}], [{8, 5}, {7}, {6}, {2, 4}, {1, 3}], [{8, 6}, {1, 7}, {2, 5}, {3, 4}], [{8, 6}, {1, 7}, {3, 5}, {2, 4}], [{8, 6}, {1, 7}, {4, 5}, {2, 3}], [{8, 6}, {1, 7}, {5}, {3, 4}, {2}], [{8, 6}, {2, 7}, {1, 5}, {3, 4}], [{8, 6}, {2, 7}, {1, 5}, {4}, {3}], [{8, 6}, {2, 7}, {3, 5}, {1, 4}], [{8, 6}, {2, 7}, {4, 5}, {1, 3}], [{8, 6}, {3, 7}, {1, 5}, {2, 4}], [{8, 6}, {3, 7}, {1, 5}, {4}, {2}], [{8, 6}, {3, 7}, {2, 5}, {1, 4}], [{8, 6}, {3, 7}, {4, 5}, {1, 2}], [{8, 6}, {3, 7}, {4, 5}, {2}, {1}], [{8, 6}, {3, 7}, {5}, {1, 4}, {2}], [{8, 6}, {4, 7}, {1, 5}, {2, 3}], [{8, 6}, {4, 7}, {1, 5}, {3}, {2}], [{8, 6}, {4, 7}, {2, 5}, {1, 3}], [{8, 6}, {4, 7}, {3, 5}, {1, 2}], [{8, 6}, {5, 7}, {1, 4}, {2, 3}], [{8, 6}, {5, 7}, {2, 4}, {1, 3}], [{8, 6}, {5, 7}, {3, 4}, {1, 2}], [{8, 6}, {5, 7}, {3, 4}, {2}, {1}], [{8, 6}, {7}, {1, 5}, {2, 4}, {3}], [{8, 6}, {7}, {1, 5}, {3, 4}, {2}], [{8, 6}, {7}, {1, 5}, {4}, {2, 3}], [{8, 6}, {7}, {1, 5}, {4}, {3}, {2}], [{8, 7}, {1, 6}, {2, 5}, {3, 4}], [{8, 7}, {1, 6}, {3, 5}, {2, 4}], [{8, 7}, {1, 6}, {4, 5}, {2, 3}], [{8, 7}, {1, 6}, {5}, {3, 4}, {2}], [{8, 7}, {2, 6}, {1, 5}, {3, 4}], [{8, 7}, {2, 6}, {1, 5}, {4}, {3}], [{8, 7}, {2, 6}, {3, 5}, {1, 4}], [{8, 7}, {2, 6}, {4, 5}, {1, 3}], [{8, 7}, {3, 6}, {1, 5}, {2, 4}], [{8, 7}, {3, 6}, {1, 5}, {4}, {2}], [{8, 7}, {3, 6}, {2, 5}, {1, 4}], [{8, 7}, {3, 6}, {4, 5}, {1, 2}], [{8, 7}, {4, 6}, {1, 5}, {2, 3}], [{8, 7}, {4, 6}, {1, 5}, {3}, {2}], [{8, 7}, {4, 6}, {2, 5}, {1, 3}], [{8, 7}, {4, 6}, {3, 5}, {1, 2}], [{8, 7}, {4, 6}, {5}, {2, 3}, {1}], [{8, 7}, {5, 6}, {1, 4}, {2, 3}], [{8, 7}, {5, 6}, {2, 4}, {1, 3}], [{8, 7}, {5, 6}, {3, 4}, {1, 2}], [{8, 7}, {5, 6}, {3, 4}, {2}, {1}], [{8, 7}, {6}, {1, 5}, {2, 4}, {3}], [{8, 7}, {6}, {1, 5}, {3, 4}, {2}], [{8, 7}, {6}, {1, 5}, {4}, {2, 3}], [{8, 7}, {6}, {1, 5}, {4}, {3}, {2}], [{8}, {1, 7}, {2, 6}, {3, 5}, {4}], [{8}, {1, 7}, {3, 6}, {2, 5}, {4}], [{8}, {1, 7}, {4, 6}, {5}, {2, 3}], [{8}, {1, 7}, {5, 6}, {3, 4}, {2}], [{8}, {2, 7}, {3, 6}, {1, 5}, {4}], [{8}, {2, 7}, {4, 6}, {1, 5}, {3}], [{8}, {2, 7}, {6}, {1, 5}, {3, 4}], [{8}, {2, 7}, {6}, {1, 5}, {4}, {3}], [{8}, {3, 7}, {2, 6}, {1, 5}, {4}], [{8}, {3, 7}, {4, 6}, {1, 5}, {2}], [{8}, {3, 7}, {6}, {1, 5}, {2, 4}], [{8}, {3, 7}, {6}, {1, 5}, {4}, {2}], [{8}, {4, 7}, {2, 6}, {1, 5}, {3}], [{8}, {4, 7}, {3, 6}, {1, 5}, {2}], [{8}, {4, 7}, {6}, {1, 5}, {2, 3}], [{8}, {4, 7}, {6}, {1, 5}, {3}, {2}], [{8}, {4, 7}, {6}, {2, 5}, {1, 3}], [{8}, {4, 7}, {6}, {3, 5}, {1, 2}], [{8}, {5, 7}, {1, 6}, {3, 4}, {2}], [{8}, {5, 7}, {2, 6}, {4}, {1, 3}], [{8}, {5, 7}, {3, 6}, {4}, {1, 2}], [{8}, {5, 7}, {4, 6}, {2, 3}, {1}], [{8}, {6, 7}, {1, 5}, {2, 4}, {3}], [{8}, {6, 7}, {1, 5}, {3, 4}, {2}], [{8}, {6, 7}, {1, 5}, {4}, {2, 3}], [{8}, {6, 7}, {1, 5}, {4}, {3}, {2}], [{8}, {6, 7}, {2, 5}, {4}, {1, 3}], [{8}, {6, 7}, {3, 5}, {4}, {1, 2}], [{8}, {7}, {1, 6}, {4, 5}, {2, 3}], [{8}, {7}, {2, 6}, {1, 5}, {3, 4}], [{8}, {7}, {2, 6}, {1, 5}, {4}, {3}], [{8}, {7}, {3, 6}, {1, 5}, {2, 4}], [{8}, {7}, {3, 6}, {1, 5}, {4}, {2}], [{8}, {7}, {4, 6}, {1, 5}, {2, 3}], [{8}, {7}, {4, 6}, {1, 5}, {3}, {2}], [{8}, {7}, {4, 6}, {2, 5}, {1, 3}], [{8}, {7}, {4, 6}, {3, 5}, {1, 2}], [{8}, {7}, {4, 6}, {5}, {2, 3}, {1}], [{8}, {7}, {5, 6}, {1, 4}, {2, 3}], [{8}, {7}, {6}, {1, 5}, {2, 4}, {3}], [{8}, {7}, {6}, {1, 5}, {3, 4}, {2}], [{8}, {7}, {6}, {1, 5}, {4}, {2, 3}], [{8}, {7}, {6}, {1, 5}, {4}, {3}, {2}]]",2,4 K_1^3 - 2 K_1^2 - 2 K_1 K_2 - 2 K_1 + K_2 + 2,O1O2O3O4U5U6O7U3U1O6O5U8U7U4O8U2,O1O2O3U4U5O6O7U2O5O4U1U7U8U6O8U3,O1O2O3U1O4U5U4U6U3O7O8U2O6O5U8U7,c,"{'O1O2O3U2O4O5U1U6U5O7O8U3U4O6U8U7', 'O1O2O3O4U3O5U1U6U5O7O8U4U2O6U8U7'}",2,"<a href=""/flatknot/8.704460"">8.704460</a>",t^9-57t^7-94t^6+124t^5-180t^4+88t^3+184t^2-20t-8,t^3-t^2-t,,
8.704461,O1O2O3O4U3O5U1U6U5O7O8U4U7O6U2U8,3,9z^2+58z+81,-2w^4z^2+11w^3z^2-10w^3z+68w^2z+81w,False,False,"[[ 0 -3  0 -1  1  2 -1  0  2],[ 3  0  3  0  3  1  1  1  2],[ 0 -3  0 -1  1  1 -2  1  2],[ 1  0  1  0  1  0  0  1  1],[-1 -3 -1 -1  0  0 -3  1  1],[-2 -1 -1  0  0  0 -2  0 -1],[ 1 -1  2  0  3  2  0  0  1],[ 0 -1 -1 -1 -1  0  0  0  1],[-2 -2 -2 -1 -1  1 -1 -1  0]]","[[ 0  2  2  1  0  0 -1 -1 -3],[-2  0  1 -1 -1 -2 -1 -1 -2],[-2 -1  0  0  0 -1  0 -2 -1],[-1  1  0  0  1 -1 -1 -3 -3],[ 0  1  0 -1  0 -1 -1  0 -1],[ 0  2  1  1  1  0 -1 -2 -3],[ 1  1  0  1  1  1  0  0  0],[ 1  1  2  3  0  2  0  0 -1],[ 3  2  1  3  1  3  0  1  0]]",True,"[-2,-2,-1,0,0,1,1,3,-1,1,1,2,1,1,2,0,0,1,0,2,1,-1,1,1,3,3,1,1,0,1,1,2,3,0,0,1]","[-3,-1,-1,0,0,1,2,2,0,1,1,3,3,1,2,0,1,1,1,0,1,0,2,3,2,1,-1,-1,0,1,1,1,2,0,1,-1]",t^8+58t^6+314t^4+20t^2,"[-3,-1,-1,0,0,1,2,2,1,2,0,2,1,3,4,0,-1,1,-1,2,1,0,0,1,2,3,-1,0,0,1,2,1,2,0,1,-1]","[-2,-2,-1,0,0,1,1,3,-1,1,1,2,1,3,4,0,0,1,2,2,3,0,2,-1,1,1,1,-1,0,0,1,0,2,0,1,2]","[-3,-1,-1,0,0,1,2,2,0,1,1,3,3,1,2,0,1,1,1,0,1,0,2,3,2,1,-1,-1,0,1,1,1,2,0,1,-1]",c,"[[{8, 1}, {2, 7}, {3, 6}, {4, 5}], [{8, 1}, {2, 7}, {4, 6}, {3, 5}], [{8, 1}, {2, 7}, {5, 6}, {3, 4}], [{8, 1}, {2, 7}, {6}, {5}, {3, 4}], [{8, 1}, {3, 7}, {2, 6}, {4, 5}], [{8, 1}, {3, 7}, {4, 6}, {2, 5}], [{8, 1}, {3, 7}, {4, 6}, {5}, {2}], [{8, 1}, {3, 7}, {5, 6}, {2, 4}], [{8, 1}, {4, 7}, {2, 6}, {3, 5}], [{8, 1}, {4, 7}, {3, 6}, {2, 5}], [{8, 1}, {4, 7}, {3, 6}, {5}, {2}], [{8, 1}, {4, 7}, {5, 6}, {2, 3}], [{8, 1}, {5, 7}, {2, 6}, {3, 4}], [{8, 1}, {5, 7}, {3, 6}, {2, 4}], [{8, 1}, {5, 7}, {4, 6}, {2, 3}], [{8, 1}, {5, 7}, {6}, {3, 4}, {2}], [{8, 1}, {6, 7}, {2, 5}, {3, 4}], [{8, 1}, {6, 7}, {2, 5}, {4}, {3}], [{8, 1}, {6, 7}, {3, 5}, {2, 4}], [{8, 1}, {6, 7}, {3, 5}, {4}, {2}], [{8, 1}, {6, 7}, {4, 5}, {2, 3}], [{8, 1}, {6, 7}, {4, 5}, {3}, {2}], [{8, 1}, {6, 7}, {5}, {2, 4}, {3}], [{8, 1}, {6, 7}, {5}, {3, 4}, {2}], [{8, 1}, {6, 7}, {5}, {4}, {2, 3}], [{8, 1}, {6, 7}, {5}, {4}, {3}, {2}], [{8, 1}, {7}, {2, 6}, {5}, {3, 4}], [{8, 1}, {7}, {5, 6}, {3, 4}, {2}], [{8, 1}, {7}, {6}, {2, 5}, {3, 4}], [{8, 1}, {7}, {6}, {3, 5}, {2, 4}], [{8, 1}, {7}, {6}, {4, 5}, {2, 3}], [{8, 1}, {7}, {6}, {5}, {3, 4}, {2}], [{8, 2}, {1, 7}, {3, 6}, {4, 5}], [{8, 2}, {1, 7}, {4, 6}, {3, 5}], [{8, 2}, {1, 7}, {5, 6}, {3, 4}], [{8, 2}, {1, 7}, {6}, {5}, {3, 4}], [{8, 2}, {3, 7}, {1, 6}, {4, 5}], [{8, 2}, {3, 7}, {4, 6}, {1, 5}], [{8, 2}, {3, 7}, {5, 6}, {1, 4}], [{8, 2}, {4, 7}, {1, 6}, {3, 5}], [{8, 2}, {4, 7}, {3, 6}, {1, 5}], [{8, 2}, {4, 7}, {5, 6}, {1, 3}], [{8, 2}, {5, 7}, {1, 6}, {3, 4}], [{8, 2}, {5, 7}, {1, 6}, {4}, {3}], [{8, 2}, {5, 7}, {3, 6}, {1, 4}], [{8, 2}, {5, 7}, {3, 6}, {4}, {1}], [{8, 2}, {5, 7}, {4, 6}, {1, 3}], [{8, 2}, {5, 7}, {4, 6}, {3}, {1}], [{8, 2}, {5, 7}, {6}, {1, 4}, {3}], [{8, 2}, {5, 7}, {6}, {3, 4}, {1}], [{8, 2}, {5, 7}, {6}, {4}, {1, 3}], [{8, 2}, {6, 7}, {1, 5}, {3, 4}], [{8, 2}, {6, 7}, {3, 5}, {1, 4}], [{8, 2}, {6, 7}, {4, 5}, {1, 3}], [{8, 2}, {6, 7}, {5}, {3, 4}, {1}], [{8, 2}, {7}, {1, 6}, {5}, {3, 4}], [{8, 2}, {7}, {3, 6}, {5}, {1, 4}], [{8, 2}, {7}, {4, 6}, {5}, {1, 3}], [{8, 2}, {7}, {5, 6}, {3, 4}, {1}], [{8, 2}, {7}, {6}, {1, 5}, {3, 4}], [{8, 2}, {7}, {6}, {5}, {3, 4}, {1}], [{8, 3}, {1, 7}, {2, 6}, {4, 5}], [{8, 3}, {1, 7}, {4, 6}, {2, 5}], [{8, 3}, {1, 7}, {4, 6}, {5}, {2}], [{8, 3}, {1, 7}, {5, 6}, {2, 4}], [{8, 3}, {2, 7}, {1, 6}, {4, 5}], [{8, 3}, {2, 7}, {1, 6}, {5}, {4}], [{8, 3}, {2, 7}, {4, 6}, {1, 5}], [{8, 3}, {2, 7}, {5, 6}, {1, 4}], [{8, 3}, {4, 7}, {1, 6}, {2, 5}], [{8, 3}, {4, 7}, {2, 6}, {1, 5}], [{8, 3}, {4, 7}, {2, 6}, {5}, {1}], [{8, 3}, {4, 7}, {5, 6}, {1, 2}], [{8, 3}, {4, 7}, {6}, {1, 5}, {2}], [{8, 3}, {5, 7}, {1, 6}, {2, 4}], [{8, 3}, {5, 7}, {1, 6}, {4}, {2}], [{8, 3}, {5, 7}, {2, 6}, {1, 4}], [{8, 3}, {5, 7}, {4, 6}, {1, 2}], [{8, 3}, {6, 7}, {1, 5}, {2, 4}], [{8, 3}, {6, 7}, {2, 5}, {1, 4}], [{8, 3}, {6, 7}, {4, 5}, {1, 2}], [{8, 3}, {6, 7}, {5}, {1, 4}, {2}], [{8, 3}, {7}, {1, 6}, {2, 5}, {4}], [{8, 3}, {7}, {2, 6}, {1, 5}, {4}], [{8, 4}, {1, 7}, {2, 6}, {3, 5}], [{8, 4}, {1, 7}, {3, 6}, {2, 5}], [{8, 4}, {1, 7}, {3, 6}, {5}, {2}], [{8, 4}, {1, 7}, {5, 6}, {2, 3}], [{8, 4}, {2, 7}, {1, 6}, {3, 5}], [{8, 4}, {2, 7}, {1, 6}, {5}, {3}], [{8, 4}, {2, 7}, {3, 6}, {1, 5}], [{8, 4}, {2, 7}, {5, 6}, {1, 3}], [{8, 4}, {3, 7}, {1, 6}, {2, 5}], [{8, 4}, {3, 7}, {2, 6}, {1, 5}], [{8, 4}, {3, 7}, {2, 6}, {5}, {1}], [{8, 4}, {3, 7}, {5, 6}, {1, 2}], [{8, 4}, {3, 7}, {6}, {1, 5}, {2}], [{8, 4}, {5, 7}, {1, 6}, {2, 3}], [{8, 4}, {5, 7}, {1, 6}, {3}, {2}], [{8, 4}, {5, 7}, {2, 6}, {1, 3}], [{8, 4}, {5, 7}, {3, 6}, {1, 2}], [{8, 4}, {6, 7}, {1, 5}, {2, 3}], [{8, 4}, {6, 7}, {2, 5}, {1, 3}], [{8, 4}, {6, 7}, {3, 5}, {1, 2}], [{8, 4}, {6, 7}, {5}, {1, 3}, {2}], [{8, 4}, {7}, {1, 6}, {2, 5}, {3}], [{8, 4}, {7}, {2, 6}, {1, 5}, {3}], [{8, 5}, {1, 7}, {2, 6}, {3, 4}], [{8, 5}, {1, 7}, {3, 6}, {2, 4}], [{8, 5}, {1, 7}, {4, 6}, {2, 3}], [{8, 5}, {1, 7}, {6}, {3, 4}, {2}], [{8, 5}, {2, 7}, {1, 6}, {3, 4}], [{8, 5}, {2, 7}, {3, 6}, {1, 4}], [{8, 5}, {2, 7}, {4, 6}, {1, 3}], [{8, 5}, {2, 7}, {6}, {3, 4}, {1}], [{8, 5}, {3, 7}, {1, 6}, {2, 4}], [{8, 5}, {3, 7}, {2, 6}, {1, 4}], [{8, 5}, {3, 7}, {4, 6}, {1, 2}], [{8, 5}, {4, 7}, {1, 6}, {2, 3}], [{8, 5}, {4, 7}, {2, 6}, {1, 3}], [{8, 5}, {4, 7}, {3, 6}, {1, 2}], [{8, 5}, {6, 7}, {1, 4}, {2, 3}], [{8, 5}, {6, 7}, {2, 4}, {1, 3}], [{8, 5}, {6, 7}, {3, 4}, {1, 2}], [{8, 5}, {6, 7}, {3, 4}, {2}, {1}], [{8, 5}, {7}, {1, 6}, {3, 4}, {2}], [{8, 5}, {7}, {2, 6}, {3, 4}, {1}], [{8, 5}, {7}, {6}, {3, 4}, {1, 2}], [{8, 5}, {7}, {6}, {3, 4}, {2}, {1}], [{8, 6}, {1, 7}, {2, 5}, {3, 4}], [{8, 6}, {1, 7}, {2, 5}, {4}, {3}], [{8, 6}, {1, 7}, {3, 5}, {2, 4}], [{8, 6}, {1, 7}, {3, 5}, {4}, {2}], [{8, 6}, {1, 7}, {4, 5}, {2, 3}], [{8, 6}, {1, 7}, {4, 5}, {3}, {2}], [{8, 6}, {1, 7}, {5}, {2, 4}, {3}], [{8, 6}, {1, 7}, {5}, {3, 4}, {2}], [{8, 6}, {1, 7}, {5}, {4}, {2, 3}], [{8, 6}, {1, 7}, {5}, {4}, {3}, {2}], [{8, 6}, {2, 7}, {1, 5}, {3, 4}], [{8, 6}, {2, 7}, {3, 5}, {1, 4}], [{8, 6}, {2, 7}, {4, 5}, {1, 3}], [{8, 6}, {2, 7}, {5}, {3, 4}, {1}], [{8, 6}, {3, 7}, {1, 5}, {2, 4}], [{8, 6}, {3, 7}, {2, 5}, {1, 4}], [{8, 6}, {3, 7}, {4, 5}, {1, 2}], [{8, 6}, {3, 7}, {5}, {1, 4}, {2}], [{8, 6}, {4, 7}, {1, 5}, {2, 3}], [{8, 6}, {4, 7}, {2, 5}, {1, 3}], [{8, 6}, {4, 7}, {3, 5}, {1, 2}], [{8, 6}, {4, 7}, {5}, {1, 3}, {2}], [{8, 6}, {5, 7}, {1, 4}, {2, 3}], [{8, 6}, {5, 7}, {2, 4}, {1, 3}], [{8, 6}, {5, 7}, {3, 4}, {1, 2}], [{8, 6}, {5, 7}, {3, 4}, {2}, {1}], [{8, 6}, {7}, {1, 5}, {3, 4}, {2}], [{8, 6}, {7}, {2, 5}, {3, 4}, {1}], [{8, 6}, {7}, {5}, {3, 4}, {1, 2}], [{8, 6}, {7}, {5}, {3, 4}, {2}, {1}], [{8, 7}, {1, 6}, {2, 5}, {3, 4}], [{8, 7}, {1, 6}, {3, 5}, {2, 4}], [{8, 7}, {1, 6}, {4, 5}, {2, 3}], [{8, 7}, {1, 6}, {5}, {3, 4}, {2}], [{8, 7}, {2, 6}, {1, 5}, {3, 4}], [{8, 7}, {2, 6}, {1, 5}, {4}, {3}], [{8, 7}, {2, 6}, {3, 5}, {1, 4}], [{8, 7}, {2, 6}, {4, 5}, {1, 3}], [{8, 7}, {2, 6}, {5}, {3, 4}, {1}], [{8, 7}, {3, 6}, {1, 5}, {2, 4}], [{8, 7}, {3, 6}, {1, 5}, {4}, {2}], [{8, 7}, {3, 6}, {2, 5}, {1, 4}], [{8, 7}, {3, 6}, {2, 5}, {4}, {1}], [{8, 7}, {3, 6}, {4, 5}, {1, 2}], [{8, 7}, {3, 6}, {5}, {4}, {1, 2}], [{8, 7}, {4, 6}, {1, 5}, {2, 3}], [{8, 7}, {4, 6}, {1, 5}, {3}, {2}], [{8, 7}, {4, 6}, {2, 5}, {1, 3}], [{8, 7}, {4, 6}, {2, 5}, {3}, {1}], [{8, 7}, {4, 6}, {3, 5}, {1, 2}], [{8, 7}, {4, 6}, {5}, {3}, {1, 2}], [{8, 7}, {5, 6}, {1, 4}, {2, 3}], [{8, 7}, {5, 6}, {2, 4}, {1, 3}], [{8, 7}, {5, 6}, {3, 4}, {1, 2}], [{8, 7}, {5, 6}, {3, 4}, {2}, {1}], [{8, 7}, {6}, {1, 5}, {2, 4}, {3}], [{8, 7}, {6}, {1, 5}, {3, 4}, {2}], [{8, 7}, {6}, {1, 5}, {4}, {2, 3}], [{8, 7}, {6}, {1, 5}, {4}, {3}, {2}], [{8, 7}, {6}, {2, 5}, {3, 4}, {1}], [{8, 7}, {6}, {3, 5}, {1, 4}, {2}], [{8, 7}, {6}, {4, 5}, {1, 3}, {2}], [{8, 7}, {6}, {5}, {3, 4}, {1, 2}], [{8, 7}, {6}, {5}, {3, 4}, {2}, {1}], [{8}, {1, 7}, {2, 6}, {5}, {3, 4}], [{8}, {1, 7}, {5, 6}, {3, 4}, {2}], [{8}, {1, 7}, {6}, {2, 5}, {3, 4}], [{8}, {1, 7}, {6}, {5}, {3, 4}, {2}], [{8}, {2, 7}, {1, 6}, {5}, {3, 4}], [{8}, {2, 7}, {5, 6}, {3, 4}, {1}], [{8}, {2, 7}, {6}, {1, 5}, {3, 4}], [{8}, {2, 7}, {6}, {5}, {3, 4}, {1}], [{8}, {3, 7}, {1, 6}, {4, 5}, {2}], [{8}, {3, 7}, {2, 6}, {1, 5}, {4}], [{8}, {4, 7}, {1, 6}, {3, 5}, {2}], [{8}, {4, 7}, {2, 6}, {1, 5}, {3}], [{8}, {5, 7}, {1, 6}, {2, 4}, {3}], [{8}, {5, 7}, {1, 6}, {3, 4}, {2}], [{8}, {5, 7}, {1, 6}, {4}, {2, 3}], [{8}, {5, 7}, {1, 6}, {4}, {3}, {2}], [{8}, {5, 7}, {2, 6}, {3, 4}, {1}], [{8}, {5, 7}, {3, 6}, {1, 4}, {2}], [{8}, {5, 7}, {4, 6}, {1, 3}, {2}], [{8}, {5, 7}, {6}, {3, 4}, {1, 2}], [{8}, {5, 7}, {6}, {3, 4}, {2}, {1}], [{8}, {6, 7}, {1, 5}, {3, 4}, {2}], [{8}, {6, 7}, {2, 5}, {3, 4}, {1}], [{8}, {6, 7}, {3, 5}, {2, 4}, {1}], [{8}, {6, 7}, {4, 5}, {2, 3}, {1}], [{8}, {6, 7}, {5}, {3, 4}, {1, 2}], [{8}, {6, 7}, {5}, {3, 4}, {2}, {1}], [{8}, {7}, {1, 6}, {2, 5}, {3, 4}], [{8}, {7}, {1, 6}, {5}, {3, 4}, {2}], [{8}, {7}, {2, 6}, {1, 5}, {3, 4}], [{8}, {7}, {2, 6}, {5}, {3, 4}, {1}], [{8}, {7}, {5, 6}, {3, 4}, {1, 2}], [{8}, {7}, {5, 6}, {3, 4}, {2}, {1}], [{8}, {7}, {6}, {1, 5}, {3, 4}, {2}], [{8}, {7}, {6}, {2, 5}, {3, 4}, {1}], [{8}, {7}, {6}, {5}, {3, 4}, {1, 2}], [{8}, {7}, {6}, {5}, {3, 4}, {2}, {1}]]",2,12 K_1^3 + 8 K_1^2 K_2 - 28 K_1^2 - 10 K_1 K_2 - 4 K_1 K_3 - 4 K_1 + 12 K_2 + 2 K_3 + 13,O1O2O3O4U5U3O6U7U1O5O7U8U6U4O8U2,O1O2O3U4U5O6O4U2O7O5U1U7U8U6O8U3,O1O2O3U1O4U5U4U6U3O7O6U2O8O5U7U8,c,{'O1O2O3O4U3O5U1U6U5O7O8U4U7O6U2U8'},1,"<a href=""/flatknot/8.704461"">8.704461</a>",t^9-60t^7-180t^6-104t^5+20t^4+44t^3+416t^2+536t+128,t^3-2t^2+t,,
8.704462,O1O2O3O4U3O5U1U6U5O7O8U4U7O6U8U2,4,11z^2+96z+149,11w^3z^2+96w^2z+149w,False,False,"[[ 0 -3  1 -1  1  2 -1  0  1],[ 3  0  3  0  3  1  1  1  1],[-1 -3  0 -1  0  1 -2  0  1],[ 1  0  1  0  1  0  0  1  1],[-1 -3  0 -1  0  0 -3  1  1],[-2 -1 -1  0  0  0 -2  0 -1],[ 1 -1  2  0  3  2  0  0  0],[ 0 -1  0 -1 -1  0  0  0  1],[-1 -1 -1 -1 -1  1  0 -1  0]]","[[ 0  2  1  1  1  0 -1 -1 -3],[-2  0  0 -1 -1  0  0 -2 -1],[-1  0  0  1  0  1 -1 -3 -3],[-1  1 -1  0 -1 -1 -1  0 -1],[-1  1  0  1  0  0 -1 -2 -3],[ 0  0 -1  1  0  0 -1  0 -1],[ 1  0  1  1  1  1  0  0  0],[ 1  2  3  0  2  0  0  0 -1],[ 3  1  3  1  3  1  0  1  0]]",True,"[-2,-1,-1,-1,0,1,1,3,0,1,1,0,0,2,1,-1,0,-1,1,3,3,1,1,1,0,1,0,1,2,3,1,0,1,0,0,1]","[-3,-1,-1,0,1,1,1,2,0,1,1,1,3,3,1,0,1,1,1,1,0,0,0,2,3,2,1,0,-1,0,-1,-1,1,0,1,0]",t^8+49t^6+294t^4+50t^2,"[-3,-1,-1,0,1,1,1,2,1,2,2,1,1,3,4,0,1,-1,0,2,1,0,1,1,1,3,2,1,0,2,0,-1,1,-1,0,0]","[-2,-1,-1,-1,0,1,1,3,0,0,1,2,1,3,4,-1,-1,0,2,1,3,0,1,0,1,1,2,-1,1,1,1,0,2,0,1,2]","[-3,-1,-1,0,1,1,1,2,0,1,1,1,3,3,1,0,1,1,1,1,0,0,0,2,3,2,1,0,-1,0,-1,-1,1,0,1,0]",c,"[[{8, 1}, {2, 7}, {3, 6}, {4, 5}], [{8, 1}, {2, 7}, {4, 6}, {3, 5}], [{8, 1}, {2, 7}, {5, 6}, {3, 4}], [{8, 1}, {3, 7}, {2, 6}, {4, 5}], [{8, 1}, {3, 7}, {4, 6}, {2, 5}], [{8, 1}, {3, 7}, {5, 6}, {2, 4}], [{8, 1}, {4, 7}, {2, 6}, {3, 5}], [{8, 1}, {4, 7}, {3, 6}, {2, 5}], [{8, 1}, {4, 7}, {5, 6}, {2, 3}], [{8, 1}, {5, 7}, {2, 6}, {3, 4}], [{8, 1}, {5, 7}, {3, 6}, {2, 4}], [{8, 1}, {5, 7}, {3, 6}, {4}, {2}], [{8, 1}, {5, 7}, {4, 6}, {2, 3}], [{8, 1}, {6, 7}, {2, 5}, {3, 4}], [{8, 1}, {6, 7}, {2, 5}, {4}, {3}], [{8, 1}, {6, 7}, {3, 5}, {2, 4}], [{8, 1}, {6, 7}, {4, 5}, {2, 3}], [{8, 1}, {6, 7}, {4, 5}, {3}, {2}], [{8, 1}, {6, 7}, {5}, {2, 4}, {3}], [{8, 1}, {7}, {2, 6}, {5}, {3, 4}], [{8, 1}, {7}, {4, 6}, {3, 5}, {2}], [{8, 1}, {7}, {6}, {4, 5}, {2, 3}], [{8, 2}, {1, 7}, {3, 6}, {4, 5}], [{8, 2}, {1, 7}, {4, 6}, {3, 5}], [{8, 2}, {1, 7}, {5, 6}, {3, 4}], [{8, 2}, {3, 7}, {1, 6}, {4, 5}], [{8, 2}, {3, 7}, {4, 6}, {1, 5}], [{8, 2}, {3, 7}, {5, 6}, {1, 4}], [{8, 2}, {4, 7}, {1, 6}, {3, 5}], [{8, 2}, {4, 7}, {3, 6}, {1, 5}], [{8, 2}, {4, 7}, {5, 6}, {1, 3}], [{8, 2}, {4, 7}, {6}, {1, 5}, {3}], [{8, 2}, {4, 7}, {6}, {3, 5}, {1}], [{8, 2}, {4, 7}, {6}, {5}, {1, 3}], [{8, 2}, {5, 7}, {1, 6}, {3, 4}], [{8, 2}, {5, 7}, {3, 6}, {1, 4}], [{8, 2}, {5, 7}, {3, 6}, {4}, {1}], [{8, 2}, {5, 7}, {4, 6}, {1, 3}], [{8, 2}, {5, 7}, {4, 6}, {3}, {1}], [{8, 2}, {5, 7}, {6}, {3, 4}, {1}], [{8, 2}, {6, 7}, {1, 5}, {3, 4}], [{8, 2}, {6, 7}, {3, 5}, {1, 4}], [{8, 2}, {6, 7}, {4, 5}, {1, 3}], [{8, 2}, {6, 7}, {5}, {4}, {1, 3}], [{8, 2}, {7}, {4, 6}, {5}, {1, 3}], [{8, 3}, {1, 7}, {2, 6}, {4, 5}], [{8, 3}, {1, 7}, {4, 6}, {2, 5}], [{8, 3}, {1, 7}, {5, 6}, {2, 4}], [{8, 3}, {2, 7}, {1, 6}, {4, 5}], [{8, 3}, {2, 7}, {4, 6}, {1, 5}], [{8, 3}, {2, 7}, {5, 6}, {1, 4}], [{8, 3}, {2, 7}, {6}, {1, 5}, {4}], [{8, 3}, {2, 7}, {6}, {4, 5}, {1}], [{8, 3}, {2, 7}, {6}, {5}, {1, 4}], [{8, 3}, {4, 7}, {1, 6}, {2, 5}], [{8, 3}, {4, 7}, {2, 6}, {1, 5}], [{8, 3}, {4, 7}, {5, 6}, {1, 2}], [{8, 3}, {4, 7}, {6}, {1, 5}, {2}], [{8, 3}, {5, 7}, {1, 6}, {2, 4}], [{8, 3}, {5, 7}, {2, 6}, {1, 4}], [{8, 3}, {5, 7}, {4, 6}, {1, 2}], [{8, 3}, {6, 7}, {1, 5}, {2, 4}], [{8, 3}, {6, 7}, {1, 5}, {4}, {2}], [{8, 3}, {6, 7}, {2, 5}, {1, 4}], [{8, 3}, {6, 7}, {4, 5}, {1, 2}], [{8, 3}, {6, 7}, {4, 5}, {2}, {1}], [{8, 3}, {6, 7}, {5}, {1, 4}, {2}], [{8, 3}, {7}, {2, 6}, {1, 5}, {4}], [{8, 3}, {7}, {2, 6}, {4, 5}, {1}], [{8, 3}, {7}, {2, 6}, {5}, {1, 4}], [{8, 3}, {7}, {4, 6}, {1, 5}, {2}], [{8, 3}, {7}, {4, 6}, {2, 5}, {1}], [{8, 3}, {7}, {4, 6}, {5}, {1, 2}], [{8, 3}, {7}, {6}, {1, 5}, {2, 4}], [{8, 3}, {7}, {6}, {1, 5}, {4}, {2}], [{8, 4}, {1, 7}, {2, 6}, {3, 5}], [{8, 4}, {1, 7}, {3, 6}, {2, 5}], [{8, 4}, {1, 7}, {5, 6}, {2, 3}], [{8, 4}, {1, 7}, {6}, {3, 5}, {2}], [{8, 4}, {2, 7}, {1, 6}, {3, 5}], [{8, 4}, {2, 7}, {1, 6}, {5}, {3}], [{8, 4}, {2, 7}, {3, 6}, {1, 5}], [{8, 4}, {2, 7}, {5, 6}, {1, 3}], [{8, 4}, {2, 7}, {5, 6}, {3}, {1}], [{8, 4}, {2, 7}, {6}, {1, 5}, {3}], [{8, 4}, {3, 7}, {1, 6}, {2, 5}], [{8, 4}, {3, 7}, {1, 6}, {5}, {2}], [{8, 4}, {3, 7}, {2, 6}, {1, 5}], [{8, 4}, {3, 7}, {5, 6}, {1, 2}], [{8, 4}, {5, 7}, {1, 6}, {2, 3}], [{8, 4}, {5, 7}, {2, 6}, {1, 3}], [{8, 4}, {5, 7}, {3, 6}, {1, 2}], [{8, 4}, {5, 7}, {6}, {3}, {1, 2}], [{8, 4}, {6, 7}, {1, 5}, {2, 3}], [{8, 4}, {6, 7}, {1, 5}, {3}, {2}], [{8, 4}, {6, 7}, {2, 5}, {1, 3}], [{8, 4}, {6, 7}, {3, 5}, {1, 2}], [{8, 4}, {7}, {1, 6}, {5}, {2, 3}], [{8, 4}, {7}, {2, 6}, {1, 5}, {3}], [{8, 4}, {7}, {3, 6}, {5}, {1, 2}], [{8, 5}, {1, 7}, {2, 6}, {3, 4}], [{8, 5}, {1, 7}, {3, 6}, {2, 4}], [{8, 5}, {1, 7}, {4, 6}, {2, 3}], [{8, 5}, {2, 7}, {1, 6}, {3, 4}], [{8, 5}, {2, 7}, {3, 6}, {1, 4}], [{8, 5}, {2, 7}, {4, 6}, {1, 3}], [{8, 5}, {3, 7}, {1, 6}, {2, 4}], [{8, 5}, {3, 7}, {1, 6}, {4}, {2}], [{8, 5}, {3, 7}, {2, 6}, {1, 4}], [{8, 5}, {3, 7}, {4, 6}, {1, 2}], [{8, 5}, {4, 7}, {1, 6}, {2, 3}], [{8, 5}, {4, 7}, {2, 6}, {1, 3}], [{8, 5}, {4, 7}, {3, 6}, {1, 2}], [{8, 5}, {4, 7}, {3, 6}, {2}, {1}], [{8, 5}, {4, 7}, {6}, {3}, {1, 2}], [{8, 5}, {6, 7}, {1, 4}, {2, 3}], [{8, 5}, {6, 7}, {1, 4}, {3}, {2}], [{8, 5}, {6, 7}, {2, 4}, {1, 3}], [{8, 5}, {6, 7}, {3, 4}, {1, 2}], [{8, 5}, {6, 7}, {4}, {2, 3}, {1}], [{8, 5}, {7}, {2, 6}, {3, 4}, {1}], [{8, 6}, {1, 7}, {2, 5}, {3, 4}], [{8, 6}, {1, 7}, {2, 5}, {4}, {3}], [{8, 6}, {1, 7}, {3, 5}, {2, 4}], [{8, 6}, {1, 7}, {4, 5}, {2, 3}], [{8, 6}, {1, 7}, {5}, {3, 4}, {2}], [{8, 6}, {2, 7}, {1, 5}, {3, 4}], [{8, 6}, {2, 7}, {3, 5}, {1, 4}], [{8, 6}, {2, 7}, {4, 5}, {1, 3}], [{8, 6}, {3, 7}, {1, 5}, {2, 4}], [{8, 6}, {3, 7}, {2, 5}, {1, 4}], [{8, 6}, {3, 7}, {4, 5}, {1, 2}], [{8, 6}, {4, 7}, {1, 5}, {2, 3}], [{8, 6}, {4, 7}, {2, 5}, {1, 3}], [{8, 6}, {4, 7}, {3, 5}, {1, 2}], [{8, 6}, {5, 7}, {1, 4}, {2, 3}], [{8, 6}, {5, 7}, {1, 4}, {3}, {2}], [{8, 6}, {5, 7}, {2, 4}, {1, 3}], [{8, 6}, {5, 7}, {3, 4}, {1, 2}], [{8, 6}, {5, 7}, {4}, {2, 3}, {1}], [{8, 6}, {7}, {4, 5}, {1, 3}, {2}], [{8, 7}, {1, 6}, {2, 5}, {3, 4}], [{8, 7}, {1, 6}, {3, 5}, {2, 4}], [{8, 7}, {1, 6}, {4, 5}, {2, 3}], [{8, 7}, {2, 6}, {1, 5}, {3, 4}], [{8, 7}, {2, 6}, {3, 5}, {1, 4}], [{8, 7}, {2, 6}, {4, 5}, {1, 3}], [{8, 7}, {3, 6}, {1, 5}, {2, 4}], [{8, 7}, {3, 6}, {2, 5}, {1, 4}], [{8, 7}, {3, 6}, {4, 5}, {1, 2}], [{8, 7}, {4, 6}, {1, 5}, {2, 3}], [{8, 7}, {4, 6}, {1, 5}, {3}, {2}], [{8, 7}, {4, 6}, {2, 5}, {1, 3}], [{8, 7}, {4, 6}, {2, 5}, {3}, {1}], [{8, 7}, {4, 6}, {3, 5}, {1, 2}], [{8, 7}, {4, 6}, {5}, {3}, {1, 2}], [{8, 7}, {5, 6}, {1, 4}, {2, 3}], [{8, 7}, {5, 6}, {2, 4}, {1, 3}], [{8, 7}, {5, 6}, {3, 4}, {1, 2}], [{8, 7}, {6}, {4, 5}, {1, 3}, {2}], [{8}, {1, 7}, {4, 6}, {5}, {2, 3}], [{8}, {2, 7}, {6}, {1, 5}, {3, 4}], [{8}, {3, 7}, {1, 6}, {4, 5}, {2}], [{8}, {3, 7}, {4, 6}, {1, 5}, {2}], [{8}, {3, 7}, {4, 6}, {2, 5}, {1}], [{8}, {3, 7}, {4, 6}, {5}, {1, 2}], [{8}, {4, 7}, {1, 6}, {3, 5}, {2}], [{8}, {4, 7}, {6}, {1, 5}, {2, 3}], [{8}, {5, 7}, {1, 6}, {3, 4}, {2}], [{8}, {5, 7}, {3, 6}, {4}, {1, 2}], [{8}, {5, 7}, {4, 6}, {1, 3}, {2}], [{8}, {6, 7}, {1, 5}, {3, 4}, {2}], [{8}, {6, 7}, {3, 5}, {1, 4}, {2}], [{8}, {6, 7}, {3, 5}, {2, 4}, {1}], [{8}, {6, 7}, {3, 5}, {4}, {1, 2}], [{8}, {6, 7}, {4, 5}, {1, 3}, {2}], [{8}, {7}, {2, 6}, {1, 5}, {3, 4}], [{8}, {7}, {5, 6}, {2, 4}, {1, 3}]]",2,- 30 K_1^2 - 10 K_1 K_2 + 5 K_1 + 15 K_2 + 5 K_3 + 16,O1O2O3O4U3U5O6U7U1O5O7U8U6U4O8U2,O1O2O3U4U5O6O4U2O5O7U1U7U8U6O8U3,O1O2O3U1O4U5U4U6U3O6O7U2O8O5U7U8,c,{'O1O2O3O4U3O5U1U6U5O7O8U4U7O6U8U2'},1,"<a href=""/flatknot/8.704462"">8.704462</a>",t^9-53t^7-76t^6+191t^5+82t^4-144t^3+250t^2+225t+40,t^3-t^2-t,,
8.704463,O1O2O3O4U3O5U1U6U5O7O8U4U8O6U2U7,4,9z^3+49z^2+91z+59,9w^4z^3+49w^3z^2+91w^2z+59w,False,False,"[[ 0 -3  0 -1  1  2 -1  1  1],[ 3  0  3  0  3  1  1  2  1],[ 0 -3  0 -1  1  1 -2  1  1],[ 1  0  1  0  1  0  0  1  1],[-1 -3 -1 -1  0  0 -3  1  1],[-2 -1 -1  0  0  0 -2 -1  0],[ 1 -1  2  0  3  2  0  1  1],[-1 -2 -1 -1 -1  1 -1  0  0],[-1 -1 -1 -1 -1  0 -1  0  0]]","[[ 0  2  1  1  1  0 -1 -1 -3],[-2  0  0  0 -1 -1  0 -2 -1],[-1  0  0  1  1 -1 -1 -3 -3],[-1  0 -1  0  0 -1 -1 -1 -1],[-1  1 -1  0  0 -1 -1 -1 -2],[ 0  1  1  1  1  0 -1 -2 -3],[ 1  0  1  1  1  1  0  0  0],[ 1  2  3  1  1  2  0  0 -1],[ 3  1  3  1  2  3  0  1  0]]",True,"[-2,-1,-1,-1,0,1,1,3,0,0,1,1,0,2,1,-1,-1,1,1,3,3,0,1,1,1,1,1,1,1,2,1,2,3,0,0,1]","[-3,-1,-1,0,1,1,1,2,0,1,3,1,2,3,1,0,1,1,1,1,0,2,1,1,3,2,1,1,1,1,0,-1,0,-1,1,0]",t^8+55t^6+182t^4+38t^2+1,"[-3,-1,-1,0,1,1,1,2,1,2,0,1,2,3,4,0,-1,-1,1,1,1,0,1,1,1,3,0,0,0,1,-1,-1,1,0,0,1]","[-2,-1,-1,-1,0,1,1,3,0,1,1,1,1,3,4,-1,0,0,1,1,2,1,0,-1,1,1,0,1,1,3,-1,0,0,0,1,2]","[-3,-1,-1,0,1,1,1,2,0,1,3,1,2,3,1,0,1,1,1,1,0,2,1,1,3,2,1,1,1,1,0,-1,0,-1,1,0]",c,"[[{8, 1}, {2, 7}, {3, 6}, {4, 5}], [{8, 1}, {2, 7}, {4, 6}, {3, 5}], [{8, 1}, {2, 7}, {5, 6}, {3, 4}], [{8, 1}, {2, 7}, {6}, {3, 5}, {4}], [{8, 1}, {3, 7}, {2, 6}, {4, 5}], [{8, 1}, {3, 7}, {4, 6}, {2, 5}], [{8, 1}, {3, 7}, {5, 6}, {2, 4}], [{8, 1}, {3, 7}, {6}, {4, 5}, {2}], [{8, 1}, {4, 7}, {2, 6}, {3, 5}], [{8, 1}, {4, 7}, {3, 6}, {2, 5}], [{8, 1}, {4, 7}, {5, 6}, {2, 3}], [{8, 1}, {5, 7}, {2, 6}, {3, 4}], [{8, 1}, {5, 7}, {3, 6}, {2, 4}], [{8, 1}, {5, 7}, {4, 6}, {2, 3}], [{8, 1}, {5, 7}, {6}, {4}, {2, 3}], [{8, 1}, {6, 7}, {2, 5}, {3, 4}], [{8, 1}, {6, 7}, {3, 5}, {2, 4}], [{8, 1}, {6, 7}, {4, 5}, {2, 3}], [{8, 1}, {6, 7}, {5}, {3, 4}, {2}], [{8, 1}, {7}, {4, 6}, {2, 5}, {3}], [{8, 1}, {7}, {4, 6}, {3, 5}, {2}], [{8, 1}, {7}, {4, 6}, {5}, {2, 3}], [{8, 2}, {1, 7}, {3, 6}, {4, 5}], [{8, 2}, {1, 7}, {4, 6}, {3, 5}], [{8, 2}, {1, 7}, {4, 6}, {5}, {3}], [{8, 2}, {1, 7}, {5, 6}, {3, 4}], [{8, 2}, {3, 7}, {1, 6}, {4, 5}], [{8, 2}, {3, 7}, {4, 6}, {1, 5}], [{8, 2}, {3, 7}, {5, 6}, {1, 4}], [{8, 2}, {4, 7}, {1, 6}, {3, 5}], [{8, 2}, {4, 7}, {3, 6}, {1, 5}], [{8, 2}, {4, 7}, {5, 6}, {1, 3}], [{8, 2}, {5, 7}, {1, 6}, {3, 4}], [{8, 2}, {5, 7}, {3, 6}, {1, 4}], [{8, 2}, {5, 7}, {4, 6}, {1, 3}], [{8, 2}, {6, 7}, {1, 5}, {3, 4}], [{8, 2}, {6, 7}, {3, 5}, {1, 4}], [{8, 2}, {6, 7}, {3, 5}, {4}, {1}], [{8, 2}, {6, 7}, {4, 5}, {1, 3}], [{8, 2}, {7}, {3, 6}, {4, 5}, {1}], [{8, 2}, {7}, {6}, {1, 5}, {3, 4}], [{8, 2}, {7}, {6}, {3, 5}, {1, 4}], [{8, 3}, {1, 7}, {2, 6}, {4, 5}], [{8, 3}, {1, 7}, {4, 6}, {2, 5}], [{8, 3}, {1, 7}, {5, 6}, {2, 4}], [{8, 3}, {1, 7}, {5, 6}, {4}, {2}], [{8, 3}, {2, 7}, {1, 6}, {4, 5}], [{8, 3}, {2, 7}, {4, 6}, {1, 5}], [{8, 3}, {2, 7}, {5, 6}, {1, 4}], [{8, 3}, {4, 7}, {1, 6}, {2, 5}], [{8, 3}, {4, 7}, {2, 6}, {1, 5}], [{8, 3}, {4, 7}, {2, 6}, {5}, {1}], [{8, 3}, {4, 7}, {5, 6}, {1, 2}], [{8, 3}, {4, 7}, {6}, {1, 5}, {2}], [{8, 3}, {5, 7}, {1, 6}, {2, 4}], [{8, 3}, {5, 7}, {2, 6}, {1, 4}], [{8, 3}, {5, 7}, {4, 6}, {1, 2}], [{8, 3}, {5, 7}, {6}, {1, 4}, {2}], [{8, 3}, {6, 7}, {1, 5}, {2, 4}], [{8, 3}, {6, 7}, {2, 5}, {1, 4}], [{8, 3}, {6, 7}, {2, 5}, {4}, {1}], [{8, 3}, {6, 7}, {4, 5}, {1, 2}], [{8, 3}, {7}, {2, 6}, {1, 5}, {4}], [{8, 4}, {1, 7}, {2, 6}, {3, 5}], [{8, 4}, {1, 7}, {3, 6}, {2, 5}], [{8, 4}, {1, 7}, {5, 6}, {2, 3}], [{8, 4}, {1, 7}, {6}, {3, 5}, {2}], [{8, 4}, {2, 7}, {1, 6}, {3, 5}], [{8, 4}, {2, 7}, {3, 6}, {1, 5}], [{8, 4}, {2, 7}, {5, 6}, {1, 3}], [{8, 4}, {3, 7}, {1, 6}, {2, 5}], [{8, 4}, {3, 7}, {2, 6}, {1, 5}], [{8, 4}, {3, 7}, {2, 6}, {5}, {1}], [{8, 4}, {3, 7}, {5, 6}, {1, 2}], [{8, 4}, {3, 7}, {6}, {1, 5}, {2}], [{8, 4}, {5, 7}, {1, 6}, {2, 3}], [{8, 4}, {5, 7}, {2, 6}, {1, 3}], [{8, 4}, {5, 7}, {3, 6}, {1, 2}], [{8, 4}, {6, 7}, {1, 5}, {2, 3}], [{8, 4}, {6, 7}, {2, 5}, {1, 3}], [{8, 4}, {6, 7}, {3, 5}, {1, 2}], [{8, 4}, {6, 7}, {5}, {2, 3}, {1}], [{8, 4}, {7}, {1, 6}, {2, 5}, {3}], [{8, 4}, {7}, {2, 6}, {1, 5}, {3}], [{8, 5}, {1, 7}, {2, 6}, {3, 4}], [{8, 5}, {1, 7}, {3, 6}, {2, 4}], [{8, 5}, {1, 7}, {4, 6}, {2, 3}], [{8, 5}, {1, 7}, {6}, {4}, {2, 3}], [{8, 5}, {2, 7}, {1, 6}, {3, 4}], [{8, 5}, {2, 7}, {3, 6}, {1, 4}], [{8, 5}, {2, 7}, {4, 6}, {1, 3}], [{8, 5}, {2, 7}, {6}, {1, 4}, {3}], [{8, 5}, {3, 7}, {1, 6}, {2, 4}], [{8, 5}, {3, 7}, {2, 6}, {1, 4}], [{8, 5}, {3, 7}, {4, 6}, {1, 2}], [{8, 5}, {4, 7}, {1, 6}, {2, 3}], [{8, 5}, {4, 7}, {2, 6}, {1, 3}], [{8, 5}, {4, 7}, {3, 6}, {1, 2}], [{8, 5}, {4, 7}, {6}, {1, 3}, {2}], [{8, 5}, {6, 7}, {1, 4}, {2, 3}], [{8, 5}, {6, 7}, {2, 4}, {1, 3}], [{8, 5}, {6, 7}, {3, 4}, {1, 2}], [{8, 5}, {6, 7}, {3, 4}, {2}, {1}], [{8, 5}, {7}, {4, 6}, {2, 3}, {1}], [{8, 6}, {1, 7}, {2, 5}, {3, 4}], [{8, 6}, {1, 7}, {3, 5}, {2, 4}], [{8, 6}, {1, 7}, {3, 5}, {4}, {2}], [{8, 6}, {1, 7}, {4, 5}, {2, 3}], [{8, 6}, {1, 7}, {4, 5}, {3}, {2}], [{8, 6}, {1, 7}, {5}, {3, 4}, {2}], [{8, 6}, {2, 7}, {1, 5}, {3, 4}], [{8, 6}, {2, 7}, {3, 5}, {1, 4}], [{8, 6}, {2, 7}, {4, 5}, {1, 3}], [{8, 6}, {3, 7}, {1, 5}, {2, 4}], [{8, 6}, {3, 7}, {2, 5}, {1, 4}], [{8, 6}, {3, 7}, {4, 5}, {1, 2}], [{8, 6}, {4, 7}, {1, 5}, {2, 3}], [{8, 6}, {4, 7}, {2, 5}, {1, 3}], [{8, 6}, {4, 7}, {3, 5}, {1, 2}], [{8, 6}, {5, 7}, {1, 4}, {2, 3}], [{8, 6}, {5, 7}, {2, 4}, {1, 3}], [{8, 6}, {5, 7}, {3, 4}, {1, 2}], [{8, 6}, {5, 7}, {3, 4}, {2}, {1}], [{8, 6}, {7}, {1, 5}, {3, 4}, {2}], [{8, 7}, {1, 6}, {2, 5}, {3, 4}], [{8, 7}, {1, 6}, {3, 5}, {2, 4}], [{8, 7}, {1, 6}, {4, 5}, {2, 3}], [{8, 7}, {1, 6}, {5}, {4}, {2, 3}], [{8, 7}, {2, 6}, {1, 5}, {3, 4}], [{8, 7}, {2, 6}, {1, 5}, {4}, {3}], [{8, 7}, {2, 6}, {3, 5}, {1, 4}], [{8, 7}, {2, 6}, {4, 5}, {1, 3}], [{8, 7}, {2, 6}, {5}, {3, 4}, {1}], [{8, 7}, {3, 6}, {1, 5}, {2, 4}], [{8, 7}, {3, 6}, {2, 5}, {1, 4}], [{8, 7}, {3, 6}, {4, 5}, {1, 2}], [{8, 7}, {3, 6}, {4, 5}, {2}, {1}], [{8, 7}, {4, 6}, {1, 5}, {2, 3}], [{8, 7}, {4, 6}, {2, 5}, {1, 3}], [{8, 7}, {4, 6}, {3, 5}, {1, 2}], [{8, 7}, {4, 6}, {3, 5}, {2}, {1}], [{8, 7}, {4, 6}, {5}, {3}, {1, 2}], [{8, 7}, {5, 6}, {1, 4}, {2, 3}], [{8, 7}, {5, 6}, {2, 4}, {1, 3}], [{8, 7}, {5, 6}, {3, 4}, {1, 2}], [{8, 7}, {6}, {1, 5}, {3, 4}, {2}], [{8, 7}, {6}, {3, 5}, {4}, {1, 2}], [{8}, {1, 7}, {4, 6}, {3, 5}, {2}], [{8}, {2, 7}, {3, 6}, {4, 5}, {1}], [{8}, {2, 7}, {6}, {1, 5}, {3, 4}], [{8}, {3, 7}, {2, 6}, {1, 5}, {4}], [{8}, {3, 7}, {4, 6}, {2, 5}, {1}], [{8}, {3, 7}, {5, 6}, {1, 4}, {2}], [{8}, {4, 7}, {2, 6}, {1, 5}, {3}], [{8}, {6, 7}, {1, 5}, {3, 4}, {2}], [{8}, {7}, {2, 6}, {1, 5}, {3, 4}], [{8}, {7}, {2, 6}, {1, 5}, {4}, {3}], [{8}, {7}, {3, 6}, {1, 5}, {2, 4}], [{8}, {7}, {4, 6}, {1, 5}, {2, 3}], [{8}, {7}, {6}, {1, 5}, {3, 4}, {2}]]",2,4 K_1^3 - 2 K_1^2 - 2 K_1 K_2 - 2 K_1 + K_2 + 2,O1O2O3O4U5U3O6U7U1O7O5U8U6U4O8U2,O1O2O3U4U5O6O5U2O7O4U1U7U8U6O8U3,O1O2O3U1O4U5U4U6U3O7O6U2O8O5U8U7,c,{'O1O2O3O4U3O5U1U6U5O7O8U4U8O6U2U7'},1,"<a href=""/flatknot/8.704463"">8.704463</a>",t^9-59t^7-162t^6-65t^5+20t^4+21t^3+70t^2+21t-12,t^3-t^2-t,,
8.704464,O1O2O3O4U3O5U1U6U5O7O8U4U8O6U7U2,4,26z^2+111z+119,26w^3z^2+111w^2z+119w,False,False,"[[ 0 -3  1 -1  1  2 -1  0  1],[ 3  0  3  0  3  1  1  1  1],[-1 -3  0 -1  0  1 -2  0  1],[ 1  0  1  0  1  0  0  1  1],[-1 -3  0 -1  0  0 -3  1  1],[-2 -1 -1  0  0  0 -2 -1  0],[ 1 -1  2  0  3  2  0  0  1],[ 0 -1  0 -1 -1  1  0  0  0],[-1 -1 -1 -1 -1  0 -1  0  0]]","[[ 0  2  1  1  1  0 -1 -1 -3],[-2  0  0  0 -1 -1  0 -2 -1],[-1  0  0  1  0  1 -1 -3 -3],[-1  0 -1  0 -1  0 -1 -1 -1],[-1  1  0  1  0  0 -1 -2 -3],[ 0  1 -1  0  0  0 -1  0 -1],[ 1  0  1  1  1  1  0  0  0],[ 1  2  3  1  2  0  0  0 -1],[ 3  1  3  1  3  1  0  1  0]]",True,"[-2,-1,-1,-1,0,1,1,3,0,0,1,1,0,2,1,-1,0,-1,1,3,3,1,0,1,1,1,0,1,2,3,1,0,1,0,0,1]","[-3,-1,-1,0,1,1,1,2,0,1,1,1,3,3,1,0,1,1,1,1,0,0,1,2,3,2,0,0,-1,1,-1,-1,0,0,1,0]",t^8+49t^6+213t^4+68t^2+4,"[-3,-1,-1,0,1,1,1,2,1,2,2,1,1,3,4,0,1,-1,0,1,1,0,1,1,1,3,2,1,1,1,0,-1,1,-1,0,1]","[-2,-1,-1,-1,0,1,1,3,0,1,1,1,1,3,4,0,1,1,0,1,1,1,2,-1,1,1,1,1,1,3,1,0,2,0,1,2]","[-3,-1,-1,0,1,1,1,2,0,1,1,1,3,3,1,0,1,1,1,1,0,0,1,2,3,2,0,0,-1,1,-1,-1,0,0,1,0]",c,"[[{8, 1}, {2, 7}, {3, 6}, {4, 5}], [{8, 1}, {2, 7}, {4, 6}, {3, 5}], [{8, 1}, {2, 7}, {5, 6}, {3, 4}], [{8, 1}, {3, 7}, {2, 6}, {4, 5}], [{8, 1}, {3, 7}, {4, 6}, {2, 5}], [{8, 1}, {3, 7}, {5, 6}, {2, 4}], [{8, 1}, {4, 7}, {2, 6}, {3, 5}], [{8, 1}, {4, 7}, {2, 6}, {5}, {3}], [{8, 1}, {4, 7}, {3, 6}, {2, 5}], [{8, 1}, {4, 7}, {3, 6}, {5}, {2}], [{8, 1}, {4, 7}, {5, 6}, {2, 3}], [{8, 1}, {4, 7}, {5, 6}, {3}, {2}], [{8, 1}, {4, 7}, {6}, {2, 5}, {3}], [{8, 1}, {4, 7}, {6}, {3, 5}, {2}], [{8, 1}, {4, 7}, {6}, {5}, {2, 3}], [{8, 1}, {4, 7}, {6}, {5}, {3}, {2}], [{8, 1}, {5, 7}, {2, 6}, {3, 4}], [{8, 1}, {5, 7}, {3, 6}, {2, 4}], [{8, 1}, {5, 7}, {3, 6}, {4}, {2}], [{8, 1}, {5, 7}, {4, 6}, {2, 3}], [{8, 1}, {6, 7}, {2, 5}, {3, 4}], [{8, 1}, {6, 7}, {3, 5}, {2, 4}], [{8, 1}, {6, 7}, {4, 5}, {2, 3}], [{8, 1}, {6, 7}, {5}, {4}, {2, 3}], [{8, 1}, {7}, {3, 6}, {4, 5}, {2}], [{8, 1}, {7}, {4, 6}, {5}, {2, 3}], [{8, 2}, {1, 7}, {3, 6}, {4, 5}], [{8, 2}, {1, 7}, {4, 6}, {3, 5}], [{8, 2}, {1, 7}, {4, 6}, {5}, {3}], [{8, 2}, {1, 7}, {5, 6}, {3, 4}], [{8, 2}, {3, 7}, {1, 6}, {4, 5}], [{8, 2}, {3, 7}, {4, 6}, {1, 5}], [{8, 2}, {3, 7}, {5, 6}, {1, 4}], [{8, 2}, {4, 7}, {1, 6}, {3, 5}], [{8, 2}, {4, 7}, {3, 6}, {1, 5}], [{8, 2}, {4, 7}, {3, 6}, {5}, {1}], [{8, 2}, {4, 7}, {5, 6}, {1, 3}], [{8, 2}, {5, 7}, {1, 6}, {3, 4}], [{8, 2}, {5, 7}, {3, 6}, {1, 4}], [{8, 2}, {5, 7}, {4, 6}, {1, 3}], [{8, 2}, {5, 7}, {6}, {3, 4}, {1}], [{8, 2}, {6, 7}, {1, 5}, {3, 4}], [{8, 2}, {6, 7}, {1, 5}, {4}, {3}], [{8, 2}, {6, 7}, {3, 5}, {1, 4}], [{8, 2}, {6, 7}, {4, 5}, {1, 3}], [{8, 2}, {7}, {6}, {3, 5}, {1, 4}], [{8, 3}, {1, 7}, {2, 6}, {4, 5}], [{8, 3}, {1, 7}, {4, 6}, {2, 5}], [{8, 3}, {1, 7}, {5, 6}, {2, 4}], [{8, 3}, {2, 7}, {1, 6}, {4, 5}], [{8, 3}, {2, 7}, {4, 6}, {1, 5}], [{8, 3}, {2, 7}, {5, 6}, {1, 4}], [{8, 3}, {4, 7}, {1, 6}, {2, 5}], [{8, 3}, {4, 7}, {2, 6}, {1, 5}], [{8, 3}, {4, 7}, {2, 6}, {5}, {1}], [{8, 3}, {4, 7}, {5, 6}, {1, 2}], [{8, 3}, {5, 7}, {1, 6}, {2, 4}], [{8, 3}, {5, 7}, {2, 6}, {1, 4}], [{8, 3}, {5, 7}, {4, 6}, {1, 2}], [{8, 3}, {6, 7}, {1, 5}, {2, 4}], [{8, 3}, {6, 7}, {1, 5}, {4}, {2}], [{8, 3}, {6, 7}, {2, 5}, {1, 4}], [{8, 3}, {6, 7}, {4, 5}, {1, 2}], [{8, 3}, {6, 7}, {4, 5}, {2}, {1}], [{8, 3}, {6, 7}, {5}, {1, 4}, {2}], [{8, 4}, {1, 7}, {2, 6}, {3, 5}], [{8, 4}, {1, 7}, {3, 6}, {2, 5}], [{8, 4}, {1, 7}, {5, 6}, {2, 3}], [{8, 4}, {1, 7}, {6}, {3, 5}, {2}], [{8, 4}, {2, 7}, {1, 6}, {3, 5}], [{8, 4}, {2, 7}, {3, 6}, {1, 5}], [{8, 4}, {2, 7}, {5, 6}, {1, 3}], [{8, 4}, {3, 7}, {1, 6}, {2, 5}], [{8, 4}, {3, 7}, {1, 6}, {5}, {2}], [{8, 4}, {3, 7}, {2, 6}, {1, 5}], [{8, 4}, {3, 7}, {5, 6}, {1, 2}], [{8, 4}, {3, 7}, {5, 6}, {2}, {1}], [{8, 4}, {3, 7}, {6}, {1, 5}, {2}], [{8, 4}, {5, 7}, {1, 6}, {2, 3}], [{8, 4}, {5, 7}, {2, 6}, {1, 3}], [{8, 4}, {5, 7}, {3, 6}, {1, 2}], [{8, 4}, {6, 7}, {1, 5}, {2, 3}], [{8, 4}, {6, 7}, {2, 5}, {1, 3}], [{8, 4}, {6, 7}, {3, 5}, {1, 2}], [{8, 4}, {6, 7}, {5}, {1, 3}, {2}], [{8, 5}, {1, 7}, {2, 6}, {3, 4}], [{8, 5}, {1, 7}, {3, 6}, {2, 4}], [{8, 5}, {1, 7}, {4, 6}, {2, 3}], [{8, 5}, {1, 7}, {6}, {3, 4}, {2}], [{8, 5}, {2, 7}, {1, 6}, {3, 4}], [{8, 5}, {2, 7}, {3, 6}, {1, 4}], [{8, 5}, {2, 7}, {4, 6}, {1, 3}], [{8, 5}, {3, 7}, {1, 6}, {2, 4}], [{8, 5}, {3, 7}, {2, 6}, {1, 4}], [{8, 5}, {3, 7}, {4, 6}, {1, 2}], [{8, 5}, {4, 7}, {1, 6}, {2, 3}], [{8, 5}, {4, 7}, {2, 6}, {1, 3}], [{8, 5}, {4, 7}, {3, 6}, {1, 2}], [{8, 5}, {4, 7}, {6}, {2, 3}, {1}], [{8, 5}, {6, 7}, {1, 4}, {2, 3}], [{8, 5}, {6, 7}, {1, 4}, {3}, {2}], [{8, 5}, {6, 7}, {2, 4}, {1, 3}], [{8, 5}, {6, 7}, {3, 4}, {1, 2}], [{8, 5}, {6, 7}, {4}, {2, 3}, {1}], [{8, 5}, {7}, {4, 6}, {1, 3}, {2}], [{8, 5}, {7}, {4, 6}, {2, 3}, {1}], [{8, 5}, {7}, {4, 6}, {3}, {1, 2}], [{8, 6}, {1, 7}, {2, 5}, {3, 4}], [{8, 6}, {1, 7}, {3, 5}, {2, 4}], [{8, 6}, {1, 7}, {4, 5}, {2, 3}], [{8, 6}, {2, 7}, {1, 5}, {3, 4}], [{8, 6}, {2, 7}, {3, 5}, {1, 4}], [{8, 6}, {2, 7}, {4, 5}, {1, 3}], [{8, 6}, {3, 7}, {1, 5}, {2, 4}], [{8, 6}, {3, 7}, {1, 5}, {4}, {2}], [{8, 6}, {3, 7}, {2, 5}, {1, 4}], [{8, 6}, {3, 7}, {4, 5}, {1, 2}], [{8, 6}, {3, 7}, {4, 5}, {2}, {1}], [{8, 6}, {3, 7}, {5}, {1, 4}, {2}], [{8, 6}, {4, 7}, {1, 5}, {2, 3}], [{8, 6}, {4, 7}, {2, 5}, {1, 3}], [{8, 6}, {4, 7}, {3, 5}, {1, 2}], [{8, 6}, {5, 7}, {1, 4}, {2, 3}], [{8, 6}, {5, 7}, {1, 4}, {3}, {2}], [{8, 6}, {5, 7}, {2, 4}, {1, 3}], [{8, 6}, {5, 7}, {3, 4}, {1, 2}], [{8, 6}, {5, 7}, {4}, {2, 3}, {1}], [{8, 6}, {7}, {3, 5}, {1, 4}, {2}], [{8, 6}, {7}, {3, 5}, {2, 4}, {1}], [{8, 6}, {7}, {3, 5}, {4}, {1, 2}], [{8, 7}, {1, 6}, {2, 5}, {3, 4}], [{8, 7}, {1, 6}, {3, 5}, {2, 4}], [{8, 7}, {1, 6}, {3, 5}, {4}, {2}], [{8, 7}, {1, 6}, {4, 5}, {2, 3}], [{8, 7}, {2, 6}, {1, 5}, {3, 4}], [{8, 7}, {2, 6}, {3, 5}, {1, 4}], [{8, 7}, {2, 6}, {3, 5}, {4}, {1}], [{8, 7}, {2, 6}, {4, 5}, {1, 3}], [{8, 7}, {3, 6}, {1, 5}, {2, 4}], [{8, 7}, {3, 6}, {2, 5}, {1, 4}], [{8, 7}, {3, 6}, {4, 5}, {1, 2}], [{8, 7}, {4, 6}, {1, 5}, {2, 3}], [{8, 7}, {4, 6}, {2, 5}, {1, 3}], [{8, 7}, {4, 6}, {3, 5}, {1, 2}], [{8, 7}, {4, 6}, {3, 5}, {2}, {1}], [{8, 7}, {4, 6}, {5}, {3}, {1, 2}], [{8, 7}, {5, 6}, {1, 4}, {2, 3}], [{8, 7}, {5, 6}, {2, 4}, {1, 3}], [{8, 7}, {5, 6}, {3, 4}, {1, 2}], [{8, 7}, {6}, {3, 5}, {1, 4}, {2}], [{8, 7}, {6}, {3, 5}, {2, 4}, {1}], [{8, 7}, {6}, {3, 5}, {4}, {1, 2}], [{8, 7}, {6}, {3, 5}, {4}, {2}, {1}], [{8}, {2, 7}, {4, 6}, {1, 5}, {3}], [{8}, {2, 7}, {6}, {3, 5}, {1, 4}], [{8}, {3, 7}, {4, 6}, {1, 5}, {2}], [{8}, {4, 7}, {2, 6}, {5}, {1, 3}], [{8}, {4, 7}, {3, 6}, {5}, {1, 2}], [{8}, {4, 7}, {6}, {1, 5}, {2, 3}], [{8}, {5, 7}, {1, 6}, {3, 4}, {2}], [{8}, {5, 7}, {2, 6}, {4}, {1, 3}], [{8}, {5, 7}, {4, 6}, {3}, {1, 2}], [{8}, {6, 7}, {1, 5}, {4}, {2, 3}], [{8}, {6, 7}, {2, 5}, {4}, {1, 3}], [{8}, {6, 7}, {3, 5}, {1, 4}, {2}], [{8}, {6, 7}, {3, 5}, {2, 4}, {1}], [{8}, {6, 7}, {3, 5}, {4}, {1, 2}], [{8}, {7}, {2, 6}, {3, 5}, {1, 4}], [{8}, {7}, {2, 6}, {4, 5}, {1, 3}], [{8}, {7}, {4, 6}, {1, 5}, {2, 3}], [{8}, {7}, {5, 6}, {2, 4}, {1, 3}], [{8}, {7}, {6}, {3, 5}, {1, 4}, {2}]]",2,12 K_1^3 + 8 K_1^2 K_2 - 22 K_1^2 - 18 K_1 K_2 - 8 K_1 K_3 + 11 K_2 + 6 K_3 + 2 K_4 + 10,O1O2O3O4U3U5O6U7U1O7O5U8U6U4O8U2,O1O2O3U4U5O6O5U2O4O7U1U7U8U6O8U3,O1O2O3U1O4U5U4U6U3O6O7U2O8O5U8U7,c,{'O1O2O3O4U3O5U1U6U5O7O8U4U8O6U7U2'},1,"<a href=""/flatknot/8.704464"">8.704464</a>",t^9-53t^7-84t^6+158t^5+64t^4-191t^3+52t^2+71t-36,t^3-t^2-t,,
8.704465,O1O2O3O4U3O5U1U6U5O7O8U7U2O6U4U8,4,20z^2+89z+99,20w^3z^2+89w^2z+99w,False,False,"[[ 0 -3  0 -1  2  2 -1 -1  2],[ 3  0  2  0  4  1  1  0  2],[ 0 -2  0  0  1  0 -1  0  2],[ 1  0  0  0  1  0  1  0  1],[-2 -4 -1 -1  0  1 -3  0  1],[-2 -1  0  0 -1  0 -2  0 -1],[ 1 -1  1 -1  3  2  0 -1  1],[ 1  0  0  0  0  0  1  0  1],[-2 -2 -2 -1 -1  1 -1 -1  0]]","[[ 0  2  2  2  0 -1 -1 -1 -3],[-2  0  1  1 -1  0 -1 -3 -4],[-2 -1  0  1 -2 -1 -1 -1 -2],[-2 -1 -1  0  0  0  0 -2 -1],[ 0  1  2  0  0  0  0 -1 -2],[ 1  0  1  0  0  0  0  1  0],[ 1  1  1  0  0  0  0  1  0],[ 1  3  1  2  1 -1 -1  0 -1],[ 3  4  2  1  2  0  0  1  0]]",True,"[-2,-2,-2,0,1,1,1,3,-1,-1,1,0,1,3,4,-1,2,1,1,1,2,0,0,0,2,1,0,0,1,2,0,-1,0,-1,0,1]","[-3,-1,-1,-1,0,2,2,2,0,0,1,2,1,2,4,0,1,0,0,1,0,1,0,0,1,1,1,2,1,3,0,2,1,-1,-1,-1]",t^8+54t^6+289t^4+72t^2+1,"[-3,-1,-1,-1,0,2,2,2,1,2,2,1,1,3,4,1,1,0,0,2,1,0,1,2,2,3,1,3,2,3,1,0,2,-1,-1,-1]","[-2,-2,-2,0,1,1,1,3,-1,-1,2,1,3,3,4,-1,0,2,2,2,3,1,0,2,3,1,0,1,1,1,-1,-1,1,0,2,2]","[-3,-1,-1,-1,0,2,2,2,0,0,1,2,1,2,4,0,1,0,0,1,0,1,0,0,1,1,1,2,1,3,0,2,1,-1,-1,-1]",c,"[[{8, 1}, {5, 7}, {4, 6}, {2, 3}], [{8, 1}, {5, 7}, {4, 6}, {3}, {2}], [{8, 5}, {1, 7}, {4, 6}, {2, 3}]]",1,8 K_1^3 + 4 K_1^2 K_2 - 14 K_1^2 - 10 K_1 K_2 - 4 K_1 K_3 - K_1 + 7 K_2 + 3 K_3 + K_4 + 7,O1O2O3O4U5U1O6U3U7O5O7U8U6U4O8U2,O1O2O3U4U5O4O6U2O7O5U1U6U8U7O8U3,O1O2O3U1O4U5U4U6U3O7O5U2O6O8U7U8,c,{'O1O2O3O4U3O5U1U6U5O7O8U7U2O6U4U8'},1,"<a href=""/flatknot/8.704465"">8.704465</a>",t^9-54t^7-132t^6+70t^5+106t^4-81t^3+68t^2-11t-18,t^3-3t^2+3t,,
8.704466,O1O2O3O4U3O5U1U6U5O7O8U7U2O6U8U4,4,27z^2+112z+117,27w^3z^2+112w^2z+117w,False,False,"[[ 0 -3  0 -1  3  2 -1 -1  1],[ 3  0  2  0  4  1  1  0  1],[ 0 -2  0  0  2  0 -1  0  1],[ 1  0  0  0  1  0  1  0  0],[-3 -4 -2 -1  0  1 -3 -1  0],[-2 -1  0  0 -1  0 -2  0 -1],[ 1 -1  1 -1  3  2  0 -1  0],[ 1  0  0  0  1  0  1  0  1],[-1 -1 -1  0  0  1  0 -1  0]]","[[ 0  3  2  1  0 -1 -1 -1 -3],[-3  0  1  0 -2 -1 -1 -3 -4],[-2 -1  0 -1  0  0  0 -2 -1],[-1  0  1  0 -1  0 -1  0 -1],[ 0  2  0  1  0  0  0 -1 -2],[ 1  1  0  0  0  0  0  1  0],[ 1  1  0  1  0  0  0  1  0],[ 1  3  2  0  1 -1 -1  0 -1],[ 3  4  1  1  2  0  0  1  0]]",True,"[-3,-2,-1,0,1,1,1,3,-1,0,2,1,1,3,4,1,0,0,0,2,1,1,0,1,0,1,0,0,1,2,0,-1,0,-1,0,1]","[-3,-2,-1,0,1,1,1,3,-1,0,2,1,1,3,4,1,0,0,0,2,1,1,0,1,0,1,0,0,1,2,0,-1,0,-1,0,1]",t^8+49t^6+225t^4+84t^2+1,"[-3,-1,-1,-1,0,1,2,3,1,2,2,1,3,4,2,1,1,0,2,1,1,0,1,1,3,3,1,2,3,3,0,2,1,0,2,2]","[-3,-2,-1,0,1,1,1,3,2,2,1,1,3,3,2,0,2,1,3,3,4,0,2,1,2,3,0,1,1,1,-1,-1,1,0,2,2]","[-3,-1,-1,-1,0,1,2,3,0,0,1,2,1,1,4,0,1,0,0,0,1,1,0,1,0,1,1,0,2,3,1,0,2,1,0,-1]",c,"[[{8, 1}, {2, 7}, {3, 6}, {4, 5}], [{8, 1}, {2, 7}, {4, 6}, {3, 5}], [{8, 1}, {2, 7}, {5, 6}, {3, 4}], [{8, 1}, {3, 7}, {2, 6}, {4, 5}], [{8, 1}, {3, 7}, {4, 6}, {2, 5}], [{8, 1}, {3, 7}, {4, 6}, {5}, {2}], [{8, 1}, {3, 7}, {5, 6}, {2, 4}], [{8, 1}, {4, 7}, {2, 6}, {3, 5}], [{8, 1}, {4, 7}, {3, 6}, {2, 5}], [{8, 1}, {4, 7}, {5, 6}, {2, 3}], [{8, 1}, {5, 7}, {2, 6}, {3, 4}], [{8, 1}, {5, 7}, {3, 6}, {2, 4}], [{8, 1}, {5, 7}, {4, 6}, {2, 3}], [{8, 1}, {5, 7}, {4, 6}, {3}, {2}], [{8, 1}, {6, 7}, {2, 5}, {3, 4}], [{8, 1}, {6, 7}, {3, 5}, {2, 4}], [{8, 1}, {6, 7}, {4, 5}, {2, 3}], [{8, 1}, {6, 7}, {5}, {4}, {2, 3}], [{8, 1}, {7}, {2, 6}, {3, 5}, {4}], [{8, 1}, {7}, {4, 6}, {3, 5}, {2}], [{8, 1}, {7}, {5, 6}, {3, 4}, {2}], [{8, 1}, {7}, {6}, {3, 5}, {2, 4}], [{8, 2}, {1, 7}, {3, 6}, {4, 5}], [{8, 2}, {1, 7}, {4, 6}, {3, 5}], [{8, 2}, {1, 7}, {4, 6}, {5}, {3}], [{8, 2}, {1, 7}, {5, 6}, {3, 4}], [{8, 2}, {3, 7}, {1, 6}, {4, 5}], [{8, 2}, {3, 7}, {4, 6}, {1, 5}], [{8, 2}, {3, 7}, {5, 6}, {1, 4}], [{8, 2}, {3, 7}, {6}, {5}, {1, 4}], [{8, 2}, {4, 7}, {1, 6}, {3, 5}], [{8, 2}, {4, 7}, {3, 6}, {1, 5}], [{8, 2}, {4, 7}, {5, 6}, {1, 3}], [{8, 2}, {5, 7}, {1, 6}, {3, 4}], [{8, 2}, {5, 7}, {1, 6}, {4}, {3}], [{8, 2}, {5, 7}, {3, 6}, {1, 4}], [{8, 2}, {5, 7}, {4, 6}, {1, 3}], [{8, 2}, {5, 7}, {4, 6}, {3}, {1}], [{8, 2}, {5, 7}, {6}, {1, 4}, {3}], [{8, 2}, {6, 7}, {1, 5}, {3, 4}], [{8, 2}, {6, 7}, {3, 5}, {1, 4}], [{8, 2}, {6, 7}, {3, 5}, {4}, {1}], [{8, 2}, {6, 7}, {4, 5}, {1, 3}], [{8, 2}, {7}, {4, 6}, {1, 5}, {3}], [{8, 2}, {7}, {5, 6}, {4}, {1, 3}], [{8, 2}, {7}, {6}, {3, 5}, {1, 4}], [{8, 3}, {1, 7}, {2, 6}, {4, 5}], [{8, 3}, {1, 7}, {4, 6}, {2, 5}], [{8, 3}, {1, 7}, {5, 6}, {2, 4}], [{8, 3}, {1, 7}, {6}, {4, 5}, {2}], [{8, 3}, {2, 7}, {1, 6}, {4, 5}], [{8, 3}, {2, 7}, {4, 6}, {1, 5}], [{8, 3}, {2, 7}, {5, 6}, {1, 4}], [{8, 3}, {2, 7}, {6}, {4, 5}, {1}], [{8, 3}, {4, 7}, {1, 6}, {2, 5}], [{8, 3}, {4, 7}, {2, 6}, {1, 5}], [{8, 3}, {4, 7}, {5, 6}, {1, 2}], [{8, 3}, {5, 7}, {1, 6}, {2, 4}], [{8, 3}, {5, 7}, {2, 6}, {1, 4}], [{8, 3}, {5, 7}, {4, 6}, {1, 2}], [{8, 3}, {6, 7}, {1, 5}, {2, 4}], [{8, 3}, {6, 7}, {2, 5}, {1, 4}], [{8, 3}, {6, 7}, {4, 5}, {1, 2}], [{8, 3}, {6, 7}, {4, 5}, {2}, {1}], [{8, 3}, {7}, {1, 6}, {4, 5}, {2}], [{8, 3}, {7}, {2, 6}, {4, 5}, {1}], [{8, 3}, {7}, {6}, {4, 5}, {1, 2}], [{8, 3}, {7}, {6}, {4, 5}, {2}, {1}], [{8, 4}, {1, 7}, {2, 6}, {3, 5}], [{8, 4}, {1, 7}, {3, 6}, {2, 5}], [{8, 4}, {1, 7}, {5, 6}, {2, 3}], [{8, 4}, {1, 7}, {6}, {3, 5}, {2}], [{8, 4}, {2, 7}, {1, 6}, {3, 5}], [{8, 4}, {2, 7}, {3, 6}, {1, 5}], [{8, 4}, {2, 7}, {5, 6}, {1, 3}], [{8, 4}, {2, 7}, {6}, {3, 5}, {1}], [{8, 4}, {3, 7}, {1, 6}, {2, 5}], [{8, 4}, {3, 7}, {1, 6}, {5}, {2}], [{8, 4}, {3, 7}, {2, 6}, {1, 5}], [{8, 4}, {3, 7}, {5, 6}, {1, 2}], [{8, 4}, {3, 7}, {6}, {2, 5}, {1}], [{8, 4}, {5, 7}, {1, 6}, {2, 3}], [{8, 4}, {5, 7}, {1, 6}, {3}, {2}], [{8, 4}, {5, 7}, {2, 6}, {1, 3}], [{8, 4}, {5, 7}, {3, 6}, {1, 2}], [{8, 4}, {5, 7}, {6}, {2, 3}, {1}], [{8, 4}, {6, 7}, {1, 5}, {2, 3}], [{8, 4}, {6, 7}, {2, 5}, {1, 3}], [{8, 4}, {6, 7}, {3, 5}, {1, 2}], [{8, 4}, {6, 7}, {3, 5}, {2}, {1}], [{8, 4}, {7}, {1, 6}, {3, 5}, {2}], [{8, 4}, {7}, {2, 6}, {1, 5}, {3}], [{8, 4}, {7}, {2, 6}, {3, 5}, {1}], [{8, 4}, {7}, {2, 6}, {5}, {1, 3}], [{8, 4}, {7}, {6}, {3, 5}, {1, 2}], [{8, 5}, {1, 7}, {2, 6}, {3, 4}], [{8, 5}, {1, 7}, {3, 6}, {2, 4}], [{8, 5}, {1, 7}, {4, 6}, {2, 3}], [{8, 5}, {2, 7}, {1, 6}, {3, 4}], [{8, 5}, {2, 7}, {3, 6}, {1, 4}], [{8, 5}, {2, 7}, {4, 6}, {1, 3}], [{8, 5}, {2, 7}, {6}, {4}, {1, 3}], [{8, 5}, {3, 7}, {1, 6}, {2, 4}], [{8, 5}, {3, 7}, {2, 6}, {1, 4}], [{8, 5}, {3, 7}, {4, 6}, {1, 2}], [{8, 5}, {4, 7}, {1, 6}, {2, 3}], [{8, 5}, {4, 7}, {2, 6}, {1, 3}], [{8, 5}, {4, 7}, {3, 6}, {1, 2}], [{8, 5}, {6, 7}, {1, 4}, {2, 3}], [{8, 5}, {6, 7}, {2, 4}, {1, 3}], [{8, 5}, {6, 7}, {3, 4}, {1, 2}], [{8, 5}, {7}, {2, 6}, {3, 4}, {1}], [{8, 5}, {7}, {4, 6}, {3}, {1, 2}], [{8, 5}, {7}, {6}, {1, 4}, {2, 3}], [{8, 6}, {1, 7}, {2, 5}, {3, 4}], [{8, 6}, {1, 7}, {3, 5}, {2, 4}], [{8, 6}, {1, 7}, {4, 5}, {2, 3}], [{8, 6}, {2, 7}, {1, 5}, {3, 4}], [{8, 6}, {2, 7}, {3, 5}, {1, 4}], [{8, 6}, {2, 7}, {4, 5}, {1, 3}], [{8, 6}, {2, 7}, {5}, {1, 4}, {3}], [{8, 6}, {3, 7}, {1, 5}, {2, 4}], [{8, 6}, {3, 7}, {2, 5}, {1, 4}], [{8, 6}, {3, 7}, {4, 5}, {1, 2}], [{8, 6}, {3, 7}, {5}, {1, 4}, {2}], [{8, 6}, {4, 7}, {1, 5}, {2, 3}], [{8, 6}, {4, 7}, {2, 5}, {1, 3}], [{8, 6}, {4, 7}, {3, 5}, {1, 2}], [{8, 6}, {5, 7}, {1, 4}, {2, 3}], [{8, 6}, {5, 7}, {1, 4}, {3}, {2}], [{8, 6}, {5, 7}, {2, 4}, {1, 3}], [{8, 6}, {5, 7}, {3, 4}, {1, 2}], [{8, 6}, {7}, {2, 5}, {1, 4}, {3}], [{8, 6}, {7}, {3, 5}, {1, 4}, {2}], [{8, 6}, {7}, {5}, {1, 4}, {2, 3}], [{8, 6}, {7}, {5}, {1, 4}, {3}, {2}], [{8, 7}, {1, 6}, {2, 5}, {3, 4}], [{8, 7}, {1, 6}, {3, 5}, {2, 4}], [{8, 7}, {1, 6}, {4, 5}, {2, 3}], [{8, 7}, {2, 6}, {1, 5}, {3, 4}], [{8, 7}, {2, 6}, {1, 5}, {4}, {3}], [{8, 7}, {2, 6}, {3, 5}, {1, 4}], [{8, 7}, {2, 6}, {4, 5}, {1, 3}], [{8, 7}, {2, 6}, {5}, {3, 4}, {1}], [{8, 7}, {3, 6}, {1, 5}, {2, 4}], [{8, 7}, {3, 6}, {2, 5}, {1, 4}], [{8, 7}, {3, 6}, {4, 5}, {1, 2}], [{8, 7}, {4, 6}, {1, 5}, {2, 3}], [{8, 7}, {4, 6}, {2, 5}, {1, 3}], [{8, 7}, {4, 6}, {3, 5}, {1, 2}], [{8, 7}, {4, 6}, {5}, {3}, {1, 2}], [{8, 7}, {5, 6}, {1, 4}, {2, 3}], [{8, 7}, {5, 6}, {2, 4}, {1, 3}], [{8, 7}, {5, 6}, {3, 4}, {1, 2}], [{8, 7}, {6}, {2, 5}, {1, 4}, {3}], [{8}, {1, 7}, {5, 6}, {4}, {2, 3}], [{8}, {3, 7}, {2, 6}, {5}, {1, 4}], [{8}, {4, 7}, {1, 6}, {2, 5}, {3}], [{8}, {4, 7}, {2, 6}, {1, 5}, {3}], [{8}, {4, 7}, {5, 6}, {2, 3}, {1}], [{8}, {5, 7}, {1, 6}, {2, 4}, {3}], [{8}, {5, 7}, {2, 6}, {1, 4}, {3}], [{8}, {5, 7}, {2, 6}, {3, 4}, {1}], [{8}, {5, 7}, {2, 6}, {4}, {1, 3}], [{8}, {5, 7}, {4, 6}, {3}, {1, 2}], [{8}, {6, 7}, {1, 5}, {2, 4}, {3}], [{8}, {6, 7}, {2, 5}, {1, 4}, {3}], [{8}, {6, 7}, {3, 5}, {2, 4}, {1}], [{8}, {6, 7}, {5}, {2, 4}, {1, 3}], [{8}, {7}, {2, 6}, {3, 5}, {1, 4}], [{8}, {7}, {5, 6}, {1, 4}, {2, 3}]]",2,8 K_1^3 + 12 K_1^2 K_2 - 28 K_1^2 - 12 K_1 K_2 - 6 K_1 K_3 - 2 K_2^2 + 11 K_2 + 4 K_3 + K_4 + 13,O1O2O3O4U1U5O6U3U7O5O7U8U6U4O8U2,O1O2O3U4U5O4O6U2O5O7U1U6U8U7O8U3,O1O2O3U1O4U5U4U6U3O5O7U2O6O8U7U8,c,{'O1O2O3O4U3O5U1U6U5O7O8U7U2O6U8U4'},1,"<a href=""/flatknot/8.704466"">8.704466</a>",t^9-47t^7-108t^6+96t^5+120t^4-267t^3+234t^2+39t-54,-t^2+2t,,
8.704467,O1O2O3O4U3O5U1U6U5O7O8U7U4O6U2U8,3,6z^2+47z+71,6w^3z^2+47w^2z+71w,False,False,"[[ 0 -3  0 -1  2  2 -1 -1  2],[ 3  0  3  0  3  1  1  0  2],[ 0 -3  0 -1  2  1 -2  0  2],[ 1  0  1  0  1  0  0  0  1],[-2 -3 -2 -1  0  0 -3  0  1],[-2 -1 -1  0  0  0 -2  0 -1],[ 1 -1  2  0  3  2  0 -1  1],[ 1  0  0  0  0  0  1  0  1],[-2 -2 -2 -1 -1  1 -1 -1  0]]","[[ 0  2  2  2  0 -1 -1 -1 -3],[-2  0  1  0 -2  0 -1 -3 -3],[-2 -1  0  1 -2 -1 -1 -1 -2],[-2  0 -1  0 -1  0  0 -2 -1],[ 0  2  2  1  0  0 -1 -2 -3],[ 1  0  1  0  0  0  0  1  0],[ 1  1  1  0  1  0  0  0  0],[ 1  3  1  2  2 -1  0  0 -1],[ 3  3  2  1  3  0  0  1  0]]",True,"[-2,-2,-2,0,1,1,1,3,-1,0,2,0,1,3,3,-1,2,1,1,1,2,1,0,0,2,1,0,1,2,3,0,-1,0,0,0,1]","[-3,-1,-1,-1,0,2,2,2,0,0,1,3,1,2,3,0,0,1,0,1,1,1,0,0,1,0,2,2,1,3,1,2,2,-1,0,-1]",t^8+58t^6+255t^4+39t^2,"[-3,-1,-1,-1,0,2,2,2,1,2,2,0,2,3,4,0,1,-1,0,2,1,0,0,2,2,3,1,3,2,3,0,0,1,-1,0,-1]","[-2,-2,-2,0,1,1,1,3,-1,0,1,1,3,3,4,-1,0,2,2,2,3,0,0,2,3,2,-1,0,1,0,0,-1,1,0,2,2]","[-3,-1,-1,-1,0,2,2,2,0,0,1,3,1,2,3,0,0,1,0,1,1,1,0,0,1,0,2,2,1,3,1,2,2,-1,0,-1]",c,"[[{8, 7}, {2, 6}, {1, 5}, {3, 4}]]",1,8 K_1^3 + 4 K_1^2 K_2 - 26 K_1^2 - 18 K_1 K_2 - 4 K_1 K_3 + 3 K_1 + 13 K_2 + 7 K_3 + K_4 + 13,O1O2O3O4U5U3O6U1U7O5O7U8U6U4O8U2,O1O2O3U4U5O4O6U2O7O5U1U7U8U6O8U3,O1O2O3U1O4U5U4U6U3O7O6U2O5O8U7U8,c,{'O1O2O3O4U3O5U1U6U5O7O8U7U4O6U2U8'},1,"<a href=""/flatknot/8.704467"">8.704467</a>",t^9-58t^7-186t^6-66t^5+130t^4-107t^3+48t^2+20t-24,t^3-3t^2+3t,,
8.704468,O1O2O3O4U3O5U1U6U5O7O8U7U4O6U8U2,4,5z^2+74z+129,5w^3z^2+74w^2z+129w,False,False,"[[ 0 -3  1 -1  2  2 -1 -1  1],[ 3  0  3  0  3  1  1  0  1],[-1 -3  0 -1  1  1 -2 -1  1],[ 1  0  1  0  1  0  0  0  1],[-2 -3 -1 -1  0  0 -3  0  1],[-2 -1 -1  0  0  0 -2  0 -1],[ 1 -1  2  0  3  2  0 -1  0],[ 1  0  1  0  0  0  1  0  1],[-1 -1 -1 -1 -1  1  0 -1  0]]","[[ 0  2  2  1  1 -1 -1 -1 -3],[-2  0  0  1 -1  0 -1 -3 -3],[-2  0  0 -1 -1  0  0 -2 -1],[-1 -1  1  0 -1 -1 -1  0 -1],[-1  1  1  1  0 -1 -1 -2 -3],[ 1  0  0  1  1  0  0  1  0],[ 1  1  0  1  1  0  0  0  0],[ 1  3  2  0  2 -1  0  0 -1],[ 3  3  1  1  3  0  0  1  0]]",True,"[-2,-2,-1,-1,1,1,1,3,0,-1,1,0,1,3,3,1,1,0,0,2,1,1,1,1,0,1,1,1,2,3,0,-1,0,0,0,1]","[-3,-1,-1,-1,1,1,2,2,0,0,1,1,3,1,3,0,0,1,1,0,1,1,1,1,0,0,0,2,2,3,-1,1,-1,1,1,0]",t^8+49t^6+246t^4+49t^2+1,"[-3,-1,-1,-1,1,1,2,2,1,2,2,1,3,2,4,0,1,0,2,0,1,0,1,1,2,3,1,1,3,3,-1,0,0,2,0,0]","[-2,-2,-1,-1,1,1,1,3,0,0,0,1,3,3,4,0,2,0,2,3,2,1,0,1,1,1,2,1,1,3,0,-1,1,0,2,2]","[-3,-1,-1,-1,1,1,2,2,0,0,1,1,3,1,3,0,0,1,1,0,1,1,1,1,0,0,0,2,2,3,-1,1,-1,1,1,0]",c,"[[{8, 1}, {2, 7}, {3, 6}, {4, 5}], [{8, 1}, {2, 7}, {3, 6}, {5}, {4}], [{8, 1}, {2, 7}, {4, 6}, {3, 5}], [{8, 1}, {2, 7}, {4, 6}, {5}, {3}], [{8, 1}, {2, 7}, {5, 6}, {3, 4}], [{8, 1}, {2, 7}, {5, 6}, {4}, {3}], [{8, 1}, {2, 7}, {6}, {3, 5}, {4}], [{8, 1}, {2, 7}, {6}, {4, 5}, {3}], [{8, 1}, {2, 7}, {6}, {5}, {3, 4}], [{8, 1}, {2, 7}, {6}, {5}, {4}, {3}], [{8, 1}, {3, 7}, {2, 6}, {4, 5}], [{8, 1}, {3, 7}, {2, 6}, {5}, {4}], [{8, 1}, {3, 7}, {4, 6}, {2, 5}], [{8, 1}, {3, 7}, {4, 6}, {5}, {2}], [{8, 1}, {3, 7}, {5, 6}, {2, 4}], [{8, 1}, {3, 7}, {6}, {5}, {2, 4}], [{8, 1}, {4, 7}, {2, 6}, {3, 5}], [{8, 1}, {4, 7}, {2, 6}, {5}, {3}], [{8, 1}, {4, 7}, {3, 6}, {2, 5}], [{8, 1}, {4, 7}, {3, 6}, {5}, {2}], [{8, 1}, {4, 7}, {5, 6}, {2, 3}], [{8, 1}, {4, 7}, {6}, {5}, {2, 3}], [{8, 1}, {5, 7}, {2, 6}, {3, 4}], [{8, 1}, {5, 7}, {3, 6}, {2, 4}], [{8, 1}, {5, 7}, {4, 6}, {2, 3}], [{8, 1}, {5, 7}, {4, 6}, {3}, {2}], [{8, 1}, {6, 7}, {2, 5}, {3, 4}], [{8, 1}, {6, 7}, {3, 5}, {2, 4}], [{8, 1}, {6, 7}, {4, 5}, {2, 3}], [{8, 1}, {6, 7}, {5}, {2, 4}, {3}], [{8, 1}, {6, 7}, {5}, {3, 4}, {2}], [{8, 1}, {6, 7}, {5}, {4}, {2, 3}], [{8, 1}, {7}, {2, 6}, {5}, {3, 4}], [{8, 1}, {7}, {3, 6}, {5}, {2, 4}], [{8, 1}, {7}, {4, 6}, {2, 5}, {3}], [{8, 1}, {7}, {4, 6}, {3, 5}, {2}], [{8, 1}, {7}, {4, 6}, {5}, {2, 3}], [{8, 1}, {7}, {4, 6}, {5}, {3}, {2}], [{8, 2}, {1, 7}, {3, 6}, {4, 5}], [{8, 2}, {1, 7}, {3, 6}, {5}, {4}], [{8, 2}, {1, 7}, {4, 6}, {3, 5}], [{8, 2}, {1, 7}, {4, 6}, {5}, {3}], [{8, 2}, {1, 7}, {5, 6}, {3, 4}], [{8, 2}, {1, 7}, {5, 6}, {4}, {3}], [{8, 2}, {1, 7}, {6}, {3, 5}, {4}], [{8, 2}, {1, 7}, {6}, {4, 5}, {3}], [{8, 2}, {1, 7}, {6}, {5}, {3, 4}], [{8, 2}, {1, 7}, {6}, {5}, {4}, {3}], [{8, 2}, {3, 7}, {1, 6}, {4, 5}], [{8, 2}, {3, 7}, {4, 6}, {1, 5}], [{8, 2}, {3, 7}, {4, 6}, {5}, {1}], [{8, 2}, {3, 7}, {5, 6}, {1, 4}], [{8, 2}, {4, 7}, {1, 6}, {3, 5}], [{8, 2}, {4, 7}, {1, 6}, {5}, {3}], [{8, 2}, {4, 7}, {3, 6}, {1, 5}], [{8, 2}, {4, 7}, {5, 6}, {1, 3}], [{8, 2}, {5, 7}, {1, 6}, {3, 4}], [{8, 2}, {5, 7}, {3, 6}, {1, 4}], [{8, 2}, {5, 7}, {4, 6}, {1, 3}], [{8, 2}, {5, 7}, {4, 6}, {3}, {1}], [{8, 2}, {6, 7}, {1, 5}, {3, 4}], [{8, 2}, {6, 7}, {3, 5}, {1, 4}], [{8, 2}, {6, 7}, {4, 5}, {1, 3}], [{8, 2}, {6, 7}, {5}, {1, 4}, {3}], [{8, 2}, {7}, {4, 6}, {1, 5}, {3}], [{8, 2}, {7}, {4, 6}, {3, 5}, {1}], [{8, 2}, {7}, {4, 6}, {5}, {1, 3}], [{8, 2}, {7}, {4, 6}, {5}, {3}, {1}], [{8, 3}, {1, 7}, {2, 6}, {4, 5}], [{8, 3}, {1, 7}, {2, 6}, {5}, {4}], [{8, 3}, {1, 7}, {4, 6}, {2, 5}], [{8, 3}, {1, 7}, {5, 6}, {2, 4}], [{8, 3}, {1, 7}, {6}, {4, 5}, {2}], [{8, 3}, {2, 7}, {1, 6}, {4, 5}], [{8, 3}, {2, 7}, {4, 6}, {1, 5}], [{8, 3}, {2, 7}, {5, 6}, {1, 4}], [{8, 3}, {4, 7}, {1, 6}, {2, 5}], [{8, 3}, {4, 7}, {2, 6}, {1, 5}], [{8, 3}, {4, 7}, {5, 6}, {1, 2}], [{8, 3}, {5, 7}, {1, 6}, {2, 4}], [{8, 3}, {5, 7}, {2, 6}, {1, 4}], [{8, 3}, {5, 7}, {4, 6}, {1, 2}], [{8, 3}, {5, 7}, {4, 6}, {2}, {1}], [{8, 3}, {6, 7}, {1, 5}, {2, 4}], [{8, 3}, {6, 7}, {1, 5}, {4}, {2}], [{8, 3}, {6, 7}, {2, 5}, {1, 4}], [{8, 3}, {6, 7}, {4, 5}, {1, 2}], [{8, 3}, {7}, {4, 6}, {5}, {1, 2}], [{8, 4}, {1, 7}, {2, 6}, {3, 5}], [{8, 4}, {1, 7}, {3, 6}, {2, 5}], [{8, 4}, {1, 7}, {5, 6}, {2, 3}], [{8, 4}, {2, 7}, {1, 6}, {3, 5}], [{8, 4}, {2, 7}, {3, 6}, {1, 5}], [{8, 4}, {2, 7}, {5, 6}, {1, 3}], [{8, 4}, {3, 7}, {1, 6}, {2, 5}], [{8, 4}, {3, 7}, {2, 6}, {1, 5}], [{8, 4}, {3, 7}, {5, 6}, {1, 2}], [{8, 4}, {3, 7}, {6}, {1, 5}, {2}], [{8, 4}, {5, 7}, {1, 6}, {2, 3}], [{8, 4}, {5, 7}, {2, 6}, {1, 3}], [{8, 4}, {5, 7}, {2, 6}, {3}, {1}], [{8, 4}, {5, 7}, {3, 6}, {1, 2}], [{8, 4}, {6, 7}, {1, 5}, {2, 3}], [{8, 4}, {6, 7}, {1, 5}, {3}, {2}], [{8, 4}, {6, 7}, {2, 5}, {1, 3}], [{8, 4}, {6, 7}, {3, 5}, {1, 2}], [{8, 4}, {7}, {1, 6}, {2, 5}, {3}], [{8, 4}, {7}, {1, 6}, {3, 5}, {2}], [{8, 4}, {7}, {1, 6}, {5}, {2, 3}], [{8, 4}, {7}, {3, 6}, {1, 5}, {2}], [{8, 5}, {1, 7}, {2, 6}, {3, 4}], [{8, 5}, {1, 7}, {3, 6}, {2, 4}], [{8, 5}, {1, 7}, {4, 6}, {2, 3}], [{8, 5}, {2, 7}, {1, 6}, {3, 4}], [{8, 5}, {2, 7}, {1, 6}, {4}, {3}], [{8, 5}, {2, 7}, {3, 6}, {1, 4}], [{8, 5}, {2, 7}, {4, 6}, {1, 3}], [{8, 5}, {3, 7}, {1, 6}, {2, 4}], [{8, 5}, {3, 7}, {2, 6}, {1, 4}], [{8, 5}, {3, 7}, {4, 6}, {1, 2}], [{8, 5}, {4, 7}, {1, 6}, {2, 3}], [{8, 5}, {4, 7}, {1, 6}, {3}, {2}], [{8, 5}, {4, 7}, {2, 6}, {1, 3}], [{8, 5}, {4, 7}, {3, 6}, {1, 2}], [{8, 5}, {4, 7}, {3, 6}, {2}, {1}], [{8, 5}, {4, 7}, {6}, {1, 3}, {2}], [{8, 5}, {6, 7}, {1, 4}, {2, 3}], [{8, 5}, {6, 7}, {2, 4}, {1, 3}], [{8, 5}, {6, 7}, {3, 4}, {1, 2}], [{8, 5}, {6, 7}, {3, 4}, {2}, {1}], [{8, 5}, {7}, {1, 6}, {2, 4}, {3}], [{8, 5}, {7}, {2, 6}, {1, 4}, {3}], [{8, 5}, {7}, {4, 6}, {3}, {1, 2}], [{8, 6}, {1, 7}, {2, 5}, {3, 4}], [{8, 6}, {1, 7}, {3, 5}, {2, 4}], [{8, 6}, {1, 7}, {4, 5}, {2, 3}], [{8, 6}, {1, 7}, {4, 5}, {3}, {2}], [{8, 6}, {1, 7}, {5}, {4}, {2, 3}], [{8, 6}, {2, 7}, {1, 5}, {3, 4}], [{8, 6}, {2, 7}, {1, 5}, {4}, {3}], [{8, 6}, {2, 7}, {3, 5}, {1, 4}], [{8, 6}, {2, 7}, {4, 5}, {1, 3}], [{8, 6}, {3, 7}, {1, 5}, {2, 4}], [{8, 6}, {3, 7}, {2, 5}, {1, 4}], [{8, 6}, {3, 7}, {4, 5}, {1, 2}], [{8, 6}, {4, 7}, {1, 5}, {2, 3}], [{8, 6}, {4, 7}, {2, 5}, {1, 3}], [{8, 6}, {4, 7}, {3, 5}, {1, 2}], [{8, 6}, {5, 7}, {1, 4}, {2, 3}], [{8, 6}, {5, 7}, {2, 4}, {1, 3}], [{8, 6}, {5, 7}, {3, 4}, {1, 2}], [{8, 6}, {5, 7}, {3, 4}, {2}, {1}], [{8, 6}, {7}, {2, 5}, {1, 4}, {3}], [{8, 7}, {1, 6}, {2, 5}, {3, 4}], [{8, 7}, {1, 6}, {2, 5}, {4}, {3}], [{8, 7}, {1, 6}, {3, 5}, {2, 4}], [{8, 7}, {1, 6}, {4, 5}, {2, 3}], [{8, 7}, {2, 6}, {1, 5}, {3, 4}], [{8, 7}, {2, 6}, {1, 5}, {4}, {3}], [{8, 7}, {2, 6}, {3, 5}, {1, 4}], [{8, 7}, {2, 6}, {4, 5}, {1, 3}], [{8, 7}, {3, 6}, {1, 5}, {2, 4}], [{8, 7}, {3, 6}, {1, 5}, {4}, {2}], [{8, 7}, {3, 6}, {2, 5}, {1, 4}], [{8, 7}, {3, 6}, {4, 5}, {1, 2}], [{8, 7}, {4, 6}, {1, 5}, {2, 3}], [{8, 7}, {4, 6}, {2, 5}, {1, 3}], [{8, 7}, {4, 6}, {3, 5}, {1, 2}], [{8, 7}, {4, 6}, {3, 5}, {2}, {1}], [{8, 7}, {4, 6}, {5}, {3}, {1, 2}], [{8, 7}, {5, 6}, {1, 4}, {2, 3}], [{8, 7}, {5, 6}, {1, 4}, {3}, {2}], [{8, 7}, {5, 6}, {2, 4}, {1, 3}], [{8, 7}, {5, 6}, {3, 4}, {1, 2}], [{8, 7}, {6}, {1, 5}, {4}, {2, 3}], [{8, 7}, {6}, {3, 5}, {4}, {1, 2}], [{8}, {1, 7}, {2, 6}, {4, 5}, {3}], [{8}, {1, 7}, {3, 6}, {4, 5}, {2}], [{8}, {1, 7}, {4, 6}, {3, 5}, {2}], [{8}, {1, 7}, {6}, {4, 5}, {2, 3}], [{8}, {2, 7}, {4, 6}, {3, 5}, {1}], [{8}, {3, 7}, {4, 6}, {5}, {1, 2}], [{8}, {4, 7}, {1, 6}, {2, 5}, {3}], [{8}, {4, 7}, {3, 6}, {1, 5}, {2}], [{8}, {5, 7}, {3, 6}, {1, 4}, {2}], [{8}, {5, 7}, {3, 6}, {2, 4}, {1}], [{8}, {5, 7}, {3, 6}, {4}, {1, 2}], [{8}, {5, 7}, {4, 6}, {1, 3}, {2}], [{8}, {5, 7}, {4, 6}, {2, 3}, {1}], [{8}, {5, 7}, {4, 6}, {3}, {1, 2}], [{8}, {5, 7}, {6}, {3, 4}, {1, 2}], [{8}, {6, 7}, {1, 5}, {3, 4}, {2}], [{8}, {6, 7}, {3, 5}, {1, 4}, {2}], [{8}, {6, 7}, {4, 5}, {1, 3}, {2}], [{8}, {7}, {4, 6}, {3, 5}, {1, 2}], [{8}, {7}, {4, 6}, {5}, {3}, {1, 2}], [{8}, {7}, {5, 6}, {1, 4}, {2, 3}]]",2,8 K_1^3 - 34 K_1^2 - 30 K_1 K_2 - 2 K_1 K_3 + 9 K_1 - 2 K_2^2 + 18 K_2 + 13 K_3 + 2 K_4 + 19,O1O2O3O4U3U5O6U1U7O5O7U8U6U4O8U2,O1O2O3U4U5O4O6U2O5O7U1U7U8U6O8U3,O1O2O3U1O4U5U4U6U3O6O7U2O5O8U7U8,c,{'O1O2O3O4U3O5U1U6U5O7O8U7U4O6U8U2'},1,"<a href=""/flatknot/8.704468"">8.704468</a>",t^9-51t^7-98t^6+144t^5+18t^4-49t^3+78t^2-15t-28,t^3-2t^2+t,,
8.704469,O1O2O3O4U3O5U1U6U5O7O8U7U8O6U2U4,4,2z^3+25z^2+88z+93,2w^4z^3+25w^3z^2+88w^2z+93w,False,False,"[[ 0 -3  0 -1  3  2 -1 -1  1],[ 3  0  2  0  4  1  2  0  0],[ 0 -2  0  0  2  1 -1 -1  1],[ 1  0  0  0  1  0  1  0  0],[-3 -4 -2 -1  0  1 -4 -1  1],[-2 -1 -1  0 -1  0 -2  0  0],[ 1 -2  1 -1  4  2  0  0  0],[ 1  0  1  0  1  0  0  0  1],[-1  0 -1  0 -1  0  0 -1  0]]","[[ 0  3  2  1  0 -1 -1 -1 -3],[-3  0  1  1 -2 -1 -1 -4 -4],[-2 -1  0  0 -1  0  0 -2 -1],[-1 -1  0  0 -1  0 -1  0  0],[ 0  2  1  1  0  0 -1 -1 -2],[ 1  1  0  0  0  0  0  1  0],[ 1  1  0  1  1  0  0  0  0],[ 1  4  2  0  1 -1  0  0 -2],[ 3  4  1  0  2  0  0  2  0]]",True,"[-3,-2,-1,0,1,1,1,3,-1,-1,2,1,1,4,4,0,1,0,0,2,1,1,0,1,0,0,0,1,1,2,0,-1,0,0,0,2]","[-3,-2,-1,0,1,1,1,3,-1,-1,2,1,1,4,4,0,1,0,0,2,1,1,0,1,0,0,0,1,1,2,0,-1,0,0,0,2]",t^8+59t^6+154t^4+49t^2+1,"[-3,-1,-1,-1,0,1,2,3,0,2,2,1,4,4,2,0,1,0,2,1,0,0,0,1,3,3,1,2,3,3,0,1,1,1,3,2]","[-3,-2,-1,0,1,1,1,3,2,3,1,0,3,3,2,1,1,1,3,3,4,0,2,1,2,4,0,0,1,1,0,-1,0,0,2,2]","[-3,-1,-1,-1,0,1,2,3,0,0,2,2,0,1,4,0,0,1,1,0,1,1,0,0,0,1,1,0,2,4,1,1,2,0,-1,-1]",c,"[[{8, 7}, {2, 6}, {1, 5}, {3, 4}], [{8, 7}, {3, 6}, {4, 5}, {1, 2}], [{8, 7}, {4, 6}, {3, 5}, {1, 2}], [{8, 7}, {6}, {1, 5}, {3, 4}, {2}]]",1,- 8 K_1^4 + 32 K_1^3 + 12 K_1^2 K_2 - 32 K_1^2 - 28 K_1 K_2 - 6 K_1 K_3 - 10 K_1 + 17 K_2 + 6 K_3 + K_4 + 17,O1O2O3O4U1U3O5U6U7O6O7U8U5U4O8U2,O1O2O3U4U5O4O5U2O6O7U1U6U8U7O8U3,O1O2O3U1O4U5U4U6U3O5O6U2O7O8U7U8,c,{'O1O2O3O4U3O5U1U6U5O7O8U7U8O6U2U4'},1,"<a href=""/flatknot/8.704469"">8.704469</a>",t^9-57t^7-180t^6+t^5+386t^4+350t^3+112t^2-47t-70,-t^2+2t,,
8.704470,O1O2O3O4U3O5U1U6U5O7O8U7U8O6U4U2,4,13z^2+66z+81,13w^3z^2+66w^2z+81w,False,False,"[[ 0 -3  1 -1  2  2 -1 -1  1],[ 3  0  3  0  3  1  2  0  0],[-1 -3  0 -1  1  1 -2 -1  1],[ 1  0  1  0  1  0  1  0  0],[-2 -3 -1 -1  0  1 -3 -1  1],[-2 -1 -1  0 -1  0 -2  0  0],[ 1 -2  2 -1  3  2  0  0  0],[ 1  0  1  0  1  0  0  0  1],[-1  0 -1  0 -1  0  0 -1  0]]","[[ 0  2  2  1  1 -1 -1 -1 -3],[-2  0  1  1 -1 -1 -1 -3 -3],[-2 -1  0  0 -1  0  0 -2 -1],[-1 -1  0  0 -1  0 -1  0  0],[-1  1  1  1  0 -1 -1 -2 -3],[ 1  1  0  0  1  0  0  1  0],[ 1  1  0  1  1  0  0  0  0],[ 1  3  2  0  2 -1  0  0 -2],[ 3  3  1  0  3  0  0  2  0]]",True,"[-2,-2,-1,-1,1,1,1,3,-1,-1,1,1,1,3,3,0,1,0,0,2,1,1,0,1,0,0,1,1,2,3,0,-1,0,0,0,2]","[-3,-1,-1,-1,1,1,2,2,0,0,2,0,3,1,3,0,0,1,1,0,1,1,0,1,0,1,0,2,2,3,-1,0,-1,1,1,-1]",t^8+51t^6+103t^4+21t^2,"[-3,-1,-1,-1,1,1,2,2,0,2,2,1,4,2,4,0,1,0,2,0,1,0,1,1,2,3,1,2,2,3,-1,0,0,2,1,-1]","[-2,-2,-1,-1,1,1,1,3,-1,0,1,1,3,3,4,0,2,0,2,2,2,1,0,1,1,1,2,1,2,4,0,-1,0,0,2,2]","[-3,-1,-1,-1,1,1,2,2,0,0,2,0,3,1,3,0,0,1,1,0,1,1,0,1,0,1,0,2,2,3,-1,0,-1,1,1,-1]",c,"[[{8, 7}, {2, 6}, {1, 5}, {3, 4}], [{8, 7}, {2, 6}, {3, 5}, {1, 4}], [{8, 7}, {2, 6}, {4, 5}, {1, 3}], [{8, 7}, {4, 6}, {2, 5}, {1, 3}], [{8, 7}, {6}, {1, 5}, {3, 4}, {2}]]",1,16 K_1^3 + 4 K_1^2 K_2 - 22 K_1^2 - 22 K_1 K_2 - 2 K_1 K_3 - K_1 - 2 K_2^2 + 10 K_2 + 7 K_3 + K_4 + 12,O1O2O3O4U3U1O5U6U7O6O7U8U5U4O8U2,O1O2O3U4U5O4O5U2O6O7U1U7U8U6O8U3,O1O2O3U1O4U5U4U6U3O6O5U2O7O8U7U8,c,"{'O1O2O3O4U3O5U1U6U5O7O8U7U8O6U4U2', 'O1O2O3U2O4O5U1U6U5O7O8U7U8O6U3U4'}",2,"<a href=""/flatknot/8.704470"">8.704470</a>",t^9-53t^7-144t^6-19t^5+126t^4+104t^3+150t^2+109t+10,t^3-2t^2+t,,
8.704471,O1O2O3O4U3O5U1U6U7O8O7U2U4O6U5U8,4,19z^2+104z+133,19w^3z^2+104w^2z+133w,False,False,"[[ 0 -3 -1 -1  2  2 -1  1  1],[ 3  0  1  0  3  3  1  3  3],[ 1 -1  0  0  2  1  0  1  1],[ 1  0  0  0  1  1  0  1  1],[-2 -3 -2 -1  0  0 -2 -2  0],[-2 -3 -1 -1  0  0 -2 -2 -1],[ 1 -1  0  0  2  2  0  2  2],[-1 -3 -1 -1  2  2 -2  0  1],[-1 -3 -1 -1  0  1 -2 -1  0]]","[[ 0  2  2  1  1 -1 -1 -1 -3],[-2  0  0  0 -2 -1 -2 -2 -3],[-2  0  0 -1 -2 -1 -1 -2 -3],[-1  0  1  0 -1 -1 -1 -2 -3],[-1  2  2  1  0 -1 -1 -2 -3],[ 1  1  1  1  1  0  0  0  0],[ 1  2  1  1  1  0  0  0 -1],[ 1  2  2  2  2  0  0  0 -1],[ 3  3  3  3  3  0  1  1  0]]",True,"[-2,-2,-1,-1,1,1,1,3,0,0,2,1,2,2,3,1,2,1,1,2,3,1,1,1,2,3,1,1,2,3,0,0,0,0,1,1]","[-3,-1,-1,-1,1,1,2,2,0,1,1,3,3,3,3,0,0,1,1,1,1,0,1,1,1,2,2,2,2,2,-1,1,0,2,2,0]",t^8+75t^6+101t^4+23t^2,"[-3,-1,-1,-1,1,1,2,2,1,1,2,1,1,2,2,0,0,0,0,1,1,0,1,1,1,2,1,1,2,2,-1,-1,-1,1,0,0]","[-2,-2,-1,-1,1,1,1,3,0,-1,0,1,2,2,2,-1,1,1,1,2,2,1,0,1,1,1,0,1,1,1,0,0,1,0,1,2]","[-3,-1,-1,-1,1,1,2,2,0,1,1,3,3,3,3,0,0,1,1,1,1,0,1,1,1,2,2,2,2,2,-1,1,0,2,2,0]",c,"[[{8, 6}, {4, 7}, {1, 5}, {2, 3}]]",1,12 K_1^3 + 16 K_1^2 K_2 - 28 K_1^2 - 14 K_1 K_2 - 20 K_1 K_3 - 2 K_1 + 16 K_2 + 4 K_3 + 6 K_4 + 11,O1O2O3O4U5U6O7U1U3O8O5U8U7U4O6U2,O1O2O3U4U3O5O6U2O7O4U1U5U8U6O8U7,O1O2O3U4O5U6U5U7U3O8O4U2O6O7U1U8,c,{'O1O2O3O4U3O5U1U6U7O8O7U2U4O6U5U8'},1,"<a href=""/flatknot/8.704471"">8.704471</a>",t^9-77t^7-256t^6-79t^5+352t^4+174t^3-94t^2-48t+6,t^3-2t^2+t,,
8.704472,O1O2O3O4U3O5U1U6U7O8O7U2U5O6U4U8,4,22z^2+107z+127,22w^3z^2+107w^2z+127w,False,False,"[[ 0 -3 -1 -1  2  2 -1  1  1],[ 3  0  1  0  4  2  1  3  3],[ 1 -1  0  0  2  1  0  1  1],[ 1  0  0  0  1  0  1  1  1],[-2 -4 -2 -1  0  1 -3 -2  0],[-2 -2 -1  0 -1  0 -2 -2 -1],[ 1 -1  0 -1  3  2  0  2  2],[-1 -3 -1 -1  2  2 -2  0  1],[-1 -3 -1 -1  0  1 -2 -1  0]]","[[ 0  2  2  1  1 -1 -1 -1 -3],[-2  0  1  0 -2 -1 -2 -3 -4],[-2 -1  0 -1 -2  0 -1 -2 -2],[-1  0  1  0 -1 -1 -1 -2 -3],[-1  2  2  1  0 -1 -1 -2 -3],[ 1  1  0  1  1  0  0  1  0],[ 1  2  1  1  1  0  0  0 -1],[ 1  3  2  2  2 -1  0  0 -1],[ 3  4  2  3  3  0  1  1  0]]",True,"[-2,-2,-1,-1,1,1,1,3,-1,0,2,1,2,3,4,1,2,0,1,2,2,1,1,1,2,3,1,1,2,3,0,-1,0,0,1,1]","[-3,-1,-1,-1,1,1,2,2,0,1,1,3,3,2,4,0,1,1,1,0,1,0,1,1,1,2,2,2,2,3,-1,1,0,2,2,-1]",t^8+83t^6+90t^4+15t^2,"[-3,-1,-1,-1,1,1,2,2,1,1,2,1,1,1,3,0,0,1,1,1,2,1,0,0,0,1,1,1,2,3,-1,-1,-1,1,0,-1]","[-2,-2,-1,-1,1,1,1,3,-1,-1,0,1,2,3,3,-1,1,0,1,2,1,1,0,1,1,1,0,1,1,1,0,-1,1,0,1,2]","[-3,-1,-1,-1,1,1,2,2,0,1,1,3,3,2,4,0,1,1,1,0,1,0,1,1,1,2,2,2,2,3,-1,1,0,2,2,-1]",c,"[[{8, 1}, {2, 7}, {3, 6}, {4, 5}], [{8, 1}, {2, 7}, {3, 6}, {5}, {4}], [{8, 1}, {2, 7}, {4, 6}, {3, 5}], [{8, 1}, {2, 7}, {5, 6}, {3, 4}], [{8, 1}, {3, 7}, {2, 6}, {4, 5}], [{8, 1}, {3, 7}, {2, 6}, {5}, {4}], [{8, 1}, {3, 7}, {4, 6}, {2, 5}], [{8, 1}, {3, 7}, {5, 6}, {2, 4}], [{8, 1}, {4, 7}, {2, 6}, {3, 5}], [{8, 1}, {4, 7}, {3, 6}, {2, 5}], [{8, 1}, {4, 7}, {5, 6}, {2, 3}], [{8, 1}, {5, 7}, {2, 6}, {3, 4}], [{8, 1}, {5, 7}, {3, 6}, {2, 4}], [{8, 1}, {5, 7}, {4, 6}, {2, 3}], [{8, 1}, {5, 7}, {4, 6}, {3}, {2}], [{8, 1}, {6, 7}, {2, 5}, {3, 4}], [{8, 1}, {6, 7}, {3, 5}, {2, 4}], [{8, 1}, {6, 7}, {3, 5}, {4}, {2}], [{8, 1}, {6, 7}, {4, 5}, {2, 3}], [{8, 1}, {7}, {5, 6}, {2, 4}, {3}], [{8, 1}, {7}, {5, 6}, {3, 4}, {2}], [{8, 1}, {7}, {5, 6}, {4}, {2, 3}], [{8, 2}, {1, 7}, {3, 6}, {4, 5}], [{8, 2}, {1, 7}, {4, 6}, {3, 5}], [{8, 2}, {1, 7}, {5, 6}, {3, 4}], [{8, 2}, {1, 7}, {5, 6}, {4}, {3}], [{8, 2}, {3, 7}, {1, 6}, {4, 5}], [{8, 2}, {3, 7}, {4, 6}, {1, 5}], [{8, 2}, {3, 7}, {5, 6}, {1, 4}], [{8, 2}, {3, 7}, {5, 6}, {4}, {1}], [{8, 2}, {4, 7}, {1, 6}, {3, 5}], [{8, 2}, {4, 7}, {3, 6}, {1, 5}], [{8, 2}, {4, 7}, {5, 6}, {1, 3}], [{8, 2}, {4, 7}, {5, 6}, {3}, {1}], [{8, 2}, {5, 7}, {1, 6}, {3, 4}], [{8, 2}, {5, 7}, {3, 6}, {1, 4}], [{8, 2}, {5, 7}, {4, 6}, {1, 3}], [{8, 2}, {6, 7}, {1, 5}, {3, 4}], [{8, 2}, {6, 7}, {3, 5}, {1, 4}], [{8, 2}, {6, 7}, {4, 5}, {1, 3}], [{8, 2}, {7}, {5, 6}, {1, 4}, {3}], [{8, 2}, {7}, {5, 6}, {3, 4}, {1}], [{8, 2}, {7}, {5, 6}, {4}, {1, 3}], [{8, 2}, {7}, {5, 6}, {4}, {3}, {1}], [{8, 3}, {1, 7}, {2, 6}, {4, 5}], [{8, 3}, {1, 7}, {4, 6}, {2, 5}], [{8, 3}, {1, 7}, {5, 6}, {2, 4}], [{8, 3}, {1, 7}, {6}, {4, 5}, {2}], [{8, 3}, {2, 7}, {1, 6}, {4, 5}], [{8, 3}, {2, 7}, {4, 6}, {1, 5}], [{8, 3}, {2, 7}, {5, 6}, {1, 4}], [{8, 3}, {2, 7}, {6}, {5}, {1, 4}], [{8, 3}, {4, 7}, {1, 6}, {2, 5}], [{8, 3}, {4, 7}, {2, 6}, {1, 5}], [{8, 3}, {4, 7}, {5, 6}, {1, 2}], [{8, 3}, {4, 7}, {6}, {1, 5}, {2}], [{8, 3}, {5, 7}, {1, 6}, {2, 4}], [{8, 3}, {5, 7}, {2, 6}, {1, 4}], [{8, 3}, {5, 7}, {4, 6}, {1, 2}], [{8, 3}, {5, 7}, {6}, {1, 4}, {2}], [{8, 3}, {6, 7}, {1, 5}, {2, 4}], [{8, 3}, {6, 7}, {2, 5}, {1, 4}], [{8, 3}, {6, 7}, {4, 5}, {1, 2}], [{8, 3}, {6, 7}, {5}, {1, 4}, {2}], [{8, 3}, {7}, {1, 6}, {2, 5}, {4}], [{8, 3}, {7}, {2, 6}, {5}, {1, 4}], [{8, 3}, {7}, {4, 6}, {2, 5}, {1}], [{8, 3}, {7}, {5, 6}, {1, 4}, {2}], [{8, 3}, {7}, {5, 6}, {2, 4}, {1}], [{8, 3}, {7}, {5, 6}, {4}, {1, 2}], [{8, 3}, {7}, {6}, {2, 5}, {1, 4}], [{8, 3}, {7}, {6}, {5}, {1, 4}, {2}], [{8, 4}, {1, 7}, {2, 6}, {3, 5}], [{8, 4}, {1, 7}, {3, 6}, {2, 5}], [{8, 4}, {1, 7}, {5, 6}, {2, 3}], [{8, 4}, {2, 7}, {1, 6}, {3, 5}], [{8, 4}, {2, 7}, {3, 6}, {1, 5}], [{8, 4}, {2, 7}, {5, 6}, {1, 3}], [{8, 4}, {3, 7}, {1, 6}, {2, 5}], [{8, 4}, {3, 7}, {2, 6}, {1, 5}], [{8, 4}, {3, 7}, {5, 6}, {1, 2}], [{8, 4}, {5, 7}, {1, 6}, {2, 3}], [{8, 4}, {5, 7}, {2, 6}, {1, 3}], [{8, 4}, {5, 7}, {3, 6}, {1, 2}], [{8, 4}, {6, 7}, {1, 5}, {2, 3}], [{8, 4}, {6, 7}, {2, 5}, {1, 3}], [{8, 4}, {6, 7}, {3, 5}, {1, 2}], [{8, 4}, {7}, {5, 6}, {1, 3}, {2}], [{8, 4}, {7}, {5, 6}, {2, 3}, {1}], [{8, 4}, {7}, {5, 6}, {3}, {1, 2}], [{8, 5}, {1, 7}, {2, 6}, {3, 4}], [{8, 5}, {1, 7}, {3, 6}, {2, 4}], [{8, 5}, {1, 7}, {3, 6}, {4}, {2}], [{8, 5}, {1, 7}, {4, 6}, {2, 3}], [{8, 5}, {1, 7}, {4, 6}, {3}, {2}], [{8, 5}, {1, 7}, {6}, {3, 4}, {2}], [{8, 5}, {2, 7}, {1, 6}, {3, 4}], [{8, 5}, {2, 7}, {3, 6}, {1, 4}], [{8, 5}, {2, 7}, {4, 6}, {1, 3}], [{8, 5}, {3, 7}, {1, 6}, {2, 4}], [{8, 5}, {3, 7}, {2, 6}, {1, 4}], [{8, 5}, {3, 7}, {4, 6}, {1, 2}], [{8, 5}, {4, 7}, {1, 6}, {2, 3}], [{8, 5}, {4, 7}, {2, 6}, {1, 3}], [{8, 5}, {4, 7}, {2, 6}, {3}, {1}], [{8, 5}, {4, 7}, {3, 6}, {1, 2}], [{8, 5}, {4, 7}, {3, 6}, {2}, {1}], [{8, 5}, {4, 7}, {6}, {2, 3}, {1}], [{8, 5}, {6, 7}, {1, 4}, {2, 3}], [{8, 5}, {6, 7}, {2, 4}, {1, 3}], [{8, 5}, {6, 7}, {2, 4}, {3}, {1}], [{8, 5}, {6, 7}, {3, 4}, {1, 2}], [{8, 5}, {7}, {3, 6}, {1, 4}, {2}], [{8, 5}, {7}, {6}, {2, 4}, {1, 3}], [{8, 6}, {1, 7}, {2, 5}, {3, 4}], [{8, 6}, {1, 7}, {3, 5}, {2, 4}], [{8, 6}, {1, 7}, {4, 5}, {2, 3}], [{8, 6}, {1, 7}, {5}, {4}, {2, 3}], [{8, 6}, {2, 7}, {1, 5}, {3, 4}], [{8, 6}, {2, 7}, {3, 5}, {1, 4}], [{8, 6}, {2, 7}, {4, 5}, {1, 3}], [{8, 6}, {2, 7}, {5}, {4}, {1, 3}], [{8, 6}, {3, 7}, {1, 5}, {2, 4}], [{8, 6}, {3, 7}, {2, 5}, {1, 4}], [{8, 6}, {3, 7}, {4, 5}, {1, 2}], [{8, 6}, {3, 7}, {4, 5}, {2}, {1}], [{8, 6}, {4, 7}, {1, 5}, {2, 3}], [{8, 6}, {4, 7}, {2, 5}, {1, 3}], [{8, 6}, {4, 7}, {3, 5}, {1, 2}], [{8, 6}, {4, 7}, {5}, {1, 3}, {2}], [{8, 6}, {5, 7}, {1, 4}, {2, 3}], [{8, 6}, {5, 7}, {2, 4}, {1, 3}], [{8, 6}, {5, 7}, {3, 4}, {1, 2}], [{8, 6}, {7}, {1, 5}, {3, 4}, {2}], [{8, 6}, {7}, {3, 5}, {1, 4}, {2}], [{8, 6}, {7}, {5}, {2, 4}, {1, 3}], [{8, 7}, {1, 6}, {2, 5}, {3, 4}], [{8, 7}, {1, 6}, {3, 5}, {2, 4}], [{8, 7}, {1, 6}, {4, 5}, {2, 3}], [{8, 7}, {1, 6}, {5}, {4}, {2, 3}], [{8, 7}, {2, 6}, {1, 5}, {3, 4}], [{8, 7}, {2, 6}, {3, 5}, {1, 4}], [{8, 7}, {2, 6}, {4, 5}, {1, 3}], [{8, 7}, {2, 6}, {5}, {4}, {1, 3}], [{8, 7}, {3, 6}, {1, 5}, {2, 4}], [{8, 7}, {3, 6}, {1, 5}, {4}, {2}], [{8, 7}, {3, 6}, {2, 5}, {1, 4}], [{8, 7}, {3, 6}, {4, 5}, {1, 2}], [{8, 7}, {4, 6}, {1, 5}, {2, 3}], [{8, 7}, {4, 6}, {1, 5}, {3}, {2}], [{8, 7}, {4, 6}, {2, 5}, {1, 3}], [{8, 7}, {4, 6}, {3, 5}, {1, 2}], [{8, 7}, {4, 6}, {3, 5}, {2}, {1}], [{8, 7}, {4, 6}, {5}, {1, 3}, {2}], [{8, 7}, {5, 6}, {1, 4}, {2, 3}], [{8, 7}, {5, 6}, {1, 4}, {3}, {2}], [{8, 7}, {5, 6}, {2, 4}, {1, 3}], [{8, 7}, {5, 6}, {3, 4}, {1, 2}], [{8, 7}, {6}, {1, 5}, {3, 4}, {2}], [{8, 7}, {6}, {4, 5}, {2, 3}, {1}], [{8, 7}, {6}, {5}, {2, 4}, {1, 3}], [{8}, {1, 7}, {2, 6}, {4, 5}, {3}], [{8}, {1, 7}, {6}, {3, 5}, {2, 4}], [{8}, {2, 7}, {1, 6}, {3, 5}, {4}], [{8}, {2, 7}, {5, 6}, {1, 4}, {3}], [{8}, {3, 7}, {5, 6}, {1, 4}, {2}], [{8}, {3, 7}, {6}, {1, 5}, {2, 4}], [{8}, {5, 7}, {6}, {2, 4}, {1, 3}], [{8}, {6, 7}, {1, 5}, {3, 4}, {2}], [{8}, {6, 7}, {5}, {2, 4}, {1, 3}], [{8}, {7}, {1, 6}, {4, 5}, {2, 3}], [{8}, {7}, {5, 6}, {1, 4}, {2, 3}], [{8}, {7}, {5, 6}, {1, 4}, {3}, {2}], [{8}, {7}, {5, 6}, {2, 4}, {1, 3}], [{8}, {7}, {5, 6}, {3, 4}, {1, 2}], [{8}, {7}, {6}, {5}, {2, 4}, {1, 3}]]",2,16 K_1^3 + 8 K_1^2 K_2 - 24 K_1^2 - 18 K_1 K_2 - 4 K_1 K_3 - 3 K_1 + 10 K_2 + 5 K_3 + 11,O1O2O3O4U5U1O6U7U3O8O5U8U6U4O7U2,O1O2O3U4U3O5O6U2O7O4U1U5U8U7O8U6,O1O2O3U4O5U6U5U7U3O8O6U2O4O7U1U8,c,{'O1O2O3O4U3O5U1U6U7O8O7U2U5O6U4U8'},1,"<a href=""/flatknot/8.704472"">8.704472</a>",t^9-85t^7-310t^6-186t^5+336t^4+243t^3-138t^2-71t+8,t^3-2t^2+t,,
8.704473,O1O2O3O4U3O5U1U6U7O8O7U2U5O6U8U4,4,z^3+28z^2+110z+117,w^4z^3+28w^3z^2+110w^2z+117w,False,False,"[[ 0 -3 -1 -1  3  2 -1  1  0],[ 3  0  1  0  4  2  1  3  2],[ 1 -1  0  0  3  1  0  1  0],[ 1  0  0  0  1  0  1  1  0],[-3 -4 -3 -1  0  0 -3 -2 -1],[-2 -2 -1  0  0  0 -2 -2 -1],[ 1 -1  0 -1  3  2  0  2  1],[-1 -3 -1 -1  2  2 -2  0  0],[ 0 -2  0  0  1  1 -1  0  0]]","[[ 0  3  2  0 -1 -1 -3],[-3  0  0 -1 -3 -3 -4],[-2  0  0 -1 -1 -2 -2],[ 0  1  1  0  0 -1 -2],[ 1  3  1  0  0  0 -1],[ 1  3  2  1  0  0 -1],[ 3  4  2  2  1  1  0]]",False,"[-3,-2,0,1,1,3,0,1,3,3,4,1,1,2,2,0,1,2,0,1,1]","[-3,-2,0,1,1,3,0,1,3,3,4,1,1,2,2,0,1,2,0,1,1]",t^6+52t^4+66t^2+9,"[-3,-1,-1,0,2,3,1,1,1,3,2,0,0,1,1,1,2,1,1,2,1]","[-3,-2,0,1,1,3,1,2,1,1,2,1,1,2,3,0,1,1,0,1,1]","[-3,-1,-1,0,2,3,1,1,2,2,4,0,0,1,3,1,2,3,1,1,0]",c,"[[{8, 1}, {3, 7}, {4, 6}, {2, 5}], [{8, 4}, {3, 7}, {2, 6}, {1, 5}], [{8, 6}, {1, 7}, {3, 5}, {2, 4}], [{8, 6}, {3, 7}, {1, 5}, {2, 4}]]",1,24 K_1^3 + 12 K_1^2 K_2 - 30 K_1^2 - 24 K_1 K_2 - 8 K_1 K_3 - 6 K_1 + 13 K_2 + 6 K_3 + K_4 + 13,O1O2O3O4U1U5O6U7U3O8O5U8U6U4O7U2,O1O2O3U4U3O5O6U2O4O7U1U5U8U7O8U6,O1O2O3U4O5U6U5U7U3O6O8U2O4O7U1U8,c,{'O1O2O3O4U3O5U1U6U7O8O7U2U5O6U8U4'},1,"<a href=""/flatknot/8.704473"">8.704473</a>",t^7-50t^5-110t^4+33t^3+66t^2+47t+28,-t^2+2t,,
8.704474,O1O2O3O4U3O5U1U6U7O8O7U2U8O6U5U4,4,22z^2+107z+127,22w^3z^2+107w^2z+127w,False,False,"[[ 0 -3 -1 -1  3  2 -1  1  0],[ 3  0  1  0  4  2  2  3  1],[ 1 -1  0  0  3  1  0  1  0],[ 1  0  0  0  1  0  1  1  0],[-3 -4 -3 -1  0  0 -3 -2 -1],[-2 -2 -1  0  0  0 -2 -1 -1],[ 1 -2  0 -1  3  2  0  1  1],[-1 -3 -1 -1  2  1 -1  0  0],[ 0 -1  0  0  1  1 -1  0  0]]","[[ 0  3  2  1  0 -1 -1 -1 -3],[-3  0  0 -2 -1 -1 -3 -3 -4],[-2  0  0 -1 -1  0 -1 -2 -2],[-1  2  1  0  0 -1 -1 -1 -3],[ 0  1  1  0  0  0  0 -1 -1],[ 1  1  0  1  0  0  0  1  0],[ 1  3  1  1  0  0  0  0 -1],[ 1  3  2  1  1 -1  0  0 -2],[ 3  4  2  3  1  0  1  2  0]]",True,"[-3,-2,-1,0,1,1,1,3,0,2,1,1,3,3,4,1,1,0,1,2,2,0,1,1,1,3,0,0,1,1,0,-1,0,0,1,2]","[-3,-2,-1,0,1,1,1,3,0,2,1,1,3,3,4,1,1,0,1,2,2,0,1,1,1,3,0,0,1,1,0,-1,0,0,1,2]",t^8+71t^6+152t^4+31t^2,"[-3,-1,-1,-1,0,1,2,3,0,1,2,2,1,3,2,0,1,0,1,1,1,0,1,1,2,1,1,1,3,3,1,1,2,0,0,1]","[-3,-2,-1,0,1,1,1,3,1,0,2,1,1,3,2,0,1,1,2,3,3,1,1,1,1,1,0,1,1,2,0,-1,0,0,1,2]","[-3,-1,-1,-1,0,1,2,3,0,1,2,1,3,2,4,0,1,0,1,0,1,0,0,1,1,3,1,1,2,3,0,1,1,1,2,0]",c,"[[{8, 1}, {2, 7}, {3, 6}, {4, 5}], [{8, 1}, {2, 7}, {4, 6}, {3, 5}], [{8, 1}, {2, 7}, {5, 6}, {3, 4}], [{8, 1}, {3, 7}, {2, 6}, {4, 5}], [{8, 1}, {3, 7}, {4, 6}, {2, 5}], [{8, 1}, {3, 7}, {5, 6}, {2, 4}], [{8, 1}, {3, 7}, {5, 6}, {4}, {2}], [{8, 1}, {4, 7}, {2, 6}, {3, 5}], [{8, 1}, {4, 7}, {3, 6}, {2, 5}], [{8, 1}, {4, 7}, {5, 6}, {2, 3}], [{8, 1}, {4, 7}, {6}, {2, 5}, {3}], [{8, 1}, {4, 7}, {6}, {3, 5}, {2}], [{8, 1}, {4, 7}, {6}, {5}, {2, 3}], [{8, 1}, {5, 7}, {2, 6}, {3, 4}], [{8, 1}, {5, 7}, {3, 6}, {2, 4}], [{8, 1}, {5, 7}, {4, 6}, {2, 3}], [{8, 1}, {5, 7}, {4, 6}, {3}, {2}], [{8, 1}, {6, 7}, {2, 5}, {3, 4}], [{8, 1}, {6, 7}, {3, 5}, {2, 4}], [{8, 1}, {6, 7}, {4, 5}, {2, 3}], [{8, 1}, {6, 7}, {5}, {3, 4}, {2}], [{8, 1}, {7}, {3, 6}, {4, 5}, {2}], [{8, 1}, {7}, {5, 6}, {2, 4}, {3}], [{8, 2}, {1, 7}, {3, 6}, {4, 5}], [{8, 2}, {1, 7}, {4, 6}, {3, 5}], [{8, 2}, {1, 7}, {5, 6}, {3, 4}], [{8, 2}, {1, 7}, {6}, {3, 5}, {4}], [{8, 2}, {3, 7}, {1, 6}, {4, 5}], [{8, 2}, {3, 7}, {4, 6}, {1, 5}], [{8, 2}, {3, 7}, {5, 6}, {1, 4}], [{8, 2}, {3, 7}, {5, 6}, {4}, {1}], [{8, 2}, {4, 7}, {1, 6}, {3, 5}], [{8, 2}, {4, 7}, {3, 6}, {1, 5}], [{8, 2}, {4, 7}, {5, 6}, {1, 3}], [{8, 2}, {4, 7}, {6}, {3, 5}, {1}], [{8, 2}, {5, 7}, {1, 6}, {3, 4}], [{8, 2}, {5, 7}, {3, 6}, {1, 4}], [{8, 2}, {5, 7}, {4, 6}, {1, 3}], [{8, 2}, {6, 7}, {1, 5}, {3, 4}], [{8, 2}, {6, 7}, {3, 5}, {1, 4}], [{8, 2}, {6, 7}, {4, 5}, {1, 3}], [{8, 2}, {7}, {3, 6}, {5}, {1, 4}], [{8, 2}, {7}, {5, 6}, {1, 4}, {3}], [{8, 2}, {7}, {6}, {3, 5}, {1, 4}], [{8, 3}, {1, 7}, {2, 6}, {4, 5}], [{8, 3}, {1, 7}, {4, 6}, {2, 5}], [{8, 3}, {1, 7}, {5, 6}, {2, 4}], [{8, 3}, {2, 7}, {1, 6}, {4, 5}], [{8, 3}, {2, 7}, {4, 6}, {1, 5}], [{8, 3}, {2, 7}, {5, 6}, {1, 4}], [{8, 3}, {2, 7}, {6}, {4, 5}, {1}], [{8, 3}, {4, 7}, {1, 6}, {2, 5}], [{8, 3}, {4, 7}, {2, 6}, {1, 5}], [{8, 3}, {4, 7}, {5, 6}, {1, 2}], [{8, 3}, {4, 7}, {6}, {1, 5}, {2}], [{8, 3}, {5, 7}, {1, 6}, {2, 4}], [{8, 3}, {5, 7}, {2, 6}, {1, 4}], [{8, 3}, {5, 7}, {4, 6}, {1, 2}], [{8, 3}, {6, 7}, {1, 5}, {2, 4}], [{8, 3}, {6, 7}, {2, 5}, {1, 4}], [{8, 3}, {6, 7}, {4, 5}, {1, 2}], [{8, 3}, {7}, {1, 6}, {2, 5}, {4}], [{8, 3}, {7}, {2, 6}, {5}, {1, 4}], [{8, 3}, {7}, {4, 6}, {2, 5}, {1}], [{8, 3}, {7}, {5, 6}, {1, 4}, {2}], [{8, 3}, {7}, {5, 6}, {2, 4}, {1}], [{8, 3}, {7}, {5, 6}, {4}, {1, 2}], [{8, 3}, {7}, {6}, {2, 5}, {1, 4}], [{8, 4}, {1, 7}, {2, 6}, {3, 5}], [{8, 4}, {1, 7}, {3, 6}, {2, 5}], [{8, 4}, {1, 7}, {5, 6}, {2, 3}], [{8, 4}, {1, 7}, {6}, {3, 5}, {2}], [{8, 4}, {2, 7}, {1, 6}, {3, 5}], [{8, 4}, {2, 7}, {3, 6}, {1, 5}], [{8, 4}, {2, 7}, {5, 6}, {1, 3}], [{8, 4}, {3, 7}, {1, 6}, {2, 5}], [{8, 4}, {3, 7}, {2, 6}, {1, 5}], [{8, 4}, {3, 7}, {5, 6}, {1, 2}], [{8, 4}, {3, 7}, {5, 6}, {2}, {1}], [{8, 4}, {5, 7}, {1, 6}, {2, 3}], [{8, 4}, {5, 7}, {2, 6}, {1, 3}], [{8, 4}, {5, 7}, {3, 6}, {1, 2}], [{8, 4}, {6, 7}, {1, 5}, {2, 3}], [{8, 4}, {6, 7}, {2, 5}, {1, 3}], [{8, 4}, {6, 7}, {3, 5}, {1, 2}], [{8, 4}, {6, 7}, {3, 5}, {2}, {1}], [{8, 4}, {7}, {1, 6}, {3, 5}, {2}], [{8, 4}, {7}, {3, 6}, {2, 5}, {1}], [{8, 4}, {7}, {5, 6}, {3}, {1, 2}], [{8, 5}, {1, 7}, {2, 6}, {3, 4}], [{8, 5}, {1, 7}, {3, 6}, {2, 4}], [{8, 5}, {1, 7}, {4, 6}, {2, 3}], [{8, 5}, {2, 7}, {1, 6}, {3, 4}], [{8, 5}, {2, 7}, {3, 6}, {1, 4}], [{8, 5}, {2, 7}, {4, 6}, {1, 3}], [{8, 5}, {3, 7}, {1, 6}, {2, 4}], [{8, 5}, {3, 7}, {2, 6}, {1, 4}], [{8, 5}, {3, 7}, {4, 6}, {1, 2}], [{8, 5}, {4, 7}, {1, 6}, {2, 3}], [{8, 5}, {4, 7}, {2, 6}, {1, 3}], [{8, 5}, {4, 7}, {3, 6}, {1, 2}], [{8, 5}, {6, 7}, {1, 4}, {2, 3}], [{8, 5}, {6, 7}, {1, 4}, {3}, {2}], [{8, 5}, {6, 7}, {2, 4}, {1, 3}], [{8, 5}, {6, 7}, {3, 4}, {1, 2}], [{8, 5}, {6, 7}, {4}, {2, 3}, {1}], [{8, 5}, {7}, {4, 6}, {1, 3}, {2}], [{8, 6}, {1, 7}, {2, 5}, {3, 4}], [{8, 6}, {1, 7}, {3, 5}, {2, 4}], [{8, 6}, {1, 7}, {4, 5}, {2, 3}], [{8, 6}, {2, 7}, {1, 5}, {3, 4}], [{8, 6}, {2, 7}, {3, 5}, {1, 4}], [{8, 6}, {2, 7}, {4, 5}, {1, 3}], [{8, 6}, {3, 7}, {1, 5}, {2, 4}], [{8, 6}, {3, 7}, {2, 5}, {1, 4}], [{8, 6}, {3, 7}, {4, 5}, {1, 2}], [{8, 6}, {4, 7}, {1, 5}, {2, 3}], [{8, 6}, {4, 7}, {2, 5}, {1, 3}], [{8, 6}, {4, 7}, {3, 5}, {1, 2}], [{8, 6}, {5, 7}, {1, 4}, {2, 3}], [{8, 6}, {5, 7}, {1, 4}, {3}, {2}], [{8, 6}, {5, 7}, {2, 4}, {1, 3}], [{8, 6}, {5, 7}, {3, 4}, {1, 2}], [{8, 6}, {7}, {1, 5}, {3, 4}, {2}], [{8, 7}, {1, 6}, {2, 5}, {3, 4}], [{8, 7}, {1, 6}, {2, 5}, {4}, {3}], [{8, 7}, {1, 6}, {3, 5}, {2, 4}], [{8, 7}, {1, 6}, {4, 5}, {2, 3}], [{8, 7}, {2, 6}, {1, 5}, {3, 4}], [{8, 7}, {2, 6}, {3, 5}, {1, 4}], [{8, 7}, {2, 6}, {3, 5}, {4}, {1}], [{8, 7}, {2, 6}, {4, 5}, {1, 3}], [{8, 7}, {2, 6}, {5}, {1, 4}, {3}], [{8, 7}, {3, 6}, {1, 5}, {2, 4}], [{8, 7}, {3, 6}, {2, 5}, {1, 4}], [{8, 7}, {3, 6}, {4, 5}, {1, 2}], [{8, 7}, {3, 6}, {5}, {1, 4}, {2}], [{8, 7}, {4, 6}, {1, 5}, {2, 3}], [{8, 7}, {4, 6}, {2, 5}, {1, 3}], [{8, 7}, {4, 6}, {2, 5}, {3}, {1}], [{8, 7}, {4, 6}, {3, 5}, {1, 2}], [{8, 7}, {5, 6}, {1, 4}, {2, 3}], [{8, 7}, {5, 6}, {1, 4}, {3}, {2}], [{8, 7}, {5, 6}, {2, 4}, {1, 3}], [{8, 7}, {5, 6}, {2, 4}, {3}, {1}], [{8, 7}, {5, 6}, {3, 4}, {1, 2}], [{8, 7}, {5, 6}, {3, 4}, {2}, {1}], [{8, 7}, {5, 6}, {4}, {1, 3}, {2}], [{8, 7}, {5, 6}, {4}, {2, 3}, {1}], [{8, 7}, {5, 6}, {4}, {3}, {1, 2}], [{8, 7}, {6}, {2, 5}, {1, 4}, {3}], [{8, 7}, {6}, {3, 5}, {1, 4}, {2}], [{8, 7}, {6}, {5}, {1, 4}, {2, 3}], [{8, 7}, {6}, {5}, {1, 4}, {3}, {2}], [{8, 7}, {6}, {5}, {2, 4}, {1, 3}], [{8, 7}, {6}, {5}, {3, 4}, {1, 2}], [{8}, {1, 7}, {2, 6}, {5}, {3, 4}], [{8}, {1, 7}, {3, 6}, {5}, {2, 4}], [{8}, {1, 7}, {5, 6}, {2, 4}, {3}], [{8}, {1, 7}, {6}, {3, 5}, {2, 4}], [{8}, {2, 7}, {1, 6}, {5}, {3, 4}], [{8}, {2, 7}, {3, 6}, {5}, {1, 4}], [{8}, {2, 7}, {4, 6}, {1, 5}, {3}], [{8}, {2, 7}, {5, 6}, {1, 4}, {3}], [{8}, {2, 7}, {6}, {3, 5}, {1, 4}], [{8}, {3, 7}, {1, 6}, {2, 5}, {4}], [{8}, {3, 7}, {1, 6}, {4, 5}, {2}], [{8}, {3, 7}, {1, 6}, {5}, {2, 4}], [{8}, {3, 7}, {2, 6}, {1, 5}, {4}], [{8}, {3, 7}, {2, 6}, {4, 5}, {1}], [{8}, {3, 7}, {2, 6}, {5}, {1, 4}], [{8}, {3, 7}, {4, 6}, {1, 5}, {2}], [{8}, {3, 7}, {4, 6}, {2, 5}, {1}], [{8}, {3, 7}, {4, 6}, {5}, {1, 2}], [{8}, {3, 7}, {5, 6}, {1, 4}, {2}], [{8}, {3, 7}, {5, 6}, {2, 4}, {1}], [{8}, {3, 7}, {5, 6}, {4}, {1, 2}], [{8}, {3, 7}, {6}, {1, 5}, {2, 4}], [{8}, {3, 7}, {6}, {2, 5}, {1, 4}], [{8}, {3, 7}, {6}, {4, 5}, {1, 2}], [{8}, {4, 7}, {3, 6}, {5}, {1, 2}], [{8}, {4, 7}, {5, 6}, {3}, {1, 2}], [{8}, {4, 7}, {6}, {3, 5}, {1, 2}], [{8}, {7}, {4, 6}, {1, 5}, {2, 3}], [{8}, {7}, {5, 6}, {1, 4}, {2, 3}], [{8}, {7}, {5, 6}, {1, 4}, {3}, {2}], [{8}, {7}, {5, 6}, {2, 4}, {1, 3}], [{8}, {7}, {5, 6}, {2, 4}, {3}, {1}], [{8}, {7}, {5, 6}, {3, 4}, {1, 2}], [{8}, {7}, {5, 6}, {4}, {3}, {1, 2}]]",2,16 K_1^3 + 8 K_1^2 K_2 - 38 K_1^2 - 24 K_1 K_2 - 8 K_1 K_3 + 19 K_2 + 8 K_3 + 2 K_4 + 18,O1O2O3O4U1U5O6U7U3O8O7U8U6U4O5U2,O1O2O3U4U3O5O4U2O6O7U1U5U8U7O8U6,O1O2O3U4O5U6U5U7U3O6O4U2O8O7U1U8,c,{'O1O2O3O4U3O5U1U6U7O8O7U2U8O6U5U4'},1,"<a href=""/flatknot/8.704474"">8.704474</a>",t^9-69t^7-242t^6-29t^5+370t^4+173t^3-36t^2-30t-12,-t^2+2t,,
8.704475,O1O2O3O4U3O5U1U6U7O8O7U4U2O6U5U8,4,8z^2+61z+91,8w^3z^2+61w^2z+91w,False,False,"[[ 0 -3  0 -1  1  2 -1  1  1],[ 3  0  2  0  2  3  1  3  3],[ 0 -2  0 -1  1  1 -1  0  1],[ 1  0  1  0  1  1  0  1  1],[-1 -2 -1 -1  0  0 -1 -1  0],[-2 -3 -1 -1  0  0 -2 -2 -1],[ 1 -1  1  0  1  2  0  2  2],[-1 -3  0 -1  1  2 -2  0  1],[-1 -3 -1 -1  0  1 -2 -1  0]]","[[ 0  2  1  1  1  0 -1 -1 -3],[-2  0  0 -1 -2 -1 -1 -2 -3],[-1  0  0  0 -1 -1 -1 -1 -2],[-1  1  0  0 -1 -1 -1 -2 -3],[-1  2  1  1  0  0 -1 -2 -3],[ 0  1  1  1  0  0 -1 -1 -2],[ 1  1  1  1  1  1  0  0  0],[ 1  2  1  2  2  1  0  0 -1],[ 3  3  2  3  3  2  0  1  0]]",True,"[-2,-1,-1,-1,0,1,1,3,0,1,2,1,1,2,3,0,1,1,1,1,2,1,1,1,2,3,0,1,2,3,1,1,2,0,0,1]","[-3,-1,-1,0,1,1,1,2,0,1,2,2,3,3,3,0,1,1,1,1,1,1,1,2,2,2,1,0,1,1,-1,0,0,1,2,1]",t^8+65t^6+61t^4+8t^2,"[-3,-1,-1,0,1,1,1,2,1,2,1,1,1,2,2,0,0,0,0,1,1,0,1,1,1,2,0,1,0,1,1,0,0,-1,-1,1]","[-2,-1,-1,-1,0,1,1,3,-1,0,1,1,1,2,2,1,1,1,0,1,1,0,0,0,1,1,0,1,1,2,0,0,1,0,1,2]","[-3,-1,-1,0,1,1,1,2,0,1,2,2,3,3,3,0,1,1,1,1,1,1,1,2,2,2,1,0,1,1,-1,0,0,1,2,1]",c,"[[{8, 6}, {4, 7}, {1, 5}, {2, 3}]]",1,12 K_1^3 - 20 K_1^2 - 26 K_1 K_2 - 2 K_1 K_3 + 4 K_1 - 2 K_2^2 + 11 K_2 + 10 K_3 + 2 K_4 + 12,O1O2O3O4U5U6O7U3U1O8O5U8U7U4O6U2,O1O2O3U4U3O5O6U2O7O4U1U6U8U5O8U7,O1O2O3U4O5U6U5U7U3O8O4U2O7O6U1U8,c,"{'O1O2O3U2O4O5U1U6U7O8O7U3U4O6U5U8', 'O1O2O3O4U3O5U1U6U7O8O7U4U2O6U5U8'}",2,"<a href=""/flatknot/8.704475"">8.704475</a>",t^9-69t^7-218t^6-112t^5+124t^4+31t^3-28t^2+29t+6,t^3-t^2-t,,
8.704476,O1O2O3O4U3O5U1U6U7O8O7U4U8O6U5U2,4,6z^3+43z^2+110z+97,6w^4z^3+43w^3z^2+110w^2z+97w,False,False,"[[ 0 -3  1 -1  1  2 -1  1  0],[ 3  0  3  0  2  2  2  3  1],[-1 -3  0 -1  0  1 -2  0  0],[ 1  0  1  0  1  1  0  1  1],[-1 -2  0 -1  0  1 -2 -1  0],[-2 -2 -1 -1 -1  0 -2 -1 -1],[ 1 -2  2  0  2  2  0  1  1],[-1 -3  0 -1  1  1 -1  0  0],[ 0 -1  0 -1  0  1 -1  0  0]]","[[ 0  2  1  1  1  0 -1 -1 -3],[-2  0 -1 -1 -1 -1 -1 -2 -2],[-1  1  0  1  0  0 -1 -1 -3],[-1  1 -1  0  0  0 -1 -2 -2],[-1  1  0  0  0  0 -1 -2 -3],[ 0  1  0  0  0  0 -1 -1 -1],[ 1  1  1  1  1  1  0  0  0],[ 1  2  1  2  2  1  0  0 -2],[ 3  2  3  2  3  1  0  2  0]]",True,"[-2,-1,-1,-1,0,1,1,3,1,1,1,1,1,2,2,-1,0,0,1,1,3,0,0,1,2,2,0,1,2,3,1,1,1,0,0,2]","[-3,-1,-1,0,1,1,1,2,0,2,1,2,3,3,2,0,1,1,1,1,1,1,2,1,2,2,0,0,0,1,-1,0,1,0,1,1]",t^8+55t^6+117t^4+44t^2+1,"[-3,-1,-1,0,1,1,1,2,0,2,2,1,1,2,3,0,0,0,1,0,1,0,1,1,1,2,1,1,1,1,0,0,0,-1,0,0]","[-2,-1,-1,-1,0,1,1,3,0,0,0,1,1,2,3,-1,0,1,0,1,2,0,1,1,1,1,1,0,1,1,0,0,2,0,0,2]","[-3,-1,-1,0,1,1,1,2,0,2,1,2,3,3,2,0,1,1,1,1,1,1,2,1,2,2,0,0,0,1,-1,0,1,0,1,1]",c,"[[{8, 6}, {4, 7}, {1, 5}, {2, 3}], [{8, 6}, {5, 7}, {1, 4}, {2, 3}]]",1,- 8 K_1^4 + 20 K_1^3 + 8 K_1^2 K_2 - 18 K_1^2 - 26 K_1 K_2 - 2 K_1 - 2 K_2^2 + 9 K_2 + 8 K_3 + 12,O1O2O3O4U3U5O6U7U1O8O7U8U6U4O5U2,O1O2O3U4U3O5O4U2O6O7U1U7U8U5O8U6,O1O2O3U4O5U6U5U7U3O7O4U2O8O6U1U8,c,{'O1O2O3O4U3O5U1U6U7O8O7U4U8O6U5U2'},1,"<a href=""/flatknot/8.704476"">8.704476</a>",t^9-59t^7-158t^6-18t^5+154t^4+84t^3-56t^2-19t+8,t^3-t^2-t,,
8.704477,O1O2O3O4U3O5U1U6U7O8O7U5U2O6U4U8,4,2z^3+32z^2+103z+95,2w^4z^3+32w^3z^2+103w^2z+95w,False,False,"[[ 0 -3  0 -1  2  1 -1  1  1],[ 3  0  2  0  4  1  1  3  3],[ 0 -2  0  0  1  0 -1  0  1],[ 1  0  0  0  1  0  1  1  1],[-2 -4 -1 -1  0  1 -3 -2  0],[-1 -1  0  0 -1  0 -1 -1 -1],[ 1 -1  1 -1  3  1  0  2  2],[-1 -3  0 -1  2  1 -2  0  1],[-1 -3 -1 -1  0  1 -2 -1  0]]","[[ 0  2  1  1  1  0 -1 -1 -3],[-2  0  1  0 -2 -1 -1 -3 -4],[-1 -1  0 -1 -1  0  0 -1 -1],[-1  0  1  0 -1 -1 -1 -2 -3],[-1  2  1  1  0  0 -1 -2 -3],[ 0  1  0  1  0  0  0 -1 -2],[ 1  1  0  1  1  0  0  1  0],[ 1  3  1  2  2  1 -1  0 -1],[ 3  4  1  3  3  2  0  1  0]]",True,"[-2,-1,-1,-1,0,1,1,3,-1,0,2,1,1,3,4,1,1,0,0,1,1,1,1,1,2,3,0,1,2,3,0,1,2,-1,0,1]","[-3,-1,-1,0,1,1,1,2,0,1,2,1,3,3,4,1,0,0,1,1,1,1,1,2,2,3,0,0,1,1,-1,-1,-1,1,2,0]",t^8+73t^6+111t^4+27t^2+1,"[-3,-1,-1,0,1,1,1,2,1,2,1,1,1,3,1,1,0,0,0,1,0,1,1,1,2,2,0,1,1,1,1,-1,1,-1,-1,2]","[-2,-1,-1,-1,0,1,1,3,-1,1,2,1,0,2,1,1,1,1,0,1,1,1,0,0,1,1,1,1,2,3,0,1,1,-1,1,2]","[-3,-1,-1,0,1,1,1,2,0,1,2,1,3,3,4,1,0,0,1,1,1,1,1,2,2,3,0,0,1,1,-1,-1,-1,1,2,0]",c,"[[{8, 5}, {1, 7}, {2, 6}, {3, 4}]]",1,12 K_1^3 + 4 K_1^2 K_2 - 14 K_1^2 - 14 K_1 K_2 - 4 K_1 K_3 - 2 K_1 + 7 K_2 + 4 K_3 + K_4 + 7,O1O2O3O4U5U1O6U3U7O8O5U8U6U4O7U2,O1O2O3U4U3O5O6U2O7O4U1U6U8U7O8U5,O1O2O3U4O5U6U5U7U3O8O6U2O7O4U1U8,c,{'O1O2O3O4U3O5U1U6U7O8O7U5U2O6U4U8'},1,"<a href=""/flatknot/8.704477"">8.704477</a>",t^9-77t^7-240t^6-48t^5+252t^4-111t^3-142t^2+112t-8,t^3-t^2-t,,
8.704478,O1O2O3O4U3O5U1U6U7O8O7U5U2O6U8U4,3,20z^2+81z+83,-6w^4z^2+26w^3z^2-12w^3z+93w^2z+83w,False,False,"[[ 0 -3  0 -1  3  1 -1  1  0],[ 3  0  2  0  4  1  1  3  2],[ 0 -2  0  0  2  0 -1  0  0],[ 1  0  0  0  1  0  1  1  0],[-3 -4 -2 -1  0  0 -3 -2 -1],[-1 -1  0  0  0  0 -1 -1 -1],[ 1 -1  1 -1  3  1  0  2  1],[-1 -3  0 -1  2  1 -2  0  0],[ 0 -2  0  0  1  1 -1  0  0]]","[[ 0  3  1  0  0 -1 -3],[-3  0  0 -1 -2 -3 -4],[-1  0  0 -1  0 -1 -1],[ 0  1  1  0  0 -1 -2],[ 0  2  0  0  0 -1 -2],[ 1  3  1  1  1  0 -1],[ 3  4  1  2  2  1  0]]",False,"[-3,-1,0,0,1,3,0,1,2,3,4,1,0,1,1,0,1,2,1,2,1]","[-3,-1,0,0,1,3,0,1,2,3,4,1,0,1,1,0,1,2,1,2,1]",t^6+44t^4+38t^2+1,"[-3,-1,0,0,1,3,1,1,1,3,2,0,0,1,1,0,0,2,1,1,2]","[-3,-1,0,0,1,3,2,1,2,1,2,1,0,1,3,0,0,1,0,1,1]","[-3,-1,0,0,1,3,1,2,2,1,4,1,1,1,3,0,0,2,1,1,0]",c,"[[{8, 2}, {3, 7}, {5, 6}, {1, 4}], [{8, 5}, {3, 7}, {2, 6}, {1, 4}], [{8, 6}, {3, 7}, {2, 5}, {1, 4}]]",1,20 K_1^3 + 4 K_1^2 K_2 - 14 K_1^2 - 24 K_1 K_2 - 6 K_1 K_3 - 3 K_1 - 2 K_2^2 + 8 K_2 + 7 K_3 + 3 K_4 + 8,O1O2O3O4U1U5O6U3U7O8O5U8U6U4O7U2,O1O2O3U4U3O5O6U2O4O7U1U6U8U7O8U5,O1O2O3U4O5U6U5U7U3O6O8U2O7O4U1U8,c,{'O1O2O3O4U3O5U1U6U7O8O7U5U2O6U8U4'},1,"<a href=""/flatknot/8.704478"">8.704478</a>",t^7-44t^5-112t^4-42t^3+76t^2+62t+12,0,,
8.704479,O1O2O3O4U3O5U1U6U7O8O7U5U4O6U2U8,4,z^3+17z^2+91z+123,w^4z^3+17w^3z^2+91w^2z+123w,False,False,"[[ 0 -3  0 -1  2  1 -1  1  1],[ 3  0  3  0  3  1  1  3  3],[ 0 -3  0 -1  2  1 -2  0  1],[ 1  0  1  0  1  0  0  1  1],[-2 -3 -2 -1  0  0 -3 -2  0],[-1 -1 -1  0  0  0 -1 -1 -1],[ 1 -1  2  0  3  1  0  2  2],[-1 -3  0 -1  2  1 -2  0  1],[-1 -3 -1 -1  0  1 -2 -1  0]]","[[ 0  2  1  1  1  0 -1 -1 -3],[-2  0  0  0 -2 -2 -1 -3 -3],[-1  0  0  1 -1 -1 -1 -2 -3],[-1  0 -1  0 -1 -1  0 -1 -1],[-1  2  1  1  0  0 -1 -2 -3],[ 0  2  1  1  0  0 -1 -2 -3],[ 1  1  1  0  1  1  0  0  0],[ 1  3  2  1  2  2  0  0 -1],[ 3  3  3  1  3  3  0  1  0]]",True,"[-2,-1,-1,-1,0,1,1,3,0,0,2,2,1,3,3,-1,1,1,1,2,3,1,1,0,1,1,0,1,2,3,1,2,3,0,0,1]","[-3,-1,-1,0,1,1,1,2,0,1,3,1,3,3,3,0,1,0,1,1,1,2,1,2,2,3,1,0,1,2,-1,-1,0,1,2,0]",t^8+77t^6+87t^4+6t^2,"[-3,-1,-1,0,1,1,1,2,1,2,0,1,1,3,2,0,-1,0,0,1,0,0,1,1,2,2,0,1,0,0,1,-1,1,-1,-1,1]","[-2,-1,-1,-1,0,1,1,3,-1,1,1,0,0,2,2,1,1,1,0,1,1,-1,0,1,2,3,0,0,1,1,-1,0,0,0,1,2]","[-3,-1,-1,0,1,1,1,2,0,1,3,1,3,3,3,0,1,0,1,1,1,2,1,2,2,3,1,0,1,2,-1,-1,0,1,2,0]",c,"[[{8, 1}, {2, 7}, {3, 6}, {4, 5}], [{8, 1}, {2, 7}, {4, 6}, {3, 5}], [{8, 1}, {2, 7}, {5, 6}, {3, 4}], [{8, 1}, {3, 7}, {2, 6}, {4, 5}], [{8, 1}, {3, 7}, {2, 6}, {5}, {4}], [{8, 1}, {3, 7}, {4, 6}, {2, 5}], [{8, 1}, {3, 7}, {5, 6}, {2, 4}], [{8, 1}, {3, 7}, {5, 6}, {4}, {2}], [{8, 1}, {3, 7}, {6}, {2, 5}, {4}], [{8, 1}, {4, 7}, {2, 6}, {3, 5}], [{8, 1}, {4, 7}, {3, 6}, {2, 5}], [{8, 1}, {4, 7}, {5, 6}, {2, 3}], [{8, 1}, {4, 7}, {6}, {3, 5}, {2}], [{8, 1}, {5, 7}, {2, 6}, {3, 4}], [{8, 1}, {5, 7}, {3, 6}, {2, 4}], [{8, 1}, {5, 7}, {4, 6}, {2, 3}], [{8, 1}, {6, 7}, {2, 5}, {3, 4}], [{8, 1}, {6, 7}, {3, 5}, {2, 4}], [{8, 1}, {6, 7}, {3, 5}, {4}, {2}], [{8, 1}, {6, 7}, {4, 5}, {2, 3}], [{8, 1}, {6, 7}, {4, 5}, {3}, {2}], [{8, 1}, {6, 7}, {5}, {3, 4}, {2}], [{8, 1}, {7}, {4, 6}, {2, 5}, {3}], [{8, 1}, {7}, {4, 6}, {3, 5}, {2}], [{8, 1}, {7}, {4, 6}, {5}, {2, 3}], [{8, 2}, {1, 7}, {3, 6}, {4, 5}], [{8, 2}, {1, 7}, {4, 6}, {3, 5}], [{8, 2}, {1, 7}, {5, 6}, {3, 4}], [{8, 2}, {3, 7}, {1, 6}, {4, 5}], [{8, 2}, {3, 7}, {4, 6}, {1, 5}], [{8, 2}, {3, 7}, {4, 6}, {5}, {1}], [{8, 2}, {3, 7}, {5, 6}, {1, 4}], [{8, 2}, {4, 7}, {1, 6}, {3, 5}], [{8, 2}, {4, 7}, {3, 6}, {1, 5}], [{8, 2}, {4, 7}, {5, 6}, {1, 3}], [{8, 2}, {5, 7}, {1, 6}, {3, 4}], [{8, 2}, {5, 7}, {3, 6}, {1, 4}], [{8, 2}, {5, 7}, {4, 6}, {1, 3}], [{8, 2}, {6, 7}, {1, 5}, {3, 4}], [{8, 2}, {6, 7}, {3, 5}, {1, 4}], [{8, 2}, {6, 7}, {4, 5}, {1, 3}], [{8, 2}, {7}, {3, 6}, {4, 5}, {1}], [{8, 3}, {1, 7}, {2, 6}, {4, 5}], [{8, 3}, {1, 7}, {2, 6}, {5}, {4}], [{8, 3}, {1, 7}, {4, 6}, {2, 5}], [{8, 3}, {1, 7}, {5, 6}, {2, 4}], [{8, 3}, {2, 7}, {1, 6}, {4, 5}], [{8, 3}, {2, 7}, {4, 6}, {1, 5}], [{8, 3}, {2, 7}, {5, 6}, {1, 4}], [{8, 3}, {2, 7}, {6}, {5}, {1, 4}], [{8, 3}, {4, 7}, {1, 6}, {2, 5}], [{8, 3}, {4, 7}, {2, 6}, {1, 5}], [{8, 3}, {4, 7}, {5, 6}, {1, 2}], [{8, 3}, {5, 7}, {1, 6}, {2, 4}], [{8, 3}, {5, 7}, {2, 6}, {1, 4}], [{8, 3}, {5, 7}, {2, 6}, {4}, {1}], [{8, 3}, {5, 7}, {4, 6}, {1, 2}], [{8, 3}, {6, 7}, {1, 5}, {2, 4}], [{8, 3}, {6, 7}, {2, 5}, {1, 4}], [{8, 3}, {6, 7}, {4, 5}, {1, 2}], [{8, 3}, {7}, {2, 6}, {1, 5}, {4}], [{8, 3}, {7}, {5, 6}, {4}, {1, 2}], [{8, 4}, {1, 7}, {2, 6}, {3, 5}], [{8, 4}, {1, 7}, {2, 6}, {5}, {3}], [{8, 4}, {1, 7}, {3, 6}, {2, 5}], [{8, 4}, {1, 7}, {5, 6}, {2, 3}], [{8, 4}, {2, 7}, {1, 6}, {3, 5}], [{8, 4}, {2, 7}, {3, 6}, {1, 5}], [{8, 4}, {2, 7}, {5, 6}, {1, 3}], [{8, 4}, {2, 7}, {6}, {5}, {1, 3}], [{8, 4}, {3, 7}, {1, 6}, {2, 5}], [{8, 4}, {3, 7}, {2, 6}, {1, 5}], [{8, 4}, {3, 7}, {5, 6}, {1, 2}], [{8, 4}, {3, 7}, {5, 6}, {2}, {1}], [{8, 4}, {5, 7}, {1, 6}, {2, 3}], [{8, 4}, {5, 7}, {1, 6}, {3}, {2}], [{8, 4}, {5, 7}, {2, 6}, {1, 3}], [{8, 4}, {5, 7}, {2, 6}, {3}, {1}], [{8, 4}, {5, 7}, {3, 6}, {1, 2}], [{8, 4}, {5, 7}, {3, 6}, {2}, {1}], [{8, 4}, {5, 7}, {6}, {1, 3}, {2}], [{8, 4}, {5, 7}, {6}, {2, 3}, {1}], [{8, 4}, {5, 7}, {6}, {3}, {1, 2}], [{8, 4}, {5, 7}, {6}, {3}, {2}, {1}], [{8, 4}, {6, 7}, {1, 5}, {2, 3}], [{8, 4}, {6, 7}, {2, 5}, {1, 3}], [{8, 4}, {6, 7}, {3, 5}, {1, 2}], [{8, 4}, {6, 7}, {3, 5}, {2}, {1}], [{8, 4}, {7}, {2, 6}, {1, 5}, {3}], [{8, 4}, {7}, {6}, {2, 5}, {1, 3}], [{8, 5}, {1, 7}, {2, 6}, {3, 4}], [{8, 5}, {1, 7}, {3, 6}, {2, 4}], [{8, 5}, {1, 7}, {4, 6}, {2, 3}], [{8, 5}, {1, 7}, {4, 6}, {3}, {2}], [{8, 5}, {2, 7}, {1, 6}, {3, 4}], [{8, 5}, {2, 7}, {3, 6}, {1, 4}], [{8, 5}, {2, 7}, {3, 6}, {4}, {1}], [{8, 5}, {2, 7}, {4, 6}, {1, 3}], [{8, 5}, {3, 7}, {1, 6}, {2, 4}], [{8, 5}, {3, 7}, {2, 6}, {1, 4}], [{8, 5}, {3, 7}, {4, 6}, {1, 2}], [{8, 5}, {3, 7}, {6}, {1, 4}, {2}], [{8, 5}, {4, 7}, {1, 6}, {2, 3}], [{8, 5}, {4, 7}, {2, 6}, {1, 3}], [{8, 5}, {4, 7}, {3, 6}, {1, 2}], [{8, 5}, {6, 7}, {1, 4}, {2, 3}], [{8, 5}, {6, 7}, {2, 4}, {1, 3}], [{8, 5}, {6, 7}, {3, 4}, {1, 2}], [{8, 5}, {7}, {1, 6}, {3, 4}, {2}], [{8, 5}, {7}, {4, 6}, {2, 3}, {1}], [{8, 6}, {1, 7}, {2, 5}, {3, 4}], [{8, 6}, {1, 7}, {3, 5}, {2, 4}], [{8, 6}, {1, 7}, {4, 5}, {2, 3}], [{8, 6}, {1, 7}, {4, 5}, {3}, {2}], [{8, 6}, {2, 7}, {1, 5}, {3, 4}], [{8, 6}, {2, 7}, {3, 5}, {1, 4}], [{8, 6}, {2, 7}, {4, 5}, {1, 3}], [{8, 6}, {2, 7}, {5}, {3, 4}, {1}], [{8, 6}, {3, 7}, {1, 5}, {2, 4}], [{8, 6}, {3, 7}, {1, 5}, {4}, {2}], [{8, 6}, {3, 7}, {2, 5}, {1, 4}], [{8, 6}, {3, 7}, {4, 5}, {1, 2}], [{8, 6}, {3, 7}, {4, 5}, {2}, {1}], [{8, 6}, {3, 7}, {5}, {1, 4}, {2}], [{8, 6}, {4, 7}, {1, 5}, {2, 3}], [{8, 6}, {4, 7}, {2, 5}, {1, 3}], [{8, 6}, {4, 7}, {3, 5}, {1, 2}], [{8, 6}, {5, 7}, {1, 4}, {2, 3}], [{8, 6}, {5, 7}, {2, 4}, {1, 3}], [{8, 6}, {5, 7}, {3, 4}, {1, 2}], [{8, 6}, {5, 7}, {4}, {3}, {1, 2}], [{8, 6}, {7}, {1, 5}, {2, 4}, {3}], [{8, 6}, {7}, {4, 5}, {1, 3}, {2}], [{8, 7}, {1, 6}, {2, 5}, {3, 4}], [{8, 7}, {1, 6}, {3, 5}, {2, 4}], [{8, 7}, {1, 6}, {4, 5}, {2, 3}], [{8, 7}, {1, 6}, {5}, {2, 4}, {3}], [{8, 7}, {2, 6}, {1, 5}, {3, 4}], [{8, 7}, {2, 6}, {3, 5}, {1, 4}], [{8, 7}, {2, 6}, {4, 5}, {1, 3}], [{8, 7}, {2, 6}, {5}, {1, 4}, {3}], [{8, 7}, {3, 6}, {1, 5}, {2, 4}], [{8, 7}, {3, 6}, {1, 5}, {4}, {2}], [{8, 7}, {3, 6}, {2, 5}, {1, 4}], [{8, 7}, {3, 6}, {4, 5}, {1, 2}], [{8, 7}, {4, 6}, {1, 5}, {2, 3}], [{8, 7}, {4, 6}, {2, 5}, {1, 3}], [{8, 7}, {4, 6}, {3, 5}, {1, 2}], [{8, 7}, {5, 6}, {1, 4}, {2, 3}], [{8, 7}, {5, 6}, {2, 4}, {1, 3}], [{8, 7}, {5, 6}, {3, 4}, {1, 2}], [{8}, {1, 7}, {2, 6}, {5}, {3, 4}], [{8}, {1, 7}, {3, 6}, {5}, {2, 4}], [{8}, {2, 7}, {4, 6}, {3, 5}, {1}], [{8}, {2, 7}, {5, 6}, {4}, {1, 3}], [{8}, {3, 7}, {5, 6}, {1, 4}, {2}], [{8}, {3, 7}, {6}, {1, 5}, {2, 4}], [{8}, {4, 7}, {6}, {1, 5}, {2, 3}], [{8}, {5, 7}, {2, 6}, {3, 4}, {1}], [{8}, {5, 7}, {4, 6}, {3}, {1, 2}], [{8}, {6, 7}, {1, 5}, {4}, {2, 3}], [{8}, {6, 7}, {3, 5}, {1, 4}, {2}], [{8}, {7}, {1, 6}, {4, 5}, {2, 3}], [{8}, {7}, {2, 6}, {1, 5}, {3, 4}], [{8}, {7}, {4, 6}, {1, 5}, {2, 3}]]",2,8 K_1^3 + 4 K_1^2 K_2 - 34 K_1^2 - 22 K_1 K_2 - 4 K_1 K_3 + 5 K_1 + 17 K_2 + 9 K_3 + K_4 + 17,O1O2O3O4U5U3O6U1U7O8O5U8U6U4O7U2,O1O2O3U4U3O5O6U2O7O4U1U7U8U6O8U5,O1O2O3U4O5U6U5U7U3O8O7U2O6O4U1U8,c,{'O1O2O3O4U3O5U1U6U7O8O7U5U4O6U2U8'},1,"<a href=""/flatknot/8.704479"">8.704479</a>",t^9-81t^7-266t^6-50t^5+268t^4+4t^3-64t^2+39t-10,t^3-t^2-t,,
8.704480,O1O2O3O4U3O5U1U6U7O8O7U5U4O6U8U2,4,z^3+22z^2+104z+129,w^4z^3+22w^3z^2+104w^2z+129w,False,False,"[[ 0 -3  1 -1  2  1 -1  1  0],[ 3  0  3  0  3  1  1  3  2],[-1 -3  0 -1  1  0 -2  0  0],[ 1  0  1  0  1  0  0  1  1],[-2 -3 -1 -1  0  0 -3 -2  0],[-1 -1  0  0  0  0 -1 -1 -1],[ 1 -1  2  0  3  1  0  2  1],[-1 -3  0 -1  2  1 -2  0  0],[ 0 -2  0 -1  0  1 -1  0  0]]","[[ 0  2  1  1  1  0 -1 -1 -3],[-2  0  0 -1 -2  0 -1 -3 -3],[-1  0  0  0 -1 -1  0 -1 -1],[-1  1  0  0  0  0 -1 -2 -3],[-1  2  1  0  0  0 -1 -2 -3],[ 0  0  1  0  0  0 -1 -1 -2],[ 1  1  0  1  1  1  0  0  0],[ 1  3  1  2  2  1  0  0 -1],[ 3  3  1  3  3  2  0  1  0]]",True,"[-2,-1,-1,-1,0,1,1,3,0,1,2,0,1,3,3,0,1,1,0,1,1,0,0,1,2,3,0,1,2,3,1,1,2,0,0,1]","[-3,-1,-1,0,1,1,1,2,0,1,2,1,3,3,3,0,1,0,1,1,1,1,1,2,2,3,1,0,0,0,-1,0,0,0,2,1]",t^8+63t^6+144t^4+67t^2+1,"[-3,-1,-1,0,1,1,1,2,1,2,1,1,1,3,2,0,0,0,0,1,0,0,1,1,2,2,1,1,0,2,0,-1,-1,0,0,1]","[-2,-1,-1,-1,0,1,1,3,-1,0,1,2,0,2,2,0,1,1,0,1,1,0,1,0,1,1,0,1,2,3,0,0,1,0,1,2]","[-3,-1,-1,0,1,1,1,2,0,1,2,1,3,3,3,0,1,0,1,1,1,1,1,2,2,3,1,0,0,0,-1,0,0,0,2,1]",c,"[[{8, 1}, {2, 7}, {3, 6}, {4, 5}], [{8, 1}, {2, 7}, {3, 6}, {5}, {4}], [{8, 1}, {2, 7}, {4, 6}, {3, 5}], [{8, 1}, {2, 7}, {5, 6}, {3, 4}], [{8, 1}, {3, 7}, {2, 6}, {4, 5}], [{8, 1}, {3, 7}, {4, 6}, {2, 5}], [{8, 1}, {3, 7}, {4, 6}, {5}, {2}], [{8, 1}, {3, 7}, {5, 6}, {2, 4}], [{8, 1}, {4, 7}, {2, 6}, {3, 5}], [{8, 1}, {4, 7}, {3, 6}, {2, 5}], [{8, 1}, {4, 7}, {5, 6}, {2, 3}], [{8, 1}, {5, 7}, {2, 6}, {3, 4}], [{8, 1}, {5, 7}, {3, 6}, {2, 4}], [{8, 1}, {5, 7}, {3, 6}, {4}, {2}], [{8, 1}, {5, 7}, {4, 6}, {2, 3}], [{8, 1}, {6, 7}, {2, 5}, {3, 4}], [{8, 1}, {6, 7}, {3, 5}, {2, 4}], [{8, 1}, {6, 7}, {4, 5}, {2, 3}], [{8, 1}, {7}, {3, 6}, {2, 5}, {4}], [{8, 2}, {1, 7}, {3, 6}, {4, 5}], [{8, 2}, {1, 7}, {3, 6}, {5}, {4}], [{8, 2}, {1, 7}, {4, 6}, {3, 5}], [{8, 2}, {1, 7}, {5, 6}, {3, 4}], [{8, 2}, {1, 7}, {5, 6}, {4}, {3}], [{8, 2}, {1, 7}, {6}, {3, 5}, {4}], [{8, 2}, {3, 7}, {1, 6}, {4, 5}], [{8, 2}, {3, 7}, {4, 6}, {1, 5}], [{8, 2}, {3, 7}, {4, 6}, {5}, {1}], [{8, 2}, {3, 7}, {5, 6}, {1, 4}], [{8, 2}, {4, 7}, {1, 6}, {3, 5}], [{8, 2}, {4, 7}, {3, 6}, {1, 5}], [{8, 2}, {4, 7}, {5, 6}, {1, 3}], [{8, 2}, {4, 7}, {6}, {3, 5}, {1}], [{8, 2}, {5, 7}, {1, 6}, {3, 4}], [{8, 2}, {5, 7}, {3, 6}, {1, 4}], [{8, 2}, {5, 7}, {4, 6}, {1, 3}], [{8, 2}, {6, 7}, {1, 5}, {3, 4}], [{8, 2}, {6, 7}, {3, 5}, {1, 4}], [{8, 2}, {6, 7}, {4, 5}, {1, 3}], [{8, 2}, {7}, {6}, {3, 5}, {1, 4}], [{8, 3}, {1, 7}, {2, 6}, {4, 5}], [{8, 3}, {1, 7}, {4, 6}, {2, 5}], [{8, 3}, {1, 7}, {5, 6}, {2, 4}], [{8, 3}, {2, 7}, {1, 6}, {4, 5}], [{8, 3}, {2, 7}, {4, 6}, {1, 5}], [{8, 3}, {2, 7}, {5, 6}, {1, 4}], [{8, 3}, {2, 7}, {6}, {4, 5}, {1}], [{8, 3}, {4, 7}, {1, 6}, {2, 5}], [{8, 3}, {4, 7}, {2, 6}, {1, 5}], [{8, 3}, {4, 7}, {5, 6}, {1, 2}], [{8, 3}, {5, 7}, {1, 6}, {2, 4}], [{8, 3}, {5, 7}, {1, 6}, {4}, {2}], [{8, 3}, {5, 7}, {2, 6}, {1, 4}], [{8, 3}, {5, 7}, {4, 6}, {1, 2}], [{8, 3}, {6, 7}, {1, 5}, {2, 4}], [{8, 3}, {6, 7}, {2, 5}, {1, 4}], [{8, 3}, {6, 7}, {4, 5}, {1, 2}], [{8, 3}, {7}, {4, 6}, {1, 5}, {2}], [{8, 3}, {7}, {4, 6}, {2, 5}, {1}], [{8, 3}, {7}, {4, 6}, {5}, {1, 2}], [{8, 3}, {7}, {5, 6}, {1, 4}, {2}], [{8, 4}, {1, 7}, {2, 6}, {3, 5}], [{8, 4}, {1, 7}, {3, 6}, {2, 5}], [{8, 4}, {1, 7}, {3, 6}, {5}, {2}], [{8, 4}, {1, 7}, {5, 6}, {2, 3}], [{8, 4}, {1, 7}, {6}, {2, 5}, {3}], [{8, 4}, {2, 7}, {1, 6}, {3, 5}], [{8, 4}, {2, 7}, {3, 6}, {1, 5}], [{8, 4}, {2, 7}, {5, 6}, {1, 3}], [{8, 4}, {3, 7}, {1, 6}, {2, 5}], [{8, 4}, {3, 7}, {2, 6}, {1, 5}], [{8, 4}, {3, 7}, {5, 6}, {1, 2}], [{8, 4}, {5, 7}, {1, 6}, {2, 3}], [{8, 4}, {5, 7}, {2, 6}, {1, 3}], [{8, 4}, {5, 7}, {3, 6}, {1, 2}], [{8, 4}, {5, 7}, {6}, {3}, {1, 2}], [{8, 4}, {6, 7}, {1, 5}, {2, 3}], [{8, 4}, {6, 7}, {2, 5}, {1, 3}], [{8, 4}, {6, 7}, {3, 5}, {1, 2}], [{8, 4}, {6, 7}, {5}, {3}, {1, 2}], [{8, 4}, {7}, {3, 6}, {2, 5}, {1}], [{8, 4}, {7}, {5, 6}, {3}, {1, 2}], [{8, 4}, {7}, {6}, {1, 5}, {2, 3}], [{8, 5}, {1, 7}, {2, 6}, {3, 4}], [{8, 5}, {1, 7}, {3, 6}, {2, 4}], [{8, 5}, {1, 7}, {4, 6}, {2, 3}], [{8, 5}, {2, 7}, {1, 6}, {3, 4}], [{8, 5}, {2, 7}, {3, 6}, {1, 4}], [{8, 5}, {2, 7}, {4, 6}, {1, 3}], [{8, 5}, {3, 7}, {1, 6}, {2, 4}], [{8, 5}, {3, 7}, {2, 6}, {1, 4}], [{8, 5}, {3, 7}, {4, 6}, {1, 2}], [{8, 5}, {3, 7}, {6}, {4}, {1, 2}], [{8, 5}, {4, 7}, {1, 6}, {2, 3}], [{8, 5}, {4, 7}, {2, 6}, {1, 3}], [{8, 5}, {4, 7}, {3, 6}, {1, 2}], [{8, 5}, {4, 7}, {6}, {3}, {1, 2}], [{8, 5}, {6, 7}, {1, 4}, {2, 3}], [{8, 5}, {6, 7}, {2, 4}, {1, 3}], [{8, 5}, {6, 7}, {3, 4}, {1, 2}], [{8, 5}, {6, 7}, {4}, {3}, {1, 2}], [{8, 5}, {7}, {1, 6}, {4}, {2, 3}], [{8, 5}, {7}, {2, 6}, {4}, {1, 3}], [{8, 5}, {7}, {3, 6}, {4}, {1, 2}], [{8, 5}, {7}, {4, 6}, {3}, {1, 2}], [{8, 5}, {7}, {6}, {3, 4}, {1, 2}], [{8, 5}, {7}, {6}, {4}, {3}, {1, 2}], [{8, 6}, {1, 7}, {2, 5}, {3, 4}], [{8, 6}, {1, 7}, {3, 5}, {2, 4}], [{8, 6}, {1, 7}, {3, 5}, {4}, {2}], [{8, 6}, {1, 7}, {4, 5}, {2, 3}], [{8, 6}, {1, 7}, {4, 5}, {3}, {2}], [{8, 6}, {1, 7}, {5}, {3, 4}, {2}], [{8, 6}, {2, 7}, {1, 5}, {3, 4}], [{8, 6}, {2, 7}, {3, 5}, {1, 4}], [{8, 6}, {2, 7}, {4, 5}, {1, 3}], [{8, 6}, {2, 7}, {4, 5}, {3}, {1}], [{8, 6}, {3, 7}, {1, 5}, {2, 4}], [{8, 6}, {3, 7}, {1, 5}, {4}, {2}], [{8, 6}, {3, 7}, {2, 5}, {1, 4}], [{8, 6}, {3, 7}, {4, 5}, {1, 2}], [{8, 6}, {3, 7}, {4, 5}, {2}, {1}], [{8, 6}, {3, 7}, {5}, {1, 4}, {2}], [{8, 6}, {4, 7}, {1, 5}, {2, 3}], [{8, 6}, {4, 7}, {1, 5}, {3}, {2}], [{8, 6}, {4, 7}, {2, 5}, {1, 3}], [{8, 6}, {4, 7}, {2, 5}, {3}, {1}], [{8, 6}, {4, 7}, {3, 5}, {1, 2}], [{8, 6}, {4, 7}, {3, 5}, {2}, {1}], [{8, 6}, {4, 7}, {5}, {1, 3}, {2}], [{8, 6}, {4, 7}, {5}, {2, 3}, {1}], [{8, 6}, {4, 7}, {5}, {3}, {1, 2}], [{8, 6}, {4, 7}, {5}, {3}, {2}, {1}], [{8, 6}, {5, 7}, {1, 4}, {2, 3}], [{8, 6}, {5, 7}, {1, 4}, {3}, {2}], [{8, 6}, {5, 7}, {2, 4}, {1, 3}], [{8, 6}, {5, 7}, {2, 4}, {3}, {1}], [{8, 6}, {5, 7}, {3, 4}, {1, 2}], [{8, 6}, {5, 7}, {3, 4}, {2}, {1}], [{8, 6}, {5, 7}, {4}, {1, 3}, {2}], [{8, 6}, {5, 7}, {4}, {2, 3}, {1}], [{8, 6}, {5, 7}, {4}, {3}, {1, 2}], [{8, 6}, {5, 7}, {4}, {3}, {2}, {1}], [{8, 6}, {7}, {1, 5}, {3, 4}, {2}], [{8, 6}, {7}, {3, 5}, {1, 4}, {2}], [{8, 6}, {7}, {4, 5}, {1, 3}, {2}], [{8, 6}, {7}, {4, 5}, {2, 3}, {1}], [{8, 6}, {7}, {4, 5}, {3}, {1, 2}], [{8, 6}, {7}, {4, 5}, {3}, {2}, {1}], [{8, 7}, {1, 6}, {2, 5}, {3, 4}], [{8, 7}, {1, 6}, {3, 5}, {2, 4}], [{8, 7}, {1, 6}, {4, 5}, {2, 3}], [{8, 7}, {2, 6}, {1, 5}, {3, 4}], [{8, 7}, {2, 6}, {3, 5}, {1, 4}], [{8, 7}, {2, 6}, {4, 5}, {1, 3}], [{8, 7}, {2, 6}, {5}, {1, 4}, {3}], [{8, 7}, {3, 6}, {1, 5}, {2, 4}], [{8, 7}, {3, 6}, {2, 5}, {1, 4}], [{8, 7}, {3, 6}, {4, 5}, {1, 2}], [{8, 7}, {4, 6}, {1, 5}, {2, 3}], [{8, 7}, {4, 6}, {2, 5}, {1, 3}], [{8, 7}, {4, 6}, {3, 5}, {1, 2}], [{8, 7}, {4, 6}, {5}, {3}, {1, 2}], [{8, 7}, {5, 6}, {1, 4}, {2, 3}], [{8, 7}, {5, 6}, {2, 4}, {1, 3}], [{8, 7}, {5, 6}, {3, 4}, {1, 2}], [{8, 7}, {5, 6}, {4}, {3}, {1, 2}], [{8, 7}, {6}, {1, 5}, {3, 4}, {2}], [{8, 7}, {6}, {4, 5}, {3}, {1, 2}], [{8}, {1, 7}, {2, 6}, {3, 5}, {4}], [{8}, {1, 7}, {3, 6}, {5}, {2, 4}], [{8}, {1, 7}, {6}, {4, 5}, {2, 3}], [{8}, {2, 7}, {1, 6}, {3, 5}, {4}], [{8}, {2, 7}, {3, 6}, {4, 5}, {1}], [{8}, {2, 7}, {5, 6}, {4}, {1, 3}], [{8}, {3, 7}, {4, 6}, {5}, {1, 2}], [{8}, {3, 7}, {6}, {1, 5}, {2, 4}], [{8}, {3, 7}, {6}, {2, 5}, {1, 4}], [{8}, {4, 7}, {2, 6}, {3, 5}, {1}], [{8}, {4, 7}, {5, 6}, {3}, {1, 2}], [{8}, {5, 7}, {4, 6}, {3}, {1, 2}], [{8}, {6, 7}, {1, 5}, {3, 4}, {2}], [{8}, {6, 7}, {2, 5}, {1, 4}, {3}], [{8}, {6, 7}, {4, 5}, {3}, {1, 2}], [{8}, {7}, {2, 6}, {3, 5}, {1, 4}], [{8}, {7}, {3, 6}, {2, 5}, {1, 4}], [{8}, {7}, {4, 6}, {3, 5}, {1, 2}], [{8}, {7}, {4, 6}, {5}, {3}, {1, 2}]]",2,- 8 K_1^4 + 16 K_1^3 + 20 K_1^2 K_2 - 32 K_1^2 - 30 K_1 K_2 - 14 K_1 K_3 + 3 K_1 - 4 K_2^2 + 17 K_2 + 11 K_3 + 5 K_4 + 17,O1O2O3O4U3U5O6U1U7O8O5U8U6U4O7U2,O1O2O3U4U3O5O6U2O4O7U1U7U8U6O8U5,O1O2O3U4O5U6U5U7U3O7O8U2O6O4U1U8,c,{'O1O2O3O4U3O5U1U6U7O8O7U5U4O6U8U2'},1,"<a href=""/flatknot/8.704480"">8.704480</a>",t^9-67t^7-152t^6+111t^5+288t^4-86t^3-154t^2+49t-4,t^3-t^2-t,,
8.704481,O1O2O3O4U3O5U1U6U7O8O7U5U8O6U2U4,4,2z^3+21z^2+92z+117,2w^4z^3+21w^3z^2+92w^2z+117w,False,False,"[[ 0 -3  0 -1  3  1 -1  1  0],[ 3  0  2  0  4  1  2  3  1],[ 0 -2  0  0  2  0 -1  1  0],[ 1  0  0  0  1  0  1  1  0],[-3 -4 -2 -1  0  0 -4 -2  0],[-1 -1  0  0  0  0 -2 -1  0],[ 1 -2  1 -1  4  2  0  1  1],[-1 -3 -1 -1  2  1 -1  0  0],[ 0 -1  0  0  0  0 -1  0  0]]","[[ 0  3  1  1  0  0 -1 -1 -3],[-3  0  0 -2  0 -2 -1 -4 -4],[-1  0  0 -1  0  0  0 -2 -1],[-1  2  1  0  0 -1 -1 -1 -3],[ 0  0  0  0  0  0  0 -1 -1],[ 0  2  0  1  0  0  0 -1 -2],[ 1  1  0  1  0  0  0  1  0],[ 1  4  2  1  1  1 -1  0 -2],[ 3  4  1  3  1  2  0  2  0]]",True,"[-3,-1,-1,0,0,1,1,3,0,2,0,2,1,4,4,1,0,0,0,2,1,0,1,1,1,3,0,0,1,1,0,1,2,-1,0,2]","[-3,-1,-1,0,0,1,1,3,0,2,0,2,1,4,4,1,0,0,0,2,1,0,1,1,1,3,0,0,1,1,0,1,2,-1,0,2]",t^8+71t^6+198t^4+31t^2,"[-3,-1,-1,0,0,1,1,3,0,2,1,2,1,3,2,1,0,0,1,0,0,1,1,1,2,3,0,0,1,1,1,1,3,-1,0,2]","[-3,-1,-1,0,0,1,1,3,0,2,1,3,0,3,2,1,0,1,1,1,1,1,1,0,2,3,0,0,1,1,0,1,2,-1,0,2]","[-3,-1,-1,0,0,1,1,3,0,2,1,2,1,3,4,1,0,0,0,1,1,1,1,2,1,4,0,0,0,0,0,1,2,-1,0,2]",c,"[[{8, 2}, {3, 7}, {5, 6}, {1, 4}], [{8, 5}, {3, 7}, {2, 6}, {1, 4}], [{8, 6}, {3, 7}, {2, 5}, {1, 4}]]",1,- 8 K_1^4 + 20 K_1^3 + 12 K_1^2 K_2 - 34 K_1^2 - 16 K_1 K_2 - 6 K_1 K_3 - 7 K_1 + 18 K_2 + 3 K_3 + K_4 + 18,O1O2O3O4U1U3O5U6U7O8O6U8U5U4O7U2,O1O2O3U4U3O5O4U2O6O7U1U6U8U7O8U5,O1O2O3U4O5U6U5U7U3O6O7U2O8O4U1U8,c,{'O1O2O3O4U3O5U1U6U7O8O7U5U8O6U2U4'},1,"<a href=""/flatknot/8.704481"">8.704481</a>",t^9-71t^7-254t^6-48t^5+258t^4-27t^3-58t^2+39t-4,0,,
8.704482,O1O2O3O4U3O5U1U6U7O8O7U5U8O6U4U2,4,6z^2+59z+95,6w^3z^2+59w^2z+95w,False,False,"[[ 0 -3  1 -1  2  1 -1  1  0],[ 3  0  3  0  3  1  2  3  1],[-1 -3  0 -1  1  0 -2  0  0],[ 1  0  1  0  1  0  1  1  0],[-2 -3 -1 -1  0  0 -3 -1  0],[-1 -1  0  0  0  0 -2 -1  0],[ 1 -2  2 -1  3  2  0  1  1],[-1 -3  0 -1  1  1 -1  0  0],[ 0 -1  0  0  0  0 -1  0  0]]","[[ 0  2  1  1  1  0 -1 -1 -3],[-2  0  0 -1 -1  0 -1 -3 -3],[-1  0  0  0 -1  0  0 -2 -1],[-1  1  0  0  0  0 -1 -2 -3],[-1  1  1  0  0  0 -1 -1 -3],[ 0  0  0  0  0  0  0 -1 -1],[ 1  1  0  1  1  0  0  1  0],[ 1  3  2  2  1  1 -1  0 -2],[ 3  3  1  3  3  1  0  2  0]]",True,"[-2,-1,-1,-1,0,1,1,3,0,1,1,0,1,3,3,0,1,0,0,2,1,0,0,1,2,3,0,1,1,3,0,1,1,-1,0,2]","[-3,-1,-1,0,1,1,1,2,0,2,1,1,3,3,3,1,0,0,1,1,1,1,2,1,2,3,0,0,0,0,-1,0,0,0,1,1]",t^8+59t^6+124t^4+26t^2,"[-3,-1,-1,0,1,1,1,2,0,2,2,1,1,3,2,1,0,0,1,0,0,1,1,1,2,2,1,1,1,2,0,0,0,-1,0,1]","[-2,-1,-1,-1,0,1,1,3,0,0,1,2,0,2,2,0,0,1,0,1,1,1,1,1,1,1,1,0,2,3,0,1,2,-1,0,2]","[-3,-1,-1,0,1,1,1,2,0,2,1,1,3,3,3,1,0,0,1,1,1,1,2,1,2,3,0,0,0,0,-1,0,0,0,1,1]",c,"[[{8, 1}, {2, 7}, {3, 6}, {4, 5}], [{8, 1}, {2, 7}, {4, 6}, {3, 5}], [{8, 1}, {2, 7}, {5, 6}, {3, 4}], [{8, 1}, {2, 7}, {5, 6}, {4}, {3}], [{8, 1}, {2, 7}, {6}, {5}, {3, 4}], [{8, 1}, {3, 7}, {2, 6}, {4, 5}], [{8, 1}, {3, 7}, {4, 6}, {2, 5}], [{8, 1}, {3, 7}, {5, 6}, {2, 4}], [{8, 1}, {3, 7}, {5, 6}, {4}, {2}], [{8, 1}, {4, 7}, {2, 6}, {3, 5}], [{8, 1}, {4, 7}, {3, 6}, {2, 5}], [{8, 1}, {4, 7}, {5, 6}, {2, 3}], [{8, 1}, {4, 7}, {5, 6}, {3}, {2}], [{8, 1}, {5, 7}, {2, 6}, {3, 4}], [{8, 1}, {5, 7}, {3, 6}, {2, 4}], [{8, 1}, {5, 7}, {4, 6}, {2, 3}], [{8, 1}, {5, 7}, {6}, {3, 4}, {2}], [{8, 1}, {6, 7}, {2, 5}, {3, 4}], [{8, 1}, {6, 7}, {3, 5}, {2, 4}], [{8, 1}, {6, 7}, {4, 5}, {2, 3}], [{8, 1}, {6, 7}, {5}, {3, 4}, {2}], [{8, 1}, {7}, {2, 6}, {5}, {3, 4}], [{8, 1}, {7}, {3, 6}, {4, 5}, {2}], [{8, 1}, {7}, {4, 6}, {3, 5}, {2}], [{8, 1}, {7}, {5, 6}, {2, 4}, {3}], [{8, 1}, {7}, {5, 6}, {3, 4}, {2}], [{8, 1}, {7}, {5, 6}, {4}, {2, 3}], [{8, 1}, {7}, {5, 6}, {4}, {3}, {2}], [{8, 1}, {7}, {6}, {2, 5}, {3, 4}], [{8, 1}, {7}, {6}, {5}, {3, 4}, {2}], [{8, 2}, {1, 7}, {3, 6}, {4, 5}], [{8, 2}, {1, 7}, {3, 6}, {5}, {4}], [{8, 2}, {1, 7}, {4, 6}, {3, 5}], [{8, 2}, {1, 7}, {5, 6}, {3, 4}], [{8, 2}, {1, 7}, {6}, {4, 5}, {3}], [{8, 2}, {3, 7}, {1, 6}, {4, 5}], [{8, 2}, {3, 7}, {4, 6}, {1, 5}], [{8, 2}, {3, 7}, {5, 6}, {1, 4}], [{8, 2}, {4, 7}, {1, 6}, {3, 5}], [{8, 2}, {4, 7}, {3, 6}, {1, 5}], [{8, 2}, {4, 7}, {5, 6}, {1, 3}], [{8, 2}, {4, 7}, {5, 6}, {3}, {1}], [{8, 2}, {5, 7}, {1, 6}, {3, 4}], [{8, 2}, {5, 7}, {3, 6}, {1, 4}], [{8, 2}, {5, 7}, {4, 6}, {1, 3}], [{8, 2}, {5, 7}, {6}, {4}, {1, 3}], [{8, 2}, {6, 7}, {1, 5}, {3, 4}], [{8, 2}, {6, 7}, {3, 5}, {1, 4}], [{8, 2}, {6, 7}, {4, 5}, {1, 3}], [{8, 2}, {6, 7}, {5}, {1, 4}, {3}], [{8, 2}, {7}, {4, 6}, {3, 5}, {1}], [{8, 2}, {7}, {6}, {1, 5}, {3, 4}], [{8, 3}, {1, 7}, {2, 6}, {4, 5}], [{8, 3}, {1, 7}, {2, 6}, {5}, {4}], [{8, 3}, {1, 7}, {4, 6}, {2, 5}], [{8, 3}, {1, 7}, {5, 6}, {2, 4}], [{8, 3}, {2, 7}, {1, 6}, {4, 5}], [{8, 3}, {2, 7}, {4, 6}, {1, 5}], [{8, 3}, {2, 7}, {5, 6}, {1, 4}], [{8, 3}, {4, 7}, {1, 6}, {2, 5}], [{8, 3}, {4, 7}, {2, 6}, {1, 5}], [{8, 3}, {4, 7}, {5, 6}, {1, 2}], [{8, 3}, {4, 7}, {6}, {1, 5}, {2}], [{8, 3}, {5, 7}, {1, 6}, {2, 4}], [{8, 3}, {5, 7}, {2, 6}, {1, 4}], [{8, 3}, {5, 7}, {4, 6}, {1, 2}], [{8, 3}, {5, 7}, {6}, {4}, {1, 2}], [{8, 3}, {6, 7}, {1, 5}, {2, 4}], [{8, 3}, {6, 7}, {2, 5}, {1, 4}], [{8, 3}, {6, 7}, {4, 5}, {1, 2}], [{8, 4}, {1, 7}, {2, 6}, {3, 5}], [{8, 4}, {1, 7}, {3, 6}, {2, 5}], [{8, 4}, {1, 7}, {3, 6}, {5}, {2}], [{8, 4}, {1, 7}, {5, 6}, {2, 3}], [{8, 4}, {1, 7}, {6}, {2, 5}, {3}], [{8, 4}, {2, 7}, {1, 6}, {3, 5}], [{8, 4}, {2, 7}, {3, 6}, {1, 5}], [{8, 4}, {2, 7}, {5, 6}, {1, 3}], [{8, 4}, {2, 7}, {5, 6}, {3}, {1}], [{8, 4}, {3, 7}, {1, 6}, {2, 5}], [{8, 4}, {3, 7}, {2, 6}, {1, 5}], [{8, 4}, {3, 7}, {5, 6}, {1, 2}], [{8, 4}, {3, 7}, {6}, {1, 5}, {2}], [{8, 4}, {5, 7}, {1, 6}, {2, 3}], [{8, 4}, {5, 7}, {2, 6}, {1, 3}], [{8, 4}, {5, 7}, {3, 6}, {1, 2}], [{8, 4}, {6, 7}, {1, 5}, {2, 3}], [{8, 4}, {6, 7}, {2, 5}, {1, 3}], [{8, 4}, {6, 7}, {3, 5}, {1, 2}], [{8, 4}, {6, 7}, {5}, {3}, {1, 2}], [{8, 5}, {1, 7}, {2, 6}, {3, 4}], [{8, 5}, {1, 7}, {2, 6}, {4}, {3}], [{8, 5}, {1, 7}, {3, 6}, {2, 4}], [{8, 5}, {1, 7}, {3, 6}, {4}, {2}], [{8, 5}, {1, 7}, {4, 6}, {2, 3}], [{8, 5}, {1, 7}, {4, 6}, {3}, {2}], [{8, 5}, {1, 7}, {6}, {2, 4}, {3}], [{8, 5}, {1, 7}, {6}, {3, 4}, {2}], [{8, 5}, {1, 7}, {6}, {4}, {2, 3}], [{8, 5}, {1, 7}, {6}, {4}, {3}, {2}], [{8, 5}, {2, 7}, {1, 6}, {3, 4}], [{8, 5}, {2, 7}, {3, 6}, {1, 4}], [{8, 5}, {2, 7}, {4, 6}, {1, 3}], [{8, 5}, {2, 7}, {6}, {1, 4}, {3}], [{8, 5}, {2, 7}, {6}, {3, 4}, {1}], [{8, 5}, {2, 7}, {6}, {4}, {1, 3}], [{8, 5}, {3, 7}, {1, 6}, {2, 4}], [{8, 5}, {3, 7}, {2, 6}, {1, 4}], [{8, 5}, {3, 7}, {4, 6}, {1, 2}], [{8, 5}, {3, 7}, {6}, {1, 4}, {2}], [{8, 5}, {3, 7}, {6}, {2, 4}, {1}], [{8, 5}, {3, 7}, {6}, {4}, {1, 2}], [{8, 5}, {4, 7}, {1, 6}, {2, 3}], [{8, 5}, {4, 7}, {2, 6}, {1, 3}], [{8, 5}, {4, 7}, {3, 6}, {1, 2}], [{8, 5}, {4, 7}, {6}, {1, 3}, {2}], [{8, 5}, {4, 7}, {6}, {2, 3}, {1}], [{8, 5}, {4, 7}, {6}, {3}, {1, 2}], [{8, 5}, {6, 7}, {1, 4}, {2, 3}], [{8, 5}, {6, 7}, {2, 4}, {1, 3}], [{8, 5}, {6, 7}, {3, 4}, {1, 2}], [{8, 5}, {6, 7}, {3, 4}, {2}, {1}], [{8, 5}, {7}, {1, 6}, {3, 4}, {2}], [{8, 5}, {7}, {2, 6}, {3, 4}, {1}], [{8, 5}, {7}, {6}, {1, 4}, {2, 3}], [{8, 5}, {7}, {6}, {2, 4}, {1, 3}], [{8, 5}, {7}, {6}, {3, 4}, {1, 2}], [{8, 5}, {7}, {6}, {3, 4}, {2}, {1}], [{8, 6}, {1, 7}, {2, 5}, {3, 4}], [{8, 6}, {1, 7}, {3, 5}, {2, 4}], [{8, 6}, {1, 7}, {4, 5}, {2, 3}], [{8, 6}, {1, 7}, {5}, {3, 4}, {2}], [{8, 6}, {2, 7}, {1, 5}, {3, 4}], [{8, 6}, {2, 7}, {3, 5}, {1, 4}], [{8, 6}, {2, 7}, {4, 5}, {1, 3}], [{8, 6}, {2, 7}, {5}, {1, 4}, {3}], [{8, 6}, {3, 7}, {1, 5}, {2, 4}], [{8, 6}, {3, 7}, {2, 5}, {1, 4}], [{8, 6}, {3, 7}, {4, 5}, {1, 2}], [{8, 6}, {4, 7}, {1, 5}, {2, 3}], [{8, 6}, {4, 7}, {2, 5}, {1, 3}], [{8, 6}, {4, 7}, {3, 5}, {1, 2}], [{8, 6}, {4, 7}, {5}, {3}, {1, 2}], [{8, 6}, {5, 7}, {1, 4}, {2, 3}], [{8, 6}, {5, 7}, {1, 4}, {3}, {2}], [{8, 6}, {5, 7}, {2, 4}, {1, 3}], [{8, 6}, {5, 7}, {2, 4}, {3}, {1}], [{8, 6}, {5, 7}, {3, 4}, {1, 2}], [{8, 6}, {5, 7}, {3, 4}, {2}, {1}], [{8, 6}, {5, 7}, {4}, {1, 3}, {2}], [{8, 6}, {5, 7}, {4}, {2, 3}, {1}], [{8, 6}, {5, 7}, {4}, {3}, {1, 2}], [{8, 6}, {5, 7}, {4}, {3}, {2}, {1}], [{8, 6}, {7}, {1, 5}, {3, 4}, {2}], [{8, 6}, {7}, {2, 5}, {1, 4}, {3}], [{8, 6}, {7}, {4, 5}, {3}, {1, 2}], [{8, 7}, {1, 6}, {2, 5}, {3, 4}], [{8, 7}, {1, 6}, {3, 5}, {2, 4}], [{8, 7}, {1, 6}, {4, 5}, {2, 3}], [{8, 7}, {1, 6}, {5}, {3, 4}, {2}], [{8, 7}, {2, 6}, {1, 5}, {3, 4}], [{8, 7}, {2, 6}, {1, 5}, {4}, {3}], [{8, 7}, {2, 6}, {3, 5}, {1, 4}], [{8, 7}, {2, 6}, {4, 5}, {1, 3}], [{8, 7}, {2, 6}, {4, 5}, {3}, {1}], [{8, 7}, {2, 6}, {5}, {1, 4}, {3}], [{8, 7}, {3, 6}, {1, 5}, {2, 4}], [{8, 7}, {3, 6}, {1, 5}, {4}, {2}], [{8, 7}, {3, 6}, {2, 5}, {1, 4}], [{8, 7}, {3, 6}, {4, 5}, {1, 2}], [{8, 7}, {3, 6}, {4, 5}, {2}, {1}], [{8, 7}, {3, 6}, {5}, {1, 4}, {2}], [{8, 7}, {4, 6}, {1, 5}, {2, 3}], [{8, 7}, {4, 6}, {1, 5}, {3}, {2}], [{8, 7}, {4, 6}, {2, 5}, {1, 3}], [{8, 7}, {4, 6}, {2, 5}, {3}, {1}], [{8, 7}, {4, 6}, {3, 5}, {1, 2}], [{8, 7}, {4, 6}, {5}, {3}, {1, 2}], [{8, 7}, {5, 6}, {1, 4}, {2, 3}], [{8, 7}, {5, 6}, {2, 4}, {1, 3}], [{8, 7}, {5, 6}, {3, 4}, {1, 2}], [{8, 7}, {5, 6}, {3, 4}, {2}, {1}], [{8, 7}, {6}, {1, 5}, {2, 4}, {3}], [{8, 7}, {6}, {1, 5}, {3, 4}, {2}], [{8, 7}, {6}, {1, 5}, {4}, {2, 3}], [{8, 7}, {6}, {1, 5}, {4}, {3}, {2}], [{8, 7}, {6}, {4, 5}, {2, 3}, {1}], [{8, 7}, {6}, {5}, {1, 4}, {2, 3}], [{8}, {1, 7}, {2, 6}, {3, 5}, {4}], [{8}, {1, 7}, {3, 6}, {2, 5}, {4}], [{8}, {1, 7}, {3, 6}, {4, 5}, {2}], [{8}, {1, 7}, {3, 6}, {5}, {2, 4}], [{8}, {1, 7}, {5, 6}, {3, 4}, {2}], [{8}, {2, 7}, {1, 6}, {3, 5}, {4}], [{8}, {2, 7}, {5, 6}, {1, 4}, {3}], [{8}, {2, 7}, {6}, {1, 5}, {3, 4}], [{8}, {3, 7}, {1, 6}, {2, 5}, {4}], [{8}, {3, 7}, {1, 6}, {4, 5}, {2}], [{8}, {3, 7}, {1, 6}, {5}, {2, 4}], [{8}, {4, 7}, {2, 6}, {3, 5}, {1}], [{8}, {4, 7}, {5, 6}, {3}, {1, 2}], [{8}, {5, 7}, {1, 6}, {3, 4}, {2}], [{8}, {5, 7}, {2, 6}, {4}, {1, 3}], [{8}, {5, 7}, {3, 6}, {4}, {1, 2}], [{8}, {5, 7}, {6}, {1, 4}, {2, 3}], [{8}, {6, 7}, {1, 5}, {3, 4}, {2}], [{8}, {7}, {2, 6}, {1, 5}, {3, 4}], [{8}, {7}, {2, 6}, {3, 5}, {1, 4}], [{8}, {7}, {4, 6}, {3, 5}, {1, 2}], [{8}, {7}, {6}, {1, 5}, {3, 4}, {2}]]",2,8 K_1^3 + 4 K_1^2 K_2 - 28 K_1^2 - 14 K_1 K_2 - 2 K_1 K_3 + K_1 - 2 K_2^2 + 13 K_2 + 5 K_3 + K_4 + 15,O1O2O3O4U3U1O5U6U7O8O6U8U5U4O7U2,O1O2O3U4U3O5O4U2O6O7U1U7U8U6O8U5,O1O2O3U4O5U6U5U7U3O7O6U2O8O4U1U8,c,"{'O1O2O3U2O4O5U1U6U7O8O7U5U8O6U3U4', 'O1O2O3O4U3O5U1U6U7O8O7U5U8O6U4U2'}",2,"<a href=""/flatknot/8.704482"">8.704482</a>",t^9-63t^7-168t^6+63t^5+110t^4-33t^3-6t^2+5t+2,t^3-t^2-t,,
8.704483,O1O2O3O4U3O5U2U1U4O6O7U5U7O8U6U8,4,4z^3+35z^2+104z+101,4w^4z^3+35w^3z^2+104w^2z+101w,False,False,"[[ 0 -2 -2 -1  2  1  0  1  1],[ 2  0  0  0  3  3  1  1  0],[ 2  0  0  0  2  2  1  1  0],[ 1  0  0  0  1  1  0  0  0],[-2 -3 -2 -1  0  1  1  1  0],[-1 -3 -2 -1 -1  0  2  1  1],[ 0 -1 -1  0 -1 -2  0  0  1],[-1 -1 -1  0 -1 -1  0  0  0],[-1  0  0  0  0 -1 -1  0  0]]","[[ 0  2  1  1  1  0 -1 -2 -2],[-2  0  1  1  0  1 -1 -2 -3],[-1 -1  0  1  1  2 -1 -2 -3],[-1 -1 -1  0  0  0  0 -1 -1],[-1  0 -1  0  0 -1  0  0  0],[ 0 -1 -2  0  1  0  0 -1 -1],[ 1  1  1  0  0  0  0  0  0],[ 2  2  2  1  0  1  0  0  0],[ 2  3  3  1  0  1  0  0  0]]",True,"[-2,-1,-1,-1,0,1,2,2,-1,-1,0,-1,1,2,3,-1,-1,-2,1,2,3,0,0,0,1,1,1,0,0,0,0,1,1,0,0,0]","[-2,-2,-1,0,1,1,1,2,0,0,1,0,1,2,2,0,1,0,1,3,3,0,0,0,1,1,1,0,-2,-1,0,-1,0,-1,-1,-1]",t^8+42t^6+84t^4+17t^2,"[-2,-2,-1,0,1,1,1,2,0,1,1,0,2,3,1,1,1,1,2,3,2,1,1,2,2,2,3,1,0,3,-1,-1,2,0,2,1]","[-2,-1,-1,-1,0,1,2,2,1,2,2,3,2,1,2,-1,0,0,2,3,3,1,3,1,0,1,1,2,2,2,1,1,1,1,1,0]","[-2,-2,-1,0,1,1,1,2,0,0,1,0,1,2,2,0,1,0,1,3,3,0,0,0,1,1,1,0,-2,-1,0,-1,0,-1,-1,-1]",c,"[[{8, 3}, {5, 7}, {4, 6}, {1, 2}]]",1,4 K_1^3 + 4 K_1^2 K_2 - 10 K_1^2 - 8 K_1 K_2 - 4 K_1 K_3 + K_1 - 4 K_2^2 + 5 K_2 + 3 K_3 + 3 K_4 + 7,O1O2O3O4U5U6O5U7U8O7O6U1U4U3O8U2,O1O2O3U4U5O6O5U7O4O7U2U1U8U3O8U6,O1O2O3U4O5U1U5U3U2O6O7U6O8O4U8U7,c,{'O1O2O3O4U3O5U2U1U4O6O7U5U7O8U6U8'},1,"<a href=""/flatknot/8.704483"">8.704483</a>",t^9-44t^7-76t^6+47t^5+112t^4+85t^3+12t^2-28t+4,t^2-2t,,
8.704484,O1O2O3O4U3O5U2U1U4O6O7U6U5O8U7U8,4,2z^3+28z^2+91z+87,2w^4z^3+28w^3z^2+91w^2z+87w,False,False,"[[ 0 -2 -2 -1  2  2 -1  1  1],[ 2  0  0  0  3  3  0  1  0],[ 2  0  0  0  2  2  0  1  0],[ 1  0  0  0  1  1  0  0  0],[-2 -3 -2 -1  0  1  0  1  0],[-2 -3 -2 -1 -1  0  0  2  1],[ 1  0  0  0  0  0  0  1  1],[-1 -1 -1  0 -1 -2 -1  0  1],[-1  0  0  0  0 -1 -1 -1  0]]","[[ 0  2  2  1  1 -1 -1 -2 -2],[-2  0  1  1  0  0 -1 -2 -3],[-2 -1  0  2  1  0 -1 -2 -3],[-1 -1 -2  0  1 -1  0 -1 -1],[-1  0 -1 -1  0 -1  0  0  0],[ 1  0  0  1  1  0  0  0  0],[ 1  1  1  0  0  0  0  0  0],[ 2  2  2  1  0  0  0  0  0],[ 2  3  3  1  0  0  0  0  0]]",True,"[-2,-2,-1,-1,1,1,2,2,-1,-1,0,0,1,2,3,-2,-1,0,1,2,3,-1,1,0,1,1,1,0,0,0,0,0,0,0,0,0]","[-2,-2,-1,-1,1,1,2,2,-1,-1,0,0,1,2,3,-2,-1,0,1,2,3,-1,1,0,1,1,1,0,0,0,0,0,0,0,0,0]",t^8+40t^6+128t^4+11t^2,"[-2,-2,-1,-1,1,1,2,2,0,1,1,2,3,1,1,1,1,2,3,2,2,0,1,1,3,3,2,2,2,2,-1,2,3,1,2,-1]","[-2,-2,-1,-1,1,1,2,2,-1,2,3,2,3,1,2,1,2,2,3,1,2,-1,2,1,3,3,2,1,2,2,0,1,1,1,1,0]","[-2,-2,-1,-1,1,1,2,2,0,0,0,0,1,2,2,0,0,0,1,3,3,0,0,0,1,1,1,1,0,0,-1,-1,0,-2,-1,-1]",c,"[[{8, 2}, {1, 7}, {3, 6}, {4, 5}], [{8, 2}, {1, 7}, {4, 6}, {3, 5}], [{8, 2}, {1, 7}, {4, 6}, {5}, {3}], [{8, 2}, {1, 7}, {5, 6}, {3, 4}], [{8, 2}, {1, 7}, {6}, {3, 5}, {4}]]",1,4 K_1^3 + 4 K_1^2 K_2 - 4 K_1^2 - 12 K_1 K_2 - 4 K_1 K_3 + 3 K_1 - 4 K_2^2 + 2 K_2 + 5 K_3 + 3 K_4 + 4,O1O2O3O4U5U6O5U7U8O6O8U1U4U3O7U2,O1O2O3U4U5O4O6U7O5O7U2U1U8U3O8U6,O1O2O3U4O5U1U5U3U2O6O7U6O4O8U7U8,c,{'O1O2O3O4U3O5U2U1U4O6O7U6U5O8U7U8'},1,"<a href=""/flatknot/8.704484"">8.704484</a>",t^9-40t^7-42t^6+182t^5+162t^4-237t^3-224t^2-8t+2,0,,
8.704485,O1O2O3O4U3O5U2U1U4O6O7U6U7O8U5U8,4,6z^3+45z^2+112z+93,6w^4z^3+45w^3z^2+112w^2z+93w,False,False,"[[ 0 -2 -2 -1  2  2 -1  1  1],[ 2  0  0  0  3  3  0  0  1],[ 2  0  0  0  2  2  0  0  1],[ 1  0  0  0  1  1  0  0  0],[-2 -3 -2 -1  0  1  0  0  1],[-2 -3 -2 -1 -1  0 -1  1  1],[ 1  0  0  0  0  1  0  1  0],[-1  0  0  0  0 -1 -1  0  0],[-1 -1 -1  0 -1 -1  0  0  0]]","[[ 0  2  2  1  1 -1 -1 -2 -2],[-2  0  1  1  0  0 -1 -2 -3],[-2 -1  0  1  1 -1 -1 -2 -3],[-1 -1 -1  0  0  0  0 -1 -1],[-1  0 -1  0  0 -1  0  0  0],[ 1  0  1  0  1  0  0  0  0],[ 1  1  1  0  0  0  0  0  0],[ 2  2  2  1  0  0  0  0  0],[ 2  3  3  1  0  0  0  0  0]]",True,"[-2,-2,-1,-1,1,1,2,2,-1,-1,0,0,1,2,3,-1,-1,1,1,2,3,0,0,0,1,1,1,0,0,0,0,0,0,0,0,0]","[-2,-2,-1,-1,1,1,2,2,-1,-1,0,0,1,2,3,-1,-1,1,1,2,3,0,0,0,1,1,1,0,0,0,0,0,0,0,0,0]",t^8+36t^6+75t^4+14t^2,"[-2,-2,-1,-1,1,1,2,2,0,1,1,2,3,1,1,1,1,2,3,2,2,0,2,1,2,3,2,2,2,2,0,2,2,2,1,1]","[-2,-2,-1,-1,1,1,2,2,-1,2,2,2,2,1,2,1,2,2,3,1,2,0,2,1,3,3,2,2,2,2,0,1,1,1,1,0]","[-2,-2,-1,-1,1,1,2,2,0,0,0,0,1,2,2,0,0,0,1,3,3,0,0,0,1,1,1,0,0,1,0,0,-1,-1,-1,1]",c,"[[{8, 3}, {6, 7}, {1, 5}, {2, 4}], [{8, 3}, {6, 7}, {2, 5}, {1, 4}]]",1,8 K_1^3 + 8 K_1^2 K_2 - 12 K_1^2 - 12 K_1 K_2 - 4 K_1 K_3 - 4 K_2^2 + 4 K_2 + 4 K_3 + 2 K_4 + 7,O1O2O3O4U5U6O5U7U8O7O8U1U4U3O6U2,O1O2O3U4U5O4O5U6O7O6U2U1U8U3O8U7,O1O2O3U4O5U1U5U3U2O6O4U6O7O8U7U8,c,{'O1O2O3O4U3O5U2U1U4O6O7U6U7O8U5U8'},1,"<a href=""/flatknot/8.704485"">8.704485</a>",t^9-36t^7-32t^6+93t^5+80t^4-80t^3-72t^2+2t+4,0,,
8.704486,O1O2O3O4U3O5U2U1U4O6O7U8U5O8U6U7,4,5z^3+41z^2+107z+91,5w^4z^3+41w^3z^2+107w^2z+91w,False,False,"[[ 0 -2 -2 -1  2  2  0  2 -1],[ 2  0  0  0  3  3  1  1  1],[ 2  0  0  0  2  2  1  1  1],[ 1  0  0  0  1  1  0  0  1],[-2 -3 -2 -1  0  1  1  1 -3],[-2 -3 -2 -1 -1  0  0  1 -2],[ 0 -1 -1  0 -1  0  0  1  0],[-2 -1 -1  0 -1 -1 -1  0 -2],[ 1 -1 -1 -1  3  2  0  2  0]]","[[ 0  2  2  2  0 -1 -1 -2 -2],[-2  0  1  1  1 -1 -3 -2 -3],[-2 -1  0  1  0 -1 -2 -2 -3],[-2 -1 -1  0 -1  0 -2 -1 -1],[ 0 -1  0  1  0  0  0 -1 -1],[ 1  1  1  0  0  0  1  0  0],[ 1  3  2  2  0 -1  0 -1 -1],[ 2  2  2  1  1  0  1  0  0],[ 2  3  3  1  1  0  1  0  0]]",True,"[-2,-2,-2,0,1,1,2,2,-1,-1,-1,1,3,2,3,-1,0,1,2,2,3,1,0,2,1,1,0,0,1,1,-1,0,0,1,1,0]","[-2,-2,-2,0,1,1,2,2,-1,-1,-1,1,3,2,3,-1,0,1,2,2,3,1,0,2,1,1,0,0,1,1,-1,0,0,1,1,0]",t^8+57t^6+187t^4+87t^2+1,"[-2,-2,-1,-1,0,2,2,2,0,0,1,1,1,1,3,0,1,1,2,2,3,1,1,0,1,1,1,2,2,3,3,2,1,-1,-1,-1]","[-2,-2,-2,0,1,1,2,2,-1,-1,1,1,3,3,3,-1,2,1,2,1,2,3,0,2,1,2,1,1,1,1,-1,0,0,1,1,0]","[-2,-2,-1,-1,0,2,2,2,0,0,1,1,1,2,2,0,1,1,1,3,3,1,0,0,1,1,0,2,2,3,1,0,-1,-1,-1,-1]",c,"[[{8, 3}, {2, 7}, {1, 6}, {4, 5}]]",1,8 K_1^3 + 8 K_1^2 K_2 - 8 K_1^2 - 16 K_1 K_2 - 6 K_1 K_3 + 2 K_1 - 6 K_2^2 + 3 K_2 + 6 K_3 + 4 K_4 + 6,O1O2O3O4U5U6O7U8U7O5O6U1U4U3O8U2,O1O2O3U4U5O6O7U6O4O5U2U1U8U3O8U7,O1O2O3U4O5U1U5U3U2O6O7U8O4O8U6U7,c,{'O1O2O3O4U3O5U2U1U4O6O7U8U5O8U6U7'},1,"<a href=""/flatknot/8.704486"">8.704486</a>",t^9-55t^7-152t^6-24t^5+128t^4+65t^3-12t^2-t,-t^2+2t,,
8.704487,O1O2O3O4U3O5U2U1U4O6O7U8U6O8U5U7,4,22z^2+107z+127,22w^3z^2+107w^2z+127w,False,False,"[[ 0 -2 -2 -1  2  2  0  2 -1],[ 2  0  0  0  3  3  0  1  2],[ 2  0  0  0  2  2  0  1  2],[ 1  0  0  0  1  1  0  0  1],[-2 -3 -2 -1  0  1  0  1 -2],[-2 -3 -2 -1 -1  0  1  2 -3],[ 0  0  0  0  0 -1  0  0  0],[-2 -1 -1  0 -1 -2  0  0 -2],[ 1 -2 -2 -1  2  3  0  2  0]]","[[ 0  2  2  2  0 -1 -1 -2 -2],[-2  0  2 -1  1 -1 -3 -2 -3],[-2 -2  0 -1  0  0 -2 -1 -1],[-2  1  1  0  0 -1 -2 -2 -3],[ 0 -1  0  0  0  0  0  0  0],[ 1  1  0  1  0  0  1  0  0],[ 1  3  2  2  0 -1  0 -2 -2],[ 2  2  1  2  0  0  2  0  0],[ 2  3  1  3  0  0  2  0  0]]",True,"[-2,-2,-2,0,1,1,2,2,-2,1,-1,1,3,2,3,1,0,0,2,1,1,0,1,2,2,3,0,0,0,0,-1,0,0,2,2,0]","[-2,-2,-2,0,1,1,2,2,-2,-1,2,1,3,3,3,-1,3,0,2,1,2,2,1,2,1,2,1,1,2,2,-1,-1,-1,1,1,0]",t^8+63t^6+103t^4+27t^2+1,"[-2,-2,-1,-1,0,2,2,2,0,-1,1,2,1,1,3,-1,1,2,2,2,3,1,1,0,1,1,1,2,2,3,3,2,2,1,-2,-1]","[-2,-2,-2,0,1,1,2,2,-2,-1,2,1,3,3,3,-1,3,0,2,1,2,2,1,2,1,2,1,1,2,2,-1,-1,-1,1,1,0]","[-2,-2,-1,-1,0,2,2,2,0,0,2,0,1,2,2,0,2,0,1,3,3,1,0,0,1,1,0,2,2,3,0,0,-1,-1,-2,1]",c,"[[{8, 1}, {2, 7}, {3, 6}, {4, 5}], [{8, 1}, {2, 7}, {4, 6}, {3, 5}], [{8, 1}, {2, 7}, {5, 6}, {3, 4}], [{8, 1}, {3, 7}, {2, 6}, {4, 5}], [{8, 1}, {3, 7}, {2, 6}, {5}, {4}], [{8, 1}, {3, 7}, {4, 6}, {2, 5}], [{8, 1}, {3, 7}, {4, 6}, {5}, {2}], [{8, 1}, {3, 7}, {5, 6}, {2, 4}], [{8, 1}, {3, 7}, {6}, {5}, {2, 4}], [{8, 1}, {4, 7}, {2, 6}, {3, 5}], [{8, 1}, {4, 7}, {3, 6}, {2, 5}], [{8, 1}, {4, 7}, {5, 6}, {2, 3}], [{8, 1}, {4, 7}, {6}, {5}, {2, 3}], [{8, 1}, {5, 7}, {2, 6}, {3, 4}], [{8, 1}, {5, 7}, {2, 6}, {4}, {3}], [{8, 1}, {5, 7}, {3, 6}, {2, 4}], [{8, 1}, {5, 7}, {3, 6}, {4}, {2}], [{8, 1}, {5, 7}, {4, 6}, {2, 3}], [{8, 1}, {5, 7}, {4, 6}, {3}, {2}], [{8, 1}, {5, 7}, {6}, {2, 4}, {3}], [{8, 1}, {5, 7}, {6}, {3, 4}, {2}], [{8, 1}, {5, 7}, {6}, {4}, {2, 3}], [{8, 1}, {5, 7}, {6}, {4}, {3}, {2}], [{8, 1}, {6, 7}, {2, 5}, {3, 4}], [{8, 1}, {6, 7}, {3, 5}, {2, 4}], [{8, 1}, {6, 7}, {4, 5}, {2, 3}], [{8, 1}, {6, 7}, {5}, {3, 4}, {2}], [{8, 1}, {7}, {2, 6}, {3, 5}, {4}], [{8, 1}, {7}, {4, 6}, {3, 5}, {2}], [{8, 1}, {7}, {5, 6}, {3, 4}, {2}], [{8, 1}, {7}, {6}, {3, 5}, {2, 4}], [{8, 1}, {7}, {6}, {4, 5}, {2, 3}], [{8, 2}, {1, 7}, {3, 6}, {4, 5}], [{8, 2}, {1, 7}, {4, 6}, {3, 5}], [{8, 2}, {1, 7}, {5, 6}, {3, 4}], [{8, 2}, {3, 7}, {1, 6}, {4, 5}], [{8, 2}, {3, 7}, {4, 6}, {1, 5}], [{8, 2}, {3, 7}, {5, 6}, {1, 4}], [{8, 2}, {3, 7}, {6}, {1, 5}, {4}], [{8, 2}, {4, 7}, {1, 6}, {3, 5}], [{8, 2}, {4, 7}, {1, 6}, {5}, {3}], [{8, 2}, {4, 7}, {3, 6}, {1, 5}], [{8, 2}, {4, 7}, {5, 6}, {1, 3}], [{8, 2}, {4, 7}, {5, 6}, {3}, {1}], [{8, 2}, {4, 7}, {6}, {1, 5}, {3}], [{8, 2}, {5, 7}, {1, 6}, {3, 4}], [{8, 2}, {5, 7}, {3, 6}, {1, 4}], [{8, 2}, {5, 7}, {4, 6}, {1, 3}], [{8, 2}, {6, 7}, {1, 5}, {3, 4}], [{8, 2}, {6, 7}, {3, 5}, {1, 4}], [{8, 2}, {6, 7}, {4, 5}, {1, 3}], [{8, 2}, {7}, {3, 6}, {5}, {1, 4}], [{8, 2}, {7}, {6}, {1, 5}, {3, 4}], [{8, 2}, {7}, {6}, {4, 5}, {1, 3}], [{8, 3}, {1, 7}, {2, 6}, {4, 5}], [{8, 3}, {1, 7}, {4, 6}, {2, 5}], [{8, 3}, {1, 7}, {4, 6}, {5}, {2}], [{8, 3}, {1, 7}, {5, 6}, {2, 4}], [{8, 3}, {2, 7}, {1, 6}, {4, 5}], [{8, 3}, {2, 7}, {4, 6}, {1, 5}], [{8, 3}, {2, 7}, {5, 6}, {1, 4}], [{8, 3}, {2, 7}, {6}, {5}, {1, 4}], [{8, 3}, {4, 7}, {1, 6}, {2, 5}], [{8, 3}, {4, 7}, {1, 6}, {5}, {2}], [{8, 3}, {4, 7}, {2, 6}, {1, 5}], [{8, 3}, {4, 7}, {5, 6}, {1, 2}], [{8, 3}, {5, 7}, {1, 6}, {2, 4}], [{8, 3}, {5, 7}, {2, 6}, {1, 4}], [{8, 3}, {5, 7}, {4, 6}, {1, 2}], [{8, 3}, {5, 7}, {4, 6}, {2}, {1}], [{8, 3}, {6, 7}, {1, 5}, {2, 4}], [{8, 3}, {6, 7}, {2, 5}, {1, 4}], [{8, 3}, {6, 7}, {4, 5}, {1, 2}], [{8, 3}, {7}, {4, 6}, {1, 5}, {2}], [{8, 4}, {1, 7}, {2, 6}, {3, 5}], [{8, 4}, {1, 7}, {3, 6}, {2, 5}], [{8, 4}, {1, 7}, {5, 6}, {2, 3}], [{8, 4}, {2, 7}, {1, 6}, {3, 5}], [{8, 4}, {2, 7}, {3, 6}, {1, 5}], [{8, 4}, {2, 7}, {5, 6}, {1, 3}], [{8, 4}, {3, 7}, {1, 6}, {2, 5}], [{8, 4}, {3, 7}, {2, 6}, {1, 5}], [{8, 4}, {3, 7}, {5, 6}, {1, 2}], [{8, 4}, {5, 7}, {1, 6}, {2, 3}], [{8, 4}, {5, 7}, {2, 6}, {1, 3}], [{8, 4}, {5, 7}, {2, 6}, {3}, {1}], [{8, 4}, {5, 7}, {3, 6}, {1, 2}], [{8, 4}, {6, 7}, {1, 5}, {2, 3}], [{8, 4}, {6, 7}, {1, 5}, {3}, {2}], [{8, 4}, {6, 7}, {2, 5}, {1, 3}], [{8, 4}, {6, 7}, {3, 5}, {1, 2}], [{8, 5}, {1, 7}, {2, 6}, {3, 4}], [{8, 5}, {1, 7}, {2, 6}, {4}, {3}], [{8, 5}, {1, 7}, {3, 6}, {2, 4}], [{8, 5}, {1, 7}, {4, 6}, {2, 3}], [{8, 5}, {2, 7}, {1, 6}, {3, 4}], [{8, 5}, {2, 7}, {3, 6}, {1, 4}], [{8, 5}, {2, 7}, {4, 6}, {1, 3}], [{8, 5}, {2, 7}, {6}, {1, 4}, {3}], [{8, 5}, {3, 7}, {1, 6}, {2, 4}], [{8, 5}, {3, 7}, {2, 6}, {1, 4}], [{8, 5}, {3, 7}, {4, 6}, {1, 2}], [{8, 5}, {3, 7}, {6}, {1, 4}, {2}], [{8, 5}, {4, 7}, {1, 6}, {2, 3}], [{8, 5}, {4, 7}, {1, 6}, {3}, {2}], [{8, 5}, {4, 7}, {2, 6}, {1, 3}], [{8, 5}, {4, 7}, {3, 6}, {1, 2}], [{8, 5}, {6, 7}, {1, 4}, {2, 3}], [{8, 5}, {6, 7}, {2, 4}, {1, 3}], [{8, 5}, {6, 7}, {3, 4}, {1, 2}], [{8, 5}, {7}, {4, 6}, {1, 3}, {2}], [{8, 5}, {7}, {6}, {1, 4}, {2, 3}], [{8, 6}, {1, 7}, {2, 5}, {3, 4}], [{8, 6}, {1, 7}, {3, 5}, {2, 4}], [{8, 6}, {1, 7}, {4, 5}, {2, 3}], [{8, 6}, {1, 7}, {5}, {2, 4}, {3}], [{8, 6}, {2, 7}, {1, 5}, {3, 4}], [{8, 6}, {2, 7}, {3, 5}, {1, 4}], [{8, 6}, {2, 7}, {4, 5}, {1, 3}], [{8, 6}, {2, 7}, {5}, {1, 4}, {3}], [{8, 6}, {3, 7}, {1, 5}, {2, 4}], [{8, 6}, {3, 7}, {2, 5}, {1, 4}], [{8, 6}, {3, 7}, {4, 5}, {1, 2}], [{8, 6}, {4, 7}, {1, 5}, {2, 3}], [{8, 6}, {4, 7}, {2, 5}, {1, 3}], [{8, 6}, {4, 7}, {3, 5}, {1, 2}], [{8, 6}, {4, 7}, {5}, {2, 3}, {1}], [{8, 6}, {5, 7}, {1, 4}, {2, 3}], [{8, 6}, {5, 7}, {2, 4}, {1, 3}], [{8, 6}, {5, 7}, {3, 4}, {1, 2}], [{8, 6}, {5, 7}, {4}, {2, 3}, {1}], [{8, 6}, {7}, {4, 5}, {2, 3}, {1}], [{8, 7}, {1, 6}, {2, 5}, {3, 4}], [{8, 7}, {1, 6}, {3, 5}, {2, 4}], [{8, 7}, {1, 6}, {4, 5}, {2, 3}], [{8, 7}, {2, 6}, {1, 5}, {3, 4}], [{8, 7}, {2, 6}, {1, 5}, {4}, {3}], [{8, 7}, {2, 6}, {3, 5}, {1, 4}], [{8, 7}, {2, 6}, {4, 5}, {1, 3}], [{8, 7}, {3, 6}, {1, 5}, {2, 4}], [{8, 7}, {3, 6}, {2, 5}, {1, 4}], [{8, 7}, {3, 6}, {4, 5}, {1, 2}], [{8, 7}, {3, 6}, {5}, {1, 4}, {2}], [{8, 7}, {4, 6}, {1, 5}, {2, 3}], [{8, 7}, {4, 6}, {2, 5}, {1, 3}], [{8, 7}, {4, 6}, {3, 5}, {1, 2}], [{8, 7}, {4, 6}, {5}, {1, 3}, {2}], [{8, 7}, {4, 6}, {5}, {2, 3}, {1}], [{8, 7}, {4, 6}, {5}, {3}, {1, 2}], [{8, 7}, {5, 6}, {1, 4}, {2, 3}], [{8, 7}, {5, 6}, {2, 4}, {1, 3}], [{8, 7}, {5, 6}, {2, 4}, {3}, {1}], [{8, 7}, {5, 6}, {3, 4}, {1, 2}], [{8, 7}, {6}, {2, 5}, {3, 4}, {1}], [{8}, {1, 7}, {3, 6}, {4, 5}, {2}], [{8}, {1, 7}, {4, 6}, {2, 5}, {3}], [{8}, {1, 7}, {5, 6}, {4}, {2, 3}], [{8}, {2, 7}, {3, 6}, {1, 5}, {4}], [{8}, {2, 7}, {3, 6}, {4, 5}, {1}], [{8}, {2, 7}, {3, 6}, {5}, {1, 4}], [{8}, {2, 7}, {5, 6}, {1, 4}, {3}], [{8}, {2, 7}, {6}, {3, 5}, {1, 4}], [{8}, {4, 7}, {1, 6}, {2, 5}, {3}], [{8}, {4, 7}, {1, 6}, {3, 5}, {2}], [{8}, {4, 7}, {1, 6}, {5}, {2, 3}], [{8}, {4, 7}, {1, 6}, {5}, {3}, {2}], [{8}, {5, 7}, {1, 6}, {4}, {2, 3}], [{8}, {5, 7}, {2, 6}, {1, 4}, {3}], [{8}, {5, 7}, {4, 6}, {1, 3}, {2}], [{8}, {7}, {1, 6}, {4, 5}, {2, 3}], [{8}, {7}, {3, 6}, {4, 5}, {1, 2}]]",2,- 14 K_1^2 - 12 K_1 K_2 + 6 K_1 - 4 K_2^2 + 7 K_2 + 6 K_3 + 2 K_4 + 10,O1O2O3O4U5U6O7U8U7O5O8U1U4U3O6U2,O1O2O3U4U5O6O4U6O7O5U2U1U8U3O8U7,O1O2O3U4O5U1U5U3U2O6O4U7O8O7U6U8,c,{'O1O2O3O4U3O5U2U1U4O6O7U8U6O8U5U7'},1,"<a href=""/flatknot/8.704487"">8.704487</a>",t^9-61t^7-218t^6-202t^5+42t^4+155t^3-6t^2-14t+2,-t^2+2t,,
8.704488,O1O2O3O4U3O5U2U1U5O6O7U4U7O8U6U8,4,6z^3+49z^2+116z+85,6w^4z^3+49w^3z^2+116w^2z+85w,False,False,"[[ 0 -2 -2 -1  1  2  0  1  1],[ 2  0  0  0  4  2  1  1  0],[ 2  0  0  0  3  1  1  1  0],[ 1  0  0  0  1  0  1  1  0],[-1 -4 -3 -1  0  0  2  1  1],[-2 -2 -1  0  0  0  0  0  0],[ 0 -1 -1 -1 -2  0  0  0  1],[-1 -1 -1 -1 -1  0  0  0  0],[-1  0  0  0 -1  0 -1  0  0]]","[[ 0  2  1  1  1  0 -1 -2 -2],[-2  0  0  0  0  0  0 -1 -2],[-1  0  0  1  1  2 -1 -3 -4],[-1  0 -1  0  0  0 -1 -1 -1],[-1  0 -1  0  0 -1  0  0  0],[ 0  0 -2  0  1  0 -1 -1 -1],[ 1  0  1  1  0  1  0  0  0],[ 2  1  3  1  0  1  0  0  0],[ 2  2  4  1  0  1  0  0  0]]",True,"[-2,-1,-1,-1,0,1,2,2,0,0,0,0,0,1,2,-1,-1,-2,1,3,4,0,0,1,1,1,1,0,0,0,1,1,1,0,0,0]","[-2,-2,-1,0,1,1,1,2,0,0,1,0,1,3,1,0,1,0,1,4,2,1,0,1,1,0,1,0,-2,0,0,-1,0,-1,0,0]",t^8+44t^6+107t^4+40t^2+1,"[-2,-2,-1,0,1,1,1,2,0,1,1,-1,2,3,2,1,1,0,2,3,3,0,1,1,2,3,3,1,0,2,-1,-1,1,0,1,1]","[-2,-1,-1,-1,0,1,2,2,1,1,1,2,3,2,3,-1,0,0,2,3,3,1,3,1,-1,0,1,1,2,2,0,1,1,1,1,0]","[-2,-2,-1,0,1,1,1,2,0,0,1,0,1,3,1,0,1,0,1,4,2,1,0,1,1,0,1,0,-2,0,0,-1,0,-1,0,0]",c,"[[{8, 1}, {2, 7}, {3, 6}, {4, 5}], [{8, 1}, {2, 7}, {4, 6}, {3, 5}], [{8, 1}, {2, 7}, {5, 6}, {3, 4}], [{8, 1}, {3, 7}, {2, 6}, {4, 5}], [{8, 1}, {3, 7}, {4, 6}, {2, 5}], [{8, 1}, {3, 7}, {4, 6}, {5}, {2}], [{8, 1}, {3, 7}, {5, 6}, {2, 4}], [{8, 1}, {3, 7}, {6}, {2, 5}, {4}], [{8, 1}, {4, 7}, {2, 6}, {3, 5}], [{8, 1}, {4, 7}, {3, 6}, {2, 5}], [{8, 1}, {4, 7}, {3, 6}, {5}, {2}], [{8, 1}, {4, 7}, {5, 6}, {2, 3}], [{8, 1}, {4, 7}, {5, 6}, {3}, {2}], [{8, 1}, {4, 7}, {6}, {3, 5}, {2}], [{8, 1}, {5, 7}, {2, 6}, {3, 4}], [{8, 1}, {5, 7}, {3, 6}, {2, 4}], [{8, 1}, {5, 7}, {4, 6}, {2, 3}], [{8, 1}, {5, 7}, {4, 6}, {3}, {2}], [{8, 1}, {6, 7}, {2, 5}, {3, 4}], [{8, 1}, {6, 7}, {3, 5}, {2, 4}], [{8, 1}, {6, 7}, {3, 5}, {4}, {2}], [{8, 1}, {6, 7}, {4, 5}, {2, 3}], [{8, 1}, {7}, {4, 6}, {3, 5}, {2}], [{8, 1}, {7}, {6}, {4, 5}, {2, 3}], [{8, 2}, {1, 7}, {3, 6}, {4, 5}], [{8, 2}, {1, 7}, {3, 6}, {5}, {4}], [{8, 2}, {1, 7}, {4, 6}, {3, 5}], [{8, 2}, {1, 7}, {5, 6}, {3, 4}], [{8, 2}, {1, 7}, {5, 6}, {4}, {3}], [{8, 2}, {1, 7}, {6}, {3, 5}, {4}], [{8, 2}, {3, 7}, {1, 6}, {4, 5}], [{8, 2}, {3, 7}, {4, 6}, {1, 5}], [{8, 2}, {3, 7}, {5, 6}, {1, 4}], [{8, 2}, {3, 7}, {5, 6}, {4}, {1}], [{8, 2}, {4, 7}, {1, 6}, {3, 5}], [{8, 2}, {4, 7}, {3, 6}, {1, 5}], [{8, 2}, {4, 7}, {5, 6}, {1, 3}], [{8, 2}, {5, 7}, {1, 6}, {3, 4}], [{8, 2}, {5, 7}, {3, 6}, {1, 4}], [{8, 2}, {5, 7}, {3, 6}, {4}, {1}], [{8, 2}, {5, 7}, {4, 6}, {1, 3}], [{8, 2}, {6, 7}, {1, 5}, {3, 4}], [{8, 2}, {6, 7}, {3, 5}, {1, 4}], [{8, 2}, {6, 7}, {3, 5}, {4}, {1}], [{8, 2}, {6, 7}, {4, 5}, {1, 3}], [{8, 2}, {6, 7}, {4, 5}, {3}, {1}], [{8, 2}, {6, 7}, {5}, {3, 4}, {1}], [{8, 2}, {7}, {1, 6}, {3, 5}, {4}], [{8, 2}, {7}, {3, 6}, {1, 5}, {4}], [{8, 2}, {7}, {4, 6}, {1, 5}, {3}], [{8, 2}, {7}, {5, 6}, {4}, {1, 3}], [{8, 2}, {7}, {6}, {1, 5}, {3, 4}], [{8, 3}, {1, 7}, {2, 6}, {4, 5}], [{8, 3}, {1, 7}, {4, 6}, {2, 5}], [{8, 3}, {1, 7}, {5, 6}, {2, 4}], [{8, 3}, {1, 7}, {5, 6}, {4}, {2}], [{8, 3}, {2, 7}, {1, 6}, {4, 5}], [{8, 3}, {2, 7}, {4, 6}, {1, 5}], [{8, 3}, {2, 7}, {5, 6}, {1, 4}], [{8, 3}, {4, 7}, {1, 6}, {2, 5}], [{8, 3}, {4, 7}, {1, 6}, {5}, {2}], [{8, 3}, {4, 7}, {2, 6}, {1, 5}], [{8, 3}, {4, 7}, {5, 6}, {1, 2}], [{8, 3}, {5, 7}, {1, 6}, {2, 4}], [{8, 3}, {5, 7}, {2, 6}, {1, 4}], [{8, 3}, {5, 7}, {4, 6}, {1, 2}], [{8, 3}, {6, 7}, {1, 5}, {2, 4}], [{8, 3}, {6, 7}, {2, 5}, {1, 4}], [{8, 3}, {6, 7}, {4, 5}, {1, 2}], [{8, 4}, {1, 7}, {2, 6}, {3, 5}], [{8, 4}, {1, 7}, {3, 6}, {2, 5}], [{8, 4}, {1, 7}, {5, 6}, {2, 3}], [{8, 4}, {1, 7}, {6}, {3, 5}, {2}], [{8, 4}, {2, 7}, {1, 6}, {3, 5}], [{8, 4}, {2, 7}, {3, 6}, {1, 5}], [{8, 4}, {2, 7}, {5, 6}, {1, 3}], [{8, 4}, {2, 7}, {5, 6}, {3}, {1}], [{8, 4}, {3, 7}, {1, 6}, {2, 5}], [{8, 4}, {3, 7}, {2, 6}, {1, 5}], [{8, 4}, {3, 7}, {5, 6}, {1, 2}], [{8, 4}, {3, 7}, {6}, {2, 5}, {1}], [{8, 4}, {5, 7}, {1, 6}, {2, 3}], [{8, 4}, {5, 7}, {2, 6}, {1, 3}], [{8, 4}, {5, 7}, {3, 6}, {1, 2}], [{8, 4}, {6, 7}, {1, 5}, {2, 3}], [{8, 4}, {6, 7}, {2, 5}, {1, 3}], [{8, 4}, {6, 7}, {2, 5}, {3}, {1}], [{8, 4}, {6, 7}, {3, 5}, {1, 2}], [{8, 4}, {6, 7}, {3, 5}, {2}, {1}], [{8, 4}, {6, 7}, {5}, {2, 3}, {1}], [{8, 4}, {7}, {1, 6}, {3, 5}, {2}], [{8, 4}, {7}, {3, 6}, {2, 5}, {1}], [{8, 5}, {1, 7}, {2, 6}, {3, 4}], [{8, 5}, {1, 7}, {3, 6}, {2, 4}], [{8, 5}, {1, 7}, {4, 6}, {2, 3}], [{8, 5}, {2, 7}, {1, 6}, {3, 4}], [{8, 5}, {2, 7}, {1, 6}, {4}, {3}], [{8, 5}, {2, 7}, {3, 6}, {1, 4}], [{8, 5}, {2, 7}, {4, 6}, {1, 3}], [{8, 5}, {3, 7}, {1, 6}, {2, 4}], [{8, 5}, {3, 7}, {2, 6}, {1, 4}], [{8, 5}, {3, 7}, {4, 6}, {1, 2}], [{8, 5}, {3, 7}, {6}, {4}, {1, 2}], [{8, 5}, {4, 7}, {1, 6}, {2, 3}], [{8, 5}, {4, 7}, {2, 6}, {1, 3}], [{8, 5}, {4, 7}, {3, 6}, {1, 2}], [{8, 5}, {4, 7}, {6}, {3}, {1, 2}], [{8, 5}, {6, 7}, {1, 4}, {2, 3}], [{8, 5}, {6, 7}, {2, 4}, {1, 3}], [{8, 5}, {6, 7}, {3, 4}, {1, 2}], [{8, 5}, {7}, {6}, {3, 4}, {1, 2}], [{8, 6}, {1, 7}, {2, 5}, {3, 4}], [{8, 6}, {1, 7}, {3, 5}, {2, 4}], [{8, 6}, {1, 7}, {4, 5}, {2, 3}], [{8, 6}, {2, 7}, {1, 5}, {3, 4}], [{8, 6}, {2, 7}, {3, 5}, {1, 4}], [{8, 6}, {2, 7}, {4, 5}, {1, 3}], [{8, 6}, {2, 7}, {4, 5}, {3}, {1}], [{8, 6}, {3, 7}, {1, 5}, {2, 4}], [{8, 6}, {3, 7}, {1, 5}, {4}, {2}], [{8, 6}, {3, 7}, {2, 5}, {1, 4}], [{8, 6}, {3, 7}, {4, 5}, {1, 2}], [{8, 6}, {4, 7}, {1, 5}, {2, 3}], [{8, 6}, {4, 7}, {2, 5}, {1, 3}], [{8, 6}, {4, 7}, {3, 5}, {1, 2}], [{8, 6}, {5, 7}, {1, 4}, {2, 3}], [{8, 6}, {5, 7}, {2, 4}, {1, 3}], [{8, 6}, {5, 7}, {3, 4}, {1, 2}], [{8, 6}, {7}, {2, 5}, {3, 4}, {1}], [{8, 7}, {1, 6}, {2, 5}, {3, 4}], [{8, 7}, {1, 6}, {3, 5}, {2, 4}], [{8, 7}, {1, 6}, {4, 5}, {2, 3}], [{8, 7}, {1, 6}, {5}, {3, 4}, {2}], [{8, 7}, {2, 6}, {1, 5}, {3, 4}], [{8, 7}, {2, 6}, {3, 5}, {1, 4}], [{8, 7}, {2, 6}, {4, 5}, {1, 3}], [{8, 7}, {3, 6}, {1, 5}, {2, 4}], [{8, 7}, {3, 6}, {2, 5}, {1, 4}], [{8, 7}, {3, 6}, {4, 5}, {1, 2}], [{8, 7}, {4, 6}, {1, 5}, {2, 3}], [{8, 7}, {4, 6}, {2, 5}, {1, 3}], [{8, 7}, {4, 6}, {3, 5}, {1, 2}], [{8, 7}, {5, 6}, {1, 4}, {2, 3}], [{8, 7}, {5, 6}, {2, 4}, {1, 3}], [{8, 7}, {5, 6}, {3, 4}, {1, 2}], [{8, 7}, {5, 6}, {3, 4}, {2}, {1}], [{8, 7}, {5, 6}, {4}, {3}, {1, 2}], [{8, 7}, {6}, {1, 5}, {3, 4}, {2}], [{8}, {1, 7}, {5, 6}, {4}, {2, 3}], [{8}, {1, 7}, {6}, {3, 5}, {2, 4}], [{8}, {2, 7}, {6}, {1, 5}, {3, 4}], [{8}, {2, 7}, {6}, {3, 5}, {1, 4}], [{8}, {3, 7}, {1, 6}, {5}, {2, 4}], [{8}, {3, 7}, {6}, {2, 5}, {1, 4}], [{8}, {4, 7}, {2, 6}, {1, 5}, {3}], [{8}, {4, 7}, {6}, {2, 5}, {1, 3}], [{8}, {5, 7}, {1, 6}, {2, 4}, {3}], [{8}, {6, 7}, {3, 5}, {1, 4}, {2}], [{8}, {6, 7}, {3, 5}, {2, 4}, {1}], [{8}, {6, 7}, {3, 5}, {4}, {1, 2}], [{8}, {6, 7}, {3, 5}, {4}, {2}, {1}], [{8}, {7}, {1, 6}, {3, 5}, {2, 4}], [{8}, {7}, {2, 6}, {3, 5}, {1, 4}]]",2,- 8 K_1^4 + 8 K_1^3 + 12 K_1^2 K_2 - 2 K_1^2 - 8 K_1 K_2 - 4 K_1 K_3 - 2 K_1 - 2 K_2^2 + K_2 + 2 K_3 + K_4 + 3,O1O2O3O4U5U6O5U7U1O7O6U8U4U3O8U2,O1O2O3U4U5O6O5U7O4O7U2U1U8U6O8U3,O1O2O3U1O4U5U4U3U2O6O7U6O8O5U8U7,c,{'O1O2O3O4U3O5U2U1U5O6O7U4U7O8U6U8'},1,"<a href=""/flatknot/8.704488"">8.704488</a>",t^9-46t^7-48t^6+20t^5-40t^4+240t^3-24t^2-101t+4,t^2-2t,,
8.704489,O1O2O3O4U3O5U2U1U5O6O7U6U4O8U7U8,4,4z^3+41z^2+106z+81,4w^4z^3+41w^3z^2+106w^2z+81w,False,False,"[[ 0 -2 -2 -1  2  2 -1  1  1],[ 2  0  0  0  4  2  0  1  0],[ 2  0  0  0  3  1  0  1  0],[ 1  0  0  0  1  0  0  1  0],[-2 -4 -3 -1  0  0  0  2  1],[-2 -2 -1  0  0  0  0  0  0],[ 1  0  0  0  0  0  0  1  1],[-1 -1 -1 -1 -2  0 -1  0  1],[-1  0  0  0 -1  0 -1 -1  0]]","[[ 0  2  2  1  1 -1 -1 -2 -2],[-2  0  0  2  1  0 -1 -3 -4],[-2  0  0  0  0  0  0 -1 -2],[-1 -2  0  0  1 -1 -1 -1 -1],[-1 -1  0 -1  0 -1  0  0  0],[ 1  0  0  1  1  0  0  0  0],[ 1  1  0  1  0  0  0  0  0],[ 2  3  1  1  0  0  0  0  0],[ 2  4  2  1  0  0  0  0  0]]",True,"[-2,-2,-1,-1,1,1,2,2,0,-2,-1,0,1,3,4,0,0,0,0,1,2,-1,1,1,1,1,1,0,0,0,0,0,0,0,0,0]","[-2,-2,-1,-1,1,1,2,2,0,-2,-1,0,1,3,4,0,0,0,0,1,2,-1,1,1,1,1,1,0,0,0,0,0,0,0,0,0]",t^8+42t^6+138t^4+45t^2+1,"[-2,-2,-1,-1,1,1,2,2,0,1,1,2,3,0,2,1,1,2,3,1,3,0,1,1,3,3,1,2,2,3,-1,3,1,2,1,0]","[-2,-2,-1,-1,1,1,2,2,0,1,1,3,3,2,3,2,3,2,3,0,1,-1,2,1,3,3,1,1,2,2,0,1,1,1,1,0]","[-2,-2,-1,-1,1,1,2,2,0,0,0,0,1,1,3,0,0,0,1,2,4,0,0,1,0,1,1,1,0,0,-1,0,-1,0,-2,0]",c,"[[{8, 1}, {2, 7}, {3, 6}, {4, 5}], [{8, 1}, {2, 7}, {4, 6}, {3, 5}], [{8, 1}, {2, 7}, {5, 6}, {3, 4}], [{8, 1}, {2, 7}, {6}, {3, 5}, {4}], [{8, 1}, {3, 7}, {2, 6}, {4, 5}], [{8, 1}, {3, 7}, {4, 6}, {2, 5}], [{8, 1}, {3, 7}, {5, 6}, {2, 4}], [{8, 1}, {4, 7}, {2, 6}, {3, 5}], [{8, 1}, {4, 7}, {3, 6}, {2, 5}], [{8, 1}, {4, 7}, {5, 6}, {2, 3}], [{8, 1}, {5, 7}, {2, 6}, {3, 4}], [{8, 1}, {5, 7}, {3, 6}, {2, 4}], [{8, 1}, {5, 7}, {4, 6}, {2, 3}], [{8, 1}, {6, 7}, {2, 5}, {3, 4}], [{8, 1}, {6, 7}, {2, 5}, {4}, {3}], [{8, 1}, {6, 7}, {3, 5}, {2, 4}], [{8, 1}, {6, 7}, {3, 5}, {4}, {2}], [{8, 1}, {6, 7}, {4, 5}, {2, 3}], [{8, 1}, {6, 7}, {4, 5}, {3}, {2}], [{8, 1}, {6, 7}, {5}, {2, 4}, {3}], [{8, 1}, {6, 7}, {5}, {3, 4}, {2}], [{8, 1}, {6, 7}, {5}, {4}, {2, 3}], [{8, 1}, {6, 7}, {5}, {4}, {3}, {2}], [{8, 1}, {7}, {2, 6}, {3, 5}, {4}], [{8, 1}, {7}, {6}, {2, 5}, {3, 4}], [{8, 2}, {1, 7}, {3, 6}, {4, 5}], [{8, 2}, {1, 7}, {4, 6}, {3, 5}], [{8, 2}, {1, 7}, {5, 6}, {3, 4}], [{8, 2}, {1, 7}, {6}, {3, 5}, {4}], [{8, 2}, {1, 7}, {6}, {4, 5}, {3}], [{8, 2}, {1, 7}, {6}, {5}, {3, 4}], [{8, 2}, {3, 7}, {1, 6}, {4, 5}], [{8, 2}, {3, 7}, {4, 6}, {1, 5}], [{8, 2}, {3, 7}, {5, 6}, {1, 4}], [{8, 2}, {4, 7}, {1, 6}, {3, 5}], [{8, 2}, {4, 7}, {3, 6}, {1, 5}], [{8, 2}, {4, 7}, {5, 6}, {1, 3}], [{8, 2}, {4, 7}, {5, 6}, {3}, {1}], [{8, 2}, {5, 7}, {1, 6}, {3, 4}], [{8, 2}, {5, 7}, {3, 6}, {1, 4}], [{8, 2}, {5, 7}, {4, 6}, {1, 3}], [{8, 2}, {5, 7}, {4, 6}, {3}, {1}], [{8, 2}, {6, 7}, {1, 5}, {3, 4}], [{8, 2}, {6, 7}, {3, 5}, {1, 4}], [{8, 2}, {6, 7}, {4, 5}, {1, 3}], [{8, 3}, {1, 7}, {2, 6}, {4, 5}], [{8, 3}, {1, 7}, {2, 6}, {5}, {4}], [{8, 3}, {1, 7}, {4, 6}, {2, 5}], [{8, 3}, {1, 7}, {5, 6}, {2, 4}], [{8, 3}, {1, 7}, {6}, {4, 5}, {2}], [{8, 3}, {2, 7}, {1, 6}, {4, 5}], [{8, 3}, {2, 7}, {1, 6}, {5}, {4}], [{8, 3}, {2, 7}, {4, 6}, {1, 5}], [{8, 3}, {2, 7}, {5, 6}, {1, 4}], [{8, 3}, {4, 7}, {1, 6}, {2, 5}], [{8, 3}, {4, 7}, {2, 6}, {1, 5}], [{8, 3}, {4, 7}, {5, 6}, {1, 2}], [{8, 3}, {5, 7}, {1, 6}, {2, 4}], [{8, 3}, {5, 7}, {2, 6}, {1, 4}], [{8, 3}, {5, 7}, {4, 6}, {1, 2}], [{8, 3}, {6, 7}, {1, 5}, {2, 4}], [{8, 3}, {6, 7}, {2, 5}, {1, 4}], [{8, 3}, {6, 7}, {4, 5}, {1, 2}], [{8, 3}, {7}, {4, 6}, {2, 5}, {1}], [{8, 4}, {1, 7}, {2, 6}, {3, 5}], [{8, 4}, {1, 7}, {3, 6}, {2, 5}], [{8, 4}, {1, 7}, {5, 6}, {2, 3}], [{8, 4}, {1, 7}, {6}, {2, 5}, {3}], [{8, 4}, {2, 7}, {1, 6}, {3, 5}], [{8, 4}, {2, 7}, {1, 6}, {5}, {3}], [{8, 4}, {2, 7}, {3, 6}, {1, 5}], [{8, 4}, {2, 7}, {3, 6}, {5}, {1}], [{8, 4}, {2, 7}, {5, 6}, {1, 3}], [{8, 4}, {2, 7}, {5, 6}, {3}, {1}], [{8, 4}, {2, 7}, {6}, {1, 5}, {3}], [{8, 4}, {2, 7}, {6}, {3, 5}, {1}], [{8, 4}, {2, 7}, {6}, {5}, {1, 3}], [{8, 4}, {2, 7}, {6}, {5}, {3}, {1}], [{8, 4}, {3, 7}, {1, 6}, {2, 5}], [{8, 4}, {3, 7}, {2, 6}, {1, 5}], [{8, 4}, {3, 7}, {5, 6}, {1, 2}], [{8, 4}, {3, 7}, {5, 6}, {2}, {1}], [{8, 4}, {5, 7}, {1, 6}, {2, 3}], [{8, 4}, {5, 7}, {2, 6}, {1, 3}], [{8, 4}, {5, 7}, {3, 6}, {1, 2}], [{8, 4}, {5, 7}, {6}, {3}, {1, 2}], [{8, 4}, {6, 7}, {1, 5}, {2, 3}], [{8, 4}, {6, 7}, {2, 5}, {1, 3}], [{8, 4}, {6, 7}, {3, 5}, {1, 2}], [{8, 4}, {6, 7}, {3, 5}, {2}, {1}], [{8, 4}, {7}, {2, 6}, {3, 5}, {1}], [{8, 4}, {7}, {5, 6}, {2, 3}, {1}], [{8, 5}, {1, 7}, {2, 6}, {3, 4}], [{8, 5}, {1, 7}, {2, 6}, {4}, {3}], [{8, 5}, {1, 7}, {3, 6}, {2, 4}], [{8, 5}, {1, 7}, {4, 6}, {2, 3}], [{8, 5}, {1, 7}, {4, 6}, {3}, {2}], [{8, 5}, {1, 7}, {6}, {2, 4}, {3}], [{8, 5}, {2, 7}, {1, 6}, {3, 4}], [{8, 5}, {2, 7}, {3, 6}, {1, 4}], [{8, 5}, {2, 7}, {4, 6}, {1, 3}], [{8, 5}, {3, 7}, {1, 6}, {2, 4}], [{8, 5}, {3, 7}, {2, 6}, {1, 4}], [{8, 5}, {3, 7}, {4, 6}, {1, 2}], [{8, 5}, {4, 7}, {1, 6}, {2, 3}], [{8, 5}, {4, 7}, {1, 6}, {3}, {2}], [{8, 5}, {4, 7}, {2, 6}, {1, 3}], [{8, 5}, {4, 7}, {3, 6}, {1, 2}], [{8, 5}, {6, 7}, {1, 4}, {2, 3}], [{8, 5}, {6, 7}, {2, 4}, {1, 3}], [{8, 5}, {6, 7}, {3, 4}, {1, 2}], [{8, 6}, {1, 7}, {2, 5}, {3, 4}], [{8, 6}, {1, 7}, {3, 5}, {2, 4}], [{8, 6}, {1, 7}, {3, 5}, {4}, {2}], [{8, 6}, {1, 7}, {4, 5}, {2, 3}], [{8, 6}, {1, 7}, {5}, {2, 4}, {3}], [{8, 6}, {2, 7}, {1, 5}, {3, 4}], [{8, 6}, {2, 7}, {1, 5}, {4}, {3}], [{8, 6}, {2, 7}, {3, 5}, {1, 4}], [{8, 6}, {2, 7}, {4, 5}, {1, 3}], [{8, 6}, {3, 7}, {1, 5}, {2, 4}], [{8, 6}, {3, 7}, {2, 5}, {1, 4}], [{8, 6}, {3, 7}, {4, 5}, {1, 2}], [{8, 6}, {3, 7}, {4, 5}, {2}, {1}], [{8, 6}, {4, 7}, {1, 5}, {2, 3}], [{8, 6}, {4, 7}, {2, 5}, {1, 3}], [{8, 6}, {4, 7}, {3, 5}, {1, 2}], [{8, 6}, {5, 7}, {1, 4}, {2, 3}], [{8, 6}, {5, 7}, {1, 4}, {3}, {2}], [{8, 6}, {5, 7}, {2, 4}, {1, 3}], [{8, 6}, {5, 7}, {3, 4}, {1, 2}], [{8, 6}, {7}, {2, 5}, {3, 4}, {1}], [{8, 7}, {1, 6}, {2, 5}, {3, 4}], [{8, 7}, {1, 6}, {3, 5}, {2, 4}], [{8, 7}, {1, 6}, {4, 5}, {2, 3}], [{8, 7}, {2, 6}, {1, 5}, {3, 4}], [{8, 7}, {2, 6}, {3, 5}, {1, 4}], [{8, 7}, {2, 6}, {3, 5}, {4}, {1}], [{8, 7}, {2, 6}, {4, 5}, {1, 3}], [{8, 7}, {3, 6}, {1, 5}, {2, 4}], [{8, 7}, {3, 6}, {2, 5}, {1, 4}], [{8, 7}, {3, 6}, {4, 5}, {1, 2}], [{8, 7}, {4, 6}, {1, 5}, {2, 3}], [{8, 7}, {4, 6}, {2, 5}, {1, 3}], [{8, 7}, {4, 6}, {3, 5}, {1, 2}], [{8, 7}, {5, 6}, {1, 4}, {2, 3}], [{8, 7}, {5, 6}, {1, 4}, {3}, {2}], [{8, 7}, {5, 6}, {2, 4}, {1, 3}], [{8, 7}, {5, 6}, {3, 4}, {1, 2}], [{8, 7}, {5, 6}, {3, 4}, {2}, {1}], [{8, 7}, {5, 6}, {4}, {1, 3}, {2}], [{8}, {1, 7}, {2, 6}, {3, 5}, {4}], [{8}, {1, 7}, {3, 6}, {2, 5}, {4}], [{8}, {1, 7}, {5, 6}, {2, 4}, {3}], [{8}, {1, 7}, {6}, {4, 5}, {2, 3}], [{8}, {2, 7}, {1, 6}, {5}, {3, 4}], [{8}, {2, 7}, {4, 6}, {1, 5}, {3}], [{8}, {2, 7}, {6}, {3, 5}, {1, 4}], [{8}, {3, 7}, {4, 6}, {1, 5}, {2}], [{8}, {4, 7}, {2, 6}, {3, 5}, {1}], [{8}, {4, 7}, {3, 6}, {2, 5}, {1}], [{8}, {5, 7}, {1, 6}, {3, 4}, {2}], [{8}, {6, 7}, {3, 5}, {1, 4}, {2}], [{8}, {7}, {1, 6}, {2, 5}, {3, 4}], [{8}, {7}, {2, 6}, {3, 5}, {1, 4}], [{8}, {7}, {2, 6}, {3, 5}, {4}, {1}], [{8}, {7}, {3, 6}, {2, 5}, {1, 4}], [{8}, {7}, {4, 6}, {1, 5}, {2, 3}]]",2,- 8 K_1^4 + 8 K_1^3 + 16 K_1^2 K_2 - 2 K_1^2 - 8 K_1 K_2 - 6 K_1 K_3 - 2 K_1 + 2 K_3 + 1,O1O2O3O4U5U6O5U1U7O6O7U8U4U3O8U2,O1O2O3U4U5O4O6U7O5O7U2U1U8U6O8U3,O1O2O3U1O4U5U4U3U2O6O7U6O5O8U7U8,c,{'O1O2O3O4U3O5U2U1U5O6O7U6U4O8U7U8'},1,"<a href=""/flatknot/8.704489"">8.704489</a>",t^9-42t^7-24t^6+146t^5+18t^4-48t^3+96t^2+74t-2,0,,
8.704490,O1O2O3O4U3O5U2U1U5O6O7U6U7O8U4U8,4,9z^3+57z^2+115z+75,9w^4z^3+57w^3z^2+115w^2z+75w,False,False,"[[ 0 -2 -2 -1  2  2 -1  1  1],[ 2  0  0  0  4  2  0  0  1],[ 2  0  0  0  3  1  0  0  1],[ 1  0  0  0  1  0  0  0  1],[-2 -4 -3 -1  0  0 -1  1  1],[-2 -2 -1  0  0  0  0  0  0],[ 1  0  0  0  1  0  0  1  0],[-1  0  0  0 -1  0 -1  0  0],[-1 -1 -1 -1 -1  0  0  0  0]]","[[ 0  2  2  1  1 -1 -1 -2 -2],[-2  0  0  1  1 -1 -1 -3 -4],[-2  0  0  0  0  0  0 -1 -2],[-1 -1  0  0  0  0 -1  0  0],[-1 -1  0  0  0 -1  0 -1 -1],[ 1  1  0  0  1  0  0  0  0],[ 1  1  0  1  0  0  0  0  0],[ 2  3  1  0  1  0  0  0  0],[ 2  4  2  0  1  0  0  0  0]]",True,"[-2,-2,-1,-1,1,1,2,2,0,-1,-1,1,1,3,4,0,0,0,0,1,2,0,0,1,0,0,1,0,1,1,0,0,0,0,0,0]","[-2,-2,-1,-1,1,1,2,2,0,-1,-1,1,1,3,4,0,0,0,0,1,2,0,0,1,0,0,1,0,1,1,0,0,0,0,0,0]",t^8+38t^6+85t^4+47t^2+1,"[-2,-2,-1,-1,1,1,2,2,0,1,1,2,3,0,2,1,1,2,3,1,3,0,1,2,2,3,2,1,2,3,0,2,1,2,1,0]","[-2,-2,-1,-1,1,1,2,2,0,1,1,3,3,2,3,2,2,2,2,0,1,0,1,2,2,2,2,1,3,3,0,1,1,1,1,0]","[-2,-2,-1,-1,1,1,2,2,0,0,0,0,1,1,3,0,0,0,1,2,4,0,0,1,0,1,1,0,0,1,0,0,-1,0,-1,0]",c,"[[{8, 2}, {3, 7}, {5, 6}, {1, 4}], [{8, 2}, {6, 7}, {3, 5}, {1, 4}], [{8, 3}, {6, 7}, {1, 5}, {2, 4}], [{8, 3}, {6, 7}, {2, 5}, {1, 4}], [{8, 5}, {3, 7}, {2, 6}, {1, 4}], [{8, 5}, {6, 7}, {1, 4}, {2, 3}], [{8, 6}, {3, 7}, {1, 5}, {2, 4}], [{8, 6}, {3, 7}, {2, 5}, {1, 4}]]",1,- 8 K_1^4 + 12 K_1^3 + 12 K_1^2 K_2 - 2 K_1^2 - 8 K_1 K_2 - 6 K_1 K_3 - 5 K_1 + 2 K_2 + K_3 + K_4 + 2,O1O2O3O4U5U1O5U6U7O6O7U8U4U3O8U2,O1O2O3U4U5O4O5U6O7O6U2U1U8U7O8U3,O1O2O3U1O4U5U4U3U2O6O5U6O7O8U7U8,c,{'O1O2O3O4U3O5U2U1U5O6O7U6U7O8U4U8'},1,"<a href=""/flatknot/8.704490"">8.704490</a>",t^9-38t^7-10t^6+47t^5+18t^4+29t^3+2t^2-29t,0,,
8.704491,O1O2O3O4U3O5U2U1U5O6O7U8U4O8U6U7,4,7z^3+49z^2+105z+71,7w^4z^3-4w^4z^2+53w^3z^2-4w^3z+109w^2z+71w,False,False,"[[ 0 -2 -2 -1  2  2  0  2 -1],[ 2  0  0  0  4  2  1  1  1],[ 2  0  0  0  3  1  1  1  1],[ 1  0  0  0  1  0  1  1  0],[-2 -4 -3 -1  0  0  0  1 -2],[-2 -2 -1  0  0  0  0  0 -2],[ 0 -1 -1 -1  0  0  0  1  0],[-2 -1 -1 -1 -1  0 -1  0 -2],[ 1 -1 -1  0  2  2  0  2  0]]","[[ 0  2  2  2  0 -1 -1 -2 -2],[-2  0  1  0  0 -1 -2 -3 -4],[-2 -1  0  0 -1 -1 -2 -1 -1],[-2  0  0  0  0  0 -2 -1 -2],[ 0  0  1  0  0 -1  0 -1 -1],[ 1  1  1  0  1  0  0  0  0],[ 1  2  2  2  0  0  0 -1 -1],[ 2  3  1  1  1  0  1  0  0],[ 2  4  1  2  1  0  1  0  0]]",True,"[-2,-2,-2,0,1,1,2,2,-1,0,0,1,2,3,4,0,1,1,2,1,1,0,0,2,1,2,1,0,1,1,0,0,0,1,1,0]","[-2,-2,-2,0,1,1,2,2,-1,0,0,1,2,3,4,0,1,1,2,1,1,0,0,2,1,2,1,0,1,1,0,0,0,1,1,0]",t^8+53t^6+200t^4+159t^2+4,"[-2,-2,-1,-1,0,2,2,2,0,0,1,1,0,2,3,0,1,1,1,3,3,0,1,1,1,1,0,2,3,2,2,2,1,0,-1,0]","[-2,-2,-2,0,1,1,2,2,-1,0,1,1,2,3,3,0,2,1,2,0,1,2,1,3,2,3,1,0,1,1,0,0,0,1,1,0]","[-2,-2,-1,-1,0,2,2,2,0,0,1,1,1,1,3,0,1,1,1,2,4,0,1,1,0,1,0,2,2,2,1,0,0,0,-1,0]",c,"[[{8, 1}, {2, 7}, {3, 6}, {4, 5}], [{8, 1}, {2, 7}, {4, 6}, {3, 5}], [{8, 1}, {2, 7}, {5, 6}, {3, 4}], [{8, 1}, {3, 7}, {2, 6}, {4, 5}], [{8, 1}, {3, 7}, {4, 6}, {2, 5}], [{8, 1}, {3, 7}, {5, 6}, {2, 4}], [{8, 1}, {4, 7}, {2, 6}, {3, 5}], [{8, 1}, {4, 7}, {3, 6}, {2, 5}], [{8, 1}, {4, 7}, {3, 6}, {5}, {2}], [{8, 1}, {4, 7}, {5, 6}, {2, 3}], [{8, 1}, {5, 7}, {2, 6}, {3, 4}], [{8, 1}, {5, 7}, {3, 6}, {2, 4}], [{8, 1}, {5, 7}, {4, 6}, {2, 3}], [{8, 1}, {6, 7}, {2, 5}, {3, 4}], [{8, 1}, {6, 7}, {3, 5}, {2, 4}], [{8, 1}, {6, 7}, {4, 5}, {2, 3}], [{8, 1}, {7}, {5, 6}, {3, 4}, {2}], [{8, 1}, {7}, {6}, {4, 5}, {2, 3}], [{8, 2}, {1, 7}, {3, 6}, {4, 5}], [{8, 2}, {1, 7}, {4, 6}, {3, 5}], [{8, 2}, {1, 7}, {5, 6}, {3, 4}], [{8, 2}, {1, 7}, {6}, {5}, {3, 4}], [{8, 2}, {3, 7}, {1, 6}, {4, 5}], [{8, 2}, {3, 7}, {4, 6}, {1, 5}], [{8, 2}, {3, 7}, {5, 6}, {1, 4}], [{8, 2}, {4, 7}, {1, 6}, {3, 5}], [{8, 2}, {4, 7}, {3, 6}, {1, 5}], [{8, 2}, {4, 7}, {5, 6}, {1, 3}], [{8, 2}, {4, 7}, {5, 6}, {3}, {1}], [{8, 2}, {5, 7}, {1, 6}, {3, 4}], [{8, 2}, {5, 7}, {3, 6}, {1, 4}], [{8, 2}, {5, 7}, {4, 6}, {1, 3}], [{8, 2}, {5, 7}, {6}, {1, 4}, {3}], [{8, 2}, {6, 7}, {1, 5}, {3, 4}], [{8, 2}, {6, 7}, {3, 5}, {1, 4}], [{8, 2}, {6, 7}, {4, 5}, {1, 3}], [{8, 2}, {6, 7}, {5}, {3, 4}, {1}], [{8, 2}, {7}, {1, 6}, {5}, {3, 4}], [{8, 2}, {7}, {4, 6}, {1, 5}, {3}], [{8, 2}, {7}, {6}, {4, 5}, {1, 3}], [{8, 3}, {1, 7}, {2, 6}, {4, 5}], [{8, 3}, {1, 7}, {2, 6}, {5}, {4}], [{8, 3}, {1, 7}, {4, 6}, {2, 5}], [{8, 3}, {1, 7}, {5, 6}, {2, 4}], [{8, 3}, {1, 7}, {5, 6}, {4}, {2}], [{8, 3}, {1, 7}, {6}, {2, 5}, {4}], [{8, 3}, {2, 7}, {1, 6}, {4, 5}], [{8, 3}, {2, 7}, {4, 6}, {1, 5}], [{8, 3}, {2, 7}, {5, 6}, {1, 4}], [{8, 3}, {2, 7}, {6}, {1, 5}, {4}], [{8, 3}, {4, 7}, {1, 6}, {2, 5}], [{8, 3}, {4, 7}, {1, 6}, {5}, {2}], [{8, 3}, {4, 7}, {2, 6}, {1, 5}], [{8, 3}, {4, 7}, {2, 6}, {5}, {1}], [{8, 3}, {4, 7}, {5, 6}, {1, 2}], [{8, 3}, {4, 7}, {5, 6}, {2}, {1}], [{8, 3}, {4, 7}, {6}, {1, 5}, {2}], [{8, 3}, {4, 7}, {6}, {2, 5}, {1}], [{8, 3}, {4, 7}, {6}, {5}, {1, 2}], [{8, 3}, {4, 7}, {6}, {5}, {2}, {1}], [{8, 3}, {5, 7}, {1, 6}, {2, 4}], [{8, 3}, {5, 7}, {1, 6}, {4}, {2}], [{8, 3}, {5, 7}, {2, 6}, {1, 4}], [{8, 3}, {5, 7}, {4, 6}, {1, 2}], [{8, 3}, {6, 7}, {1, 5}, {2, 4}], [{8, 3}, {6, 7}, {2, 5}, {1, 4}], [{8, 3}, {6, 7}, {4, 5}, {1, 2}], [{8, 3}, {7}, {1, 6}, {4, 5}, {2}], [{8, 3}, {7}, {2, 6}, {5}, {1, 4}], [{8, 3}, {7}, {5, 6}, {1, 4}, {2}], [{8, 3}, {7}, {6}, {1, 5}, {2, 4}], [{8, 3}, {7}, {6}, {2, 5}, {1, 4}], [{8, 4}, {1, 7}, {2, 6}, {3, 5}], [{8, 4}, {1, 7}, {3, 6}, {2, 5}], [{8, 4}, {1, 7}, {5, 6}, {2, 3}], [{8, 4}, {1, 7}, {6}, {2, 5}, {3}], [{8, 4}, {2, 7}, {1, 6}, {3, 5}], [{8, 4}, {2, 7}, {3, 6}, {1, 5}], [{8, 4}, {2, 7}, {5, 6}, {1, 3}], [{8, 4}, {2, 7}, {6}, {1, 5}, {3}], [{8, 4}, {3, 7}, {1, 6}, {2, 5}], [{8, 4}, {3, 7}, {2, 6}, {1, 5}], [{8, 4}, {3, 7}, {5, 6}, {1, 2}], [{8, 4}, {5, 7}, {1, 6}, {2, 3}], [{8, 4}, {5, 7}, {2, 6}, {1, 3}], [{8, 4}, {5, 7}, {3, 6}, {1, 2}], [{8, 4}, {6, 7}, {1, 5}, {2, 3}], [{8, 4}, {6, 7}, {2, 5}, {1, 3}], [{8, 4}, {6, 7}, {3, 5}, {1, 2}], [{8, 4}, {7}, {1, 6}, {3, 5}, {2}], [{8, 4}, {7}, {5, 6}, {1, 3}, {2}], [{8, 5}, {1, 7}, {2, 6}, {3, 4}], [{8, 5}, {1, 7}, {3, 6}, {2, 4}], [{8, 5}, {1, 7}, {4, 6}, {2, 3}], [{8, 5}, {1, 7}, {6}, {3, 4}, {2}], [{8, 5}, {2, 7}, {1, 6}, {3, 4}], [{8, 5}, {2, 7}, {3, 6}, {1, 4}], [{8, 5}, {2, 7}, {4, 6}, {1, 3}], [{8, 5}, {3, 7}, {1, 6}, {2, 4}], [{8, 5}, {3, 7}, {2, 6}, {1, 4}], [{8, 5}, {3, 7}, {4, 6}, {1, 2}], [{8, 5}, {4, 7}, {1, 6}, {2, 3}], [{8, 5}, {4, 7}, {2, 6}, {1, 3}], [{8, 5}, {4, 7}, {3, 6}, {1, 2}], [{8, 5}, {6, 7}, {1, 4}, {2, 3}], [{8, 5}, {6, 7}, {2, 4}, {1, 3}], [{8, 5}, {6, 7}, {3, 4}, {1, 2}], [{8, 5}, {6, 7}, {3, 4}, {2}, {1}], [{8, 5}, {7}, {1, 6}, {3, 4}, {2}], [{8, 5}, {7}, {2, 6}, {1, 4}, {3}], [{8, 6}, {1, 7}, {2, 5}, {3, 4}], [{8, 6}, {1, 7}, {3, 5}, {2, 4}], [{8, 6}, {1, 7}, {4, 5}, {2, 3}], [{8, 6}, {1, 7}, {5}, {2, 4}, {3}], [{8, 6}, {2, 7}, {1, 5}, {3, 4}], [{8, 6}, {2, 7}, {1, 5}, {4}, {3}], [{8, 6}, {2, 7}, {3, 5}, {1, 4}], [{8, 6}, {2, 7}, {4, 5}, {1, 3}], [{8, 6}, {3, 7}, {1, 5}, {2, 4}], [{8, 6}, {3, 7}, {2, 5}, {1, 4}], [{8, 6}, {3, 7}, {4, 5}, {1, 2}], [{8, 6}, {4, 7}, {1, 5}, {2, 3}], [{8, 6}, {4, 7}, {2, 5}, {1, 3}], [{8, 6}, {4, 7}, {3, 5}, {1, 2}], [{8, 6}, {4, 7}, {5}, {1, 3}, {2}], [{8, 6}, {5, 7}, {1, 4}, {2, 3}], [{8, 6}, {5, 7}, {1, 4}, {3}, {2}], [{8, 6}, {5, 7}, {2, 4}, {1, 3}], [{8, 6}, {5, 7}, {3, 4}, {1, 2}], [{8, 7}, {1, 6}, {2, 5}, {3, 4}], [{8, 7}, {1, 6}, {2, 5}, {4}, {3}], [{8, 7}, {1, 6}, {3, 5}, {2, 4}], [{8, 7}, {1, 6}, {4, 5}, {2, 3}], [{8, 7}, {1, 6}, {4, 5}, {3}, {2}], [{8, 7}, {1, 6}, {5}, {2, 4}, {3}], [{8, 7}, {2, 6}, {1, 5}, {3, 4}], [{8, 7}, {2, 6}, {1, 5}, {4}, {3}], [{8, 7}, {2, 6}, {3, 5}, {1, 4}], [{8, 7}, {2, 6}, {4, 5}, {1, 3}], [{8, 7}, {2, 6}, {4, 5}, {3}, {1}], [{8, 7}, {2, 6}, {5}, {1, 4}, {3}], [{8, 7}, {3, 6}, {1, 5}, {2, 4}], [{8, 7}, {3, 6}, {2, 5}, {1, 4}], [{8, 7}, {3, 6}, {4, 5}, {1, 2}], [{8, 7}, {4, 6}, {1, 5}, {2, 3}], [{8, 7}, {4, 6}, {1, 5}, {3}, {2}], [{8, 7}, {4, 6}, {2, 5}, {1, 3}], [{8, 7}, {4, 6}, {2, 5}, {3}, {1}], [{8, 7}, {4, 6}, {3, 5}, {1, 2}], [{8, 7}, {4, 6}, {5}, {3}, {1, 2}], [{8, 7}, {5, 6}, {1, 4}, {2, 3}], [{8, 7}, {5, 6}, {1, 4}, {3}, {2}], [{8, 7}, {5, 6}, {2, 4}, {1, 3}], [{8, 7}, {5, 6}, {2, 4}, {3}, {1}], [{8, 7}, {5, 6}, {3, 4}, {1, 2}], [{8, 7}, {5, 6}, {4}, {3}, {1, 2}], [{8, 7}, {6}, {1, 5}, {2, 4}, {3}], [{8, 7}, {6}, {2, 5}, {1, 4}, {3}], [{8, 7}, {6}, {4, 5}, {3}, {1, 2}], [{8}, {1, 7}, {6}, {2, 5}, {3, 4}], [{8}, {2, 7}, {3, 6}, {1, 5}, {4}], [{8}, {2, 7}, {4, 6}, {1, 5}, {3}], [{8}, {2, 7}, {6}, {1, 5}, {3, 4}], [{8}, {3, 7}, {1, 6}, {4, 5}, {2}], [{8}, {3, 7}, {2, 6}, {5}, {1, 4}], [{8}, {3, 7}, {5, 6}, {1, 4}, {2}], [{8}, {3, 7}, {6}, {1, 5}, {2, 4}], [{8}, {3, 7}, {6}, {2, 5}, {1, 4}], [{8}, {4, 7}, {5, 6}, {2, 3}, {1}], [{8}, {5, 7}, {2, 6}, {1, 4}, {3}], [{8}, {5, 7}, {2, 6}, {3, 4}, {1}], [{8}, {5, 7}, {2, 6}, {4}, {1, 3}], [{8}, {5, 7}, {4, 6}, {1, 3}, {2}], [{8}, {5, 7}, {6}, {2, 4}, {1, 3}], [{8}, {6, 7}, {2, 5}, {3, 4}, {1}], [{8}, {7}, {1, 6}, {2, 5}, {3, 4}], [{8}, {7}, {2, 6}, {3, 5}, {1, 4}]]",2,- 16 K_1^4 + 4 K_1^3 + 24 K_1^2 K_2 - 2 K_1^2 - 4 K_1 K_2 - 8 K_1 K_3 - K_1 + K_2 + K_3 + 2,O1O2O3O4U5U6O7U1U7O5O6U8U4U3O8U2,O1O2O3U4U5O6O7U6O4O5U2U1U8U7O8U3,O1O2O3U1O4U5U4U3U2O6O7U8O5O8U6U7,c,{'O1O2O3O4U3O5U2U1U5O6O7U8U4O8U6U7'},1,"<a href=""/flatknot/8.704491"">8.704491</a>",t^9-51t^7-78t^6+101t^5+188t^4+2t^3+34t^2+9t-2,-t^2+2t,,
8.704492,O1O2O3O4U3O5U2U1U5O6O7U8U6O8U4U7,4,33z^2+118z+105,33w^3z^2+118w^2z+105w,False,False,"[[ 0 -2 -2 -1  2  2  0  2 -1],[ 2  0  0  0  4  2  0  1  2],[ 2  0  0  0  3  1  0  1  2],[ 1  0  0  0  1  0  0  1  1],[-2 -4 -3 -1  0  0  1  2 -3],[-2 -2 -1  0  0  0  0  0 -2],[ 0  0  0  0 -1  0  0  0  0],[-2 -1 -1 -1 -2  0  0  0 -2],[ 1 -2 -2 -1  3  2  0  2  0]]","[[ 0  2  2  2  0 -1 -1 -2 -2],[-2  0  2  0  1 -1 -3 -3 -4],[-2 -2  0  0  0 -1 -2 -1 -1],[-2  0  0  0  0  0 -2 -1 -2],[ 0 -1  0  0  0  0  0  0  0],[ 1  1  1  0  0  0  1  0  0],[ 1  3  2  2  0 -1  0 -2 -2],[ 2  3  1  1  0  0  2  0  0],[ 2  4  1  2  0  0  2  0  0]]",True,"[-2,-2,-2,0,1,1,2,2,-2,0,-1,1,3,3,4,0,0,1,2,1,1,0,0,2,1,2,0,0,0,0,-1,0,0,2,2,0]","[-2,-2,-2,0,1,1,2,2,-2,0,-1,1,3,3,4,0,0,1,2,1,1,0,0,2,1,2,0,0,0,0,-1,0,0,2,2,0]",t^8+65t^6+146t^4+30t^2+1,"[-2,-2,-1,-1,0,2,2,2,0,-1,1,2,0,2,3,-1,1,2,1,3,3,1,1,0,1,1,1,2,3,2,3,2,2,0,-2,0]","[-2,-2,-2,0,1,1,2,2,-2,0,2,1,2,3,3,0,3,0,2,0,1,2,1,3,2,3,1,1,2,2,-1,-1,-1,1,1,0]","[-2,-2,-1,-1,0,2,2,2,0,0,2,0,1,1,3,0,2,0,1,2,4,1,0,1,0,1,0,2,2,3,0,0,-1,0,-2,0]",c,"[[{8, 1}, {2, 7}, {3, 6}, {4, 5}], [{8, 1}, {2, 7}, {4, 6}, {3, 5}], [{8, 1}, {2, 7}, {5, 6}, {3, 4}], [{8, 1}, {3, 7}, {2, 6}, {4, 5}], [{8, 1}, {3, 7}, {4, 6}, {2, 5}], [{8, 1}, {3, 7}, {5, 6}, {2, 4}], [{8, 1}, {3, 7}, {6}, {5}, {2, 4}], [{8, 1}, {4, 7}, {2, 6}, {3, 5}], [{8, 1}, {4, 7}, {3, 6}, {2, 5}], [{8, 1}, {4, 7}, {5, 6}, {2, 3}], [{8, 1}, {4, 7}, {5, 6}, {3}, {2}], [{8, 1}, {5, 7}, {2, 6}, {3, 4}], [{8, 1}, {5, 7}, {2, 6}, {4}, {3}], [{8, 1}, {5, 7}, {3, 6}, {2, 4}], [{8, 1}, {5, 7}, {3, 6}, {4}, {2}], [{8, 1}, {5, 7}, {4, 6}, {2, 3}], [{8, 1}, {5, 7}, {4, 6}, {3}, {2}], [{8, 1}, {5, 7}, {6}, {2, 4}, {3}], [{8, 1}, {5, 7}, {6}, {3, 4}, {2}], [{8, 1}, {5, 7}, {6}, {4}, {2, 3}], [{8, 1}, {5, 7}, {6}, {4}, {3}, {2}], [{8, 1}, {6, 7}, {2, 5}, {3, 4}], [{8, 1}, {6, 7}, {3, 5}, {2, 4}], [{8, 1}, {6, 7}, {4, 5}, {2, 3}], [{8, 1}, {6, 7}, {4, 5}, {3}, {2}], [{8, 1}, {7}, {2, 6}, {5}, {3, 4}], [{8, 1}, {7}, {6}, {3, 5}, {2, 4}], [{8, 2}, {1, 7}, {3, 6}, {4, 5}], [{8, 2}, {1, 7}, {3, 6}, {5}, {4}], [{8, 2}, {1, 7}, {4, 6}, {3, 5}], [{8, 2}, {1, 7}, {5, 6}, {3, 4}], [{8, 2}, {3, 7}, {1, 6}, {4, 5}], [{8, 2}, {3, 7}, {4, 6}, {1, 5}], [{8, 2}, {3, 7}, {5, 6}, {1, 4}], [{8, 2}, {4, 7}, {1, 6}, {3, 5}], [{8, 2}, {4, 7}, {3, 6}, {1, 5}], [{8, 2}, {4, 7}, {5, 6}, {1, 3}], [{8, 2}, {5, 7}, {1, 6}, {3, 4}], [{8, 2}, {5, 7}, {3, 6}, {1, 4}], [{8, 2}, {5, 7}, {4, 6}, {1, 3}], [{8, 2}, {6, 7}, {1, 5}, {3, 4}], [{8, 2}, {6, 7}, {3, 5}, {1, 4}], [{8, 2}, {6, 7}, {4, 5}, {1, 3}], [{8, 2}, {6, 7}, {5}, {1, 4}, {3}], [{8, 3}, {1, 7}, {2, 6}, {4, 5}], [{8, 3}, {1, 7}, {4, 6}, {2, 5}], [{8, 3}, {1, 7}, {4, 6}, {5}, {2}], [{8, 3}, {1, 7}, {5, 6}, {2, 4}], [{8, 3}, {1, 7}, {5, 6}, {4}, {2}], [{8, 3}, {1, 7}, {6}, {4, 5}, {2}], [{8, 3}, {2, 7}, {1, 6}, {4, 5}], [{8, 3}, {2, 7}, {1, 6}, {5}, {4}], [{8, 3}, {2, 7}, {4, 6}, {1, 5}], [{8, 3}, {2, 7}, {4, 6}, {5}, {1}], [{8, 3}, {2, 7}, {5, 6}, {1, 4}], [{8, 3}, {2, 7}, {5, 6}, {4}, {1}], [{8, 3}, {2, 7}, {6}, {1, 5}, {4}], [{8, 3}, {2, 7}, {6}, {4, 5}, {1}], [{8, 3}, {2, 7}, {6}, {5}, {1, 4}], [{8, 3}, {4, 7}, {1, 6}, {2, 5}], [{8, 3}, {4, 7}, {2, 6}, {1, 5}], [{8, 3}, {4, 7}, {5, 6}, {1, 2}], [{8, 3}, {4, 7}, {5, 6}, {2}, {1}], [{8, 3}, {5, 7}, {1, 6}, {2, 4}], [{8, 3}, {5, 7}, {2, 6}, {1, 4}], [{8, 3}, {5, 7}, {4, 6}, {1, 2}], [{8, 3}, {5, 7}, {4, 6}, {2}, {1}], [{8, 3}, {6, 7}, {1, 5}, {2, 4}], [{8, 3}, {6, 7}, {2, 5}, {1, 4}], [{8, 3}, {6, 7}, {4, 5}, {1, 2}], [{8, 3}, {6, 7}, {4, 5}, {2}, {1}], [{8, 3}, {7}, {1, 6}, {4, 5}, {2}], [{8, 3}, {7}, {2, 6}, {4, 5}, {1}], [{8, 3}, {7}, {4, 6}, {1, 5}, {2}], [{8, 3}, {7}, {4, 6}, {2, 5}, {1}], [{8, 3}, {7}, {4, 6}, {5}, {1, 2}], [{8, 3}, {7}, {4, 6}, {5}, {2}, {1}], [{8, 3}, {7}, {5, 6}, {1, 4}, {2}], [{8, 3}, {7}, {5, 6}, {2, 4}, {1}], [{8, 3}, {7}, {5, 6}, {4}, {1, 2}], [{8, 3}, {7}, {5, 6}, {4}, {2}, {1}], [{8, 3}, {7}, {6}, {4, 5}, {1, 2}], [{8, 3}, {7}, {6}, {4, 5}, {2}, {1}], [{8, 4}, {1, 7}, {2, 6}, {3, 5}], [{8, 4}, {1, 7}, {3, 6}, {2, 5}], [{8, 4}, {1, 7}, {5, 6}, {2, 3}], [{8, 4}, {2, 7}, {1, 6}, {3, 5}], [{8, 4}, {2, 7}, {3, 6}, {1, 5}], [{8, 4}, {2, 7}, {5, 6}, {1, 3}], [{8, 4}, {2, 7}, {6}, {1, 5}, {3}], [{8, 4}, {3, 7}, {1, 6}, {2, 5}], [{8, 4}, {3, 7}, {1, 6}, {5}, {2}], [{8, 4}, {3, 7}, {2, 6}, {1, 5}], [{8, 4}, {3, 7}, {5, 6}, {1, 2}], [{8, 4}, {3, 7}, {6}, {2, 5}, {1}], [{8, 4}, {5, 7}, {1, 6}, {2, 3}], [{8, 4}, {5, 7}, {2, 6}, {1, 3}], [{8, 4}, {5, 7}, {2, 6}, {3}, {1}], [{8, 4}, {5, 7}, {3, 6}, {1, 2}], [{8, 4}, {6, 7}, {1, 5}, {2, 3}], [{8, 4}, {6, 7}, {2, 5}, {1, 3}], [{8, 4}, {6, 7}, {3, 5}, {1, 2}], [{8, 4}, {6, 7}, {3, 5}, {2}, {1}], [{8, 4}, {7}, {6}, {3, 5}, {1, 2}], [{8, 5}, {1, 7}, {2, 6}, {3, 4}], [{8, 5}, {1, 7}, {3, 6}, {2, 4}], [{8, 5}, {1, 7}, {4, 6}, {2, 3}], [{8, 5}, {2, 7}, {1, 6}, {3, 4}], [{8, 5}, {2, 7}, {1, 6}, {4}, {3}], [{8, 5}, {2, 7}, {3, 6}, {1, 4}], [{8, 5}, {2, 7}, {4, 6}, {1, 3}], [{8, 5}, {2, 7}, {4, 6}, {3}, {1}], [{8, 5}, {2, 7}, {6}, {1, 4}, {3}], [{8, 5}, {3, 7}, {1, 6}, {2, 4}], [{8, 5}, {3, 7}, {2, 6}, {1, 4}], [{8, 5}, {3, 7}, {4, 6}, {1, 2}], [{8, 5}, {3, 7}, {6}, {1, 4}, {2}], [{8, 5}, {4, 7}, {1, 6}, {2, 3}], [{8, 5}, {4, 7}, {1, 6}, {3}, {2}], [{8, 5}, {4, 7}, {2, 6}, {1, 3}], [{8, 5}, {4, 7}, {3, 6}, {1, 2}], [{8, 5}, {6, 7}, {1, 4}, {2, 3}], [{8, 5}, {6, 7}, {2, 4}, {1, 3}], [{8, 5}, {6, 7}, {3, 4}, {1, 2}], [{8, 5}, {7}, {1, 6}, {2, 4}, {3}], [{8, 5}, {7}, {6}, {1, 4}, {2, 3}], [{8, 6}, {1, 7}, {2, 5}, {3, 4}], [{8, 6}, {1, 7}, {3, 5}, {2, 4}], [{8, 6}, {1, 7}, {4, 5}, {2, 3}], [{8, 6}, {2, 7}, {1, 5}, {3, 4}], [{8, 6}, {2, 7}, {3, 5}, {1, 4}], [{8, 6}, {2, 7}, {4, 5}, {1, 3}], [{8, 6}, {3, 7}, {1, 5}, {2, 4}], [{8, 6}, {3, 7}, {2, 5}, {1, 4}], [{8, 6}, {3, 7}, {4, 5}, {1, 2}], [{8, 6}, {3, 7}, {5}, {1, 4}, {2}], [{8, 6}, {4, 7}, {1, 5}, {2, 3}], [{8, 6}, {4, 7}, {2, 5}, {1, 3}], [{8, 6}, {4, 7}, {3, 5}, {1, 2}], [{8, 6}, {5, 7}, {1, 4}, {2, 3}], [{8, 6}, {5, 7}, {2, 4}, {1, 3}], [{8, 6}, {5, 7}, {3, 4}, {1, 2}], [{8, 6}, {5, 7}, {4}, {2, 3}, {1}], [{8, 6}, {7}, {2, 5}, {1, 4}, {3}], [{8, 7}, {1, 6}, {2, 5}, {3, 4}], [{8, 7}, {1, 6}, {2, 5}, {4}, {3}], [{8, 7}, {1, 6}, {3, 5}, {2, 4}], [{8, 7}, {1, 6}, {4, 5}, {2, 3}], [{8, 7}, {2, 6}, {1, 5}, {3, 4}], [{8, 7}, {2, 6}, {3, 5}, {1, 4}], [{8, 7}, {2, 6}, {4, 5}, {1, 3}], [{8, 7}, {2, 6}, {5}, {4}, {1, 3}], [{8, 7}, {3, 6}, {1, 5}, {2, 4}], [{8, 7}, {3, 6}, {2, 5}, {1, 4}], [{8, 7}, {3, 6}, {4, 5}, {1, 2}], [{8, 7}, {4, 6}, {1, 5}, {2, 3}], [{8, 7}, {4, 6}, {2, 5}, {1, 3}], [{8, 7}, {4, 6}, {3, 5}, {1, 2}], [{8, 7}, {5, 6}, {1, 4}, {2, 3}], [{8, 7}, {5, 6}, {1, 4}, {3}, {2}], [{8, 7}, {5, 6}, {2, 4}, {1, 3}], [{8, 7}, {5, 6}, {3, 4}, {1, 2}], [{8, 7}, {6}, {2, 5}, {3, 4}, {1}], [{8}, {1, 7}, {2, 6}, {3, 5}, {4}], [{8}, {1, 7}, {5, 6}, {2, 4}, {3}], [{8}, {2, 7}, {1, 6}, {3, 5}, {4}], [{8}, {2, 7}, {4, 6}, {3, 5}, {1}], [{8}, {2, 7}, {6}, {1, 5}, {3, 4}], [{8}, {2, 7}, {6}, {3, 5}, {1, 4}], [{8}, {3, 7}, {5, 6}, {1, 4}, {2}], [{8}, {4, 7}, {3, 6}, {1, 5}, {2}], [{8}, {4, 7}, {3, 6}, {2, 5}, {1}], [{8}, {4, 7}, {3, 6}, {5}, {1, 2}], [{8}, {4, 7}, {5, 6}, {1, 3}, {2}], [{8}, {5, 7}, {1, 6}, {4}, {2, 3}], [{8}, {5, 7}, {2, 6}, {1, 4}, {3}], [{8}, {5, 7}, {4, 6}, {1, 3}, {2}], [{8}, {6, 7}, {4, 5}, {1, 3}, {2}]]",2,12 K_1^3 + 4 K_1^2 K_2 - 6 K_1^2 - 12 K_1 K_2 - 4 K_1 K_3 - 3 K_1 + 3 K_2 + 3 K_3 + K_4 + 3,O1O2O3O4U5U1O6U7U6O5O7U8U4U3O8U2,O1O2O3U4U5O6O4U6O7O5U2U1U8U7O8U3,O1O2O3U1O4U5U4U3U2O6O5U7O8O7U6U8,c,{'O1O2O3O4U3O5U2U1U5O6O7U8U6O8U4U7'},1,"<a href=""/flatknot/8.704492"">8.704492</a>",t^9-63t^7-192t^6-87t^5+190t^4+233t^3-4t^2-32t+2,-t^2+2t,,
8.704493,O1O2O3O4U3O5U2U1U6O7O6U4U7O8U5U8,4,4z^3+36z^2+109z+107,4w^4z^3+36w^3z^2+109w^2z+107w,False,False,"[[ 0 -2 -2 -1  1  2  1  0  1],[ 2  0  0  0  3  3  2  1  1],[ 2  0  0  0  2  2  2  1  1],[ 1  0  0  0  1  1  1  1  0],[-1 -3 -2 -1  0  2 -1  0  1],[-2 -3 -2 -1 -2  0 -1 -1  1],[-1 -2 -2 -1  1  1  0  0  1],[ 0 -1 -1 -1  0  1  0  0  0],[-1 -1 -1  0 -1 -1 -1  0  0]]","[[ 0  2  1  1  1  0 -1 -2 -2],[-2  0  1 -1 -2 -1 -1 -2 -3],[-1 -1  0 -1 -1  0  0 -1 -1],[-1  1  1  0  1  0 -1 -2 -2],[-1  2  1 -1  0  0 -1 -2 -3],[ 0  1  0  0  0  0 -1 -1 -1],[ 1  1  0  1  1  1  0  0  0],[ 2  2  1  2  2  1  0  0  0],[ 2  3  1  2  3  1  0  0  0]]",True,"[-2,-1,-1,-1,0,1,2,2,-1,1,2,1,1,2,3,1,1,0,0,1,1,-1,0,1,2,2,0,1,2,3,1,1,1,0,0,0]","[-2,-2,-1,0,1,1,1,2,0,0,1,1,2,2,2,0,1,1,2,3,3,1,0,1,1,1,0,0,0,1,-1,-1,-1,1,1,2]",t^8+52t^6+109t^4+55t^2+1,"[-2,-2,-1,0,1,1,1,2,0,1,1,0,1,2,1,1,1,1,1,2,2,0,1,1,2,2,1,1,1,1,1,-1,-1,-1,0,2]","[-2,-1,-1,-1,0,1,2,2,-1,0,2,1,2,1,2,-1,1,1,1,0,1,1,1,1,1,1,1,2,2,2,0,1,1,1,1,0]","[-2,-2,-1,0,1,1,1,2,0,0,1,1,2,2,2,0,1,1,2,3,3,1,0,1,1,1,0,0,0,1,-1,-1,-1,1,1,2]",c,"[[{8, 1}, {2, 7}, {3, 6}, {4, 5}], [{8, 1}, {2, 7}, {4, 6}, {3, 5}], [{8, 1}, {2, 7}, {5, 6}, {3, 4}], [{8, 1}, {3, 7}, {2, 6}, {4, 5}], [{8, 1}, {3, 7}, {2, 6}, {5}, {4}], [{8, 1}, {3, 7}, {4, 6}, {2, 5}], [{8, 1}, {3, 7}, {5, 6}, {2, 4}], [{8, 1}, {4, 7}, {2, 6}, {3, 5}], [{8, 1}, {4, 7}, {3, 6}, {2, 5}], [{8, 1}, {4, 7}, {3, 6}, {5}, {2}], [{8, 1}, {4, 7}, {5, 6}, {2, 3}], [{8, 1}, {4, 7}, {6}, {2, 5}, {3}], [{8, 1}, {5, 7}, {2, 6}, {3, 4}], [{8, 1}, {5, 7}, {3, 6}, {2, 4}], [{8, 1}, {5, 7}, {3, 6}, {4}, {2}], [{8, 1}, {5, 7}, {4, 6}, {2, 3}], [{8, 1}, {6, 7}, {2, 5}, {3, 4}], [{8, 1}, {6, 7}, {2, 5}, {4}, {3}], [{8, 1}, {6, 7}, {3, 5}, {2, 4}], [{8, 1}, {6, 7}, {4, 5}, {2, 3}], [{8, 1}, {6, 7}, {5}, {3, 4}, {2}], [{8, 1}, {7}, {3, 6}, {4, 5}, {2}], [{8, 1}, {7}, {4, 6}, {2, 5}, {3}], [{8, 1}, {7}, {4, 6}, {3, 5}, {2}], [{8, 1}, {7}, {4, 6}, {5}, {2, 3}], [{8, 1}, {7}, {5, 6}, {2, 4}, {3}], [{8, 2}, {1, 7}, {3, 6}, {4, 5}], [{8, 2}, {1, 7}, {4, 6}, {3, 5}], [{8, 2}, {1, 7}, {5, 6}, {3, 4}], [{8, 2}, {1, 7}, {5, 6}, {4}, {3}], [{8, 2}, {3, 7}, {1, 6}, {4, 5}], [{8, 2}, {3, 7}, {4, 6}, {1, 5}], [{8, 2}, {3, 7}, {5, 6}, {1, 4}], [{8, 2}, {3, 7}, {5, 6}, {4}, {1}], [{8, 2}, {4, 7}, {1, 6}, {3, 5}], [{8, 2}, {4, 7}, {1, 6}, {5}, {3}], [{8, 2}, {4, 7}, {3, 6}, {1, 5}], [{8, 2}, {4, 7}, {5, 6}, {1, 3}], [{8, 2}, {5, 7}, {1, 6}, {3, 4}], [{8, 2}, {5, 7}, {3, 6}, {1, 4}], [{8, 2}, {5, 7}, {3, 6}, {4}, {1}], [{8, 2}, {5, 7}, {4, 6}, {1, 3}], [{8, 2}, {6, 7}, {1, 5}, {3, 4}], [{8, 2}, {6, 7}, {1, 5}, {4}, {3}], [{8, 2}, {6, 7}, {3, 5}, {1, 4}], [{8, 2}, {6, 7}, {4, 5}, {1, 3}], [{8, 2}, {7}, {5, 6}, {4}, {1, 3}], [{8, 3}, {1, 7}, {2, 6}, {4, 5}], [{8, 3}, {1, 7}, {4, 6}, {2, 5}], [{8, 3}, {1, 7}, {5, 6}, {2, 4}], [{8, 3}, {2, 7}, {1, 6}, {4, 5}], [{8, 3}, {2, 7}, {4, 6}, {1, 5}], [{8, 3}, {2, 7}, {5, 6}, {1, 4}], [{8, 3}, {4, 7}, {1, 6}, {2, 5}], [{8, 3}, {4, 7}, {2, 6}, {1, 5}], [{8, 3}, {4, 7}, {5, 6}, {1, 2}], [{8, 3}, {5, 7}, {1, 6}, {2, 4}], [{8, 3}, {5, 7}, {1, 6}, {4}, {2}], [{8, 3}, {5, 7}, {2, 6}, {1, 4}], [{8, 3}, {5, 7}, {4, 6}, {1, 2}], [{8, 3}, {6, 7}, {1, 5}, {2, 4}], [{8, 3}, {6, 7}, {2, 5}, {1, 4}], [{8, 3}, {6, 7}, {2, 5}, {4}, {1}], [{8, 3}, {6, 7}, {4, 5}, {1, 2}], [{8, 3}, {7}, {2, 6}, {5}, {1, 4}], [{8, 3}, {7}, {5, 6}, {4}, {1, 2}], [{8, 4}, {1, 7}, {2, 6}, {3, 5}], [{8, 4}, {1, 7}, {2, 6}, {5}, {3}], [{8, 4}, {1, 7}, {3, 6}, {2, 5}], [{8, 4}, {1, 7}, {5, 6}, {2, 3}], [{8, 4}, {2, 7}, {1, 6}, {3, 5}], [{8, 4}, {2, 7}, {3, 6}, {1, 5}], [{8, 4}, {2, 7}, {5, 6}, {1, 3}], [{8, 4}, {3, 7}, {1, 6}, {2, 5}], [{8, 4}, {3, 7}, {2, 6}, {1, 5}], [{8, 4}, {3, 7}, {5, 6}, {1, 2}], [{8, 4}, {3, 7}, {6}, {5}, {1, 2}], [{8, 4}, {5, 7}, {1, 6}, {2, 3}], [{8, 4}, {5, 7}, {2, 6}, {1, 3}], [{8, 4}, {5, 7}, {2, 6}, {3}, {1}], [{8, 4}, {5, 7}, {3, 6}, {1, 2}], [{8, 4}, {5, 7}, {3, 6}, {2}, {1}], [{8, 4}, {5, 7}, {6}, {2, 3}, {1}], [{8, 4}, {6, 7}, {1, 5}, {2, 3}], [{8, 4}, {6, 7}, {2, 5}, {1, 3}], [{8, 4}, {6, 7}, {3, 5}, {1, 2}], [{8, 4}, {6, 7}, {5}, {3}, {1, 2}], [{8, 4}, {7}, {2, 6}, {1, 5}, {3}], [{8, 4}, {7}, {3, 6}, {5}, {1, 2}], [{8, 4}, {7}, {6}, {2, 5}, {1, 3}], [{8, 5}, {1, 7}, {2, 6}, {3, 4}], [{8, 5}, {1, 7}, {2, 6}, {4}, {3}], [{8, 5}, {1, 7}, {3, 6}, {2, 4}], [{8, 5}, {1, 7}, {4, 6}, {2, 3}], [{8, 5}, {1, 7}, {6}, {3, 4}, {2}], [{8, 5}, {2, 7}, {1, 6}, {3, 4}], [{8, 5}, {2, 7}, {1, 6}, {4}, {3}], [{8, 5}, {2, 7}, {3, 6}, {1, 4}], [{8, 5}, {2, 7}, {4, 6}, {1, 3}], [{8, 5}, {2, 7}, {6}, {3, 4}, {1}], [{8, 5}, {3, 7}, {1, 6}, {2, 4}], [{8, 5}, {3, 7}, {2, 6}, {1, 4}], [{8, 5}, {3, 7}, {4, 6}, {1, 2}], [{8, 5}, {3, 7}, {4, 6}, {2}, {1}], [{8, 5}, {4, 7}, {1, 6}, {2, 3}], [{8, 5}, {4, 7}, {2, 6}, {1, 3}], [{8, 5}, {4, 7}, {3, 6}, {1, 2}], [{8, 5}, {4, 7}, {6}, {1, 3}, {2}], [{8, 5}, {6, 7}, {1, 4}, {2, 3}], [{8, 5}, {6, 7}, {2, 4}, {1, 3}], [{8, 5}, {6, 7}, {3, 4}, {1, 2}], [{8, 5}, {6, 7}, {3, 4}, {2}, {1}], [{8, 5}, {6, 7}, {4}, {3}, {1, 2}], [{8, 5}, {7}, {1, 6}, {3, 4}, {2}], [{8, 5}, {7}, {2, 6}, {3, 4}, {1}], [{8, 5}, {7}, {3, 6}, {2, 4}, {1}], [{8, 5}, {7}, {6}, {3, 4}, {1, 2}], [{8, 6}, {1, 7}, {2, 5}, {3, 4}], [{8, 6}, {1, 7}, {2, 5}, {4}, {3}], [{8, 6}, {1, 7}, {3, 5}, {2, 4}], [{8, 6}, {1, 7}, {4, 5}, {2, 3}], [{8, 6}, {1, 7}, {5}, {3, 4}, {2}], [{8, 6}, {2, 7}, {1, 5}, {3, 4}], [{8, 6}, {2, 7}, {3, 5}, {1, 4}], [{8, 6}, {2, 7}, {4, 5}, {1, 3}], [{8, 6}, {3, 7}, {1, 5}, {2, 4}], [{8, 6}, {3, 7}, {2, 5}, {1, 4}], [{8, 6}, {3, 7}, {4, 5}, {1, 2}], [{8, 6}, {3, 7}, {5}, {2, 4}, {1}], [{8, 6}, {4, 7}, {1, 5}, {2, 3}], [{8, 6}, {4, 7}, {2, 5}, {1, 3}], [{8, 6}, {4, 7}, {3, 5}, {1, 2}], [{8, 6}, {5, 7}, {1, 4}, {2, 3}], [{8, 6}, {5, 7}, {2, 4}, {1, 3}], [{8, 6}, {5, 7}, {3, 4}, {1, 2}], [{8, 6}, {5, 7}, {4}, {1, 3}, {2}], [{8, 6}, {7}, {1, 5}, {2, 4}, {3}], [{8, 7}, {1, 6}, {2, 5}, {3, 4}], [{8, 7}, {1, 6}, {3, 5}, {2, 4}], [{8, 7}, {1, 6}, {4, 5}, {2, 3}], [{8, 7}, {1, 6}, {4, 5}, {3}, {2}], [{8, 7}, {2, 6}, {1, 5}, {3, 4}], [{8, 7}, {2, 6}, {3, 5}, {1, 4}], [{8, 7}, {2, 6}, {4, 5}, {1, 3}], [{8, 7}, {3, 6}, {1, 5}, {2, 4}], [{8, 7}, {3, 6}, {2, 5}, {1, 4}], [{8, 7}, {3, 6}, {4, 5}, {1, 2}], [{8, 7}, {3, 6}, {5}, {2, 4}, {1}], [{8, 7}, {4, 6}, {1, 5}, {2, 3}], [{8, 7}, {4, 6}, {1, 5}, {3}, {2}], [{8, 7}, {4, 6}, {2, 5}, {1, 3}], [{8, 7}, {4, 6}, {3, 5}, {1, 2}], [{8, 7}, {5, 6}, {1, 4}, {2, 3}], [{8, 7}, {5, 6}, {1, 4}, {3}, {2}], [{8, 7}, {5, 6}, {2, 4}, {1, 3}], [{8, 7}, {5, 6}, {3, 4}, {1, 2}], [{8}, {1, 7}, {2, 6}, {4, 5}, {3}], [{8}, {1, 7}, {5, 6}, {3, 4}, {2}], [{8}, {1, 7}, {6}, {3, 5}, {2, 4}], [{8}, {2, 7}, {4, 6}, {3, 5}, {1}], [{8}, {2, 7}, {6}, {4, 5}, {1, 3}], [{8}, {3, 7}, {6}, {1, 5}, {2, 4}], [{8}, {3, 7}, {6}, {2, 5}, {1, 4}], [{8}, {4, 7}, {2, 6}, {3, 5}, {1}], [{8}, {5, 7}, {3, 6}, {1, 4}, {2}], [{8}, {5, 7}, {3, 6}, {2, 4}, {1}], [{8}, {5, 7}, {3, 6}, {4}, {1, 2}], [{8}, {5, 7}, {3, 6}, {4}, {2}, {1}], [{8}, {6, 7}, {1, 5}, {3, 4}, {2}], [{8}, {6, 7}, {2, 5}, {4}, {1, 3}], [{8}, {6, 7}, {3, 5}, {2, 4}, {1}], [{8}, {6, 7}, {4, 5}, {3}, {1, 2}], [{8}, {6, 7}, {5}, {1, 4}, {2, 3}], [{8}, {7}, {1, 6}, {3, 5}, {2, 4}]]",2,4 K_1^3 - 10 K_1^2 - 12 K_1 K_2 + 3 K_1 + 5 K_2 + 5 K_3 + 6,O1O2O3O4U5U6O5U7U1O8O7U8U4U3O6U2,O1O2O3U4U3O5O4U6O7O6U2U1U8U5O8U7,O1O2O3U4O5U6U5U3U2O7O4U7O8O6U1U8,c,{'O1O2O3O4U3O5U2U1U6O7O6U4U7O8U5U8'},1,"<a href=""/flatknot/8.704493"">8.704493</a>",t^9-54t^7-130t^6+2t^5+144t^4+12t^3-62t^2-8t+2,t^2-2t,,
8.704494,O1O2O3O4U3O5U2U1U6O7O6U5U4O8U7U8,4,8z^3+52z^2+113z+83,8w^4z^3+52w^3z^2+113w^2z+83w,False,False,"[[ 0 -2 -2 -1  2  1  1  0  1],[ 2  0  0  0  4  2  2  2  0],[ 2  0  0  0  3  1  2  2  0],[ 1  0  0  0  1  0  1  1  0],[-2 -4 -3 -1  0  0 -2  1  1],[-1 -2 -1  0  0  0 -1  0  1],[-1 -2 -2 -1  2  1  0  0  0],[ 0 -2 -2 -1 -1  0  0  0  1],[-1  0  0  0 -1 -1  0 -1  0]]","[[ 0  2  1  1  1  0 -1 -2 -2],[-2  0  1  0 -2  1 -1 -3 -4],[-1 -1  0 -1  0 -1  0  0  0],[-1  0  1  0 -1  0  0 -1 -2],[-1  2  0  1  0  0 -1 -2 -2],[ 0 -1  1  0  0  0 -1 -2 -2],[ 1  1  0  0  1  1  0  0  0],[ 2  3  0  1  2  2  0  0  0],[ 2  4  0  2  2  2  0  0  0]]",True,"[-2,-1,-1,-1,0,1,2,2,-1,0,2,-1,1,3,4,1,0,1,0,0,0,1,0,0,1,2,0,1,2,2,1,2,2,0,0,0]","[-2,-2,-1,0,1,1,1,2,0,0,2,0,1,2,3,0,2,0,2,2,4,1,0,0,1,1,1,0,0,-1,-1,0,-1,-1,0,2]",t^8+58t^6+193t^4+113t^2,"[-2,-2,-1,0,1,1,1,2,0,1,0,1,1,3,0,1,0,1,2,3,1,0,1,2,2,2,1,1,0,3,-1,0,-1,-1,1,2]","[-2,-1,-1,-1,0,1,2,2,-1,1,2,3,2,0,1,1,0,1,1,1,1,1,1,2,1,2,0,2,3,3,0,0,0,1,1,0]","[-2,-2,-1,0,1,1,1,2,0,0,2,0,1,2,3,0,2,0,2,2,4,1,0,0,1,1,1,0,0,-1,-1,0,-1,-1,0,2]",c,"[[{8, 1}, {6, 7}, {3, 5}, {2, 4}], [{8, 3}, {1, 7}, {5, 6}, {2, 4}], [{8, 3}, {5, 7}, {1, 6}, {2, 4}], [{8, 3}, {6, 7}, {1, 5}, {2, 4}], [{8, 6}, {1, 7}, {3, 5}, {2, 4}], [{8, 7}, {1, 6}, {3, 5}, {2, 4}]]",1,- 8 K_1^4 + 4 K_1^3 + 12 K_1^2 K_2 - 2 K_1^2 - 8 K_1 K_2 - 4 K_1 K_3 + K_1 - 2 K_2^2 + K_2 + 3 K_3 + K_4 + 3,O1O2O3O4U5U6O5U1U7O8O6U8U4U3O7U2,O1O2O3U4U3O5O6U7O4O7U2U1U8U6O8U5,O1O2O3U4O5U6U5U3U2O7O8U7O6O4U1U8,c,{'O1O2O3O4U3O5U2U1U6O7O6U5U4O8U7U8'},1,"<a href=""/flatknot/8.704494"">8.704494</a>",t^9-60t^7-88t^6+104t^5-60t^4+55t^3+24t^2-27t,t^2-2t,,
8.704495,O1O2O3O4U3O5U2U1U6O7O6U5U7O8U4U8,4,4z^3+43z^2+116z+93,4w^4z^3+43w^3z^2+116w^2z+93w,False,False,"[[ 0 -2 -2 -1  2  1  1  0  1],[ 2  0  0  0  4  2  2  1  1],[ 2  0  0  0  3  1  2  1  1],[ 1  0  0  0  1  0  1  0  1],[-2 -4 -3 -1  0 -1 -1  0  1],[-1 -2 -1  0  1  0 -1  0  0],[-1 -2 -2 -1  1  1  0  0  1],[ 0 -1 -1  0  0  0  0  0  0],[-1 -1 -1 -1 -1  0 -1  0  0]]","[[ 0  2  1  1  1  0 -1 -2 -2],[-2  0  1 -1 -1  0 -1 -3 -4],[-1 -1  0  0 -1  0 -1 -1 -1],[-1  1  0  0 -1  0  0 -1 -2],[-1  1  1  1  0  0 -1 -2 -2],[ 0  0  0  0  0  0  0 -1 -1],[ 1  1  1  0  1  0  0  0  0],[ 2  3  1  1  2  1  0  0  0],[ 2  4  1  2  2  1  0  0  0]]",True,"[-2,-1,-1,-1,0,1,2,2,-1,1,1,0,1,3,4,0,1,0,1,1,1,1,0,0,1,2,0,1,2,2,0,1,1,0,0,0]","[-2,-2,-1,0,1,1,1,2,0,0,1,1,1,2,3,0,1,1,2,2,4,0,1,0,1,1,0,0,0,0,0,-1,-1,-1,1,1]",t^8+50t^6+125t^4+41t^2,"[-2,-2,-1,0,1,1,1,2,0,1,1,1,1,2,0,1,1,1,2,2,1,1,1,2,1,2,1,1,1,2,-1,-1,0,0,0,2]","[-2,-1,-1,-1,0,1,2,2,0,0,2,2,2,0,1,-1,0,1,2,1,2,1,1,1,1,1,1,1,2,2,1,1,1,1,1,0]","[-2,-2,-1,0,1,1,1,2,0,0,1,1,1,2,3,0,1,1,2,2,4,0,1,0,1,1,0,0,0,0,0,-1,-1,-1,1,1]",c,"[[{8, 1}, {2, 7}, {3, 6}, {4, 5}], [{8, 1}, {2, 7}, {4, 6}, {3, 5}], [{8, 1}, {2, 7}, {5, 6}, {3, 4}], [{8, 1}, {3, 7}, {2, 6}, {4, 5}], [{8, 1}, {3, 7}, {4, 6}, {2, 5}], [{8, 1}, {3, 7}, {5, 6}, {2, 4}], [{8, 1}, {3, 7}, {5, 6}, {4}, {2}], [{8, 1}, {4, 7}, {2, 6}, {3, 5}], [{8, 1}, {4, 7}, {3, 6}, {2, 5}], [{8, 1}, {4, 7}, {5, 6}, {2, 3}], [{8, 1}, {5, 7}, {2, 6}, {3, 4}], [{8, 1}, {5, 7}, {3, 6}, {2, 4}], [{8, 1}, {5, 7}, {4, 6}, {2, 3}], [{8, 1}, {5, 7}, {6}, {2, 4}, {3}], [{8, 1}, {6, 7}, {2, 5}, {3, 4}], [{8, 1}, {6, 7}, {2, 5}, {4}, {3}], [{8, 1}, {6, 7}, {3, 5}, {2, 4}], [{8, 1}, {6, 7}, {4, 5}, {2, 3}], [{8, 1}, {6, 7}, {5}, {3, 4}, {2}], [{8, 1}, {7}, {2, 6}, {3, 5}, {4}], [{8, 2}, {1, 7}, {3, 6}, {4, 5}], [{8, 2}, {1, 7}, {4, 6}, {3, 5}], [{8, 2}, {1, 7}, {4, 6}, {5}, {3}], [{8, 2}, {1, 7}, {5, 6}, {3, 4}], [{8, 2}, {3, 7}, {1, 6}, {4, 5}], [{8, 2}, {3, 7}, {4, 6}, {1, 5}], [{8, 2}, {3, 7}, {5, 6}, {1, 4}], [{8, 2}, {3, 7}, {5, 6}, {4}, {1}], [{8, 2}, {4, 7}, {1, 6}, {3, 5}], [{8, 2}, {4, 7}, {1, 6}, {5}, {3}], [{8, 2}, {4, 7}, {3, 6}, {1, 5}], [{8, 2}, {4, 7}, {5, 6}, {1, 3}], [{8, 2}, {5, 7}, {1, 6}, {3, 4}], [{8, 2}, {5, 7}, {3, 6}, {1, 4}], [{8, 2}, {5, 7}, {3, 6}, {4}, {1}], [{8, 2}, {5, 7}, {4, 6}, {1, 3}], [{8, 2}, {6, 7}, {1, 5}, {3, 4}], [{8, 2}, {6, 7}, {3, 5}, {1, 4}], [{8, 2}, {6, 7}, {4, 5}, {1, 3}], [{8, 2}, {6, 7}, {5}, {1, 4}, {3}], [{8, 2}, {7}, {6}, {3, 5}, {1, 4}], [{8, 3}, {1, 7}, {2, 6}, {4, 5}], [{8, 3}, {1, 7}, {4, 6}, {2, 5}], [{8, 3}, {1, 7}, {5, 6}, {2, 4}], [{8, 3}, {1, 7}, {5, 6}, {4}, {2}], [{8, 3}, {2, 7}, {1, 6}, {4, 5}], [{8, 3}, {2, 7}, {4, 6}, {1, 5}], [{8, 3}, {2, 7}, {5, 6}, {1, 4}], [{8, 3}, {2, 7}, {5, 6}, {4}, {1}], [{8, 3}, {4, 7}, {1, 6}, {2, 5}], [{8, 3}, {4, 7}, {2, 6}, {1, 5}], [{8, 3}, {4, 7}, {5, 6}, {1, 2}], [{8, 3}, {4, 7}, {5, 6}, {2}, {1}], [{8, 3}, {5, 7}, {1, 6}, {2, 4}], [{8, 3}, {5, 7}, {2, 6}, {1, 4}], [{8, 3}, {5, 7}, {4, 6}, {1, 2}], [{8, 3}, {6, 7}, {1, 5}, {2, 4}], [{8, 3}, {6, 7}, {2, 5}, {1, 4}], [{8, 3}, {6, 7}, {4, 5}, {1, 2}], [{8, 3}, {7}, {1, 6}, {2, 5}, {4}], [{8, 3}, {7}, {1, 6}, {4, 5}, {2}], [{8, 3}, {7}, {1, 6}, {5}, {2, 4}], [{8, 3}, {7}, {2, 6}, {1, 5}, {4}], [{8, 3}, {7}, {2, 6}, {4, 5}, {1}], [{8, 3}, {7}, {2, 6}, {5}, {1, 4}], [{8, 3}, {7}, {4, 6}, {1, 5}, {2}], [{8, 3}, {7}, {4, 6}, {2, 5}, {1}], [{8, 3}, {7}, {4, 6}, {5}, {1, 2}], [{8, 3}, {7}, {5, 6}, {1, 4}, {2}], [{8, 3}, {7}, {5, 6}, {2, 4}, {1}], [{8, 3}, {7}, {5, 6}, {4}, {1, 2}], [{8, 3}, {7}, {5, 6}, {4}, {2}, {1}], [{8, 3}, {7}, {6}, {1, 5}, {2, 4}], [{8, 3}, {7}, {6}, {2, 5}, {1, 4}], [{8, 3}, {7}, {6}, {4, 5}, {1, 2}], [{8, 4}, {1, 7}, {2, 6}, {3, 5}], [{8, 4}, {1, 7}, {3, 6}, {2, 5}], [{8, 4}, {1, 7}, {5, 6}, {2, 3}], [{8, 4}, {2, 7}, {1, 6}, {3, 5}], [{8, 4}, {2, 7}, {3, 6}, {1, 5}], [{8, 4}, {2, 7}, {5, 6}, {1, 3}], [{8, 4}, {2, 7}, {6}, {1, 5}, {3}], [{8, 4}, {3, 7}, {1, 6}, {2, 5}], [{8, 4}, {3, 7}, {2, 6}, {1, 5}], [{8, 4}, {3, 7}, {5, 6}, {1, 2}], [{8, 4}, {3, 7}, {5, 6}, {2}, {1}], [{8, 4}, {5, 7}, {1, 6}, {2, 3}], [{8, 4}, {5, 7}, {2, 6}, {1, 3}], [{8, 4}, {5, 7}, {3, 6}, {1, 2}], [{8, 4}, {6, 7}, {1, 5}, {2, 3}], [{8, 4}, {6, 7}, {2, 5}, {1, 3}], [{8, 4}, {6, 7}, {2, 5}, {3}, {1}], [{8, 4}, {6, 7}, {3, 5}, {1, 2}], [{8, 4}, {7}, {2, 6}, {3, 5}, {1}], [{8, 4}, {7}, {6}, {2, 5}, {1, 3}], [{8, 5}, {1, 7}, {2, 6}, {3, 4}], [{8, 5}, {1, 7}, {3, 6}, {2, 4}], [{8, 5}, {1, 7}, {3, 6}, {4}, {2}], [{8, 5}, {1, 7}, {4, 6}, {2, 3}], [{8, 5}, {1, 7}, {4, 6}, {3}, {2}], [{8, 5}, {1, 7}, {6}, {3, 4}, {2}], [{8, 5}, {2, 7}, {1, 6}, {3, 4}], [{8, 5}, {2, 7}, {3, 6}, {1, 4}], [{8, 5}, {2, 7}, {4, 6}, {1, 3}], [{8, 5}, {2, 7}, {6}, {1, 4}, {3}], [{8, 5}, {3, 7}, {1, 6}, {2, 4}], [{8, 5}, {3, 7}, {2, 6}, {1, 4}], [{8, 5}, {3, 7}, {4, 6}, {1, 2}], [{8, 5}, {4, 7}, {1, 6}, {2, 3}], [{8, 5}, {4, 7}, {2, 6}, {1, 3}], [{8, 5}, {4, 7}, {3, 6}, {1, 2}], [{8, 5}, {6, 7}, {1, 4}, {2, 3}], [{8, 5}, {6, 7}, {1, 4}, {3}, {2}], [{8, 5}, {6, 7}, {2, 4}, {1, 3}], [{8, 5}, {6, 7}, {3, 4}, {1, 2}], [{8, 5}, {6, 7}, {3, 4}, {2}, {1}], [{8, 5}, {6, 7}, {4}, {1, 3}, {2}], [{8, 5}, {7}, {1, 6}, {3, 4}, {2}], [{8, 5}, {7}, {2, 6}, {1, 4}, {3}], [{8, 5}, {7}, {4, 6}, {2, 3}, {1}], [{8, 6}, {1, 7}, {2, 5}, {3, 4}], [{8, 6}, {1, 7}, {3, 5}, {2, 4}], [{8, 6}, {1, 7}, {4, 5}, {2, 3}], [{8, 6}, {1, 7}, {5}, {2, 4}, {3}], [{8, 6}, {2, 7}, {1, 5}, {3, 4}], [{8, 6}, {2, 7}, {3, 5}, {1, 4}], [{8, 6}, {2, 7}, {4, 5}, {1, 3}], [{8, 6}, {3, 7}, {1, 5}, {2, 4}], [{8, 6}, {3, 7}, {2, 5}, {1, 4}], [{8, 6}, {3, 7}, {4, 5}, {1, 2}], [{8, 6}, {4, 7}, {1, 5}, {2, 3}], [{8, 6}, {4, 7}, {2, 5}, {1, 3}], [{8, 6}, {4, 7}, {2, 5}, {3}, {1}], [{8, 6}, {4, 7}, {3, 5}, {1, 2}], [{8, 6}, {5, 7}, {1, 4}, {2, 3}], [{8, 6}, {5, 7}, {2, 4}, {1, 3}], [{8, 6}, {5, 7}, {3, 4}, {1, 2}], [{8, 6}, {7}, {3, 5}, {1, 4}, {2}], [{8, 7}, {1, 6}, {2, 5}, {3, 4}], [{8, 7}, {1, 6}, {3, 5}, {2, 4}], [{8, 7}, {1, 6}, {4, 5}, {2, 3}], [{8, 7}, {2, 6}, {1, 5}, {3, 4}], [{8, 7}, {2, 6}, {3, 5}, {1, 4}], [{8, 7}, {2, 6}, {3, 5}, {4}, {1}], [{8, 7}, {2, 6}, {4, 5}, {1, 3}], [{8, 7}, {3, 6}, {1, 5}, {2, 4}], [{8, 7}, {3, 6}, {2, 5}, {1, 4}], [{8, 7}, {3, 6}, {2, 5}, {4}, {1}], [{8, 7}, {3, 6}, {4, 5}, {1, 2}], [{8, 7}, {4, 6}, {1, 5}, {2, 3}], [{8, 7}, {4, 6}, {2, 5}, {1, 3}], [{8, 7}, {4, 6}, {3, 5}, {1, 2}], [{8, 7}, {5, 6}, {1, 4}, {2, 3}], [{8, 7}, {5, 6}, {1, 4}, {3}, {2}], [{8, 7}, {5, 6}, {2, 4}, {1, 3}], [{8, 7}, {5, 6}, {2, 4}, {3}, {1}], [{8, 7}, {5, 6}, {3, 4}, {1, 2}], [{8, 7}, {5, 6}, {3, 4}, {2}, {1}], [{8, 7}, {5, 6}, {4}, {1, 3}, {2}], [{8, 7}, {5, 6}, {4}, {2, 3}, {1}], [{8, 7}, {5, 6}, {4}, {3}, {1, 2}], [{8, 7}, {5, 6}, {4}, {3}, {2}, {1}], [{8}, {1, 7}, {2, 6}, {3, 5}, {4}], [{8}, {1, 7}, {4, 6}, {2, 5}, {3}], [{8}, {2, 7}, {3, 6}, {5}, {1, 4}], [{8}, {2, 7}, {4, 6}, {3, 5}, {1}], [{8}, {2, 7}, {6}, {4, 5}, {1, 3}], [{8}, {3, 7}, {5, 6}, {1, 4}, {2}], [{8}, {3, 7}, {5, 6}, {2, 4}, {1}], [{8}, {3, 7}, {5, 6}, {4}, {1, 2}], [{8}, {3, 7}, {5, 6}, {4}, {2}, {1}], [{8}, {4, 7}, {2, 6}, {3, 5}, {1}], [{8}, {5, 7}, {4, 6}, {1, 3}, {2}], [{8}, {5, 7}, {6}, {1, 4}, {2, 3}], [{8}, {6, 7}, {1, 5}, {3, 4}, {2}], [{8}, {6, 7}, {2, 5}, {1, 4}, {3}], [{8}, {6, 7}, {3, 5}, {2, 4}, {1}], [{8}, {6, 7}, {4, 5}, {3}, {1, 2}], [{8}, {7}, {2, 6}, {3, 5}, {1, 4}]]",2,12 K_1^3 - 6 K_1^2 - 12 K_1 K_2 - 3 K_1 + 3 K_2 + 3 K_3 + 4,O1O2O3O4U5U1O5U6U7O8O6U8U4U3O7U2,O1O2O3U4U3O5O4U6O7O6U2U1U8U7O8U5,O1O2O3U4O5U6U5U3U2O7O6U7O8O4U1U8,c,{'O1O2O3O4U3O5U2U1U6O7O6U5U7O8U4U8'},1,"<a href=""/flatknot/8.704495"">8.704495</a>",t^9-52t^7-78t^6+74t^5+112t^4-34t^3-28t^2+11t+2,t^2-2t,,
8.704496,O1O2O3O4U3O5U2U1U6O7O6U8U4O8U5U7,4,6z^3+47z^2+114z+89,6w^4z^3+47w^3z^2+114w^2z+89w,False,False,"[[ 0 -2 -2 -1  2  2  1  1 -1],[ 2  0  0  0  3  3  2  2  1],[ 2  0  0  0  2  2  2  2  1],[ 1  0  0  0  1  1  1  1  0],[-2 -3 -2 -1  0  0 -2  0 -2],[-2 -3 -2 -1  0  0 -2  0 -2],[-1 -2 -2 -1  2  2  0  1 -2],[-1 -2 -2 -1  0  0 -1  0 -1],[ 1 -1 -1  0  2  2  2  1  0]]","[[ 0  2  2  1  1 -1 -1 -2 -2],[-2  0  0  0 -2 -1 -2 -2 -3],[-2  0  0  0 -2 -1 -2 -2 -3],[-1  0  0  0 -1 -1 -1 -2 -2],[-1  2  2  1  0 -1 -2 -2 -2],[ 1  1  1  1  1  0  0  0  0],[ 1  2  2  1  2  0  0 -1 -1],[ 2  2  2  2  2  0  1  0  0],[ 2  3  3  2  2  0  1  0  0]]",True,"[-2,-2,-1,-1,1,1,2,2,0,0,2,1,2,2,3,0,2,1,2,2,3,1,1,1,2,2,1,2,2,2,0,0,0,1,1,0]","[-2,-2,-1,-1,1,1,2,2,0,-1,1,1,2,1,2,-1,1,1,2,1,2,1,0,1,1,1,1,1,1,1,0,0,0,1,1,0]",t^8+70t^6+113t^4+32t^2,"[-2,-2,-1,-1,1,1,2,2,0,0,1,1,1,1,1,0,1,1,1,2,2,0,0,1,1,1,1,1,2,2,-1,-1,-1,1,1,0]","[-2,-2,-1,-1,1,1,2,2,0,-1,1,1,2,1,2,-1,1,1,2,1,2,1,0,1,1,1,1,1,1,1,0,0,0,1,1,0]","[-2,-2,-1,-1,1,1,2,2,0,0,1,2,2,2,2,0,1,2,2,3,3,0,1,1,1,1,1,2,2,2,-1,0,0,2,2,0]",c,"[[{8, 7}, {3, 6}, {1, 5}, {2, 4}], [{8, 7}, {3, 6}, {2, 5}, {1, 4}]]",1,12 K_1^3 - 4 K_1^2 - 8 K_1 K_2 - 5 K_1 + 2 K_2 + K_3 + 3,O1O2O3O4U5U6O7U1U7O8O5U8U4U3O6U2,O1O2O3U4U3O5O6U5O7O4U2U1U8U6O8U7,O1O2O3U4O5U6U5U3U2O7O4U8O6O8U1U7,c,{'O1O2O3O4U3O5U2U1U6O7O6U8U4O8U5U7'},1,"<a href=""/flatknot/8.704496"">8.704496</a>",t^9-70t^7-196t^6-9t^5+172t^4-4t^3-4t^2+2t,0,,
8.704497,O1O2O3O4U3O5U2U1U6O7O6U8U4O8U7U5,4,6z^3+46z^2+113z+91,6w^4z^3+46w^3z^2+113w^2z+91w,False,False,"[[ 0 -2 -2 -1  2  3  1  0 -1],[ 2  0  0  0  3  3  2  1  1],[ 2  0  0  0  2  2  2  1  1],[ 1  0  0  0  1  1  1  1  0],[-2 -3 -2 -1  0  1 -2 -1 -2],[-3 -3 -2 -1 -1  0 -2 -1 -3],[-1 -2 -2 -1  2  2  0  0 -2],[ 0 -1 -1 -1  1  1  0  0  0],[ 1 -1 -1  0  2  3  2  0  0]]","[[ 0  3  2  1  0 -1 -1 -2 -2],[-3  0 -1 -2 -1 -1 -3 -2 -3],[-2  1  0 -2 -1 -1 -2 -2 -3],[-1  2  2  0  0 -1 -2 -2 -2],[ 0  1  1  0  0 -1  0 -1 -1],[ 1  1  1  1  1  0  0  0  0],[ 1  3  2  2  0  0  0 -1 -1],[ 2  2  2  2  1  0  1  0  0],[ 2  3  3  2  1  0  1  0  0]]",True,"[-3,-2,-1,0,1,1,2,2,1,2,1,1,3,2,3,2,1,1,2,2,3,0,1,2,2,2,1,0,1,1,0,0,0,1,1,0]","[-3,-2,-1,0,1,1,2,2,0,0,2,1,3,2,3,-1,1,1,2,1,2,1,0,1,1,1,1,0,1,1,0,0,0,1,1,0]",t^8+70t^6+139t^4+54t^2+1,"[-2,-2,-1,-1,0,1,2,3,0,0,1,1,1,1,2,0,1,1,1,2,3,0,1,0,1,1,0,1,2,3,1,1,2,-1,0,0]","[-3,-2,-1,0,1,1,2,2,0,0,2,1,3,2,3,-1,1,1,2,1,2,1,0,1,1,1,1,0,1,1,0,0,0,1,1,0]","[-2,-2,-1,-1,0,1,2,3,0,0,1,1,2,2,2,0,1,1,2,3,3,0,1,1,1,1,0,2,2,3,0,1,1,2,2,1]",c,"[[{8, 7}, {5, 6}, {1, 4}, {2, 3}], [{8, 7}, {5, 6}, {1, 4}, {3}, {2}]]",1,4 K_1^3 + 4 K_1^2 K_2 - 2 K_1^2 - 6 K_1 K_2 - 4 K_1 K_3 + K_2 + 2 K_3 + K_4 + 1,O1O2O3O4U5U6O7U1U7O8O6U8U4U3O5U2,O1O2O3U4U3O5O6U5O4O7U2U1U8U6O8U7,O1O2O3U4O5U6U5U3U2O4O7U8O6O8U1U7,c,{'O1O2O3O4U3O5U2U1U6O7O6U8U4O8U7U5'},1,"<a href=""/flatknot/8.704497"">8.704497</a>",t^9-66t^7-244t^6-170t^5+222t^4+186t^3+2t^2-13t-2,-t^3+t^2+t,,
8.704498,O1O2O3O4U3O5U2U1U6O7O6U8U5O8U4U7,4,6z^3+42z^2+109z+99,6w^4z^3+42w^3z^2+109w^2z+99w,False,False,"[[ 0 -2 -2 -1  2  2  1  1 -1],[ 2  0  0  0  4  2  2  2  1],[ 2  0  0  0  3  1  2  2  1],[ 1  0  0  0  1  0  1  1  1],[-2 -4 -3 -1  0  1 -2  1 -3],[-2 -2 -1  0 -1  0 -2 -1 -2],[-1 -2 -2 -1  2  2  0  1 -2],[-1 -2 -2 -1 -1  1 -1  0 -1],[ 1 -1 -1 -1  3  2  2  1  0]]","[[ 0  2  2  1  1 -1 -1 -2 -2],[-2  0  1  1 -2 -1 -3 -3 -4],[-2 -1  0 -1 -2  0 -2 -1 -2],[-1 -1  1  0 -1 -1 -1 -2 -2],[-1  2  2  1  0 -1 -2 -2 -2],[ 1  1  0  1  1  0  1  0  0],[ 1  3  2  1  2 -1  0 -1 -1],[ 2  3  1  2  2  0  1  0  0],[ 2  4  2  2  2  0  1  0  0]]",True,"[-2,-2,-1,-1,1,1,2,2,-1,-1,2,1,3,3,4,1,2,0,2,1,2,1,1,1,2,2,1,2,2,2,-1,0,0,1,1,0]","[-2,-2,-1,-1,1,1,2,2,-1,-1,0,1,3,2,3,-1,2,0,2,0,1,1,0,1,1,1,1,1,1,1,-1,0,0,1,1,0]",t^8+82t^6+240t^4+105t^2+1,"[-2,-2,-1,-1,1,1,2,2,0,0,1,1,1,0,2,0,1,1,1,1,3,1,0,1,0,1,1,1,2,3,-1,-1,-1,2,0,-1]","[-2,-2,-1,-1,1,1,2,2,-1,-1,0,1,3,2,3,-1,2,0,2,0,1,1,0,1,1,1,1,1,1,1,-1,0,0,1,1,0]","[-2,-2,-1,-1,1,1,2,2,0,0,1,2,2,1,3,0,1,2,2,2,4,1,1,1,0,1,1,2,2,3,-1,1,-1,2,2,-1]",c,"[[{8, 3}, {6, 7}, {2, 5}, {1, 4}], [{8, 3}, {6, 7}, {5}, {1, 4}, {2}], [{8, 6}, {3, 7}, {1, 5}, {2, 4}], [{8, 6}, {3, 7}, {2, 5}, {1, 4}], [{8, 7}, {3, 6}, {2, 5}, {1, 4}]]",1,- 12 K_1^2 - 8 K_1 K_2 + 4 K_1 + 6 K_2 + 4 K_3 + 7,O1O2O3O4U5U1O6U7U6O8O5U8U4U3O7U2,O1O2O3U4U3O5O6U5O7O4U2U1U8U7O8U6,O1O2O3U4O5U6U5U3U2O7O6U8O4O8U1U7,c,{'O1O2O3O4U3O5U2U1U6O7O6U8U5O8U4U7'},1,"<a href=""/flatknot/8.704498"">8.704498</a>",t^9-82t^7-316t^6-272t^5+126t^4+96t^3-8t^2-14t,0,,
8.704499,O1O2O3O4U3O5U2U1U6O7O6U8U5O8U7U4,4,4z^3+39z^2+112z+101,4w^4z^3+39w^3z^2+112w^2z+101w,False,False,"[[ 0 -2 -2 -1  3  2  1  0 -1],[ 2  0  0  0  4  2  2  1  1],[ 2  0  0  0  3  1  2  1  1],[ 1  0  0  0  1  0  1  0  1],[-3 -4 -3 -1  0  0 -2  0 -4],[-2 -2 -1  0  0  0 -2 -1 -2],[-1 -2 -2 -1  2  2  0  0 -2],[ 0 -1 -1  0  0  1  0  0  0],[ 1 -1 -1 -1  4  2  2  0  0]]","[[ 0  3  2  0 -1 -2 -2],[-3  0  0  0 -4 -3 -4],[-2  0  0 -1 -2 -1 -2],[ 0  0  1  0  0 -1 -1],[ 1  4  2  0  0 -1 -1],[ 2  3  1  1  1  0  0],[ 2  4  2  1  1  0  0]]",False,"[-3,-2,0,1,2,2,0,0,4,3,4,1,2,1,2,0,1,1,1,1,0]","[-3,-2,0,1,2,2,0,0,4,3,4,1,2,1,2,0,1,1,1,1,0]",t^6+55t^4+87t^2+9,"[-2,-2,-1,0,2,3,0,0,1,2,1,0,1,3,2,1,1,0,1,3,1]","[-3,-2,0,1,2,2,1,3,0,1,2,1,1,2,3,1,1,1,0,0,0]","[-2,-2,-1,0,2,3,0,1,1,1,3,1,1,2,4,0,2,4,1,0,0]",c,"[[{8, 1}, {4, 7}, {2, 6}, {3, 5}], [{8, 1}, {4, 7}, {3, 6}, {2, 5}], [{8, 4}, {1, 7}, {3, 6}, {2, 5}], [{8, 4}, {5, 7}, {3, 6}, {1, 2}], [{8, 7}, {3, 6}, {2, 5}, {1, 4}], [{8}, {4, 7}, {3, 6}, {2, 5}, {1}]]",1,4 K_1^3 + 4 K_1^2 K_2 - 8 K_1^2 - 10 K_1 K_2 - 2 K_1 K_3 + 2 K_1 - 2 K_2^2 + 3 K_2 + 4 K_3 + K_4 + 5,O1O2O3O4U1U5O6U7U6O8O5U8U4U3O7U2,O1O2O3U4U3O5O6U5O4O7U2U1U8U7O8U6,O1O2O3U4O5U6U5U3U2O6O7U8O4O8U1U7,c,{'O1O2O3O4U3O5U2U1U6O7O6U8U5O8U7U4'},1,"<a href=""/flatknot/8.704499"">8.704499</a>",t^7-51t^5-82t^4+82t^3+60t^2-8t-8,-t^3+t^2+t,,
8.704500,O1O2O3O4U3O5U2U1U6O7O6U8U7O8U5U4,3,30z^2+97z+75,-12w^4z^2+42w^3z^2+97w^2z+75w,False,False,"[[ 0 -2 -2 -1  3  2  1  0 -1],[ 2  0  0  0  4  2  2  0  2],[ 2  0  0  0  3  1  2  0  2],[ 1  0  0  0  1  0  1  0  1],[-3 -4 -3 -1  0  0 -2  0 -4],[-2 -2 -1  0  0  0 -1  0 -3],[-1 -2 -2 -1  2  1  0  0 -1],[ 0  0  0  0  0  0  0  0  0],[ 1 -2 -2 -1  4  3  1  0  0]]","[[ 0  3  2  1 -1 -1 -2 -2],[-3  0  0 -2 -1 -4 -3 -4],[-2  0  0 -1  0 -3 -1 -2],[-1  2  1  0 -1 -1 -2 -2],[ 1  1  0  1  0  1  0  0],[ 1  4  3  1 -1  0 -2 -2],[ 2  3  1  2  0  2  0  0],[ 2  4  2  2  0  2  0  0]]",False,"[-3,-2,-1,1,1,2,2,0,2,1,4,3,4,1,0,3,1,2,1,1,2,2,-1,0,0,2,2,0]","[-3,-2,-1,1,1,2,2,0,2,1,4,3,4,1,0,3,1,2,1,1,2,2,-1,0,0,2,2,0]",t^7+80t^5+120t^3+9t,"[-2,-2,-1,-1,1,2,3,0,-1,1,1,2,1,-1,1,1,3,2,1,1,0,0,1,3,3,0,0,1]","[-3,-2,-1,1,1,2,2,1,0,0,3,1,2,0,0,3,2,3,1,1,1,1,-1,-1,-1,1,1,0]","[-2,-2,-1,-1,1,2,3,0,0,2,2,1,3,0,2,2,2,4,1,1,0,1,1,3,4,1,2,0]",c,"[[{8, 5}, {2, 7}, {3, 6}, {1, 4}], [{8, 5}, {7}, {3, 6}, {1, 4}, {2}], [{8, 6}, {2, 7}, {3, 5}, {1, 4}], [{8, 6}, {7}, {3, 5}, {1, 4}, {2}]]",1,- 8 K_1^4 + 8 K_1^2 K_2 + 6 K_1^2 - 2 K_1 K_2 + K_1 - 2 K_2^2 - 3 K_2 + K_3,O1O2O3O4U1U5O6U7U6O8O7U8U4U3O5U2,O1O2O3U4U3O5O4U5O6O7U2U1U8U7O8U6,O1O2O3U4O5U6U5U3U2O6O4U7O8O7U1U8,c,{'O1O2O3O4U3O5U2U1U6O7O6U8U7O8U5U4'},1,"<a href=""/flatknot/8.704500"">8.704500</a>",t^8-76t^6-270t^5-37t^4+178t^3+52t^2,-t^3+t^2+t,,
